779684450
225884098
2429867373
1858038176
1023398898
46806623
1571645008
566951352
3912279114
1489638209
3390988248
3739552416
1749519589
335950878
3829943069
3100674631
1643222128
1907260349
2206725288
1468158453
2192003872
3523463314
3731675892
106253262
2163134915
403042415
2551176344
1972023985
725399558
3675461423
3216516710
905428730
1317486378
3301484470
2765003393
2352001808
3731884354
2845430772
2991881135
1093016983
3268779023
1850940323
180672689
3587212510
342796510
2634190793
4287364502
1965147797
3068881265
895778696
1614084908
3087886870
1107810491
986333868
4233803689
1995476138
3619292325
4178111731
951676713
1679928947
807515343
1831082714
3602252431
1485357547
2309284196
2152002863
1003941242
3197772771
84425654
633225524
