779684450
1844197935
2769707997
4102909589
2884255384
2296742712
357032343
3350977219
3016206921
920311634
669833933
2878512901
666880966
4011124285
757553832
1363198272
2970198898
3985728040
4015559584
4079980806
349560935
3305800103
1281163035
1280283533
1590653621
2119572558
2486064634
634708721
3860745493
4206053789
829436731
2967811782
166457812
1687169920
36377141
2959492261
877546309
3328032091
1405283608
1170012119
1879413116
4271529377
1650298068
3958788847
3437081313
3706692422
444552771
1241458825
4181554223
2988086987
3334387182
2586211508
1568523976
3272078766
1088825339
3195897796
2750309897
2499892508
2742798116
4171026499
951052627
982399663
1790850013
