1666582063
4078793601
1470645846
104024862
2543438174
2897716070
896458639
375480879
2226466486
993977777
2375836660
2743999852
1501867969
2166724482
1933651486
2097411009
3897127359
2883338738
1734803776
1358725621
2245624608
2147592902
1744559015
1904591208
3396386612
2363278171
2803443961
3823158517
1264703992
2667044369
1382576278
2066216313
3673955955
1951715104
1967523432
2184084016
1176086394
1964656301
2048768980
3411008265
3850009449
894332865
3702826479
3742836997
1250457926
2304708405
153043964
1485065908
501172465
2296716057
2798154113
4168789748
1812038479
1689384222
1060361117
618538069
1245285147
793281891
1780025742
1171393170
1106842663
