2846061031
507623329
3338443823
949428450
2839388834
2533902095
178922912
1862166691
1019138801
531722065
1091003878
1567647552
1241154374
2334377081
252431257
2357517664
2782462870
493641641
3488289403
4106582083
4063331601
3910977407
2708765186
4260150104
2039599566
973398403
2232700105
9892891
1620101420
3185416258
3797060227
85422225
4214594543
3305143874
1738490933
1259538435
3809395639
1619121486
880922610
544905866
4175996539
359516242
3084808789
458814969
3396654454
3281305917
3270942406
1078793450
741024650
3823710632
68370633
662611073
3607244216
1209975407
394326307
887952747
3578404034
2356661543
3822097793
1161294220
4185963503
4043364493
3673805337
3069589128
2635021340
4043364493
3673805337
3069589128
2635021340
2762865416
714744162
1778606794
2890807481
48687594
843692781
799251744
1763491192
2507253897
3391507016
3987437351
643554939
807781556
2588625590
1125722790
1885213194
788743082
2431924386
1235638450
216369997
1637765401
2902720324
4097715873
3044409825
2196603220
1111175068
362032621
2239708368
2441374120
2183699749
3715484805
3393900722
437153369
189448719
