2846061025
507623335
2212746504
3184930981
425919858
575500106
3018321162
384310971
1032597109
2212488097
3516881395
2450155966
756729076
4107086734
744429439
256944863
1777046378
384705953
3940636217
4263117633
1687186966
940093260
1252861369
1129132530
3590828940
3396383018
114028952
2581012047
1675472098
4041317817
387706072
2438435979
2921137092
1432781807
2779070275
3887482753
2611239054
3383431301
927173983
2681065620
1284651978
4227746510
3889507766
1266869693
717247230
2034248756
1621136549
3296114953
947564261
2675258409
3766897235
2043826469
1474818373
3294041594
303127251
762566196
247600423
2648439149
2250411957
856405431
736067292
1260409770
2213229711
284350661
3308184627
1324421205
559302899
3371696902
1208486717
758915835
4168196859
