2846061031
4285408562
2905513824
3056200081
406453727
72286073
3513515436
2466172385
1963244672
647807117
2183787866
2917642476
993603964
3562084573
1174117021
341874645
2076692339
1089054027
2988844008
2620677488
1715400669
3142057592
417741630
1581926225
501436210
108798973
1476619991
340914895
1658553614
194498493
1229649709
2502168199
1996223940
77697223
2245093968
883585992
535063734
186595790
1033431412
2811464702
4124258732
2790477670
1797466167
3843943251
1704475285
662559304
1734615284
2694088425
3623105477
2986883521
76322399
2307580843
502386192
525449035
2608445611
2012190513
3048819191
1272116538
4029123430
1158590820
157447782
2330812575
448995635
1066846931
4056989725
1940056762
4089964517
2420884140
3195953868
2522834957
102538540
678013524
1591991701
41622735
736270807
3098000312
720515923
370832555
4174672452
2677772662
4288523329
2289334007
2871865104
2682764408
3916286905
3767394290
880643776
3086129209
2700842035
2622280790
151410216
1542548945
3589037053
1402442377
881738975
1448232336
3772367927
2212848372
2317578080
100468119
3194953154
4242954092
1528715843
3854132444
2619098098
1793564358
1053285808
1143893656
611124277
328994074
2128750160
3579059214
329509137
4106541553
222875411
2915927485
171280530
4049271367
2704120524
4038341690
3781243653
