2846061026
4114329784
1754911255
1635370588
3116690898
3898597530
3122617032
2568021864
1374338714
2275137457
1608729151
1691166727
1711593871
3828309827
1611092131
2322079796
2178831704
2142628245
1369130151
2390265379
2916086079
565294327
3850685378
3644887829
4210551817
2850007628
4259295472
2398704684
4237119471
1124500712
2796709740
4197099062
128641400
3712046588
180772454
589910526
1375552900
3754133216
345693560
2655916535
3071528705
1189247773
3745033505
3865301558
1436854741
1955840660
3586064663
1012237161
1922563349
822267224
112778285
2376421636
438890505
4089606775
2308344248
1533719276
2131583256
3896718880
1079945383
3157592940
2891556293
854671703
2776424538
2587306824
3398676730
2514062669
2474844318
3840120242
822650472
358223349
2357255113
1072597716
2825071577
1958092141
1967763779
1175578151
3530214300
1796478363
4237931670
2119274566
280379144
2384386970
3330814732
1636280768
