2846061030
4114329788
1754911251
1635370584
859405322
1654812994
3122617036
4046286507
970405721
1333966549
836397410
1304294026
3382050154
1270774694
3514329618
3343107410
3994950564
4282237340
665845101
1681575200
1766546211
3714696654
3090100804
2899601212
4081026315
2828975924
1908384003
4086573007
2620620649
839377856
2548345334
4204753826
1230506049
3664001306
1906571025
971462820
2101388370
3423782031
2553448441
3383331505
2846865286
3483752903
2611331963
2237841450
1969949472
1264512653
1546760762
2143969748
2934325595
2277220269
394831936
3917805317
3751040957
275391134
3487806344
3675842288
2677063784
2337101169
258300561
3213684631
1166433594
3322497987
177661252
1672533370
1020757360
4218997769
2413992305
588408563
3912924219
1914889206
2745873485
4281496855
3149550479
1179134572
2916510223
1744872883
4249495501
366819638
1352592073
429307707
3602107593
3214277879
1814508823
1037318355
1655924953
617275984
2498973752
522341109
883506583
2619826268
2404504543
3116294346
1491012245
54009330
680336793
1947589827
325838218
3428353400
1380685040
153632418
1639399220
1764814692
4217726863
2372515307
2244766507
2477945316
74307900
264032577
2823085166
639714982
99277597
3634858611
2277563001
2900265163
3919403828
3138150427
