2846061029
4114329791
1754911248
1635370587
3116690901
3898597533
547731823
1556226695
580582704
26558608
1406532290
2914928143
697715183
1030560919
703068305
2646959740
869626418
799174804
3515802260
3540945426
1653645018
3080665384
2425533727
3677137360
3255400301
1995544880
1375474951
4248054349
2743214330
1556402792
733888212
3127552897
27252189
1206276439
669019232
1342813910
3490445626
2476657015
1259140486
2864435420
1186949534
197587344
4196781583
3219603452
1007992420
3151215386
2495564362
1004165329
2742937620
1904333632
3630529943
4066643336
718874118
14177817
2758632398
4159511812
4121255278
82256216
376574590
4235749820
207079061
3344964225
1958174266
399934441
2270146117
3391158929
3574901372
227051983
1087660042
2230565481
2926129339
3511502122
1599107846
1605910118
4052575131
3849729763
182614046
3119971070
3096749317
2380586624
2010192803
4054504151
1512704461
112380055
2157461561
3790124966
3487373254
1105450146
2378608953
102319455
1116824519
14701740
3172878876
1754350180
1798056811
3903012242
1854518588
2495377439
19079260
2186597454
1565522153
2612223861
1932677247
3986339053
3835463324
2050253326
502862832
114179657
2844448564
924988326
284462202
1282166048
3689016365
2830149118
152436024
2871076047
3537026926
3278091447
4230587338
3577899485
1263630421
