2846061030
4114329788
1754911251
1635370584
859405322
1654812994
3122617036
3329802532
243439830
3212324829
2884815835
2298312315
653091381
983195795
760579758
1858123491
3520076713
1414701947
2351576821
1365731227
828463788
455610316
2757501828
1236491066
638845852
854546148
3370509385
1815333349
1922168549
2126060430
2889766492
3280971210
2347178167
1956768293
2393593992
2373745158
3269320712
1400332872
125270260
1262311564
3339745794
911345204
3883804347
693705859
2754355690
2764336266
19343036
3276547208
805462218
3930261205
1852508469
3939661476
2697703355
2593036566
1370359837
1450938777
706771584
2165407
3064308993
1500943429
3232753836
1875573303
1203686055
3250914259
3448201885
97630413
291862226
4010723871
1425781827
780390117
2093184183
1485954858
3288833702
1672111034
3967297770
2433095723
109820198
4117470432
71180095
2795165273
317409806
3483769696
1845707686
1722195302
3338913184
3483769696
1845707686
3232469749
107589014
2502725625
3925568700
2001963054
2248543217
3198967458
1258157225
2448287294
1622697441
1746778913
3962942657
4090317170
1203557669
3976349489
483735381
2073744487
1792964657
3837212171
3162005646
3034431054
1166556561
4013338501
1194568634
1451401315
1790232414
1116123389
171608418
1883435972
514153610
1775287694
3858953950
1625761065
2737670861
3468031726
1251866894
152122656
3890164687
761090632
609993013
729093154
3170415919
1312456984
4202684594
