2846061027
664646279
3228025830
2213737387
659015292
71859164
3434226222
1933175081
4021266597
2274341116
3778316617
1762875154
4105254333
642584297
651630560
792134571
3976047695
3680906490
625264516
316622641
1118316474
814996815
514227503
2565473660
585602581
972793575
993154927
3584150042
395474575
2552522084
3866933971
3856610873
3541187884
3173032898
1677835765
2816896708
3244676724
1988562994
720956173
223434981
2306430725
2781047446
1743836675
1877240329
496245084
3622239487
1905586681
4155602425
3450149992
1120298687
657156726
2762243215
3210545751
1500352499
1700522190
2531484441
2302202752
4057791885
4240028191
438550058
809292110
1757829460
1220627071
4077489140
996805048
2795713324
224722215
2397826014
3286466192
1565235714
539033327
3858116947
638545003
3097987321
1898754613
903404628
884638639
1925375042
314890613
3789512357
572916637
2004043390
1994038154
1646382834
3654594734
1765606824
154876063
2234480281
3667944536
617339029
1859256714
2103200892
432169753
3077222986
1670554513
2424906817
2045303681
2012499350
2041256860
1573681454
1822761441
1531711141
25370562
2950718977
855642341
2025720874
2883512982
980707542
320158599
133066495
2798583198
