2846061025
664646277
4280326411
2931528771
4244319761
4112202330
1038181288
1798059901
359983306
2533097011
190422172
1692701878
3771505494
514271131
2549176615
1098919948
523647675
1423819824
4012423788
4083136714
1565502596
3192802727
735671547
2238817704
2221108448
2393188766
3645660122
1600603109
705021866
4186081585
511244368
3701587823
1719606796
3761464927
3181169435
3638489245
5033068
2894229816
1612570559
997309161
1238642716
2472709271
1671508027
785950773
1098903699
2991957321
571887720
2966016394
4290412710
1177121426
3615279504
293629452
485619727
3708486012
3722641392
