2846061031
2326580295
386838248
518961827
3327365421
2546506853
3380516562
4065393898
1677360810
1063436272
3572637516
2540121857
678920779
2918529689
3966550881
280499797
1123593223
4112149057
763909808
2168482298
4177316217
1992428061
3506302291
1978801890
2749247640
683916721
3198085484
3742189057
1394610882
1690014327
3400238649
3604776095
2120699626
1657880953
2151612841
617800495
3663346969
1363652656
908090908
1636785261
1947039919
3668290044
1644781131
417687422
2895444777
3094326865
3608994019
1289212125
3196609478
2444532621
670132377
2715447462
1540407819
1916784019
237884060
3576478831
521235460
1138592692
2651194208
815217472
413089701
2719614062
435124786
