2846061034
2326580298
386838245
518961838
1286471932
490016180
3314034234
3119496658
1897260064
3308747469
3144656250
3891749920
1856051868
1375777302
3420049151
2384150284
4183937968
430867088
3074292974
316274895
3137320091
2919555555
1020251475
384447582
1629574389
573164097
2352602639
1535821641
3376540665
3117459499
1039706059
3908501561
2822241776
3459674715
1349981511
2921113994
999002326
1569333117
2483589867
380460363
3189151550
3780946569
111598568
2162860987
390494918
857002331
2715811307
4066345761
2780229989
186523702
515701225
1426253094
907625639
4119245559
457749528
121616062
261777534
3527152963
63964702
355098781
584897976
1768081783
2438173494
804564393
3963486797
1631090617
3405756850
1171419970
2384425063
3589286176
707377689
1034691656
