2846061028
4164451500
2860041982
3924686515
236423122
756562546
2309820325
908510370
2987313986
3162486606
1954934460
149058900
3499811034
1388604402
3930208505
4290380756
2069367047
3898882140
1182018578
392985184
814153238
119373475
2391205389
1922214721
1142258683
2466703778
1249595272
1842543712
3362773329
1564738943
3251782899
2454862393
3003979227
4019573889
3248518369
470157788
1274911949
1718603341
2797345927
767010826
2410948534
555546341
3891411947
855481369
630374574
2495686686
22968413
2833355224
2388219022
4202236215
2050653668
81809724
