2846061030
4164451502
2860041980
2744701623
1044033560
2079867371
1869784557
747592454
2191478600
2710631144
1181385609
452084435
1164734879
1404265705
2332970855
2047878342
614870641
529024073
3614580155
1173413411
2672190120
2344433616
3954903783
4226082090
3962241815
2028957084
1149400867
147347291
3194617558
302934477
2692774137
2622328709
1355948290
2298859128
3217605997
2624630002
2175648100
342919520
1081119708
2060249501
666178792
67992951
2109090883
1206517321
1426981869
1556405764
3220931768
3975721493
