2846061028
4164451500
2860041982
2744701621
1044033562
3806044454
979798696
426325768
3078169414
961011746
4055742928
1915924265
2856991399
1411483242
3624707300
1369930463
2301969966
2504148104
1665455011
1071688298
482557844
4194896120
1001858296
2121651467
3661788105
3792973454
1715216750
1289464980
2871123445
762160550
304558825
2642855989
73381084
1227939848
3154077355
946892882
2531462700
3778758274
1404393398
1217326777
2215723070
4084331794
2809718465
2231290501
623190415
2540205855
896268451
702412592
1136636331
2022824851
462260039
4218381886
3361302247
1610602210
3053788364
1754706284
370143585
1827827028
2704426243
905325448
1515287342
1196483006
3803425672
3115122731
3409282571
1704810328
784010955
547854556
898475174
1989716937
2824492248
3570650253
498339304
4087524760
675819070
2881960135
4043844000
4250753896
2843547678
967939254
3203915883
1031337618
1932327849
765875125
2233309632
659625676
645710831
