2846061025
4164451497
2860041979
3924686518
236423127
756562551
2309820320
3660936109
1201082626
2506828374
3603046965
1492967761
3451282223
1312388566
1611453878
1202192240
3182251485
3524281847
2775642331
1588565827
1550214859
1940398973
3783028708
3002863918
73308011
2868266552
3195839038
3471122877
1964007393
754587975
1629118146
2270315097
2252376849
1194769006
2397997879
2061017318
1894650037
636739916
1542228152
904081364
2748540964
3557499018
3148642348
1375876057
745365449
2708154941
477706393
913852550
1534743389
2831341706
808186217
1933688994
360945347
2788746875
1753148597
