2846061025
4164451497
1704599046
1819937357
1044033567
1654812997
3122617035
3329802531
243439825
3212324826
1728100948
2330968810
247975178
1297284423
3246383049
3799016041
2188795742
4095991506
3135348910
506957058
2703695944
2029047602
1370296772
2180515684
3656945129
2100207685
690928377
1844807774
2080385715
2211569406
567431490
3238898635
2500702583
4233510463
4183393397
1188188018
315774414
1828910232
3917454862
363547450
46405517
2691166415
2118368257
146415675
2559121366
2293958257
549685758
876141702
921775374
23768507
3217661015
2187856928
430435223
436496253
176494776
1101199964
2512506361
