1448906269
130515797
2590368250
2475029937
3250933731
2640154297
1172350263
965164767
4051527469
2029589228
1819539178
3998773286
3527158270
68410726
31948573
3055407753
2486044976
3619371389
2041261363
2015236619
3590209083
117572975
1152060684
261699947
2597567253
3009747154
2424845309
2527015479
4101638204
1274135355
3022540802
2509271490
2166003140
2600297998
517302766
359521751
2934219723
1987608696
377404751
42330167
832689448
2751324430
4160617394
2101723976
790694080
1040372472
3348022298
3821413571
633537373
1828334885
4072360505
2705011955
2479158123
3079410610
1619616928
1747761760
4134395260
1187788717
4013375940
197935701
2514441181
2646179915
790049965
560351393
963104773
765232509
1609140919
1329529968
1903544725
1703845101
3907889717
933322552
371245961
2972670277
887941820
2481156208
74371453
2974280575
869057407
2909022189
3846644752
3742955034
4271467179
220324220
1569028814
3274546780
3685352979
1157816961
470968351
2885004305
1844480911
2084667478
2949774292
716410992
2299724411
2560756130
990026665
