2846061024
4164451496
532811209
2073444554
3743642909
4230793405
1879153790
595714740
3629689746
100587183
966430583
3030186627
1803224422
3559815879
933938621
2816585747
910897747
1068181016
1614091604
1145905610
3227856426
2125879598
754377596
1351710868
2043455074
3126022194
1371795598
3997711241
90739587
3029476488
3768268635
3600058781
2599964319
3463574061
2029346227
4254545431
2960716961
3047218503
3571608068
1466793213
2702853615
4069264792
201642926
477417976
3467958693
1176027374
2442315509
854012009
2311117773
727978667
3376602292
1474967590
4020817992
