2846061034
4164451490
532811203
2073444544
701954706
182011698
2764657532
3099480538
1838895887
1286355022
3194207981
2673137068
1838895887
1286355022
3194207981
153145618
3621924355
3757478409
2795113081
4246101043
1503881700
1653408732
4079452572
1742991127
1283973081
4138487500
1595596308
211460318
513682622
2476235082
152187933
15867990
3078743737
3317308492
875693402
2994633993
634561652
1474911873
65031506
3729141871
93340521
2381483111
2088408433
1565392432
155512291
499103899
3556356693
1453054449
3535001105
1590531033
2255534167
3672668429
2924239400
687968400
3030643263
2000421999
1325648179
2434102635
719326007
2944557203
1006193960
2573042766
1933592537
4040998515
22325093
1994779704
2364497557
2673245287
4283449680
2293865446
3214896515
3276440362
308716453
3274709034
417753900
2314481282
1804288908
4225996875
1773539488
3929605721
2184024847
306530504
2148581411
3886145158
1549952179
1542689309
3859647661
2699160730
1663137855
2972476438
1397950744
311388956
341506003
3981639734
254569784
1543777149
2952827455
2231583042
3534597983
3216286614
3110158169
1104178746
4065557518
102058136
3319127101
4237206314
3535471434
42874696
1981047344
3614449075
2974847331
3993878723
4228467875
1567437600
1932225697
640356956
2980492113
1172342727
1564346168
4177606935
1066519570
4208785114
1280858436
2751851777
974584969
3965450143
1524586497
3382344302
3478120097
419622327
3885080730
1944736023
3885071532
4076610142
3158203426
2831485274
3659865161
4084777663
1693803442
2159922900
4066237383
942999368
2890803955
1208387477
988189318
3735961568
2890803955
214655069
2561691110
942999368
2890803955
214655069
2661214390
2035477046
3011459141
58297164
2969635703
2387287050
