2846061029
3796406126
2953327932
4087154033
1569526079
2122493087
1778927769
999507409
3697882288
3958551557
1330086354
1878663593
1104118217
1851003018
2127857024
3244248711
1485189742
2800586403
2158798854
2825914028
2824697220
2117064588
2126915840
4042844772
1632790564
1236025781
2436791620
2142101553
2242335388
1125719173
1393680323
3989045901
673001780
3916103755
3344867371
3550868819
3529135184
2096268547
2111851595
3544600214
3116390266
965330023
947283300
1244397671
2258059477
2722825473
1861240243
14037587
2841682571
1475338801
2404567487
3112598917
1564010922
1649723207
3651254555
60543624
2726646602
3058561709
3720009314
3772808899
4190478462
3552890977
1823538217
1425422697
3504223881
81832380
