2846061030
3796406125
2953327935
2466744479
245754416
315811990
3166895320
2115746791
1787912161
422773062
800379388
3221202002
3988725248
3156480840
1687763142
1836657805
4104147044
2803904174
1876588380
1425284452
2962415820
2642477721
1631705454
3805204375
2608176803
1188291486
287864463
2620261243
403049627
2226013621
1280580679
1747724505
4186352281
4202346322
801389011
343409542
1007432470
1958147935
3489907336
1787230531
2175160649
3711864851
3077241742
839421994
3597561218
671469903
3213389890
287351057
4141535344
1888921635
3879367006
4034478068
1852452476
3079270001
1710275003
3952736129
306929041
2536060469
968509515
2746832731
2768847498
1235184912
3725773853
1647445575
3334687966
90726211
3388469700
319277541
3194118306
1107525505
3396322691
1179394655
3519120210
4254982161
4084208195
2214982471
3462257508
2432731844
1372988428
721080455
2625535769
852930122
3648898998
3909470351
4211164399
1311276781
2760163002
2961173442
67049168
