2846061032
3796406115
2953327921
4087154044
1569526066
2122493074
2574835187
2232409941
565897858
1881270218
1578387370
578018370
2093340405
3799281096
2624259132
675912401
2892076337
1632129537
4041396289
2735393713
187467749
1300298634
237630441
1255153637
4146987349
3673733831
2893204742
4041870428
2672645370
275468322
294973729
1425631927
173141257
3140154513
2376934443
3124143262
2714751558
4115033844
4023312405
156560416
1428887327
2444878620
2188187965
3217814033
710189650
2913634670
2977475164
2263034601
1279983892
1519653986
4286013012
4166251959
830386302
2510855634
1333089451
3438953042
106064303
271348576
2895853827
3898791183
2421722254
332896887
1100423205
1701252737
4075466636
1902492021
3238909600
1708915468
2623008238
2978043516
3948681569
3484170181
692810144
3990455715
1532832317
4287301521
51296157
406428196
2410953513
214159163
1557917045
2428138429
3713380619
1021482065
1263740905
3230454671
2566337306
210551447
1097007137
71792858
2479544791
3893546282
1236768236
2271933339
319938080
1888737605
2761325592
3786540259
3066366226
3290577758
2286877788
197257893
1800218378
2272064104
4043801468
3858552324
2920753295
