2846061030
3796406125
2953327935
4087154034
1569526076
2122493084
1778927770
999507410
962245722
41213538
3670668780
3981604185
1556898193
3813124758
2202113953
3503942572
718493953
561646827
3330309514
127582751
2519744607
1247721973
3754027446
4286335437
3958812107
4289041021
539736475
4288760237
95156992
213681021
172523055
2127287460
3824997891
53708579
2331761790
2772725750
3403888464
2573420954
636767767
25983625
869528649
1766249028
2471256297
3588234374
2890874044
4122591292
477571881
760741068
3202894224
2853379304
4163001384
1596835556
2803670181
4059150652
2968647513
3781884433
4195196533
2794807087
2101554217
4233833199
