2846061027
3796406120
2953327930
4087154039
1569526073
2122493081
2574835192
2232409950
565897865
1881270209
1578387361
3492447429
3538122061
3922534261
2020056373
2807365063
1287937403
2580281993
2369855119
3809044453
3582900063
98679085
3901088963
2617658952
9441220
1051060841
3831952877
3085339431
3388596947
4267860582
2274409403
691563240
1107346519
3313036793
3476992955
1375851423
3593067647
3111058544
1530909598
4230717669
1636418122
3176791147
3714040156
1000282018
305321700
3822003327
2484729424
588045589
4229351964
429092578
2102533409
4275899352
2151852396
1707543954
4032323025
74348032
1164851301
3456970217
3450881254
2632324849
3003735944
3247901967
2868676177
1438282947
974990437
2880941605
3366712049
104107149
2629755354
1191151557
2321557826
1862149921
3475360811
3446488103
604816359
2068943431
2942086475
4026662123
1685770576
2712411884
3609618733
867723086
1651967722
2248513690
294140311
3398970112
1561692685
2248513690
294140311
3398970112
1561692685
1965555118
1443129424
178039050
1049927618
3172698427
1788641953
2120734681
1927530989
3589034785
3413654809
1482805587
3443640837
1582835279
3152856523
2349197967
1555722684
2602847756
235165018
2635970832
4026923973
1589507147
2610282350
892186848
1751568240
521225670
570513248
2536009058
2118750882
3981475560
2819861783
731692014
2737614021
1592048335
3072225505
810785609
1050146989
2390642091
2066282895
3693568835
1225226261
2513913396
3474478931
3023348696
599327445
2328454020
744532846
