2846061028
3796406127
95616526
1177013827
3801283476
3248309812
2480798822
501432066
869703522
1649250858
3428681316
1943424355
761284564
374222316
832874906
1070978454
2927581142
4131005476
3587641099
3796668350
3312013364
3081958382
1545753426
1438795545
1068945527
3157902990
940689774
3329914275
3014152154
1708730097
608231177
829731210
399275228
3913495654
4190260131
3269517342
3541385971
1527325567
77008947
365971138
168556123
3935355802
1478415022
3080730108
3436229676
1477761703
1246465590
2412336579
3791702620
1602581354
2290091128
1936933702
2392917239
4275078451
2440551829
3383429612
1474981616
3948195816
278562502
2539488184
3832397452
1032748673
2423149233
2293289994
620443546
835672345
1734821395
1918052496
1126728316
1630860711
4237727496
778742876
1841538111
1459525950
1606621220
2823447785
516868983
