1670292370
677731609
2049304395
967890694
3729434215
4249164743
1508912656
141239128
2793092886
3121362352
1864972133
592013331
459015126
3442305789
4166135339
3279701011
1238950889
3037476573
667359853
2528904181
2688275279
733008436
2182036401
2900411439
89543927
2206026952
667449631
2639086292
1732767865
2569817268
4136309778
2853426504
4166217498
1459338825
1006216594
3341643942
1519325705
2289248605
3420070206
116647438
3159542258
1760717964
1760717962
3418541459
324071778
1819575539
2790872711
2311212177
1139777253
741479999
4044143848
3523412296
1777762068
583289715
2953799619
2767467195
2155302997
280115711
49114478
3194700822
3081587074
1793071340
4205877511
3644241219
1833380116
917670391
1269942134
1973854660
2992417927
979888941
2855758534
2972720183
827209729
3986556448
1466385890
3646523014
1831344849
3809925557
2198922370
3725937303
438474717
2300487302
3926063698
1844901994
3649528893
1855082360
1577618106
1871445052
3690618987
2271387953
3243390010
3805550718
3423270064
1888280008
2448948170
1553354042
2906733918
1612745646
1945943189
1868661724
2662790072
573627072
2005767452
1658098624
727125726
1855323949
2703693503
239207460
8808384
3718665459
1461611529
2248845520
2295253812
3254248780
1263525302
2589661551
2493479563
3718665459
1461611529
2248845520
