2846061025
2170378352
635989415
738753004
3181575084
3963221732
1906021451
1385441771
13931449
1548505827
2229169682
4172936698
2317123343
1005518822
3891295524
1443545647
3525496271
1148938208
3534087792
410998796
3798239577
2857067215
73102977
2631009455
1347267112
3563707534
2446386077
1624548786
2362449136
2830248663
2450139924
3620264679
376895207
3698254275
1360780458
1298980364
2113280974
4220375738
1293973891
1659780149
567081921
193310369
3173516696
516591299
806642189
2042809495
3820246674
2171099101
3294639381
2310870363
2000014189
1674485269
2928312228
174333080
778359772
436163433
3883371871
2242612240
2726325278
25656352
4106894445
1325950857
3360009521
3274618855
1194662356
3773433073
2538227610
1983987991
1588053694
1060399571
1351823733
726512385
1851962553
2450497864
3799591849
2413909898
3119642418
