2846061034
2170378363
635989420
738752999
3181575079
3963221743
3344811553
2613380987
107439572
2046885436
3065757326
4084813693
2704930095
3959705247
1747730815
4147162792
3731714142
3837777879
1797656310
41779646
3633620462
1592749210
2256359531
2850441853
865128568
278883800
3125902000
2930388936
3535286471
1302650640
3754784363
1290880816
1635212239
2097174889
4046261674
875559283
2953311891
2474760919
4230382193
1158121908
3202269330
1227629891
4287777229
4237546752
1046269020
2298366489
3071642705
4263367075
3175028311
2922983592
3978032988
4263367075
4235054481
2127972285
4210968669
3464210424
3933956284
1319978256
241675069
244311645
374433442
2044761396
1718583063
1807144010
2804513485
2467118912
2506604381
3565784481
3127780079
4219473939
2506604381
3565784481
3127780079
3924712485
2851579545
3893990501
2264808235
3339717079
2851579545
3893990501
2264808235
3339717079
2851579545
228829046
2244943220
3290509192
2865135814
3945312826
2244943220
3290509192
2865135814
3945312826
2244943220
2844596537
2014877192
972465396
1460734906
385825094
2014877192
972465396
1460734906
385825094
2014877192
1022163049
3483278929
1035008074
2952768735
3994132003
2163618157
3033691360
1322829389
4160933431
1783470754
3303361521
3206433474
1986506377
3826013606
762687981
1593416960
