2846061024
2170378353
1507881983
142311095
3229689669
4222569853
601348339
14181715
34706651
2435687808
210749231
410292823
1244932101
1447242403
2396067410
736028131
1298521174
3664720865
2793221358
4209372596
2598621315
1480234940
205163776
98212171
3970401293
3849148900
3767829904
662690717
2170524068
238873459
2736454987
645437167
3023553146
2648231394
435208706
3910573585
3043583278
4178821686
1981178941
1025641349
3299745127
3422249261
2757507467
3392841891
3275053050
2678953632
2989197919
3696040823
4111517057
2452868215
