2846061029
2170378356
1507881978
2810957623
908152183
135571674
1453498989
355963424
2291527823
1516882907
2530380649
580050200
3187973268
4176018595
2656290070
3268084812
2601801095
3883126383
2241262692
2660336277
4041587992
1092553235
2480323418
3637980910
451187323
197609539
1330605787
2486073875
469512515
1356583847
3572751431
227279891
4242114508
3894596276
2592561217
3372689035
1552949207
2970972670
3010365828
180818735
1914851585
2944674876
4169120045
3504964266
924054475
659299334
3283754616
3870568859
2057053904
4040408652
1451379897
1488749255
1354674059
3395796204
