2846061030
2170378359
1507881977
2810957620
975809947
68962358
2511784566
2929238094
4242020892
3755452348
1543481436
4277165037
4231637605
2694933311
2315040201
2634539185
427461159
2459600392
1193543817
1467737924
2187257233
291689674
1171278411
1825140787
2335375698
979460495
332177609
1970772348
1730727405
616431008
2611826922
458132648
3220945279
2288007626
409068078
3014576878
4251759762
3405198375
3837957191
1794922275
350437079
4184232190
2573233609
4101595392
1682593517
1561405946
3271702642
1741952478
3937870598
1686757474
3648519890
70954940
2722669242
1268916420
3728568455
1849410446
792432107
275880598
1467691557
4034177257
1140308701
3358084795
1615905076
2070640699
348922013
2716146335
1601591218
