2846061026
2170378355
1235681665
406588617
3225721159
3813352679
1005981545
14181713
1625184358
3318852567
1241287001
4155458701
2746179121
2857323130
1853502799
3603917168
1530629587
3069817060
221907665
290261111
4156392892
1173410604
928189427
3666949828
1013037839
333318279
1100919509
2255875288
1981662605
1039547142
3674650317
2275309463
1634663004
1039547142
3674650317
2615068470
1674656175
1823116424
3459196195
1658951799
1142513187
1688868976
2209844897
455121671
2314524574
2927983841
1717013707
596999480
1330372837
3013555665
3664554939
1508097346
3189361699
945140848
2952359181
185896843
1689507629
4201984003
1974606514
3272393519
3481853211
3956962950
1987580969
752901080
2534745476
3415074014
2701917490
844029789
1669447417
2025231168
2737592523
4235266411
1416413919
187798399
