2846061031
2170378358
1235681668
406588620
3225721154
3813352674
1005981548
14181716
787925094
3120310225
2131946207
596257669
3206310409
740318034
1132921844
3867734085
2665128965
2192418467
109422915
1158715662
150952888
1063574285
2592575803
1567412022
3576153773
4120536790
147255557
3004087613
2790385867
763425286
3397026663
4162320117
3511298051
2548454508
2502927844
2178216092
1066314574
2246648215
435302889
622491153
831558167
1727745005
626148238
1732328268
4060854578
3321540637
3900484834
4020707076
1804538084
1908311247
221799998
855827620
1575308266
264443483
2070361470
4133568650
1759894365
524129267
1538881261
3073333623
317799104
2176063663
3774263276
1313775714
3687968801
3440305495
2110568945
3547641471
2350114420
2801665656
1638249476
485820512
740781167
1366806539
171833985
2214803941
2114554696
392734570
3525326587
1097143444
