2846061024
2170378353
1235681667
406588619
3225721157
3813352677
1005981547
14181715
1625184356
3318852565
1241287003
4155458703
2746179123
2857323128
1071476155
723925187
2429765279
3544610514
1515623743
3146030041
2763032022
203415047
2940520460
1756701357
3152705783
903134099
2613358557
1524502600
3946841216
545763625
3666674564
3794228951
98379702
2908031029
856977193
2646392442
3257044278
837315681
538824332
2537975369
3389315312
69460680
2304171937
2743921485
1423958101
894193464
657238469
1874428739
3892119063
3007722325
3382669169
2585727419
76882145
503943587
3230141302
3866291622
2195315951
4030656163
