2846061030
2170378359
1235681669
406588621
3225721155
3813352675
1005981549
2831826486
896031897
239482529
1849691030
3411015719
1197660841
2072681809
3071620054
3967374976
3191467218
3084515481
3822707237
4146247517
857196648
1871644978
4009751461
3982262095
3789054331
4052192950
1974436182
909816091
888357011
57196582
2687751725
3058552034
227440343
2243244413
511366858
2420381102
1045692896
1307991879
2071039997
2002346646
3804972373
411187142
2202914929
3887668042
2005544103
2596155053
851878178
3170394694
1526862631
2591969124
1036939645
2014085262
