2846061027
2170378354
1235681664
406588616
3225721158
3813352678
1005981544
789404176
2997827775
2306953863
2336793359
776425662
6946188
2539852347
1368252213
219487855
3941560078
1421648602
3240358553
2193015508
3283520689
2452455929
758983859
4109026249
2796190107
2560597046
2367535348
1952689255
2901512342
2166827780
2354494727
1270735626
4038507337
3341630460
3141477619
2094299902
141580763
557833268
820697867
1121001982
2442054304
3099676495
588163320
3827889098
1755076162
2532829839
316663151
1686791395
3749649087
2295339214
3016841227
498774678
887581792
3337919102
2453076862
2376541095
3645796166
2363408245
655978878
3964524104
1200232515
207742664
2812684483
3964524104
4173804110
198719574
995571631
290538383
2460012611
963059272
1168484177
3999426906
2460012611
963059272
1499538303
1246894567
2639752949
3785969912
1982132725
1545766357
3423711800
2788372754
1763068640
3517126367
1177466834
4003523097
2234268799
3448025004
2806159629
186977814
2334592532
3744142166
3232037237
4095809232
4268802967
1057687533
1544984601
1450332539
1061034952
3618642651
3359633656
2625947066
1676719473
3894521788
2896513698
2415490776
4026485743
1201672585
1520495555
343082455
2421885495
3285008960
2099326345
116996468
291296540
1417194983
3720238589
3614969987
696692540
3050154957
3937074114
1401679879
707830067
402705138
3474343331
1285116762
2947474343
1482425974
2262670499
