2846061035
2170378362
1235681672
406588608
3225721166
3813352686
1005981536
2831826491
1328566106
1397181948
1368308852
3330560963
1511133775
3559706923
1476494824
1664085968
3443522462
2084889094
2216020322
3347118383
1637921558
3794773487
990821336
2681771636
1667049080
3501009690
1278962326
1702162297
1447918169
4081224168
2632307022
265936917
74421625
600096703
3759018075
4259318832
2043151312
1351059007
336568487
1656480933
2633915288
3423785954
1502446497
4137228420
408362603
2629347838
2064133808
618279026
1380992947
1412760809
546383820
3622734968
1774774011
273634937
2800431537
2936743418
1103438613
306535903
1326326351
798331492
4205333561
3154391126
1507759803
3636891773
439967874
2927179507
1045562021
3185382492
3737564637
3193767414
779497888
2918786905
2177134750
612962057
3393955889
161275456
2377437600
1214389788
47254725
1000225010
573615390
3789213283
1182217087
204178045
3059900057
4069901449
1231076053
3474682785
1968353093
2041362222
541390095
2996532461
2583643171
186697153
2790137686
3297910297
4025888471
1201001844
3537852170
1178621818
421988221
2810198498
2484416214
2930332823
2244830297
387114427
1014420853
2930332823
2244830297
387114427
1014420853
1568866637
3890986679
348253037
1300967790
3746869388
2250140303
348253037
1300967790
3746869388
2250140303
2329965284
2549557559
4165607709
2401932337
1814787346
1899769537
778141537
2856939649
3100901377
2607137554
358285430
2735521054
4287921220
647888054
433469348
81186286
2945352977
2309755822
1508420933
607878221
2433893967
4044651384
2604070994
2965212976
1975483369
4053234697
2423808598
985220362
3942513633
1481830245
3984315751
632336962
869181581
2751307616
545942386
577013635
2100942371
2047996474
219705858
2959457241
3676913658
1593913370
434982957
3583463117
1835660997
280635341
3266788324
232220392
652823380
3819035333
1624649431
1320770904
1435398369
3722668569
771968991
4268507565
2704347149
2116749060
635348967
1404425971
2695778595
3387038608
1529960135
3404055442
2335809942
3811390656
157917528
3498729813
1829754979
1137783981
2387936065
2643014778
3268699610
2633015465
2683386980
1971947953
4127629128
2360641597
3492563303
3186487001
351079360
3766648556
1661822997
768345779
749440757
812073810
1218890019
761478735
