1670292370
677731609
3132166528
2579409952
790375013
2122786605
3944022254
1029990853
3667794084
3337165314
1254379201
3377158200
1845390831
1456474071
2028316599
3124551816
29990612
2529390947
2483716331
3128932243
2042569526
4152483922
207137140
2630808087
2765855186
586187245
2799209997
2280645964
251594401
4036278892
1029655719
1824801263
378583584
681926541
3090969121
1701913423
345842082
3385880780
2792826986
147793892
2639296423
18383496
3267903516
1517050390
2059489987
3343182837
1959262657
3964726375
1236510289
1753533712
471767144
3031548857
3457544074
760934097
357532948
729440441
1996856198
2307578684
2980032761
3213043438
572605505
3006537753
2223911276
1938688069
1268474752
3164297897
2223911276
3836297374
96467725
154752043
1193561019
381634291
512936458
3918721827
621632932
468482915
2552232699
614546403
2103029290
509557868
619134383
835932972
3116362030
251549929
3275075106
1580829840
4152780053
208637497
2646936697
1967964049
262344647
4214766432
3447165688
3335955244
1733521708
1017565647
3882918601
2282547082
2102292165
1752825926
924667976
310315663
4155725252
2956464229
1859801871
3228729948
463794522
2821017681
735498697
3203170849
985959873
1546645832
2915880663
776198190
1536287319
2806331235
1565492686
3547416234
1247342596
2984916721
2839930010
4110389355
4254726783
3646353382
3807256647
3324065246
4254726783
3646353382
593255755
127092946
2210088754
2701317694
1728512273
3912876661
2893681034
1472780159
3470877137
1849579733
4145540731
1472780159
3470877137
842380517
1937611685
3550651041
408030205
2591657265
3221587601
3085078441
3883944670
1678728231
2122830534
4239152138
4147038824
4180827263
248429581
78280047
4120534445
1981107028
1356855480
2886413708
1653887984
3356224099
2993918149
418130262
1653887984
3356224099
2993918149
418130262
1653887984
3970601108
3617912520
728769532
3170730737
2819020681
767911024
1516854645
3454336120
2440838434
3812364688
1918259042
2792473979
3847754715
2682965688
890942798
3666803635
3463818955
1043545010
13770101
3126273726
2226520185
1043545010
3396884721
1577284938
1625445261
3664209990
3834007169
1577284938
3592381614
2472326993
911426784
664092935
2846589539
1615936147
3420913869
1550492096
3756373817
636421524
515993516
933248253
996025494
3018732477
2546763132
884422309
1905479262
3273482090
158696421
278215540
779361715
383839247
3699912832
955174184
3792037685
1134608371
1475921347
2650963251
2627863656
3465757864
2446202120
