2846061034
2170378363
1235681673
2006115364
2951377322
4084379888
2473889223
2824529919
1894239345
3588767680
1506090318
2813239683
4162958146
596381352
1909241082
1698161026
4170548013
3684318861
1605513581
1340989088
1722810454
945485094
3158399765
4292111192
2080138424
2524514961
891427994
3220623381
3958819497
1090957663
1208952861
1135088308
1461909170
2200392687
1010302629
1227795595
2611601753
78974606
2987959735
2371055269
3555025938
199030056
1135888469
3167276803
181370248
3030167644
869366500
2976575688
908540528
3030167644
869366500
2976575688
908540528
1070018107
2476375227
241332253
1975945650
642185080
781305162
692745900
2596965310
3850500999
1395413182
1226687637
1289808216
1163113909
1687700611
2334036137
1317001926
1204586027
3355536497
3707386121
2672530664
3608099677
203368906
3511842980
375711585
