2846061031
2170378358
486488793
354365074
1197446336
381983112
3464081926
4116174910
1694325374
1207101406
3285903422
2671913316
4282651731
1933201819
3940756850
3592910245
2016895467
2725644276
1175517788
1761543618
3175189315
972616914
762450132
1860640921
3522661843
583153366
4199549479
71022314
2693694269
3027621445
99336845
2873299934
1287217855
2011301998
1507305486
3751530589
2045369691
4248987516
421829332
2521292803
1034782090
305569692
3386961050
2789041216
490093571
1801698703
58140889
1484949562
613455669
445116807
2005429932
2409575627
3123905127
2462919670
543399696
2272003548
901951802
987593961
3120990272
2465767889
1861531197
3388681457
3039612852
304305528
2105806302
2913066461
4287667485
2552333240
320422794
3021396294
1830771124
3816167310
2858700626
157507436
4217760821
874596171
3395065779
1761107669
3217962009
1115380095
3828001674
3185334026
4155756532
2452548648
583358771
1762678795
4270244484
403174029
2408207232
201672057
1020324958
338609615
393786200
58975776
2634722270
1423837474
956895183
770857655
1158480542
2203060107
350070406
2451747388
4090826778
1261508199
804435759
1294906976
4141598780
1751806721
