2846061028
2170378357
1722231060
1486015673
4230478190
3339293526
1453527318
855071765
1622664775
1136155623
3987230633
4057943311
620384218
2956861777
765215742
612128693
2078434553
3615880162
2525347207
2748258183
729743532
58796349
686103027
2668093365
1695378712
1911961696
1096379239
4193007448
2134485535
3895674280
1924737279
2451709246
4062453769
2981171268
2097828086
563253676
4177571165
2112821960
3271538562
455629048
2650654143
863005773
643452983
2133457226
2248353014
138274706
2988981172
354918776
2961255929
3818155944
3674250772
4161741748
2908727056
742891990
206663982
2067377537
133058244
3088746722
2717528179
1283415642
601360124
1388190653
1534596649
4235693285
1368891939
1015983850
2266805951
954757273
1696551454
2749625730
869319279
2442939747
1448345149
3371899567
1306189824
3878329334
3649831734
3278586226
1363069337
3619946168
1238429488
3810563270
2100528462
4105357171
1623845576
2484633752
105711731
2918920749
3273432419
2251875736
