2846061034
2170378363
1722231066
1486015671
4230478176
3339293528
1453527320
4088193705
3637039719
1721442227
4214848796
3098299729
3825743000
3096507842
3373803315
3525267906
1829764232
3546034524
3648560737
3204234447
1742578424
940555322
1511409119
2031745151
4233443046
3903742878
1949835794
1750016180
3328128250
4242499554
1058392070
143542451
4292690859
3354976912
2228888932
1542014358
2716071739
440244476
2050729419
431057566
1519627626
3054187848
1889255501
920889248
2325876795
906787375
2893733930
1334826708
542349251
4075695104
1754838533
3396233598
3705314742
1438038689
784743281
3260982099
2349039349
1589560630
3301465907
4293588110
1680151353
3044255926
1714221804
2934412745
1424828260
1995526335
1467010062
1586550853
3669546917
