2846061029
3455532262
1765935409
1246606481
1630110815
1595695602
3468092338
4120414602
2268922751
2605318617
3372923787
929105734
2864932329
1746543318
136060897
1535402988
3162378893
3415722043
3535180917
1883133084
2829871213
2706144294
4275195754
1831769015
194357762
2247943224
2882094168
4165548690
2086745458
1953859960
3149303920
1712385357
3121506191
30162027
2422652459
3178585214
1911223033
2994013353
3543643114
136877219
1000561749
1463005467
3313296782
3827045221
2390644222
1659402852
2462569805
3250906080
2890384089
3575080234
3195858548
1699729863
4163074728
3476568853
3109243393
730647523
1694472911
286127667
2828676851
909298273
1338069440
3850355668
3326123950
2045116895
2417806321
1032356097
2789697206
217707682
37590854
4234961487
2795729704
1306903702
3004922665
2943234294
954438139
2329045276
1287692277
926280588
2526065482
2244994676
467466236
