2846061028
3455532263
1765935408
1246606480
1630110814
1595695603
3468092339
4120414603
2815964121
3148820863
364848433
1445598588
2983224349
3796375568
340692795
870792403
500341939
3506133891
2378459363
1019179387
171483585
3922564927
3895604796
1915538233
3903235694
3316991035
125459815
966491040
1719054600
2914003214
5244222
1565895467
3250842279
2507726821
137110386
1774160927
4036751353
1991309254
828701216
2200546480
1382617404
3907791607
1908951313
807635824
2454935119
3247892918
912918980
1802479569
1989740505
1781467210
786172477
870160557
15439988
2158586134
1219435391
1141101939
3224099475
2613890548
1091555952
4020699939
2147507077
751757009
2301471975
2431017785
363507104
22149336
3038786612
2949084784
899159982
796874218
4076036639
1354755347
221956372
2668880034
3560290609
1663079028
1591707455
64629034
2658683781
1283748049
2539291573
1469763968
2938492622
1945495791
3991337319
4179471391
802288809
2891899472
1726364235
3124102250
227433203
808438404
3867369570
1928892911
3373133747
2483569062
4094590097
2828451275
1647207888
1052157066
4202789312
2810501077
1597755547
3409977622
872359512
397249989
3232299735
983227346
924488870
1774032535
1174922955
2518824648
2501439515
1731630592
4200753815
2045607022
2216512888
3819721693
366563623
