2846061026
3455532257
2679604915
3166190355
313012061
748538608
2973739103
2579595726
1031058457
106618401
2549111905
2340904647
263147815
2862654102
2177143384
2472141528
1608688234
2161230488
3772252079
2143316055
1508073173
2810765848
3050813065
2611118577
1511828977
3650337544
1047120489
595848612
2079853873
946683260
2273153078
1592542549
3413316886
1244473801
528330093
818028261
1335108546
319611544
3620263939
2870024284
3719273815
440714074
2421198911
2075120615
2365380863
3144112202
4092313220
3021002086
543946973
855634087
3371516426
3663809136
543946973
2569466137
2646791868
1824952467
2529960510
796994554
2979150450
2310511433
3796827519
3855801967
3278510905
2765817244
2975408478
3225369631
1276274908
3406706580
1427973660
3599904997
