2846061029
3455532262
2679604916
3166190356
313012058
249507324
2474463059
1280192417
3908770422
2011991438
3209142389
3972521663
188592094
2485794854
2158025760
3510358376
432113818
3295147431
4044927345
3975321276
3137930157
3001620454
74299512
706252544
2816579805
1294788728
255041122
1554768495
53858595
180112719
2566068698
1138953037
3858776443
2590497427
651202800
2465336861
1439172926
1853109099
623714723
1232708926
2172910796
2763819309
893161167
2685883105
2271752488
1696651347
1260983095
3181262014
741652222
380976236
3847462297
3117112515
3090480576
1874064986
22305044
1227527500
1278079374
2551410363
3543480104
3729429578
3412109360
2450719053
3156648237
455687137
2799117649
3846313244
2108374271
2941716395
3976073160
3680866173
2738346813
1033590953
588199569
2954287835
2661560973
806151134
2803944378
2839305645
2670525717
2242923607
277894913
74121849
4254604726
3680697190
1533082468
