2846061030
3455532261
2679604919
3166190359
313012057
249507327
2859079720
3925813349
235231492
3118964546
2547138338
2850544271
809412198
185650270
188596086
533129742
3403933915
3271818384
3957132294
1838249045
2924601584
190714689
962330329
535727013
3608466007
4170172481
2262243318
1979531820
2900122651
1597798877
2047913986
1019006061
2927091933
2986402427
1882414830
392063212
2474010380
2016930853
4024631342
3050286105
576272022
3996690526
411112040
3207212940
397095553
650608450
2420363484
1810961961
3276463196
1808040343
4173384458
3837249964
4112499406
2379196182
2793056125
1613210216
658455859
2211635125
379084235
2050332805
911826823
656244536
4241165374
2893057576
559280144
4050657299
2356375186
3704155268
3167670707
3673846794
3263544159
2380236501
2099227701
2804271014
3762116861
146074389
3478054486
3491280058
136390016
2830385304
1427105290
1909695454
2346258803
898513745
1950090986
3153990856
920349424
767759313
1407045792
730174502
