2846061028
3455532263
2679604917
3166190357
313012059
249507325
2859079722
2190750139
1701724378
888491410
2774519762
2658248170
442083850
3632327989
1889968481
3831681002
3473342244
1667328063
541323692
698607079
1458777693
3502200334
1293759649
1911911257
3162838024
3648593420
124276568
1118486187
534888763
1281474545
2498986752
1230372413
514747180
2982902199
1842738037
529503862
252642172
3093525112
1409995877
3901092521
391930256
3569588160
841618512
2851436197
2351774420
544928479
3411696341
4155645229
2832551205
3666815014
3574457863
3545881534
747364311
4022817263
1497628273
839605189
2312996658
3212361260
3760188964
1847668032
2534142204
3511551764
4151128470
2322392435
3574314363
3809164259
