2846061030
3455532261
2679604919
3166190359
403508928
75107430
2859079720
4226880864
785651637
657720318
3130417489
4266480630
917965316
3040353533
1839865868
3575610419
2035981699
4150550247
729469989
1172878306
670607094
438922288
809158714
3454510126
3850812234
2688830137
601172362
2779701502
88930376
1046647408
593651770
2147133792
2463018783
1990386177
3175368703
3793294943
190439203
3676135880
822462533
2893725878
133831596
1081171469
4219740241
2829885039
1610585463
1050479049
1428387464
2331150199
3140735438
703352876
753134182
2221655525
301241766
1792565549
2429735808
3285312813
1933201462
1006376118
2063358675
