2846061034
3455532265
2679604923
3166190363
313012053
249507315
2859079716
4226880876
1716746179
3110082353
1643260864
846353674
4277009293
2432576090
3974903125
4155960484
516682210
1297321455
1714928929
2782653902
1376342961
2580473368
3171318268
2402904264
185689896
1958856318
3158024076
418230816
3231000494
2719402519
775678105
1459249896
893988993
921765125
545474133
4247075688
738794471
53863340
3838808781
4029990837
2419260034
1358552658
3676050841
3596767810
3437943971
1648496112
4067506717
4235045898
1410671493
643123752
2702737552
4126866095
3365521732
2103932513
4048167586
588098395
558230321
4263951269
4282704990
730868779
445674505
1547438182
3625191302
1817465335
319068749
3693028760
1073816481
559168445
3933514422
2895694465
1452439596
3380998100
1322072193
15402686
3486215318
1214659383
1396262844
2834630200
1030379131
2703401812
528585400
157190094
3594817735
1477666887
2505542134
2749138493
3505175305
2010736026
3567441475
1012199877
4154742937
334296575
3827989785
