2846061034
971506756
2640130451
3435543771
1567407771
1418504912
2145950238
690343627
2070246553
814647826
2661195356
2196348154
525074005
3229130407
214162965
938325037
1426624038
3599210719
830335422
2716578525
3043055323
712425763
2747177598
2519151276
157961724
2814549167
1179959471
1018755482
2874026505
3174052038
244183882
3751360403
3894617830
2325793631
1890220530
2716517502
2324624560
827366263
2765081396
3697588234
2831608553
399984731
880750110
3149845298
2508944210
2644496216
431472824
2107430098
588229333
2085813109
449283019
996237908
4207993230
2777526318
2841416245
1879239692
991444722
1911206279
806077273
2739855670
3494940580
4124994690
1737221225
751051404
3026424393
2754029544
3371809333
1221973075
3003948405
3939876862
1551373511
3163284070
1945185852
