2846061025
971506767
2640130456
3435543760
1567407760
1715655848
872574714
1657748015
2234862414
3470702021
1624154507
2092540717
4170296525
664980543
316508393
3161807290
567753493
1010638040
2484818060
823436093
421308376
193058648
1940068905
2574150284
191810163
4185734253
904041194
1854863292
1284334406
459094605
2395105806
513620537
4206065739
3997707571
586378625
376865316
2541096679
3438275927
3364683751
2239732278
2443317039
3345964026
897313084
3079391273
1395075850
1819074584
3036601577
3169476835
271759398
3842963051
734729382
3618245509
3081516722
917778548
586706490
1731895241
1712802538
3239628838
3534532837
2254522075
716807710
3114299988
2852947673
607274429
2459167792
2337809390
170164410
70784685
663710129
2373915207
491529642
1841169545
3654273125
1915285189
4198839328
669206813
1440387617
3209486390
1045196021
3705938884
2025332709
3953259439
472769238
4104381381
258853611
2825015335
1374570181
3724150979
3509267160
967125963
4250997072
4046742424
146306426
2619831562
3389362266
3569521419
1097495151
