2846061030
971506760
2640130463
3435543767
1567407767
2120418103
740538725
2477290082
2267190884
4215606668
1431640514
3150349495
1547498966
531219867
885912917
2817639438
1541769538
1849341400
1074730424
3839440916
2312546111
1332275494
4212749681
2577045704
1515850861
2913528252
610317025
2593786562
787191445
1742981991
3549583152
1833405054
3834630435
3071258601
3595879275
3753170720
1834631781
2065979562
3381358134
1150098370
3725031061
585161386
1698784676
848297647
1562945033
3802752567
1457060448
3798309509
555011431
911705037
1186807788
3604341803
752834182
2941272191
397213814
2801754283
1703819081
3416138503
44271654
1931443144
2395815033
980442268
156940620
3855390422
1076878560
3421513862
975657186
1702496578
92025973
3563647148
2087580819
1105277362
2111264399
997927648
2738600052
4234602964
3462971527
314386772
2401192955
1543020616
408004651
3376770290
506514620
139384435
2647754288
