2846061025
1967284445
2919189331
2398156531
1175105281
3093369804
1612285506
1961022266
3913331093
3050860751
3885550237
3652005680
2540654924
546150154
1791188805
1374500221
3720353779
1225030008
688014415
3297192550
2083782845
2658824147
3254091026
442024184
2524288059
2315425437
237672829
3508140431
4165216121
1450434915
1860636895
4059072295
4088973133
1154790985
2832207627
4216353217
3284435069
2328681871
4050134048
1853148151
2949310455
3747324965
331614882
2903627756
1757996117
3592239387
331614882
2903627756
1757996117
3592239387
331614882
2903627756
