2846061035
1967284439
2461536694
2981604374
606440405
437284472
3198507951
155688425
558864652
553297460
1922985404
3984753259
2374287196
3064649060
3681252058
3340529788
1127514012
2617712494
670196018
2848760406
4152010977
1962262040
3838216693
2807282104
3284433578
483403461
4224462041
1821948472
1605992421
3935323623
4242671287
186306303
1690146393
1699322637
2739715219
3528647182
494377468
756367304
3362364782
3922084152
3064009023
712435266
28973044
140116927
1472475379
3272818495
2141484380
3928503436
2968877969
2272197412
1636416833
3792087992
2001480134
3852428433
3531716117
4064024174
1625840375
3460336548
2656610794
2326002834
908449258
2351430940
1974201342
2075622889
1905513172
1444868027
2359757681
3982782329
2407372444
897564266
3411225706
1743247429
1907839861
749927776
1792495492
898244132
2362144690
3198550560
503152742
600244988
3024790513
2270253206
282915227
