2846061034
1967284438
2461536695
2981604375
606440404
944933234
2520948028
2826401937
214060358
1889916590
3093270364
161822807
3699391106
2668956367
1198366529
1402391097
2018714011
3374856195
947746088
3634336849
2329882115
411245093
917354263
2689074555
1948539314
2233474973
1634439453
3328445393
1476696009
77354643
1687841700
922884009
2753450496
3803328111
3153553069
2020118781
4020126574
517750616
2599694520
878502379
2026946163
3755943103
3589556267
642565116
3367063354
1614746353
261638743
3266415975
3526432877
494252819
1808479768
662771296
3080375886
855156202
808539234
447983215
2323683714
2335549114
1035012388
567761143
2164508674
1007391820
1052927428
2580414216
369104210
1251529736
3351095856
1438871062
4006708634
2110286288
3930441949
1521253851
3441548502
2110286288
3930441949
2444278948
806741090
2678643400
3666337136
1342548667
4197698000
1255832790
4137405261
889470237
2021787189
407899672
1620939791
265991168
219366792
460152647
1617505536
