2846061030
1967284442
2461536699
2981604379
352491980
725056609
84073473
1503272283
663057583
863904215
2712300878
3849412585
4002532407
2465617887
2188680099
1082878812
216752669
3100245232
610254204
2763237281
1816788563
2081821086
500945959
2584754314
129128997
1274575453
3352637086
1479338332
3300567248
248758049
1888182422
857624795
1394109932
2968345362
1659921685
2477922595
254040239
1154450272
4084588750
2964245750
4279945822
301003407
2933940165
4158492192
2142319650
2802418684
3584711459
3797635596
408019105
3235833432
4097067798
2425840467
3729842772
74090951
3300665103
741709031
273796415
1137816565
1758603986
2622037621
3271496898
712054225
956802642
894620826
517579768
1111581346
3304781999
704427388
1198140559
3377786859
65812464
1436910001
1083162059
3153346016
2398430472
1973049309
1578180799
2209832322
46923478
1542860595
1291789113
1814429314
3733645830
475245881
3566783004
4097972135
4138531670
3598067437
2463712550
3460400252
1494276194
636767745
1627868278
4289702116
1571563352
1782032365
2606362273
264695505
3325842977
1486140083
3309184955
2926748568
4044747666
3629807229
2453909346
956120438
1549143103
3478118517
3499380972
1378867904
3590837536
1812331990
3622863754
1546614764
1009339099
2403802054
1265682060
228370107
1752279666
782092869
1265682060
228370107
3055318000
4042265543
3528633934
1969042562
708469896
2369125956
486984105
