2846061030
1967284442
3906994805
3421487061
2578384263
2245527329
1565146064
2677243119
3979802138
3165518674
1678823644
1844495511
2768936293
3788615618
103538339
2283085255
1386455372
2898795905
3396543540
1279220839
310990544
3757685324
2951613064
1812093543
619382323
4222163139
2291738103
4148790433
2954392484
3086101650
1175524109
2312306991
298595984
744675157
1575617956
242383273
3605022040
215625419
4140866662
2773541548
223733395
3505626030
1164223218
3574364469
619660970
3882922234
1965373457
4138348264
1298092212
1537553975
79849021
4123402258
3732086905
1641397768
322284315
2912064900
252555251
611727763
1058102775
2987862019
988709296
3569742396
2342691382
2694614922
3206180816
4081644488
1281751630
3061408314
350640205
971862910
3507070203
1629775366
234552283
552718568
3707888126
2392304009
