2846061035
1967284439
2461536694
2981604374
3272746723
3747947589
2368052759
1341970728
3790392678
1666664266
3883878570
4003421409
1593919529
244991329
2855235766
744687845
3277984071
2258690228
2915356794
438703676
2341246076
95573784
2551199159
272100332
2327676603
3374888694
3214291965
3144900644
3611053140
2043500396
432761435
2017377891
2241626052
2661795531
1253266450
1789544096
3691507097
4141734261
4290491233
787286254
2449319332
343874934
3010654712
1215620765
3628585328
1638102477
3486053207
2525112660
539984493
4251112195
2970489857
2104462025
2081281330
