2846061029
1967284441
2461536696
2981604376
606440411
2853914815
246316392
1295732005
3811268971
1300465720
3249462523
1109510658
4205287689
1747278481
3652931161
4027444638
1870182122
3607028718
1131201581
1792698346
4151838021
629423633
1546329643
1079778445
303867615
3284387615
1206634751
1424879104
3309792320
4218587629
398467474
753814442
706393848
825750678
3919956071
3578630047
815212914
964115769
1164255798
2118862862
1739321503
3790047436
799113730
1162602748
1679083294
1267719432
3611823229
2261975349
925554394
2588395535
4198626616
3051446088
346806087
2812437284
1438044642
1875971194
2461280192
419151708
683181391
2331249219
2141372007
4258077726
2246636892
172560256
4223735446
3777385682
2716646143
2524396106
3805485423
