2846061025
1967284445
654498447
67987247
2854056801
2485688012
160101475
3194499621
1725241771
1576760211
3427922387
3857142292
3878593436
3384892418
478139011
1088885721
2557816616
2364576565
2984356191
2912332793
3515135222
450247879
2060452336
1644856999
4254796144
3188603197
18781303
2224827557
1255810667
1579250451
3118137970
461359892
3217751747
2287042166
2631637616
1074504785
755252090
2929246928
1149567303
3340368109
2435578615
2563501756
2827539631
784641276
4096939560
2448259051
262293577
2804684162
2335020451
3592960950
1843217898
3998372627
2387897892
4281496421
2425695171
514582695
3667670509
2452923966
1217209335
2314659725
645191242
3912269108
