2846061026
1967284446
654498444
67987244
2854056802
2485688015
4096699384
672870152
3219678186
2227571154
303597634
1368242191
4188795995
2771596545
949049262
3933039866
2848220313
3175035361
957824513
692638156
1606592013
327714421
2586793616
2900721294
1492589060
1275875196
47067392
1337436430
2882203713
675669688
3729172425
3823650316
494603041
1430234260
482097546
2104816397
201229516
4210737891
31155926
1585854326
3316144790
3641007646
2323486555
2721458017
1422452502
1092667283
3598248544
237009893
681671260
2861403720
3949182132
3024022804
3176695552
574908631
1535333991
2012899804
82881411
3142989298
791484489
2896301744
2593895459
1099671220
1364144965
1169450557
1306165442
3815920017
427352892
4087346582
