2846061027
1967284447
654498445
67987245
2854056803
3060429253
1666151184
551175005
2987487213
1009757321
2575900680
3399246425
304171479
3964335386
615558376
444942661
3271417035
1098041906
2551147544
3704905407
2307185179
407916366
161869219
1600698742
190950053
1692181135
3774131567
1469635691
3413682831
876501021
1412982058
3116174083
104182446
1590547919
21153550
2332909458
3742188846
3605877093
3891071303
2112252877
3762555234
850932278
1555003759
179610508
436313913
1276790234
3787487283
3084624592
2327922666
3705314569
150158145
1592320418
2327922666
3705314569
150158145
1592320418
2327922666
3705314569
150158145
153989591
2537463903
3864575262
846273366
262012887
3233317925
2922046434
819555394
221612227
3608142672
1339430542
467012658
2836455220
233871487
2318900481
1386586608
1361441163
3908205909
1803381676
2576171901
2747994541
4215055178
4209125852
2263889619
92217386
3409521380
1771955074
104512292
1554183381
3881914080
1621511070
2561258759
3473323894
2195432532
2509826814
1365037157
3747746561
414031967
2597766083
3343002566
1508560724
2678560039
3910113310
3577328023
1479148485
2397461363
3884414801
4283677754
1066659343
915790974
3098222362
2625592738
396405188
4257049171
433058851
3157048853
579099271
100350286
