2846061028
1967284440
654498442
67987242
2854056804
3918021417
1295873790
1155359413
2351381319
3720099343
96772993
3551906474
110151807
1510476069
3285284300
3609862324
1723085948
1570397764
3126865701
2786536835
1114755115
3292375160
725397978
2385724011
328278212
3245153168
465143923
740427974
3940562853
344689512
3424237465
929183666
558921264
137303963
90079640
4134851650
3624963656
4048239721
227272606
3768899675
2179362584
2426556327
3835640729
2687424810
3394915908
3356110605
667416127
2305763180
4260721172
1015235435
1083268196
256670723
1465359221
356836279
831256110
3080777233
1659241440
4009469998
2537330334
1447733217
2396560144
878551259
1974702631
4053263489
3006921473
1111342382
3421890163
2557319806
1275184823
3089038874
2556644029
190807014
2406970374
1939119696
3891246059
1538091505
873083223
397659323
3003578732
526478967
3353101817
2273146293
580796291
2479644510
3639215821
1093286920
2576816006
1102233066
2332714481
3458085306
1516575745
4270152522
1513123485
4132960646
1814127491
3162708415
653624250
4132960646
1814127491
1293195235
1506345722
1295144834
3670013583
3996784938
1951171375
2148186041
1797922739
3539833709
