2846061024
1967284444
654498446
67987246
2854056800
3918021421
825583779
759327237
3854054391
3022208703
1817946929
3123364378
1863303375
1411492599
1458068351
3330146332
3988515774
1556148774
1783046812
3922211941
3146288695
901139795
3113971677
1068529634
3147331586
1173603535
3629229664
3989311154
1389929464
895254870
3534155831
2201877887
557740739
3189939476
3397828145
4105395100
1782038603
2790678147
868814528
2361121608
1899863665
3417875898
2239421382
19744472
416153161
3060084506
3425817813
2168999131
892960823
3142635021
1215699483
1606100198
3527553851
2176994801
900956445
1670066948
308971800
2622769788
3075183046
1820186292
4284584733
2111445297
3931617340
938591489
615699212
3878495580
1602347216
3711593212
1253559281
3417296183
4251108898
3181740661
1481853041
4094934305
3972494922
3013224426
186414305
2087294437
585080658
3644224638
1320932723
2511063012
36071145
2163098169
392422196
4038058420
3900386015
463146777
3104060782
463535112
2413547955
2418224128
3565965259
1982367405
806869412
424281938
2368809705
1162478623
3370487937
1000638622
2950669605
452370215
883838396
3060164972
4073261735
2924596221
