1670292370
3699008948
2026852451
693394731
3103711083
2971585312
613215459
530745051
2373372482
2576195386
5563347
1556882057
3098205985
2521112767
1072935015
2438684980
1990266965
4042090502
3802238335
2155711536
2192811317
3240531320
1672289474
1084399970
3824793449
1891993138
3035691271
282052392
1085843363
322492777
197253232
3991772829
1612282430
1986486513
3536999718
2534450389
1428363328
26750210
2621067181
1321628921
225410202
57928333
57928333
3738539952
2301493921
2910628156
3908549011
1277269055
1680445658
1690426810
428992325
2770256265
1595175716
3967427129
4249628582
3647904103
3847204806
366352737
3723976592
1907862208
2694548047
552481600
3585640292
3284573611
1368593728
25140538
1833343366
2469209419
1081265685
3445667708
1494981319
2246069380
2203081045
698360483
