2846061034
1967284438
654498436
67987236
2854056810
3918021415
4244809505
1933337669
3616100754
3731441113
4111299863
2761324639
893188639
3164021796
218706156
293483082
88517123
1448339538
995915641
408144601
2887931534
1935689854
482808024
1621134128
2340430650
873195581
2415826529
2600846105
111649206
3562773218
2903777858
2896239994
2366440631
702228763
3755501674
2971679909
2988112502
1552508675
4126671134
3775091814
3973137305
4242033658
2690706732
602930133
1744645645
1697842952
4290341471
2874871904
3359683041
3029955006
4292887191
2087670894
2190835760
473785506
3410472020
1778833304
736601414
1391903483
3316675105
1611433228
620726139
1293601685
2116864844
582224406
2080296981
121322802
1584523057
3400894906
3027969646
2061785106
4274804722
448711042
3470655015
953236283
2637328653
60462495
4195779453
3118289743
270935334
1928236721
203432293
2565099502
959510323
666516470
913259721
580151729
3038365884
2715983300
2019557106
4133567894
802971296
966935663
3063080893
2608924136
2865068735
3924601887
2120289554
3382419590
4053718443
3848634579
3764577297
1198358237
1062676316
3862577301
3877082550
1075318650
2614000764
3469897597
3152079931
2194458323
3713705086
3439676339
382941365
1354593255
3566566407
2980514607
4202779324
19338982
65988462
827098198
149832514
467703904
1766015167
502524836
2076659229
1866210149
3857065285
745540318
3197033435
2859830947
3582705119
3245402279
415475441
1842915035
2808118976
2271702507
55534091
