2846061028
1967284440
654498442
67987242
2854056804
3918021417
4244809519
1933337675
2496009514
4242935155
609953533
4062859222
2895922529
320310886
2193427494
3113444894
3211238220
4066321622
1878869625
3170991405
4272452942
4148715781
2939388304
2044970463
645789331
815981541
1177064484
3311362102
3014409485
898049330
2262473823
2018893029
4236104453
35024840
3666105145
4153913708
1281543984
256579984
2155592258
2129984248
417043467
730055535
2711167975
2678900298
2463977545
499002014
310683597
4278307300
3772414333
1316137006
1331716454
634548388
3707284760
4094067849
2268510653
2949156908
3465160559
3936915886
2576919706
3951009494
1498643476
2822137868
3348181162
426641161
1841964076
3006600079
3502429491
1783099128
