2846061031
1967284443
654498441
67987241
2854056807
3918021418
242365003
302330093
3064988986
948880990
4034174892
3460397569
459569364
2565565997
1083440035
1232334824
384687268
2702121698
2298945031
249658850
4109094735
75752986
3641692655
892754572
3022711146
2399437650
500150242
185645716
1796638627
2296623453
356635634
3351111846
2215960773
863539649
2531138880
3318439697
987924729
2700899836
3996982106
1261627627
4064315685
1575784370
3679916331
1816279662
1331802000
1819152944
3036425921
2211162160
714033166
3117050465
3597480647
2893285751
1434913096
901164159
3646948546
3260492155
1739875149
2782880121
2765345677
517077883
3877829444
3578760918
2102037225
567430067
3348468278
63472334
2602674989
2697523193
1588936449
2139247680
3990346923
1493100201
3392522777
1363638
164807458
3950677011
2130813352
2171215205
88216197
2884289494
3714102295
1942512964
4088807794
2901086418
747975908
133079684
1485435535
2872146264
2734126284
2901140187
