1448906271
2327682851
3640468849
4226980049
1440910495
376945874
4052602291
1181682677
3805953570
3946457705
3274845836
1165907679
3537014690
427820947
3260445845
2479716829
1530339375
3574195019
3246589773
1108087220
4086433148
4024764378
1134618218
2101125064
390596774
3911431275
1354020246
4263273669
3581432843
3998629427
4014274427
2860910216
2617319228
3547644373
1831070711
3253126575
3093140635
4146612850
3747379938
1054131775
436765675
3520704906
228112041
606999918
3112990657
1802521749
2436066875
2535747569
1892881550
3557112098
3595401544
3033437425
2075052541
1105763117
2918086211
2938134342
301104960
1626477634
757451374
2009916178
3892303103
2759006417
542840625
1080734214
3745575164
1419707546
571831131
2131811662
3931791152
2068790120
350774222
2039724442
1939826942
3350647482
1649776780
4130236673
3956853001
2123609972
2211389607
1585607113
3544288768
4237282230
1425491001
1981368543
3123056427
3849073308
654894591
3478475194
2880546612
240493333
351015232
2356872422
408921188
4217259335
2106316800
3744403814
245638653
