2846061029
1967284441
654498443
67987243
2854056805
3918021416
242365001
3113284623
1630396289
1595423276
3467819116
4120695380
2509959011
2314071493
566993297
2102616267
4185616171
2064960850
1315670404
1618605852
266252218
3615463417
2146179330
4253268859
4235991672
3901181696
3297106100
694853642
870461163
4172326618
2383291345
98515228
3190441792
557230231
2770249591
3525889198
4085568867
2624921810
1719636607
2990607690
803434469
4246688945
3199622354
2524237112
3771353139
1565520133
3447506664
2222234394
1667797254
1425215923
3250164685
829544307
4136360496
1259234054
326468499
315788735
1999223225
1210946194
2623753062
4211988557
1630730620
1851524776
2302676148
1403725481
4160684204
4263449831
2652449232
3924882278
420010958
2741427768
3762559436
3718839629
3564040409
3630008444
2989213101
1359217738
1221185523
291332852
1029664544
1987612100
775147605
3974541660
4261498104
2086578983
3796744879
864943087
4238901277
2620277280
2035474566
479052101
2842495567
2820619473
234649319
915038234
3223840612
2090411644
4172360092
4138581899
869070308
2439527554
328033346
2416079547
3758967549
3031859135
4127084799
3938631970
3910220228
492244306
157396275
3068814900
1210495034
1840885193
114411751
267974027
3342045870
3511519329
2282181218
2324118244
2835271669
728881420
2257712444
406393262
3649519022
3248894989
2423674608
1813465555
2436802753
2342656387
1973055132
1398835276
2226509979
1454949554
2050473760
4280992315
1755800374
2031511791
3875895655
2041421301
2132641828
2205980423
351352330
3019812038
1680604177
3815118777
492724390
2934830634
962615079
3136242142
1845087887
3637572749
2708186553
2546900135
42213081
2231359405
3378886965
630258877
2470270852
4058076875
3351315110
1152841396
945886705
2674822973
1633089570
3830154553
2052625585
3305089582
321583865
803775125
3848862904
689103441
2243222126
2962728396
3816659364
3753886152
2161676737
3476977282
1488181135
2734672338
3295326572
3683798239
1277160914
2221196068
