2846061025
1967284445
654498447
67987247
2854056801
3918021420
242365005
3113284619
297187423
797138418
2335598629
3618548095
525660301
380953798
947995814
61812382
684400208
2928109059
1888892759
3758124084
1369340156
1164258692
993915443
2478169520
3254085602
3517614127
206465042
2527305182
171301970
2502505349
262364882
2804744985
1709316677
58229818
3414095443
2283063192
985297790
776021510
4102175106
1995283451
3947886932
3676610242
2047368513
2834589205
1932170609
3623663837
2693157985
193345739
3309403555
1111053325
546461001
1930570627
566965361
4236666143
1201374432
3738148758
5113155
2466792334
222897298
2845772094
2606812838
1064635721
1260038641
966422991
2106106903
1723014424
1449228567
3630152307
2396158615
2765294216
2786786048
568196734
179949232
3747971581
628044624
2449687124
145868100
3488913974
