2846061027
374847429
3471481931
2675020035
4286032948
18616569
1427900997
586535155
1524047234
203049303
3303018661
3756484180
1678907400
2019891886
104711449
2243089376
216313180
3460164195
700947202
668667157
2991139542
1162417151
1848451889
1388668105
3222349904
1857681667
2096438394
2917259427
247123624
1663218315
4139639496
3346431986
1315347487
1317982591
656161941
645641427
437694060
3847849801
4069984899
503259938
1014939539
3043466588
827298492
154843160
3553263673
2467492290
342002790
2689283618
3286645879
3654789212
1577035708
2369308379
3529479892
2670772736
4007444717
791034270
2368058914
1438225809
3237156847
3223018127
1438034396
4021584170
2571040491
1225450051
314586495
1314452517
989505222
42230796
2868702083
2446492091
4014809871
3088657146
3050918356
316622478
3039251361
2976982377
3929739235
2019242311
3492003528
2407460712
3413084365
385970535
3914168308
2907191234
2514273918
2269230846
2253619126
697905199
3468510613
1011457165
4169023943
2531353326
2793121580
81751626
3492249489
53919546
1267369637
810717784
3458110667
352297672
2048396678
4184865172
4184865169
3786506026
1983700519
2356199546
