2846061035
374847437
3471481923
2675020043
249238347
905279859
2824281052
4271525641
2900030811
4030870529
1270303325
4005083628
3966847076
1377994160
3591014992
2690583516
1826900846
2015305238
404300577
3424421500
3308340608
2258925005
968153223
3391322564
1298902673
1321738875
4066321910
1285922261
3496103072
2212639338
2189454737
766447723
2742200120
2983359024
902421507
3100617207
1780817310
2577241673
1753131478
1961072287
681340320
1013397720
3218183142
1012827423
3365341754
355563271
1505568927
453160481
259968583
3226378329
2567207514
4197238866
3035543086
3751948813
631799968
151163243
1203826455
3443693788
2571272800
938103603
2780814296
278323674
2874498031
3083556512
790789955
2300322027
3598414060
71104789
2440461163
4222206532
97784508
197690539
1158347479
2882035183
1935302942
4208665379
1754180552
2163453447
