2846061031
3929424298
847997476
293918596
3648949878
2246463276
4053417894
3484408331
1376630948
2163311600
3364013741
478634992
2088853191
2763575293
3895758949
2488470413
109528852
3078483999
31422042
3193224541
3931416545
3265957488
327593727
1875318276
2101868348
1932954416
3247980502
259900280
69636376
3889407974
3843708526
1206683925
4219178648
2835083346
1325498675
414090050
1690082381
1883752757
2736267883
2347109370
2886504332
2787647665
1709346645
4026184841
2877182359
2416461674
2366160160
705112044
3214440367
1689137373
2661581424
4156927570
3066421303
1801690378
501869259
2852859021
3697302937
4113553526
1632957901
2731213725
1965575393
2257635126
4091829821
2084938977
956725022
2912515950
1542344316
3633953390
754608965
4119180049
2332765672
40307455
3510165921
2258101200
1240981706
957169075
2074430628
3838394140
1625370876
128897998
454047420
3156192368
3364223240
187624085
2399593845
1040260287
1357296625
2070791315
361393117
1040260287
1357296625
2070791315
361393117
717647794
139442969
3847547146
1996579297
2094033308
4001751415
1722854750
139919888
994898295
1437294137
1722854750
139919888
994898295
1437294137
1585075780
3425689263
3886328269
1079813346
2460857202
3387398648
1860698932
4260121001
1598587087
1269095341
3572833403
2691647747
3730199781
2258174560
4279601381
442474385
