2846061035
3929424294
847997480
3437287141
68849431
1484934733
3307220194
400299958
1671456572
1570079377
367445964
921270892
1688846398
3906438646
809875719
1277305583
3356110095
2083042274
1433758996
1783928293
103981701
3466170238
212481003
282931533
421215449
1933164531
540627039
2976834405
3547798144
1725817758
1888315566
3987867786
178012040
2192013346
3155260603
2833916355
1338250945
2534660369
1336865439
597759502
2266244057
348058887
1071302089
2237660674
2625544780
1056334501
712804003
597463784
3301322861
3535284898
966296232
806428356
3511402876
2145587247
805697388
1512535110
1007164085
2992723087
2973539742
1777029710
4221830875
3676456805
3632238196
531415086
2835442455
984346409
3713113672
1528686107
4015396385
764367134
3492647097
