2846061029
3929424296
1317237887
303805733
3672239319
3839101306
2037803989
2877968513
3757449227
1525374224
145483586
2132454431
2810745070
3689876230
3600719109
1734617614
2157861743
404171073
136309255
3338950098
1126980146
2822395985
3580519086
2656589513
3976059964
2225747160
601215217
3720244284
1500649200
4164507765
1873789690
3514441652
3082888705
2738516857
160405988
1082639382
2202489011
2836268499
2981888192
1380529726
2088539742
3364124675
2438670792
685971959
1195655505
3551831274
700323399
603932865
290375766
990354742
1339273029
1704655397
290375766
990354742
1339273029
525949834
3640005367
25807523
358839542
314099472
1393228459
1205301170
691060988
1038964197
1393228459
362879057
3555491133
495977861
3518324766
2114477748
3070576536
66955717
2112012337
1465924156
569003517
1472187505
689991365
1380051876
384178002
1842013145
2333949999
1382193275
4188362352
1361934835
2056812952
3717718868
602551212
3181301782
2519453821
