2846061030
3929424299
1317237884
303805734
4125213767
3419677162
53377048
2135548912
17906759
572424679
169248002
3966652647
843717673
775757455
2088608989
3635120497
1552123537
4017327091
1097047997
2499123284
58210649
1519418232
2209441103
83668983
2473660154
571086690
344836056
1051645943
1612242240
4175118430
1833527197
1053366615
1857976796
2304536626
1092694907
272196873
662926460
2951664753
734452625
838291386
436161375
3851574958
2210213981
2537973029
2780406461
896871957
2975670773
698268907
1295355298
3589673148
2975670773
698268907
1295355298
3589673148
2975670773
