2846061031
3929424298
1317237885
1837943261
2776010799
4193145205
504635412
539084217
1415427379
2153255022
502952641
3473295765
2272595144
1598856690
331399786
1873238402
4252177691
1230081014
4294118835
3943192779
841565948
1993386736
3930516348
3266888429
3593610987
676960806
4070213026
522185611
880532293
1499649932
640818230
2438884658
1216312069
1113316408
3161935416
2347552397
2772411669
2635727918
3120932745
1678591486
2331035960
132296785
2840555060
85501503
3684252906
1394486510
1366175964
3884084646
2234084578
4085050734
1714843408
172522717
3713987468
4178335761
2483275578
556465464
3676327829
2292199775
2510342933
185085831
2103664275
1496446222
2987482372
1874272313
299387945
868498418
2071462509
3234652809
736905859
4206323324
3536017132
1315643330
4120797598
1798735116
1780174895
1555982641
1407625239
977001655
1514004864
1842145455
3971748408
2698792270
3436150319
1702284976
3658617280
1970733915
2087817254
684421107
2961964391
940371299
