2846061030
3929424299
1317237884
1837943260
2776010798
4193145204
504635413
539084216
1415427378
2855668223
932473680
3848818692
2904233305
2032054276
2889593553
3495700793
2182910827
1512374865
3371052769
3923330464
3184547443
2632400178
3371052769
3923330464
3184547443
204136824
4060613126
3544146247
2268492436
1741984749
689368465
2795568762
3223046095
3777801358
3039149917
2484261916
3223046095
3777801358
3039149917
2715740709
425244974
946852463
1818673596
895160409
1632764810
946852463
1818673596
895160409
1632764810
2099577132
2209762305
3666583012
2390920759
2947933558
3373194435
3274339326
15394651
715371067
1276677006
3351875907
1388341256
4234721627
1201522439
3302353777
1006386329
2359794780
2979701107
2728167308
3676821176
286248048
2720802980
3435024227
2141039543
2288995942
4148135388
1412373042
729797000
2288995942
4148135388
3766274934
400719785
920978832
2704311112
3927400876
1281715370
227237462
4152487163
1319167806
4121673597
752117545
3013251128
4249452076
2182722966
1533439426
67190216
2602205413
240124571
808023657
3693989675
23109189
2449060841
1464335856
828936963
2478445029
877405147
1491199637
927383091
1557012320
4180497750
433042479
939136079
4136379696
3182066851
2775906840
1875649027
4055241061
1694274331
2686766653
3318334196
399834355
1013054616
2607703636
10584547
3296320709
756556549
2411522659
1283227334
4173405731
479817270
3741751398
3598587009
