2846061034
3929424295
1317237872
1837943248
2776010786
4193145208
1682715607
3064989827
3268179977
1713001893
3120003418
1581698190
372607443
1202619547
2689922554
2608504770
2954800908
618316167
183460327
4120922306
2816537232
3399166148
1320363812
954640040
542448478
653450488
263127566
2350912759
1420961798
681183396
1351643234
1974404483
3338776933
2364166126
2777357503
733339611
2378683101
3697074069
3160072866
780775413
1048669363
929134840
1761561524
1034554967
2166178868
3913112685
771319542
3549616699
2789269570
3462461467
2451505956
396178
3301060873
4210545828
2669336685
833751358
1152719379
2838524986
918353409
3104555940
1071537891
2563386776
4247200081
3251594921
1122931927
115091075
163775467
916557580
1774640906
4138380466
1921164114
4030278014
171154387
2396793926
3715636613
1943063766
1526787535
766814669
3372891618
3216931296
1910817753
783913593
2293100082
1491685593
3390538204
2134817758
3933485472
3502785505
1017243132
851276779
3122531438
1784328837
223146128
3708309115
2376914377
3747343920
626089117
1181612638
772297793
3641208168
587390917
