2846061034
3929424295
231485638
1364521372
4125213771
3419677158
53377044
539084212
1584994819
572424683
169248014
3966652651
843717669
3863984504
3020882730
3843511640
2232510575
3517603117
1132335540
2942289110
1988025057
2470711934
2441995254
1236562636
3449584940
1309895637
4172410256
3158835612
3295333613
2381234263
2824818062
3548499962
2534009186
32267022
667905420
2305277151
2280683018
3247043200
812271774
1981008916
2280683018
3247043200
812271774
1981008916
2280683018
2959865535
2532977090
2933885177
663352901
1156805708
3037777490
3138148421
3527414518
3235734134
1527940545
776948080
3110297876
2666421371
4154595016
1723298448
3226256149
608832175
1060912388
164826641
553856776
766501124
2390026318
90793319
4196210092
4179396961
858723653
4160178275
622722058
3144142700
1230169600
268343919
2590100012
773954653
2081735450
3317911492
1004643514
852228291
1763143139
3713151174
3099540495
70849911
2478093434
1324999956
3807269165
1583904853
4068461676
2084638472
792529632
1826177231
86695589
3115120605
3581045248
88563202
1238040986
1783442910
1151223366
2365971289
3383408786
3749031396
2967386047
1863578699
2865416178
1004512170
1938416040
1238348664
2398694589
985428376
2336597623
137515621
1347007216
2337707449
2444254161
2401313097
2588704699
2332581636
478543369
1106405340
3030701048
1546310379
3683893376
451277311
145298566
3383590
