2846061035
3929424294
231485639
784567655
2323036336
3024313629
2092500207
539084213
1584994818
572424682
1885223864
3486904511
1274937183
3046523794
2630589796
686359433
2713681205
1975179368
1536129032
3309224757
2792201889
3317180817
2466599410
2107034759
1763453057
2946655896
711054689
2850997144
2596994695
52497965
1139432834
4145198047
2430583329
4266501606
3196934191
270895484
2374495187
1601949831
1663011167
415735202
3676011524
4140681110
778042215
3213585970
2558976517
1086288703
3625501690
3686485776
2308222901
3413200744
2743998273
1816921443
240516230
3562231014
3940382120
1692645068
1165619268
3287165883
2890494749
1103895860
3759711721
2365696288
2634639974
3953223519
1312959849
1201813794
406588014
249765656
3184474838
3390534264
2662174125
3253787661
2119582332
3506344751
1828752799
1671510
200872584
3686640739
1272280996
3248156472
2228829383
2330456761
970199709
2607864827
2425374757
1087698638
3136096988
3853540220
3996304670
2976879806
3129935712
1791736203
4249229446
3200963752
2432605339
3894063766
1803797924
3364883493
2379472858
2623722499
3710581571
1922549225
3040608399
2135876908
3214429156
270890318
3616452648
2333503858
3817914758
1845071804
3073367410
3729715536
219224590
2920679984
3523482943
4255059753
1868684844
3971695469
2427018338
234993904
1969284256
1841993646
3060538215
3465033066
3325575995
718979722
3198283569
1296157431
3075176538
1998399797
185546298
936210006
1065162759
1612728743
3225914976
2644306188
3784242691
1055762071
1796777386
2777144278
999606878
1356353149
608312069
4094076398
4029528923
543753648
1852281557
825934709
3453561123
917920758
954797564
1289489767
2243677186
3134800101
760537576
4185926045
1809162614
