2846061034
3929424295
231485638
784567654
2323036337
3024313628
2092500206
539084212
1918992358
235332622
1885223865
2385872756
123992520
3007407909
786630026
1780148614
3996313190
4207522590
3549720040
2780949604
2974484578
362620366
572994747
3457865205
2625305908
645453250
4110391312
637772612
1852513849
786215601
2963133869
2523345789
3834062446
1585778328
1648369977
2009459842
2853794559
566658713
599169707
3083692838
773068751
670303108
163685348
2408438711
704632497
3296376984
2883444798
2219244072
1165665235
594595218
3728287098
4146077442
2843980758
84227194
3188616249
419559157
4110766007
2374011763
761435077
838639242
3162649407
2978880553
175858293
2232031853
3842778970
2715227645
1694457560
2019644311
37070936
2772054676
3485215608
3640616402
2248624582
2437154668
3889066157
2873328289
3547978528
1206532723
420615783
1416045804
3894842231
2902649740
