2846061035
3929424294
231485639
784567655
2323036336
3605953002
504635416
539084213
1584994818
572424682
1885223864
2042507251
639638719
2030546250
1462897962
1162290587
3573862586
1374381871
245390276
2043185003
2533785988
2348939125
2054606439
1523281436
986534699
649744781
842053003
3118575430
3227188850
2008561716
3651677306
3808571183
3582328725
2097914462
1774152769
3531058634
59281640
1159571717
836611232
623311320
2003190666
619068736
2041397968
1357039423
505461059
637868152
1548870583
2180488842
794444015
878523934
2607968130
2848883064
3044041738
2885331151
802334511
2652907462
3041138440
1850600673
4106715574
2676688277
1645035692
614546627
3871694510
2792550950
2219170599
3265903376
300594937
3286739664
411307514
1986679579
2842706962
1491251451
3854453288
1380247484
4084385697
3219566864
2748175976
79842468
471238607
1378925040
3936124028
1605715582
3419302853
1597935230
