2846061025
3929424300
231485645
784567661
2323036346
3689788914
320334848
2150358363
3530254089
3457967535
1611428321
3996299909
2422893874
333806539
2595423607
4111338845
1756131314
2859804877
3204435147
3445461612
4225385174
417047541
1251678631
1132137964
3344105996
1324932151
2625606117
1317251761
2239905389
559158209
2127175821
3276000040
3983960904
2415232753
3116424253
4154989961
1348349879
2021598582
708694483
219253487
2996394006
1843087078
41688640
1056197610
361790244
1175455214
1874707624
712979803
1426670994
2939905175
4245300311
4119480117
1264805795
339621379
1046938632
1382604953
3829358065
3662031107
1584277219
280873207
856427492
1440837260
277712033
1976516679
4047471707
561724080
3015666351
2251403622
1771474513
1934958167
