2846061024
3929424301
231485644
784567660
2323036347
3605952993
504635411
539084222
3166143538
3234865114
2792040047
395415908
2318660555
1490012319
1482019222
1286505710
1654334606
4195505824
2215460692
871364882
2383538082
717736462
3210254925
3973637255
2916657890
3478865755
2211911875
2563796530
386016610
3213654185
2085415948
82288434
2806441148
3624768645
2893145103
2011111158
4093055254
411254043
2021982252
3479684714
2696978124
1232000313
1481853919
1143228793
914473868
98145512
2372502467
1215002394
8530766
2080350857
2280706320
806491990
1869956954
3355122321
963888295
170628035
2365460100
2211564719
2102989465
3818911159
3539381624
4207205083
1596428525
3383959687
795116401
3987858040
119349807
1727149168
2605774295
2470901175
1731803276
2246385831
2790082274
149264305
2680799189
2084342059
3432493982
4075734892
1017695650
1353132339
3230932702
1519051739
