2846061027
2688771496
2726990880
2629792141
4240002234
2565669305
1078995511
1667209111
2879770213
3084045507
3381269364
4070865228
2079459312
1944501242
4157518874
893685177
1728329707
1605264056
3911896358
2864708971
3387728127
1501232028
264733695
1398751909
663449814
3271955638
371398243
3517259479
3721006257
1581587016
1998111934
3218318235
2111840014
3586082152
2311110231
3938855953
2439173566
1415586151
185037160
2151790420
3517446652
2671613405
145765584
3474947500
1857693034
2429655463
1191032797
226941159
490884374
1109335222
101566830
3033703289
3227629428
2261633819
4090940209
2894830225
1902516690
4075360043
2903043655
866126549
3394116530
554216460
395294136
4241031686
760362701
