2846061030
2688771501
1038157570
1819937354
1044033560
3806044452
979798698
426325770
3078169412
3957449246
589020140
4128513054
778865040
2917375849
2211263067
1075929780
1741416130
404440980
3014633629
485917478
435763564
214783983
3563023134
3358091704
339141498
3855046502
1643075718
2433287317
4044306850
306198777
86991950
2990740810
2429207009
4209525451
1965329129
251436564
2799358528
3018767555
2505472405
3139653357
765869078
440253603
523372265
1851005864
1066144866
833804828
2781476775
3428227524
1550042629
3256296895
3750020210
2525796736
4180394278
2093690751
3643303241
889827371
1118434112
195145394
3342729269
2622645603
3360849887
2925976166
387234728
1255136452
3063839386
1577673825
23999595
952955775
2897731268
2980473814
1707433075
866755582
3934830025
1121445807
976397697
3103424849
1727234368
2512463063
1172243235
3194865110
4280674966
197867512
3688173580
1971175775
2774787755
4198414091
988289475
2527653011
675578714
1635626274
2283557602
3240459418
163224194
1082373370
3371110136
2178293888
2015699135
811699978
700582014
2357133139
1305443465
311569705
3511859596
65995343
3231602093
1974955951
4267146878
3937151750
2738156415
2905105768
1089103940
850002409
3176790288
2846010472
1021849110
2311132180
3507420584
1428851470
1308508261
312676805
4216970219
2364924654
177936265
618489898
2075801632
3030937764
2809415583
1751519003
3885365218
4211866285
2278114228
2750150005
629473298
803326320
2844736535
2750150005
629473298
1899902288
1830113832
72277344
3608229438
1647840316
519746853
1101522053
3666446693
36221222
3344965815
3550180815
12885649
2555243711
2221312967
3678132839
3487977342
3091887739
1042580252
876628606
2989408025
3868559963
4206816547
1442226015
3404538482
2799776346
1338444660
2676209055
1523262478
3365343272
1029124307
3001099064
