2846061031
2688771500
2726990884
750016320
4094262478
2777837958
876147654
253139454
3282950476
2286299079
367281512
3281333315
2708477512
587137201
1123630470
338979155
1182061313
1510199719
4094936553
919241430
574645968
2364061571
1891176925
1251559189
2099467872
2889323193
2609742796
1251559189
2099467872
2889323193
462408736
1394271910
2243316800
17773521
1724006959
3084289782
1314557972
194535911
166231509
2184677811
3985690901
1370495823
4040724809
3671712086
1025740855
399405115
2481356763
363464584
