2846061027
2688771496
2726990880
750016324
4094262474
2777837954
876147650
3796474601
2128599909
1173467485
1124420623
931587716
4098640224
3611555008
817464737
2743448826
4229662646
3938751168
743729093
1892460191
3361760019
921641897
2999397449
2930781935
2280517657
1161082662
831558659
262500782
2434919033
313457792
2399968815
2709104983
1970512714
3290547095
906513538
1353938231
1899161990
970700242
3009645864
2371250309
1103742466
703192667
3956957902
3092913156
652117971
3423860598
1341269283
2977785241
279350931
3543759043
3421352872
897978213
4043572490
2787169489
2805079449
1505582371
3639401696
3171997412
2495420322
953843897
3518726009
2660126853
2254085102
1115866824
2285510355
4108574348
1691412833
3948620976
3737450665
3541471215
3082665638
1794174920
1130180238
1065676497
1203681104
3501480167
1905826660
2899692042
2025258415
669756431
2196007712
