2846061030
2688771501
2029932067
694502251
3785300633
1872878077
1038181295
2121552866
1795078116
1240533572
3890290186
4220918956
476868045
2585793950
1083615509
89413862
1967384610
1572716979
3650473555
3803948139
3155013340
3220640209
750000683
186593517
2528989762
2703676151
506888125
638836358
402191714
3511914366
1583557804
405663486
3180028543
2454005705
666378673
2193084928
4128502053
3434056548
1378554035
2612870952
95301280
2150405746
1004136494
3868506432
2342200939
1978702502
2664444588
1464212791
990458183
4070514396
431994582
3492387149
990458183
4070514396
