2846061025
2688771498
2726990882
4262614392
649035510
1999926206
3869176318
3719338950
285989748
3346707039
113548895
4172227218
1695367229
1209967208
442374202
245714242
2324513442
3695187575
1002071830
3187023685
1124246538
113268217
798853903
1685484932
3618704999
763572066
1665224990
3310839528
3636597012
1592330539
709700110
974308803
1319268056
1379881361
3434859078
342623638
2003077730
3985211310
2814883809
3855929123
1850656135
3864188003
718109412
1043738524
218115909
2290259863
808342043
177350746
372034856
1980480730
2248308688
1371430182
1206834710
2604591159
3272699753
4069661167
1948877794
