2760154046
2909048821
942542219
3054554863
733129792
2105538709
2783822948
4101425452
677921774
1669578085
3572101953
2435515058
1091504705
4270113094
1364323444
1577415360
3436265049
3346557875
1910173174
4065721103
2121838540
1163314676
3573303220
586187432
2084997151
2705299898
1634955603
1619491847
3731559374
3666755607
3175297513
1635416997
1749519127
1868119763
233979799
2139497556
551646291
1385525136
3915387340
955983111
1524817122
4098493873
4116235513
2593446416
230224500
2863431951
1548592048
2271064359
3627737376
3086417865
286084684
4128334643
895842978
1991158416
1476164894
354000323
2262944390
485140492
485140481
1650934786
2109535387
4224138735
1346889461
2574903199
2936239527
1715303629
3793058605
3531480251
4170831854
2751534772
2401160462
3113866426
416505013
3128399315
1911001229
1795156396
2154482174
3674206195
1750687526
2226904727
3049288827
1320093358
3768212307
183305944
472183455
4132679444
1297676119
539289067
1640683287
3243220409
3177022134
3888686267
1814916976
3482189179
30144437
2724947390
1814916976
3482189179
30144437
4227454640
626594653
2264498518
4209745497
2692659284
1197650504
3765250180
2739924848
71333308
4178621811
2425205
3462597563
877734590
585490038
3638034291
3462597563
877734590
585490038
3638034291
3462597563
1079888095
3480442761
3641527622
2354956770
1969782244
1969782244
3530024744
388986553
2954947701
609993166
2203343618
1060894761
2553570021
1767517097
2401279280
2119095420
2553570021
3445941825
2133199761
3728897042
773558922
3948086043
308721437
2246776336
3692948112
2714647448
1249520328
3745467852
2265644439
544377555
858809182
2459253656
1961856257
1961856262
2459253663
904744155
649045334
2278283989
2444607514
1854335695
2298240086
3800699271
434463570
1902367654
1730005353
1070768108
1620037196
241721602
3727482857
606498116
4100117423
241721602
