1383142459
1904126363
3973892916
3845971839
2095424406
545088204
1916655774
1724288486
4086042520
2719417040
1181876088
2103416128
2781718961
3776355094
1832636373
1900858739
3773189939
3455429990
908911680
457115157
3039760987
638788352
2209722241
3500207568
2349110297
3342246014
1854399413
2597963495
1248477120
142165762
3651544770
3445453754
1573150230
3423652675
321104817
2374717219
4094150054
2485171284
3500429642
393682704
2615027929
2322539264
9258876
289164453
1928162219
1666998386
217790676
2639379092
951251106
4208587414
2923137193
112437034
2031110939
3955492738
3712977578
15333271
1664667801
1921637184
3280872074
1562822168
2622551911
534765982
877958908
1795802972
1378217396
