1383142459
1904126363
3973892916
3845971839
3078382893
3873925221
2134774924
4246049344
1401351230
253635940
3353638038
3763297872
3207073370
4144489932
1494741378
628124266
1903786425
3229863602
3202027781
950065265
4097799926
2121330282
817008662
1049386600
2673325410
1831888950
1471441282
2822958918
1625932477
2255736456
39567720
1947091172
4250418776
3381833008
4264082501
3403820845
4250418776
1855485253
3627409020
4186832828
3976666042
2413501173
3766239827
3397006963
1872329797
2036538054
1322847155
1088931277
770202342
3111606934
2759303388
2389824764
3071923695
1580333351
1770776658
2096830806
2175241861
2505890813
2223627458
3091956910
1526529011
799094594
854312412
2773317081
398681325
1950985144
4063919427
2874947020
3454471289
58225157
3050690876
3342003056
4000265606
3656693043
3437136201
2637005965
1848246951
1918697473
3130265315
3935644290
2202847637
166683621
1794425444
3132128399
2573730948
1967772134
2393286640
4014584239
1801567823
3546976473
3180150679
1833590512
2527406310
1159874892
623146107
4110095803
2585574133
2395025388
3517349862
369702559
2028902865
1134071596
3551246529
2717479959
159513496
1083038453
1281161454
2917916084
4112812849
3461520844
177645399
1742209971
3917027218
931536945
2167114504
3254226369
1339198630
1504482921
2711473192
3237604129
1323100742
2386869431
1355097698
4047067034
2711473192
3131761041
454015319
158545341
2832625019
446381035
3821327920
4067810793
698593007
1799458451
1769115389
2852702508
