1383142459
300164214
2647224501
335000529
2254803986
3500720327
2126042249
1657787951
3545350887
2562341996
705988746
2845548147
309256239
1140190567
2752486406
3417478188
1593316946
3576237215
790871602
2091106552
197359060
2652091680
136573648
3729955835
3100107589
3345223540
1429309343
1236056278
3942100701
2558768414
1654935066
26016786
2140378598
4189621721
120607727
731529764
2726994377
1273463282
2476026132
108531213
1731901774
563528993
3015921098
920531153
554745115
2939059839
4213665196
2966197031
1314905610
792459523
3131353408
697866267
3899786380
2107581333
1502015083
3629971122
3378072970
1147091070
2770607740
125884186
778396579
3529957336
1377369070
3354778871
2067961492
2298092867
2487547953
444218197
3238370926
3065304371
3567566887
1889271304
524068526
933928233
1288292404
3467815848
2490361013
1345516621
1915838647
286905023
4016308807
1340164329
3483331807
1956430637
749945971
2133134340
3169163425
4194957462
740472243
2334994303
4022983153
2189917461
1095231920
3863507836
2798043531
3760890300
2117709876
1654951805
1786931608
1981765329
1514354066
3459826719
3346057363
2856217719
1647844894
1404790936
1135848414
4104552603
2615146495
682731234
3182976937
448251237
408496532
3633937313
1048460740
2574362376
444315967
2064338592
3159424220
2406925832
3594263563
2221592896
390857987
932632760
3825640250
2058241960
3451443493
1593703242
914049982
3711826944
132886222
3028680659
1619575007
3948360889
1278269962
1803264979
2312205772
298279649
3749799983
