1383142459
300164214
4129182999
3574720695
2323036351
905802680
2842374708
659943760
1106168037
701419708
3027022355
706118005
69411093
3604945473
1890391879
1194760178
1202491131
1843780507
1599515258
377673641
3712882976
70369652
2739807581
549532580
3777122000
2579914973
612733450
248301418
2165887168
2406067404
4224400927
371476129
2274280673
1375710666
2818370747
4171349275
875316236
1288202753
1151765758
2648265898
1578367822
1698533750
647992033
2696186590
1797558144
2802432370
347372286
1358454901
2687489153
658329344
428557209
931870794
78818666
1917530448
4133699248
3418533575
2753490896
