1383142459
1904126363
1511692629
3394366715
1543204539
174089203
3986297490
2124817353
753310107
814848829
2659290995
1549322316
1221733450
997225197
234332759
1905277375
600867821
1884355879
2321174410
1476145847
501670
3281539574
1719344064
2625757193
704991127
1990037197
2634886769
1171972513
138448697
3188870670
2694630199
1275782317
3463604753
3666427753
1326870314
2977813479
3319759108
3529683389
194724043
3216629286
3632100485
2615690440
538786452
2394287047
4266927294
2949589494
1625969156
1591719849
969302527
2549284182
2435277209
4108020637
536593303
2047330707
3886394172
72392130
325427135
127847111
