2760154046
3876695027
1918577037
1364497453
3064915276
153431627
498059853
3111774177
42768829
2977731807
3368535531
1190725263
654261176
3362563789
3759707741
4213170348
1017767580
2704191220
4272012341
2525078636
1185262751
3658848651
1220662546
3845999566
768021052
2151386336
1220662546
3845999566
768021052
2396491218
2780019996
3810509171
1924481843
556613438
2216083826
2690523563
327009663
676572999
4278125985
3669484920
3132217423
2882744187
3295967197
1980057960
2349857733
944745908
1253030055
3639839873
2614170898
698362791
1530937012
935435438
3178815179
1884363259
3940250796
798379620
860122454
950808916
2868492735
1229167502
2307796597
1031192616
1508437837
3348290603
325766640
3390379428
1157032399
1533189360
947469681
3153472392
3842901916
1344748958
3896827661
850392336
