1383142459
1536229488
2473286018
3270530250
445169988
965180644
3047841386
999595278
2788622241
889900794
1732932776
2067625486
3576521280
401876351
58638713
1893507038
1180389220
71841702
3820111559
1711160980
2601158107
321739648
1097720274
558534688
885568738
3357303254
3861496246
1067980471
1631283376
2649734532
1165853045
2423400071
3965729160
1172295693
3184537236
4049913152
191789037
2236658825
1814931919
1666587880
3644760850
1521595883
3256223022
411811788
3813865194
3217700784
3411043016
993545117
2771081749
3954259508
2670420812
3689959915
2224488934
834550756
1760879079
997498669
1341049429
3779468038
3012174694
