1383142459
1536229488
1895116990
560872950
2965684150
2347423118
1618638130
1131792530
3738675773
145146646
3854737144
2436969587
3271659041
2459599721
5165040
1557532330
2219061851
2428462883
3793415638
1407741247
2415323133
3952238845
2128142979
1854344526
2492317667
3511635472
1271210823
116955383
1648828597
1852820958
3059113188
808293776
1703820122
4050788020
670497714
1119517320
4269722943
1343470365
3635463320
4146847374
1402923865
3883528067
928900976
1822967699
278218699
3528196340
517189235
1170197285
1731600270
3861780808
1196013475
807496460
3249107482
2966384475
2454109168
805975292
2724183063
1466947583
4036483792
866686628
2488310667
2715697218
1306196224
1942855602
3887510025
3023490243
807322403
2662732400
216242843
66869064
4026068490
1071463945
2823855876
257885640
2437682240
1566646962
2753918794
2855919965
3062301743
1721947180
3519584776
1121023554
1052993869
2347389775
1743710733
3444602905
1496012194
2736354471
2026833825
3618247994
1001303160
556932410
2119519540
3774720422
4240757398
1651258884
3582060130
454989854
316183946
3482698980
39129667
2355876135
1455260649
1192003632
2488492910
400323991
2152846490
586489340
3548185834
2835709516
3332515562
2781084473
633200399
54999519
2795795433
3883405805
100874223
96141931
1932621226
318820509
366300242
449479041
1374476306
3220561575
1967982268
3622424538
1231901709
2512218668
523598749
1821428123
3930514564
577059868
4189277978
1673014672
3849191567
3094064794
3200135765
2980183942
1926277220
1499193094
3715354854
3702348400
1677828092
178175189
2353566154
3005529895
765469936
583002403
3892785464
4134246386
1917032466
1294972671
3422170040
2595958606
1385851327
1291243381
3735242654
250083701
2051267152
2293695304
1083590073
3283788747
1164742356
4261290173
1915513837
3401500036
276683264
2834265193
1915513837
3447352946
1374433278
1149333772
3625398400
3632392166
1255436045
2303433053
1401456345
2406699162
419361175
596174698
3020244583
3948419015
3088925430
521328698
1771614203
1391376646
3233493485
1171872329
3931859854
1209525378
3685241310
693930182
2103218810
1917018025
3759593282
3621326368
2212041884
1586775538
707815127
3741322559
2044321002
2682870094
521721536
3928538408
1650701491
1177105299
2732536301
2257958605
1782783600
563486536
3524863714
3805600931
1887523912
3379772590
1094202677
3862409209
4276315282
1508703838
1170708774
2312431737
1519059751
2366376125
720635282
4208055697
369589548
2688290377
1853490311
3992261246
