1383142459
1536229488
1895116990
560872950
2965684150
2347423118
1618638130
3054181401
4153599457
3567081537
1228880622
3689641591
2309737509
2639305053
3549620001
3951529188
4001904302
257570888
1225898132
3341777904
2554866685
210519414
2292468374
3272482251
3931358013
1814563401
509350282
872783670
2118866809
3250625662
3147065265
968876413
4112535546
2138036070
3736353900
2273963401
195344714
1453397855
3436678490
2771567028
1817841877
2194247072
112518966
2298672349
514731424
3521808094
2745081117
2507255304
1319623950
3442284812
3746430961
2429243534
1851268515
2607959150
3069940075
4273946334
1276217912
1337067218
1414529534
2474007244
1342639406
3845011244
183851053
967642953
3179610281
1040848464
3997276349
2888871894
2011618512
4100573737
1974921035
4220003375
3409769608
3403515351
2366212145
3490457124
705074313
2366180933
3146651633
3732020725
3934890660
2280812784
1545864182
975539293
2618977043
1350301147
3389878238
2576158996
189350155
3429833273
2888593556
1060478174
1624538546
393757879
961406167
951429378
498110706
1146861182
2512421557
2066397796
42966346
3680612301
1263529569
2355737939
832023523
