1383142459
1536229488
691309189
2024769485
720321951
837307246
2683854624
3375696885
1551862155
3757088626
4103385020
3485123972
1578125252
227032009
3596793967
497356230
963482146
394423740
3402137121
1157020997
2778158874
438082589
1750905007
2104024620
3279746707
1787683642
237425267
2493159949
164527892
3367353198
2304035248
299744158
1678737895
2022882990
412386201
689435935
1130477774
542973453
3349639020
3957680929
1875731649
2431133003
91714824
3438077975
3092167412
3273154877
3989506725
2590454688
3003539697
50385912
2563716175
2810520370
805863999
3256579105
1263340189
2319137762
507516505
2590269695
3616252489
593152025
2769688236
3054231994
3916214704
959814154
98117404
948146109
2936942256
547917315
4219403525
624935383
127761502
1826117445
