1383142459
1536229488
691309189
1791587438
4286838288
3556428203
1314433796
532915788
1300438046
1854710206
3231495664
2132246263
3872260638
3126248260
1079800297
1010559489
3889260967
2719193172
3581095288
1632744341
3485650411
1236862111
220133481
1222379930
2920693494
2020038621
1019259691
3787045518
3779345288
983030472
3617840311
2455842116
2966995012
1256907073
1076735122
3804861232
1006776187
1591619124
3423928964
369079380
4025812729
959624362
3449170638
3647831990
1564831830
3038229570
2129727932
1779057860
3577271113
3250816561
2129727932
1779057860
3577271113
3250816561
1447962428
4109037146
1272478167
3580927301
740800556
2995739838
3524437154
2068070308
3672205154
114830638
707148435
2491483148
1899358088
1858935355
3727077152
4141385393
3744970956
1303739220
2158872477
1222044011
257208199
2592728963
2966448447
319895799
3748341278
3604511475
1150758502
494890055
3529442927
4003159736
1360235585
2699091152
1388277707
2899628806
388083034
3112795145
3650044222
1474694916
2480001614
1514819409
3799060526
490617099
765787337
1523654093
1947201795
3223735111
2015171640
2115375814
3687346545
1536387692
2534196459
417111608
2427462714
1801047830
865507731
2954465130
365423837
889608655
1825844628
1507145084
794772157
2223391491
2539287608
1838255812
3009032847
165611844
1594705039
2901238089
3987033609
616730476
2081282537
592480329
1712544694
1523647450
2736903125
4291795591
239435795
2551982652
1642920499
3164711773
4022247203
854838861
3405979202
3311159368
1017944135
4185544699
2721086833
2666669341
3317174167
4185544699
2721086833
3166351796
1316304663
3759558356
2635399253
1079529787
511216196
2954621831
1606992579
2669571083
625362500
3153591673
2244534112
2906060529
3627148764
2272048252
2952169619
450867857
