1383142459
1536229488
691309189
2024769485
720321951
2082629962
3526524164
3460661154
1527774684
3576774328
1217616919
3407629038
1939479013
927017794
2722681353
216007514
2638905626
4076308784
353237073
3289988232
1830680207
1890499970
1024510121
3959688304
299458660
923716416
4020041649
3109135204
1978328022
4087782277
3438021834
2301558073
2220845882
2139098274
1871237092
825216469
615377175
4076083240
1045856685
3294929064
3464182917
2939085619
2267473878
372474766
3117314424
1392706013
312145957
2811888135
2144897163
2932624466
4229256096
1175944022
1847558067
3673717609
552782276
3287492839
933397228
3885405764
2284965602
1405742070
3453680254
2416024850
338268914
437738636
1392837712
4048128860
1724131921
4292889015
3931763513
