1383142459
1536229488
691309189
2024769485
720321951
2082629962
3526524164
3460661154
1527774684
2091177754
3775313333
1653187404
2558726625
381538949
1641899945
241201027
1244371900
3230151116
661799085
2705209598
915595651
3970216321
930267783
2248792863
2962099109
505862902
806582934
3775381071
2164360056
3816976065
1980778754
1470654658
1658268692
48662819
2348182222
2185573923
1322948772
1434468693
2870152312
4170412722
2272615431
3626503591
271482830
3792917217
2488686391
3541086890
2440014616
323235284
3756438609
2066782717
1228239973
3630352223
90723768
192201647
2986779233
1010327813
1402943907
1794514644
3474281698
1163578494
389941238
1605053808
792826193
1943621643
252621646
426813825
2059664360
4269442169
3141097350
1023300344
1978403364
1859856285
3667805751
2244155287
495158531
1121899683
3667805751
2244155287
395747196
1727038013
4272951465
2716680457
391977898
1715144427
4064291664
1357177398
3918955512
1272581364
244965131
3799735994
3773522552
4202156858
765666205
2950184961
4002443073
2135226900
2111096534
2914764964
1229834970
3942729174
1847639929
1485145703
2741387176
65238278
2260897705
3401066673
1491968090
2896610073
437688762
592307885
2808473933
3186323322
472941680
3040929057
655715786
2255557193
409076673
1050207505
2899144186
1371466836
1062814490
3981729587
883844933
526000267
1200977422
2099555881
3812081569
2416710099
1778819966
3249576224
2935684085
1655605520
3272331734
2815074837
1963633224
4237027445
1245426390
2541151160
51236355
3018095365
1680903074
24906392
2532420501
639114899
2979381150
2334418873
2668300141
803385963
2373814300
3361337575
1607750122
4013810924
2958734565
2201126133
3833124475
4286293884
1831743383
2238946258
868467057
2699181495
3349704505
2000804415
2652907007
2869123677
729644651
2610219885
468381531
4088879902
1811401098
4172475365
593795299
2221605423
1695556653
3428861308
1341997951
3908229555
1802493872
875728400
2791769851
2815572419
3375732365
1445558618
992699009
3958025521
514335870
3941470440
2215231398
1405724532
3849977303
1983700920
417034486
3474679844
2717697898
2323099656
3834650438
3474679844
2717697898
2323099656
3834650438
3351164644
1696697491
1837388371
56884509
1680612911
766477105
3194996780
710564836
1798199109
4185644974
2787544590
2112945416
1924320801
3087668794
2322031528
4243395689
752419009
2334199278
298865660
1733960765
