1383142459
1536229488
691309189
2024769485
720321951
2082629962
3526524164
3460661154
1407655181
3496479732
1159891338
3407629038
823588931
1588326505
1657776561
3429333218
3685261023
4058106815
695465806
1793509123
3434558966
3618652935
3280526158
3848237162
2453652806
133105074
4185946116
729563984
3902841590
3194877475
1503102786
3755736849
600390335
1511527378
3790433678
1454820683
3735145735
4050618545
2583954415
502933715
3891305086
429598387
1983675925
694235061
2635117538
3885197089
2227965010
3197361752
3721180459
3885197089
421247255
2198920093
1630934402
601093471
4083158136
2889702872
165550062
3417642458
854671394
1215468769
2603718920
3689783233
818755531
292886027
396397252
1992601037
3048602159
951291867
1132344992
3323747588
1443333418
156947594
4102591291
2882912923
660694803
4283257581
43980124
1573012732
3514229108
156947594
3172971808
1809319795
3945367805
3843507843
3336362808
379086291
2195933288
2000543650
4078293058
634544657
3180523653
2455549235
568305415
2101831261
1833936155
3630604057
2346546528
2590801593
164875237
1879237256
3896668188
4193483717
531931712
3488619691
481497410
922371106
4214919813
3866388029
2398279369
