1383142459
1536229488
691309189
2024769485
720321951
2082629962
3526524164
3460661154
1407655181
3722042985
1217616919
3407629038
328103455
2726098678
2062469639
3971440680
189600073
2365679898
447590503
1601126804
528795
2929770696
1420456549
2085903348
3677077469
3758478821
1687689367
3199092885
453559316
1038053168
1585448003
2106571235
1404705155
251357562
2040257622
1368932521
2661188637
2591807428
1748688536
1002086482
1539087717
3840579834
2067731175
2795073498
493621638
3935623630
278817635
1114198170
1937931134
538040694
306333706
553559792
1591215713
982326121
3198489737
16177501
1732815204
2517292370
4191589445
1730485221
119744210
4180638103
1818622953
1178600164
2356007056
2789747101
1818622953
1178600164
2356007056
3758138897
2413618950
1684600406
1156446739
2941905731
2413618950
1684600406
1156446739
2941905731
2413618950
1483734592
934526807
4247903952
3219973696
1751121670
3248182787
510348892
510348850
2806662647
3479097505
3228566966
1476240571
907195108
2724831071
1018132593
3332754140
2770849209
1448455041
3757068
3289286982
3392161592
3251749183
3625586401
3900754723
1456670455
991076681
2022150404
3348577358
2685607648
2550560037
2806890039
2977507892
3817738701
3976646347
1751426415
1751426305
490301872
2327103677
1348461216
2122387054
2206008704
2426483387
489470097
250646442
3386299544
1173014646
3419671314
1224273248
341847098
1554486046
1903241356
968267688
