1383142459
1536229488
691309189
2024769485
720321951
165707839
2817561713
3146225367
640021624
2059220258
3815000523
1632620295
4093988217
2288178833
1919444028
3326802641
1759085743
1332915817
2827542280
784639835
3110632998
3165673408
3419464428
151627219
3537884885
750021144
562805773
4160410918
3757232579
3277837643
4124626175
4086100294
580964809
2693486341
2014931956
3057537484
302642958
1507994817
2215548751
3352673143
473905361
3322237762
2112892190
1762359398
2541987408
2906643473
2525434800
279710607
2282470218
2733005638
1599816648
1743853211
3548437111
2172117390
3367712236
3377412280
2010179522
1982130838
3367712236
1874112288
3174294258
3167219622
39334108
4714787
3786499926
633811604
3371381995
1512077756
2499810196
1809796843
2768184515
2768972183
1593940794
2246750503
1466825973
4101858075
954387868
3177215310
3496995429
664604596
3967527498
2137146880
3407075927
2575182920
1717042080
2699670969
641794019
2065482021
1471883833
2317178628
4057001599
1670175321
3242156126
409796686
3798446819
1996010131
256107431
2172461251
3644226898
