1383142459
1536229488
42044142
562968398
1942916380
1874431930
3249118196
2419234492
564953716
2995827503
2796039014
4122831159
1028075717
2127691912
292902958
2465877719
1052749671
498078407
1753387393
2531863884
2110358854
1807196041
3461666239
4191114506
1562556300
2806595442
2527204502
4179565756
2470289302
2599489040
2619642591
1800203911
157473781
4167083463
3106441863
1684786311
390642837
1493135081
3331034451
1151339423
1826227192
3859730295
2581491233
3330490241
91189102
3576418693
2840349293
2030630022
4023809302
2845016830
767266078
2165274929
2382922824
3501164153
3752360704
2165274929
2382922824
547378459
1556598515
2357424152
2155702387
1586755935
32811350
2573450480
1505038904
3567741777
1106110767
1496543124
1495145660
3253531086
227464134
1260564393
3812709386
4221555377
2084707172
2886116751
2219210857
805711384
3406409391
2116064429
3578224875
84139520
1694884663
1710075479
1835775938
2039538362
3612931470
119294821
3624295532
2057475338
1478165510
519529521
2768378477
2870905978
2087140749
2647660759
3583305766
2328476038
3136127309
4227981690
1385948119
1383313079
3322446604
2572538540
998723658
997137706
1491933775
3109699349
757142190
4251298885
1791171648
3129451179
2197381217
3289710678
899724828
1435570987
1542803756
2343694279
1952455562
2753865057
3888663128
2281303919
1984715045
1855119262
3333723082
3731494257
1275194974
2914437892
4185426016
2452884547
125734461
127320925
981008573
982601181
4098632618
604542273
3448054031
3694406358
3784686241
770974825
3099502103
1960786143
1233037480
4085022814
5121481
841175131
3685671957
543335825
495806065
332469638
1281230663
1011959515
1358726037
3724211809
2857815908
659602064
3900031330
466438837
2350047853
4109814880
2511051482
1852300126
432792155
1630522454
1383570226
714323263
432792155
1630522454
396737431
3827118144
1885740539
