2760154046
3876695027
4273946143
3719332799
2030417512
681491232
3107207520
2182763352
1319179242
2563799745
1386202913
639397290
3253083339
2424115587
44653850
2793369782
240729314
600439120
1198932242
31079805
2841321584
579130390
632521226
969179308
2128355319
3986242968
2774681607
2743745916
1851745758
2894471905
98922542
730875734
1962350430
2098660117
579416153
2667633660
1989157344
4172210820
1593774193
1994267312
3469970468
606010497
3622510832
2987862772
151702283
2324028914
829465518
3076242321
1646089824
4030593518
