1383142459
1536229488
42044142
562968398
1942916380
1874431930
3249118196
2419234492
564953716
2995827503
2796039014
4122831159
1746865048
1259386424
2213212106
232008878
3584866592
1445179353
2014118635
999830182
2223546348
17442622
67476852
2351055663
3817151369
95788589
2690044955
1648219695
2865420769
667724821
3916956140
2608022075
29097472
2448460718
2287869506
4046001749
3915719597
3403500082
757545811
2875933440
3867443638
3456047062
2503526131
837741407
2010991352
358524737
594279821
1828928569
459820333
2831807522
1356330445
3906852117
