1383142459
1536229488
42044142
562968398
183109504
1534134984
3403384968
4059423408
2746570978
3217185348
298995210
913925324
3723084912
194555227
1241601187
3440627490
2506633143
3388010221
468570346
1484316839
3213005254
969861525
1614178092
636786399
3092706416
1789579044
2961071303
2137220160
4138417949
76943922
715371090
1932956191
3993079992
2829927606
2106628843
2883711936
1653154465
3328118541
2025021636
3919814204
1037026037
429746536
4236606683
3209766359
2089922930
789696440
119130973
333618725
3967820260
2824540995
3595130389
3663838078
619902547
4125504138
267157543
2178040643
975650079
51058679
3342756034
134101751
3750531601
3005306719
3043959005
48643975
3024852158
655275729
3010829162
696187360
3157556126
2096376235
1959972686
3351027283
1133810099
3503403996
3080446290
642741255
3925712277
2018975701
1348410160
2366786142
2385022093
1883451456
272960887
2469591397
1459954735
3794542125
3391363784
3738914414
1696134235
3417318664
3356314631
1266834174
606405208
2857127010
1275827687
3803421289
1196478559
807743835
472166778
1937970724
1854287861
3992050663
2897867943
1911858633
3787952676
1975280553
2978552988
1981227820
3784999457
1366505255
3338573354
1981227820
3784999457
1366505255
3338573354
1024949510
2859743220
446530290
2366645247
3828749249
2461819904
113743245
2437559424
3038289693
3934244626
1183789200
571547637
2103124546
1007881474
3561929031
949345117
2882599218
4087165473
1707382798
3819597161
3170319561
2698795953
1396473463
377466248
717092324
2718819023
2664413859
211432008
2191847724
3720585507
3418209260
1335211020
436560959
1655125176
2103429387
2144335305
3954443332
1872497572
3631313714
189257072
166177835
658063589
1884916521
4136375918
3203586614
3784673849
869401536
2597767623
3339562667
3570506128
3673118702
162577584
1170873256
1473157064
2588581924
1585438481
4123649359
1088937311
1967648681
737273118
1957475518
1920542833
271040316
3787751587
2766207064
3089905151
3129756836
4065063808
3376276861
1239814612
3947026610
2743429014
76217690
1292460100
541574304
3027392360
923116410
468070003
3108169493
689071870
4099880848
2290668757
2666974746
500836456
2481253132
328912698
3029685750
943481407
1975146775
4137074533
126336499
1329595095
1098828969
3453483872
1869820422
137977992
2203743492
1468972401
2631539271
4273307464
577061225
1986810554
3276105912
244227699
2347562455
1643198016
3548383477
3267667107
1536212949
