1383142459
1536229488
42044142
2361346442
3741316056
1635006687
3777929970
1654764555
218557613
1553850853
361740601
469681461
3052327291
4029423752
453806210
1446064946
1335863006
539143924
3660061785
3330611409
1462737553
2950297898
3872104950
2953245987
367378197
3142413894
4233490717
3082686358
2780464118
1109415303
3246231210
2561253787
774704645
2109043208
1873935976
3171698091
791217325
1886672141
1651562861
3514395918
1144254320
3273749745
1925144633
3348519483
3596875990
3264785838
3572166398
1173924688
3752315534
929343053
916129614
3956692512
3990805069
89614757
3017000507
811455610
2203384999
934023930
934023931
2983713679
122909713
3360574614
3386582107
