1383142459
1536229488
42044142
1394247590
22691316
1253163903
3630534630
4218040902
2496490208
3144866152
2884637972
3079083954
1554497464
2659121287
2958054837
3821545912
3871839218
4014870430
2518849518
2903309782
1017544598
3228740258
1504433739
3736686026
615776103
2785572171
65748861
4071179083
3769487147
583453983
1413081282
1776820740
2773705398
3551198860
1973629679
1087588714
4135510611
4277744131
2619082760
956059459
3270966766
1042426074
3661944178
4182468818
1182400351
3321293222
530736785
1090467633
3302439121
1123776434
98822377
1522448713
143653257
