1383142459
1536229488
42044142
1394247590
22691316
1253163903
2185992845
1413149606
4197115880
3643103816
2810021375
2622746567
617987276
1886292366
533319976
2621884369
3730420171
1251860288
1781585813
3964346081
1235768535
1712842591
3616142231
1955521449
902221033
444170081
111893587
3934947633
2785466025
2310628641
1232063465
794521168
4129333776
3608660305
1637050063
840112133
2832966718
2894696918
1787578105
3970391750
2984158131
1819950769
447042604
2279234783
1078609997
2228796494
1683759212
366472021
3952864710
951654078
669454568
2071974322
923997872
3398632710
815380395
3656685456
159581167
1336215824
4127007583
3994734741
2053242158
