2760154046
3876695027
15456914
1054752575
2590706408
3110385480
3859015490
2590276778
4200743325
4085405142
1672569403
3567837950
1202637440
3252859603
356951817
1239311955
2744855398
470868065
144311399
1472050578
4188905948
2594048254
2792535528
1920405685
2845926323
1905848969
3221677633
548052147
245316819
643896642
2722699938
180832105
2592387656
2867844574
3139073843
2950767179
3225844461
2556272027
579026168
317217646
2691058266
379546309
3529817611
488641909
558124205
1190482440
3723423737
3126849884
558124205
1190482440
3964635712
3688106741
2308223143
3995446786
3750022075
281043141
1094239647
1636132324
210434767
2751768324
831946951
3597961513
3057156516
1539174285
