1383142459
1536229488
3325256415
2544398231
3320370629
3113176621
2902829611
4053625713
1603108671
441421516
3535132478
2575819609
1107261143
214093159
585916501
1421468121
2351684904
3485396325
1461280160
138341461
2447872188
3261591158
2104967996
2397102719
771947209
4087646196
2757694181
491085124
3363341081
3699627617
4071455571
1469149611
4054924178
4277340347
1490240130
1469149611
4054924178
4277340347
1490240130
3017174426
939418234
4259738974
2473651373
3478619674
1666409246
2440889605
3372672400
4108920432
1278886803
2806756424
4281357533
2034998697
2840970636
3410990150
2686721816
398907742
2377139035
3418891446
56822093
4248339289
2387540201
3020672580
1679136353
3823211609
1431060320
2060920182
1911637445
3323167619
720352419
2037893294
543638064
3769044997
3919241399
1525985706
226737243
4267940253
1617987605
381996055
3651440923
1148889645
4074176788
373886839
1984901696
4131031887
1639393858
1522613439
3444350386
4131031887
1639393858
1522613439
3444350386
6642306
175739506
351493815
2206138298
705601259
590573145
535901749
2289866552
3811578651
3912031211
2240443654
