1383142459
1536229488
3325256415
2544398231
3320370629
3113176621
2902829611
2326692077
616469667
1821474613
4191944011
3671343339
4054872101
1939601129
3973482937
2957920483
3661104434
2233447623
2132084330
2129480639
160300691
494316523
2555493168
2964296353
1449502157
3152071652
1668478741
3842588257
2139071588
1864387497
322065574
2501365926
349265967
1093118180
3072649621
822177173
1154701292
290633802
2671966639
473238973
2849359543
4199921789
4080259689
1681472990
35017517
144150433
1667279726
3065229351
3674254872
3280418391
1540088395
3977374257
970541907
3113277518
212926636
1935091990
1288903539
3270367255
629009804
2123740904
3413474786
577176085
2329230138
1958643703
1242073966
301804429
2513773677
375382127
65428193
1602132923
4048275014
3853554494
544201962
2224004001
318913196
