1383142459
1536229488
3325256415
2544398231
3320370629
2468708624
684785484
1664811463
3442152841
3512473391
4139160409
2022199357
3988968003
2443528619
142357826
1304347825
3811424975
2941117881
1390374665
3819206289
3575883307
1015210955
77039630
1842087750
991840909
2241490806
2796865236
680134064
3826625335
1392541810
4206848503
1740660996
2614096145
1953568323
866458533
402108472
2480914392
1125624192
3599076931
1123975118
3398616524
2106060425
4216439702
999395747
3452629212
2438082950
665160711
3104663701
429604073
1127601726
2212722934
3658843254
1581091734
617887934
3877541722
2891010495
3266772721
1651881591
960470269
723124418
3507532399
3183310625
1159738838
3683176772
1709177702
1736409661
148429467
1589837944
2408954871
2075200663
