2760154046
3876695027
15456914
602171186
2270253797
953850338
2853098875
607131167
257173201
1590635417
3479546329
4098606049
534471517
296361809
86047575
2717308667
3438889424
1416641534
1232126388
278562578
2585968616
1056215620
1514875398
4135785804
1299606288
1150713691
1673371477
3176028906
3805309350
1818540080
855894076
3849486615
792542455
1539217020
2352586214
3937360587
1126045952
725483865
53872060
662507996
1964628564
3520067576
244181256
1760553275
1094854781
2241492315
1524132779
1205467451
4042072142
1992702065
23493402
2952217402
1810633660
2899188068
1831930917
189991958
3636688788
961268553
998390465
1106919527
3318894471
1981956837
4133566006
3694704778
2246154753
4265185020
1059271017
735601681
2567313334
902343394
1789917934
1489145724
3366087816
3828228286
935222076
2774653662
1995546972
2164089920
393266509
1906155557
3493394659
2861232020
470695946
1829772951
553638945
3338187134
1384357061
543469193
3021964082
3166330354
581520506
1347321398
142682291
563838315
