1383142459
1536229488
3325256415
2544398231
3320370629
2574259359
195319814
526323070
2316668672
3705199573
1786404240
703557085
2533343383
2381887078
4218903523
3875559749
1066558900
3121667430
2255783102
2015311987
2182449886
3539534500
4226936534
1976511922
1631963572
1234790174
1634399019
854232545
648467375
1984584661
2288562347
1505218923
1066975128
2777931026
1114221683
2662961746
1038255193
3148807178
1163544389
4192503389
2391028593
1535874179
3748240976
3515195234
1551665343
1100394354
2906654671
3276775587
2701845352
3052516880
1495735981
1021503937
3946305792
597488891
1169979435
4215717896
747892937
2171563541
2498579159
3200824282
3941134508
331339204
2179620143
1111305054
815309227
271506217
587916854
2920059842
2151232418
62268763
56613847
3051422282
3281495017
509407253
1758889940
3820327512
2605764726
814071672
2619574087
3615976124
2392317986
1651859859
4028688760
363154822
363154823
2207181393
424040042
2015523171
3565439324
1447849356
3290031463
3637156801
576101824
1608631407
385064115
1799669020
576101824
1608631407
385064115
433932708
3352578485
799624307
2287026524
3862417524
2307950802
475714747
1430817895
2531500026
756474278
3310048739
1362131032
2051796536
1165096016
189607406
2006634155
3499447399
2890053410
4078954114
1459399860
2329964647
817388072
138157867
392305021
1610787921
3484789160
4154507885
1763989946
913901594
3169917355
4200865862
3574124822
1032245253
1113652912
1116113276
130374275
477133290
541466327
2040409514
409171719
3599285550
3302484415
1786722540
583205235
2896842569
1390823898
4058077668
686348566
4097369911
2598324345
4160964918
1161870305
2146037324
4223787436
3861904839
1954182444
723985548
2885472293
3374371178
892126854
448257168
2225392920
1803025500
2541480880
4267563918
1615776262
3164533799
1790294274
60000572
1539051106
172950438
2489061934
1217145871
231735280
1385344592
694792035
3592596777
2634347706
868023092
4177797935
2418152209
284813240
3086384500
702901500
3688382931
3556101418
2865779881
1459753752
3890980382
284196074
2726380127
3952286339
2602158723
3728133435
769059069
3261546759
515342118
1470441466
1312617389
3697900358
1964579351
3880555260
2620200861
915995904
1805472533
3240671624
2645588178
923112015
2416576643
3268614001
2720807431
586665646
1507539493
3415126734
2549163043
1845204622
383214085
2170209032
1514852767
3459382308
3858992007
3524812867
2597665430
2799960147
32217759
504507837
584086993
3166921817
149274494
4075752915
3802066178
1964198927
1315265266
3655924735
3047128870
695248044
2576945578
232930321
2409193357
39864400
2732917502
1162067679
2327694332
489712369
2815802319
897594148
4184413287
