1383142459
1536229488
3325256415
2544398231
3320370629
3113176621
2902829611
4053625713
963064451
2292024712
646812102
2762348298
1046480574
677095934
4028841072
3542909392
1593942878
1274738214
2985313419
1545550901
1271978504
138799685
1183290425
3428014262
1256768187
2551511535
4031675192
1202503038
4233741090
1352105590
801617356
1121892613
3726207088
869697529
2491186704
374864092
639003130
3604884804
1133817658
1843501122
1158810743
860327419
737423373
760477611
2755859526
1418416376
1188299881
491738115
3444665346
859492559
3810846926
2800097597
1607255169
2416891555
2828674847
3856908049
2319771575
3604752109
2690011436
3851722975
3136549072
3916664346
2681015057
1986216164
1990950127
862555420
201161888
2303129228
4294472583
2101606827
613518832
2348064619
2761453115
2758812507
108244199
2376882305
800053053
1523178925
1973759229
3043327688
2460643117
378411403
1988633788
23199242
574138349
2507740714
1866525240
