1383142459
1536229488
3325256415
2544398231
3320370629
3113176621
1903499231
4176568862
1630019319
582823610
3336295186
1222971510
1293005325
3300551734
472404167
3278523959
4090459461
518015616
2716919754
2914431684
4073841355
2924028817
1804603432
1589427053
876257921
1476078685
3672003173
2448188930
1154049239
3275581167
3096517411
2892648027
1967870060
1099023108
2515378125
4185975116
2671497465
3669898538
3995125036
4269746913
2542580875
2308879239
2373036953
3332003090
1270819626
753977368
1129812158
59760965
1807401487
3374189417
1928033589
3588550649
3051541198
3255502968
2401139750
475749961
3909074989
1400263234
88363096
3313762925
2817222498
888310568
185001276
4001579458
1057691257
2645548831
