1383142459
1536229488
3325256415
2544398231
3320370629
3113176621
1903499231
4176568862
543383279
2442255878
590463607
2141782829
2815530659
371398218
2584622276
2725312014
1166706543
2825256913
2154691380
102859623
4174723112
3172452827
668063855
837449519
2204395035
597666906
3224770706
2010439380
1667119826
678170293
2256280315
3995857439
3633013752
1550111853
3939073876
4264700460
70817921
2864001395
2416783536
3280817786
1798734863
2070506434
3134670786
2314304790
3864405424
2406940166
3480159418
2534561759
890361955
326315583
1276411444
3490277867
3171350208
772513992
2591702175
1979126750
2890862614
4258923778
2873557319
1951620392
2017555287
4224607662
3208472537
3504334359
3267297514
2537484108
1004943241
790455025
212475373
335302401
