1383142459
1536229488
3325256415
2544398231
3320370629
3113176621
2902829611
2383026059
538575813
1013776739
2837938973
4122952263
3799032954
1900844321
3274047389
2419113420
1489691710
164803148
3517589442
1578906665
3526432423
2567119552
4094475755
3774343315
118331890
372130762
2101725332
2823450470
4157889578
1680376055
3601240515
843641140
846028032
1912106317
1991525381
2756214609
3890313010
2933414218
2163079466
617793285
1626251466
1843564508
4097569589
2068482861
2670491269
243725509
4102833768
2769767200
626460649
459465284
3381155373
937683680
338196315
3704762025
71307864
1472228498
1829651485
2963814688
3881020465
3485833142
599863028
2933086109
431561145
2494259408
3419156702
1701110157
1685465285
1993152296
39273040
584123374
1607617903
325042019
2135723010
16837184
3136656412
3744118239
1749089275
2244318674
1452965516
4280653577
1801370290
105363067
2188360091
1369567436
3709162820
2248933095
3859661776
1797241529
2938660851
110595702
3587474335
2252524520
1610945133
3576440943
2083054184
4289197201
3476894035
1279968577
1653877135
3970624235
3659622339
2667913016
223385555
654907759
293770311
1420225724
3284510286
4054373340
462212670
702659500
3308968374
4016264970
2100748257
940746522
2856792049
4016264970
3073285145
4166730480
1779354139
1989199700
1699541103
2532604856
3028135699
1764818557
2729217535
568031725
2813693066
4176010538
155168078
3589247855
3325273172
2594923790
117031190
2908470913
569542984
4204814503
192352451
1450360534
