1383142459
1536229488
3325256415
2544398231
3320370629
3113176621
542520004
1704248119
3406282057
2543811603
1600464353
341250438
3425666056
946970970
959037117
1865573470
9780472
3930625984
4274156486
2001077767
3646296649
3450685233
1491584335
998643868
2365765378
831361486
1692210538
1954740903
955137445
1802388335
2439311810
2382036109
358435912
2824146950
2674895057
858742145
2960508873
4266204197
4165046344
1791185872
1381474924
3220079045
3619407483
2557452688
1409356966
1885545089
3288804476
1599041774
120885371
1904268409
3396708901
874387176
1352773290
638970536
3442819746
878864334
3017504165
4048699147
1788415797
3628492066
2357850849
1673782007
63299520
1949042038
3576857780
