1383142459
1536229488
3325256415
2544398231
3320370629
3113176621
1903499231
4176568862
1630019319
582823610
3336295186
338159686
3907466161
1801987400
1855751987
709342612
3126365423
3871362485
302629520
1182826018
646333205
2462455140
453922361
1017472255
1720414612
1166330932
2175906561
2892433555
1268611570
2080831815
597215755
893902717
1032908111
1657650415
668697869
783122210
312495214
1158630943
2226217503
3249954083
3643934664
2076498099
249551001
1367509305
2773157404
4059050846
148167208
1425793109
3985211803
1416439078
551390781
1696563150
3076137131
1298661806
2101630311
572064967
3625170538
2482531749
126042142
2960155989
3734489627
700760323
1193504333
80159842
