2760154046
3876695027
15456914
602171186
2270253797
953850338
2853098875
1252175753
1687621609
4196840660
3817157536
3719353869
1796362312
931827986
4004220709
984492664
4065620874
4234908685
4058514792
2839725058
1899647372
224250468
1834743635
2040570411
3146981054
623027587
3095447340
1786575992
1444455840
708532924
2252324792
2931922473
1830647695
3050531349
433557265
4196579823
3298080118
989792699
2496287814
3455550883
358988114
1653367780
3153184206
1476719408
1433756979
2051644792
3242378555
2820229747
1772669353
3803530368
2661768079
825665150
1911970743
2897939161
2394463779
