2220993305
3534553036
2162967966
2627422008
847991670
1897816891
2531529306
2046581766
647695372
19932874
2776961821
4095614549
1706335253
3862661868
1645446412
3962390120
3256411656
2913332770
1852144263
2485913620
49449348
3790825639
8933029
471167468
1254571047
1608935189
2558305500
3738228915
684956098
967929590
878934281
3216139204
2627521126
3284245446
1046698593
2317552656
4173535491
850005746
2043887067
2845279024
4164463850
3280246463
1262542902
1606137166
1591339701
2207562715
3963593088
1720162682
1056733679
360124045
473123045
3069835220
3527823254
845526210
340206205
1326702657
1716403895
1557032367
1801694313
3139900034
3771156887
3510910737
4136316660
2768982078
2460389880
1122119443
295578363
3088674
771424972
3165487783
290303073
4012249260
2086398245
2846965910
3580273619
3302467594
1257417069
2595624838
3728697370
3454392831
1234744169
2487144020
2743394081
