2220993305
2809009849
4113476843
3065748646
413894888
81562190
320040051
452163640
56487380
1388765340
4134786379
3694821419
2053862110
3914810245
958188904
171636668
2543359251
1430377004
3061211857
2371356905
485657257
4283578577
3892177594
1695120627
4030987917
2900049879
1404665878
1086301929
292603725
3280796697
1843886723
3375453999
1925458291
2853430947
1059697995
3144372469
1096933976
1857005550
4220908550
4219320678
1427521532
1603789680
878757823
464421385
1433205877
1445386477
2258191326
914045016
994786436
2122960247
429887330
2332736321
4049485966
358068369
2441068401
3535040323
1161416270
2624302686
896492633
1636638310
4044633034
3857671858
2483250271
1056120745
2768220134
265526443
3593104859
2566489039
962386697
1864268152
1198148072
2160394389
2329528421
2304900577
