2220993305
2809009849
986477590
2851095885
222654618
288518716
1131595886
1251138597
3544948940
2194713988
1723224108
3901264712
807055289
4072925318
786260548
368248956
1547781381
943608381
445103933
1176469095
98837540
847226001
3591985465
6828050
2445455954
3768889107
3129653880
4282928011
3385066058
1804111174
925693071
3046604451
1934967232
896490821
3479564264
1290467601
2053550288
4229790116
1469948606
69065844
1854528988
2931381533
2470370224
2261408739
3651996648
4275969233
3505110193
1380988573
3352258270
2181928749
2387605091
2254129769
988545034
3880418615
3380600151
233646420
690337456
610005355
2226776541
3450975279
2042636408
2577819444
2440123654
1440981253
2855940668
