2220993305
2809009849
986477590
649819824
1962659042
2098976937
3540765927
2190524847
640021624
2059220258
3815000523
1632620295
3487347065
3015387793
653371631
3633976354
3478516255
2125415700
715544263
3113904028
1059192209
989451383
1242785878
3234309337
1366107801
3868188895
277651886
4220096182
2306797223
596546897
193368500
258196077
1825607684
3018060022
2553084245
2003579664
60676815
1211163537
2990166332
2436230300
2496409832
1707636423
3816025290
2822887597
323649774
2065524746
3272670878
1261156660
969649191
3369069064
1942270539
1694494941
1962357659
2625536115
4268289135
2112354966
307028173
3557942744
531825197
2580073305
607573481
589848621
453547657
892850389
1843969803
3471814453
1502406087
788071619
1062277025
1897267290
876152802
2433027354
115516884
3638932540
