2220993305
338353847
2963270496
3775194664
1956037099
1337502675
3725732243
4246574131
1393393789
9305783
2512878793
2310045295
2659162194
222537993
3152150660
2021521108
1522801620
2271373033
2031033796
4235032160
1527943753
764973996
322396632
557097488
3105797166
282642494
4146248031
940758849
2146546316
3173578163
956365395
3008324303
542320486
778955032
2135035940
128335401
1617645527
106949230
2617084097
1115836565
625942891
833909779
929163484
1550872555
3668329204
2709045376
445497052
2769059554
556036354
912736168
3429731589
2266317909
1154863344
3047366579
1767721123
878241462
2816955370
3988513512
556026991
1575067976
4231678530
3727106674
216476207
614277704
3009156730
3822510773
1767830276
1324151082
1597912477
1259492745
2733154215
4268777213
3037294036
1264767257
262090682
4275120810
3793610509
4142314101
1486671476
4130610983
4146517615
1812890421
3405066928
2655913970
198268849
2287878472
887687979
1119652519
175846787
1819368386
615965926
2861049730
2760870989
170351902
1901583566
2135640793
1310855702
572155443
3624981662
2857418035
3244874301
1512108721
2665793578
272607945
2239047863
3186221135
4113457003
2064686095
4043624298
792394179
993517344
3842632073
3759050059
1848659503
1517508026
3561854686
850055355
2972042818
3886548646
