2220993305
338353847
2963270496
3775194664
3007601786
3850963119
1948486383
1326309591
3776836761
4251645503
2412326624
2250848939
462116868
3039005015
2543477847
2359104166
691772967
267138307
3615361522
1425088267
2862375974
4122259925
1627272107
2543210483
2598885872
349772436
2071872050
1460108681
4075042751
2968997757
4122254466
2742667351
679011645
4184613348
1172007815
4292428657
2768505964
979926996
3725928091
2324055177
2788195043
1030348614
3345182187
2026238874
1881146947
4167795619
73667510
2541617148
745973695
322610128
