2220993305
338353847
2963270496
3775194664
3007601786
3850963119
1268325601
1475223111
3326385159
4251645503
445679454
3214898415
2636552687
2250370846
596075423
89180347
775223413
2422683041
1846169228
824351615
3669113795
2782986289
664374925
2063683543
610672604
1867787195
4076226836
2976086361
242471955
3617864553
4187069193
299261641
3523466811
1015524974
1262665720
498047585
1635477646
1286460188
875096859
319074343
873020432
2770098248
3339035053
3407669063
1894357275
4083584994
2629949252
1655335817
1246555168
2456372812
1966335177
3684382106
