2220993305
338353847
2963270496
4077574957
1654675821
1102046413
334454431
261643321
2343588825
2186299282
2838787932
4172249620
873740966
255479966
3748781683
2595434368
118574383
4045244467
1309484409
3718474417
3386837719
1524841356
4109578178
3500246111
1244391688
137925066
2641499060
3471994238
205354018
2955195493
3263250064
1911517069
2845689707
452171382
222108604
1165617997
3835822151
3797898856
2432359581
799856898
1414175437
4202678064
1273091064
3751420533
2467724781
3593602326
1103078427
2898823222
1168734198
2977439142
639504159
3059055281
3368549965
1263069364
971858497
1926827513
3847531764
2626482639
413466159
3942337844
3600749804
1211019217
3362434385
3217445290
897476944
1686987924
3716495495
1543045545
3384169781
2180163012
963966671
1688475079
2069734117
4116930945
1071364506
269876268
2883617392
3328418633
3799674551
1677830083
3233059348
4012869634
4194677880
972876096
3287702509
1553606741
2361270438
573274076
104936357
3114058683
640505493
799329017
3186704914
1948280835
3929241995
3043895339
1638817027
2984961000
525528166
3474346637
1638817027
2984961000
370339527
1307004452
380462254
268869445
3200159947
1861889568
3225559470
268869445
1539000105
1023359554
2930798295
3731543867
2962061429
912829314
183695956
3335766410
