2220993305
338353847
2963270496
3775194664
3007601786
3850963119
1268325601
1475223111
1968698183
1316591999
3755154239
1259828660
1618167162
735646247
1761315764
3494827915
1416026219
3663207183
2612960636
433143557
2760224862
4279944772
3608330913
3674965067
3383686232
3226394643
1223532438
3412232559
1889612634
4271894590
1641189230
2976970066
3674650755
132622783
892144797
2445340187
295334966
1321674134
3130429341
1022183145
766110399
2302937145
503494883
2580108366
4276033115
781953200
3259081249
2694685550
1979963513
1739772832
2208076242
690095046
3028312425
3235890116
3154850091
153226025
3517986776
3024037270
255098325
3604631378
95629328
3697083031
255098325
3604631378
95629328
3697083031
255098325
3604631378
3899926304
329990328
