2220993305
3354696532
1382464663
2391256491
466431957
952275573
3745047316
1359356016
3285347561
2086250478
1826319250
4015291755
358535110
456111050
3214575133
1383464611
3917512959
3764425908
1817032250
1037482866
3032897695
403236299
3142841280
855125499
1416451397
2335132597
2298262355
246467328
1568622890
1340225962
2013997968
2470250858
4057477985
1121027842
3548054850
2513716363
2373687008
2004941735
1400854297
1388996641
2812265408
3409538349
3811666376
1969800167
1532846983
4287319595
2577670360
1741659157
3551236840
2554349863
1535171970
507653233
3615459152
299171148
2094752359
3475730181
2069558098
1129546743
949893772
3502477001
1689391774
926051412
4279446181
1972460910
184801682
2554788861
290854928
2234378653
30401358
3697909363
2563177912
3731522007
2646837684
1718167426
957249419
1199807368
3650128384
1885425685
3795114238
1990973582
4068726638
3434698228
2480801277
516717716
3764335033
3701303765
2501833931
480229110
2395618845
2151481470
1344493657
