2220993305
3354696532
1382464663
1902706999
3749254521
3272480735
3569480162
1207812281
3242613428
1333303760
1456868412
2116560301
3667726458
2332433714
447520626
2569243019
1436076345
1857463041
2767789793
3497702506
1344286279
3368751083
3464149265
1365661382
3291272376
3452748019
1524689047
3152801306
2003014
1367710990
2457649206
430824187
2215622740
3010904246
141238601
744015476
4051971901
595072105
3900276917
361073499
2471732804
2819148949
1341308404
3384722855
1781760925
3476844588
458239205
2255922592
3276407775
2629737769
1934193000
556042103
3771477615
2353069751
113831686
3128307230
2868076046
3866245292
477661697
2999999314
2294559427
2262344916
1859731798
1813473363
3391655709
