2220993305
3354696532
1665248899
1078858531
1797923821
984690341
2870717669
2419443421
3262479503
3724705321
1880255079
747285309
2635382773
3654258002
1283788588
3897762432
4188438637
1247186191
1760518159
2970394626
1331813167
1636705457
3359159401
3845184876
4106583937
3762170617
4179358788
3495195051
147213658
82747441
2029829950
1897704309
3952526882
2599476067
4116153285
1783327762
2752341724
3205107757
3178892319
2340021468
356025280
2989955340
1938201302
537322524
3274698487
4086253992
2640897766
323872641
2108311759
835776471
3065584312
2180797153
4248130397
2279399541
