2220993305
3354696532
1382464663
1902706999
3749254521
3272480735
3667952179
4245399797
1505664290
3388336268
1482648268
163866500
1755253510
594858185
129781549
3066517173
1200757662
2378731089
165708209
1433944299
2009181675
3022912772
3865921366
3737588229
1229632264
1084925763
3395382141
3734650373
1589683240
4191108836
2232999329
571950957
3698998336
1801844856
2312275749
262753873
3626190922
276140570
2800827780
4201250014
3899486398
3245811046
303547354
3791119900
2159366495
3719364426
3182871165
3834319768
4074477736
3396455931
422454949
416241658
2738497958
674340139
2308228589
1902290518
2768343539
3136908352
2870154704
281901591
2976391889
1212090301
3919208315
281901586
2976391892
1212090301
3919208315
281901586
2976391892
521092711
2752700312
3889762218
2252810484
2440188428
641692109
2219084143
2557472279
4078731367
2906413848
261657214
2597457920
529124984
123536659
70011022
908042384
1704489597
212017524
3005927846
3964502445
2866937282
65353669
1129487181
