3905696809
3187761404
3963738798
4030126088
1579600966
2039342720
2658637793
238871119
2476638432
1235800290
3447774978
2096875162
1249646112
1114155562
91239793
2337207829
517788118
3303702996
1616884739
2258592509
389406909
2132146404
1248508978
2230698574
1666416239
1484592215
1586096389
330389151
2481704114
275044939
1325632070
3786103573
2144061197
777046597
934310612
3314376699
3984939806
3831844693
1604777312
3656027443
1068324022
3179729530
707398407
4215197662
2469026440
690516606
2688061843
4056652887
1706078700
1526510979
3755822892
2155880076
3892751992
3076259800
3755822892
2155880076
415271960
3024489396
453173961
3119791538
2588278433
1241595978
4033478576
539836763
2588278433
1241595978
4033478576
539836763
2124106732
566630988
3112601816
1270588919
32861624
2660834816
2406191400
4172536198
45706027
2073883304
1154934229
2073747898
1730413768
4268761022
325913942
4036508584
1007129903
2840390482
3721838122
3306666024
1448391634
2040198756
2865044794
4120399002
1413719952
3116812729
1602293820
2129271236
4008468968
3699446906
1224358337
1189523414
2944880662
3720821179
394256800
1499062175
1282663397
3349563558
1599037765
331518793
170011608
1434417784
429953963
1191035403
2465266951
668583685
2411990193
2604620233
521623081
3441052160
1393122184
400129160
1433406025
2545995913
1841979940
4024558824
3690598188
1506904544
1841979940
2516984736
1546383827
3724572447
3927678171
1747982871
1546383827
2816979031
2816979024
3405692057
4276442973
1945579060
4158595540
202596432
2610872669
1616019673
747464970
1943025834
1058001273
1616019673
1414097693
2532946397
3475752326
2558838775
252274426
2913841052
3087567638
220311828
432925302
4116017748
1185935965
3458785881
