3905696809
2874737764
4179213878
637054730
4249191556
53360713
31967681
1070738540
2927144492
2505491476
1508738214
3993977568
608239360
1064156526
2440931616
2993820800
65798216
530252526
3486551043
4058343854
2447594649
3859451439
82705352
269921968
1332870843
334053345
408898189
343386086
2312488265
3315590449
2056210555
2740496129
2950478133
784646131
2867638291
71590208
3216056092
1379168565
3519541421
1721520232
960780108
3012598723
3051453149
70801405
1205342085
3275208720
4242409
3372417724
2927542583
2895782470
1946689207
735707253
648779382
2474814580
2704399765
345711755
4125098633
1621851380
2773723311
199993121
