3905696809
4090184408
2710304906
1323553067
293896483
847985795
2627414221
2162961003
625649386
1985995963
2443548122
3258837463
1720245248
1229363638
2176630852
3492269324
2927563451
2372972315
2786369493
2637886957
4070419787
1717158848
420022394
2592480899
4202701748
3105166329
809725253
3195907617
1858221330
3453090963
1982104271
4098564278
395631605
1279319028
1182165927
2796108335
3520321171
3303520272
908607155
2895410893
1046436477
1666905192
1263726733
1256705973
851772100
2607267942
3142552864
216061988
2575272039
2409667857
2829914406
2401250377
185082793
485956341
3737429600
1919963727
751196408
2424603362
373233903
2781190374
3588187927
2037093176
3769823185
1310342786
2186011226
924160610
162728610
3802811223
3452353031
2023279167
1475623791
2658117232
3482780458
3574313576
422500339
1181976147
2320950216
1137540823
1512949318
3646566996
3596472109
2328170103
2792566813
321732645
1409348295
2225244411
3280943641
1877519618
3261855780
200303931
517111407
2878082647
4201949965
2259764778
3611943792
2345738794
4197488694
2796050796
3611943792
2066642027
659656532
2014109428
649778243
2329756504
2283057872
754251163
775750675
2601795089
2393971355
1452585207
2724020178
3734557429
4126990907
2862723995
1659365036
2997049415
2950934008
449484794
596965512
336558141
1903107559
