3905696809
2874737764
4179213878
3002220733
484594931
1072556371
2606292100
617813891
2504852299
2665764513
2032019392
1317382005
3029276120
448498033
2266622942
1441124490
743108784
2725524436
926855594
1388493742
1295697708
480365156
2050274010
4189824035
4201143493
1443875806
980024510
2125647385
515175214
630888726
3886622083
3471220844
1591056257
3922466628
1697792952
3669197702
591369572
2570960274
3623863278
1145263127
736365745
1611657786
141188133
1145480315
317635441
2439097736
1878188197
3589326931
3910108492
145798912
1868759782
1258370241
3012744446
2828378639
2022409723
1164199451
1835811582
1095832889
2588500836
2206379194
1918997285
3704177270
948096246
3138247183
518950969
2683737855
1846913376
1964171153
695018670
4280256166
2765677311
3879222754
4061266328
3598017322
3612915209
2774748412
513865417
569064923
549906680
1756898464
3097887572
2280507462
2145531615
3386459578
3397684395
36675920
3526461092
3903851574
567790931
2639900489
3234678604
1136822092
3590747101
443018517
2222259357
1754692908
3981823701
2983006095
904200303
1407487940
2543552258
2669434706
4170393218
3092273511
242187539
485973649
2836895131
3366710628
3189873317
2091359959
3906777964
2799725266
3238069751
1992678076
3377264717
4005676322
1570644088
3465006130
2928991279
