3905696809
3777765474
3010239024
3852586725
3882368877
1767308297
2985023367
3765492431
1910134927
1257517751
3840157433
4170392671
526996798
2569350509
683358629
1518388048
3045186290
2004757005
3872696397
1498769523
3424643597
1312058561
775049718
2098862003
4062884961
986682344
2825537478
2157211223
2057231610
3911338755
1954556332
456771408
2906551771
1913460009
312117708
3157416095
3411209651
1222507338
17903400
3490049009
735879895
2684573361
4094313826
2699575133
550199873
3866438744
1716941124
2259980349
1081519966
3849936111
2329805897
3057009585
3576307557
725722024
476016940
1807133594
521308351
2440808069
3589113143
1995085065
3779480692
2644479019
1179254573
2257169688
2589691434
1520163871
1179254573
2257169688
1413487697
3548889018
1348890095
224642042
452784979
3033216329
1110054902
4144180724
1390235203
1176902459
1144768267
2615817972
2151129699
1351997535
3400202606
1090565277
3652374581
2748582174
1593698316
1339961908
3798490124
1164428992
1552383569
2095835869
2419933792
3443059829
3648303675
2077260637
1990323550
3067728172
2051440555
652132081
1667727842
3295157038
4141574863
767196679
2291750706
