3905696809
2874737764
4179213878
3658875798
1946556376
1752241534
3656319414
1255354605
4168975371
1554753959
4162755696
1750460894
3673906488
2338345072
449499696
321570427
944699061
1143565661
2291281391
1018213122
3679109731
2649144844
895984385
1906200333
1757122992
3815410557
3776616271
3790789167
1208593478
462017164
1017262722
3136178897
3879856021
1870307391
1095696479
2632547682
343426895
3188620845
405903715
1379905569
223928363
4145124024
2111463046
691545273
3543307796
1838524555
2701788684
3003429215
1892759981
4022775381
1739199575
141578461
3219543363
3573011060
