3905696809
2874737764
4179213878
3658875798
1038906103
3016929683
499295709
28682107
2955654067
588743400
853680133
1668885837
3352041626
3458993361
2444378013
2272078571
304588949
633088032
2263301675
3258715276
3960057068
886989628
4233989494
70436033
3122532676
519304130
453652406
355613181
4013460304
4239836838
1539908239
3636385437
1538574506
3796921367
3377444781
3719619285
475504545
662304153
1343832245
2415561265
1118418998
531371555
3513471819
562892632
3343333428
3085656738
178819189
2914574357
807043770
1098686459
2594893053
1783410926
3287505259
313779431
3138129250
3703378887
2457824699
612945978
2369206719
1235602876
871446131
385947863
2382704390
3540025619
1561379062
3657398115
3531536313
3083777575
2876265301
1513238371
3742619084
2015121152
717574386
2492898598
2165619172
3058823613
3799102155
1165895687
396834805
