3905696809
2874737764
4179213878
637054730
2347285316
2833712868
1884958058
2385613223
2365087791
2999813506
593954754
407465466
3572641096
1662053134
2841597678
2993820800
65798216
530252526
195271335
1488378102
3827425147
3099139617
770939999
251404799
2472428368
1101166596
34304103
2154091038
1492578031
2721911827
3727624988
1887951439
2497783783
1605611478
3033074656
503852220
3445082082
3651965594
2976546577
615239286
2820631550
312102965
2265803113
1243917913
3331328977
4171624060
737805602
3205161113
1157648948
1681340789
2211268628
1552134496
858057158
2643212437
3667175374
2435496705
1600958927
3952369554
2208398552
615441940
1548461114
2735560360
3084979658
4234088709
694341464
65025365
2444606910
2788048139
2992792389
2408482756
2197754311
636521227
3682096445
2044501083
3197631526
1025043167
380496564
4213736605
2721582595
2681531010
1486850815
1702063742
1472208799
336318381
3544231888
3271826033
3271826035
1432203356
4006586377
2187921124
1918946798
4031466274
643827207
2875618291
723015621
385135428
523419344
2438721770
717875391
3648086888
1226957443
2126144054
3405710236
3179995800
1368284122
2858922230
1530016553
643746894
4217398937
3663138264
918994923
495366302
2412984437
2083724723
3208792657
3281750542
1443158605
625857223
625857221
726746322
4289485030
3914748062
4125668844
101224490
