3905696809
3418589577
2575512539
2247373181
736372019
570700152
3215348695
3996999327
914388241
288055255
1313607644
315936390
270352142
724784438
3130644342
3909200763
2842743260
457017164
4240963117
3104114654
3868931218
4030996964
1712944441
3562283945
2297453152
2045653441
2757887540
23983493
2369836811
1280993438
744248745
3730929798
1211903067
1762346778
3633906210
4188957027
1639014108
1967786916
758246193
4025003022
3013039921
4132808386
2723527806
1666122731
3636100535
2044428522
2705964059
3308075803
162698652
2969985045
3688674447
4174580015
1753450692
1045355537
3474677710
3279408043
1791395936
3494097835
3195406832
1473727504
2493914098
2507706724
120396175
1123018876
1273393470
3894587444
4042685279
3020920659
1800243619
1224073276
344595203
2176935294
2198817915
2218846401
3515505738
1268097079
1472120655
3270883634
3739147850
1268097079
1472120655
3270883634
3739147850
1268097079
1647862129
4151516940
3739147850
833113274
3934142396
1299293552
2933877595
341463184
141637608
3310940376
2477128228
1565405197
809611046
3396570659
6184023
170727749
2382698149
549263659
4072951521
1551647087
3355929812
732045922
4191909288
1104237936
2477261498
2953866021
1651064047
3436262241
514352299
500571716
500571717
514352298
3234217916
2153290318
629602809
2761545243
1650190712
2710737764
3381003826
867444535
867444534
3381003827
469717497
944191590
3929960364
704058800
4220404346
29123455
3552916661
