3905696809
3418589577
2575512539
2247373181
736372019
206508021
2448256346
1272659288
4016965775
1578438935
1754448301
1634915814
4171999503
3332263074
1406455516
800281908
3122754295
235138074
4094254775
1712383267
3364068189
2484820487
95541319
2991791617
2129157811
3504128538
1590461439
2695315250
458375534
262738966
1537214405
1815840624
249478523
554760397
3144049352
1889654625
2751368507
1316741906
2042753639
2477687536
4048271611
1999663503
1343984001
2139130775
4136659066
3695860886
2787026777
3229394794
3807736769
1885358050
1686903936
3280176716
1051354974
4107830013
267986632
2834742276
1416713438
1335273236
943121535
1036292732
1775075759
