3905696809
3418589577
2575512539
2247373181
736372019
206508021
2448256346
1272659288
2887863353
1013594519
2564754496
698619352
522437986
389511528
2191875755
1486032553
3375992041
3042842369
3355299806
4283931277
2038544274
3322576021
3896499445
1911034108
521125810
2089662679
43176227
2871875064
620699304
108084867
393512379
1136227205
77720798
274381222
1745415654
1818182465
4137156474
2853125664
1061534814
2094042131
826232485
1209718566
2225182612
42210196
3485528613
2579258783
633194674
3463491321
877220587
1732928582
1956552295
4236414851
2030772607
3130316591
184979991
3365495879
2793327369
4159030849
1942866337
4224833605
1183984274
