3905696809
3418589577
2575512539
2247373181
736372019
1752241534
3656319414
2289306878
750860585
3221031026
223591572
2204991472
371719566
1531488602
2705464311
1148769128
2743247369
230047392
1797473822
3903607015
1963864648
2817657116
1827904960
1533549941
2773153291
2463200958
2368277052
1933752049
3312551197
216668162
585087074
320087384
2801069650
35832830
899207819
3409462085
3915351234
3810449988
939961369
53003809
2528613986
2154332948
1167087439
1165498927
3876429980
976065455
2430829767
328495317
3406187556
2052336889
105264118
1025333543
4268494533
3308741652
1466100991
509330055
167598650
2721215226
1819572276
3006955840
2884520491
1170090650
3395453954
1757826404
2813281719
629457787
1544608323
2740332753
1545754650
3597516934
1446850946
212172403
2666591896
3355577458
1213398390
2387853620
3090706638
1692946159
215838117
2457176375
3786009513
818707865
4155637610
3395302828
2044589600
3883209394
4076287600
2951911525
635992301
98595595
3424308219
1490986352
