3905696809
3418589577
2575512539
2247373181
408310738
2339005065
1821381608
1701840803
988689647
4164383696
1037019019
2318229965
1385187907
2579677810
3949009581
1496075325
4147927155
2224948948
2988037742
1322058586
1189121955
851497498
3814022443
3178338392
752556568
2732972412
3594648153
3194085888
414725077
597055981
2646248552
2784774440
4204468526
3575990317
1052108945
1137432656
3747453404
350840353
3609446853
2386919754
4040623542
3098135022
3889076712
2023942736
3991431214
592904890
1303424500
2654456926
352059488
3932659807
981051271
4114418937
787185663
1230659930
693918829
2865973908
2528580428
3308744070
1341956536
961078714
3802044092
223193080
1672087734
1628570027
854856046
3049733784
1371170775
2141722959
3365716026
2939018911
2134104391
1072408764
820794821
4144434120
219003237
914075544
1135187425
3976283314
3792091595
959512249
2746913774
2115825363
3996113214
3629377411
1339967118
3355676507
2664546960
284099060
868329558
2957950639
125462490
2207633487
337146178
2074706644
