3905696809
3418589577
1449257766
1243015552
408310738
2339005065
803166046
641680149
224097243
1556119187
3446340819
4131690219
989845081
3968778098
650183314
1380100121
3231114368
2433608136
1543705153
2665108862
247819269
1297112136
3625639478
2223120236
999469606
1627314032
2265228817
366013064
1786782002
1196858016
3176933389
1228102945
2443272656
1030741124
1660022728
1941354809
868729758
2534534706
1658110856
1191433556
1765176628
3349062759
3404673636
185977623
201078171
3261733376
994101180
1160331169
348126958
2702510064
438198195
2873997059
1318523374
1517044886
752009629
1471366396
934640075
3419694824
3255987068
1478035958
3817542051
1627186609
4102539274
2058947438
4270916750
1547029992
717208105
2838539472
4132961500
3250508696
576865143
380162079
2906310730
1886886180
325859493
333442562
2173331177
2393158654
519320085
124642882
3173268134
1045679796
