3905696809
3418589577
2575512539
2247373181
408310738
2339005065
803166046
641680149
3219537916
3816750758
1307410648
477531536
2380009424
3069339112
1566754132
1234800684
2925781325
674208030
1773560038
4214530942
2867637428
325777840
2259497213
2937819962
17532788
2960170732
2264354390
603504103
1907886005
2413017976
446249222
644972286
3699100755
1926438144
651824851
289508966
3386094231
2344667733
2655186583
1926919861
1559221973
3280184685
4122615806
1060667001
1798401450
1697512381
2974731288
2882698586
1746070015
1323831087
1520718177
2292796744
4171228996
2578170805
1555459650
1096567183
536864091
2157156067
1684378781
2126115059
4194197718
124854380
1758886090
4009582837
1260268227
3853974416
690574615
3553147240
983662750
3206756428
1185885870
2592018575
3462353913
1080135837
189253902
1447192347
3438338059
3190637677
1710962539
3952245073
329458448
2613002908
95179540
892100144
4287923755
3690194073
482515252
2260829732
3894815082
3271302534
1695166392
2214668597
1411346711
594186259
3432873042
122441267
3612481041
2306265954
1719746339
950401616
2673068142
1417869839
3794751798
3364923462
2549610570
3175612730
1721659964
2641860880
1699136337
2662279293
962140739
4069009442
494912611
1130037520
812334116
3414349576
1717762872
3260925207
1846945415
595360273
2402785665
3155272533
3072472961
1288428717
1994372412
962140739
2662279293
3021000973
2124941590
1783848046
3968254249
1862916048
437175549
4217376748
2501727831
2287182575
4250186178
3759818106
400991496
3694630761
1524763182
1479287595
2459237168
3998038895
120374447
2079655152
591024757
1608749610
3367747545
3026354054
3970799162
2980591663
