3905696809
3418589577
2575512539
2247373181
736372019
206508021
2448256346
1272659288
2887863353
1013594519
2564754496
3837302696
1964119528
3295218800
4075740362
1187791399
3546179044
157824486
4083320651
2734262787
819776261
1948591881
3782190455
3901731132
3071378032
177760725
2988325598
2292334751
2794971391
3020591231
2587832351
2292334751
2794971391
3020591231
2587832351
2292334751
1082328686
88209309
4271423163
3816202960
2816065819
2640690010
3008371514
2533535911
3202810910
2853982566
3097789774
736208673
2306776406
982271869
4128500218
2777913136
3301505970
1178131111
2576091288
3334878511
1730010661
1142055813
3293720396
1046482505
1450938868
476113633
208152999
1246901538
2570799712
3510994488
1789982820
3969638491
946073984
308445599
78345688
2429584469
3462827746
2366422825
2748470247
4131554260
1170313696
3975971163
3996479699
4165691932
1953986290
1681113939
3642872311
2687546954
1649726503
3311095531
763351565
3194371655
3132347929
2709846944
3303317114
3445169775
1316354077
2543569562
3375916622
167261307
199616587
1470986809
2155448990
2632169819
3900304419
862584500
1493940271
2580277786
3981557602
1581248127
3429525140
1319256644
4246818928
2119607394
1290130819
4271172406
2806423405
3010333062
345375913
3447207470
970762314
3350664327
24456164
441357035
2531763490
100551016
2441438419
1754043190
868661692
2557510626
3233797479
445413201
3209827558
4101239678
1885076638
744521216
2993909640
4008423122
1648531739
4049302865
1418008294
4209405733
1855799966
3077795865
923620399
14973803
2427779712
2406457959
2743873390
999962691
1265665122
1670295027
2067333249
1393260322
1703362275
3408916400
3883109619
4085832075
695787946
3258865172
1968445488
2834457869
514185317
253023164
3108204244
112699634
436817280
1596798331
3110792446
2832983847
1469571952
3272139520
1655552966
3599458529
1090961900
1734098025
3513716613
1181970813
