3905696809
1464336174
84362620
246288534
2324045686
4006761077
2981429881
2461712345
3152503087
3934022759
1047946874
3892776785
3563280009
3947015800
213442329
2645408577
3812573117
2965324151
1744988921
1395392705
197126321
2838964312
949856792
376591750
3284982535
1078185470
3722555217
3589608283
2895743787
1476597460
2854918593
1773498257
700716342
1635826307
1731267705
1086075158
3612766625
1981388321
1725760464
1944677715
4208331375
4140780677
1383758162
2376829101
3909138916
3772820911
197133733
2374794742
2350454075
2569894840
2264320801
781529218
4258676075
2727046347
3191179705
2517926776
1866358468
3795331888
3532454807
46679420
358053333
1043129269
3858403507
1263682016
837298170
2006033264
2313974664
2280711583
4024725705
1067503138
4081016997
2172586248
547676674
3152857742
1384985934
3326034425
1493932701
3071450152
2433741421
1785657874
3971704661
2588081007
4198034532
2385654112
