3905696809
2358802730
3738747768
4258758360
2046783800
3329538623
2568219184
2461712346
3152503084
2245166209
1373146780
307085009
3497919044
2491936328
1278920134
1804826158
194333465
1460505155
3400526060
3276799143
2086621677
948200266
3759562683
2500791701
2747401856
1015062215
2905218183
2516874943
3836194400
1277817771
2807256989
3014132453
3201930470
834334257
2534174355
3118698765
1818042252
2453054273
1674943710
3411788053
748793972
2867709991
4116896486
1542419220
2852932747
777769365
3953329614
2306802817
1371680527
2957677522
2138040352
1096420749
1967253065
618326785
2664380199
812115572
1542139922
3605874150
304709501
4273950951
45303563
983968974
1856386674
3110481568
3488373089
2905626670
3464694343
3804126592
2091731976
842473513
1153259496
1630778574
7406477
3425005928
2730679846
27477733
997027434
1504800549
973225292
403687503
3825459107
1520755004
2796091088
1066177846
1557397061
1002358855
3688383992
2502568274
3275740326
3108482560
471216637
3493529359
3142804001
3491751426
3203942732
182358635
2496496611
3436345035
1585970720
78336535
748902130
2730330754
1235034760
2916454382
170754753
3613447087
1662078968
53886474
3661610744
2100306996
1441715362
2928663773
4203138830
3825992651
2270390456
377965019
3320723097
2387618390
373004395
2972975783
3934136365
1681976137
1341516578
1722299860
973068053
2606440051
4110173909
2004045868
2590507583
1030199539
4197304810
152694291
