3905696809
2358802730
3738747768
4258758360
2046783800
1703441310
988750742
1802776286
1110044712
2488834307
820882644
197379820
2590590124
1487930259
3244916602
2044470085
2916493656
2755018003
1079034043
3463316447
3365600909
3155776518
3966645389
2382207968
3339196470
962831611
1535549168
1706261341
4161870322
3974777994
1989990031
3625025405
3079221435
373488204
2045092586
1316889183
1767227985
406052624
2091129858
2746237037
2276495145
961165066
1277735749
2298038816
1163787714
1796409293
1884095269
78697622
847867397
2348424718
265425390
1989487897
378736686
560077057
2974887660
536477631
3122312585
4042019506
1486150973
1451772714
3895163590
4277432240
845922615
2971415845
963677991
3594166065
