3905696809
2358802730
3738747768
4258758360
2046783800
677674096
1996696702
2708620629
2043637467
1122043107
3544942243
3668677352
4093004830
2959309907
1469648178
3520427361
1437081591
2050164193
1810236126
2943678173
1134945634
4230884965
4276609005
3490193523
95858418
841821767
2979759481
4135212924
2517317160
3065419347
3922839133
3799552951
1187882592
36981356
2431654515
3116343196
4272357575
3931919807
977425007
319674240
1410681051
3201841278
1858486190
3907856273
1034668640
3396825066
475742608
340786586
1831036394
753371181
1341790169
1526809249
1403296865
3440146675
1751509290
2200133268
3820922504
2243897635
953859614
127318641
1492249215
3208391519
1960480417
2677815583
2905454984
1181421110
398729708
1869566674
1582722169
3440594454
1850264656
4197662173
615687944
1637277683
4128997118
2964783761
2048862572
2438569682
2238722042
1849071684
765431847
3791523567
643156873
2860836542
2374593161
1983622268
1122193697
3964371058
1821406427
796301916
3103472465
3068636486
1332460452
1668171930
2458744581
2043396283
2152191577
742426840
1267595558
3647122403
4007180950
1694327352
602275171
4018430891
1951106076
3740603912
4114617955
1350311067
1336388610
3250763947
1012955404
3220140021
570195581
2946067156
3853957328
1991201946
