3905696809
2358802730
3738747768
4258758360
1405577878
39610334
3852867263
1512955320
4271433839
4113677701
255528744
1555788258
3311537419
1800835490
3318083548
106568076
3210010270
1660068771
636108024
3940176614
4036833471
986162544
504314516
3935676267
2067735851
1074876179
1106177552
3036689278
77473718
2524018035
3539308653
1556828937
4204438012
956651436
604351974
2810886943
3072515825
1632876506
1728649737
3926880253
1524947686
2904298158
1461100547
1619861686
3836030806
2234941499
865807106
3526102616
1334734071
3499262752
386045874
3454647727
24515368
2852221251
387347997
1212884925
214063137
1174107737
585970764
4071197351
3642949061
2217169872
167924407
3662081116
2120440506
2455682036
3333945109
3066459857
3034057008
1687992283
595863680
661980610
2740783650
3788783756
467595809
2483067094
2431741813
3653779725
2579053482
2233939685
3321374641
