3905696809
2358802730
3738747768
4258758360
1405577878
39610334
2800308745
2936620610
1426322671
3599557142
1137074280
1605460686
4195872335
2835524638
1324932479
3367281964
1595440209
479022108
3344645914
2191118057
2851995175
505362529
2411051553
557323219
252556211
2314241170
2486036740
2113988857
2998642763
168752244
552261897
2737849416
1049765607
2964120963
1681954378
3065818398
4111836541
3592034525
243803180
2259679863
2259679861
151912617
1762147742
1378522659
1302314610
1997023991
1344523001
3884752893
2610856178
3357474360
2666027895
2991744740
1079301565
2105876347
4123105839
3260684954
380259240
974157371
2204304944
3141969675
2767425370
3346612239
330424685
4156784413
1109636119
2676345130
2772289769
3016207978
2122534875
476008084
3070409250
2560204852
1440563589
2789041219
3302514248
3898762203
1205167650
1479383953
3286400038
403669702
1218784429
3460366170
3869669619
171892945
1232900353
