3302995051
1419035077
4028757010
2713385306
806386458
320849594
1096776936
46812325
3463515159
4116669999
2545572900
3850479313
3135698649
535364968
3688659549
3475451685
1384467850
3929018805
1799416610
3116159094
1925006506
774211056
4139235585
2007537379
294123536
3042039228
457294322
1734992208
1698437246
631422348
1133368191
903369459
4206366719
1179104558
3641363070
3505053237
778174467
1480032655
3230675274
1746411209
1609477100
1074460011
4227828535
2097331222
312861872
1770590267
1580400974
1830108058
376860295
3204333828
891755104
3929228815
4103174415
3277877280
1997651148
2287423070
1668802132
3402108881
3099333650
2158591959
3435509973
3501374067
388148961
2438555541
884616611
4243388403
501173538
3997133028
570437392
922713014
13025573
717730106
3028735526
