3905696809
2358802730
3738747768
4258758360
1405577878
273832667
2714521107
3183168693
2890853976
4258652944
1499518663
3673145406
1024831839
1855311765
697127118
4166136078
1515306674
164217535
3182956115
2868592889
512396309
2475489761
1770408780
2126841318
3400845578
3723986848
4089587648
930026357
4285096220
3292990244
3331259052
2246364007
860446814
1034248556
1570987099
3410423351
2490465831
4052157856
3209001948
4192798643
2210266236
127503066
3018343990
2604891348
1316921993
3412320146
1702284664
1384036787
3352513248
824743900
2378141777
427556570
1847282678
3015521995
3608545154
405170588
1243031900
1993699632
3813286259
2499504686
576110871
3981278914
4227435018
2967350789
