3905696809
2358802730
3738747768
4258758360
1405577878
39610334
3852867263
1512955320
3954428272
3759840410
437268023
3022303902
277972809
1970113869
323813789
1087733136
3584032750
2250211620
3188386529
3473898476
2578457115
3394779627
2503961060
2920350684
2239050514
3702325359
3129838783
801567426
1665838426
2698337034
4238958570
4115221409
239693432
2282034731
2045127092
3612276967
68835338
2803714100
2356771066
34617024
3991394945
160143263
4143291858
1960712990
1574002562
1269777741
4161963713
2403017272
2702082648
1387661711
3841194651
961906598
2225838358
2361337116
4124294508
4172151479
268366255
1998249890
4149839183
1777426909
295908765
368115829
3594235793
1217612547
3706218168
359922599
3808740021
2108433959
195427172
437579965
2654797661
847776626
3924536408
923090292
1751281019
3958209410
3104154771
1239677056
377792655
4257555366
1886041912
1483847156
2725971801
3376617266
1590605375
2197290099
592618677
216229611
1577826810
2408615217
775280119
944169899
794544791
915276017
1068757059
3252178062
2049782482
2059763634
3980975807
1235153683
697880100
3926341748
3812280518
1849474354
2852872312
4220546352
4071464322
1024571566
227245420
60287867
3614440096
544195465
4103590482
2931893276
2050569671
1628313726
1847071820
2515664736
1091169979
3748912605
193711110
2282019583
1560070948
118057927
4287470900
3102043609
1813871618
2758169332
871101433
576387104
4137871867
4058860865
3744702863
2167026289
219557535
1841189980
3424324762
4254628380
3824475350
4173590895
3870250917
1758085900
3379502026
573156468
2207052978
2457212212
2350560254
3634747354
3335090448
2381222900
2474784062
