3905696809
2358802730
3738747768
4258758360
1405577878
3964445073
1224315974
1129365932
4073641316
2740312108
1499425409
449469132
4247792557
3400248088
1842630449
690856765
1225036510
2994972434
589899090
403132266
4086820822
2361709604
2733732932
3617029844
2297442014
114224570
2607582997
1234220097
809473147
1624448001
352396920
3222176138
3188844670
3985741492
2740185288
1933371066
2656615252
3940225503
2260543167
1357439146
2368017843
1255033790
4255384986
1393349833
1328918521
3044651428
764450887
2921303742
3356004438
2576588062
202165597
