3302995051
1419035077
4028757010
2713385306
806386458
1282924786
2160894016
825628491
3038648491
2517738763
3293650777
2547081619
3367383455
187287503
3474766074
3551640690
1388398309
2405907416
3634147017
3991721292
1140637954
135741321
3112774465
2909961785
3728884493
2646365082
2706435724
2830170823
1936099777
4112335029
1655806408
3986136336
1215616806
2995662063
2570792068
3797592549
3431580285
2697896283
1273891153
2262650119
4264093083
3140785633
3354799352
2607738274
3598790420
3336487129
1884974919
869228298
465268634
580339058
3207931869
990990715
2214722609
796302938
4168345928
1779248494
3107687212
876478168
2018589146
1112178527
2397628122
193629566
3700423276
1015159209
3888539896
1545078591
2900373399
871872623
3012140121
3361152557
2134659517
1372073677
