3905696809
2358802730
3738747768
4258758360
1405577878
3964445073
1224315974
1129365932
3109712641
3904994889
1499425409
624488809
3267526664
1828068513
5997457
2980131994
619427556
2003552302
752898
2618764400
170355584
3615561405
3334244443
1270545839
1658564350
1799076533
4184748638
3137012243
3698227885
675990989
3051925346
1729401910
1206531131
3266994490
3198713397
4201860242
875906652
1520902555
848429777
2889541187
4087665935
1299685899
1319394029
1123100709
2798187211
2170634531
2842248646
1648086519
3004689784
1280385002
789476505
2369977237
1124397403
1387657858
1024631332
3797703504
2085571288
3724789204
1912485666
4150726278
2575344072
211860126
2557988569
4279574020
2757702798
2479141947
1568849653
1959607066
486021200
1507614891
1452027913
2143532518
2934936937
