3905696809
2358802730
3738747768
4258758360
1405577878
3964445073
1224315974
1129365932
3109712641
3904994889
1499425409
182391883
3978650922
1125251459
800876211
2730103623
996372398
3871675027
2241493472
1867974981
950836308
707914964
2357685366
342642138
2166804388
44685661
1976134769
2255611814
887051072
1770362308
3229541293
4216359317
3580176885
2944995520
3516299572
1125431980
290717950
2757032668
3293759467
2406835172
3876638203
2872849829
916346634
643279365
3825300675
715000511
2027860205
3888719637
1292316797
3819954478
1982902637
806006248
309111422
488054617
1545031996
9408614
2775374416
3875138077
1508460375
3698065285
2385200599
1107718949
2406880372
2087556004
774711798
3769784202
941648763
1339649808
2749224530
1682172386
4128661769
1128796465
3508378074
3034682334
649337653
682134818
1208762531
197628049
3306366501
2700028961
851092682
4026004900
3403140312
884764693
372614334
4963953
3605468311
3004898963
558798456
1373818094
1717099931
630394281
2261261218
908177060
583923142
2106631270
363169580
1257821836
3405839657
3811740298
1803722145
924474619
2302674729
3638143455
2968291989
1461749781
1885334492
883656125
190835625
2261934467
1257462365
3380366500
2098149780
3819429126
1397073536
3633626189
3798352989
3409681067
2432499442
2666098703
