3905696809
2358802730
3738747768
4258758360
1405577878
3964445073
4219684780
4029289030
1946295718
630788334
2469968227
2597891368
1113949862
3612236424
1107613942
4155384296
899521917
1241122453
3562562618
2294326624
2966802085
4111941462
211495348
155385938
3683299611
1782818755
2377766562
979046628
949150060
252273113
1352094357
3114972488
546259680
1374248865
522920413
2772771883
3010572328
2535660469
506722392
778225765
3250976594
4189117942
1948538216
2496050193
55252252
2334569745
713289175
17341109
2507388686
639493651
2127736982
1779377551
82348737
795082147
3580448526
524375494
2366954797
2638146174
898421585
1127782227
882431032
2381030451
705931548
4254376582
127799339
844420576
3361630029
2310034865
4245976724
1945111569
4158129137
3869563406
1030924552
