3905696809
2358802730
3738747768
4258758360
1405577878
3964445073
4219684780
4029289030
1946295718
932654571
2972497894
2400801355
4011814780
1493018938
2151711412
3144607884
2265624916
570770149
2103579371
3274825535
2242260718
3832140812
3618617241
2917564194
1011678562
2842108236
2828566607
4093657365
1637316681
3560800599
1947714599
4023058029
3386534204
4179133741
2529156491
2049569297
2087935938
3474788063
3913168989
1811291277
1264260184
1148567887
3784739705
3736564616
1125454119
2447977075
661489133
675500282
1359800410
2681310765
1028568154
2106476947
2164344450
1548490732
615077314
3344720700
2183114947
402738630
4095840116
5175896
3141902875
1627702276
761791238
2591893571
1230241380
3890999786
1366253172
4291268391
1749691946
1112235573
2357992285
2208484938
740360077
574384538
4139873710
3703571889
1121129529
2287039934
3471759567
2609110510
3788973601
2258158867
286614558
124485329
2952868085
2599211257
2210971553
4696408
3712826303
1309153744
187113064
3188597866
55432893
2649043503
714046475
594503744
2096192268
4067334097
682843816
956454257
2845538525
1158502215
4189723940
2094560896
637876637
2741457465
2418043541
4181804727
530972882
3487743545
1178955484
1388198820
2786764224
2371957664
1765360565
1547342024
2031507735
1382928247
2219213394
2049785503
439026600
3028538107
1890848689
4275913099
3460793417
3107087693
1841984662
2658336577
1671477488
3487583648
646034016
2515526525
1280827573
1404288562
3511267149
379248919
2243704148
1442352063
1325136568
3446991937
586691945
860438192
1108472720
