2949950322
4266632762
2886671464
4036484402
1585957244
171768894
1418393225
1873058993
3406932326
492879949
4204441900
3104801121
2801270243
874754426
3792674560
1191210161
2322598880
2565700448
1658095474
1104886482
779903604
3299939025
1632786663
2738445011
364770637
21144043
2609520080
2406566056
4146273512
1651008149
3569732012
391790588
1434912620
153077302
4185386851
1464038346
373925122
192769517
548510811
1155912024
923245864
1375268520
3587236168
3694195971
3629377459
4292994461
2276700637
33540494
3048487348
933216120
1958574220
4083200345
3771483604
1659355928
1179538801
2912316943
362543259
2560462191
2879658063
