2949950322
4266632762
2886671464
4019858469
140533060
325528501
3178708987
1056450818
43806938
1414603791
4041478616
3969061758
1228251135
1877095643
2803395881
690400845
2237878269
3551402792
4178246339
375575394
2454379650
4260877480
3594704067
3390952
2124495124
2832224319
3594704067
673802254
2001614848
2705281323
3261086296
2532530250
2998646931
1536769321
1384259623
4153267094
2099868780
3032655126
2424980943
2315568120
2340542161
623445890
1227285267
4228897041
4103060083
2802828473
1632813484
3914256456
2246251782
3276761449
2981628280
100163337
1471735131
3874129286
4155417913
3814060097
1992990722
1612035444
1775329052
517516898
2826241371
1827139928
4272892818
2972288237
2557621964
41505862
1670152318
2953179097
3231476826
1454885772
3274042447
2764543263
