2949950322
4266632762
2886671464
4019858469
1099577451
3255119506
1722817349
2109173172
3425270140
2598645161
2977963367
2326689631
453309727
1218218258
2942761075
3004299989
2804507292
2180958648
137794277
3881745220
3379239716
3932464772
3284756418
1308075174
4049642283
2784215353
1906286064
1582422086
3967488948
1385078071
1399929908
2539423275
3595981027
2475991312
101445971
3783320731
2210768720
3231266084
2083422023
1165295696
812782461
2805744709
2542999362
925186869
1484940179
481350087
2056281367
3729158331
1517191003
3765196717
3111968051
58652101
729215264
1240800409
573518629
1868169646
4124077305
2373656519
1549221704
3743468378
2858085326
4110924398
2174611222
1373196797
3506611540
538159042
1936695850
1194934744
408818132
3137001650
3674006917
3254752386
1403657321
352739334
2234865643
2632432
2823857535
540174961
1418737810
2965915783
3618612907
2940962982
335332037
4280173428
2316914777
3889625940
181135804
461038181
607188248
3130528138
366803191
2339642469
607188248
3130528138
2259233615
3365270257
1280935997
3948286705
1426868515
109852649
724159750
3385376325
1720473400
