2949950322
4266632762
2886671464
4019858469
1099577451
3255119506
637493235
1846845816
3399586991
3920505103
3348859247
1235569163
1975587795
2343218974
2623883555
3056344131
276688566
202042384
3198441718
1870346550
3870515819
2283865516
3629540647
3066299104
3870515819
2283865516
214110079
1456305266
2191599803
3242325926
1519259665
341704197
3998698664
704120272
10049153
1273117115
3323670118
3799586881
194833436
2362509236
2808350687
2622123495
232845223
2838938123
3097413993
43835807
4066167679
2729460485
3090725311
2245491295
833021448
417948647
1719396123
3639176610
4229349660
1849682090
4218776276
2153356895
3279620044
2245491619
