2949950322
4266632762
2886671464
4019858469
1099577451
355536169
693458161
2281538978
3898268932
1029012214
2076347175
3090078664
2950774261
2364440661
688769635
4183999505
3156285422
2344261467
789553804
1772347107
757856379
227956736
3483755669
4257779975
1263287961
4279003368
1856432808
675973791
273678258
3806477370
937419367
1799824189
748963568
625234619
2777093204
887966374
398713604
3513293080
72697669
1896385524
766308925
168286459
4027411030
1944258857
3894964511
3219680563
3803428345
2421458869
556043263
2855223154
712353119
3087753593
501556211
4277983833
2139126029
1662940226
4132763196
2393954353
4230503953
2856624540
1936048043
621363238
2519377138
4006513407
3178661258
2844643570
