2949950322
4266632762
2886671464
4019858469
1099577451
355536169
1267140510
1890151846
3558627441
40710490
1841981948
827500710
647843483
3024683522
47033756
1040840011
2055328723
125830966
3480903364
1786097013
2812343767
151528580
2494187051
553697077
1599627394
3705108091
518310638
98810911
2203592210
1369709894
2610269088
802545105
3423100774
2632242972
3498577950
4022590220
106111248
577869777
1692820992
240416706
445244123
1382071951
1534829441
413133230
4284848335
975741447
935744526
2429691765
1173354792
1418530332
1588175137
1642228275
1095721702
2353080662
2200293262
1141085372
2063683591
2023939309
2488139034
1133586675
1170965792
