2949950322
4266632762
2886671464
4019858469
1099577451
355536169
693458161
2281538978
591966325
4656597
1876972915
3966714762
1909268773
1180082576
4182117594
2283803035
3468157002
1082729262
3508773230
122865733
3966918735
3851580420
1907285927
897678501
1922687998
1591794757
2455477495
1562326921
2421937720
4293320210
3203139802
268022197
406214536
218249483
4144532390
4102609885
1431515351
885039034
92594413
2187494152
3708146435
3024722352
4163198642
627576796
1739929420
2242704485
3792864348
471403099
3074142499
55100435
3688560866
1752887693
3848245173
3068129663
1929822918
2594736435
1022983110
3689240249
3403204703
1159279987
3157518543
1069350454
2214414765
1707985929
2685730736
2318468797
1267673789
3509805763
277696195
1959905269
3044010997
2710879885
60240177
3692994599
2368821531
1600054209
3891406413
2127971755
2789505370
3806561708
980531549
3846127657
1628917705
1457650412
3536450828
2711141599
3050627729
681925337
2478190274
1827724368
3562805724
845978744
1665361220
2220836923
1256348015
3047468029
166009958
4012845834
702078485
1589144377
2555354662
2360396416
1840149045
93219436
3279527795
3918823295
2076309396
679093744
4011956108
2265026517
1905108040
3308307629
1178262170
2974983874
2007323613
901131039
3868785976
1702535961
2108582002
3668046526
3429369593
1098626219
1504673728
3885379390
3575996127
1915405331
2471617041
283047144
1499294198
3049997932
305351491
1371506541
3910353633
1152065685
3229822837
3085146713
2562066604
1069126240
1625211499
3551564662
2362950525
2194363754
3410544756
2015795561
2573057899
1045570983
216093766
1795370262
3439009849
3597111675
1144134032
1657339712
4152524094
330014171
2829108632
3917260700
1211510675
392920627
3643634941
1256668467
4232746506
746562056
1491466096
129541840
1931670440
589957523
2977923448
333137950
3229918016
1974311234
1770454586
3465110774
3596464029
218796964
3047577128
501129623
2876443310
509227180
189434712
2890207636
456089520
3112933078
249682162
1213047965
3267736876
1216187862
841578009
377216388
2674605673
3141113332
779294602
100163816
3727561710
2089474696
2807867790
1097608234
2595905324
2687132503
2080116817
3847550147
1048741829
449850456
837205078
2601961376
1022282383
3119757204
2261364220
246113010
