2949950322
4266632762
2886671464
4019858469
1099577451
355536169
1267140510
1890151846
3558627441
40710490
3851894843
3331915163
3903675899
513906919
2540291002
3295343895
3550810922
2403193456
1532071609
1825181196
1274007942
1787348790
1153263446
1568057480
4211385742
989748477
473904474
147087394
4073640591
3922306174
2088969728
674763586
1599645294
1325877667
296829716
2099021402
1185171963
2429886672
41986107
2334881280
357296664
3358080042
4154351881
3467791329
974574981
726857018
3981910549
1694301230
83542297
219862354
1384441374
1146876776
3563635845
1805386403
3496574207
561452894
1865075448
821613626
2558548917
1079481445
1445320501
3869237334
3801714429
4185816375
2530813329
3497351678
1972769736
3441876247
2776391616
3076307357
3564217061
