2949950322
4266632762
2886671464
4019858469
1099577451
355536169
2978232574
1686871820
1933867313
2057596282
352531932
3312204718
1422309870
1877529558
4130451263
3577615007
1401260178
566129255
783912734
1914785348
3299205594
679752888
3481159129
2060762311
3102146642
2407301351
715115217
3505668655
3166400095
989271564
3349905887
1912699073
1939083276
4015002167
4097275475
2000716353
2167913299
1036765647
3379146732
3884339314
3790424245
2135272487
3385732480
2604209785
2884334198
3126491567
3569211105
2924605396
3233169562
810556553
1560118201
441581526
4009058738
1037540042
450500349
2572484612
3650485709
1418954809
3501950937
587402254
3029249283
1969413883
3177491602
975783738
4192850847
862625397
2554864909
3086456453
1233798781
3432463206
1528470123
2829193660
2362921346
3289453826
