2949950322
4266632762
431347547
3485777520
1802603431
1348460959
3254084575
1694142574
1335795872
1937172312
557210890
2108595280
1402682416
3960534839
1248000561
1142130237
2944607873
1853480946
1220064853
1547952941
2819770662
815479560
1878813444
2442647497
364894249
2475999254
238461625
1157928670
1817790504
195008432
2407807363
449791998
862095032
2983791764
608591063
3087968760
1955661695
1875631758
2264388620
3227232355
2213715968
3483384856
900370101
3016837057
3311087616
2810655055
162688178
3719809519
1572194797
3832205977
244850326
3699712145
3221112088
4119942147
2724905234
3200763290
4026907622
411830286
256017860
90581753
222350364
431724900
2364611354
2124687559
435059273
2301301731
1184496241
2160394084
529139829
1931988283
2282121486
277814048
3954097941
1747036652
2572148896
1821472618
3613657398
931588175
2114286929
2898314476
2092388499
2503337665
1447342371
2145451291
3105294340
