2949950322
4266632762
2886671464
2055107907
3737862292
3857001132
1951377644
3767256679
3421501097
1908697020
3631413092
2476280303
1952675982
1466746158
2126578792
4043294476
1834853795
1898620677
3745166155
1849797331
1489402473
3740099158
198229003
719837002
3510541932
1301731138
534146320
4261469115
647161674
1964153216
3763870718
1040082627
1778774994
3300785244
345633967
3876584919
486887290
2961578588
2991582164
834731309
79673851
4208198966
494057751
1290384479
819246087
1270165862
1610182440
