2949950322
4266632762
2886671464
2055107907
2730712781
2582459637
138917557
1586160224
3344146057
3467872962
1621335692
2094308394
2603543883
492999960
2902229456
4033101962
526735656
1520937179
1814815002
1120149124
2541391877
2206319997
2756629656
3319626741
2001955521
1344306680
2854932309
115535903
2604700336
2540208091
2349800383
2591097200
255558414
1131520886
2471865221
1040022230
3351545540
1126904145
2301680943
1499376176
1348688514
3674230542
2030289074
1430373631
2384618453
1410610135
3634402911
162812550
3246339491
3607179116
3097917386
2008764237
2121905978
1228734307
276178272
1998108235
2143119499
8137163
208537524
210127572
3933652767
491216375
2400376092
3966961871
2974563247
4074310626
3522862620
1105569639
3860703816
1287295728
4198382958
2041654167
878635297
2172596675
646397164
956423350
2667172249
2651954425
2288246697
185871291
794913669
2707400929
79487703
960755612
1515738653
4250389713
744194
1185359725
1362740361
3256887491
1640957899
4025599151
1018349894
659896972
3006142263
124666182
3818406712
3252794921
1712962310
2040486748
3731314291
2642615388
2502345372
898444096
372921436
2233710614
2374395606
62432690
537909934
1362292781
3803542023
1570274177
4200625838
3857094388
1109302235
4162630445
2740361639
3640321131
2994535815
3116648894
2901308868
2094686572
1851962692
4103334742
1089988011
3382811415
23631349
4273014476
2421598594
3872998407
2285824841
4251133944
1996041564
1319966594
