2949950322
4266632762
2886671464
2055107907
3737862292
3857001132
1951377644
3767256679
3421501097
2152047092
3278321767
3397856300
1687631970
796706537
80332418
667319074
1150881873
1643858582
4105292008
3957824004
434981493
338725762
3162682029
50952618
2662013701
3906021197
1828268205
1733328199
650740927
2052146661
1381581056
3433746080
2100615784
2351995975
3730069455
1885391718
1290634228
7136598
1370811036
3750373880
2740902679
3081080431
301235354
1382108375
3571111642
2380728127
855091829
1645945359
3538982676
230774164
1006169863
937535981
1110676372
3969598151
955807074
2376467802
2863368557
1002368309
3226573603
3919435666
1119841514
3127483801
3070118111
1632457113
250218815
634659971
2532819031
2120721189
3984320140
3348917110
1652498752
3990805404
2895574236
1991024463
937734159
3285359582
3598009466
3563750789
1249481741
3394632299
2607048317
457705499
