2949950322
2363168466
3734744192
3270290982
622255943
1719922442
3258374877
1275599289
3738981664
2403817576
971365933
2866409334
596611530
2684389171
2338633725
2957696453
568352645
4275257207
3117129772
791548480
3127152702
4241026129
935950477
2596333755
701087846
1829958337
1829958348
1518957177
2519872203
2681349760
3226211788
3599958202
3063233933
904055199
3488119602
2608535840
2643493806
1162300542
3094261100
3976056702
879752079
3985388418
667127394
1396712681
793918438
2127115950
1455501899
2565212275
2448396593
1675497246
369898855
3804609090
686319670
2013585484
1418435550
3547705570
2775996
3624300098
3939289952
3713485781
1721906569
1458767281
