2949950322
2363168466
3734744192
3270290982
622255943
1719922442
3258374877
1275599289
3738981664
2403817576
971365933
3127560404
2433677338
3264644119
1396442711
13901223
3502905973
2523293210
1521891751
1626541834
3839557866
2338719936
2103790001
198249907
3178466294
2020704047
4233720015
2278523978
1328930232
2291832005
2236121914
176782870
3739558623
181175447
3826535386
1724466821
2671404698
2388169134
4043856404
3918512731
965854601
687026877
4176295279
3918512731
965854601
687026877
4176295279
2413518518
1778514011
3335472399
1459231438
161958766
3721074599
2031958539
1930554223
2740278660
1499457321
3531608911
4203222954
1335963048
931389657
640871168
237627852
2424376670
2303510247
1051606657
409949990
2521928770
1644183113
2061416690
2194753131
3716945867
406698795
2934420305
9188811
3669648841
487926964
1954044783
332502268
1212787578
3707971844
2347633821
195969108
3178514478
2470570062
1632771664
864747938
1450642342
3983207001
1136802570
600049213
2090424221
1706854688
3499471650
1801506174
3694882235
1403577458
3717605142
2276995709
111162555
4163431053
2033249355
2276995709
111162555
1897350572
3722049784
4017855424
1827966265
1684539493
3366368561
2385743068
2596854180
184282697
2227514669
750625442
1881498616
2096382435
3499349752
341306467
1630660339
1005365742
1279299819
181774598
1776881605
3227492125
3791967729
