2949950322
2363168466
3734744192
2634980557
857639043
1092973174
2576898552
3355661488
3402278200
533005002
2925204994
3416187246
2033210760
1319884093
3741407101
1363121177
3066422648
4179821115
1267578589
1476047995
2717512970
3777070321
2166864326
3347826089
3190089107
1357267627
3313046248
2769249350
429417419
2585228594
3457642382
533204558
1490063637
4248081716
2031917780
379687678
4073156438
358463783
1245374763
3834787960
16041424
3019731379
1469811739
50916873
3882750881
481391673
2357347284
1000063761
3323823656
2692711963
2254221465
2105792257
3326111028
4268084239
2609430726
4006939767
4291868495
2870821233
554148345
2417105046
993043438
234948894
1625728592
314360659
2812091313
1745199973
1972425881
3643023542
483526864
2771823725
1557708042
3747064819
3102333898
2886897330
3731264881
3913386566
1291136464
1031726825
3094723354
3258647009
1482973247
2244091138
199174958
2915780097
1317534790
3336909640
3343707836
2969413089
3726248623
285324666
1315366262
2775639829
4016651786
158225237
333897140
1797740485
1752866516
2964620110
4156435453
2040592269
2091357007
2534638111
3016966231
1038975795
3992177441
2306037996
455528455
882467727
