2949950322
2363168466
3734744192
3270290982
622255943
1719922442
3258374877
1275599289
3738981664
2403817576
971365933
3127560404
2433677338
3264644119
2905726129
1041100266
2946985898
2492007826
4103026853
3063693415
725492424
1894392521
3489304451
1249392465
2464811936
1336367822
3930329336
3819177139
3157932031
2119251403
3269885864
3620868395
2881490468
1962110678
2813101448
1024511478
3340402523
645182538
2432454313
3290313878
2590079420
2047293168
2435292922
3316972776
1224759648
2289802522
3200393337
3643570
363400837
3593926869
253224674
4247156941
1751972531
622446648
2455038969
2536277594
2101577701
2854201235
4277248507
4055077586
1795233218
4091076636
1719752459
3952291426
809852260
1396952866
1644671093
3434045734
2479370529
2647959350
1613010464
3819667673
2216460500
105080587
708964543
2759799771
3535910608
2388227978
203694212
417297916
1316449014
217817379
2579416615
2200074085
319897736
904635992
2694915110
1923889167
228471998
644510576
3889950890
828410507
2594653312
3326051802
1850149461
3766077745
1761300572
1618771980
3604032309
2058796078
1986502197
358299894
4015098459
