2949950322
2363168466
3734744192
2634980557
857639043
1092973174
3851437985
3020638953
2096173851
2852041961
4052046972
2904397094
1969553576
1598427271
820070433
198124057
3175845255
2846939391
288787444
23684153
2760519183
600302775
4057651888
491755151
3232462514
1514570622
3526815090
2479889560
2178191608
215147788
2028966194
99501527
1206989773
1886040952
1071560144
2597406305
2767448410
1032540689
2649527766
387693195
3293751329
435475740
245074347
649757546
1411515722
1956619569
4203283845
3156572650
695204756
748178119
1492241158
3723277853
2361610017
1559714697
1230013485
2324165204
1836942133
4165456093
2657573901
184048765
2679299587
3280836698
3491851479
2122956164
2701143186
3601950671
1833179539
3659512150
539655285
4028524765
170634750
92197300
1862944474
859111555
2174465125
3992371940
