2949950322
2363168466
3734744192
3270290982
622255943
1719922442
3258374877
1275599289
3793227255
3316852529
4007073791
3209435831
786864375
365490895
4267201139
2111259786
309337132
2568161696
680336744
560793891
105310509
2148176254
3208644145
4202887106
1730188653
3051138617
3430125059
2073118789
3732013683
471400519
4147750989
831705681
7993781
466055300
163839204
2531201843
4206437459
4107835691
2281433405
2798420604
1972594978
1567441075
3353816548
416566550
2027057185
2227135952
344740413
855732050
3938192484
1068739478
597216494
2376880199
1512461916
2064727325
4281938685
1542397777
810639376
3017701097
1042123040
2696244658
3093407449
