2949950322
2363168466
3734744192
1628465031
3472913353
1132344833
2613255567
2802271576
2781787344
2926043450
1070424954
1028459516
4059450190
262010755
3564598309
1475896028
3553652028
3991242897
1841238716
4115936016
1664475556
3841854729
4288244077
3141688266
3430067245
4150052373
3312391560
1422235592
2507914184
3108432911
3943061085
4236494860
1629596323
2414022043
3718494153
1295379626
2175418925
2599459804
125903764
3809232884
676873211
63715454
3294851331
4077702009
2514991088
3320794571
1543265347
1040209479
1070979388
2984974936
3853641286
3328332056
1640999940
1966406012
3422104793
641732464
2559433429
2017627125
739801067
954409619
3815622951
4153842783
3109347875
3859395459
412810926
4112486535
1789118823
3135731596
1939046603
3942946157
684584817
2322146839
3286940425
1899284654
2316659867
1060918937
1799998532
