2949950322
2363168466
3734744192
1628465031
3315946064
3456894906
1612452852
3965867580
1576813300
553489937
3673629884
1958983701
1601615998
217499316
2579252426
3358017922
803027171
1404740363
820365432
3270917734
3540229259
309702132
1898628743
2998218967
280412011
1127138150
3601961765
1257858570
1691141738
925162906
904735762
2177872639
341983660
4135287634
1677115673
1070705582
3554105740
1327088843
947483111
1586587741
1257093325
3620919529
4164124471
3434516626
3709770736
2664778690
3335341497
1223919325
1645718432
3750892182
4168652512
2079817753
880959216
818965272
1356224047
2572012336
2776429045
1827106026
1356224047
833777958
3430561117
4184702142
570376271
1596288151
3005339093
923116403
3140024240
3111687929
3035081482
313872130
2162214889
697345720
707139193
816353358
2968249501
1308530574
3752533861
530535321
2664354394
203267853
598208337
2339366019
1902466606
2365069343
2420571501
815383657
3398661828
2352941739
2897872622
3960318566
3431507491
1440529749
3364372930
910042084
2875907955
3957158907
3411574718
2132289999
826668137
969250571
3004062517
3369488328
3563629242
4196244930
1787080814
2498694307
2956676635
847299639
1140634676
84988931
968582454
1958935864
2665430703
4181542911
4003624790
1831690671
1161192291
1372403227
1735810229
3178296533
3578124191
1917472083
4151139720
1685369282
2316114529
682218247
3836468273
