2949950322
2363168466
3734744192
3270290982
1828502120
1264029870
2897076687
4013478274
1267590229
3316852529
3075682850
554342413
1461609089
2728567102
856171390
1620074355
1319501587
3098098191
517682953
692107196
1275478070
1492981070
3139261217
3878547199
3146356534
2603890509
1309272336
3522178770
2392293083
88499222
118367356
2566382526
2596250580
2733349130
2695092576
2566382526
2596250580
88499222
118367356
2566382526
2596250580
199828415
1180128916
251211917
2328969069
2653187209
1860453993
1038577860
1068445870
925425918
772619843
2422141847
3804161668
4127041582
3111253942
3055848444
4175885696
1145610132
1824197537
693402929
3396604411
1979044293
682494223
2501732386
2417626336
765385962
625602264
