2949950322
2363168466
3734744192
3270290982
1828502120
1264029870
3606442497
1489711461
2153319828
3586776487
3309914285
2909360372
1976859514
642516855
1516116088
432744501
3616350971
91298223
3800787150
560412705
2144416406
3786080752
1879147440
630281091
2953210591
3486960521
1334596004
1534526684
3306657988
1261001632
1128318413
266015051
3137145024
3924314769
3041669976
17589545
3436789131
4023812139
2808789428
6628216
1388067978
4122191430
1613559301
4234412842
1406338771
1545276570
2823464593
1363366260
2525815338
