2949950322
4266632762
431347547
2789088348
4101940750
4292342756
1372055466
118141823
2747238056
3880151716
1457028716
3579275413
4217555189
1439308198
192680721
434201489
2357081042
594192631
2998938295
1674899054
794341878
4180269277
2773867581
728440665
3066658294
884692817
4152083444
2563165150
485409854
2661084825
3609162631
2206994837
2239294663
4059776588
1906433121
489763119
3517882280
1806481246
2845772747
253900021
2270072567
1028433409
440478262
2291492527
2629621639
241736478
440478262
2291492527
2629621639
241736478
440478262
21388487
4201117938
2772085074
3962106254
936923445
3662591321
1218116032
232335935
1384414111
306480726
3418165557
2239721289
42026101
1111603644
1913686407
889722588
2076801146
3963935095
70900913
2778498167
3391072909
345911384
2092836865
320434343
1140193501
3616462182
2572139456
3246452037
4057062781
1871755873
3410401229
2894849587
140364703
1871755873
3410401229
2894849587
140364703
1871755873
3082588063
308266409
1504983842
2900463811
384022581
1898891723
4184370040
995874797
