2949950322
4266632762
2886671464
327473007
3180643105
3948517364
212067989
396660836
3004278195
1026516695
320521911
493599419
3881895958
1693327087
1485457207
475100560
1531570891
2004139276
672394506
322799410
2190935410
2944722727
841385352
1570728820
3952663039
1930537937
808661570
970139145
1716327749
1888616499
4024401763
1822985073
2451592519
1015579668
553063558
1667376331
3698493825
3586250092
2808373145
1804925731
1653597741
3390817687
2033721667
4038380777
1554217168
2277269401
4166676780
328669031
10079301
3947603524
753899976
2453292166
441908868
1398711158
740873151
2141760885
3212706749
1091944304
2343397227
2282679169
3534084084
266897050
2302483421
1416645299
3291725714
354909003
1615200004
3952741218
517505581
629401852
2279896674
55561285
4231773326
1749044483
4132658315
737485238
564458737
4002716399
263755166
1546575337
2786533883
1649029379
3572389579
3296402669
531460075
1708463437
2010224941
2817804590
3354555417
1700183423
2869999537
1207055872
2624126347
3418882042
1882358182
4203395420
2592900203
1848121871
2854209349
2429677514
3607983043
325468830
2538491262
3393971051
1517868166
3007295642
457654037
2096505264
2309002644
2275302378
365679361
1006607154
925808937
4241498236
940841703
1364742228
3304108336
3428151280
2525503725
3240567452
554790442
2576155266
2836907840
1476838870
3214965239
3802519522
912115257
2101458927
2008785849
2044635950
3951764421
3033952869
3976463934
810112848
759803162
3249220779
3714572556
2340174831
322742651
1281489115
3722575673
2135242335
3875906763
1378655945
2041047467
207527374
3071792993
1808263488
4290561275
471393347
878197157
1153170327
209470643
2340963979
224254924
1375767148
3709571954
1748150640
1136254482
2736589011
3667695469
20585380
4035017172
2950441076
1710859168
3106512257
3620614863
