2949950322
4266632762
1676526741
3697676178
2384901568
2240798762
557503997
1707293169
3419614655
2636020074
2061764619
4184547058
569975299
2369232727
2975057551
4206376964
3507304559
1868494267
3388784087
2485971996
3122220156
875007768
1485443112
1765903634
3983114994
1943550415
3863439756
419971241
1696227238
140609010
2283915579
2527790590
3518208677
354512550
3680986216
2684805385
3746618414
1467417205
2462494357
1047681722
2950224122
3220458110
3404945747
761892642
499571749
351265097
2722253424
1724956275
3174710741
3920191431
2249066337
3634955600
2102021990
2490960916
269761840
1411813220
179879874
609697884
1750966539
3478272967
544987010
