2949950322
4266632762
431347547
2789088348
2767711700
717827760
2022282466
776257591
2153043065
2605949576
1139706118
1212669164
3656212140
3804443796
959035186
92807096
3105822773
1450652052
3286786519
362350844
2146279314
1359110156
2226974349
2456026107
920047148
3047242302
383420903
1854066017
3937059457
1140986834
732253044
2821348749
514781715
915405010
4126735147
3056378407
332392465
3517245989
1265391134
401905476
287378315
2989670922
2587543279
57597337
1175481759
3225122208
1951066615
1582012904
2643135821
3726523648
2172218630
601728096
3422107782
3613657039
599824811
3475118106
413471616
1207452192
1903415048
4139043446
1296151594
3005876455
2602699778
4121979845
2511754994
544037639
3831137869
4223588554
947801199
1532427879
2999292939
992208852
3489877982
2872032085
3871373795
2649525608
1587403402
4154509873
886152659
173651706
1736576328
3771713520
295322671
4245449653
2344103863
140686070
2196415303
4224662212
3037615202
592969293
3855027016
1908210373
3554370651
3212692150
1370737753
4173573384
3039588286
928451618
253896326
3429949352
1317719767
3032928394
1614725457
1550626742
3848408531
3678446312
1258510281
34672405
2510073368
31940501
3901136981
1795015625
92583085
1284959345
1692589281
2570099536
1362553145
3797465124
421146358
