2949950322
4266632762
2886671464
327473007
3180643105
3948517364
1340908067
3779359600
113115665
219633659
3163112243
1057379786
341992708
3126262189
737967085
282202581
4215452009
2963886050
962663615
3551290394
1372908198
3756665282
1249212801
4160524836
554284319
1658711059
1255532790
507939556
1277313388
280657974
3302415615
3441053049
491897748
1486041703
2569870951
3693748571
3299769264
364560233
2514494788
507498786
3933109033
1493183028
877758133
3063521893
3632139563
2476077984
4165983260
759200750
887356570
1653539607
208186457
2782348764
4036210421
1002514116
1670180311
1734983182
146145049
1884410132
176550908
3107881796
1062237731
1611474819
1568610556
518662321
3839924764
1146533483
2953256032
1734032406
4111381757
1506184119
3949369286
740542644
1064498348
2691570555
3022144821
480930486
2053651671
624258423
1160990784
3885472038
1975652813
4110196105
3769680839
2050533937
1946068901
