2949950322
4266632762
2886671464
327473007
3180643105
3948517364
212067989
396660836
3004278195
3099127897
153543825
2803005496
786047845
1551910502
1299571851
3180574872
2724971546
1543534807
1617174799
3823843318
1105770570
3486939950
154711584
1720040970
4078628425
2058432626
992528778
3832207226
689614891
3657231416
1867597569
824742916
1890676220
3937563372
474868968
1285645458
3312009167
2863970069
782022901
2150918566
3341612797
372781604
2577525509
3087469210
3567949226
4111234101
2577525509
3087469210
3881851543
1418745845
3795713228
3208139481
1122604946
1806045821
3006541452
3996221593
736670496
332206619
1039708795
4191488100
249224943
1794230917
4084406884
