2949950322
4266632762
431347547
2789088348
4101940750
4292342756
1372055466
356387750
2978692721
3880151716
1457028716
717219204
3501545257
2115864186
1877484695
3687496314
3886998434
836733577
2692024521
1902234640
913920843
2578652370
388500
3942695564
1990369315
4170998599
245310006
125777533
165572112
2408715843
1532671777
3726635526
3733780818
2605582497
1833781712
1759685282
2871148039
499902512
2290182734
1106615561
2176415200
1848058753
3052490887
3866177101
2255950714
100140419
4218112174
3103684835
3885574377
2672381233
1521588586
4135167520
2581528198
3748823785
2631633546
2620639210
614412381
2551191185
3796168030
1867945015
433906678
1803210419
632860879
1592683270
2692556331
921710540
1771536326
3034197672
11252479
3488553345
1052416606
813978656
2012039370
3578364332
926346402
