2949950322
4266632762
2886671464
3890537187
2051440716
3318565707
1809669893
1024461776
3672799921
3510841179
1155301144
419108271
439542823
2483824451
3769529760
3914228203
1475170311
2195912693
1493726291
3666305706
2487557334
1039856979
3905366798
450157840
1352275295
1716429157
4077134619
2267315874
1459648081
2084461549
2251614528
3172631416
763604692
3108487263
686637599
2462503690
1340178166
696483525
3151427118
972910818
1252800817
440447307
167668587
3254383473
2954228124
1517977867
1943486541
553584136
2219455455
719512204
3866971147
2338603202
1038924321
879059934
3777203759
1815213894
4206733289
2173784930
331668361
2975863535
957130989
3893914676
1536916992
3894995084
3703719362
271278721
1365462465
3524573651
3932263287
1831623119
1537725671
3621359919
537603920
2361593882
3380659173
2491772400
1204183065
1532521814
906609111
3672850534
137054267
2989056205
4150965042
4201028644
2912144692
4036387617
1657007050
3636577084
3896869846
2328260207
3415097647
2597275097
2826712120
3503769350
268560846
2202323873
4123966560
4224854647
1873348556
1966454414
2732672557
2216403197
3387165
2487770768
1869216421
559227675
3358907611
1548692822
2293709965
1679889175
2237281557
1994571458
1882661389
561391355
700499867
4022567819
3910541124
1802337496
2420955373
3238911003
544668185
2272878805
117916899
114937461
2196881813
578063163
1425997050
140918176
1459711405
3644829385
572394236
2232520752
91206662
2524338252
69456039
3156865151
2392490398
495152596
3869428193
1101878061
4063117593
1428282325
565939885
2578558581
1443055591
3993593663
2302883249
442161659
2844604384
2071997385
3061151903
250074870
484661910
2758931711
2728683568
439797337
1404394311
3945264430
1737409255
4103548589
1057709359
1054201785
2002143911
2716695724
1083595438
3885613154
4084570880
1417281996
1724477485
4265227325
1160866942
31542142
3712299003
1738604229
2976687731
857196015
1576037025
2671816801
1204980880
3156135188
4074550120
1781528440
35312690
2769637118
1346430239
1831415788
4271282864
89840436
2507446936
1137683603
262368145
2161251209
2248642374
1614220002
2651774349
956385089
3631898947
2138438543
1674256125
