2949950322
4266632762
431347547
1381902800
3489418111
2570133418
3413222904
3607537502
2031530768
3362630280
4276779570
2190336474
2151944274
242930486
3603429560
63463242
3409053368
2935484884
1989108826
890917911
2470059566
1103504762
405753936
679370862
1184485152
394369362
2182332049
404282395
4062052147
853388550
955843131
9185439
1224699330
3561969878
476978727
2283138986
3546268960
3945459588
3058897649
3168852137
1189767684
217125137
2984444853
3717100852
4095209516
1726554409
4069657746
21177331
1631919812
1137393391
903658651
3684635405
2314983557
453314944
2670528096
231987045
2314983557
453314944
2670528096
2838333688
248874455
4082472545
1420663630
1660967560
3304609703
4082472545
1420663630
609114492
1139812677
1104280249
3247136916
1337304048
1186890982
237530224
2652593053
3046124799
834151199
806710337
1470831736
1129335040
754389414
2347196870
8219490
2933242417
112014782
3709598840
469053814
1224083419
3367334664
2486022738
4035347227
731489362
1562845529
3840978311
4064565583
518042033
1751004346
1715643053
284960678
1899293985
