2949950322
4266632762
2886671464
3890537187
2051440716
3318565707
493904069
1048567141
1018572013
127420117
2519909525
403441649
3568781123
3743290025
1530273097
3636005808
1990795262
2135493557
525284994
3376308137
806650389
2765155486
2405821685
4087349714
3832539119
2712475164
2570708896
3517762854
3170980374
997890914
3314425901
418853256
215503196
1647759702
2813960179
2271489493
2150325986
989679345
2289262533
2848685573
300949882
2216890381
1944482139
1149881121
2329112856
3474030827
2423705827
929472643
2487072392
3073510184
1164818483
329313510
1626449205
3461968998
897596736
3834968473
1299156976
3003396925
1278076117
3456524825
2160528575
1372833894
1403245652
2397996346
2274757085
3668857138
2250749694
208154210
1674540740
1282458956
231855692
698999506
445675506
1643246227
3061250313
417212506
766568172
