2949950322
4266632762
2886671464
3890537187
2051440716
3318565707
1809669893
1024461776
3672799921
3510841179
1155301144
3633613367
3663559615
2261105381
1563375939
3735039930
2183776374
151226
2153305239
3699359264
3402243070
2304715699
3795099885
3000510615
1223552436
2584860384
3312879337
1575678256
784054499
3503293486
3212270728
2544628258
843626516
4048917821
4034412574
2966416534
4226397445
140761111
491381869
3000506780
829338274
3007657070
2072787596
1695849801
2447184492
26634178
2862741145
290622145
2507834657
3076977402
31612260
2356139854
3540551495
802968179
3130445837
4098178585
610350826
3406930805
1329179797
2291590639
2540607853
3896353439
1123268087
1443422351
834048182
2528709242
1040921429
3344700988
3538267314
1978283646
566916360
2589337239
