2949950322
4266632762
2886671464
3890537187
2051440716
3318565707
1809669893
1024461776
3850516257
1807545413
2353431844
2280640718
593159449
4281605299
3276817771
2562203151
2513012748
1412657535
1928468696
4051504673
1848668529
26048859
4219980790
1429150373
1230015031
180730490
2676963332
1682988956
2416047511
3236789741
3079522497
1701966741
2940233079
3243229723
1467975147
1302887661
2606215776
1512145695
3363048436
3547561221
4250980525
3583965500
1221199275
873711092
3847452792
1045029821
165945979
3719679399
1538861957
82082341
860470243
3809281288
3406103021
596992671
3226063792
3967059063
2764619240
356138241
2158325058
19957119
1076939546
4112118040
3787209763
854640996
4025988738
4266048859
3387653277
1464047631
2717446101
