2949950322
4266632762
2886671464
327473007
3180643105
3057489611
3035916099
3795399574
96682743
1094364923
2575795573
925848614
551596571
1795902608
4204908240
3247416552
3228567019
1313785487
3395733871
1240063894
4021824867
1051519418
2872293881
930827478
1138716659
4010922663
1905609072
2816745563
2700049418
3563902593
1824527117
223591520
3709350541
3040357076
2917982655
4268531573
3111387182
989533911
4041276073
4280592160
1785603422
3786527032
2471609387
1324857622
420228103
2675434867
2781865136
555766565
1794071828
1165248258
3446154894
1383385433
1333946705
2362369897
2436384609
1873012574
1705981498
4211593896
3107624621
853893835
4227898981
2737254288
883592861
2334213530
3420567635
1430871233
987907738
2299677688
1149610927
2580085441
401472422
2303008564
3655435398
3870130409
1897931236
718635271
2154009229
4172543829
4276705926
2168060880
2323730409
3029739867
1026685374
2054686830
2983915419
