2949950322
4266632762
2886671464
327473007
3180643105
3057489611
2321141523
2209995608
1677912330
3884842995
1127795236
368418545
2327372193
3055110443
2850108841
3792358178
1713554626
511344708
962929635
4259646928
815098497
3198921189
587844426
1848930554
3330689493
1902415763
821917291
1598062145
228155827
2491842913
1300197398
3822559557
3420431776
449536377
1219472113
1049377938
443093555
3716303934
3954964141
3455966813
4060682
2074804879
1561577433
3155738964
1611025302
308031125
2451528262
2651200684
493716957
2601929897
3441708723
2021277323
2456288540
818099322
4233927421
3823304973
1111026183
551873352
2601620756
2980998244
562048456
240019582
1850234185
2741080697
2690340010
1836225434
2896699057
2204523271
2499373998
3192296158
3179041805
136455221
3423992191
1073854329
2841659577
398947878
352170229
1938851575
2110771453
458091756
3765192921
2924515687
2141004556
4098394191
2688357010
2191503131
4163225857
55229396
3022058992
658053562
253893494
