2949950322
4266632762
2886671464
327473007
3180643105
3057489611
2321141523
2209995608
1967539548
675539785
2364989086
3084432550
645019366
1832911489
3915910497
2868722988
3915419272
3136877189
191293005
3592419304
1337719575
314463490
3018112836
1811547328
3074826870
1424396302
994166952
800759248
3359698097
3884886279
3088095819
1407056896
3103609866
2938609609
3079163298
1632632817
1747555813
3476678021
1792716723
2830216583
846795196
3212797000
550433126
2279506182
4176252343
31816274
142807110
4052412323
4172748561
2061022568
861520214
1460505685
1541262484
674507050
2001959204
4184717888
932955334
220708487
3790673466
2129525229
952890130
3332394975
2288066937
3499862371
2529010588
2216743708
1760983969
777652174
1321730002
1622329514
369527976
3854436223
3459608605
2469453320
2334662163
545939844
3056138412
443026940
1210628014
3403715454
1450627826
3541350742
1463596726
678399300
3529850857
4002248721
904847163
257074554
2634493329
4206244660
1565408795
3858457124
2645112420
1897250174
1023049672
349926665
2328388737
1803502043
808807249
3486884689
2225273479
598564939
1759132061
3486884689
