2949950322
4266632762
2886671464
327473007
3180643105
3057489611
1372055466
356387750
2978692721
3880151716
1457028716
717219204
3796221046
1449599643
2892861494
46481765
1172168254
2496207591
3628418431
3718081689
2162463212
791600757
933921950
3161813240
692056710
2589041563
953063916
4005556423
3947582140
871000831
2492829398
2154748846
4069445309
4067490957
833940054
3698775905
645686732
3960828477
3535006461
2572693810
1666352031
3190526522
408526652
3651364431
2132141805
596453303
4261482562
2052100098
2114515282
4163103085
1715697013
634799416
1399373875
1807914336
4133550031
614255771
4059669683
1169814210
4077496417
