2949950322
4266632762
2886671464
327473007
3180643105
3057489611
1372055466
356387750
2978692721
3880151716
1457028716
717219204
994723689
2406013316
3003940956
3136066583
2731933381
1735314697
955317829
2239305184
2592172386
348105222
1403467101
375768238
2458373757
3067438560
597682078
3462257321
1409267718
2007831451
3327444084
1822736258
2715080915
372645525
2047810089
2959478232
1248640885
2421878647
3256505637
1823638646
3288382809
1787630763
4280234856
623469418
3210738031
363823769
404847632
2301723368
66735830
119479567
3816415399
3174639746
2659773329
280373493
1750720191
885071845
53063800
4222939791
1973728106
1765379107
4025459004
2595384717
2377073841
2572423625
750049987
2941958588
3549673472
62285827
2302572978
2748553662
372462260
1169370238
3677861801
374735193
2962215052
1203653220
