2949950322
2363168466
3734744192
3270290982
1598999689
3430088146
1757923333
1630002254
1245965440
467198408
2322752392
2975599024
1523362060
2361245735
3441703391
1609594182
811019744
138561061
223214703
431401239
3159745313
976104021
2444161359
1318949309
3015771758
2861815123
1057785104
2208493316
1753368334
480385719
979596048
3960590616
2036028262
2513272060
2972209757
542033318
2758199878
1393473054
2057533272
2738927445
223388443
1137364794
608550634
750939834
2844696611
1986882215
176125352
443460819
1288828196
2977561351
653548042
2814968403
2745831651
2350228331
2566268113
1220818193
3339312971
109047348
2448576313
2159439750
