2949950322
2363168466
3734744192
3270290982
622255943
3056266780
312466379
3494288628
2119600314
234149405
997394087
2028353258
1456707210
3331908388
2497206646
1463028121
4047897759
2116386376
1491343343
3681222934
1254196054
1139326522
1514548182
199042718
3763176994
3203040275
4160281807
2975113376
433438125
2448357895
1232914166
371300182
3958624487
713417112
1053409238
3136145776
1578879758
3661610408
379589423
515157797
2593956037
2346221690
62143096
2095513994
3949633671
3302298383
1398321666
2095513994
3949633671
3302298383
1398321666
2095513994
3949633671
2268507972
826073785
544784902
198034029
1418761165
3239035790
3560680717
3354351404
110716499
1703213479
2544541628
3908870811
3951947526
3811062214
1621567295
2000164758
1942567634
3530318356
1702447441
581780663
375904223
566892057
2722431200
2515058982
375904223
566892057
2722431200
2422117735
3559072
1966169485
3616904427
3761788205
2123411903
1228763257
3616904427
3761788205
2123411903
1228763257
3616904427
1775226681
2425940560
1715112574
