4016747520
3203512648
592698343
410890719
3167257608
1790569763
955864945
2650186944
207365760
2277255855
772455031
669691452
2412569192
3545506610
1098936235
1518803290
2182423979
3374780876
3801223591
4276425473
2589633347
3610640279
1937820224
1736154936
941412147
2865267626
1295184587
3414067864
1557287909
3342507345
485289559
4123945965
3690711949
2557410240
3849172289
2747386158
3764961613
1738326901
3073325650
2953783666
1942994391
542098205
200983414
3944227343
361459490
1135861051
971450100
3805372806
2014961085
3804286682
2351391124
235726680
712615782
2687909882
4230925791
3344074366
2494802529
3182071833
78131262
1662594715
234783189
904653328
2202419497
2228729735
1392310946
4126367854
3914171676
1469793632
2249396955
859449561
4277862014
1615993580
3849576515
3851786127
1865265013
1088678595
730358173
3130663987
1775839706
3913285830
1677211708
3098477573
1322794263
795100648
1511054563
3300407409
2858391359
701530566
2741549372
373392190
1613427242
489367247
3037555355
897110932
1848834334
1995076474
3225933891
644587182
1052057169
1253006310
2205641407
98611520
4293526509
3377412851
1465658235
3559645033
2369476087
195857928
1265000485
339423621
1332812559
312806
2659212849
3526669797
1660348739
4070453892
3643486959
3253975179
3297277032
2738449101
2598974426
477104766
591011075
1525349108
27316350
1757543516
864802518
3068771698
3995528183
1549260098
787636151
1309504193
1900504508
3832330642
1260933359
3460971339
2798422975
1988638036
798539722
1593746059
953273464
1532691245
1031040478
2906593392
956772191
1800528404
866038929
3436725763
2808112465
499363937
1931747119
3815729793
1899684458
3782318020
1700370468
466908199
2306997452
2022768218
1394998833
1117058536
3575207141
1188634616
2323351165
3979633999
2058994754
2464444423
1025082097
2645536390
1932571486
3548815145
1252195535
2631112164
2713945922
1064002512
3465075150
1344290140
3050764120
358669103
2196601378
377396081
4060332606
1823155884
2023589581
791839932
1550743413
4217499065
1864024066
111111951
1830883406
2865385027
3651099753
3912950364
1027071312
1589449221
3825131730
4014394975
2026598226
3632087845
