2949950322
2363168466
3734744192
3270290982
622255943
1719922442
3258374877
1359670150
2134854630
4043409538
1674953755
3764048610
3695086394
3792400023
2769547724
317798282
2277225972
3163938764
1905992773
1552467472
2490540002
191787061
1878635303
2968383304
958772245
3908752853
2523418921
1973250007
356594096
3375144459
490783426
2947708569
4225758983
4064273228
2913062912
3145647478
3937510610
1315408254
3552963537
20566149
712495099
1049401987
2566821765
461988759
1985897850
1361932867
310671904
3975137005
3975137003
2935799337
2891388398
111635992
170094636
2760614271
1626997900
4027576796
4045224084
1605757383
3481722410
3248113725
999357072
554453970
290419137
296172705
2267769870
2714864350
2983807384
1674859953
2685714708
621394959
1252975785
372647411
3017109445
3007128229
4162550582
1942261584
4111536663
1634395034
4286181906
2294856015
216053423
3288009082
1030243415
2836641242
1548099131
4215899383
1422636336
3348010847
1408613092
4141096726
1757875870
3341100366
1868409537
4229466286
4039748277
2891017199
1754616180
1329494962
2625467995
1093674805
952303336
3851399046
1908030542
4200974376
3018216758
4018050156
432399286
2331628269
2351713826
2896826268
2954160878
1331685540
848050604
1709695062
3532500594
1100235320
4143844380
1709695062
3532500594
1100235320
3560743772
1628805470
1003017795
1300009537
4195802213
1762603055
2064366671
3755839971
2777246252
42397920
2123689967
2929843181
3572834338
79696928
218503604
3466194916
1963718577
1330561308
