2949950322
2363168466
3734744192
3270290982
622255943
3056266780
312466379
3924057056
1598681305
484229268
548968780
421158488
3070904854
3299349681
4063216651
2746534211
1041673196
3974795448
792097054
2346736818
441114354
3426465753
2908805979
3487774434
8612846
2095378438
3916879813
3767976846
1383618251
3695613359
1544971435
3559727873
1342516449
18709139
2673614223
65808539
681719781
1783093048
4096353835
856378334
453201723
1589755592
3411996299
2047643222
4143110826
3533730103
1392175898
1185838312
3003113187
1916632496
229101202
225536853
2567587566
711202803
3496912222
3300077639
1457961132
2437542358
917634297
2599487913
2108402476
4263820757
1762170289
3693195187
2061114934
1847675726
2020720766
1821021446
2061114934
1847675726
2020720766
1821021446
210544689
1309008543
436598819
3939351709
3267737720
1723269907
4135859454
2877397739
381839420
849370651
2713459634
2198178494
729613617
1606102852
1403584827
1132589564
2320554989
2662043285
3669580621
1871733071
2167572409
1854693611
3553595964
3042249795
343527360
3090758288
3221447441
1936536076
607695898
2433846808
3932229576
3280863312
1685458303
513785431
638275563
2378003893
1060332673
2765483571
907132460
3047074005
2935606449
1746630014
1237161185
3608506483
109987000
2552668202
1640542541
