2949950322
2363168466
3734744192
3270290982
622255943
3056266780
312466379
1359670150
3286148895
2454039127
2194105899
217687375
664638849
481558457
2367258105
1378491659
3116023223
976595790
335547182
1083402556
1360533717
1719900256
4228511031
3516639159
3813737109
3983527147
1263503058
3718919358
3199309119
3078423737
3178354141
3032302683
3929216797
1620098413
4124720915
4231670616
1511678305
88551617
774045711
2601138701
4013379123
2959744915
433806424
2827566213
1963264880
4147023292
2830155504
3194989446
3731461809
2167719697
4111053615
68727225
1807739167
650828692
3670343839
571732460
2104795619
2865215653
989105992
3924119523
3582006843
1516207308
51750607
1169808032
4060978141
1997596358
3679782774
2790577043
168899107
1997596358
2955311363
3971922009
3765410370
1543857028
3556154237
1198103309
3447572584
641483585
2765691777
