4016747520
3203512648
592698343
716427180
2382822011
3039334467
3882363409
823739194
4192410312
3672942440
41851801
1592154819
3425834586
3637068578
2794560661
1922316744
3669128604
42722470
3619044091
3418437725
2944303135
615488210
2984581292
869178976
1339851119
2780033528
227917228
1578484582
833788864
4255495197
3251455727
677580058
4047639341
3091877599
3915757539
3812694238
1265063050
110375259
2146848845
432207348
3133440989
533426284
4163961101
4006307726
2111250983
524063311
3514472577
3873511476
