2949950322
2363168466
3734744192
3270290982
622255943
3056266780
312466379
1359670150
3286148895
2454039127
619129874
2866409334
2529015470
355639383
1378500364
3657115073
1286711231
141202712
643773816
1977568178
366573189
3144787926
725782587
3130393966
3288629650
2411371869
667030226
485259498
2370239146
1716001023
2458784067
1025502386
3024720398
3182003781
3795301641
4108886143
1766507216
3592210255
2564733235
3705403653
3799255921
3625178857
2750780710
2637359292
572671478
2706747876
691604454
1637314047
3094173065
3733277747
613416606
96078590
3350807632
1167245980
3776994646
2986926952
2243097117
3905497161
317772891
3681241412
559068502
1665256852
76332138
3774751258
3034472812
2789413356
