2949950322
2363168466
3734744192
3270290982
622255943
1719922442
3258374877
1359670150
3286148895
950347572
2382924813
226990836
2969678732
3249219946
1483888003
293210225
3032952128
2331166957
391162434
3316420886
108032176
1525199338
2450712600
2839314976
1907277521
4078253309
2370693962
698074854
194531868
2560910151
4017030124
148813368
1991269786
171577062
1876439306
3403137723
1250777238
3114732876
3446882111
3469784021
216207168
1191768523
3777543154
3743243871
2155482712
3521184528
3344213710
2444854103
3213632311
1580926573
3388617311
2182204628
4130126058
1695582641
2364898796
1531339946
3470341353
795742643
1086933269
2359875549
4021586697
2089335378
1179030237
229469270
2381127839
15422827
508575194
2692958942
3281578847
1075314086
3089541095
939052304
338907307
3814379128
2493505518
6009189
150892453
1551356695
1098328413
2493557040
4104557575
2547783182
843013176
165026028
2137562599
1123263180
3212175349
3290643516
3587612369
3241003945
2468121449
3817146602
800739102
1984956856
4067952216
1723623635
1672729241
3300673621
3578391224
996100808
2393001136
498835706
433631818
3551555269
1907614073
882350466
3099245324
4255040503
265110004
3927991471
1835904535
179007887
2393956284
