2949950322
2363168466
3734744192
3270290982
622255943
1719922442
3258374877
1359670150
3286148895
950347572
2382924813
226990836
837010220
363537397
481312507
2739206365
367427224
1149072336
3587699088
4009335720
1935407367
1857150666
3890716790
1775854354
108936116
2742142981
110264883
3304685575
593443878
2831101961
17408209
3556088709
418647897
795840492
2346367547
3385443065
779058904
7275787
566435014
409066450
240360016
657259515
3230287834
4097889458
788833763
2686624059
806150295
560863139
1230714089
2258977226
2828067242
3760858595
2283734697
716951503
3983834257
563960786
1095111159
269501408
93246935
1523811447
936484780
2221017376
2246515721
2951113750
4042855365
2364536838
1577405551
1700669118
3782617438
1340012557
280602631
4233832886
1257669263
3831387100
664717177
1555182578
1516744509
554052188
1035521838
866408761
261242372
2180739134
3823854890
1088144435
3231227614
2957261101
667523104
3136229733
2999098780
2824744158
673019443
2000693139
3773628142
3323336766
3272478968
729813483
216373839
3739780710
3941821858
3333515759
150430497
3416627727
424619622
1059808265
3577128862
1345051269
1962907709
3289787707
1402702902
684546047
566977934
2434977928
112161157
3435638026
1207921976
1017047129
3885368170
1944974055
1047990796
2852971393
1612788210
2621451985
198021084
2293922766
2293922761
229050066
1077798457
3160209690
735139863
2932614412
2113569614
560087572
1828233983
