2949950322
2363168466
3734744192
3270290982
1345905343
3271873508
1739712051
1850864248
3639833661
130028751
1751600233
4163647943
100707271
1469818511
4106233033
135590397
3236866063
3835075729
1376924431
26365381
2143982194
3156656797
46837076
1926366795
840104834
3688733844
1009249781
2864865177
2679970639
3711193573
658432840
2964058782
532175684
3693587732
2875015592
1546993136
61542076
3229382861
2375268987
859884927
3118754437
1365928854
3275744125
1903343085
304212089
3623299013
3676792580
2832106170
4269013721
601196516
3010214573
4205544740
3036043394
3677363220
1593028589
3715938580
3998778379
3954128216
