2949950322
2363168466
3734744192
3270290982
622255943
1719922442
3258374877
1359670150
3286148895
950347572
2382924813
226990836
2969678732
3801730945
2369689383
3701840495
341820317
2590048505
1108972919
765762909
235737138
1484586267
4009251461
3647197744
2088802310
2263552248
3936631944
684670652
3043843091
2435169482
2549096453
4192465362
1190354072
2653197128
1680744933
3886102300
3105308075
2130469798
3743910060
778433690
3003319125
1856339560
3020125865
4286300153
901998562
951918649
319299666
2450531988
1867327711
25146929
2276076406
3473993535
2839511500
1695725374
136128533
4134966488
1000590458
3874397460
2922850914
1621644318
4114023517
3463212684
3134078063
342289724
414699303
2619110656
2605734984
2974886999
1010941778
4206280397
4261058437
