2949950322
2363168466
3734744192
3270290982
622255943
3056266780
312466379
1359670150
3286148895
950347572
2382924813
226990836
3313353478
2498154062
2827130774
2434814082
662886087
4059283436
4094107031
3475601327
2693672713
783346797
4153537114
167399063
3419009538
2919061435
136191373
3108797776
334931224
437694803
2904713254
3356779594
3289301302
107332354
3980749576
820188725
3402507748
1306312293
1852555641
3815617677
3170076609
3815105900
2127005635
1519347482
462367103
1503416765
343118603
3076721893
1003989357
3167040236
4186366227
1029118070
1720745007
2195907167
2546523685
3295874113
1048166124
3922372522
3311544707
3999007807
420417319
3666934135
3693170573
2773895066
922996593
1805323819
2069863386
