2949950322
2363168466
3734744192
3270290982
622255943
1719922442
3258374877
1359670150
3286148895
950347572
2382924813
226990836
837010220
363537397
481312507
2739206365
367427224
1149072336
735718262
2134397257
4002599689
1621889133
2341255271
3828461645
507183840
2942919229
214476667
2820573911
2047063248
481856869
4116543800
4237420734
2856559989
452563478
3502789974
3640968400
2095550182
3196882130
3092844573
109890899
4064517313
3035619502
3985927424
934634442
1710610840
3092489381
3923258199
1217907927
3233684114
1972838544
156604809
1489933505
4268582375
2462097577
211827889
408644041
2067843144
