2949950322
2363168466
3734744192
3270290982
622255943
1719922442
3258374877
1359670150
1835971166
3813699898
3446002010
481996954
2389638147
217797469
3291063159
2252004277
4107980454
977645786
1154954278
2460376333
3392517501
1089899254
3867445232
1776811303
1327928448
3433661049
1560477753
1714252289
1624872787
2079642941
3851700517
3967049070
3018485282
2771745620
754786313
2103848257
2162190456
776517931
4196722146
1998753814
3798471272
1629480570
3019198995
1600355721
3267436326
272442482
1402219537
2009499532
2009499532
1402219537
2845744828
91119934
1444046038
1477374657
3430276986
2036131192
2036131192
1154490457
1154490457
970060988
1507314059
1129019593
3547877156
4146783417
2556462700
3197788348
984772444
3904861045
771390840
2833711203
2261950467
246443789
3206687285
273103022
3091183393
817407781
175542186
3368441194
3289872241
3903203314
3354637575
1122470099
3501326392
2414825880
1261136643
2553981864
4213634940
1429660466
216307561
853415411
135282044
485189636
2394874095
739912073
2891605312
791515474
216403177
1404788041
3761786749
2637798296
258741107
1408553513
3909061226
3730486132
1276066719
324168255
2109064561
2550217924
1946518918
3600895200
2879521377
2496539788
3058169895
1052829731
2143331910
4148672066
2986632637
2929354994
