2949950322
2363168466
3734744192
2634980557
2062871980
1719922442
3258374877
1359670150
1835971166
3813699898
1904491939
2931252561
2156068145
51243976
1142256787
2048954686
4016706368
3348380369
2734946755
2081924524
4125097713
3471938761
446547968
1485746370
3374592642
3828863191
691612510
3612514195
3729361565
4194396740
1738737899
2683426462
2895449496
6807290
3926449989
955573265
1612596575
3995108923
2420109263
3433508501
3336663255
3382363632
601772136
925173008
420521328
1029195177
2158385945
3074284460
2851789053
712363524
245992400
1622825479
253559457
1107869236
3087142041
909955069
1218669897
969240584
547337892
1194240001
656971062
400912247
2314632959
3083049810
871077042
1935423546
752036603
3224480586
1851403728
1504388351
3422465044
2336817308
1478524894
3711763141
3590871103
4083335449
526809179
973922685
649200655
1999178055
1994195987
3248272852
710005663
597508633
2792039980
1051907058
571225728
