2949950322
2363168466
3734744192
3270290982
622255943
1719922442
3258374877
1359670150
1835971166
3813699898
3446002010
1324009379
3695086394
3792400023
2618558307
3637458372
1697721204
176956254
300631866
3040701078
544729320
2475156874
1534966904
150848178
410980046
3704765051
349456402
2667926239
321417297
4006902719
3944798660
1135146567
904786833
3186745973
678343222
2272930067
649947657
27885051
3964246732
1803712097
756385712
87330161
2986365956
1282140361
726324327
2657349221
3083743011
3168683487
955664959
1997053553
47883272
2330059682
2063785021
1380800978
4199046637
2862929303
3305344305
2794013284
3897244696
1190440475
3137041680
4233562495
606445977
2316461955
1018872917
1519280620
2170032874
71659505
2712020423
3456489201
