2949950322
2363168466
3734744192
3270290982
622255943
3056266780
312466379
1359670150
1835971166
3813699898
1904491939
2931252561
2156068145
375869277
161428447
1639918470
2189990779
496962691
3305975922
2208386077
4289942290
1533378238
2561010203
278834609
3229649475
2928892820
3876636298
4229410939
4111248757
3919686141
463936164
2474689791
1059519680
2710444114
3458810100
892295057
2682339577
635660303
1599671829
3352329275
1647523341
107445006
4215008477
2504763733
872229367
2043535028
2669960484
1847993110
1480563303
2535629536
40378526
3073279328
2375424668
1849014361
3190529963
3468807266
556153950
4246697490
2482559324
945465035
4037082937
1374623929
153112124
3563921234
1497915754
1805407482
2401419477
1587430761
3669379721
4292087886
1590333836
2356619855
760723758
3019857340
3607860871
3739976396
2653650693
407942769
3119902391
2081606871
3353850507
3541886963
182785671
2850162361
1017676999
3267573770
1667653836
3759248606
2149034473
4160648031
1078341062
672253218
75290343
277316511
2412344462
291606556
3634047212
1915075320
909434205
1094794329
341651288
1511661731
4223629413
2026409079
4014288250
1104418138
400961541
1147555535
2516417028
2164666236
1366407939
2792456746
3078889671
354478497
2154458079
788222975
