2949950322
2363168466
3734744192
3270290982
622255943
1719922442
3258374877
1359670150
1835971166
3813699898
1904491939
2931252561
3920609802
3243371419
162247273
1479589665
1016006499
509676421
3258848708
4178608124
1689394515
3250450146
2125284264
422142214
2355356536
2240018227
1818624878
1543341019
393337923
2991445691
2167478179
125661168
2429662861
418050343
3275522593
729499617
2642212202
3636331673
1075426396
3941191594
826260652
1079615981
524218859
172884207
2927706840
753852577
3114558175
386708364
3631017600
