2949950322
2363168466
3734744192
2634980557
2062871980
1719922442
3258374877
1359670150
1835971166
3813699898
3446002010
1324009379
3695086394
3021902691
4077259832
3690472873
3211781819
1618721492
4113643690
3458159250
1605750994
3936152272
1666494861
3160920447
1745587638
706278772
587458682
82949693
1127033396
1734724333
2859151716
4192948142
4120394708
377602686
1288783589
32110975
2098341954
4271718075
2156025679
4029205929
4086670502
1543788887
866320881
3918877171
329245534
1175401325
1845966728
338988989
1184212790
4263864809
2889982561
3393203658
205851220
1631506432
20507959
2911639832
2387051683
3118203926
2648081454
3685679268
1268528969
3845449242
1909766409
11707464
2496236019
2599896973
517949549
1483944962
3632446348
2797976447
247280880
1985551101
1854787990
712261018
1904826894
4103350037
245274040
8520623
2499358228
2389024598
2528203837
2318358898
2465960473
3019994313
3100661458
1792887547
3771275678
1204192082
3307461522
2178561950
3660009482
2579700261
3447205735
1876747777
331054569
4060895411
3940062168
3280151033
2229821223
3898857763
3835543880
4124697079
1833276974
3487653704
3220072206
2057526726
716930952
2283779822
882997238
1772411363
86509883
3594274617
3363615909
882059554
4017285891
