2949950322
2363168466
293172349
219051739
1598999689
3430088146
1757923333
1630002254
4177436839
2842013167
1292062791
1982675583
3884431423
1773763419
2183781351
1089510616
168107790
1338502909
2779311938
991515775
2848790758
413104187
136164423
2732364571
787591573
4103813135
738788606
4289493927
2692775932
3027970692
1612150349
3865886521
1307337763
1670992731
2029926207
931916246
2719267221
530403888
2837659326
2164405375
2211169783
530105538
2309522226
1292220295
3746578284
2474428210
4033308339
1688406072
2243277739
3401608514
2413188256
2402296684
1135578603
3448852111
1028846115
2443504543
1859838418
843194504
2476329858
2962650658
1509394914
2063086658
1666621870
1267339012
606951330
2366654233
1685174489
1199441273
4235030882
3076474117
1671910622
1199956511
2159321010
685204497
2658848552
446003389
2663216989
677656929
3661335162
2942140650
2172873764
921640224
3134390734
3581900775
3800679106
3520173478
1949491088
3059342756
794940471
3522073741
702533324
3138093653
3351853900
902023995
3175174742
244050380
3062267736
4009598925
2942078157
1629612533
2368032951
267220071
3766041242
3598373465
4195860892
2945855034
3539815127
116977546
611400481
1207123012
532177365
637359992
2715113624
2440429511
4287778953
1486735941
534354219
2782453185
3804250778
