2949950322
2363168466
293172349
219051739
1598999689
3430088146
1757923333
1630002254
4177436839
2842013167
1292062791
1982675583
3884431423
626982656
2337205070
4176262633
3463144787
1079354935
2506651754
3337618535
1026116929
2134521219
3013974788
2101011832
3903374011
594507538
2780387853
2337711507
585119051
2353587224
687722959
1100807661
3387967471
1249857814
4241685039
3755820943
1293314879
467353578
3910449481
3096425473
1785004136
2767879700
1124077429
3310122790
1896318748
422027077
3811388904
387647033
2643662728
197836199
4093372390
4259803633
3606620747
1978360778
1541325738
2328495987
1291052849
3389854504
223781204
3021910947
3950633897
2378357276
1271397762
191910154
2902613004
1430499438
4129398672
3002185872
983368338
3206527552
1815178343
2315381187
2966405452
517985538
135668037
3175029575
194162814
2245977657
3856194318
1219887513
2047176824
2773190924
333849141
2553927251
2034430033
