2949950322
2363168466
3734744192
3270290982
1598999689
3430088146
1757923333
1630002254
4177436839
2842013167
1292062791
1982675583
3884431423
1773763419
2183781351
1408678439
3240294078
1136089568
2338695626
1561641185
2960170255
3304273796
298772953
1407029531
1014401856
4075418940
1738766146
103864367
1288002553
297858540
2068245504
2234339533
2133320288
1091700685
3680804296
920777697
316751013
2553671722
3981931621
1202130835
671110965
1023083085
4287568860
1362564178
3186390600
4252160954
3656495444
4210953460
2423788824
1752125311
4205077455
1410118300
727480614
625012529
4007790788
3454907748
798152810
1618231081
3315037471
133986091
4273480403
3374555750
3699473337
3363450561
2875297600
902392786
4176693407
3798989277
2723869182
4253609788
4113379836
1781653035
2796449964
3307519993
1694455027
3972272985
708044358
998436255
3531089841
255162079
32576827
2781752084
67725326
3466813141
3844614583
2918083895
4146166864
