2949950322
2363168466
3734744192
3270290982
1598999689
3430088146
1757923333
1630002254
4177436839
2842013167
1292062791
1982675583
3884431423
3139402085
1351604697
2455150310
1011255976
1340396559
2036532405
2937220510
1115041904
922065659
1689591977
656412900
2553331118
498206076
3307223437
1260321513
1181707498
776959155
3481456328
2292454617
4065043599
2958613581
3758064875
2150472233
1662659284
4250933682
1747622860
3716178642
1124675372
590241502
1126720489
3440812173
127336096
4175297770
335369440
2593223671
1064450497
1610838048
2276170280
3408291876
752621893
2861588758
1027389547
2744409337
242512447
3543737169
2552199874
1547856442
3667392381
2249143847
2184126260
680627488
3682020565
522861613
2583667050
3356273838
1070212168
592718087
4169292289
