2949950322
2363168466
293172349
219051739
1598999689
3430088146
1757923333
1630002254
4177436839
2842013167
1292062791
1982675583
3884431423
626982656
2337205070
4176262633
3463144787
1079354935
2506651754
3337618535
1026116929
2134521219
763006929
3823497645
1991209939
623840537
3920667550
707745230
2722361292
2145751793
1051573681
3440719462
2481299416
3072810784
1294855565
1370742978
3778815654
3904223946
3997255576
2596465939
3819861347
2341367098
2775109311
3716997298
2630143986
1381740942
1079983598
1315042192
254401744
2029098110
869780973
2642353342
3924117958
1785356095
3971990136
677879646
3402686467
1755082511
1264054964
3857710394
2431184407
2316282963
408560824
1991539289
745092420
1766673855
4212704596
1378211311
2543089935
430619243
4227569029
4149697417
296754668
1247218315
3561233155
3466811719
2688873993
876545924
806623537
644482046
616671289
1609391282
78083640
1041673759
3281054502
2867971844
4055625102
1150474124
2700356132
578120536
1284686870
636741684
3666958325
3903735489
3806689869
3333935568
732611384
2152588696
2751211147
1028964889
