2949950322
2363168466
293172349
219051739
1598999689
3430088146
1757923333
1630002254
4177436839
2842013167
1292062791
1982675583
3884431423
1773763419
2183781351
1415099084
3107778338
3451864489
1600850224
1056482909
4093009364
2614510989
753048824
3678186491
3227692819
1602109636
3095671205
2052945562
633554390
1716942235
3200534890
1815638590
1632232509
1456628872
2028455144
1433769576
3506307904
1399920057
1639690395
4064767046
1758265617
719223251
2480724468
1726428006
947146081
1336673743
537615721
2769690738
16083524
979124201
3226897732
1261803720
1446339202
3624640998
1674058707
4160957421
1097943587
3373499693
3848183063
657825571
1813235376
2968704908
