2949950322
2363168466
3734744192
3270290982
1598999689
3430088146
1757923333
1630002254
4177436839
2842013167
133616529
1533940427
3401879691
4058708659
1028766209
3944796970
560950986
1441580097
3342371032
2527298960
1538096665
2781266644
903478191
4144020624
284872177
67213449
3879086196
3376619276
2531077184
726976485
2764906180
585500411
3081536645
419714518
3940742179
2141817438
3108193289
3581067576
1908929775
1388857679
1103532653
3986752886
1032129925
391212900
510435286
1258290628
3627340148
1343198942
2292034095
116712469
3396029074
2027750230
3641108572
3062220454
850250054
181986274
2703620061
4070934807
2394396184
2960305884
778157908
3421710932
3069207765
2516572533
3279034769
1843054786
1339644984
55739207
4018416634
1283668932
2412327533
711706307
2354323853
3150946616
2944663414
169937880
2887707798
1082553524
2095803915
2973106133
1772602148
558698684
124659262
492718858
421431053
225622186
824156693
1643326063
1620145556
3823534470
1854256990
3770381370
1531841126
3500085419
3515734499
3981014776
482439150
325910154
2425171167
3290320589
3586869746
1138814500
328699567
2797515949
126391472
2215084617
1177829084
383301286
2207397080
213135360
2678617513
492851577
1516960202
1918406249
1129895499
2667490166
2195049486
3716717998
3774522065
1384881252
3235779727
3459638118
1505247851
1800051603
4166442554
2741513548
475708097
144830393
