2949950322
2363168466
293172349
219051739
1598999689
3430088146
1757923333
1630002254
4177436839
2758173181
917646692
1730748460
2203049348
3093411772
1889267278
876666089
1358914731
2112653054
924386600
1687780322
2819020133
1440463217
2307172144
201727970
3566478099
2545808819
338466432
2406909706
1648525685
3967566353
2125950625
1017386595
1215308816
1552642408
2821713676
184380906
877355379
2287116596
644349129
1781883089
2420101756
4185102543
1797656612
462195394
2241829706
65294910
93276921
292822913
2344395706
3609486048
