2949950322
2363168466
3734744192
3270290982
1598999689
3430088146
1757923333
962381133
3735467052
2730569668
2309299978
1554692344
2488328458
2645620033
3257845261
16220466
725778777
3099483524
3889761678
2756459971
459051145
1181010022
2666984599
927538450
4013000860
1628392440
4091217761
1883766475
1481636398
823424358
3761788393
773812177
793210934
2211648612
2997413149
1876030648
3163430886
1002254352
3070858648
333428788
2821375592
3973261924
2331788439
158552686
1685900613
4020451619
363432846
2369691176
3529100834
1631035199
3616872826
3134963102
1894398810
1815692796
3076186838
1203551941
2631866863
1815692796
3076186838
1410720653
873717434
240487530
124288216
4272895619
2507479359
3433900610
2046853499
1408208611
2850372686
354059935
