2949950322
2363168466
3734744192
3270290982
622255943
3056266780
730369203
2780188631
17005056
149122635
1467833607
1063077214
292087102
3551633921
2366089398
519795819
2404513323
951267437
1254310712
1658997241
3802268976
2108425496
4100218437
2688079452
3504018542
4177141423
1458178785
1841586393
3056526207
2105305934
3847069847
3416416009
647387510
240512307
3244689755
3583859747
4235782298
3194720344
3883604678
323825943
2454568404
3353177575
188924768
3401795952
1271121331
3972816767
3444425678
1582575492
1826991891
3037437332
349206174
1446352451
3209980291
658669230
368311865
3075946335
3415548164
2040846819
2735453558
