2949950322
4266632762
2886671464
4019858469
1099577451
174180064
450838857
2572179376
3353763079
317324021
3016321428
4015106254
1273273625
1760239801
4181828345
529241493
2183788346
1356188782
695921748
518089953
4179303808
1183897223
2650991222
2819445936
3057137762
2522864631
3186285468
3308981120
813059021
3458070272
1561968029
4088491214
2937394439
2750090604
1946698256
4098536306
4274537137
4146616058
2258666507
3460946015
1204961521
3248371874
2199351820
2425962490
3005268502
2666953092
4027700938
1051334972
2883623746
482032519
1057146475
354893670
2076217384
2361436417
2733967713
1495065165
3169462345
74859745
2218133544
2358499048
1989764165
1704936122
1227455696
3399903785
1247274407
