2949950322
4266632762
2886671464
4019858469
1099577451
174180064
450838857
2572179376
1038443111
3907700117
4019954689
3432257953
3891276143
1775168011
4167329867
514744103
2666841354
1216767746
3364637685
2230064259
2461835187
422844906
2214796109
3501731343
3206510249
1016094800
2316619726
3165779664
4049482854
4173209645
738012612
3893460267
303812486
2619673826
255412555
1227910685
3566341298
951310800
2275636378
1895414652
3802936215
4132923119
988554845
4282051041
101725277
1980276546
3620959304
4108110312
539285555
1889491493
269164820
1942663112
1061613648
