2949950322
4266632762
2886671464
3890537187
2051440716
1940296711
2870722441
623213805
2073261658
3289955677
1778952467
1638006009
3851023129
3330690745
1462553849
1812113089
2696537715
590803082
1127271869
2504107158
1818982698
805194087
2431575085
359423231
1887522870
3441343484
3671154113
2584292410
1680590660
734863367
1695506043
3409691346
503717007
1060206542
3112889795
727621978
3895113931
2917681464
3179603857
2493373929
1984396153
864389770
3440822183
1780047211
3018024221
2068334822
1976029406
3288114107
2627466173
842212078
2644149315
3149402876
1023641841
1270336755
1478178942
1289776390
2912635652
3407901361
1554895804
1349926332
1152100517
1347485149
883177190
431477939
2788612596
2886891209
3693626493
2122729156
2279189279
3562657237
2153369449
33958070
1955356535
3913652153
2925332706
1308174426
3610350689
3330318264
2985980676
1639894511
4019965064
1071608419
1167181976
3286893036
1751833334
348075103
2166383644
4270032941
1794680214
863593804
1228398519
132395427
2789304677
3161521486
1922367968
3334257572
2723695914
1377252822
3784820932
360256938
2931470239
2485818340
2178057092
381604292
2768441928
671442876
4272516729
219276718
2600606285
166545544
657067778
3332188760
1604894084
1310307933
1348794068
1584947395
3948120111
1942265225
3888099378
