2949950322
4266632762
2886671464
3890537187
2051440716
1940296711
2870722441
4152590035
4115304283
3462718819
1607362339
206969646
2659342263
3180194327
187657298
534001962
2525120406
2331329840
3941824519
673857336
2083136900
971560055
820071733
2507256198
355150763
2917400631
3062064211
778585599
1498984984
4159726411
2555853805
3041188280
4256767006
142955091
3290102996
3745522981
2582342784
1931877413
2816895245
4219381847
3152022949
1359244046
4108788024
1993796474
3977841869
1801635257
707455737
1991388067
2370933356
88966024
931024913
2490974255
1853092482
1305087854
4216234224
38229781
562146786
1731128363
2465438156
539816923
3983020650
