2949950322
4266632762
2886671464
3890537187
2051440716
1940296711
2870722441
623213805
2073261658
1086135394
3507985954
4061668226
1544042444
3750175029
322724231
2884848155
3421861676
1700636287
2495519200
378871596
1953506599
4080914063
1348917380
726281231
3008699312
892261060
3420088715
2914544056
1471339285
3714455450
545486451
2539761717
3165471107
994779750
2939162589
3330033006
3000526411
639371456
2120738901
492523158
1941758424
276842267
3356654570
3322867197
3122459378
3919350840
2634471744
3193627962
3523067292
2877671226
3952885126
