2949950322
4266632762
2886671464
3890537187
1240790701
1794853645
89920427
2261976402
2434589551
3532247842
2003474708
1490365084
4234157899
110814338
3988409480
1541967295
3806736346
1826155710
1203559536
1314703419
3757460091
3839369283
1650702926
920162060
3712495536
2395492730
2283654581
1584178334
3003709808
3347796987
1512649044
839461133
2367259719
1317433879
188697860
1789715049
4029058878
470243932
748527518
2992339120
1885914149
1484336106
534287588
866233183
3881417348
989841337
1950202309
3667224726
434388852
2373664516
1944613417
1328163397
3473504089
306456119
20092340
4289279371
2679048380
1933125414
2301859211
979223702
4187836467
2145818951
2564782823
485260697
70825714
1533405010
1209226449
3937902007
64381559
2166245031
323735116
4289286141
3567965914
2194024791
318054074
1030620332
2259533465
5278136
690191837
1926683966
3870158981
3636106807
1553111511
3959351507
618369825
2072429185
1823719676
1934310735
3981978823
925286353
2740818538
2890031033
1041749842
827712635
2140441309
1308229455
3154077796
210966880
2159955363
712307346
3810272243
3696240540
1696745042
787957610
764198918
2775358583
3696892593
2767284623
3390490305
1715539658
3767833485
4001891738
405111524
3813339185
2995098005
4179721326
3979106957
373499992
1623809945
310982196
4117972821
489616144
1112122137
1660934555
3701834313
2851622648
374017717
2486201641
1159482790
186684440
2628597013
1304994597
648070667
2322135361
2557244705
2213388270
2666358180
3973488465
1315251542
1644548515
3364366037
3840463392
3521600449
2749145396
2768846331
3188607754
3383833456
2274823503
1992461968
3603793957
664275962
2274823503
270183490
3256332395
2641420386
3265461920
2216550136
3948709208
2243635734
767810985
3488949193
700819053
3882379732
1651840207
3932779843
2777649664
4209558025
1525138620
325343650
1552072417
3206979161
2966710810
618789330
890968148
651158133
2563305733
4110511770
1352270539
3299840259
1630862674
2083784472
3258127464
47226783
1969345730
774635080
1070669774
2883881990
3144243830
2749298436
3018647203
1930390868
1423799204
3949868009
752974349
3537440018
