2949950322
4266632762
2886671464
3890537187
1240790701
1794853645
4149815714
4273552873
637802087
2057099069
2993065679
1275933186
844492213
648984781
2952316529
2267310299
51144507
1968826039
843151852
1803331593
874248196
2005846089
3322993793
2509283915
713035521
3642207810
1827317818
3118796744
3140288064
713456640
556796268
2643380340
2054469909
4231577926
2711055362
2575435719
2287403256
175932980
1153366088
2271841849
51700911
1400586512
3301261774
782905689
3106377812
1487875209
2918877032
2110297768
3358953680
2433237301
1193570127
1364882816
202443280
2999437932
3754448199
3897808370
1571738506
274576987
2147151613
1575393574
