2949950322
4266632762
2886671464
3890537187
2051440716
1940296711
2870722441
4152590035
1700213322
1180209130
1150385762
2143229018
3994392090
3180194327
187657298
534001962
2525120406
2331329840
3941824519
673857336
2083136900
971560055
2595471996
482872072
3795628103
704316910
1352113566
2520573826
2499089930
1390374957
3673597544
2837398486
3918303595
1739739663
2811333475
2608450715
3480868391
963973947
954142563
1801417129
4262851543
3517595743
1964995976
2830698677
1387510296
2435599432
3106162861
2950573614
337482779
2222280668
1647482457
14231089
3959000635
2825698934
2253987350
1265686822
4136552342
1367432538
3967763434
1265686822
4136552342
1367432538
4002541584
1172738683
2766979850
1465141469
236884702
239823438
3700122131
2072312031
2507764761
1457947209
2351275469
1429302968
2533081436
1540490860
3760683056
1426997810
1571527922
1784321501
51830638
3113477285
3504320022
1784321501
483451420
2360883675
2360883673
483451422
4062110961
830542497
1489852434
1941360242
2186638444
953175975
