2949950322
4266632762
2886671464
3890537187
1966124666
1446974426
3768423839
4243232569
2471350175
3170008087
407325120
2613600057
1122582798
1258902853
2687106383
3857386684
1074284170
1782649834
227303956
3408336904
4207686636
637489950
1771279388
882260489
3385503194
344583130
2911324607
3994188274
2755914745
929175359
2682456626
3405869069
3764732099
2503579743
76749343
2326649211
3410799525
1756242174
145235401
3575917116
1159142865
3442525066
1471852253
417370967
4084216811
473572349
3417318886
3077170617
241911198
2440538697
713217045
570754117
3624908520
1066754201
3309390812
1340268972
2160564830
3988537354
2392857822
2759469106
979974586
1544239497
3626186345
3080601155
538156878
2769856537
848627988
1588428081
3374373948
2769856537
848627988
295351476
130695044
1594190081
3364407308
2420612745
130695044
1594190081
3364407308
2210069611
116798194
1504404306
37959734
1453622232
3361148024
191677741
