2949950322
4266632762
2886671464
3890537187
1966124666
1446974426
3768423839
4243232569
2471350175
281205094
3027758257
2613600057
1894315827
594578238
4199650569
3116672324
2079791569
3743087447
3721595615
3875365095
1126050513
1251456701
872099533
974862982
1132026768
2165463460
3439172370
1482783488
2692709103
2987547649
2114399953
4076952357
151775624
3120717291
2361122952
3542975013
927694733
1627572684
2990654501
2570736197
970476275
83040354
2580676562
2118855075
153853071
2633718907
1653875149
6064730
