2949950322
4266632762
2886671464
3890537187
1240790701
1794853645
2365667948
3465808417
4075836409
2926088867
182298484
1028007873
713671164
1047696516
2063249948
1514607207
492801340
19435418
2489454052
1779020073
1144787273
1826668515
1710990061
3757672987
499791502
1533430497
416236162
640574533
2308387111
3249725214
3249725214
3819943726
727051996
1098345974
899868512
855974086
2110217914
1116509608
2169241869
3586506175
2310686336
3575810010
224006740
2666919380
3266265893
88349992
3117619877
2189979764
3630816254
3432167459
3202786272
3982941482
680033700
257826080
3610031558
3967278871
4223226589
2039665681
2361884656
680754719
1628496641
2340393878
2712171146
528397046
1765521184
3620605931
