2949950322
4266632762
2886671464
3890537187
1240790701
1794853645
2365667948
3465808417
4075836409
2926088867
182298484
1028007873
3343684972
3552034836
2494521167
3497291240
1161752470
862678554
2197125842
2090780191
1386964607
2134455551
4216307836
3098484577
3860403670
3069549996
3220078754
3586917256
1989612931
2209045454
4107384690
2807155128
3492904084
1541432921
4173063199
1887478709
1261988884
929036284
1887661045
3473449202
3279672456
3165353438
3168134822
323230551
2095268849
530421102
757863929
2625533220
3997063574
1840336751
804289428
2543743215
3060989105
3912215825
3679260690
3156443961
1177104788
2584771544
4109882518
1463190878
2758516511
356122562
2732473292
3321705018
69095246
4009318884
1260000210
60872603
1122564315
3963627912
2950834719
1635603555
1890554068
2699767359
2538008569
1191334162
1003922429
295696029
3718295913
4159300617
2779340379
2880817228
3928764852
506661145
1325569295
82406276
1080118556
193639319
2652234708
803693373
1500321020
90024226
3119178561
3058874706
3883745390
359577200
903794064
