2949950322
4266632762
2886671464
3890537187
1240790701
1794853645
2365667948
3465808417
1464694472
3905338831
3907768039
1050242287
408421704
334581922
3886086825
3493558812
3354696737
3880336474
2007117159
4096605086
1902245127
775726247
1719704888
1338972375
875233646
3758780574
1153385801
2499541922
89225698
2339355270
3838370336
1916254985
3380694279
1101435740
1370378266
2279553329
2250283058
3603697736
2754348379
4218508539
2752906481
1133302400
3349470560
614808643
1259218456
3275055538
2847111262
703695164
3281946755
2768785326
3036712168
3168835747
3816729583
4121018009
1346565295
3843851415
651956274
2443026933
2023861111
984798133
1254381908
719530150
