2949950322
4266632762
2886671464
3890537187
1240790701
1794853645
4149815714
4273552873
637802087
2057099069
3812994004
489559833
3015534951
2291336031
1342259118
1157262038
1233910997
2289108390
2930797569
2025915690
3916138346
3347347700
305854069
3039724814
4231847378
3965923871
553426072
2743586872
4242571323
1105779829
3848137122
2228111055
2126836834
3653988014
2255262636
1530584
2978565648
3545583455
2011200136
3376890903
2799705265
593667171
2256662101
44407027
2423174211
3372809420
3492618865
1329680841
270926282
932164130
2730831964
3174944239
361105306
3939304912
3487681551
322040366
1477946301
1095071872
3196665019
640493233
232008741
649050693
583837941
2983543999
2718023326
2079296537
3921282290
2861814354
1915681244
4106955307
1513069803
1397356287
3445286775
151517071
3170562551
1821205896
935808770
3134535275
1627604333
1503114449
