2949950322
4266632762
2886671464
3890537187
1240790701
1794853645
2365667948
3465808417
1464694472
3648239020
2110161019
4266235522
4268025258
2986654428
2620463804
4086043286
1844219534
2848011409
946583249
2867426633
3388134600
1491579024
3704602480
3503749530
3139558741
686527643
1808338184
3222277302
224422887
3371626404
4268943137
3792037255
1201891590
347482967
2064741361
1478413905
4261250151
1496033739
3444606064
2124450066
1707601270
3003146021
3452891377
4288906595
1227303677
1920745516
612453072
761355931
1081000368
3324164579
3350712622
1519474795
100010084
380198234
1407880869
2973942164
1714905562
3846215112
1011422522
1624364128
86696038
1517793734
2301934639
3143223741
998391060
315472123
2757759938
165889764
335436887
147419630
3659777415
192249352
2221049124
2718355275
716626016
3105643614
3544725443
51153192
3418877453
461590758
4014661571
27322130
1957164095
4157603885
2903330608
924037685
4292400400
798780411
2693501143
1892625980
254345353
1349800233
898589999
34923930
403308329
1196732041
3359856037
403172174
1001793629
3958544054
4148982724
654888239
1001793629
3958544054
1342695658
2476220090
2769573755
4199089883
2588883948
3705882499
989868156
3549451022
2329577741
220504625
781541666
3710774005
421148607
3274653337
1708111767
3049108154
2406718005
217877708
3131781540
2334672674
2819347164
3408093396
1794673630
4279610567
1855302437
3240662415
1015000313
2732017771
3562880938
4235151369
174710562
453715990
2357627163
2906564827
1563911121
2089763345
2507507775
2216132363
2564534956
