2949950322
4266632762
2886671464
3890537187
1240790701
1794853645
2365667948
847966571
2874379650
2230074890
542706653
737173047
2387442438
4062896366
1135932454
3984615567
3325389028
2511672878
1874830467
3803828599
2012435209
2115192642
491531313
1863731506
410450974
4130392175
1610649503
3621931481
2366859455
1354044802
122585235
3010207358
557422229
2809523910
1280657100
780748675
2338983349
1905325692
2001038003
3387053100
2144430016
2728949349
2345215284
13936669
2328774805
3970713766
1723246638
27733335
1658603742
1136352878
551826717
122521333
2371315325
3162541662
