2949950322
4266632762
2886671464
3890537187
2051440716
1497972204
2180257378
1048567141
2812715404
2283344388
638125642
765481888
980399517
89017708
3018843361
650393807
3242084782
3176780358
2003328146
3276456575
1197657503
2531149859
980971548
865625175
4278700752
1252864974
3424037315
1646409066
3901133456
2047103240
3954103112
2121505612
1695874856
2337755326
1034676044
574242709
962419697
3116271539
3203527812
2672416068
661817915
2333416736
3839213551
1713837918
159404024
516096338
481500512
2458770948
2313861728
3425192851
3506071713
2141157946
1611698201
2658872532
1414177280
3315480405
2600036191
2584816191
