2949950322
4266632762
2886671464
3890537187
1240790701
1794853645
4149815714
1221780133
3507199564
3639314951
2086584272
809427110
3830627439
2710588828
1054683852
1944095100
2457261436
469210945
2175101616
1627983938
2054059046
1520684435
4096832493
4207381902
576041343
2417551343
582548382
318790090
1119868021
2393439144
1956792581
2797596433
3373840311
4063681935
1671192527
805577666
255736234
2053371163
4012472165
335389265
3747744982
554283035
2841971225
130931530
2079382290
246224803
3312348421
2675200865
2575347251
3976398008
3513513546
