2949950322
4266632762
2886671464
3890537187
1240790701
1794853645
4149815714
1221780133
3507199564
3639314951
1987638393
719336739
3793382609
3644065513
2808928606
3887376549
1012804355
3195383247
925094771
3032427225
1812070743
1739281597
1277056214
3482403375
1524351057
2260023803
1243062398
2866344286
2045663004
2762147442
1753637865
3049992839
542903259
23814298
2313812471
54343032
4181166037
3340126169
193587550
29931480
790355008
4042790596
1179023946
2132608349
2191212644
465511298
2242654730
181105019
1747864432
3797798804
2361024730
2969114662
1816477328
1692459088
4110407979
2607324842
2360960942
2577104122
995946643
2848572592
3497170308
3869647294
1098151557
1783257913
940237163
2211745452
1333139241
3055628874
598939017
3062449761
588997026
3366940914
1769249784
2909848154
506297143
3649188426
820235658
299149003
650802255
1967786629
464365003
3322665206
2785928641
859289129
1573919079
4177933515
1765081894
3196459616
2940787826
1003970731
3907110633
2088683161
183808344
901297463
554466088
2809639516
4290307289
410330617
410330611
2017755332
2017755310
3428998025
1859248526
2118930840
3874218333
454049470
2671259998
3715181075
662411454
2767490631
210502088
1850736775
1652630172
3693485059
417474200
3604902604
3604902566
3927714506
3927714496
3628141815
287956374
1182651491
3889728677
2323593131
2323593121
3889728687
3889728709
2358511846
1945548583
4034503134
60751915
2097193631
2097193717
3752094611
3752094617
2201791171
2201791177
2614737961
206839076
1393118340
2791307424
463595024
463595130
2615257779
2615257821
3089774438
