2949950322
4266632762
2886671464
3890537187
1240790701
1794853645
2365667948
3465808417
1464694472
3569508401
1886868966
4266235522
4268025258
672548770
248983045
2263937118
391803422
515532373
1092900121
4164323822
1912525491
1181045254
2918576826
182813402
1140316678
390917956
8587641
540977410
1992821837
3240806923
1415596149
315372570
2724662959
91717327
1546794509
2349212325
3283231757
49026161
1856190465
3042154682
1631569011
3796381793
407012044
939340100
3342670756
3050973672
3652984456
880013569
4222029633
3999216748
2290071740
1729047843
452830972
3649560877
3878809012
3064264864
3568473276
2731059444
