2949950322
4266632762
2886671464
3890537187
1240790701
1794853645
2365667948
3465808417
1464694472
3569508401
1886868966
4266235522
4268025258
2986654428
2620463804
4086043286
1646694614
2785749705
946583249
3994738682
404332171
1417265661
1524144528
2504008004
2642837418
2180087052
609743245
2000860124
2451243470
3271002548
3529501786
2224208015
695084627
3322286066
2487661984
3449718493
1236699453
2550795393
270785220
2976660804
3993726281
3412670350
1411445101
117985107
4287958436
1849765063
2531028528
1338547525
679451976
4050349629
211509035
3345050403
311056633
1573458784
3862719804
2898954759
4270469205
2671966930
3110194256
1214614143
1785878999
623972942
3921472345
2128050076
1492402462
2851079985
527739055
2617466045
3728894022
4277100691
2666093988
33475164
1276184810
1330430459
3979042661
3665767974
1621200709
2849532686
2862170974
3962912561
4017362785
3460424449
1956594274
1088182775
2230027453
816566988
3217166
1138056481
2751963387
413780719
3427916596
4161978529
532692347
2506753656
923637990
2236450320
2340250134
2437740093
358939101
723356975
2939519695
1786296327
3872136591
3635767677
2278701424
3862769455
908273916
3530261914
110335041
1445467735
2950379080
2275491375
333058964
3550729822
3491690244
3755408717
635195360
705971625
2167820256
3540193447
1179226841
4108789311
1638769729
3540193447
3080536002
3853017221
1763493133
1530968305
3373608986
722268979
3109649368
1179422975
2461303076
2626459503
249110404
14748111
2461303076
289118173
310818439
2433327230
2020106174
1984973301
3825582366
2246760257
571660910
1326299519
48397257
2469812906
645711473
2893792476
1724062919
2170145462
3093338621
1136655973
