2949950322
4266632762
2886671464
3890537187
1240790701
1794853645
2365667948
3465808417
1464694472
3648239020
2110161019
4266235522
4268025258
672548770
248983045
121059918
1487472898
3499022169
1092900121
4164323822
1912525491
1181045254
2918576826
4182689784
1221645104
4098524228
3665765412
4207051871
2889097488
2227832961
959714865
3409897030
3235804568
1191427149
1458970272
707780351
1292821073
2119611701
4154388072
2809292306
1724664338
958289104
3935186770
29559753
2388316904
2803193607
4168222479
3487549129
390986296
1714153337
1919400247
1147615151
