2949950322
4266632762
2886671464
3890537187
1240790701
1794853645
877478330
2010673655
3547153440
1827049255
4249619815
3328337759
3517808994
3657749640
1579998056
3718499729
909339949
27848088
2180151221
1468061117
3616209226
2800542731
2035337227
258980334
3645085588
903198734
1790109702
3834391394
2033076685
2882695833
1933594216
27977655
4031371304
4188654691
3876758738
3011626688
176383719
55572321
610539375
1406491698
1014105236
3462525578
2768927188
3668547045
2380175380
977034834
3189002674
1896869479
2332384458
1611882153
3320845471
2433904288
3402959609
2444665003
889427324
2451039751
2203273809
1208479079
3591699695
3327150414
1409663397
838454177
2516698766
152906073
473371939
2548219488
1331664366
3242281374
687173212
3782144835
550559555
1236398945
4182420477
4071698134
