2949950322
4266632762
2886671464
3890537187
1240790701
1794853645
877478330
258157442
2882936405
3896716824
263806841
2956104830
2651272222
2981660566
538052054
778271194
3805821288
883511363
4276546979
2321893160
4101648092
6199740
3069391493
819473082
2910472213
80071886
2052746874
4191516803
1365790262
2723867553
1481660684
3805635271
3875437682
2689728541
3080578592
1713464220
314259172
2429099075
3862313374
155316582
2415553387
1002061082
2618344691
4036060905
2687714323
119747699
2272898654
3626303486
3078858584
