2949950322
4266632762
2886671464
3890537187
1240790701
1794853645
877478330
258157442
2882936405
341693778
2247579410
3328337759
3517808994
3862299095
30175414
174400860
2387421884
544847381
1092803223
1637841644
3787841729
934757065
3082645054
3945115492
2273849428
3799267920
3172166234
2466321602
65668607
3811966838
3242986087
3920765942
2330806405
142797564
178206412
1278429859
642845752
850024768
2518641815
1825871467
3026828773
3516250081
2032635598
4231721941
2118286697
1779516127
2042978777
1422135495
1237641869
948331759
2929040140
3662902486
4218544141
1551792833
3813469516
1884619014
83334101
2980701165
1762969699
2986662644
2936283326
1893060929
3563119766
2275761007
3908790005
702634222
3448218950
1587431692
3849008976
373383818
2198593780
2857390805
1070531222
378843319
3838509996
3103116627
2529193267
513974845
2994371320
560174770
260388151
1600765261
430795319
2638405026
2342986987
1599844436
1530438372
3421777484
56558519
2225154187
2971160096
3801624810
482007956
3189641970
3688884498
1481703403
3942533901
3504672136
1539345021
439269505
2651240289
1987818151
412884457
2340811171
3951283348
2470158584
4259057590
1102017403
1351806365
673874417
2885848593
3375429945
4166623734
1575306140
3654110332
693144188
132276778
1666510540
229851522
1984312827
2295691478
288831691
2178689526
651408186
3852657880
4049187232
4128686743
3260406018
2593820551
2692860162
2795829345
2188950965
