2949950322
4266632762
2886671464
3890537187
1240790701
1794853645
877478330
258157442
2882936405
2108127102
2589787679
244934804
2470119995
749781308
2828586716
2737937206
3036577035
4096134384
750006273
494906683
3632757088
3657896422
1269666726
3226312585
1778061137
1612389146
1065691222
3155808764
179861617
2697871635
971749051
1326590593
1113832578
3439380053
3417403567
1167045579
3318531864
3990341076
4138770864
2405451335
1474129353
3403812333
3515181449
2055958270
237981147
450107555
1726552315
623036617
843945086
3435320516
1400062442
2654995900
3982718379
339515504
2814347844
4119516419
2266125091
700088944
1237106503
1201678672
2336196567
656946158
2264127716
147659648
2566794349
267699162
3234969640
2622060914
4156927764
1355429336
1853578058
782445233
1479105904
346358504
4250912966
1218629310
2073779102
3700736338
2196179414
1567529152
2861776227
