2949950322
4266632762
2886671464
3890537187
1240790701
1794853645
877478330
258157442
2882936405
2108127102
2589787679
3653776978
4160591410
3808871242
4244553672
2691071634
3081345199
3254524195
1195868974
1718675567
1489429750
2045874103
2298193410
2848771395
1489429750
2045874103
2298193410
2848771395
1489429750
2045874103
2298193410
2848771395
3709421525
74345823
3374189070
3284008744
2961071328
911557855
1781186528
4284596637
1781220323
986172313
2808457526
1972998754
909154817
3732365249
919005181
2111898905
3323231045
624671394
624671394
160541545
3260207567
1844440933
3571525751
3097356612
2502699058
2203202301
2203202301
2100923952
3203996309
198189207
2982028641
4101821586
2759077545
670775376
3829116149
2717474054
1076882349
4001839870
1224030200
221758987
490669389
2471906167
3425770361
357483309
497674424
1294146679
579093713
2176116168
1325086072
1892908022
3988066756
1393700699
3684841584
3453756095
1240739167
380206335
