2949950322
4266632762
2886671464
3890537187
1240790701
1794853645
877478330
258157442
2882936405
2108127102
2589787679
3653776978
4160591410
3808871242
4244553672
2691071634
3081345199
594408996
2782293033
1817047350
2945279379
2357385267
1874159822
964181019
130953346
458428363
3931711102
4140046647
130953346
458428363
3931711102
4140046647
1887404858
1812496796
465121828
119803245
26482876
3356460451
192860737
1269212090
3131869711
2788275526
1677855187
4141237578
682162489
4189863392
999260533
1890067834
2248053086
2073374099
3993664976
3592361493
1954557026
1067944045
1259807606
1884047783
3496348887
2080480204
2008542880
1158643620
1026893349
2395286343
3870899839
565477432
2535009025
1818405674
2570329870
357534685
172236684
863104142
2199487323
2857764532
3045963309
939498634
3470082358
1618841701
2191189378
3116470099
1076862516
2017129969
2695416064
655481707
958609263
3202626065
1024963465
2953954941
2757597235
557839255
1697196744
2898199891
555427670
481674899
3871306814
