2949950322
4266632762
2886671464
3890537187
1240790701
1794853645
877478330
258157442
2882936405
2108127102
2589787679
3653776978
4160591410
3808871242
4244553672
3767123310
1160720879
372929470
1246070913
4014635824
2824004715
2338150859
1177370266
3917559821
3713664158
1399113722
4025729143
4211643663
2758788360
574938423
4037962078
3043793069
552847598
77685619
2567111132
1275017864
1863980073
502316534
2811757068
698794344
2413087854
3092204763
773922220
3792448350
2774874036
973685772
1701712907
1255253891
2967147822
3100616996
714744271
