2949950322
4266632762
2886671464
3890537187
1240790701
1794853645
877478330
258157442
2882936405
2108127102
2589787679
3653776978
4160591410
2875545448
3165303125
678354910
2890321982
1709002017
3283042343
39172436
613732595
812615051
2714044363
669917172
1186296694
181742592
2494935064
3858185850
2733613345
2997898988
873190625
356302752
981913596
2413346756
2520254293
3942509170
4078785251
1310002861
141605961
4035370994
3601197424
1441645830
922117255
4121968425
1065466348
743918822
4216470516
2084610165
505257786
3456489464
3312817239
1047757618
2780587141
