2949950322
4266632762
2886671464
3890537187
1240790701
1794853645
877478330
258157442
2882936405
2108127102
2589787679
3653776978
4160591410
3808871242
4244553672
2691071634
3081345199
3254524195
1195868974
511333067
1789909085
1812471803
813163716
1827612062
2711569103
2872883177
3640595489
1590955038
3796044691
3145652854
786532917
3498718968
1179957096
2939787091
4032743260
2961618599
1651245774
3435451293
1886624254
568890550
3585100925
4129866996
3102390920
3949642818
857238692
3377536567
3735000061
2467932373
3914158874
1853783276
1236364553
1925676020
1559419796
632087351
1353445402
722462353
3802883364
3006294124
904262955
3083760615
3267977418
1216804950
2982325678
3849867899
1586310183
803942758
873613246
204990085
1150017306
3817096662
4282032292
392631521
2685229765
856995471
1393724344
4243628136
1268444748
3632464390
579449003
2900426385
462074037
2291358975
2093151988
462230982
3753560204
1283097489
2286771931
462230982
3753560204
1283097489
2286771931
462230982
3753560204
857886894
2219318922
391246528
560451102
2766501580
328153320
2157368482
