2949950322
4266632762
2886671464
3890537187
1240790701
1794853645
877478330
258157442
2882936405
2108127102
2589787679
3653776978
4160591410
3808871242
4244553672
3767123310
1160720879
372929470
1246070913
3158920605
3260425321
699200261
3399173112
2264603790
1964883323
4132361349
1660434040
1109754974
3591974909
1345468354
3448788333
2433258551
773339517
2879029679
275775475
3441602205
3594898169
2641886878
425718142
3085434608
1376859380
3448831596
3777413126
1725088318
407724170
747107298
1234453216
3253383460
373260768
931635232
3384784687
3924758773
2106867022
59064736
328041190
1326793660
4075511052
2932924306
1217857047
336578381
3335507728
461545086
4138295182
736366304
3234113258
744242888
3479932469
232896406
163683973
2024244164
3272701386
3958332507
2219312381
660327804
4015898389
538514539
607731064
4185156630
3670388485
1953332822
1254876822
3304400370
924025863
2511818081
588965464
2694181025
4259221297
2893085609
1235901764
444734209
2040117888
3343874812
1354947569
262113873
2615453674
4005129051
650058034
3114530533
2943803741
1451169464
3803790022
3143637069
449134731
1543910109
3153152418
3052265397
3147616008
612376799
2170776297
2617236395
99404323
2637125437
540886425
113746761
2808281999
1508752181
3462404664
2339655283
3851673917
1354423103
2922513673
2361315258
4024542409
1034300720
907040860
3991436616
3039243213
1433166764
228799785
701250995
1921390393
493677880
2882046704
3927238900
1961443872
3595406150
4101677639
1084073629
3699232889
206103675
1291897659
2446390554
730390357
2656293536
918576219
1481784220
612751577
259104535
1580200499
2278306366
3618568009
2297669353
147913717
1414019759
681564650
1270400482
2887678403
4081264739
1939397834
3333547720
2281294216
4250595
1265009264
1445492424
1621376777
3882039927
1564151864
2270271906
857012232
2392132737
