2949950322
4266632762
2886671464
3890537187
1240790701
1794853645
877478330
258157442
2882936405
2108127102
2589787679
3653776978
4160591410
3808871242
4106823031
3904776145
1845870044
786287655
1354933715
2110867334
565099705
1850235898
2893801327
4041418293
4011547319
3811817436
3891677654
2098969626
314369212
2436100677
886093939
4139498055
4110865224
2013308604
3044065773
2462111390
3775100246
1730702697
3517760247
1797912892
1884200280
3102060707
625463820
3674369329
1678950523
505509966
2521896514
1025930281
1900720939
144415302
3288912375
4212176984
2759321683
2215351270
507098064
