2949950322
4266632762
2886671464
3890537187
1240790701
1794853645
4149815714
4273552873
637802087
2822427907
4136427444
1225200819
3635255027
3817077963
792247417
613542291
2696537715
590803082
1127271869
2504107158
1818982698
2449524199
3448756006
1967193274
2930409244
603953527
3469451016
1219516028
1661294103
2874379335
2581728464
3351693731
1384926173
158985022
3299652508
153650288
730950000
3447764015
871223042
3319859742
745664514
1877957503
3327010214
2203742701
2632931772
1082236950
922624370
213414818
2856567335
862429633
611233227
2816588594
2843111911
2121662007
432209466
2162597340
3880885713
2121662007
432209466
2162597340
2201314618
89041998
1660529731
1715321040
2555561318
2144981166
289308640
3232058155
