2949950322
4266632762
2886671464
3890537187
2051440716
1497972204
2180257378
2642613444
2672485708
292824616
2162074728
1454361923
2975185954
853191387
3069355323
1217993206
3867741624
1475482656
1635107994
3881753765
3038668535
464959396
2804002857
2883561538
3777637268
3257243188
699741832
2138595933
3385901451
1735921880
2082436284
970818895
1316865572
2674459389
3605558979
2039309400
652883030
4265474950
18099310
2771063361
1693556586
3051707315
2725931802
569736675
2539511349
1534126279
1363564692
3458870060
3652524933
3646772965
267476768
32360759
2491084907
4119798867
1611691024
3956244598
4269161208
1779288949
913453130
4031551833
163614651
131865004
540450266
3610682611
2949899997
536749088
1884912774
3602782347
2724255844
3489178695
2218240630
2236621360
2447033910
1225472595
1002055600
2457623456
442513964
1500794072
1372688920
215235597
1374359405
2736772725
2435595883
2812785475
1264205656
2366061133
3107688050
3055829921
1524223930
1125253220
1999549531
413091789
160381485
324584235
38321867
223834904
647725742
696536957
38321867
223834904
647725742
696536957
38321867
223834904
3786080003
1602167373
625823240
1805557788
1520367678
1313041703
150752639
308345917
3578888592
3662564419
4051877365
3848218860
1635198732
1974120981
4051877365
3848218860
1635198732
1974120981
4051877365
3848218860
1635198732
1852369631
4119120391
1106597456
3436799563
2309694057
2644629021
45771568
2010051131
2026979304
2195426629
3755877200
1769179241
4158352635
1095996952
3958178828
2446182966
536021330
3350299614
1829704138
3075491702
2704170425
3421805043
1632242663
3165223514
2795040369
2071699404
393711588
3049534947
655849652
1094194759
986538558
3776647480
1269138220
1611694919
950302487
3266233786
806747656
3023958504
3537276257
1459520129
343394351
2422196175
3537276257
1459520129
806747656
3023958504
3537276257
1459520129
1196394840
3175431157
4291588443
3564728624
4282866828
3572653287
1880234924
3334451349
1792550798
3097587780
2836429725
3993560262
2843976039
4003151420
4280956389
3090328254
1752568917
