2949950322
4266632762
2886671464
3890537187
2051440716
1497972204
3199421581
2730774059
2685255587
775126215
4136523593
1963016624
3836462064
853191387
426748592
3875804797
3093513851
1044930116
3873071797
3965435449
587584322
3789329533
1710529437
1591407013
1479412983
749577852
4038274238
3464939795
1970517839
2566314342
2039952185
4214012181
3530647523
3234968299
1466937909
4123753299
1410522196
3730654408
975183239
1262878918
618748000
3296615887
1637685241
35117228
4283125631
4167785567
852722756
2136325996
2520006828
4016732175
3589175739
3710684861
1075547162
3804185980
3988305925
2385672016
2466167543
3148955416
458434478
593123083
4199798777
2769192537
634745584
2026953957
806839233
2975409590
133467791
899283741
1726349045
3958867868
513881016
2953437931
773518179
2691939673
1402281132
2396540354
2101275703
2691939673
1402281132
2396540354
4039772308
1408936333
3293999344
2568530141
1120852955
2676198069
914833586
2485357012
608233913
3366086664
2546284558
507804211
3364364933
1091133624
3561218758
2125699376
3087117155
392477176
2802309525
2049436326
2877386790
4108067206
4067177559
784075382
1719383378
958850290
2930460159
3724097793
2599653810
3919703372
4010932381
2957814077
1642738621
314068803
3746372629
2249115952
4035231473
2876317202
158499606
3198155648
426243759
837429773
