2949950322
4266632762
2886671464
3890537187
1240790701
1794853645
2990956675
4057157838
4078608710
3358903166
1503545662
168178995
3147309563
2817467229
356620219
2530115906
4140350581
3784045279
108102590
1525236452
2521956950
3585269067
536699051
1803471392
3357924395
2579419491
623498990
4109809454
4019311434
334548073
3925507780
3730964081
236349966
607359747
2977501565
4203933686
1757898525
3837338325
582809082
4136981426
317959706
1776245393
4220179066
2724368475
938846471
4083637508
3503726103
75985355
2381231022
296073055
2218452764
2464543338
1423975749
4072880012
1903533234
4076505675
104007022
712048931
3990951345
2998682641
2232518103
1431649084
1660484346
2998682641
2232518103
1431649084
203415871
2967704483
2270057061
1460333710
1621568840
2967704483
573031356
43672519
2374867179
1573463552
573507765
2104645909
1767717313
116181591
2778167694
3131394311
908748709
1013207545
3448204902
1664073525
3258007287
3818381160
309649655
4210745828
1501647421
4213545819
2311425608
1509006048
717334484
3180395466
2367957869
327995391
4018364394
3934475052
2234009975
1098446720
738127468
2168487032
687838717
4077367529
1329989490
1878154880
3080500281
1942070465
23342644
2883238944
3455439571
3921490442
2657869861
3455952978
2124459400
3758639386
2157293830
2096669943
526404399
3266474339
1554079979
3432072090
4272706522
