2949950322
4266632762
2886671464
3890537187
1240790701
1794853645
4149815714
4273552873
637802087
2822427907
2868061323
2447199923
7851251
1408217342
3021324703
844741068
4274394955
3852259002
1409473138
4144351820
2533619579
680017020
2586216602
585736966
1447919651
3512671138
2677892574
1677490941
430473522
3132068108
853540608
1730754507
2335163881
1138794631
2181291507
1423153596
3486000205
68129252
1194133623
2371874260
3710422367
1588042662
3666842694
2172269733
3282504757
3061020647
3910412266
2351788517
2871066066
314857839
3078192222
2696168099
661955510
2054229411
2071145894
687035244
268361563
114811447
2959707833
348103445
1167088169
3323940048
2132667639
