4016747520
3429173664
1758477431
1076762086
3515127718
2149554926
1743121295
611376066
2984442881
1071398757
3018943398
2944821504
26639694
2182704055
864518015
2601472252
553266848
1330062986
2251290603
3229846404
3106712510
1824173143
540472271
514493037
3439622042
630461672
1189680303
3978706031
2749645331
3479523065
1986784412
586714766
604795868
1351604567
2022170034
279430635
1120079459
2676907789
36453794
901233943
3978658278
704502976
3556208237
1725846639
4174202343
3962966175
1746804607
3474032051
2937567364
135799368
3624273329
2131337085
3982235542
1246989658
3987439733
1252268729
689391824
553082011
2137616343
2984191248
569119485
2062727518
3532273361
2164934683
1344694420
2213028291
4148851488
2116441143
3264290388
4286446293
2323311096
2798712883
500932720
4277428631
3427209334
1799916218
3088540132
962144147
3487715401
2060151371
3908834445
3080799533
3615100680
2043862619
2848782754
2815455157
3144583879
3628480719
3496009258
486631642
2375566710
1574763421
2588555056
1198130179
1977185762
2783797578
1150699336
2674811484
1332757925
313205449
3513497196
1118567793
1250761620
767752358
1113956352
1492717890
1223807492
2618702263
798305155
1733521155
620390240
3082765583
3564003841
3310204985
2983718209
2802382903
661517672
2505837967
2035856589
2451440499
3116657794
2551234236
438015761
2574017283
1016015157
2519841569
1163445347
3689947377
3913502992
3055419568
4083012431
772833825
2795541770
1994664929
3802072666
853260465
2357322595
1790011079
3444141032
