2949950322
4266632762
2886671464
3890537187
2051440716
1497972204
4149815714
4273552873
637802087
2822427907
2868061323
2447199923
7851251
3220965364
1934051142
2028868268
4240842060
2135493557
525284994
3376308137
806650389
2990474457
2575959218
1050572745
1643718593
3800197985
464041693
3446604942
368916607
2897228219
67894222
2188391098
3174737397
2182831364
103069371
1484354883
937307621
643617973
3837589617
1948951314
2140984958
923401464
3944183354
1873676715
368690907
786132326
464888784
2788170470
499475642
1313151600
3070316424
1956559320
4222491146
2272778837
2313162880
2728101600
3517692884
521726969
1206868254
4005151256
3168602512
1754064460
985507468
95873848
3320805371
1799857832
150271169
3428434036
1965793722
235361585
253074553
3576360307
431309812
2961724239
167391873
3206773949
1265817270
338659094
2621652244
697839841
4036079635
2912165382
3465036498
1814858676
2559055312
1953141857
3032234665
1751909512
1845959759
849337621
2057902196
339443635
2907250301
4057063207
3852304745
3306930391
2368538038
1464306732
727028515
2478361755
1647367565
1102510537
3744621086
2158208809
2398941475
3624799177
3299929787
2453804113
3908596299
1804568153
2571108602
3399077463
540347904
2496520285
182383061
1485323422
739404262
2942672372
2041169218
