4016747520
3429173664
1758477431
1076762086
3515127718
2149554926
1743121295
611376066
2984442881
1071398757
3018943398
2944821504
26639694
641554312
1234833198
3390380503
1471642488
2236301356
2226446639
317541120
3071148342
1969554178
2655365896
458806803
2173725224
2149930256
2451691888
1371418400
780936081
2281456320
2705140583
2001701231
3104408481
4100380533
1924201066
164724491
4055516067
2044234925
2900710128
3742793606
1466306954
2222088072
410510276
3131400482
720756937
859713303
1527450717
3068425443
3738261417
490538822
3771545168
1665278121
4262911038
4148158802
3632632078
2250412863
1137986149
3227212956
1427234530
4223209393
2612998790
3303170854
1087007942
3614235843
2641692124
3228609481
1348397669
2366880523
3288458199
3705628012
3654812078
413843596
2298102119
897299950
1879377384
1759216467
3082916954
1506996724
3943050738
993279026
2553531226
3345914618
33452031
3702734481
3702734481
2176225412
3347394851
2751936070
2902566203
1675412300
3202509211
2545540026
2111232517
3972251229
5377134
4265193635
2713100898
2301708882
189383918
779530511
3820832708
3291511467
3975055933
1823243103
758481575
904594460
578041013
3651883821
1157607354
3206596642
4130509054
637567294
3142876585
953903952
2831201150
3293340582
1415035784
953903952
2831201150
3293340582
1415035784
953903952
2831201150
3293340582
1415035784
1085075184
4260305959
2439236863
3612372312
3282778144
1593820343
3846906963
2468369735
1243394969
1705427909
2422661950
957842723
3036924709
