2949950322
4266632762
2886671464
3890537187
1240790701
1794853645
4149815714
4273552873
637802087
2057099069
2018846389
1132153997
3536965325
2169090752
3780087799
4122270351
2584969769
2320264676
2717478287
3354592206
2559857609
3713442362
1501474266
861679344
2533007985
3320832032
2571868649
509149800
3285530013
2627668010
2656500130
617857641
1779547157
1829702097
1126278371
248693042
1151076733
1737733341
87602585
1715888902
281810119
1985383096
3551903886
3782471996
536555274
366968887
3150615261
1296813918
2122174343
1655615777
4064649244
4047605287
3689246668
3474864820
4276055053
851374789
1493208452
93867230
792505653
2897460172
4192603200
865397219
4001623836
282204693
2590647023
2250205488
2930980477
