2949950322
4266632762
2886671464
3890537187
2051440716
1497972204
4149815714
4273552873
637802087
2057099069
2018846389
1132153997
3536965325
2169090752
1723057057
3774856178
744494453
926600324
2258950220
2842336762
2946392232
3821862064
432426525
1833297046
3978264251
4192480195
2968941343
3782049367
1405340337
1134306684
224287488
1218226931
851988796
4112715569
3997461333
3936434316
3358125095
1770894561
4064432982
2266996711
1190978195
606135260
1599103500
218541895
1509967874
857772980
396982076
432589380
1793833555
61337824
2519779772
253012570
858099871
962907673
1711513109
1325250436
1926008129
1513268432
1711513109
2058263197
1849868799
3377290035
4130127174
2205250039
2426768342
3565074801
403704903
3673160888
2392483429
4091827876
1639046735
3659189661
1756202221
4084252327
