2949950322
4266632762
2886671464
3890537187
1240790701
1794853645
4149815714
4273552873
637802087
2057099069
2018846389
1132153997
3536965325
2169090752
1723057057
3774856178
744494453
926600324
2258950220
2842336762
2946392232
3821862064
432426525
1833297046
3978264251
4192480195
2968941343
3782049367
1405340337
1134306684
224287488
2153262836
2604616336
3689364331
2252903983
3383652716
699073176
1862762231
3124404394
3054652865
3427186190
2959427858
3530906630
1023579390
2938623480
708487395
1969092847
3416735948
1018993208
2308284474
986228192
1551080533
685227888
3684083567
2233511384
573519636
2101896984
2065455777
3245663579
1123808162
1968583268
3863993902
780450059
2903224306
4239981588
392218474
3874020988
2438567201
4278111623
2301003049
1197510631
1835139064
1733588464
4098726330
4120826527
1980875878
3811696432
1693899342
2889727339
1059344673
1541927017
4181932303
4157928410
1433418428
2852407927
958244413
2889727339
1059344673
1541927017
524075726
3135211768
3913924751
2886341488
44220963
2316489992
2293410899
379698651
415050700
3915289042
2051505560
309485266
2966853556
1181605998
2472691612
3753750095
2098816809
3969474763
333419097
2056509674
330498908
2179369911
1562205684
3477656863
1662983444
1807401940
4171444126
507800059
92262644
3451172817
237715841
1123330130
1770995250
1630200050
1837077050
1030205556
1265328656
629984606
2442658504
4286557574
3615589399
1403620343
2628924450
1175179496
2682643055
3027145997
3190803339
1143306534
3707837120
1847958799
2295391664
1926911773
1118908555
2798414276
