2949950322
4266632762
2886671464
3890537187
1240790701
1794853645
4149815714
4273552873
637802087
2057099069
2018846389
1132153997
3536965325
2169090752
1723057057
3774856178
744494453
926600324
2258950220
2842336762
2946392232
3821862064
432426525
1833297046
3978264251
4192480195
2968941343
3782049367
3188338266
2442212428
2262083332
2059811761
3653077096
1536560804
2766669033
65510949
849600882
3102505454
2724525839
2891594097
3288162775
2509348442
130291377
464720919
268788091
522957932
1446636720
945782168
3771548009
2791390470
1248166980
2294072187
2483168777
381266981
2731040969
3792703794
2087750954
865495657
1237427481
1761005144
4226452465
2062716215
3099668898
4146583265
113536255
2757797273
4115618981
