2949950322
4266632762
2886671464
3890537187
1240790701
1794853645
4149815714
4273552873
637802087
2057099069
2018846389
1132153997
3536965325
2169090752
1723057057
3774856178
744494453
926600324
2258950220
2842336762
2946392232
3821862064
432426525
1833297046
3978264251
4192480195
2968941343
3782049367
1405340337
1134306684
486241654
861957984
606469160
3627507869
3387058082
1155797590
1085600291
2332036574
2082199338
3375557928
580486356
604304952
2021330183
3872647573
3514706003
1339477185
2021330183
3872647573
1044501860
301885164
1844214243
564550043
4005976705
1781132564
1568943314
3274491968
2644165367
982865979
2164123585
1694363437
199905069
1966289152
363776284
1030585689
3701618260
2886626498
1743309116
4181732782
2531751176
3592686317
664991538
1834225673
4194651159
987998129
473772634
315586368
1925794423
593256291
3010422926
562051659
