2949950322
4266632762
2886671464
3890537187
2051440716
1940296711
3719725129
4273552873
637802087
2057099069
2018846389
1132153997
3536965325
2169090752
1723057057
3774856178
744494453
926600324
2258950220
2842336762
2946392232
3821862064
432426525
1833297046
3978264251
4192480195
2968941343
3782049367
3188338266
2442212428
2262083332
2059811761
3653077096
2125599396
2177636585
65510949
849600882
3102505454
2724525839
2891594097
3288162775
2509348442
130291377
464720919
268788091
522957932
1446636720
278237407
1396480188
1029310868
3280179300
2074359514
1880245174
1052880290
2602755988
3690632815
3341333853
1606653169
67432616
1155301715
1199654978
243865008
463677898
1120960695
2091318544
1632426717
1369358034
4136707102
4278174433
665690865
3052939802
3118558448
34869932
2382388394
3201448101
3339081304
3318720464
771932571
751513619
2680325232
2634774008
1667287349
367705844
2799897239
2754280223
2889677695
3557204734
1896436047
2332287970
2366901226
741918825
1217283215
448726095
2114554025
3747992104
3151191758
3923910158
2371130088
2235200535
558419836
690366851
2274293968
2258383256
514474009
1285226713
