2949950322
4266632762
2886671464
3890537187
1240790701
1794853645
4149815714
4273552873
637802087
2057099069
2018846389
1132153997
3536965325
2169090752
1723057057
3774856178
744494453
926600324
2258950220
2842336762
2946392232
3821862064
432426525
1833297046
3978264251
4192480195
2968941343
3782049367
3172107624
1876374741
3444051618
3805484212
4120283132
3923871066
1531916732
3816823328
383168004
2614156272
3574769036
1589886785
3401093882
1065671863
2993698836
282390898
3012552569
224016951
2351612064
687664396
2844530587
224016951
2351612064
687664396
3648320538
1822474462
406492582
1586948553
919366430
2489885304
2037756048
2566720589
3525681283
2639298154
2446614622
682278489
3344781848
3508750551
1426802487
2851555816
3051105936
2934637353
476385821
290326071
3826823699
1362200593
4280297938
942512021
829918875
455999527
1767513060
3448518216
369008302
2524022871
1634357923
3561187489
253445598
2999668456
1568335634
4267900075
2445648909
1430049428
4154714339
3206699845
4164600862
1559030194
1358874573
3942444859
590202154
2087752842
945963346
592801003
2929103650
4056662658
941287571
1732753715
3879876845
