2949950322
2363168466
3734744192
3270290982
622255943
1719922442
3258374877
2477643669
1532464743
3580448003
219273357
2392772212
474645229
735117912
1332656666
1757778140
1572525066
1780569279
1664764337
1792695802
893677238
597392320
4052108743
1928442325
1558125799
3619424619
245176156
2857057008
1752729189
3178701207
4225814598
2104953785
3372664661
2966941240
3080439664
74172946
1131631945
976055786
4162769279
4069750951
3223889053
995304630
2613807937
479458422
2505813803
2584662881
2986792836
3783698766
2504436971
4234573661
3280843029
2888874303
365319566
1136113831
2547770478
885750656
3548118222
3696568793
2998044311
1770308069
1296850433
1619305454
450063518
1287623443
576207965
2260237078
1469340569
1017924594
3388669910
2195545049
116741177
2126524055
274118500
2853084459
2035381877
4208877708
106680448
3690835389
221377803
2108035378
