2949950322
2363168466
3734744192
3270290982
1598999689
248889793
3912216736
2048098811
3735467052
478147347
2993678173
3251485178
4148848960
2335044264
3647817978
1754791921
2691540483
1300422333
1672969949
3480863625
4078803537
4210920986
577745643
984691792
4184973557
1336649871
2355837994
984691792
3758590171
2744301718
478287324
2597219727
3940146507
1071020729
2026825186
3513846887
2502633327
2866412264
2795886164
2676974823
428049093
1159414687
3837831317
3352237365
2161609326
3420831241
572486695
1320333673
1081528973
1366539226
3509133815
207909017
2322110139
3924464094
240231308
1730796398
918493729
3328815690
1988233041
2585012427
2345069692
3386217662
1318314083
4261261694
133628883
1882147709
3936210029
2430973643
642260466
2502315247
818218713
608064417
320897317
3554726672
2460548176
1340452158
355122265
351549135
2156862324
933612536
1824789784
4125128446
4089109293
1788786891
1307527691
3011835590
