2949950322
2363168466
3734744192
3270290982
622255943
1719922442
3258374877
2477643669
1035846619
1847967702
2799691300
2299634578
1069287595
76702355
1798650421
1285427443
851889988
2371899701
4094478661
2108242767
616149457
1306041843
363036006
2519493535
1310063269
3043916430
2512613979
3309618016
1227666152
4172021106
2338769287
151612414
896348710
2422391191
230728504
2214486108
3701026900
3581486111
1498706140
3742894223
1800665269
3481654553
3455437099
520745599
3704951769
3695009465
2678123805
2699765263
2216933867
1212294947
2741145385
3869277914
4240791735
1675212640
1743980161
3833335928
452251214
3577142380
2817995725
3122467840
1206723862
4089749330
2103821234
3821872928
1867823869
3889408761
705098331
1648516590
923982154
730649605
1267394866
706299487
3525843998
742629587
2031297655
830869233
1803504857
2900456297
47459988
2625423878
1692502257
4199115875
47459988
2625423878
1692502257
4199115875
3754109035
1902901560
3873855541
3908750882
296035321
2171187025
947385900
2653020967
1019140432
2513352705
1500258692
183263054
2660725493
3866320120
507643577
305042140
2242065361
2140852163
993373192
2719076334
1319331729
2466585260
2718253710
565953586
3057018175
581526863
3067234548
2316308632
2631022280
1865552654
4173312515
1538826813
758306300
1601354833
3942850566
4154273097
1736897895
3133907977
681454818
1723339485
3242205170
323814363
3031764724
2174120278
1514144336
4182184558
76895711
1223688100
4027760557
3019306370
1371540450
171289345
2322789287
1207354443
3350306029
228722976
2683797963
1537904947
3486629000
3730880337
3946693993
3882399649
