2949950322
4266632762
2886671464
2399183304
1761267881
728752356
2413483315
31725143
2952004121
3721394412
4093270156
653655934
2123243499
3238384876
3284936036
3362091150
3061455226
3931993037
581380671
3295485267
3248078632
3668051495
1633122427
489743251
4107605966
1160749253
3633169002
175241534
1943984388
2375771705
1941540167
2656499193
3051615634
888927060
1132535784
1664574826
3877595786
3030324288
257732213
1251893126
1630232557
1708002356
1411721168
2549240226
1693833096
4068007535
1756389972
3095557012
2749700080
3072213640
1074108540
3779756028
3547688648
1166261936
1714149621
540104616
2616389021
1478859756
596239904
2131830650
3436600473
2476499246
3976446874
560094546
2773111474
1521130162
1603080430
3230793529
948960982
1508729448
27306363
3036600643
560040192
2404717993
870473674
3810758778
3144571753
3119395823
2132395760
1214299666
2664174836
3915442191
2229520694
3663748459
1996047290
3792283137
2000888959
2097314553
4109732075
3691749754
2262232679
1960582672
