2949950322
4266632762
2886671464
2399183304
1761267881
728752356
2413483315
3544323177
2102525991
258603730
559700658
4099145024
2888310229
93844560
2487055888
2937265192
969776568
632987422
4154958105
4266112338
3844133174
435422210
4253637965
1495933133
4018637812
1274359967
1381414891
4126886647
3129997568
3319392223
1276230786
808600478
3232385309
1188135017
4070207571
3631099817
3650195114
625302430
2204438951
2543731935
1279801305
2077472620
3784103602
3241244361
1159297321
379127779
4259554261
2062628948
3464557752
3665535424
2010245360
4099866121
3345443625
2103788511
971859271
1533970686
885641304
3714554797
910635943
1938145876
1294162580
898116010
540014094
1456892468
1270952423
1572809512
1340067285
169688102
648741452
1667888063
1308173595
3284657791
2058655348
