2949950322
2363168466
3734744192
2634980557
968599834
634170300
3258374877
2477643669
3180886005
866563217
4217171299
2027158426
3926374147
3114257166
1940805113
471031251
210866607
3780357272
2064436550
1817150444
303520859
3363689921
1851629560
2371649243
2408943443
2559568469
219200022
2962837939
2853298002
2006837415
2853298002
1854090065
237496016
216649685
290381096
3624756349
2024181153
4275913941
1487882707
1865730406
552043229
1728467160
3826011887
2463639536
3348942041
3069890968
1879909511
239357952
496005894
1639156762
