2949950322
2363168466
3734744192
3270290982
1828502120
1030207264
3667772993
2567501324
1035846619
1847967702
1074798518
335021126
2186446342
3111971902
547721431
118405649
1755964087
875635693
874270917
552011197
638843119
1385189988
4151515218
2984207421
801110053
294264200
3686503262
3529213717
2378544217
2602213679
523415247
2586825684
1491126920
793870805
2820426605
2754913798
595160254
793870805
391443704
3863650137
4019289284
512694117
4219067745
878863028
2827860286
727964225
2395297472
3721401489
1235958058
43584845
1137779213
2999929260
1914300260
3575020968
1670566454
49739071
1318728253
1949525904
1602643963
2929200218
1256543509
2836423659
2806986209
465655803
22786721
2746052058
2293167357
799108657
3498621401
1589017277
1986562603
4125596882
1038216891
1902910647
213462747
3599728345
3852376251
1754063314
