2949950322
4266632762
2886671464
2399183304
1761267881
728752356
2413483315
3695356222
3018191256
2945643326
1028046759
3011017923
98237062
577884224
2871504636
682145797
2418993934
1645463073
3421024328
3702259426
2662631672
2778391232
875585664
3798569407
294596682
2098085024
3288374981
456392247
2914472361
3944426950
1324902384
4081718293
1521574524
2364052291
3229897793
3378790410
862909095
2545475339
887343360
445216192
477989010
1761485337
929042773
2765915820
409717967
1536132832
400769506
2045808693
1745171160
998591506
1986694820
3535577864
966527746
235375543
3963051095
2185362181
3742008469
3073023180
1945019991
2924010346
637784817
2328719269
1863829832
2045620171
1623748982
3731836905
3343552852
2551693556
996963117
2412843976
1227286231
1650290871
350483900
3578734470
1162804322
2525017397
2477321201
3288852864
737150401
4224004547
3841024302
2509732975
528690954
297656692
2244398287
4009680036
2149151722
237482126
2361583694
1559747660
2889113824
571122564
1376099266
590917953
1342737525
257285589
663432515
2476729045
4252519835
1231847949
663432515
2476729045
4252519835
1231847949
663432515
3563784325
3435453166
2026902904
372750902
2720232864
3435453166
801455053
2145196419
2554843122
2162695577
110351597
1721100762
720323489
3135009868
1094033248
444577258
3784728262
3135009868
1094033248
444577258
3784728262
3135009868
343188767
3679575789
548943297
2079465291
2149315687
3679575789
548943297
2079465291
2149315687
3679575789
2253680888
2439082629
3429162128
3818549926
410229130
1127854848
3100661804
3818549926
410229130
1127854848
3100661804
3818549926
3198147763
3844713787
1829663584
918029032
3198147763
1483289602
91003415
4119848836
2827635089
349874530
1239353207
2938761158
4062986707
2845454427
566095360
1370674758
1592845679
1936810181
3520440739
718940436
2639036249
2513069772
1714045706
1029728640
3189426481
434291742
3783231209
1183288262
3415601839
2430588965
3739419035
4187157339
1494727157
1005749246
2633832754
1806728250
2469215949
4257911171
47688410
4005432519
1236375051
1565659569
3461086715
3667290338
1234142376
2344502014
3001368041
4063898813
4122629395
2606627421
1471988491
2250766272
356391818
44103790
3942468651
2981586593
4271016865
2782437675
1098961214
449510324
2730576157
4074335059
1846451246
3665776834
3170725075
3719835410
