2949950322
2363168466
3734744192
3270290982
1828502120
795445797
3365141316
2567501324
1035846619
1847967702
25356144
640273846
4006843460
3239956978
2008054475
1285427443
2498135421
2288630
1795114163
912754153
641937950
850945894
3062917254
550093481
3177947142
1872206674
1755368782
4068268844
425513470
2618066175
3772282384
1329225152
2292861266
2504283449
1163529498
3784057014
1688940653
1112659645
2212517223
971144593
240676068
823421067
3091338807
2265846360
4051828701
4167166870
2818562266
2711264128
2291300338
4263916528
2122099165
2893133300
2776517293
4102798129
3669891921
3094786246
1078454919
1096493497
170343683
2549679669
4160699138
2547534576
1877545137
1821862494
1851694038
621189253
2525334193
3625969296
3213924160
763994102
1494469262
1004232985
1611773477
3266674499
1436112679
3591782878
1477146610
2442193645
1120862643
19614620
4028719657
538203691
2896229283
1698393788
3039114911
1530671146
3547806129
451716270
2622963363
3234856953
1216673378
2166319997
3170843261
635132315
1917820917
4235287697
168191363
240406635
1362296934
3354913975
2911075289
2826504467
1940879893
3934984691
3107133062
923653602
3395926732
2230572781
1871684443
2381760764
2384801818
1637603144
713098678
2533670016
843006668
1856471958
3737445371
2359891428
1899860249
4071786464
2951307050
3199041429
3954666773
1226024051
103192233
1615107738
2424618106
683130933
4083266355
2001061269
2167602311
3177222752
594772968
2222725412
4146942199
1681177789
3219013403
2936582620
3253673618
967844797
3036972597
1724690266
3380325027
3741692012
207248178
3839092954
2278050139
79674697
1576363850
3906755912
3035094998
2727986457
3605014616
1173996562
1348344758
1739526809
3806583808
1776838797
3970213396
