2949950322
2363168466
3734744192
2399183304
554743174
1030207264
3667772993
2567501324
1035846619
1847967702
25356144
640273846
4006843460
1626167072
515213463
2637864558
10026177
2944063249
182213520
1506351553
3873027211
2305080481
1648628907
1804109101
669270575
3044111884
3554938546
2788193632
2258468277
260333439
2343325855
3572550731
3633978378
1831615446
1513285970
3752874368
1765080606
3108436787
1382437689
487834334
2290913949
348415922
4157227041
4251498117
520977091
3258985389
1109045632
491249696
3514345428
4067891828
3143975592
531853060
448582990
1172407534
1468097043
2652569356
2299785990
2162123392
3118870987
860199867
3466058762
2887004595
1194629561
3919333610
2094451348
1925864579
1051106177
