2949950322
2363168466
3734744192
3270290982
1828502120
1030207264
3667772993
2567501324
1035846619
1847967702
25356144
640273846
4006843460
3239956978
2008054475
1285427443
2498135421
4031777179
2592974558
1912179411
3558523109
2107863162
2164254633
57733456
324290215
617596434
2719636309
740595761
2457781219
2999149464
2674301303
3104208222
641089994
159714360
3242984154
3181941945
2994119689
3243149139
1091433344
1354561625
162296519
3175839261
3551320403
206509015
2673317589
2400396148
1850342604
3399753290
1183402633
830524081
557731096
1777863064
3523036228
555423831
3028568084
1472940367
53918569
2761787021
405458158
279621516
1082892212
139320116
4277123866
3091449717
1920100453
602373489
2033857132
550293228
2974599438
1627944933
1696777732
156217477
4293775531
2474681898
1696777732
156217477
4293775531
2527173144
1800514318
3348175894
3773726687
4120330501
2116463718
