2949950322
2363168466
3734744192
3270290982
622255943
1719922442
3258374877
2477643669
1035846619
437709085
1974579643
640273846
4006843460
1626167072
3096822446
2539357976
569781281
2725853912
1071339639
3978781475
2004353789
1088651848
2179809031
2182904001
1414614135
3759217158
3622285091
2793517666
793372991
1089790229
132939342
312250186
885168968
1839518663
1054612098
923831044
2689115895
3044853876
1333164761
3491367265
1237546376
1076060611
1747674406
3999735157
1436854080
588309314
2655767357
33607628
36551908
383183260
2293659012
2226074478
1034785609
3772826151
1580013442
4132823101
794583247
