2949950322
2363168466
293172349
219051739
1598999689
248889793
2697319823
2837823940
1905846858
4061658291
988652865
3033753125
1852168878
1238298728
2922676489
679016794
1483688350
497924205
2938349913
3940636842
1222825750
3242789165
3280009381
7120970
3640562875
311919434
1442955512
2341336845
1588603216
41981070
3458152969
1268613851
351982289
1221226255
4294882938
871221029
2521516964
3688560325
1609759013
216513396
1371300798
1763063533
375408164
1085084401
873017812
3362270967
2831999862
3622344423
423370835
1896431856
392244609
3049645287
1321582910
2987463690
1532091766
