2949950322
2363168466
293172349
219051739
1598999689
1454299330
2383672140
3750297092
393390070
2499653903
1283794049
3267094501
1349495676
3277036071
1519052494
421516931
2786032585
596493083
3354082995
964723326
3776102031
3385724965
3890265367
984476793
3601421627
1568165878
3791545998
2993035907
3720430117
2875805468
1365507505
3457125897
2299990354
666877953
2187102775
644068376
1730911064
2861956552
1782797056
613465364
2079845659
1865054210
667100246
4052627264
418369664
638514759
3512597855
3745606472
2316431340
4166092353
3995321617
1970007453
765723681
275020984
2632363570
3479621880
4125282636
2971057965
3218267337
3378944203
299610949
3967662959
1221103288
2659550638
2490119793
4106767913
1085899461
1024383850
3673467403
1555616344
3080223314
2913595001
2889647796
2014650620
245323581
2361515029
7698845
2214227812
558486883
235599947
2623500448
1662284522
3303833541
474826630
717671086
1222661319
