2949950322
2363168466
293172349
219051739
1598999689
1454299330
4173253772
2837823940
1905846858
754985744
3858395874
864754633
826468929
174882937
3986092312
1874687956
807617688
3662427151
16418948
4143336856
1198020944
894673829
1951657408
2677967755
579639599
4077366708
3057942091
1949269119
4008165444
4196177212
2776352058
3735278023
1675633424
513676241
3530406761
3975267019
2231952509
1184305709
2651139804
2262542439
4225296102
129628613
3744187700
2349040497
1317092212
789746713
4163174101
1089197385
793546223
3268010950
495713590
2098020107
3623476967
1814570579
3315164568
3227719506
1994897612
2524744973
153447070
1154879311
3237871791
