2949950322
2363168466
3734744192
3270290982
1828502120
1030207264
3856309422
3963259109
616616215
2807023598
2113502053
1047284520
3650501193
1608139290
802026206
1779368749
4155335042
626088662
4286957877
1908083281
750974756
1761609431
3683522531
2655839760
750974756
2208818623
1530255694
3541174037
1058455127
415077521
1086747652
15508697
1583001198
230871651
2066845528
376249969
2007121250
3044768349
3172131888
4052299958
808918198
1184829839
611986308
668575598
15625395
2676104971
534283558
1768735012
689814403
2985728559
1970573376
3064194612
3628353914
554920979
3747572352
4929263
2540117643
750350668
1126050282
1746928726
939603054
4175945672
4025406402
1900427088
2312861095
393449781
4025406402
1900427088
2312861095
393449781
4025406402
1900427088
1422685016
2306941494
128197457
2567751619
388613796
2306941494
128197457
2567751619
388613796
2306941494
1197792920
4241505916
1270509656
3843203339
1631235819
1864775932
1486629257
1107335371
