2949950322
2363168466
3734744192
3270290982
1598999689
1454299330
4173253772
2837823940
1905846858
4061658291
988652865
3033753125
1852168878
732375901
1013501280
371300352
1217893047
2075240547
2767435411
752117960
1288852991
256337330
2836830023
975873564
2235173718
3148247796
2950304402
710453824
3125252923
1728758357
2796875349
164756686
3706462867
3691278323
2281993551
183558918
3688678281
1571228413
14612360
1644361415
3424117805
1751473990
465176839
3889472986
1414813896
3756256908
296084546
3379702674
3632761215
372827115
1329819205
258588312
1343155862
1369678280
2879984485
118097758
821867131
3432885592
41322810
3537171206
2757657799
3258746100
3228877982
2502001021
117751931
1510043246
2954669561
3600716264
250362126
4016342483
1343269275
644519379
1356915218
2227782746
2193737783
510230809
520871650
2765467941
2185522776
847109168
1695207873
4021479739
2136602630
3039883255
3667375953
2274498884
3504673973
781101176
3263455933
1297745994
1576168868
1303828485
1240863746
3762945415
2774989375
2410291276
3708487879
1389716016
323787720
3136516685
2909553380
2268449880
3766668373
