2949950322
2363168466
3734744192
3270290982
622255943
1719922442
3258374877
2477643669
24746764
2099118308
1838992536
822349250
4194194480
3462780037
3763369189
3452053093
3563868805
3479905396
3557572624
2274638877
990067600
1760239712
931950694
1591213870
1545473702
3607331727
2841336888
718555841
175718932
2765198151
553229479
1557816251
3376755704
4170100418
711203499
4024877406
1397852989
46827125
2957285185
1311714188
1914260657
884289758
3443074620
496720896
1358129925
3431725397
246957504
1122687448
563199057
3846194484
1879754570
1989897156
3142464358
1167758706
3528358265
3670649129
3623901345
3492415430
4256922999
517348800
1819657503
3222426116
975941142
4088410889
2427301117
3241583029
3381886837
1243376012
2783675853
3760813118
3374723234
3983842111
2797311246
366330899
3429272133
3659042954
3015511132
2075718947
775872848
889834729
1444048232
93459362
3074237758
2449625311
3916615951
2458363254
4234152504
3599119038
973117542
3952848045
2239497187
3659616835
2579565115
1213873904
649957822
2283094253
1106245661
1318739450
2146633013
1911526178
77048904
1993852389
1668619322
2343383197
2036512318
2754602832
2210751270
2191715168
2806312612
