2949950322
2363168466
3734744192
3270290982
622255943
1719922442
3258374877
2477643669
24746764
2403817576
971365933
2866409334
596611530
2684389171
125788954
3600810714
509238056
2896752499
1953616568
466410130
2255403069
1418888041
2677217205
2819135232
1445624958
3039534429
794625880
4153067656
1816473407
337472441
2647994596
2486510767
3416987619
3715367573
1333043818
2948330314
2055613719
4193376517
815335524
2966461305
957923364
2964528671
637115489
4206592657
3534980724
2748685109
941259906
1952504730
2912496360
3441420501
1203457839
2787459854
2385332203
1276040140
585727106
2450196228
3262932879
1079501123
2563104178
2093914113
1908346370
544057812
1317668506
3301285382
521399552
2212327495
3527098095
2751745802
4123733678
756867454
1119599064
2969776655
350255161
1812223540
656543655
1276780492
3729757991
2623336421
1000661706
1749672372
2375239513
591107594
