2949950322
2363168466
3734744192
3270290982
622255943
1719922442
3258374877
2477643669
24746764
2403817576
971365933
1272849624
1709933752
1812697331
3522530883
1471804944
1433405336
1851682208
2795779154
3955974278
1931626853
2183149399
1848034677
1505576384
3505077116
2710382141
2067503798
3102924970
1539657815
3905741876
2564510960
3732351135
360102979
107694933
51526829
1893798363
2300886040
580027974
606245783
3640056091
2274461980
1047866785
1351779055
801224989
2105606991
3509974880
1302574828
1959432603
1571537610
3682654965
1914807340
4054758101
1719835313
4090094796
2498287714
977275185
2465345566
3735071750
1636672896
3791827833
189957951
1646185868
3148710874
621111112
2242809492
3763504272
3936908085
2904766100
4134083614
3011332181
1774082001
2536576875
528612475
2166954217
2738801473
372164292
792649593
2785820358
1768240661
735752363
3520070150
1929543904
274590611
1103554267
2116886675
2037420212
978474816
1724552730
3241319221
2813372196
904212431
850960360
1374155931
8190419
3640745977
3213059048
3705407643
2370242003
3885673110
2033339908
1384599151
4164541563
146477792
1495277480
3279912566
2464445246
449684859
4064548499
2648919605
1695886734
3237373880
2743920049
3903503394
1108618806
3493963485
3608942330
2336661515
367936665
3746995330
4175143405
2574968849
3666361341
2172449709
2102772589
3055726198
4240163861
4075065887
2321968635
2432764319
262794509
1747360989
1815308259
3419105996
2038840412
3992785383
3823208432
1741260816
2102737234
3603477201
3428058003
1806438076
1899020286
1884479493
1791906119
1540229477
2025960645
1237445863
1791906119
4108140751
3997299085
2050677814
1621519732
1369847126
1923713270
3774611485
1804612218
1700024734
4150249875
1365332802
3278555983
1700024734
4150249875
1365332802
1494648008
4280819225
4150249875
1365332802
1494648008
4280819225
4150249875
1365332802
3278555983
1700024734
2143871196
3896852945
1014855803
2588140202
1316739840
3657496251
2595707443
1015660770
2294912659
2364129152
3389382583
626356689
2414601157
776911619
1518058392
45411613
3366418640
2481803866
1205169136
3958138760
1070882338
2481803866
1205169136
3958138760
1070882338
2481803866
1509869463
45411613
3919769470
3001599476
2762015288
3559786775
2123406083
1065419929
3918972245
1315883130
3909715507
