2949950322
2363168466
3734744192
3270290982
622255943
1719922442
3258374877
2477643669
24746764
2197196277
2898472341
4284174744
3829151228
1778579096
337485676
2074122054
3009072820
2626980610
165546364
1044744649
784811445
2052335527
2141226460
2455943403
1785546354
3984580083
1998634029
301314707
1249372858
263527241
611969791
2834786
1871452612
3551318942
1925470616
219478222
1991804162
1420160306
3241852273
1848518228
3561396654
506433119
3626654064
1539586575
543705027
1511013733
112477356
1007173357
853479913
1497517023
1972292716
1429433367
1169298386
2592174880
2993157257
1513767116
3725741868
2562601795
1221175100
3453278759
4239356107
