2949950322
2363168466
3734744192
2399183304
1761267881
728752356
2413483315
2477643669
24746764
1575049814
3947093011
4290283883
3286028467
363706776
2282740535
3005329679
204545093
2310251671
404301527
3172390246
2468574470
1315841128
1426669580
1495379303
2227522906
505985174
1614270818
3860646237
3890440286
1230727120
373045211
831986973
1580221883
3579007031
1304066516
2731389228
1321943822
3927797410
1848992066
1317215168
3210781150
828269242
990885885
3311668016
323495242
395908696
2181449243
756211006
2293233679
638003548
1406472997
1194215005
1571211452
3682815164
3844461692
3855456540
1627513808
3877922768
4227220706
585283479
159811417
2804831754
46996540
1521504089
343028005
3722714814
2813388145
2846651238
717744663
877471442
2747303903
2737359551
1753886026
3630405708
