2949950322
2363168466
3734744192
3270290982
622255943
1719922442
3258374877
2477643669
24746764
2403817576
971365933
2866409334
2529015470
845912834
1970472025
401664480
566604588
1873638040
4209504486
1071973439
2722588304
3094803131
124149745
3907029979
317340022
443410726
93689252
2851209919
387870070
2492562319
1814985921
3120662617
2236125040
4062991235
3604217661
3992818949
2514442356
3100424737
87205009
1454561883
3274541592
3589447534
193733405
1460986439
931364514
4179362014
3445562187
373308418
947231842
179547600
263506194
2318823872
2459542443
530568799
1032324599
2519366240
3969427203
836105837
3217405832
2934336944
4273156342
634528830
1906154780
985300984
1162412418
2620840406
485305727
