2949950322
2363168466
3734744192
3270290982
622255943
1719922442
3258374877
2477643669
24746764
2403817576
2753783974
2668429982
245858526
1564474579
848864373
2711917870
386274155
3358946201
1842756015
2948414363
423203845
2413569641
2648222217
509066480
4146766262
1882733111
194267131
1007667022
1201912450
606696919
1214667175
4206441392
1228546436
2165664367
2080072940
3952328491
1874571467
3326530772
4109739317
3068583415
4479922
4101140579
2429405217
321104734
3568920727
1849447260
4189188689
3235558315
1297987576
2439314868
817997170
1628635812
2633212381
1569034402
88786471
2502041056
