2949950322
2363168466
3734744192
3270290982
622255943
1719922442
3258374877
2477643669
24746764
2403817576
971365933
2866409334
2176704440
3525682101
3179477779
2259456299
386274155
3358946201
2125585415
3897847403
1303848029
3459789476
3694968516
1280599299
3059668910
2561746992
822589672
4083989212
540234114
1906859210
1837317042
94577643
3699523036
1842371841
1023386685
2312543807
3561125434
3233358658
4216826527
3097262765
446690577
2047100218
2853851871
67782289
1562037263
1031896100
2949969103
2455253486
3339236682
64022636
7176547
1244737633
2029753667
2824466303
2438425579
2354510203
686017708
1293928104
168253939
3385730031
2430511473
2806327748
974247251
2646353999
710015017
945121757
2492483272
171483738
1033200540
2738718478
80054817
764022734
4254341163
4145656307
3233050677
1578931367
3445595997
3946804084
3700601522
1111119392
2613290835
4265586007
1519032448
1820988952
3413252919
439527099
1677039627
2695323941
1480205266
3331508032
3763098283
2305591581
3591100694
2426905977
