2949950322
2363168466
3734744192
3270290982
622255943
1719922442
3258374877
2477643669
24746764
2403817576
971365933
1786618400
98237062
577884224
152428686
2325411447
456160311
538844687
2840092851
1804674956
2442892577
2558230890
1033423708
4294166888
2691562020
3065179986
3555532
2308158150
2908433698
4056149112
3157012174
4202713761
1375817644
1340827745
2205468390
1970799610
3567511792
4155266384
2189324073
3351027418
1692895441
3108107756
3112815079
326742545
1989459672
3884383094
885388959
3117912054
1211412585
50758670
2435863616
1030493639
2806424156
3965781587
357293039
3202983032
496125445
3585289695
4084352120
1574606123
2889460404
1084047946
2455587351
3116970386
703033406
1991909790
1083864563
