2949950322
2363168466
3734744192
3270290982
622255943
1719922442
3258374877
2477643669
24746764
1575049814
3947093011
4290283883
2418004429
885652577
2435495511
584760117
1738107082
2090737211
2545858097
1104142106
1521007486
1636225350
4029436678
1692941709
524566593
757675475
105710877
3285180136
507767069
3245378031
1297984353
211371686
1891806655
1560957008
3642908592
2001676690
3933743925
2247820748
275010959
1885336314
3071064084
2942619554
3492999813
346031750
3233059935
2434892107
3910916298
2048298690
4071004649
3965819576
2683156053
3791440571
2456872534
109052909
3570229142
2735771423
1996758470
612655884
3401621255
4020422080
836834012
2672411535
2645205343
1074584674
2534340882
3517089149
1784150817
3708574692
390055872
2673674446
1310687
350792359
3135108954
961733027
3361261590
2081988199
650498426
1366596135
611551498
2028685392
2651590197
271764817
1076555551
3282434534
1200485894
1400284030
2843480531
4101619654
91461235
1184357468
612479040
3788278408
2967696308
292598544
3306390709
559622611
3679558526
2253665643
41695883
1052664551
103453531
3681010229
2017252414
2624878936
3460376095
3944971480
2774857506
2279433774
66415054
470652029
1762297680
4025439399
1808227143
3071763814
3846844060
1348670622
627312563
2153254219
4116651622
846808404
1199462009
1284901490
3903403101
971528647
