2949950322
2363168466
3734744192
3270290982
622255943
1719922442
3258374877
2477643669
24746764
1575049814
3947093011
4290283883
2418004429
885652577
2435495511
584760117
1738107082
2090737211
2545858097
1775569660
2968786123
2596094379
2178557391
3529136901
1167814455
2554139146
3765388874
2579394343
263033028
661732974
2948671813
2257497258
4085890951
576118343
3937175477
3311583747
1344815229
1934828056
103660876
269125073
2047543944
191698889
3428258026
1095853342
2615662997
3617422989
341299561
1595414412
188241146
541311642
1521251020
10619329
2973471294
1018566676
1314262279
3162008348
2060666488
2294329446
216579974
4137798933
4088297311
4287636516
3188317660
3826203838
