2949950322
2363168466
3734744192
3270290982
1828502120
795445797
2667028205
3479999397
1389293834
2150812254
4187875940
1977855916
963637300
1148069073
1347861656
54787785
3837366184
1787251916
3459414299
3352456528
2555141660
2392017770
2695293706
2208913066
1621026391
3823702597
1990430779
862020040
192154125
596255644
2747952981
736997646
3874466870
2626254109
3085780435
2155267430
452765745
867380702
3436286495
3900914050
792018866
2467689960
333740646
2685837389
3118164980
937797776
2450254362
