2949950322
2363168466
3734744192
3270290982
1828502120
1696378403
3565337323
2233055139
1659094722
3836722833
195995443
3735093441
3697865033
528785830
1823775890
158428158
3247125004
2183004737
4232502774
2698910892
3752356965
2071871945
2236797897
3665874187
2117466332
4256886309
3549384261
1618952999
2065180483
737455929
3200134471
1400639600
3278055691
1842083928
2947521077
2700797567
3524981612
2915717690
1883661775
4067287811
1843487032
454622466
3331640055
4172614395
2017756533
656004309
3529203098
2125272487
3937381841
1157224265
408792704
584852498
3644019204
149697476
2134565355
2458300069
1652716677
4057977456
503627121
3868852102
2302584608
