2949950322
2363168466
3734744192
3615209675
2037099653
1696378403
3565337323
2233055139
1659094722
3836722833
195995443
3735093441
3697865033
528785830
1823775890
158428158
3247125004
2635330390
3813354721
2698910892
2019768098
3702856334
580487310
2451816429
1111382107
3249622690
2920683012
3904531051
610915766
1189754895
1893688003
1251628142
612236064
3993968259
3066054662
1777543412
3423625922
648744266
756906022
4204426172
205001618
2960837000
1782109332
3374861178
1066019668
886821074
3260880175
1872858099
2567171037
2250229447
2459247297
383240063
3771813972
582636128
1820015814
3181665542
965497574
3028952850
2476853020
1612270795
824758493
1527403511
2913481689
493201928
2284791926
4169364192
1495673382
818112200
3488264480
1564081271
3400818042
1679592489
618426848
4185525469
1743995171
2313544019
3074652563
419317561
2623769163
489540668
2723799156
3054165954
3693047279
2007586737
3760518844
573252141
1419859436
3225310620
1433720802
4147665134
3229763995
2819454741
162017235
127328685
