2949950322
2363168466
3734744192
3270290982
1828502120
1696378403
3565337323
2233055139
1659094722
3836722833
195995443
3735093441
3697865033
528785830
1823775890
158428158
3247125004
2635330390
3813354721
2698910892
3888546807
1125166683
3596233765
1440037596
2885265628
4096505374
2338178775
1966504474
3515043789
984854920
1233358012
3878378991
3374251407
2062479597
1047139827
1792090289
1306307718
2686357937
1647127844
3963904798
4190521308
2838155174
257475232
3145358413
1097920224
2246187747
3075566338
3715360808
3124345510
860502042
46188847
990335301
4105550039
3210626652
3414848559
1710270530
2747125038
3099245535
2263905850
2650210507
2163735169
470362691
3622801341
1415616836
2118475849
1978414499
753321145
2328221296
4073210308
1818273110
693084910
1977050036
465578221
