2949950322
2363168466
3734744192
3270290982
1828502120
795445797
2667028205
3479999397
1389293834
2150812254
4187875940
1977855916
963637300
4011759903
933474961
210622633
2636602089
2496089762
2517548842
3101769908
1834995253
681394118
3479654055
1096388035
516406927
135834617
434964756
3062373263
1847207806
2796620421
1820367973
3177184677
964162117
2135813824
1962646444
3641116016
2108829863
684351652
1423474603
123208033
1906779324
1282862714
1686039199
1887813607
3410363858
1916106201
4129126969
2405058254
361954037
80442272
2162392128
607474156
797123712
2146022349
131328588
828248379
1475089147
4088926996
241849509
1662095089
3689729784
1823309631
3562028854
1603259216
954738044
2340844641
687720376
2477076629
3980038689
4012200926
1524127142
1310916830
622553601
2038672219
