2949950322
2363168466
3734744192
3270290982
1828502120
1030207264
2580710135
2419234492
564953716
2995827503
2796039014
4122831159
1028075717
508071269
3325040875
1170148882
706238132
2753992144
1325809114
549139952
51558559
1432573366
4034928512
854269364
2820907407
732739446
3428238871
264843335
2517650606
274478333
298409008
984795728
2802886911
706141451
4068794874
2139264014
2744917708
3784271374
1705470446
3406805181
1214521804
3311555640
656226614
2432696176
3482890107
1951428336
2075791106
4139547382
1868891679
2872579815
3951430037
3034273845
1491067255
3673450427
3136445068
3622524485
3157359097
3466024124
1411201515
793502242
2164058075
2180010892
2321957589
3581280126
3177277992
2366246334
1513908082
2507721740
4251736410
