2949950322
2363168466
3734744192
3270290982
1828502120
1030207264
3856309422
3963259109
1571068973
3550109513
3511922369
1400383501
2609017343
403531526
3228955272
2212545221
3823566834
1893387945
1692554976
938939569
3081604764
3624961718
4223208409
1897570729
515766543
2525413029
525264376
3376385235
2351543601
3300695991
2562942088
3349034280
567430685
2406105491
713624485
8944570
3883010779
3025816734
2672138020
4098819769
966417947
1716011225
880345113
2169518619
3728173585
3037350571
3249432974
1946456208
3265870761
1521962115
92915256
1453424765
1586236548
828189539
1668049827
3594867105
743432972
2925815232
4233438464
3747256480
2885598085
1435830088
3351285667
1927919009
1190288997
1376324381
2919570673
1838869153
2697582758
2343718598
2050643920
