2949950322
2363168466
3734744192
3270290982
622255943
1719922442
3258374877
2477643669
1035846619
1847967702
3753618206
2354295022
1181118235
2101871907
3974268771
1240298706
1742263474
4108641769
1179275535
1336558916
271873544
3206606125
3498554763
2350871761
2396423513
3407115434
1861697180
2895920296
2908986795
2002111913
966243285
611954622
2689704030
729856659
780656209
3090091109
331971955
2439819987
4246970019
3207652961
4074710231
2465748261
832783150
4175079269
3820864257
1623865107
2510265586
3450481833
3843336620
2476797358
131842069
320902509
3517066600
201609301
214723678
3197010318
2706714903
2442648838
433902749
3201519185
1395254323
3227981516
2100252777
3165575801
1347096173
406176309
1993502075
3236503070
3994008987
1765963555
2242356023
3393274996
1956476350
4205033178
4173228778
1810929685
4273609323
2282643049
194205802
3346161980
1597174696
3507237068
310208302
4221035856
3762975175
2947323524
1322758278
3923257930
1782918217
2209328695
585442872
2151804766
1200512000
2338814787
239501804
2378798869
1804488336
3735516306
1666804258
623092692
3294135766
1940006978
2966650784
4019072512
743357093
851736160
1770937578
569413810
2164712183
2135121354
2236215143
3471639196
1358828308
3856083222
3197961116
3388847792
584916666
908479426
1835819336
437048420
2186036976
3708884816
2879086737
3152765639
3768666189
3590615379
2395678678
4263004978
2799115703
686415571
1940124761
4040425547
469018689
1293726429
3940859890
2204176639
4125845310
1941995265
3887813306
1564371313
290631283
2546300300
776775233
3364262189
1523784134
3642261619
1228325343
3383748803
1232346218
3621583096
1817108653
1022580395
892689215
612651238
842134840
1636443996
652426166
1800581437
2270562431
377628956
971954252
3939246900
2425936123
1464571553
2849561484
2040292711
2294933176
1542135232
3560527504
75360379
2519228560
2367638825
1456029231
1199060470
3349397855
3591555718
1114236733
2452445654
1223575122
4217229534
1423958297
1340656800
2600413232
575304719
2954886372
2260387322
351227153
575304719
2954886372
4014124356
437716645
1162499845
193472889
1026363495
2943916172
2581438866
193472889
3007149382
560528813
979357716
3805146341
1517859034
3358406705
1889035278
3805146341
3446824813
367027100
2196409387
280954048
2819250431
2888462828
3100714132
1615009893
3423916142
537946412
1258417691
1234293465
2506753178
48735639
4270242484
1795004175
3526540435
3465304545
2387879962
3651536635
3264293698
1552038602
64973674
91193019
2724258935
1367754114
4079127780
1689202153
2665690036
158241465
4079127780
1689202153
3878933571
1870192088
695335566
175704807
2934818368
773605838
1979956454
3784187371
465699766
2354029243
1979956454
3784187371
465699766
2354029243
2621415661
478145572
3478984540
2713368594
1542891087
54128842
4185255575
2713368594
1834196817
2468321730
2780471516
4120613092
265785017
1610006145
2780471516
4120613092
3275663866
1132389683
2409087600
3753308744
637201429
1977343021
3537127137
611722959
3728357522
2264231447
2092527690
611722959
2751700928
907735732
3060747195
280402542
3281281302
840726528
79249694
2770082264
4198582392
689873702
1984164486
4210513678
1453367045
328177853
3028288113
4254227117
1756989059
1937262505
1822169390
4069460134
895239932
1233888697
4001644405
1853206779
3939290986
2341369897
201048358
2904690931
2113989515
2408116893
3106786179
2871609315
2014035099
879197081
46285447
2414296255
1556465607
3889607644
888424612
2867288364
1981583215
3480153761
328546530
3744964967
3918698617
952023286
3952886670
1147253112
456974552
154692792
3659175872
2549437814
2706402408
3865171463
983171140
4228576577
3400518751
1421663703
1645864137
3901879672
1649578274
3450823636
2013633226
4069362555
1193767525
3546046430
2348879486
310744489
4294419884
1752827041
925324545
2253455080
171478880
2645896813
469364952
3626104711
3652373792
1535921164
2635874886
1018763904
1424842864
785231434
2491708078
2424445957
717996257
1278886410
528584814
3993602424
2746745843
1894246573
800766221
1944121076
2700160607
1940833537
754160801
3919336580
3745082778
208045764
1396430692
3750720236
1943583463
3065477826
2567489866
289652945
1369157930
3912725670
326855419
2582870858
3333303018
939239733
2731570459
1547909174
3150903432
2124495021
4187101019
1023268734
3971574165
2725976041
1182473989
2171300997
3249741182
2406572802
3483964153
3630669619
3386283242
3851089833
2773648978
1559187051
2702175506
1268436288
188923067
1834328659
3841883240
490976337
3915156732
2979256953
4269096250
2772375472
999813922
1625151912
4269096250
2425524852
2077500874
355699332
4269096250
2772375472
260146596
3894884741
1366240114
1484011132
2975249350
