2949950322
2363168466
3734744192
3270290982
1828502120
1030207264
3856309422
3963259109
1571068973
3550109513
878718504
3085908177
2894617781
3275052191
1451218657
3044947906
3940549774
1466560299
2361367597
3053708908
1510282318
459713249
180926510
550662862
2142577345
227465268
2619628148
3279472288
1591387151
646111369
4262517880
3843533449
3563871216
2692293264
1931921870
2372105971
3523487484
2081698482
491740720
70731692
4236787938
1478265925
750301024
1352355964
268173427
1082777242
2167954752
573096622
2929485606
3047677481
910560380
3305575523
1680946302
4217194438
2138392614
1699011597
3782005741
1645946879
2504535271
3182822774
2390754735
3524838645
108786512
2832409091
125686193
1156112892
1279251406
2663639194
3714769145
1700908655
3055731590
1705353772
188878178
530552955
1903703861
1652429258
4006261826
2853275365
1280728928
1998604701
27934300
108105146
1754669812
1458525702
2694344468
3432483717
3561556858
2452656112
3539624413
3317247863
2998256016
2037543993
566043324
2595328687
39369548
1143029702
4144159506
3290751430
3198060508
3334914906
1020031479
960366580
2560319282
3402470009
2960651363
3672378359
2067878705
4235361479
