2949950322
2363168466
3734744192
3270290982
622255943
1719922442
3258374877
2477643669
1035846619
1847967702
3753618206
2354295022
1548597053
3530781785
1138357785
3226919136
3945975854
2014241141
3399505299
361968993
1972701270
4256355853
2040191469
1060545922
4097257822
3282874859
2886461773
2159663632
626692134
3878785554
420706668
620731885
181026189
3549978013
2911319145
1603584631
3389755956
2855068614
3153716473
2249523320
2280300923
1597861547
3473824070
2014828931
550024797
905763038
781958330
4080910727
1098640568
4167643215
1510911697
3870322633
815499623
794220137
3642879867
317775130
1770020042
1416411211
3806610088
4157615147
1654304341
3089896158
1185239406
4188113984
265729362
3607198338
787634845
3453852538
450423912
1969611842
2668291581
1182088617
1405912871
4235311501
2823944955
2711448445
2031048588
3611020069
2871645226
1874534441
2717723367
873467390
2681717749
2096628242
378425283
3543497743
1343920311
3779655786
1240271632
3892125534
3569650302
1401503942
2444950611
385300203
2663137136
3459697599
1217221042
2150005833
2270633437
1601906723
2388068524
678697573
1283510622
4114145633
3052936360
3360638215
1893957771
2326458904
828983341
3749933308
2127165683
774205577
3600447431
946884374
2486938758
2060555351
3571763626
1980896977
