2949950322
2363168466
3734744192
3270290982
1828502120
1030207264
3856309422
3963259109
1571068973
3550109513
878718504
3085908177
3899722653
4272824043
1735877122
618811983
2214611705
389839778
50652139
1343332794
3250267130
4204087746
3790744998
3271397382
858447970
2958890096
3304666965
310926974
343712556
1627326887
1066949024
3115532703
605102896
4142733412
3041136647
1261415626
3131553244
2224181361
3639454542
2339231108
3430238943
1694177044
3081043018
116825239
2935199912
170243332
2431453503
1556103117
1458999198
940497745
2906937647
3447061528
1230894072
3263301534
2904907576
1102278818
3160487699
2147402051
3951422712
1160592811
2232412617
1515622994
3652665351
2707891679
2058442457
1294653036
3455132357
3837699882
1096674588
2991350512
3576401116
3638209143
2576516407
3549036066
696470671
468597021
2551180104
1548942256
4251245485
1135577635
924622382
1192484786
1625083479
2739091463
189152312
3369716328
1519141507
3756927271
523798511
1428421882
3353923658
2562032106
1813061518
3159728485
1429495461
137490608
2174099541
1370746966
3286661309
2994759164
1970956479
2597902
1991103439
3280267725
1570240581
1231859005
3800404767
2547539886
4017753897
1061073346
2704121930
3332161263
3669481879
2276620162
3637847948
1458300136
4277546844
2571579897
777105268
2691656720
3850177175
2484803542
60208859
458112191
