2949950322
2363168466
3734744192
3270290982
1828502120
1030207264
3856309422
3963259109
1571068973
3466112374
3667932479
2310371182
2340194022
2826124102
970569990
49795902
3461125004
1081233640
544501215
4127524084
935012596
1949178041
3918297622
997212482
1395311509
1689338656
2593368158
3443305007
1226089935
1728502615
4035672666
3540866590
2484455749
1959408588
732783555
2133122929
723830221
2275557985
1053828015
3020222240
4207317340
2991832026
3307820902
1804687592
2499941829
892687201
3554865303
1253501921
1869522832
3974213993
2610650581
3058558535
3567836236
1182568661
2093256982
4277082074
1768077015
3941441582
4140222294
3994567149
132738861
2813212458
3737933372
902396196
4011797482
179032671
3253897671
2442357476
419924453
579821315
1335303638
3510630724
