2949950322
2363168466
3734744192
3270290982
1828502120
795445797
950430744
1765630288
110770678
2232758031
553018681
689336690
2947410815
2282144185
3443855942
1772679360
3802783146
2972819879
180674555
2230983839
1741532258
141599816
1986191646
2588095612
252294658
113584004
3128061415
2128648676
2229939017
2686060013
648126432
1932611539
3638063601
2540675981
3539096855
480865611
3431818680
2317425111
1017493065
3115895634
2881242930
3603068915
4007074870
2511771991
3950997184
3669292026
166402212
350915124
2568199657
935021754
2969622199
3800082557
548607208
76653097
4202899485
1372755270
3576733589
727393112
3035281014
1000066670
3501942372
2043348789
1376253571
795544036
3951307491
908220382
3672103877
122940464
3954073643
3899419954
76669225
1502891836
3291884947
1195497857
496801436
2666226318
1914105493
2729500644
2003624722
711544071
2954876674
1135041749
3666034483
608677597
794938990
2887137916
1779690835
3876952231
554717064
938092811
3675759888
1482707202
1355124674
2076055970
2313267897
927372326
11542787
2920869968
2160827336
1540668545
4253372020
4086945891
3811687821
2440156192
4067063201
1850232699
4197671616
1298711045
139748474
397187529
2657403540
411111779
2628329091
246421045
4105872536
2810125153
3486721321
3100303108
749859519
2608902793
