2949950322
2363168466
3734744192
3270290982
1828502120
795445797
950430744
1765630288
3448263815
4195603506
501851475
1531304252
3553050705
1853174708
559396496
1305875594
1675867370
1065055664
2495396795
3906674771
3872327710
2879413450
3603662266
1599074427
7889168
1146602002
655290382
2606086485
453976952
267679232
3339595762
3471719353
221163292
2338510671
505959729
342428599
3999512858
1641392881
2728721683
3953959137
4084755338
1417146694
493201818
3768164980
2123019260
1034118492
2746250452
2351656642
2313145529
284929887
2162464292
1929688034
3444438
3084273808
629391483
981155272
4221059260
3546704173
1093919174
3352703537
1556975552
2728801037
271065657
3691583975
