4016747520
3203512648
440700063
329554132
2382822011
3039334467
3882363409
3295123377
1439503857
1919303479
2510048854
332412421
4164982457
1204510142
106079302
3875462836
1047323205
1844747848
873206001
2723527390
813823559
3200202019
136164198
2329222424
2815052029
2281966923
1051305586
815153653
3166377270
4185515205
3468948912
888263861
1331538297
1632622561
2575207840
999993858
1740851917
1384331000
1860944906
1092977084
365743453
1179955536
1970310223
2734810468
1529921317
3789991734
332341283
3967813894
538945409
2454909201
2581890173
1697665353
2530668732
3186154752
1189673177
3311922720
1296971877
4137878074
423948806
1176085414
1326274425
1473633565
1013686876
1424822952
1777858450
3115534713
3207935899
1722082040
331342546
1047091520
3294882797
2182770535
3186731311
313868370
964276708
3012707960
959086210
2510195373
3217537190
1870857805
1479460747
2288679264
2850809297
2784142139
324995074
1794780972
408921561
2910232539
2598067741
1251991798
4201928173
2851351335
2902167917
2092904326
4008355693
860674640
1063187503
787480566
409527874
2260730576
4105443603
3796795280
1728229641
945807529
280585984
2783385400
934453203
3386450718
2882490114
4103216802
1910427707
780370331
2507603911
4155178632
2544681919
3090667945
947170682
2531032105
4201767705
2534029645
37796659
1562241683
4286763236
2465794736
314211939
3048596655
567200020
2589774145
179814524
2914540208
2868324743
1350462009
1462835470
3646445364
1231773913
2542137845
330169877
1691885329
904495879
1289229684
675691025
3069107843
1645662040
4240321482
366990346
2339844248
3961103283
1924220705
935856034
2841699120
