2949950322
2363168466
3734744192
3270290982
1828502120
1030207264
3667772993
2567501324
1035846619
1847967702
4085767545
561767981
917766160
2197050977
72338540
1758359158
3479476127
2482788037
3184129701
2274148360
1967796946
65159147
3407373849
1416893857
2626571347
1378952903
2538630312
4252168066
940811757
1378952903
2038703788
1118456980
2278229755
3991504337
2023950255
4129062114
3493784157
554615455
1089685469
2761886403
714033958
3143061697
1145224166
3414378186
2578848141
439947124
4132481385
2215300202
289426964
1697423005
512255794
3546893483
2597873521
3377994171
1544723397
3507809841
742199075
3750069492
1139045165
481895053
