2949950322
2363168466
3734744192
3270290982
1828502120
795445797
950430744
1765630288
3448263815
4195603506
2511637652
3541627131
1536846230
1812064547
3833819214
1496384427
4241639837
2421418887
1829731412
4001393325
1750464490
3865785486
223059076
2658643423
3525012189
2529187962
276546167
827107638
1062764923
4253140548
1265082925
2415220270
3381716170
1980835060
3231026026
4162190325
1390980990
3671028005
1264972645
3370508785
485585704
3134349793
3798373809
3174810641
2501953245
1164212278
123288627
2405596057
1163123864
3206196747
993173995
2380835217
63809782
1442126575
3262692322
236528938
2125569243
277021237
2848091043
2038879560
1050561043
1951700196
3749064604
960932408
2110772644
1522320029
3566846970
81624337
1417275043
1170795898
