2949950322
2363168466
3734744192
3270290982
1828502120
1030207264
3856309422
2790239459
2977975006
2249968235
1323406233
3235860733
2657704522
501632179
1673433860
676687247
2587625267
4169891278
2761134059
2670704062
916387445
229678157
2645534006
3674462553
1927772046
645141916
3629580002
1766016909
3122404823
2023105652
4063192593
1241423525
1767085680
2199323624
1693282953
2888177068
147355280
1028775490
2700328173
2993605741
1831654045
4051686312
2677570790
112992000
1511548617
1388165129
2763979128
2978650107
835718614
1610787328
2488467467
2358085296
432473294
3977153515
425664992
280966571
1327564519
4071157058
2635052516
2387665114
3343038470
4016288455
413094581
841001925
56939666
3798979103
787512472
1428711525
3819751419
3743715921
2470991187
206879364
2218262662
