2949950322
2363168466
3734744192
3270290982
1828502120
795445797
950430744
1765630288
2977975006
2249968235
1323406233
3235860733
2657704522
3636799013
2622292157
3169886406
2537922733
348829268
289281071
705723927
1855477903
709061160
3205097558
1766857065
2393532424
196547859
3340078230
2963589067
1273385241
109643213
1512930308
1935866347
4225785990
3534742889
1512930308
1935866347
4225785990
3534742889
1512930308
170231359
2122425626
4019445940
2150938642
2843426301
570008720
146153855
2150938642
111371245
3979592529
4130649504
1888432045
3963558585
2079061682
550470418
3670356415
1265611775
2785799697
3532145818
2995681709
2561376416
3967791827
3811233433
1124109289
1278107390
3732657685
2560079394
773003708
1761573259
2212483457
2368983219
799861444
3770111249
2484303412
2131063895
721776363
1159118652
112508075
179204087
1051566714
2313950141
402588213
875345259
3455983483
3130960471
1037622922
3193423987
