2949950322
2363168466
3734744192
3270290982
1828502120
795445797
950430744
1765630288
2977975006
2249968235
1323406233
3235860733
2657704522
3636799013
2622292157
3169886406
2537922733
348829268
289281071
705723927
3121563500
1473083995
1138891407
121186344
2933753599
2000570098
3802759086
1028306218
3047048105
4286592641
1791669503
1347108461
2899218017
1965903468
3924467481
3319253214
1494227371
1130986239
3775240844
818467922
3034635186
1983487117
3520048819
3089818205
64986113
3691933182
1582703558
905686233
3407032579
1100449055
219929223
4081725326
2243975247
2350926852
1175581488
64160451
3929470622
4006847815
2374815284
211077362
1031791382
3917707177
3197451461
3977593359
