2949950322
2363168466
3734744192
2634980557
857639043
795445797
950430744
1765630288
2977975006
2249968235
1323406233
3235860733
2657704522
2772906098
3676303301
2431914318
580746226
1076494607
473101098
663669119
3463134498
1558838970
3997649500
1832650492
3194182822
3078834413
3626242123
2086054688
3652575510
2175407166
92412894
2214187690
2124760441
695080416
3202594029
2105295549
4253012714
586490588
3542975940
3661299129
1192099614
3553202581
1443504748
3582276757
3067504897
3557451854
1235749601
2351616276
981957165
3382509053
2533076466
1754272063
2538177030
971068245
2608752930
2506293045
192016061
3050754082
1275361842
3541298634
1291910210
3120612715
1897944160
2328477516
1963994229
242329876
3270379411
2760640416
3042508959
1824178322
4214710687
762220704
4126977105
160545184
1971562159
3488457561
1059987445
1592186226
2426462140
839128794
3874768872
2019337082
1574365042
2219258385
1093098802
3225377780
1513352123
1266868322
2099252550
