2949950322
2363168466
3734744192
2634980557
857639043
795445797
950430744
1765630288
3448263815
3295166668
4010569730
3559004730
1166579834
1874971930
3381673967
1521225396
3892492882
970840978
2759833917
1988330089
3179419317
2316932608
1843652449
3954155314
1210243336
347740242
1057953849
3226069675
1426286805
1174752810
2660725467
2637495857
3798218123
1784640033
3135301906
324993175
1459956639
2045432833
1972828349
660718404
3836197150
4032621670
3612434513
2164154912
2448302016
860542630
1593980117
3700236844
3366228740
2602888654
3037810094
3859970819
4128946245
2000979098
4274054475
2922147121
2817155237
1458448010
3350961544
686311423
2804903246
294761683
2281694628
3518387173
3808764420
493788873
2571538729
3323707529
3675994819
4283685402
1151771718
2871029868
663308197
4157471054
2637502657
4233593983
1895740342
1927377481
2391614380
