2949950322
2363168466
3734744192
2634980557
857639043
795445797
950430744
1765630288
3448263815
3295166668
1121180353
3467484937
3855200199
761430588
4015079081
1526450103
3411101175
146609432
800102703
1785882844
187237470
4031939701
1844504282
1721622759
2242531354
3365399466
2821924395
533848173
3769851820
327285307
1290185276
2051248930
440774165
3507955236
2792213144
2613861103
29016298
391697080
1056248830
3713086278
2475904314
952073847
1606598140
3292769565
887714636
1917128483
2375851034
2894898907
169153672
2326571972
1187127026
3742749435
3482666993
3664608476
1075570393
2809976377
1460993900
3513726488
989869991
345714097
1924899169
692978050
1842889264
1406084226
2600747943
2484833908
990524680
3821694375
2641339057
641950985
2724948713
2512825135
3108622525
2397311355
2724948713
2512825135
3108622525
3476286709
1216226893
1125465243
3339621032
