2949950322
2363168466
3734744192
2634980557
857639043
795445797
950430744
1765630288
3448263815
3295166668
210901310
2401046471
1466276425
1627265788
257507930
1240809013
226302125
767604950
2604930888
2151899577
4178368793
4285110851
3152133339
520904285
2602848701
484080257
2625691820
3951648916
1738818074
3413381220
3726276692
2688620513
1729256719
2760747871
1336738645
3247685681
3627898333
4067688637
369051858
2095027044
1859854084
23467822
3474988512
740424899
2701427451
231358383
1561141996
549092163
1468697764
28458685
4188815186
2049124779
1168579534
3150751491
217966389
403092045
1508409521
4276558461
3205048449
4067471503
501546610
979324502
2601895513
402337531
