2949950322
2363168466
3734744192
3270290982
1828502120
795445797
950430744
1765630288
3448263815
3295166668
210901310
1230039245
2435349827
3044726494
3348808653
1886913931
4233438981
1389924087
4040884555
1915721474
2789460939
2641207795
78961946
319417763
3404733653
1154408369
1155771545
3691547957
1235582566
897785888
3790568681
2894080061
3227432416
3998010232
2277463314
3428101017
1880431618
918118509
2383783393
723378308
2447537477
309158844
2521132124
1747898513
3491972613
2000106878
412118488
2914605018
140123628
480331924
769319544
2534208107
3107541515
1889718036
2891749380
2414810219
383508464
1325657229
4109800145
1892869239
3013850005
3930715443
187880241
789603824
1326864583
3787360660
629757150
2668392213
3559536262
2276608651
3797894722
1680117558
2722416069
737090558
2717252470
2878419476
2958858831
1842392506
