2949950322
2363168466
3734744192
3270290982
1828502120
795445797
950430744
1765630288
3448263815
3295166668
210901310
2401046471
1466276425
2165633890
4004752324
3583885820
1662611042
3845289565
3461760659
1567258568
3687968197
2579666183
73463720
3077328911
2477051883
1285009177
4195549319
1175109824
441480753
996613488
2659473222
989260845
3653328080
464150244
1045890008
2197383628
3718134213
1352158257
694632695
1903736287
4115708479
1637143732
2451064622
4158934314
2521105622
2646508029
2852425864
991032528
2895926749
581080761
3996989502
274105587
2978836473
938911373
2690285552
4116736099
3349859649
3195970492
3372502784
2522422944
2684340333
1816609722
2544383404
1574621199
1925134394
4035094830
3800442190
169231932
756795915
2241062280
3263920851
