2949950322
2363168466
3734744192
2634980557
857639043
795445797
950430744
1765630288
3448263815
3295166668
210901310
2401046471
1466276425
1627265788
257507930
1240809013
226302125
767604950
2604930888
2151899577
631253903
62965670
3661182679
408040675
1629326403
3190746289
3172215394
2786286739
4199148130
3197294789
1500031396
1326887787
456585245
2642053198
1985617988
434579566
276906618
3378676343
2562362813
451916280
1451456250
690002635
2903020843
3378305064
1590786341
2205615128
363431304
2647345798
510336571
3206871483
838961027
2818742419
1036341726
2445466533
