2949950322
2363168466
3734744192
2634980557
857639043
795445797
950430744
1765630288
3448263815
3295166668
210901310
2401046471
1466276425
1627265788
257507930
1240809013
226302125
1235626506
3777443591
4196418038
500838551
2481255411
3430596799
3668301257
372931406
1064697505
3562362539
2695358672
1653888069
1041011999
2616188713
2162731480
2108964363
1511986381
376689615
806567910
3924479639
3536102575
4188050529
1765199618
1192780336
681675980
4029919293
3765896604
444446513
3251850696
3369756155
3294776182
106035171
2767535749
3367886070
1983510797
1662240119
779915683
461211979
1738088232
1363504779
2312719672
211125153
488933496
4236138432
3389155709
1631146208
2977820171
2542086239
2088765255
156384574
