2949950322
2363168466
3734744192
3270290982
1828502120
795445797
950430744
1765630288
3448263815
3295166668
210901310
651906142
2156576427
246709711
2467700576
1105863732
944047118
266241211
1618598941
250330074
2729335402
3737764226
552282876
1368209341
3131940791
1623660077
816871078
2111775346
2948734069
743246476
1757752340
378296467
89684885
2977621368
894626456
2607183409
3607802163
1429961585
4040700231
1143004954
3799068143
538587099
2956226167
486297917
2718973684
2175386392
3008758912
4113458029
1694507713
3522743452
2249039244
1550259222
377408777
108512618
2318578531
1678324277
1628329719
