2949950322
2363168466
3734744192
2634980557
857639043
795445797
950430744
1765630288
3448263815
3295166668
210901310
651906142
2156576427
246709711
2467700576
4253317287
637332777
4144027261
2393896519
3107223282
3439919820
2976815396
1452599365
3503853590
1935005228
4208042989
3942950098
3213695072
2444802048
3156929152
2331159269
4173942800
288138317
98038069
3189935977
1065137078
2657235572
364062905
3081807621
2609770690
2659338888
427581876
2717528767
4100645516
1883434348
4258228038
3869770530
511636049
2045325153
3973282956
1761309548
997920166
788080996
2899488680
2602834573
1492348156
1611097225
1418100789
1448047037
3190977659
974814107
10102915
1940526519
4051800955
3895395991
2800642097
828623164
4203048130
1528837124
4239124347
752904598
1515466132
4180647501
2063865985
3788285114
1091562556
3581198727
1920686923
21718655
3022097770
3975076847
1080581187
3575832125
2190335052
2074542576
4120494740
139167013
1423131775
3643429794
4004631319
1638279227
4018350428
2170848786
3070166695
1730720296
3223791844
2686522835
2903576847
920581816
21329421
1477422094
2179275486
2302723102
935649765
2493511662
1459618238
1872031746
3801253366
996720000
1619518663
469198103
3747975444
2547624075
4047714036
