2949950322
2363168466
3734744192
2634980557
857639043
795445797
950430744
1765630288
3448263815
3295166668
210901310
651906142
2156576427
246709711
2467700576
1105863732
944047118
266241211
1904630540
521419979
3439919820
2976815396
1452599365
3503853590
1935005228
1044022008
3962027263
1574767604
3565909320
435919316
2149770557
1488897678
377272562
2604906137
3765531065
3627815584
1933210228
3758506799
3459507023
292683199
4111925271
3017029716
459135348
133225980
4294910821
4011461745
1281474472
2495645675
1825536370
3889362011
1512893163
1219598955
262735152
663228401
