2949950322
2363168466
3734744192
2634980557
857639043
795445797
950430744
1765630288
3448263815
3295166668
210901310
651906142
2156576427
246709711
2467700576
1105863732
944047118
266241211
3894736346
1852345737
3454389171
3605183810
2830787317
1784882634
3002145083
2974979537
1955309160
1999121026
1468342871
124365357
1584996531
668952782
3033168586
2642804517
3655324717
2811248350
2309332670
3240057591
2542967315
3180587532
656502044
3630669710
2264977285
1023600499
142451621
3628709645
1549908205
3756961300
3043538936
3671441362
420817783
4195666516
188828043
3501812895
2082428064
1444816063
3433866159
1560682991
4259592537
59737492
1814617394
3215954857
3702771581
3234235554
4138315988
701161536
3085857066
957361214
3408201042
4047389655
811081436
172185689
1040204748
3781366616
1857116168
4188556580
1260740067
2430433527
643422057
4134388673
1089039455
1183592197
191098291
