2949950322
2363168466
3734744192
3270290982
1828502120
795445797
950430744
1765630288
3448263815
3295166668
210901310
651906142
2156576427
246709711
2467700576
1105863732
944047118
2626890146
4080300292
1891330045
2831413875
3811052792
1187727054
2225095930
2861492680
3290205711
602341230
1281095492
1104992025
2165719626
3733483782
3730848870
2199503123
1589623854
4240192402
2682121793
1708612844
554462795
1712648464
3106378210
2903044406
4259608908
707848508
4168573125
1324601179
1394206870
2756371342
3980574332
1144452823
1229500684
3243561088
506953748
1507124697
2365599148
4115823084
766000267
3117617456
3062263162
1967964830
4252468532
1748830026
2522266503
719450596
3397893800
4085856828
368177113
2836547956
4132378836
1231163730
2569449401
2973609333
1635324830
1231163730
2569449401
1691786927
1803805413
1896573956
3290584582
1450696429
310620300
82965468
195334038
2408349814
3239847797
903194704
1068589362
2369744902
1004894332
3033914286
2693194776
852716787
1211817947
2133069151
4110154041
2253820861
1640777164
3559689926
3315434783
2081054175
1041835293
1857928879
245026653
2568449616
129993410
3241115591
117967276
2424678561
321884473
3586090044
3143158642
1294987872
880760211
3255331969
1998673539
1968261809
1975060433
2009668579
2867407056
51535545
1244360897
3020528575
3052525162
1132916600
597794442
1749617460
529613722
3796042795
993844351
3977744730
2953985871
1637509364
3102060704
844990554
325614650
3915566743
2468000817
4261223295
3634315704
651380523
579135884
3704155935
1918910028
1055678932
1639002228
1883542169
790217529
1055678932
1639002228
1883542169
790217529
4075135599
4138863816
150866523
2788564335
1484397564
3591591366
3353802539
2562434699
87087660
2111108129
1421191024
4202541124
70366935
2252577904
2014288611
4242550134
1067013614
4024298245
3958830512
1001540443
1067013614
4024298245
3958830512
1001540443
