2949950322
2363168466
3734744192
2634980557
857639043
795445797
950430744
1765630288
3448263815
3295166668
210901310
651906142
2156576427
246709711
2467700576
1105863732
944047118
266241211
3894736346
1852345737
3454389171
3605183810
2830787317
1784882634
3002145083
2974979537
1955309160
1999121026
1468342871
124365357
1584996531
668952782
3033168586
2203187839
3339440503
2811248350
2309332670
3240057591
2542967315
3180587532
656502044
3630669710
1754016405
3179515239
468811873
2480299578
3985196760
2549063667
350585284
2226058346
8846218
343781106
2944979118
676320720
2088447652
1778725995
1061281602
2160074620
1178069603
1310938729
289670752
