2949950322
2363168466
3734744192
2634980557
857639043
795445797
950430744
1765630288
3448263815
3295166668
210901310
651906142
2156576427
246709711
2467700576
1105863732
944047118
266241211
3894736346
1852345737
3454389171
3605183810
2830787317
1784882634
3002145083
2974979537
1955309160
1999121026
1113026132
3252189357
2563306035
2978445276
580019672
213467811
1650388461
233039303
1219651882
858037679
3071054415
1212834013
2579642214
3375283996
1787787866
4061687804
1982881820
1480939364
1595708765
3700655012
2220676385
2878870929
3125613230
1891362786
2684677236
1910214068
524034810
2608777028
3041617700
335839396
1264832686
3370960471
2303753576
406881168
2522723772
3195846525
2399606161
514693073
1285081238
1483185200
3818054252
3381891699
1304141203
329210080
3684248201
4125892081
12170768
1165707235
3860877800
3438961924
3728912684
1096703739
2043326279
3341817700
3582509900
2138618042
1206667526
460621916
3735927781
1737273376
3819225024
3833531430
