2949950322
2363168466
3734744192
3270290982
1828502120
795445797
950430744
1765630288
3448263815
3295166668
210901310
651906142
2156576427
246709711
2467700576
1105863732
944047118
266241211
1904630540
521419979
3439919820
2976815396
1452599365
3503853590
1935005228
1044022008
3962027263
1574767604
320828808
2652928995
1816445567
2358608597
664003073
3031421786
2593813306
1580681103
3354278758
525271845
3215793043
1739825175
78642371
2543046040
4103049548
1739825175
78642371
2543046040
1997022777
203739826
2220145854
3316796756
1358483242
2347231331
2599916931
3655222051
2709263268
755127916
3175195469
4142223030
3037009614
4130127982
417515137
1562392434
