2949950322
2363168466
3734744192
2634980557
857639043
795445797
950430744
1765630288
3448263815
3295166668
210901310
651906142
2156576427
246709711
2467700576
1105863732
944047118
266241211
3894736346
1852345737
3454389171
3605183810
2830787317
1784882634
3002145083
2974979537
1955309160
1999121026
1113026132
3252189357
2563306035
2978445276
580019672
213467811
1650388461
233039303
1219651882
858037679
3071054415
1212834013
2814217372
4149282022
1458854944
3462613382
3947855961
1123051996
3632722905
843809660
2448049722
2805920256
3045467688
1874611643
4164021430
1130961819
1144052130
3351236443
1356455394
3896238435
3076305262
537783664
2527086153
134783707
890390497
1711198107
2983684563
3778797993
890390497
1711198107
3516580198
381217939
4002002642
1194745687
3501981274
267716398
2924503016
767221589
2224181765
1418411366
3791699137
3894678524
706195305
1876254362
1673153788
1965809048
1010402628
3216413629
2850429069
467132522
2660970227
749393428
64775361
2709040551
3830950431
1176661194
1352046594
3802620133
3441234105
277948236
3590443593
894358290
2483313437
