2949950322
2363168466
3734744192
3270290982
1828502120
795445797
950430744
1765630288
3448263815
3295166668
210901310
651906142
2156576427
246709711
2467700576
1105863732
944047118
266241211
1904630540
521419979
3439919820
2976815396
2598082895
3618950555
1123962853
1509505300
4254504141
3360270423
800315702
3354664182
2557095866
2394241740
2187615604
18065766
702561619
1814219936
164610153
133179374
1634033488
1101588197
1115364867
663163911
2384882398
3053702117
2849536892
1099288377
3146743188
684351483
12737310
1840873802
1429041398
4124490423
377425535
2769379170
1077072337
2285316270
3719380189
2515899240
4126387807
1730208520
1580099484
192619135
2569972372
2379612140
2502754037
2985343777
369669646
125071345
1430597425
4064982525
872101415
2499063019
3485369953
3264119485
2588005432
1084948005
661098459
780054072
2140725392
3509596611
