2949950322
2363168466
3734744192
3270290982
1828502120
795445797
950430744
1765630288
3448263815
3295166668
210901310
651906142
2156576427
246709711
3914206382
2608199259
1124950997
3229775148
1229598321
3245207594
4014169368
268808074
2796029107
253226294
1351212666
615089091
211912486
993658771
2404109183
3911830348
1633264960
549409962
1610697688
3956298005
3650084821
3994312544
2485241366
426007009
3122653752
2817904117
3518023715
1196784207
3177171170
2328119383
2601602920
3212015951
1814831893
4287708950
2556186344
3412031557
404518316
1574863967
512859038
3835935387
3678960851
2454117971
