2949950322
2363168466
3734744192
3270290982
1828502120
795445797
950430744
1765630288
3448263815
3295166668
210901310
651906142
2156576427
246709711
3914206382
2608199259
1124950997
3229775148
2631451613
3842632368
588004767
4181696425
1895286004
2947930628
4029409608
2124363998
1789370519
968024774
297461283
850746243
617027795
4247050462
3594577936
3983442472
2700405936
2326618636
4286535797
3164571496
557704647
3713858276
2588173759
739681416
2501379821
2726528600
30969939
3542395655
2425201508
2081766214
673300530
485184346
2267329773
3567569447
2486638746
2769801087
4075575918
1346933512
1945718811
170506220
947271980
2300957084
1068388411
2403853629
799407499
2042505064
3012538766
2853594585
1344067444
762325011
3957382422
865618072
1158823769
2568434189
543511491
1829790024
3605339924
2468867815
4079080400
1506912294
