2949950322
2363168466
3734744192
2634980557
857639043
795445797
950430744
1765630288
3448263815
3295166668
210901310
651906142
2156576427
246709711
3914206382
2608199259
1124950997
3229775148
2631451613
352263558
1407681245
371553070
2205151568
3035918821
3949609641
2915450566
3563659004
3498855717
3781650113
453832255
2278244170
1274724303
1526281554
1566905922
1315687776
1488246806
941835507
1163752498
3210200735
1143752372
911760759
1389877892
245899707
1378935009
2056152548
1212699734
2220697222
2242456530
3429236656
4208891166
1827590894
2339636383
421629044
3808357356
3853697700
2259964130
899206925
3421729728
3561380753
2062453442
2080129930
182587913
359528490
3150260601
263513493
1986038632
3828679555
3243727172
1559575531
982989784
960807742
2502120485
2532355267
2052342845
1231176932
185824143
146836329
2762415218
2809455764
185824143
2337277788
4004253016
2096727475
2769962430
3833838662
1367557732
1176270541
1339090763
2588391775
866142159
739602334
3033307712
411531728
1233116298
534233984
2623067513
2521483041
2338168050
1936049521
2105103206
2744848396
3104285006
4223704223
791115564
1925673306
1075004618
3592618810
2278295545
2916821174
2776561270
