2949950322
2363168466
3734744192
2634980557
857639043
795445797
950430744
1765630288
3448263815
3295166668
210901310
651906142
2156576427
246709711
3914206382
2608199259
1124950997
3229775148
1562384259
3681316816
1685897882
1273485452
1707701694
1291664124
3978744310
65304270
962623354
1154952917
1357887132
2889680414
2421776326
666117968
201402171
3065314658
1473582909
946347799
3466035475
2475831046
2162465925
631044396
236424782
1363861486
1182122969
2519825714
3967797193
3747216669
4107438719
2002623622
