2949950322
2363168466
3734744192
2634980557
857639043
795445797
950430744
1765630288
3448263815
3295166668
210901310
651906142
2156576427
246709711
3914206382
2608199259
114791668
1749414707
2956814013
941275366
3767043095
1724185668
3654570254
4132391704
572725201
2812391171
2775549446
2015549288
2828983912
1904025189
1521610707
3921173424
3071168775
880887806
523519893
841459136
1832973766
1052805900
3070808145
907542451
573532154
1899636139
1073241047
486008439
3295009414
2091577626
1792586314
3457064934
1244041222
3834528085
422346994
1388805753
2811418008
4127138695
1198600883
1514128907
1532860912
106444773
1512557786
3624684054
2872866594
689435118
1512557786
3624684054
2872866594
689435118
3903446510
1022898738
1955630927
3250173261
2629847096
518770420
3955123477
1643249033
1783072997
2126306717
3581985147
3465000842
1736670605
3142796204
1165076690
2489674763
3890823398
2153274947
3085061942
3039585843
3576322820
519792997
2159677049
1499057780
4037195805
3890345655
534359860
824905195
1406023648
2499177360
3037078995
1564598291
3481660811
1611927674
3373324925
1806963483
1708756992
3095391549
1734736436
1859561177
408736024
3083676905
936324331
2739940507
3681187098
693590069
3567741219
1242533297
1645514621
4240206831
1569761388
4204737184
2823171410
182641716
586802936
2984250034
184413005
2306014644
131309908
2909614912
43004471
2560315581
2120998262
1865416137
1984977024
2860541601
1799244449
1476137677
2520923853
2248575852
310224599
3785196305
1393791525
2700326883
310224599
2189177724
2883958372
2471486263
633805268
3865840201
2594507765
2346789706
1030345129
96699642
3295807264
2676467651
29802719
963417484
1178361398
543055365
3038043259
5405061
4200123176
276381400
302588650
1953178329
3823535060
528981239
2282372602
1953178329
3823535060
2558985909
3993858420
1594525886
696319871
2558985909
3993858420
1594525886
696319871
1390508574
610995679
1980169152
3726323828
3758905030
3431148884
3281838215
116596898
3111313564
4282466619
2748940385
3579049888
1743810845
3327470043
1141558788
3120992577
2732070906
3932434021
3070029631
686816951
1282370938
346045439
2527793746
3443738934
2999519419
154957543
1413077234
876602821
2862022999
1856035869
3663213120
2165446858
3729738090
2042053701
1028565065
2838857202
3455383089
2518461781
3392915426
3754163407
260522532
647829500
2456156577
18859120
1817097673
719479239
995322398
2821281743
3113770006
719479239
3833284537
4280564530
2100236959
123840612
1530689802
1136386373
1376447132
2614287301
3117329438
1160946369
2283496945
2665038753
1133777615
2278652237
1520183331
2665038753
1133777615
2278652237
1642200297
4070293816
3498555107
1157405528
1431146625
3122478823
3501141797
1286247273
321552192
4009244913
4282987304
2580786519
1076915546
2749928805
1373178698
3486128834
3005215851
4221816308
496191568
2412167355
1238644306
3682713273
496191568
2412167355
1394015898
3239048748
119341253
2504558638
3433221768
3044450421
533213793
1467223038
2439445783
2181310792
2425364786
3776702987
4086293105
1131256311
1069053790
2945138867
3168015757
1409539664
3492260086
1114775581
4113797594
1565204053
3156596036
3364325287
2934278036
963126937
1553214621
1812916575
1589016667
1782290058
1875650521
2266754052
2071655207
3975631402
278285577
2266754052
2071655207
3975631402
32243769
2474193946
2430253296
1929527503
2405654508
418316001
913995965
2825480501
4005699728
2035253661
2843448629
1533567787
3362885473
478781114
3544943768
1297653008
1108205914
480961387
2410876705
3564405541
4247728388
599892008
2535892210
4176132635
479732843
438841786
3240117463
4110680410
773067725
2967968877
442044025
3227739626
1792931838
3483778948
4244531424
4199447857
4116752422
1830887374
26008192
3797164735
1900924661
1573041511
1044427266
3717745213
2164296551
845114941
3867911752
2023274432
3073007186
1425188461
167184504
394938609
3656854985
1919592010
3580181638
3679836288
354991544
2335943728
3152061
2557587285
791682706
3590695572
2954015868
664737137
145407526
4053731872
4105732220
2028166759
3863722741
746480909
3000402335
2580075309
2632931697
1650942471
1732307035
3497109613
1322863871
3015312584
69265015
3737898090
1080240376
2873443281
470086166
3181488848
317014957
3759500156
2126352366
3742947112
1102066618
517432252
2155841326
567992296
3211934586
708360452
3029360022
37615279
2627015229
1305849777
3548203811
2734063642
1012819080
2331234225
341519139
2816117288
3930090179
3414333830
2525443987
2514808094
1228198719
2019604180
757358077
1845185705
3663834646
