2949950322
2363168466
3734744192
2634980557
857639043
795445797
950430744
1765630288
3448263815
3295166668
210901310
651906142
2156576427
246709711
3914206382
2608199259
1124950997
3229775148
2631451613
352263558
1407681245
2913091040
3755353635
4284505249
2366916450
2916931758
3118743783
3941663414
3043963386
2746229900
2374337772
1780437661
367814915
1134396458
3857680684
605384799
1661857540
1073894052
1724070659
4264041135
3884355395
2272895541
3883900674
406416784
1862900343
4272101431
882028305
4006856974
1936829345
2710409461
2003992504
3654987499
973487620
728025392
3548039391
756118546
1710010804
2972501148
610682594
2328795057
3633196515
2734053189
1046484681
2953402611
977388014
3032456442
