2949950322
2363168466
3734744192
3270290982
1828502120
795445797
950430744
1765630288
3448263815
3295166668
210901310
651906142
2156576427
246709711
2467700576
4253317287
444467654
1749414707
2956814013
867332164
1544890594
3560109753
1058168499
2060496704
3317694986
57374742
847270898
1181937033
434953925
2701001266
446086600
3675731928
3476008849
2621107648
714557177
4072370951
1465399601
1951892625
2299204418
3109692285
1030892701
4243826317
2783128595
3165781806
1707890948
3269208420
580269769
3018891570
504119278
3538749112
2401420329
990609005
3072731822
2404581386
417243399
2278110975
2034362569
3050565591
