2949950322
4266632762
2886671464
2399183304
554743174
1030207264
3667772993
2567501324
2395410481
222824136
2851943199
667152507
167137307
2538072870
3914891986
611403234
1272323396
1679317234
3755729607
2959534829
567044269
374859800
3014959662
1910480922
3829461081
971410788
3905596907
2925973892
652495081
1468159400
2579783526
3526337005
3905180220
2406829209
1971322420
3031450502
765855294
3045061600
195281450
1266398161
1604724424
2440773823
768346844
2424207673
653973159
1612101264
1913797360
1809446190
3927917991
