2949950322
2363168466
3734744192
3270290982
1828502120
1030207264
3667772993
2567501324
2395410481
222824136
2851943199
985727556
3162150985
220788884
589125876
1168531777
2274745812
591655032
3782233325
1168531777
2274745812
2095996415
1082786855
3467953987
2309773336
2152483923
502148860
609020392
2077416100
1829621714
4165422508
3524139212
2107698046
2942095402
3975534665
2959939859
4010428699
291632598
2508455685
3177140655
212239936
3358880323
1503588355
2799174289
4220747009
1571844040
4094658125
314945825
4214530017
2220584273
967144417
580831982
4195153439
2025290803
2193477278
1817704015
823953887
268283672
1082683889
2742896399
3937506157
2738200535
2368890722
1941776344
263141591
4027157848
4075001880
1135737029
2381836811
2935508907
3335351521
2382321798
414571256
1874602886
1552558943
3665239166
236202971
2897273533
4203874285
