2949950322
2363168466
3734744192
3270290982
1828502120
1030207264
3667772993
2567501324
2395410481
222824136
2851943199
667152507
2709023350
4074772091
1866626260
3183366016
437565033
2924797976
664582981
500796904
1920914766
2907551164
3444279435
2734063777
4016893497
208473882
1638705316
718561780
208915021
3731724242
1187653399
357194205
1431544673
621804229
3741665384
2846952554
1023118868
2986212320
2840592115
1526166820
2001069915
3700084635
555633510
3341733570
2589406135
433595726
55618479
397147863
2915254573
365519349
1784857010
1007889563
3808279991
2085968165
90492758
