2949950322
2363168466
3734744192
3270290982
1828502120
1030207264
3667772993
2567501324
2395410481
222824136
2851943199
985727556
2292738296
3686607529
4119366345
3599185769
2443159602
530672470
2256017343
2014554994
3982043404
3313862566
1614324375
3058289596
3909075211
3145711553
1098190188
2196437820
524851603
3451167431
3445447755
212313400
3480962206
4053426777
4082340817
15407110
2005642538
4053841173
1286776753
3299784277
3307971452
1804840178
2822991462
820474988
1181549485
3355725207
2272367486
256562388
1345160402
3627128118
658892285
4209219776
2904034769
2240689750
856332744
3140607586
4098097291
3059185737
3912247375
1241549142
1241549146
1704694604
678711802
2869143016
3260018523
3738296852
1633854041
3441579785
1698667709
3520632935
