2949950322
2363168466
3734744192
3270290982
1828502120
1030207264
3667772993
2567501324
2395410481
16372565
2756503170
667152507
2709023350
4074772091
1866626260
1223253522
267501897
3586625867
1082987317
2456889441
3409207459
4239384598
42797928
3226750039
3999394871
3287531191
4113301202
3672488804
3469401008
4125405576
3036699526
3150537737
3850333886
3873235540
753733057
4141571523
215084910
4208798322
575608451
1067518696
4119913853
4235260214
3294993139
4263554142
1171640834
238955657
2150526316
20343722
3651426139
667937686
909789563
224469930
1392447718
3243335470
3576512328
1469494628
424987416
299541305
133052218
2563995196
1078020813
2321112553
