2949950322
2363168466
3734744192
3270290982
1828502120
1030207264
3667772993
2567501324
2395410481
3529494891
1995105468
177045332
616095540
2426028505
2902333441
2770209866
3792081681
3360671345
1847473284
3687135601
3261513221
2275692534
3855464664
1669447819
3376093379
3418058821
1511125509
3375219550
640473852
297228873
2879089639
1061576752
3031226247
4238059734
524257390
1662809970
3939773487
3996221430
3932266371
1959361297
1130674903
1805292358
2285810686
378951532
3351309539
1083741140
2499071773
695213847
517856977
2155166275
4119569484
866239083
3383455942
2586512908
2206763384
1580135493
3822119669
3278719630
1445447920
3266587043
3752030832
261580504
825359896
1721695337
1318516876
1366468107
1744760778
3959344878
3113878886
657646068
1149350813
2494932789
1167689658
4288393036
836609410
1398687803
861435148
1274218034
3686805983
1216680880
3774716991
1952619599
12635820
3951117701
2885878637
2307776587
3806692709
1075010078
673610068
3062799814
3923345159
4278610545
1834214042
2209995339
3951884545
1965301139
487669465
2209995339
3951884545
1965301139
487669465
2209995339
2977587266
2535336493
4281010535
1636036085
3234424314
2254772629
1612890128
3846159627
598689806
928259446
895950104
2659204024
215331667
1201305014
3587177821
2070359054
4011590069
3774912418
1697159234
2142513408
2604804990
320922736
2763029334
299219361
1994299095
912865887
2475323497
964299679
3618901360
2178478845
482253007
2373000056
2282411931
379728649
367205209
2711833896
250061909
3852538859
1379660116
3856042434
589397213
1623537394
2521374063
3117549433
2144805095
3501339260
3362191639
1349578298
2466879138
462325414
3931703056
867644823
376404454
1301993733
2572030320
871400292
1229645182
96933746
1653425660
3957416683
161353701
4170124659
435432305
669208003
199413218
2504665456
3643207282
1347078501
2922846621
1596332811
1294112619
2289020323
1177134957
2724268555
4005487576
1236367636
2390673994
3654404155
2984569713
3530433572
