2949950322
2363168466
3734744192
3270290982
1828502120
795445797
950430744
1765630288
2395410481
3529494891
1424247654
1053214796
2591292827
3860096627
787365761
1557513588
4035978436
4184879247
3611660527
1359603900
3975673356
3186598014
607575191
1906707620
503403522
3406754800
1861073350
2048322750
2269805421
2652416080
3939312326
3966428512
1255957954
373597336
4026760477
644996885
11581106
3322869931
4006611005
1749537730
3737353308
3156180243
2921066867
3101792240
1807645870
549893630
2767108638
3140870905
2803795329
1122125
2063511323
1012061044
1126474685
1006687788
3689128403
3130218060
