2949950322
2363168466
3734744192
3270290982
1828502120
1030207264
3667772993
2567501324
2395410481
4070607833
4033444433
853754866
4195949056
2470614344
4242918894
2137709335
3666448673
1616871730
803964826
2145615265
2048384986
3420806963
1288804707
2298959583
1960458955
667908250
1653386085
1099110085
976186121
2667136677
645862830
2822887114
2052909261
3383551407
1959865460
1071989708
3230137357
1798424147
1837224834
724414445
2545592416
3533623451
7628018
1162877961
2545592416
3533623451
7628018
3040614471
956081361
1603418106
762454761
2941887525
3243175804
1146327655
2034857821
4233366086
679324686
2908803349
381599442
2074587675
