2949950322
2363168466
3734744192
3270290982
1828502120
1030207264
3667772993
2567501324
2395410481
4070607833
4033444433
1145824444
4175225649
4003658238
1243073577
372287134
2209347293
221264384
2627385408
587540230
3642685011
1516831297
1952227873
2666122095
408047970
2854160370
1776259927
3890303027
3713618416
147805721
2291518516
1592225340
1482086598
80615836
2574023475
1267744871
3682292058
683924109
2166846554
1765828075
181894153
1139692145
3100636740
1710212471
694393583
167453137
1783442093
783893708
3583566073
1562374397
2803188304
1168755107
449747370
361540227
3441333874
2787542553
2770092234
3580739854
3206108768
3558950411
1230044739
2756422736
695128680
4067554593
511003747
3312085802
3654585944
1758689170
3858106794
1057370507
2907945312
2008585085
3493895762
219008828
998954632
866922605
1825267812
1154507432
3811078023
3402063903
1206001191
