2949950322
2363168466
3734744192
3270290982
1828502120
795445797
950430744
1765630288
2395410481
4070607833
1444265486
93176323
1781176997
3725067336
4117509254
1532536879
1934666954
548976442
3934867644
588434851
1529872594
1338725802
2268138584
727096131
2394280309
2883598997
1455205702
1341030011
2846468094
1889726471
2476032250
104307403
889012201
2038736871
3161620157
1778441397
3926585410
3494889199
1078846105
4167713831
39909002
381510547
1046713093
2476674521
1151150249
300222922
956534371
4084296640
1643637816
843857500
1715809679
3802831386
1409757475
2082880482
3524486687
3337106279
1504101494
3241267664
147548448
472923224
1033667650
4255697086
2172595195
1981241251
224908915
2203653399
3563057746
2661881193
2432965203
2978110445
3515115226
1988885526
3223738159
594105972
2575075922
629354627
606641074
4262653985
3725976330
212359369
