2949950322
2363168466
3734744192
2634980557
857639043
795445797
950430744
1765630288
2395410481
3714018364
3002610842
1019672574
2557723177
469554384
815326238
1596320820
3465506420
3779144642
1744482767
3590861094
1906493647
3965469564
3986940543
3832509433
2115627516
2237819351
3084118336
3881064571
1141889597
196610113
4055022316
3072247427
2087299992
2227133163
3688368865
208343975
1298253167
1026518256
2775580260
950453488
1548881867
2813680030
4276529610
2260738620
3608686070
3856538692
2141750849
552982497
2936418072
3972923178
3678095887
3735751979
4137880014
602418996
4023871680
3159823882
351462768
3935918525
2291086753
3620889601
545353497
2385100362
2103966216
2848415606
3535265446
1121377151
1417788550
1930199529
816155018
3664312623
