2949950322
2363168466
3734744192
3270290982
1828502120
795445797
950430744
1765630288
2395410481
3714018364
3002610842
1019672574
2557723177
469554384
2080041447
1412738129
3382103806
1521156005
3905131801
3151419208
506830206
3697188682
931018560
206593400
1636956870
2247997400
962848237
3838154960
518564609
3423899733
3889717731
455372604
2791808491
304597914
1581976728
3522014251
2670711383
1072470737
1383218969
221212345
4146453524
4118134109
428355910
1188389094
1015126825
2752047367
3730576072
4250120040
1862674307
2414135034
999623190
4161469510
3066593850
1851040137
4213056503
2945949509
466812655
305326756
1303173608
3723725279
1336279348
3156118243
788713290
2718218942
1606360108
3005821878
844468450
2504384642
800891712
2810701034
894224474
2704751063
2189444811
2652785540
1008583736
3861433630
