2949950322
2363168466
3734744192
3270290982
1828502120
1030207264
3667772993
2567501324
2395410481
3714018364
1090326163
2449552839
347779018
856786188
1783942606
2959252940
1618778649
1474763436
943735306
3061743982
1214016016
2323983663
774904056
1541694250
4261882140
1013721896
3612115746
183172639
4039626190
1934154551
1059331125
2988599745
258054934
3824747316
3012453311
4221855928
1059480279
1190611898
2985070926
279148238
6808383
1876618005
2513459640
556316645
3031951270
745411192
3106181126
711045737
4202673596
1714897043
1579297622
3629769250
2263869589
2236376191
1052318243
909736257
3793679192
3348107390
1255062505
4051327757
679717502
3865600087
3104780380
3908844952
1752901080
1169006154
1878266102
1038108858
3859467036
3109526204
3147412409
57252723
4226641280
78016458
3040377602
1695181506
2316006240
3753647021
1299729330
2638017881
4035358475
1283003866
3624024161
994916666
