2949950322
2363168466
3734744192
2634980557
857639043
795445797
950430744
1765630288
2395410481
3109851268
501851475
1531304252
533594020
4082460550
2057125083
3341766462
3910856542
2370740829
2408010709
1298011370
3707016874
3889888402
206199854
2412071639
699877329
3897409186
3465336581
3774472317
3794801141
2057765971
2429027820
2260082467
3760416669
3459324165
3568932836
163612225
3327480596
3909770171
3019602653
2562833769
1145070746
454899002
1577782488
1135291320
3347260504
3482818642
1478113631
3709489008
1966867236
920144139
1493436444
2622042836
1707418678
1567584613
3274577529
4219749162
1707418678
2446493633
813162247
2074813118
2792864963
1694336352
4209939688
2800910220
4265421065
3867812505
1942003943
1644789086
