2949950322
2363168466
3734744192
3270290982
1828502120
1030207264
3667772993
2567501324
2395410481
3109851268
501851475
2480367159
3613343919
4158841044
3699822618
160004072
2552493480
4259709636
3595764399
1440486486
2549065923
3624488832
4131188704
3430537549
1551629627
3831257989
1897323003
514576849
3601703864
2633240271
2047320818
1942696820
2311160281
3205838307
2099677558
3341066624
2053957413
476932238
4143466716
3841775912
2293513051
3526128810
3322267010
1658054702
3066526455
2750616692
2861923936
1505700794
4209289724
2601238435
157169480
2481094454
1416784804
109400157
2479870499
3893448791
3077963867
1847877707
4235323552
2737617152
3515429877
148591589
1017076458
2743651602
2167480338
