2949950322
2363168466
3734744192
3270290982
1828502120
1030207264
3667772993
2567501324
2395410481
3109851268
501851475
2480367159
4235214481
3134997246
4266943590
3739862045
1752001411
3187371114
307601368
756652983
68253637
2958107060
3857878910
2656475637
1454161927
35012562
1316681936
2847357424
966359132
2252334637
2083869824
1070669487
1474575845
3377256823
3278403146
152736745
1630515363
4287058993
901169875
1434937316
1035093166
2736431164
975204393
3012275730
869348415
2963718189
3758250911
2909605707
3032717991
1103715163
3827962221
844673893
1772083004
3941081902
4011622741
2474318525
970727941
