2949950322
2363168466
3734744192
3270290982
1828502120
1030207264
3667772993
2567501324
2395410481
3109851268
501851475
2480367159
3613343919
4158841044
3265111042
3650802419
464088678
1036616271
773693769
2129733939
2231081886
125078887
3756437910
2958801340
3342535824
1391184996
2894377426
2261640370
3095128107
4275541060
642099381
1516656553
3551399156
2564379938
3722834781
3557156630
3850259962
1664234921
4182028204
3604985274
3818975596
4213664035
1645454008
3374163407
652888462
2231943893
1775882602
3063664538
2279583949
3364754114
2884990795
620036834
261173804
3110506413
3858882467
569016750
2780991054
3758129085
4203278684
12243033
439508664
3758129085
4203278684
12243033
439508664
3758129085
4203278684
12243033
382243593
2094558835
3723265611
1291614387
4144563951
1050618228
1362653650
2667209712
745829060
2936243926
430845423
3729093602
1517124610
870896399
1408167480
366277309
4024320016
3967667450
2672685518
4212767949
3417140330
1210219155
