2949950322
2363168466
3734744192
3270290982
1828502120
1030207264
3667772993
2567501324
2395410481
3109851268
501851475
2480367159
1529692101
3634506044
14335154
1140952597
2019940301
1053404066
2051116346
3354656479
1312531842
1954452271
4149651966
4273388981
3373051072
1329648787
317684183
3274709015
1204949700
3928919064
1711517334
762640192
2763828253
723127470
1866475430
4202329164
3952072353
623950901
1272386427
3494596441
4269731641
664612660
3081269493
3519705286
1505369802
3516776593
1105081776
3720282
1534258896
2870658949
3136251240
4228056415
1577093859
1860395182
4189801821
1825953078
4051773857
1737505281
2676341687
1720470610
1669592600
1021224888
3760414972
427050389
3816748856
1628525889
