2949950322
2363168466
3734744192
3270290982
1828502120
1030207264
3667772993
2567501324
2395410481
3109851268
501851475
2480367159
3098760953
2208120001
305643137
3502081826
2486542778
3028812225
2596118945
2176505680
1133079493
325444543
3038244537
2474050192
2158174614
1096407269
1206414879
21238384
387225920
3587038847
2357761725
1927490160
1531898678
1387200381
221301809
2664173804
3874900333
2788046998
570832758
2711277276
11930975
2036787880
1623752516
964863303
3349171769
1655684488
745391092
2974983120
4154156594
1947496651
3818508742
3166994534
2188079634
10179335
2841650542
956890793
3348870020
1334301192
1424012908
221877479
567119362
451880383
1399634081
3681593669
3628756886
1530764164
2729545062
3332797986
1451767694
