2949950322
2363168466
3734744192
3270290982
1828502120
1030207264
3667772993
2567501324
2395410481
3109851268
501851475
2480367159
3098760953
4263455382
1990046715
1090925390
3380914723
1949751750
4261315227
3106254908
680473212
78800315
713541083
2835927842
2031535306
3928683921
1480826669
190242172
2904871034
1826498825
1243562158
1762721038
537044434
1645337872
3061678553
2179334508
2180776614
707996262
1265125092
726611734
2709846824
698557811
3005827108
1852053834
2896887830
3930546209
3295854657
3923808961
2918599582
285864271
2502033071
2780959970
2582934495
1531226399
3435726866
3307805785
2595696405
598078434
3069145500
407347407
2017566200
1985809391
1640119110
3796708799
3441548527
1126113163
3203346077
952806045
1316237206
970462867
2924853150
3692420659
202099163
1351813249
808961280
2757647764
2346986952
3317830647
2486875821
2808275401
2004678177
3876859366
4194530869
4009239373
3242349329
4002158247
2385042214
831407447
2785272922
3890185822
4207467917
3194273498
2766942267
3567104511
2545907211
51184316
3267133798
1389648545
3269946700
5748620
3249851128
2480487655
110345881
3601238683
2128479508
3699035250
2832768657
727156840
1784137229
889886637
45123288
3355294736
1349524765
4292993260
2076831500
3134410905
428361362
4257278964
1970339039
1014538541
1969945073
3131632595
1084381566
3630285920
1858891609
1686974943
1293202631
164595296
3210882393
764247964
3218667383
3766855383
1445465582
2048219689
637974129
780588307
2962605211
3549648605
2777308733
1951014781
3860830102
3108161078
1030408662
2619443027
