2949950322
2363168466
3734744192
3270290982
1828502120
795445797
950430744
1765630288
2395410481
3109851268
501851475
2480367159
3098760953
2208120001
305643137
1419494126
269739126
4236999764
1967335177
3371259116
3871667340
1979237847
3549087953
4190346673
3618097083
2731484948
1545557222
504114212
3395317997
1426850645
835547286
2501939728
3192169182
3540649530
1768077760
4157234514
601804683
3054801898
3639819428
3216826262
3841389852
2882738204
2813593223
218797203
3091557064
2898149296
1685411989
2116524495
2258148993
408844719
3056239170
4096404316
237017585
3933792740
1460026388
3794732566
2784205343
2390289789
436453574
1633852566
2267366675
1590392724
1115001574
3905618162
2459958077
3929311235
1305249068
2830306434
1039765244
1933107290
4196926391
3117173144
1058694279
1184296450
435273220
1758237831
1190737127
2728477938
1754326010
2206654873
2914206201
655063299
