2949950322
2363168466
3734744192
3270290982
1828502120
1030207264
3667772993
2567501324
2395410481
3109851268
501851475
2480367159
3098760953
3945474804
2946698348
2401152023
2703953015
2584045135
196076559
738512585
2323039183
2887135206
3217165536
2117662099
3132817404
1619832830
590261353
2374401338
3651550796
110452414
2193445214
20072359
1630829200
664274687
1212112473
1686990084
1857805655
2662166992
994982886
894610929
1987064930
1015468889
2042953894
3448067799
2064493620
3055840004
2586246320
1460616064
3753847979
3307445737
1354550698
1984310138
3404816665
2299865910
3553125419
3679433851
650768706
4106546539
304327438
1185990940
1107091540
604039760
2731898647
973898441
1233169956
949944231
1753669097
4204778847
2085242904
510257309
2945466226
1830872498
2689630947
450214184
4133949783
2494544576
277329184
1941640163
4153613315
2494544576
277329184
1941640163
4153613315
2494544576
180136776
3488715136
423479606
2750142757
2035432943
2414156390
2738420957
3395515285
2541975011
1429450531
3267235374
678657675
1514841527
2566553463
648029349
2828986305
3903582178
1461724389
3359186705
