2949950322
2363168466
3734744192
3270290982
1828502120
1030207264
3667772993
2567501324
2395410481
502997354
2604710759
1068325345
2602069046
354856786
991104818
1198822618
1170040146
371530079
2038579705
3449872148
1544183124
1942231266
3585480164
2072152397
1441190727
700484865
3958583700
2635459749
423486277
558418401
3066390764
3609886387
1989092981
1649587052
3287804842
1355537137
2898545380
3091144604
1921596656
818614362
1850032924
3840338284
1090888538
3855847158
2693815561
3024996368
367562966
265880829
1403453378
2331287506
3464280394
2241284033
2059221146
4065843003
3315687966
2147043409
2077489584
1031767519
3230643401
281741858
953157870
3902060037
1558567759
3903163710
1579229856
416105111
504946264
3506659725
1307359751
1347198311
348513019
373656189
3964614864
1781561016
3415551614
1370822583
