2949950322
2363168466
3734744192
3270290982
1828502120
1030207264
3667772993
2567501324
2395410481
502997354
2945600470
4236708231
3236122719
1323143995
3932727020
1776791573
1204949109
3115953336
1900279114
4185436896
3793737348
879673263
2552978975
3471182538
2441173703
2863608063
3568326923
1385906484
1347596476
79811246
2927299302
3001431471
662267372
3356576845
1280551411
3808131232
4053380351
2146493125
2487059598
2195886584
2924785554
828181341
1196028369
3163985481
3856419914
2987136321
3718991335
3620701317
566444441
2722912096
965160790
727888952
108090989
2231804543
3614135392
3581187487
1365023359
2621254799
970876601
3823646395
2905229511
3951441064
871668814
3096938946
