2949950322
2363168466
3734744192
3270290982
1828502120
1030207264
715673885
1765630288
2395410481
502997354
2604710759
705878970
2393370221
4072699269
3651421515
1751052864
1181438496
1385170776
2003655268
3771460193
674345875
2074726302
1624157178
1012296352
929431156
1687020932
1005237636
839557583
2773650492
3767565775
3205385859
2606556446
3842259625
1449814964
662819589
2436827800
4000301346
1253698702
2306439211
44469325
941526414
2892332035
1843089411
1097425758
488020065
3615376622
3712545981
1957628461
3084803535
890665247
2677771881
1115226068
