2949950322
2363168466
3734744192
3270290982
1828502120
1030207264
3667772993
2567501324
2395410481
502997354
2604710759
705878970
2393370221
4072699269
3651421515
1751052864
1302572924
2614281815
108045560
1623956813
1391889677
4129333409
3625255105
1405809831
1643635943
1022511858
2419549789
186746626
801417635
1243699410
3964884436
766094503
2252589358
2461572182
1514325412
1017755946
2787366013
2852862230
1342278587
1919932989
729764003
1328225696
373004094
2197931222
1409540518
811052197
2718049358
2554794723
1069490124
163378959
274485150
2158149371
711764371
516871810
