2949950322
2363168466
3734744192
3270290982
1828502120
795445797
950430744
1765630288
2395410481
502997354
2604710759
705878970
2393370221
4072699269
3651421515
1751052864
1302572924
2614281815
2430685827
1339175537
3632930690
1775796063
2703369901
935826625
435303585
472522055
1647670451
1586814009
2216845490
2096402881
2264802156
3935524333
3371520635
3348031324
2477583515
568441355
2559756800
279547306
3667403442
3248444483
1790832443
2653660007
77712944
4179746182
2546365128
4086448075
1250992108
2101173802
333115748
466505070
2308687237
3191211075
432933228
1544353951
3696648882
238008038
3837234147
1313337365
353229471
580918105
