2949950322
2363168466
3734744192
3270290982
1828502120
1030207264
3667772993
2567501324
2395410481
502997354
2604710759
705878970
2393370221
4072699269
3611109561
2978353420
3132458456
1556959293
3690567277
3524887078
1626806115
1070638742
300222198
2681980306
744883742
2631676285
160871171
356896165
2161810918
4294615055
1446647292
3175037668
1031763501
4193092142
3254315499
4133710174
787568047
3582645636
591882848
2687540850
2622801834
2001856690
764192687
2598156214
3713528343
2289214517
3471136228
2457703614
3072315001
1505937543
2747824682
1733987881
3193035216
1727062419
2451455229
2434768944
4273535126
372329342
1353104047
1680037130
2710764010
4027275036
1796270829
3268992212
2733763895
3054155855
621736658
1260200709
