2949950322
2363168466
3734744192
3270290982
1828502120
1030207264
3667772993
2567501324
2395410481
502997354
2604710759
705878970
2393370221
4072699269
3651421515
1751052864
1181438496
1385170776
2003655268
2702979919
3128645419
769517358
2961147265
3603217460
3723962592
1541157087
3243662728
226192250
122542889
3632184283
1295268261
2192343409
957070796
1704164502
2160774788
1893491203
1189468304
627564533
2687177068
3595644196
3287741056
3087238905
2545546917
2202182621
15993059
2205883930
2215280526
3437437914
942320895
2633793875
1532217390
1539016014
501102506
1164624889
3210768724
3889464580
3362714968
2101858138
3233403370
