2949950322
2363168466
3734744192
3270290982
1828502120
795445797
950430744
1765630288
2395410481
502997354
2604710759
705878970
2393370221
220788884
589125876
1168531777
2274745812
3675069582
334972284
1871765140
3864561097
488834530
3377420587
2597791014
1118810280
1835136286
3687603751
1877917898
4823148
1355688279
1823109263
2983420202
1214216136
3638526953
2677012722
2819913799
2668276419
3423181934
2987849114
4105865717
2727898277
522854208
2239069854
3039055520
822886720
1434699443
2106311254
1174333682
1548778782
1646856684
3858826764
2783267875
1315619757
2733792143
2348464125
3031530735
1924443072
1718173401
3795923257
563496776
2780711080
3270618010
1632686100
1275321904
3358314960
1561428536
3644427736
2612053878
