2949950322
2363168466
3734744192
3270290982
1828502120
795445797
950430744
1765630288
2395410481
502997354
2604710759
705878970
2393370221
220788884
589125876
1168531777
2274745812
162209456
1461523463
2892403756
1036785260
221756732
4146883689
2131472946
4213423570
1609928830
2647010539
4219278686
3502773557
1637512680
4107335574
4247839709
2729365649
3882623330
3313234634
3777583447
1737671514
3732938669
1578549257
1705609821
1754893953
3681125347
2682365307
453907182
2081968379
3803231337
1692047029
224808768
3012173961
262859475
4072512490
2964251432
3324055213
2156753602
4293734887
1269655446
2844502409
921164337
3875111441
2331403904
350582536
714867706
1148955828
1353071021
1044485859
2108021964
2220270371
1313158894
1721047031
1917354734
481242528
1581960573
285837028
1979534815
783771477
3315688758
802803939
2976986225
3752918581
1115240187
3697944435
2099341814
1274506078
1736212525
1685908951
2093737543
483253104
3293270133
1417176984
3972873127
306174388
439051710
3254589112
451740719
1109545642
3845530065
2478593552
2332777856
3552840453
4235966605
968344994
3147110511
3581064993
1272599475
624819453
3116981391
3610178497
3332372504
2826458966
3441451630
2747780384
4284419194
2444796724
1107041759
790344337
2703585781
3485654715
484451779
1913096845
760929069
