2949950322
2363168466
3734744192
3270290982
1828502120
1030207264
3667772993
2567501324
2395410481
502997354
2604710759
705878970
2393370221
220788884
589125876
1168531777
2274745812
2095996415
1082786855
3467953987
2309773336
2152483923
4276013231
682598788
2505162548
847861006
422752341
1989130367
4071077791
158912519
1457972043
3949081409
3429875574
2866054851
160367749
508940102
3864670687
1685174035
4097999102
12730687
4264600364
3221571201
566889868
1884356804
1734607545
3688547233
801666086
1094038835
508749118
3387871176
1414311271
2259719731
2871127170
906454471
3989903041
3430861463
2685992439
