2949950322
2363168466
3734744192
3270290982
1828502120
1030207264
3667772993
2567501324
2395410481
502997354
2604710759
705878970
2393370221
220788884
589125876
1168531777
2274745812
2095996415
1082786855
3467953987
2309773336
2152483923
502148860
609020392
2077416100
1829621714
731528707
1851314160
1938137702
2709100850
2997707539
3452080547
1216971220
1261047102
3730870080
4096383520
755549207
2927570949
1070969413
2316222384
938516736
1343412304
1542605710
3553990101
713987004
2258303201
2089830988
3628492768
869713756
908162575
1876550598
3911505127
3471557890
813726159
2118256563
2638472848
3186552389
423150569
3910626496
