2949950322
2363168466
3734744192
3270290982
1828502120
1030207264
3667772993
2567501324
2395410481
502997354
2604710759
705878970
2393370221
220788884
589125876
1168531777
2274745812
162209456
1320387051
3049783744
2309773336
2152483923
502148860
609020392
2077416100
1829621714
731528707
1851314160
1938137702
2709100850
2997707539
3452080547
1216971220
1261047102
3730870080
4096383520
755549207
2927570949
327233205
554447997
2963715645
3065100279
2070991375
349035045
1111195498
1877853432
3955608344
3697167277
4243800952
3570551225
3145011487
1084913287
1263199577
2723319685
2563464658
518969810
2103282619
4218949563
2608738956
3436261629
895297055
1779899304
135193165
622969107
194193733
825185028
