2949950322
2363168466
3734744192
3270290982
1828502120
1030207264
3667772993
2567501324
2395410481
502997354
2604710759
705878970
2393370221
220788884
589125876
1168531777
2274745812
591655032
3671058074
2253858752
2225002056
3216030832
707783731
2042073150
3494700631
2208628135
1404745138
1164288196
2376071478
692704410
1460734765
3643787337
4186095772
599036062
1422818338
472326262
3212616240
462504118
3271785543
3740098604
250816569
1516259883
3659532002
2626452109
580955912
1347028695
2691017214
3690159483
1425472368
566523958
147625028
2138955545
4006638509
1628540545
3213890644
1187459384
1269532863
2289893070
206893358
2061546796
2209845317
1080092212
3293112788
2260837242
48868506
372521347
2451322467
443651694
2656672142
3704673056
1492704448
2673317309
1248480224
2535922318
959580260
1120274498
3584779090
1573307231
3656305855
2719665305
2816676077
613737727
3939393222
1765886015
2034862969
2715134154
911739335
1069030796
967872993
3646058648
1323291029
1512342765
3480094355
1751227487
4134702551
4194895768
2498668758
153575448
655540344
1141858188
3428992372
783219461
