2949950322
2363168466
3734744192
3270290982
1828502120
1030207264
3667772993
2567501324
2395410481
502997354
2604710759
705878970
2393370221
220788884
589125876
1168531777
2274745812
3675069582
334972284
1871765140
3864561097
488834530
558324794
682051697
2396341623
862331994
486702672
3193001918
1782385527
150315232
1733490758
3547358891
1989356701
1244824599
2637209959
971410635
3184427819
794539784
3828144659
2524364560
3543493871
1623548301
3565158439
26191829
696754992
294052835
3461608609
2176127970
3499813598
2032468827
45243175
955517431
1910919467
1133192377
838811514
2660205702
151135627
231092504
4087958702
