2949950322
2363168466
3734744192
3270290982
1828502120
1030207264
3667772993
2567501324
2395410481
502997354
2604710759
705878970
2393370221
220788884
642566234
1089991151
2193902970
638738646
3082347158
2358675630
90100723
1139978140
1694442411
2985329753
961805276
2326001342
2090907599
2910836239
2695741936
781386388
2932447417
2130545681
1445166215
3544056220
4225822986
2130545681
1445166215
3798149878
2637422924
3342703169
585579692
2028554145
3906738272
2922412119
2278935790
3308268595
820046615
1685293317
3764094693
2262875984
1071783799
3292362991
2941711281
1545071534
438585865
1165564841
3195666391
555060335
2772272015
1210503580
3451410893
1354057100
2024687424
2833971627
3763781684
1140216383
3120357522
3632260798
1270895586
3352005485
1036073408
1741636301
3062890305
3447554714
4207952732
714407351
2947876632
3491162921
3887803119
939496452
1601774832
