2949950322
2363168466
3734744192
3270290982
1828502120
795445797
950430744
1765630288
2395410481
502997354
2604710759
705878970
2393370221
220788884
642566234
1089991151
2193902970
638738646
3082347158
2358675630
2879063193
455160826
3438551884
2674679617
4039837671
2233433141
1569538244
3675953979
2614781682
3715504797
98838124
2346378504
775532350
3964841226
659154391
2715696680
2468477360
690213190
3797204061
592315336
3053748662
1742463094
612719400
2244656296
3486737847
4251336072
3284047216
1467677691
3758436297
2781761872
2021038975
4012361569
1796196481
425045378
2035519669
3576956846
4191567090
3903141688
59088690
174427001
1442560053
1126477123
248213493
2892998291
451610893
4127819964
1308423904
791960951
702661048
1656341227
1259602861
1973168260
3069017958
2916766431
3037632948
4214374410
1176523438
3275897098
1476258536
1288357713
1586860992
3706646620
2033226731
3652573509
65703929
657902125
3510760255
2039085293
3206090216
981165644
2170980275
1497574879
4161381840
573820483
1110831988
4174389834
1503308357
3259444569
1383340724
3245209342
3712389510
2012742546
2905493852
1997814479
3485007683
2730698007
227003498
2469341432
615893575
3464018658
3601625481
1208259867
2398314500
2671930333
4225516728
1532562966
2409701325
1664561239
2320945047
506281498
2013417705
1025910802
2863368479
1080490426
4174003254
1334545905
3689979978
2664749233
1416364202
1186162161
1261644421
3319222272
1381691661
3499283933
3195370131
2442478221
2907883384
2003348715
1874618240
2311508249
1578353071
2692250978
1763687431
3350687060
3970479854
1656879316
2488128329
2366058881
1274070174
2612296309
1571905003
49024075
3044470516
3624744096
292222405
3210635628
270172177
4133500552
3153778275
1075002703
1796007669
821642774
2444480025
2976453538
3750673644
3784956510
2500038438
2585543413
1804884963
3315648330
