2949950322
2363168466
3734744192
3270290982
1828502120
1030207264
3667772993
2567501324
2395410481
502997354
2604710759
705878970
2393370221
220788884
642566234
1089991151
2193902970
638738646
3082347158
2358675630
370992633
1353750934
3504997307
1591001311
2632416330
559222703
3689053681
3076775915
1127380448
2176339011
3802394050
1314255998
3697484848
3700123984
486284061
996046574
2873005338
1346704689
2913318472
547603388
2235599242
1995965021
934292765
2122908517
4119327810
4185517097
3497066587
3650163728
2249140060
3150200219
2468526642
875743826
3546835159
2477463346
2022424376
344218537
4002343172
2648479226
3905394128
382475223
3186532527
757214215
4248597547
1796723709
4013939741
1844967629
4288835622
546503953
3762574297
4010880915
2734615845
419218899
4053613075
589332944
2509056745
508747407
2602438678
4276230674
2572970539
392341839
2975609758
3989107396
2378354675
3414636571
1506980080
3450421629
1610402198
3414636571
1336883195
1813432855
1315913478
3454020095
1327080790
143843575
158569205
1879677302
3761942171
4106353635
3602386674
2891038170
1040463153
1967911892
3877534527
2891038170
1040463153
1967911892
3877534527
2891038170
1040463153
1006520315
5495706
346590946
165837948
2322426501
571860234
1767515119
4212108036
2908968073
692804457
1955609605
3241854235
448978959
3767467602
2796090541
22083970
4052838662
159789921
