2949950322
2363168466
3734744192
3270290982
1828502120
1030207264
3667772993
2567501324
2395410481
502997354
2604710759
705878970
2393370221
220788884
642566234
1089991151
2193902970
638738646
3082347158
2358675630
214700675
3669930123
507296484
2928053639
659478234
3050050882
545691452
1107655301
121232634
3324207983
3893805839
1291526537
257499678
23147605
3265372400
1846891743
2485118578
3534985757
297979391
2684096155
2267596272
689723737
835228210
1700524064
4291927415
3491748033
2441486649
345725986
2164526177
2206491879
1165201912
299955178
1929073259
1558785267
2585713132
592890651
3359369889
2700982466
2031554066
2079686821
1441267261
2922944933
2286745468
