2949950322
4266632762
2886671464
2399183304
1761267881
728752356
2239755434
2567501324
2395410481
502997354
2604710759
705878970
2393370221
220788884
642566234
1089991151
2193902970
638738646
3082347158
2358675630
90100723
1139978140
608165474
2024218424
3492151861
2997219212
1656481885
2687619582
1047574242
1188808156
2686561982
397702588
924417385
2785753287
2285803687
2844178791
1782984130
2829019901
1548761967
1747672496
1860149474
442239593
2161534782
786538788
925657757
1723295701
3701652467
1922399721
2880725982
4067184803
3651779329
1996581458
640586606
494270911
1862394492
638173070
1949892430
551191921
3963956214
63176668
3670703918
1860420970
2833650245
4228147322
3775173168
1792379133
1758221571
1402421202
2015119536
1979768487
3621467565
3444016367
1490605228
3588137304
2987201726
3981460766
1702466395
3353172541
3888011222
939190589
3734705917
839727463
943240047
1968695227
4061238118
576007565
1496609245
