2949950322
2363168466
3734744192
3270290982
1828502120
1030207264
3667772993
2567501324
2395410481
502997354
2604710759
705878970
2393370221
220788884
642566234
493003362
2361925666
3933411735
675325186
2358675630
1728456722
564810877
1181164931
4225062502
1914506555
780520545
3020923190
282692762
660839919
4044551364
477538602
1760887713
1899546648
853312055
485040727
3442885527
2216958795
1312263814
961372730
2878942883
3216023435
3264609483
2485683368
3587077442
4148939210
3830312757
2347415443
2991091847
3428260211
2630920264
3679645359
3848735490
4011939136
2110654341
2244081948
3821041335
1479870699
962040917
1300473382
3746622321
3790006248
1487861023
3486367725
96426574
2452814659
815149605
3746389284
1333907852
3624693889
3055526230
563216475
492198028
4052564630
3955011261
