2949950322
2363168466
3734744192
3270290982
1828502120
795445797
950430744
1765630288
2395410481
502997354
2604710759
705878970
2393370221
220788884
642566234
1089991151
2193902970
3119130434
675325186
2358675630
1319449659
3933411735
675325186
3543868713
1318668166
2000388242
1345719461
915223824
1473665426
2195324512
2782163543
1519550661
3850513807
4135848816
1533290304
3579503652
4265530602
839865455
4165003663
2361606916
200770900
1593171302
1972497832
3599365649
1598139724
2885727571
3422980196
2753990717
100498231
653444759
33508000
1462902389
2211057582
761454333
1839342388
1899961469
2781285798
1629442176
2296748718
2490934759
2275709660
2386855575
3520771547
527236892
827940732
1061538155
480007133
100721311
3350290757
3779823509
3481151477
494091228
2885402943
1862449062
978465538
1775390152
3467324586
2506973838
1677929410
2419392531
1890511794
2224603235
1677929410
774517694
3143676352
1724304637
826104300
440848268
3215295930
1276972653
505958698
3076063051
1232737333
1653494779
600210619
1795117763
2497558973
3207200371
226970261
480546989
3698474597
1610426524
1946140456
464017356
885302940
3075190885
662210440
3088380976
1923886123
1592666214
1271141404
1823933221
895842174
1049985388
2399901092
3740833888
2613329439
4074901025
149470348
750393105
3832748531
314850938
264553520
457150792
3235189486
2746605686
1759634553
2208781255
3881015548
4087926148
843080860
4124990252
61432382
