2949950322
2363168466
3734744192
3270290982
1828502120
1030207264
3667772993
2567501324
2395410481
502997354
2604710759
705878970
2393370221
220788884
642566234
493003362
2361925666
3933411735
675325186
2358675630
1728456722
564810877
3818514664
1196410180
2239527377
953027124
2969981289
3986591795
1997864292
2798361764
2298363076
1586451951
3018524673
3345523338
3735382323
2638291740
2230302448
1101171768
1722744847
776363099
1733559431
2199693793
541535143
150226111
2674056752
2355427535
4068184379
2481471062
2659485649
2695979644
913302508
1764930124
2422576933
2375004392
1816198117
2774782205
2927837987
2127035848
3135320289
1466195656
3271233163
2950824514
324356129
3114611671
3267782346
2012175560
4286727728
