2949950322
2363168466
3734744192
3270290982
1828502120
1030207264
3667772993
2567501324
2395410481
502997354
2604710759
705878970
2393370221
220788884
642566234
493003362
2361925666
3933411735
675325186
2358675630
2879063193
4098431579
3665607227
1770829657
2327512996
406438972
3143779962
529507580
2095222316
2861575204
2860110504
3576359258
3065120386
2576285385
3385224102
715856592
3219232942
723908133
3509535880
3637465283
2270258063
3577517456
1222561343
3633691537
493408
3313851541
2033325814
3236272680
2587415861
1279900702
811311889
4246128885
860930619
2448690013
1997753656
1690679346
387570348
755145769
2227008940
2379388239
3681406136
1135497638
3114590987
3817535072
1345795564
1179201315
703494021
3305961012
2501170298
1803511991
3466338945
1614083026
3827104818
1786098184
3667789587
3579186522
1165511926
189044040
2630431813
1002876553
1688338063
3189195268
531765954
1757936582
3543303578
3198876089
521118079
510142777
3217912319
3338463116
3784119628
1091067874
4058245881
2900772076
3987631020
2102434505
695261631
3082174097
4143845841
2211222167
577358417
917790536
2534475662
2935073728
820165192
1108686373
