2949950322
2363168466
3734744192
3270290982
1828502120
1030207264
3667772993
2567501324
2395410481
502997354
2604710759
705878970
2393370221
220788884
642566234
493003362
2361925666
3933411735
675325186
2358675630
1319449659
3933411735
675325186
2358675630
1319449659
3933411735
675325186
2358675630
214700675
3669930123
507296484
1485883019
4027702150
2077110240
1596653889
1870279035
3948035739
702023480
3008522863
1984994998
3810139336
1185349282
3264147778
840120130
3934325683
2454690658
2764590040
502679865
1930552951
3734156113
2637213894
1927512450
763679118
3172109037
2898284122
793729187
1946513961
3917118170
3063651254
674463524
4610696
1654191305
3598450078
1620192169
1742559390
4167106942
1111042865
3144552026
730144615
1998446141
3458170394
3611670710
3018754559
2724312319
429181603
2740179683
2052739601
4180518403
3866337365
4046974259
259779488
2301288612
4066009460
1191448908
533415881
242895888
2714585577
3843455822
2657548958
3963395997
1301923675
3452982342
1720557808
101409485
1872334631
1813634908
392781452
633170716
2216178650
1434650385
4096155607
1272093169
735356102
3007557984
594577037
2411609049
406035156
931932508
3860440685
2474618109
1549457167
1400182052
1145050969
3555108700
4023435361
4267822008
3516884366
3442630918
1600645613
2921698779
1013980464
3442630918
1600645613
3678641995
3883268214
2757504726
1770616436
3956707755
1278123140
3191696026
4228567136
1654797554
2579709069
2369284597
4131973157
1325249562
2188752144
325112136
2093451758
1433479721
4036124703
1531666849
436424417
1935827651
673728585
2073270829
3141874917
3016054663
3901717773
1345986866
3817333438
2673746657
1147765198
209746795
1136515709
4136951935
2917059317
101742277
194001329
