2949950322
2363168466
3734744192
3270290982
1828502120
1030207264
3667772993
2567501324
2395410481
502997354
2604710759
705878970
2393370221
220788884
642566234
493003362
2361925666
3933411735
675325186
2358675630
214700675
3669930123
507296484
2928053639
659478234
1642244789
2322729481
28180079
1108344312
2479922232
3967833986
1098697054
1043071716
2479922232
3967833986
1098697054
1043071716
2479922232
4235707550
2309209932
2360083718
484929704
2309878486
2520352745
88558409
2970033464
1533549703
1071550561
2587744855
2817334846
3506124055
1670734858
