2949950322
2363168466
3734744192
3270290982
1828502120
1030207264
3667772993
2567501324
2395410481
502997354
2604710759
705878970
2393370221
220788884
642566234
493003362
2361925666
3933411735
675325186
2358675630
214700675
3669930123
507296484
1485883019
4027702150
2077110240
1596653889
1870279037
3948035741
702023486
3008522857
1984994992
3810139342
1185349284
3264147780
840120132
3934325685
2454690660
2764590046
502679871
1582582440
3468825035
3774329259
806893995
548428869
722004092
1870712548
3240632247
1854336005
3770167137
2159940182
4127872596
4275922022
1952799900
2092068526
4127872596
4275922022
1952799900
2092068526
3781973400
1322995809
1086834294
3611977595
2283222747
2160067817
2091668748
2298347271
2360330991
2777942304
1524310021
2568729760
758255332
1918197486
474386233
2345348660
3854403942
421856648
1415355782
3285269643
2393416837
421856648
1415355782
3285269643
2393416837
421856648
1415355782
3285269643
2626448683
360423225
1672476198
898438006
3629067841
2267577931
3038254474
3228339329
2477339512
3414602790
3629909443
3482596754
3872360371
4181078161
169633099
907105799
1692823038
3309516088
2545159873
2258924321
246964933
731163418
2743646974
2258924321
4232595988
1575817938
2937928195
2318529500
36561464
654388199
3559620157
3630767987
2474828280
68108533
3705179941
2990481515
369106500
3115249142
1358663503
1662251141
3768379004
2752161230
708077226
1904102432
1703221592
4137245937
2852232619
4048271137
3853574745
1427888364
159586742
1388917564
2444457197
2986609649
709213209
2378019126
2571560014
1440303817
2618157109
160610422
1879870103
3434856692
1349269385
3278926368
207764132
