2949950322
2363168466
3734744192
3270290982
1828502120
1030207264
3667772993
2567501324
2395410481
502997354
2604710759
705878970
2393370221
220788884
642566234
493003362
2361925666
3933411735
675325186
2358675630
214700675
3669930123
507296484
2928053639
659478234
3050050882
2274597762
3674954456
1219817348
708248125
3212673091
3352753021
3799014844
867122300
3888909273
3385618442
1913637439
1595680874
4038253528
1902385109
928959384
3963743441
1665419994
4230494562
102927311
318709462
2256810861
1067792552
1182623123
4269165317
3464201133
1042441525
2846868536
3934655128
4118703642
3059202234
3941843315
2646977194
2603495460
629014000
1840568296
2480892709
2203952985
2996189795
3711001285
414431536
3176198918
335028821
1455157674
985129346
2938679745
3120014519
1663725006
2721108571
512202808
2526775772
3427190465
3260698838
616371891
1459453726
115694928
278611871
3410834585
946299203
403437007
