2949950322
2363168466
3734744192
2399183304
554743174
1030207264
3667772993
2567501324
2395410481
502997354
2604710759
705878970
2393370221
220788884
642566234
493003362
2361925666
3933411735
675325186
2358675630
1319449659
3933411735
675325186
2358675630
214700675
3669930123
507296484
2928053639
659478234
1642244789
2908350983
646323809
962440952
3900886840
2547123330
976132702
1699334739
3212810833
1405956654
3314849793
3953211489
2698404279
1958362494
4279077690
2066056410
3689335900
3421376282
1590975730
3673969426
2557811132
475862620
3157767489
3003987986
4089091226
668574527
2477470885
104096998
2591855049
1067699214
2285963848
4221403300
3892449110
3156364320
3802257533
1396690101
3707834321
3438587196
771730353
3223276678
1205116971
1776353355
2098877747
3202007446
1085373787
3893661217
418566706
2146108516
229728615
3057917755
3126680017
3663422694
1862603998
4281738035
368792470
1551421064
1907258650
503918012
2963406063
3013294652
1039299590
2338316095
4230626875
1506374669
877725742
2197594903
2207984465
495467225
4017939393
1506887928
1517470738
1255842300
