2949950322
2363168466
3734744192
3270290982
1828502120
1030207264
3667772993
2567501324
2395410481
502997354
2604710759
705878970
2393370221
220788884
642566234
493003362
2361925666
3933411735
675325186
2358675630
214700675
3669930123
507296484
2928053639
659478234
3050050882
545691452
2221635002
2858341850
3975326133
2848853962
571603884
1036667701
4241552544
3212442819
566172653
1654489726
2947827022
3172021597
1444927240
833037039
2707018634
144877027
323311145
2540526025
1620414849
1631468208
1537846837
3240346466
3187027403
3801185728
1015016684
1600408941
1226463138
649924356
198861973
416595895
3127932625
3087035107
3881646915
2162379642
2645017638
914718558
4168286680
170701507
194347340
3433364705
946697156
2335230633
2207585385
1495509218
2289374061
3899862618
1580306934
819347128
250909228
2663884225
265674863
3236993949
2599069177
262154119
192646001
2923459901
2582492411
1738650216
1962202896
