2949950322
2363168466
3734744192
3270290982
1828502120
795445797
950430744
1765630288
2395410481
502997354
2604710759
705878970
2393370221
220788884
642566234
493003362
2361925666
3933411735
675325186
2358675630
370992633
2795950746
795773383
1774384552
235897942
1385645324
2421709904
4074484201
3706589577
1315754513
2583727832
1166704366
4236565643
3530236693
2078127053
3104109810
1910498295
4208645329
2227551525
3214858228
455860771
2654379832
156620234
839827227
3738557697
3366701006
2094685081
3624695349
2151791910
3743214726
1500649953
3612138117
759588904
4151326762
1897844045
4080356225
1968946918
550203093
3972508066
2354857483
2423726451
3888540206
882475376
1729757114
119521933
2361407211
1604312501
847696252
2803466559
690438747
2509244472
2982323109
1031145005
3343132456
4144438587
2798179300
922477577
102239812
3878945077
2561216040
3578186910
2392972281
280152689
173377589
2550137054
1168539107
3683691353
1886883321
4164715618
1822655506
704152151
3411070310
1125893373
2144967825
3788147993
630693345
3351687695
1152468509
1083857064
533137672
1801280624
3321204003
381059274
413800157
3395952256
3606320079
414324993
36612163
3505299486
4128523982
2157850895
1385377062
3033855139
1198292852
2703992561
3805277406
1499329675
2867167068
1511872500
2317902838
429381290
84532197
3090791900
892060853
2594829682
321435471
847556226
677637318
3124126765
3849008525
526485280
