2949950322
2363168466
3734744192
3270290982
1828502120
1030207264
3667772993
2567501324
2395410481
502997354
2604710759
705878970
2393370221
220788884
642566234
493003362
2361925666
3933411735
675325186
2358675630
3705792549
1863443783
671709724
2363791514
430840548
2271804874
2144680903
3560697114
3536785480
2790046403
2289638051
3655473131
2241719508
195243952
3073648701
3889733703
1846606618
3233294921
349468288
2632921386
1308984643
197620912
2437749223
3546177829
3398675100
4005626113
2815646173
38286732
2547475919
146478711
3020708884
123866377
3479469920
2311586575
3541388306
52517050
1175346946
3552838499
3173231661
2527648591
