2949950322
2363168466
3734744192
3270290982
1828502120
795445797
950430744
1765630288
2395410481
502997354
2604710759
705878970
2393370221
220788884
642566234
493003362
2361925666
3933411735
675325186
2358675630
2879063193
455160826
3409757240
2560931893
3062962261
306656761
2523871769
1830074930
45343380
1379161007
2360723834
3636585945
2166072355
3442957437
660102594
1643389357
958300387
741011040
2595111422
3325460644
3212392452
3298897145
2622197175
949854235
2719468876
3072566223
3560440398
1471616183
3257418996
1583395291
1271240017
3451804709
4230360856
371120741
3247758462
3258405012
1646073316
3784442653
3618789232
29422968
3088569712
360947584
381245779
2744148817
2173412244
2507208428
1850823385
822870905
1589648784
1245399272
636966401
822870905
2464361585
837041231
1506877189
109858469
321622273
1337151579
4098240007
2054745443
4013059869
3406879196
3392880193
3994650752
3711808927
3148575410
2158302446
245094282
1855843005
2507058563
2925579231
4047346303
889866037
2310309421
3423451454
1856598104
3487823959
2900716049
778977809
653140339
2236527480
3658736344
987542520
1993135774
2798723420
275945766
2980672044
3979457398
72371382
2482437299
126734600
301190087
3958995306
861421865
2702035394
791874214
560749740
