2949950322
4266632762
431347547
1512105750
140533060
728752356
2239755434
2567501324
2395410481
502997354
2604710759
705878970
4071616564
594579956
565796988
3714954568
1563897701
3319533257
3278747699
1395051933
3608068733
3961563205
2106206725
1399182747
2262522650
3764413103
3204919971
2502085550
1302323232
4291999408
3161503015
2347447698
502844017
3579045770
1407745415
407670908
1556395748
765635493
2920546459
765138530
2184570320
1694487228
274461081
1473680883
2819557066
2755427951
1541795158
1068605525
