2949950322
2363168466
3734744192
3270290982
1828502120
1030207264
3667772993
2567501324
2395410481
502997354
2604710759
705878970
1956958477
2289042489
1082809803
640771198
2792095315
1048633343
942762245
2826575019
4145892518
1162877494
3223114927
4214406807
1602718528
3410224587
3038460540
427601255
2198484834
3872374798
1976796583
3510527777
485179267
1963881325
4017678696
1071289172
2779515217
3226469205
2297182922
1484993720
3520416260
4222347659
3964135904
2037134798
3802387065
3191542563
3376545695
3930997311
3443772936
361616274
2469808543
1474801914
3023712845
688214633
3541033156
1350628925
2836193503
3438340827
3747356246
1911869189
2730352047
1225379071
3548337914
3862297850
713032197
3309233495
3528571360
1900094990
1716005380
1909254886
3830692517
406761300
2760500535
1515632712
1171870315
289089620
