2949950322
2363168466
3734744192
3270290982
1828502120
1030207264
3667772993
2567501324
2395410481
502997354
2604710759
705878970
1956958477
1334491957
3946811106
1028581321
582392651
911068723
4215122274
4053687364
3309658327
2751355234
1640883703
1028990125
442017946
2290934787
4197399772
2626946409
2996937993
3196668002
2638297695
3025666087
3701403052
4206656275
3789234039
1332989476
269786665
1991223196
3392708625
3695622878
1105516657
2467881765
3501321030
2838911940
3891537336
3746025884
2769496659
3010277532
640135906
2433375415
1795223066
3562466181
1463644916
3628862188
4098722509
108795106
2449946969
816050239
4083377306
1894543971
2442613857
915984045
1372757027
1285318811
3367266171
3612359164
1229138036
3072890041
3496134199
3481704624
788381362
2137437178
3155682328
2183266741
4142007312
1584159195
1186501296
4111139900
3990867799
580609065
2865786290
3445715735
1083545524
4079354168
1918303151
3069955866
1051772545
3839512347
4228809840
1526800060
2688780398
2815590080
866734971
2647272120
2982914713
3806588124
10256850
