4016747520
3203512648
440700063
560653991
2965398759
2479872327
242072552
126726051
3961327391
980182580
2079694796
3911308117
2609142176
2280872710
3585335636
1183830031
690522281
289268588
338843942
1843576529
2705336148
2124672464
3967263049
860144059
929360040
2084785319
2539906221
3704206320
1785410997
3960536257
1240708855
3419942971
3115068408
870560612
3938626899
3841745709
2799899959
98829577
1095460546
781861157
2308418987
1004206907
150914596
3198945043
502760789
1047636241
1297275138
3158563732
3201558358
3464478144
3955580758
3146044513
2722833341
4275299047
3973541511
1942026623
625818011
3717974248
247735222
2618322735
2843648409
163440927
2737839721
3314231260
3157292776
977559815
2526853570
731178380
1061777557
481469307
1695150671
2484662489
1846690420
947830265
1891359429
858712712
2709217891
1065938371
710941540
2636229283
259269192
4251440214
626935148
4290478630
2461277453
3241436103
3694434701
3338078603
2599418798
2383720150
3609092044
98722968
1816655950
615425050
2289466591
3368144983
2758860224
3955239398
3572899150
4284638923
