2949950322
2363168466
3734744192
2634980557
857639043
795445797
950430744
1765630288
2395410481
502997354
2604710759
705878970
1956958477
2289042489
2911721733
598973025
430437360
3363344944
1825417191
1144229494
3583577142
3005363587
1291902717
4256885150
699300679
2696370568
614422120
3628827484
3085753338
2409230686
403984467
214549834
2909576588
3115387029
403984467
214549834
2909576588
2864131690
257188956
1367149184
532641020
1675161364
1767584693
402334351
969835247
976502242
2843162136
720904417
1424443669
2602916663
763949070
158916266
3695509751
3756428317
182145600
158916266
1769923485
1359726905
2591859746
325420781
1548792887
696569829
2491076949
988539253
384401089
958872439
2228823495
2870435953
3582509765
3915416893
3322705005
3566273773
4227724733
3915416893
2469691122
405402587
2983364018
2727202956
2380341724
2397093137
3120459669
3759057695
809692883
1673695257
429288406
1714784231
3111622935
3861563575
