2949950322
2363168466
3734744192
3270290982
1828502120
1030207264
3667772993
2567501324
2395410481
502997354
2604710759
705878970
1956958477
2413777190
728392945
2530805212
125011868
1012788644
1034046631
3190643294
3515482872
3073456973
1963100120
2742284019
3120259090
489508286
2880037408
408547138
3788896672
1877686980
3389550834
140735174
3155344938
685166753
2046372253
1157114237
2373625067
2870626498
1927526845
1657489786
3873654426
1212913609
2071069417
1922176674
2447289573
3421550990
1235810230
2468236093
1660777634
3834035670
1264964675
700044556
444612652
2084499949
3352006577
2171073502
1129598795
3326685776
2790199143
2964679140
545676809
2183305071
3871127562
717661923
2624261594
903144543
2205765478
568165888
101881829
3970432683
992868528
2861005552
2698424247
3843317316
730141505
4241752669
2854397714
1888754585
397748023
3417320035
2291330455
4075460401
427440013
1224949044
3037506849
993160773
2791740114
4129265771
2537878761
2168122918
2612158663
3341459869
1353121936
1365200197
2139201931
4055851759
130703381
1885755664
3891001373
2421863232
934052222
1954895838
3711614555
1235598891
742961890
3518281996
174246410
644664802
3730675619
3254448866
1171455234
1299653570
3034876150
3158398518
1171455234
1299653570
3034876150
3158398518
1171455234
1299653570
3034876150
3158398518
1171455234
1299653570
1731112318
1871410110
2508308755
3980413794
2132132745
2609630698
3774565434
3202320713
1684616642
4249703972
