2949950322
2363168466
3734744192
3270290982
1828502120
1030207264
3667772993
2567501324
2395410481
502997354
2604710759
705878970
1956958477
304081080
3492566061
1962572161
3494857814
2531471417
2985212942
22317933
3412417548
1223314165
3644901557
3798901389
881929600
2424098566
3192483686
553178203
3812114686
2827377713
2125099595
4118119981
58115932
2463909148
1647049023
380130228
2532493721
3383728185
1232366736
1196194523
3464765830
3665524000
3110529748
3862674292
1968512386
2094843005
326868187
966163671
197784087
1515388767
2103407464
74376475
1307408389
905259947
3470036894
2441731646
3270892502
1341369890
675209180
4043454722
817085144
2215565885
