2949950322
2363168466
3734744192
3270290982
1828502120
1030207264
3667772993
2567501324
2395410481
502997354
2604710759
705878970
1956958477
1334491957
3946811106
1028581321
1391050607
877823706
4133567055
1137427281
3780442406
1052193698
4132268624
297633337
3378822130
414964274
3803277471
2542005209
1658150909
3322114641
1898053808
3228690432
1995786142
3305458428
1015634974
4055504968
1219803693
236504642
471616034
2677234907
1372935701
24040451
2498856000
449791780
1540294977
3374007768
3477202955
1247581456
3270279739
4035049385
2920072436
3263644400
897294978
542100481
3288613505
4045990340
1801352129
1183369299
865065854
3454298035
422364881
557427988
154249713
464312689
1097963116
3905847273
3167642965
2255626004
2457811447
1958022811
347288492
2459350956
1593087396
944383077
1816805081
2362510104
2897625397
