2949950322
2363168466
3734744192
3270290982
1828502120
1030207264
3667772993
2567501324
2395410481
502997354
2604710759
705878970
1169523484
588167849
3778872892
1655836869
1618731341
3299724513
1025628675
2580297861
1097929483
4068548201
1663802409
4260199175
4229093892
3342643260
1386471551
3471512912
586016626
203812675
2357163374
3504845876
1422900180
89527586
2696240916
376395630
2200294672
2906106760
3650324653
1670488155
3574927301
1908613737
2940385468
933861648
673242092
3660787186
3359089042
1313630438
361434303
1956886481
3809439404
163716617
2989973589
1281154200
322669717
2374645672
3421472076
3371047297
4132967704
3367580639
2538928503
2294620590
3905100953
2166771831
2979168464
591515015
2777960640
188514707
2117833406
1881605289
3034791474
1607712887
3586626322
1003565922
3477463948
2123967172
1365738738
4100486979
3049874499
1120492906
3539626631
689144235
178585271
