2949950322
2363168466
3734744192
3270290982
1828502120
1030207264
3667772993
2567501324
2395410481
502997354
2604710759
705878970
1169523484
3325728229
1675222995
90367590
3343997683
2180851356
930711810
3869698242
1108598037
4288786160
3987022480
1671160308
2330393778
46211817
121175709
249096918
3991886379
1805853304
3542446451
3720966209
2192449606
1470203828
3864547419
3385018957
1483327501
462258722
1590579677
2275160525
1016555918
1322060941
2783814791
4191082369
2379029475
2892757628
2071819565
4105996289
3758638622
1469947164
1520318483
1739942530
950284711
2338238894
4243522070
2803540725
2689978818
2205907040
2482761066
2966766792
2826606243
530050613
2613043669
492450338
1852444438
3714300789
365467278
1072525187
1498830390
2260049074
2465841916
2589727804
3916177672
2396725509
2810642419
3463980195
1969967288
3208858224
2130536048
1736670710
