2949950322
2363168466
3734744192
3270290982
1828502120
795445797
950430744
1765630288
2395410481
502997354
2604710759
705878970
1169523484
3325728229
1675222995
90367590
3343997683
2180851356
930711810
2328623847
2563733127
1225791303
2691500545
4117713459
137610720
867975802
742670072
2640213925
932208845
3115230121
2661494686
377811397
674602839
2711191650
3031677976
4242220598
2239960364
1351398110
2582344635
1233419721
2899400543
4237352040
1171371518
445441118
2849177860
2039988207
869812113
923003751
11414177
1214803489
3426771393
4225491316
2295407403
188912470
1600311328
4131172523
1671684328
728081512
1907012879
963441039
2245770220
938099467
1832324118
785598009
1712650525
393405532
2264064958
3598842017
2276327837
899676538
35594408
3914962710
3519899306
3229379955
1584364795
49790369
233347273
2844472017
369233952
3326521035
1964592017
2774398330
56848299
