2949950322
2363168466
3734744192
3270290982
1828502120
1030207264
3667772993
2567501324
2395410481
502997354
2604710759
705878970
1169523484
3325728229
1675222995
90367590
3343997683
2180851356
930711810
2328623847
2563733127
1225791303
3987022480
1671160308
1267983633
4014327997
762737704
2796126286
1545531920
3127257077
3069229468
424139210
2216801272
3205487040
3341620401
1657344144
4083389136
3210487927
717453364
2538247057
1866820872
3898078857
904871078
3093189121
3855268356
3130518436
1052763204
2071795127
2541787564
1422661524
3486214573
2425763853
1740976917
876957151
2582578415
1923227764
