2949950322
2363168466
3734744192
3270290982
1828502120
1030207264
3667772993
2567501324
2395410481
502997354
2604710759
705878970
1169523484
3325728229
1675222995
90367590
3343997683
2180851356
930711810
3869698242
1108598037
4288786160
3987022480
1671160308
1267983633
4014327997
762737704
3406733773
834261907
3127257077
3069229468
424139210
2216801272
3205487040
3341620401
1657344144
4083389136
3210487927
2755349523
2301144646
476195896
3639662651
729988611
861681848
2797824251
2184398431
3060817354
909758167
3104402693
2014565008
2182701117
747132957
1837635192
565685471
2591299306
1891198543
3410761747
1928603692
4176398500
2635252384
3032417254
1017319938
3664323950
3926016760
3244716598
2464550140
4144693301
2961196436
3591716138
4094473142
1408926088
3158599386
2955851419
2729690651
1363539735
708118994
1244869861
2543143384
1057408803
2189655573
4217053998
1875125086
264380009
3054867127
2585199875
1613046790
1971846617
1067222732
780991276
3318575109
2186229474
733932791
2117662852
3345715680
2565112609
2626945921
3828765446
2091525343
1344626509
3367127787
1285178635
1104418619
3485751006
4076742988
1621860775
4002767555
2124829998
2320009280
766543215
2372910187
714584388
