2949950322
2363168466
3734744192
2634980557
857639043
795445797
950430744
1765630288
2395410481
502997354
2604710759
705878970
1169523484
3325728229
1675222995
90367590
3343997683
2180851356
930711810
2328623847
2563733127
1225791303
3987022480
1671160308
2330393778
46211817
121175709
249096918
3991886379
1805853304
4276723718
3513956880
1777658139
1729685545
2352496675
686714255
3940405530
1070757608
1404322184
358097343
123514335
3360100874
2042545637
3401019782
1528689606
2700351722
155971951
2700351722
326568670
4167108797
3961877513
437556222
2037380727
3866648975
1890133169
102139721
4173788347
158548721
3944901919
403753096
903068498
3064221504
3945834309
3027105509
2823197085
182606075
2121796995
2923213672
3950993559
1745392773
1814268464
3160880347
2224746554
256181340
191765225
3677004802
3338781562
390430097
881778730
