2949950322
2363168466
3734744192
2634980557
3283654266
3754923228
2071634187
719432771
3142266371
2154120251
779440245
165575347
3796818447
1819285867
2341103626
134577907
1738679893
1345955552
1142343220
2390741445
173530661
2173093096
1789291746
3168208329
1370708007
623964844
3096612867
1052346428
2282345119
1919048289
1133080965
392891322
4232815536
1088801188
224115855
940643983
3369155695
1718170593
1648591360
869830472
3290722106
3507487161
2188117073
2080880796
4233962161
264973257
2592188855
711184945
932540985
1338848959
2034904843
3824576373
1558628927
704616465
3195156764
1063927770
2833751767
69804931
