2949950322
2363168466
3734744192
3270290982
1828502120
1030207264
1674689943
1493161903
4232766072
3689007294
1178839569
2419245882
2009641563
2919162457
140013272
1531784329
3404181193
3825750359
1304347023
287703253
1297742826
3413304277
2011554904
1020776511
2840100988
1461927089
4086696294
1725789979
310322680
3168269483
2953238192
1955865267
4269830614
1487102751
923024313
3110958467
1380834697
2328025968
954732674
2250087937
3962303674
2602721689
2014695780
449433643
1169063968
1734135915
2118538055
370260899
3464726354
638420545
2267104706
1605255995
1390400824
2220453301
