2949950322
2363168466
3734744192
3270290982
1828502120
1030207264
1674689943
1493161903
4232766072
3689007294
1178839569
1336131162
2536604331
3299475110
1050889227
3366947095
794163318
3299815194
2869458876
4153456358
1715090598
278018463
1357071160
354529995
2965567741
1482915541
3305444583
1132387731
1061156056
279244494
3199531648
2541794754
825633863
752365612
757567791
4244173039
1963918077
3151127690
2707090027
2602350779
330084240
977510408
183300879
504866423
188586509
2744634396
834815223
3302453390
1043955213
1732958064
1698351938
2877661654
3075965668
2746013596
2456650021
3128329193
495881926
1091981212
715665629
2638563403
3322897089
