2949950322
2363168466
3734744192
3615209675
2037099653
1696378403
3181479341
3963259109
4227165912
2274555184
3643080583
1527740747
2667031824
411853924
3003957118
3962244747
2041863880
1807840889
1211925070
2701462107
3584108926
1811080362
4200097514
3534114683
3384879903
2505697861
2127121145
2158163508
486577307
2660205154
197459996
1213214801
4148206875
781677153
4127542928
3248410149
3895660387
1768764348
3790580433
2441013507
3730598951
2897637034
124887201
1855253583
2093725918
793495060
2125685582
4006766231
47636437
1760845055
2444232967
2406943318
1827851862
1409673721
362549249
461407766
1829433815
4001752878
615788623
1458854370
2597002774
1696262747
3302861121
4185604717
