2949950322
4266632762
2886671464
2399183304
554743174
1030207264
3856309422
2790239459
4177110612
3746729106
1324879570
1976984810
2655437910
499765935
2581716303
400498219
2510786711
2157182484
13198393
2552382869
142609548
2583875348
3311771420
3495031199
3481944326
2320019701
3000779081
1223581772
974026079
4033307310
1392007385
49324770
1330567113
2996026333
3123385515
2433572520
1236301094
3084634603
1344387210
78830232
357005429
801567463
1562830836
649073521
4262279423
2354535932
301285203
3272147975
456168765
388617175
843670470
147384660
677765505
271702879
2242306563
1426364479
2480909757
1140489662
1099587980
4223909224
2762272096
2273985730
3514053002
4287009621
3463297201
1594568522
2659886426
807564297
279197111
2664266637
677433524
2261254631
1075000421
3810760060
1466459462
3571938239
305940029
2444447940
3277557717
1740359838
2336751550
1121739425
2201275321
907932091
4124532319
3777760039
1005524131
3804066995
3185190075
2837541315
2735349079
3086043183
582732369
3182189993
3563045827
626755052
2708703756
586980597
3640012376
597253261
3920924414
3366903725
2522280889
3372982809
422554346
1744143922
3275797477
1864836350
2555336870
3633063747
