2949950322
2363168466
3734744192
3270290982
1828502120
1030207264
3856309422
2790239459
4177110612
3285699692
1383943724
380009611
23698102
921836035
3064496174
1624908326
3771731665
2223260626
3761205915
913736612
2738618842
2494005615
151380928
3690584212
4285545500
1022347852
1788712125
4026531609
3065690075
3095689637
1185321691
281701718
2577142762
3872335896
1146098287
947121523
3248572259
91274758
1383295087
4105200143
764509240
170098198
4138126874
368515196
2970597742
4182447835
54633590
4247394491
