2949950322
2363168466
3734744192
3270290982
1828502120
1030207264
3856309422
2790239459
4177110612
3285699692
1383943724
1976984810
2655437910
499765935
2581716303
400498219
2510786711
2157182484
13198393
2552382869
142609548
2583875348
3311771418
3495031193
3481944320
2320019699
3000779087
1223581770
974026073
4033307304
1392007391
49324772
1330567119
2996026331
3123385517
2433572526
4044055449
3393997224
1803067792
4290563867
1295179311
838284040
2270861361
2033263868
649999933
2954755018
325470227
703054465
3569279914
3997133112
163911769
3825673582
2295969971
468027880
2685466548
2143356491
3604498955
1591938465
1422418229
3147843732
1633900304
1331899587
456313969
2926361673
4128726236
1123047430
3974122568
1717073074
106842501
1907856179
731481688
3327900527
291085855
2636635095
3841951468
1180389258
2822117352
4057880009
2845116504
333239484
4175972013
1514966987
1130975606
2618070884
