2949950322
2363168466
3734744192
3270290982
1828502120
1030207264
3856309422
2790239459
4177110612
3285699692
1383943724
1976984810
2655437910
499765935
2581716303
400498219
2510786711
2157182484
13198393
2552382869
142609548
2583875348
3311771410
3495031185
3481944328
2320019707
3000779079
1223581762
974026065
4033307296
1392007383
49324780
1330567111
2996026323
3123385509
2433572518
4044055441
3393997216
1803067800
4290563859
1295179303
4108669689
1470030112
1830775730
536837793
784744458
1096882348
38325772
3033293202
820516660
2097665410
2247210553
1966185689
374021840
4025822156
1246354657
946866141
36689367
3028451054
4063101569
2124064521
3403346296
1866054478
1720379299
3176961189
3634405025
2648919390
3289059199
1334632799
3785159953
1780161329
3289059199
1334632799
3785159953
3597287476
3103089437
2399393336
3785159953
1780161329
3289059199
1334632799
3785159953
3823954211
712471612
3125035985
4188015102
122874861
396039906
2657936624
792626221
1193939323
2187799475
438715738
3779546405
2030445516
2187799475
438715738
3779546405
2030445516
2187799475
438715738
3779546405
