2949950322
2363168466
3734744192
3270290982
1828502120
1030207264
3856309422
2790239459
4177110612
3285699692
1383943724
31797793
2960860905
591861682
2448008020
308721069
1918929050
1696843312
2845345410
665208294
3719100235
44013497
380696429
1109628287
3618941987
240610350
528640785
672787364
1862366463
2291901070
1452450463
2386914639
900731667
1632790828
1182370082
2173884207
2617325282
4200806097
1887032921
2040119826
1126286289
2227871196
1627832983
904181928
2743790047
1141915566
2750041807
2203578036
1707847802
2495446841
33029447
2277213460
3102806619
3734180456
3859276756
2865515886
787719889
2115972779
576771476
3093547652
183360432
2988634156
1140162632
3002189415
1593259077
1362323916
2309051709
1044616059
2298347509
157874696
1785944969
892209705
1228674342
3990639213
2112841088
779033418
1315513981
1679848221
4142146306
648060393
286088239
3242844868
4142146306
648060393
2716264756
354289513
10232747
3026505206
1699278201
1325512729
3932694976
976000811
226580205
3720734726
1711690291
3521418357
3863565747
906881880
3456243137
2906567426
1463026095
452964410
2038748595
1508400428
1850055914
3187745281
4118286632
587823107
3962307569
2400232754
188263122
2508788207
3915244288
957963755
246717485
3740279494
1278505689
2442268644
2259094937
1556972547
4188280282
702589745
508390135
3456750620
4188280282
702589745
3746376783
91381061
2274821509
4216514722
3439274340
482056079
1823780809
611511113
4113716933
3857838014
3026108516
979370752
3438475469
2084528412
1805668789
3372521683
2375211873
1067656070
2161712588
3575061917
319155060
2980127250
888007819
2902195110
3421557968
2883036450
4105237802
281176922
3298909439
1555516370
3409636063
447864388
678585421
