2949950322
2363168466
3734744192
3270290982
1828502120
795445797
950430744
1765630288
931884007
1108818
2762333829
3636610413
1231603501
67605497
3367818059
3892409136
302760349
2167926982
960128594
3785770465
2382437703
2824991086
3149255272
1857713562
3411623852
154287512
3516924265
3959876165
487375856
3932471208
291805809
333771511
438501219
3347350110
116560469
1664574777
3978765532
3498489003
3790597220
2196340258
1168252511
1978871392
2786561771
722598687
2485349522
444026081
1052758789
2403689486
290878854
3231069382
3324478012
3537688388
2670925298
2530410937
104337540
2282148832
1531305481
1337887601
3746929228
3417231156
3608160838
1431216494
1101199884
3870122176
3000564253
2390315671
173104503
1291657496
3270336765
