2949950322
2363168466
3734744192
3270290982
1828502120
795445797
950430744
1765630288
931884007
1108818
2762333829
3636610413
1231603501
67605497
1700593531
2243829250
602926327
55725196
2079251349
1133517151
253511367
3907663349
2990606720
2485249449
1306006751
3286685627
2611841578
797906119
2879855399
949693052
3747699485
2365138704
75218557
1082282609
4170171621
3611394387
3862571967
3421278253
1868146170
3882017360
2845875244
4182512726
3079563818
1239799527
3096158123
2537937437
871428042
1662805936
769530316
779982118
1623190362
1662805936
769530316
779982118
2508778362
1337674060
3974127431
1869564350
2449212563
1807054336
2924323419
3556441076
369242031
1166168421
707070403
3881166175
2806783971
2770072804
1535687113
3599682621
1296116618
3204030557
852181808
992696187
4275274528
2799096445
3525593659
2864735286
2110067492
1136420822
3348391990
2896984157
3259750163
1141354304
3816311657
3963254848
3682625845
4095439651
2417176518
3106365572
55566206
3435563344
1188850136
2337824308
429657643
2584942802
3882907642
1694458115
2187435331
1399378899
170002896
1434409072
1996926305
1171429617
639983181
3140058367
778836987
1899055707
712728785
2672974547
1678999476
3436934246
1797486921
718097333
2369078938
2133956774
2553132505
109400395
3609093504
1236697362
699448357
505249251
3118821580
687181364
4184783615
1741053549
3575465595
2283333742
2392757900
1380886701
3495120535
432365836
4235297416
499558354
2408787769
2653037792
3355492784
407142235
3817494133
37581615
1879353363
2444463433
25213604
2411624896
2662204448
3617727821
3108342275
3902221781
473150385
