2949950322
2363168466
3734744192
2634980557
857639043
795445797
950430744
1765630288
931884007
1047232428
2598259323
2962693915
382135790
2247810229
2445427964
3268871853
1400734957
1616625209
2900426379
773089474
2562311163
3835665853
783213325
2693800041
3262454370
1106906267
3318875003
3873291995
1327941810
3958433054
3318039934
4276825926
1486430784
2929059676
2163326294
2941250645
1909356160
4293965284
3207612461
823036745
1909356160
4293965284
3207612461
823036745
1909356160
4293965284
3207612461
823036745
1909356160
4293965284
