2949950322
2363168466
3734744192
3270290982
1828502120
795445797
950430744
1765630288
931884007
1047232428
2598259323
2962693915
382135790
2247810229
1437684312
1721198732
4148030156
1976138885
3899334186
716331285
2619339308
529589461
197100545
2239842149
2139878856
1209038205
1240454270
3986517781
1385022047
165783305
3514014712
312798607
1857483392
1783095235
2201666181
327358624
2809281343
877529700
2786820751
2654872500
3105211322
1064176334
1221478821
2576294975
1433279849
1865100228
3369281259
1473235260
2603544682
2260790273
