2949950322
2363168466
3734744192
3270290982
1828502120
795445797
950430744
1765630288
931884007
1047232428
3872805922
3432972610
1791947703
4193436396
3989461669
3202291956
796236468
341569676
3638603838
1457419098
3413905909
427829921
2959377526
871076495
1408085944
2335858792
252866440
1507801949
387794209
1858890828
186736773
398221260
1917932293
3207652853
3545682581
2861038584
3877475680
3012491122
3974735738
1949323940
988949720
1273789787
652468848
2925851252
3254961428
2838163619
855656248
2136593636
785323435
1796072536
2365035833
180088170
2635543575
1264205569
2425113607
2355049121
784337110
2116845740
745290494
2198415461
722789329
2543568157
1916888048
3055317768
2574287448
3404122671
1450216355
1192393879
4242997963
2942794753
123893822
3426148104
1378209408
2407773117
1498409739
161702769
2255562785
560290650
1097033325
3372329315
1498491016
2216458726
73555408
3643739326
3516428169
3543668434
2268597358
36008309
138000773
2203757577
1646365195
281008268
3591236319
4062740060
223003037
2376417822
2064409812
362677011
3630911557
1342807883
3225069734
3756126273
