2949950322
2363168466
3734744192
2634980557
1169405763
1506063845
1527596141
177621285
2604452709
2685575517
235058451
698982357
3258531689
340284994
2519783678
287458175
77621181
2325652697
389858934
2501329082
3861347726
886785754
2638211085
2001770650
3164362259
1954115994
1825272969
2482099680
247912263
2370421182
157404766
729589358
3297462831
1284987851
3531885123
1786564885
1740417595
2774920452
749581913
47743265
1206134622
2635009347
257590696
3326362195
3044310887
38092625
2183112060
3392163562
3669023712
1105821253
2910902360
2269061416
3079401871
1239436610
642192868
2297414839
755797633
588257430
1716767593
