2949950322
2363168466
3734744192
3270290982
1828502120
1030207264
3856309422
2790239459
2760269163
2678601555
235058451
698982357
3258531689
340284994
2519783678
287458175
77621181
2325652697
389858934
1392392069
3991837391
1751917085
648961121
3992648535
3035263433
2143213311
648961121
3992648535
3035263433
2143213311
1798583033
1875992864
1958085956
4070382971
2240435521
2440101945
1639103637
4076621418
4192823298
528620187
185138845
3979901753
1255033095
424556493
1662700546
724903828
803188014
1740135229
2519745067
3771325969
174399046
702379993
3499696673
261049440
1061982359
2033521693
