2949950322
2363168466
3734744192
3270290982
1828502120
1030207264
3856309422
2790239459
2760269163
2678601555
235058451
698982357
3258531689
340284994
2519783678
287458175
77621181
2325652697
389858934
2501329082
3861347726
886785754
2638211085
2001770650
2095508982
1801596180
1743139616
108371021
2411579152
3504430020
3080493135
1452777154
2197537291
1324150230
3034996603
3563101510
2153809914
2928813349
3414108652
3189957981
143279755
1527396417
3313502491
3514522723
3654041428
329590949
1421719550
2341394188
1454407131
2832974102
4156330271
1494499404
2285396163
1139364514
3887924720
371797707
2285518659
3705161084
3931376829
4272904645
3709770454
1586596911
705419607
2129240936
415838136
1277908359
3627651484
