2949950322
2363168466
3734744192
3270290982
1828502120
1030207264
3856309422
2790239459
2760269163
2678601555
235058451
698982357
3258531689
340284994
2519783678
287458175
77621181
2325652697
389858934
2501329082
3861347726
886785754
2638211085
2001770650
2095508982
1801596180
1743139616
108371021
2411579152
3504430020
3080493135
1452777154
2197537291
1324150230
3034996603
3563101510
2153809914
2114665271
3366164705
2602821163
32201232
2187611369
1482555591
1419438531
1142586569
3486213636
820163052
1996954375
3955280498
270511594
2147521681
4241848888
1705499663
3392545278
2777774424
3275948673
1751235065
289677434
2404856306
