2949950322
2363168466
3734744192
3270290982
1828502120
1030207264
3856309422
2790239459
2760269163
2678601555
235058451
698982357
3258531689
340284994
2519783678
287458175
77621181
2257314161
4122729541
1497193449
960194270
1705224068
586305665
3727191921
2253623268
3469124962
2596716510
1639792629
2962300794
2758429186
232458697
1455792746
3412574405
290558151
3680526227
161244359
2170932596
3343047818
1465771505
3554974304
497193134
2562715061
2070086954
3447181781
531425639
4004676294
1196029103
2642388141
4115302375
4212251
3718043750
409311753
2932355376
2528572410
312409114
944031990
1474531408
3121408238
210257776
537135942
1844169200
3314037331
3299207024
2771798045
328983332
1913146441
3299207024
2137859835
1286292846
1230828605
