2949950322
2363168466
3734744192
3270290982
1828502120
1030207264
3856309422
2790239459
2760269163
2678601555
235058451
698982357
3258531689
340284994
2519783678
287458175
1898217032
4279942444
3935869422
1756569378
461578774
3070600634
4018029871
2345430230
3543916081
3351284553
3019767671
528185563
3461830740
892131455
3902861194
1659860758
1613137566
3261729170
3231971354
3438709458
1364519037
2338502783
60494284
1169948722
1544721886
9065604
1609368712
2366717916
1793806013
1397328297
1561026294
2340042717
2686322451
1987014200
3974431599
4198110745
3822759560
1154823236
1734670167
4101839645
2162642533
59816567
2334151015
3507373068
3382810215
3389135501
2309690094
394339489
1969495722
3619739596
3526953912
1995384340
3978346915
3248159792
3700271075
1335118761
887409273
3857714848
854948274
2977591115
792397911
2242163140
2511106690
2449202213
1379616896
3168374633
1118068625
3853239645
270448697
209946480
4076754824
1413703862
2174702656
1291772592
3167833497
411389046
