2949950322
4266632762
2886671464
2399183304
554743174
1030207264
3856309422
2790239459
2760269163
2678601555
235058451
698982357
3258531689
340284994
2519783678
287458175
77621181
2325652697
389858934
3317759266
521432769
680521332
3601663242
343163445
3180278876
3437832477
288733024
3491608473
105939759
399669887
2020942553
1220073624
3094934136
4097561967
2194180180
2504804534
4219765223
520742279
4176712934
2060980778
4014424681
4187510559
3528368974
940193494
2649324768
3245456826
1926004278
4169393834
4025268765
2390693232
537225585
775661327
