2949950322
2363168466
3734744192
3270290982
1828502120
1030207264
3856309422
2790239459
2760269163
2678601555
235058451
1255770036
1561747849
1787683132
2788598158
671638250
599660422
710804429
2502569861
3046608894
3583095497
1444848688
1299824724
3405908256
1619186234
3665885900
3639666430
2656869009
1918527667
913689521
2693264598
520500456
2530111413
633854934
4230224859
2012999613
857791770
2964311011
3741881157
594119782
1069264724
725678636
1751268824
130004226
1490609422
3969430399
955576246
3593881742
742193699
1876471820
2230851590
1102389966
232383948
3918612650
2076491841
675593867
3742872979
2540272075
814839012
3990627722
2017686985
2948890195
326317104
2151028319
980302864
3552606181
2808370368
872109232
2910834535
1917628309
2464392528
3207289023
3120481392
1673834467
2646179611
