2949950322
2363168466
3734744192
3270290982
1828502120
1030207264
3856309422
2790239459
2760269163
2678601555
235058451
1255770036
1561747849
1787683132
2788598158
671638250
1820345458
1279124489
146129553
570050430
1107065417
2552216132
1380976548
651406639
76598712
3357555743
1215997490
3421876427
2196236311
3548177759
2273116131
3251667852
1230117601
2127141460
646105029
3843895701
3928631206
4046278999
1684525865
2797507606
494743075
517907145
1148559036
78830315
3693143578
2764359703
1590590138
26422042
4232146091
2736536843
3296449319
1246040131
911675212
3142679224
1964470390
637270028
773549010
2736594470
184604050
1469584584
3051353771
953779039
1533727030
3638937551
1222045730
3451165574
43114612
376091916
2112250730
3672766886
197515561
1529434451
3478289640
841974551
2235112858
2665410128
250654716
1981055473
2448355472
396527811
2148422078
320323060
464675636
2292944766
3954577546
2597326283
4118238573
1979752831
3554929481
3833097212
4135380892
3877507240
2790670312
2133452732
2835728838
2167914085
853561470
2181686648
1435157766
4068827082
4055865625
3534759097
697401484
1654895851
2725583395
723074356
1899730230
3593736186
478992353
