2949950322
2363168466
3734744192
3270290982
1828502120
1030207264
3856309422
2790239459
2760269163
2678601555
235058451
1255770036
1561747849
1787683132
2788598158
671638250
3047817285
1733704465
601759113
177313894
1310310142
1752781527
2977997731
96531922
2349379215
1441492610
904745909
4127883396
110266887
3845273727
3183839896
3022364371
266740966
1116303410
2775777619
591362304
3029573757
4068458570
698987340
3870428313
3468298364
632031775
4102040208
297460239
4173856585
1145413393
1658077292
3780859541
2709872352
3850154732
4088743595
3645419157
1315210993
1986130908
289460082
1310564050
3392508210
393789532
2137219041
2511220548
2184257517
1383440646
4074653914
806441350
1605765408
3154027590
369236379
4064982269
3833807034
1176996316
3627325524
1869949331
2042420692
1616667973
3206446005
1649617627
3651556487
3600919038
3199874627
433944586
2000344900
422119059
625220652
2253685698
3734754631
2100957185
235547957
2795086798
58386936
2782077202
3179082617
1832406418
1159941982
2506617269
3613046192
2057710444
2349091650
2795547305
1673577866
2127655064
905390347
10768863
344842487
3301531164
3821326891
182643461
1434827529
221335387
4055170903
175685331
2360157076
429355132
4013232210
1561348514
3955090075
192066491
4258321301
513790670
765872110
2234894613
288918345
1315298025
2940388246
2814550260
910337814
2927989313
128786193
2567306115
3270353127
2254757755
3594907459
2096856407
2908768668
1048159702
924831682
3105950886
2656989039
1711362624
1097900160
2267915669
2557715395
1673519687
3574745470
1510322770
2499005652
3544952157
3485540874
2472141648
