2949950322
4266632762
2886671464
2399183304
554743174
1030207264
3856309422
2790239459
2760269163
2678601555
235058451
1255770036
1561747849
1787683132
2788598158
671638250
1820345458
1279124489
146129553
2573293508
4184304371
2062056458
3330243463
2333093715
2423737143
1054841444
2878674970
977246810
4033882042
2230553905
2072509946
3642963100
2367893024
3703055208
817811786
3367031098
429715893
2514662525
2835634178
1933917725
1440014688
2165609544
2065573605
2239076904
1653599049
2307572817
1523920655
4108432294
3905606878
1986146380
1857485607
4028506037
868620522
1822116170
4069021890
3512463260
87611449
1686413510
21387079
236137229
1309205807
2655804356
275339939
3224233032
1309205807
2655804356
275339939
3224233032
397078482
1252999623
3297394848
349109835
2599157548
1252999623
3297394848
349109835
3526953812
3280470157
3792280636
3176464616
375064479
201057671
1696352969
3424432080
2734358686
201057671
1696352969
3424432080
2734358686
3416297430
223836873
484864272
889025500
3837381943
3433222139
484864272
2563669744
3353988869
1509613197
525771490
927834158
