2949950322
2363168466
3734744192
3270290982
1828502120
1030207264
3856309422
2790239459
2760269163
2678601555
235058451
1255770036
1561747849
1787683132
2788598158
671638250
1820345458
1700810809
4173476502
3821356135
1557522733
3668844633
3856971542
2434140525
306066364
4198708860
2493815090
388730827
480115367
3279826979
2377928287
1891742112
701578046
691565697
3753816444
2510341204
1810678471
2006696033
868346729
3078819543
1121363254
1587652496
3666454640
2465095267
3767144073
1980144698
3799888257
1097674351
1580410937
2981493779
1879343049
3231431372
2221294703
1798067321
4102140313
3024277116
