2949950322
2363168466
3734744192
3270290982
1828502120
1030207264
3856309422
2790239459
2760269163
2678601555
235058451
1255770036
1561747849
1787683132
2788598158
671638250
1208901597
1106135958
4271531998
2098557223
1990394955
77135550
2570755089
1271310149
3793881490
1777537887
1702301035
837054329
3050070169
756389191
1188926137
3819558044
993781869
4176646769
3544683034
3184915933
165084620
3443788239
2451790277
670585904
2438002662
1748612310
2641666431
185222867
1541058574
717008207
2551323049
2784951592
4060014484
2726205790
1166338111
3284701292
2657565992
943992801
767953699
439094224
1115869522
2137929171
3295925292
995530150
954989737
3661869976
