2949950322
2363168466
3734744192
3270290982
1828502120
1030207264
3856309422
2790239459
2760269163
2678601555
235058451
1570425118
3959741910
1647976114
37495685
360672559
3653512605
2098331697
1827119836
3742871486
955113183
602581038
1693595509
698180513
3168264671
2224306405
939736936
2527850043
53788280
367766286
1725666874
2961336069
2371880791
3522741773
2417603795
718251200
1991270399
4114565382
3813476950
250882559
2606960803
2425918856
180876374
3641695545
889794331
1780611816
3081620765
3812536079
1990825555
3991942134
3119524170
4119885372
2272289583
932321449
1045035828
386301659
2469294395
2869678080
3298871899
2875625165
1858059636
916473948
1724823315
4118824428
3633275315
223555326
2598277107
1991595125
3550191427
1955589176
253989364
4021855285
1234759180
437817542
4129040772
2860837086
1405140262
1296724451
3389907398
1593640061
4283980987
2982293658
2139372116
4218129857
2472455819
2125583925
3939171214
4280474379
1822256727
1424207005
2934513200
1159267075
3837549509
922473020
3657014405
958103036
