2949950322
2363168466
3734744192
3270290982
1828502120
1030207264
3856309422
2790239459
2760269163
2678601555
235058451
1570425118
3959741910
1647976114
37495685
360672559
3006177242
2226462575
1208901597
3414247716
1962239340
2098557223
1990394955
77135550
2305563165
3203898024
16219371
107215313
1384748538
493562439
3441468586
1777764614
2383214695
1481967960
3516748293
1955766708
2701065597
2540010952
273791896
1362232631
87170955
1024966320
1364759232
1829496827
845985778
1352932453
1450279082
682339442
3949672663
329079660
1275291680
1524399446
639550543
1675376060
253354506
726354327
2245926637
296087392
2509103232
177895288
1442654065
282681226
2270494343
3254289128
2151954903
3705469069
3213862169
3949846310
4073609298
