2949950322
2363168466
3734744192
3270290982
1828502120
1030207264
3856309422
2790239459
2760269163
2678601555
235058451
1570425118
3959741910
1647976114
37495685
360672559
2815547849
50852965
2661652170
1280945566
2270705986
3392630166
109849892
681464764
1157129436
252942935
1104274475
2553422886
3127985329
2009303121
791952054
2766917328
2090427958
1155186444
2263417753
2438214432
1219347028
2216506355
3598317691
3562548103
1418739866
2004065894
2136307843
4242173562
2676569070
2765248831
1168736061
3583779068
1992767223
4038918019
1729111806
3316969368
467317902
2347756367
703358195
601929111
1784883337
1780752230
1763629493
2583201190
2633449452
3176259187
250355199
1295533299
4140645039
1975176893
364704650
3371279076
1489147145
3848109763
2331649637
1905611952
4122827600
248654213
2428581901
3483134381
981964511
1708836735
231625257
1385366409
2162840643
3753313763
461428905
1155369225
1950829771
830848312
2583507639
3282299110
391903549
3084825491
989580715
1705417739
2543039847
815542187
4099973357
1736002727
2519519096
87368498
3830318384
