2949950322
2363168466
3734744192
3270290982
1828502120
1030207264
3856309422
2790239459
2760269163
2678601555
235058451
1570425118
3959741910
1647976114
37495685
360672559
3006177242
2226462575
1208901597
1106135958
4271531998
2098557223
1990394955
77135550
2570755089
1271310149
3793881490
1777537887
1702301035
837054329
3050070169
756389191
1188926137
3819558044
993781869
4176646769
3544683034
3184915933
165084620
2876388522
4095042720
2928487249
405112967
1419232834
2715472875
933508167
1735705242
3980089862
1030804715
4199976921
585868375
2746587272
117484895
1685729110
1976706100
237457485
2316263341
4013762693
