2949950322
2363168466
3734744192
3270290982
1828502120
1030207264
3856309422
2790239459
2760269163
2678601555
235058451
1570425118
3959741910
1647976114
4288183325
761546569
1422616435
1666246598
2641497272
947781385
1992262005
3178771676
1198687857
3432155742
422315231
783778922
2451604455
922136139
2906212860
2104254300
502801517
3106802113
441825816
1238746322
3982553349
2930450743
1023322588
3073356561
770117418
2926057939
2823888519
1752002032
3799485816
2225050818
4222457971
2038832831
179708811
3666096715
1221704352
