2949950322
2363168466
3734744192
3270290982
1828502120
1030207264
3856309422
2790239459
2760269163
2678601555
235058451
1570425118
3959741910
2134437005
3449182315
1135123215
598648376
888006802
3541539315
3293894489
241521052
564859946
660597112
1796044128
2433206221
3850661190
2978248698
2410779223
439271956
3902252553
968590982
1960104530
3916869885
3136736823
98984829
3772558306
1090994408
1613769641
2453051632
2951172662
3434352546
2418855672
182743747
1310564047
4083051544
279665382
3878208941
1688720212
2701729276
991420665
1730427939
3200777262
1463629312
2062257554
2725884259
