2949950322
2363168466
3734744192
3270290982
1828502120
1030207264
3856309422
2790239459
2760269163
2678601555
235058451
1570425118
3959741910
2963020940
3499762107
3875643662
3003235250
4121806813
2349000679
1204113998
3184517347
2238035376
2068274894
1614817343
3005182565
1214575182
476375282
847976300
3879049709
1689947924
58195690
1430145195
2374198053
2986824000
244340429
3872887565
3064001414
2872250955
3307307035
4253799752
818885881
2018474475
2679441546
2663687009
66298310
1349771020
3092726762
1710309079
4033769108
1693544164
3628475527
2343452535
3325317615
1261577243
641579824
222702928
691236206
316287418
2838452198
1267144919
681359702
2870194095
1394800110
1876995458
266768565
454936013
3744077959
460785791
737004989
1250552500
1683424890
4159410563
1706957160
512945635
2361877768
4159410563
1706957160
512945635
2361877768
2421778503
1636702243
426391086
2927405219
116688672
2328402894
2448630465
1859843369
1633076651
1588126563
1222048172
302757553
2964291543
556759093
974673292
493303365
2666012860
1256529840
