2949950322
2363168466
3734744192
3270290982
1828502120
1030207264
3856309422
2790239459
2760269163
2678601555
235058451
1570425118
3959741910
2134437005
3449182315
2163805375
3774820744
3636258994
1159629341
2548216137
1558390165
4164225081
2542948511
430740475
1428212835
4059488719
1410706425
2524883405
2647186593
2857589780
419293426
4162982523
729630753
108804415
2341002652
62102070
3859249586
2427417739
1520368218
1953564100
2714733381
2087319160
1539262884
3306663222
2511550084
4120135542
4158937924
2866935121
240435334
2962790885
2847754072
1799045930
666311858
3005750466
989973127
2281599062
1402088607
1217747566
1488368368
1685383836
4047399138
3413859919
4274141412
1926555
3941836018
1744163078
2018456105
3873953467
2692899935
2348413503
3716918478
3063557113
2450771825
2655436217
1859161989
3982465404
