2949950322
2363168466
3734744192
3270290982
1828502120
1030207264
3856309422
2790239459
2760269163
2678601555
235058451
1570425118
3959741910
1647976114
4288183325
761546569
1422616435
1666246598
2641497272
947781385
1992262005
3178771676
1198687857
3432155742
422315231
783778922
2451604455
2861225652
239068003
2867449551
162715844
3655847524
2179417321
623995205
2253052572
96848997
4008010863
1488430424
3786999613
593510402
1863091968
1823411178
673967860
352369765
1364891501
1420633662
1315391217
229842941
3930680988
1765710478
626154892
2854430100
3089607156
1179391289
2539664822
4018412475
1413980558
186314798
2673991061
4099526142
2596168368
2439998157
3383756051
