2949950322
2363168466
3734744192
3270290982
1828502120
1030207264
3856309422
2790239459
2760269163
2678601555
235058451
1570425118
3959741910
2134437005
3449182315
2163805375
3774820744
3636258994
1159629341
2548216137
1558390165
1803068704
937221353
3936734540
344401458
2978534787
1450353890
2393205554
2357092305
2665688913
449519793
3802425606
117180205
2099516368
310594422
1310427692
3682916975
3861000515
2574519396
237684390
2315438406
3062537452
1907399631
1075464734
3282886944
1076099033
3356107164
1520052041
2693830116
1850602387
2592373942
941667792
3318777030
1534615636
1935893144
3989538314
3117128886
754044766
82496914
2588027136
2464675776
