2949950322
2363168466
3734744192
3270290982
1828502120
1030207264
3856309422
2790239459
2760269163
2678601555
235058451
1570425118
3959741910
2134437005
3449182315
2163805375
3774820744
3636258994
1159629341
2548216137
1558390165
4164225081
1867717248
3882376490
3444417575
1179658510
405759012
4044124107
495641629
3095730092
4230146906
3278446664
156804749
2329391220
1380289669
1537579214
583530968
2902014652
1626097772
3460602175
574627965
2610408611
4186421687
1529049297
2130394272
3763591218
721935421
1960166143
1939467191
1889040250
3236960431
2400649196
2656195514
