2949950322
2363168466
3734744192
3270290982
1828502120
1030207264
3856309422
2790239459
2760269163
2678601555
235058451
1570425118
3959741910
2134437005
3449182315
2163805375
3774820744
3636258994
2216202619
251993170
2796838809
417829453
3149694022
1258223728
3379534659
4277410806
780373897
2903284080
1257695249
2726255609
937429946
683039062
713009374
2039984942
221635021
907774965
2989720597
4104124538
2604179676
1983627757
1962029157
2087867143
2595503603
1069579222
880152250
4154089045
1092547019
1327513525
1240834938
2372360057
1094857442
314723368
3859619258
1009521520
3130493309
1754961236
473871985
