2949950322
2363168466
3734744192
3270290982
1828502120
1030207264
3856309422
2790239459
2760269163
2678601555
235058451
1570425118
3959741910
2134437005
3449182315
2163805375
3774820744
3636258994
1159629341
2548216137
1558390165
4164225081
1867717248
3882376490
3444417575
1179658510
405759012
4044124107
495641629
742488359
1759938001
1470975683
2644287827
2491200792
1290701289
868069915
3561472890
1082371569
3299582481
1169401047
439195547
4094790785
404192931
31240573
3177970462
3045017364
3324907207
3537198015
590799265
1891016555
68336718
1205431420
3942757561
2806748353
1013315873
2142120211
3868598400
1537113294
2853594584
219807508
3505734810
3992208506
2436300131
4280626356
1424155327
4092426355
1684068734
3142826380
