2949950322
2363168466
3734744192
3270290982
1828502120
1030207264
3856309422
2790239459
2760269163
2678601555
235058451
1570425118
3959741910
2134437005
3449182315
2163805375
3774820744
3636258994
1159629341
2548216137
1558390165
4164225081
1867717248
3882376490
3444417575
1179658510
405759012
4044124107
495641629
3095730092
4230146906
3278446664
347893913
492594386
3318634531
3130876881
2972391101
201131694
3959912399
883314572
970447247
3100630857
1120234980
2201982103
2784951600
2917810490
1069533649
979886135
3476116499
2467708580
1597201215
3648988012
4053914618
1567583918
4293940441
1909364669
3468344309
611830608
2984309260
3558668296
3602338767
200934049
534078069
1282322449
1296262450
1505243210
3421354145
1236426622
61572705
2344064901
4011632332
3186335029
668253188
588189938
3711395821
4270758401
2282024384
1190302534
2224440357
1934229844
3883336225
3370915895
2365509103
228651312
1388814655
834478902
4021560103
475268833
3686976076
1259226852
4121803537
1527081538
2978146528
982080621
2556753194
794146076
54044377
398717857
4206157708
1383912542
289318286
96858358
1974696471
268087980
971641364
1134811823
3857852506
1123922582
2182696848
4166027051
1303216467
3736366361
3609335917
1446649515
1122470834
3523110904
3307467489
1446649515
3007682309
2255043648
1662432750
2515364059
1696109956
2481146032
63995741
2507387562
2624946395
2841193374
2690587119
558309161
2495224145
3819168636
2586798585
456617791
4266190481
1427156590
3887995528
1159386094
359510885
2333692127
3945330152
1968969298
359510885
2333692127
3945330152
1968969298
359510885
1823116757
335675115
2322931025
1848470852
4248076558
1663537286
2916216320
1832194822
2747493760
4088663307
1882921970
3168412324
3453695852
1462397310
1644610107
3861827035
2536495123
2050263552
3711635660
1872077866
3365551846
68767926
3275688836
1992429052
3856392630
2130021462
3991691292
473686442
3129400980
564704116
2997968702
1130815112
3856392630
2130021462
3991691292
4240579857
3090576240
393386509
1401353324
3618569100
4122119255
1805753823
3433957139
3316135266
362423458
2341025066
3570689162
1341786474
2680076161
462862433
2931786339
692078215
2347012065
265060353
3468341630
2150449710
