2949950322
2363168466
3734744192
3270290982
1828502120
1030207264
3856309422
2790239459
2760269163
2678601555
235058451
1570425118
3959741910
2963020940
3499762107
1558471795
3997880469
1251802425
226779746
73692713
2435773527
3615655992
478354660
1497492759
70783074
543865855
3663726930
315303081
2406041094
860458076
3462331749
4006056862
79682090
1715222419
2561993125
1200064855
3524309003
1124267429
2073429017
361092558
3315081742
3901472859
2423161461
699993771
2149085298
2497914122
1484557197
332848336
4146126510
1991629651
2796039315
1138206013
2729856866
866388684
3150491854
266406538
654806307
4164218321
954352409
458997493
3382425256
2195947512
338025389
3855248675
190148859
2306442479
1136745716
3317339520
522712820
2369715778
479493122
856647188
532930983
3236987221
3813146185
1466844173
551548853
529789914
1843914777
1813243213
2033834295
378145574
535585074
3825568286
4105039856
1280530424
1568772943
312770127
1875317095
374053858
523104758
3838057178
923680594
68537397
2423185806
2924765972
712797428
1727110904
4051451893
726029414
3973464308
523658546
2950549545
2955226522
3039467472
3527673083
1460193890
4027011246
1737159075
14967432
2242423825
3804643130
4079765162
3463900683
2892005911
191830235
2507934035
2919252722
