2949950322
2363168466
3734744192
2399183304
554743174
1030207264
3856309422
2790239459
2760269163
2678601555
235058451
1570425118
3959741910
2134437005
3449182315
2163805375
3774820744
3636258994
1159629341
2548216137
1558390165
4164225081
1867717248
3882376490
3444417575
1179658510
405759012
4044124107
495641629
3095730092
4230146906
2476852643
394906179
805101799
1079752769
3163516277
426518339
157169380
924121857
3025983351
2263701472
90325273
2946438546
3445505206
1380286875
1670257825
1672482306
2893159456
1960845521
2000923707
2988631636
859496594
4142125867
128036637
353991477
762073489
3893173246
420044241
314517693
1094669943
1371521917
4093845783
2587269964
1200678513
1348403276
3300917308
394859158
85221910
1108147533
3425844777
2553422997
3058111469
1201941618
1082105748
1224748309
1835146034
3988385691
