2949950322
2363168466
3734744192
3270290982
1828502120
1030207264
3667772993
2567501324
2613118852
2700045756
2018657842
734673471
3126900863
3361424010
2042975810
707612082
4197497466
3571402212
23186277
2405369857
868749196
2124897112
3658641039
988844022
3201859606
275796293
1466486302
3571964135
1101879961
304948307
3821935564
237069170
1848073797
3011584888
2730278302
242352330
921104758
612073974
515221881
2478038157
2185657952
2406906556
498947596
1925451712
291640189
1473146642
778129192
3490378725
2407915812
2211391661
1406328677
1591925689
826639135
3053255822
58217232
4039170247
1700759684
1261543694
1782710322
2090669380
3565194179
3018725608
4201606358
2190164699
384855904
1255090489
68044703
3612452499
2716197521
2768837339
2474809331
677181492
517436700
2644541710
1739207587
3844447423
3713054235
1888127986
1045161300
342760537
1521447679
1224967794
1903602902
3176384845
2346206309
3749238332
2955340710
2966012125
477100258
3984521844
1619520937
2403412631
487891580
2822609022
979898517
155987338
2226469463
2249540364
339790823
660928248
1795699194
2228156100
3609512620
2529884240
77557947
274998723
4215573961
3194025266
703419455
2397228787
953285919
3861148366
2915886960
2864547556
306235117
3041877025
1618707383
3742347263
1326741457
4032846745
4139108182
2990399950
4223565008
3197764651
4152909047
2753434752
4130296896
108687984
4250654277
3397440693
832663680
108687984
1265567278
2018939662
2205628219
611888631
142159318
788071032
905970529
3947713039
275576378
4133254046
1641140883
1984881210
