2949950322
2363168466
3734744192
3270290982
1828502120
1030207264
2697319823
2837823940
2884382796
677586613
4041084219
1928694775
3121598981
875630945
3964241135
3420630569
326144728
4179616335
4225110983
2823712714
1691468109
2937484516
1427949129
2655543679
1005514238
1761324975
350859424
2069149834
4080534152
2964140741
180718911
2428782250
1294531876
431726390
974262873
2964437033
820716036
333750180
993685298
2106987357
1871879997
2449023984
74324652
353168792
3587851088
3131251356
3459862500
2439257668
1632390511
1111748815
984003297
1819010612
3096705007
372975292
1230796469
2554901100
3689003535
3110229942
1570002376
4080829595
2243359578
199212384
3453655806
3132062714
1565854363
3675878088
1143002458
386437919
2612803223
4220359584
3886478552
3103499640
1802231546
3140444177
2966418383
853832963
1869651206
3207865325
2055573261
1105126876
4230019948
2444789583
262903495
28770512
2241793840
4158613149
3889669595
3096114299
2101041307
857564836
1854508705
836034305
771733625
2840855134
450302058
3398676097
432817631
1629233159
2803435417
2002631026
351202075
612732045
2672178872
1851208750
1706534896
3052607771
1628113088
550988484
3384186116
2974989065
1618910086
3824258431
1479685962
1233337491
2948916502
829161860
1508553072
3343013346
2982683171
1607541910
928486498
2852090096
752781919
2994106061
1834291645
1909136626
2561336114
2300307691
679450472
3541999383
1446995384
2612744788
1224236989
1995389199
989920185
716304480
4179725282
1929281412
2600777130
95179064
3282663078
3612484574
2747823782
1331583292
1402115227
4103933527
1641516073
3838505266
1058832948
2481772768
627603326
3874980142
520397105
1043581552
1894888460
1538374521
3634191627
1568677904
1334094960
2112477666
96177570
876382945
2746297324
912002293
3463272116
