2949950322
2363168466
3734744192
3270290982
1828502120
1030207264
2697319823
2837823940
2884382796
677586613
4041084219
1928694775
3121598981
875630945
3964241135
3420630569
3855352603
1672989295
656509405
2909671745
3169149096
2909247992
115819234
1767525064
3983689000
2328058765
496727678
2658473217
1003723136
1757862865
1131666362
1296897476
770299973
2203178955
3975581549
3804774675
3182367001
1588523066
1143373531
39844433
1662864658
2641818079
1170987601
4230971116
1486506811
2547966021
37859334
345941360
984286480
2451921115
878138845
491585541
2081404742
105283581
3403272570
3515025547
152122490
3878498144
2756373471
617264557
2167013275
39717769
1232622106
1786245050
1979188633
3715520594
399409225
3110490394
1342680794
1929909114
917580905
