2949950322
2363168466
3734744192
3270290982
1828502120
1030207264
3856309422
3963259109
4008933741
1826160545
2753734227
4172965641
549646983
124377153
2597042926
3870040326
2356252227
999507973
2089539422
2797438812
4191868756
1218563788
2116427382
3487345021
2644251439
1886612369
2076516093
2242814512
1667117051
2301714284
3271446877
1149605929
2725582306
3062775962
2159536433
486337984
3078371034
4108912279
1274653661
2452505767
535673710
3319524204
2543538494
959676525
3754102182
1628818906
1893756727
1933829085
725091144
3975346154
2037229481
1873982175
1039272077
3016543209
3345541324
1224845046
3096035296
3943285034
3884834590
1677904359
278437023
1999209018
2972493220
3327739040
2783581897
2882853047
4196120851
2560119978
1653794311
2427439912
3270472058
3148958169
656869461
1603042155
551334097
1296354546
4224464401
2912995740
970712103
2862532168
1971638593
2908329835
2598251623
457950298
19849783
3433747931
146924678
2315894870
970862157
4109887869
775223033
2157717418
4020489500
3787414283
3681645444
4005279311
679053612
853882990
3052286597
2264252898
114728190
295031380
2733481608
2216130648
731203999
4187510198
928977118
745028967
887066645
522967003
1725500934
1294813640
2748368142
3102206135
3360138036
4132488582
3047923653
3969948150
3973036535
3342597689
2469588458
756924502
2612355968
2497716170
1112282639
3846409411
1926114766
3092008009
801238340
1217269366
2386312229
494476874
4021721321
903614835
4078841360
1484968535
2654003204
1997694398
1704318395
2951163928
