2949950322
2363168466
3734744192
3270290982
1828502120
1030207264
3856309422
3963259109
4008933741
1826160545
2065111452
4113160952
1037271818
3193738739
1713635453
4112003366
1198611354
342104523
2487124966
3618354091
3087854349
3618759463
4095241800
2126234680
515766543
2525413029
3387027118
646563599
2204798265
2690986137
372411889
1159383988
1319943896
2564675571
777615469
1724666603
998714747
4229501643
2032511781
2270042088
1609776230
425672713
2641842153
870293178
4194807779
2132464376
2812803446
3491148331
993401377
445529057
3191541302
943769410
2478840920
924201460
995381434
2293158067
4228576150
2626765757
3287684022
3772299796
1693496820
4012851602
2053489644
4094463446
1637080469
4125633560
73413902
1694205221
2666608520
1374324829
1797562578
771807273
3159707842
4081311773
1341434494
2317510082
509167737
2515467837
840364818
174315955
1354667694
2268699956
381262550
1239731062
1541424918
3374224915
1860606780
3110178982
513383817
3706888125
1722463730
2306442422
1073556264
622487916
581007834
2345322192
1971765315
1868661255
1008568303
2033843988
3685139811
2362252441
678963534
4095574694
2975748441
3631040515
3192767699
3375900119
2448913234
2639224287
734786113
1060153145
3138955481
3429835375
3401236128
1746827206
2525838059
2400513724
