2949950322
2363168466
3734744192
3270290982
1828502120
1030207264
2697319823
2837823940
2884382796
700954240
4048915057
2137737493
1914363670
3777424973
1149264588
395649181
1587436965
3708898140
4128149734
2578684108
2118773165
3868204147
3978717471
1016786083
3827812141
900527030
958983554
2067502400
3015822514
119982184
4247550661
749162078
4128371413
3212998245
3729610102
2290090403
1572724734
4279834264
1740547677
3373692686
2985506080
1561441425
3118970607
3086688504
2236266687
1827405151
1289902152
3454194827
3512480249
3942900723
943779354
3996223281
1719307946
2528740736
2640251218
460591469
1657749593
1485869651
556516199
460591469
268367211
358761513
3512154908
3943229718
