2949950322
2363168466
3734744192
3270290982
1828502120
1030207264
3856309422
3963259109
4008933741
1826160545
2065111452
663738566
4017455412
2467437276
1265274706
4203755609
2593523054
2389528598
332346041
4263528967
2441548449
1623551639
1324073893
3292466986
2158578840
431402058
3226426684
3903943853
1297235611
2402892975
1755908404
4220860527
1241273043
451481730
1323895358
98254425
997012160
3395908847
1907019482
2886513639
1246456418
3579282869
3617485885
1480597194
1931750916
3133125403
1559784094
3569560884
2583778120
1129526104
956811415
2768283433
1757269753
78765777
3208945805
3927041390
4232146526
2897077796
679864772
2408684223
528124802
2347076594
1839354487
3447548787
3651206762
853636419
3209617885
145500059
2649138661
3644692290
3880051632
228848922
287117416
2130678182
1415278669
2385639895
270723167
3737723510
1772317778
2546520223
3165446225
1977095958
1997661854
1171773228
3687106212
544604241
1685468219
43862194
2260027218
4019418988
362399169
1460703087
1837124311
3676490898
3729303336
1657704016
790188156
69696960
2851946537
1691223167
3720390170
2025549408
3941525131
3145462687
788586020
2175274871
92274839
2347323053
1606478053
4240963803
1348393849
3849838971
1998743952
4105011049
3592727490
764833079
253737372
1429411243
249253583
449748621
108035071
1620772726
3836938390
660897511
4143925804
1374736608
