2949950322
2363168466
3734744192
3270290982
1828502120
1030207264
2697319823
2837823940
1905846858
2415089287
2369431311
252780995
3354097713
763627686
1424386480
4199463139
573975917
784872710
3806152662
4129690286
783560287
37249641
2116713830
582138940
897407489
2789305178
283165399
1391704597
2657883282
468626496
3623607952
2635247988
179089834
2512437778
1172216373
2161929964
561591850
899982131
2483158005
2161929964
561591850
899982131
2483158005
1775928894
490787654
428132309
3089211155
1773841368
3357537054
1176580218
3784034707
806419800
2444600734
2741080078
591071779
3991301204
3039378129
304521245
3180439012
1809894607
2817900063
3879027670
427377989
784553008
1511482947
3252191732
3733358498
1449945091
2489308310
860900954
930828527
267362643
280078085
2660197473
186146109
3165148556
1122259743
749261156
679727057
2797407413
1513667769
258488349
1636800339
2512712720
2064388862
809751579
2815325462
3967923187
2064388862
988635168
2505729497
3725959996
1234698801
4020757887
1308802489
3896335095
1234698801
47695060
2505729497
1233804280
1044113472
1970548389
3808006056
2847295821
1044113472
1665025621
3850755160
3095425613
3424266037
1673484480
3540102613
4071050314
1108113151
3425875355
1860115676
2311270819
3665510102
2273218755
3906586725
554230388
1341082938
3251736158
298833529
87327489
1236851865
3392653920
2440945898
61451379
1491306233
3989486843
3951348601
4286553601
794936870
744598492
2307056106
3919941656
654542892
1264519702
3287227709
529184469
674277280
146204190
1870370784
3081525296
1674538901
2854110596
3742979753
1390061920
668842573
2021714925
2900614216
3908110736
1016217141
4114813988
555754369
2938036453
2225856654
3477085701
3125218600
3873426546
3085972814
976472711
798233891
1686105000
1449426479
3327205870
2456148634
