2949950322
2363168466
3734744192
3270290982
1828502120
1030207264
2697319823
2837823940
1905846858
2415089287
2369431311
252780995
3354097713
763627686
640843210
2058009744
2136874731
1470117754
3767856655
2633201127
3630511701
3432932141
336355292
2102907028
1881556631
3810162636
1186790221
363444508
2929910111
3851474232
3162529702
1688134690
3434653814
2402129979
3494561846
45544290
1092614913
1654249285
4157822267
2765120406
159001254
3218648291
1209934853
1497235005
36030653
966427369
1311453521
2504664473
3914873494
1792486511
855157553
123798499
2202602499
1740925027
1964129719
2673256495
1360044769
439828485
3418298302
2535970532
2219115195
4171023076
3959297723
3731340905
2982209231
935014331
2621174945
577255797
2629441907
577558799
2274333497
1993207567
864959728
1570630951
2350234268
4246065566
803753288
1291178684
3517001259
3380192335
1546855985
1156295765
3517001259
3380192335
1546855985
1156295765
3517001259
3380192335
1546855985
3753652424
4026941588
3841791468
1836164555
1974022063
3271853206
285268257
1180000055
3124251334
799480453
986334327
2139723656
968067853
1329200332
3483383383
2392881202
2703215546
825330198
1254424175
3471634831
1526847126
3904640282
2007476279
3238658830
2365155039
3638109609
2003049219
3042420630
401829616
1455112624
4177952538
135026351
913646173
4137913493
1965857388
4254895431
2694390610
4054493748
1294256174
2860411563
4112726795
2856610566
148939360
828570790
1861525003
4275756967
