2949950322
2363168466
3734744192
2399183304
554743174
1030207264
2697319823
2837823940
1905846858
2415089287
2369431311
252780995
3354097713
763627686
1424386480
2084226842
2043569505
1362119920
1191160525
442985367
688286092
2276374751
1597801518
1431850316
803887673
772937708
3777098628
4124747516
2311633395
452233384
2828919316
4220035141
1379525518
420206569
3860987905
1644153300
2954930196
2765880684
908405865
585005329
2954930196
2765880684
2406415623
144375615
1955127344
1136617153
1335331754
3510595384
2227077278
752712509
3113744707
4219765121
2919591463
4070420349
335299874
4173001372
4215246483
2035297514
2553398965
1937207563
3954083029
3073787279
581008595
1129621739
2637754633
2694189260
3631436514
1875073619
2513037566
2614460137
4261023770
164379595
3996535466
1084136441
3573664698
3676134829
3482827179
3339741691
2249205662
1896881847
4188015004
1425952672
3167305025
2328474585
1301282963
1574221106
427546361
1961077466
3401183496
3420354894
3969981063
1913257493
157852229
