2949950322
2363168466
293172349
219051739
1598999689
1454299330
4173253772
2837823940
1905846858
2415089287
2369431311
252780995
3354097713
2608052587
1138853274
3981006025
3965427073
1780560374
1733339125
3895713058
3472012421
3658080765
40989811
240752920
1363069202
651804714
1875613942
1021566643
928361439
2321414033
3858411319
2553438032
471486640
3138767484
513895914
2564465822
861568900
2917909689
947164410
1397339200
2940628811
2244252998
297777405
3414545262
1544057443
3974219621
455561091
1355591944
97559049
1756067933
4280736080
1726713561
1653120105
1041259827
3284277890
2069788202
4006170486
2626890357
4068761900
1637715302
2563418127
198394949
4068761900
1637715302
2975444349
2665881333
1802793385
3523915694
727550663
4071864384
3781640801
2009455433
421688327
232333695
1289318170
2907545067
637373120
39074088
134605935
1739857913
156479671
2272702928
3918601886
1739857913
2583173482
2172616997
2134083510
1015473617
3559091230
3433362513
854127298
711944845
3559091230
3597864279
3837955520
1026342727
261963728
3597864279
3837955520
1026342727
261963728
3597864279
451716048
2273454725
3040061970
1826461845
1584142338
2273454725
3040061970
1826461845
1584142338
2273454725
3915744715
960929197
2972329903
1628976751
2601682114
50631663
2752085857
2670449884
388696718
1070932767
3527724868
3334445628
1134070503
3683556810
1320060572
675716902
3626940019
1214628829
1590769429
1783945392
2423071906
2511116
3389752191
2132982141
1090524649
2565744494
3335453713
1161947880
618646966
2256209104
2429546520
