2949950322
2363168466
3734744192
3270290982
1828502120
1030207264
2697319823
2837823940
1905846858
2415089287
2369431311
252780995
3354097713
2608052587
1138853274
3981006025
3965427073
1780560374
343535169
2521983117
1906842092
139183670
3715504235
1820629122
2686137861
3856254966
1106141492
1429510567
690390696
2771213863
3767820596
1171857059
1047880559
448427766
1722313209
71399071
3514607810
4186079571
2911017967
3479929993
1957183164
1616079812
2920636682
2973971430
3453298109
632776436
355312438
1454936955
2019983285
1342045952
1142779102
1596380625
3893496996
2574520805
3722596951
2459405502
3773011837
733028172
2811036578
3450830984
3663750837
1142195471
3293454114
2405678785
1157396480
571933833
3625825828
1294460364
3456828350
7759494
1219615138
2616382396
2476488003
1489943922
208547627
1347512690
3882460083
4223969083
1012183977
1530536066
2704314927
2077997106
2756847908
425358698
3062251858
3774327931
2289114255
383383581
1161352194
