2949950322
2363168466
3734744192
3270290982
1828502120
1030207264
2697319823
2837823940
1905846858
2415089287
2369431311
252780995
3354097713
2608052587
1138853274
3981006025
3965427073
1780560374
343535169
8567609
2089854006
3495467900
482817531
127790090
3386631876
483672374
1936923024
1380217553
4211062948
4141307343
3900009167
3732308492
965538669
1081027767
1272535515
3364976045
1287223885
2705069156
3149175429
302740224
371311329
1537735113
3839088001
716091577
2487410544
25723675
3568655686
449329278
2407709184
3781557446
2158682069
139277699
4140166069
2145175930
3785207398
4202323372
4161421726
913777830
3372219024
109223848
4161421726
913777830
1347963477
385103418
2080090385
3485204320
3535471914
3326103634
174405065
4115519800
606619932
930552866
2459194900
286998765
3964131134
3530699411
3344436969
2653661076
704781776
2073628824
1390402479
