2949950322
2363168466
3734744192
3270290982
1828502120
1030207264
3856309422
3963259109
1905846858
2415089287
2369431311
252780995
3354097713
2608052587
1138853274
1799170864
3007692478
2814307270
2074108164
2446266771
2591646975
886158764
2439320122
2944677117
505028661
3305441148
272161057
1644372948
4148797866
1985384008
1651381761
830166096
3135332084
2582569812
2115277365
19982244
1933900903
4101493649
2884231389
3180853778
3487818193
1098657036
594294808
351778989
825226460
4129442459
222224806
369740831
624938182
1207396177
3775715028
4151495707
1436509532
1840956519
2932792822
4052017217
3432313575
3368470287
922856300
1456481739
3906280538
207124538
3513176813
1986611233
2336125271
3793648446
3573590458
1794404252
2474146174
1037084717
4048488106
180109716
2875697822
1484533070
2888664901
762559386
1543097435
3586592575
2325765941
1187103229
3891069566
1088592050
2836943516
3840620365
2540116896
425318596
93656419
3388246955
2647967965
334105529
1529722013
3660952155
2202914753
3351290207
1036653554
3431493572
2878454162
971996596
2547654729
79940611
1160642303
3593736885
2547654729
79940611
2406988141
768831499
1012428305
2116639098
2249261305
1420606266
1089322
