2949950322
2363168466
293172349
412704822
1255791204
457365292
3042100066
2837823940
1905846858
2415089287
2369431311
252780995
3354097713
2608052587
1138853274
3981006025
3965427073
1780560374
1733339125
3895713058
3472012421
3658080765
2468067617
3224633188
1436862008
1502358355
2273651522
3419343674
2195543014
4156250486
3198747050
982349580
825950816
378546342
5889249
2177685788
1915386089
1434538543
1128834664
775126076
4180760908
2339060815
338051871
1673611815
500371313
1446572538
3524328986
2689243929
1742493620
3500009075
256438577
28063880
54930888
1320503321
3583714809
1800267141
1904049464
3452156960
14352617
806812328
1812859021
2910337522
2759723907
1364090987
3613714629
3324037242
2401905404
3435076273
1940895739
4130148137
1235606992
3348831924
2901448170
3775131707
3172663838
4041762767
2901448170
3775131707
1041884978
3081910537
375816660
2417838240
1000182714
2580618422
811622269
4011999629
317720124
3177315277
3792088005
3068449274
598627204
3754116725
1987184062
998334575
1949656775
1053000188
