2949950322
2363168466
3734744192
3270290982
1828502120
1030207264
2697319823
2837823940
1905846858
2415089287
2369431311
252780995
3354097713
2608052587
1138853274
3981006025
3965427073
1780560374
343535169
8567609
2089854006
3495467900
505319858
2071318395
3738387450
2378564011
551557011
2731250015
579930994
4108560762
811705109
4284226527
2688240599
2220457456
3495520076
2607502123
2226185138
2509453706
1153374469
6564770
1962835674
1673343088
388457736
1579043696
1005799353
4030001680
769149342
2668045193
2029867752
4273023675
1564241025
360235828
16443382
2015283707
2182380374
3246476059
3392618103
1688203044
1897778150
2411894425
2652344742
3284989642
1008035315
408782122
827681112
3151437459
886225048
1490902025
2860707602
