2949950322
2363168466
293172349
219051739
1598999689
1454299330
4173253772
2837823940
1905846858
2415089287
2369431311
252780995
3354097713
2608052587
1138853274
3981006025
3965427073
1780560374
343535169
2521983117
2174586544
2882853840
226830629
2143212496
2554634929
3785850219
758698988
971123583
3122164887
835284570
3687599474
4173590738
2898520686
549991137
2970217067
3314574071
3428216675
1046257428
367632255
3482249916
1993972773
1377208764
2893804177
494895006
1108881299
153754612
129880353
2836725874
1904688259
3794367307
4132770605
2407807552
3242607676
3496320516
872637356
3440022601
3965041579
2775356883
3555123730
1436363622
3230978605
2309880917
1589342980
1335404860
2559452781
528098389
3362564868
2615989710
1687054863
1699799193
1294258185
1740856819
2653969868
2575300982
1106101639
2235625778
1432278721
931321742
3448268067
3648204891
2697486703
3079352261
1863914292
2019188126
2697486703
3079352261
1863914292
3060190048
3249543503
3109304130
3625022595
1723222556
375191101
1076890032
3529867611
525092459
2997643437
89572665
2533576146
1592302760
2766286341
4102601032
1889580712
2918049734
3811547578
2218962872
332336821
2649869777
637842317
2469235087
222205959
1121484612
3159044713
3607606858
835720636
2000450955
2302780787
3484271940
425827826
2653706058
4264192637
1209080088
2551135979
1195363340
2483645006
1586170825
3220188619
3636449017
4039900777
2071742509
3975276832
690431644
1848479279
3791315361
1029604644
2649270611
1344141829
1799786708
2319300310
387661715
2967679676
429085677
4175984111
1372939604
2599810143
4055462012
3272212893
1667574918
2928705488
180649535
