2949950322
2363168466
3734744192
3270290982
1828502120
1030207264
2697319823
2837823940
1905846858
2415089287
2369431311
252780995
3354097713
2608052587
1138853274
1799170864
3007692478
1495977513
1386003269
2265627820
3679455837
1491016868
2227279462
3629733692
3510582568
4218841160
393400586
1273630800
2272640727
2411153873
705807696
2668707698
2261043283
2325903870
1428941032
2385825697
4062630062
3361768062
103188656
3848899051
2545786257
3516566639
1018071568
3450921393
1234759249
4250927116
1963768334
710011822
853798589
2420582363
2052777036
3297518640
2207562603
3008971050
3995122783
2977820159
1891877375
2849452682
336313411
2325960913
2450295482
212102696
96601148
1599753165
1622025689
781384807
1111450455
