2949950322
2363168466
3734744192
3270290982
1828502120
1030207264
2697319823
2837823940
1905846858
2415089287
2369431311
252780995
3354097713
2608052587
1138853274
3981006025
3965427073
1780560374
1733339125
3895713058
3472012421
3658080765
2238624250
4069112002
3147554846
3904087643
3808809783
3722769904
4178893652
4114363967
759473073
2420965375
4293633881
3166859769
954891801
2861873727
2195753647
3811065896
671666467
2682918757
1113989264
4239450348
4258447127
2074703459
3492392313
3080238044
2322048663
3424801151
2552384451
3933744832
1557497337
2889079274
2503826814
3645373030
552294319
1405989747
4130273605
2498122450
3584982418
3303693613
3151516060
2624813914
1641134845
224225829
501088047
1661457399
1360807536
1878876343
827025920
2291984094
3247357442
1986820164
1624890778
2447219637
1279191560
246915238
2325720902
2905900416
1842810487
2210508295
158963453
4223839567
29892578
1012080841
3956550483
2028476936
2622918183
2149682305
4137011331
1772652933
903312058
2800436193
2371892355
3222233175
1160278156
1398172227
2913523196
3857458445
22196514
3786428507
1772892631
1423973079
1569091779
47915363
717235119
4202995012
3533676424
47915363
717235119
4202995012
3533676424
47915363
3064613929
4224963623
1654747664
1247763329
1780674342
897564294
564276127
3205156621
2883017236
897564294
564276127
3205156621
2883017236
897564294
1080344236
2839709570
3181318811
590870025
938107664
2839709570
3181318811
590870025
938107664
2839709570
1160454559
431218885
47482017
1719716258
3492635291
3943680294
2194343617
1602764993
3453863978
3972657731
1425403236
3636148189
4037031185
1846071683
1849082656
2238739614
1468917832
3483107173
55977044
2023968813
3747306754
