2949950322
2363168466
3734744192
3270290982
1828502120
1030207264
2697319823
2837823940
1905846858
2415089287
2369431311
252780995
3354097713
2608052587
1138853274
3981006025
3965427073
1780560374
1733339125
3895713058
3472012421
3658080765
2238624247
4069112015
3147554835
3904087638
3033292137
3628109233
3085423895
693530154
1050249239
3101835619
1858669638
1145828939
3191948518
1853052198
2658836012
3541420792
161707635
2862900813
365971973
1993791555
1660532887
2200680049
3615764808
3745957454
1732479890
3550777160
1695097969
908157492
3969375935
1974713689
1883709218
3915611332
3969375935
1974713689
3175736491
1971487630
3827827150
3177372621
660470524
1547468701
1561438910
544184959
3021256644
910110984
2987867880
1894305303
3646367634
11855775
950111322
1720011049
4147104617
1894305303
3779218519
1720011049
4147104617
1894305303
3779218519
1720011049
