2949950322
2363168466
3734744192
3270290982
1828502120
1030207264
2697319823
2837823940
1905846858
2415089287
2369431311
252780995
3354097713
2608052587
1138853274
3981006025
3965427073
1780560374
1733339125
3895713058
3472012421
3658080765
2468067617
358641749
3486960862
1167676482
3994652504
4288378376
3731037003
1770118413
489780758
1691527628
1001781702
618900266
858541335
3685089023
3020072537
3089779506
1109457311
396432953
1043895073
2425373298
3297794254
1458478312
2277686375
417223600
3414276334
1821254178
2461976921
3425937982
3751763635
1283896057
4001709381
9674037
3617978361
