2949950322
2363168466
3734744192
3270290982
1828502120
1030207264
2697319823
2837823940
1905846858
2415089287
2369431311
252780995
3354097713
2608052587
1138853274
3981006025
3965427073
1780560374
343535169
8567609
2089854006
3495467900
3689868816
1941025910
3187130040
3634159729
2100980976
774844065
2198419609
19054165
4077596992
3645006880
2670188228
1616979030
637834930
1832297173
3523491160
3338625056
219792862
3284444073
608096968
1643914043
1046614135
981943214
1310941323
2793329870
576117550
2347315883
4283240846
2440143333
1744266264
262180092
1319158425
1659029204
372700327
3857534111
1170672111
1362910359
2044386110
647030409
4136545951
503782775
1726111577
4103904127
2200774855
275253928
4103997654
3372562429
4224684767
3751622978
3981941856
1202186134
515337480
250118853
2129820980
565723267
1394461302
3725570847
4122653556
3119551244
2163770986
3434259986
4073444064
1480304918
1130155378
2265046410
1268675341
3331066468
1323348070
494336017
3459642872
4233658474
1894524386
384191395
295119415
3063460091
3941026756
2258196489
1439085399
105970464
1513029663
2996896012
263394216
2830928228
3317600959
2847965554
1736870844
3230208368
1125390195
