2949950322
2363168466
3734744192
3270290982
1828502120
1030207264
2697319823
2837823940
1905846858
2415089287
2369431311
252780995
3354097713
2608052587
1138853274
3981006025
3965427073
1780560374
343535169
8567609
2089854006
3495467900
482817531
127790090
3386631876
483672374
3027209027
4072929068
2640621450
2153648169
2667327273
4108233731
4285061487
2889916202
4044087482
239931944
3124551364
3568220419
2419653297
402653135
4026896046
3349024283
3006934334
3403281124
2809065246
2384554737
1528607916
68369590
297146428
422692972
3812326081
2282117755
3078776862
1625180264
4069245059
3784286531
1442761737
4075902661
2989377425
1746152450
3351779386
1423045744
284628039
109645448
3969174815
1177181963
3212671586
567647984
2262332030
276944977
2194952378
899015037
834899893
933678319
3558114439
3293589798
1046119307
2317014522
1183424075
2400322388
105151976
2337670273
3588230710
3981073253
3174906862
994505370
2258271315
193463610
2409630426
3921808105
3593889021
1218347119
350321488
3143124656
2754465452
3046950261
2548016610
1236823479
3706908617
4083807711
1378057680
165076275
