2949950322
2363168466
3734744192
3270290982
1598999689
1454299330
2383672140
3750297092
1905846858
2415089287
2369431311
252780995
3354097713
2608052587
720219555
1451898443
2398266309
1057494222
287750652
4215916907
2805346900
3016582956
4149945502
556420533
3256745288
804423158
3692307459
2676036686
3236316232
1814985474
1908251343
3715311515
662279478
129043194
3097601968
2252201490
2453782132
3881364570
829735456
297557484
4131794061
1519260615
2909991861
161799705
4243682808
2112451390
578240626
2539551344
526296098
2180399280
3237351125
2772848459
812012573
2932781199
1005497305
2772848459
225855163
2475018523
4036515567
2068292233
2930544979
805598657
1505802790
3669446196
1343482318
54243211
1463530807
3568608206
1501089219
2399773928
2276227624
1785612063
4215679317
1912476079
1824828940
3419092160
3821219877
2008596904
3857533251
2476176651
624614962
3559175571
1553244856
1163881830
3885946647
1955019613
2082661789
4289590116
152470718
580776924
2238054131
3904094579
2193984674
2709382461
821945055
1242684394
4031377829
3208405058
3933005030
2037713068
2677165769
49104442
3098897525
3376326476
1936100611
3811440813
332995196
2419167022
899017051
3516260791
3643817847
2006511140
2890833186
2723285813
2484039990
1661945887
3333107306
2872267337
3161923375
3960929292
2209457322
1312133958
1366005008
2020720840
2760954356
2277406806
2109000443
1293184420
3008916279
78975905
3371970311
435511703
1377738524
4111533520
855268317
3814813462
