4016747520
3203512648
440700063
1506917586
3363520146
4082455722
347022795
933271659
2721234856
211447547
2159491640
610342804
3065338637
3928857175
29178603
1898232168
3347463981
301422086
4237495272
2282791267
3887593925
1681452860
2907717213
3486766052
4018068273
3781315878
3379186115
2412131756
4158978269
2524403632
551222409
518986020
346638182
466809409
3190929527
2823791288
672479381
2077263724
983083052
1903384231
945884795
1103578630
4215513746
2753491762
1583206812
1153523934
490337559
3324635008
533979126
1128996524
33763820
1526315510
444009217
2487863397
2439091873
3080417393
2672132327
1146458736
456311421
1525588089
3481044922
2677018560
3813141637
2205567410
3258869490
2237824829
833870330
1902880769
529270607
2893810221
449597582
681649436
3793353991
3410240497
1301397174
315420438
2388307610
1615046703
245630817
1269846826
3482868938
2652044617
3016154791
2740163713
