4016747520
3203512648
440700063
560653991
2965398759
2479872327
1949673510
933271659
2721234856
211447547
2159491640
610342804
3065338637
3928857175
29178603
1898232168
3347463981
301422086
2475677882
22778915
2495923296
2899423141
2849904111
3724429398
4090226742
1883569871
535012969
3894111777
1589036312
1010116769
4116576704
2452843243
936386781
1173084712
3775248660
227603755
4075965162
1376124890
268113115
1771640040
296625503
1212441593
2071094048
2573949406
216458133
146069117
3507074379
344682174
1909299508
301743107
2938113481
426953982
1783741666
1682778869
4193208410
1915796540
3399252400
4010973846
1505702319
