2949950322
2363168466
3734744192
3270290982
1828502120
1030207264
2697319823
2837823940
1905846858
2415089287
2369431311
252780995
3354097713
1238743893
2444046043
3111223409
2931713612
1031952151
2414558635
3707666426
74203915
278337139
3431570609
1152572187
2494512301
2126531642
1970682198
3688818693
1475594891
20880990
2070570385
3317474797
1212694862
1179965273
3552833029
616814380
3898374571
1843315065
2892033401
1898822679
610338535
177447992
1954668910
734780633
3579351540
1330901886
934719824
2153019158
2996752948
2845418693
120879776
223392706
2021820859
3091389326
1350145936
2212292809
1318586744
4260780133
134015688
2881232792
480936213
4255221656
484090266
381577464
1341436667
483393047
73411708
2797921562
1557026743
4035879655
1957080327
4134439383
1642277082
1161784590
1280902938
719010571
1182180411
3938360177
1164095305
3687467995
4191259422
3898638535
3935202358
3393647610
3135921596
2465626689
92003148
2780337098
4243907199
3782906309
773508297
456550284
748398154
4242479265
1542302144
991069366
2398061262
267879432
167708773
567115718
145501335
1171633305
3967076928
321552294
3275200528
2348466885
1029138940
497022512
4200957777
1827180214
865066686
2636582893
3266919585
3563465175
1657504494
3211657171
667569942
1367214868
2326296594
506951778
