2949950322
2363168466
3734744192
3270290982
1828502120
1030207264
2697319823
2837823940
1905846858
2415089287
2369431311
252780995
3354097713
1238743893
2444046043
3111223409
2931713612
1031952151
2334391962
980524615
4142805184
2421492085
1382462944
3531958690
169301331
1707793801
253194956
3827797129
3274309822
1250025093
2080818993
4287222216
4097811620
4246116808
3229739648
1196033581
686644875
3549879968
184869457
2486805335
836430177
1577542075
2740713064
820470161
3271671908
1677096276
1994148142
3287642924
188513742
1415654510
1930485422
