2949950322
2363168466
3734744192
3270290982
1828502120
1030207264
2697319823
2837823940
1905846858
2415089287
2369431311
252780995
3354097713
1238743893
1578786152
1992750018
2931713612
1031952151
2414558635
3707666426
3611822742
1025997313
1384129191
3507434590
1263555968
410522565
1455058361
4161977578
1978030153
1458169321
480718246
314293169
2267841261
1881979844
966719165
1575084421
4160924595
2768700838
1482396277
1091125576
1585884011
2635685179
355502974
3028249854
2315850073
1038866207
2222932793
1197633040
963652422
1714256614
516438216
2561929660
257536267
1837477956
3600204895
2311820799
1063665350
2432156471
119374720
548679784
2518260561
1577036118
82519
2329251544
874011517
3104449044
