2949950322
2363168466
3734744192
3270290982
1828502120
1030207264
2697319823
2837823940
1905846858
2415089287
2369431311
252780995
3354097713
1766041954
1750163498
3995847773
1605752981
53287375
2104870520
3576339486
1551688354
3446245114
1229031706
3281339797
2543148841
1703323959
484755489
2413361530
2615173427
3371508578
1525435926
3287527108
436887478
956686870
2731148705
3056685273
1513855516
430877265
2797471515
591183817
3102955646
1706952976
902392219
1456471005
112761686
3207376974
2681344067
3720439937
216877070
1825192444
57499994
1140049064
1116838739
3081622814
1989250277
3627638198
876471540
975270627
1463843224
2103096184
21539959
4101300794
4256362414
