2949950322
2363168466
3734744192
3270290982
1828502120
1030207264
2697319823
2837823940
1905846858
2415089287
2369431311
252780995
3354097713
1766041954
1750163498
3995847773
2423460842
1598991136
2279380945
3678688907
3431706806
3631277518
2757950145
2385227681
1080927599
1469622561
4206804761
1770163778
3743623119
1479862132
1033786679
2574497713
2814753576
2422094749
268738992
1809458116
2446365033
2119583043
1422708625
1088562663
1882210792
1501545479
1925891180
1420437573
2371082550
3255428284
2517237248
275920756
2279534089
1754594847
3007483161
957158789
3894490378
3373580650
645959575
846977775
2905943550
259629810
1285159562
