2949950322
2363168466
3734744192
3270290982
1828502120
1696378403
4173253772
2837823940
1905846858
2415089287
2369431311
252780995
3354097713
1766041954
1750163498
3995847773
2423460842
1598991136
2279380945
3678688907
2807449988
194934478
1407555163
3496640674
1984613019
279033371
2131160765
1032823827
2557275685
1184836506
131531994
2321550171
2008901455
614999326
1908086018
4218411405
4246616211
2764707746
2372392676
1528217551
2890249431
1740974585
1425221920
315958239
3112753001
4072334094
3691514712
3442200928
1157760805
921428635
144547644
2077221826
2705928630
1262382141
3474351069
624399917
4047153441
3194000555
4204620296
932116502
2181898081
1473335340
3227316513
1772956468
1084387240
149340189
2008419239
3883566863
4261749318
2106209471
3879252911
136899136
2288754323
199526506
1583520793
1664627896
4105541045
1394650578
1969886562
940805484
3256434625
1823600274
2646329127
1058999873
2907342506
1291690992
3735563035
2180348603
535194419
4266741353
1614962657
1058999873
2907342506
1291690992
3735563035
4085158025
1630214242
