2949950322
2363168466
3734744192
3270290982
1828502120
1030207264
2697319823
2837823940
1905846858
2415089287
2369431311
252780995
3354097713
1766041954
1750163498
3995847773
1605752981
53287375
2104870520
4277850241
2007805501
4223197243
474124634
2837242210
4135768622
2779419755
2808309219
2981916821
1353370374
4001106810
343325143
2588441267
3713066472
1315755187
443338255
3556201232
47936415
3567917748
4291701370
2634449389
1593826517
2291054078
1187561264
3832313430
4032097823
2738990158
3015758731
4176668652
2109614453
2882486366
176539729
2820735287
417553809
2346675402
3435656081
2045692307
1391530537
1392844669
2836377040
3365667517
3449010423
3376944129
1298144225
3828777191
611707823
1685926697
3308763942
1898149040
532995070
2821070264
2173426942
1456995464
2386935929
2596181249
3870067214
2907141253
3772586525
4060004389
2633064206
3515116933
2397257103
2146582297
616043923
2903755688
4050399383
1914422405
285710417
3431706532
1023653554
2776646788
335728817
1156470987
943307662
2671124802
4068562538
1858753179
3994134066
1530436656
3317434343
39477290
4267079622
1541591120
2716361469
807919946
2922705090
759366864
2528541324
597639310
2463745011
3300211838
1767183032
3462039668
1863319675
3661183609
1143614449
306631804
2054420278
3839562660
2364420334
306631804
2054420278
3839562660
2364420334
306631804
1916856651
836098310
1507916364
3343392478
2944220564
836098310
2395305036
1005342286
2784976838
2245302391
573347160
2389467144
1247526210
4181060703
1801479348
1324255122
558489396
1786622092
3313517178
1730448156
4144679600
4167022330
2600525193
2486044830
61057427
2171309379
3795117616
1639706825
1361130763
3796853782
1975698715
2827981941
4130093217
727804367
4133471000
2865168962
2012850325
727804367
3142527075
3248921419
479736220
1473771385
3313663890
2568666824
1306701587
314572467
3041391516
4261950841
1785927874
3250922140
2593064982
2389990766
3602582507
2476700432
1574533598
4286427320
574823023
2135340154
1606662207
3941237309
2763480987
2957773539
2114584621
431255572
4031691322
1717797979
2821033621
4151893813
3954446994
2107190515
3017745981
3563148804
1075477439
3876970867
1936641224
132016083
204880856
2670712722
3513911860
2344484117
4120599940
1463784674
3173144437
396150113
834736698
544217571
40761728
3525920619
2698913658
368516472
4178757996
1278997358
2698913658
368516472
1753621111
937128919
1160516550
4026870212
2456440011
3442941291
657121020
4151205911
1662340524
58904905
1625143866
2412635093
3662411686
1868746148
3397486482
4274166791
3145814008
2752423387
95157533
2802791547
813864310
2451987472
106787243
2767829197
3787090738
1126081108
724271390
3426192130
2266092177
3939530031
1861778127
4283627663
4073895931
3749031811
3074460873
2746997169
405389796
1697125633
3736735060
4262229974
3406036535
457654492
2299709495
1314363205
3920599658
4132160749
1276374690
1408741413
1727543748
150548233
1623985219
2728055429
1505457840
2315241563
3229373765
