2949950322
2363168466
3734744192
3270290982
1828502120
1030207264
2697319823
2837823940
1905846858
2415089287
2369431311
252780995
3354097713
1766041954
1750163498
3995847773
1605752981
53287375
2104870520
1770951424
1647896172
268639385
2572509733
4004670237
155720316
2399429167
3534475115
2950037418
3152898019
3908576690
812259651
2069376292
4079502120
2999890626
351360396
1205408713
415122371
1702278052
1899687402
4112423756
4094831032
1971792965
1552443609
1036283782
3186629787
4268043478
1098219932
3587962600
