2949950322
2363168466
3734744192
3270290982
1828502120
1030207264
2697319823
2837823940
1905846858
2415089287
2369431311
252780995
3354097713
1766041954
1750163498
3995847773
1605752981
4159341299
2310167876
3576339486
1551688354
3446245114
1229031706
3281339797
2543148841
1703323959
484755489
2413361530
2495585566
2854479036
3193930970
3544614931
3515840923
368519650
3854252272
4251303499
3073078788
4114091718
1300964381
2700790576
3186462947
1783740949
146047006
474994022
3048514319
3583234813
2331280112
1294453930
578851852
2115523926
2995256273
2908988758
2981201508
139797209
597283695
1432375125
204117334
1945777152
716238339
1432375125
204117334
1945777152
716238339
3915169516
1395917078
1746561838
1132354528
3443562628
1475485588
1660013801
3936188139
2836511429
866336213
3181212645
2058096200
3422449301
3797135315
1197235298
3077829451
2379188490
2399565954
3048866499
3077829451
2379188490
2399565954
3048866499
3077829451
433791512
1748670468
3192647983
2124242919
3251329656
3147601160
888007952
2635504505
3465995699
2391744271
3964548651
309124437
3690656462
2259783006
785544957
1939409261
3690656462
2259783006
2293046089
483800818
3523211714
1097260142
1445302980
799610945
892709123
204285361
1959332796
2760017233
591757359
2951526374
727042167
502618512
2479594228
1774266457
2456251395
658945249
1954745112
701002888
2175504171
4062684102
2931778204
463387262
510200621
752515788
3532361669
2381111240
3727253553
