2949950322
2363168466
3734744192
2634980557
2062871980
728752356
2413483315
722270367
392732999
1274044445
1707458685
1899926789
1784279393
2486324652
115736885
381284088
2213768326
2872033836
1674943454
3492124348
3030003454
2946324495
3760807591
3737679968
2020225036
810540597
3069461560
2714699438
484250634
898798053
314003055
3251221875
2399914767
2529166545
1320332343
1150681866
3233680618
241396381
3566424764
97025603
2614849483
2047727968
2072562761
3042290238
550173309
927873695
3123514439
2422495527
1486749909
1673882116
583345249
3596488902
1987335606
2580198116
2123370593
951458462
4000989736
3349638698
1443753066
1816931085
2885731300
1262442508
4039779920
3415297153
2396168062
3841323717
3729650438
1276233504
1103352031
4125780635
25803696
1626023694
