2949950322
2363168466
3734744192
3270290982
622255943
1719922442
3258374877
2477643669
2949221965
3551401381
458509399
2863594332
947566533
3991711788
2303920238
3855746180
403662992
1260006081
943282902
3587580520
1215578311
2592635795
1498716725
2776649473
163950257
717886225
3061458437
3940738911
3302442815
3017878758
4246950554
3977331517
551204342
579523775
449383813
842474516
3106580797
1649130997
3692589089
2843638449
3058328766
3306690624
2081873746
3929897092
3627586844
1636896695
622193321
3280987804
2021300416
564308925
2278598331
2042305142
4254274966
3915923694
2322865210
2617902837
3106328362
396279972
2181140711
211704890
2232609821
2653274532
2895556677
3135810186
1536396424
3638851738
2925198737
156591965
2522987577
829302517
617414442
2868001870
2796576000
680435300
2217256539
677925643
1215196732
3436646829
148950247
3516863667
