2949950322
2363168466
3734744192
2399183304
1761267881
728752356
386644284
3017643152
392732999
2833476160
976692953
877026005
443808437
2488089041
1555521571
3745019610
2552293761
1716213068
4076984114
3688724888
1837105117
289294118
3782228005
3750829794
2033407630
823572663
3476695735
2228343868
4207853000
3910682818
1831880482
3737143872
1177117603
2410872508
267494481
4259467855
2711464304
4062042042
2531859585
838692858
4205407221
4020045174
3520579731
3534128398
2323245776
2019003595
2870653038
470784811
2081007132
983947891
2939849264
4019005112
2928503005
2975215674
971384593
4180047140
1531046842
3476691511
2470830344
3049195480
3275059225
992094846
2579304457
3701041394
1116371322
1625649788
3964786676
2911745520
727197879
2315051473
2513929897
192897595
761025721
4251541691
3854412752
2064994114
2980943705
2076050068
