2949950322
2363168466
3734744192
3270290982
1828502120
1030207264
3667772993
2567501324
2775363540
3786906995
4135091022
2866854420
240488387
1915884587
3133689305
187890386
2374590687
439341274
2274210421
374941472
2840169066
2397216940
1450220637
867527473
402680666
1486263930
3758412187
726693549
1596720679
2115726694
947838850
832490441
1845557381
2027941363
3682889653
2655428166
2960342566
1674985855
616346320
810018728
2520115886
1730904335
3178551219
2142081164
3575072964
3809779719
124385608
80377250
3217108449
1015611799
1395546417
2286898681
3794602850
3714498672
907830342
2133150270
1479067145
1891564942
3124667299
74280567
1862722857
814117581
60968914
260743865
2342694233
3783274099
4123815997
2197429220
2943899396
974276223
398115847
1371710442
834969309
1388190932
97063205
2180888820
1913152645
2592200557
264983827
874648007
1587808299
2566458686
4068414674
874648007
1587808299
2566458686
4068414674
874648007
1202601258
1022944995
128132865
3452697486
3330117346
940978735
1684654352
3401652291
830705297
3675651206
1446019774
1971907361
2395635187
918576427
1021089243
3809305636
2942411558
2915162749
1857405932
3772550614
508842976
2261263417
3399803707
1001775533
1315429332
957496016
4006013509
1056242565
1637067662
2591703202
2830165376
1532018758
3048033408
2449467165
2130865115
2234534622
314436563
3901737686
2130865115
3496442176
787457910
1301183141
1715174094
3717175850
1241660199
2355052082
466788159
3602976033
3485378664
4085051396
1633267970
302763516
2670638020
705137094
1082232874
3797095116
4233824009
3625183184
221701381
3098907872
2714382761
3512773455
1189939778
3969554611
2151090051
585467237
3043501160
2191076679
3996430967
1320286425
572286953
3165946747
3771430980
1489066140
3706279804
2987717499
3392056058
1793974908
746197933
2261025209
49057369
4062024298
1703949159
3475939699
970014583
866286181
2754599784
1335609912
4294157805
340243645
2754599784
1335609912
4294157805
1188212264
3892211115
3717214154
700548545
1729260501
2470691294
764812432
4024951542
2202675128
123873368
4093189375
166964818
867564674
3384757807
111473146
4239278935
397951284
3704564783
3447597046
101272301
397951284
3704564783
3867770623
2127162475
1276108249
1478540557
1649344364
4028331911
3786046558
1127564841
1911781275
3819372400
4061656233
1351143134
907169953
2492295894
2934122679
408121876
1192226496
586472134
2019687627
3198403496
2998472948
1641090018
3603246847
2788135646
359692164
3033870146
3462293732
