2949950322
2363168466
3734744192
3270290982
622255943
1719922442
3258374877
2477643669
1035846619
1629815425
1564564313
556187825
3923548483
1576929198
1942726606
1415613704
203124125
100366806
1122231949
1195102059
413531175
2189225792
389442878
1558034161
143414851
2267739888
593348491
897766141
4013190774
1628089618
3528922239
3157928470
2682682458
1087708328
4247454232
2124682465
3418765633
3740424130
4021692565
3343384836
1609544129
1255923522
402833584
798572549
1117183790
3204172511
1328331451
36570643
4245148155
2545270841
2948655773
3735484380
2499731455
3932032311
3257091561
2279715866
128055507
1935421280
99117922
2594286977
3960859011
1868701073
1765322818
4134631073
2160407203
529331264
1765322818
4075108190
928291774
2820496733
4119442776
2866078968
3697320186
1126786585
899490331
2999278892
809454675
446410168
207195112
2935833230
817636754
3398304919
291010449
3239889274
3416144057
3660526432
3271292939
3544904658
3084726464
2502300205
1406265138
