2949950322
2363168466
3734744192
3270290982
622255943
1719922442
3258374877
2477643669
2949221965
4082192151
1564564313
556187825
3923548483
1478897224
1340721269
1705024789
582484558
727193093
2366235888
4281474565
1786289275
800746888
1881431748
2667141178
1031990243
804766546
3967860907
2941557159
2074645337
294260851
343847432
660113628
256937017
1787801082
1669739704
3996203833
1719783465
3426809717
3307642209
1114339017
2526510135
2188126543
4028117644
2403092253
3544431650
1874841278
2565653926
3251704899
436692805
3723245896
717173328
1187062173
1419888480
3948216646
3454911504
3423384911
3478832088
1430535901
2612150363
1773711404
920641574
2485731165
4096721514
2813295776
932989773
332325072
3706428194
165952720
2004269100
2239514715
126245156
3477191133
2087009810
3587889047
3446998524
1901449126
2290029082
4113542782
1860192713
3687412683
2500529591
2868863907
2248119328
1846511891
327560532
3771151691
508852326
444943220
2662155412
29439788
4290570196
340589287
1486033716
3325818790
2920207596
816197758
3213405992
555764666
3874486500
4150195005
490942634
4134784751
4175692858
332724863
1546788156
2670669845
3153818285
2857007476
3553031153
2635406821
423432709
232818460
1379047902
612818396
3580192706
2077079185
2177303612
4109731706
1548288637
1381340266
1039322316
1337107809
262889437
