2949950322
4266632762
2886671464
2399183304
1761267881
728752356
2413483315
2477643669
2949221965
4082192151
1564564313
796565932
21955020
3561006654
2352694955
629452590
3022925166
2399160150
632987422
3866354946
2454622524
4129953340
3981275736
2451270791
2564463277
1419805764
1048390401
166112180
115431117
1496533007
3935519072
3105046442
3602147084
2417498979
3489784287
1016691197
2317211235
251702136
2588551430
160064027
257949396
1496514905
936685079
2955576619
3948982177
3312636217
1703987599
1701660809
3436959825
1191887516
833898391
1831634637
110295436
259190215
2320891164
880812114
1797133086
3901818343
1277440048
1316215607
2773709629
3538040928
2668493526
1969171234
3387449665
1156453557
3251176558
3145780437
868992334
2738172971
1120117342
3915505097
2668276957
419344101
2085986220
1218383044
2996158057
4253809610
3796912979
248042353
1975014049
2569063043
3856823194
1981954183
806459680
1820940410
1703922439
1729078145
226094672
