2949950322
2363168466
3734744192
3270290982
622255943
1719922442
3258374877
2477643669
2949221965
4082192151
1564564313
796565932
3000550147
1742169329
3480006276
2863225320
364508322
2505713888
1304957969
1994817065
2513555156
3150164044
711537164
4073196111
1736607793
1851956346
1782756713
1872403599
805613507
3199237717
3014473889
3770186480
1241686712
2541466397
2558283364
3144938436
462547826
3443633981
2787779683
1195700082
2490517808
2750007685
1867680055
3903627787
2610732863
3025328777
3180648221
2794693100
3555145959
1031054738
3171582372
3455081693
1727413257
896417796
295595680
1415356243
3499434226
134808385
1739480039
2994330506
2725320908
362012298
2960168124
354331878
2289616596
457504655
149422850
1971641892
3057928833
924481118
3694845524
1605748909
3829446385
4289152315
2678159372
2395180856
2474867335
2822717650
1379267199
3815215778
2787393885
3231676648
276918024
2696469856
1498148175
1925225005
3875731199
3431563677
1385861141
3802342013
1787521378
576861494
828642249
2039304093
850073102
2273455116
2460487798
3420174603
3783219424
4075885846
2524877541
2189805469
2071394226
881856753
3229535647
3444955573
491507285
1108778997
2587047321
718962847
3920353149
3782321701
1931751118
3209015302
3113233609
3720634826
1019168712
3136526717
673240106
4141867913
1084502088
2061567717
3709406154
329671006
2472013520
3353583756
1263179589
3423034877
4023173190
1065909933
1672952052
3239309714
3097459479
230048021
942664135
1894362439
1958917106
