2949950322
2363168466
3734744192
3270290982
622255943
1719922442
3258374877
2477643669
2949221965
4082192151
1564564313
796565932
21955020
3561006654
2352694955
629452590
3022925166
2399160150
1562212689
3658474192
3244852916
3583235020
1087984050
1228490233
380073653
1653025548
1805399554
1739905897
3247739216
526865647
497984871
1652425777
3418484148
2382568519
4198393977
617459142
855194053
380342872
4283328005
1500527021
855944899
434018863
3590062004
4280404824
855944899
434018863
3590062004
4280404824
2424738814
1220477636
2998251625
3147599109
2008672414
4234550520
2731546191
3559492213
865023572
2576240512
1073496710
2963224657
1562983661
1412439310
4057159480
1231264231
2053931815
1503088841
3266919721
1548399241
3253260326
820811273
1357556542
4265769581
3991834336
1058190772
3114872761
1986739611
2792802911
3147623826
2357422162
3478597982
2220767805
2426761029
2045093433
4158350685
3018827870
