2949950322
2363168466
3734744192
2634980557
2062871980
728752356
2413483315
31725143
1031819151
2572575267
193081018
3020547517
44786680
151139858
657954418
1676453077
502517025
2658982872
441766968
3026208913
700590654
4215148906
954396876
4005233139
3434648841
2270391170
968819787
2892123215
1879925874
1298545428
3640224599
3171246419
1748549390
1394005302
3327940424
3947869469
750106718
2140997216
1200123301
2153984936
411703883
626774157
2392596102
1630399706
1927779627
2293163960
874098139
2652427279
1495454508
3858567089
2279929428
2253209039
3505546296
1590470492
1982472437
2741044751
412383315
3952082819
1738713920
6022076
2655580724
23029196
2373071119
962300747
2933271110
1961640405
3814842584
962300747
2933271110
1961640405
3814842584
308651767
2655580724
23029196
2373071119
308651767
2655580724
727828534
1528251095
429787259
2004461365
2385412700
3771280658
429787259
2004461365
294837180
1905583755
2317754494
3513518836
3128790467
2580214495
2368841639
2897230614
579795058
4098007236
2451611895
3766979968
2215119475
1890358295
1322639589
2456912992
4135931739
1367163508
3747103507
2023771708
4135931739
1367163508
2968105093
551192424
1839406950
1756144940
4198758377
1572600518
1089801854
2365611304
2239774282
399881889
1828274730
3744377905
3618557779
1174095800
4202334086
3949656678
2414181781
4059510979
2650332242
263017657
120403931
1672681662
757691551
2609176486
409886491
3432402624
286947637
2258098232
2383919962
1743614324
1429816548
4103871522
2773400564
363138799
2997523491
920853911
3064630922
386913868
4156589932
1449516970
3064630922
386913868
4156589932
1615668833
2026048292
3209895862
4254632294
1083149880
1625496244
2083510035
186236106
3182696435
1291217861
3735282478
1776440041
4223130114
1291217861
3653036475
82950357
3619507602
191722419
1703599357
4001458288
