2949950322
2363168466
3734744192
3270290982
1828502120
1030207264
3667772993
2567501324
1035846619
3011707071
2414303591
130058044
406387646
3442957388
3673733745
1237617450
3481211175
1804792737
1168593857
2741855405
3832937462
1736063990
2773059427
27241167
647112440
2519208347
56792037
2163049756
4277333224
1308317835
771581372
15632361
1553038550
3756427460
311881621
3340325185
1839433993
1010336833
1105483899
700727330
1115307875
2258788933
3328352140
2549821818
2579097125
2128533189
2931879623
1962327749
3937917401
411759862
2956512729
4136939958
977588699
1693847214
852814846
366465117
4289698281
1179787163
1425502088
3743980526
1292753640
3709696853
655870456
3409321114
1099834464
2913988866
573974563
3964357915
1727231457
2329059459
3849713701
2677820173
3734766952
4152774832
993857538
2106704908
3399818617
2438494957
3124919890
2813758879
869113892
785134260
2867084628
2213247432
1752947060
311585372
1147457299
711862445
1030169767
3202888286
786105779
2152349075
674411036
1080384248
885458971
2276022534
2887921252
3796422930
2499581200
372552128
2220964139
1313416163
8932677
2611355813
2941029867
3308961850
2085204017
