2949950322
2363168466
3734744192
2634980557
2062871980
728752356
2413483315
2477643669
1035846619
3011707071
2414303591
130058044
406387646
3442957388
3673733745
1237617450
3481211175
1804792737
1168593857
543335597
3796965432
2768069719
209484122
2829735158
1788471395
2199608881
3453804342
1723542384
1353962986
177463644
2025896686
53787336
3542793488
1764267494
2867331395
2357783914
2673659500
1203826143
3977181879
1656285532
2210647902
3858197223
76303589
276240797
3934104368
2353598089
1832003723
607810937
4238887304
2938648386
3543803981
396942414
4141087308
3218843582
1493959752
1692257934
2530966999
4042250350
2282150123
789135911
2761115779
3867160641
1261074801
1022505439
4033716056
1447988625
1048293083
2696759797
243799048
2643589186
637788183
3099920185
2140038980
3399966022
20655812
2877668560
3932917292
1958963902
223338555
2475230997
844295199
94627120
3972143856
180713391
2589743619
2082925722
1920580240
1411248383
782735077
3586712624
974359345
1290409739
3893540377
3202370803
2783000636
3751363226
1491023431
3329741525
389508953
109470848
782067276
4275689639
1623902511
4021127774
4144126005
2354349052
1915310852
762577572
145510101
1475420021
1915310852
762577572
2841382212
2897115975
2306225974
3593168534
3869226545
920324314
2706811351
1547928884
1150766687
4259593812
1547789970
1424275538
