2949950322
2363168466
3734744192
3270290982
622255943
1719922442
3258374877
2477643669
2949221965
569855273
2414303591
3409734592
3706949117
1339014310
4255569434
2931004491
1716112825
3855014720
1233337072
1787594576
4147045887
634576555
3859693325
3516252088
2762423550
3407492308
3769578687
2445879806
713023472
3998377455
2973054432
551657653
1884955299
789017347
2872016099
2525949076
2012153547
4199317313
509754675
3458630616
1924977836
2069676263
1602123302
419951276
1941300078
4126776125
1649754688
2212652826
1479808028
502719983
3311720734
3246492359
3438288068
2351459647
517389370
3465675473
4230050608
2741718663
3992709508
2997270564
2525236965
3390885823
1911140835
4066813722
3784899292
771318804
3206997494
4098208725
3872965461
3378999517
684742023
2627912221
3072963967
4252304509
3606999839
3325938276
2788947795
632611242
3923083106
3127815430
3856777159
1057413219
2602056259
1881719814
1730004603
943757275
4095805715
3840061544
3556372949
1722253805
4046069984
358137488
187963482
3161827741
672039974
2735026347
539612889
1389290645
197399951
883333480
2737518693
939748671
1999631473
2889869030
1001539563
3768735100
1999631473
678602193
3199467908
4070860002
2357380211
3893183360
2697657508
