2949950322
2363168466
3734744192
2634980557
2062871980
728752356
2413483315
31725143
2952004121
3011707071
2414303591
3409734592
3706949117
1339014310
4255569434
2931004491
1716112825
3855014720
1233337072
1787594576
4147045887
2559831509
662913183
3168462138
890420839
1022536236
1668061536
396240667
2734426811
2506590734
701546605
2018233637
401380739
2144112090
1472497983
366473725
456913103
3584331443
29938298
3595360578
1834039485
232258176
3030752078
2185930843
3965286796
3686988089
199171726
3171227380
1133365442
1656241314
3344660116
2629591539
412380691
348200155
3134459441
184143052
2498420036
1451351920
2150487733
2970882979
4179809986
1356008663
3601275704
831600948
429473233
3292479724
1592152971
3939494351
119574897
2747323962
402877455
2036812550
2669712003
3661423353
2941970537
54361970
3046167627
554685499
4096920166
1075106113
3291523047
378346532
2513929836
1146838901
2368966164
3572219241
4238315001
637679387
3757242212
1531676917
3991282636
3339436992
2850843790
760550175
1981757845
692217909
3501369418
3234023579
