2949950322
2363168466
3734744192
3270290982
622255943
1719922442
3258374877
2477643669
2949221965
569855273
2414303591
130058044
406387646
3442957388
3673733745
1237617450
3481211175
1804792737
1168593857
51064750
3234577163
2105133294
4105278387
2440324319
399507154
1531252197
953291783
2884511068
4076777410
552842219
2900289320
1488032260
2446934885
307647900
3834359468
1079870208
1880887846
4234303470
1778190253
4122342018
55209094
3511120047
2735168541
4233760189
2528137729
3391656795
2403248825
3405536074
858714458
3042261038
3340047516
264124775
2969333382
3525341129
1800539655
729341658
3802789067
3186926955
1959437313
731379105
2045984297
