2949950322
2363168466
3734744192
2634980557
2062871980
1719922442
3258374877
2477643669
1035846619
3011707071
2414303591
130058044
406387646
3442957388
1351958243
894486927
3847044682
934348062
4100842680
442933844
254682540
3156709839
2884138994
250053699
2287738446
3071792476
2178604617
4024975527
580397046
4292179608
3521173240
2626650668
3684113783
3531016508
2380872304
2604019462
522068198
2624181492
886828507
2551435921
2239771484
2344604891
4248150810
1508085430
2585991699
3135997407
3578584441
2425236618
3641553300
3455509740
920076505
2984537903
4280684883
2029770886
2255001003
2256591051
593728253
3281307202
1592962160
506125707
979531609
2860697560
1777569850
2876877209
1022625940
2656092658
3236350789
1743344009
4264570208
1352203315
1354075931
167728408
4104678510
2092174818
481439957
3520300581
1380876326
4114684650
1187516818
3630232832
1691860835
3717904039
1577562276
1337375613
3001123339
9485502
1720164950
3993023058
2039288671
426917417
1135571252
2280808908
1628776361
701719337
2835912576
2457764221
99819632
1041917092
2006579642
1290792775
1245344648
2828156089
4226693457
1068706217
2711631905
1177417887
197278249
