2949950322
4266632762
2886671464
4019858469
140533060
728752356
2413483315
2477643669
2949221965
569855273
2414303591
208162718
2445946161
4269221147
1097304145
3303354499
3939537123
2919998020
3116647545
73117619
3704197954
1341497881
4254910629
2928249588
3918599599
1443943825
2887411516
4169729326
1763936110
1623429925
1063100521
97360914
146541073
3376870242
3383692782
4081004949
1451365540
3515911973
3191330691
3306889992
2115009355
3610078192
1926111686
3686678679
1324663529
216513067
3374280304
1667824769
1789849877
176783591
2971375794
2575048313
3679748737
511855933
3526954383
300971923
371892871
742711526
3791841832
1662895562
187229824
4081040615
965174524
1725576540
2808355164
307045214
2997828584
2118524075
3435662751
3148396723
3502453741
2249090872
2100282125
1597156157
1371353861
3834906887
2224174128
3095032776
1039392052
560915069
1617845230
2483105474
3239476126
4261297254
1779727569
893988209
2803672474
4125859427
1377014604
4038881905
179749084
581812752
2566252639
1192633051
1229550801
868917266
3894203156
2074100973
787529801
1435583784
2912952169
3596702823
108993654
2531870485
749825370
1673854141
3650934514
108993654
2119988194
3444950913
2543507174
613638789
3701618884
1873513639
2522407800
626087707
3523369987
1628170336
3679699503
1750758988
2737642327
2571327798
3226719144
3237158343
3643194280
3813210569
2436686346
