2949950322
2363168466
3734744192
3270290982
622255943
1719922442
3258374877
2477643669
2949221965
186622945
623510401
2870264037
968920188
1957681320
3159720282
262507576
348317788
264609453
1803167471
387824903
1216015625
3251712818
3213487237
255579205
2906396083
1920863043
2070222413
3477571744
648183037
4192231949
1820275278
2057316152
4270336216
2719017346
4268692157
588645144
3559185198
1235456838
2321745891
2600595671
2183409258
3399412259
3117392880
1634638771
2719992913
733221482
1702259734
653959224
1230895262
3397871071
1868836841
700994438
1402775625
3407207015
3919318732
3036991382
944881705
1711829234
952007237
2403653585
2542804154
154728488
2567809001
787942013
2419777496
2327075311
2011745852
4016159762
1426654184
