2949950322
2363168466
3734744192
3270290982
622255943
1719922442
3258374877
2477643669
2949221965
186622945
623510401
2870264037
968920188
3125779077
2703818465
1948735763
725616920
2561672314
4228889656
3684996862
2946097856
4229536778
4110582020
331921000
3460596125
333642912
1845335380
4104752674
1694698594
3016015409
643559026
2875038598
4238741143
4207103437
1064490289
3151625691
3309723503
3934788313
923020588
2312591912
4148754588
3429274276
913055753
4013834265
3536174868
1127477079
530028190
3733793035
2797039754
732236259
1996582954
654936593
3105528729
2483648972
704079740
4075307061
