2949950322
2363168466
3734744192
3270290982
622255943
1719922442
3258374877
2477643669
2949221965
186622945
623510401
2870264037
968920188
1957681320
3159720282
3224509106
3679813334
1392419053
228192486
3537628694
2894279073
413249356
2448937456
1897214089
170391465
265060252
2859555501
2947117899
165379661
3567415272
430740577
2586018456
556325595
2463684537
4006267062
831051334
859908046
3996661355
121973549
1754669299
3918172949
1426649933
20711481
1562075790
2409377628
248670507
4190347200
