2949950322
2363168466
3734744192
3270290982
622255943
1719922442
3258374877
2477643669
2949221965
186622945
623510401
2870264037
968920188
1957681320
3255656173
1099057172
2306347494
1551349268
2679579313
4027198107
1445617826
4102990276
3609666731
1568968411
2247891797
1623643082
3165137504
1702663921
3233919936
277155115
279477763
982216236
4182506121
792287361
167260454
1582445
1602623009
1230570327
4104592871
3141663396
2476673586
2138934147
3929475581
3064973479
1156137
2931389818
1224649983
1408883214
872408889
2148526683
272424374
2856252736
3841755964
1825033366
3300868889
2615284409
2271016907
258453601
333010195
148775906
494729789
2076689288
2177724709
1921804602
2350851095
2181280256
3100482191
2751117110
1170042547
1405318268
1742249912
3066846049
2769854784
4185939994
2594045934
2147569324
4271827992
2662964714
2518434602
2153929189
3835898406
4074582249
833382155
3853107798
3783449827
1874599815
1805058354
3853107798
3917013069
2806266355
2741970758
760341538
1123466372
1584104397
1514184056
3565051420
3055771987
2067978147
2137639190
3678259449
804538332
4226933377
1060493338
2888578128
234392717
1297031173
249964646
2321504247
1227751445
2711617798
147941147
2613611345
2058595667
3720099743
3575245151
55894601
125828348
4228943401
4164653212
55894601
125828348
4228943401
4228943401
205891609
2651857138
12108896
76798677
2922203329
450653022
2959276362
76798677
2922203329
497965813
3071330529
2729831531
4264373553
1303265029
3540442007
1125974969
