2949950322
2363168466
3734744192
3270290982
1828502120
1030207264
2697319823
2837823940
821869869
1818524791
2074843722
1047096249
3872669751
2595478495
1380549165
3728197605
1889843611
3244166800
3299519723
1934125741
4224381888
1665368558
2950442857
2911653408
1879079381
1961175564
507020617
3640711481
1661941595
43817014
1178297536
1388327352
3741568625
1897126463
2619857984
1869005919
2506913522
2381049533
3210374698
540417426
4169872924
693393372
2380358155
197818932
4114785282
3745764381
2336933838
1600348550
3745528986
3418057186
1508827401
1598438300
4173215411
3543482833
1768778654
3940711783
2520158088
3569337638
321900980
499372166
1537630818
1392753826
3915093741
758098759
110799660
1667670312
4252348576
1462035218
89438845
3691436653
1412369448
192044424
595220845
2510494056
2077930187
3481508424
2496245954
3396252403
874689632
3018174750
3046025689
2578064770
964714738
3261007722
59083329
1490002123
149852403
121100395
2800497505
3893843369
1022313586
3656706667
2312493651
3508178134
2168175854
26795568
793129726
2380463000
2993080829
4204825981
3917265478
3181052328
2183082957
4228796195
3096972433
178910326
1526810878
2957508416
889926105
616184320
2717316249
2957508416
3934842407
30300569
2223150848
917729255
508946510
1770833289
1779753645
2012679289
