2949950322
2363168466
3734744192
3270290982
1828502120
1030207264
2697319823
2837823940
821869869
1818524791
3270967817
3848022223
765882685
378018565
3658986882
208067753
3572818008
4118344294
2188360284
2174680474
984690912
1047174166
1784909765
2349007069
769190871
1746541092
3896067896
3138517254
3569017693
1727509965
2633828192
3083021020
1587729692
3786554097
969584511
3307108939
113671444
2230189016
2385163787
3612934660
4185370422
4188004950
3400131215
1227289718
1640002527
731693789
2422848641
1845624908
235158907
2245773597
3068288061
580496816
1702965995
2281987266
3887023769
2327202384
1891432701
4238915323
86286361
1617436963
3829411523
3207450930
1865648404
1434603827
3255824446
360071625
2165140594
125216006
4252768171
3538357693
49894811
2891023560
574735661
744313658
2991473330
1162771355
3509933600
2574362321
4093099837
44997561
1462276042
2474127677
117644422
601839954
3181264462
1316887432
2412746834
1948676990
2953948724
2362701400
3158913946
1336481372
3103399236
2719833856
