2949950322
2363168466
3734744192
3270290982
1828502120
1030207264
2697319823
2837823940
821869869
1818524791
3369159072
2366879827
595641901
2489450603
187662139
1175635083
1839711456
1451863768
3284348070
1358896637
1779756588
956411005
3272285904
2425053210
18997850
802037188
2256047388
1541337121
203777328
3040815761
3596632546
3264943258
1090917017
171190014
2495441664
195134679
2937368832
657454762
4290628187
2043020079
1517797436
1978456618
917660020
2445147064
2057130930
2306700916
1073338858
3619560490
722391894
2902118766
173613128
3451864965
3993928854
710120558
2288884213
4167227497
3063981589
1050403263
2284162353
3392599539
1932809684
82582906
2126046901
1438871765
3786599554
1275760374
2157256817
2361414329
3820561885
1152827153
