2949950322
2363168466
3734744192
3270290982
1598999689
1454299330
4173253772
2837823940
821869869
1818524791
3034142713
928399616
4289468658
29860927
2941573697
1037441497
3853421655
1258708228
1242862668
3429775419
15832764
2502745784
2060277651
564176994
2155561832
323449395
2674534128
73692556
596570618
1710659095
838241451
1944450153
801063576
2422387334
1785200683
1576239262
3267297230
1138803473
1947629108
3509222604
4179785769
3246927226
126745173
2180395809
928749592
1434949975
1230355045
2127444688
2515440346
726248517
2464052357
283130202
2567938372
3431878370
1053949433
556335178
2934294632
171173316
2478923366
123658943
3425275812
3074951877
1862959177
717779386
3097360721
1755966969
595860175
1857659263
3978602364
1807840395
4187290720
1880473181
