2949950322
2363168466
3734744192
3270290982
1828502120
1030207264
2697319823
2837823940
1905846858
4289079598
1719621063
636118410
2600126656
527986706
3214567588
756591420
3704609624
25332278
3641751239
210153774
3296520412
1057450231
1096791872
1027091624
4143666702
3244349115
2473184950
1419256855
3216518853
2529644398
3983225506
2217786858
2302749673
3431193114
3700103516
76915416
4271837301
2553089380
422690434
2672457718
4176742351
117410248
2916954800
1703667936
170700870
2582444891
499446971
3819915382
915576363
3447422215
1491879003
380324768
3588182577
2254384379
4273630933
1373600846
4097586808
4107565848
833154788
1395327837
1114615563
1452604019
400348467
1870112269
2139055435
689150662
3141931565
474581217
2672006870
