2949950322
2363168466
293172349
219051739
1598999689
1454299330
4173253772
2837823940
1905846858
2415089287
371862126
2551507210
914855796
3031175608
736194280
2236202939
1655951066
3588779551
1082087235
524611793
1893967991
151025581
1910846851
2632340658
2057973639
908806437
2254565686
371885208
3669305887
1213888730
3016832480
1328978399
3040619378
2459369908
452705206
1637498583
3609104713
744821090
3184497442
931138494
3246607055
1674560963
1244295546
1590764546
1169571942
2197557631
279550356
3118069957
644378091
4046736797
1854265523
1865475979
1435035208
3622257713
1169345754
557665065
