2949950322
2363168466
3734744192
3270290982
1828502120
1030207264
2697319823
2837823940
1905846858
2415089287
371862126
2483137698
982700764
1711936390
3616802638
3278852662
194317252
3791289171
3826178344
1407983470
3839411739
1248859976
2263857615
57475357
1340169861
2460749803
1245590298
1887110583
208214712
4323283
1414063104
3411282903
3772844988
3972654807
3099653380
3946875854
2039195518
838167334
1164918366
4223270434
3245856429
4018500722
296197900
4284823604
1781512778
2188512783
2085676401
105504449
2713709823
1153459537
2657512848
2423978887
1221054473
2549395707
1072805060
4229817387
4164352670
1692470755
2823001190
1295785416
1485154118
3399266288
3911584218
1051123448
3129921816
3055720790
2001849684
3896924844
618971945
2954931618
3411029106
2163899183
