2949950322
2363168466
3734744192
3270290982
1828502120
1030207264
2697319823
2837823940
1905846858
2415089287
371862126
1253239604
2933135004
2248718390
396507766
344155176
4002985341
2107933734
3624011943
2333559542
565211726
1786922537
288242661
909789
3524321242
158452498
1400877087
3852843109
1747464783
1895216372
4108237588
1517709895
2531902656
3824195310
618057180
2569324886
213118986
1200886510
276652202
3442487748
3092428171
1630367199
2262244542
83663474
1533192510
1304280136
2502918329
1680993048
1765834011
