2949950322
2363168466
3734744192
3270290982
1828502120
1030207264
2697319823
2837823940
1905846858
2415089287
371862126
1253239604
2933135004
2248718390
396507766
344155176
4002985341
2107933734
3624011943
2333559542
2835388766
3187395622
894117686
2121864017
3620229274
2219322960
511742571
1764535150
4234553616
4264970329
1652981069
554913024
2651054154
296042745
4048003456
4284837285
2428646659
1474588209
3070660424
1875984536
4253906110
1888158026
791477320
3700717471
3409112866
1627244514
4117429950
3153746365
3273595795
1294063863
2849495689
3949177701
4016188673
4251368693
576052231
3170711701
3008408049
2218726283
568089021
1629431384
708411339
3136680803
1054735491
3792552610
