2949950322
2363168466
3734744192
2399183304
554743174
1030207264
2697319823
2837823940
821869869
1818524791
3034142713
1253239604
2933135004
2248718390
396507766
344155176
4002985341
2107933734
3624011943
2333559542
565211726
2540337716
1054554623
1978207640
3914938508
2165231720
2402367471
3026869566
1657379082
826927040
2877381627
672025858
4263837735
1830367612
847143284
4077408267
3592722900
2511448473
649024169
2946789579
280288641
2503370067
3250575841
2783679714
813477310
1559264614
186191650
51229480
2053188440
2899988857
1704598054
1122142597
1192573142
3375102898
1632108561
2382499847
