2949950322
2363168466
3734744192
3270290982
1828502120
1030207264
2697319823
2837823940
821869869
1818524791
2281865695
3006065639
395959856
2301125901
411232077
1059704203
3887853946
3400012591
104316328
4094333063
3204387665
920847029
4000398916
474747755
1509239928
299550702
2688865062
1835865110
1576522196
2093005461
1377719899
943510897
3769559424
763834032
553040051
1059228692
289855006
630044496
564570597
2816303249
736197759
441403224
4134158665
2166333517
576983956
146679672
1411014321
1357607923
726076991
1775125649
107551799
634446299
2168357607
3989789840
637164640
3298072433
1618670669
3755764284
1542743516
1729896996
119152403
4243846207
3697212650
3682946828
4127413235
3962750936
943246789
751016125
2300629643
2685705673
932789444
2285871797
1049758092
291261498
1411358661
3761644929
1335416371
3980140373
1536275564
3625886357
880215176
1760544210
4237617257
1923754765
1977964602
3255312556
3463396919
341136804
3052408162
1568259722
774679712
2015578527
3965215780
78521354
2429880753
372300358
1191265872
2952201854
999041989
571867026
3060716073
3912467337
4272730912
786959819
116592391
3602362860
4272730912
786959819
2386813975
2547658816
60890619
3948371413
2133618798
2414097616
1978566269
3611034779
1603071883
2412269920
2815644588
2006445383
