2949950322
2363168466
3734744192
3270290982
1598999689
1454299330
3480724523
2666309987
2055886027
1101283059
3843099428
3112815230
395959856
1396894871
1150093994
119028455
2174984426
3951109056
1418825354
543371505
1856065165
3706460189
337002991
2640692051
1075019219
1344367732
610082046
3085011719
3628520353
1846809238
490168963
858070043
3624252433
2468501237
3341501734
2196354261
2724690616
3913324636
2771148638
770341244
3397686150
304458693
4178139
3772588450
3300857733
2189665093
2081484392
130968604
1711711899
757154943
3998225309
4205528805
1096693945
440242923
2050731996
944412855
1924956044
1495794697
2199023514
3750407872
