2949950322
2363168466
293172349
412704822
1255791204
457365292
2191240133
3724765855
979736375
21757199
2942036289
3006065639
395959856
1396894871
1150093994
119028455
2174984426
3951109056
1418825354
543371505
1856065165
3706460189
337002991
2640692051
1075019219
3055532239
1217197538
453806888
3075041944
4238513171
3004601019
1200465436
2707031530
1311624466
3571806505
2215246163
3127028763
3588326114
1372163330
1208107740
1426241686
3318206780
2021925867
1028051480
3153938453
4135899163
601387346
658317963
1265766139
1991778761
979879962
3878328692
1201887780
590142935
3915837581
303919270
1730568331
4100493940
3504436988
2770976398
2598228122
1325506519
3528817358
224795196
1835017995
3023193883
1405630074
3269284386
783714725
1303387107
3454069479
1072897273
3915363871
457981953
2568228409
2381273921
907683101
3046454244
3583184595
94445331
2420002640
3110468977
97695506
1219178268
2356090247
1912908106
764132235
1215679413
2753433650
1215679413
795614691
2900560666
1758778960
2227113431
1867452644
1549067139
1825449537
222032505
1020162771
674572203
2081776861
2960456213
1957740686
3248093836
368758057
571196422
2027326235
3755545047
960386994
350809120
2331770280
2221102378
1828891370
1664793761
857906927
1389201584
1009395710
687321831
1175461289
1389201584
1009395710
1491004613
2982089477
