2949950322
2363168466
3734744192
2399183304
554743174
1030207264
2697319823
2837823940
821869869
1818524791
2281865695
3006065639
395959856
1396894871
1150093994
119028455
2174984426
3951109056
1418825354
543371505
1856065165
479900792
3563122058
1475345267
2730119314
1244279776
2454890094
987400685
1434308939
2020487966
1447075372
2004350317
60981243
3671414129
3923989928
1872272604
3289925574
1182262719
3600610434
5981905
3069636072
3666488539
4106194107
2978445626
3025724228
227504026
3137662525
1923052322
2291515791
1165290006
3505109589
3325341475
2548867305
1727187784
2424697434
3684831422
1461105974
2465199961
1590735021
2276419833
3737117287
2791033962
3573434015
3636467172
3303764636
4224354925
1635257725
4072162912
2917078633
1734178798
3267247576
2648927352
122809192
142556799
3302860794
2304482514
488681833
282426376
2117260102
1569372889
1485111443
2135323549
841338939
698046730
1926329216
3373286108
1860718579
1481471725
1524451887
1324735684
4246876895
3484362775
