2949950322
2363168466
3734744192
3270290982
1828502120
1030207264
2697319823
2837823940
821869869
1818524791
2281865695
3006065639
395959856
1396894871
1150093994
119028455
2174984426
3951109056
1418825354
543371505
1856065165
3706460189
337002991
2640692051
1075019219
1344367732
610082046
3528579554
3187048772
1048156093
3236616848
2473239642
3345201033
698421425
154132188
2236717844
3436316170
1085031362
11909502
2214434056
2812257071
2505675421
3557932509
1873108281
3888768827
1080302119
2740169434
1283496862
1337613645
957225295
3526275397
35430533
2185231769
3778637791
2759872716
667450554
391297400
3650084623
680237344
1143364718
1086932080
3434545592
3798592886
1283062072
700124857
3673822886
2999924204
3985794124
3944903069
