2949950322
2363168466
293172349
412704822
1255791204
457365292
3042100066
2837823940
821869869
1818524791
2281865695
3436819320
1751942831
737785570
3126015138
2172477082
820202066
3793711366
2612023612
2888552841
1272029416
3449673915
1846582913
1964501104
2911229057
1459508394
2102088897
3268056319
1468012161
2037377311
3503913415
2151018941
1970844144
543025106
3387194385
831206822
43701188
1577194142
4206307145
2631214970
3034391455
4055978981
2780907865
3772594467
2490964486
402001151
1610674044
1211275487
3602252552
2966684475
235418353
1186133688
2773659863
1769965093
1633247424
121331955
2392914013
2745733464
660680441
796339865
3581778996
1531141968
887359478
3398417211
3666311293
3131050383
2933709087
3845597076
1087663522
4001152241
2774197602
2873521013
613071703
1152240293
478301691
1857664782
2633547346
1568224322
2662965479
2985987535
3454571200
628683186
1373807818
3796972102
1132825243
2663963637
3931278989
509912412
2754443704
604051422
906337214
3939870111
3881167595
1640116500
4122549423
1679007471
312076590
4099137090
3116113140
1701585621
1348709172
255785620
2908316682
82218383
2506525293
3658699908
1022628577
485294163
2194398621
2177609831
3220476542
1656341264
2469648772
1420682804
672342629
981936671
1415611729
1923757757
3379137672
1243510938
897895352
1763445474
362991283
862485855
1747081173
4143482134
1668267082
1009970666
2525509026
3466051722
3197696204
1341615285
347948607
3184338798
3307758912
40712754
2749737415
382505925
