2949950322
2363168466
3734744192
3270290982
1828502120
795445797
3365141316
2567501324
1035846619
1629815425
1245786703
433671746
2289290242
3009259066
2761048071
934179164
2244418528
3604109745
4175952337
972899908
3114785897
2908522769
3830370765
2944198058
3512962142
1498991604
100446781
3935607708
3052653463
557294876
1318124986
3378839426
2841821877
280317547
2907394267
4149309119
1591750004
446527671
3587352583
1074782211
2212129009
330478390
2543500502
528919858
2725819266
3839152109
2087943976
1069068058
1387737137
1669115147
135734869
2284309051
3604439941
952222709
3911098933
4259706701
3784504811
1687128304
336989043
15556107
1271596952
20832419
2280160740
3935545264
2131556339
1811391115
200384444
2289994053
3516190691
1509294317
3385145088
3997698671
2940748810
3569168499
1351958419
900155579
1744438081
2741565250
633170437
2032511839
1249770555
3965644530
2386870072
1902247602
2329098311
4052083598
2501627115
2346504122
1909882135
866601596
2288316489
945963840
2855783339
1415346022
2371297439
2822077016
2497300302
980489757
2175970344
833888033
3932318759
537571496
4109541747
2825543721
1544139010
3911224064
14303534
337712214
2465499409
3244474726
3397538488
1156258946
2961755561
3810428382
3117538314
766127495
527013774
2333238787
3117538314
766127495
527013774
3093695810
1275452521
3352963087
3557170996
1845770178
2590500585
543542815
2006866702
4232163176
4154539190
2161434034
4133399155
230113631
2957598703
1888030170
1666530017
894361602
1078588207
3014252265
3916732916
876202138
932865434
3114575614
252251591
868963755
600020717
560197558
1034887697
1849256550
3576836645
292496093
1312342044
2321928420
585064682
1234429129
2980232840
746862541
4292598931
2070963892
2719042910
4118451364
1733159522
530419642
4208433358
72104177
2171454046
3928049277
337187154
2540627264
2345664562
752851710
1679304154
1490714038
708470949
3567372442
3138048705
1742400736
2190539668
2081119147
593279338
