2949950322
2363168466
3734744192
2399183304
1761267881
728752356
2413483315
2477643669
3100239707
2212990307
307040035
3502716544
2128028366
2467635193
3173040025
857636093
447987131
2570890050
3877880502
936135350
1961808677
2118985219
227444171
1544915075
783700060
1017349634
1673844237
974972272
3801012609
782084318
2335908959
3333069118
1115854558
295163023
1837484928
4260171847
1176006171
360714774
390718366
1422208944
3454094422
2780910607
1472718678
1213601304
2463281637
2984053829
379775084
2143536206
2003180174
738122708
1432451424
2154749586
3836718417
1730198440
1451351569
1629118116
98250087
2608056821
4267735287
2848946822
2608597863
834836851
963069875
765203147
2704614658
841795912
982062984
1714253377
3934542216
1301005124
2826766656
182042662
2639552811
4097133833
867143360
2802572980
2616013515
3544555800
2428435291
166387757
3948781424
2399213126
548803519
370354849
3019728939
752374670
3714265598
2109400775
498916336
2408581647
380922345
3422737762
952851015
3799901900
642399110
1762226207
1630508794
152014499
1137599611
3225514626
1634578689
1043390625
1953024130
1627756144
1763930261
3718123632
3394280890
3745366856
4020700810
1268267173
2673879422
471326060
3132369994
981705808
3554827152
4083423790
3836385252
1223320244
3748119481
2580266966
4014065687
685766567
3066881583
94549810
1799690364
2877639241
2203826911
2903757
1491277896
1814661920
3448558566
554978244
2299613179
1935495590
3838898347
2511793642
4216406692
2631949313
1448641562
180372800
647767555
2732674197
2942370785
2135217122
3079527680
1304427525
592991051
2853055991
1602574245
3653863696
3148278815
2683586434
4044613836
835959545
3558860210
2181316433
440708549
1462869838
3480292826
2842406609
3558511070
1906740911
1839199647
