4016747520
3203512648
440700063
560653991
2965398759
2479872327
3247399701
2182763352
2526066526
2330441208
620208566
2003819963
1621113734
1463532339
1135697717
85795674
2376055351
808307154
3118830223
3364065230
393126705
424701263
853896484
4179810445
1354813021
2117022147
2968024235
2752717267
228962571
1362980945
4024517019
2836210092
230167675
1580755633
3773062011
1738306261
1129639217
2652486751
2350723135
99027984
3969519958
826043499
3337540116
771281015
3622986458
2593994254
4180567143
565331924
2322958815
725534554
3263881368
1439967832
3522962872
3574401275
3546681404
3666216055
195699960
699814691
3891288557
