2949950322
3414222449
2579520547
642488100
2197725939
2304243481
659022679
71851767
3820105622
2989040350
62338582
2911087295
455999878
3445581997
1977170854
126049957
2519325925
3079617914
1044866599
1109458383
3487164946
4001303437
1692118135
928764605
920569748
3151540832
4046270902
2888343459
635487486
2484761589
1846591832
3015097445
1478892761
968209332
2016168524
1502260179
1904389942
2837682037
3904532109
902004520
2382415133
455809331
3775277794
3413674349
687617559
3678715328
1023632453
447403949
1581028383
1541717497
75754997
276347021
2798048259
3726834190
1754222903
1586487215
3436861252
981916966
4123594134
3749893614
2467203702
1040652864
2366517917
702029617
1015005333
3080729843
2470779474
2425780726
3860598327
244694495
1855160552
4243408078
1769084045
3353003486
1474949683
1509254180
4131545565
1364065041
1122045852
3522749398
910414212
298773739
2207998976
4057664941
777166011
