2949950322
3414222449
1498721000
2052790088
672902426
879538108
619602880
1970630280
3519044447
320412768
3689104786
3523432921
1335964534
3425576335
3791685821
4101935730
4050724920
2035742307
2704172013
2391920741
2583596242
3710238325
3120857819
4187075222
1182867420
846438823
3940654422
2750005412
267199904
1400235258
2025907345
1331389476
3122013289
3942296595
3772646190
2405248468
3787096730
102782187
1203350803
3747633357
1743129542
951802470
2152077935
2210810388
378325098
1713787532
939416902
1478743452
1282378706
1027683707
2291017516
2969243016
3963857758
3121224991
3804580762
123076980
2206076564
3506335838
3791763398
284270359
3642799366
2256397478
3483979625
2357238217
419148914
1202120146
2392384696
3519395096
1543916241
56302449
3067673606
135078216
1690892030
378704893
3969392976
2925468801
1737373328
953378608
204001377
2410137240
3494258676
1324270438
2675308461
31265599
