2949950322
3414222449
1498721000
2052790088
672902426
879538108
619602880
3862373631
1115820328
320412768
796739000
647844339
146013377
2336025144
2109961276
939623887
2846558095
508150217
3539108219
2681158347
529899750
473312268
2516481873
219502333
2562237870
3317500859
946654960
2459743494
131479416
53699745
1870416081
2770787614
948223921
2283266006
3588830423
1425093137
3796852383
1290244044
752988923
3718500045
3877359374
4010659694
2134413487
574439098
2545867213
96476651
3378492268
1197568008
1066305090
2560292153
1291436700
676286074
2308220272
28539691
2520701478
2981357385
1481190759
3439481626
1656051427
1038616387
556059364
2861467415
1023616538
184789122
2763304315
713745227
858389689
1970015057
1034663029
3434082906
2221428094
3677691102
2486322441
398283760
3929159049
1774003056
3477508853
4182121581
4176462233
2286131983
410037474
3916753613
2712884713
1354175430
410037474
3916753613
2712884713
1354175430
410037474
1165296375
2866891786
618631022
2592646476
293802433
3735448115
1314429782
4027560308
2302551815
2793690971
2167821685
3388074577
126652265
1330327629
2153121994
3956989612
2483716090
591085516
2482415133
434304376
2684768709
2283623177
194135536
2306284848
4287529226
2407643468
764118286
1466416187
2122181091
4041014722
739034083
1691057351
3710900346
2385309399
1392300278
3107043005
2941234290
1149422137
1605756800
1569122286
2090645181
798982160
4292558587
1099494191
951674204
3159806665
1655301482
3772501965
2820508493
2373964170
3317273866
2278072929
3400612463
2294287620
3317273866
1371715761
2960498155
1249849158
2882013724
3963834301
2760182589
342323387
2790688860
872612023
2887063450
180150128
2460665949
3051043485
768421296
2389557179
377202838
2022050961
2570136011
119683139
720667601
3970533060
1958711785
623543549
2754773563
912722640
3037789890
3281684739
517462125
3719143356
