2949950322
3414222449
1498721000
2052790088
672902426
879538108
619602880
3862373631
1115820328
1450787920
3420137215
2587896759
1387950661
1532651022
2210945791
24367315
2371809885
3739126935
105689190
3493714253
1916688113
1225800905
1277134467
3406634242
326469772
1356904641
3071986080
1709634292
980992440
3890134149
2474438246
1349203409
28523035
3052629098
2650499215
2806452942
3180163585
4190201994
686639109
1147988511
1249428050
2236132428
2308500621
685181709
3868262851
1652471382
1280318308
2990253993
164551157
1652710870
2559111035
1065842103
4142900438
1891941609
4104752589
1974569739
3834010588
2951024127
1917657604
3780431438
437672092
2963851912
2805344620
3712897994
1208275380
4235609646
1745709973
4220334689
1213914234
4085560253
1367813817
267227790
3908147346
3705003295
3767844309
4045111509
3322237521
1756201730
3675275406
1237519833
3955265757
2031345034
3965280244
1123126951
496426668
1304663945
1221340611
3596929361
3547034395
3715622156
4224655450
502280447
3138093434
3830894810
1629101635
1044860899
3138093434
3830894810
1118658911
3123717032
2575785140
3336178964
1133953933
483103277
2575785140
3336178964
1133953933
3450339561
1800647020
2479813531
3566384820
1245336102
3639156593
1178729443
3566384820
1245336102
3639156593
1178729443
3566384820
1245336102
224794377
58360094
1121686046
3051072311
2472248473
2166261303
3230105551
997102819
787263521
2236268090
3660443185
2495433010
1151561415
47909162
319688213
817361913
2249873600
2392688784
942678953
3285829765
1477848882
3963590006
1008841347
655793978
1573896990
1269946833
3741014959
3272703074
3580307746
1271909808
1312145274
3051115606
1516417796
2710263848
1312145274
3051115606
1516417796
2710263848
1312145274
3051115606
1452527472
1786480776
3127226237
3623736158
1702085226
