2949950322
3414222449
1498721000
2052790088
672902426
879538108
619602880
3862373631
1115820328
1450787920
170128033
873862924
1030782232
361649289
4067698152
203397413
1813619730
2174536251
3725842682
1922391894
1782222141
800500062
3190274840
68666822
591144392
3080222140
903936768
3299310114
2137903260
3987886462
3335938480
3500702591
1292507600
245311901
454888799
1218278293
402269087
576949069
4210145212
660064897
3411243971
147621267
3995403779
3556035781
2215598548
2943668148
2273102673
3160301804
2488689673
2943668148
2273102673
408953990
2867738034
2797291386
79218886
1674992621
3625312728
183097996
2395067756
2719580067
898948782
1634181391
810047539
641090300
1704938143
2302386785
752412759
2563516353
624048497
2789592419
465294291
330159027
181565178
3888719081
894667432
2616941563
3983617082
2525255747
924909701
499595267
1158180486
1259665553
459511834
1763963319
862692433
2102237806
3744072944
220666073
1086904943
3472234763
2659285376
3547470929
1371209334
2760290363
3276521925
