2949950322
3414222449
2579520547
3134185859
672902426
879538108
619602880
3862373631
1115820328
106505103
3785577198
3896723109
3084744169
606185780
169085268
1536099356
2473942510
3142866735
1642261412
3087084457
2221682966
3208796974
3790885273
3481364193
1772170456
2656691344
3257278383
29478046
3398608355
3128489514
2042126991
2238494651
3438571458
2405523343
189354095
3019639888
2180637128
1308314174
4019473669
3003944031
566811712
1008925581
1401266987
3311407431
3018849474
2448594162
4059343301
1336370193
3489529404
3674647364
4072831530
2242553477
541715635
3634306496
2100459951
3892849218
1814046114
782855948
992693198
2106013601
3823610809
3369698821
1290897893
2994653535
2118225579
3969237554
2896218641
196038877
1568480534
2269607557
2884716783
954770597
4028875648
1664757706
667406697
1569593810
2504359671
461094291
304626425
4096743334
2909113765
1301707524
2718053881
84782901
2166726869
253453233
2670220380
439691591
2652710567
377481641
2911541237
3038831867
581780982
3760037686
1968643400
2303008373
516472696
2739489777
2023700727
