2949950322
3414222449
2579520547
3134185859
672902426
879538108
619602880
3862373631
1115820328
320412768
2394652367
2270915204
1335964534
1532651022
1970588476
1523284148
1606730494
3522822554
2946686509
3963088480
890695767
3890924291
635008918
2919147981
875025700
2469635679
1197472406
3290740278
3240823932
4015930116
1432673898
2447700057
3366041755
3764359434
2806451793
2763895132
1869709269
3320759878
3864986965
1287699654
1869709269
3909793441
1239985687
1561590639
700959004
2856902629
174234261
632086307
1242269573
685213386
2369047804
1996942841
476931751
1031363790
