2949950322
3414222449
2579520547
3134185859
672902426
879538108
619602880
3862373631
1115820328
1450787920
3420137215
2587896759
1387950661
1532651022
1970588476
1523284148
613656323
1728485198
1644768516
3963088480
1263012425
1453469060
3920789710
1990530870
2816691
3575995713
907210172
2678916153
3728014785
3920592244
3307844631
1040139620
3737712025
1274193526
609615568
1725740158
2032468828
4284402216
1522368542
2464897614
1874316701
947690756
3913756133
3228787367
4236136939
3080040288
3366429649
4085893609
1724074903
3938258527
3260778998
3915752522
1196489143
3175899587
962883107
3900221138
2476940012
1579625728
3383397389
1567548038
687949374
2946006938
238888796
1894189956
3835438655
1674701959
3354311958
3401951548
795953848
1096981359
3575232212
3138021123
795953848
1096981359
3575232212
3138021123
795953848
3171913374
695509797
326100384
3855451534
