2949950322
3414222449
2579520547
3134185859
672902426
879538108
619602880
3862373631
1115820328
1450787920
3420137215
1231072467
2174416161
3489790057
939231496
1041997123
271465763
3168829559
3816731451
1593268382
2218910741
1335904770
3107354952
4243884219
1722185034
3385026513
1234409173
2230460453
578825507
3706425838
1025911701
2893125807
900260934
3907756614
2613629520
3408157226
2104747842
3665591694
3051037992
460584059
1437698567
4212742996
2975306523
1924908020
3190058355
3810640742
2795043957
1634968184
1374250938
3749718400
2053333942
3647239048
3187301613
3774870264
2221006237
