2949950322
3414222449
2579520547
3134185859
672902426
879538108
619602880
3862373631
1115820328
320412768
3689104786
3523432921
4230872299
3931366948
2012316811
4101935730
4050724920
2035742307
3767503498
1647575206
227760128
4241564726
1247120296
1709848608
3221844502
132262939
2120125592
3240831815
1922492619
470060812
1570600692
2222896889
2515912464
1390419061
2637488693
2823068080
2135342272
3173891828
1578765833
3977493098
3107041709
1725070121
3751873314
3398788513
3964399690
4013604311
4164137437
2075961124
756332590
4038247699
1933792991
2718165843
3777996596
4124373580
2982516201
2422436982
1752500960
3376082272
2184490925
3674832456
4258623713
1522860161
1954015447
2495134199
3165699346
3207654761
3699621632
2954056270
876305838
899027696
333228608
1394595237
857335954
1223466219
3194009462
3872670498
1660701890
544540268
3752264197
4229890025
3279886748
297968223
796176070
2759793227
1759556812
1761723795
4180865662
