2949950322
3414222449
2579520547
3134185859
672902426
879538108
619602880
3862373631
1115820328
1450787920
3420137215
2587896759
1387950661
2227903342
487745415
641469887
600354756
2708678120
1183405193
834617168
2138915116
293659947
2645411749
2271410870
2682691677
2549226583
333058999
1343341445
4133736067
2030089300
3753260278
2200892844
3648942391
2919095228
3887272947
3056082619
564510646
2295717607
2657123129
407593734
3661274464
734490619
1662965901
2810981518
3140667900
1560202108
60398448
3040925004
583889985
2244144781
2575043583
3600477372
1124449535
2684250812
3948689503
802081884
3284825374
3631545391
350966440
2187746127
599633989
1817925382
3447166085
2632751565
2419964886
1851131675
3829552254
4064038577
375042841
2121968448
138249883
2336912009
1655748775
2594693824
1110826545
880908851
3346286146
1181444512
145299420
2946927888
4252996322
1608211332
3361143433
1868128325
2782477928
47621284
757598866
3551767213
2182813221
