2949950322
3414222449
2579520547
3134185859
672902426
879538108
619602880
3862373631
1115820328
320412768
1027060050
2045543413
2652304020
1576706683
1942946331
2049906256
632366364
3058563521
3007464331
2606975306
1407231744
2647250056
2667586816
1674899508
2871962054
2718405802
3697232669
3468835741
1256862845
340604492
2549849458
3898371648
312444932
1359657033
2284562046
3685472436
3744680261
2173979508
459077455
4265510070
294595916
2965424844
570727123
3419143621
1104223565
1428834357
3364367002
443814350
1253728933
4000075529
2970296067
3532200038
2651146238
2750055454
4016495494
1247465854
3048931502
263792728
1874793839
3239560252
