2949950322
3414222449
2579520547
3134185859
350221773
1464518016
2415390222
3731678022
966169127
235737746
3214083674
2418849234
2464498778
484149054
2372994430
1526754389
3466542102
1389873465
3201383195
2970969746
827325631
632596935
2060712397
1296595320
73015716
2188458395
3519624942
950277845
3467073444
1182829055
310416195
251105765
3755716970
1901467800
2420155147
3710908383
1493694527
50403677
555141877
984105924
86798753
3688870942
1769013496
605967404
2013875061
412263644
28801633
2278339349
1233828315
2560523522
1868242004
226958619
3823781241
1020863883
511658249
3038297423
4052680445
2677878570
2268015161
696777578
1515760939
2870661405
3111794656
1051196981
487620905
3565596338
2588201166
4126483288
677186723
2116870538
3118682836
518834200
924055963
767819933
1383047386
3245755536
176489448
465642327
3363974846
121650332
