2949950322
3414222449
2579520547
3134185859
350221773
1464518016
2415390222
3731678022
966169127
2250070304
2228529320
3008309277
47267029
158886207
2563959679
2751234375
3265785285
3015831684
248767008
3634531083
3205307099
3415126096
1336328112
775229661
1764593542
115112503
1505438266
26601767
3727279399
3361202152
2873770012
2729071703
1057502968
3992194476
2925331919
3009919596
3320696237
2915948020
3452692675
1404165029
129089817
2784841237
1005477789
3801188297
3103285609
4193411860
1955681740
1853233032
696041275
2445927172
3198489172
3742984875
1692061854
1147972124
1886863832
1485400137
2217544908
2389463626
697589605
1823483806
341144482
2452536022
3485094611
1360180801
1831046276
3348962960
2056195124
1427379746
2092554084
659322759
1371930694
1875994356
882592894
998539693
3318253374
1561008672
2432584054
3587846541
1172899424
549910772
4166304773
2824617534
1146652540
2645997051
719125471
4080191832
653194670
840278230
2239753970
1553063029
3102508346
3718251520
3271426646
1745779104
3747886980
109708547
275595499
3204993648
2597330433
907551051
1982671208
3142360984
1303538669
2489080170
1870527839
