2949950322
3414222449
2579520547
3134185859
350221773
1464518016
2415390222
813442313
850777217
958169451
2830500651
4180479587
2097480067
1177250747
2914765575
2076877356
2528051138
3794621769
1404256641
3493615480
7854485
1374475485
3984315216
1250156159
3609312464
3770301541
1605013807
1737437204
3206352101
1215656125
2975837441
1178063193
3206352101
1215656125
1157949118
2231246797
2722068074
4272404272
3122876974
1495446285
2684907185
627705109
1819827657
233566884
2261987990
3649987382
1373821236
226105454
171323686
4250815870
1720822473
2849309111
4138881466
972487364
3262777467
755670500
2837615108
2391482860
3818087225
1140106494
3926905495
1869461811
