2949950322
3414222449
2579520547
3134185859
350221773
1464518016
4093636695
2724527391
1168018558
972625814
210129728
3097808301
838888023
612266136
3050631896
174012895
3149999383
3048231195
1337648054
3784212255
3758844470
1649795358
4294411185
735979001
4081850632
565191260
2455298753
386447296
2024796006
3278995617
3611156207
4083149000
526078346
3504447927
1716259470
654026246
3224473962
1136560019
2013677618
1021147797
2839685846
668853771
784043039
1784725176
2761343038
297794108
4149639596
3397890922
733219259
2016179638
3171853943
2325030594
2048387161
4236260262
66339693
3606832287
3391735725
1328855734
1231951717
1636843252
2326828798
