2949950322
3414222449
2579520547
3134185859
350221773
1464518016
4093636695
2724527391
1168018558
972625814
94195278
2982138019
2212971
2920634562
867646061
1447768169
1236487403
2605676479
1486067225
1862801068
3458762189
3784783429
3068148660
1849160804
3372565765
902926385
3045788188
1743969864
455486631
2081341127
3990784323
1102650968
3178874287
600908093
2099349635
698006977
705992374
582456167
2110833515
3986405061
1773386021
3272420145
2735412742
2319750121
2758882185
1844096662
3341072894
2822394785
51964121
2545727661
450858613
3260057740
1784709500
1382674905
481005477
3817786927
648447242
2282640473
4066029462
1491352962
2602871079
1207211782
2223358180
1009818843
546208169
3257284248
733400196
3236985658
101158437
763107397
1707090394
3104841723
