2949950322
3414222449
2579520547
3134185859
350221773
1464518016
2964370657
3777739177
1168018558
972625814
210129728
452479375
2422009461
3284439672
1918535344
3453046199
1551618039
891306175
3475698194
3296962552
1495385431
500705627
475872370
2537599323
676338705
1565085247
2245751502
1175192765
1748608221
1613568215
1310242999
1991437796
1660859306
544733444
3051923783
269931557
994056240
1307055369
961169386
248629087
3209679767
835723082
433593263
2295169015
2301812468
2979564455
2071451787
3306350025
3977961772
2081391988
2248488921
91407307
2915633598
3358917562
1316442851
3508216155
1429417659
1618576571
620585381
2809296732
3128069398
1161400156
1180976717
4204526748
1830182289
3776808222
3400041845
3999764716
1861308232
2603708339
3492617829
3759718749
511031920
1478226210
4190022116
3092290328
1324546870
680590085
734867988
3545264355
636621005
3715060282
734867988
1557448761
3106013757
3771221147
2968089763
401010287
995151877
294315241
2542142155
351401689
3222141991
2634568242
