4016747520
2132918702
3683972217
2316302641
463829873
306540346
2414284181
2823563091
4195130625
3640860833
26287184
1237252038
3886998408
2613672032
400829603
2787023784
2046824810
3800654660
1411696765
1213450971
3992274522
3202352139
1918583993
218660683
1877820736
1946799457
1617029343
1022962053
2727489165
1151276945
4285163981
3371297144
2238416864
4094532257
1185777360
283621747
3374204935
2363275764
3788711647
3313601858
2875597324
4175846598
2564841969
3073254471
1931081997
3881961600
3215810053
970364785
3828737740
3417242842
2879963629
3209925781
167657388
2565634562
2830057489
968689087
1100541181
302949514
824572618
4209135459
557071461
1213534279
3430752167
299590298
2961062492
941421906
1342726148
3799604913
786886710
2875476196
725243287
3974395305
2841463482
1791147242
2935316896
1835702256
2806465923
3055923895
1202564001
3486475439
25783905
2313920879
1306295333
489747551
1963317013
3523890649
266943588
613591556
336097222
1201547185
2627128450
1043465700
2847909097
1902668601
1703161947
3570815110
3031389
2208389028
1791010916
3452908200
132309211
2904803207
3117391077
3868380485
2021776589
3513779928
38183066
343028889
4015231148
529542144
2283638029
3137764970
747364199
529542144
2283638029
3137764970
747364199
529542144
2283638029
3056013207
3031905109
3958006517
3134843795
81615815
40717846
1977353547
1012897877
3804093247
561860506
3999723599
1087057450
4232399920
713626758
559422715
3296901654
244395995
2396087058
528212306
2676649692
1026467770
2524140300
1396599236
2019186954
3674116204
1649563104
2224579212
320193409
1279824417
3687133996
805988594
3993200867
172737925
1215064337
3946282778
763710793
2619023058
1035879956
1343880474
2383478027
3030639
3098045796
3455427029
2345336540
2290400188
972230741
3018533769
610699908
2720683057
1278288052
3749696075
1223848774
2144370898
2715386051
2533061463
3994956153
1046122386
1019917136
763082889
734768472
678664412
71205094
361728831
2123492743
911714567
2431932449
3898551071
1241150425
3669971382
1963480143
2595066401
3667433986
2455690882
2033590807
837838487
3667433986
2455690882
2033590807
2922599685
4143711104
569996434
2033590807
2526274681
3812744704
1755196006
810646755
817443203
1811094281
143836890
2943011829
2100118028
1365269046
1087459823
130666164
377013613
1365269046
1087459823
3539210473
11770128
946223990
701968559
3191697432
2945219521
3613997551
86945814
2853262023
2018958142
1082358104
