2949950322
3414222449
2579520547
3134185859
350221773
1464518016
2964370657
3811100908
1201536315
369553523
1041167510
2172993425
1233086051
1121334153
3338550377
2501257113
1335925522
3010743846
2747976079
234771750
3727978670
4187865926
1812108037
4246206301
2234858028
3862145130
2308239564
2998573812
391762114
3576877814
1672904040
3188719701
1144861572
1380845016
4010669839
2076809604
60542404
1414239439
3724742098
1069301662
2245296228
223580256
1384757940
1153224699
1149427032
272114317
1256549776
2394455400
1668968516
820787251
1146917672
1419404627
44580876
2617287838
3189466203
346420815
505052372
1553151613
3636148637
3499960014
3195701632
713585121
2106496676
1825224219
931175569
2638089861
2936217285
96308433
3447122932
2823798267
1380257622
3568842871
3867486263
1278982691
192932173
1021602296
2602329303
3933895062
2016407933
1980841731
2083885118
386760789
