2949950322
3414222449
2579520547
3134185859
350221773
1464518016
4093636695
2724527391
1168018558
369553523
1041167510
2172993425
1233086051
1121334153
3338550377
2501257113
1335925522
1294005140
2266074407
3737763418
1868016274
355455028
2810275026
850049276
811813236
189604684
3084526785
1662669289
862794082
4160734561
2751455197
3660527658
1336961129
3426713232
235717125
410179786
1032816118
3004188971
2826382671
954299948
1855138013
3366992404
2255635560
435392240
3397629260
470093249
3801497836
3282119597
1670082269
3034009259
3661748056
121131664
2188680201
2353826370
1182659825
541675848
2225549940
2265235102
2506381411
1454583313
1536703035
200777604
2622070618
2345492408
1220282458
1044747360
1256306501
1637988400
4280624103
470475264
2340897549
1588521116
3461603038
3873769527
201237878
