2949950322
3414222449
2579520547
3134185859
350221773
1464518016
4093636695
2724527391
1168018558
369553523
1041167510
2172993425
4188533472
4061046538
134485415
1411612432
1329863540
1619680962
4111797889
3459998905
1766097040
3984033774
4022236774
3566214238
35165289
4274798941
4226031513
2825150803
3355192981
4241638573
3850162497
4077046670
1774876597
3120064117
3390712325
1800785285
2079017516
4118054641
167835194
605194402
3589354172
1802835783
2061174152
227858340
2564707802
2940589423
854046656
180492027
992558367
3985786686
