2949950322
3414222449
2579520547
3134185859
350221773
1464518016
4093636695
2724527391
1168018558
369553523
1041167510
1843851110
2770122388
3110843442
483211443
2513705598
301733278
1122588623
2593243713
421450936
925923722
1399075977
4050107189
3530032789
3281888376
1352766755
3415210179
1500588486
3908806093
3747620216
1258255675
3301029471
3147271032
2131066747
2811708298
3850648392
1709089125
100257943
2045497240
374785970
3792137657
3659713666
2224342581
3490161703
3028820948
4038758784
45884121
2718568110
3055906426
865663269
2135363830
538591574
1755740361
2628638808
1300363479
4171809493
2352125869
