2949950322
3414222449
2579520547
3134185859
350221773
1162147973
3790720338
2724527391
1168018558
369553523
942886931
1809533923
4201761187
3244270491
1485234034
3876394101
1663376277
3052756954
3050843378
1672122106
1666650108
1078383723
1085221607
100882056
3889097971
2132483488
1496853282
3824040753
4013849584
2631376462
3283144261
2012256308
1614773769
2674939692
1278821766
760994104
2248026690
33554814
1612082530
2659045807
629714931
2334162592
3945153431
3912860264
2091307563
1924809788
867830361
3153897706
4273961749
163529276
2881277312
4225129165
1071744903
3288886443
2574356958
4239681202
3425608560
1253669007
2773390542
878498144
3768893627
1294439837
3342693653
886919379
3086787245
688860429
1289888196
1606251770
3136775054
2920036086
1262887298
2005170670
2665842222
4121494029
1807356805
1604212232
2303856318
2911783786
1403822100
2340480430
3431615773
925632839
3975838273
2089984390
4006029677
3336971180
345994342
1296455405
22495471
2510792020
