2949950322
3414222449
2579520547
3134185859
350221773
1162147973
2730396132
1959780559
3497710872
3948199712
2063482208
3757166289
4103470623
2138436144
3603129064
1766369775
3455949880
455989367
2220926759
290159369
2364086694
3481020907
3837294519
1360170665
1664065257
1791986338
3777993587
3275245787
2216744832
1213909353
998681591
2434896719
3460744002
332068023
3921692186
1744733566
2519081574
336438442
1624872665
1178923361
3866014737
1543549415
2785674058
742759382
3986626301
2349644176
1980107581
2877963464
1072763251
868379094
3947910439
920412882
586351110
2127069336
26757922
3377671175
614089241
4242724759
2646194965
3076755449
1034437575
4135154086
2693780713
3027534225
811372145
900213770
371151638
1736003159
911652715
195666464
3342208167
3058700774
3883919578
