2949950322
3414222449
2579520547
3134185859
350221773
1162147973
2730396132
1959780559
3497710872
3948199712
2063482208
3757166289
4103470623
2138436144
3603129064
1766369775
1088776361
2520067302
1317537640
4224186675
1196490430
382465014
17044939
1116808582
3291135883
983957297
2802294174
182956462
790293650
1546310054
1847050726
2425913692
1962835188
627405244
1504473088
1849159861
2365603912
1660398601
3256202431
3175518029
1109667980
3739476473
2313172880
1972081755
720159829
61030842
4067701214
2934763652
3662205857
167992652
4220208218
900496994
2436941331
811485137
3394565500
3736051716
1291462895
2995885090
17918256
356669062
110523776
3287760879
883176695
1034668974
245222263
4048539422
2918981674
1528945434
2032291808
1808118340
4124484556
3354112908
1136901228
2774118489
3231915011
3960549214
1575142757
4282780675
1081383822
3738992412
663444085
3106127591
1081383822
3738992412
2860445135
513403157
1732359214
3863034093
2677630422
513403157
3279499343
2836364702
3543994843
4172703417
633140318
3136391950
487163425
3796010091
2808972243
231936455
2150016637
322914871
3023218361
935178304
2996478107
1717228979
4062312456
1520054909
6516821
21931382
2199317326
35022733
779842632
3292383521
