2949950322
3414222449
2579520547
642488100
2287698794
2874425034
266406685
100736854
2571919366
2044730100
3477975501
4051194976
1826240207
671155304
2692979973
3457284802
874203247
1216140167
1058825899
3558427059
1553715422
1857232133
2430361779
3489386822
2777521303
2977352175
1776612638
271965299
1164269783
2393042302
2859102874
2555732910
477981774
704729843
1958172740
3462482007
2993903448
3106342806
444338589
162194583
1507689500
3218794819
1307797078
2369274502
3752749110
566613243
2540208066
968928913
2883973015
2795130101
1044249648
859987794
1814368088
1293050905
3979878761
2540825042
1246708485
2180982980
2079693417
1558113526
