2949950322
3414222449
2579520547
3134185859
350221773
2874425034
266406685
71851767
4265798746
2950291730
508032474
3257470064
1954850633
149109921
881288569
1030189362
3667722323
1557231616
3016778146
4128411729
2171741565
1865683212
2438687930
547478449
3668666652
1833545562
3754409582
841533136
2945098879
3144806663
543837430
119102415
2691088358
2266343647
543837430
119102415
3337865048
3783315553
1393475925
3954941290
709951997
2234782566
3146943398
1448961071
2634943826
3247885320
775025471
3813688783
1304640433
1365116152
3890243702
1229502757
693011474
3624728612
10405077
923092064
1411311073
61990800
1887558308
587310190
3116963925
945561000
3314440729
1289911566
2300225877
4011534078
2818816421
252453737
447285219
3418211130
4196773895
4054474784
806636576
162958132
2998784887
3795265464
3668170244
3939021202
1896306213
3590900969
446128750
1054835383
789218696
526508574
2507866774
2769315072
763158274
3507604211
1527458427
329497000
2966948465
2753781513
1953026532
1050556127
781645209
980263137
816651337
