2949950322
3414222449
2579520547
3134185859
350221773
2874425034
266406685
71851767
4265798746
2950291730
2478684362
2589830273
1822569093
694207350
3100262710
254314352
2422601760
371077460
2001034710
1394079307
4174395456
1823197645
733173398
2466646697
1387759987
2598458147
1045718772
3185274893
1701206915
2388882587
2569463763
2609290888
4279328154
537199093
3678676114
3485430250
3220885469
834931897
58035246
3281629580
840018074
4281954737
949369036
1462448358
2303983324
2743716400
3751531839
2752324026
962190637
3076988489
1265143388
339075068
1263702002
3196852280
137212341
1421177071
3373732416
2798295706
115400682
2168264255
1432232346
2839494329
3331876383
3152434910
4285427782
2121359268
3330066736
859867005
2286673726
1758522111
2957170190
1117786477
1923996101
775231647
3115891090
4264819763
1342611918
3728237226
2047292219
