2949950322
3414222449
2579520547
642488100
2287698794
2874425034
1944655172
577902604
549185924
462783420
2319385084
3651632625
3462962124
2649285894
726224011
3906386651
2272387709
2363013015
3435220267
909883106
2987636994
2394034568
841291269
3155940705
2116577780
4255612685
1781194240
1772785275
1332471772
2568570324
210664584
1969182181
2874562036
865050666
1413665236
795747679
2582284993
828548418
593897762
3774472050
2585161508
2838517232
2948901026
3729747315
3112311949
2431243930
827100764
2715473215
326814030
2254098968
671058654
3000996232
326814030
2254098968
671058654
2423578071
2244831065
674363781
3282131257
1959602237
3812657456
491574901
2302147534
715054287
3238952051
1207126866
2684959283
1670827107
3363613162
3085491707
74174415
2393418645
2908960302
20250149
3480417515
3091504946
1112419743
3156578642
3812802910
1307185165
3494408866
2896010251
3893092281
2330726757
3343190556
2031536072
191028235
3660867460
1336620999
1479453078
3835290613
1966301621
804138664
991001102
3723902059
738971376
3767820407
960728845
1767615811
1443915345
1973885261
659563188
3713699865
3495507222
1581515578
4242590300
992966914
3092811024
4146143190
465804903
1284905073
44745167
635122447
2034496085
