2949950322
3414222449
2579520547
3134185859
350221773
2874425034
266406685
1585055317
3112204084
2989040350
62338582
2911087295
455999878
1732876910
2638424259
750362568
1028406565
1487943457
1621449956
2080921708
438883516
1798129073
510997761
835356297
79020639
4126654057
2480353977
2587305714
4119887444
2835922702
529272976
2579523779
1731515276
3647413848
4050590397
1672518495
3423194685
2862549264
2190937589
4266844370
2372066790
553995005
2229665995
1183646463
3695558340
3367955388
3146700424
3732069516
3421567054
2462919083
885319112
1362685900
3295833522
1667374546
781049700
2712394684
1373643410
3553338462
3491257528
3328591479
300695660
637890344
4163558574
