2949950322
3414222449
2579520547
3134185859
350221773
2874425034
266406685
71851767
3820105622
3716663867
1813634803
3257746010
3721739992
599687701
3055669846
711534457
73172761
748859016
2827657576
2477050704
554336182
203005411
248540267
2371844754
3982051237
2595265811
985552516
1598184576
3269475887
1151072091
1893401761
1809890734
2820679947
3745553447
1082793413
2905133263
2670542167
2962394847
297684316
1323506940
3620383314
3249844381
1659872918
1035138870
259543572
124670580
1476985459
1612474806
4262426686
1882307418
3081468051
810359670
1396080383
528651563
2464261107
795089605
1345638783
2690447402
936466727
4279909890
967314513
3909777005
2543383185
1187924254
4097857578
2229009414
2467656140
1804088123
3391974397
1110510193
1017351821
3257644539
