2949950322
3414222449
2579520547
3134185859
350221773
2874425034
266406685
71851767
3820105622
3716663867
1813634803
3257746010
3554205879
3055872691
2679992235
3822777411
15549630
2971136949
750096666
2161247745
437524405
3957749074
2346731621
2851938389
945267221
2248437697
1977798196
47490541
1472771820
3123170898
2484235826
3316651849
4118006714
1505588974
2444952711
305402494
3881941407
1607787936
362425839
3958477090
133507168
2674015686
700865038
1580171448
2461019711
3458789221
1878197359
1291631055
3137337534
3917448820
3908735837
1756561472
2546430091
3238667358
828509451
1383951671
1962699918
1137437311
1731118302
3849396993
2761888253
720789447
1457799368
3740815660
616672574
2019126372
2160340627
