2949950322
3414222449
2579520547
3134185859
350221773
2874425034
266406685
71851767
3820105622
2989040350
62338582
2144382462
3380414151
2330474122
1893893159
3738572942
3475225187
2866786407
2462768034
3243419567
1559282944
2383216212
3864427651
3519937590
804198216
2792055433
3226201689
2974711636
3289780196
4193971045
3801976577
3444820663
1478052041
3100029504
4251979
2211444658
546628025
494404920
1210614172
464060246
2386013973
887209734
1270317601
1740360334
2332648177
101652229
2243542075
3181124864
2356623076
1065062723
1499143571
2231197870
752921370
3089417617
2632735349
2442272174
1690610058
2287109648
3707896500
1232728889
625014661
2723310596
397584142
383740145
2563713300
1722062297
4092467111
858076023
1474728511
2097225669
1167453817
307518234
2415840786
3320165639
1908062277
544568986
3516320900
2134777303
542723551
2922382309
706219013
3848054651
3508518126
2791988714
2376510556
4240486685
2509044654
4162094989
4038154573
2405562395
3593151000
365392631
2479592661
2833645293
1578787049
1930003132
1489335050
178816277
250104082
1102214296
3207474058
21698248
