2949950322
3414222449
2579520547
642488100
2287698794
2874425034
266406685
71851767
3050719807
3830269815
62338582
2911087295
2994460221
3457961429
3756650296
1808495061
2989287376
83208149
949091853
2063912512
1429302816
4266133829
3109066270
4102276602
1377930646
542011349
4264612774
2728923900
3703012104
163110138
3664968050
1942819063
800254920
2898599898
965713316
3176852758
3004709449
3970514915
2480885546
2141572085
2204438530
15337211
1150236716
3332685536
1527176271
2314921755
3394498424
540844015
540844002
2501223904
2576464852
1028101752
355706600
2984610628
1769453493
979366384
1179512575
3422713443
38042797
1931633132
478493002
142502962
537549986
2136411394
4219405026
85245487
2440008596
1070023367
3323324631
2571680119
2614658485
363973519
2958197177
2378065208
3372070599
1716873108
3043213782
3145684929
1870810101
1126718014
723351924
2350048184
1596212730
4253060252
1778098471
3412027457
1596212730
4253060252
1966119863
3772628142
4096911308
1092148686
1670449509
4135333500
3335748987
1201486604
3168775646
3416935642
1607557473
2755168845
1833982764
3395273184
2967840762
2273191759
2728815422
4261100190
4261100179
3482734337
677459070
2039793122
4282472613
501815188
1760429241
1017823148
1140487190
3894235830
1594608699
840089842
1836421365
471043508
3638015791
1845398829
4201851936
3333518412
493291338
3376838330
3252922490
296162961
419612753
3376838330
3252922490
296162961
419612753
3376838330
2496831167
945035539
1323200210
1914451646
3067612197
2801454718
1379090779
957243873
1674784508
821782713
3534374743
1736670549
4070794755
585619688
1269535323
351716347
475209019
2681998274
240913440
2431969458
1722780109
1517146529
3117019417
1988975207
361809299
637248005
1094373830
3750901076
3936206005
1176189721
1321133529
3964156578
3840795746
1179200772
771183173
2399243582
441126720
1896319843
1759982578
61585361
441126720
1896319843
4011105003
2220367560
332775365
2023308262
461544039
3111404828
241359761
2895381738
3361044265
1272603088
1341226853
3430836636
4185878900
3377125329
1743194548
212569495
2016532719
2300631673
663553052
4126462024
1261670895
3887404611
1882765134
4202115026
3042586831
1058383955
4188510720
2495518409
974342316
453581311
2357508338
4099970815
4071950896
586265819
3783320377
4246662774
3128266920
929556929
836238352
543619017
1317099655
3829385875
502239577
