2949950322
3414222449
2579520547
3134185859
350221773
2874425034
266406685
71851767
3050719807
2346954642
1813634803
3257746010
3721739992
599687701
843784440
1471621884
2974263095
2215447863
2514697499
4148007770
1860497331
3211778856
1914682489
242755473
354370549
3298064238
1373566224
1958522839
3911110008
1564234645
4169234084
3349188181
2167897988
863643924
163719383
778804031
2622107328
3013610356
2492197754
1871537063
134353527
31589948
377304725
2488709209
1287949480
274484722
1817072381
162683129
3354677815
3540977487
3141149701
473284297
875478021
49940543
2261911519
3955952406
2280787882
1573413945
1451102549
3153821564
1613565050
2088765682
1751929744
2291053289
2862178625
1125898003
3415159826
3376799342
4244974996
1880577277
1605182625
2616210521
1291141963
3959085447
2478866438
1184623689
4249990887
957130271
1851334665
2852401393
4116930807
2273596091
1548886461
3034325166
2589508579
4191863942
571258752
3397715048
2321159484
822272529
1836914990
2886131028
401842952
2233527903
573375185
1507358376
3723524424
2375120564
417068234
203465138
1261977321
3367446544
851286717
2618641390
847170932
2667072216
2709289149
3912796236
2829152692
3202313083
1027887314
645102955
1071507591
108998547
57710041
407353440
2316447883
511824344
767021313
63104633
2442620562
2325758763
1266339328
1164335127
2314860176
4242580670
3663760144
1530836943
1009213849
387533861
2236400846
3895926426
2053281393
3671374342
2605532158
3289387614
2561181432
1223440403
267691848
1778953548
3701802613
888713776
1749034646
3087308925
3837529307
888713776
1749034646
3087308925
3837529307
888713776
3135828949
339747462
269621102
3226904965
3288636525
339747462
1663368821
3009429662
3371381814
414681821
1401958098
2211745849
3371381814
414681821
2258934613
864919895
2024408408
1059143929
3485932778
3732281139
1052329491
2685510273
847550114
2888593968
671382992
639167431
3029196772
707083126
3098546005
639167431
2438552064
2677623524
135588841
1335864904
3387668903
1464032565
3510061786
1335864904
1264619943
2742077998
1713310219
529760398
2347281717
2205121893
111988380
2886884488
3906755963
853948136
2901747552
1734956258
185557890
534984928
2180000104
1764230607
2256055209
2221369942
2152153925
721015121
786036802
2221369942
3370857934
91161122
2738811095
2703307048
2768312379
3442752369
1395075833
