2949950322
3414222449
2579520547
3134185859
350221773
2874425034
266406685
71851767
3820105622
3716663867
1813634803
3257746010
1954605411
2330678702
1893852931
4084134394
2215527638
3790753490
597987348
67970044
1654152002
4028274906
2520388618
1236329532
876769251
258737627
3110024759
3501882073
2620794177
302573093
1316283077
3112970893
607012898
3383436811
288955130
2384852269
2203345710
204937721
176598787
2754510416
3884744135
2325049614
3044980550
1023407483
3373863308
3799618995
3883282425
3921035037
3674558204
462970896
3451996087
2935873908
293399603
3996370198
100441800
2874429339
1454346360
435531250
3132013561
403337887
3566591000
3186762916
472502190
4109493001
1866335422
1028911777
2493655220
383339304
4280516870
1604766632
1131021839
857442251
2078030063
1216638859
4444335
2221385225
1066588245
2294904976
775660040
3749305918
3309913730
147681646
