2949950322
3414222449
2579520547
3134185859
350221773
2874425034
266406685
71851767
3050719807
3830269815
62338582
1075971675
3716179188
259809184
1993572250
3824722868
3452765140
2020080330
2252673460
3267165624
2617964303
2984004765
544657117
458794213
4039640153
1934037664
2740542134
4290878444
2109281616
1754102739
4245826448
1833794471
3149421724
4167828880
1579026582
3514659393
4156300262
1744268872
2983936050
339749987
2422743939
3179004374
2882429960
1186747405
1539092039
164714584
4159943462
3495559374
1158709936
3020876049
1678811399
750700318
2785476580
1094280204
229981076
1914099621
285952081
3810864714
1001853627
1061568510
3144560670
2025408111
1449799159
2648625674
2507869386
3424470085
4108930096
594196801
1601742414
2928408287
3240930937
1061622452
3144621396
432788530
1834058058
3348145686
1651764256
3235325254
2347859157
1054361303
1245844399
3825072682
3132563497
606061755
3931754101
4226336172
1917785417
3345362763
3164417656
507111198
330934378
3438760222
1505612640
2041960582
3989763389
2230201995
200922535
