2949950322
3414222449
2579520547
3134185859
350221773
2874425034
266406685
71851767
3820105622
2806760346
383113042
523617049
2845337632
3219550959
2280855850
29319545
4005460187
1499250333
2740325424
3093373321
3411090621
4117035280
1757846463
3947466054
870035895
2668956899
3030387848
907773604
3458915557
2378165416
1932997278
775068811
1377862532
4239207030
3323276213
4052658944
3649482725
3159985702
3399920635
3299377256
2075667746
550783092
2142443643
269357137
1114299353
2467253737
195624236
2296318270
2316761270
662876742
36913055
527118451
1919201112
794886477
393505416
2987134753
2417745033
3023661640
3560920959
1189140125
2726701877
1125029864
4097824734
1885883072
2297759799
3346245448
1463849125
1720389023
3472065040
506637485
1426619517
326236407
2827257515
3546059350
1015545175
3126838385
779214601
3011378619
2429304488
323168337
1885303941
941327476
1527240864
323168337
1885303941
941327476
1527240864
2135898233
3394711861
3735839821
4026007974
287792345
1916469261
2363776370
4026007974
287792345
1916469261
2363776370
4026007974
3139074969
2786755027
768318238
818635092
3139074969
2786755027
768318238
818635092
4026007974
2963231145
797492817
2369485910
708109978
1739491330
4105659464
1961754213
3208432644
277596669
2662664857
4111168984
1712494994
1464269945
2107426965
1966675541
94918023
2785593228
2921252844
3427006627
1599739113
3396997055
