2949950322
3414222449
2579520547
3134185859
350221773
2874425034
266406685
71851767
3820105622
3716663867
1813634803
3257746010
1542733491
3631949898
3381562023
2893185187
3012230177
1306607852
1305228228
3576107624
4091968463
509810150
1261670722
3373799310
2148159314
2313837337
34228936
2399944508
4243485516
2399639282
3629256932
4035886670
1707359280
642845821
3944835884
3286188733
1207389533
3315134244
2856302466
658096758
1195376449
819340791
3690368509
4272121373
3162398349
12623765
2640510266
319533824
4003411965
4261274530
1122848488
3152328973
3592756915
2481450816
1155700818
1927419594
1257733391
789280523
1667739657
623003617
2160135639
707884577
495675220
3064419353
1868473707
2542294040
535096858
2680717436
114079661
455257030
776758640
3308382652
1219062258
1312343420
16431872
179007047
328118522
2501347678
2778946041
2415580997
3209562082
3870882658
2142839891
3384997778
3012955229
3972750845
2981273736
2343167501
1906529440
580393036
1774076383
924402670
4157599014
3555548135
