2949950322
3414222449
2579520547
3134185859
350221773
2874425034
266406685
71851767
3050719807
467850902
2907667887
2474285058
1954605411
4145020826
3875167607
2198230899
3138600118
2481788199
728450604
3573611233
1753035578
2247646483
3500726711
986163488
1180703620
3561010186
768810814
1360458265
3434385590
1646019045
2927882082
3050911379
4100662558
2842594059
2605947723
3012507105
933706241
155589830
1849417549
1826569276
3968181777
3848647258
2893539974
730448314
2529833837
4155380836
2821728040
4200452407
1189780308
4190102773
2360932312
2930016259
1163091777
3336325560
2022052458
2971504501
2523065532
2191112644
822051561
3127652351
3851275923
2066033153
1838276297
3341765853
1657489660
2430123746
1737218286
3082406190
2664995455
3286053994
2629461090
2460414581
604723532
3540738149
1638257795
1893856316
302304823
1361909911
2716759947
3810025765
2366581372
2624445768
4090136046
2712105969
4016377229
1215397622
3985781952
4241888383
2289338028
3857513103
2762266063
3435703789
1021772484
