2949950322
3414222449
2579520547
3134185859
350221773
2874425034
266406685
71851767
327661770
443001985
637793625
2006513681
2171037205
2689600852
684889145
335347201
2186705985
3519938636
1441140652
1134040419
121629077
1420268952
3208066340
4238476649
3991316799
3493872147
3124024701
968606596
2693952810
1973277400
872688416
2265816899
1464209838
2978752194
3013385496
1095785403
2078825080
1027876375
870678138
2388069791
2826189597
3385928938
1233893063
383182695
3800517996
3154434353
1758230611
1241191186
2919326323
676141600
1907725465
2989122249
2812823051
2034685735
3630830756
2535443021
2597182898
2833940768
2761338268
4161694918
1785042921
3928753396
2137425546
12937915
583466561
2940957803
2172572683
3110846414
3232530814
1359348542
3862381320
1334356621
1837842039
3758535773
600187128
1791917322
3737063488
1996552645
1052344965
302235414
1647645978
3354761045
4025390489
3927516362
2775364909
1965558726
4288682615
948322629
328833791
611555852
38841486
1929000552
1589063250
1781711351
2155238511
3566480976
201724577
4033546064
3693485930
3447690815
2976745776
