2949950322
3414222449
2579520547
3134185859
350221773
2874425034
4125242493
2759407925
13372642
1004693210
2856903834
4191197335
3114394160
2410568950
2556541643
3109474698
520561535
1553077042
3509989687
3637912956
1786286490
2326227731
244278515
1910267649
511379367
3747723314
47804957
644413859
1437293163
2982614901
1525137279
3647515014
1808145760
2887809709
830609410
3216825190
1919517636
1398728837
3964552655
1775041821
3483176936
4161179485
3734458400
620550366
353891130
2913120005
3372850764
1955342202
954261624
3051787660
2740085060
2018330125
4117248053
3507489963
2517144560
1262863006
