2949950322
3414222449
2579520547
3134185859
350221773
2874425034
4125242493
2759407925
13372642
1004693210
2856903834
4191197335
3114394160
2410568950
2556541643
1403391842
717920018
69560460
2912155732
2678909280
461694592
639765932
2190948475
2311284917
2275827746
2189314500
2350596435
465432918
1744623645
1820539289
507696696
2760232568
304637249
2443670456
699065644
1422276618
2228776988
1412954140
1177777276
2191622271
4273184624
526723547
4171192506
3941760596
4273872922
526948017
2848275848
1740134576
2796044933
765720072
2528150035
1377990160
1267524604
2570147903
628158372
1660660229
3665688846
3443111016
1521751397
946518820
1410108484
3136179117
2088681128
2111042038
2451840439
3520728352
3231185442
2252125063
176690703
57147972
2995901867
817517415
1354526288
1034248857
1626217737
3092614105
2759781537
4213423361
1697688713
3491337867
1304163364
1058920801
2533364437
1195682878
3646406070
3370563183
2353649060
2855116747
742615724
971394598
2817875886
36387865
1292247812
3245168004
528383537
1327283014
391213141
2435496225
4064717461
1827556871
2853813016
2217603883
1071156599
723769359
1260774712
3894605062
739584076
3926384293
795352704
4159117433
823192934
4144110479
846060458
2463889373
1581537626
3687244168
1536752891
986184997
2602309167
1933681258
3538221740
1101125827
2505689368
912185638
1846743605
1099434019
3353804100
2562436324
1577688759
2917776241
