2949950322
3414222449
2579520547
3134185859
350221773
2874425034
266406685
71851767
2582264920
2416584723
256333635
1591499275
3209299467
4203280376
846376458
604812485
2184401803
2865592858
306915601
395510007
1396466492
3424685291
3386125968
1106505931
3153674854
2936149790
2466054741
3089577657
575777980
3485389826
2292599641
2353207424
3181917028
2012391083
3852938816
350573174
2792047426
1084986812
2807162077
2374750257
3326402048
1510988529
502575379
2533295518
2951840010
4076089119
2385375040
401619394
2193275836
3801991758
365871446
4227966528
1851010731
767631078
3545128540
1585507612
2838760045
2662304472
3661220202
292241755
2210336194
1223525875
4160563385
1944256292
1474441312
2335313473
2628599528
33938042
2543487545
2955446295
211796596
724988316
3110336887
2142457687
3991324604
3009762273
409687190
804312099
1438543576
3621882119
3763095745
185270143
2605255262
1553613828
2794518185
1049026948
4179031318
2184839581
101846653
1596972952
760988763
4105565916
3347314181
3137193668
706140153
1466492728
3347314181
3137193668
1054198052
2113675140
2281090345
4123875292
1972181781
916770229
3059040827
1750018402
3157008071
4157071436
855890647
2579318979
3286632260
1833883159
3602622539
2407954862
1303758139
3876280111
710388829
3534767831
4249807073
1851196587
1456196691
3834026691
1825411928
224279605
453949189
2285913594
83157106
1490258629
1354591290
4264609224
1234341619
2498469718
1351915408
521287919
601251896
544101820
4054347150
