2949950322
3414222449
2579520547
3134185859
350221773
2874425034
266406685
1585055317
3112204084
3320311004
3956427964
1609618001
2620409588
779948132
750051820
1749880288
174274706
4217456288
1791739104
2092293679
4171092431
4142706115
494669183
345774388
1426448588
2703316908
2980040709
936618070
2859584249
3336310711
2669969678
487524290
143467264
2193800092
3036348687
2471670503
637475294
1538682201
452478196
3721235522
2571432926
854772096
2776590477
3874117824
4253891748
2731568388
3855151711
3130369023
2430189365
3481595541
387371620
1825490585
613975195
1201542877
4170103703
4036541431
192400865
1475284155
251627045
371261598
933272623
3890488004
38846784
1147232302
1678125571
3368589143
1598371418
3202508152
2934613566
272595824
1779242805
4019171303
4130089107
3103770247
3672746651
1874890905
3957890937
742905347
2386844095
3257140937
