2949950322
3414222449
2579520547
642488100
2287698794
2874425034
266406685
71851767
3820105622
1300673343
4213905414
3307142571
1954605411
3277991717
3981938501
3598312829
3568309493
1463747084
2905976993
1398672492
4113301866
2052029373
1552814618
3424143737
3615436061
989479732
1302001176
3515262826
803855068
3106747917
2550029717
2109392909
4187146221
2523083356
141566932
712890071
2803818511
3228594980
1476252201
3719449269
2081886835
3912698149
1073435027
1102193940
4044148737
743413249
1954594948
2806573547
210708448
1265274123
329636750
4174509955
1897508062
2590867667
3749427505
224796453
2795622702
3315431405
560690579
2240492248
2687343641
2195821617
1221651079
189127370
630632786
1875509328
2307774933
3574929551
1860200147
3807652053
834086204
2746101130
1772049212
1727114472
1044314733
3422803778
