2949950322
3414222449
2579520547
3134185859
350221773
2874425034
266406685
71851767
2582264920
3362861328
797655153
4193921370
1750117146
3328456627
519441218
2064253254
119021129
844280905
3677333775
1560588592
3882618570
4017664704
1800453408
4263232349
1219913828
835478503
3928416321
1483454161
4151971245
882269506
3610410490
1646949558
4121417147
895897473
882503298
2595058219
556010551
2473155239
1182951805
154168863
285186499
1281841305
1096244293
1437337917
695794642
4066961733
1056393154
632135219
4035985518
4014676105
1096682083
4129274788
1650759199
3790307558
1986404843
3384852378
2804355284
3784010939
3133228593
3550505491
3623224539
583682710
1371572425
2348475226
1204135086
