2949950322
3414222449
2579520547
3134185859
350221773
2874425034
266406685
1585055317
3112204084
3086027576
710109591
1446310527
2889760978
404545087
611878887
764973996
1913037024
2682902622
593400381
3750381321
4097787746
676445896
2000088773
4091107664
1065074901
1294050774
2511575335
4031746851
1022167718
888780460
2954607743
3818635957
1382159706
1730723674
3132435608
2675899573
1538967086
1933897663
3320398982
407845307
1865387159
1855632303
3054014302
854014155
2589782718
1505953006
2506202475
3189377803
3346436987
1152126522
4062749092
400181325
4025160204
4178670735
3084061427
1705696935
2708399164
2974557799
2111015136
908259048
2035757057
581969766
3149140151
3452841215
2273371312
1105060261
3566691291
1864598335
905890850
3060914907
1143892416
1389629251
413178004
2304166103
3398884028
3497105656
1244592422
1355397986
150389384
303136972
2286870802
2460590934
1951327539
4201653847
2858943513
3163710106
738938678
1256412812
2540659065
2111440951
2278603418
1083894659
2635521142
598860521
124100689
2780916023
766366517
3243201156
