2949950322
3414222449
2579520547
3134185859
350221773
2874425034
266406685
71851767
2582264920
3362861328
797655153
1408031641
2340349800
3562624669
1259612621
2541408359
567769950
1648511763
1233524047
344177498
1123149227
3190108319
1143964210
1852233554
1662468433
3967040390
3400880673
1258078524
1690919260
1530641627
3409822967
1512612015
759698819
2975089905
660865793
3428920345
2463573678
1021557255
1397023393
1044330741
2879416502
1799783184
336641591
3132649316
698624717
3119472483
4277649464
28390058
2746400022
1465671800
226570085
1350861168
3034741976
