2949950322
3414222449
2579520547
642488100
2287698794
2874425034
266406685
71851767
2582264920
3362861328
797655153
1408031641
1143160228
3927417101
4126137743
1103971170
3320138882
2686011014
3331079736
3822704088
1433959509
3226706043
2269855520
853657150
4040325803
1178315932
3547410146
4145223877
4106280995
1343671695
937147505
2152621939
910808568
1502843250
2247932239
2032692347
1361078430
3871518424
1263940470
681033130
4189822245
616729728
4206637299
29014062
947836063
3009632694
144058346
518536485
3501078507
124969474
3757843289
3939534876
438870196
