2949950322
3414222449
2579520547
3134185859
350221773
2874425034
922115173
1029638543
2582264920
3362861328
797655153
1408031641
2850449716
131265949
2977914532
3565376672
3969269605
1567393902
3257005886
2176108403
2859505967
2649430426
4224423242
2328757319
4288050423
2160414469
3633189524
1454428656
2259585490
4157117587
3010422885
3971839655
669610664
4075214170
2098539939
1962228200
810730782
3720199584
3824644165
797798060
3809656875
3979087445
3331919422
3870476687
2825959411
2981853229
3421471714
926635734
158440243
1708940925
2851683302
1455409524
153221688
562741466
2279289391
2432968537
72262951
1473174509
457344117
2553639015
4262853815
46213507
754223587
4048745694
2796118479
307335058
3047669164
2670020513
1638766999
2474901388
62917293
3485078596
910781355
4013339647
474273223
1021164348
3563848448
390003246
4193320129
2075073310
2379751948
246404638
3586945332
116296268
850235865
1646748950
3505759894
1576260450
470983100
1265789552
3643269787
3453794275
2943858343
496971174
2411359392
3906273163
1328345764
1322844144
3112957160
1021943628
684130200
2726913796
2810633550
3310253785
3512800781
1775520306
785175913
1918112819
