2949950322
3414222449
2579520547
642488100
2287698794
2874425034
266406685
71851767
2582264920
3362861328
797655153
1408031641
3846271136
1266019337
2481443064
4129020668
3457069369
3354305906
1487133218
3914951977
3577558257
2527593660
3177994976
2331499093
2705513022
3852069017
3121077205
3875698112
3209242705
2381429077
3377874339
4274898198
335135593
271229133
3927970400
1295016448
307704329
1469432826
3547842857
86915094
4246692439
2565040211
4274250883
3644079537
2999130494
1729102391
3812101591
3945574877
2366389517
727636229
261506785
856475952
2341116475
421506584
467034000
2515049716
271265549
2477013492
1955204854
3732567296
4158108742
3439662031
581765775
3946150538
