2949950322
3414222449
2579520547
3134185859
350221773
2874425034
266406685
71851767
2582264920
3362861328
797655153
1408031641
2340349800
1460674242
1802782490
1653887825
1024090141
2364593942
1357798868
3170968938
28733193
4251105853
450463855
2654355450
261930426
660771883
4084598514
234440264
491241953
2719137344
3963660282
2115665306
451851937
2852965671
774161095
268763851
3701124172
2931870031
961374274
261741688
517828654
2993259521
973422083
289084351
1803646373
688406281
2293065679
1344785127
1979680406
3687520831
2165724450
3170473666
679656313
936700309
3795835471
3291692548
1137585934
1286969897
3302563883
414701953
2362242106
2423978921
832639139
2989360730
327900828
2829556004
1059731497
2444951561
