2949950322
3414222449
2579520547
3134185859
350221773
2874425034
266406685
71851767
2582264920
3362861328
797655153
1408031641
2850449716
131265949
2977914532
3565376672
3969269605
1567393902
4124525083
2790211094
423301726
1253797012
3497250991
3297281495
1915300954
4281293230
2362250718
4280610912
2567208112
3892440509
2639895821
3834164320
1647521389
1809005094
3567720046
1391160893
1028404891
372744443
3017075405
3712388362
1208749940
1718006708
1732994711
472572918
2340829835
3156064830
3378873684
2664072997
2617472685
2351019254
2724719479
668630056
1386365762
3391828332
3511440648
1425130071
1622333890
597364578
232607971
1177302763
4037581173
1507391524
1594713323
4135388602
4037581173
1507391524
1594713323
4135388602
4037581173
1507391524
1594713323
4135388602
4037581173
2874117650
841043317
2053093969
4117698947
2801987484
2615199689
3221737646
799076249
2110593414
499852465
3340766892
1026210817
1578506946
3901928796
2741228372
659283124
1782509119
3186351862
3743642977
22923538
825667204
1125086648
2270324032
3093856040
2281904318
405811027
445666824
3831673883
2197301860
880575994
3412796624
987971014
4208423226
906463888
2561629123
478630947
312197684
3901845657
4060987867
2575374269
156080917
3318887826
1079020864
2224338907
1507452597
850494363
340485451
2608580249
1232526000
3603386270
663040936
3591187134
659510920
2762900701
3213544292
2524681043
2497440264
3993155116
524339738
2163302196
3290527796
2312026754
3645132365
1788151380
3018513920
3590836937
1390962012
329271836
1319494665
630253590
2030577996
2197986273
2947795810
731628674
2518298635
935451393
2196300035
1796352813
1370378604
3582353036
1443448949
1489841041
3869173317
3898246561
1823814196
3902619092
1245312178
3457284946
2067317072
714112472
3643340303
3167091398
1333621009
714112472
3643340303
3167091398
1333621009
714112472
2837408545
2816149701
92258723
2170015299
880735297
2958490529
1262061940
1174268560
3058000199
3551030670
537978457
1174268560
214222056
1764345889
3020552978
801512613
791564741
2642470179
2640881731
801512613
4075171734
1764345889
537978457
1174268560
1692908483
1780733991
1020338893
3103337773
3886316685
1670148973
3830561464
923973457
2324906968
247155768
3875408514
1675620397
2296045365
234562970
811454134
3464439240
1176365766
2470627998
1018276185
185317420
357256112
4055714254
563042318
3313064560
2475401370
3413446
2893340822
129183389
3034414976
2584613912
242607509
3103679538
3126730089
2470399544
3283466999
983525195
3364655445
4164436466
56046375
2497352234
3008868165
657228542
4266875562
3922487811
3460388716
1970268194
403976822
2938170115
3856010296
329332010
1750352211
3388021141
3580826842
2285161488
3498063936
