2949950322
3414222449
2579520547
3134185859
350221773
2874425034
266406685
71851767
3820105622
2989040350
797655153
1408031641
3846271136
3127296341
2188618384
3330950812
504920685
3000420153
2394070753
3441929900
2092546660
3918685770
3257361953
2405367343
1909858329
2737445709
917850894
2197101951
3287634714
2391591700
2696506228
1297486794
3017723388
4113739211
4206597702
3441432307
2175551851
479406415
2241273502
3327970988
1362811925
1490733150
3554403636
1374708728
1622416559
4043270401
1182066854
1409400855
515035854
3928725906
1427705375
3610413267
3451520562
757150707
1099738307
3484577703
2300943990
1706886740
2922185482
1136819124
2979907759
840097366
3226299725
1114041217
2562777920
184592477
2802077017
3866116600
3007409685
4264086511
1536978041
2985499886
3922486532
2365127626
1226950771
3093541957
1737180681
873150659
