2949950322
3414222449
2579520547
3134185859
350221773
2874425034
266406685
1585055317
3112204084
2989040350
797655153
1408031641
3846271136
1266019337
2481443064
4129020668
3457069369
3354305906
1487133218
186885352
2451287419
601954928
3199598441
3177618637
1594052747
211496070
3514216389
317282709
875049010
550724938
3671709671
2111196459
4203756022
827821151
362746811
2230944832
2639729068
4059747554
1684374689
1883991767
1972200201
2543081975
3947084466
1358387798
301405235
2115343869
995509762
3236200695
1894773690
2214670036
850167277
4175323214
12607905
3221964145
3101995835
2488696934
4098932049
722061002
3748272097
2019921197
4071506195
680798848
3707239339
880691267
1578897112
3789502764
196098195
1267019952
1579160634
2689313015
3488411729
389876788
305817846
2617551762
1712199999
630925682
4194206362
1810336300
4023354828
3664754490
1250207239
3189740192
2738428200
227657851
1216589564
3334303128
2041430226
3431267024
1834947034
4006610723
129104099
1092453516
932705101
3283305517
261497270
31940026
4106890567
3761338431
2695880141
2933825985
3238209819
4185779153
2527093515
2933825985
3238209819
4185779153
2527093515
1769051974
4132230720
2866026266
4139704860
4171396107
4171396105
262294816
