2949950322
3414222449
2579520547
3134185859
350221773
2874425034
266406685
71851767
2582264920
3362861328
797655153
1408031641
2850449716
131265949
2977914532
3565376672
3969269605
1567393902
1627967926
1760085501
4154833581
1911145214
1518271985
532417538
3120638259
1475236237
3012078629
3759198248
2043943739
1285468475
65761234
778505542
3569528057
2719190318
1551691928
1241705047
1102356283
1848608045
1655413529
2842439344
759439696
3203331982
1719454591
3141504383
3357343074
2610725800
3884883111
605121271
3061367692
2052453758
1222929721
1671428953
3091826783
1710224738
2842713061
1039096725
1104305101
715055086
2733794796
1722774804
1316062594
2082271248
1470754939
2848083126
2701114372
3417520167
2331711335
2242800429
855883796
1009587459
2879435790
4258024323
3598273512
3938128772
2952315003
1545135549
2278463163
2082962839
1964674341
3685899382
244285995
2639251766
3330220775
2704327125
918380760
2784510647
2677215281
3122524951
1138883205
148215101
1162869669
3408311711
768630062
2570541556
488592916
915677558
2998677142
1095199314
67418541
2274078548
906996285
962254455
1950094184
2064828031
3969869682
3136526591
4289743616
1625045176
724292491
3637245517
922910130
687505409
3212255500
1022900213
3543251978
1742125264
