2949950322
3414222449
2579520547
3134185859
350221773
2874425034
266406685
71851767
3820105622
2989040350
797655153
1408031641
3846271136
1266019337
2481443064
4129020668
3457069369
2049716180
3848360068
3068210766
802760669
284745516
1827323939
3790386647
3716738063
560939056
2837392956
961829778
2699209428
3650462403
2435423068
4107637080
637120983
1191125905
1054732000
1648701370
2555354391
3337133862
2099979539
1800749020
606134581
4207833113
1464268872
1094247047
4210776242
2273667187
303708208
115436872
1205936941
2876705975
3996442440
2104622375
3330573179
1630109287
1226930818
4208173225
1648003402
1696873614
704370013
2398375825
3420145705
116625666
4069539881
1345620303
783947702
1610893297
622207350
2182724538
1317410109
2131059643
4150909369
2553215414
1492670334
3682025863
263404225
3130654915
22657782
1459009671
3803437357
2553849498
2480420164
122410007
657213675
2020677963
2999566672
3181854340
2185441987
1428099765
1033478721
1774529112
163780463
2281559051
3916123640
