2949950322
3414222449
2579520547
642488100
2287698794
2874425034
266406685
71851767
2582264920
3362861328
797655153
1408031641
2850449716
131265949
2977914532
3565376672
3969269605
1567393902
994837694
1246336435
1058137347
3539901885
3308354432
1343924142
1266533322
149484423
3028284426
2718035653
487670671
3301354741
1368141451
2086311193
444209609
44343154
3464624873
2066416631
1394804498
3042693879
1483723912
4026142602
1558564304
1144736619
12562037
3543720174
2955197498
2891053029
2192145793
2482042068
472179582
2101772224
2313347492
3857641868
912013420
2834619646
322397899
2841207613
2730094819
3433701684
1490095247
1365397602
2822075659
3029889411
4076716903
1817520117
80975617
17546983
200362306
