2949950322
3414222449
2579520547
642488100
2287698794
2874425034
266406685
71851767
2582264920
3362861328
797655153
1408031641
3846271136
455789677
3777003200
1334357907
1318741723
3028767044
201392719
3664800612
918733595
1327570113
24171233
290988582
3291102032
1701174480
3197067126
2200548442
1539016875
3139485034
3426748486
1219477459
884842716
266783245
3671790672
2572035101
3324605459
929761317
2289804655
2038424384
2067243818
3859884655
676798625
271180395
2985429345
2768854041
891755957
1813695568
2485884433
1231472511
17725954
3790379899
768212704
3000920344
181665676
283274151
3261408885
550332740
3094010241
911481573
1093971913
1733354918
2051800052
645258757
3665429774
500518003
523644579
2372541061
2708183716
1560710997
2315165326
1054100994
2430669823
2216314503
2865015369
2911571699
3193387464
4007513351
3102723869
2847295048
2809275820
2782026999
938941937
3273244831
4184656322
2765536563
3140403633
890241749
1876890546
3964667211
105760476
421237808
319391336
