2949950322
3414222449
2579520547
642488100
2287698794
2874425034
266406685
71851767
3820105622
2989040350
797655153
1408031641
2340349800
1460674242
1802782490
1653887825
1024090141
2364593942
1357798868
3170968938
28733193
4251105853
450463855
2777479118
1174948020
862863908
4294044835
1734801669
4163602005
3169891570
760886962
1504217289
4232823551
2350357339
1731670865
2929794250
3685093351
4077729029
3282200066
3673208127
828380547
3451175095
3752873175
1547655726
3041019752
2642539309
390741779
1272118857
1684573717
3017057507
3366200627
1168265415
1918166498
2155512825
2219848216
3904954198
1827197110
3394629512
532601938
4051467114
2492561315
3706698747
383661358
3337364718
3995054299
2883404072
2117497586
3643146898
2616932866
3215561119
