2949950322
3414222449
2579520547
3134185859
350221773
2874425034
266406685
71851767
2582264920
3362861328
797655153
1408031641
2340349800
1460674242
1802782490
1653887825
1024090141
2364593942
1357798868
3362205690
83394941
1467547575
2676139589
2135816037
2784709614
687685146
2899653114
1044383193
3938193191
2403337507
3460320070
333854331
2606113104
2172770390
1734892486
2283770686
1915920623
1724511639
4043134234
3920594471
1215589677
1661991757
3936889768
3081602493
1024834887
2585405323
2841452327
2462561421
1430108622
1885332233
1040334511
2904281829
2200859269
240191967
666777506
4071723088
3792639993
1004610942
3147977133
