2949950322
2363168466
3734744192
3270290982
1828502120
1264029870
4024608121
2141835479
3993195159
3214434271
1482829502
1665942662
4277020201
1541526936
1887823190
1282253486
2818376210
2286072218
3890604348
1037285694
2479074672
2268657672
1834482103
1891491450
4103459226
2819428544
2924985619
1821309484
333328790
1347092955
4015762577
3023555015
3336035540
3802086413
933421648
3760869
107204406
96486364
1520899030
169911021
1727938352
897466874
3421937612
2943948863
3722220234
3732872736
1381124835
1374799369
939677795
3852739934
1753308006
185308211
2304996491
3222505196
3914225690
4163677998
1745022594
554349424
1726600893
2644495094
2409318038
1324185577
2006142575
3836216095
488904189
2041287182
2234393090
2834864528
1450198950
4049876189
2262140773
1573230066
3803298234
3947998705
3055211105
991733653
1686279385
4108174574
947871083
3172808399
3763751263
700475076
