4016747520
3203512648
440700063
560653991
2965398759
3814201578
77752715
1626743944
850829018
297345914
3215537972
4231792505
689505708
114769946
2484890794
3373908671
3651618070
3445362798
183720211
2091309215
1310122221
1227638788
4286702397
32137200
4225822045
2800042824
1076851748
3844114325
65712377
3183050029
3158760494
3047606373
4104920749
2976837470
2150273033
2759342996
970611003
2247791457
988429867
3812479313
1204591560
2840126365
4141273297
897434444
1524276202
4143410050
1653360185
219113666
2301060898
418126217
482781288
16765784
42979178
989521358
2910274755
2974695411
2050577128
2127069099
3748472685
3112590308
2442026753
3255706059
2936814096
229176182
3034223288
1567938893
1594148223
2628769506
1861248505
1678755825
902963142
4135128155
2052348056
2695127225
16857215
402349820
62324914
343510392
2213817461
2103927128
4013091251
510093932
3114231619
2450788385
904666382
3151158890
124097545
2381153720
532155731
2502958306
45989359
691456653
2291372619
2657744072
1919765898
2931651499
136362499
2343546106
2074503152
4013516672
2551316043
138510240
1351493925
2948934511
3942223120
1366005061
169983951
3188155624
1392202696
662859018
2155503653
1312582379
2506083777
3389168737
2026710986
3108810202
1869078783
2434949058
