2949950322
2363168466
3734744192
3270290982
1828502120
1264029870
3606442497
1186891695
3792417400
3012607792
574242160
735717691
4081587658
2402258466
385282763
2731830310
1186107790
1355582273
1078730315
476804348
4161636692
2601196306
2002959631
1062033049
3813923931
1625082530
3900683559
1355475224
4086393694
1467779544
3927514853
4234609706
402782594
366498527
2742417894
1407729638
2783674007
3263798331
3478883268
2846947149
1004896166
1469693589
3619890360
1328022804
2462418519
290099374
743470484
