2949950322
2363168466
3734744192
3270290982
1828502120
1264029870
3606442497
1186891695
3792417400
2657888656
264678352
1591672226
3106180291
1662180545
3439511695
1119148900
2009833394
1817506685
841727575
203316218
1673069404
2119378065
519563536
168606824
3163034614
3533423137
2293618506
3585112415
4100957983
727500781
3512104256
758866097
3898223326
372348435
1975931055
642133605
554261842
1070489091
2305816462
2858437166
1728046249
768463054
2876656323
233330294
2561487218
1534740230
2821980996
2274078924
2160378875
1070948681
2880326898
808587472
1591066526
2810354423
3378853305
1728194826
1907809730
3518137310
510033310
489445638
2935731997
1958861966
869876693
4081035379
848178089
1957175638
4206387379
3440746869
2247021802
2496466642
706830619
4047533523
1724765406
3908245434
765253535
439424601
2765978000
4026178420
2415699523
1652148330
4231573366
2705129827
2030342233
4081780933
