2949950322
2363168466
3734744192
3270290982
1828502120
1264029870
3606442497
1186891695
3792417400
3012607792
1416285777
1866769513
4277020201
1541526936
1887823190
1282253486
2818376210
2110476816
4289977516
2349957643
3130413745
643207376
2005835546
1820977643
2976148136
2430356328
88283947
2002014541
911482664
1044423458
3293188495
2116293753
2942609909
1660543906
2668221108
1480109849
2463628341
3229696981
982249848
779133952
729268418
3014942172
1720288129
4289585255
1371075213
2964583424
3730070350
81979333
1964423519
2946500052
2863096086
2164191146
2125654329
2097437176
1579872346
619484977
130170515
322530283
2347847165
142498564
2938506331
908232509
3362685358
3795259154
477825409
1393481576
302946573
154476546
2929436404
372177611
2449929515
4132616232
931673347
3817705566
2012659173
3249799753
2159299628
3756596620
1431381366
3165966635
2871779714
2070896489
3862668286
977167096
297080218
3004292348
3315964158
