2949950322
2363168466
3734744192
3270290982
1828502120
1264029870
3606442497
1186891695
2651040801
3482886505
677564424
323795504
2196125808
669633473
622869065
432569777
4065910029
678333711
2256443713
2057981045
4174561993
3142054532
195839903
500325712
3661777346
146698902
4071931963
3462170563
1544097576
4177984665
2566963630
315743075
1188151775
1900691818
1938010338
1219353306
1674177044
1491566636
3261984123
2448266161
2286093917
994751038
964903862
506130526
2783529579
2329260576
2444416580
3506797260
3535279043
1810891060
3146224971
1893014906
3549301617
2633749912
1336184770
2648529814
260625277
2349319556
3955930234
2137973774
2818365695
4148648681
1031193630
3928679528
