2949950322
2363168466
3734744192
3270290982
1828502120
1264029870
3606442497
1186891695
2651040801
3482886505
1580344105
1473394530
1427883754
282670873
3697440683
3632735346
3916173206
590781017
3644598516
1459809168
2921870892
1223221458
686743013
2252737718
2529597884
357142341
4179634520
2526880114
382188383
2385287923
2165708704
2296022566
2478694978
2387869225
116425132
2577199636
218108422
1381843878
2856534601
2073830281
1553051582
413343210
2649740147
435024309
494231620
1109930468
4133092616
4165298975
2890232227
28962687
3499479024
1034973742
2951084741
418504664
