2949950322
2363168466
3734744192
3270290982
1828502120
1264029870
3606442497
1186891695
2651040801
3482886505
677564424
323795504
2196125808
1961557356
2547862929
1307254163
1327688731
4267308419
3370001721
589623893
1611033542
2631057138
3283480312
306109027
2231947561
2257092946
1580575452
3433078527
2665489581
643135634
4276638492
1893109880
3452207836
3290732183
2252071053
4205049
2377727524
593805681
2509796995
3228483144
1825080951
1887341028
2102299960
4280364865
3943210601
3355911113
3954630874
293411366
2505381318
2175680702
2508714390
3276449091
2025839391
3258638548
3845614819
383207717
1959702720
3205039465
1802121932
2975621838
1221620780
1870356202
3085525531
4095914537
675035371
4166860295
1907018773
3742548891
3282839273
4192800836
1959075935
1764441140
3342542970
3615464923
2143573934
1007650716
2997628215
4063398085
4007701495
467461562
2988938195
4058792929
581914120
1271816746
3280300977
2390101600
3724635883
147250360
3294196287
3636743542
452456931
107663018
3294196287
3636743542
452456931
107663018
3294196287
267226562
389629609
2956385381
909785671
1994542012
1267758275
3842067683
1661840065
2181475404
601704262
2228411786
3505561340
2418732807
2055614288
