2949950322
2363168466
3734744192
3270290982
1828502120
1264029870
3606442497
1186891695
2705651406
4041210758
1416285777
1866769513
4277020201
1541526936
1887823190
1282253486
2818376210
2110476816
3554362974
4234474966
2115795818
579123760
3072060019
2749415179
2379554667
3460312870
1748116000
2848512851
2399777524
1576372640
43178406
2274337981
2522701834
1370897927
2783417356
2191533813
98980392
2385987813
2773710891
39641831
1437038582
3327896363
1749794661
1847558876
2454594690
3719076671
1797797025
1348346460
473097566
529623476
2784613966
920664580
2968312870
993208384
1915099056
4142070050
969970435
3369391404
3761394309
708884262
1965549344
2337037293
152311253
233515578
1661764980
3783765364
1517474600
3691431111
2447552467
1272497216
522985630
3179866616
3846684541
1724426628
4169780888
2014373764
3982124538
3495959144
2959484767
498866870
3649816572
551346845
3598615219
3838771748
3951649298
544196588
3726885247
340862172
249521634
3036744229
3989724320
