2949950322
2363168466
3734744192
3270290982
1828502120
1264029870
3606442497
1186891695
2705651406
4041210758
1416285777
1866769513
4277020201
1541526936
1887823190
1282253486
2818376210
2110476816
4289977516
2349957643
3130413745
643207376
2005835546
1820977643
2976148136
2430356328
3203001096
4252818245
1744221714
1850075903
3552310351
3685697605
564525800
3963138239
2121087060
3109832185
956751828
1800429620
3433590043
133883178
3181563749
2010131142
4153634859
1870156167
3251706663
3764992743
1513164968
1617871522
4095078169
3548930768
