2949950322
2363168466
3734744192
3270290982
1828502120
1264029870
3606442497
1186891695
2705651406
3710086438
2039896305
680398467
3106180291
1662180545
3439511695
1119148900
3563739892
2247186364
1851913984
3398178182
12430003
157138680
2331896389
733089221
1781265469
1001453941
1680788025
1511731092
2518968416
3585169453
4256783560
793077660
4268312339
2094189887
2396290662
1638119070
1025183816
702563632
3678850704
24157842
417205118
161045903
2152793810
873549987
2583774445
791183087
2935444365
762856820
3829810206
1083206066
4192410041
2053902144
1793890890
1691651073
3736876027
4060483176
532939588
1412421771
3285781272
1208418174
569729300
1550744816
3240235450
2555189258
359163442
3414619934
3367776717
374513889
3983738068
1249680920
1272395049
3676947532
1435015340
3331421414
386547757
2215881831
3368830388
1836079813
2541414504
3714265463
219456776
