2949950322
2363168466
3734744192
3270290982
1828502120
1264029870
3606442497
1186891695
2705651406
4041210758
1416285777
1866769513
4277020201
1541526936
1887823190
1282253486
2818376210
2110476816
3554362974
4234474966
2479074672
2268657672
1834482103
1891491450
39701353
4264615576
4167725899
984822900
4056177007
3732663015
115315325
1432349879
3514295127
953788578
1740568745
2753629945
2726011690
1324190896
834488074
3166384894
3657435979
3438964168
3399532571
1946680964
1513250532
1950837148
1422026201
164088780
2066210527
2729573050
4148010627
1383762916
4201070672
1121066095
3642620888
3250814307
157831320
1730161138
1369962824
1314850043
3029741632
1387940624
1129329280
3933020731
2434638827
3532166054
71617296
3602444356
2500982823
