2949950322
2363168466
3734744192
3270290982
1828502120
1264029870
3606442497
1186891695
2705651406
4041210758
1416285777
1866769513
4277020201
1541526936
1887823190
1282253486
2818376210
3832033887
1712372963
3035400119
3845425277
1366613516
1106529030
1113049068
2707453713
3454129419
3389521048
1030941477
3973570599
4047109196
2394650676
3552499233
2443288635
897027479
3762967498
1804969900
3388645527
3863286559
3362829183
2002850253
428260995
2182800033
887971616
4130609183
1346770201
4029462020
3606193135
3927598103
2931099612
3355004271
1910751520
4067219417
2877054279
3515901042
3351310146
3479515522
4007963955
3017868070
2701590146
338674816
775662865
985725033
13931000
338674816
2072550438
2068306711
3735327009
1743362277
2577768054
3603959697
681314562
1743362277
2577768054
3433547332
1176501950
3957547106
363816689
3092510765
1176501950
3957547106
363816689
3970339092
2810235015
175920731
4096807112
1506594324
2810235015
175920731
4096807112
2164446094
3514679926
3313932046
715053394
4065379528
203211355
2715835527
1605130772
1963506687
2336537964
2715835527
1605130772
1963506687
2336537964
4023073439
2964089496
3520442129
634034108
1074290749
1396398757
178520275
1789017572
1140428741
464704084
3564159094
1871035946
2088999125
308557723
112829058
1507783301
1739032183
952161904
112829058
1507783301
1739032183
696321996
1292795967
3666026802
3778833254
313587964
2350390382
3548335209
1190333881
2391838709
540565158
1599610243
1323898458
3738837431
939268249
2522431583
3166664921
491817984
3435903179
1835982861
4126799275
987532889
675413721
3217842132
3980092461
2212285283
2881997231
3307235041
3973015929
4227492612
4195247696
2498349342
3170028498
3524617372
2834914729
4154330542
2775135831
3415120153
3818232789
2373072027
4154330542
3241882800
839999850
2688870785
2985681496
1196975398
1229255473
1565119954
1205167248
3951209627
2801480853
2140807039
1059959799
3822478772
1231615904
3678240587
