2949950322
2363168466
3734744192
3270290982
1828502120
1264029870
3606442497
1186891695
2705651406
3710086438
2039896305
680398467
112963299
2299378952
413613896
1228681728
925064180
3977579510
1124409272
2146261056
1686780964
1261801388
2001852020
734598958
1957578530
3061252125
845090813
591263945
2663638649
4265397007
305805613
503211172
883145298
1267191747
3726155648
1896613029
4144030343
3824924671
938419494
533606375
2612217201
78621350
714738374
1762605707
3592394689
2373186199
3283193067
2071897975
1157272850
3761027262
2542599125
1415286180
3492210482
2152284813
72543422
2408388824
1542336381
3482705648
3049334079
4041563588
2650993290
3017034008
79562556
1331034551
337630013
782204965
3566547592
962006975
4138302108
2560660790
1655318427
380577674
2426651048
3093162041
3705536527
1449539829
284281124
2353134640
907662975
622850176
3268669952
3970352504
2169110268
2847397741
