2949950322
2363168466
3734744192
3270290982
1828502120
1264029870
3606442497
1186891695
2705651406
4041210758
1416285777
1866769513
4277020201
1541526936
1887823190
1282253486
2818376210
2110476816
4289977516
2349957643
3130413745
643207376
2005835546
1820977643
2976148136
2430356328
3203001096
4252818245
125200872
1464866120
3395753967
133848504
2710065342
787163753
136987598
4128708
2487603839
1731703879
1435024095
552633781
2468834222
1828024263
3954383642
1018248810
3169995449
1065180224
396090345
3311919293
1358475518
2928872499
3431292975
2527819076
4187267058
109147349
3178498697
1172826806
718798848
2221986131
3832999012
1780458078
2921889556
221212458
1217810489
1728924207
4016173101
1528931932
2616658068
3625140923
1566542882
1763481527
672979410
1944680753
2109091643
1134643593
426662126
376542525
2035187595
1384287805
165892317
4283725652
3044779344
3928421616
1501106602
2302521153
979520027
3928421616
963248567
4115348073
2611778855
3935420324
2323820473
1522930002
3919180808
970803939
3935420324
3054075646
1628178924
2072282893
3043064739
1696974152
