2949950322
2363168466
3734744192
3270290982
1828502120
1264029870
3606442497
1186891695
2705651406
4041210758
1416285777
1866769513
4277020201
1541526936
1887823190
1282253486
2818376210
2286072218
3890604348
4078877764
426884603
1172929697
1843492932
2810736565
3752501956
2621411977
970774719
4265051826
1725869905
2309580713
2684659439
3604008944
713124270
965168977
1692178331
3553020137
1069562571
1742720995
2648014158
1328104986
1585927381
4130144964
2876693006
111994855
929935710
1512248762
1596223864
3661171811
2832800112
1100599308
265013686
680295247
565833271
77190987
2906171794
2283311342
3615473889
1497432965
3463261153
3972745059
2362276436
577088263
81620561
4271119554
1856449327
2772537041
1785001251
355978961
2122953104
2862618584
3240935870
1713593202
4101428121
2946402557
1036714006
1713593202
4101428121
3792226646
2232491776
3740877924
1286392975
390371307
2232491776
3740877924
1286392975
1829383440
4284458491
3740877924
1286392975
390371307
2232491776
2146165961
341154696
2882821046
494530703
185068096
4162217388
1595539296
1264922608
3311135892
1802416489
2140529681
3627770599
2225316797
714538560
4273952776
1946640626
4152915467
1709047520
1923002442
3059387089
640831766
3014459733
3431637098
2190269755
2290093151
1193879726
1524598950
457601374
1224581946
1600295827
552184650
3183302621
3320124251
3932119815
2646699577
393828035
2284884000
42510554
2646699577
393828035
2284884000
42510554
1464238824
939240291
407116011
1833110470
4006354239
4016423115
4221474227
1391457198
2318941310
164212658
3073578897
1148139812
475695487
3607352039
2342196157
163798405
3507786325
4252598672
2961892417
192911901
22754592
1633486871
3287925105
1658127090
3319437374
2072036332
3355534055
3852769288
1992127554
928204478
