2949950322
2363168466
3734744192
3270290982
1828502120
1264029870
3606442497
1186891695
2705651406
3710086438
2039896305
680398467
3106180291
1662180545
3439511695
1119148900
1820424964
1123306620
2123371940
2003829231
812162740
505260492
1099143808
3531556445
2367166038
3699579678
2585062095
429653046
2645816278
1600828649
1983343135
899832402
405030573
2584723553
1874509061
4294035627
3110484346
243597116
2979287670
3942135584
396704107
2704099256
1050789251
3713928601
732009373
350902415
1974547469
1110095032
986006258
2782506277
129411614
2070899265
2751289008
