2949950322
2363168466
3734744192
3270290982
622255943
3056266780
312466379
1359670150
3286148895
950347572
1459781522
3343452732
1525377171
2124646474
3249743104
1587852024
3045333746
1813368721
3566443674
3808959535
1584780788
2000310299
3217033705
3282539009
3187625398
3974568900
3427406609
1148277947
4286851815
1842880193
3924824353
3094027369
2811453675
235533440
2945208049
2698588859
2820085458
611018112
4281275601
3956556201
307779403
465060608
1143369804
3564707963
1905945165
2338361732
2934111076
4197387610
3868321832
