4016747520
3203512648
440700063
560653991
3167257608
3039334467
3882363409
823739194
630433596
3550437920
3157801606
3630987141
1987863499
1433656939
3393102139
1974823484
2485335612
369668336
2693537646
2871347844
864221761
1363825110
2873156475
1093637100
4152506581
3326715375
1680253652
3390193277
3178400593
560912931
1126930920
3181697362
3682882946
395541087
737904813
1752086752
3615364522
2969188100
353991986
4024665851
1737746679
3113548063
4126686749
3095504403
1070060238
3249303043
643178338
2060377656
1638513244
3769744538
1838465698
2717211754
2767906336
2952901464
1025822048
4047852456
997510495
2678251763
2895437866
378980572
3282769537
4242595219
4292483904
985594362
3248446927
1720764163
2551716149
