2949950322
2363168466
3734744192
3270290982
622255943
3056266780
312466379
1359670150
3286148895
950347572
1459781522
3343452732
1911262329
544244017
2983854961
2331273545
3062902929
891233896
3474298053
3948770332
3796265234
3322841547
523212796
3153705552
4285635784
3587538211
1479305982
1455451084
1228528878
3755765378
1767424284
726383070
3108706593
4223816584
3460533774
3769397648
1226498376
1991598796
3384888964
1051275996
2605349098
3722839173
3487729893
2372649547
2664765547
67689013
3983918963
790545735
880386339
2806354040
839848454
3157381474
1273196317
1906727344
784402873
1449818759
3942481162
2544746862
100157829
973875094
2650024633
1249059107
4029352812
