2949950322
2363168466
3734744192
3270290982
622255943
3056266780
312466379
3924057056
2252538694
369653480
4247314146
3200118447
1984411485
668776981
3128875194
2212241326
1020048100
1738594226
3743843513
3699705939
1643692424
1087351497
1050113406
1123085974
3336102262
1323542236
434139317
4258635592
620003711
1978455821
3084872600
1259060908
2168082745
1199841056
2669028305
4153817226
3154874142
79614753
2707265815
2734560765
3292867656
971187298
1325402957
4167858761
87092634
2483086406
2248435750
2601280621
1430941347
983033465
924297485
4102578013
2629663767
1688872560
2915952405
603137137
2315784943
2529041788
3484325858
1277264155
390094843
1209863771
4004824753
757805281
3677202378
191437089
2507802793
2172739025
3672146737
2330044240
2522825250
1176239305
2507096071
