2949950322
2363168466
3734744192
3270290982
622255943
3056266780
312466379
3924057056
2252538694
369653480
4247314146
2897466282
2927239714
2547574070
1596112068
1674246972
4268267923
4152921560
804264022
3961276601
1108106487
3292538020
3319090281
3611835625
1130132661
2279365254
795316467
2900919818
683706858
568964230
2537824191
3007064865
814383135
1876414911
92518946
1443087592
1378448649
2820363276
2062671973
632074693
320146598
1710002332
1420357579
2536970651
2328095318
156040367
2609425584
3532000816
3569289572
601322812
3025851441
2521283585
1322615024
1548284016
4154627577
2465076419
2690475298
600994779
2800978292
2444673325
175711898
