2949950322
2363168466
3734744192
3270290982
622255943
3056266780
312466379
2194976357
327035941
1122312557
3745989570
2736838698
838112435
2148410296
3702151793
510860622
2060231948
2586723445
1211333234
195447359
2196780163
1741356060
3233093685
3714007032
1220571067
3565722260
33559203
2799058703
3715777219
4277956231
3376840690
3745015101
2345740764
3077603670
2675475891
2633553352
658206717
826635570
2410224379
203820034
3081728542
3503132850
2837344255
231227987
7337283
1996958188
677566935
4107673219
249343022
113774628
79170582
1736016586
501067513
4251501552
2100835060
481126002
2091604805
2292019348
1043389357
3042168353
2623310525
2767642606
916674309
2251335810
4293873445
3444132324
1293145033
3274510509
1565363381
4091895270
198444967
97030576
