2949950322
2363168466
3734744192
3270290982
1598999689
3430088146
1757923333
4169973163
1764114411
951923363
332989037
1874762117
3073156468
51264409
3484777259
333152897
3336985820
2634942392
1728361749
4193729205
2246387130
2765246203
3162348688
3047000283
3278023942
739599870
679720943
2869731606
4088943942
45880169
1958973965
822174718
3481910728
3957003861
703113920
2581257180
210786722
2477594788
24728637
2949743982
1440430019
3870648030
733715799
2691336090
2271677357
1104758196
3381085290
25345301
2049884377
2835185358
529508995
3643925658
652769187
1969752425
2459072520
350093403
1232186655
191026653
4050151280
211053726
2141475242
4261131893
3553498645
1346437356
630405781
1513150116
4157667988
2148053562
1246261996
1146414331
1390415923
1176192331
3327854978
