2949950322
2363168466
3734744192
3270290982
622255943
3056266780
312466379
2194976357
327035941
1122312557
3745989570
2736838698
838112435
4079866764
1167021513
102393220
2404129592
997098965
2618384892
2180728369
342103666
2284643165
1587833706
1247755794
1684708978
564686721
1456636733
3500755529
1945290767
137120379
3223992338
974657815
1723621598
1503500335
4237956053
2616783225
647849540
845558588
2990319889
833863656
749003835
987430644
842992429
2866031233
3154367856
2277285668
607246622
2706617018
874066116
1288262940
2181959796
