2949950322
2363168466
3734744192
3270290982
622255943
3056266780
312466379
2194976357
527879370
1662080802
4072396130
2736838698
2366994506
1338785653
835933825
1917216460
1888458564
1192499185
1527031958
3027460206
1484100172
2405826581
255629880
466079552
1389729692
1329573969
3665113647
1851239618
3511091592
3915554995
3632892759
4114708152
2100153530
2803345193
151499623
686202095
1643430963
1037282948
2277929634
167293382
4250677154
2690220471
2712019124
2249167708
2198402974
1897595264
1604970966
718267206
1315230223
3916122307
1833125667
1216099010
3722666625
3273941456
2183409589
2088098492
477357963
3000710872
946015778
582285092
4071289072
2839364912
1084251619
2949695612
834918900
1203365308
1138423564
3502447430
3290336863
1460101653
1138423564
3502447430
3290471676
41785833
817767392
1530689455
2381328153
4281174911
2513791728
958764402
3578540911
2691910101
2829351911
1630688380
2516310873
82519457
3525803287
2084832468
189327923
2679639944
1226089838
3954207752
2084424965
2386011166
798162136
2197807629
2306503040
600105876
569893882
4273543822
1095655814
