2949950322
2363168466
3734744192
3270290982
1828502120
4239904710
1476590097
161085273
3999499832
2918626933
476619453
2404684774
2607549359
3363391998
1507052478
2061268510
1371031248
1204182047
1777597567
3934055046
2489549682
123712041
1711595179
3402424801
3604766342
3943535680
2085992883
966215744
1445990630
4210569132
1618100987
1980520500
1153891606
3933088837
496159799
3732839640
2165951700
2284908984
202964568
675960261
772864022
2781809776
3547433339
2500333041
4111347910
3815778825
3403541327
3628112847
2218746096
1346028973
2649726223
1171655733
4263735913
3971875561
3987524513
1583138499
1675208490
4288214975
231163044
827265294
575223793
4068287321
3166657829
3748559403
2772074980
3188567133
2625927414
3285789014
3504279465
2524148678
2191468708
3257435180
134258404
312225702
3635688814
3257435180
3606384949
279450656
2157650893
1487057655
1010605458
3357027058
3707007376
3531935132
4027373879
171186387
1858130920
3075228212
2811940083
1585400998
1772375638
2454403136
99956894
3331080198
1444244906
242126143
466332085
4141267805
2268772784
926681785
2227116173
3689040173
3754514328
1548108129
948384418
3137872987
3190795783
3782410151
4107787053
1107222831
2265519152
3433953739
1946238023
3288829774
1511300806
281817608
3321916094
483801200
3358468523
3704978643
901022483
2059492858
3429693123
3633816507
1614505527
2989914654
2022613509
22955506
2011218169
2129064584
1808584434
2610478789
1491724583
215185196
3926185178
3042542970
66334275
2499723764
57893113
519048229
3767393501
2791423210
872344745
989388504
4181215869
1536983835
1961914955
2921734277
3190744003
4277572152
857983642
3925186644
2834683441
501017651
94577510
3749015976
1551855519
52575807
4121826722
1082601376
2467779618
1129573065
273473207
2881834200
493414369
1471171375
1548802289
1306645288
4089153786
3438387079
4194178662
1396737138
2029356057
3662761343
1008112890
2543890084
750604123
3637656183
2363672271
2165712797
1950583932
1008821096
3831753188
2649711457
3474006206
2300053480
2005617349
1291672632
2130227616
