2949950322
2363168466
3734744192
3270290982
1828502120
4239904710
1628810601
814653473
3895692207
3541950871
1119314903
1696352529
2196125808
1490053234
4252427507
2925766306
2252933517
2772874285
2811184549
2985385834
224811239
1348728562
1452739488
571777323
3329383555
2246536398
989315460
3202881049
729237082
1129799171
39260262
902598867
345227057
6875721
1115135059
1025812385
1384382215
2412686953
961151479
3816575477
1184832451
2364935218
980591532
322774595
3976548700
3412442485
997288908
3862706850
2427866467
1390235479
4066651170
218074141
1205458318
2292023024
1715736255
3288891827
3460545855
69905102
3465704149
1771956249
660575845
722134189
1847976725
3375004121
291033407
1235376421
1059598052
795646789
3101768264
1676749023
2324748063
1447094590
1099850996
2594076259
1678588750
3101492591
2074890893
3464849551
2927842744
1972586287
563305875
3938571682
2102162607
4274217558
1161174026
1397229253
1616502951
3142185520
751063869
2891807265
4020641890
2698247819
681113360
3955887678
948503511
56641283
3844578950
2857517167
3599082282
197718596
1504459212
586867205
2570672176
701558070
2676445278
1986908704
2806117039
1757382540
185390565
2289770999
1054247630
2968013226
2472118969
1955956793
345224462
1541827559
2681321133
1848394806
1589019124
1958212075
3136420645
1027014235
2427825021
1549046315
3430601607
606562242
3014313679
552592544
2520928153
4053808841
90814956
3638922777
2363856037
186814939
3621455303
4258952664
1844720756
2998282884
884657318
2697018667
25933092
1309481563
3649092438
2262690550
744960702
3859803697
2015166393
2993955638
974690612
1719687278
2994227637
823115175
1168875138
3520098063
542668313
2469799684
965541708
328044371
2375982811
257341963
2933795326
551611034
1580090702
45515796
3947646522
2392027129
3487252665
2578956084
956118843
3648359398
399741906
1421451801
378617569
1853165804
796221065
1881673513
1826931342
635301110
2677288978
1026619764
2173154071
883853589
1853081096
3928251158
2074369268
4250495957
772178059
3381346357
3584042829
1924119937
2076853419
