2949950322
2363168466
3734744192
3270290982
1828502120
4239904710
3950520827
3135448243
205688126
929883910
1775955377
3057198901
294903516
1671963689
1091455147
3559232645
3420317703
2537892189
1690942151
3512943577
1487607940
2797912126
1807001455
2532284929
3844880841
2907895185
3985770584
2990544538
2791942066
563580046
3157650977
2832120665
876901876
3015335624
1607727317
1191804802
3662741981
3551597974
509889844
3387115182
2525238945
3544639314
120241051
2400320561
887390829
280373744
3096470948
735397835
1456867658
2169570000
91819312
2520526687
1520665048
3743496458
953895019
3197579320
691792197
3128871722
1638447148
1456586958
3265981813
1019302328
3578899364
2225251936
3930392878
93730922
2539459802
1242580404
4202179169
1765607438
4227212478
1931266847
1562995583
3685765851
2796756058
1718832751
4023688842
1299208172
3942800106
2463284509
1719018361
3370054186
2809768588
2932536929
3469527894
4017416854
3024011292
3122812427
3853337802
4281464200
3165406764
1994302351
3311251899
4167139723
2365314291
2843031509
1956219995
2161307416
1811040018
3538421939
685947422
2784019319
34131544
1119838928
2375686434
661283540
388585671
3978000834
2073504109
1295126643
3748108440
3717948741
1439722718
3371623835
2071981795
3856075377
3337920399
