2949950322
2363168466
3734744192
3270290982
1828502120
4239904710
3950520827
2017728672
3391975964
2570596429
1032652186
1813383378
4256991890
3331514538
1598790723
1454082056
3406424743
1127394573
2610991612
4742984
221890891
3435343928
3926022559
4277734631
83082826
1197903367
683792033
198077185
2922193207
692042422
3076466350
3364849656
172007076
3310540320
1343771742
2558717988
4272061684
2027533696
3545853594
591906396
582510431
354674666
915547385
1237393163
3893733334
3029165708
2554026214
2399148656
2148001545
2840093414
2937245493
3471252237
1349408499
3932978693
93189934
1845347713
1871567283
4104893020
4199002990
2419026984
735711860
