2949950322
2363168466
3734744192
3270290982
622255943
1719922442
3258374877
1383968627
3285658931
2454462587
9989346
2097149706
3395121487
2268210587
2835842555
419246832
1146702649
1676829183
2442582115
1900517577
1938712897
1985364135
139012435
6133081
2033257769
4036296483
178146702
2299616119
3561653181
3822125832
1984844619
689111787
1970076116
1669418388
2842566328
428631358
100896541
1499389629
2849771558
788516412
1054570955
3568051264
155297539
2328801786
528757636
1790437153
4145382798
636075738
1715517113
1924916161
1159078407
314122358
1852691097
3369135527
853171978
2789850713
3667741878
2673851717
4055372299
3323319245
945411422
1809713075
4025878611
3656812235
569997394
696166402
