2949950322
2363168466
3734744192
3270290982
1828502120
4239904710
1476590097
2141835479
3792417400
2657888656
264678352
1591672226
2253177171
1953623164
2686300341
2556324239
1059163558
918657517
1255376610
3822281723
1780168870
110769228
2738665677
4029282972
2262228801
3137803655
34191330
1402124970
3247577685
2961982664
960765845
2089217638
4240815243
4162905938
2260682214
3845491379
3113350010
3371691579
2488332286
3747797913
949529336
3201618603
695733206
1321801075
1364194601
957881805
3626274340
4217992984
622316395
3383960469
308629651
4209725824
2538400398
971258845
1507985130
1476301053
3352143632
1892952021
4230640425
3870737003
3620563079
1617049592
1353698745
1215776733
3175558197
1053309644
2896015911
4280143085
1565606881
34345537
2619278281
1031502922
3109254058
2938988901
148202570
3583522084
1918908427
3331398548
1422168959
1357876682
1590772660
2205630089
4220719236
658714277
1853489373
2997501692
4220719236
1090820996
4005143854
