2949950322
2363168466
3734744192
3270290982
1598999689
3473258791
1806732528
1649449147
4093254395
2724272051
208733181
1880528917
3922715900
1575844369
3112929209
2952109430
3841990304
3659654737
381569238
1835424811
4062913403
3872421379
711669425
2464049806
3110824677
3857951679
1839141309
4272103654
3293106999
2539491686
1192632203
1679401515
3163266778
605850492
2687796380
3794271326
98405695
612068512
2065448109
4249896190
633501711
2575344149
1752678242
1799199738
3014633227
4096058026
2339645712
3178538888
3031607836
2501135235
2979473773
3903518856
1396236509
1208179154
3073019450
361645916
1049484923
3720535840
4150673099
3965552580
4281021511
838226480
444409170
2228601280
4101987110
2906819267
3830110001
2061644707
3245353974
704223262
558824233
2943367245
2899555495
3267388784
1342917056
