2949950322
2363168466
3734744192
3270290982
1828502120
4239904710
1476590097
161085273
3999499832
3578653696
1156017728
3790118385
3398217023
1097638160
3906613704
2874081669
3162564536
800904931
2648030303
3468754446
1786104793
1232762489
1733285401
4066642487
3687435121
1442252821
3915386776
2829419434
2052011971
1066255920
2721031327
1892917195
3847016328
3239994389
3858451124
2534531947
390822214
1452209524
4083202046
2265779669
1002063798
3318872955
1435635290
394360472
1659106007
356235897
3076269287
571955866
2929983250
2570616743
2904790115
783057562
3548300587
3347419219
2994897790
361568690
2570697786
3069704588
1196203004
4095920865
274699182
2459416446
1755121107
3325416576
1400854270
1566818537
196185378
2045895823
1333422503
3451014519
4214866015
2045895823
1333422503
3451014519
3138177148
969206956
1333422503
3451014519
3138177148
969206956
1333422503
3451014519
3138177148
