289296525
1084579269
3826280466
2810533983
4175562834
3689788914
320334848
1869641704
453773154
2284860985
361911446
166024752
569201365
3348465456
431082494
3410882730
2201925111
3030725954
3873804048
1388777981
3605995037
238604749
1981422780
713219558
1189407366
1377812478
2418803563
3779730986
3375847156
2866995652
1449611720
1011208930
2276502718
94055026
1421559479
3086239724
3511647833
4215868025
3714727163
745437908
1974545183
413673430
2649024847
477228210
3886135888
2261105837
3631461914
3104909988
2670861350
1993907800
2706544707
1798980812
3790702834
530199615
2837355425
129387250
1272614384
3316892618
2597622727
971256542
987689997
3240997683
