289296525
789296416
2344517879
4158200607
2932445569
3399343234
2564646608
3151158128
365088574
2715832787
1010971516
2342581562
1906984855
1699812079
3183685150
3022207573
728646917
2904702294
2260009561
1840262465
3676145272
3345646814
758106603
4025913044
3250794164
3386348222
88620089
1579440495
4166407273
1999974078
3705621303
3818160165
3173157522
4276057209
1959105777
1158547915
846118119
3159392131
123414464
111372821
4148188554
3033884103
873369966
789178271
3845679436
793414895
4202123954
3168480989
1780807776
2954012770
3331907491
3681993672
3644752802
1457580373
1853102313
3380314661
885430955
3781470711
847251832
1879655381
1856732373
404699351
3761136278
3719474384
