289296525
2667615209
3322943863
3844056279
3076464261
4106890952
1524251270
685883507
2354378148
3832868349
747549711
628006980
4246091210
1117650637
4077120005
2065970270
4144568016
160610031
4016192292
1724507423
962057811
3085109189
1670339340
1747324646
1462834472
2916055564
812456099
3801162743
2604532685
1860211719
865692018
4148245588
3365586353
3036797013
1958736981
2959583603
3277296711
1357579198
1646372508
4072144383
707117326
779613414
1104194624
3387529588
3929395000
800527565
2329838868
2294367467
3780356353
2133432935
1918372964
3599638984
287192410
2458985379
3455480745
2012502879
1341206130
824902314
3780941525
523708952
2755424859
2516053857
