289296525
2667615209
3249969502
2183375123
647404740
93921636
1552526330
219326130
2629313778
2811645642
4124505240
3919705662
1202840176
1612368054
2341103626
134577907
411429881
790522700
2872468652
542470432
1341270406
1175600589
1631182275
2080596576
3655346262
386948171
2721465792
1616726004
3673974792
1555042395
3883117166
987092819
695804894
2112504268
2611845193
254974009
530251223
3337135457
2536549035
710985881
3058501500
3566274099
3313205155
3855015896
305807274
542591544
3192150960
813340884
2126046888
2646149003
3891133508
2234645771
2025966621
1356908252
3316270242
3929104052
3666185747
3907582849
2297349814
2711700313
2434110462
4266832881
2581967868
889451839
352997416
2469385256
2408657242
162837850
251215278
4111521410
3553510249
1960719113
3475721557
2371516990
493440467
3867191039
4052331253
