289296525
2667615209
3322943863
3844056279
3076464261
4106890952
1524251270
1185757216
1365433885
3261001542
1155888459
751136018
1920165797
4059853148
1430865035
2922562720
3247807494
2433887549
864884554
3937530260
1547001354
2035745997
3908929165
1504699984
2501158626
3916643594
684527882
1100389954
3032492646
413646205
178467101
1813514408
2922099773
2262146476
4065315028
2499080545
3019472214
44768651
4048403582
3341910723
4013524518
2959398790
1132623475
3186215614
541829137
1649987795
3933275798
2980382359
109343862
844043576
799950993
4124106147
1912132163
3718202712
585840019
4028042951
2943377089
4029484897
4150339113
3638465953
2132505227
3383077654
196321128
1037017557
2248940512
1121208006
994074622
2677437010
3414113971
1904023109
852762150
2066156958
264067302
60230580
2139428027
589157857
1676577275
4249251177
2390335060
3580311031
741922860
3029895523
3364525676
4209501182
148983975
2514487431
4058535010
3667116546
2716025810
365026623
2345847991
975731644
1458416650
4233313822
1138367727
3502502053
101689363
2829547840
3776840192
625152760
2416766115
509977241
1844022900
446459760
891690796
122383038
2457943658
2872066449
1125440887
2968844465
1828469144
1404059127
796034286
3086743232
943070362
2526989769
1505667041
1470247414
4238224656
2232592277
774814579
1470247414
2924667385
3692202068
1999541426
956869261
3929935055
