289296525
2667615209
3249969502
2183375123
647404740
1997377932
3869709260
3716774388
2224681834
2811645642
4124505240
3919705662
1202840176
1612368054
2341103626
134577907
2351788307
122578079
3067113559
3207619612
2551940114
509082689
555576078
2738286018
1049923437
3966284857
2512884739
3243570705
3940677242
3394735352
2262553440
684443438
1022582631
1877351734
813780281
328134809
101504091
4258509763
2909495620
2013016624
381584755
1161755577
2810807524
2049964505
3218550146
2536047635
910562138
3914485557
3198802468
3324780256
755807978
831699877
2113830055
3194063607
149235049
2374454989
1592240241
1356424719
490120377
2072878348
2832109797
1586633351
3875440732
1406644830
