289296525
2667615209
44233030
1786964255
875881384
1037367267
1649067183
3933018868
1322790691
4157273044
3657388980
1745736541
444440584
707739940
3146105700
68028515
599857542
2485379008
23682494
577167390
2924197085
1087908264
3578400363
1192639053
1189714766
92056323
2876030797
3307521575
879856396
65670073
2508479182
1199071642
80833017
2512492289
300521697
4018283564
652932429
477979080
2188275776
4091919225
2894261108
2904953743
541402455
1478320593
2470310106
3139238427
3915137097
3376763643
299331082
1622242123
2918552314
865051036
46810891
3411830928
3555965691
2659853045
2821802075
2985985925
2962806910
2840795040
312895996
2446433774
2807465050
1812204651
722379992
2827072033
3966939222
656423015
2471621771
2591795442
4124897364
2196413325
2206778486
16724068
2770106962
4137419928
798327914
