1801864003
939426329
777000949
894918916
2447529171
3531039902
1138616030
2434915722
78903881
2027184545
3603199471
1732166372
3809922308
389184100
2540232777
2207495473
502475049
600231044
1036966209
1996287270
698072364
904707978
2420781835
2875390109
1285065212
128630171
106241176
2981616350
1937294210
534054604
836806316
3036535735
841741992
587738256
1286566966
991838059
3184005748
3366852836
9395733
1236693101
3965008475
818405035
1126996402
2939849239
853393364
2624941703
1589278683
3248920588
40242345
2241341333
3655851178
3490171105
2409233325
3550950738
2081435819
3567152480
1125370989
1937288187
1406509870
3518628183
1491894251
831345609
3365829651
