289296525
2667615209
3249969502
2183375123
647404740
93921636
2486412068
4229151613
3525712669
1840107546
884824708
986457736
1754045658
2628266938
4077875996
22692033
795861153
418668564
420200727
3224840137
1848062855
306227311
2766996310
647965169
2533440825
2349222856
981656662
440353837
873129037
308938852
3415472403
2551416793
1137046751
2657323490
2405308164
3498838470
1262743153
4276688751
3119614004
658518793
2024667553
668774464
2750726048
544975193
3086354516
2405195015
2486909283
3155833762
3764766877
3359949404
2486909283
3155833762
3764766877
3359949404
2486909283
3155833762
3764766877
3359949404
3208523488
3294604161
3005564733
3359949404
3208523488
3294604161
3005564733
3359949404
3208523488
3294604161
152783408
3230492075
3002930942
3466235158
2961564898
2581485251
1641130074
3925243393
2330716661
597395620
4134583166
1963413356
3763362032
