289296525
2667615209
1001760318
2015401587
2967129985
2480239137
3434226221
2761046644
939817976
2955126179
2652243395
563990212
1193736049
1321657146
1276056242
4226667764
1716500059
3758345736
1595106114
3056501919
3169809077
2473879715
850363305
463195371
555732319
2988702724
1784375690
1414270776
1049731197
304848366
3339624251
440651349
1588644898
480490720
3748207364
838502001
3275030738
2125130520
4202882296
2371529814
3267119893
3450046150
1003798484
1879162604
1937389952
3388932683
502597718
3815680105
3147955948
4140739128
414646683
2998965098
2180420531
2214666976
2367018559
245022918
1696907143
3861778533
1017813414
551394048
855747643
