289296525
2667615209
1001760318
2015401587
1397008061
48212981
2473929141
2824553357
2105426264
1584528632
3420707643
1865807511
1156586805
3931688038
2332270820
2233415411
1373776583
1206742633
3534220311
128469989
2584357194
2574575507
4275795523
2321079496
893940098
2966079824
708879367
3235304976
150442209
3559370432
470214705
3235304976
150442209
3559370432
470214705
1786565753
1940987840
462489497
1908763652
4016933014
456925853
3756294075
3139952371
295259367
3952344650
362782991
1562613904
3606867190
3115716131
340431103
3067456136
455685204
891065396
2678195744
1027423319
869350757
4027689408
1857637714
4235002315
2145523506
3278126666
753068640
4131709601
2604611829
3496356413
2256388996
1158452326
2582480218
997375789
305095131
2499366084
1932873284
322138995
3487780178
3808477275
87049727
2433078839
1992938679
1061833129
2649653455
3102522308
1410218613
1175107093
1701270109
753995824
837845664
3222485182
1416153395
1750725622
502590891
14923384
4220306605
2400621013
3240773739
1360625542
4053546280
1508162215
3044185405
3253256261
1391537167
2587511594
153331552
2313375846
209796034
2568907649
603699903
791320740
3561351793
1760731154
3934897038
617597248
