289296525
2667615209
1001760318
414849950
3493872236
1875609963
816634220
1485619509
3290071225
1279090402
3222276641
3387956842
1742735908
4108073855
924226715
963111063
2502035751
3602332010
2658295382
441963975
3863189643
2017045485
301818890
956517787
389475835
486142515
2207033671
96522516
2456553577
3088399445
2977125953
532365685
1487134254
3677145303
1307724103
3069468194
2588041288
722469013
1499732822
166653849
477133230
1570146372
1341550265
4128426500
904632124
1938953142
4032926254
872309886
1790230141
1524619755
1785399628
2305484911
3622091561
1564938585
2872059979
1483812948
1311874188
2856518396
937517139
2756805868
457255334
2663616884
4028907066
3018845704
3903177858
3086521634
1307715471
709048618
2377856005
2506341985
849064782
3488101088
2181558358
3079220127
2144304808
3513233403
168036561
68722374
3905828475
1102993194
3863370245
990579563
2188995237
1381808806
2079423456
1634585250
4080550473
3586303129
1102678306
2478085387
396139243
1013505317
2276157200
3640014512
1079750285
4117927055
2836230064
3187030728
1978681505
1734623451
3370545436
3809621714
1284507413
1734623451
4221820342
3495402104
1725701087
1294490641
903738509
1786815789
4245488672
4204589710
2799897009
531497077
1624797372
592755858
3413123188
373125402
856799429
2645145419
2845115252
3265799118
3552075310
2765083800
859993493
2482264546
27382025
3885061293
4135659853
1181260875
1012592654
1679930381
3544906653
3008793707
553845888
4061612674
1704651663
1333201795
893740998
2515749809
2714763150
196636031
3313444887
1707672672
1375055967
847216394
4239932002
3324511769
3155847772
3447486237
1525798416
1617029739
4063519360
1480847473
3390470298
1750792086
3744577542
3319200322
1049914512
67391723
4282828345
2235481247
3978963401
1947093551
1158550029
3330344180
243758749
2942226842
