289296525
2667615209
1001760318
2015401587
1397008061
48212981
2473929141
2824553357
4048275731
3527701683
2147798753
3303013446
3941227558
1432459041
3237922658
3411513992
3805240457
2166025145
3870653033
2453065954
1009173676
1310539353
826999678
1500191527
2645500348
2817094508
2386866730
3370700357
1617548104
2071323578
654973061
1089172901
2356468514
3757352424
1161566675
3333623594
2079391229
3094285229
805548463
4224877518
2763379649
2412660129
786597410
4099160745
3038516713
3107342011
1025395035
4190508157
1720412973
1507014477
3893370619
10362856
1930572549
1599092552
3620908581
2202127415
2481564121
1837241620
3948382291
1174362368
414459536
95794176
3550059130
1975158963
3310435752
