289296525
2667615209
1001760318
2015401587
1713931190
1160199702
392660036
553387249
3892731139
2750260104
234731462
2994109633
2780404476
2920337174
2290159723
649432258
2944259999
3397508507
2922048722
2392280233
481430959
2671582038
666585181
49193917
1569321904
1121952092
3576263375
2244344501
3910887272
3095423520
100508667
203274160
3417026944
1445788136
761034808
1106361718
3101384906
4227879533
1346745309
1802230245
2611737349
2328429617
249629649
289035062
2839486186
2217540799
3908198754
1874823882
105649312
3053421100
3507177751
2349786882
1069691527
1540737475
1977641379
2469027535
282713943
2171821335
41999503
2469027535
282713943
2171821335
41999503
2469027535
282713943
2118891664
2080635130
3987307194
1851456290
4293949794
2080635130
3987307194
1851456290
3966860782
3977454101
1405550427
3790216601
1883283417
3705312931
329320999
2080789121
4267291998
3496744254
3813289962
