289296525
2667615209
1001760318
1402322535
3336518681
2236222548
282602391
423116764
1185287312
3464614603
1549114962
3846652581
4123365081
1246643678
2957309811
4222552568
3550940445
4037587133
701830807
2395301623
3497225280
2081749851
779104467
2544352269
3856125784
3796652210
1944507122
660465584
2969613165
1278687927
3681651309
243150239
2186508636
2489073138
167665501
2905109233
305717179
1891316226
3117671267
3692434447
2638653594
667608798
1664738473
3769835691
186875927
124114201
877909440
