289296525
2667615209
1001760318
2015401587
1397008061
48212981
2473929141
2824553357
1137435441
1623482001
4116085074
1503544856
4004159341
2859576778
1060843444
2442395367
55030398
224076905
3651549277
3483991283
2030828214
3804285576
3307884286
1122847616
415092507
1816028560
2128196560
3467776525
2306111080
155134125
655001805
1528587022
2971222054
365915530
329545037
2418762676
1739128063
2562049958
3423950335
2145736861
213127502
2751226674
2617843433
3837150536
182132010
1725233595
3966550337
3357811096
3273110860
2458695684
4062737797
217524474
2253328384
2022722943
4062737797
2712144719
148467026
355682975
2051685883
1766595332
104164448
355682975
2051685883
1738545718
505105154
3283957311
2930944276
1635960586
4106765684
3356106008
838905781
2250839537
1816532046
3779092922
1664675590
3864691874
3814014696
3983274134
2134800509
3390521983
3322244096
2594024794
2402847184
2094574614
2613346665
90990075
