289296525
2667615209
1001760318
2015401587
1397008061
48212981
2473929141
2824553357
2105426264
1584528632
3434795080
3503149806
2190305468
296835559
4196530523
743477360
3241463198
3048695573
463958875
2866571971
2623257209
3729310395
1153609708
753055669
1938155453
303450320
1079440002
3745153338
2984062580
3091020351
2419408602
377046665
2178260980
104070161
3722809111
3136555630
3579007688
2225102604
1435271043
3590547834
407200692
3135351506
207947084
1459440317
3412011026
2522514951
4133272368
614498404
1575958724
2168391397
286011656
2333027864
3345213722
514616354
3067405229
410792702
2935528800
1841219278
56191360
4257401279
3003168707
2229901447
1908159334
2401735513
2213982530
2380932949
163719349
3641327341
1113231526
2912102335
314908556
1619359265
2325263798
3586515990
1428033727
1872730669
2320745830
