289296525
2667615209
1001760318
2015401587
1713931190
1160199702
392660036
185632482
544519724
1911536484
3762632996
3681243932
1971013458
1389391252
3108031784
986700753
2688923270
1983176621
2605744707
4023593160
3081291869
3862152469
620551241
756860930
1921186638
1683877432
1248349784
384864002
3208760521
689465062
2498132054
2742941923
2166095733
2200534308
697189788
1816966255
946782120
473699381
4092033844
3349364833
2008215440
3415352778
66168710
2045287478
1381202285
352257282
3142710960
3906046074
341063798
4046172632
186712949
1033839246
3670376459
404539188
148394693
2378510302
3386374662
342984507
1133122090
1173311856
1332584627
271642899
1531560506
2332916945
432614606
530387319
2903703619
406469185
1197304392
3170577938
610049751
3658312670
1118493467
3170577938
610049751
3658312670
1118493467
1448185443
2549064291
1774081898
4045006767
256381606
2549064291
2488020617
922719374
2489015784
1441100264
2820081675
3406517471
922299708
1441100264
1447492866
1624076330
2661057827
2380936864
33454246
2446151499
2155627666
2877283765
661361587
3897485377
3146471352
2898154949
874652188
2259432232
1954698547
1291288471
642084437
3504924971
2052487999
1109610907
680607833
283405053
3619828175
1699487995
3496286969
1384137273
1467478890
3136591217
703428923
4208713593
1574192565
3383715854
1287345626
1608401256
3510254573
1670680331
3780946907
1419881891
1079703771
1466295532
3385655422
1306857374
3372922891
1585912070
2948949296
3754581366
3504638049
474354148
320040366
2224999587
1445164896
3624302087
859881913
1105546060
4226245562
2668865665
348937447
3052195718
1733391429
368377520
