289296525
2667615209
1001760318
2015401587
1713931190
1160199702
392660036
2834059075
117201677
828890040
2163855216
3406967291
823690070
984733372
2952484034
4267727242
2566201652
918666653
691650847
2864109542
478536714
3575544085
897946292
3824483231
489911391
639442535
354716487
2955639030
97235964
628495239
188986343
3268947704
2000217586
2065802008
2774474603
1530176422
3467375589
1639934144
1924248546
1736826209
3634943207
1885396789
3443259210
1366356923
3755061083
1098468297
2202728284
