289296525
2667615209
1001760318
2015401587
556801261
37724493
1350507295
31725143
2952004121
3011707071
2414303591
3409734592
3706949117
1339014310
4255569434
2931004491
1716112825
3855014720
1233337072
1787594576
4147045887
634576555
3859693325
3516252088
2762423550
3407492308
3769578687
460346151
3286396886
2422346012
86545250
1195109280
3534011363
1324109516
3147894401
1711764412
3197456205
2856065224
2685053083
1420156017
1387089948
3671039762
2237267391
752897312
3327041875
2207010976
2720024941
1913804973
1448786036
4176636199
2760741400
2861630479
1732533421
4012282787
3101492914
929157278
1479258699
2088311254
308987905
451586915
3812098419
2000941310
2370388563
1931673246
1871706646
847926275
2852333101
78378878
96026166
1957130165
1709395722
954655007
2388807297
3907023504
1995662104
9002832
35845271
2630974263
419001559
40224149
2427382053
512764481
211068449
2275349164
3782675222
4144566745
1293733375
306289759
2761659429
296922663
2481801720
