289296525
2667615209
1001760318
2015401587
1397008061
48212981
2473929141
2824553357
1137435441
1623482001
847570115
2655837065
3110550407
1737817656
955493939
823376504
3040589208
863489483
205347460
1241492343
1621259649
3551248866
144525529
1929089522
4015649629
1034274825
2114764906
580124976
211919184
408613928
1837682257
1165420480
1487637078
99285679
3521179826
3250528127
59548650
898583337
1124416744
3845874496
2304594976
1365558554
693026530
3593615796
2336998593
798878061
461767337
977150825
2890953246
660326035
1809291531
3758648685
4245198631
1769170602
2022097991
3750321803
2717384198
808089035
1116733246
3505470232
1199348245
3852077178
905827767
1719511933
3382625000
4094033347
2483273972
114331043
3520461489
1994023037
2903249787
