289296525
2667615209
1001760318
2015401587
659015291
71859163
2564700759
3376756511
2952662698
2062657880
3881028599
2190883995
247162968
898957920
2755624992
19952529
877606727
2425953003
797554593
2416082086
447142748
138128348
2350097468
160505070
2175365402
992296798
3501563874
3905641768
1729697400
2082365577
2615543636
961144425
3673978587
129050549
2548147806
2946458772
770173480
3341458061
3961260675
2067972166
4285190054
62790290
898080769
1690970345
2769331650
3288062283
1449429256
4071793828
146281993
474170225
4118759923
2267360496
999450259
422311839
1988931385
3431892943
2929257427
1489021974
2020661238
1980985595
1707561981
2340748395
3986976955
3844317419
1591140023
2653959441
4264953894
181982536
1792993407
2653959441
235078396
3361605609
1317771950
3121655305
3694142169
4009104235
196871199
89014533
759580128
680525625
4188266422
2664254621
1690828336
909166025
1118474417
3400958293
2750985740
2028441925
477740576
1461828979
2212080808
4195205717
2116406709
2152624504
1421238435
4196315632
3205289847
2970632544
2586235246
948049928
2968429066
1053843822
3087420529
3842237028
1836013670
2590990671
