289296525
1969888654
657106908
69540476
2855603762
3057781908
318191939
3492707964
3299121786
3070674141
2172720231
3216306634
3992210328
2925624277
992737707
332779578
2189382266
3109107778
545801387
879956435
2958761523
1311810302
3549610065
24050437
1120400230
3931102437
853401620
3046116284
3046116282
3859838320
2125972917
1990425023
2491791264
3612239762
3601974929
1369660688
3500397011
2007780127
1938225918
883222974
594218883
2960319433
371396924
3585927020
3699043064
1705862694
2732983899
3443232385
3823691033
973526942
412025653
2538695106
2087829960
3467553759
2769343646
