289296525
1969888654
657106908
69540476
2855603762
3057781908
318191939
3492707964
3299121786
3070674141
2172720231
3491371311
1162910545
959905977
307441783
1104367293
3151625232
920619492
2809465764
278384098
1121417136
2674985613
3364528028
2091385201
3391925999
3998521969
2400188147
2829468955
1343832661
4264419068
1688712107
1833412576
853120172
1462083240
2018078712
4247454812
801222709
3921710199
263207684
3320491723
1537984983
852157941
831991012
3033330332
2688947866
779671038
757406959
1857039522
879584191
3883705108
2170302404
1120131476
3544440438
1445049810
2292199175
3787522853
3225914428
1644888880
69963744
516738468
