289296525
3453960625
2678062051
3163571779
310399501
1360355904
4120926103
3415585338
57666504
521726318
3393055675
1141057759
604313064
2481443758
3153057611
3126519923
3896386555
3541060035
2376483700
1190447941
429103947
2585562546
170900063
2595873084
512880348
522506724
2381315412
1016390860
169030774
839278515
2811826160
1003616991
3781641812
3261660148
4276466534
2992952772
3018567465
225413842
966016387
1162739164
238341877
1492752928
217090547
4010131213
1864819217
1843972884
1125138800
2600138656
3673681879
3727442721
776235636
3769767154
3460996758
301590244
7439650
2214499291
79226630
1023098428
180520111
2303562326
366728154
3144876681
3570686511
96509686
3224914605
2730206996
1600774309
667063195
2750061691
1124629762
3103969199
3072219576
2017141322
661025770
4255476846
3879329068
1736092159
2472418975
2221612258
1983786815
4051196898
557638921
3706626744
3525109666
3042966530
402339172
1280132332
1233452597
1245306735
3902608905
2742387639
2797353326
334931381
