289296525
2932512427
176137084
1541713460
3394120820
1148251920
1782927216
1229648592
453658754
1486846159
2377808410
694966198
2010799361
4099230712
3750797402
3286737660
286070421
2734496759
929188788
206315916
179887326
2117826133
559687256
2992641795
548690842
3687832497
4126833617
3419381372
771998007
2475102525
3182604637
3996307351
591148062
1104489336
3151993301
3029001631
3412904746
3193905039
826860707
1046884788
2889070943
1057982468
1909323384
2171255378
3988592376
1669584284
4275513611
2082932766
2744375841
882455958
3026762264
3079800085
617680623
4163903443
1137009039
2703340396
3464948682
656973887
2815993860
4008016729
1791849657
911586787
1448315092
2598892917
575353081
1692880022
3163939952
3942194173
2024575766
3864143742
1847144165
3942929406
3810702619
1799387669
1509100532
1326017911
3283994879
