289296525
1388555878
3347655704
3834024376
1897182843
1835250909
3279134867
27977644
2374480751
2750579735
122139072
2306437796
1936965641
2056508482
3406676106
1410412381
4024717569
2893111628
3403946482
1231752971
1253636077
3438579646
603297308
2484555866
96326170
3899800979
48026080
1021916237
3615069425
689055804
1311970450
1554932754
1017665829
3747442651
2161278234
4255676532
3682904659
2037544232
1827688938
1533792607
118762080
82744685
2544737943
956649412
941065868
165419958
3454781180
2938334571
449029729
1204160628
3287156628
1080103277
737003275
1994942750
1181920476
1384774052
2255612031
3837346792
