289296525
1388555878
3347655704
3834024376
1897182843
1835250909
3279134867
27977644
2374480751
2750579735
122139072
245867915
3208229187
822571559
3406676106
1296152793
2722144635
1334791922
2770444929
3439442648
1995752580
2693115311
2033766041
716746835
1574438271
722019496
3580254494
1641757179
928446751
209228583
656188393
3507513077
1268386722
135216111
2638592401
1088668844
387469757
299259591
3957122154
1750332051
2691871842
905901490
2174417743
2907802701
3057051689
2639101513
2988543769
3913229498
3124961618
2044516098
3478607525
4254164759
1730404359
1010650020
1125074709
421614206
1178993271
2654902265
1749659371
2533346509
542271476
564554400
220795186
4208056698
2597839949
702435374
1749526998
3661010787
1241882766
721063416
2687582662
1220493525
4250897375
449142190
2927639556
2387125192
274444864
3467147263
4082590388
3140071148
3830382309
1878608033
3326610282
2162456325
145718942
619543251
2433593817
1989633960
3726015141
1438398294
2776374710
274016180
3089999931
1455919338
4000011622
1795768002
2811662405
3534351103
1936851445
3742734062
2120163041
4215108933
2466797071
3428124591
1410700603
1301037420
1341939038
1527187494
2727026372
1028963213
3329564600
3257346640
1546927064
1483083312
1279880932
