289296525
842132781
1820845978
1387397687
4127668192
3442040280
1552146328
3485462211
2650756241
2173195831
798507641
3980461382
4190888256
2322186215
3169742685
4286275344
2652910482
3266900680
4223039068
4014809892
2103992866
1435913139
183573432
4103776117
1745676025
3439531336
2885226282
4264573527
619914707
1725979921
4215422910
3436822283
1942557249
4132154003
2604938680
285977892
2776248691
2953494647
2355245701
4244910020
4138883752
2171212294
88219110
2416534427
3955546848
1399949023
3180071449
3014837351
3638120249
2810868939
2341205226
1455859076
3032074378
3428705927
1478937404
147473222
2690239933
1739756464
4122096463
1509082655
2750969010
2352361732
2931811759
2171707417
2510158715
313447565
2057041863
3628023457
2037757614
768559483
1887713003
3286919158
1633279473
3677870087
2914889670
2710493027
421663471
3146177417
3443023490
2014405760
1186462784
2321472259
3023694206
1143713267
3777834115
3313469214
557058462
382009521
3801393850
1986285313
3811495295
3888881318
1918160613
118030932
1175014449
1279791799
3529179967
1968478707
3777999944
1610183732
2750768088
4041024925
1733330064
172591193
1485871019
4288613735
3135037080
3620065873
2233257379
571692911
2415098281
3807016288
1989236955
3516842519
3633860970
1435117571
2388417285
3157339799
1274521201
1958453790
3575577304
3931307703
1274521201
1958453790
3575577304
3931307703
1274521201
3975691453
2204066843
3031330100
926116663
3032251854
35133958
2203475057
1528092413
3516309814
2803685111
4207391131
1857854496
4252817213
3855262284
1120221312
270280562
3071524286
3248081535
2799053133
828082240
3641064453
47206147
681122403
179188578
2378282776
1097434049
3865450765
150537429
3056583849
1015767891
1377371284
1528797161
3970932568
3654343566
2128560450
3914522703
859335125
2963632086
397079834
209150349
2876832577
1366444524
2333655158
1189974816
2626099898
2270858797
542446817
3307144085
1645255001
3116821087
1672242117
3427897651
1801325567
873064766
1800714398
3299428968
1434312509
3605059902
1194609771
834550698
654144768
3015178110
1253965979
2775008957
3004783730
633855458
2307921385
2395592656
964288353
4038232376
2609883522
2458467071
3648543991
2987407833
4192296913
2975688270
3992991726
2068493712
817615768
2013784583
660257703
1735373700
672820589
2001571756
1561592080
3292379070
461351246
3599432216
213473326
4138986115
3227310486
462072464
2632110188
3283432109
4116316600
225139705
400807192
1219770329
2119894220
1740356701
2835289891
1303707735
3355089099
3110607927
367958939
4052248115
3171259455
1481605963
4209723949
1835461408
1912137327
3561341790
3365396588
2545943213
585709743
4009511551
4066527024
3032436994
1893876218
2368734795
3530381291
710675882
2371065702
569749337
2062222586
2743349635
76262223
1541163406
2667844776
121931324
2689277168
1570331457
2734881662
507578793
682506940
3500105981
2339927962
422444913
360222137
2822471534
4222433049
2672411031
3437201888
1441347807
251106172
3553180075
387015821
1212581452
2359221098
3553180075
387015821
1212581452
2359221098
3553180075
2295829000
1894172745
3622392453
1170004590
2905791357
1521250210
3809763229
455411164
3156909840
939692272
2668431932
18750388
2786165112
1676236067
2465748917
14489267
2815593599
898040980
1002031850
2656731356
4013727133
973161408
2634995980
3499407252
3984085781
307332349
3749273046
1775564527
1805970141
4277037219
4253076952
1517863159
3424742104
1809410039
4253076952
1517863159
3424742104
1809410039
4253076952
1517863159
2285848846
3612875013
1090630442
