289296525
842132781
1797351347
2002150677
622255943
3056266780
312466379
1359670150
3286148895
1079095782
1852051846
1073683662
60507414
2376435314
3401390377
886482404
2711365530
2302708016
1102762178
2546711017
1030840737
3322601866
1537770277
1644839985
3130554560
3011013771
3974520775
1041917075
1107852188
2351907236
353023500
579942073
321934080
3988722618
603527540
537110137
813787653
241192130
194309817
3133574756
1087126729
3944037751
1870138451
2510656554
541108168
2132670056
3630305857
1833642051
1870987590
2630097241
3262256110
3931314479
2324647752
1097785695
1560084626
1208374762
1107985550
2454600293
3126147241
1779533378
3730893576
3377828336
2047505578
2857290305
3357650766
