289296525
842132781
1797351347
2002150677
622255943
1719922442
3258374877
2477643669
2949221965
569855273
3005415856
816584521
2008320018
3546457534
1321256721
1439150560
3230479262
309397706
3517835628
2184549729
329193249
4225290977
1306484842
794594771
1898168569
2984373771
224905075
2653087004
4052073914
826666895
527454191
1290809637
854546641
3678475044
2787822164
2285566762
282317513
2566130834
1922764077
3975147159
311574127
1464913820
331779118
3720079638
4073544643
1171812486
805817182
3095504852
2847386187
1026075195
2830629496
1457276597
3932884182
1649201805
390840736
3118665971
1060539828
821987325
642413365
2353728225
1582099488
1989165706
326979139
2754014854
2519961528
3263740666
1596076018
3874857772
3617389539
3200742571
886936611
4249225532
2037253852
2389590005
480931818
359071340
2451606193
2615941943
860481613
3365929825
530936947
1090004435
669119365
2025628197
4294629112
4130752382
2283996382
1945920326
859610767
1864102968
4170601781
328432173
3567388544
