289296525
842132781
3189553646
2724969288
3150261924
3932038124
1324029499
1975876611
3763821504
1936419483
3804358875
431646960
3798147542
1818092210
3110092015
3940565541
1156601451
4181931846
1812575544
1231810559
2245046093
1179605277
1458691764
3581855821
2172115870
1503663182
1028972405
1615950176
878207667
1767754918
1028972405
1615950176
2794671619
4135569017
47929373
1608447496
2706778174
1999061269
3957362784
917356814
3057327786
497729774
109517570
1483782875
3300354990
1539231585
2809551536
620317769
3197097548
950324851
2783982308
3568483462
1352315750
1501210413
3551619859
2423962401
2244149679
3165267672
2827196400
1976485534
2186107349
2328529285
