289296525
842132781
2525288698
688854013
1986544630
905802683
4245105225
1933175085
4003171202
1013428438
1209778268
2139111657
938673588
169861429
585921792
3275652070
734961385
3370213134
3872718702
2398414647
471903150
3311367162
1946023359
3981201026
1265370299
2690836206
152847085
2540073355
200290311
3709891656
3756623296
1698665939
3651703390
1512539303
4214818149
1052499600
2236522700
3941837030
1165428487
319220270
1037402550
1837156499
3920152435
1714192297
581474999
1514976442
977963405
3811922393
2001632354
2829028765
1021616166
3811922393
316809661
3824362283
1899499419
1939371712
3985336136
2507098437
448594453
3354415995
13028542
1630738566
4279732716
3266930729
1298867065
3112566295
3237072075
432876053
1098640268
2557525109
