289296525
842132781
2525288698
688854013
2068818351
953850338
331262252
1076286753
3515635553
2187611281
3707968664
3571648723
2340240287
1808875885
1138312584
1370254649
63481521
2215997284
2426375010
2930405071
12221057
2475051994
993886639
212205850
3223142824
4214434704
2580943259
1020912170
1334356985
3875993138
2315872537
1162723943
3244674439
2562588410
751592109
2188668195
3031182662
299395939
2879769752
4067403344
2551918910
1668692401
3307719492
4289748929
3642851516
776600804
4141596693
2090096777
1666181136
3238225692
942258848
583989476
1461502621
1139251173
3993484245
2829830074
3942830041
4004326571
1129119899
1192930876
2492126654
3049202142
1505466524
1130158808
522396135
1275830233
2866945097
2536756879
2354361067
3066242670
2641765893
694131777
3858564548
1284334741
3366284149
267336300
1627952418
3575721830
2745915559
122363884
1916937612
2441526397
2590388131
607511159
2580282567
889536915
1119500777
987921775
