289296525
842132781
2945683330
1018150617
1309291564
1383937674
4033752
3269774311
1827987369
1344051281
3403319781
1339889662
3949470249
1700192589
4028392243
3012121470
211418676
1797119130
3012550763
3685742642
2211715239
2318666988
4262033618
2188305210
2019840407
4226500462
2759160866
875176981
2776671829
308437011
1012383859
3258743998
531647307
4273688006
1980475094
4057362179
4216697762
507570030
4064566828
2801757038
1201570097
3289487304
1840152141
3507535701
315632624
1095783738
2810705612
959386206
1559094751
1631334169
1135999922
1008080771
2791892536
1270472529
4175747723
2955058699
2765014377
3681364312
2813975479
4018118455
2751900702
663337703
1945903162
760947211
1474380817
295223451
1524757426
2575173090
1086547668
2424821823
3820479755
1857130751
1477509400
1882196953
2767760059
704569167
2479635062
1618260385
4094663706
3694040795
1476827451
2241913862
3529208087
4207757968
2155293834
3322849280
947091704
2114649202
2155293834
3322849280
947091704
619541943
1595408846
2405220133
1523824477
4133962610
2522971717
1176879278
1620903416
1168273433
3151995105
