289296525
842132781
2945683330
1071184428
2607665147
3405169331
1532772595
658234139
2116768133
3389640552
2554950970
3702561078
2077195551
4155586775
3322961262
2240113955
103102878
1976359968
3688679534
326624661
2094054707
2922153575
413673977
4066728284
73799725
2172347702
2359915209
4212668820
2133866100
2375939580
623263625
360124343
2962507137
2900576039
17653699
2979624832
2422643469
2819862953
1431250554
2421019299
342220099
240404840
2323400328
2813639527
2996733725
2231699368
1281541837
4165696649
3159992657
1071038376
3040817708
2624632771
134978168
778794577
1035949399
1403815040
