289296525
842132781
2945683330
1018150617
1309291564
1383937674
4033752
3084864158
3904379539
3599630142
1079213742
3463298506
1792575517
2818690850
967527778
3351310767
525520222
612149094
3221356073
763662336
2808000032
280782950
2165762598
2633813483
1148121370
133939543
1723430420
145401795
1554232336
2388627268
465624839
2273847848
2847771208
765066478
2987753173
5777477
127497924
1198196426
3275950378
3955040443
1298461038
3407820826
3216710463
931159189
509995052
1328046276
2545572917
1352402695
3341868666
1408545009
2283979767
2003692242
3871828114
1742696020
2875469542
1902003573
1476631427
3397214117
2860212882
3717380132
1064684995
2913370260
777322764
984503412
1309308753
3940309757
458507243
3212996167
1826456857
1143188616
2541504470
3212996167
1826456857
4089539278
4194789210
4054210190
3985453558
1250077498
427967638
1060581866
1834424619
1035702609
1517740207
4108202492
2529675289
1322873757
1443739894
1426859067
2992015038
