289296525
842132781
2945683330
1018150617
1309291564
1383937674
4033752
165517459
1447275487
2493181152
674080387
1807259342
3567795076
2412011218
1465279011
1386337136
231113595
2734468220
105486763
2962461137
3330763613
859547874
2727422626
749726150
3759450484
1381629924
887277137
3358987109
607300135
2814229726
597013310
4137293004
3207092661
3679932045
3790557006
3209186687
3868662964
3146953377
2233777720
344865912
3833167963
2432314064
3252307477
2420198237
1369163382
1770958259
103413013
2862416186
259934988
702753972
1036328689
836524059
2317952583
1519082619
116696900
2716129060
3161929449
1109166628
4105249053
1511649358
2177860424
65275268
1220697111
2169795468
2491305974
531358901
2374935987
234992458
3098286195
338337759
2216673310
384864987
3441877469
1487577101
68290267
283726755
1145684474
3441813229
866990299
3939688591
2926910585
3001749814
1281609472
4006020710
1978231686
3946942228
3909734270
4172858535
1415584866
3622767259
3377280411
2086932377
1676404154
3984763776
3921831815
1631942531
1733164014
3320394376
1933875633
1603268275
