289296525
842132781
2945683330
1018150617
1309291564
4192793194
1822584852
1385665977
3293123625
1249367885
4005749402
4072005692
2700434030
1647058257
4085686033
3366516009
272288216
433773971
938442227
2980251040
1919127813
838246728
4068996778
1838881149
3532370999
2313671009
1305899649
3015560780
1479372528
1574625187
3473838906
4170519439
899409926
3981191126
402745243
3416742038
322266215
2547700722
4168977236
548029572
2112986190
3807212441
345655947
3754476218
2719227520
3179310015
2148001042
700553474
877820111
3127688107
3655957129
2322138179
74723951
3990518170
176216863
1934638312
2375812186
196706394
1863495955
2363983853
816197750
2864237939
3598349418
4149182474
1936166890
1356755462
574514965
1751307799
3846678575
1273985404
4028237600
2121484570
1441035797
741642722
1590985969
698443253
3113165913
2910089505
468770495
3758332289
2892979843
2785777633
1640244415
