289296525
842132781
2945683330
1018150617
2839386394
3041565628
458919922
2506378390
1078021699
677467674
2362729421
2234808198
3668591818
1385011857
2092448497
3316311558
2602364081
426690070
1797174595
3865169433
2525105195
3575069798
1153285670
1931886227
3426128857
4094898914
1882930434
1028942294
3263020606
658994849
935846827
1933447079
1297439471
944507073
1730894028
3835973173
1553928522
64302333
36343294
4232130867
171193289
4100310720
2601945202
91011860
905747347
934433198
3273052106
1055176233
3981869001
2987077225
986667232
775163288
321841314
3278526025
3954484959
3893832245
432036433
