289296525
842132781
2945683330
1018150617
1861158027
1922565677
3699905123
508646748
182169946
909375138
2901796630
703756557
2370260186
58298302
2519928256
3584441741
1790349511
221426281
3584069272
3695221459
1307187347
633995466
2052338566
3926614961
2993718052
93472098
732423426
473720247
1744900489
1167278857
1547515881
3259434127
3476460172
1225987724
1904731952
4060672457
2668064482
3190987394
2737987784
3431950562
4265351427
1531215018
2806770879
1178659378
2805713968
2118390884
1901801740
3595256172
344588673
2470571308
1345370830
3591716558
2694793487
1241566707
2604691583
99128557
843404587
2901258681
2604691583
99128557
2526375268
1955376717
226440684
483278389
1054211824
795145513
2355069060
2145848147
187906336
2510020018
522446152
4077006890
2278949465
427747019
931556527
1745882626
930569737
2987734445
2116711001
3766654667
750637375
2987734445
2215602604
2318510034
3317408191
2382319950
2012603363
707691663
1424321691
1163159362
766197611
4068134548
4149383248
981045060
2919408383
1979353067
4057106443
3885278770
3804035318
3155950279
3107169283
1657504023
405025089
3343344085
3753795788
191539385
2632386996
701379510
2620324028
3817673869
2812048168
