289296525
842132781
2945683330
1018150617
1861158027
1922565677
3699905123
3580364328
2331391332
1211069019
3969533836
2137430865
3353397338
2524693778
662835965
262346812
1096902208
3276464268
1332196431
1628603191
3892469978
2610970237
1794470742
913158668
2737254514
3745557402
614064828
2513142369
3347789875
1833574255
1640890715
215420306
2642251730
3152078954
1106983231
1850242253
2175401446
3056762195
2881805659
4208757545
4133000477
1678025019
2828734396
2428415623
1614569500
2622584301
3309848160
2507976681
