1801864003
989679115
3708239722
3109253737
3943942203
3357308315
1823031372
1059667590
3307441195
2057848620
4024616274
3830157496
2106780753
2687799660
245886738
1403142407
72995862
1484701345
381468893
3331248413
168918938
2383325191
530852423
1673769391
43572525
2367949569
1941390892
581898334
2927772829
2808238294
766090472
2518514700
2973146114
2691873981
2795970674
1940424576
741782732
4233738942
1854797351
4241605121
831857584
3048297750
498356521
707776924
3487796951
2352521967
2915520098
2148512653
203614030
3112705616
735942331
1522240506
1811936429
3908056237
2057681990
700258828
2782229865
4276188715
1114070867
3760967775
2703990330
741206990
1367200049
3558849173
736948580
3970343037
36388291
202765245
