289296525
842132781
2945683330
1018150617
1861158027
1922565677
3699905123
3580364328
2331391332
1211069019
4103616568
2057763676
3725840011
2642869958
580277132
2046441178
2707950123
3376943730
2476039535
464683828
61289971
3175600640
671961214
1871058399
3982707999
1546726850
781494071
3368088535
4040529938
2177894687
3614396648
1918065168
239158559
4252229768
2313795056
3195155781
3776275790
3643851893
1904938496
784413623
3641937352
4082817192
4151339337
1118528700
3330501468
1492736058
1383994478
1183138070
406014881
3243021301
3400269867
1239151673
393084558
1274363860
1075162122
4151958798
2848970681
919812206
722359800
3210906004
3028425290
3875693696
1885417074
2915521359
1092366677
3649774835
1864798154
2982682342
3917862389
1484940805
2944304759
2919165681
1036759344
1537847555
3976469050
1701238068
431106011
3079060338
124587625
2781464335
598159976
2225645732
2175210222
2761451279
2582272112
442846857
2380853124
4129135613
1471726395
537495654
3733018192
2251661824
169408195
2779105385
