289296525
842132781
2945683330
1018150617
1309291564
3728818562
2062840917
728725789
3133537117
2179699045
3551210295
1990514822
3635727560
3511998595
2395663311
568226026
3029660308
4144087769
1209102227
355022716
3451587469
3791960069
3389832416
1971812327
3839020261
1482517967
4058154058
1895465612
2825436797
4109401895
3812595994
1646763996
649050436
844426300
836918525
3748774280
3719835648
2037259692
2246815136
3131074226
2346437726
1397223405
2346046236
836238314
2929265915
3127007619
3329246860
1524109218
2431653226
2225285852
3930359186
504358609
4151507863
4273481342
383738709
748237189
939415009
205680564
2350445977
261612384
744259291
3028650757
2665265422
