289296525
842132781
2945683330
410077636
1244787606
1137829853
2607598675
488682496
2357868096
2998916077
670388627
2407205976
498024641
2720304070
2997241786
2112023748
3946605908
3081022478
3624137896
2758045504
316719326
2797755955
4200998906
1268033299
1288529194
3553725181
2144694265
2729213532
338219458
2188475373
685130581
2153671894
1990241441
2910014945
983108950
2152668485
400802872
3453326394
367789312
2633312200
417146920
2533573343
3309566093
32427064
4159200019
58964829
2148718702
3301567177
2994581195
2793864115
3412705335
1818647291
1206726041
90466103
2169268439
2305456004
3884832970
2151466607
