289296525
842132781
2945683330
410077636
1192630735
2032401506
4026367474
1640218262
3312880449
1447737882
619655407
949498441
1792575515
2818690852
967527780
42280796
2895459090
774814014
2852566750
2749801109
4235760089
297238096
93408277
349575908
1827423077
796488488
4103336078
3272110139
4211934486
703675970
1784165921
1039610960
854640937
2416318034
3770001398
3082177326
3241950447
1119037974
2585859815
3627183653
2627048147
447747795
364374954
1651483396
3941415529
3144979615
3027462630
3891468076
1985582444
666909594
3557113539
261426586
2943817004
1001618343
3864005146
2224595341
