289296525
842132781
2945683330
410077636
2369506234
503839457
1279738035
1345339925
4263532123
1022955876
678688098
1540467653
1834384255
288481431
1131502277
4069256654
1446959129
3151077543
2514747591
959102355
89056331
1456380545
796249013
933973262
3859666830
662431473
3067176113
3930695147
2760778988
2909679783
4075815915
3828291229
2239003167
503121969
4185936254
2008977946
4252327460
1277640441
145849675
474622003
4164383100
1871823225
721912523
3021696284
1095620920
695058785
3641042996
2114614008
2577024867
2192403162
68612311
753457478
3605162987
189011670
1556054983
3618912074
2917398586
446843389
694969495
3834466062
3349407404
1309161623
3676840897
1211223947
1083445579
472934530
2299556820
436838302
2401862856
472934530
3566945659
3893563601
2700758149
1679954339
518281052
3339347419
1378516621
3875751055
