289296525
842132781
2945683330
410077636
1244787606
1137829853
2607598675
488682496
2288662142
106231066
2491464067
722170500
3165105145
3071213075
1826131221
2461217240
3698413476
1034109250
1351414096
4273499641
3333228092
4034507270
3124197961
2431471269
166295924
3905044646
1581184852
1994545662
3152847479
3553409582
1534873918
3888287782
2034633713
522456002
3552290117
1446583703
3183843928
3909643366
4122380564
327552176
4286756338
3335356869
2110183814
1765641470
2903045067
431330094
2902093173
1598219938
701010275
2712297069
1897252190
1837877265
3919824881
464531951
1992273604
2057758766
4188861977
1975040031
553407286
2280901114
2823403942
610138016
1897471113
2181208921
1377791120
3439917928
3145895081
4016109206
2208637216
3024003477
2711323935
847407445
1581760227
3000968897
1656934664
4043479573
3582688925
2048557932
3986104929
3819564063
1115509954
2369388476
608737697
2439095203
3290777738
3579930677
1122814264
