289296525
842132781
2945683330
410077636
1244787606
1137829853
2607598675
488682496
2357868096
2998916077
446275513
565704065
3036510207
3334901002
2797645885
2304485931
528821179
2915597611
1058812338
414548570
267391250
4079272998
1042956207
4241870672
315603974
1621122629
2889871554
4070601990
643596280
4034104160
4073036034
1894653902
3131154990
2710364224
810367178
2412180429
1465175868
1495642928
1357102756
3171730970
111074895
308644663
1753854466
3391978340
1909982520
4293314140
99382513
2278027837
3178989692
3974137140
995930050
3100883259
1121520534
3284208976
389618827
315534808
3721631071
1497113290
2378445585
126593933
1747776299
770573016
165970656
2322306073
1885415092
4051247218
1633116638
1600469082
1756974440
2946438746
582641762
1735956881
3165579927
4012807261
649398594
2748801766
3821967450
3192158828
1704069482
2217028656
