289296525
842132781
2945683330
410077636
3234619978
1408258833
3755804626
2202388104
2023526318
1693158664
917190490
144626423
2570342583
3847474015
1938639567
3262643652
1463648186
3134326532
671501213
1023221477
746574489
3009625422
1062084544
3240469261
992940448
2508701939
2115461199
2012705796
3568067087
3632566116
244960563
1630027429
1052118505
1157150482
727707572
2937915914
3686345007
2139494144
1487795982
2074233518
127879926
317854724
2370011434
3683571199
1831237161
1875023192
2883868785
1441269556
3595958645
3224101818
3875537844
2176530945
3480831101
1433793586
412759684
2735949976
3568503795
535236604
253991437
1508822744
2507235423
2198829712
4023037222
3104307699
900947067
797100112
1674542768
1929806783
4289865271
1406513452
3684612279
3194139315
1038137675
3017701935
3037456096
814308914
1377176342
2089905747
821930321
2313916275
3924668996
1784849597
4199650128
4098688327
548411763
1611737407
3320996617
834947288
2061635915
1565080461
4113675266
724846159
2786146423
4143820813
1253836694
2481874822
1973085308
2760777893
3612492347
