289296525
842132781
2945683330
410077636
1192630734
2032401507
3717646772
3870860172
1997677004
3525169789
2153605167
3703941493
1491969685
3566461789
3029720682
2957307256
2602622390
281072025
3111534913
2768323559
185685929
3385331862
3764769232
2750472605
484461783
1200368001
2670789135
4039178174
2898201729
1573951736
2235737097
2359472194
3504163709
1371884987
2574147648
2564513656
2908895699
162796671
4179544622
388157748
292333238
3992592319
2226541836
1732469746
860059982
3718857119
4129437437
1884946313
1373135672
222339682
3062044759
2568487489
2996008227
1303786665
2290354750
372043436
2918143129
3602485072
3017403018
1513318644
3290462588
1314127256
548688598
330277297
3228737744
1396146879
1037053425
248241814
1613525464
1578562370
821124108
1992478772
614865852
2538914199
1641605642
3377513865
1039424493
3584683944
56997662
2371581050
2702601280
3799801227
