1801864003
989679115
3708239722
3321907611
1656061004
555764737
3031591874
1716408470
958988446
1162779510
2032845486
803706491
135074317
1419105111
2538156785
594258972
2999004764
1689274231
3399504697
1678279274
2848158881
3980040365
1412718527
2833287819
775333780
843162930
3230540689
2673622355
366226658
1179931176
342168296
757737183
2060563406
2881845015
3369675715
7472696
3369675715
1812924015
902846372
2213225665
3700192457
3785827928
2089140712
3494608060
708955665
1080249659
3576287045
3130539219
3442052971
2779165155
1881917946
3288165830
678284666
851063932
3650788470
3728813968
1620909658
1665045168
3336427654
1123659296
719466909
1156702282
