289296525
842132781
2945683330
410077636
1244787606
1137829853
2607598675
488682496
2288662142
106231066
2926754126
2179572568
405856177
4181449020
899971003
788442698
2224037960
3131426277
3047307420
1420377617
4206439007
2290274474
2680636386
2766744026
893627290
3408402263
448632934
113941184
3075771912
675832287
3285762403
1079498650
2374143800
1399933575
1952098953
1418868037
4159276700
3228698153
2663648414
2783602342
804292142
2019525727
3523148422
3759416380
374252965
3517316008
154650457
1978533638
167516169
852652593
1037406024
3133609161
608407326
1387926308
2633767402
1137670424
3116747701
3621132898
1017953876
1043125970
2564253527
1085272793
3864281948
1043125970
3559986501
3607051328
1797501577
3903628400
3226084313
520633641
2251054799
2212035764
452763474
520633641
2251054799
2212035764
452763474
520633641
