289296525
842132781
2945683330
410077636
1244787606
1137829853
2607598675
488682496
2288662142
3572692772
207670229
3018522834
1239528063
1112074133
891835065
117481314
4184859348
117726745
2513441408
3171728426
2911793238
4262334108
1914919519
2944739170
4169052787
1233924762
2509420632
1682719020
2655449985
3817735142
2043765304
3613182922
1317386019
727357152
610102169
3894900080
2457046719
4038037488
3363530644
1812610657
2054716721
3118959457
836757141
446984437
67522549
423424086
3916892536
3102475312
1953737399
3671817188
3641213698
3797150163
1782535121
689341809
1751034417
634949913
1620787942
2283095029
495090345
2510187341
2335986765
3628032736
1351579083
2448732593
3537270341
2088675094
77325624
912118922
3534477044
2588052128
766466758
3003629140
2987751196
918474043
2002763749
1073163318
2110378047
3614917163
671298272
1645758965
1259801961
3748461796
3899797088
