289296525
842132781
2945683330
410077636
1192630732
2032401505
3717646774
3870860174
1997677006
3828224149
1928368389
1854378915
4061254191
2083459403
1377481003
2428761620
4007436256
280437549
452033903
1650949610
558228601
2466820841
4006899411
3833043957
3466900131
2335506555
828227457
3210968293
2631057398
1611033282
3457580684
3182698539
1172638543
2620092
2931066050
2857490203
919049879
1770892064
1822815716
1224171129
816122425
1815989091
3740430536
2631993354
2587137221
2773882914
1721142407
3179716112
967741936
760595592
4002762797
897925818
3573441720
2052503019
578368181
3053634360
852196505
2054273232
