289296525
2799474379
251320991
1299180242
3923435269
3402982053
3839935173
1533741506
153858960
42133114
2767252348
731091371
842859591
2981237438
2540927769
2967128305
888325905
1701431897
2436390994
2853571178
4117846628
2840998099
2148265509
621026708
3257543318
1860310492
3944850981
991148005
3032981583
194174958
3893780628
1713939440
1275943677
25911765
2387061239
2608056180
2082379784
4087500324
2551984485
1970143584
1639158905
1955068666
344049613
625629943
3044633882
861217401
3450323050
896610585
1593698175
2560680554
2676338613
3925840893
1842846749
910149497
4043685978
4153699540
1941726004
4253196368
252571903
310935693
4100966120
2371768475
3920272288
2035575493
3658475651
37124537
126098832
