289296525
2799474379
4103875737
3070827732
331098371
817075363
2702776035
2670523214
166884062
1433056132
2069828580
3617008814
2297461922
2617977306
27872117
3545591841
2432464962
2158204815
4129939534
1765085081
3978100857
2440731537
2247131031
3671576162
1959254572
201998395
3885686919
3086680996
1813086210
1535770807
4151658626
3672578562
4133815954
4166764780
1814095191
348441434
1348679596
4075550533
2682546286
1273089331
2985000862
216212432
2250829806
2412313509
3495348457
2453799803
2414154118
1416728865
3758099830
285494105
3000192947
1158613698
2113602231
331979865
3411779752
3912626478
3829688109
1651474194
3650748750
1525544284
