289296525
2799474379
865473717
228847896
2836841679
2453188343
59911351
1741054388
4263451997
3708854525
2947885576
3015846062
3783430908
3898771127
3086792187
1965421252
25665575
4293663978
1375471780
3544679048
692924453
1792540776
219982539
1759697653
161508790
2713949717
2415277685
2815900852
373893244
1170822838
613147125
748641791
1027036829
1575313072
2059436346
957042952
2673517565
483767556
436218315
4039989614
1836006337
2799420476
1074918224
3691880994
1245570514
788837341
1659597163
2954316351
4089332316
2105573688
1747410588
664924643
2316024019
1778290221
3749323187
1980383458
1980383458
2880191967
489198145
1206605127
2378598195
1307971570
3164516174
1626538229
2866729601
2258425548
348741159
4232535860
912952640
3092532772
2099044277
1801635194
4117878002
1473584532
3556577908
3552191899
4120449817
4011300142
1424157554
595746398
2153338644
2493907890
1348111604
2052848875
