289296525
2799474379
4189832899
2649721792
962248215
441779127
2260943419
3103172502
2432607091
796223604
1332958531
1090660687
3554043350
1043930472
1408809686
798957886
2113661622
3064554119
544727831
2750094013
1065179953
3183923485
558928017
6814672
2219832368
3977542520
2076900072
2026595877
3908587976
1399964583
3337524196
1520854731
1483708227
3688923578
3536667206
4252168654
665972298
2768921702
589360328
2774214076
3383516953
256964741
3119677120
677166725
2089353653
508887290
3531995984
2384280074
331307173
2971374019
764268623
2932210745
4236592747
2936354977
2006385744
2855369069
4257934460
3745037367
128614598
2217055807
185939437
1255193055
3975110289
932072025
1331805203
2078561206
2372433963
3634449750
1153064232
138099594
3213851383
4229581498
2922056314
3623611789
1760248007
2031978243
97150022
2348066594
2840414754
1698125003
737487543
1296962306
727809521
2267121825
1395439533
3521418109
1181299312
1865739398
3861122923
1850130533
4198362590
1918837456
3861122923
1850130533
4198362590
2029373710
2197781411
577724652
3051536865
3260254908
2040984800
1834852760
3830268533
2399258198
1905429371
1297142551
2089911726
1206358867
3496620638
1750683153
1686662154
3862972634
1192927900
3318908492
1381967681
3499557777
1192927900
3318908492
1381967681
3499557777
1192927900
3318908492
