289296525
2799474379
4189832900
3347981161
1664816830
1477803142
1981865190
1429168454
2647996596
953862917
1182930098
85402879
3694541512
3467332168
2665228995
3259296665
2633163054
2389676462
318361634
100828506
1622785263
2664562722
452595650
320478089
1283729605
3817911264
2117259599
1852653186
987734019
2687653327
522385541
2594193495
359795463
2533368224
1716888191
3472554414
3923715620
1742857536
671547907
1023170427
678867837
2515690359
1451439253
640265843
182062836
1499099198
3507583397
2040472686
1327929613
32864025
2245884153
4159078924
2418799602
2688586852
3488074946
2674735117
4181874430
1601964374
1206094367
2166304131
2107284879
2944902024
1435308325
1337754894
681923416
2672268574
3739118822
1765583520
3536442620
126022150
1736757041
3215025501
2559214931
976112693
3419239338
2168165521
1158433243
135198067
1048755378
1982651051
1436359096
3029737269
427176709
3084837462
306030688
1960161754
899522202
3914178747
3338129639
2616360690
3766681378
4003359029
3757519354
3950173791
2990015580
1161313653
1973614775
2866865735
187981466
247528673
3661163834
1398632008
3461501387
2208379930
2041284279
2709277031
785454758
1636982079
3854193375
1748490485
437126089
1423830493
3505775165
3610137051
402194195
1592828641
3990046261
1240234010
2532732691
97148488
3546739886
878276422
2513566899
3636174885
2787714265
2624328308
3272295035
484094852
3171814233
518815746
3864233804
957454780
2756011307
1367688656
4290615834
311600607
4003280330
2356423340
1988007937
1652936057
2822575458
3192065965
803835373
1928078328
3813056952
1066835865
2923175385
3091334934
703104342
1331049623
3659314921
1715046974
622531501
1234682741
774484812
2098397088
3208913254
395061940
4232278378
1920840206
3497934258
1408314187
4059210999
1497018149
3002463483
184436306
3778092428
1410869134
1173194083
861520225
3552717504
2776002242
1173194083
861520225
581723020
1278427301
