289296525
2799474379
4189832897
3347981164
1664816827
1477803139
1981865187
1429168451
2647996593
953862912
1182930103
437966317
3275475930
3517365082
2178014161
2502594217
3416032286
3640784030
1167570194
1282908505
334074389
3170699568
2826431798
994827373
2505820195
3603888238
3238075987
2199021201
121268593
1729960067
3185444615
2910972106
4180899403
1675527047
248585388
2359506443
2443430977
3443199259
1266718486
3317585010
1674336628
1738274771
3700469648
1296338675
3504794716
2049428224
3431620665
1836293929
653142205
2388686198
2139310825
3777736315
1580925745
3686382563
