289296525
2799474379
4189832899
3347981166
1664816825
1477803137
3384803009
1823477104
1205091774
1430867262
118093676
604392140
4027766805
3840511341
3437332872
1084214336
1653088232
1788747656
4278276043
1116251246
283930598
2483279987
3018415109
3953930231
2250191304
4096052029
1770432914
891185352
190096685
3034541610
821518794
604779698
3901987381
826570063
404335545
482908331
3294274650
3488870832
1275702872
149963348
2291033698
160850084
1542867045
3083577643
855774858
2122026628
1288240997
1902517920
291513239
1308156621
157228603
1439162209
531055176
2619888817
4288349912
666807476
3079510873
999937375
4106006189
1013730655
3641765881
1577889969
968999247
807523588
3255327249
1822460738
4206064801
3049695816
340709456
1699778253
1616852103
380020925
1957741729
1002773064
2425941758
3422564260
1024067089
1611638788
4129052647
3110701326
2074513490
3948437815
1920063385
757892665
3999125979
127055565
1175146293
2262728187
2413358726
