289296525
2799474379
3211920167
3676720676
2305225846
2859026902
75062680
228149715
3575931485
3134560236
2712859528
2676430373
181245019
2533666511
2207140553
2683914351
240372271
4030232290
2823001719
1804266603
4129853124
3805535164
919030117
2965143569
1654767126
1293815198
3293082402
2794746477
728354642
2212991641
886493871
796926645
382232381
122330733
657036166
1083739427
792712581
2092936015
1017532915
848863117
2620511533
3752125792
1763724030
2243233473
4044432868
3330975057
922926151
3446224057
1476541603
2008911659
