289296525
2799474379
3211920167
3676720676
2305225846
2859026902
75062680
228149715
3575931485
1399331342
3267532878
4244078051
701660982
1783058299
3688455091
3350092053
682574007
1109348768
542663924
1958354635
1876785839
1481046554
2499656360
35129540
2538769082
2943822721
2661023845
1422300586
2932614919
552789091
1414973254
1828491797
1272410651
1977784246
154559833
1628863744
3352276181
1505075123
773184728
988711328
3122595374
2167499798
609811919
3550492039
3022996567
4138077948
583350617
1143883216
3792806558
430138475
2671654926
3706347778
1130099756
100108355
2543976616
3940298857
2124881362
3404155811
1322206275
3915561311
3105216980
3851229326
1461955688
3983175820
1282732366
1868191980
2347027651
3634325303
3152282302
1654381290
3647906998
1851778176
240769463
2041578241
247262694
523489510
1649980427
2620590278
3001049950
129897318
2515245965
3591360930
103536977
2859150337
1038519564
1289463695
3493100549
3858676174
1146872072
3401554829
446403454
2282661725
3727833773
1056795533
2673357643
2081894928
2242447116
721540703
3889245685
1773691855
4264936130
308078762
2245085607
651581849
222389910
1872586713
1095633985
4293472990
3904501862
833793951
2266956966
1452552253
4147210491
3905525064
1929802495
4125335816
3260657789
1627224347
2920842677
2795038423
