289296525
2799474379
3211920167
3676720676
2140371955
1553778259
249330689
313228967
2197945575
3174308170
321129732
3898576175
1011556342
3217295631
577137568
688614813
544016265
4242129117
3713555564
2997463517
940675367
9819172
271274893
432752582
2576473579
961713517
3277334464
1809218059
3603004757
540472714
584900810
2105651562
1020238023
3132379571
3855811004
3393723306
2031615728
2840805403
965974216
4034415026
2120042709
3950417147
2880858418
1750743517
1137790655
3606745745
2520411992
1182716339
2243472361
2894914731
2265420745
3657579996
2799034009
2305453329
676535485
4162298454
3485098896
536796539
4124218736
4244351004
1053467495
2301628147
4099105243
605544240
330964726
3288244253
2845632134
1030488893
2344724484
4075830903
2448188067
3657931816
4032736803
3016466030
138338354
4288308656
2191076145
3872220722
3439433604
2455553572
469440193
2236871251
386300600
3183012012
2519965646
