1801864003
1885418930
695320364
3107637890
495976277
1276441117
3720245341
2653634576
196700115
3645201543
2002077897
187880225
2464919496
3443110154
2892160392
2406309928
189099976
1610504842
3087281131
167681248
821041268
3897630775
1307313414
1649653390
2710525736
1334055364
2109276548
2915763369
475336801
733757221
1731223741
2605809566
1787418758
3705346481
1708506068
1217810338
95925264
2251858665
166507843
2196846698
1036234727
874757036
1807583456
3299414981
3936138149
3267213668
180079373
621049989
464679964
329697302
584934138
2900599198
3437599913
3838088808
1262921647
1638614947
1367024367
1808226478
2860086446
4170075991
1241538147
264417168
2592615918
3773847368
3214346054
3640235117
906238123
1823142524
3934052195
4021642682
1698526219
61336180
3308724081
1544780951
601156088
3427450777
977110667
1122886483
3461957339
1521066848
382035042
139438247
2680293802
3426908000
2008484156
3265147710
2406609288
2609554672
331459947
2737313901
883276128
4225831454
2002106262
3495570778
1143013601
824080987
3407137014
1084456626
3588881612
1190137990
653667761
3367419457
1576811583
4055489935
