289296525
2799474379
3211920167
3676720676
2140371955
1553778259
3442885651
4077101502
2705529836
3174308170
321129732
3898576175
1011556342
4145649607
2952857756
3118537943
4186990192
2145132067
60634984
951278928
3931321051
4051595445
1795746480
1150546086
469016736
1215618666
3428635018
2479534887
3662399257
2345716305
1593165956
2903895362
817336301
1473952239
2403894558
1678315063
3088549109
1798668173
2268186319
3994099065
1673431527
965879248
3774880033
2981862199
2312024467
2374915861
2032847217
1495450263
3429384425
282888125
2542882053
428839285
