289296525
2799474379
3211920167
3676720676
2140371955
1553778259
249330689
313228967
3166399209
1203825346
3597297794
3898576175
1011556342
4145649607
2952857756
2335138468
1506741551
1122127681
3745525230
3873630970
4066905852
2177519707
3075309793
334429537
2258927391
584500340
1655160531
1101529971
749182040
2101121296
307224482
112495322
1336332806
3903408330
1497042418
3560798214
3147440288
2013648624
1723776577
1120307935
3100391538
2972462137
3815544427
3220461361
1821684109
423676511
2948883905
147586829
1758315066
2874291306
996213639
1884501984
3626743919
3372769879
3118653046
518866106
819520730
1934480535
3367545547
3654966783
1724575925
3451753182
2914758633
33984835
3164971183
2860168665
2747162545
763403477
1789734455
3761199612
808631877
402704870
2784941910
4163219514
3171596162
3949348879
2033434852
4198774006
1287691112
1693641931
1901578305
3796771851
2894879351
111095148
2978591713
2579219522
3615078974
3276877013
622261584
1042405609
3665409730
1466421550
2204823074
910414880
3844289180
1335730312
1773528164
2351972506
925737317
1719399282
1305408281
3546683275
3338174908
1980839098
3521722773
3348570970
1046995749
374707334
2150247617
2522101262
738991169
980551310
2919836469
3094819322
1099428229
1475996490
2279869683
2442794556
3472705083
3632487668
55914482
3355543748
1409561736
4077628996
4146825047
1344544155
50135657
4039126854
1251476745
326125352
2539145416
4142149687
1360805144
1520732449
3300366505
913501913
3986988511
75896933
102114471
665716071
2376165823
357653128
1091518715
3858815543
2014563263
4212919231
2230985994
125121523
2501950232
4072849992
2686180794
3703709157
1120996461
1508554082
109962597
