289296525
2799474379
3211920167
3676720676
2305225846
2859026902
75062680
228149715
3575931485
1399331342
3267532878
2101957449
2269372900
3111519305
1817380508
1744458614
4172753958
2760918673
959587390
1163247574
2311721297
2458962080
3109328636
3662808250
3137955896
3926998602
2027557626
1814120322
1170535227
2890286441
759613866
3860087195
2959482730
89073000
243052988
3255218005
1705793212
251636930
3306752316
1538387374
3591360918
2841438820
3282308075
1797936672
2702940535
2440101601
4275545671
3261068269
449695516
728178381
1698848963
3489460951
489491934
1746898584
1135251187
745997865
248441641
3011032916
653233672
904505591
3957369062
57219854
2200596445
539852771
965671063
3506916223
3557355829
3824810010
4141605710
958001516
2873915783
139159993
3048568585
1817920910
1552490881
4228672303
4028515664
1659967381
1141494209
4004987861
3305259966
