289296525
2799474379
3211920167
2625486471
952666960
2884942347
1046912456
571580270
2348911392
2004486923
3252133938
3182443482
105203078
1072136850
2924282066
2423842175
945727787
1690724465
2462394624
1503109425
1906288084
4060306558
2317455631
3405373684
3907924828
2360744219
1405065498
3492843491
4063435545
4052785139
3777892442
3596052664
1443754645
3052979307
3507228496
1774396620
550599696
64930224
617827719
11808565
3187138018
2079625259
2557488977
552354809
2520901824
954808723
856271437
3506216115
918242614
1618350563
3109490644
2985480468
3484028579
1452174661
1400557374
3395202264
3484028579
1452174661
1400557374
3395202264
4154571155
4189925252
832334197
843048351
1476271743
1157118080
124095268
4184462433
2553460963
2425841187
2439563040
2348054114
1912521935
2450256433
689312718
2346765493
960549060
837094916
807055111
952070599
960549060
837094916
807055111
952070599
178578496
3647646999
91498453
2223778009
2760216014
3193074888
2631639139
1326836020
4118632142
1995587639
3541109249
1203067509
210961382
62702029
391158447
2163616426
1424144499
