289296525
2799474379
4291566677
3703808501
2390956967
822661280
2669200622
1237876897
3984438646
2118222893
4025157229
1641399561
1340106089
666926384
3126992799
1652335643
2713465022
3794338035
1564061113
4120311400
2568947525
788381955
1044596394
2688120268
18474669
3881907016
666344832
479852472
2630053269
525106028
3944599911
3089033162
2355617673
3006010523
1807624298
4286203617
1781580959
673430621
4193127990
1916511605
3563739008
403425608
229381868
1087737570
2252030956
3647345228
3697911814
2201287078
2438209371
3456716539
3988664807
3001245767
1223283434
2799028720
880820507
4246461444
4006514235
2713527389
2080763506
593018834
2624960084
1278281919
1538144278
3653343855
821924077
691429171
3143882712
397240972
2007717819
99693240
3802894397
3191034215
771778186
4265924705
4009784375
2018584617
3492390822
1882622103
4118431246
