289296525
2799474379
4291566677
3703808501
2390956967
2271416300
695409570
2940167153
2005026943
1811237593
3664469521
289003040
4265136002
2946745034
3700686846
1336921765
146231806
3396212417
811902060
909154773
2742688683
3773770726
3583012656
2421333699
4021596278
1087480557
2171571949
2509560725
4120045218
200890991
3700226593
3886190617
1131757163
535691057
1754090013
1259038297
520846565
3065288032
4190194569
802466532
2037117715
3320699499
1353144341
3238910549
270662362
866637470
2166998954
3534338400
2788420632
555841433
1893323459
3753689176
1929587949
2191242889
4127319025
2767640584
1593600677
747528092
3166529649
2845586243
766786723
4150204094
2210743238
3517494745
2043689558
1065109049
4115497341
1884355686
3518757344
2967461609
1669346743
90713101
1737299462
440029097
1762292381
197236330
925707132
2143581992
2807450585
3672183414
