289296525
2799474379
4291566677
3703808501
2390956967
822661280
2669200622
1237876897
3984438646
2118222893
4025157229
1641399561
3494629825
3094071704
2845731701
3926612792
3245304822
3247631088
1747221032
2902206222
828261793
951996906
2276392096
31622387
4279648188
2752025631
3610814763
1387926009
2317888776
1466268774
2127084832
4142883707
1022660357
3223373193
413003271
3615544960
2429624709
3839622273
3920259714
1724452949
1074297330
3280432907
1976619619
935570081
1472567190
2215370433
289496255
1190026958
692651624
1231976346
493776166
3808809451
3163210538
1900118195
3567438469
943346343
1320166758
704628308
2453437537
1016376626
3332251551
1109876750
490745857
2382697070
1702868568
4043589589
188595143
