289296525
2799474379
4291566677
2740247823
2078930561
2239908428
98095201
287540505
3849465618
2568336634
3411349160
2138542149
537968714
505751015
2408556455
3413527467
3117781876
394084903
3110950505
4020241084
4168082561
3011779082
1166498683
1281838896
2151819947
101602040
546263873
840049601
3357053292
2865008675
1586838056
3553720739
4088804238
4038569795
1933982863
1059480569
1431499927
2408424837
314222370
2430943485
722484897
2622201444
332928941
59242592
3039449945
708230286
1244692921
1931258705
574801525
1445952606
3415023345
1965695086
1146194562
3228957732
2201456116
1111604363
770106413
3933184401
1273633760
3486412102
1060521454
269703271
460916552
449591408
3207557702
148234194
1140033089
3607323642
755618135
854666468
1485267253
2432454595
2851261271
251482523
2329239163
3506041420
3548542240
4242844010
3320458750
3037327308
541289906
2841268093
963213456
2811950896
3380435070
1196972313
700446295
2811950896
3380435070
3522871345
3343791353
2614556067
867072556
2428351405
375926506
2555833742
3528406161
1368762832
2133279110
298393447
2133766185
1739139174
156141352
2271970895
3918276865
1739139174
156141352
298393447
2133766185
1739139174
156141352
1728017598
1781421733
700147432
2527841186
1333535960
2344099395
2387586832
3769106526
3224256992
3757437305
881427663
2940625784
139065780
429719179
834532426
3148289218
1935494448
4119384183
1980221070
493855648
2471583940
4139543565
2854530391
3486097822
2383162796
365152795
1409697321
3869831887
1697113142
1279702887
1488839199
1775549136
894204810
3325959602
2281410944
168699450
