289296525
2799474379
4291566677
2740247823
2078930561
1172050732
3564540268
2819689092
3356964787
2083891550
779424524
982402676
1854823624
633104559
2010686247
3163171606
3458855881
4043836216
3284315674
310258598
1293515692
3985383092
1957199186
1759477748
3975639060
2144026959
169442102
2722505040
2333867942
2587370910
2459827038
2939972393
1152174997
4127107912
2521692449
3644336072
818481416
689816077
379187304
1426898981
984324227
914585064
2983116624
1827572835
3715143851
2614944964
861796809
2412961541
3965816172
2736018309
3123809592
3920753650
1585492932
1465952143
2248650486
1004030396
1109358348
2421502052
1746412620
366007339
2432156912
349418070
105283952
1448145534
2770253372
