289296525
2799474379
4291566677
2740247823
2078930561
1172050732
3564540268
2819689092
4199657686
1316171323
3764599413
4103630605
2493403706
3752617565
2343337185
2547744327
642083471
1027742846
2414651544
3263429708
2431072196
1538637813
1879097246
888755090
1180339021
224968490
337058403
2611022216
3301333380
3596298500
3908361072
1817233372
4118062138
3068236919
3868652796
167697757
1810310328
1223203096
1462970753
1621666100
4217851523
3925491203
2320067690
2662480146
243339007
2367551317
1068712883
2804176405
2402046704
2261534395
3646060023
4176778344
3602985992
4216546952
2133168651
2073922967
1656541657
3224637744
1958923030
4149075439
921956847
1773051983
2794183613
3864242758
1652270502
3436410101
2808062611
1893959781
524603587
1877510741
3858553136
1070238002
3174027762
3799154770
1200736868
3963921770
2726746902
2209558390
2099274331
1712803810
1033977450
1012495295
216900376
2405610977
3570713705
3576465852
2651508783
2331084119
3511153887
3502225674
332328680
4067800236
3881797846
