289296525
2799474379
4291566677
2740247823
2078930561
1172050732
3564540268
2819689092
3356964787
2083891550
4235146099
3902039563
1995766291
1442531251
129760737
991581547
2500477221
104231038
2474439168
614347846
643286478
3766901181
446531816
3640819384
1940211200
2670946714
385561287
2786675009
3810914110
2608704440
719568752
985419965
1091579249
3990786085
741751101
1847935487
4085719888
1563423235
2804236462
3836768483
1537269161
3726796155
2978299357
48983232
3505803975
1670906842
789863490
2718428688
1880805399
2908193145
146066255
3847992305
1969783836
4138867037
807595096
1044281935
512979610
4268856291
3802378449
4164878739
1607021485
1585187989
4127490842
2041745649
982537989
1553611076
2897581677
534497136
319481195
1404914147
2502802662
3201956648
3179557433
3683540088
2905659763
1165336521
1948043014
61705307
2498444417
950782417
3358132042
3677299125
3431577864
