289296525
2799474379
4291566677
2740247823
2078930561
1172050732
3564540268
2819689092
3356964787
2083891550
779424524
1787625216
3939919149
4264374357
1615703117
404089035
2447225750
3339773763
2467364351
1944038623
4195874690
3930593359
2023511254
1609433001
2537492355
708269005
1490503390
2686526821
896247579
2613278280
200294821
3155331043
651466327
820984087
1221456998
1614011895
2586315938
1660878289
1763601935
3950103670
3455110607
1112618771
2526647921
1093308215
573648566
1386245476
3321381015
2255319258
2374886148
394690958
4013524672
2845178543
1007332076
4241160409
80021056
1774115860
706204791
2258837592
3677866077
3652690139
310027262
3186543371
3377240552
3176586335
3753109076
1604290610
2796901774
4141135533
3351113314
1818788204
1833260111
2783869364
2783869365
2884824994
120207207
1338207027
1550819262
3851107075
2257623682
3236503048
1179812869
1282812728
167590807
4240537050
1400270883
2999014777
3735511577
1718110597
3771978632
4199506634
2120707370
1486719994
1261535095
113384102
3754662484
231114365
281443383
3701990143
1200197407
3973171168
2595927796
4140082489
2187786202
1161866472
858512892
3323433905
1564081745
2818945052
858512892
3323433905
4276329412
2429617450
950635173
3856980939
1498649000
432878682
80596496
2177938187
100187371
2375709669
2005975368
2354872524
2156765911
2067915603
239530110
2844920272
1834365771
2526704335
273674120
3951275532
534806311
2606301366
3246673835
94606792
3812938669
4114270562
2770529068
3189098133
3581824459
3801571983
2089054983
3683379659
1810401702
2418329634
86847849
2953055083
2049015999
2179842363
96849627
475798156
