289296525
2799474379
4291566677
2610450774
3386436356
4159508137
2841314334
2320808382
608480752
527091656
3152015903
790338708
3199278804
316049871
2759533302
468773361
205459404
127293990
4254918795
4101831872
2883768204
2572836488
2974964333
2347638828
575785385
2511540207
3183151882
4264442695
2023072074
1184908519
3674351176
4239103392
2592807280
1215767076
288516838
1303030716
1537097663
2429335438
3434302641
1338292387
4249528727
377031170
2108755452
2982875925
847099947
2985471698
3272784833
839700576
748207704
2381923077
1279749893
2698117988
2524091011
3353976779
315900310
625983779
1962502887
3857290271
3470722065
3997592298
4227244570
1661374765
2642100693
1071614131
575433086
2027169423
961404791
3430299109
2941783999
1412922730
875642973
4165689012
1169506308
7844343
1876732844
369904731
2115490790
3811095490
3159352266
1193316639
3798416261
4062416420
