1801864003
1885418930
1775214686
4186232304
1563549735
201110770
2658046769
3488980601
1583291449
574130129
2351469471
1037182100
2986307671
723936048
3796808273
4139116329
488982421
849015837
3065183229
3246690340
1140596376
526704578
3394830751
1693569228
4055585458
1929435294
2404482752
3044091912
2700283082
3262177651
967419989
635349747
873180620
882999230
3545960159
3010112488
2146764143
2697250799
308966153
1501662594
3410665778
3426468006
2160908994
2901511429
1382203432
31637218
3768162528
1799777414
499915591
1477372596
124369595
1135773724
2731126302
355166296
991873080
2751604719
2664173408
1694379621
2566011273
196549606
2002843811
2038197940
3882843964
2502891153
2578122917
1050972777
1999048567
1118426302
3043974232
308332180
2667835468
1554572241
2817160451
3922479932
2089208130
316692586
3919761080
2364428162
823152946
1044721016
256210266
805925173
17377559
1044721016
256210266
805925173
2030277555
2762337934
1625326860
3915499313
440265092
3174200136
791354940
2284094704
2210666286
