289296525
2799474379
4291566677
2610450774
3386436356
3939980964
1153909482
2062722887
608480752
527091656
3152015903
790338708
19807476
3367346667
1858579693
3592324100
3731341394
1642859349
4031154453
237843928
434295781
667096041
602410332
675371190
2892584790
1898582358
3357848371
196822371
463718998
349732721
2306481630
202929786
3132743671
1602426728
2645601277
267165659
1288570440
3554251184
2088198658
1754019706
254953283
2141389969
2155517864
2873408020
392063330
4276986481
1795641073
2479996802
835858494
