289296525
2799474379
4291566677
2610450774
3386436356
3939980964
1153909482
2062722887
3729232528
3848927400
1958968040
3410538991
1409666751
1605147477
1947835198
664397300
3198282855
464396246
807083965
1422352751
2267784946
2479944586
3151558511
2017919295
195382607
2867505871
927516768
1488534993
1092069437
489734794
789566398
4024238004
398655067
3870124578
931220141
1046568678
4074380884
3360525009
3026163166
4180020688
2525058422
2025672300
2193095873
2094809100
1542955010
1633694855
3296951985
48135076
1179138070
3224629602
472742816
2023947347
3458618317
597900772
1373054503
223340413
215650224
225423496
2151295236
4036015074
2082739818
1423589371
2471111529
2234790310
2254587697
1812805542
1997866832
607994133
1259111601
3884581661
1240497948
1675951072
4015021672
2949462566
1532469186
3695566071
3931470927
4272826679
842106800
2982056265
3767471455
3362858190
1077554517
143936332
2162115287
3362858190
1772801988
3338804887
1330190092
332518998
2877101018
4159033984
1454332559
256187433
2240729111
853713171
2477271324
1478334535
1980642799
803500873
2393832262
3914105366
4266765098
2701982346
3773663316
1287274591
2017589006
2818918885
942344265
1887792720
2581893520
3602820122
1833685574
2516222757
2701210740
2067488743
2978187260
1640446231
3043175629
4161368155
2929815377
2128990650
518253709
1055647595
888796467
3071505806
3228811426
1968896672
976168009
3352266544
1128219436
840210414
2721764930
4272035608
2045010885
628925087
2745778136
