289296525
2799474379
4291566677
2610450774
3386436356
4159508137
1398291326
1752584518
4191998726
4030515021
3725158189
1480925054
4265022072
1354414986
3262052115
2112175124
2968242077
3141702263
1095246042
3829912427
3136412124
1169075958
1512591020
101655579
3171187800
4270935061
4064349396
1393486676
3326372138
2744862953
187265478
4114795787
2456023461
2859899488
3698757041
3299347210
3099202565
3664123210
1204058085
2503494833
3599844562
3261993076
203954874
2995725349
1967167355
3957879785
2901470386
3719455440
2766076576
