289296525
2799474379
4291566677
2610450774
3386436356
3939980964
1153909482
2062722887
3729232528
3848927400
1958968040
3410538991
1409666751
3233914932
4008968276
2164651493
3950229556
353895673
3604516956
3772198554
3161675603
2827485739
4258825871
3099916021
2438820845
2094538180
125067272
1057661634
2277083161
1710745463
3225632993
4124764211
907705494
1247528045
1651322592
2545137962
2362760526
2594883457
266356223
100684212
3743502211
1499105015
2876443106
2505787244
2815945945
1046146174
3481422694
3682147870
1188789425
4168892974
2085899726
456752076
3282782013
686476308
1869122296
686018393
2805455091
1972003632
160988223
3874023840
2029778984
1674368401
3707650588
2844228830
1066697533
3169023791
340165717
2735158674
1884872396
1682771598
3860152502
1704613455
679361883
195922437
1560646927
3733619702
175821508
1065077292
3484972672
2940122301
3004552133
4013078898
4078558730
3890383730
1758603424
1574805825
189817253
210692128
1345736438
4000060708
2192163474
169465273
2643752116
1233310814
2659689292
1285162328
3881683795
893414727
2659689292
1285162328
3675759701
3709641387
1251017638
1285162328
3675759701
3530710399
1174404210
3673291866
457211776
3325652517
829056317
2557116452
266805545
1110216892
2497759242
4255941305
991867114
886487715
2740657070
3562183574
316713413
2351320811
464252902
850508350
