1801864003
1885418930
1775214686
4186232304
1563549735
212528495
2634051375
3419225082
3110646031
2770318249
4150200827
678193417
2256305479
426502847
3545922653
3669649430
1173821254
1783145678
2801001596
684533528
3476510329
1232809514
1982970213
702785447
943104152
3149510241
720112995
3960515327
1708716450
2846027595
3410482496
2767904106
3159691009
2596825273
1783652922
4043949983
3640771450
2844819624
1734802990
1497841186
960561941
2615528051
198639006
3167714651
2353033890
681588201
2114464483
4253498394
1156860945
2096434370
2783951455
