289296525
2799474379
4291566677
2610450774
3386436356
3939980964
1153909482
2062722887
608480752
2614060791
1064981280
886245066
3470373991
1626155214
4249832033
2561884261
773778268
355500388
2323512884
3614986273
1188221537
1748839935
3247160615
2825843145
215729182
3540661729
3776053280
192807977
625714249
2460574223
886796041
3646816544
1649760611
566257966
756034031
1593429073
3790168347
1710667398
2685297373
210298225
1664073175
3930299072
105325442
739145442
1657538718
3593791171
682077166
36000227
1564606959
2119023695
3174886317
1051983188
2283689581
3738370744
135313637
437528849
