289296525
2799474379
4291566677
1911742257
2348314012
3362610641
2586699651
3106036259
389172845
189091019
478849782
1957343919
706525208
3105917251
1067127630
79001974
2684374177
1534839946
886871084
2685991591
833779943
2342119922
573536554
2711646163
85285380
1435691839
2554835869
178839896
3157020358
1325800220
214106715
1598258321
1503060062
1349973013
1651710349
3829359070
253741524
2298063409
115993556
1873125735
4225666268
3561330378
1197069155
2206305861
1959953757
2109009737
4008885481
487758127
1134859160
414857275
2876102176
96798579
1214212587
1178861564
2461983688
1318315159
156610786
83935786
1694957341
206222766
3742719728
2152206160
303925179
4049313756
896287382
3012654519
566558044
2535306080
2703986622
3201528333
218405910
3135890560
3699153982
3332103802
2826727732
529598882
1197367079
3974653305
1616691441
3870888710
1433337117
396932913
1512335441
3752251523
3977617762
811134988
1672662116
1022336452
3306987003
1740133533
4025703686
1340952624
1463393115
1303846252
