289296525
2799474379
4291566677
1911742257
2348314012
2834812988
894808723
690139189
2070022759
3898489660
3068670347
2296239142
745071089
629732794
2048313078
3100606921
2532975017
84344180
2742349938
739740325
181854978
2304374267
471037829
1602635720
3767986818
3182342765
331261475
2609242505
2744158796
3425534566
3689047131
540869571
1335516005
3776443031
1156888737
2897444193
448057322
4096833471
1279074603
449840306
2703588078
4239366360
2918315516
560610017
1748030015
547271718
2425735019
2221838867
4236338265
3003632422
3540121105
2073013210
4047792100
1040239770
2053060796
207636825
1818653806
3067136229
1927746991
1616652866
3146406212
1060316885
262791959
1287901916
329548497
205577302
