289296525
2799474379
4291566677
1911742257
2348314012
2834812988
4206324334
3106036259
389172845
189091019
478849782
1957343919
706525208
288543264
3045582839
2182899522
3331604954
3861504417
3357295041
2238911765
587274259
2497961557
2230000915
2929870963
4275382520
3739034398
1355637499
1991085778
2941550499
4046577310
4149960323
1684500440
2895984170
2647760354
3937104222
1763993511
2981518166
916766935
296307936
3204554163
3996017807
1194230166
624487818
2724238013
3694677258
82805466
3219446425
1202009851
1196214391
4254783588
1959569112
2706860369
3794841070
494896331
2105129468
2308400274
1359304803
