289296525
2799474379
4291566677
1911742257
2348314012
2834812988
4206324334
3871369416
1221622918
1870353984
4074321135
686777581
2354729274
4030581458
3627404855
3858770842
907926620
2271659460
2984318334
96701331
1470578715
945206698
2928161850
2886229180
1034084092
1685777793
1454393507
3841793587
1907858509
2172639475
1694663100
2041876015
2462984729
2603499090
901595180
3016132952
2990090331
2553829444
261390649
842338638
3923993160
3630222226
1858627652
3331797538
3564168290
96996501
3285003019
1078083058
1169940870
2822672303
4202575357
2088960732
2257170545
1295778090
2511224283
993986043
3944935997
917423560
740707113
4054482140
3944935997
917423560
740707113
4054482140
3944935997
1385873922
1027447460
3077702200
2251717999
3059555065
869699537
2691066734
794216636
64652426
618120144
3404454090
1897834134
231171785
1145443063
2959254935
1330344575
3619815505
3538574997
2810991621
2728659649
3619815505
3538574997
2810991621
2728659649
202169234
617753348
1477176155
1494819347
4279360057
795233862
4001132637
679061362
314957107
3905908638
3530757599
1194956705
339386636
196430639
