289296525
2799474379
4291566677
1911742257
598893923
2621025892
948738995
3999064060
1078774706
678220779
50914085
1439021040
2079332240
4169073001
2376940304
4056588536
197136981
3554585041
1648409881
186331729
2037072132
1483891217
527105354
3256085743
3154937115
4010783670
2105314385
2433883229
1310432348
132681700
2588601675
961756252
2887368226
45182833
983827636
564359749
4180758196
563115767
903620793
3984396538
1954096939
2775442418
3402283860
1123155198
3614354621
1840823470
3819502923
2713421193
447279506
3560411118
2503459211
803328408
2985476112
2971307376
2237241061
744059900
3771129211
4221305994
1932268449
4097738784
3297893159
1982304995
3552893141
3692925005
1308028083
2157402691
1020718552
2418414170
680187862
2609079221
2564729508
2773643141
2786043540
3768834811
2735395480
2210179098
2526450784
490946339
1465574972
2587578572
1498023726
3852139477
2167523996
1775393260
2499524862
751355057
2963878760
3199575423
285384838
194908612
3682600480
4252688624
1865377819
812792251
1349780620
3540250782
1462501246
4119803416
630268412
2449962929
3445630907
3448269531
