289296525
2799474379
4291566677
1911742257
598893923
2621025892
948738995
3999064060
1078774706
678220779
50914085
1439021040
2079332240
4169073001
2376940304
4056588536
197136981
2775106310
729318115
4083562855
1123560879
818141018
2010859521
853785984
2219710137
1083591583
1049174635
3851814178
1483217810
4086450475
2901743904
1386128877
3828551380
4180843588
1687224043
187240471
3173950108
4004437078
573666001
2813577731
841783872
3912482057
4140548491
2725311689
1013179713
466245289
2682411337
2549540163
1233672496
3877668963
2276922502
337494616
1427999805
3006073241
328493804
3171242700
3138248353
1611856360
263561550
1574459217
3361074458
3894784325
3647065618
4112763487
977508179
3698529015
1208500044
2504355362
674801657
2384180528
3166129722
