289296525
2799474379
4291566677
1911742257
598893923
2621025892
476263497
2683052720
178692302
81255618
3572749361
4160514449
3203281229
3603835156
1197779796
2861290474
3308030796
3706143890
3766689098
1466030860
4275974793
1248023148
3587360578
2745760522
230223684
2659507743
1687055538
187917464
1145485937
3516299909
1202077045
1313220926
1502203651
1942002275
3219521528
2511121048
1656189036
3287848940
1713102298
981671040
1358400494
3830115083
3151288391
2701336897
861317546
1891867111
834918274
1927938338
3723299567
594979536
1622389655
3148649694
4131608168
1192310453
4053113131
47481140
3925092670
2335998633
762146908
461521737
3586986962
1573893276
3681824401
4168848177
3595449169
3028719814
2001079395
10372301
3215774528
3915483029
579281515
1951037118
1521679578
550143612
3045065730
1925301977
1957381828
1067020963
4087756119
3679984838
2218740936
714579355
3426762349
3177079024
904820699
785764052
1710462791
3438506590
2135863762
3521536129
3518300626
3752433605
2027020417
4139298491
1796918292
477048080
3505423255
2729503290
57344304
2162431945
1763630567
2465674955
383727915
1575816524
1092731115
450125832
3857140445
3337156477
2661526252
2280749521
298178908
314852753
2267076375
260047973
1817256811
2616567529
3543275981
989691611
510958163
684827469
2411130116
