289296525
2799474379
4291566677
1911742257
598893923
2621025892
948738995
3999064060
1078774706
678220779
50914085
1439021040
2079332240
4169073001
2376940304
587590211
3641661678
2775106310
729318115
1497593878
4025406255
505374515
1493694568
3083165520
2806368858
1671272316
4265604563
2441485103
1892000461
2393775616
685511430
3817773879
777765781
666621918
1209831288
3461412651
2048591633
782250579
2336454757
4054794576
4186099113
4091937995
2894156993
2492743428
462526735
3040430172
2368480153
177549810
4192688074
1429843600
2618616665
1512125656
1530133904
1236176144
1504071254
3749956182
1183317383
1013695666
2725827898
2341984930
1195843848
1856515728
3934265712
3264947132
3962162154
3934123603
1468262627
2046222235
3971767781
3899126035
368276974
3509266632
199808851
3498363034
447290094
1668162654
4082963379
408435883
2954933028
867149277
1065256902
3097710099
3204047808
1031206201
3824644076
1543298373
2671306718
285615290
2054046100
175565451
3725974830
251730423
4136439573
524445699
2424652466
641440559
3019861950
1595797007
2511717874
3592484287
1764776181
872939546
1963478655
4099306144
1779897788
143980549
3207374492
2627033968
155040276
3963761594
679872801
399117646
399117600
2582957636
333487393
562948275
2748688011
3209407428
724600447
934185776
2847775416
2290642648
649933605
1781580073
1781580103
210661510
3810147963
1470586526
1470586608
3074190129
548522556
1854739330
2038701960
1430135323
2177790761
896734156
896734114
2457635182
208640230
2800755061
847973582
2901491624
1307018299
1123210379
3581900166
3310183457
610000818
2858753238
2155950507
3692687601
2409758596
2928937956
3921262854
3038869596
3639142339
4192015267
871416279
3184394931
2536124366
1811872506
1160614242
600148184
935898683
1531215587
2439621783
3318913493
1297088696
1482976827
1221331925
1394029894
3383079510
3402956747
2623094575
910981322
480794039
2664642091
157194022
1415264563
2658593607
3279111506
157194017
1443088001
2632222877
3284351336
1568859877
2860832922
443510145
421404700
2573030607
4128928960
1650547067
1442503118
827451527
2508703019
874683885
2431955009
3359368900
1827523432
3152591994
3837128154
781729705
1908764169
3152591997
3837128157
3837128157
3152591997
1963802835
2773089848
4125975946
620339539
3132671567
3967128218
767824192
1014307481
1758019209
902598812
2418578621
3675955418
3367392343
2699148467
2811288871
959986101
3066806604
312459427
3109555880
373103667
3230774997
2643728576
3098812860
532396912
763800368
