289296525
2799474379
4291566677
1911742257
598893923
2621025892
948738995
3999064060
1078774706
678220779
50914085
1439021040
2079332240
3312726635
1096564107
4025806040
3292654771
4285499019
1780810997
1606200359
3995252975
1060535350
1941578670
1290922172
958649029
389131357
1698815752
1217881242
2156992243
940099663
670086349
2311333988
3962119341
1459565758
2875061529
260823221
3243023837
3639399760
1175551876
3396287052
1981165576
2179911945
723568225
658079883
3130778148
1751636336
950643227
4026697696
2910550677
3112185837
1628574492
3801667358
3715305814
3144851197
3995212377
2178150376
1002033164
4291790286
1270761762
2518168607
756247644
2725254795
937289176
