289296525
2799474379
4291566677
1911742257
598893923
2621025892
476263497
2683052720
178692302
1652996247
731177035
280660595
3231613568
3471834764
1397595171
92326134
2485799606
2042966536
375548590
1569297445
3866946169
1924695282
739151429
2519015248
1258468012
2364140705
29744314
984861255
2954490180
1958849634
2395676367
3520334305
3639183611
2241811440
4243835776
3211197389
7755399
2247421525
557964162
681693129
11127596
2594351526
3368444462
403156382
1498383070
2214777776
3684491516
355117627
3627821580
2495433902
3637611436
4020826958
796810630
3405511032
3384885163
3194864464
485685543
1464657384
927652063
2707521289
827476196
2635251124
3566280874
1639455400
115340420
2117851785
1243623757
3834175518
1290825617
1472676392
1528193075
1899327516
951512322
743291002
3901326049
4277639214
3404493802
3302145428
1785084768
452994593
3872547216
3113168944
3132487395
3030999284
1232807749
371619557
3303440056
2808918509
2940288276
2250040290
246215881
4083475139
1050948708
2578165416
2549414050
