289296525
2799474379
4291566677
1911742257
598893923
2621025892
1149535722
1328402432
3778921550
3085996187
643437275
2782200866
947349133
2531243998
1313704751
94795172
148366247
2799927054
3376687016
2707701745
2837281703
1584719220
1321886429
2316451835
1880657238
493049602
531277450
3573034683
531376820
3429000163
670221151
1465523468
2620394400
143940564
2330776936
46861107
3218676119
4096294815
3813090088
2830517536
2383315062
3321882238
2221285254
3482810766
2383315062
3321882238
3813090088
2830517536
1682304408
2559682324
2213987184
974284749
4135375611
1112893631
4282874395
777240258
2343630068
3054593155
1978153403
2897893803
2652387987
4185577535
1994588446
2234658431
3520838470
1650072141
1027426885
1332162374
3317926076
