289296525
2799474379
4291566677
1911742257
598893923
2621025892
841595434
3841588837
1078774706
678220779
50914085
1439021040
2121316251
3503843016
1167254710
3465505183
2131852631
2919610766
3220183907
562702341
3156757162
1067932755
2920144403
2502145067
2878096991
3067080378
742753261
1875948448
1981642777
2234985923
99408234
3608207934
3209322729
1714796733
2214193142
2316956605
3582443761
3464541696
2407594085
3131011646
1645039311
1244414990
111156118
3618955087
4290567082
2110714125
2774322684
2151585595
1487711178
2110714125
2774322684
3057523107
1856775506
2769869487
2973219451
2667184077
3226465658
4132404194
2321376493
1100665156
3316833956
1775585727
3129647841
3847797795
880057516
2009025694
688473641
2860429883
189305382
1473270652
3560014121
2101469304
1239925784
2683142622
3915904543
1291622990
767438093
3724977882
3868350310
2205048162
4162772146
3833848827
3221882739
2374777947
3586613706
2474808866
1134518758
3338472002
2465470865
1676697534
66478729
2713382277
4279035698
1690818316
2025342878
2660499827
245839518
2901129618
76756509
714296782
666827956
883100578
2698520089
191765575
1703523081
4019237243
3076515838
948014345
1714915262
3069618435
