289296525
2799474379
4291566677
1911742257
598893923
2621025892
841595434
3841588837
1078774706
678220779
3116781995
977880914
2346144666
3709470543
1423072274
4202335553
1671688616
2647149925
2649046605
2635644747
883830675
3680999562
4255576365
1393434750
1377626422
3563472193
1892905110
2033411293
3967411875
2610884507
3532437319
3187697567
3517398841
1475037034
3225918999
276139991
3416521937
2152202842
159406343
1457326247
2899819018
1589922836
399905992
2493636826
3331366938
881022468
478892769
2139996327
1468384322
4292517412
1230909882
1726054962
3020633691
2119279508
1519991920
4073088534
3293196247
2806824337
1050001784
3431348070
2162880612
301962300
3275725921
3102181532
172571770
769691538
4280321999
2155068477
630257163
3479013038
2185818864
1830869841
865522150
1825275974
3611229722
4181624265
2936834003
1985931203
2621645908
1158759492
622295411
1485086888
3600081229
226816986
1868679633
2114141925
1320676930
