289296525
2799474379
4291566677
1911742257
598893923
2621025892
841595434
3841588837
1078774706
678220779
50914085
1439021040
2079332240
4169073001
2376940304
4056588536
1854398376
3063505964
283863338
3903489352
3463179503
2051633666
2151923887
787157500
848593262
1085242267
3588618725
3073200754
714027229
1260167088
723165831
2000537648
2204918331
2097667830
174549978
1123172700
2422615966
146945428
3306646838
132685257
1330947158
559612730
3744759436
499879539
3858156706
3560788376
1875390404
1713912719
968231107
2527237094
1822957899
3988197033
1956558855
734259623
1694603227
3092039349
974424205
1160838428
3345527588
2811731538
634376298
1160838428
3345527588
2811731538
3914719278
244966062
2361502870
200442720
2309672280
244966062
1079745746
2811731538
