289296525
2799474379
4291566677
1911742257
598893923
2621025892
841595434
3841588837
1078774706
678220779
50914085
1439021040
2079332240
4169073001
2376940304
4056588536
197136981
3554585041
1648409881
186331729
548287034
1799736497
874683580
2592755183
2238853485
3597731776
135248819
3909401918
2308121051
3044763171
4172600501
3264512637
1597432018
1576585687
2654494066
354799707
3954613622
795787344
3821820373
2661328562
4043832852
3136028831
3235802330
277576314
398208102
3332958399
2288686787
4110838180
3826652228
2810389513
412322115
2132257773
1314116794
1397900842
2405074691
567000867
2793629814
664497840
1244404120
3597081961
3438252936
3625240304
1818561052
1072002262
2147257962
2741922458
1702930324
74806188
24824294
1743523531
4067647112
593992273
2681262130
1332914702
28365938
2795545618
3003612086
953716688
1306500349
1637718192
3880257015
1932784762
3088278897
3185890338
1185301232
1641371081
4030605623
3020725091
1096364162
1695259423
2903370102
1781248580
3856157373
3108015079
2055216962
1853573690
4033371058
1944538443
4157555371
161807974
2980164538
520708841
893187211
2793002724
1455029252
1410958687
3227691236
2671769924
2645542278
679935876
733755735
3103333176
4125912934
3012823179
1129587307
1106533168
3756477112
2159680280
3599243522
3052575499
1609521308
605695205
2687640325
4037068806
1730070744
4099664567
227098791
1791402901
3857202371
2067847249
3163515663
573018013
2986987057
4131093605
156877732
1846943894
3484645456
1104819818
846078940
2439590882
2847707524
1779925529
3417496287
2842614672
1807614661
2101634118
212196954
3473853895
1485008074
3504448452
1087365736
1412740880
139152431
2147092338
3951110857
2530317997
117430017
1535383575
3423189274
1615416394
4156878151
1673469130
1069606901
1418486742
199963611
925461431
133894072
2823172370
4146159903
1986996072
80391581
4146759771
2240742062
3671216910
1258033826
2595793993
3962755976
10810386
4264307236
1552474946
3384959292
1217144651
3053779325
346042395
3052058644
1175100882
3563001145
1591567090
2689973444
360482502
3023441609
