289296525
2799474379
4291566677
1911742257
598893923
2621025892
841595434
3841588837
1078774706
678220779
50914085
1439021040
2079332240
4169073001
2376940304
4056588536
197136981
3554585041
1648409881
3437784138
3197640479
4141527874
2982292505
1824210364
312759368
324032796
2415492691
2399469397
3496193881
2190775456
2885011441
121501883
3167258343
194192930
2908880058
2379712056
808032392
1371158501
4157094627
1910711004
3261083880
1354739978
3307266377
4176214926
255411697
2807742034
1633655244
3978419204
1587727920
3083857419
2266991431
1443581854
1174637784
3314326049
1171052264
3606112179
754603294
939589734
3156807558
226193243
3364076288
3969977793
1022001964
1006816844
402375896
3014640951
1646760588
1994180596
1606259877
3694297692
3542984500
4144959989
2013175419
3653851233
2002521883
1577177581
1558360893
1032229940
3074337998
163845357
803676783
4086766266
2320451457
352747874
2680076696
16220027
2320451457
694147183
4093235374
478086276
3215199694
3840350957
1044451884
1897607078
4182779453
1122289369
3843224807
2546701315
616742110
1144885672
4220441061
240141871
1137322167
479688983
1536157260
80918508
1228764506
4253029823
3130559204
1226834227
1529122131
2828797572
1818266050
2380805407
2092807872
601941856
1694005307
1000679835
2092807872
1418707299
2533244677
3382931109
2166314810
3728869018
2533244677
3580563272
1075940662
257184735
3996087773
1628008709
1764726752
875182581
602190911
2092557727
2313965182
42741281
3550482094
3168883982
500012685
2563828630
1837449335
3644334226
2549767918
3411178445
3101581088
2563198354
213671977
2229186343
2127830410
1366011394
235732494
2185372855
1399718968
241936941
2581990176
3870634194
3340314911
131693354
3264342715
2457690817
99664844
709849156
1113318674
1989244538
3776763767
2327650801
1157311295
3555837064
2007360141
2875077838
1872935816
3903955021
501683305
1119503817
4094304106
1955804790
4215373094
834870433
636255349
4277956322
817521708
1953121068
3123464674
4189682095
1529234392
1956245584
481088282
4217426330
23749431
239017853
2578628208
2990995902
3778739286
159365868
2709176019
3727263009
501426885
883732266
1008454685
1665572285
2571906832
4009583693
3249075896
2966350841
4000139053
2827036442
1023019681
1135161683
3224647504
2262325095
4006396465
1591412640
1905169749
3542768691
