289296525
2799474379
4291566677
1911742257
598893923
2621025892
841595434
3841588837
1078774706
678220779
50914085
1439021040
2079332240
4169073001
2376940304
587590211
3641661678
2775106310
729318115
2690977738
3081431543
4232124284
3143206951
608528368
2970609038
3002423939
565596537
1223548465
3578772638
3920100198
37337861
941223373
3157385773
925658884
2729656135
229090402
2618107426
1490385668
3007699896
1294886773
3714945620
1501701569
3384922336
1294886773
3948702323
583681512
2696072020
2019886212
3420853936
2842032905
2672861637
3510132849
2426509705
2376076057
4181352033
2397181647
69851889
2864243409
3377407085
1942626214
3749837878
1694812157
964377794
3074817958
3358822255
1703669019
2551031842
3298126200
2953788416
4217975438
2270572995
1876439248
