289296525
2799474379
4291566677
1911742257
598893923
2621025892
841595434
3841588837
1078774706
678220779
50914085
1439021040
2079332240
4169073001
2376940304
4056588536
1854398376
756215781
2338382563
1931546241
1440769830
3741182479
1523967471
1104319262
3045275925
455862342
122976468
1485202966
3671992366
2624738369
888359244
2204537422
664679260
3095583883
756911304
483791346
2373751730
928449191
2953934458
3435705893
2378758208
971663021
3864414893
1069350013
2850138272
2029350009
2789134386
3479527290
2578911921
4042038777
2789134386
3479527290
2578911921
2573164497
1829696986
72710802
1384593241
1004320785
1829696986
1690151223
2820802480
4056565137
1729414145
3543554796
1767826710
3022517427
1028536022
187828331
3664950759
3960376154
901629196
1052187735
3747719932
3154147119
3550949257
3534574211
1937160585
323427518
1933648265
4171159023
2863633711
4126327951
3594717084
3956261565
1311541387
