289296525
2799474379
4291566677
1911742257
598893923
2621025892
841595434
3841588837
1078774706
678220779
50914085
1439021040
2079332240
4169073001
3211238962
31701961
2244719657
1091823887
3881952265
2296179747
960690411
3265109875
3533003829
3177490820
2124692769
3218213982
3365252467
583498887
4104400641
1483477067
1307456649
3813074394
2128906101
2951758764
3277708444
2554558271
218756417
157008041
552993263
3363307772
903528795
2920411493
2516884128
1752114797
873520466
1537289924
3265599765
2272159628
3389411465
579359130
2130160293
3304424019
3477337919
2700215465
801286011
1817679670
3544660604
177263878
2313095641
3489142823
1394110147
3910813237
2513282416
551853938
3474158387
3812941786
1347286791
3059855850
