289296525
2799474379
4291566677
1911742257
598893923
2621025892
841595434
3841588837
1078774706
678220779
50914085
1439021040
2079332240
4169073001
2376940304
587590211
3641661678
3793826518
3381932733
1116323732
1430673833
514696994
1103820585
2697064868
110101329
73280084
463886038
900999246
3955921981
3565248303
3232645115
3272454929
2395079047
3034732367
2817297517
2203912147
3677070448
4206040278
2632714071
790366773
148052944
1262889885
1442661164
108871142
1701223527
976997831
1687013232
1003525840
1701223527
976997831
1687013232
1003525840
805303812
548047438
2518339821
823042966
1973534813
721195517
4067339532
3134482757
3334895178
1945062472
747117635
601710601
1009047339
371566388
187890919
3681960460
1568318510
1743597739
3510672274
1745719894
1621642390
2577513331
3980127755
4236961234
3607204528
4244693679
1797944044
443088014
2285728869
1899266944
4106038652
1577303912
868884727
657552783
976326597
2400761287
1226674777
1677336483
2959762465
594774123
1427700095
2294187074
3609186959
3253056524
1609999748
1025316332
2735604836
1217879039
2157363045
3925316423
2074221484
4093895024
2696798464
3683718539
1237622112
258531599
3031128890
211298165
2976266693
1916059883
3255333351
211226523
2976452907
86591322
3815677663
2996671259
2008406078
2868414800
3058068514
3747634204
3286153582
636370122
3592151227
1157762289
4088375240
2312625518
1142361033
1242275294
2430455568
2319547986
1495176460
4087351064
1726645606
3604166414
3434484067
2321183060
3843036033
1564686360
3850315583
4107152614
588962883
98581139
2616404763
3660531999
605462128
4095978098
1879811474
2353056290
733529869
3540802593
758483790
2707290822
1988692579
3015979179
563198016
3319338278
1351849816
1778625315
4282984797
4009239172
549333066
823075731
4282984797
3706798274
1237041852
2981086142
1719350043
691566722
3883823692
1622767410
4036441758
651085729
4045027076
3533856411
1678767522
1975451259
2375001146
