289296525
2799474379
4291566677
1911742257
598893923
2621025892
841595434
3841588837
1078774706
678220779
50914085
1439021040
2079332240
4169073001
2376940304
587590211
3641661678
3793826518
1815180083
504007110
2114761969
2668081788
3625921831
3671131170
1800343786
3586864401
2326553886
2872366520
2677207512
1531620606
3403689662
3621895214
4272821145
4094551743
1443784963
4054029343
1812068016
3172282985
3799147110
4285788406
966606328
856724512
2689834970
1313439859
3674407437
2290318535
3373958463
3558545327
1345525839
1404258356
3022224815
1073514953
454666088
573773275
878943979
2599593675
232689327
3847699783
863703869
4060141383
496277946
2267599300
964688870
3102408219
2998610780
