289296525
2799474379
4291566677
1911742257
598893923
2621025892
841595434
3841588837
1078774706
678220779
50914085
1439021040
2079332240
4169073001
2376940304
4056588536
197136981
3554585041
1974248663
2381138101
2871795986
92598337
2429448767
619506898
3108933245
3930962128
4253179629
3060375654
1110968941
113370721
3174340669
175061240
592771895
220318799
3871312940
3701463780
3086242234
1881083831
2714133519
2257395158
1579098407
3763137779
954126338
2257395158
3360646058
1730834737
2868849043
3916044766
1450882196
1915232009
4214815972
397333374
1595075297
4100294794
2198158758
3801518795
522947141
1306309052
3084256017
3844159720
4100297918
168700019
3257888386
1619765220
1915974604
2385563575
169394263
1345770812
984665296
3595717985
1125699359
2346882797
3565536998
3896614449
1546670813
556893752
2504018644
1179748991
704041689
4209447538
1318510238
4291114542
3483854441
936387116
2996628661
2163317031
1418899074
4130760676
2519751379
