289296525
2799474379
4291566677
1911742257
598893923
2621025892
841595434
3841588837
1078774706
678220779
50914085
1439021040
2079332240
3312726635
1513704763
3652606914
1350434975
1800432295
4057597936
3704219045
145078636
217549956
3459814872
1650393795
3572673018
2669238129
3031193370
3511704862
727379891
1758453758
1176286310
663689995
2434969650
187290296
2657308870
3363342885
3776567668
3908685119
3077045875
2713250565
3269951606
2965235061
553521236
2743723078
2377925670
2103056437
1162834928
618454173
3390233202
3792296126
1186305076
1162447359
3208854354
543151237
3786898845
1228886558
2347780930
626563601
2708510193
1705560279
1268607159
426398542
2037149305
577947098
1422672081
2116799787
215788858
604444442
4282381088
1915587145
1866125722
3658738584
469451392
3274476880
3250741665
1797492148
2914220209
2005215411
2614391135
1314621522
570216692
295155554
3304251210
2262935432
1841368962
3137781201
4289322522
1249960984
2594104271
2784784168
123950431
3426218601
1543816580
160699831
3333516869
2751328127
879775346
3372470236
2545272171
1229324500
583718578
2209261873
1555349048
4258316731
583718578
2209261873
1555349048
4258316731
583718578
2209261873
1555349048
3248761403
2865733989
3086294726
704043341
3930039121
2138382639
754278373
1827448153
2155473254
2581036170
1121009196
4225735753
