289296525
2799474379
4291566677
1911742257
598893923
2621025892
841595434
3841588837
1078774706
678220779
50914085
1439021040
2079332240
3579365059
2693463226
587590211
3641661678
2775106310
729318115
4083562855
3028198972
1602515280
3459183376
550253817
557028858
1792568177
901725049
1282934217
3520751462
800185259
1057971202
2443677009
4115875434
1107879599
2404124446
1850147219
2911343926
787505444
1096235394
4272160676
3935084400
1065564290
4243746656
704497810
2350809764
475395850
3775488217
242873670
2422924494
2460274123
4110147146
3166269975
2349703856
1561945705
2207841468
3112417849
1964774590
3519691026
1074520472
1499017893
2956512613
895133377
3966309116
3960206541
2439449514
847713752
1812547230
3869961454
1043910687
2385450382
2466068156
3449841436
2043784176
1137372533
757940795
1011981252
3495240326
834785399
4147060089
3089488
