289296525
2799474379
4291566677
1911742257
598893923
2621025892
841595434
3841588837
1078774706
678220779
50914085
1439021040
2079332240
3579365059
2453690776
3995583088
338522333
2670788084
2298420169
191892784
2237680853
3465261662
3143206951
608528368
1002249074
944219263
2681842021
2520366382
3383201378
1723012423
4093220665
2594314353
117471966
67233299
3423048826
148883804
4253704893
1520308678
983051505
3783723960
2882126839
707906811
2419922579
2523474730
1415223231
159262659
3825865816
952029964
1593877301
1107374501
3937601674
349746247
1264035462
2886884500
3685883903
2371828326
3807929024
1281972960
3531230056
989088379
4214146896
1963983924
1984810277
629699292
2940452578
1595316434
2444786511
381676297
4069005248
3275983610
864040534
3183408434
1300056478
3471990631
2361389823
2554636167
2385962199
3976089408
1495172170
1459753565
2433205618
2247921674
1359055934
4132174940
2229704408
124354593
4087353092
2142519554
654220033
2042969235
4291418801
2423575195
774109369
71097953
4238449814
1744320819
