289296525
2799474379
4291566677
1911742257
598893923
710045992
4075772582
1956848373
3842613429
1518496690
4103241724
4282067478
2137108539
4243498690
3931833116
3163969481
1184687460
2042437013
655038242
423555727
2033766328
1648343369
1029237056
108430200
8551978
464469060
2249023211
4258613782
2456949424
1813622397
865516732
4205212118
1377680291
1814584846
1829079853
1052783828
1574725632
2687373795
3274853687
1052783828
1574725632
2687373795
3274853687
2158460282
2016714053
2571082696
800797782
1298609433
3900997423
4269676972
3012680474
4204365544
2448559542
1125005026
105768221
3854095331
3116837084
3808751578
1924823549
4154918118
4232479457
2474690167
1710605453
2800282020
2045968045
3824786471
3348355166
2213449117
2885797092
4173001126
148035827
3997750470
87191792
1818886072
690629703
3814246884
1810423503
2690392370
3780573178
1715760251
1300798925
178949773
2975854801
2245664628
395286431
2443842463
4054593192
3649905769
3489621817
219634398
1494696034
3514142572
2758974529
3440619619
2076056410
