289296525
2799474379
4291566677
1911742257
598893923
710045992
4075772582
1956848373
3842613429
1518496690
4103241724
4282067478
87136443
2260635202
924883594
1795682365
2215045535
3961975238
2995846001
2310967625
2404019227
3262305153
2725572278
4105812579
2273937239
3116131066
2450088593
981942106
497868628
2976178206
607019616
2007899306
3926687237
185038984
1170540276
3084316906
2068405869
3020813587
2468746525
1549975139
2068405869
2245197394
3126250551
250326226
2670359640
3214675674
2149072063
1939912552
2596358312
2887122066
1722623113
3531906765
739759072
1107558967
2743018549
255840613
2403464531
227135875
2682018152
1410165513
4136784254
3803891605
2202895623
2651025855
207026516
4250058619
3939340242
1050435598
3882193276
985918529
1214670516
3820161466
4137235904
2464555768
3336976452
1228427955
1706502433
4092494606
2237985999
1185779411
