289296525
2799474379
4291566677
1911742257
598893923
710045992
4075772582
1956848373
3842613429
1518496690
4103241724
4282067478
2137108539
4243498690
3931833116
3163969481
1184687460
2042437013
655038242
423555727
2224853024
3216177688
3108374346
2724939044
4245427502
2262041043
927601947
527114202
3556028765
3371419564
1496456998
976060186
2625408495
1950042159
3258776228
50112657
83109116
4204763185
2448692079
93315810
1421770484
1787534169
1998092948
2593985725
2425472473
1905967956
3674147595
3627098638
2032001421
4214646593
113661527
1124378532
3709318700
1530016300
328076211
937205806
3019157454
1600290900
400472523
1017458603
2643061800
726918226
1274489299
2613393427
1592619830
1548552813
2863830121
2128837557
3820455714
937847038
1347512563
37527276
2746486041
2950791121
3488039654
3087964240
233454877
29315029
2186071629
1013551906
679685495
2123954068
1694355961
2170390048
2594500856
3926109226
2300457950
1636840141
402342873
1734090507
429043935
3070462207
1730187417
4218131560
1084156468
809088742
220832832
1530035875
4140978835
3334026501
2610591273
1423891799
1945451865
3165754919
3481381651
4293577861
1893363543
2681510363
4291994860
371049466
594742604
1974546052
4261764074
1351902154
2493759104
2083372947
674080047
3644630969
135300918
3379827963
2162161397
561688115
4205632821
196992931
1308942512
2013726835
2860408761
1847807809
731541586
2451718253
1477415449
3786908198
3919765633
771747961
1073445913
819248690
849650176
487037840
3544289630
1355712423
956015853
1738995021
2465218921
668564331
3013760720
1119048774
1687184068
1003303780
2121534583
2405764833
2839951459
4128991683
2121782209
1787594425
4104099633
4204878159
3152639503
3774340524
452816641
374448397
2178678784
1553027438
1996115056
698818000
3497375680
910504548
3374812581
2524634117
2429209044
1083078463
97363136
857905109
857905109
2572485924
2682589429
2836014048
2836014048
2472829313
3983942871
1339223473
2111899055
210180334
176702671
