289296525
2799474379
4291566677
1911742257
598893923
710045992
2218943846
34479413
3669178043
2995990242
590982306
2696329819
4261458156
10162387
1620913636
2950268570
846980149
2381328178
1432490947
1528000463
654405824
1001157704
4107040594
1213077258
3160175488
1036613245
2800163741
3849464784
1516406426
1415334116
4140003987
2612570311
1552824066
2091249843
2314421399
384805696
2462557344
4252675210
3193451801
382737050
3301778589
3219247126
678195483
1848215283
3502631226
3506765203
2518442696
3566545006
1966108840
123911294
2504523128
956762152
2077896888
648150958
4005723618
737909834
1841381383
942949178
3419595471
2067486665
1405666300
2620831455
3056939867
4142744224
1438040294
2217604141
1849882002
1036159832
2824188420
1978912569
1910034828
2168360351
