1801864003
1885418930
1775214686
894918916
2447529171
3531039902
1138616030
2434915722
78903881
1333906990
3784432224
4117401368
2278491629
3868629
2153881080
3235262832
2679202173
3458886709
1324456092
1977610916
2655998488
2383461845
171487797
2760926054
1131024903
2501606188
2021598914
217877577
306701560
463990963
1144636415
1390859913
2094233321
759724961
4018627325
2856686350
1975504422
540942720
2845438309
1001445587
746536686
137205107
2190847369
540108015
1026662053
1797932102
3992742233
2473690458
2161996247
511022405
178782300
2483086542
1358719880
872085966
656895191
3113191493
2907839836
872085966
656895191
3113191493
208834109
2672771722
2894549550
956081059
637295081
2881657485
902925061
4290336650
1926914386
3269251675
2910554877
2452725120
96222349
3301576178
2286309994
2470519963
916614829
2995132427
4262086547
3842847074
2843832058
2995132427
4262086547
3842847074
4230541279
447931370
129112480
316622674
2582087520
3703832475
2548409864
270705526
2821189290
915343928
575840033
3170532275
2821189290
915343928
575840033
3170532275
976217844
1958054613
3574649363
1105213352
4290407546
2073959132
