289296525
2799474379
4291566677
1911742257
598893923
710045992
2218943846
34479413
3669178043
2995990242
590982306
2696329819
4261458156
10162387
2160167678
600218304
3062634686
2508432670
1641156373
2723019077
3045203832
820016348
2252463441
2016043420
3850896179
3257084405
2659668028
493433667
1724206735
296791947
3548582686
2391194891
3225731959
2715249690
3682834389
1591868529
3670668177
1805357900
2591599827
1692601580
1139704027
850136761
1354505133
517265945
2304342804
1300309554
3452075231
2459905407
2575285921
1228603466
2738758498
