1801864003
1885418930
1775214686
894918916
2447529171
3531039902
1138616030
2434915722
78903881
1333906990
3784432224
4117401368
1900183800
2401844277
1133673607
3295051455
1144841362
1306325209
1794576599
1911580198
3756028520
1900585787
2233010480
3540177875
2316458317
208244793
1177663514
903372196
1518273794
2452217682
1566969826
1951547552
3661780206
3602664581
1240544213
4262720915
1220435626
4293262959
604408752
717658964
2733591825
98621405
2739087099
4160230329
2829009843
2525504769
1204328589
1829940321
3851433228
3935303903
1277954553
3226618929
2339640738
2034600845
172820312
2682228205
3154369441
1423701766
3492492058
2731278678
2993850111
2810887634
871469161
729155622
3814149847
1298172109
