289296525
2799474379
4291566677
1911742257
598893923
710045992
2218943846
34479413
3669178043
1698233788
2670874385
2493192955
348225750
2538509871
2180723697
3610666788
1722315756
624772001
3392952835
2518364340
4252023786
2505089971
83501555
4200694220
1887134020
1263864700
3716909804
1755492590
4259852944
3874440289
2263447894
1770082551
2182213707
1883215440
578759682
3912082483
2092925936
1560781360
151500940
4154202291
2102908045
688610452
3447064027
1998061613
2788434082
3890252394
2616366437
3741776644
599143544
2988226104
3585288168
2559285362
1637959118
809126022
1980360993
3273708323
1173814844
3757939894
782770025
2025047434
913423350
1105036019
319069441
2916171855
3664656437
1674971146
2559876824
641811350
3708015940
3427268091
1381295219
624185695
2702991039
3839799116
2548994680
2467021217
313645332
3289031477
2147474793
3326602582
1959394402
321619250
3899200480
1284068523
3062097414
3922320305
1531431557
3211668064
3308966319
1860423697
4269473213
1567175740
2042459780
3348638699
2522303055
2513581632
2144335319
3577712161
1953826350
3188188045
279592424
3146124965
3581257511
3308327558
1805438179
69321929
3567149050
3139655632
1093264765
364545903
2163213585
1959145152
3720537287
703909654
2163213585
1959145152
3720537287
3802163232
3183949865
2719768782
2322092126
4282815062
879100765
268526063
291716628
1731641240
1314385097
1053716298
2355157932
3068219710
72345048
1053716298
2895898529
431152547
2870765893
2443043799
590567217
431152547
3219337046
3005036349
3034189412
2686540572
3535396156
1652584276
4071839929
3644338139
2254405586
1404722615
3253720412
1050990358
2884523368
1713706737
32007951
736696080
3047714828
999702076
952891181
2008334659
2813000004
