289296525
2799474379
4291566677
1911742257
598893923
710045992
2218943846
34479413
3669178043
1698233788
2670874385
2493192955
348225750
2538509871
2180723697
3610666788
1184687460
2042437013
1269205010
596021323
3066827317
2380429325
2333508959
3324918469
1535924330
1082863259
736142789
3136668061
307104744
2054034353
2734436160
2934270378
961130711
2061271194
633065619
4148685767
3035554724
3825363934
445298152
3311092759
3016831958
2673704928
2333155758
162179970
4227143833
3260538765
648142323
2451356950
1647514175
3005732582
3039779467
4274299904
2865020604
2391563877
4060789908
157528422
1527216878
3775222296
751740115
1730510620
3051714369
3720211814
715922317
2500494844
86295632
3920817098
3944300557
541837372
3193493940
33441733
2245412901
918034744
3455750122
384474493
3505371875
1577828454
