289296525
2799474379
4291566677
1911742257
598893923
710045992
4075772582
1956848373
3669178043
1698233788
3567708532
3742350494
1319452382
310531177
3901286084
2158558877
3726570538
3845168658
3821298496
2935807194
1107150200
2143822037
533601762
3074441257
339473392
1123460901
3746874762
1912345817
2842568744
3395861102
1244799043
3384620730
1038916785
1177847884
3764746937
1286326253
2486827804
3755083159
2159367581
1197345680
4163512280
3277599013
2441424599
1589740969
3856426070
1200679770
674739196
610451764
2172750594
1561554930
2239845123
3970009269
4176336635
3046395637
2722364773
3915044928
3983567265
2219880983
2170017493
3900116323
2301999648
3399518829
1974478631
455229664
1808334017
2137107268
4230900952
2825029875
2261803173
2025577576
