289296525
2799474379
4291566677
1911742257
598893923
710045992
2218943846
34479413
3669178043
1698233788
3567708532
3742350494
806266172
1814679435
1860189699
2279463390
1284419747
487964139
4071785180
2759841289
903173193
3059368624
2906466004
1773130455
3985104183
2920476026
4051025265
3130934266
3687133048
1104039410
566784197
2010360358
1711713561
3995169602
2992539773
1993112702
3677114446
1747313709
2724878797
3605656390
1263243753
2578950845
3659440862
2340794262
4245674071
253505097
3035189269
2223126403
2505519292
2772195114
791066530
525193268
2505519292
2772195114
791066530
