289296525
2799474379
4291566677
1911742257
598893923
710045992
2218943846
34479413
3669178043
1698233788
3567708532
3742350494
806266172
1814679435
4253240779
2510509458
1873405759
1418169607
880914480
2688933563
4277392396
1155024153
2439433112
1878879143
3431389310
2588642475
2986249408
525753747
2115300048
487749782
978723056
553701610
3164779077
3710983464
1065771637
1997752563
3797535373
2422354040
1222581238
1405299460
661063713
4269013844
2295168607
1766179458
938723381
3028082380
1173669850
3330487240
1928507295
1032286582
1226646542
3618414387
255763394
3122108864
1640098502
4285551099
2714131276
1827642492
1757709001
2383328677
3390598394
3950989002
3859732681
1702440155
3606724335
3540950164
3684616763
176819938
2631359039
4187316665
574821055
4000195661
2798788050
2989050026
2717758091
469736061
3203423570
1254520451
1631550487
1010487810
1402833572
269007593
3052138719
1729612683
741446168
4041321529
3007882330
3176411725
3325390365
3702120287
787011075
1202871620
4005772121
3379040671
3695324645
3594655378
1153222551
2428068554
947112400
