289296525
2799474379
4291566677
1911742257
598893923
710045992
4075772582
1956848373
3669178043
1698233788
4103241724
4282067478
2137108539
4243498690
3931833116
3163969481
218645249
1318941516
2711382766
4256890969
2530249479
4277179230
1807356192
3132020217
3487190258
4109641418
2498894845
1785314242
3765656394
1958163905
1988019273
3428144476
434887645
4040571904
1888968605
1560779311
1033101598
2571488434
977174379
228982750
2416418161
1123788325
22195782
3457549624
1205755493
1387179873
1961933667
343308638
94600801
3347114566
350203932
1983295354
693239664
2311363176
842130484
1643404237
1447971512
4225368136
2491242734
1779885091
