289296525
2799474379
4291566677
1911742257
598893923
710045992
2218943846
34479413
3669178043
1698233788
4103241724
4282067478
87136443
974151754
3125475943
969272478
795887936
2042437013
1269205010
596021323
3066827317
2380429325
2333508959
3324918469
1535924330
866926643
2602011206
2148596919
3950737385
2289952175
3334446035
2757991068
3502750137
1851819814
308119422
3599096408
3106046718
3795593565
1205822315
4030571821
3891472615
3072303261
2797054975
2866993463
3787751588
4179232287
897951896
2953252938
2837630711
1386609467
2196665814
1604527288
1250498754
3110681860
3286411875
1865160503
1712449413
2959117998
3937378249
2895479628
2619429867
2132849352
676839225
885686384
1053184276
2612933821
2371419721
177410788
4168462438
2743079045
2999237843
3986287987
3211866722
3563107669
3026618466
3090414250
4035953461
1168570679
1382577405
1581057589
2277981763
2341620875
1382577405
1770074153
600832102
461978918
121100372
1483377140
2334753821
1770113836
813260517
