289296525
2799474379
4291566677
1911742257
598893923
710045992
4075772582
1956848373
3669178043
1698233788
4103241724
4282067478
87136443
974151754
3125475943
969272478
795887936
2042437013
1269205010
596021323
3066827317
2380429325
2333508959
3324918469
1535924330
866926643
1489488749
3386027829
1634297152
1836065706
3323325429
2382239102
4280156269
24493216
1859314694
3229234517
3754892548
559201595
2361401493
2198109468
4053923817
3980183712
1456060156
2611478540
1894571003
1535926212
2393464081
841382877
2160400939
4232872574
2393675629
3443107616
2075986110
2839622634
3490614090
953591789
749369213
3908528005
976711640
1122437632
181522273
196495143
1684670000
3025131059
