289296525
2799474379
4291566677
1911742257
598893923
710045992
2218943846
34479413
3669178043
1698233788
4103241724
4282067478
2137108539
4243498690
3931833116
3163969481
218645249
1318941516
2711382766
4256890969
2530249479
4277179230
1807356192
1351908120
814892591
3783688950
3045496906
40132108
1997588231
1518338741
2953746700
1450593513
2345567942
1968514809
3425126199
2561942821
3251611787
3496465439
1414519807
3311058855
1306011338
889733906
713990984
3381609067
2366072051
3340509158
1351728875
3736042895
345961307
205551072
2750318162
3538999249
259842084
2204675618
516607117
3426154457
2409627578
4030469003
1271492055
522917864
2133666527
599124869
2248231955
2225157448
