289296525
2799474379
4291566677
1911742257
598893923
710045992
2218943846
34479413
3669178043
1698233788
4103241724
4282067478
1319452382
1904526895
1306566647
786828721
1349814605
1849781472
2168485186
2133576079
261650475
2021847778
3844116557
3324980717
1009098560
462337414
809219565
2960271088
4011161336
3318694420
158194577
2449133111
2150615304
3283810629
253255872
2358736441
627834960
1895616611
72938310
4002776035
1367682729
3557267067
3589814136
3704687124
3735098918
1314907971
755010608
3155552360
579957695
4292616913
664709213
1548139680
534449924
2853125056
3639553747
2339328025
367774670
4280728427
978988695
3360282761
158695794
3371436898
889469556
3470482924
1911968874
4172536932
3477688588
684951421
3625168285
4086881023
2883795562
2154319112
2183138658
2929340657
102890116
1705246177
285728452
2024250978
858715437
4038132605
4211570193
146800070
4209004253
3513465279
1126460714
1611318408
347006893
3665002970
2268659274
372087314
2968800199
2037372632
4187904342
1008501411
617105864
2073368680
1311538883
2475295742
999802954
3946164854
4091640093
2898012349
743186566
3560662211
1146849079
2413500953
2740216203
2734239445
420237449
294355161
2677784892
601430822
2092845870
3524696701
603301346
770257909
2905786204
164790295
2888944161
3473763554
889708111
1743840694
35514751
2400082733
3496545061
786393347
2919538090
1493476483
304282896
3163171907
3180913931
2781073653
2968120463
993806284
874734244
1743183197
1540405856
654932543
2129784822
564969046
124825855
498278649
37538522
