289296525
2799474379
4291566677
1911742257
598893923
710045992
2218943846
34479413
3669178043
1698233788
4103241724
4282067478
2137108539
4243498690
3931833116
3163969481
218645249
1318941516
2711382766
4256890969
2530249479
4277179230
83501555
1070877643
1607628540
3407222903
2510295744
797672405
4197780820
1290732846
3120578907
931500022
2731478408
3116923769
3597607903
125560582
1913617933
2640795564
1299886108
3920403888
965252419
4195836691
4079653793
532462651
3080384623
679878584
2650976294
762110267
2526650215
2281400403
3390352101
2360923786
2560079454
2963653117
4077701534
2474932852
466580463
3852783394
2501668068
1242050699
361177674
1780100439
2264922435
408362449
3182712807
4131729903
2421305095
444766831
1806884421
2715419338
3767676298
2117781784
3926874832
4277407656
1822525251
3417185679
2461964049
567330316
2025868434
1553131279
2813543226
85428828
613816045
3079666343
4191299329
65013252
2110170773
2917365398
169573305
1839883548
3260520426
1670568213
3295335482
1859405358
3752062407
3457345054
2787624276
4052272933
3071075258
4219539894
2769036011
2281111558
1001830301
1936782109
2691654875
1881922096
