289296525
2799474379
4291566677
1911742257
598893923
710045992
2218943846
34479413
3669178043
1698233788
4103241724
4282067478
87136443
974151754
3125475943
969272478
795887936
2042437013
1269205010
596021323
3066827317
2380429325
2333508959
3324918469
1535924330
866926643
2602011206
2148596919
3950737385
2054034353
2734436160
2934270378
3539433125
1739130525
3036081603
1882108133
2967518998
3959297205
2292285382
1651248995
2484811377
267647173
2069355488
3398366912
1415529095
3197252130
614470164
2323508545
2323508544
4018267972
2434518394
3532586295
502177851
2365310051
1248538982
1793026196
1945810473
