289296525
2799474379
4291566677
1911742257
598893923
710045992
2218943846
34479413
3669178043
1698233788
4103241724
4282067478
87136443
1494675980
127989947
966073622
2755100601
2669221249
2582505683
2193664701
495834605
1262518584
2480061897
1031433370
1845667295
102940038
1059862802
2796576873
2546700560
1393806390
3544798747
3350332259
1392017693
807698514
2255699258
1735932855
3320250816
2067808095
457572968
2863956609
3994804554
717470828
475002285
2065875887
3320152584
518814177
1257005917
2653689461
3427327485
1619552997
3197845840
954470200
1192718658
2153165721
3999467970
3070574925
1895851731
3550785461
307114786
2445354459
3847975075
