289296525
2799474379
4291566677
1911742257
598893923
710045992
2218943846
34479413
3669178043
1698233788
4103241724
4282067478
87136443
1494675980
127989947
966073622
2282424798
3005572070
3050413748
2935807194
1107150200
2143822037
3798614650
1256464305
3237936953
3824239257
3359916786
2613328952
777103
2280503402
2520301397
4285855206
1793313978
4089950044
2096565390
3892832565
3645085282
406169373
1480908218
3045515405
3445858979
118142290
2068552729
2800607524
3393224212
276180502
1326546463
2149650433
2590405208
2230107805
381236854
2459779280
2118903917
2169208740
1890074683
1904070464
4054203369
3848105617
4292206704
1490713276
2209996182
178323289
2908287606
1067852659
2883391176
2525472361
2223188489
3168211159
456072696
725908078
885755981
577964810
