289296525
2799474379
4291566677
1911742257
598893923
710045992
4075772582
1956848373
3669178043
1698233788
4103241724
4282067478
2137108539
4243498690
115610735
1344880826
1184687460
1570476949
53319970
1085843823
534772064
1140364247
680728713
2655588595
4058925141
2580434956
1009588794
117665794
33000784
1288647370
4249953794
3536469012
2999714083
3912868288
4246126868
3271665574
1561507374
465488449
1645341307
4162488561
2650244152
1510416933
3968044475
1789266363
4002285147
348615880
1487647690
4088127328
2049493834
2892349532
3641792855
3745866990
333105769
1219931967
3676495967
3003316230
647348570
3640556951
1086254851
3681935165
2231029244
1612495620
1109340158
490896990
799039357
3950510683
3555521511
1290804272
2370711600
2421138080
2729280387
2105307772
276720039
797599670
3942052426
891749301
2695903977
2352772831
2919981022
2189890536
705994003
2273368035
1123828255
1865087373
1208031619
3963496364
1472944624
144050256
839786150
439293031
1657427529
850615536
3643014220
4043503245
1242661526
2664560574
1658742699
1071368638
3806684009
3182965449
3120103118
2433144671
4138850130
4243622356
1247617773
2057699691
3857418293
2322114255
908661076
1798094657
3395696462
548095979
699258006
2034326764
424108507
3948189637
2071647849
1719354617
2722929075
745691863
628410794
3613867956
665092888
2067546690
2189527675
1515603371
868526145
3758809366
2470108194
441908021
1031609147
3828316971
1946237575
727477031
4098260014
1350124033
3669134911
3229817364
1152062964
2060607750
3428490213
1854413059
2224413332
81814427
2599645715
1885667332
172346942
772725342
739444334
4014079808
2414162625
3501744993
3586066339
2301085433
4126156220
1804211930
2994968104
1985727246
1342577749
2210944258
934922581
667536131
159064917
1173803353
3968317252
1310948898
1816043073
1937835441
1874361985
820326177
1511902894
2910171894
2974599622
3994130534
1509317736
