289296525
2799474379
4291566677
1911742257
598893923
710045992
2218943846
34479413
3669178043
1698233788
4103241724
4282067478
87136443
974151754
3125475943
969272478
795887936
2042437013
1269205010
596021323
3066827317
2380429325
2333508959
3324918469
1535924330
866926643
2602011206
1607456608
883186750
2779854950
248836153
47036115
3663694370
2444522665
3987106726
1492655006
2543327364
1626441303
2135207430
3390758462
1911529570
1836228395
1862435609
4028525774
2417512953
3406232154
898507884
3420821665
271838119
994606535
1937856479
256162552
468743399
2081495495
1628562317
37310853
4222961511
3444139249
1681392364
570094367
3553852426
1178491667
1349439523
2189080024
3872490641
48270476
3430007177
1629282140
3246682284
2627276940
4142882141
2007046954
50673679
27876741
1389466816
520275748
3783923986
4007617880
2625302445
4061953669
1189960986
1574364181
3617939697
1721932091
4227229100
2021225301
2913287192
1632377691
2538245232
3627399710
3526978426
34439122
3464529605
1292865596
321866563
2236407910
634670998
1137154630
3395308195
4232390469
105879016
3598418240
1381207712
2002107194
3150583229
1289242076
1253268763
480579633
3380174716
2518945500
1107526853
2519774055
1084013218
3352391706
3453854078
496574357
2729711123
1105781
313896806
915872167
3169099075
4275198231
3347654144
