289296525
2799474379
4291566677
1911742257
598893923
710045992
2218943846
34479413
3669178043
1698233788
4103241724
4282067478
1319452382
310531177
3901286084
3602711401
968628939
2049518214
3975654166
4159757799
1783807816
1416059621
447030425
1921334464
2868352038
2349555437
445390741
2567113068
1862265118
21160244
3132596072
1749787708
2204998817
2782456285
2131524158
4176630018
3384159829
3938030581
2327817922
3921230980
2250138658
1696564481
3036775124
2812080724
839633672
1627979173
2772377839
480238572
2630173121
3281522785
496046192
2123858486
931519210
2471753542
1767458283
1215180458
3427148106
3875941951
421840193
4195026086
3206808350
2119316065
3110293452
2518704868
4026023903
3233485559
27340063
3212111953
2121191353
3233485559
3110293452
2518704868
2061364991
629194591
239881961
520646230
876543576
1732102389
889755570
361682444
69655918
2880905375
4186079192
2908751335
2681435142
2246238253
30076877
3635754905
337096220
2906039769
333415759
694419214
3735386088
4065892974
130603060
3948786773
2877809313
108756093
280135738
3979516812
319844594
937387371
3772596251
3530037284
1489117991
2588157781
510404789
3990135650
608422375
2703336003
3085456900
3495512225
2770433995
1739027385
2337996706
153670917
3820877143
179276448
4283002455
1692646403
1447157563
2821350390
3942079334
3118406947
1956379794
886116754
1294928228
224781412
1422018323
2307855997
745299019
3395082735
1574009058
2157165709
387849600
1465184384
2531974272
2811799468
3806032979
1170932787
2103440783
