289296525
2799474379
4291566677
1911742257
2840589503
2319468831
3623940941
3296195051
1785193893
703780328
2557264160
189853819
447042198
1472857666
159124725
826267087
2470206067
280185994
2431243943
134412043
2645492824
4119796737
3714685864
1676525139
3888492979
3706444683
2957395131
3753357578
3181501718
2038005808
3682209676
2657517558
3238080507
3310557715
2785833312
2724086920
871679688
2374853173
1479797940
3490229022
1958584009
840032934
806108822
2378059123
3758028577
706765035
2138104911
578112090
885112466
1876890929
464564617
1264335347
256830507
52141795
2935730213
2213040752
429836405
3151120249
3564445663
2305864138
3916860669
1634376985
383116643
3809178281
2817952778
580183982
2272767384
1959732815
928159211
734828708
3859246703
4204356384
1697941184
500213965
4169734879
2557699255
2964165665
92581411
2193808126
476724844
734527402
3043957560
626797781
839570862
94835816
2601513210
2264597303
250024659
719838615
603913332
1445264106
4189390619
1814503640
1134072656
1143838620
156804375
2211493030
3192441133
700803104
2253690321
974463562
726729461
2426698921
3854726713
3514920364
3882770105
1893990324
1082693666
1101352193
1483637471
3555290367
2035810027
4007288806
4196469406
2586261417
2213345399
341924218
2507759548
88762449
3261870947
1440846446
1723450634
970888455
3942411903
2468623172
2210154986
239730256
2639270426
540378407
3006032237
1517068305
1489819978
1794230538
2694387077
1472863901
2064823378
1065678816
1718530374
3060857173
807275570
2267731271
3710661669
