289296525
2799474379
4291566677
1911742257
2840589503
381960120
2526979477
353481580
1196493118
795939175
3676355436
3578906464
2067911470
2528029584
2280261574
4124179763
1685815155
1599411531
3294529
591263969
3135538184
1411785520
2851595899
2685923888
1035309215
1376550499
3186489160
2121400600
569127508
2671723856
2297471853
3314105187
3492734151
4265384543
3747853757
1559012164
519296350
504255576
3417365209
258508799
174538165
2507919970
1320001892
64239978
3790796661
2136609767
2624430874
919810318
3002810094
3193434338
2514677897
391740069
2813513662
3007945414
3686187759
1219440293
3497577984
2892899779
478515416
2989310347
379090012
2499270181
3133306437
500034697
2788725461
2286790061
3839900317
1404803672
127654190
4011186237
752176280
2733346812
712685009
2836437466
1422057067
3673955599
375632776
2976655684
280478286
3034825633
161493366
2954363209
3804307131
1171162231
2736334721
978140407
3785052145
1420981747
991243605
2780678599
1794251127
3774719317
2003829848
1082199415
2850091703
1395664472
2575892035
957199597
1809099551
2805828700
816852305
2021026257
2824702820
2315246812
2773963509
