289296525
2799474379
4291566677
1911742257
2840589503
381960120
1149535722
1328402432
3778921550
1655886519
4078457079
2782200866
947349133
2089716353
2753345136
147983140
884364028
1553353381
1998801614
1538197240
2276559930
3428479665
2891730822
1048825444
2920997832
273231388
4005687338
3190650960
541491032
3183375358
2573873478
1728155019
4229574778
2747805368
1868005439
3939842285
3042585132
1746369346
930097994
1929121577
2803905503
4176620829
1231829461
3685988407
3843836483
3808681155
2049425189
3566169718
2550346222
3371153812
1567680983
3241680120
4129221277
851883963
2301872615
468469765
2194156515
1561975324
955569877
3923776012
3218214934
97532128
2893104697
3089267087
2885048969
938272294
3016026566
53384841
3203536960
948556084
125681440
1478553216
2823342037
2766408153
564709184
2491546946
1872779639
608937980
1841838818
909061509
1924754999
3052617518
578723363
1771397288
2083314214
2197322802
3966690753
4170559673
1720099121
3166489250
724659119
214604631
2463730399
3175256265
2835032647
1925267924
2752321890
4294490497
9226570
1607571690
232839210
2867806950
284860096
3086287884
2722938498
2021053713
743872103
3493300548
2537366007
4049543620
1263205858
3963971374
3664065347
2763988891
