289296525
2799474379
4291566677
1911742257
2840589503
381960120
1149535722
1328402432
3778921550
1655886519
4078457079
2782200866
630169103
2334609244
3258259328
4271161098
2717118208
3386111833
1308358841
899923007
1510270105
1630178977
4236831758
1679817128
3277856129
539958490
3140788523
706856307
2409422914
3296141001
1127928945
1327731355
4242860408
42948021
1280125897
3806722714
2829791957
693321177
2339188802
2776813532
1882997085
4266987367
1524644528
2319597708
1633872006
77521538
2522205746
895840043
2409377001
512313521
3648210418
1214652842
2230947629
3861220962
1207854440
1695298851
2364997389
2173221078
1017154864
3621848601
1515098759
2199712407
2703189613
1707555659
3020589344
3948402816
2722463836
376191512
3735368954
672273267
3919810729
1992261502
793242295
3953112977
2128269461
