289296525
2799474379
4291566677
1911742257
2840589503
381960120
2526979477
353481580
1196493118
795939175
3676355436
3578906464
2067911470
2528029584
2170637741
3618380152
2443163871
277331481
2951975505
3826805978
3145678032
2816607129
977297718
84650532
1539154067
4009803894
2158467280
3274877085
1385704157
3648530162
214345843
3728380711
2643696452
1848316051
4217475821
3226466517
275509286
3043230615
3952881539
654154099
2731906707
3055368052
624730416
1670857674
2491856161
671716333
690243278
901401473
3978852208
2361120797
101835550
267515733
