289296525
2799474379
4291566677
1911742257
2840589503
381960120
2272181752
2361911314
211644991
2400347334
2577907992
3131604152
3907569386
2077554609
280984815
2135853406
4217800382
2868743158
4098588993
3412752816
1702522366
3176494264
3819298054
2125070260
168680593
3381799617
2788520551
1252220413
4230476387
2476407369
893594524
1017331671
4178744119
1999392851
716748886
2369828217
1498687392
75112790
4015688028
1763786792
1192550472
47583675
460691151
252758428
3116196517
3929714760
2767044201
3112966330
650209258
2304053023
2771803387
4242373239
3611968888
3033023005
3904354594
3341591348
2695090916
1590193705
558557777
3077674735
334205794
2648002566
