289296525
2799474379
4291566677
1911742257
2840589503
381960120
1149535722
1328402432
3733410368
1560822969
4078457079
3085024507
709090900
1113835021
2599549692
910116776
173743728
3183073334
739465846
2061373091
1365970632
470980294
1941294688
2449664826
1310482936
100114291
2177001783
3854401039
1292285050
3010267319
640125641
251339875
4109473486
578879461
2020728451
3604549584
3620456088
2037236805
2810114032
1480871577
1814469509
631525824
3169998645
2926520245
529985626
376890385
1239996253
3875294328
2328185028
581350247
185299489
1485507819
1177105387
2196860621
3270022257
1912793918
1753900511
865390204
3705804319
1084664929
949810656
1704549365
3300235382
784516605
3085661011
970305591
143773536
1409879610
2529564518
868081436
2284340483
195515386
1301792497
4190010549
3195948398
173537066
3699161615
3364351863
420460748
2904949384
664681074
2302077729
3190307237
1111829588
3372029102
3336667833
303865485
671602696
3515600618
2794599623
1998218108
988350125
4134971434
2045907184
