289296525
2799474379
4291566677
1911742257
2840589503
381960120
1149535722
1328402432
3733410368
2591997516
438576225
2578133656
935012054
2568222597
1833065870
999229787
742453094
1147205439
453486386
2948253655
731039799
1618556604
1053768715
2715014108
3309572302
947099924
2782002107
3396137873
570184493
740685936
2925360844
725556584
3877271795
371871793
2285453753
4018691868
1715471425
1452146176
3976495132
1007699141
2879251912
1244315794
2156063599
2862468535
769374570
3061980367
961344005
3018807413
4216545770
2752393290
2113144892
2208281841
4147877844
378319502
2032921128
3738429191
3201686064
3191707472
3786573201
1564320605
3313316297
2585813097
4217585900
2499730957
3687574743
1235117116
4281585413
3222419444
1639411506
230198179
111085680
1061015396
3382685514
106806632
445619802
1171443706
3989767246
571283052
3978849694
2753572972
1384271938
4245925299
3787558529
4286676253
1604115364
12683780
4182613222
1455357729
126944797
1489786813
2379985709
