289296525
2799474379
4291566677
1911742257
4054336796
1915180005
3882733979
2404239810
3328151838
2244649299
387902922
741378034
122992444
2723890317
3455851563
2081332418
1821135038
3627102299
1119575308
68624739
3141605712
2555290864
3059747266
780871790
3650155162
2027885850
3983730249
2543771516
2270841485
817401035
3768353848
371853998
3457486995
1810961586
3218513579
1229224584
3008284709
3913331496
1103212069
1572252803
3424399043
3015688946
375163076
3379554358
2185867685
1884964795
274496140
3653756819
3053929820
2116431494
4176720833
341269311
2221173970
381100421
3201281546
2889171169
3236992855
3709766460
655636881
928025648
2719616590
213049117
6552838
243231505
156903118
331782028
1009209219
744749602
3774633125
2689333293
3678108157
1870344076
3508630622
3436144693
3811487802
2650053858
1744711247
605709408
56952745
3324525921
168363711
3997281241
3340826760
2979314826
277495112
3784211303
461687242
817554550
4241772864
4047000647
1685247545
183366928
2349344487
