289296525
2799474379
4291566677
1911742257
4054336796
1915180005
3882733979
2404239810
3328151838
4252105510
760607701
2464037074
3231613568
3471834764
1397595171
4131549074
2581935924
2236101564
350401020
2745368635
2708140467
713751964
4155330656
3490085542
1121072703
3241956672
3518929212
4225467861
4261508854
1353295781
361144349
1065865218
3478008127
1287727046
3547378408
2243814973
543075339
2737395737
3865742310
1389882115
3539252767
1469504955
1432300595
3603970762
752519271
4258155710
528036835
289930653
607697227
238668116
4055886694
637333876
2458859419
301515657
2571687074
4175133647
1312628646
3217968951
568155839
817867147
1032984817
4237128794
2024111034
1254624808
2455384793
1556434085
3930186555
2131402054
3150882781
3457866767
2623170141
3272030205
1452609598
3054114193
1510911187
3608991162
1417104587
2556066361
512513830
2178950302
97004414
1619307076
2755694815
2666612984
212123667
1233172712
3616778592
2295265472
446394411
1815032873
3869713816
1829802972
3585889872
2330003440
351409784
374501155
3575855297
2043922243
3172466136
78630375
1864571777
3600493502
887375536
910442475
4113917961
3744733206
1606784920
1975838599
261102664
221275411
2378295965
595191059
2807163635
1724932323
2778806017
2801880666
3431831612
3459113319
435753411
2899323841
1303055811
3018765054
4247571586
3923220986
1599288932
4260888322
2106186548
1564451254
1329278422
275151990
2884920355
517824033
3527602342
3504507389
2505815790
244352720
2663303036
967925168
4252329771
3614709556
965319666
115717407
1944233522
4033720523
1991781772
2779376935
2961428829
995523102
3377514823
3421548572
2387185423
692458947
3168355712
90273215
1147223002
1044017771
2847396710
3321851993
3155011972
2421140937
419412706
2607852571
984303377
3794026984
475631888
2814755471
554721224
1818586435
2231669379
627266884
1826670682
868063738
722089096
2615378318
624930884
219006951
1547587201
3769642139
3654020383
2806382876
429535446
