289296525
2799474379
4291566677
1911742257
4054336796
1915180005
3882733979
3294784571
2372941031
2433168961
3276246035
2161294430
1358345389
1858294016
4229373337
2477397427
621319158
3368726209
2519892693
1549505828
872205698
73878839
1988581412
1802060879
1632496498
1753316084
4180408500
1321811698
1705840188
909472305
2878804126
2195232113
1036531771
698025869
2784196101
774008008
2021191083
131793306
4258378551
2553133363
3442584114
1346156147
4213050635
418069493
2028799682
20721583
2670673447
3128612295
3587297180
1967434372
9867517
158762166
2165980852
123860928
2319747576
3815002702
527155803
2632242338
1546812010
