289296525
2799474379
4291566677
1911742257
4054336796
1915180005
3882733979
2404239810
3328151838
4252105510
760607701
2464037074
3231613568
3471834764
1397595171
4131549074
2581935924
2236101564
396132133
882098821
2771992773
509720552
480790112
2538097231
1248847795
917113492
3868066407
985090091
1682924607
197038478
3276064892
2245128593
1642541008
2725828992
3044136330
2724966540
2063174781
1367480861
699941788
2555036533
1146374583
3019992967
4152845134
3602441720
1385228824
2401033709
412187872
277821876
2265094329
1153753827
38998834
3317893024
1380886189
1529400505
4096771956
821533266
1463851615
1517330051
3455926158
3383447878
406773367
3421542176
1551709741
1479235813
3483826664
3421542176
939460405
2309500183
4147816939
3999297344
1048459111
1118304056
1010136004
628077928
3646956925
2780423458
3970678270
1392285660
2935162825
3526018966
37003185
2772005695
1965501208
3526018966
1776269770
1614785921
2896167686
2220763799
2464911177
3451313897
657384428
2230301220
209913894
1254555598
2967285403
4137212275
4237559831
751875836
3504285417
1112150730
