289296525
2799474379
4291566677
1911742257
4054336796
1915180005
3882733979
2404239810
3328151838
4252105510
760607701
2464037074
3231613568
3471834764
1598389452
4199190397
2515392475
1640587451
1571633507
3039070859
714416037
2641877475
149457312
2163513412
3254048289
2537128692
832293528
845666131
1005217102
334587778
3185669068
1292316639
1523108322
3519249775
3381610647
714518845
2406873867
4247756296
2636751679
1665277938
1020071219
4162146325
1349377946
2583052933
2669928010
1340272887
5699167
217725011
2201415793
3637634838
2901185320
584208460
2488729554
989736577
1997663287
2129787004
4126201110
1524911667
1772320415
893106117
665079491
680234216
2969879752
3435934895
2307909456
262824784
3436917938
1736260265
4246887287
763064525
3942222
3518436309
3378763966
2520680734
303466238
2766224255
2139266133
1756882605
135473964
2567327604
3674019127
2504705867
3490256052
18731117
2902326365
3464368612
264256996
1352494148
3160496996
4294208297
3993094596
520458219
2868414867
3187924203
4215279380
4177017488
581397548
1716716109
3058501017
621016934
1332397036
3190341594
710120033
139453882
3673659539
1490683108
