289296525
2799474379
4291566677
1911742257
4054336796
1915180005
2862250091
353481580
1196493118
795939175
1717782971
1746023863
4121974552
3911013264
2025312720
992141725
2217888983
1966476024
709974771
4089483152
2624050998
3211291286
994076022
7212878
3068829904
573492827
2090386668
3333641721
319675256
2813377437
1648914374
3809891097
1292257111
3728373260
267240067
3023285572
1375728143
334269133
1602244047
3831374344
1089148895
1225458580
3643097656
309840393
1307179333
195825325
3072017614
3538374346
969402048
837663143
3222177336
3084308118
4223273364
3666869748
3652533031
185106660
2353351260
1873273698
3954986321
186861822
4206917473
1416144434
814502076
297483261
742421172
2676292096
979873846
789245636
2871189796
159787074
1380011035
150589561
1813849847
3482237364
1604384792
2714453205
2513481489
2613852422
2566324181
3349917301
1016487893
541401459
2145574001
549424593
189171525
3619508486
1202096424
419158152
3798457993
875222431
415848598
120391185
1593999695
1248845757
3141164130
355092524
1859209503
368950676
1551769738
3677612594
1541938843
78991163
1275688612
