289296525
2799474379
4291566677
1911742257
4054336796
1915180005
3882733979
2404239810
3328151838
2244649299
387902922
873549930
613653526
2418998515
882624804
686607234
2058121680
1934386587
1531208062
3708295469
1252311120
949959333
1463312899
2084828259
2772324937
3391548840
2559034659
1203021265
1578774589
3043841955
3762148103
1146054764
2506311907
2570467883
354097317
2638006014
211174590
2591291090
3546394126
1428086886
2937344715
1472373688
378178808
3574954664
458453094
3120019712
4173305408
1930812339
1289284082
2967164297
294772102
2587594869
2886461460
3309806247
3347680162
538140115
1699778092
2525077837
774726849
331523873
569472182
1468745982
2369647733
