1801864003
1652971272
552712690
2932832918
4108414973
1265280250
916887266
1966319279
3391294437
4230788387
1768306525
1696621139
3036965536
3835652072
3127331836
971529477
3286429608
2282295587
2954656486
943432893
295838117
850238469
1876189552
1132711321
187034813
1019112456
1862194778
3096428401
1601555984
3644438083
893338721
3387625197
2477076629
2700573332
2619066242
439410621
3253120187
481033685
1382646697
2111189025
2937469052
4225486402
3786262592
848245560
2306493796
872380079
1833532440
3503724498
557164621
913762023
3608002789
1950567997
3017379316
3968130132
4215951774
86109523
1448995003
151042331
1762034732
3350091135
60393525
2381366799
3177841613
