1801864003
1652971272
999742870
1779290334
944597644
1940296711
2870722441
4152590035
1502833309
2057099069
2018846389
1132153997
595423674
931538114
4286348592
2301230268
4151386891
3034846022
200588812
1388933097
470487445
4020023510
938350640
3064997103
1072061011
363794227
39944953
1532777244
1502978708
1656473772
1472498810
2846830775
20758092
974312564
1437961426
4000047893
1253854567
3435627539
2025199684
1110854492
4190319872
3404009428
1670670793
3332086392
2676691174
517286969
1102216254
594443633
3724357724
1122674596
1894730300
1336181038
463772562
2639899827
300981114
1298684448
3250679273
2639899827
300981114
1298684448
3250679273
2639899827
300981114
1298684448
2060602197
3186888807
828188590
1841686260
3782005053
3186888807
828188590
1841686260
3782005053
3186888807
1034215779
2328399975
3939413328
1383854447
2825995202
3163166394
2025704432
1556479854
3198169896
815722572
1279918755
1289155521
2269806659
3783140858
810681717
3523179400
44079318
2167377455
834943796
2157337577
780554151
1211987474
983104743
2757630921
2706481539
3939467547
3413815249
1292810302
3249249462
2704288925
862299254
1625676476
3123939442
2373369899
593977832
4264177798
1630637483
2973993094
1449108985
3371647339
2449322097
1099937116
1080235496
3526317706
39371509
3911087435
1932285309
2536767235
3964565188
3700011729
1337112329
2472708392
3574021068
1044483186
2926754719
3256170026
3030335979
328151435
3702147705
2150796067
3955121477
907550840
2963520117
772497127
2753498498
2035440876
4223075372
3549826797
1103332870
2691998556
2802172616
2051576742
172469216
1457482426
3632168603
1344057749
887650990
2785486955
1544395462
2162009319
83208967
2894945464
989920693
