289296525
1386963136
4129182999
2860946509
4125213761
3419677164
53377054
2135548918
17906753
572424673
169248004
585673877
1890064071
1683178431
3766176863
4028933010
767574959
3073226339
2658166933
1249234376
2672873245
3460864367
3851252429
1145485370
2772631327
979243208
2151067442
3094705672
547119083
4103731894
1635608624
635331517
2328877249
3555854628
3866757094
1835502287
3110961362
400566560
820880663
125183394
3299893240
3050717881
351220501
2319964039
3186234945
591590099
1603665980
2315257813
3457339917
1763526849
2697749200
3346889845
3783637537
1183457517
2846084264
246175332
2964881115
3580321560
17066173
2785800817
4062949639
2033597486
2937721428
1682479717
328043507
