289296525
1386963136
4129182999
3574720695
2270253797
3569954536
4240517645
2908366661
4064114504
2715118776
1961913965
4207848713
842331387
2981880322
1774417804
2544421697
327206049
1428994254
2087806520
631854405
3220583579
291431880
1769744569
3711729352
4132982278
2581939756
538159773
2863661293
3629127166
1265378469
3474017843
3546696853
1101881381
2205427482
539963665
2138202289
2012510500
1951921614
543090205
3038091360
1293575929
3476152373
357335591
4138945085
2730121710
2649854716
3230166921
3974087520
2704377476
2147937733
4020352355
2840450388
3685597255
2579413125
3615278841
4231842188
3215030824
1921622787
2868579301
1743297019
3172508122
724764172
2173103249
55494721
2495834444
1540937369
265405770
