289296525
842132781
2525288698
3574720695
3407478130
3614375892
2234402182
3602266507
2312202624
2787060790
3323531521
3786554311
2356386937
4032152127
1433287795
83177787
754791902
459715947
1698589404
1562102759
3644048391
504076407
3810322766
3213109268
866745559
1502347261
1291918331
3680022996
2742713509
2555647645
3103333960
4267008551
1346729577
3451649498
3480357970
2322496552
310859211
4260404531
301362961
3891964429
2136808136
3557118519
3284841482
4044129720
1109918327
3248952462
3355294045
505313616
2708100376
544363486
56425084
3305242473
998842719
3540030135
507802374
4140679406
2035554767
4256935514
3188893241
2853192214
3905780358
3379911494
3804257069
1362811684
3641904481
1815754595
3296853270
3245755461
1413271099
1885272092
3172604333
1789460715
4275187024
3846167192
3962252871
1249495631
2960357602
3045378481
2034206979
3279312359
199063580
40772849
3401910538
3279312359
199063580
40772849
3401910538
3279312359
3419638567
1434152885
2647671374
2489523875
1556624216
1434152885
2647671374
2489523875
2778875930
1339364753
3051333436
2085193895
2252552714
2384849308
442418215
3124298720
