289296525
842132781
2525288698
3574720695
2348900905
2423677071
3258374877
2477643669
24746764
2403817576
971365933
2866409334
2230079254
123951599
1081853620
3737812361
2698318973
3479706711
895659770
4165691850
1897731958
586484870
2106743949
28418961
2417697233
1051979906
3334213147
2226091737
385547826
2308345226
778993829
2008462296
3453881378
1780875533
862771982
352672267
3909798430
1324533553
276599927
2598321671
964962316
1725528492
983990931
2408560785
1669941939
2807608278
1118730706
1145034076
1753869110
4129361828
1479585383
4069407859
977623894
1066197391
151779387
502312259
357921667
2253168585
2319444915
758149503
1117202905
1997439243
1118745597
1966420808
3779993331
2611095494
570035593
1854905454
3570906657
3076356468
3960951806
2741158425
1563346058
2113957160
2282158595
3708068401
3181774786
787019069
