289296525
1386963136
4129182999
3574720695
1082380148
471535150
2303822928
3076811261
3613545674
2043315609
191827820
2555592247
910371449
1243918737
2955805500
30716983
2447868890
654181151
3052940129
2844731847
204055878
1597826839
1896433527
4021877834
746088687
335981093
1063426795
476915531
88898309
2814688236
2512475764
2318122213
3843717441
728177785
4289707291
649809518
3062763951
313601920
3666897265
3463134217
3704875041
989834956
891395708
2884073810
3367506465
3332670518
3759948128
956871189
696896976
1864741311
3141961242
2629097565
4078141691
2169760086
2481667454
3110717299
725372824
176451160
2300143707
4230736669
3212136515
173828673
1534301053
1371560229
1574074202
3980116572
197873559
407175777
3361269201
2081993632
1150042652
1856617233
1450973559
3589476238
2361009523
2000106128
3802686163
2851974639
3908952970
3859931832
2740072775
2046841175
3897940412
3555320809
2358162407
406636368
741667224
1936302136
3984241072
3467183854
931388242
3714371064
