289296525
1386963136
4129182999
3574720695
2348900905
2423677071
3258374877
2477643669
3100239707
2212990307
307040035
1322634873
3771062839
3009259066
2761048071
934179164
2244418528
3604109745
4175952337
972899908
2676968258
173146950
212270612
2015712415
3153124461
4192445615
2628080421
595108667
2807082203
3965884604
317343370
2439336051
939039195
651903971
2975261422
2405631811
2664107041
811851122
44660816
1808290930
4047649061
1746281043
758719979
1919185995
2411082746
3505087066
2968346477
306812427
4019966394
2965798938
4125722530
370979164
2934042965
4055671029
208594756
1395898084
3271590153
3441170206
1701091473
2844639186
1040195295
755779687
2764313402
2597385289
124950246
3661612936
1736193375
356277490
1247481083
1545934388
1428391241
1556320514
56468046
2378329747
2417451206
190793802
2468338398
2147310447
3379929484
4058605940
2394530510
2705788152
1967797236
1853693517
3637331182
2274366798
428016838
133145100
3508796090
4169016396
2394988871
2562636680
1634656322
2130855560
3671860543
1258816604
2357181487
780755796
576209231
2799779550
1646593093
898238004
2686642000
3510958609
352424339
602776810
3878264433
1125556318
2245304125
3645660775
730060996
3345045877
3809156364
3159772332
743281794
2397658596
83693185
2328088037
2674321775
775195058
4292385519
2693122895
3028872620
1478410806
3204023379
1031180970
1835970788
842260804
4129862082
3813011248
730761237
4224333566
2858752292
1127250845
475474836
4039181326
1439039837
2126354237
3958838595
1001630632
4084780173
591164006
3851305013
4097788908
72835769
3221910081
112738322
1872272292
4258075471
3248455080
967255083
3658167262
865847746
1526392288
3366939915
2061390782
2737073096
2016704863
4021934162
2998695495
1947091988
1707036621
3047336058
1709577873
4067145628
695969035
4022966104
3522368962
