289296525
1386963136
4129182999
3574720695
2270253797
3110385480
2439820205
2856507797
3529512164
1110139210
1215119112
1192659503
429949080
1040951902
1634531929
713499030
1407957478
2578525225
496575433
32383343
1642601560
845701778
2723894655
1640276783
2671132988
1116748801
506081619
2904786224
4191642094
3979097238
2330019176
1439835546
862526511
2643900988
1494528083
718308110
373046808
2171119865
1522457599
2188428901
533898442
3442384798
3451160215
2891681992
2581788259
3802103716
512756790
