1801864003
989679115
1757279321
1633542162
4095173228
2827985718
2024516549
865705890
2706232123
3608695479
260730438
1277124107
3224505032
3159724320
2218851045
452018648
2891171741
410081648
4287309841
3232420064
2671043500
3332394667
2048328904
838662723
3823223876
523571568
1661473064
153784834
4109893142
3487511936
1892653258
4115472408
1821662449
1058284091
3307114646
3859885366
3759776091
3719835948
2988403082
1978939271
1263710023
2734482610
69513938
307931165
256766926
422832385
2972612486
716138343
1708833166
2186770736
1692050092
1285597899
1740599665
3468661864
2200269955
1583113510
1129004789
1400450898
2459587110
498882302
3665028512
829868728
2414417346
1396255715
3982716977
