289296525
1386963136
4129182999
3574720695
1079732937
482585491
2303822928
3076811261
1299110736
822689976
1181349268
4192353939
2336732262
1063594635
223209296
42040737
2895210991
1068325044
2385726588
1884876977
3417149165
2404672225
1039848967
3195388158
929374995
1858545
3631149847
290581771
2791400878
423059505
2132283074
595644312
3139927901
890879033
3296195957
1807596268
1166547596
3677987249
4111204817
1807596268
1087998498
2908546059
3204690074
1769134513
533486778
2582070405
71640618
776230453
2438265727
771948256
936326489
1754424569
3532110047
565314522
666537911
1139774143
1724078944
198858665
787914358
28685150
997956561
1532815907
1735036190
1403002486
2531036042
3234287977
2197964846
2330090597
3581701929
3282270815
1984147797
2270344131
321494648
3100555480
2533038264
361557162
3595335695
2930267650
457743624
1142279336
849329001
3493327960
2615108070
4227338260
489665506
553548068
3002835584
4223831288
618175473
2072365649
618830423
4190284132
2410272880
1451058401
2113278851
2914168168
2251938314
1451058401
3528813313
259348530
2032019750
2755533333
976030621
3932796278
2617427042
1279687305
2320395248
1510659355
2056247646
2053608510
2712790840
345562426
3280884331
3278249739
3052169418
2702654898
184419216
1436766768
798047861
796488469
1509098708
3620587440
606824005
844463242
3781417672
2169667583
4158130238
2827311518
505495126
2115017569
3944309290
1623627340
1100593582
2903479860
464253436
1157013596
3518767650
1991489774
2764762916
63272424
3904885214
1843247738
588921725
1152067032
3776315625
1176082981
3008310785
339784909
402838915
3358000512
3976973407
2514200967
2473311318
2232788633
1466757459
4033047455
3684327691
307594293
4018652036
1216895304
547146782
2274580178
3895725684
1329304760
2568018333
772141784
2347153646
1766782943
3100024932
2931341995
3959122260
3030792436
1672525733
2251625307
2730835455
153230175
2536573655
3831723561
4023714629
2961724133
1729059199
3927777302
2628346900
338588688
2627625787
337212223
1629380626
2049527211
2437001534
1281458701
1383790101
4118113497
4235096535
2132379077
1454654595
3685105130
333474013
3162864198
982096996
2844815406
3700908803
1367677546
1005924723
3095577953
647091433
2355212063
997667218
