289296525
1386963136
4129182999
3574720695
2323036347
905802684
4245105230
4084618818
2265589448
154461612
2492892931
1181400151
236583178
1715069267
1208762675
3295806715
1373643576
2571833027
3586609499
1266084454
553811208
3064253709
2559667565
3543101858
1460108866
3743457305
4044685433
605726603
4014908292
1524914842
3603500633
3744012818
3722505114
665646535
3314170840
3513872032
1349640803
3468712286
2438883858
676116197
2254217899
2982617630
2769991431
2821825325
2400484519
431795859
151136570
3187328871
1552015717
