1801864003
989679115
1757279321
1633542162
1044033561
1113402353
2598371455
3329802533
243439831
2265378070
4183700129
3133866732
98283430
161348264
11549012
4275799449
2039698124
2050022950
3907293887
4229941191
624876016
259493008
1593895963
448929256
2165176927
3393179192
1832921617
2099234268
1166750816
3287350548
1023690331
3342231390
1647439012
3388916836
2564383128
3585293582
220267007
881051371
1217518052
192157889
3601829909
3788957943
821741688
180354773
4038413432
4238188819
1245652822
122712962
3164933598
102774293
2406893737
3706598564
2297310744
642187083
2642756990
2476331881
1086732343
913472565
1223548545
1611921168
1697938764
3094948898
3761563441
389340696
2438605695
911585715
3363265229
2232946201
2066277730
1282256187
3728221648
3474718696
825824406
538627758
2279785345
2892608739
624937567
2944922277
1857792862
2512399221
1354546825
1285068259
1186740958
1470095590
4033342921
1669202307
2136303355
2832362849
4155850090
3196850962
734433644
3626415274
41991275
896644420
1524035042
3717108437
765541884
2367977298
33014219
3973217301
2941243313
264930591
3034014944
2200333775
1350141585
66713691
1138754279
292633032
948832331
2858506894
2178177765
554394593
