1801864003
1652971272
818343258
1633542162
1044033560
1654812994
3122617036
3329802532
243439830
2265378071
2475428113
3491314012
2114530578
4230130654
615552815
4132220027
4215093880
2953776671
4177818407
528262850
3587313162
3383037100
3403949308
1084996704
2807155969
2842624895
3610762440
4036818446
177620131
2408266168
533253273
1908482867
122605238
1285887353
3909327352
3526054510
2173745175
978245584
254907142
742272678
4102227240
398488541
2255347561
2849743424
3708106614
1002824072
2674971743
2341175591
4021304069
741330261
2715212424
751873916
3227649795
1858786896
4205968363
2393620060
1703614038
4144616910
2534402297
1098809810
4157811435
1123684585
244766699
9060860
61900591
1181906652
543516724
4181761963
3407810923
4243462212
2877391720
24246430
2486926048
884879438
2654193464
1700574701
3486597787
884879438
2654193464
1700574701
3486597787
884879438
2760705955
328501094
2124093517
1678223631
3761219311
1084943425
3501274223
2008985251
3288059657
4204834846
133663080
3407261758
3006052839
3500570290
1173157068
432444543
2943041350
2308037014
155856191
1238665421
3695958158
