289296525
842132781
2525288698
3574720695
1079732937
2009131644
2378848465
495005055
1338087213
509254245
911384192
2275417705
4286763800
3299653920
3328526504
3463574690
3072158930
1299637292
974541056
4290813628
336577890
392293926
2804172823
1356628063
3138640769
2376642863
463009503
2752724440
167979414
27950204
1574274883
799120512
2654963784
3451909762
1478534849
79194011
3054949245
899270020
35902705
308765008
635269157
4021577684
2111958847
2011195529
3284100555
1210412911
1268254304
1564939030
3060251420
2307685716
3657113055
1540397843
2807376671
3393988566
2908090752
594227940
1660078876
1954580556
1663023333
3767578140
492871434
475070911
2558070367
3572825171
3000266883
1287638094
2257453849
