1801864003
989679115
1757279321
1633542162
4095173228
2827985718
2024516549
865705890
193786983
2111403499
2585986186
477068505
1176584865
95711980
1266027664
2862875254
3347821156
2185839511
241440596
647642821
3025039964
2405439588
969055777
1407196427
3975196737
3515009401
1777046709
63510431
3123531694
1236987629
2445821451
1872343810
1740592615
2582552814
2445821451
1872343810
1740592615
2582552814
2445821451
2456537825
2242201387
2248592321
539394552
1215392028
1606411478
4108823593
1181334813
3815132844
1569333605
1908942120
2767005693
2502343367
2953474840
3535984783
152349577
1289116282
330369653
1903796706
1619788559
2680367658
1313570193
3452201832
3319958925
2376475192
841428863
