289296525
1386963136
4129182999
3574720695
1079732937
3462769069
3842087267
1519014500
3474486695
2805493246
904667495
2436500683
1322721332
2842072544
952899488
824968171
3845689650
1106164894
626066652
1466629673
150261093
2252348659
4068305101
3377660661
128285811
2581548821
691337742
2042498753
2697177323
4276579736
3959471064
2417381403
4289792189
2846544478
1116371540
1291519576
18138350
368021910
2572891166
508145567
2466056727
1012259652
3095254180
1280926660
3921291762
776638447
2544179328
2389628766
3566703990
2661516684
2978798956
1979353262
3823728461
3236350701
3602268637
4104858093
1015705372
222425638
