289296525
842132781
2525288698
3574720695
501985605
1098084383
409205377
1241053129
465063323
1210069398
663185712
1005611926
2652053920
2330490072
2766001336
2205613694
53240915
2135687099
2805164597
319943896
2177218625
2059286634
1662893854
3880533854
573573362
2676189663
688375361
2876632294
3111215238
1862517390
3718504191
1027140414
1728024423
4256923208
3901833778
2984438607
398631286
3155676792
1343452986
3599019205
3029645777
2735765811
3769783450
2521548960
2095515895
3579371890
209321797
2147990157
2121951861
3604296100
1442646901
424272033
2007912431
1936350076
2338694629
3418010801
2497569975
1623383066
3770764365
4097448245
129403567
2945121848
4148537533
1959444036
4103753536
2648049139
3797189003
551467048
