289296525
1386963136
4129182999
3574720695
501985605
1282456589
320334859
1869641699
3126162742
879474258
1714097152
3523842797
1088282228
3825988568
1014195798
2214112593
2828836255
557269924
183674886
3103958372
3972534767
3808725790
2810211840
162853545
566031948
2744610944
906502339
2077994625
3067434248
2080150072
278007337
3679828864
2721653744
1453571599
3425293144
4134331893
1917118997
1076469639
2986274787
97998247
2512940252
3816564958
1961986515
1354328330
596202558
2170279640
383154133
36512429
4093268681
2236487371
2555309185
3310043796
2790318869
678305905
742309892
2335267528
524973939
2589870759
4105823721
1738541475
1862653795
4229708585
4105823721
1738541475
1862653795
4229708585
1859676982
2192814257
3657013819
2944640627
1435047134
53419402
3111598021
3229920356
