289296525
1386963136
4129182999
3574720695
501985605
1098084383
504635410
539084223
1415427381
2153255016
502952647
3473295763
2272595150
1598856692
331399788
1873238404
4197809735
1310187690
3393187658
2395341638
2812009904
2405823521
4016294166
4221082734
798135923
2168080160
2858317806
489817834
1296393825
4061357054
2118006589
1881317674
4289800419
3821414981
3419287200
352144978
2170691089
1022096820
2679169983
590793415
2401337086
1825851392
3482279435
314707813
3040099675
3151510633
2966069
3165350733
3312662134
2902656217
1859554347
176394531
147575113
2771865493
1525603500
2567527212
2615365228
3117832783
2888551861
4289442687
454371152
3354325267
2144710252
3855307625
1907392210
3600813746
126627389
1651516473
58625870
3960031158
1087479667
1412090379
1199980166
2628811252
1341746014
3740012294
3380827057
