289296525
1386963136
4129182999
3574720695
501985605
2480239137
3434226221
2761046644
939817976
2955126179
2652243395
2549485960
2503991296
584918598
2101548298
2491347671
4076685927
1273992848
1310405867
2038477918
1587899348
3356342752
1086149360
3737608598
1893168600
3823846531
539742246
1738577287
1478797282
439869216
1838652491
3275705624
1410557308
3952651899
2566924379
2382069027
164852419
131065044
3289346161
186464501
4111446721
93717606
3337048964
1184033419
3900899013
3384216229
1107034942
1533063804
4117800498
4025227120
2152419286
107924438
3702379602
2259367216
1441282265
36652258
3445658706
2501756727
2212985986
2864500387
770769947
3711516837
3175054738
3518213450
2822861975
204722172
2451627636
471735568
2181893272
3734359490
