289296525
842132781
2525288698
3574720695
501985605
1098084383
504635414
539084219
1415427377
2153255020
744289640
950509584
1486986535
2327618336
371909292
173924362
2756572228
2360597973
2763774256
2468370821
2276113795
919708699
3464531839
3476402247
2639363023
2793345527
1008758825
1351016132
1059161698
2843225165
886722274
614398787
2696344739
1917505527
3799644186
343227654
1254307761
4270023104
2475491051
1967925269
1749865055
633321358
1721593978
1359409359
3298088716
2791079067
62863021
2808050150
3860291238
2251304788
3546328048
878213371
1763804558
969739764
1437285012
2556459277
292592352
2622461067
194738304
3199353474
1968498556
3959161838
950575875
1608990769
338185728
745442112
644812022
4213333400
1857883611
3028772424
3513412225
1335485729
3325965764
4061818953
1109639713
80716310
1537798687
440844515
944067609
202618859
2572760469
3237910245
262065129
3229971516
