289296525
1386963136
4129182999
3574720695
4269135993
2951664945
1044666225
90848585
459417740
118827562
1431670904
114158709
687361045
3923964800
2067185433
665747011
3001351229
2787092805
280833792
2206277211
1520435308
1451814151
2495304082
2730015057
4274471534
3712052778
1543173159
3981996642
561846265
384210764
914453193
2151656276
4263559840
3734856411
2184780562
28708331
3158840155
4186628776
1660981247
3450363564
3138837415
2909323624
955748651
480590518
1745315925
1016334919
2171213047
1825781598
339108706
502985444
3858041981
2002794590
1078164513
1713606664
3218760054
3123189621
1076012504
917614957
2925041806
2084939401
3896412978
108927170
2186680098
392971466
2470726442
1779658307
3996869027
2105426892
165417263
3170183981
475972337
2197169763
279162504
3925117921
1309443790
781287122
109739038
2552404108
2956565056
781287122
109739038
2552404108
4058404715
3326842541
