289296525
1386963136
4129182999
3574720695
4269135993
2951664945
1044666225
90848585
3494854556
1584528632
3420707643
1699416680
1317986762
3931688038
2332270820
2233415411
1373776583
1206742633
3534220311
81167676
1668879596
402308711
2234446590
920584092
4224713749
473042427
248748161
1598592457
2404823609
3388657238
1667102446
4052335223
1795413792
3745743185
2675345778
1671584838
1102417902
3610051662
681701870
280271403
2934157321
481224345
883352188
610622215
1443971268
3402020793
2843076048
1357270756
1584497713
3777462702
80825258
271195858
2243251857
3078956368
2603817786
339895074
1714845921
3396767153
813448988
231923417
3419928903
1826120587
4270713696
4127865648
4092847940
1605571092
1828742133
4263088063
919791770
74086814
3112009408
1620266055
541875475
451946322
3935833607
1502722660
2313563675
2053023180
3629984368
2549972992
1713256990
3142806384
4288702727
642669440
68949931
153110451
2424007231
1295399761
2261087273
2348360753
1846537781
834595743
3561496987
2348360753
2048564783
1022819864
1559282479
324036959
2164646324
733705120
2492064813
3761852214
525156349
3348457228
360698725
2731574881
2665931100
2038183725
3031003023
3761900957
1982460542
2857130390
941216125
3457487969
1777146190
418596819
2294313022
3817665565
309316482
64929883
3439049641
806900223
2919972983
2389189286
171978054
4075912229
389882734
1640283988
1691026718
1970933447
3774948220
843179807
2891118231
1874765432
70414366
1058806310
4225245373
1221694686
4012481009
1508956109
1280772201
826013454
2741927909
2065099371
974562318
3716969087
106561913
61776642
2646454922
3338115072
1419907307
266877537
2646454922
3338115072
1419907307
2301503262
27144245
1523849919
