289296525
842132781
2525288698
3574720695
4269135993
2951664945
1044666225
90848585
3494854556
1584528632
3420707643
1699416680
1317986762
1083340765
2490330089
2187341639
745552649
1582023164
4023768372
1651956812
2983731643
3795869110
1997201352
4102408497
2491675654
3338898124
1024014433
270195252
1043298900
4077305188
106108549
174091808
2684304995
2300586773
879259056
4154529708
963007172
1280911486
2148070566
775845365
1484484643
2548287735
1220195180
3504846660
224361835
2984361075
2681478163
2823789734
904789513
1769291603
3596105429
763842893
489914858
4264714441
1838011797
3912542724
1154778676
3278738527
2747881950
2614899227
4101728957
3382152764
1819591690
1957315249
3165401304
2586924896
2431689034
1944019117
848777197
3518533130
2431689034
1944019117
848777197
698376788
3263220318
565119929
1625761017
1989754422
997653632
2376922362
1572008744
3197973199
4225687856
2806390890
2703003065
2405102106
1598354888
905372682
2880930582
4138872067
12915729
2398869365
444660430
949783829
3165946613
3760997295
375093949
1890804487
2695718101
2397772662
1593121956
1890804487
2787101153
2893742211
1835089771
1728443913
3987721482
3888841832
2726877079
2834046709
3919851957
3821074647
432687738
330203928
2278928035
3273769154
322946832
1472964977
1419141216
3724167031
247024286
2291977886
2344683407
1551707513
1595991144
2291977886
2344683407
1551707513
