289296525
1386963136
4129182999
3574720695
4269135993
2951664945
1044666225
90848585
3494854556
1584528632
204555946
2833738502
976431007
2243488920
857369309
85316635
4010866483
4095181250
1725738354
3191901889
122571219
2227265322
3885105854
1415712732
3220352864
591567476
225917460
2828222005
750465493
1591825622
3414033557
3718320611
256615818
55763808
1120606872
1217020958
424823764
3558809648
434598956
2163822552
254630002
2585201566
507446398
2393464605
342267308
1599273492
3075678102
1954834919
3807000720
1634020969
3344615719
2550552051
121336831
419011911
2630980263
1594287318
3682307648
573352745
507621782
3767867266
2818313064
2144968964
1446420345
95871411
2247464288
108692377
3349155506
1143937099
2850453077
2799100782
3347943404
2868993844
415638743
3311426026
3940166070
