289296525
842132781
2525288698
3574720695
4269135993
1098980959
3492518943
2175832407
228443540
1359283406
3298239245
285287652
1060406404
1721869513
4220954222
3890324680
853310101
1320935805
3905547387
691213576
267549871
453585367
3038330265
73540609
4114049322
1091958727
37187156
1578108131
2856431336
2648321629
138938782
4200333184
3371801784
3303070290
1086903730
2267253695
1936859572
34880757
571682782
1122763432
4177125006
2071141004
1594251954
1457934073
2485737381
308621302
2788089804
1768584370
16292184
907520589
3988904267
3055996460
2638413538
870985649
2795548111
1279769445
320924523
463944507
2903150594
263084388
3427289253
2344815876
1030661693
2787792658
1820490991
908891704
129622665
3255155742
3338852572
121017376
2457605726
2555951459
