289296525
1386963136
4129182999
3574720695
4269135993
2951664945
4035544380
3416780548
1510829380
110472222
1423251020
122513985
695781921
2056311249
2086939779
149390856
3436378429
1609484390
3524930757
3463261795
1424442164
92032636
3350419232
3146819644
2955337040
512625667
1620141559
1460331842
3319704027
487155211
3490160002
2313137919
3565450805
2935753875
3243988021
3584033101
1883458427
2988984655
2979340352
1016288692
3606860811
4289974756
2518760462
3661718392
354356739
3520001894
16074631
346454065
4031806031
669213449
4206302541
1598646319
3680593871
3197988299
2536549517
2992981869
3542609966
3711657529
164002317
1161915428
2301614354
1611259964
4243166936
2895158369
3094551515
2894614179
427116763
1652571298
1273065459
3428351384
1469553199
1131204439
1477159731
318589960
2256953779
1363573089
1067570735
1876483222
924289555
472491951
3327752440
2163541143
3075413474
871787123
1287939778
4145678597
1455378883
566811509
3048470222
242063625
2949169615
1590462432
3401034331
277725640
2230774899
1590462432
3401034331
2130181162
641247919
1708974208
751745116
1576243935
556036506
3491772341
1416560491
663165653
754407802
130643142
1552113228
1290976925
4020873366
898876165
1229201472
3619139552
767368525
4028326000
1245923903
3981234419
3587711311
3273803724
1972366581
391376314
2638810418
2244908413
3728366893
1481525954
3960154984
1531615919
1559333401
831148109
785667611
1018936188
2039790788
4155146144
2023414898
3751102142
1301031882
3938055513
