289296525
1386963136
3733337091
2183066969
395104922
881028922
2593356660
2263120338
2672487486
3811407830
1201160705
1868983184
4274842064
2941772952
516550736
2939373403
1429861878
1103274126
4197965522
1762389897
1080736984
2911224934
2209375238
2320527437
934178557
2606814121
4198219563
284610446
1332280514
714405574
2621005311
2330347657
654730425
2953612046
3275535930
2160240301
3991046197
1675381585
2639566183
377851818
254483014
951098099
2850365937
1863943789
2127331666
1230438887
4294617822
2088090663
3913236057
1483562628
1929997898
545853568
590641551
2359657598
1608944023
1991989089
3289768839
2178355828
4000336594
3391283535
1795322414
3639485484
330965027
3077311887
311379897
1088598438
2674598064
