289296525
1386963136
3733337091
1354299239
3307917476
3861212420
4287363304
3825007182
1196019609
1874322952
3249009222
3859601536
787906930
2137885754
185728176
809473672
2912810023
143787926
4128954784
1972752217
2939406232
609276436
2604695390
516081548
2599077996
661988262
3613035663
3736770756
2166664072
774910125
3501780635
3877858862
3432410693
1324993596
3875715669
3351913881
1651288344
1575534242
3893737690
2916567337
3262124431
1073888040
1495786901
2084945746
2299068191
3158463775
74019283
260148500
2491872045
29139148
2241113900
279903428
2235357959
3914444166
1976036362
16291504
3274848596
1216712464
3433922800
905618841
3656413020
