289296525
1386963136
3733337091
1354299239
3307917476
3861212420
4287363304
3825007182
1307373056
1783088326
3472027921
2798840136
1848160442
3987187267
903820237
1516387303
3351271752
356278812
2568044690
4046543051
2573982236
2934987433
782942340
1940876945
2374862319
3122005338
611752258
440630511
2627031536
130872405
2849629887
2210606175
1922477952
2964667303
4181108409
1253509042
1033916296
1378050417
3591073425
4001252405
358604800
984456036
934337936
2699958099
613645765
3302091199
3883503610
2784019796
485647731
