289296525
1386963136
3733337091
2183066969
395104922
881028922
2593356660
2263120338
2435555311
35106484
2961097736
3815474777
4207219637
2258798685
116920944
2239169673
566374750
673326357
2008815193
681289644
2058020716
1819669018
4259278938
4116884147
259619814
1591899822
1995076171
1054674202
1718867864
3950355052
2228419274
28348782
3168057025
2681932641
116243038
2762028370
1588299775
1145882043
3591982416
4276577473
53814128
2366365716
1160423141
3791424329
2218619049
1792836162
2030608708
3405294630
3239591928
3659761399
946103444
1040263118
2891231013
3076752028
3570454773
3266234938
327346869
3218416318
1821034976
3235709419
2698722524
1418747807
3397602839
2514362295
1140150930
527274952
2605030440
314891797
653814314
1036243749
2496076066
3675928901
3484350298
2378010520
3564108739
2335353443
199843530
1421086570
3275337319
852164342
