289296525
1386963136
3733337091
3134355712
510086359
1030287735
2820829961
2679763900
1706246417
875056217
2303486966
3671332859
4074509086
2704541934
883306285
684797323
3120914706
2027693613
4220574079
3166569515
1952295972
3147808262
2476194531
2830749915
957567643
1679228046
1365882968
775586730
103974735
1025305975
3392025921
179725232
468897766
2558384415
3764327534
31994164
3178109004
2452234649
1960842997
36779810
4234037908
3346014380
2168684811
4394440
2761204666
103836380
1697396232
885207755
3228019887
