289296525
1386963136
3733337091
3134355712
510086359
1030287735
2820829961
2518128292
59093351
535999425
2368143192
985938206
709293410
292069210
2160205082
2486782050
1848900303
3409709438
1892251426
2393033711
2781281057
1458351867
3670117493
99806343
3812154347
1536002004
1249387833
2883009641
2021245342
618725572
571120202
3482317923
822553173
1545479836
349637764
1906019774
377091310
3100714429
1621733427
3622965494
2293844109
3911903200
3888906664
1235318666
3040476004
3570151260
63834668
4248914582
3045613710
4079230177
1537540588
1816035673
587005733
196311754
4055484519
3846348063
767083757
2968248480
2024650135
3032110679
2873240277
2728541854
382774629
2426197302
120589387
1420849793
761802682
991311221
3770697331
456327501
2462380895
290186662
2399830714
3817230946
991194771
