289296525
1386963136
3733337091
3134355712
2742873324
2155041100
616981659
452165942
2337866614
2960615758
635784845
965889067
2187801207
2526832399
71838614
869509923
3012112654
3484077586
446107727
2283131863
1052202386
3778913700
1479739329
1994192991
3748292743
2920052166
1999465457
2839271337
1840897478
3195139241
1779614476
3871193709
613287672
447523267
3786181658
4116175202
2085042831
3181660155
1223814170
99503602
2669774659
771749092
2849504004
710471165
1174386011
2924192779
969278726
3926797417
2041682229
3968584410
1294897692
741918932
2291006723
1910167658
3498016940
108764341
2449518862
4268607375
1606983497
2711823236
3172845302
2852349306
1342822359
1013227862
2646735248
1687608569
3308487743
2779675683
2342247491
2942531837
2640210109
2125160003
3678934133
1247433179
1758692720
1855888895
3954806052
3148969759
4036439692
4191489716
2146904800
3283480826
192740888
4257995153
2411709010
2967293621
3790780297
3384852522
29798979
1296147562
3974429868
96650626
2758253892
3750947133
1099036853
700127142
1903444259
1780295488
4259058546
1944244246
3678872428
3224257807
661972874
1630605410
1911915923
3753974074
2223715248
3688260112
1336758187
2463391246
4262562232
1029165590
2838298541
2689242553
3959890777
367604286
1319311540
2380612378
3641812932
3875168652
2283654850
2542937313
65603930
4219136357
986409663
1704344351
1931661271
2487141835
4036359298
2949162274
2074841735
1680111780
877860911
1796098447
3797432115
555642013
3008095350
1619250457
