289296525
1386963136
3733337091
3134355712
510086359
1030287735
2820829961
2679763900
1706246417
2042905527
3298845720
4236625187
2429217107
1519418524
147900110
813339549
2657781715
789683787
429281009
2791475415
935856791
3119958515
3168704311
3573452654
4288331680
2943760346
4248210824
308192297
2765753271
3753610966
2343738629
3939940876
2341328526
2188231365
924990622
2841120760
4140186804
3759745474
44979871
2236644771
725351225
2898644997
44979871
2236644771
725351225
2898644997
44979871
2236644771
2650779592
1149269916
2253352640
4247710625
2973904035
1802970501
453550855
3262610259
2920369203
2261639833
535057463
1565533659
679616418
2869758299
3911609616
1783732482
2825004439
4148130871
2011463838
683266366
