289296525
1386963136
3733337091
3134355712
661658543
795125669
2423524079
3334037050
1644981229
4064747075
3599729063
483726440
2094213471
541845509
1300910011
239181705
2251105675
4034438151
392474139
1191158611
1351475203
1805879867
3742669915
997773637
4222517133
2821587271
916729885
3394780866
14739161
2881007142
3502780406
1372596528
3589809872
3137700567
2322389528
1659202032
1901957109
4021157973
1769708818
4084268952
1726142555
3849178786
1266539244
2344454361
429443551
767331410
980642415
2497428284
574480213
2939923105
3954412601
2301739232
4231451597
4062856666
1679746391
1380315040
220381101
2110824078
4211520401
2120538165
1384600892
2181800004
373175180
