289296525
1386963136
3733337091
3134355712
2742873324
2155041100
616981659
1969056211
3841452947
3755573675
3196251433
2734026639
929548364
3776356711
2578069118
209840720
2656413385
3276802268
4050458780
867458979
590779359
718702484
2704709189
1740703458
2534846998
4005975521
3237213569
922693789
2320005886
1989980106
3224438003
2248874102
35854230
171420572
1357571201
3757888943
1911146309
1695715901
4283298787
3353847472
3162829741
1738265828
4158136773
751240844
3840295037
3118722664
1462626439
3641912291
1769686070
3286644453
4025187920
1349172846
1176042814
2338853282
1057759071
989379876
3268011877
2445988296
1465525453
3909740825
4286294601
4203677746
3510241369
2113189133
1941937295
3074405052
2626335447
3101169994
2473400609
3236784107
2273809476
3200819315
3746989869
90514715
2563196852
207112132
2682778264
3914334113
2303312534
3056291441
3408396528
3572717591
1860600881
