289296525
1386963136
3733337091
3134355712
510086359
1030287735
2820829961
2679763900
1706246417
2042905527
3965084788
3564356943
2053361921
3407399065
978159026
1786342459
1460397654
110160670
681921406
119208182
2979944296
1067488268
1103101432
3356763075
3212089071
1614186527
3690279466
631148263
932840071
4189927615
2668060168
2348551024
809480517
185719677
544598963
3616351227
763859286
4151098187
1251124731
4081396005
3776609716
613983809
1969226523
4198893507
1006076953
2334011679
255213311
4125072571
1649556918
3101983037
653758645
969789845
4009855267
1625285588
340113068
2004422767
3604760745
1491241933
2455021729
3469502971
1873286776
1728956600
2982252558
1145421470
3107340080
1308602389
355526288
2718017190
4093182972
2673847569
1742776927
2675828904
3350380077
1695971147
2556819173
2783523780
72116994
4162861799
1714629487
1303927821
2644902955
3455274254
1502109877
2861819749
