289296525
1386963136
3733337091
3134355712
2742873324
2155041100
616981659
205016330
2578082505
3358680961
1503389121
1173153639
4263090491
3940731971
2016837850
1336737903
4178544170
3240765201
2909080417
1732222638
2637507587
384054990
2819119367
4111333138
1620223825
4242166398
3062612085
1969721498
3336196886
2014285400
2045783899
3242554212
3687710085
526322054
2366275949
1036458172
3181216401
445782109
3826959979
3416618467
3043949654
3470598451
2632737267
2324855612
1055111120
1380872862
3273378204
3301023747
1305560046
3719927849
2817352678
1771046622
1966007212
1386013058
1310852336
938683805
2157536185
664205685
1491110332
2812705582
3001706019
1839505239
3674813550
1495446178
3981672014
2489509949
2399505497
671749781
3549999858
1414749791
1551218874
4219085430
436274292
1998063805
3161417126
2778963413
3315966178
1552007940
4219063851
944144991
4080136004
2524802686
830825297
3488538524
2967261997
779368383
3192324178
3812798023
1897342636
4228210629
2741112783
1386216788
906089009
2561213282
1280381625
1466318592
3055360258
683015568
3251896912
4199240278
1309553660
4139849824
4171124330
2066607522
2991205575
835009086
4178326748
2790352252
16297366
1457146054
163387596
2278840054
360832541
3062287907
3198167238
3819275987
4100655897
2528578134
3974361497
3133215945
243561827
2955103228
2342355734
3034366114
2687540160
354001346
2170719353
2660921802
1665676923
1361396713
3574418441
1478440288
2311619055
254628376
2641943283
504311521
1983516075
3567174861
450416131
3593595200
607607321
2070547385
3811219757
675788345
3270211182
4098772848
973620670
2091137489
3144387215
3828800303
2088126907
4184552608
1735927080
4011518502
1782255753
895893801
2957491078
4011518502
2726300365
3588276193
2158253256
3757639016
420409463
1852720475
194343261
2707753643
