289296525
1386963136
3733337091
3134355712
510086359
1030287735
2820829961
2679763900
1706246417
1570168874
720786694
2070763598
2261795008
3605309769
3952485156
4158726530
3654582754
4134220394
1873956483
3784084967
1207861473
3295778328
3927297042
494686913
2836241965
1983839967
2966434769
955772298
2389918228
412545144
507735223
2442987072
1066209806
2435171165
2263491936
1352354891
1161597935
3273100240
2329632690
2698653613
2782238183
3292936842
3005648806
3095493
3830040173
3378127928
3352162029
4287310765
2297142913
1988108876
3858689772
3370978489
1987236803
2357837444
840327678
2294313453
2383801634
549272689
2653086475
1130099374
3491602702
3724621593
1071205165
3920110086
2219252098
1014261197
3120417585
4283545438
2459445441
651722416
4119303662
1978805473
2694268105
1186660900
2298284266
3457247453
1548017718
2303412164
196171451
2836766685
960224881
3215721870
1835797971
3486041269
