289296525
1386963136
3733337091
1322074541
3933762682
3152247090
709491570
292000074
2294214051
2880524291
383088556
3275976773
1368866012
1306541690
4215453759
2789676586
2741979374
4042208804
451548428
3188193162
1141720359
1028881796
1863567318
3969700143
2412743867
2251266288
1834302662
2932525718
476348016
2586314275
1965629313
630365591
3898174300
4116960511
3772903485
1028099328
1790711825
2606948709
237527835
990169182
2374002624
2289555091
2789373683
1497555258
711037228
3761964259
919479256
3709212838
517377027
1299013223
82756473
2313729677
1925780152
764691224
542049339
3477049764
1531231263
3581575035
3247842329
574239724
3383399248
624737482
1638596472
3565405562
2163629991
1353900364
4246251644
3596828188
968380701
759366757
530654534
3171281952
2414333187
759366757
530654534
3171281952
1191470348
3852512362
530654534
3171281952
1110195144
4144300490
472230336
1424223552
973357582
2305701713
1473180348
3143163174
2585175088
3423436499
1649357764
713652036
2974191859
1468417549
1180327259
1846668641
2024085929
3448513451
2529560865
878886983
2847974120
320254715
3750304892
436979593
3982019729
322138204
3001588566
3804090995
1162207068
3185089963
438341764
190597499
686503527
2798532352
354015515
2057841293
1495225745
