289296525
1386963136
3733337091
1322074541
3683107795
2370475782
704619217
2019864473
3922603481
4122554239
1613433020
3464747503
1620299169
1194911591
3174192586
2458773058
3405121239
952839160
3939898879
1767441158
3759111610
1848753886
1178188347
2536341218
1772462292
789175483
3825748071
2257298910
2024361632
675661530
1348930475
691614472
2035176323
427816628
3679210017
4227477667
446421756
3091141530
2470218429
4015722837
1776323416
1827081755
2479714624
3011185602
1232189807
2448267996
739476588
1637203780
46959960
3947772682
3917990530
1260585956
2804281798
4161610805
1585391923
3244541668
2053676711
475806494
3910217399
3937575517
1671578032
894395433
3420203268
2637237405
1631493256
3803286129
2145744614
3011831854
3542099375
3711742904
630920691
1057465521
3046094080
2708791416
1535005397
2105848837
1728854756
285876523
2776362439
2004283886
3806962093
1744100534
653562579
1523847761
3293612422
3642654014
3065587096
1292624749
1600849296
1974546812
4132496169
1059329134
429707576
2927499134
256391011
2917989893
3454714674
1315296715
3458638104
3872950409
4210290673
1576826173
4211590328
2279474407
401421066
766206426
897559217
3895655391
1078621264
3545471002
