289296525
1386963136
3733337091
1322074541
3547276034
2197040714
1038385920
1797904341
4267922859
4135053729
209541900
928198964
2730563319
2995102550
542240719
3029696836
37160705
507512231
478802991
2027796780
3325155045
3494890538
1549965545
3750558614
2587214981
4267805062
2361656179
2554287627
615010694
245965209
1043588187
3805476199
1240530734
1433256039
4057527728
2906666218
1827780400
2710569408
1455622872
1854263192
2328772888
3920600267
1870246356
2395374488
4006819930
836786344
566554463
3502287216
1004536186
2833108429
4250655166
3221319967
1304596182
3537180974
417650297
3199611505
