289296525
1386963136
3733337091
1322074541
3547276034
2197040714
1038385920
1797904341
4267922859
3310174099
1356798032
1489740890
2730563319
2995102550
1782089944
916474242
879343626
2695747201
3620561837
2619776294
668197754
1000661468
3496720898
367616503
1919291431
2153463048
155967205
1523294255
15054148
1827251564
2457528385
528260533
1266452233
3758876002
3178371095
3546401216
840626114
2532773188
4006985781
1834669772
1088963763
1847344067
2805137548
3835548263
3191270930
3489951996
3552123379
17080880
105632007
4162874826
1076755294
3473670022
2936914609
535066551
2852437181
3489183417
198142963
3775011670
868356875
3187462255
1520857834
3931097068
779623078
105540869
3349415589
3577312805
22692224
272152244
2385225532
2461440117
1188409296
3900538499
1317457670
3439974911
1877242040
385900213
3573089165
997579429
2643356448
2905501173
688284181
117840326
3608931853
4072907388
648058329
392890595
3288496033
3199734203
1738084236
4143981088
2620934399
2294488455
1492584751
4294480867
3233060748
880983133
2735676752
2392764976
1552124983
2547460865
5933580
1266494979
854697094
1852401116
3502938153
3654068824
1312885589
1259279032
3699553205
2073477326
1364293246
3833089148
542085430
66582697
862797163
483561187
2053489799
1012914178
1082657270
2145658651
2174351331
3496671783
1247140630
1649334746
2554620791
2959043003
1247140630
415656522
3892723882
1135639284
3069375419
2666131831
1692615642
2853518684
1599583251
4027800942
2666852896
2841195494
1461007733
2378393531
