0 1 2 3 4 5 6 7 8 -1 -1 -1 -1 -1 -1 -1 -1 -1 -1 9 -1 -1 -1 -1 -1 10 -1 11 -1 12 -1 13 -1 14 -1 15 -1 -1 -1 -1 -1 -1 -1 -1 -1 -1 -1 -1 -1 -1 -1 -1 -1 -1 -1 -1 30 -1 29 -1 28 -1 27 23 26 -1 -1 -1 -1 -1 25 -1 -1 -1 -1 -1 -1 -1 -1 -1 -1 24 -1 22 21 20 19 18 17 16 
0 -1 2 3 4 5 6 7 8 -1 -1 -1 -1 -1 -1 -1 -1 -1 -1 9 1 -1 -1 -1 -1 10 -1 11 -1 12 -1 13 -1 14 -1 15 -1 -1 -1 -1 -1 -1 -1 -1 -1 -1 -1 -1 -1 -1 -1 -1 -1 -1 -1 -1 30 -1 29 -1 28 -1 27 23 26 -1 -1 -1 -1 -1 25 -1 -1 -1 -1 -1 -1 -1 -1 -1 -1 24 -1 22 21 20 19 18 17 16 
0 -1 2 3 4 5 6 7 8 -1 -1 -1 -1 -1 -1 -1 -1 -1 -1 9 1 -1 -1 -1 -1 10 -1 11 -1 12 -1 13 -1 14 -1 15 -1 -1 -1 -1 -1 -1 -1 -1 -1 -1 -1 -1 -1 -1 -1 -1 -1 -1 -1 -1 30 -1 29 -1 28 -1 27 23 -1 26 -1 -1 -1 -1 25 -1 -1 -1 -1 -1 -1 -1 -1 -1 -1 24 -1 22 21 20 19 18 17 16 
-1 0 2 3 4 5 6 7 8 -1 -1 -1 -1 -1 -1 -1 -1 -1 -1 9 1 -1 -1 -1 -1 10 -1 11 -1 12 -1 13 -1 14 -1 15 -1 -1 -1 -1 -1 -1 -1 -1 -1 -1 -1 -1 -1 -1 -1 -1 -1 -1 -1 -1 30 -1 29 -1 28 -1 27 23 -1 26 -1 -1 -1 -1 25 -1 -1 -1 -1 -1 -1 -1 -1 -1 -1 24 -1 22 21 20 19 18 17 16 
-1 0 2 3 4 5 6 7 8 -1 -1 -1 -1 -1 -1 -1 -1 -1 -1 9 1 -1 -1 -1 -1 10 -1 11 -1 12 -1 13 -1 14 -1 15 -1 -1 -1 -1 -1 -1 -1 -1 -1 -1 -1 -1 -1 -1 -1 -1 -1 -1 -1 -1 30 -1 29 -1 28 -1 27 23 -1 26 -1 -1 -1 -1 25 -1 -1 -1 -1 -1 -1 -1 -1 -1 -1 -1 24 22 21 20 19 18 17 16 
-1 0 2 3 4 5 6 7 8 -1 -1 -1 -1 -1 -1 -1 -1 -1 -1 9 1 -1 -1 -1 -1 10 -1 11 -1 12 -1 13 -1 -1 -1 15 -1 -1 -1 -1 -1 -1 14 -1 -1 -1 -1 -1 -1 -1 -1 -1 -1 -1 -1 -1 30 -1 29 -1 28 -1 27 23 -1 26 -1 -1 -1 -1 25 -1 -1 -1 -1 -1 -1 -1 -1 -1 -1 -1 24 22 21 20 19 18 17 16 
-1 0 2 3 4 5 6 7 8 -1 -1 -1 -1 -1 -1 -1 -1 -1 -1 9 1 -1 -1 -1 -1 10 -1 11 -1 12 -1 13 -1 -1 -1 15 -1 -1 -1 -1 -1 -1 14 -1 -1 -1 -1 -1 -1 -1 -1 28 -1 -1 -1 -1 30 -1 29 -1 -1 -1 27 23 -1 26 -1 -1 -1 -1 25 -1 -1 -1 -1 -1 -1 -1 -1 -1 -1 -1 24 22 21 20 19 18 17 16 
-1 0 2 3 4 5 6 7 8 -1 -1 -1 -1 -1 -1 -1 -1 -1 -1 9 1 -1 -1 -1 -1 10 -1 11 -1 12 -1 13 -1 -1 -1 15 -1 -1 -1 -1 -1 -1 -1 -1 -1 -1 -1 -1 -1 -1 -1 14 -1 -1 -1 -1 30 -1 29 -1 -1 -1 27 23 -1 26 -1 -1 -1 -1 25 -1 -1 -1 -1 -1 -1 -1 -1 -1 -1 -1 24 22 21 20 19 18 17 16 
-1 0 2 3 4 5 6 7 8 -1 -1 -1 -1 -1 -1 -1 -1 -1 -1 9 1 -1 -1 -1 -1 10 -1 11 -1 12 -1 13 -1 -1 -1 15 -1 -1 -1 -1 -1 -1 -1 -1 -1 -1 24 -1 -1 -1 -1 14 -1 -1 -1 -1 30 -1 29 -1 -1 -1 27 23 -1 26 -1 -1 -1 -1 25 -1 -1 -1 -1 -1 -1 -1 -1 -1 -1 -1 -1 22 21 20 19 18 17 16 
-1 0 2 3 4 5 6 7 8 -1 -1 -1 -1 -1 -1 -1 -1 -1 -1 9 1 -1 -1 -1 -1 10 -1 11 -1 12 -1 13 -1 -1 -1 15 -1 -1 -1 -1 -1 -1 -1 -1 -1 -1 24 -1 -1 -1 -1 -1 -1 -1 -1 -1 30 -1 29 -1 14 -1 27 23 -1 26 -1 -1 -1 -1 25 -1 -1 -1 -1 -1 -1 -1 -1 -1 -1 -1 -1 22 21 20 19 18 17 16 
-1 0 2 3 4 5 6 7 8 -1 -1 -1 -1 -1 -1 -1 -1 -1 -1 9 1 -1 -1 -1 -1 10 -1 11 -1 12 -1 13 -1 -1 -1 15 -1 -1 -1 -1 -1 -1 -1 -1 -1 -1 24 -1 -1 -1 -1 -1 -1 -1 -1 -1 30 -1 29 -1 14 -1 27 23 -1 26 -1 18 -1 -1 25 -1 -1 -1 -1 -1 -1 -1 -1 -1 -1 -1 -1 22 21 20 19 -1 17 16 
-1 0 2 3 4 5 6 7 8 -1 -1 -1 -1 -1 -1 -1 -1 -1 -1 9 1 -1 -1 10 -1 -1 -1 11 -1 12 -1 13 -1 -1 -1 15 -1 -1 -1 -1 -1 -1 -1 -1 -1 -1 24 -1 -1 -1 -1 -1 -1 -1 -1 -1 30 -1 29 -1 14 -1 27 23 -1 26 -1 18 -1 -1 25 -1 -1 -1 -1 -1 -1 -1 -1 -1 -1 -1 -1 22 21 20 19 -1 17 16 
-1 0 2 3 4 5 6 7 8 -1 -1 -1 -1 -1 -1 -1 -1 -1 -1 9 1 -1 -1 10 -1 -1 -1 11 -1 12 -1 13 -1 -1 -1 15 -1 -1 -1 -1 -1 -1 -1 -1 -1 -1 24 -1 -1 -1 -1 -1 -1 -1 -1 -1 30 -1 29 -1 14 -1 27 23 -1 26 -1 18 -1 -1 25 -1 -1 -1 -1 -1 -1 17 -1 -1 -1 -1 -1 22 21 20 19 -1 -1 16 
-1 0 2 3 4 5 6 7 8 -1 -1 -1 -1 -1 -1 -1 -1 -1 -1 9 1 -1 -1 10 -1 -1 -1 11 -1 12 -1 13 -1 -1 -1 15 -1 -1 -1 -1 -1 -1 -1 -1 -1 -1 24 -1 -1 -1 -1 -1 -1 -1 -1 -1 30 -1 29 -1 -1 14 27 23 -1 26 -1 18 -1 -1 25 -1 -1 -1 -1 -1 -1 17 -1 -1 -1 -1 -1 22 21 20 19 -1 -1 16 
-1 0 2 3 4 5 6 7 8 -1 -1 -1 -1 -1 -1 -1 -1 -1 -1 9 1 -1 -1 10 -1 -1 -1 11 -1 12 -1 13 -1 -1 -1 15 -1 -1 -1 -1 -1 -1 -1 -1 -1 -1 24 -1 -1 -1 -1 -1 -1 -1 -1 -1 30 -1 29 -1 -1 14 27 23 -1 26 -1 18 -1 -1 -1 -1 -1 -1 -1 -1 -1 17 -1 25 -1 -1 -1 22 21 20 19 -1 -1 16 
-1 0 -1 3 4 5 6 7 8 -1 -1 -1 -1 -1 -1 -1 -1 -1 -1 9 1 -1 2 10 -1 -1 -1 11 -1 12 -1 13 -1 -1 -1 15 -1 -1 -1 -1 -1 -1 -1 -1 -1 -1 24 -1 -1 -1 -1 -1 -1 -1 -1 -1 30 -1 29 -1 -1 14 27 23 -1 26 -1 18 -1 -1 -1 -1 -1 -1 -1 -1 -1 17 -1 25 -1 -1 -1 22 21 20 19 -1 -1 16 
-1 0 -1 3 4 5 6 7 8 -1 -1 -1 -1 -1 -1 -1 -1 -1 -1 9 1 -1 2 10 -1 -1 -1 11 -1 12 -1 13 -1 -1 -1 15 -1 -1 -1 -1 -1 -1 -1 -1 -1 -1 24 -1 -1 -1 -1 -1 -1 -1 -1 -1 30 -1 29 -1 -1 14 27 23 -1 26 -1 18 -1 -1 -1 -1 -1 -1 -1 -1 -1 17 -1 25 -1 -1 -1 22 21 20 19 16 -1 -1 
-1 0 -1 3 4 5 6 -1 8 -1 -1 -1 -1 -1 -1 -1 -1 -1 -1 9 1 -1 2 10 -1 -1 7 11 -1 12 -1 13 -1 -1 -1 15 -1 -1 -1 -1 -1 -1 -1 -1 -1 -1 24 -1 -1 -1 -1 -1 -1 -1 -1 -1 30 -1 29 -1 -1 14 27 23 -1 26 -1 18 -1 -1 -1 -1 -1 -1 -1 -1 -1 17 -1 25 -1 -1 -1 22 21 20 19 16 -1 -1 
-1 0 -1 3 4 5 6 -1 8 -1 -1 -1 -1 -1 -1 -1 -1 -1 -1 9 1 -1 2 10 -1 -1 7 11 -1 26 -1 13 -1 -1 -1 15 -1 -1 -1 -1 -1 -1 -1 -1 -1 -1 24 -1 -1 -1 -1 -1 -1 -1 -1 -1 30 -1 29 -1 -1 14 27 23 -1 -1 -1 18 -1 -1 -1 -1 -1 -1 -1 -1 -1 17 -1 25 -1 -1 -1 22 21 20 19 16 -1 -1 
-1 0 -1 3 4 5 6 -1 8 -1 -1 -1 -1 -1 -1 -1 -1 -1 -1 9 1 -1 2 10 -1 -1 7 11 -1 26 -1 13 -1 -1 -1 -1 -1 -1 -1 -1 -1 -1 -1 -1 15 -1 24 -1 -1 -1 -1 -1 -1 -1 -1 -1 30 -1 29 -1 -1 14 27 23 -1 -1 -1 18 -1 -1 -1 -1 -1 -1 -1 -1 -1 17 -1 25 -1 -1 -1 22 21 20 19 16 -1 -1 
-1 0 -1 3 4 5 6 -1 8 -1 -1 -1 -1 -1 -1 -1 -1 -1 -1 9 1 -1 2 10 -1 -1 7 11 -1 26 -1 13 -1 -1 -1 -1 -1 -1 -1 -1 -1 -1 -1 -1 15 -1 24 -1 -1 -1 -1 -1 -1 -1 -1 -1 30 -1 29 -1 -1 14 27 23 -1 -1 17 18 -1 -1 -1 -1 -1 -1 -1 -1 -1 -1 -1 25 -1 -1 -1 22 21 20 19 16 -1 -1 
-1 0 -1 3 4 5 6 -1 -1 -1 -1 -1 -1 -1 -1 -1 -1 8 -1 9 1 -1 2 10 -1 -1 7 11 -1 26 -1 13 -1 -1 -1 -1 -1 -1 -1 -1 -1 -1 -1 -1 15 -1 24 -1 -1 -1 -1 -1 -1 -1 -1 -1 30 -1 29 -1 -1 14 27 23 -1 -1 17 18 -1 -1 -1 -1 -1 -1 -1 -1 -1 -1 -1 25 -1 -1 -1 22 21 20 19 16 -1 -1 
-1 0 -1 3 4 5 6 -1 -1 -1 -1 -1 -1 -1 -1 -1 -1 8 -1 9 1 -1 2 10 -1 -1 7 11 -1 26 -1 13 -1 -1 -1 -1 -1 -1 -1 -1 -1 -1 -1 -1 15 -1 -1 -1 24 -1 -1 -1 -1 -1 -1 -1 30 -1 29 -1 -1 14 27 23 -1 -1 17 18 -1 -1 -1 -1 -1 -1 -1 -1 -1 -1 -1 25 -1 -1 -1 22 21 20 19 16 -1 -1 
-1 0 -1 3 4 5 6 -1 -1 -1 -1 -1 -1 -1 -1 -1 -1 8 -1 -1 1 -1 2 10 -1 -1 7 11 -1 26 -1 13 -1 -1 -1 -1 -1 9 -1 -1 -1 -1 -1 -1 15 -1 -1 -1 24 -1 -1 -1 -1 -1 -1 -1 30 -1 29 -1 -1 14 27 23 -1 -1 17 18 -1 -1 -1 -1 -1 -1 -1 -1 -1 -1 -1 25 -1 -1 -1 22 21 20 19 16 -1 -1 
-1 0 -1 3 4 5 6 -1 -1 -1 -1 -1 -1 -1 -1 -1 -1 8 -1 -1 1 -1 2 10 -1 -1 7 11 -1 26 -1 13 -1 -1 -1 -1 -1 9 -1 -1 -1 -1 -1 -1 15 -1 -1 17 24 -1 -1 -1 -1 -1 -1 -1 30 -1 29 -1 -1 14 27 23 -1 -1 -1 18 -1 -1 -1 -1 -1 -1 -1 -1 -1 -1 -1 25 -1 -1 -1 22 21 20 19 16 -1 -1 
-1 0 -1 3 4 5 6 -1 -1 -1 -1 -1 -1 -1 -1 -1 -1 8 -1 -1 1 -1 2 10 -1 -1 7 11 -1 26 -1 13 -1 -1 -1 -1 -1 -1 9 -1 -1 -1 -1 -1 15 -1 -1 17 24 -1 -1 -1 -1 -1 -1 -1 30 -1 29 -1 -1 14 27 23 -1 -1 -1 18 -1 -1 -1 -1 -1 -1 -1 -1 -1 -1 -1 25 -1 -1 -1 22 21 20 19 16 -1 -1 
-1 0 -1 3 4 5 6 -1 -1 -1 -1 -1 -1 -1 -1 -1 -1 8 -1 -1 1 -1 2 10 -1 -1 7 11 -1 26 24 13 -1 -1 -1 -1 -1 -1 9 -1 -1 -1 -1 -1 15 -1 -1 17 -1 -1 -1 -1 -1 -1 -1 -1 30 -1 29 -1 -1 14 27 23 -1 -1 -1 18 -1 -1 -1 -1 -1 -1 -1 -1 -1 -1 -1 25 -1 -1 -1 22 21 20 19 16 -1 -1 
-1 0 -1 -1 4 5 6 -1 -1 -1 -1 -1 -1 3 -1 -1 -1 8 -1 -1 1 -1 2 10 -1 -1 7 11 -1 26 24 13 -1 -1 -1 -1 -1 -1 9 -1 -1 -1 -1 -1 15 -1 -1 17 -1 -1 -1 -1 -1 -1 -1 -1 30 -1 29 -1 -1 14 27 23 -1 -1 -1 18 -1 -1 -1 -1 -1 -1 -1 -1 -1 -1 -1 25 -1 -1 -1 22 21 20 19 16 -1 -1 
-1 0 -1 -1 4 5 6 -1 -1 -1 -1 -1 -1 3 -1 -1 -1 8 -1 -1 1 -1 2 10 -1 -1 7 11 -1 -1 24 26 -1 -1 -1 -1 -1 -1 9 -1 -1 -1 -1 -1 15 -1 -1 17 -1 -1 -1 -1 -1 -1 -1 -1 30 -1 29 -1 -1 14 27 23 -1 -1 -1 18 -1 -1 -1 -1 -1 -1 -1 -1 -1 -1 -1 25 -1 -1 -1 22 21 20 19 16 -1 -1 
-1 -1 -1 0 4 5 6 -1 -1 -1 -1 -1 -1 3 -1 -1 -1 8 -1 -1 1 -1 2 10 -1 -1 7 11 -1 -1 24 26 -1 -1 -1 -1 -1 -1 9 -1 -1 -1 -1 -1 15 -1 -1 17 -1 -1 -1 -1 -1 -1 -1 -1 30 -1 29 -1 -1 14 27 23 -1 -1 -1 18 -1 -1 -1 -1 -1 -1 -1 -1 -1 -1 -1 25 -1 -1 -1 22 21 20 19 16 -1 -1 
-1 -1 -1 24 4 5 6 -1 -1 -1 -1 -1 -1 3 -1 -1 -1 8 -1 -1 1 -1 2 10 -1 -1 7 11 -1 -1 -1 26 -1 -1 -1 -1 -1 -1 9 -1 -1 -1 -1 -1 15 -1 -1 17 -1 -1 -1 -1 -1 -1 -1 -1 30 -1 29 -1 -1 14 27 23 -1 -1 -1 18 -1 -1 -1 -1 -1 -1 -1 -1 -1 -1 -1 25 -1 -1 -1 22 21 20 19 16 -1 -1 
-1 -1 -1 4 -1 5 6 -1 -1 -1 -1 -1 -1 3 -1 -1 -1 8 -1 -1 1 -1 2 10 -1 -1 7 11 -1 -1 -1 26 -1 -1 -1 -1 -1 -1 9 -1 -1 -1 -1 -1 15 -1 -1 17 -1 -1 -1 -1 -1 -1 -1 -1 30 -1 29 -1 -1 14 27 23 -1 -1 -1 18 -1 -1 -1 -1 -1 -1 -1 -1 -1 -1 -1 25 -1 -1 -1 22 21 20 19 16 -1 -1 
-1 -1 -1 4 -1 5 6 -1 -1 -1 -1 -1 -1 3 -1 -1 -1 8 -1 -1 1 -1 2 10 -1 -1 7 11 -1 -1 26 -1 -1 -1 -1 -1 -1 -1 9 -1 -1 -1 -1 -1 15 -1 -1 17 -1 -1 -1 -1 -1 -1 -1 -1 30 -1 29 -1 -1 14 27 23 -1 -1 -1 18 -1 -1 -1 -1 -1 -1 -1 -1 -1 -1 -1 25 -1 -1 -1 22 21 20 19 16 -1 -1 
-1 -1 -1 4 -1 5 6 -1 -1 -1 -1 -1 -1 3 -1 8 -1 -1 -1 -1 1 -1 2 10 -1 -1 7 11 -1 -1 26 -1 -1 -1 -1 -1 -1 -1 9 -1 -1 -1 -1 -1 15 -1 -1 17 -1 -1 -1 -1 -1 -1 -1 -1 30 -1 29 -1 -1 14 27 23 -1 -1 -1 18 -1 -1 -1 -1 -1 -1 -1 -1 -1 -1 -1 25 -1 -1 -1 22 21 20 19 16 -1 -1 
-1 -1 -1 4 -1 5 6 -1 -1 -1 -1 -1 -1 3 -1 16 -1 -1 -1 -1 1 -1 2 10 -1 -1 7 11 -1 -1 26 -1 -1 -1 -1 -1 -1 -1 9 -1 -1 -1 -1 -1 15 -1 -1 17 -1 -1 -1 -1 -1 -1 -1 -1 30 -1 29 -1 -1 14 27 23 -1 -1 -1 18 -1 -1 -1 -1 -1 -1 -1 -1 -1 -1 -1 25 -1 -1 -1 22 21 20 19 -1 -1 -1 
-1 -1 -1 4 -1 5 6 -1 -1 -1 -1 -1 -1 3 -1 7 -1 -1 -1 -1 1 -1 2 10 -1 -1 -1 11 -1 -1 26 -1 -1 -1 -1 -1 -1 -1 9 -1 -1 -1 -1 -1 15 -1 -1 17 -1 -1 -1 -1 -1 -1 -1 -1 30 -1 29 -1 -1 14 27 23 -1 -1 -1 18 -1 -1 -1 -1 -1 -1 -1 -1 -1 -1 -1 25 -1 -1 -1 22 21 20 19 -1 -1 -1 
-1 -1 -1 4 -1 5 6 -1 -1 -1 -1 -1 -1 3 -1 7 -1 -1 -1 -1 1 -1 2 10 -1 -1 -1 11 -1 -1 26 -1 -1 -1 -1 -1 -1 -1 9 -1 17 -1 -1 -1 15 -1 -1 -1 -1 -1 -1 -1 -1 -1 -1 -1 30 -1 29 -1 -1 14 27 23 -1 -1 -1 18 -1 -1 -1 -1 -1 -1 -1 -1 -1 -1 -1 25 -1 -1 -1 22 21 20 19 -1 -1 -1 
-1 -1 -1 4 -1 5 6 -1 -1 -1 -1 -1 -1 3 -1 7 -1 -1 -1 -1 -1 -1 2 10 -1 -1 -1 11 -1 -1 26 1 -1 -1 -1 -1 -1 -1 9 -1 17 -1 -1 -1 15 -1 -1 -1 -1 -1 -1 -1 -1 -1 -1 -1 30 -1 29 -1 -1 14 27 23 -1 -1 -1 18 -1 -1 -1 -1 -1 -1 -1 -1 -1 -1 -1 25 -1 -1 -1 22 21 20 19 -1 -1 -1 
-1 -1 -1 4 -1 5 6 -1 -1 -1 -1 -1 -1 3 -1 7 -1 -1 -1 -1 -1 -1 2 10 -1 -1 -1 11 -1 -1 26 1 -1 -1 -1 -1 -1 -1 9 -1 17 -1 -1 -1 15 -1 -1 30 -1 -1 -1 -1 -1 -1 -1 -1 -1 -1 29 -1 -1 14 27 23 -1 -1 -1 18 -1 -1 -1 -1 -1 -1 -1 -1 -1 -1 -1 25 -1 -1 -1 22 21 20 19 -1 -1 -1 
-1 -1 -1 4 -1 5 6 -1 -1 -1 -1 9 -1 3 -1 7 -1 -1 -1 -1 -1 -1 2 10 -1 -1 -1 11 -1 -1 26 1 -1 -1 -1 -1 -1 -1 -1 -1 17 -1 -1 -1 15 -1 -1 30 -1 -1 -1 -1 -1 -1 -1 -1 -1 -1 29 -1 -1 14 27 23 -1 -1 -1 18 -1 -1 -1 -1 -1 -1 -1 -1 -1 -1 -1 25 -1 -1 -1 22 21 20 19 -1 -1 -1 
-1 -1 -1 4 -1 5 6 -1 -1 -1 -1 9 -1 3 -1 7 -1 -1 -1 -1 -1 -1 2 10 -1 -1 -1 11 -1 -1 26 1 -1 -1 -1 -1 -1 -1 -1 -1 17 -1 -1 -1 15 -1 -1 30 -1 -1 -1 -1 -1 -1 -1 -1 -1 -1 29 -1 -1 14 27 23 -1 -1 -1 18 -1 -1 -1 -1 -1 -1 -1 -1 -1 -1 25 -1 -1 -1 -1 22 21 20 19 -1 -1 -1 
-1 -1 -1 -1 4 5 6 -1 -1 -1 -1 9 -1 3 -1 7 -1 -1 -1 -1 -1 -1 2 10 -1 -1 -1 11 -1 -1 26 1 -1 -1 -1 -1 -1 -1 -1 -1 17 -1 -1 -1 15 -1 -1 30 -1 -1 -1 -1 -1 -1 -1 -1 -1 -1 29 -1 -1 14 27 23 -1 -1 -1 18 -1 -1 -1 -1 -1 -1 -1 -1 -1 -1 25 -1 -1 -1 -1 22 21 20 19 -1 -1 -1 
-1 -1 -1 -1 4 5 6 -1 -1 -1 -1 9 -1 3 -1 7 -1 -1 -1 -1 -1 -1 2 10 -1 -1 -1 11 -1 -1 26 1 -1 -1 -1 -1 -1 -1 -1 -1 -1 -1 -1 -1 15 -1 -1 30 -1 -1 -1 17 -1 -1 -1 -1 -1 -1 29 -1 -1 14 27 23 -1 -1 -1 18 -1 -1 -1 -1 -1 -1 -1 -1 -1 -1 25 -1 -1 -1 -1 22 21 20 19 -1 -1 -1 
-1 -1 -1 -1 4 5 6 -1 -1 -1 -1 9 -1 3 -1 7 -1 -1 -1 -1 -1 -1 2 10 -1 -1 -1 11 -1 -1 26 -1 -1 -1 -1 -1 -1 -1 -1 -1 -1 -1 -1 -1 15 -1 -1 30 1 -1 -1 17 -1 -1 -1 -1 -1 -1 29 -1 -1 14 27 23 -1 -1 -1 18 -1 -1 -1 -1 -1 -1 -1 -1 -1 -1 25 -1 -1 -1 -1 22 21 20 19 -1 -1 -1 
-1 -1 -1 -1 4 5 6 -1 -1 -1 -1 9 -1 3 -1 7 -1 -1 -1 -1 -1 -1 2 10 -1 -1 -1 11 -1 -1 26 -1 -1 -1 -1 -1 -1 -1 -1 -1 -1 -1 -1 -1 15 -1 -1 30 1 29 -1 17 -1 -1 -1 -1 -1 -1 -1 -1 -1 14 27 23 -1 -1 -1 18 -1 -1 -1 -1 -1 -1 -1 -1 -1 -1 25 -1 -1 -1 -1 22 21 20 19 -1 -1 -1 
-1 -1 -1 -1 4 5 6 -1 -1 -1 -1 9 -1 3 -1 7 -1 -1 -1 -1 -1 -1 2 10 -1 -1 -1 11 -1 -1 26 -1 -1 -1 -1 -1 -1 -1 -1 -1 -1 -1 -1 -1 15 -1 -1 30 1 29 -1 17 -1 -1 -1 -1 -1 -1 -1 -1 -1 -1 14 23 -1 -1 -1 18 -1 -1 -1 -1 -1 -1 -1 -1 -1 -1 25 -1 -1 -1 -1 22 21 20 19 -1 -1 -1 
-1 -1 -1 -1 4 5 6 -1 -1 -1 -1 9 -1 3 -1 7 -1 -1 -1 -1 -1 -1 2 10 -1 -1 -1 11 -1 -1 26 -1 -1 -1 -1 -1 -1 -1 -1 -1 -1 -1 -1 -1 15 31 -1 30 1 29 -1 17 -1 -1 -1 -1 -1 -1 -1 -1 -1 -1 14 23 -1 -1 -1 18 -1 -1 -1 -1 -1 -1 -1 -1 -1 -1 25 -1 -1 -1 -1 22 21 20 19 -1 -1 -1 
-1 -1 -1 -1 4 5 6 -1 -1 -1 -1 9 -1 3 -1 7 -1 -1 -1 -1 -1 -1 2 10 -1 -1 -1 -1 -1 -1 26 -1 -1 -1 -1 -1 11 -1 -1 -1 -1 -1 -1 -1 15 31 -1 30 1 29 -1 17 -1 -1 -1 -1 -1 -1 -1 -1 -1 -1 14 23 -1 -1 -1 18 -1 -1 -1 -1 -1 -1 -1 -1 -1 -1 25 -1 -1 -1 -1 22 21 20 19 -1 -1 -1 
-1 -1 -1 -1 4 5 6 -1 -1 -1 -1 9 -1 3 -1 25 -1 -1 -1 -1 -1 -1 2 10 -1 -1 -1 -1 -1 -1 26 -1 -1 -1 -1 -1 11 -1 -1 -1 -1 -1 -1 -1 15 31 -1 30 1 29 -1 17 -1 -1 -1 -1 -1 -1 -1 -1 -1 -1 14 23 -1 -1 -1 18 -1 -1 -1 -1 -1 -1 -1 -1 -1 -1 -1 -1 -1 -1 -1 22 21 20 19 -1 -1 -1 
-1 -1 -1 -1 4 5 6 -1 -1 -1 -1 -1 -1 3 -1 9 -1 -1 -1 -1 -1 -1 2 10 -1 -1 -1 -1 -1 -1 26 -1 -1 -1 -1 -1 11 -1 -1 -1 -1 -1 -1 -1 15 31 -1 30 1 29 -1 17 -1 -1 -1 -1 -1 -1 -1 -1 -1 -1 14 23 -1 -1 -1 18 -1 -1 -1 -1 -1 -1 -1 -1 -1 -1 -1 -1 -1 -1 -1 22 21 20 19 -1 -1 -1 
-1 -1 -1 -1 4 5 6 -1 -1 -1 -1 -1 -1 3 -1 9 -1 -1 -1 -1 -1 -1 2 10 -1 -1 -1 -1 -1 -1 26 -1 -1 -1 17 -1 11 -1 -1 -1 -1 -1 -1 -1 15 31 -1 30 1 29 -1 -1 -1 -1 -1 -1 -1 -1 -1 -1 -1 -1 14 23 -1 -1 -1 18 -1 -1 -1 -1 -1 -1 -1 -1 -1 -1 -1 -1 -1 -1 -1 22 21 20 19 -1 -1 -1 
-1 -1 -1 -1 4 5 6 -1 -1 -1 -1 -1 -1 3 -1 9 -1 -1 -1 -1 -1 -1 2 -1 -1 10 -1 -1 -1 -1 26 -1 -1 -1 17 -1 11 -1 -1 -1 -1 -1 -1 -1 15 31 -1 30 1 29 -1 -1 -1 -1 -1 -1 -1 -1 -1 -1 -1 -1 14 23 -1 -1 -1 18 -1 -1 -1 -1 -1 -1 -1 -1 -1 -1 -1 -1 -1 -1 -1 22 21 20 19 -1 -1 -1 
-1 -1 -1 -1 4 5 6 -1 -1 -1 -1 -1 -1 3 -1 9 -1 -1 -1 -1 -1 -1 2 -1 -1 10 -1 -1 -1 -1 26 -1 -1 -1 17 -1 11 -1 -1 -1 -1 -1 -1 -1 15 31 23 30 1 29 -1 -1 -1 -1 -1 -1 -1 -1 -1 -1 -1 -1 14 -1 -1 -1 -1 18 -1 -1 -1 -1 -1 -1 -1 -1 -1 -1 -1 -1 -1 -1 -1 22 21 20 19 -1 -1 -1 
-1 -1 -1 -1 4 5 6 -1 -1 -1 -1 -1 -1 3 -1 9 -1 -1 -1 -1 -1 -1 2 -1 -1 10 -1 -1 -1 -1 26 1 -1 -1 17 -1 11 -1 -1 -1 -1 -1 -1 -1 15 31 23 30 -1 29 -1 -1 -1 -1 -1 -1 -1 -1 -1 -1 -1 -1 14 -1 -1 -1 -1 18 -1 -1 -1 -1 -1 -1 -1 -1 -1 -1 -1 -1 -1 -1 -1 22 21 20 19 -1 -1 -1 
-1 -1 -1 -1 4 5 6 -1 -1 -1 -1 -1 -1 3 -1 9 -1 -1 -1 -1 -1 -1 2 -1 -1 10 -1 -1 -1 -1 26 1 -1 -1 -1 -1 11 -1 -1 -1 -1 -1 -1 -1 15 31 23 30 -1 29 -1 -1 -1 17 -1 -1 -1 -1 -1 -1 -1 -1 14 -1 -1 -1 -1 18 -1 -1 -1 -1 -1 -1 -1 -1 -1 -1 -1 -1 -1 -1 -1 22 21 20 19 -1 -1 -1 
-1 -1 -1 -1 4 5 6 -1 -1 -1 -1 -1 -1 3 -1 9 -1 -1 -1 -1 -1 -1 2 -1 -1 -1 -1 -1 -1 -1 26 1 -1 -1 -1 -1 11 -1 -1 -1 -1 -1 -1 -1 15 31 23 30 -1 29 -1 -1 -1 17 -1 -1 -1 -1 -1 -1 -1 -1 14 -1 -1 -1 -1 18 -1 -1 -1 -1 -1 -1 -1 -1 -1 -1 -1 -1 -1 -1 -1 22 21 20 19 -1 10 -1 
-1 -1 -1 -1 4 5 6 -1 -1 -1 -1 -1 -1 3 -1 9 -1 -1 -1 -1 -1 -1 2 -1 -1 -1 -1 -1 -1 -1 26 1 -1 -1 -1 -1 11 -1 -1 -1 -1 -1 -1 -1 15 31 23 30 -1 29 -1 -1 -1 17 -1 -1 -1 -1 -1 -1 -1 -1 14 -1 -1 -1 -1 -1 -1 -1 -1 -1 -1 -1 -1 -1 -1 -1 -1 -1 -1 -1 -1 22 21 20 19 18 10 -1 
-1 -1 -1 -1 4 5 6 -1 -1 -1 -1 -1 -1 3 -1 9 -1 -1 -1 -1 -1 -1 2 -1 -1 -1 -1 -1 -1 -1 26 1 -1 -1 -1 -1 11 -1 -1 -1 -1 -1 -1 -1 15 31 23 30 -1 29 -1 -1 10 17 -1 -1 -1 -1 -1 -1 -1 -1 14 -1 -1 -1 -1 -1 -1 -1 -1 -1 -1 -1 -1 -1 -1 -1 -1 -1 -1 -1 -1 22 21 20 19 18 -1 -1 
-1 -1 -1 -1 4 5 6 -1 -1 -1 -1 -1 -1 3 -1 9 -1 -1 -1 -1 -1 -1 2 -1 -1 -1 -1 -1 -1 -1 26 1 -1 -1 17 -1 11 -1 -1 -1 -1 -1 -1 -1 15 31 23 30 -1 29 -1 -1 10 -1 -1 -1 -1 -1 -1 -1 -1 -1 14 -1 -1 -1 -1 -1 -1 -1 -1 -1 -1 -1 -1 -1 -1 -1 -1 -1 -1 -1 -1 22 21 20 19 18 -1 -1 
-1 -1 -1 -1 4 5 6 -1 -1 -1 -1 -1 -1 3 9 -1 -1 -1 -1 -1 -1 -1 2 -1 -1 -1 -1 -1 -1 -1 26 1 -1 -1 17 -1 11 -1 -1 -1 -1 -1 -1 -1 15 31 23 30 -1 29 -1 -1 10 -1 -1 -1 -1 -1 -1 -1 -1 -1 14 -1 -1 -1 -1 -1 -1 -1 -1 -1 -1 -1 -1 -1 -1 -1 -1 -1 -1 -1 -1 22 21 20 19 18 -1 -1 
-1 -1 -1 -1 4 5 6 -1 -1 -1 -1 -1 -1 3 9 -1 -1 -1 -1 -1 -1 -1 2 -1 -1 -1 -1 23 -1 -1 26 1 -1 -1 17 -1 11 -1 -1 -1 -1 -1 -1 -1 15 31 -1 30 -1 29 -1 -1 10 -1 -1 -1 -1 -1 -1 -1 -1 -1 14 -1 -1 -1 -1 -1 -1 -1 -1 -1 -1 -1 -1 -1 -1 -1 -1 -1 -1 -1 -1 22 21 20 19 18 -1 -1 
-1 -1 -1 -1 4 5 6 -1 -1 -1 -1 -1 -1 3 9 -1 -1 -1 -1 -1 -1 -1 2 -1 -1 -1 -1 23 -1 -1 26 -1 -1 -1 17 -1 11 -1 -1 -1 -1 -1 1 -1 15 31 -1 30 -1 29 -1 -1 10 -1 -1 -1 -1 -1 -1 -1 -1 -1 14 -1 -1 -1 -1 -1 -1 -1 -1 -1 -1 -1 -1 -1 -1 -1 -1 -1 -1 -1 -1 22 21 20 19 18 -1 -1 
-1 -1 -1 -1 4 5 6 -1 -1 -1 -1 -1 -1 3 9 -1 -1 -1 -1 -1 -1 -1 2 -1 -1 -1 -1 -1 -1 -1 26 -1 -1 -1 17 -1 11 -1 23 -1 -1 -1 1 -1 15 31 -1 30 -1 29 -1 -1 10 -1 -1 -1 -1 -1 -1 -1 -1 -1 14 -1 -1 -1 -1 -1 -1 -1 -1 -1 -1 -1 -1 -1 -1 -1 -1 -1 -1 -1 -1 22 21 20 19 18 -1 -1 
-1 -1 -1 -1 4 5 6 -1 -1 -1 -1 -1 -1 3 9 -1 -1 -1 -1 -1 -1 -1 2 -1 -1 -1 -1 -1 -1 -1 26 -1 -1 -1 17 -1 11 -1 23 -1 -1 -1 1 -1 15 31 -1 10 -1 29 -1 -1 -1 -1 -1 -1 -1 -1 -1 -1 -1 -1 14 -1 -1 -1 -1 -1 -1 -1 -1 -1 -1 -1 -1 -1 -1 -1 -1 -1 -1 -1 -1 22 21 20 19 18 -1 -1 
-1 -1 -1 -1 4 5 6 -1 -1 -1 -1 -1 -1 3 9 -1 -1 -1 -1 -1 -1 -1 2 -1 -1 -1 -1 -1 -1 -1 26 -1 -1 -1 17 -1 11 -1 23 -1 -1 -1 1 -1 15 31 -1 10 -1 29 -1 -1 -1 -1 -1 -1 -1 -1 -1 -1 -1 -1 14 -1 -1 -1 -1 22 -1 -1 -1 -1 -1 -1 -1 -1 -1 -1 -1 -1 -1 -1 -1 -1 21 20 19 18 -1 -1 
-1 -1 -1 -1 4 5 6 -1 -1 -1 -1 -1 -1 3 9 -1 -1 -1 -1 -1 -1 -1 2 -1 -1 -1 -1 -1 -1 -1 26 -1 -1 -1 17 -1 11 -1 23 -1 -1 -1 1 -1 15 31 10 -1 -1 29 -1 -1 -1 -1 -1 -1 -1 -1 -1 -1 -1 -1 14 -1 -1 -1 -1 22 -1 -1 -1 -1 -1 -1 -1 -1 -1 -1 -1 -1 -1 -1 -1 -1 21 20 19 18 -1 -1 
-1 -1 -1 -1 4 5 6 -1 -1 -1 -1 -1 -1 3 9 -1 -1 -1 -1 -1 -1 -1 2 -1 -1 -1 -1 -1 -1 -1 26 -1 -1 -1 17 -1 11 -1 23 -1 -1 -1 1 -1 15 31 10 -1 -1 29 -1 22 -1 -1 -1 -1 -1 -1 -1 -1 -1 -1 14 -1 -1 -1 -1 -1 -1 -1 -1 -1 -1 -1 -1 -1 -1 -1 -1 -1 -1 -1 -1 -1 21 20 19 18 -1 -1 
-1 -1 -1 -1 4 5 6 -1 -1 -1 -1 -1 -1 3 9 -1 -1 -1 -1 -1 -1 -1 2 -1 -1 -1 -1 -1 10 -1 26 -1 -1 -1 17 -1 11 -1 23 -1 -1 -1 1 -1 15 31 -1 -1 -1 29 -1 22 -1 -1 -1 -1 -1 -1 -1 -1 -1 -1 14 -1 -1 -1 -1 -1 -1 -1 -1 -1 -1 -1 -1 -1 -1 -1 -1 -1 -1 -1 -1 -1 21 20 19 18 -1 -1 
-1 -1 -1 -1 4 5 6 -1 -1 -1 -1 -1 -1 3 9 17 -1 -1 -1 -1 -1 -1 2 -1 -1 -1 -1 -1 10 -1 26 -1 -1 -1 -1 -1 11 -1 23 -1 -1 -1 1 -1 15 31 -1 -1 -1 29 -1 22 -1 -1 -1 -1 -1 -1 -1 -1 -1 -1 14 -1 -1 -1 -1 -1 -1 -1 -1 -1 -1 -1 -1 -1 -1 -1 -1 -1 -1 -1 -1 -1 21 20 19 18 -1 -1 
-1 -1 -1 -1 4 5 6 -1 -1 -1 10 -1 -1 3 9 17 -1 -1 -1 -1 -1 -1 2 -1 -1 -1 -1 -1 -1 -1 26 -1 -1 -1 -1 -1 11 -1 23 -1 -1 -1 1 -1 15 31 -1 -1 -1 29 -1 22 -1 -1 -1 -1 -1 -1 -1 -1 -1 -1 14 -1 -1 -1 -1 -1 -1 -1 -1 -1 -1 -1 -1 -1 -1 -1 -1 -1 -1 -1 -1 -1 21 20 19 18 -1 -1 
-1 -1 -1 -1 4 5 6 -1 -1 -1 10 -1 -1 3 9 17 -1 -1 -1 -1 -1 -1 2 -1 -1 -1 -1 -1 -1 -1 26 -1 -1 -1 -1 -1 11 -1 23 -1 29 -1 1 -1 15 31 -1 -1 -1 -1 -1 22 -1 -1 -1 -1 -1 -1 -1 -1 -1 -1 14 -1 -1 -1 -1 -1 -1 -1 -1 -1 -1 -1 -1 -1 -1 -1 -1 -1 -1 -1 -1 -1 21 20 19 18 -1 -1 
-1 -1 -1 -1 4 5 6 -1 -1 -1 -1 -1 10 3 9 17 -1 -1 -1 -1 -1 -1 2 -1 -1 -1 -1 -1 -1 -1 26 -1 -1 -1 -1 -1 11 -1 23 -1 29 -1 1 -1 15 31 -1 -1 -1 -1 -1 22 -1 -1 -1 -1 -1 -1 -1 -1 -1 -1 14 -1 -1 -1 -1 -1 -1 -1 -1 -1 -1 -1 -1 -1 -1 -1 -1 -1 -1 -1 -1 -1 21 20 19 18 -1 -1 
-1 -1 -1 -1 4 5 6 -1 -1 -1 -1 -1 10 3 9 17 -1 -1 -1 23 -1 -1 2 -1 -1 -1 -1 -1 -1 -1 26 -1 -1 -1 -1 -1 11 -1 -1 -1 29 -1 1 -1 15 31 -1 -1 -1 -1 -1 22 -1 -1 -1 -1 -1 -1 -1 -1 -1 -1 14 -1 -1 -1 -1 -1 -1 -1 -1 -1 -1 -1 -1 -1 -1 -1 -1 -1 -1 -1 -1 -1 21 20 19 18 -1 -1 
-1 -1 -1 -1 4 5 6 -1 -1 -1 -1 10 -1 3 9 17 -1 -1 -1 23 -1 -1 2 -1 -1 -1 -1 -1 -1 -1 26 -1 -1 -1 -1 -1 11 -1 -1 -1 29 -1 1 -1 15 31 -1 -1 -1 -1 -1 22 -1 -1 -1 -1 -1 -1 -1 -1 -1 -1 14 -1 -1 -1 -1 -1 -1 -1 -1 -1 -1 -1 -1 -1 -1 -1 -1 -1 -1 -1 -1 -1 21 20 19 18 -1 -1 
-1 -1 -1 -1 4 5 6 -1 -1 -1 -1 10 -1 3 9 17 -1 -1 -1 23 -1 -1 2 -1 -1 -1 -1 -1 -1 -1 -1 -1 -1 26 -1 -1 11 -1 -1 -1 29 -1 1 -1 15 31 -1 -1 -1 -1 -1 22 -1 -1 -1 -1 -1 -1 -1 -1 -1 -1 14 -1 -1 -1 -1 -1 -1 -1 -1 -1 -1 -1 -1 -1 -1 -1 -1 -1 -1 -1 -1 -1 21 20 19 18 -1 -1 
-1 -1 -1 -1 4 5 6 -1 -1 -1 -1 10 -1 -1 9 17 -1 -1 -1 23 -1 3 2 -1 -1 -1 -1 -1 -1 -1 -1 -1 -1 26 -1 -1 11 -1 -1 -1 29 -1 1 -1 15 31 -1 -1 -1 -1 -1 22 -1 -1 -1 -1 -1 -1 -1 -1 -1 -1 14 -1 -1 -1 -1 -1 -1 -1 -1 -1 -1 -1 -1 -1 -1 -1 -1 -1 -1 -1 -1 -1 21 20 19 18 -1 -1 
-1 -1 -1 -1 4 5 6 -1 -1 -1 -1 10 -1 -1 9 -1 -1 -1 -1 23 -1 3 2 -1 -1 -1 -1 -1 -1 -1 -1 -1 -1 26 -1 -1 11 -1 -1 -1 29 -1 1 -1 15 31 -1 -1 -1 -1 -1 22 -1 -1 -1 -1 -1 -1 -1 -1 -1 -1 14 -1 -1 -1 -1 -1 -1 -1 -1 -1 -1 -1 -1 -1 -1 -1 -1 -1 -1 -1 -1 -1 21 20 19 18 -1 -1 
-1 -1 -1 -1 4 -1 6 -1 -1 -1 -1 10 -1 5 9 -1 -1 -1 -1 23 -1 3 2 -1 -1 -1 -1 -1 -1 -1 -1 -1 -1 26 -1 -1 11 -1 -1 -1 29 -1 1 -1 15 31 -1 -1 -1 -1 -1 22 -1 -1 -1 -1 -1 -1 -1 -1 -1 -1 14 -1 -1 -1 -1 -1 -1 -1 -1 -1 -1 -1 -1 -1 -1 -1 -1 -1 -1 -1 -1 -1 21 20 19 18 -1 -1 
-1 -1 -1 -1 4 -1 6 -1 -1 -1 -1 10 -1 5 9 -1 -1 -1 -1 23 -1 3 2 -1 25 -1 -1 -1 -1 -1 -1 -1 -1 26 -1 -1 11 -1 -1 -1 29 -1 1 -1 15 31 -1 -1 -1 -1 -1 22 -1 -1 -1 -1 -1 -1 -1 -1 -1 -1 14 -1 -1 -1 -1 -1 -1 -1 -1 -1 -1 -1 -1 -1 -1 -1 -1 -1 -1 -1 -1 -1 21 20 19 18 -1 -1 
-1 -1 -1 -1 4 -1 6 -1 -1 -1 -1 10 -1 5 9 -1 -1 -1 -1 23 -1 3 -1 -1 25 -1 -1 -1 -1 -1 -1 -1 -1 26 -1 -1 11 -1 -1 -1 29 -1 2 -1 15 31 -1 -1 -1 -1 -1 22 -1 -1 -1 -1 -1 -1 -1 -1 -1 -1 14 -1 -1 -1 -1 -1 -1 -1 -1 -1 -1 -1 -1 -1 -1 -1 -1 -1 -1 -1 -1 -1 21 20 19 18 -1 -1 
-1 -1 -1 -1 4 -1 6 -1 -1 -1 -1 10 -1 5 9 -1 -1 -1 -1 23 -1 3 -1 -1 25 -1 -1 -1 -1 -1 -1 -1 17 26 -1 -1 11 -1 -1 -1 29 -1 2 -1 15 31 -1 -1 -1 -1 -1 22 -1 -1 -1 -1 -1 -1 -1 -1 -1 -1 14 -1 -1 -1 -1 -1 -1 -1 -1 -1 -1 -1 -1 -1 -1 -1 -1 -1 -1 -1 -1 -1 21 20 19 18 -1 -1 
-1 -1 -1 4 -1 -1 6 -1 -1 -1 -1 10 -1 5 9 -1 -1 -1 -1 23 -1 3 -1 -1 25 -1 -1 -1 -1 -1 -1 -1 17 26 -1 -1 11 -1 -1 -1 29 -1 2 -1 15 31 -1 -1 -1 -1 -1 22 -1 -1 -1 -1 -1 -1 -1 -1 -1 -1 14 -1 -1 -1 -1 -1 -1 -1 -1 -1 -1 -1 -1 -1 -1 -1 -1 -1 -1 -1 -1 -1 21 20 19 18 -1 -1 
-1 -1 -1 4 -1 -1 6 -1 -1 -1 -1 10 -1 5 9 -1 -1 -1 -1 23 -1 3 -1 -1 25 -1 -1 -1 -1 -1 -1 -1 17 26 -1 -1 11 -1 -1 -1 29 -1 2 -1 15 31 -1 -1 -1 -1 -1 22 -1 -1 -1 -1 -1 -1 -1 -1 -1 -1 14 -1 -1 -1 -1 -1 -1 -1 -1 -1 -1 -1 -1 -1 -1 -1 -1 -1 -1 -1 -1 -1 21 20 19 -1 -1 -1 
-1 -1 -1 4 -1 9 6 -1 -1 -1 -1 10 -1 5 -1 -1 -1 -1 -1 23 -1 3 -1 -1 25 -1 -1 -1 -1 -1 -1 -1 17 26 -1 -1 11 -1 -1 -1 29 -1 2 -1 15 31 -1 -1 -1 -1 -1 22 -1 -1 -1 -1 -1 -1 -1 -1 -1 -1 14 -1 -1 -1 -1 -1 -1 -1 -1 -1 -1 -1 -1 -1 -1 -1 -1 -1 -1 -1 -1 -1 21 20 19 -1 -1 -1 
-1 -1 -1 4 -1 9 6 -1 -1 -1 -1 10 -1 5 -1 -1 -1 -1 -1 23 -1 3 -1 -1 25 -1 -1 -1 -1 -1 -1 -1 17 26 -1 -1 11 -1 -1 -1 29 -1 2 -1 15 31 -1 -1 -1 -1 -1 22 -1 -1 -1 -1 -1 -1 -1 -1 -1 -1 14 -1 -1 -1 -1 -1 -1 -1 -1 -1 -1 -1 -1 -1 21 -1 -1 -1 -1 -1 -1 -1 -1 20 19 -1 -1 -1 
-1 -1 -1 4 -1 9 6 -1 -1 -1 -1 10 -1 5 -1 -1 -1 -1 -1 23 -1 3 -1 -1 25 -1 -1 -1 -1 -1 -1 -1 17 26 -1 -1 11 -1 -1 -1 29 -1 2 -1 15 31 -1 -1 -1 -1 -1 22 -1 -1 -1 -1 -1 -1 -1 -1 -1 14 -1 -1 -1 -1 -1 -1 -1 -1 -1 -1 -1 -1 -1 -1 21 -1 -1 -1 -1 -1 -1 -1 -1 20 19 -1 -1 -1 
-1 -1 -1 4 -1 9 6 -1 -1 -1 -1 10 -1 5 -1 -1 -1 -1 -1 23 -1 3 -1 -1 25 -1 -1 -1 -1 -1 -1 -1 17 26 -1 -1 31 -1 -1 -1 29 -1 2 -1 15 -1 -1 -1 -1 -1 -1 22 -1 -1 -1 -1 -1 -1 -1 -1 -1 14 -1 -1 -1 -1 -1 -1 -1 -1 -1 -1 -1 -1 -1 -1 21 -1 -1 -1 -1 -1 -1 -1 -1 20 19 -1 -1 -1 
-1 -1 -1 4 -1 9 6 -1 -1 -1 -1 10 -1 5 -1 -1 -1 -1 -1 23 -1 3 -1 -1 25 -1 2 -1 -1 -1 -1 -1 17 26 -1 -1 31 -1 -1 -1 29 -1 -1 -1 15 -1 -1 -1 -1 -1 -1 22 -1 -1 -1 -1 -1 -1 -1 -1 -1 14 -1 -1 -1 -1 -1 -1 -1 -1 -1 -1 -1 -1 -1 -1 21 -1 -1 -1 -1 -1 -1 -1 -1 20 19 -1 -1 -1 
-1 -1 -1 4 -1 9 6 -1 -1 -1 -1 10 -1 5 -1 -1 -1 -1 -1 23 -1 3 -1 -1 25 -1 2 -1 -1 -1 -1 -1 17 26 -1 -1 -1 31 -1 -1 29 -1 -1 -1 15 -1 -1 -1 -1 -1 -1 22 -1 -1 -1 -1 -1 -1 -1 -1 -1 14 -1 -1 -1 -1 -1 -1 -1 -1 -1 -1 -1 -1 -1 -1 21 -1 -1 -1 -1 -1 -1 -1 -1 20 19 -1 -1 -1 
-1 -1 -1 4 -1 9 2 -1 -1 -1 -1 10 -1 5 -1 -1 -1 -1 -1 23 -1 3 -1 -1 25 -1 -1 -1 -1 -1 -1 -1 17 26 -1 -1 -1 31 -1 -1 29 -1 -1 -1 15 -1 -1 -1 -1 -1 -1 22 -1 -1 -1 -1 -1 -1 -1 -1 -1 14 -1 -1 -1 -1 -1 -1 -1 -1 -1 -1 -1 -1 -1 -1 21 -1 -1 -1 -1 -1 -1 -1 -1 20 19 -1 -1 -1 
-1 -1 -1 4 -1 9 2 -1 -1 -1 -1 10 -1 5 -1 -1 -1 -1 -1 23 -1 3 -1 -1 25 -1 -1 -1 -1 -1 -1 -1 17 26 -1 -1 -1 -1 31 -1 29 -1 -1 -1 15 -1 -1 -1 -1 -1 -1 22 -1 -1 -1 -1 -1 -1 -1 -1 -1 14 -1 -1 -1 -1 -1 -1 -1 -1 -1 -1 -1 -1 -1 -1 21 -1 -1 -1 -1 -1 -1 -1 -1 20 19 -1 -1 -1 
-1 -1 -1 4 -1 -1 2 -1 -1 -1 -1 10 -1 5 -1 -1 -1 -1 -1 23 -1 3 -1 9 25 -1 -1 -1 -1 -1 -1 -1 17 26 -1 -1 -1 -1 31 -1 29 -1 -1 -1 15 -1 -1 -1 -1 -1 -1 22 -1 -1 -1 -1 -1 -1 -1 -1 -1 14 -1 -1 -1 -1 -1 -1 -1 -1 -1 -1 -1 -1 -1 -1 21 -1 -1 -1 -1 -1 -1 -1 -1 20 19 -1 -1 -1 
-1 -1 -1 4 -1 -1 2 -1 -1 -1 -1 10 -1 5 -1 -1 -1 -1 -1 -1 -1 3 -1 9 25 -1 -1 -1 -1 -1 23 -1 17 26 -1 -1 -1 -1 31 -1 29 -1 -1 -1 15 -1 -1 -1 -1 -1 -1 22 -1 -1 -1 -1 -1 -1 -1 -1 -1 14 -1 -1 -1 -1 -1 -1 -1 -1 -1 -1 -1 -1 -1 -1 21 -1 -1 -1 -1 -1 -1 -1 -1 20 19 -1 -1 -1 
-1 -1 -1 4 -1 -1 2 -1 -1 -1 -1 10 -1 5 -1 -1 -1 -1 -1 -1 -1 3 -1 -1 25 -1 9 -1 -1 -1 23 -1 17 26 -1 -1 -1 -1 31 -1 29 -1 -1 -1 15 -1 -1 -1 -1 -1 -1 22 -1 -1 -1 -1 -1 -1 -1 -1 -1 14 -1 -1 -1 -1 -1 -1 -1 -1 -1 -1 -1 -1 -1 -1 21 -1 -1 -1 -1 -1 -1 -1 -1 20 19 -1 -1 -1 
-1 -1 -1 4 -1 -1 2 -1 -1 -1 -1 10 -1 5 -1 -1 -1 -1 -1 -1 -1 3 -1 -1 25 -1 9 -1 -1 -1 -1 -1 17 26 -1 -1 -1 -1 31 -1 29 -1 -1 -1 15 -1 -1 -1 -1 23 -1 22 -1 -1 -1 -1 -1 -1 -1 -1 -1 14 -1 -1 -1 -1 -1 -1 -1 -1 -1 -1 -1 -1 -1 -1 21 -1 -1 -1 -1 -1 -1 -1 -1 20 19 -1 -1 -1 
-1 -1 -1 4 -1 -1 2 -1 -1 -1 -1 10 -1 5 -1 -1 -1 -1 -1 -1 -1 3 -1 -1 25 -1 9 -1 -1 -1 -1 -1 17 26 -1 -1 -1 -1 31 -1 29 -1 -1 -1 15 -1 -1 -1 -1 23 -1 22 -1 -1 -1 -1 -1 -1 -1 -1 -1 -1 -1 -1 -1 -1 -1 -1 -1 -1 14 -1 -1 -1 -1 -1 21 -1 -1 -1 -1 -1 -1 -1 -1 20 19 -1 -1 -1 
-1 -1 -1 4 -1 -1 2 -1 -1 -1 -1 10 -1 5 -1 -1 -1 -1 -1 -1 -1 3 -1 -1 25 -1 9 -1 -1 -1 -1 -1 17 26 -1 -1 -1 -1 30 -1 29 -1 -1 -1 15 -1 -1 -1 -1 23 -1 22 -1 -1 -1 -1 -1 -1 -1 -1 -1 -1 -1 -1 -1 -1 -1 -1 -1 -1 14 -1 -1 -1 -1 -1 21 -1 -1 -1 -1 -1 -1 -1 -1 20 19 -1 -1 -1 
-1 -1 -1 4 -1 -1 2 -1 -1 -1 -1 -1 10 5 -1 -1 -1 -1 -1 -1 -1 3 -1 -1 25 -1 9 -1 -1 -1 -1 -1 17 26 -1 -1 -1 -1 30 -1 29 -1 -1 -1 15 -1 -1 -1 -1 23 -1 22 -1 -1 -1 -1 -1 -1 -1 -1 -1 -1 -1 -1 -1 -1 -1 -1 -1 -1 14 -1 -1 -1 -1 -1 21 -1 -1 -1 -1 -1 -1 -1 -1 20 19 -1 -1 -1 
-1 -1 -1 4 -1 -1 2 -1 -1 -1 -1 -1 10 5 -1 -1 -1 -1 -1 -1 -1 3 -1 -1 25 -1 9 -1 -1 -1 -1 29 17 26 -1 -1 -1 -1 30 -1 -1 -1 -1 -1 15 -1 -1 -1 -1 23 -1 22 -1 -1 -1 -1 -1 -1 -1 -1 -1 -1 -1 -1 -1 -1 -1 -1 -1 -1 14 -1 -1 -1 -1 -1 21 -1 -1 -1 -1 -1 -1 -1 -1 20 19 -1 -1 -1 
-1 -1 -1 4 -1 -1 2 -1 -1 -1 -1 -1 10 5 -1 -1 -1 -1 -1 -1 -1 3 -1 -1 25 -1 -1 -1 -1 -1 -1 29 17 26 -1 9 -1 -1 30 -1 -1 -1 -1 -1 15 -1 -1 -1 -1 23 -1 22 -1 -1 -1 -1 -1 -1 -1 -1 -1 -1 -1 -1 -1 -1 -1 -1 -1 -1 14 -1 -1 -1 -1 -1 21 -1 -1 -1 -1 -1 -1 -1 -1 20 19 -1 -1 -1 
-1 -1 -1 4 -1 -1 2 -1 -1 -1 -1 -1 10 5 -1 -1 -1 -1 -1 -1 -1 3 -1 -1 25 -1 -1 -1 -1 -1 29 -1 17 26 -1 9 -1 -1 30 -1 -1 -1 -1 -1 15 -1 -1 -1 -1 23 -1 22 -1 -1 -1 -1 -1 -1 -1 -1 -1 -1 -1 -1 -1 -1 -1 -1 -1 -1 14 -1 -1 -1 -1 -1 21 -1 -1 -1 -1 -1 -1 -1 -1 20 19 -1 -1 -1 
-1 -1 -1 4 -1 -1 2 -1 -1 -1 -1 -1 10 5 -1 -1 -1 -1 -1 -1 -1 3 -1 -1 25 -1 -1 -1 -1 -1 29 -1 17 9 -1 -1 -1 -1 30 -1 -1 -1 -1 -1 15 -1 -1 -1 -1 23 -1 22 -1 -1 -1 -1 -1 -1 -1 -1 -1 -1 -1 -1 -1 -1 -1 -1 -1 -1 14 -1 -1 -1 -1 -1 21 -1 -1 -1 -1 -1 -1 -1 -1 20 19 -1 -1 -1 
-1 -1 -1 4 -1 -1 2 -1 -1 -1 -1 -1 10 5 -1 -1 -1 -1 -1 -1 -1 3 -1 -1 25 -1 -1 -1 -1 -1 29 -1 -1 9 -1 -1 -1 -1 30 -1 -1 -1 -1 -1 15 -1 -1 -1 -1 23 -1 17 -1 -1 -1 -1 -1 -1 -1 -1 -1 -1 -1 -1 -1 -1 -1 -1 -1 -1 14 -1 -1 -1 -1 -1 21 -1 -1 -1 -1 -1 -1 -1 -1 20 19 -1 -1 -1 
-1 -1 -1 4 -1 -1 2 -1 -1 -1 -1 -1 10 5 -1 -1 -1 -1 -1 -1 -1 3 -1 -1 25 -1 -1 -1 -1 -1 29 -1 -1 9 -1 -1 -1 -1 30 -1 -1 -1 -1 -1 15 -1 -1 -1 -1 23 -1 17 -1 -1 -1 -1 -1 -1 -1 -1 -1 -1 -1 -1 -1 -1 -1 -1 -1 14 -1 -1 -1 -1 -1 -1 21 -1 -1 -1 -1 -1 -1 -1 -1 20 19 -1 -1 -1 
-1 -1 -1 4 -1 -1 2 -1 -1 -1 -1 -1 10 5 -1 -1 -1 -1 -1 -1 -1 3 -1 -1 25 -1 -1 -1 -1 -1 29 -1 -1 9 -1 -1 -1 -1 30 -1 -1 -1 -1 -1 17 -1 -1 -1 -1 23 -1 -1 -1 -1 -1 -1 -1 -1 -1 -1 -1 -1 -1 -1 -1 -1 -1 -1 -1 14 -1 -1 -1 -1 -1 -1 21 -1 -1 -1 -1 -1 -1 -1 -1 20 19 -1 -1 -1 
-1 -1 -1 4 -1 -1 2 -1 -1 -1 -1 -1 10 5 -1 -1 -1 -1 -1 -1 -1 3 -1 -1 9 -1 -1 -1 -1 -1 29 -1 -1 -1 -1 -1 -1 -1 30 -1 -1 -1 -1 -1 17 -1 -1 -1 -1 23 -1 -1 -1 -1 -1 -1 -1 -1 -1 -1 -1 -1 -1 -1 -1 -1 -1 -1 -1 14 -1 -1 -1 -1 -1 -1 21 -1 -1 -1 -1 -1 -1 -1 -1 20 19 -1 -1 -1 
-1 -1 -1 4 -1 -1 2 -1 -1 -1 -1 -1 10 5 -1 -1 -1 -1 -1 -1 -1 3 -1 -1 9 -1 -1 -1 -1 -1 29 -1 -1 17 -1 -1 -1 -1 30 -1 -1 -1 -1 -1 -1 -1 -1 -1 -1 23 -1 -1 -1 -1 -1 -1 -1 -1 -1 -1 -1 -1 -1 -1 -1 -1 -1 -1 -1 14 -1 -1 -1 -1 -1 -1 21 -1 -1 -1 -1 -1 -1 -1 -1 20 19 -1 -1 -1 
-1 -1 -1 4 -1 -1 2 -1 -1 -1 -1 -1 10 -1 -1 -1 -1 -1 -1 -1 -1 3 -1 5 9 -1 -1 -1 -1 -1 29 -1 -1 17 -1 -1 -1 -1 30 -1 -1 -1 -1 -1 -1 -1 -1 -1 -1 23 -1 -1 -1 -1 -1 -1 -1 -1 -1 -1 -1 -1 -1 -1 -1 -1 -1 -1 -1 14 -1 -1 -1 -1 -1 -1 21 -1 -1 -1 -1 -1 -1 -1 -1 20 19 -1 -1 -1 
-1 -1 -1 4 -1 -1 2 -1 -1 -1 -1 -1 10 -1 -1 -1 -1 -1 -1 -1 -1 3 -1 5 9 -1 -1 -1 -1 -1 29 -1 -1 -1 -1 -1 -1 -1 30 -1 -1 -1 -1 -1 -1 -1 -1 -1 -1 23 -1 -1 17 -1 -1 -1 -1 -1 -1 -1 -1 -1 -1 -1 -1 -1 -1 -1 -1 14 -1 -1 -1 -1 -1 -1 21 -1 -1 -1 -1 -1 -1 -1 -1 20 19 -1 -1 -1 
-1 -1 -1 4 -1 -1 2 -1 -1 -1 -1 -1 -1 -1 -1 10 -1 -1 -1 -1 -1 3 -1 5 9 -1 -1 -1 -1 -1 29 -1 -1 -1 -1 -1 -1 -1 30 -1 -1 -1 -1 -1 -1 -1 -1 -1 -1 23 -1 -1 17 -1 -1 -1 -1 -1 -1 -1 -1 -1 -1 -1 -1 -1 -1 -1 -1 14 -1 -1 -1 -1 -1 -1 21 -1 -1 -1 -1 -1 -1 -1 -1 20 19 -1 -1 -1 
-1 -1 -1 4 -1 -1 2 -1 -1 -1 -1 -1 -1 -1 -1 10 -1 -1 -1 -1 -1 3 -1 5 9 -1 -1 -1 -1 -1 29 -1 -1 -1 -1 22 -1 -1 30 -1 -1 -1 -1 -1 -1 -1 -1 -1 -1 23 -1 -1 17 -1 -1 -1 -1 -1 -1 -1 -1 -1 -1 -1 -1 -1 -1 -1 -1 14 -1 -1 -1 -1 -1 -1 21 -1 -1 -1 -1 -1 -1 -1 -1 20 19 -1 -1 -1 
-1 -1 -1 4 -1 -1 2 -1 -1 -1 -1 -1 -1 3 -1 10 -1 -1 -1 -1 -1 -1 -1 5 9 -1 -1 -1 -1 -1 29 -1 -1 -1 -1 22 -1 -1 30 -1 -1 -1 -1 -1 -1 -1 -1 -1 -1 23 -1 -1 17 -1 -1 -1 -1 -1 -1 -1 -1 -1 -1 -1 -1 -1 -1 -1 -1 14 -1 -1 -1 -1 -1 -1 21 -1 -1 -1 -1 -1 -1 -1 -1 20 19 -1 -1 -1 
-1 -1 -1 4 -1 -1 2 -1 -1 -1 -1 -1 -1 3 -1 10 -1 -1 -1 -1 -1 -1 -1 5 9 -1 -1 -1 -1 -1 -1 29 -1 -1 -1 22 -1 -1 30 -1 -1 -1 -1 -1 -1 -1 -1 -1 -1 23 -1 -1 17 -1 -1 -1 -1 -1 -1 -1 -1 -1 -1 -1 -1 -1 -1 -1 -1 14 -1 -1 -1 -1 -1 -1 21 -1 -1 -1 -1 -1 -1 -1 -1 20 19 -1 -1 -1 
-1 -1 -1 4 -1 -1 2 -1 -1 -1 -1 -1 -1 3 -1 10 -1 -1 -1 -1 -1 -1 -1 5 9 -1 -1 -1 -1 -1 -1 29 -1 -1 -1 22 -1 -1 30 -1 -1 -1 -1 -1 -1 -1 -1 -1 -1 23 -1 -1 17 -1 -1 -1 -1 -1 -1 -1 -1 -1 -1 -1 -1 -1 -1 -1 -1 -1 -1 -1 -1 -1 -1 -1 21 -1 14 -1 -1 -1 -1 -1 -1 20 19 -1 -1 -1 
-1 -1 -1 4 -1 -1 2 -1 -1 -1 -1 -1 -1 3 -1 10 -1 -1 -1 -1 -1 -1 -1 5 9 -1 -1 -1 -1 -1 -1 -1 29 -1 -1 22 -1 -1 30 -1 -1 -1 -1 -1 -1 -1 -1 -1 -1 23 -1 -1 17 -1 -1 -1 -1 -1 -1 -1 -1 -1 -1 -1 -1 -1 -1 -1 -1 -1 -1 -1 -1 -1 -1 -1 21 -1 14 -1 -1 -1 -1 -1 -1 20 19 -1 -1 -1 
-1 -1 -1 4 -1 -1 2 -1 -1 -1 -1 -1 -1 3 10 -1 -1 -1 -1 -1 -1 -1 -1 5 9 -1 -1 -1 -1 -1 -1 -1 29 -1 -1 22 -1 -1 30 -1 -1 -1 -1 -1 -1 -1 -1 -1 -1 23 -1 -1 17 -1 -1 -1 -1 -1 -1 -1 -1 -1 -1 -1 -1 -1 -1 -1 -1 -1 -1 -1 -1 -1 -1 -1 21 -1 14 -1 -1 -1 -1 -1 -1 20 19 -1 -1 -1 
-1 -1 -1 4 -1 -1 2 -1 -1 -1 -1 -1 -1 3 10 -1 -1 -1 -1 -1 -1 -1 -1 5 9 -1 -1 -1 -1 -1 -1 -1 29 -1 -1 17 -1 -1 30 -1 -1 -1 -1 -1 -1 -1 -1 -1 -1 23 -1 -1 -1 -1 -1 -1 -1 -1 -1 -1 -1 -1 -1 -1 -1 -1 -1 -1 -1 -1 -1 -1 -1 -1 -1 -1 21 -1 14 -1 -1 -1 -1 -1 -1 20 19 -1 -1 -1 
-1 -1 -1 4 -1 -1 2 -1 -1 -1 -1 -1 -1 3 10 -1 -1 -1 -1 -1 -1 -1 -1 5 -1 9 -1 -1 -1 -1 -1 -1 29 -1 -1 17 -1 -1 30 -1 -1 -1 -1 -1 -1 -1 -1 -1 -1 23 -1 -1 -1 -1 -1 -1 -1 -1 -1 -1 -1 -1 -1 -1 -1 -1 -1 -1 -1 -1 -1 -1 -1 -1 -1 -1 21 -1 14 -1 -1 -1 -1 -1 -1 20 19 -1 -1 -1 
-1 -1 -1 4 -1 -1 2 -1 -1 -1 -1 -1 -1 3 10 -1 -1 -1 -1 -1 -1 -1 -1 5 -1 9 -1 -1 -1 -1 -1 -1 29 -1 -1 -1 -1 -1 30 -1 -1 -1 17 -1 -1 -1 -1 -1 -1 23 -1 -1 -1 -1 -1 -1 -1 -1 -1 -1 -1 -1 -1 -1 -1 -1 -1 -1 -1 -1 -1 -1 -1 -1 -1 -1 21 -1 14 -1 -1 -1 -1 -1 -1 20 19 -1 -1 -1 
-1 -1 -1 4 -1 -1 2 -1 -1 -1 -1 -1 -1 3 10 -1 -1 -1 -1 -1 -1 -1 -1 5 -1 -1 -1 -1 -1 -1 -1 -1 29 -1 -1 -1 -1 -1 30 -1 -1 -1 17 -1 -1 -1 -1 -1 -1 23 -1 -1 -1 -1 -1 -1 -1 -1 -1 -1 -1 -1 -1 -1 -1 -1 -1 -1 -1 -1 -1 -1 -1 -1 -1 -1 21 -1 14 -1 -1 -1 -1 -1 -1 20 19 -1 9 -1 
-1 -1 -1 4 -1 -1 2 -1 -1 -1 -1 -1 -1 3 10 -1 -1 -1 -1 -1 -1 -1 -1 5 -1 -1 -1 -1 -1 -1 -1 -1 29 -1 -1 -1 -1 -1 30 -1 -1 -1 17 -1 -1 -1 -1 -1 -1 23 -1 22 -1 -1 -1 -1 -1 -1 -1 -1 -1 -1 -1 -1 -1 -1 -1 -1 -1 -1 -1 -1 -1 -1 -1 -1 21 -1 14 -1 -1 -1 -1 -1 -1 20 19 -1 9 -1 
-1 -1 -1 4 -1 -1 2 -1 -1 -1 -1 -1 -1 3 10 -1 -1 -1 -1 -1 -1 -1 -1 5 -1 -1 -1 -1 -1 -1 -1 -1 29 -1 -1 -1 -1 -1 30 -1 -1 -1 17 -1 -1 -1 -1 -1 -1 23 -1 22 -1 -1 -1 -1 -1 -1 -1 -1 -1 -1 -1 -1 -1 -1 -1 -1 -1 -1 -1 -1 -1 -1 -1 -1 21 14 -1 -1 -1 -1 -1 -1 -1 20 19 -1 9 -1 
-1 -1 -1 4 -1 -1 2 -1 -1 -1 -1 -1 -1 3 10 -1 -1 -1 -1 -1 -1 -1 -1 5 -1 -1 -1 -1 -1 -1 -1 -1 29 -1 -1 -1 -1 -1 30 -1 -1 -1 -1 -1 -1 -1 -1 -1 -1 23 -1 22 -1 17 -1 -1 -1 -1 -1 -1 -1 -1 -1 -1 -1 -1 -1 -1 -1 -1 -1 -1 -1 -1 -1 -1 21 14 -1 -1 -1 -1 -1 -1 -1 20 19 -1 9 -1 
-1 -1 -1 4 -1 10 2 -1 -1 -1 -1 -1 -1 3 -1 -1 -1 -1 -1 -1 -1 -1 -1 5 -1 -1 -1 -1 -1 -1 -1 -1 29 -1 -1 -1 -1 -1 30 -1 -1 -1 -1 -1 -1 -1 -1 -1 -1 23 -1 22 -1 17 -1 -1 -1 -1 -1 -1 -1 -1 -1 -1 -1 -1 -1 -1 -1 -1 -1 -1 -1 -1 -1 -1 21 14 -1 -1 -1 -1 -1 -1 -1 20 19 -1 9 -1 
-1 -1 -1 4 -1 10 2 -1 -1 -1 -1 -1 -1 3 -1 -1 -1 -1 -1 -1 -1 -1 -1 5 -1 -1 -1 -1 -1 -1 -1 -1 29 -1 -1 -1 -1 -1 -1 30 -1 -1 -1 -1 -1 -1 -1 -1 -1 23 -1 22 -1 17 -1 -1 -1 -1 -1 -1 -1 -1 -1 -1 -1 -1 -1 -1 -1 -1 -1 -1 -1 -1 -1 -1 21 14 -1 -1 -1 -1 -1 -1 -1 20 19 -1 9 -1 
-1 -1 -1 4 -1 10 2 -1 -1 -1 -1 -1 -1 3 -1 -1 9 -1 -1 -1 -1 -1 -1 5 -1 -1 -1 -1 -1 -1 -1 -1 29 -1 -1 -1 -1 -1 -1 30 -1 -1 -1 -1 -1 -1 -1 -1 -1 23 -1 22 -1 17 -1 -1 -1 -1 -1 -1 -1 -1 -1 -1 -1 -1 -1 -1 -1 -1 -1 -1 -1 -1 -1 -1 21 14 -1 -1 -1 -1 -1 -1 -1 20 19 -1 -1 -1 
-1 -1 -1 4 -1 10 2 -1 -1 -1 -1 -1 -1 3 -1 -1 9 -1 -1 -1 -1 -1 -1 5 -1 -1 -1 -1 -1 -1 -1 -1 29 -1 -1 -1 -1 -1 -1 -1 30 -1 -1 -1 -1 -1 -1 -1 -1 23 -1 22 -1 17 -1 -1 -1 -1 -1 -1 -1 -1 -1 -1 -1 -1 -1 -1 -1 -1 -1 -1 -1 -1 -1 -1 21 14 -1 -1 -1 -1 -1 -1 -1 20 19 -1 -1 -1 
-1 -1 -1 4 10 -1 2 -1 -1 -1 -1 -1 -1 3 -1 -1 9 -1 -1 -1 -1 -1 -1 5 -1 -1 -1 -1 -1 -1 -1 -1 29 -1 -1 -1 -1 -1 -1 -1 30 -1 -1 -1 -1 -1 -1 -1 -1 23 -1 22 -1 17 -1 -1 -1 -1 -1 -1 -1 -1 -1 -1 -1 -1 -1 -1 -1 -1 -1 -1 -1 -1 -1 -1 21 14 -1 -1 -1 -1 -1 -1 -1 20 19 -1 -1 -1 
-1 -1 -1 4 10 -1 2 -1 -1 -1 -1 -1 -1 3 -1 -1 9 -1 -1 -1 -1 -1 -1 5 -1 -1 -1 -1 -1 -1 -1 -1 29 -1 17 -1 -1 -1 -1 -1 30 -1 -1 -1 -1 -1 -1 -1 -1 23 -1 22 -1 -1 -1 -1 -1 -1 -1 -1 -1 -1 -1 -1 -1 -1 -1 -1 -1 -1 -1 -1 -1 -1 -1 -1 21 14 -1 -1 -1 -1 -1 -1 -1 20 19 -1 -1 -1 
-1 -1 -1 4 10 -1 2 -1 -1 -1 -1 -1 -1 3 9 -1 -1 -1 -1 -1 -1 -1 -1 5 -1 -1 -1 -1 -1 -1 -1 -1 29 -1 17 -1 -1 -1 -1 -1 30 -1 -1 -1 -1 -1 -1 -1 -1 23 -1 22 -1 -1 -1 -1 -1 -1 -1 -1 -1 -1 -1 -1 -1 -1 -1 -1 -1 -1 -1 -1 -1 -1 -1 -1 21 14 -1 -1 -1 -1 -1 -1 -1 20 19 -1 -1 -1 
-1 -1 -1 4 10 -1 2 -1 -1 -1 -1 -1 -1 3 9 -1 -1 -1 -1 -1 -1 -1 -1 5 -1 -1 -1 -1 -1 -1 -1 -1 29 -1 17 -1 -1 -1 -1 -1 30 -1 -1 -1 -1 -1 -1 -1 -1 -1 -1 22 -1 -1 -1 -1 -1 -1 -1 -1 23 -1 -1 -1 -1 -1 -1 -1 -1 -1 -1 -1 -1 -1 -1 -1 21 14 -1 -1 -1 -1 -1 -1 -1 20 19 -1 -1 -1 
-1 -1 -1 4 10 -1 2 -1 -1 -1 -1 -1 -1 3 9 -1 -1 -1 -1 -1 -1 -1 -1 5 -1 -1 -1 -1 -1 -1 -1 -1 29 -1 17 -1 -1 -1 -1 -1 30 -1 -1 -1 -1 -1 -1 -1 -1 -1 -1 22 -1 -1 -1 -1 -1 -1 -1 -1 23 -1 -1 -1 -1 -1 -1 -1 -1 -1 -1 -1 -1 -1 -1 -1 21 -1 14 -1 -1 -1 -1 -1 -1 20 19 -1 -1 -1 
-1 -1 -1 4 10 -1 2 -1 -1 -1 -1 -1 -1 3 9 17 -1 -1 -1 -1 -1 -1 -1 5 -1 -1 -1 -1 -1 -1 -1 -1 29 -1 -1 -1 -1 -1 -1 -1 30 -1 -1 -1 -1 -1 -1 -1 -1 -1 -1 22 -1 -1 -1 -1 -1 -1 -1 -1 23 -1 -1 -1 -1 -1 -1 -1 -1 -1 -1 -1 -1 -1 -1 -1 21 -1 14 -1 -1 -1 -1 -1 -1 20 19 -1 -1 -1 
-1 -1 -1 -1 10 -1 2 -1 -1 -1 -1 -1 4 3 9 17 -1 -1 -1 -1 -1 -1 -1 5 -1 -1 -1 -1 -1 -1 -1 -1 29 -1 -1 -1 -1 -1 -1 -1 30 -1 -1 -1 -1 -1 -1 -1 -1 -1 -1 22 -1 -1 -1 -1 -1 -1 -1 -1 23 -1 -1 -1 -1 -1 -1 -1 -1 -1 -1 -1 -1 -1 -1 -1 21 -1 14 -1 -1 -1 -1 -1 -1 20 19 -1 -1 -1 
-1 -1 -1 -1 10 -1 2 -1 -1 -1 -1 -1 4 3 9 17 -1 -1 -1 -1 -1 -1 -1 5 -1 -1 -1 -1 -1 -1 -1 -1 29 -1 -1 -1 -1 -1 -1 -1 30 -1 -1 -1 -1 -1 -1 -1 -1 -1 -1 22 -1 23 -1 -1 -1 -1 -1 -1 -1 -1 -1 -1 -1 -1 -1 -1 -1 -1 -1 -1 -1 -1 -1 -1 21 -1 14 -1 -1 -1 -1 -1 -1 20 19 -1 -1 -1 
10 -1 -1 -1 -1 -1 2 -1 -1 -1 -1 -1 4 3 9 17 -1 -1 -1 -1 -1 -1 -1 5 -1 -1 -1 -1 -1 -1 -1 -1 29 -1 -1 -1 -1 -1 -1 -1 30 -1 -1 -1 -1 -1 -1 -1 -1 -1 -1 22 -1 23 -1 -1 -1 -1 -1 -1 -1 -1 -1 -1 -1 -1 -1 -1 -1 -1 -1 -1 -1 -1 -1 -1 21 -1 14 -1 -1 -1 -1 -1 -1 20 19 -1 -1 -1 
10 -1 -1 -1 -1 -1 2 -1 -1 -1 -1 -1 4 3 9 17 -1 -1 -1 -1 -1 -1 -1 5 -1 -1 -1 -1 -1 -1 -1 -1 29 -1 -1 -1 -1 -1 -1 -1 30 -1 23 -1 -1 -1 -1 -1 -1 -1 -1 22 -1 -1 -1 -1 -1 -1 -1 -1 -1 -1 -1 -1 -1 -1 -1 -1 -1 -1 -1 -1 -1 -1 -1 -1 21 -1 14 -1 -1 -1 -1 -1 -1 20 19 -1 -1 -1 
10 -1 -1 4 -1 -1 2 -1 -1 -1 -1 -1 -1 3 9 17 -1 -1 -1 -1 -1 -1 -1 5 -1 -1 -1 -1 -1 -1 -1 -1 29 -1 -1 -1 -1 -1 -1 -1 30 -1 23 -1 -1 -1 -1 -1 -1 -1 -1 22 -1 -1 -1 -1 -1 -1 -1 -1 -1 -1 -1 -1 -1 -1 -1 -1 -1 -1 -1 -1 -1 -1 -1 -1 21 -1 14 -1 -1 -1 -1 -1 -1 20 19 -1 -1 -1 
10 -1 -1 4 -1 -1 2 -1 -1 -1 -1 -1 -1 3 9 17 -1 -1 -1 -1 -1 -1 -1 5 -1 -1 -1 -1 -1 -1 -1 -1 29 -1 -1 -1 -1 -1 -1 -1 30 -1 -1 -1 -1 -1 -1 -1 -1 23 -1 22 -1 -1 -1 -1 -1 -1 -1 -1 -1 -1 -1 -1 -1 -1 -1 -1 -1 -1 -1 -1 -1 -1 -1 -1 21 -1 14 -1 -1 -1 -1 -1 -1 20 19 -1 -1 -1 
10 -1 -1 4 -1 -1 2 -1 -1 -1 -1 -1 -1 3 9 17 -1 -1 -1 -1 -1 -1 -1 5 -1 -1 -1 -1 -1 -1 -1 -1 29 -1 -1 -1 -1 -1 -1 -1 30 -1 -1 -1 -1 -1 -1 -1 -1 23 -1 22 -1 -1 -1 -1 -1 -1 -1 -1 -1 -1 -1 -1 -1 -1 -1 -1 -1 -1 -1 -1 -1 -1 -1 -1 21 14 -1 -1 -1 -1 -1 -1 -1 20 19 -1 -1 -1 
10 -1 -1 4 -1 -1 2 -1 -1 -1 -1 -1 -1 3 9 17 -1 -1 -1 -1 -1 -1 -1 5 -1 -1 -1 -1 -1 -1 -1 -1 29 -1 -1 -1 -1 -1 23 -1 30 -1 -1 -1 -1 -1 -1 -1 -1 -1 -1 22 -1 -1 -1 -1 -1 -1 -1 -1 -1 -1 -1 -1 -1 -1 -1 -1 -1 -1 -1 -1 -1 -1 -1 -1 21 14 -1 -1 -1 -1 -1 -1 -1 20 19 -1 -1 -1 
-1 -1 -1 4 -1 -1 2 -1 -1 -1 -1 -1 -1 3 9 17 -1 -1 -1 -1 -1 -1 -1 5 -1 -1 -1 -1 -1 -1 -1 -1 29 -1 -1 -1 -1 -1 23 -1 30 -1 -1 -1 -1 -1 -1 -1 -1 -1 -1 22 -1 -1 10 -1 -1 -1 -1 -1 -1 -1 -1 -1 -1 -1 -1 -1 -1 -1 -1 -1 -1 -1 -1 -1 21 14 -1 -1 -1 -1 -1 -1 -1 20 19 -1 -1 -1 
-1 -1 -1 4 -1 -1 2 -1 -1 -1 -1 -1 -1 3 9 -1 -1 -1 -1 -1 -1 -1 -1 5 -1 -1 -1 -1 -1 -1 -1 -1 29 -1 17 -1 -1 -1 23 -1 30 -1 -1 -1 -1 -1 -1 -1 -1 -1 -1 22 -1 -1 10 -1 -1 -1 -1 -1 -1 -1 -1 -1 -1 -1 -1 -1 -1 -1 -1 -1 -1 -1 -1 -1 21 14 -1 -1 -1 -1 -1 -1 -1 20 19 -1 -1 -1 
-1 -1 -1 4 -1 -1 2 -1 -1 -1 -1 -1 -1 3 9 -1 -1 -1 -1 -1 -1 -1 -1 5 -1 -1 -1 -1 -1 -1 -1 -1 29 -1 17 -1 -1 -1 23 -1 30 -1 -1 -1 -1 -1 -1 -1 -1 -1 -1 22 -1 -1 -1 -1 -1 -1 10 -1 -1 -1 -1 -1 -1 -1 -1 -1 -1 -1 -1 -1 -1 -1 -1 -1 21 14 -1 -1 -1 -1 -1 -1 -1 20 19 -1 -1 -1 
-1 -1 -1 4 -1 -1 2 -1 -1 -1 -1 -1 -1 3 9 -1 -1 -1 -1 -1 -1 -1 -1 5 -1 -1 -1 -1 -1 -1 -1 -1 29 -1 -1 -1 -1 -1 23 -1 30 -1 -1 -1 -1 -1 -1 -1 -1 -1 -1 17 -1 -1 -1 -1 -1 -1 10 -1 -1 -1 -1 -1 -1 -1 -1 -1 -1 -1 -1 -1 -1 -1 -1 -1 21 14 -1 -1 -1 -1 -1 -1 -1 20 19 -1 -1 -1 
-1 -1 -1 4 -1 -1 2 -1 -1 -1 -1 -1 -1 3 9 -1 -1 -1 -1 -1 -1 -1 -1 5 -1 -1 -1 -1 -1 -1 -1 -1 29 -1 -1 -1 -1 -1 23 -1 30 -1 -1 -1 -1 -1 -1 -1 -1 -1 -1 17 -1 -1 -1 -1 -1 -1 -1 -1 -1 10 -1 -1 -1 -1 -1 -1 -1 -1 -1 -1 -1 -1 -1 -1 21 14 -1 -1 -1 -1 -1 -1 -1 20 19 -1 -1 -1 
-1 -1 -1 4 -1 -1 2 -1 -1 -1 -1 -1 -1 3 9 -1 -1 -1 -1 -1 -1 -1 -1 5 -1 -1 -1 23 -1 -1 -1 -1 29 -1 -1 -1 -1 -1 -1 -1 30 -1 -1 -1 -1 -1 -1 -1 -1 -1 -1 17 -1 -1 -1 -1 -1 -1 -1 -1 -1 10 -1 -1 -1 -1 -1 -1 -1 -1 -1 -1 -1 -1 -1 -1 21 14 -1 -1 -1 -1 -1 -1 -1 20 19 -1 -1 -1 
-1 -1 -1 4 -1 -1 2 -1 -1 -1 -1 -1 -1 3 9 -1 -1 -1 -1 -1 -1 -1 -1 5 -1 10 -1 23 -1 -1 -1 -1 29 -1 -1 -1 -1 -1 -1 -1 30 -1 -1 -1 -1 -1 -1 -1 -1 -1 -1 17 -1 -1 -1 -1 -1 -1 -1 -1 -1 -1 -1 -1 -1 -1 -1 -1 -1 -1 -1 -1 -1 -1 -1 -1 21 14 -1 -1 -1 -1 -1 -1 -1 20 19 -1 -1 -1 
-1 -1 -1 4 -1 -1 2 -1 -1 -1 -1 -1 -1 3 9 -1 -1 -1 -1 -1 -1 -1 -1 5 -1 10 -1 23 -1 -1 -1 -1 -1 29 -1 -1 -1 -1 -1 -1 30 -1 -1 -1 -1 -1 -1 -1 -1 -1 -1 17 -1 -1 -1 -1 -1 -1 -1 -1 -1 -1 -1 -1 -1 -1 -1 -1 -1 -1 -1 -1 -1 -1 -1 -1 21 14 -1 -1 -1 -1 -1 -1 -1 20 19 -1 -1 -1 
-1 -1 -1 4 -1 9 2 -1 -1 -1 -1 -1 -1 3 -1 -1 -1 -1 -1 -1 -1 -1 -1 5 -1 10 -1 23 -1 -1 -1 -1 -1 29 -1 -1 -1 -1 -1 -1 30 -1 -1 -1 -1 -1 -1 -1 -1 -1 -1 17 -1 -1 -1 -1 -1 -1 -1 -1 -1 -1 -1 -1 -1 -1 -1 -1 -1 -1 -1 -1 -1 -1 -1 -1 21 14 -1 -1 -1 -1 -1 -1 -1 20 19 -1 -1 -1 
-1 -1 -1 4 -1 9 2 -1 -1 -1 -1 -1 -1 3 -1 -1 -1 -1 -1 -1 -1 -1 -1 5 -1 10 -1 23 -1 -1 -1 -1 -1 29 -1 -1 -1 -1 -1 -1 30 -1 28 -1 -1 -1 -1 -1 -1 -1 -1 -1 -1 -1 -1 -1 -1 -1 -1 -1 -1 -1 -1 -1 -1 -1 -1 -1 -1 -1 -1 -1 -1 -1 -1 -1 21 14 -1 -1 -1 -1 -1 -1 -1 20 19 -1 -1 -1 
-1 -1 -1 4 -1 9 2 -1 -1 -1 -1 -1 -1 3 -1 -1 -1 -1 -1 -1 -1 -1 -1 5 -1 -1 10 23 -1 -1 -1 -1 -1 29 -1 -1 -1 -1 -1 -1 30 -1 28 -1 -1 -1 -1 -1 -1 -1 -1 -1 -1 -1 -1 -1 -1 -1 -1 -1 -1 -1 -1 -1 -1 -1 -1 -1 -1 -1 -1 -1 -1 -1 -1 -1 21 14 -1 -1 -1 -1 -1 -1 -1 20 19 -1 -1 -1 
-1 -1 -1 4 -1 9 2 -1 -1 -1 23 -1 -1 3 -1 -1 -1 -1 -1 -1 -1 -1 -1 5 -1 -1 10 -1 -1 -1 -1 -1 -1 29 -1 -1 -1 -1 -1 -1 30 -1 28 -1 -1 -1 -1 -1 -1 -1 -1 -1 -1 -1 -1 -1 -1 -1 -1 -1 -1 -1 -1 -1 -1 -1 -1 -1 -1 -1 -1 -1 -1 -1 -1 -1 21 14 -1 -1 -1 -1 -1 -1 -1 20 19 -1 -1 -1 
-1 -1 -1 -1 4 9 2 -1 -1 -1 23 -1 -1 3 -1 -1 -1 -1 -1 -1 -1 -1 -1 5 -1 -1 10 -1 -1 -1 -1 -1 -1 29 -1 -1 -1 -1 -1 -1 30 -1 28 -1 -1 -1 -1 -1 -1 -1 -1 -1 -1 -1 -1 -1 -1 -1 -1 -1 -1 -1 -1 -1 -1 -1 -1 -1 -1 -1 -1 -1 -1 -1 -1 -1 21 14 -1 -1 -1 -1 -1 -1 -1 20 19 -1 -1 -1 
-1 -1 -1 -1 4 9 2 -1 -1 -1 23 -1 -1 3 -1 -1 -1 -1 -1 -1 -1 -1 -1 5 -1 -1 10 -1 -1 -1 -1 -1 -1 29 -1 -1 -1 -1 -1 -1 30 -1 28 -1 -1 -1 -1 -1 -1 -1 -1 -1 -1 -1 -1 -1 -1 -1 -1 -1 -1 -1 -1 -1 -1 -1 -1 -1 -1 -1 -1 -1 -1 -1 -1 -1 21 14 -1 -1 -1 -1 -1 -1 20 -1 19 -1 -1 -1 
-1 -1 -1 -1 4 -1 2 -1 -1 -1 23 -1 -1 3 9 -1 -1 -1 -1 -1 -1 -1 -1 5 -1 -1 10 -1 -1 -1 -1 -1 -1 29 -1 -1 -1 -1 -1 -1 30 -1 28 -1 -1 -1 -1 -1 -1 -1 -1 -1 -1 -1 -1 -1 -1 -1 -1 -1 -1 -1 -1 -1 -1 -1 -1 -1 -1 -1 -1 -1 -1 -1 -1 -1 21 14 -1 -1 -1 -1 -1 -1 20 -1 19 -1 -1 -1 
-1 -1 -1 -1 4 -1 2 -1 -1 -1 -1 -1 -1 3 9 -1 -1 -1 -1 -1 -1 -1 -1 5 -1 -1 10 -1 -1 23 -1 -1 -1 29 -1 -1 -1 -1 -1 -1 30 -1 28 -1 -1 -1 -1 -1 -1 -1 -1 -1 -1 -1 -1 -1 -1 -1 -1 -1 -1 -1 -1 -1 -1 -1 -1 -1 -1 -1 -1 -1 -1 -1 -1 -1 21 14 -1 -1 -1 -1 -1 -1 20 -1 19 -1 -1 -1 
-1 -1 -1 -1 4 -1 2 -1 -1 -1 -1 -1 -1 3 9 -1 -1 -1 -1 -1 -1 -1 -1 5 -1 -1 -1 -1 -1 23 -1 -1 -1 29 -1 10 -1 -1 -1 -1 30 -1 28 -1 -1 -1 -1 -1 -1 -1 -1 -1 -1 -1 -1 -1 -1 -1 -1 -1 -1 -1 -1 -1 -1 -1 -1 -1 -1 -1 -1 -1 -1 -1 -1 -1 21 14 -1 -1 -1 -1 -1 -1 20 -1 19 -1 -1 -1 
-1 -1 -1 -1 4 -1 2 -1 -1 -1 -1 -1 -1 3 9 -1 -1 -1 -1 -1 -1 -1 -1 5 -1 -1 -1 -1 -1 -1 -1 -1 -1 29 -1 10 -1 -1 -1 -1 23 -1 28 -1 -1 -1 -1 -1 -1 -1 -1 -1 -1 -1 -1 -1 -1 -1 -1 -1 -1 -1 -1 -1 -1 -1 -1 -1 -1 -1 -1 -1 -1 -1 -1 -1 21 14 -1 -1 -1 -1 -1 -1 20 -1 19 -1 -1 -1 
-1 -1 -1 -1 4 -1 -1 -1 -1 -1 -1 -1 -1 3 9 -1 -1 -1 -1 -1 -1 -1 -1 5 -1 -1 2 -1 -1 -1 -1 -1 -1 29 -1 10 -1 -1 -1 -1 23 -1 28 -1 -1 -1 -1 -1 -1 -1 -1 -1 -1 -1 -1 -1 -1 -1 -1 -1 -1 -1 -1 -1 -1 -1 -1 -1 -1 -1 -1 -1 -1 -1 -1 -1 21 14 -1 -1 -1 -1 -1 -1 20 -1 19 -1 -1 -1 
-1 -1 -1 -1 4 -1 -1 -1 -1 -1 -1 -1 -1 3 9 -1 -1 -1 -1 -1 -1 -1 -1 5 -1 -1 2 -1 -1 -1 -1 -1 -1 29 -1 10 -1 -1 -1 -1 -1 30 28 -1 -1 -1 -1 -1 -1 -1 -1 -1 -1 -1 -1 -1 -1 -1 -1 -1 -1 -1 -1 -1 -1 -1 -1 -1 -1 -1 -1 -1 -1 -1 -1 -1 21 14 -1 -1 -1 -1 -1 -1 20 -1 19 -1 -1 -1 
-1 -1 -1 -1 4 -1 -1 -1 -1 -1 -1 -1 -1 3 9 -1 -1 -1 -1 -1 -1 -1 -1 5 -1 -1 -1 -1 -1 -1 -1 -1 -1 29 -1 10 -1 -1 -1 -1 -1 30 2 -1 -1 -1 -1 -1 -1 -1 -1 -1 -1 -1 -1 -1 -1 -1 -1 -1 -1 -1 -1 -1 -1 -1 -1 -1 -1 -1 -1 -1 -1 -1 -1 -1 21 14 -1 -1 -1 -1 -1 -1 20 -1 19 -1 -1 -1 
-1 -1 -1 -1 4 -1 -1 -1 -1 -1 -1 -1 -1 3 9 -1 -1 -1 -1 -1 -1 -1 -1 5 -1 -1 -1 -1 -1 -1 -1 -1 30 29 -1 10 -1 -1 -1 -1 -1 -1 2 -1 -1 -1 -1 -1 -1 -1 -1 -1 -1 -1 -1 -1 -1 -1 -1 -1 -1 -1 -1 -1 -1 -1 -1 -1 -1 -1 -1 -1 -1 -1 -1 -1 21 14 -1 -1 -1 -1 -1 -1 20 -1 19 -1 -1 -1 
-1 -1 -1 -1 4 -1 -1 -1 -1 -1 -1 -1 -1 -1 9 -1 -1 -1 -1 -1 -1 -1 -1 3 -1 -1 -1 -1 -1 -1 -1 -1 30 29 -1 10 -1 -1 -1 -1 -1 -1 2 -1 -1 -1 -1 -1 -1 -1 -1 -1 -1 -1 -1 -1 -1 -1 -1 -1 -1 -1 -1 -1 -1 -1 -1 -1 -1 -1 -1 -1 -1 -1 -1 -1 21 14 -1 -1 -1 -1 -1 -1 20 -1 19 -1 -1 -1 
-1 -1 -1 -1 4 -1 -1 -1 -1 -1 -1 -1 -1 -1 9 -1 -1 -1 -1 -1 -1 -1 -1 23 -1 -1 -1 -1 -1 -1 -1 -1 30 29 -1 10 -1 -1 -1 -1 -1 -1 2 -1 -1 -1 -1 -1 -1 -1 -1 -1 -1 -1 -1 -1 -1 -1 -1 -1 -1 -1 -1 -1 -1 -1 -1 -1 -1 -1 -1 -1 -1 -1 -1 -1 21 14 -1 -1 -1 -1 -1 -1 20 -1 19 -1 -1 -1 
