0 1 2 3 4 5 6 7 8 -1 -1 -1 -1 -1 -1 -1 -1 -1 -1 9 -1 -1 -1 -1 -1 10 -1 11 -1 12 -1 13 -1 14 -1 15 -1 -1 -1 -1 -1 -1 -1 -1 -1 -1 -1 -1 -1 -1 -1 -1 -1 -1 -1 -1 30 -1 29 -1 28 -1 27 -1 26 -1 -1 -1 -1 -1 25 17 -1 -1 -1 -1 -1 -1 -1 -1 -1 24 23 22 21 20 19 18 -1 16 
0 1 2 3 4 5 6 7 8 -1 -1 -1 -1 -1 -1 -1 -1 -1 -1 -1 -1 -1 9 -1 -1 10 -1 11 -1 12 -1 13 -1 14 -1 15 -1 -1 -1 -1 -1 -1 -1 -1 -1 -1 -1 -1 -1 -1 -1 -1 -1 -1 -1 -1 30 -1 29 -1 28 -1 27 -1 26 -1 -1 -1 -1 -1 25 17 -1 -1 -1 -1 -1 -1 -1 -1 -1 24 23 22 21 20 19 18 -1 16 
0 1 2 3 4 5 6 7 8 -1 -1 -1 -1 -1 -1 -1 -1 -1 -1 -1 -1 -1 9 -1 -1 10 -1 11 -1 12 -1 13 -1 14 -1 15 -1 -1 -1 -1 -1 -1 -1 -1 -1 -1 -1 -1 -1 -1 -1 -1 -1 -1 -1 -1 30 -1 29 -1 28 -1 27 -1 26 23 -1 -1 -1 -1 25 17 -1 -1 -1 -1 -1 -1 -1 -1 -1 24 -1 22 21 20 19 18 -1 16 
0 -1 2 3 4 5 6 7 8 -1 -1 -1 -1 -1 -1 -1 -1 -1 -1 -1 1 -1 9 -1 -1 10 -1 11 -1 12 -1 13 -1 14 -1 15 -1 -1 -1 -1 -1 -1 -1 -1 -1 -1 -1 -1 -1 -1 -1 -1 -1 -1 -1 -1 30 -1 29 -1 28 -1 27 -1 26 23 -1 -1 -1 -1 25 17 -1 -1 -1 -1 -1 -1 -1 -1 -1 24 -1 22 21 20 19 18 -1 16 
0 -1 2 3 4 5 6 7 8 -1 -1 -1 -1 -1 -1 -1 -1 -1 -1 -1 1 -1 9 -1 -1 10 -1 11 -1 12 -1 13 -1 14 -1 15 -1 -1 -1 -1 -1 -1 -1 -1 -1 -1 -1 -1 -1 -1 -1 -1 -1 -1 -1 -1 30 -1 29 -1 28 -1 27 -1 26 23 -1 -1 -1 -1 25 17 -1 -1 -1 -1 -1 -1 -1 -1 -1 -1 24 22 21 20 19 18 -1 16 
0 -1 2 3 4 5 6 -1 8 -1 -1 -1 -1 -1 -1 -1 -1 -1 -1 -1 1 -1 9 -1 7 10 -1 11 -1 12 -1 13 -1 14 -1 15 -1 -1 -1 -1 -1 -1 -1 -1 -1 -1 -1 -1 -1 -1 -1 -1 -1 -1 -1 -1 30 -1 29 -1 28 -1 27 -1 26 23 -1 -1 -1 -1 25 17 -1 -1 -1 -1 -1 -1 -1 -1 -1 -1 24 22 21 20 19 18 -1 16 
0 -1 2 3 4 5 6 -1 8 -1 -1 -1 -1 -1 -1 -1 -1 -1 -1 -1 1 -1 9 -1 7 10 -1 11 -1 12 -1 13 -1 14 -1 15 -1 -1 -1 -1 -1 -1 -1 -1 -1 -1 -1 30 -1 -1 -1 -1 -1 -1 -1 -1 -1 -1 29 -1 28 -1 27 -1 26 23 -1 -1 -1 -1 25 17 -1 -1 -1 -1 -1 -1 -1 -1 -1 -1 24 22 21 20 19 18 -1 16 
-1 -1 2 3 4 5 6 -1 8 0 -1 -1 -1 -1 -1 -1 -1 -1 -1 -1 1 -1 9 -1 7 10 -1 11 -1 12 -1 13 -1 14 -1 15 -1 -1 -1 -1 -1 -1 -1 -1 -1 -1 -1 30 -1 -1 -1 -1 -1 -1 -1 -1 -1 -1 29 -1 28 -1 27 -1 26 23 -1 -1 -1 -1 25 17 -1 -1 -1 -1 -1 -1 -1 -1 -1 -1 24 22 21 20 19 18 -1 16 
-1 -1 2 3 4 5 6 -1 8 0 -1 -1 -1 -1 -1 -1 -1 -1 -1 -1 1 -1 9 -1 7 10 -1 11 -1 12 -1 13 -1 14 -1 15 -1 -1 -1 -1 -1 -1 -1 -1 -1 -1 -1 30 -1 -1 -1 -1 -1 -1 -1 -1 -1 -1 29 -1 28 -1 27 -1 26 23 -1 -1 -1 -1 25 17 -1 -1 -1 -1 -1 -1 -1 -1 16 -1 24 22 21 20 19 18 -1 -1 
-1 -1 2 3 4 5 6 -1 8 0 -1 -1 -1 -1 -1 -1 -1 -1 -1 -1 1 -1 9 -1 7 -1 10 11 -1 12 -1 13 -1 14 -1 15 -1 -1 -1 -1 -1 -1 -1 -1 -1 -1 -1 30 -1 -1 -1 -1 -1 -1 -1 -1 -1 -1 29 -1 28 -1 27 -1 26 23 -1 -1 -1 -1 25 17 -1 -1 -1 -1 -1 -1 -1 -1 16 -1 24 22 21 20 19 18 -1 -1 
-1 -1 2 3 4 5 6 -1 8 0 -1 -1 -1 -1 -1 -1 -1 -1 -1 -1 1 -1 9 -1 7 -1 10 11 -1 12 -1 13 -1 14 -1 15 -1 -1 -1 -1 -1 -1 -1 -1 -1 -1 -1 30 -1 -1 -1 -1 -1 -1 -1 -1 -1 -1 29 -1 28 -1 27 -1 26 23 -1 -1 -1 -1 25 17 -1 -1 -1 -1 -1 16 -1 -1 -1 -1 24 22 21 20 19 18 -1 -1 
-1 -1 2 3 4 5 6 8 -1 0 -1 -1 -1 -1 -1 -1 -1 -1 -1 -1 1 -1 9 -1 7 -1 10 11 -1 12 -1 13 -1 14 -1 15 -1 -1 -1 -1 -1 -1 -1 -1 -1 -1 -1 30 -1 -1 -1 -1 -1 -1 -1 -1 -1 -1 29 -1 28 -1 27 -1 26 23 -1 -1 -1 -1 25 17 -1 -1 -1 -1 -1 16 -1 -1 -1 -1 24 22 21 20 19 18 -1 -1 
-1 -1 2 3 4 5 6 8 -1 0 -1 -1 -1 -1 -1 -1 -1 -1 -1 -1 1 -1 9 -1 7 -1 10 11 -1 12 -1 13 -1 14 -1 15 -1 -1 -1 -1 -1 -1 -1 -1 -1 -1 -1 30 -1 -1 -1 -1 -1 27 -1 -1 -1 -1 29 -1 28 -1 -1 -1 26 23 -1 -1 -1 -1 25 17 -1 -1 -1 -1 -1 16 -1 -1 -1 -1 24 22 21 20 19 18 -1 -1 
-1 -1 2 3 4 5 6 8 -1 -1 -1 -1 0 -1 -1 -1 -1 -1 -1 -1 1 -1 9 -1 7 -1 10 11 -1 12 -1 13 -1 14 -1 15 -1 -1 -1 -1 -1 -1 -1 -1 -1 -1 -1 30 -1 -1 -1 -1 -1 27 -1 -1 -1 -1 29 -1 28 -1 -1 -1 26 23 -1 -1 -1 -1 25 17 -1 -1 -1 -1 -1 16 -1 -1 -1 -1 24 22 21 20 19 18 -1 -1 
-1 -1 2 3 4 5 6 8 -1 -1 -1 -1 0 -1 -1 -1 -1 -1 -1 -1 1 -1 9 -1 7 -1 10 11 -1 12 -1 13 -1 14 -1 15 -1 -1 -1 -1 -1 -1 -1 -1 -1 -1 -1 30 -1 -1 -1 -1 -1 27 -1 -1 -1 -1 29 -1 28 -1 -1 -1 26 23 -1 -1 -1 -1 25 17 -1 -1 -1 -1 21 16 -1 -1 -1 -1 24 22 -1 20 19 18 -1 -1 
-1 -1 2 3 4 5 6 -1 -1 -1 -1 -1 0 -1 -1 -1 -1 -1 -1 -1 1 -1 9 -1 7 -1 10 11 -1 12 -1 13 -1 14 -1 15 -1 -1 -1 -1 -1 -1 -1 8 -1 -1 -1 30 -1 -1 -1 -1 -1 27 -1 -1 -1 -1 29 -1 28 -1 -1 -1 26 23 -1 -1 -1 -1 25 17 -1 -1 -1 -1 21 16 -1 -1 -1 -1 24 22 -1 20 19 18 -1 -1 
-1 -1 2 3 4 5 6 -1 -1 -1 -1 -1 0 -1 -1 -1 -1 -1 -1 -1 1 -1 9 -1 7 -1 10 11 -1 12 -1 13 -1 14 -1 15 -1 -1 -1 -1 -1 -1 -1 8 -1 -1 -1 30 -1 -1 16 -1 -1 27 -1 -1 -1 -1 29 -1 28 -1 -1 -1 26 23 -1 -1 -1 -1 25 17 -1 -1 -1 -1 21 -1 -1 -1 -1 -1 24 22 -1 20 19 18 -1 -1 
-1 -1 2 3 4 5 6 -1 -1 -1 -1 -1 0 -1 -1 -1 -1 -1 -1 -1 1 -1 9 -1 7 -1 10 11 -1 -1 -1 13 -1 14 -1 15 -1 -1 12 -1 -1 -1 -1 8 -1 -1 -1 30 -1 -1 16 -1 -1 27 -1 -1 -1 -1 29 -1 28 -1 -1 -1 26 23 -1 -1 -1 -1 25 17 -1 -1 -1 -1 21 -1 -1 -1 -1 -1 24 22 -1 20 19 18 -1 -1 
-1 -1 2 3 4 5 6 -1 -1 -1 -1 -1 0 -1 -1 -1 -1 -1 -1 -1 1 -1 9 -1 7 -1 10 11 -1 -1 -1 13 -1 14 -1 15 -1 -1 12 -1 -1 -1 -1 8 -1 -1 -1 30 -1 -1 16 -1 17 27 -1 -1 -1 -1 29 -1 28 -1 -1 -1 26 23 -1 -1 -1 -1 25 -1 -1 -1 -1 -1 21 -1 -1 -1 -1 -1 24 22 -1 20 19 18 -1 -1 
-1 -1 2 3 4 5 6 -1 -1 -1 -1 -1 0 -1 -1 -1 -1 -1 -1 -1 -1 -1 9 -1 7 -1 10 11 -1 -1 -1 13 -1 14 -1 15 -1 -1 12 1 -1 -1 -1 8 -1 -1 -1 30 -1 -1 16 -1 17 27 -1 -1 -1 -1 29 -1 28 -1 -1 -1 26 23 -1 -1 -1 -1 25 -1 -1 -1 -1 -1 21 -1 -1 -1 -1 -1 24 22 -1 20 19 18 -1 -1 
-1 -1 2 3 4 5 6 -1 -1 -1 -1 -1 0 -1 -1 -1 -1 -1 -1 -1 -1 -1 9 -1 7 -1 10 11 -1 -1 -1 13 -1 14 -1 15 -1 -1 12 1 -1 -1 -1 8 -1 -1 -1 30 16 -1 -1 -1 17 27 -1 -1 -1 -1 29 -1 28 -1 -1 -1 26 23 -1 -1 -1 -1 25 -1 -1 -1 -1 -1 21 -1 -1 -1 -1 -1 24 22 -1 20 19 18 -1 -1 
-1 -1 2 3 4 5 6 -1 -1 -1 -1 -1 0 -1 -1 -1 -1 -1 -1 -1 -1 -1 9 -1 7 -1 10 11 -1 -1 -1 13 -1 14 -1 15 -1 -1 -1 1 -1 -1 -1 8 -1 -1 -1 12 16 -1 -1 -1 17 27 -1 -1 -1 -1 29 -1 28 -1 -1 -1 26 23 -1 -1 -1 -1 25 -1 -1 -1 -1 -1 21 -1 -1 -1 -1 -1 24 22 -1 20 19 18 -1 -1 
-1 -1 2 3 4 5 6 -1 -1 -1 -1 -1 0 -1 -1 -1 -1 -1 -1 -1 -1 -1 9 -1 7 -1 10 11 -1 -1 -1 13 -1 14 -1 15 -1 -1 -1 1 -1 -1 -1 8 -1 -1 -1 16 -1 -1 -1 -1 17 27 -1 -1 -1 -1 29 -1 28 -1 -1 -1 26 23 -1 -1 -1 -1 25 -1 -1 -1 -1 -1 21 -1 -1 -1 -1 -1 24 22 -1 20 19 18 -1 -1 
-1 -1 2 3 4 5 6 -1 -1 -1 -1 -1 0 -1 -1 -1 -1 -1 -1 -1 -1 -1 9 -1 7 -1 -1 11 -1 -1 -1 13 -1 14 -1 15 -1 -1 -1 1 -1 -1 -1 8 -1 -1 -1 16 -1 -1 -1 -1 17 10 -1 -1 -1 -1 29 -1 28 -1 -1 -1 26 23 -1 -1 -1 -1 25 -1 -1 -1 -1 -1 21 -1 -1 -1 -1 -1 24 22 -1 20 19 18 -1 -1 
-1 -1 2 3 4 5 6 -1 -1 -1 -1 -1 0 -1 -1 -1 -1 -1 -1 -1 -1 -1 9 -1 7 -1 -1 11 -1 -1 -1 13 -1 14 -1 15 -1 -1 -1 1 -1 -1 -1 25 -1 -1 -1 16 -1 -1 -1 -1 17 10 -1 -1 -1 -1 29 -1 28 -1 -1 -1 26 23 -1 -1 -1 -1 -1 -1 -1 -1 -1 -1 21 -1 -1 -1 -1 -1 24 22 -1 20 19 18 -1 -1 
-1 -1 2 3 4 5 6 -1 -1 -1 -1 -1 0 -1 -1 -1 -1 -1 -1 -1 -1 -1 9 -1 7 -1 -1 11 -1 -1 -1 13 -1 14 -1 15 -1 -1 -1 1 -1 -1 -1 25 -1 -1 -1 10 -1 -1 -1 -1 17 -1 -1 -1 -1 -1 29 -1 28 -1 -1 -1 26 23 -1 -1 -1 -1 -1 -1 -1 -1 -1 -1 21 -1 -1 -1 -1 -1 24 22 -1 20 19 18 -1 -1 
-1 -1 2 3 4 5 6 -1 -1 -1 -1 -1 0 -1 -1 -1 -1 -1 -1 -1 -1 -1 9 -1 7 -1 -1 11 -1 -1 -1 13 -1 14 -1 15 -1 -1 -1 1 -1 17 -1 25 -1 -1 -1 10 -1 -1 -1 -1 -1 -1 -1 -1 -1 -1 29 -1 28 -1 -1 -1 26 23 -1 -1 -1 -1 -1 -1 -1 -1 -1 -1 21 -1 -1 -1 -1 -1 24 22 -1 20 19 18 -1 -1 
-1 -1 2 3 4 5 6 -1 -1 -1 -1 -1 0 -1 -1 -1 -1 -1 -1 -1 -1 -1 9 -1 7 -1 -1 11 -1 -1 -1 13 -1 14 -1 15 -1 -1 10 1 -1 17 -1 25 -1 -1 -1 -1 -1 -1 -1 -1 -1 -1 -1 -1 -1 -1 29 -1 28 -1 -1 -1 26 23 -1 -1 -1 -1 -1 -1 -1 -1 -1 -1 21 -1 -1 -1 -1 -1 24 22 -1 20 19 18 -1 -1 
-1 -1 2 3 4 5 6 -1 -1 -1 -1 -1 0 -1 -1 -1 -1 -1 -1 -1 -1 -1 17 -1 7 -1 -1 11 -1 -1 -1 13 -1 14 -1 15 -1 -1 10 1 -1 -1 -1 25 -1 -1 -1 -1 -1 -1 -1 -1 -1 -1 -1 -1 -1 -1 29 -1 28 -1 -1 -1 26 23 -1 -1 -1 -1 -1 -1 -1 -1 -1 -1 21 -1 -1 -1 -1 -1 24 22 -1 20 19 18 -1 -1 
-1 -1 2 3 4 5 6 -1 -1 -1 -1 -1 0 -1 -1 -1 -1 -1 -1 -1 -1 -1 17 -1 7 -1 -1 11 -1 -1 -1 13 -1 14 -1 15 -1 -1 -1 1 -1 -1 -1 10 -1 -1 -1 -1 -1 -1 -1 -1 -1 -1 -1 -1 -1 -1 29 -1 28 -1 -1 -1 26 23 -1 -1 -1 -1 -1 -1 -1 -1 -1 -1 21 -1 -1 -1 -1 -1 24 22 -1 20 19 18 -1 -1 
-1 -1 2 3 4 5 6 -1 -1 -1 -1 -1 0 -1 -1 -1 -1 -1 -1 -1 -1 -1 -1 -1 7 -1 -1 11 -1 -1 -1 13 -1 17 -1 15 -1 -1 -1 1 -1 -1 -1 10 -1 -1 -1 -1 -1 -1 -1 -1 -1 -1 -1 -1 -1 -1 29 -1 28 -1 -1 -1 26 23 -1 -1 -1 -1 -1 -1 -1 -1 -1 -1 21 -1 -1 -1 -1 -1 24 22 -1 20 19 18 -1 -1 
-1 -1 2 3 4 5 6 -1 -1 -1 -1 -1 0 -1 -1 -1 10 -1 -1 -1 -1 -1 -1 -1 7 -1 -1 11 -1 -1 -1 13 -1 17 -1 15 -1 -1 -1 1 -1 -1 -1 -1 -1 -1 -1 -1 -1 -1 -1 -1 -1 -1 -1 -1 -1 -1 29 -1 28 -1 -1 -1 26 23 -1 -1 -1 -1 -1 -1 -1 -1 -1 -1 21 -1 -1 -1 -1 -1 24 22 -1 20 19 18 -1 -1 
-1 -1 2 3 4 5 6 -1 -1 -1 -1 -1 0 -1 -1 -1 10 -1 -1 -1 -1 -1 -1 -1 7 -1 -1 11 -1 -1 -1 13 -1 17 -1 15 -1 -1 -1 1 -1 -1 -1 -1 -1 -1 -1 -1 -1 -1 -1 -1 -1 -1 -1 -1 -1 -1 29 -1 28 -1 -1 -1 26 23 -1 22 -1 -1 -1 -1 -1 -1 -1 -1 21 -1 -1 -1 -1 -1 24 -1 -1 20 19 18 -1 -1 
-1 -1 2 3 4 5 6 -1 -1 -1 -1 -1 0 -1 -1 10 -1 -1 -1 -1 -1 -1 -1 -1 7 -1 -1 11 -1 -1 -1 13 -1 17 -1 15 -1 -1 -1 1 -1 -1 -1 -1 -1 -1 -1 -1 -1 -1 -1 -1 -1 -1 -1 -1 -1 -1 29 -1 28 -1 -1 -1 26 23 -1 22 -1 -1 -1 -1 -1 -1 -1 -1 21 -1 -1 -1 -1 -1 24 -1 -1 20 19 18 -1 -1 
-1 -1 2 3 4 5 6 -1 -1 -1 -1 -1 0 -1 -1 10 -1 -1 -1 -1 -1 -1 -1 -1 7 -1 -1 11 -1 -1 -1 13 -1 17 -1 15 -1 -1 -1 1 -1 -1 -1 -1 -1 -1 -1 -1 -1 -1 -1 -1 -1 -1 -1 -1 -1 -1 29 -1 28 -1 -1 -1 26 23 -1 22 -1 -1 -1 -1 -1 -1 -1 -1 21 -1 -1 -1 -1 -1 -1 -1 24 20 19 18 -1 -1 
-1 -1 2 3 4 5 6 -1 -1 -1 -1 0 -1 -1 -1 10 -1 -1 -1 -1 -1 -1 -1 -1 7 -1 -1 11 -1 -1 -1 13 -1 17 -1 15 -1 -1 -1 1 -1 -1 -1 -1 -1 -1 -1 -1 -1 -1 -1 -1 -1 -1 -1 -1 -1 -1 29 -1 28 -1 -1 -1 26 23 -1 22 -1 -1 -1 -1 -1 -1 -1 -1 21 -1 -1 -1 -1 -1 -1 -1 24 20 19 18 -1 -1 
-1 -1 2 3 4 5 6 -1 -1 -1 -1 0 -1 -1 -1 10 -1 -1 -1 -1 -1 -1 -1 -1 7 -1 -1 11 -1 -1 -1 13 -1 17 -1 15 -1 -1 -1 24 -1 -1 -1 -1 -1 -1 -1 -1 -1 -1 -1 -1 -1 -1 -1 -1 -1 -1 29 -1 28 -1 -1 -1 26 23 -1 22 -1 -1 -1 -1 -1 -1 -1 -1 21 -1 -1 -1 -1 -1 -1 -1 -1 20 19 18 -1 -1 
-1 -1 2 3 4 5 6 -1 -1 -1 -1 -1 -1 -1 -1 10 -1 -1 -1 -1 -1 -1 -1 -1 7 -1 -1 11 -1 -1 -1 13 -1 17 -1 15 -1 -1 -1 24 -1 -1 -1 -1 -1 -1 -1 -1 -1 -1 -1 -1 -1 -1 -1 -1 -1 -1 29 -1 28 -1 -1 -1 26 0 -1 22 -1 -1 -1 -1 -1 -1 -1 -1 21 -1 -1 -1 -1 -1 -1 -1 -1 20 19 18 -1 -1 
-1 -1 2 3 4 5 6 -1 -1 -1 -1 -1 -1 -1 -1 10 -1 -1 -1 -1 -1 -1 -1 -1 7 -1 -1 11 -1 -1 -1 13 -1 17 -1 15 -1 -1 -1 24 -1 -1 -1 -1 -1 -1 26 -1 -1 -1 -1 -1 -1 -1 -1 -1 -1 -1 29 -1 28 -1 -1 -1 -1 0 -1 22 -1 -1 -1 -1 -1 -1 -1 -1 21 -1 -1 -1 -1 -1 -1 -1 -1 20 19 18 -1 -1 
-1 -1 2 3 4 5 6 -1 -1 -1 -1 -1 -1 -1 -1 -1 -1 -1 -1 -1 -1 -1 -1 -1 7 -1 -1 11 -1 -1 -1 13 -1 10 -1 15 -1 -1 -1 24 -1 -1 -1 -1 -1 -1 26 -1 -1 -1 -1 -1 -1 -1 -1 -1 -1 -1 29 -1 28 -1 -1 -1 -1 0 -1 22 -1 -1 -1 -1 -1 -1 -1 -1 21 -1 -1 -1 -1 -1 -1 -1 -1 20 19 18 -1 -1 
-1 -1 2 3 4 5 6 -1 -1 -1 -1 -1 -1 -1 -1 -1 -1 -1 -1 -1 -1 -1 -1 -1 7 -1 -1 11 -1 -1 -1 13 -1 10 -1 15 -1 -1 -1 -1 -1 -1 24 -1 -1 -1 26 -1 -1 -1 -1 -1 -1 -1 -1 -1 -1 -1 29 -1 28 -1 -1 -1 -1 0 -1 22 -1 -1 -1 -1 -1 -1 -1 -1 21 -1 -1 -1 -1 -1 -1 -1 -1 20 19 18 -1 -1 
-1 -1 2 3 4 5 6 -1 -1 -1 -1 -1 -1 -1 -1 -1 -1 -1 -1 -1 -1 -1 -1 -1 7 -1 -1 11 -1 -1 -1 13 -1 -1 -1 15 -1 -1 -1 -1 -1 -1 24 -1 -1 -1 26 -1 -1 -1 -1 -1 -1 -1 -1 -1 -1 -1 29 -1 10 -1 -1 -1 -1 0 -1 22 -1 -1 -1 -1 -1 -1 -1 -1 21 -1 -1 -1 -1 -1 -1 -1 -1 20 19 18 -1 -1 
-1 -1 2 3 4 5 6 -1 -1 -1 -1 -1 -1 -1 -1 -1 -1 -1 -1 -1 -1 -1 -1 -1 7 -1 -1 11 -1 -1 -1 13 -1 -1 -1 15 -1 -1 -1 -1 -1 -1 -1 -1 -1 -1 26 -1 -1 -1 -1 -1 -1 -1 -1 -1 -1 -1 29 -1 24 -1 -1 -1 -1 0 -1 22 -1 -1 -1 -1 -1 -1 -1 -1 21 -1 -1 -1 -1 -1 -1 -1 -1 20 19 18 -1 -1 
-1 -1 2 3 4 5 6 -1 -1 -1 -1 -1 -1 7 -1 -1 -1 -1 -1 -1 -1 -1 -1 -1 -1 -1 -1 11 -1 -1 -1 13 -1 -1 -1 15 -1 -1 -1 -1 -1 -1 -1 -1 -1 -1 26 -1 -1 -1 -1 -1 -1 -1 -1 -1 -1 -1 29 -1 24 -1 -1 -1 -1 0 -1 22 -1 -1 -1 -1 -1 -1 -1 -1 21 -1 -1 -1 -1 -1 -1 -1 -1 20 19 18 -1 -1 
-1 -1 2 3 4 5 6 -1 -1 -1 -1 -1 -1 7 -1 -1 -1 -1 -1 -1 -1 -1 -1 -1 -1 -1 -1 11 -1 -1 -1 13 -1 24 -1 15 -1 -1 -1 -1 -1 -1 -1 -1 -1 -1 26 -1 -1 -1 -1 -1 -1 -1 -1 -1 -1 -1 29 -1 -1 -1 -1 -1 -1 0 -1 22 -1 -1 -1 -1 -1 -1 -1 -1 21 -1 -1 -1 -1 -1 -1 -1 -1 20 19 18 -1 -1 
-1 -1 2 3 4 5 6 -1 -1 -1 -1 -1 -1 7 -1 -1 -1 -1 -1 -1 -1 -1 -1 -1 -1 -1 -1 11 -1 0 -1 13 -1 24 -1 15 -1 -1 -1 -1 -1 -1 -1 -1 -1 -1 26 -1 -1 -1 -1 -1 -1 -1 -1 -1 -1 -1 29 -1 -1 -1 -1 -1 -1 -1 -1 22 -1 -1 -1 -1 -1 -1 -1 -1 21 -1 -1 -1 -1 -1 -1 -1 -1 20 19 18 -1 -1 
-1 -1 2 3 4 5 6 -1 -1 -1 -1 -1 -1 7 -1 -1 -1 -1 -1 -1 -1 -1 -1 -1 -1 -1 -1 11 -1 0 -1 13 -1 24 -1 15 -1 -1 -1 -1 -1 -1 -1 -1 -1 -1 -1 -1 -1 -1 -1 -1 26 -1 -1 -1 -1 -1 29 -1 -1 -1 -1 -1 -1 -1 -1 22 -1 -1 -1 -1 -1 -1 -1 -1 21 -1 -1 -1 -1 -1 -1 -1 -1 20 19 18 -1 -1 
-1 -1 -1 3 4 5 6 -1 -1 -1 -1 -1 -1 7 -1 -1 -1 -1 -1 -1 -1 -1 2 -1 -1 -1 -1 11 -1 0 -1 13 -1 24 -1 15 -1 -1 -1 -1 -1 -1 -1 -1 -1 -1 -1 -1 -1 -1 -1 -1 26 -1 -1 -1 -1 -1 29 -1 -1 -1 -1 -1 -1 -1 -1 22 -1 -1 -1 -1 -1 -1 -1 -1 21 -1 -1 -1 -1 -1 -1 -1 -1 20 19 18 -1 -1 
-1 -1 -1 3 4 5 6 -1 -1 -1 -1 -1 -1 7 -1 -1 -1 -1 -1 -1 -1 -1 2 -1 -1 -1 -1 11 -1 0 -1 13 -1 24 -1 15 -1 -1 -1 -1 -1 -1 -1 -1 -1 -1 -1 -1 -1 29 -1 -1 26 -1 -1 -1 -1 -1 -1 -1 -1 -1 -1 -1 -1 -1 -1 22 -1 -1 -1 -1 -1 -1 -1 -1 21 -1 -1 -1 -1 -1 -1 -1 -1 20 19 18 -1 -1 
-1 -1 -1 3 4 5 6 -1 -1 -1 -1 -1 -1 7 -1 -1 -1 -1 -1 -1 -1 -1 2 -1 -1 -1 -1 11 0 -1 -1 13 -1 24 -1 15 -1 -1 -1 -1 -1 -1 -1 -1 -1 -1 -1 -1 -1 29 -1 -1 26 -1 -1 -1 -1 -1 -1 -1 -1 -1 -1 -1 -1 -1 -1 22 -1 -1 -1 -1 -1 -1 -1 -1 21 -1 -1 -1 -1 -1 -1 -1 -1 20 19 18 -1 -1 
-1 -1 -1 3 4 5 6 -1 -1 -1 -1 -1 -1 7 -1 -1 -1 -1 -1 -1 -1 -1 2 -1 -1 -1 -1 11 0 -1 -1 13 -1 24 -1 15 -1 -1 -1 -1 -1 -1 -1 -1 -1 -1 -1 -1 -1 29 -1 -1 26 -1 -1 -1 -1 -1 -1 -1 -1 -1 -1 -1 -1 -1 -1 22 -1 -1 -1 -1 -1 -1 -1 -1 -1 -1 -1 -1 -1 -1 -1 -1 21 20 19 18 -1 -1 
-1 -1 -1 3 4 5 6 -1 -1 -1 -1 -1 -1 -1 -1 -1 -1 -1 -1 -1 7 -1 2 -1 -1 -1 -1 11 0 -1 -1 13 -1 24 -1 15 -1 -1 -1 -1 -1 -1 -1 -1 -1 -1 -1 -1 -1 29 -1 -1 26 -1 -1 -1 -1 -1 -1 -1 -1 -1 -1 -1 -1 -1 -1 22 -1 -1 -1 -1 -1 -1 -1 -1 -1 -1 -1 -1 -1 -1 -1 -1 21 20 19 18 -1 -1 
-1 -1 -1 3 4 5 6 -1 -1 -1 -1 -1 -1 -1 -1 -1 -1 -1 -1 -1 7 -1 2 -1 -1 -1 -1 11 0 -1 -1 13 -1 24 -1 15 -1 -1 -1 -1 29 -1 -1 -1 -1 -1 -1 -1 -1 -1 -1 -1 26 -1 -1 -1 -1 -1 -1 -1 -1 -1 -1 -1 -1 -1 -1 22 -1 -1 -1 -1 -1 -1 -1 -1 -1 -1 -1 -1 -1 -1 -1 -1 21 20 19 18 -1 -1 
-1 -1 -1 3 4 5 6 -1 -1 -1 -1 -1 -1 -1 -1 -1 -1 -1 -1 -1 7 -1 2 -1 -1 -1 -1 11 -1 -1 -1 13 -1 24 -1 15 -1 -1 -1 -1 29 -1 -1 -1 -1 -1 0 -1 -1 -1 -1 -1 26 -1 -1 -1 -1 -1 -1 -1 -1 -1 -1 -1 -1 -1 -1 22 -1 -1 -1 -1 -1 -1 -1 -1 -1 -1 -1 -1 -1 -1 -1 -1 21 20 19 18 -1 -1 
-1 -1 -1 3 4 5 6 -1 -1 -1 -1 -1 -1 -1 -1 -1 25 -1 -1 -1 7 -1 2 -1 -1 -1 -1 11 -1 -1 -1 13 -1 24 -1 15 -1 -1 -1 -1 29 -1 -1 -1 -1 -1 0 -1 -1 -1 -1 -1 26 -1 -1 -1 -1 -1 -1 -1 -1 -1 -1 -1 -1 -1 -1 22 -1 -1 -1 -1 -1 -1 -1 -1 -1 -1 -1 -1 -1 -1 -1 -1 21 20 19 18 -1 -1 
-1 -1 -1 3 4 5 6 -1 -1 -1 -1 -1 -1 -1 -1 -1 25 -1 -1 -1 -1 -1 2 -1 -1 -1 -1 11 -1 -1 -1 13 -1 24 -1 15 -1 7 -1 -1 29 -1 -1 -1 -1 -1 0 -1 -1 -1 -1 -1 26 -1 -1 -1 -1 -1 -1 -1 -1 -1 -1 -1 -1 -1 -1 22 -1 -1 -1 -1 -1 -1 -1 -1 -1 -1 -1 -1 -1 -1 -1 -1 21 20 19 18 -1 -1 
-1 -1 -1 3 4 5 6 -1 -1 -1 -1 -1 -1 -1 -1 -1 25 -1 -1 -1 -1 -1 2 -1 -1 -1 -1 11 -1 -1 -1 29 -1 24 -1 15 -1 7 -1 -1 -1 -1 -1 -1 -1 -1 0 -1 -1 -1 -1 -1 26 -1 -1 -1 -1 -1 -1 -1 -1 -1 -1 -1 -1 -1 -1 22 -1 -1 -1 -1 -1 -1 -1 -1 -1 -1 -1 -1 -1 -1 -1 -1 21 20 19 18 -1 -1 
-1 -1 -1 3 4 5 6 -1 -1 -1 -1 -1 -1 -1 -1 -1 25 -1 -1 -1 -1 -1 2 -1 -1 -1 -1 11 -1 -1 -1 29 -1 24 -1 15 -1 7 -1 -1 -1 -1 -1 -1 -1 -1 -1 -1 -1 -1 -1 -1 0 -1 -1 -1 -1 -1 -1 -1 -1 -1 -1 -1 -1 -1 -1 22 -1 -1 -1 -1 -1 -1 -1 -1 -1 -1 -1 -1 -1 -1 -1 -1 21 20 19 18 -1 -1 
-1 -1 -1 3 4 5 6 -1 -1 -1 -1 -1 -1 -1 25 -1 -1 -1 -1 -1 -1 -1 2 -1 -1 -1 -1 11 -1 -1 -1 29 -1 24 -1 15 -1 7 -1 -1 -1 -1 -1 -1 -1 -1 -1 -1 -1 -1 -1 -1 0 -1 -1 -1 -1 -1 -1 -1 -1 -1 -1 -1 -1 -1 -1 22 -1 -1 -1 -1 -1 -1 -1 -1 -1 -1 -1 -1 -1 -1 -1 -1 21 20 19 18 -1 -1 
-1 -1 -1 3 4 5 6 -1 -1 -1 -1 -1 -1 -1 25 -1 -1 -1 -1 -1 -1 -1 2 -1 -1 -1 -1 11 -1 -1 -1 29 -1 24 -1 15 -1 -1 -1 -1 -1 -1 -1 -1 -1 -1 -1 -1 -1 -1 -1 -1 0 -1 7 -1 -1 -1 -1 -1 -1 -1 -1 -1 -1 -1 -1 22 -1 -1 -1 -1 -1 -1 -1 -1 -1 -1 -1 -1 -1 -1 -1 -1 21 20 19 18 -1 -1 
-1 -1 -1 3 4 5 6 -1 -1 -1 -1 -1 -1 -1 25 -1 -1 -1 -1 -1 -1 -1 29 -1 -1 -1 -1 11 -1 -1 -1 -1 -1 24 -1 15 -1 -1 -1 -1 -1 -1 -1 -1 -1 -1 -1 -1 -1 -1 -1 -1 0 -1 7 -1 -1 -1 -1 -1 -1 -1 -1 -1 -1 -1 -1 22 -1 -1 -1 -1 -1 -1 -1 -1 -1 -1 -1 -1 -1 -1 -1 -1 21 20 19 18 -1 -1 
-1 -1 -1 3 4 5 -1 -1 -1 -1 -1 -1 -1 -1 25 -1 -1 -1 -1 -1 -1 -1 6 -1 -1 -1 -1 11 -1 -1 -1 -1 -1 24 -1 15 -1 -1 -1 -1 -1 -1 -1 -1 -1 -1 -1 -1 -1 -1 -1 -1 0 -1 7 -1 -1 -1 -1 -1 -1 -1 -1 -1 -1 -1 -1 22 -1 -1 -1 -1 -1 -1 -1 -1 -1 -1 -1 -1 -1 -1 -1 -1 21 20 19 18 -1 -1 
-1 -1 -1 3 4 5 -1 -1 -1 -1 -1 -1 -1 -1 -1 -1 -1 -1 -1 -1 -1 -1 6 -1 -1 -1 -1 11 -1 -1 -1 -1 -1 24 -1 15 -1 -1 -1 -1 -1 -1 -1 -1 -1 -1 -1 -1 -1 -1 -1 -1 0 -1 7 -1 -1 -1 -1 -1 -1 -1 -1 -1 -1 -1 -1 22 25 -1 -1 -1 -1 -1 -1 -1 -1 -1 -1 -1 -1 -1 -1 -1 21 20 19 18 -1 -1 
-1 -1 -1 3 4 -1 -1 -1 -1 -1 -1 -1 -1 5 -1 -1 -1 -1 -1 -1 -1 -1 6 -1 -1 -1 -1 11 -1 -1 -1 -1 -1 24 -1 15 -1 -1 -1 -1 -1 -1 -1 -1 -1 -1 -1 -1 -1 -1 -1 -1 0 -1 7 -1 -1 -1 -1 -1 -1 -1 -1 -1 -1 -1 -1 22 25 -1 -1 -1 -1 -1 -1 -1 -1 -1 -1 -1 -1 -1 -1 -1 21 20 19 18 -1 -1 
-1 -1 -1 3 4 -1 -1 -1 -1 -1 -1 -1 -1 5 -1 -1 -1 -1 -1 -1 -1 -1 6 -1 -1 -1 -1 11 -1 -1 -1 -1 -1 24 -1 15 -1 -1 -1 -1 -1 -1 -1 -1 -1 -1 -1 -1 -1 -1 -1 -1 0 -1 7 -1 -1 -1 -1 -1 -1 -1 -1 -1 -1 -1 -1 25 -1 -1 -1 -1 -1 -1 -1 -1 -1 -1 -1 -1 -1 -1 -1 -1 21 20 19 18 -1 -1 
-1 -1 -1 3 4 -1 -1 -1 -1 -1 -1 -1 -1 5 -1 -1 -1 -1 -1 -1 -1 -1 6 -1 -1 0 -1 11 -1 -1 -1 -1 -1 24 -1 15 -1 -1 -1 -1 -1 -1 -1 -1 -1 -1 -1 -1 -1 -1 -1 -1 -1 -1 7 -1 -1 -1 -1 -1 -1 -1 -1 -1 -1 -1 -1 25 -1 -1 -1 -1 -1 -1 -1 -1 -1 -1 -1 -1 -1 -1 -1 -1 21 20 19 18 -1 -1 
-1 -1 -1 3 4 -1 -1 -1 -1 -1 -1 -1 -1 5 -1 -1 -1 -1 -1 -1 -1 -1 6 -1 -1 0 -1 11 -1 -1 -1 -1 -1 24 -1 15 -1 -1 -1 -1 -1 -1 -1 -1 -1 -1 -1 -1 -1 -1 -1 -1 -1 -1 7 -1 -1 -1 -1 -1 -1 -1 -1 -1 -1 -1 -1 -1 -1 -1 -1 -1 -1 -1 -1 -1 -1 -1 -1 -1 -1 -1 -1 22 21 20 19 18 -1 -1 
-1 -1 -1 3 4 -1 -1 -1 -1 -1 -1 -1 -1 5 -1 -1 -1 -1 -1 -1 -1 -1 6 0 -1 -1 -1 11 -1 -1 -1 -1 -1 24 -1 15 -1 -1 -1 -1 -1 -1 -1 -1 -1 -1 -1 -1 -1 -1 -1 -1 -1 -1 7 -1 -1 -1 -1 -1 -1 -1 -1 -1 -1 -1 -1 -1 -1 -1 -1 -1 -1 -1 -1 -1 -1 -1 -1 -1 -1 -1 -1 22 21 20 19 18 -1 -1 
-1 -1 -1 3 4 -1 24 -1 -1 -1 -1 -1 -1 5 -1 -1 -1 -1 -1 -1 -1 -1 6 0 -1 -1 -1 11 -1 -1 -1 -1 -1 -1 -1 15 -1 -1 -1 -1 -1 -1 -1 -1 -1 -1 -1 -1 -1 -1 -1 -1 -1 -1 7 -1 -1 -1 -1 -1 -1 -1 -1 -1 -1 -1 -1 -1 -1 -1 -1 -1 -1 -1 -1 -1 -1 -1 -1 -1 -1 -1 -1 22 21 20 19 18 -1 -1 
-1 -1 -1 3 4 0 24 -1 -1 -1 -1 -1 -1 5 -1 -1 -1 -1 -1 -1 -1 -1 6 -1 -1 -1 -1 11 -1 -1 -1 -1 -1 -1 -1 15 -1 -1 -1 -1 -1 -1 -1 -1 -1 -1 -1 -1 -1 -1 -1 -1 -1 -1 7 -1 -1 -1 -1 -1 -1 -1 -1 -1 -1 -1 -1 -1 -1 -1 -1 -1 -1 -1 -1 -1 -1 -1 -1 -1 -1 -1 -1 22 21 20 19 18 -1 -1 
-1 -1 -1 3 4 0 -1 -1 -1 -1 -1 -1 -1 5 -1 -1 -1 -1 -1 -1 -1 -1 6 -1 24 -1 -1 11 -1 -1 -1 -1 -1 -1 -1 15 -1 -1 -1 -1 -1 -1 -1 -1 -1 -1 -1 -1 -1 -1 -1 -1 -1 -1 7 -1 -1 -1 -1 -1 -1 -1 -1 -1 -1 -1 -1 -1 -1 -1 -1 -1 -1 -1 -1 -1 -1 -1 -1 -1 -1 -1 -1 22 21 20 19 18 -1 -1 
-1 -1 -1 3 4 -1 -1 -1 -1 -1 -1 -1 -1 5 -1 -1 -1 -1 -1 -1 -1 -1 6 -1 24 -1 -1 11 -1 -1 -1 -1 -1 -1 -1 15 -1 -1 -1 -1 -1 -1 -1 -1 -1 -1 -1 -1 -1 -1 -1 -1 -1 -1 7 -1 -1 -1 -1 0 -1 -1 -1 -1 -1 -1 -1 -1 -1 -1 -1 -1 -1 -1 -1 -1 -1 -1 -1 -1 -1 -1 -1 22 21 20 19 18 -1 -1 
-1 -1 -1 3 4 -1 -1 -1 -1 -1 -1 -1 -1 5 -1 -1 -1 -1 -1 -1 -1 -1 6 -1 24 -1 -1 11 -1 -1 -1 -1 -1 -1 -1 15 -1 -1 -1 -1 -1 -1 -1 -1 -1 -1 -1 -1 -1 -1 -1 -1 -1 -1 7 -1 -1 -1 25 0 -1 -1 -1 -1 -1 -1 -1 -1 -1 -1 -1 -1 -1 -1 -1 -1 -1 -1 -1 -1 -1 -1 -1 22 21 20 19 18 -1 -1 
-1 -1 -1 3 -1 4 -1 -1 -1 -1 -1 -1 -1 5 -1 -1 -1 -1 -1 -1 -1 -1 6 -1 24 -1 -1 11 -1 -1 -1 -1 -1 -1 -1 15 -1 -1 -1 -1 -1 -1 -1 -1 -1 -1 -1 -1 -1 -1 -1 -1 -1 -1 7 -1 -1 -1 25 0 -1 -1 -1 -1 -1 -1 -1 -1 -1 -1 -1 -1 -1 -1 -1 -1 -1 -1 -1 -1 -1 -1 -1 22 21 20 19 18 -1 -1 
-1 -1 -1 3 -1 4 -1 -1 -1 -1 -1 -1 -1 5 -1 -1 -1 -1 -1 -1 -1 -1 6 -1 24 -1 -1 11 -1 -1 -1 -1 -1 -1 -1 15 -1 -1 -1 -1 -1 -1 -1 -1 -1 -1 -1 -1 -1 -1 -1 -1 -1 -1 7 -1 -1 -1 25 0 -1 -1 -1 -1 -1 -1 -1 -1 -1 -1 -1 -1 -1 -1 -1 -1 19 -1 -1 -1 -1 -1 -1 22 21 20 -1 18 -1 -1 
-1 -1 -1 3 -1 4 -1 -1 -1 -1 -1 -1 -1 5 -1 -1 -1 -1 -1 -1 -1 -1 6 0 24 -1 -1 11 -1 -1 -1 -1 -1 -1 -1 15 -1 -1 -1 -1 -1 -1 -1 -1 -1 -1 -1 -1 -1 -1 -1 -1 -1 -1 7 -1 -1 -1 25 -1 -1 -1 -1 -1 -1 -1 -1 -1 -1 -1 -1 -1 -1 -1 -1 -1 19 -1 -1 -1 -1 -1 -1 22 21 20 -1 18 -1 -1 
-1 -1 -1 3 -1 4 -1 -1 -1 -1 -1 -1 -1 5 -1 -1 -1 -1 -1 -1 -1 -1 6 0 -1 -1 -1 11 -1 -1 -1 -1 -1 24 -1 15 -1 -1 -1 -1 -1 -1 -1 -1 -1 -1 -1 -1 -1 -1 -1 -1 -1 -1 7 -1 -1 -1 25 -1 -1 -1 -1 -1 -1 -1 -1 -1 -1 -1 -1 -1 -1 -1 -1 -1 19 -1 -1 -1 -1 -1 -1 22 21 20 -1 18 -1 -1 
-1 -1 -1 3 -1 4 -1 -1 -1 -1 -1 -1 -1 5 -1 -1 -1 -1 -1 -1 -1 -1 6 0 -1 -1 -1 11 -1 -1 -1 -1 -1 24 -1 15 -1 7 -1 -1 -1 -1 -1 -1 -1 -1 -1 -1 -1 -1 -1 -1 -1 -1 -1 -1 -1 -1 25 -1 -1 -1 -1 -1 -1 -1 -1 -1 -1 -1 -1 -1 -1 -1 -1 -1 19 -1 -1 -1 -1 -1 -1 22 21 20 -1 18 -1 -1 
-1 -1 -1 3 -1 4 -1 -1 -1 -1 -1 -1 -1 5 -1 -1 -1 -1 -1 -1 -1 -1 6 0 -1 -1 -1 11 -1 -1 -1 -1 -1 -1 -1 24 -1 7 -1 -1 -1 -1 -1 -1 -1 -1 -1 -1 -1 -1 -1 -1 -1 -1 -1 -1 -1 -1 25 -1 -1 -1 -1 -1 -1 -1 -1 -1 -1 -1 -1 -1 -1 -1 -1 -1 19 -1 -1 -1 -1 -1 -1 22 21 20 -1 18 -1 -1 
-1 -1 -1 3 -1 4 -1 -1 -1 -1 -1 -1 -1 5 -1 -1 -1 -1 -1 -1 -1 -1 6 -1 0 -1 -1 11 -1 -1 -1 -1 -1 -1 -1 24 -1 7 -1 -1 -1 -1 -1 -1 -1 -1 -1 -1 -1 -1 -1 -1 -1 -1 -1 -1 -1 -1 25 -1 -1 -1 -1 -1 -1 -1 -1 -1 -1 -1 -1 -1 -1 -1 -1 -1 19 -1 -1 -1 -1 -1 -1 22 21 20 -1 18 -1 -1 
-1 -1 -1 3 -1 4 -1 -1 -1 -1 -1 -1 -1 5 -1 -1 -1 -1 -1 -1 -1 -1 6 -1 0 -1 -1 11 -1 -1 -1 -1 -1 -1 -1 24 -1 7 -1 -1 -1 -1 -1 -1 -1 -1 -1 -1 -1 -1 -1 -1 -1 -1 -1 -1 -1 -1 25 -1 -1 -1 -1 -1 -1 -1 -1 -1 -1 -1 -1 18 -1 -1 -1 -1 19 -1 -1 -1 -1 -1 -1 22 21 20 -1 -1 -1 -1 
-1 -1 -1 3 -1 4 -1 -1 -1 -1 -1 -1 -1 5 -1 -1 -1 -1 -1 -1 -1 -1 6 -1 0 -1 -1 11 -1 -1 -1 -1 -1 -1 -1 24 -1 -1 -1 -1 -1 -1 -1 -1 -1 -1 -1 -1 7 -1 -1 -1 -1 -1 -1 -1 -1 -1 25 -1 -1 -1 -1 -1 -1 -1 -1 -1 -1 -1 -1 18 -1 -1 -1 -1 19 -1 -1 -1 -1 -1 -1 22 21 20 -1 -1 -1 -1 
-1 -1 -1 3 -1 4 -1 -1 -1 -1 -1 -1 -1 5 -1 -1 -1 -1 -1 -1 -1 -1 6 -1 0 -1 -1 11 -1 -1 -1 -1 -1 -1 -1 24 -1 -1 -1 -1 -1 -1 -1 -1 -1 -1 -1 -1 7 -1 -1 -1 -1 -1 -1 25 -1 -1 -1 -1 -1 -1 -1 -1 -1 -1 -1 -1 -1 -1 -1 18 -1 -1 -1 -1 19 -1 -1 -1 -1 -1 -1 22 21 20 -1 -1 -1 -1 
-1 -1 -1 3 -1 4 -1 -1 -1 -1 -1 -1 -1 5 -1 -1 -1 -1 -1 -1 -1 -1 6 -1 0 -1 -1 11 -1 -1 -1 -1 -1 -1 -1 24 -1 -1 -1 -1 -1 -1 -1 -1 -1 -1 1 -1 7 -1 -1 -1 -1 -1 -1 25 -1 -1 -1 -1 -1 -1 -1 -1 -1 -1 -1 -1 -1 -1 -1 18 -1 -1 -1 -1 19 -1 -1 -1 -1 -1 -1 22 21 20 -1 -1 -1 -1 
-1 -1 -1 3 -1 4 -1 -1 -1 -1 -1 -1 -1 5 -1 -1 -1 -1 -1 -1 -1 -1 6 -1 0 -1 -1 11 -1 -1 -1 -1 24 -1 -1 -1 -1 -1 -1 -1 -1 -1 -1 -1 -1 -1 1 -1 7 -1 -1 -1 -1 -1 -1 25 -1 -1 -1 -1 -1 -1 -1 -1 -1 -1 -1 -1 -1 -1 -1 18 -1 -1 -1 -1 19 -1 -1 -1 -1 -1 -1 22 21 20 -1 -1 -1 -1 
-1 -1 -1 3 4 -1 -1 -1 -1 -1 -1 -1 -1 5 -1 -1 -1 -1 -1 -1 -1 -1 6 -1 0 -1 -1 11 -1 -1 -1 -1 24 -1 -1 -1 -1 -1 -1 -1 -1 -1 -1 -1 -1 -1 1 -1 7 -1 -1 -1 -1 -1 -1 25 -1 -1 -1 -1 -1 -1 -1 -1 -1 -1 -1 -1 -1 -1 -1 18 -1 -1 -1 -1 19 -1 -1 -1 -1 -1 -1 22 21 20 -1 -1 -1 -1 
-1 -1 -1 3 4 -1 -1 -1 -1 -1 -1 -1 -1 5 -1 -1 -1 -1 -1 -1 -1 -1 6 -1 0 -1 -1 11 -1 -1 -1 24 -1 -1 -1 -1 -1 -1 -1 -1 -1 -1 -1 -1 -1 -1 1 -1 7 -1 -1 -1 -1 -1 -1 25 -1 -1 -1 -1 -1 -1 -1 -1 -1 -1 -1 -1 -1 -1 -1 18 -1 -1 -1 -1 19 -1 -1 -1 -1 -1 -1 22 21 20 -1 -1 -1 -1 
-1 -1 -1 3 -1 4 -1 -1 -1 -1 -1 -1 -1 5 -1 -1 -1 -1 -1 -1 -1 -1 6 -1 0 -1 -1 11 -1 -1 -1 24 -1 -1 -1 -1 -1 -1 -1 -1 -1 -1 -1 -1 -1 -1 1 -1 7 -1 -1 -1 -1 -1 -1 25 -1 -1 -1 -1 -1 -1 -1 -1 -1 -1 -1 -1 -1 -1 -1 18 -1 -1 -1 -1 19 -1 -1 -1 -1 -1 -1 22 21 20 -1 -1 -1 -1 
-1 -1 -1 3 -1 4 -1 -1 -1 -1 -1 -1 -1 5 -1 -1 -1 -1 -1 -1 -1 -1 6 -1 0 -1 -1 11 -1 -1 -1 24 -1 -1 -1 -1 -1 -1 -1 -1 -1 -1 -1 -1 -1 -1 1 -1 7 -1 -1 -1 -1 -1 -1 25 -1 -1 -1 -1 -1 -1 -1 -1 -1 -1 -1 22 -1 -1 -1 18 -1 -1 -1 -1 19 -1 -1 -1 -1 -1 -1 -1 21 20 -1 -1 -1 -1 
-1 -1 -1 3 -1 4 -1 -1 -1 -1 -1 -1 -1 5 -1 -1 -1 -1 -1 -1 -1 -1 6 -1 0 -1 -1 -1 -1 -1 -1 24 -1 -1 -1 -1 11 -1 -1 -1 -1 -1 -1 -1 -1 -1 1 -1 7 -1 -1 -1 -1 -1 -1 25 -1 -1 -1 -1 -1 -1 -1 -1 -1 -1 -1 22 -1 -1 -1 18 -1 -1 -1 -1 19 -1 -1 -1 -1 -1 -1 -1 21 20 -1 -1 -1 -1 
-1 -1 -1 3 -1 4 -1 -1 -1 -1 -1 -1 -1 5 -1 -1 -1 -1 -1 -1 -1 -1 6 -1 0 -1 -1 -1 -1 -1 -1 24 -1 -1 -1 -1 11 -1 -1 -1 -1 -1 -1 -1 -1 -1 1 -1 7 -1 -1 22 -1 -1 -1 25 -1 -1 -1 -1 -1 -1 -1 -1 -1 -1 -1 -1 -1 -1 -1 18 -1 -1 -1 -1 19 -1 -1 -1 -1 -1 -1 -1 21 20 -1 -1 -1 -1 
-1 -1 -1 3 -1 4 -1 -1 -1 -1 -1 -1 -1 5 -1 -1 -1 -1 -1 -1 -1 -1 6 -1 -1 0 -1 -1 -1 -1 -1 24 -1 -1 -1 -1 11 -1 -1 -1 -1 -1 -1 -1 -1 -1 1 -1 7 -1 -1 22 -1 -1 -1 25 -1 -1 -1 -1 -1 -1 -1 -1 -1 -1 -1 -1 -1 -1 -1 18 -1 -1 -1 -1 19 -1 -1 -1 -1 -1 -1 -1 21 20 -1 -1 -1 -1 
-1 -1 -1 3 -1 4 -1 -1 -1 -1 -1 -1 -1 5 -1 -1 -1 -1 -1 -1 -1 -1 6 -1 -1 0 -1 -1 -1 -1 -1 24 -1 -1 -1 -1 11 -1 -1 -1 -1 -1 -1 -1 -1 -1 1 -1 7 -1 -1 22 -1 -1 -1 25 -1 -1 -1 -1 -1 -1 -1 -1 -1 -1 -1 -1 -1 -1 -1 -1 -1 -1 -1 -1 19 -1 -1 -1 -1 -1 -1 -1 21 20 -1 18 -1 -1 
-1 -1 -1 3 -1 4 -1 -1 -1 -1 -1 -1 -1 5 -1 -1 -1 -1 -1 -1 -1 -1 6 -1 -1 0 -1 -1 -1 -1 -1 24 -1 -1 -1 -1 -1 -1 -1 -1 -1 -1 -1 -1 -1 11 1 -1 7 -1 -1 22 -1 -1 -1 25 -1 -1 -1 -1 -1 -1 -1 -1 -1 -1 -1 -1 -1 -1 -1 -1 -1 -1 -1 -1 19 -1 -1 -1 -1 -1 -1 -1 21 20 -1 18 -1 -1 
-1 -1 -1 3 -1 4 -1 -1 -1 -1 -1 -1 -1 5 -1 -1 -1 -1 -1 -1 -1 -1 6 -1 -1 0 -1 24 -1 -1 -1 -1 -1 -1 -1 -1 -1 -1 -1 -1 -1 -1 -1 -1 -1 11 1 -1 7 -1 -1 22 -1 -1 -1 25 -1 -1 -1 -1 -1 -1 -1 -1 -1 -1 -1 -1 -1 -1 -1 -1 -1 -1 -1 -1 19 -1 -1 -1 -1 -1 -1 -1 21 20 -1 18 -1 -1 
-1 -1 -1 3 -1 4 -1 -1 -1 -1 -1 -1 -1 5 -1 -1 -1 -1 -1 -1 -1 -1 6 -1 -1 -1 -1 24 -1 -1 -1 -1 -1 -1 -1 -1 -1 -1 -1 -1 -1 -1 -1 -1 -1 11 1 -1 7 -1 -1 22 -1 -1 -1 25 -1 -1 -1 -1 -1 -1 -1 -1 -1 -1 -1 -1 -1 -1 -1 -1 -1 -1 -1 -1 19 -1 -1 -1 -1 -1 -1 -1 21 20 -1 18 0 -1 
-1 -1 -1 3 -1 4 -1 -1 -1 -1 -1 -1 -1 5 -1 -1 -1 -1 -1 -1 -1 -1 6 -1 -1 -1 -1 24 -1 -1 -1 -1 -1 -1 -1 -1 -1 -1 -1 -1 -1 -1 -1 -1 -1 11 1 -1 7 -1 -1 22 -1 -1 -1 25 -1 -1 -1 -1 -1 -1 -1 -1 -1 -1 -1 -1 -1 -1 -1 -1 -1 -1 -1 -1 19 -1 -1 -1 -1 -1 -1 -1 21 20 -1 -1 0 -1 
-1 -1 -1 3 -1 4 -1 -1 -1 -1 -1 -1 -1 5 -1 -1 -1 -1 -1 -1 -1 -1 6 -1 -1 -1 -1 24 -1 -1 -1 -1 -1 -1 -1 -1 -1 -1 -1 -1 -1 -1 -1 -1 -1 11 1 -1 7 -1 -1 22 -1 -1 -1 25 -1 -1 -1 -1 -1 -1 -1 -1 -1 -1 -1 -1 -1 -1 0 -1 -1 -1 -1 -1 19 -1 -1 -1 -1 -1 -1 -1 21 20 -1 -1 -1 -1 
-1 -1 -1 3 -1 4 -1 -1 -1 -1 -1 -1 -1 5 -1 -1 -1 -1 -1 -1 -1 -1 6 -1 -1 -1 -1 24 -1 -1 -1 -1 -1 -1 -1 -1 -1 -1 -1 -1 -1 -1 -1 -1 -1 11 1 -1 7 -1 -1 22 -1 -1 -1 -1 -1 -1 -1 25 -1 -1 -1 -1 -1 -1 -1 -1 -1 -1 0 -1 -1 -1 -1 -1 19 -1 -1 -1 -1 -1 -1 -1 21 20 -1 -1 -1 -1 
-1 -1 -1 3 -1 4 -1 -1 -1 -1 -1 -1 -1 5 -1 -1 -1 -1 -1 -1 -1 -1 6 -1 -1 -1 -1 24 -1 1 -1 -1 -1 -1 -1 -1 -1 -1 -1 -1 -1 -1 -1 -1 -1 11 -1 -1 7 -1 -1 22 -1 -1 -1 -1 -1 -1 -1 25 -1 -1 -1 -1 -1 -1 -1 -1 -1 -1 0 -1 -1 -1 -1 -1 19 -1 -1 -1 -1 -1 -1 -1 21 20 -1 -1 -1 -1 
-1 -1 -1 3 -1 4 -1 -1 -1 -1 -1 -1 -1 5 -1 -1 -1 -1 -1 -1 -1 -1 6 -1 -1 -1 -1 -1 -1 1 -1 -1 -1 -1 -1 24 -1 -1 -1 -1 -1 -1 -1 -1 -1 11 -1 -1 7 -1 -1 22 -1 -1 -1 -1 -1 -1 -1 25 -1 -1 -1 -1 -1 -1 -1 -1 -1 -1 0 -1 -1 -1 -1 -1 19 -1 -1 -1 -1 -1 -1 -1 21 20 -1 -1 -1 -1 
-1 -1 -1 3 -1 4 -1 -1 -1 -1 -1 -1 -1 5 -1 -1 -1 -1 -1 -1 -1 -1 6 -1 -1 -1 -1 -1 -1 1 -1 -1 -1 -1 -1 24 -1 -1 -1 -1 -1 -1 -1 -1 -1 11 -1 -1 7 -1 -1 22 -1 -1 -1 -1 -1 -1 -1 25 -1 -1 -1 -1 -1 -1 -1 -1 -1 0 -1 -1 -1 -1 -1 -1 19 -1 -1 -1 -1 -1 -1 -1 21 20 -1 -1 -1 -1 
-1 -1 -1 3 -1 4 -1 -1 24 -1 -1 -1 -1 5 -1 -1 -1 -1 -1 -1 -1 -1 6 -1 -1 -1 -1 -1 -1 1 -1 -1 -1 -1 -1 -1 -1 -1 -1 -1 -1 -1 -1 -1 -1 11 -1 -1 7 -1 -1 22 -1 -1 -1 -1 -1 -1 -1 25 -1 -1 -1 -1 -1 -1 -1 -1 -1 0 -1 -1 -1 -1 -1 -1 19 -1 -1 -1 -1 -1 -1 -1 21 20 -1 -1 -1 -1 
-1 -1 -1 3 -1 4 2 -1 24 -1 -1 -1 -1 5 -1 -1 -1 -1 -1 -1 -1 -1 -1 -1 -1 -1 -1 -1 -1 1 -1 -1 -1 -1 -1 -1 -1 -1 -1 -1 -1 -1 -1 -1 -1 11 -1 -1 7 -1 -1 22 -1 -1 -1 -1 -1 -1 -1 25 -1 -1 -1 -1 -1 -1 -1 -1 -1 0 -1 -1 -1 -1 -1 -1 19 -1 -1 -1 -1 -1 -1 -1 21 20 -1 -1 -1 -1 
-1 -1 -1 3 -1 4 2 -1 -1 -1 -1 -1 -1 5 -1 -1 -1 -1 -1 -1 -1 -1 -1 -1 -1 -1 -1 -1 -1 1 -1 -1 -1 -1 -1 -1 -1 -1 -1 -1 -1 -1 -1 -1 24 11 -1 -1 7 -1 -1 22 -1 -1 -1 -1 -1 -1 -1 25 -1 -1 -1 -1 -1 -1 -1 -1 -1 0 -1 -1 -1 -1 -1 -1 19 -1 -1 -1 -1 -1 -1 -1 21 20 -1 -1 -1 -1 
-1 -1 -1 3 -1 4 2 -1 -1 -1 -1 -1 1 5 -1 -1 -1 -1 -1 -1 -1 -1 -1 -1 -1 -1 -1 -1 -1 -1 -1 -1 -1 -1 -1 -1 -1 -1 -1 -1 -1 -1 -1 -1 24 11 -1 -1 7 -1 -1 22 -1 -1 -1 -1 -1 -1 -1 25 -1 -1 -1 -1 -1 -1 -1 -1 -1 0 -1 -1 -1 -1 -1 -1 19 -1 -1 -1 -1 -1 -1 -1 21 20 -1 -1 -1 -1 
-1 -1 -1 3 -1 4 2 -1 -1 -1 -1 -1 1 5 -1 -1 -1 -1 -1 -1 -1 -1 -1 -1 -1 -1 -1 -1 -1 -1 -1 22 -1 -1 -1 -1 -1 -1 -1 -1 -1 -1 -1 -1 24 11 -1 -1 7 -1 -1 -1 -1 -1 -1 -1 -1 -1 -1 25 -1 -1 -1 -1 -1 -1 -1 -1 -1 0 -1 -1 -1 -1 -1 -1 19 -1 -1 -1 -1 -1 -1 -1 21 20 -1 -1 -1 -1 
-1 -1 -1 3 -1 4 -1 -1 -1 -1 -1 -1 1 5 -1 -1 -1 -1 -1 -1 -1 -1 2 -1 -1 -1 -1 -1 -1 -1 -1 22 -1 -1 -1 -1 -1 -1 -1 -1 -1 -1 -1 -1 24 11 -1 -1 7 -1 -1 -1 -1 -1 -1 -1 -1 -1 -1 25 -1 -1 -1 -1 -1 -1 -1 -1 -1 0 -1 -1 -1 -1 -1 -1 19 -1 -1 -1 -1 -1 -1 -1 21 20 -1 -1 -1 -1 
-1 -1 -1 3 -1 4 -1 -1 -1 -1 -1 -1 1 5 -1 22 -1 -1 -1 -1 -1 -1 2 -1 -1 -1 -1 -1 -1 -1 -1 -1 -1 -1 -1 -1 -1 -1 -1 -1 -1 -1 -1 -1 24 11 -1 -1 7 -1 -1 -1 -1 -1 -1 -1 -1 -1 -1 25 -1 -1 -1 -1 -1 -1 -1 -1 -1 0 -1 -1 -1 -1 -1 -1 19 -1 -1 -1 -1 -1 -1 -1 21 20 -1 -1 -1 -1 
-1 -1 -1 3 -1 4 -1 -1 -1 -1 -1 -1 1 5 -1 22 -1 -1 -1 -1 -1 -1 2 -1 -1 -1 -1 -1 -1 -1 -1 -1 -1 -1 -1 -1 -1 -1 -1 -1 -1 -1 -1 -1 24 11 -1 -1 7 -1 -1 -1 -1 -1 -1 -1 -1 -1 -1 25 -1 -1 -1 -1 -1 -1 -1 -1 0 -1 -1 -1 -1 -1 -1 -1 19 -1 -1 -1 -1 -1 -1 -1 21 20 -1 -1 -1 -1 
-1 -1 -1 3 -1 4 -1 -1 -1 -1 -1 -1 1 5 -1 22 -1 -1 -1 -1 -1 -1 2 -1 -1 -1 -1 -1 -1 -1 -1 -1 -1 -1 -1 -1 -1 -1 -1 -1 -1 -1 -1 -1 24 11 -1 -1 7 -1 -1 -1 -1 -1 -1 -1 -1 -1 -1 25 -1 -1 -1 -1 -1 -1 -1 -1 19 -1 -1 -1 -1 -1 -1 -1 -1 -1 -1 -1 -1 -1 -1 -1 21 20 -1 -1 -1 -1 
-1 -1 -1 3 -1 4 -1 -1 -1 -1 -1 -1 1 5 -1 22 -1 -1 -1 -1 -1 -1 2 -1 -1 -1 -1 -1 -1 -1 -1 -1 -1 -1 -1 -1 -1 -1 -1 -1 -1 -1 -1 -1 24 -1 11 -1 7 -1 -1 -1 -1 -1 -1 -1 -1 -1 -1 25 -1 -1 -1 -1 -1 -1 -1 -1 19 -1 -1 -1 -1 -1 -1 -1 -1 -1 -1 -1 -1 -1 -1 -1 21 20 -1 -1 -1 -1 
-1 -1 -1 3 -1 4 -1 -1 24 -1 -1 -1 1 5 -1 22 -1 -1 -1 -1 -1 -1 2 -1 -1 -1 -1 -1 -1 -1 -1 -1 -1 -1 -1 -1 -1 -1 -1 -1 -1 -1 -1 -1 -1 -1 11 -1 7 -1 -1 -1 -1 -1 -1 -1 -1 -1 -1 25 -1 -1 -1 -1 -1 -1 -1 -1 19 -1 -1 -1 -1 -1 -1 -1 -1 -1 -1 -1 -1 -1 -1 -1 21 20 -1 -1 -1 -1 
-1 -1 -1 3 -1 -1 -1 -1 24 -1 -1 -1 1 5 4 22 -1 -1 -1 -1 -1 -1 2 -1 -1 -1 -1 -1 -1 -1 -1 -1 -1 -1 -1 -1 -1 -1 -1 -1 -1 -1 -1 -1 -1 -1 11 -1 7 -1 -1 -1 -1 -1 -1 -1 -1 -1 -1 25 -1 -1 -1 -1 -1 -1 -1 -1 19 -1 -1 -1 -1 -1 -1 -1 -1 -1 -1 -1 -1 -1 -1 -1 21 20 -1 -1 -1 -1 
-1 -1 -1 3 -1 -1 -1 -1 -1 -1 -1 -1 1 5 4 22 -1 -1 -1 -1 -1 -1 2 -1 -1 -1 -1 -1 -1 -1 -1 -1 -1 -1 -1 -1 -1 -1 -1 -1 -1 -1 -1 -1 -1 -1 11 -1 7 -1 -1 -1 -1 -1 -1 -1 -1 -1 -1 25 -1 -1 24 -1 -1 -1 -1 -1 19 -1 -1 -1 -1 -1 -1 -1 -1 -1 -1 -1 -1 -1 -1 -1 21 20 -1 -1 -1 -1 
-1 -1 -1 3 -1 4 -1 -1 -1 -1 -1 -1 1 5 -1 22 -1 -1 -1 -1 -1 -1 2 -1 -1 -1 -1 -1 -1 -1 -1 -1 -1 -1 -1 -1 -1 -1 -1 -1 -1 -1 -1 -1 -1 -1 11 -1 7 -1 -1 -1 -1 -1 -1 -1 -1 -1 -1 25 -1 -1 24 -1 -1 -1 -1 -1 19 -1 -1 -1 -1 -1 -1 -1 -1 -1 -1 -1 -1 -1 -1 -1 21 20 -1 -1 -1 -1 
-1 -1 -1 3 -1 4 -1 -1 -1 -1 -1 -1 1 5 -1 22 -1 -1 -1 -1 -1 -1 2 -1 -1 -1 -1 -1 -1 -1 -1 -1 -1 -1 -1 -1 -1 -1 -1 -1 -1 -1 -1 -1 -1 -1 11 -1 7 -1 -1 -1 -1 -1 -1 -1 -1 -1 24 25 -1 -1 -1 -1 -1 -1 -1 -1 19 -1 -1 -1 -1 -1 -1 -1 -1 -1 -1 -1 -1 -1 -1 -1 21 20 -1 -1 -1 -1 
-1 -1 2 3 -1 4 -1 -1 -1 -1 -1 -1 1 5 -1 22 -1 -1 -1 -1 -1 -1 -1 -1 -1 -1 -1 -1 -1 -1 -1 -1 -1 -1 -1 -1 -1 -1 -1 -1 -1 -1 -1 -1 -1 -1 11 -1 7 -1 -1 -1 -1 -1 -1 -1 -1 -1 24 25 -1 -1 -1 -1 -1 -1 -1 -1 19 -1 -1 -1 -1 -1 -1 -1 -1 -1 -1 -1 -1 -1 -1 -1 21 20 -1 -1 -1 -1 
-1 -1 2 3 -1 4 -1 -1 -1 -1 -1 -1 1 5 -1 22 -1 -1 -1 -1 -1 -1 -1 -1 -1 -1 -1 -1 -1 -1 -1 -1 -1 -1 -1 -1 -1 -1 -1 -1 -1 -1 -1 -1 -1 -1 11 -1 7 -1 -1 -1 -1 -1 -1 -1 -1 -1 -1 24 -1 -1 -1 -1 -1 -1 -1 -1 19 -1 -1 -1 -1 -1 -1 -1 -1 -1 -1 -1 -1 -1 -1 -1 21 20 -1 -1 -1 -1 
-1 -1 2 3 4 -1 -1 -1 -1 -1 -1 -1 1 5 -1 22 -1 -1 -1 -1 -1 -1 -1 -1 -1 -1 -1 -1 -1 -1 -1 -1 -1 -1 -1 -1 -1 -1 -1 -1 -1 -1 -1 -1 -1 -1 11 -1 7 -1 -1 -1 -1 -1 -1 -1 -1 -1 -1 24 -1 -1 -1 -1 -1 -1 -1 -1 19 -1 -1 -1 -1 -1 -1 -1 -1 -1 -1 -1 -1 -1 -1 -1 21 20 -1 -1 -1 -1 
-1 -1 2 3 4 -1 -1 -1 -1 -1 -1 -1 1 5 -1 22 -1 -1 -1 -1 -1 -1 -1 24 -1 -1 -1 -1 -1 -1 -1 -1 -1 -1 -1 -1 -1 -1 -1 -1 -1 -1 -1 -1 -1 -1 11 -1 7 -1 -1 -1 -1 -1 -1 -1 -1 -1 -1 -1 -1 -1 -1 -1 -1 -1 -1 -1 19 -1 -1 -1 -1 -1 -1 -1 -1 -1 -1 -1 -1 -1 -1 -1 21 20 -1 -1 -1 -1 
