0 1 2 3 4 5 6 7 8 -1 -1 -1 -1 -1 -1 -1 -1 -1 -1 9 -1 -1 -1 -1 -1 10 -1 11 -1 12 -1 13 -1 14 -1 15 -1 -1 -1 -1 -1 -1 -1 -1 -1 -1 -1 -1 -1 -1 -1 -1 -1 -1 -1 -1 30 -1 29 -1 28 -1 27 -1 26 25 -1 -1 -1 -1 -1 -1 -1 -1 -1 -1 -1 -1 -1 -1 -1 24 23 22 21 20 19 18 17 16 
0 1 2 3 4 5 6 7 8 -1 -1 -1 -1 -1 -1 -1 -1 -1 -1 9 -1 -1 10 -1 -1 -1 -1 11 -1 12 -1 13 -1 14 -1 15 -1 -1 -1 -1 -1 -1 -1 -1 -1 -1 -1 -1 -1 -1 -1 -1 -1 -1 -1 -1 30 -1 29 -1 28 -1 27 -1 26 25 -1 -1 -1 -1 -1 -1 -1 -1 -1 -1 -1 -1 -1 -1 -1 24 23 22 21 20 19 18 17 16 
0 1 2 3 4 5 6 7 8 -1 -1 -1 -1 -1 -1 -1 -1 -1 -1 9 -1 -1 10 -1 -1 -1 -1 11 -1 12 -1 13 -1 14 -1 15 -1 -1 -1 -1 -1 -1 -1 -1 -1 -1 -1 -1 -1 -1 -1 -1 -1 -1 -1 -1 30 -1 29 -1 28 -1 27 -1 26 25 -1 -1 -1 17 -1 -1 -1 -1 -1 -1 -1 -1 -1 -1 -1 24 23 22 21 20 19 18 -1 16 
0 1 2 3 4 5 6 -1 8 -1 -1 -1 -1 -1 -1 -1 -1 -1 -1 9 -1 -1 10 -1 7 -1 -1 11 -1 12 -1 13 -1 14 -1 15 -1 -1 -1 -1 -1 -1 -1 -1 -1 -1 -1 -1 -1 -1 -1 -1 -1 -1 -1 -1 30 -1 29 -1 28 -1 27 -1 26 25 -1 -1 -1 17 -1 -1 -1 -1 -1 -1 -1 -1 -1 -1 -1 24 23 22 21 20 19 18 -1 16 
0 1 2 3 4 5 6 -1 8 -1 -1 -1 -1 -1 -1 -1 -1 -1 -1 9 -1 -1 10 -1 7 -1 -1 11 -1 12 -1 13 -1 14 -1 15 -1 -1 -1 -1 -1 -1 -1 -1 -1 -1 -1 -1 -1 -1 -1 -1 -1 -1 -1 -1 30 -1 29 -1 28 -1 27 -1 26 25 -1 -1 -1 17 -1 -1 -1 -1 -1 -1 -1 -1 -1 -1 16 24 23 22 21 20 19 18 -1 -1 
0 1 2 3 4 5 6 8 -1 -1 -1 -1 -1 -1 -1 -1 -1 -1 -1 9 -1 -1 10 -1 7 -1 -1 11 -1 12 -1 13 -1 14 -1 15 -1 -1 -1 -1 -1 -1 -1 -1 -1 -1 -1 -1 -1 -1 -1 -1 -1 -1 -1 -1 30 -1 29 -1 28 -1 27 -1 26 25 -1 -1 -1 17 -1 -1 -1 -1 -1 -1 -1 -1 -1 -1 16 24 23 22 21 20 19 18 -1 -1 
0 1 2 3 4 5 6 8 -1 -1 -1 -1 -1 -1 -1 -1 -1 -1 -1 9 -1 -1 10 -1 7 -1 -1 11 -1 12 -1 13 -1 14 -1 15 -1 -1 -1 -1 -1 -1 -1 -1 -1 -1 -1 -1 -1 -1 -1 -1 -1 -1 -1 -1 30 -1 29 -1 28 -1 27 -1 26 25 -1 22 -1 17 -1 -1 -1 -1 -1 -1 -1 -1 -1 -1 16 24 23 -1 21 20 19 18 -1 -1 
0 -1 2 3 4 5 6 8 -1 -1 -1 -1 -1 -1 -1 -1 -1 -1 1 9 -1 -1 10 -1 7 -1 -1 11 -1 12 -1 13 -1 14 -1 15 -1 -1 -1 -1 -1 -1 -1 -1 -1 -1 -1 -1 -1 -1 -1 -1 -1 -1 -1 -1 30 -1 29 -1 28 -1 27 -1 26 25 -1 22 -1 17 -1 -1 -1 -1 -1 -1 -1 -1 -1 -1 16 24 23 -1 21 20 19 18 -1 -1 
0 -1 2 3 4 5 6 8 -1 -1 -1 -1 -1 -1 -1 -1 -1 -1 1 9 -1 -1 10 -1 7 -1 -1 11 -1 12 -1 13 -1 14 -1 15 -1 -1 -1 -1 -1 -1 -1 -1 -1 -1 -1 -1 -1 -1 -1 -1 -1 -1 -1 -1 30 -1 29 -1 28 -1 27 -1 26 25 -1 22 -1 17 -1 -1 -1 -1 -1 16 -1 -1 -1 -1 -1 24 23 -1 21 20 19 18 -1 -1 
0 -1 2 3 4 5 6 -1 -1 -1 -1 -1 -1 -1 -1 -1 -1 -1 1 9 -1 -1 10 -1 7 -1 -1 11 -1 12 -1 13 -1 14 -1 15 -1 -1 -1 -1 -1 -1 -1 8 -1 -1 -1 -1 -1 -1 -1 -1 -1 -1 -1 -1 30 -1 29 -1 28 -1 27 -1 26 25 -1 22 -1 17 -1 -1 -1 -1 -1 16 -1 -1 -1 -1 -1 24 23 -1 21 20 19 18 -1 -1 
0 -1 2 3 4 5 6 -1 -1 -1 -1 -1 -1 -1 -1 -1 -1 -1 1 9 -1 -1 10 -1 7 -1 -1 11 -1 12 -1 13 -1 14 -1 15 -1 -1 -1 -1 -1 -1 -1 8 -1 -1 -1 -1 -1 -1 -1 -1 -1 -1 -1 -1 30 -1 29 -1 28 -1 27 23 26 25 -1 22 -1 17 -1 -1 -1 -1 -1 16 -1 -1 -1 -1 -1 24 -1 -1 21 20 19 18 -1 -1 
0 -1 2 3 4 5 6 -1 -1 -1 -1 -1 -1 -1 -1 -1 -1 -1 1 -1 -1 -1 10 -1 7 -1 -1 11 -1 12 -1 13 -1 14 -1 15 -1 -1 -1 -1 -1 -1 -1 8 -1 -1 -1 -1 -1 -1 -1 -1 -1 -1 -1 9 30 -1 29 -1 28 -1 27 23 26 25 -1 22 -1 17 -1 -1 -1 -1 -1 16 -1 -1 -1 -1 -1 24 -1 -1 21 20 19 18 -1 -1 
0 -1 2 3 4 5 6 -1 -1 -1 -1 -1 -1 -1 -1 -1 -1 -1 1 -1 -1 -1 10 -1 7 -1 -1 11 -1 12 -1 13 -1 14 -1 15 -1 -1 -1 -1 -1 -1 -1 8 -1 -1 -1 -1 -1 -1 -1 -1 -1 -1 -1 9 30 -1 29 -1 28 -1 27 23 26 25 -1 22 -1 17 -1 -1 -1 -1 -1 16 21 -1 -1 -1 -1 24 -1 -1 -1 20 19 18 -1 -1 
0 -1 2 -1 4 5 6 -1 -1 -1 -1 -1 -1 3 -1 -1 -1 -1 1 -1 -1 -1 10 -1 7 -1 -1 11 -1 12 -1 13 -1 14 -1 15 -1 -1 -1 -1 -1 -1 -1 8 -1 -1 -1 -1 -1 -1 -1 -1 -1 -1 -1 9 30 -1 29 -1 28 -1 27 23 26 25 -1 22 -1 17 -1 -1 -1 -1 -1 16 21 -1 -1 -1 -1 24 -1 -1 -1 20 19 18 -1 -1 
0 -1 2 -1 4 5 6 -1 -1 -1 -1 -1 -1 3 -1 -1 -1 -1 1 -1 -1 -1 10 -1 7 -1 -1 11 -1 12 -1 13 -1 14 -1 15 -1 -1 -1 -1 -1 -1 -1 8 -1 -1 -1 -1 -1 -1 -1 -1 -1 -1 -1 9 30 -1 29 -1 28 -1 27 23 26 25 -1 22 -1 17 -1 -1 -1 -1 -1 16 21 -1 -1 -1 -1 -1 -1 -1 24 20 19 18 -1 -1 
0 -1 2 -1 4 5 6 -1 -1 -1 -1 -1 -1 3 -1 -1 -1 -1 1 -1 -1 -1 10 -1 7 -1 -1 11 -1 12 -1 13 -1 14 -1 15 8 -1 -1 -1 -1 -1 -1 -1 -1 -1 -1 -1 -1 -1 -1 -1 -1 -1 -1 9 30 -1 29 -1 28 -1 27 23 26 25 -1 22 -1 17 -1 -1 -1 -1 -1 16 21 -1 -1 -1 -1 -1 -1 -1 24 20 19 18 -1 -1 
0 -1 2 -1 4 5 6 -1 -1 -1 -1 -1 -1 3 -1 -1 -1 -1 1 -1 -1 -1 10 -1 7 -1 -1 11 -1 12 -1 13 -1 14 -1 15 8 -1 -1 -1 -1 -1 -1 -1 -1 31 -1 -1 -1 -1 -1 -1 -1 -1 -1 9 30 -1 29 -1 28 -1 27 23 26 25 -1 22 -1 17 -1 -1 -1 -1 -1 16 21 -1 -1 -1 -1 -1 -1 -1 24 20 19 18 -1 -1 
0 -1 2 -1 4 5 6 -1 -1 -1 -1 -1 -1 3 -1 -1 -1 -1 1 -1 -1 -1 10 -1 7 -1 -1 11 -1 12 -1 13 -1 14 -1 15 -1 -1 -1 -1 -1 -1 -1 -1 -1 8 -1 -1 -1 -1 -1 -1 -1 -1 -1 9 30 -1 29 -1 28 -1 27 23 26 25 -1 22 -1 17 -1 -1 -1 -1 -1 16 21 -1 -1 -1 -1 -1 -1 -1 24 20 19 18 -1 -1 
0 -1 2 -1 4 5 6 -1 -1 -1 -1 -1 -1 3 -1 -1 -1 -1 1 -1 -1 -1 10 -1 7 -1 -1 11 -1 12 -1 13 -1 14 -1 15 -1 -1 -1 -1 -1 -1 -1 -1 -1 8 -1 -1 16 -1 -1 -1 -1 -1 -1 9 30 -1 29 -1 28 -1 27 23 26 25 -1 22 -1 17 -1 -1 -1 -1 -1 -1 21 -1 -1 -1 -1 -1 -1 -1 24 20 19 18 -1 -1 
0 -1 2 -1 4 5 6 -1 -1 -1 -1 -1 -1 3 -1 -1 -1 -1 1 -1 -1 -1 10 -1 7 -1 -1 11 -1 12 -1 13 -1 14 -1 15 -1 -1 -1 -1 -1 -1 -1 -1 -1 -1 -1 -1 16 -1 -1 -1 -1 -1 8 9 30 -1 29 -1 28 -1 27 23 26 25 -1 22 -1 17 -1 -1 -1 -1 -1 -1 21 -1 -1 -1 -1 -1 -1 -1 24 20 19 18 -1 -1 
0 -1 2 -1 4 5 6 -1 -1 -1 -1 -1 -1 3 -1 -1 -1 -1 1 -1 -1 -1 10 -1 7 -1 -1 11 -1 12 -1 13 -1 14 -1 15 -1 -1 -1 -1 -1 -1 -1 -1 -1 -1 16 -1 -1 -1 -1 -1 -1 -1 8 9 30 -1 29 -1 28 -1 27 23 26 25 -1 22 -1 17 -1 -1 -1 -1 -1 -1 21 -1 -1 -1 -1 -1 -1 -1 24 20 19 18 -1 -1 
0 -1 2 -1 4 5 6 -1 -1 -1 -1 -1 -1 3 -1 -1 -1 -1 1 -1 -1 -1 10 -1 7 -1 -1 11 -1 12 -1 13 -1 14 -1 15 -1 -1 -1 -1 -1 -1 -1 -1 -1 -1 16 -1 -1 -1 -1 -1 -1 -1 8 -1 30 -1 9 -1 28 -1 27 23 26 25 -1 22 -1 17 -1 -1 -1 -1 -1 -1 21 -1 -1 -1 -1 -1 -1 -1 24 20 19 18 -1 -1 
0 -1 2 -1 4 5 6 -1 -1 -1 -1 -1 -1 3 -1 -1 -1 -1 1 -1 -1 -1 10 -1 7 -1 -1 11 -1 12 -1 13 -1 14 -1 15 -1 -1 -1 -1 -1 -1 -1 -1 -1 -1 16 -1 -1 -1 -1 -1 -1 -1 8 -1 30 -1 9 -1 28 -1 27 -1 26 25 -1 22 -1 17 -1 -1 -1 -1 -1 -1 21 -1 -1 -1 -1 -1 23 -1 24 20 19 18 -1 -1 
0 -1 2 -1 4 5 6 -1 -1 -1 -1 -1 -1 3 -1 -1 -1 -1 1 -1 -1 -1 10 -1 7 -1 -1 11 -1 12 -1 13 -1 14 -1 15 -1 -1 -1 -1 -1 -1 -1 -1 -1 -1 16 -1 -1 -1 -1 -1 -1 -1 -1 8 30 -1 9 -1 28 -1 27 -1 26 25 -1 22 -1 17 -1 -1 -1 -1 -1 -1 21 -1 -1 -1 -1 -1 23 -1 24 20 19 18 -1 -1 
0 -1 2 -1 4 5 6 -1 -1 -1 -1 -1 -1 3 -1 -1 -1 -1 1 -1 -1 -1 10 -1 7 -1 -1 11 -1 12 -1 13 -1 14 -1 15 -1 -1 -1 -1 -1 -1 -1 -1 -1 -1 16 -1 24 -1 -1 -1 -1 -1 -1 8 30 -1 9 -1 28 -1 27 -1 26 25 -1 22 -1 17 -1 -1 -1 -1 -1 -1 21 -1 -1 -1 -1 -1 23 -1 -1 20 19 18 -1 -1 
-1 0 2 -1 4 5 6 -1 -1 -1 -1 -1 -1 3 -1 -1 -1 -1 1 -1 -1 -1 10 -1 7 -1 -1 11 -1 12 -1 13 -1 14 -1 15 -1 -1 -1 -1 -1 -1 -1 -1 -1 -1 16 -1 24 -1 -1 -1 -1 -1 -1 8 30 -1 9 -1 28 -1 27 -1 26 25 -1 22 -1 17 -1 -1 -1 -1 -1 -1 21 -1 -1 -1 -1 -1 23 -1 -1 20 19 18 -1 -1 
-1 16 2 -1 4 5 6 -1 -1 -1 -1 -1 -1 3 -1 -1 -1 -1 1 -1 -1 -1 10 -1 7 -1 -1 11 -1 12 -1 13 -1 14 -1 15 -1 -1 -1 -1 -1 -1 -1 -1 -1 -1 -1 -1 24 -1 -1 -1 -1 -1 -1 8 30 -1 9 -1 28 -1 27 -1 26 25 -1 22 -1 17 -1 -1 -1 -1 -1 -1 21 -1 -1 -1 -1 -1 23 -1 -1 20 19 18 -1 -1 
-1 1 2 -1 4 5 6 -1 -1 -1 -1 -1 -1 3 -1 -1 -1 -1 -1 -1 -1 -1 10 -1 7 -1 -1 11 -1 12 -1 13 -1 14 -1 15 -1 -1 -1 -1 -1 -1 -1 -1 -1 -1 -1 -1 24 -1 -1 -1 -1 -1 -1 8 30 -1 9 -1 28 -1 27 -1 26 25 -1 22 -1 17 -1 -1 -1 -1 -1 -1 21 -1 -1 -1 -1 -1 23 -1 -1 20 19 18 -1 -1 
-1 1 2 -1 4 5 6 -1 -1 -1 -1 -1 -1 3 -1 -1 -1 -1 -1 -1 -1 -1 10 -1 7 -1 -1 11 -1 12 -1 13 -1 14 -1 15 -1 -1 -1 -1 -1 -1 -1 -1 -1 -1 -1 -1 24 -1 -1 -1 -1 -1 -1 8 30 -1 9 -1 28 -1 27 -1 26 25 -1 22 -1 17 -1 -1 -1 -1 -1 23 21 -1 -1 -1 -1 -1 -1 -1 -1 20 19 18 -1 -1 
-1 1 2 -1 4 5 6 -1 -1 -1 -1 -1 -1 3 -1 -1 -1 -1 -1 -1 -1 -1 10 -1 7 -1 -1 11 -1 12 -1 13 -1 14 -1 15 -1 -1 -1 -1 -1 -1 -1 -1 -1 -1 -1 -1 24 -1 -1 -1 -1 -1 -1 8 30 -1 -1 9 28 -1 27 -1 26 25 -1 22 -1 17 -1 -1 -1 -1 -1 23 21 -1 -1 -1 -1 -1 -1 -1 -1 20 19 18 -1 -1 
-1 1 2 -1 4 5 6 -1 -1 -1 -1 -1 -1 3 -1 -1 -1 -1 -1 -1 -1 -1 10 -1 7 -1 -1 11 -1 12 -1 13 -1 14 -1 15 -1 -1 -1 -1 -1 -1 -1 -1 -1 -1 -1 -1 24 -1 -1 -1 -1 -1 -1 8 30 -1 -1 9 28 -1 27 -1 26 -1 -1 22 -1 17 -1 -1 -1 -1 -1 23 21 -1 -1 -1 -1 -1 -1 25 -1 20 19 18 -1 -1 
-1 -1 2 -1 4 5 6 -1 -1 -1 -1 -1 -1 3 -1 -1 -1 -1 1 -1 -1 -1 10 -1 7 -1 -1 11 -1 12 -1 13 -1 14 -1 15 -1 -1 -1 -1 -1 -1 -1 -1 -1 -1 -1 -1 24 -1 -1 -1 -1 -1 -1 8 30 -1 -1 9 28 -1 27 -1 26 -1 -1 22 -1 17 -1 -1 -1 -1 -1 23 21 -1 -1 -1 -1 -1 -1 25 -1 20 19 18 -1 -1 
-1 -1 2 -1 4 5 6 -1 -1 -1 -1 -1 -1 3 -1 -1 -1 -1 1 -1 -1 -1 10 -1 7 -1 -1 11 -1 12 -1 13 -1 14 -1 15 -1 -1 -1 -1 -1 -1 -1 -1 -1 -1 -1 -1 24 -1 -1 -1 -1 -1 -1 8 30 -1 -1 9 28 -1 27 -1 26 -1 -1 22 -1 17 -1 -1 -1 -1 -1 23 21 -1 -1 -1 -1 -1 25 -1 -1 20 19 18 -1 -1 
0 -1 2 -1 4 5 6 -1 -1 -1 -1 -1 -1 3 -1 -1 -1 -1 1 -1 -1 -1 10 -1 7 -1 -1 11 -1 12 -1 13 -1 14 -1 15 -1 -1 -1 -1 -1 -1 -1 -1 -1 -1 -1 -1 24 -1 -1 -1 -1 -1 -1 8 30 -1 -1 9 28 -1 27 -1 26 -1 -1 22 -1 17 -1 -1 -1 -1 -1 23 21 -1 -1 -1 -1 -1 25 -1 -1 20 19 18 -1 -1 
0 -1 2 -1 4 5 6 -1 -1 -1 -1 -1 -1 3 -1 -1 -1 -1 1 26 -1 -1 10 -1 7 -1 -1 11 -1 12 -1 13 -1 14 -1 15 -1 -1 -1 -1 -1 -1 -1 -1 -1 -1 -1 -1 24 -1 -1 -1 -1 -1 -1 8 30 -1 -1 9 28 -1 27 -1 -1 -1 -1 22 -1 17 -1 -1 -1 -1 -1 23 21 -1 -1 -1 -1 -1 25 -1 -1 20 19 18 -1 -1 
0 -1 2 -1 4 5 6 -1 -1 -1 -1 -1 -1 3 -1 -1 -1 -1 1 26 -1 -1 10 9 7 -1 -1 11 -1 12 -1 13 -1 14 -1 15 -1 -1 -1 -1 -1 -1 -1 -1 -1 -1 -1 -1 24 -1 -1 -1 -1 -1 -1 8 30 -1 -1 -1 28 -1 27 -1 -1 -1 -1 22 -1 17 -1 -1 -1 -1 -1 23 21 -1 -1 -1 -1 -1 25 -1 -1 20 19 18 -1 -1 
0 -1 2 -1 4 5 6 -1 -1 -1 -1 -1 -1 3 -1 -1 -1 -1 1 -1 -1 -1 10 26 7 -1 -1 11 -1 12 -1 13 -1 14 -1 15 -1 -1 -1 -1 -1 -1 -1 -1 -1 -1 -1 -1 24 -1 -1 -1 -1 -1 -1 8 30 -1 -1 -1 28 -1 27 -1 -1 -1 -1 22 -1 17 -1 -1 -1 -1 -1 23 21 -1 -1 -1 -1 -1 25 -1 -1 20 19 18 -1 -1 
0 -1 2 -1 4 5 6 -1 -1 -1 -1 -1 -1 -1 -1 -1 -1 -1 1 -1 -1 -1 10 3 7 -1 -1 11 -1 12 -1 13 -1 14 -1 15 -1 -1 -1 -1 -1 -1 -1 -1 -1 -1 -1 -1 24 -1 -1 -1 -1 -1 -1 8 30 -1 -1 -1 28 -1 27 -1 -1 -1 -1 22 -1 17 -1 -1 -1 -1 -1 23 21 -1 -1 -1 -1 -1 25 -1 -1 20 19 18 -1 -1 
0 -1 2 -1 4 5 6 -1 -1 -1 -1 -1 -1 -1 -1 -1 -1 -1 1 -1 -1 -1 10 3 7 -1 -1 11 -1 12 -1 13 -1 14 -1 15 -1 -1 -1 -1 -1 -1 -1 -1 -1 -1 -1 -1 -1 -1 -1 24 -1 -1 -1 8 30 -1 -1 -1 28 -1 27 -1 -1 -1 -1 22 -1 17 -1 -1 -1 -1 -1 23 21 -1 -1 -1 -1 -1 25 -1 -1 20 19 18 -1 -1 
0 -1 2 -1 4 5 6 -1 -1 -1 -1 -1 -1 -1 -1 -1 -1 -1 1 -1 -1 -1 10 3 7 -1 -1 11 -1 12 -1 -1 -1 14 -1 15 -1 -1 -1 -1 13 -1 -1 -1 -1 -1 -1 -1 -1 -1 -1 24 -1 -1 -1 8 30 -1 -1 -1 28 -1 27 -1 -1 -1 -1 22 -1 17 -1 -1 -1 -1 -1 23 21 -1 -1 -1 -1 -1 25 -1 -1 20 19 18 -1 -1 
0 -1 2 -1 4 5 6 -1 -1 -1 -1 -1 -1 -1 -1 -1 -1 -1 1 -1 -1 -1 10 3 7 -1 -1 11 -1 12 -1 -1 -1 14 -1 15 -1 -1 -1 -1 13 -1 -1 -1 -1 -1 -1 -1 -1 -1 -1 24 -1 -1 -1 8 30 -1 -1 -1 28 -1 27 -1 -1 -1 -1 22 -1 17 -1 -1 -1 -1 -1 23 21 -1 -1 -1 -1 -1 -1 -1 25 20 19 18 -1 -1 
0 -1 2 -1 4 5 6 -1 -1 -1 -1 -1 -1 -1 -1 -1 -1 -1 1 -1 -1 -1 10 3 7 -1 -1 11 -1 12 -1 -1 -1 14 -1 15 -1 -1 -1 -1 -1 -1 -1 -1 -1 -1 -1 -1 -1 13 -1 24 -1 -1 -1 8 30 -1 -1 -1 28 -1 27 -1 -1 -1 -1 22 -1 17 -1 -1 -1 -1 -1 23 21 -1 -1 -1 -1 -1 -1 -1 25 20 19 18 -1 -1 
0 -1 2 -1 4 5 6 -1 -1 -1 -1 -1 -1 -1 -1 -1 -1 -1 1 -1 -1 -1 10 3 7 -1 -1 11 -1 12 -1 -1 -1 14 -1 15 -1 -1 -1 -1 -1 -1 -1 -1 -1 -1 -1 -1 -1 24 -1 -1 -1 -1 -1 8 30 -1 -1 -1 28 -1 27 -1 -1 -1 -1 22 -1 17 -1 -1 -1 -1 -1 23 21 -1 -1 -1 -1 -1 -1 -1 25 20 19 18 -1 -1 
0 -1 2 -1 4 5 6 -1 -1 -1 -1 -1 -1 3 -1 -1 -1 -1 1 -1 -1 -1 10 -1 7 -1 -1 11 -1 12 -1 -1 -1 14 -1 15 -1 -1 -1 -1 -1 -1 -1 -1 -1 -1 -1 -1 -1 24 -1 -1 -1 -1 -1 8 30 -1 -1 -1 28 -1 27 -1 -1 -1 -1 22 -1 17 -1 -1 -1 -1 -1 23 21 -1 -1 -1 -1 -1 -1 -1 25 20 19 18 -1 -1 
0 -1 2 -1 4 5 6 -1 -1 -1 -1 -1 -1 3 -1 -1 -1 -1 1 -1 -1 -1 10 -1 7 -1 -1 11 -1 12 -1 -1 -1 14 -1 15 -1 -1 -1 -1 -1 -1 -1 -1 -1 -1 -1 -1 -1 24 -1 28 -1 -1 -1 8 30 -1 -1 -1 -1 -1 27 -1 -1 -1 -1 22 -1 17 -1 -1 -1 -1 -1 23 21 -1 -1 -1 -1 -1 -1 -1 25 20 19 18 -1 -1 
-1 -1 2 -1 4 5 6 -1 -1 -1 -1 -1 -1 3 -1 -1 -1 -1 1 -1 -1 -1 10 -1 7 -1 -1 11 -1 12 -1 -1 -1 14 -1 15 -1 -1 -1 -1 -1 -1 -1 -1 -1 -1 -1 -1 -1 24 -1 28 -1 -1 -1 8 30 -1 -1 -1 -1 -1 27 -1 -1 -1 -1 22 -1 17 -1 -1 -1 -1 -1 23 21 -1 -1 -1 -1 -1 -1 -1 25 20 19 18 -1 -1 
-1 -1 2 -1 4 5 6 -1 -1 -1 -1 -1 -1 3 -1 -1 -1 -1 1 -1 -1 -1 10 -1 7 -1 -1 11 -1 12 -1 -1 -1 14 -1 15 -1 -1 -1 -1 -1 -1 -1 -1 -1 -1 -1 -1 -1 -1 24 28 -1 -1 -1 8 30 -1 -1 -1 -1 -1 27 -1 -1 -1 -1 22 -1 17 -1 -1 -1 -1 -1 23 21 -1 -1 -1 -1 -1 -1 -1 25 20 19 18 -1 -1 
-1 -1 2 -1 4 5 6 -1 -1 -1 -1 -1 -1 3 -1 -1 -1 -1 1 -1 -1 -1 10 -1 7 -1 -1 11 -1 12 -1 -1 -1 -1 -1 15 -1 -1 -1 -1 -1 -1 14 -1 -1 -1 -1 -1 -1 -1 24 28 -1 -1 -1 8 30 -1 -1 -1 -1 -1 27 -1 -1 -1 -1 22 -1 17 -1 -1 -1 -1 -1 23 21 -1 -1 -1 -1 -1 -1 -1 25 20 19 18 -1 -1 
-1 -1 2 -1 4 5 6 -1 -1 -1 -1 -1 -1 3 -1 -1 -1 -1 1 -1 -1 -1 10 -1 7 -1 -1 11 -1 12 -1 -1 -1 -1 -1 15 -1 -1 -1 -1 -1 -1 14 -1 -1 -1 -1 -1 -1 -1 24 28 -1 -1 -1 8 30 -1 17 -1 -1 -1 27 -1 -1 -1 -1 22 -1 -1 -1 -1 -1 -1 -1 23 21 -1 -1 -1 -1 -1 -1 -1 25 20 19 18 -1 -1 
-1 -1 2 -1 4 5 6 -1 -1 -1 -1 -1 -1 3 -1 -1 -1 -1 1 -1 -1 -1 10 -1 -1 -1 -1 11 -1 12 -1 7 -1 -1 -1 15 -1 -1 -1 -1 -1 -1 14 -1 -1 -1 -1 -1 -1 -1 24 28 -1 -1 -1 8 30 -1 17 -1 -1 -1 27 -1 -1 -1 -1 22 -1 -1 -1 -1 -1 -1 -1 23 21 -1 -1 -1 -1 -1 -1 -1 25 20 19 18 -1 -1 
-1 -1 2 -1 4 5 6 -1 -1 -1 -1 -1 -1 3 -1 -1 -1 -1 1 -1 -1 -1 10 -1 -1 -1 -1 11 -1 12 -1 7 24 -1 -1 15 -1 -1 -1 -1 -1 -1 14 -1 -1 -1 -1 -1 -1 -1 -1 28 -1 -1 -1 8 30 -1 17 -1 -1 -1 27 -1 -1 -1 -1 22 -1 -1 -1 -1 -1 -1 -1 23 21 -1 -1 -1 -1 -1 -1 -1 25 20 19 18 -1 -1 
-1 -1 2 -1 4 5 6 -1 -1 -1 -1 -1 -1 3 -1 -1 -1 -1 1 -1 -1 -1 -1 -1 -1 -1 -1 11 -1 12 -1 7 24 -1 -1 15 -1 -1 -1 -1 -1 -1 14 -1 -1 -1 -1 -1 -1 -1 -1 28 -1 -1 -1 8 30 -1 10 -1 -1 -1 27 -1 -1 -1 -1 22 -1 -1 -1 -1 -1 -1 -1 23 21 -1 -1 -1 -1 -1 -1 -1 25 20 19 18 -1 -1 
-1 -1 2 -1 4 5 6 -1 -1 -1 -1 -1 -1 3 -1 -1 -1 -1 1 -1 -1 -1 -1 -1 -1 -1 -1 11 -1 12 -1 7 24 -1 -1 15 -1 -1 -1 -1 -1 -1 14 -1 -1 -1 -1 -1 -1 -1 -1 28 -1 -1 -1 8 30 -1 23 -1 -1 -1 27 -1 -1 -1 -1 22 -1 -1 -1 -1 -1 -1 -1 -1 21 -1 -1 -1 -1 -1 -1 -1 25 20 19 18 -1 -1 
-1 -1 2 -1 4 5 6 -1 -1 -1 -1 -1 -1 3 -1 -1 -1 -1 1 -1 -1 -1 -1 -1 -1 -1 -1 11 -1 12 -1 -1 24 -1 -1 15 -1 -1 -1 -1 -1 -1 14 -1 -1 -1 -1 -1 7 -1 -1 28 -1 -1 -1 8 30 -1 23 -1 -1 -1 27 -1 -1 -1 -1 22 -1 -1 -1 -1 -1 -1 -1 -1 21 -1 -1 -1 -1 -1 -1 -1 25 20 19 18 -1 -1 
-1 -1 2 -1 4 5 6 -1 -1 -1 -1 -1 -1 3 -1 -1 -1 -1 1 -1 -1 -1 -1 -1 -1 -1 -1 11 -1 12 -1 -1 24 -1 -1 15 -1 -1 -1 -1 -1 -1 28 -1 -1 -1 -1 -1 7 -1 -1 -1 -1 -1 -1 8 30 -1 23 -1 -1 -1 27 -1 -1 -1 -1 22 -1 -1 -1 -1 -1 -1 -1 -1 21 -1 -1 -1 -1 -1 -1 -1 25 20 19 18 -1 -1 
-1 -1 2 -1 4 5 6 -1 -1 -1 -1 -1 -1 3 -1 -1 -1 -1 1 -1 -1 -1 -1 -1 -1 -1 -1 11 -1 12 -1 -1 24 -1 -1 15 -1 -1 -1 -1 -1 -1 28 -1 -1 -1 -1 -1 7 -1 -1 -1 -1 -1 -1 8 30 -1 23 -1 -1 -1 27 -1 -1 -1 -1 22 -1 -1 -1 -1 -1 -1 -1 -1 21 -1 -1 -1 -1 -1 -1 -1 25 20 19 18 -1 -1 
-1 -1 2 -1 4 5 6 -1 -1 -1 -1 -1 -1 3 -1 -1 -1 -1 1 -1 -1 -1 -1 -1 -1 -1 -1 11 -1 12 -1 -1 24 -1 -1 15 -1 -1 -1 -1 -1 -1 28 -1 -1 -1 -1 -1 7 -1 -1 -1 -1 -1 -1 8 30 25 23 -1 -1 -1 27 -1 -1 -1 -1 22 -1 -1 -1 -1 -1 -1 -1 -1 21 -1 -1 -1 -1 -1 -1 -1 -1 20 19 18 -1 -1 
-1 -1 -1 -1 4 5 6 -1 -1 -1 -1 -1 -1 3 -1 -1 -1 -1 1 -1 -1 -1 2 -1 -1 -1 -1 11 -1 12 -1 -1 24 -1 -1 15 -1 -1 -1 -1 -1 -1 28 -1 -1 -1 -1 -1 7 -1 -1 -1 -1 -1 -1 8 30 25 23 -1 -1 -1 27 -1 -1 -1 -1 22 -1 -1 -1 -1 -1 -1 -1 -1 21 -1 -1 -1 -1 -1 -1 -1 -1 20 19 18 -1 -1 
-1 -1 -1 -1 4 5 6 -1 -1 -1 -1 -1 -1 3 -1 -1 -1 -1 1 -1 -1 -1 2 -1 -1 -1 -1 11 -1 12 -1 -1 -1 -1 -1 24 -1 -1 -1 -1 -1 -1 28 -1 -1 -1 -1 -1 7 -1 -1 -1 -1 -1 -1 8 30 25 23 -1 -1 -1 27 -1 -1 -1 -1 22 -1 -1 -1 -1 -1 -1 -1 -1 21 -1 -1 -1 -1 -1 -1 -1 -1 20 19 18 -1 -1 
-1 -1 -1 -1 4 5 6 -1 -1 -1 -1 -1 -1 3 -1 -1 -1 -1 1 -1 -1 -1 2 -1 -1 -1 -1 -1 -1 12 -1 -1 -1 -1 -1 24 11 -1 -1 -1 -1 -1 28 -1 -1 -1 -1 -1 7 -1 -1 -1 -1 -1 -1 8 30 25 23 -1 -1 -1 27 -1 -1 -1 -1 22 -1 -1 -1 -1 -1 -1 -1 -1 21 -1 -1 -1 -1 -1 -1 -1 -1 20 19 18 -1 -1 
-1 -1 -1 -1 4 5 6 -1 -1 -1 -1 -1 -1 3 -1 -1 -1 -1 1 -1 -1 -1 2 -1 -1 -1 -1 -1 -1 12 -1 -1 -1 -1 -1 24 11 -1 -1 -1 -1 -1 28 -1 -1 -1 -1 30 7 -1 -1 -1 -1 -1 -1 8 -1 25 23 -1 -1 -1 27 -1 -1 -1 -1 22 -1 -1 -1 -1 -1 -1 -1 -1 21 -1 -1 -1 -1 -1 -1 -1 -1 20 19 18 -1 -1 
-1 -1 -1 -1 4 5 6 -1 -1 -1 -1 -1 -1 3 -1 -1 -1 -1 -1 -1 -1 -1 2 -1 -1 -1 -1 -1 -1 12 -1 -1 -1 -1 -1 24 11 1 -1 -1 -1 -1 28 -1 -1 -1 -1 30 7 -1 -1 -1 -1 -1 -1 8 -1 25 23 -1 -1 -1 27 -1 -1 -1 -1 22 -1 -1 -1 -1 -1 -1 -1 -1 21 -1 -1 -1 -1 -1 -1 -1 -1 20 19 18 -1 -1 
-1 -1 -1 -1 4 5 6 -1 -1 -1 -1 -1 -1 3 -1 -1 -1 -1 -1 -1 -1 -1 2 -1 -1 -1 -1 -1 -1 12 -1 -1 -1 -1 -1 -1 11 1 -1 -1 -1 -1 28 -1 -1 -1 -1 30 7 -1 -1 -1 -1 24 -1 8 -1 25 23 -1 -1 -1 27 -1 -1 -1 -1 22 -1 -1 -1 -1 -1 -1 -1 -1 21 -1 -1 -1 -1 -1 -1 -1 -1 20 19 18 -1 -1 
-1 -1 -1 -1 4 5 6 -1 -1 -1 -1 -1 -1 3 -1 -1 -1 -1 -1 -1 -1 -1 2 -1 -1 -1 -1 -1 -1 12 -1 7 -1 -1 -1 -1 11 1 -1 -1 -1 -1 28 -1 -1 -1 -1 30 -1 -1 -1 -1 -1 24 -1 8 -1 25 23 -1 -1 -1 27 -1 -1 -1 -1 22 -1 -1 -1 -1 -1 -1 -1 -1 21 -1 -1 -1 -1 -1 -1 -1 -1 20 19 18 -1 -1 
-1 -1 -1 -1 4 5 6 -1 -1 -1 -1 -1 -1 3 -1 -1 -1 -1 -1 -1 -1 -1 2 -1 -1 -1 -1 -1 -1 12 -1 7 -1 -1 -1 -1 11 1 -1 -1 -1 -1 28 -1 -1 -1 -1 30 -1 -1 -1 -1 -1 24 -1 8 -1 -1 23 -1 -1 -1 27 -1 -1 -1 -1 22 -1 -1 -1 -1 -1 -1 -1 -1 21 -1 -1 -1 -1 -1 -1 -1 25 20 19 18 -1 -1 
-1 -1 -1 -1 4 5 6 -1 -1 -1 -1 -1 -1 3 -1 -1 -1 -1 -1 -1 -1 -1 2 -1 -1 -1 -1 -1 -1 12 -1 7 -1 -1 -1 -1 11 -1 -1 -1 -1 -1 28 -1 -1 -1 -1 30 -1 -1 -1 -1 -1 24 -1 8 1 -1 23 -1 -1 -1 27 -1 -1 -1 -1 22 -1 -1 -1 -1 -1 -1 -1 -1 21 -1 -1 -1 -1 -1 -1 -1 25 20 19 18 -1 -1 
-1 -1 -1 -1 4 5 6 -1 -1 -1 -1 -1 -1 3 -1 -1 -1 -1 -1 -1 -1 -1 2 -1 -1 -1 -1 -1 -1 12 -1 7 -1 -1 -1 24 11 -1 -1 -1 -1 -1 28 -1 -1 -1 -1 30 -1 -1 -1 -1 -1 -1 -1 8 1 -1 23 -1 -1 -1 27 -1 -1 -1 -1 22 -1 -1 -1 -1 -1 -1 -1 -1 21 -1 -1 -1 -1 -1 -1 -1 25 20 19 18 -1 -1 
-1 -1 -1 -1 4 5 6 -1 -1 -1 -1 -1 -1 3 -1 -1 -1 -1 -1 -1 -1 -1 2 -1 -1 -1 -1 -1 -1 12 -1 -1 -1 -1 -1 24 11 -1 -1 -1 -1 -1 28 -1 -1 -1 -1 30 7 -1 -1 -1 -1 -1 -1 8 1 -1 23 -1 -1 -1 27 -1 -1 -1 -1 22 -1 -1 -1 -1 -1 -1 -1 -1 21 -1 -1 -1 -1 -1 -1 -1 25 20 19 18 -1 -1 
-1 -1 -1 -1 4 5 6 -1 -1 -1 -1 -1 -1 3 -1 -1 -1 -1 -1 -1 -1 -1 2 -1 -1 -1 -1 -1 -1 12 -1 -1 24 -1 -1 -1 11 -1 -1 -1 -1 -1 28 -1 -1 -1 -1 30 7 -1 -1 -1 -1 -1 -1 8 1 -1 23 -1 -1 -1 27 -1 -1 -1 -1 22 -1 -1 -1 -1 -1 -1 -1 -1 21 -1 -1 -1 -1 -1 -1 -1 25 20 19 18 -1 -1 
-1 -1 -1 -1 4 5 6 -1 -1 -1 -1 -1 -1 3 -1 -1 -1 -1 -1 -1 -1 -1 2 -1 -1 -1 -1 -1 -1 12 -1 -1 24 -1 -1 -1 11 -1 -1 -1 -1 -1 28 -1 -1 -1 -1 30 7 -1 -1 -1 -1 -1 -1 8 -1 -1 23 -1 -1 -1 27 1 -1 -1 -1 22 -1 -1 -1 -1 -1 -1 -1 -1 21 -1 -1 -1 -1 -1 -1 -1 25 20 19 18 -1 -1 
-1 -1 -1 -1 4 5 6 -1 -1 -1 -1 -1 -1 3 -1 -1 -1 -1 -1 -1 -1 -1 2 -1 -1 -1 -1 -1 -1 12 -1 -1 24 -1 -1 -1 11 -1 -1 -1 -1 -1 28 -1 -1 -1 -1 30 7 -1 -1 -1 -1 -1 -1 8 -1 -1 23 -1 -1 -1 27 1 -1 -1 21 22 -1 -1 -1 -1 -1 -1 -1 -1 -1 -1 -1 -1 -1 -1 -1 -1 25 20 19 18 -1 -1 
-1 -1 -1 -1 4 5 6 -1 -1 -1 -1 -1 -1 3 -1 -1 -1 -1 -1 -1 -1 -1 2 -1 -1 -1 -1 -1 -1 12 -1 -1 24 -1 -1 -1 11 -1 -1 -1 -1 -1 28 -1 -1 -1 -1 30 7 -1 -1 -1 -1 -1 -1 8 -1 -1 23 -1 -1 -1 27 -1 -1 -1 21 22 -1 -1 -1 -1 -1 -1 1 -1 -1 -1 -1 -1 -1 -1 -1 -1 25 20 19 18 -1 -1 
-1 -1 -1 -1 4 5 6 -1 -1 -1 -1 -1 -1 3 -1 -1 -1 -1 -1 -1 -1 -1 2 -1 -1 -1 -1 -1 -1 12 -1 -1 24 -1 -1 -1 11 -1 -1 -1 -1 -1 28 -1 -1 -1 -1 30 7 -1 -1 -1 -1 -1 -1 8 -1 -1 23 -1 -1 -1 27 -1 -1 -1 21 22 -1 -1 -1 -1 -1 -1 1 25 -1 -1 -1 -1 -1 -1 -1 -1 -1 20 19 18 -1 -1 
-1 -1 -1 -1 4 5 6 -1 -1 -1 -1 -1 -1 3 -1 -1 -1 -1 -1 -1 -1 -1 2 -1 -1 -1 -1 -1 -1 12 -1 -1 24 -1 -1 -1 -1 -1 -1 -1 -1 -1 28 -1 -1 11 -1 30 7 -1 -1 -1 -1 -1 -1 8 -1 -1 23 -1 -1 -1 27 -1 -1 -1 21 22 -1 -1 -1 -1 -1 -1 1 25 -1 -1 -1 -1 -1 -1 -1 -1 -1 20 19 18 -1 -1 
-1 -1 -1 -1 4 5 6 -1 -1 -1 -1 -1 -1 3 -1 -1 -1 -1 -1 -1 -1 -1 2 -1 -1 -1 -1 -1 -1 12 -1 -1 -1 -1 -1 -1 -1 -1 -1 -1 -1 -1 28 -1 -1 11 -1 30 7 -1 24 -1 -1 -1 -1 8 -1 -1 23 -1 -1 -1 27 -1 -1 -1 21 22 -1 -1 -1 -1 -1 -1 1 25 -1 -1 -1 -1 -1 -1 -1 -1 -1 20 19 18 -1 -1 
-1 -1 -1 -1 4 5 6 -1 -1 -1 -1 -1 -1 3 -1 -1 -1 -1 -1 -1 -1 -1 2 -1 -1 -1 -1 -1 -1 12 -1 7 -1 -1 -1 -1 -1 -1 -1 -1 -1 -1 28 -1 -1 11 -1 30 -1 -1 24 -1 -1 -1 -1 8 -1 -1 23 -1 -1 -1 27 -1 -1 -1 21 22 -1 -1 -1 -1 -1 -1 1 25 -1 -1 -1 -1 -1 -1 -1 -1 -1 20 19 18 -1 -1 
-1 -1 -1 -1 4 5 6 -1 -1 -1 -1 -1 -1 3 -1 -1 -1 -1 -1 -1 -1 -1 2 -1 -1 -1 -1 -1 -1 12 -1 7 -1 -1 -1 -1 -1 -1 -1 -1 -1 -1 28 -1 -1 11 -1 30 -1 24 -1 -1 -1 -1 -1 8 -1 -1 23 -1 -1 -1 27 -1 -1 -1 21 22 -1 -1 -1 -1 -1 -1 1 25 -1 -1 -1 -1 -1 -1 -1 -1 -1 20 19 18 -1 -1 
-1 -1 -1 -1 4 5 6 -1 -1 -1 -1 -1 -1 3 -1 -1 -1 -1 -1 -1 -1 -1 2 -1 0 -1 -1 -1 -1 12 -1 7 -1 -1 -1 -1 -1 -1 -1 -1 -1 -1 28 -1 -1 11 -1 30 -1 24 -1 -1 -1 -1 -1 8 -1 -1 23 -1 -1 -1 27 -1 -1 -1 21 22 -1 -1 -1 -1 -1 -1 1 25 -1 -1 -1 -1 -1 -1 -1 -1 -1 20 19 18 -1 -1 
-1 -1 -1 -1 4 5 6 -1 -1 -1 -1 -1 -1 3 -1 -1 -1 -1 -1 -1 -1 -1 2 -1 0 -1 -1 -1 -1 12 -1 7 -1 -1 -1 -1 -1 -1 -1 -1 -1 -1 28 -1 -1 11 -1 30 -1 24 -1 -1 -1 -1 -1 8 -1 -1 23 -1 -1 -1 27 -1 -1 -1 21 22 -1 -1 -1 -1 -1 -1 1 25 19 -1 -1 -1 -1 -1 -1 -1 -1 20 -1 18 -1 -1 
-1 -1 -1 -1 4 5 6 -1 -1 -1 -1 -1 -1 3 -1 -1 -1 -1 -1 -1 -1 -1 2 -1 0 -1 -1 -1 -1 12 -1 -1 -1 -1 -1 -1 -1 -1 -1 -1 -1 -1 7 -1 -1 11 -1 30 -1 24 -1 -1 -1 -1 -1 8 -1 -1 23 -1 -1 -1 27 -1 -1 -1 21 22 -1 -1 -1 -1 -1 -1 1 25 19 -1 -1 -1 -1 -1 -1 -1 -1 20 -1 18 -1 -1 
-1 -1 -1 -1 4 5 6 -1 -1 -1 -1 -1 -1 3 -1 -1 -1 -1 -1 -1 -1 -1 2 -1 0 -1 -1 -1 -1 12 -1 -1 -1 -1 -1 -1 -1 -1 -1 -1 24 -1 7 -1 -1 11 -1 30 -1 -1 -1 -1 -1 -1 -1 8 -1 -1 23 -1 -1 -1 27 -1 -1 -1 21 22 -1 -1 -1 -1 -1 -1 1 25 19 -1 -1 -1 -1 -1 -1 -1 -1 20 -1 18 -1 -1 
-1 -1 -1 -1 4 5 0 -1 -1 -1 -1 -1 -1 3 -1 -1 -1 -1 -1 -1 -1 -1 2 -1 -1 -1 -1 -1 -1 12 -1 -1 -1 -1 -1 -1 -1 -1 -1 -1 24 -1 7 -1 -1 11 -1 30 -1 -1 -1 -1 -1 -1 -1 8 -1 -1 23 -1 -1 -1 27 -1 -1 -1 21 22 -1 -1 -1 -1 -1 -1 1 25 19 -1 -1 -1 -1 -1 -1 -1 -1 20 -1 18 -1 -1 
-1 -1 -1 -1 4 5 0 -1 -1 -1 -1 -1 -1 3 -1 -1 -1 -1 -1 -1 -1 -1 2 -1 -1 -1 -1 -1 -1 12 -1 -1 -1 -1 -1 -1 -1 -1 -1 -1 24 17 7 -1 -1 11 -1 30 -1 -1 -1 -1 -1 -1 -1 8 -1 -1 -1 -1 -1 -1 27 -1 -1 -1 21 22 -1 -1 -1 -1 -1 -1 1 25 19 -1 -1 -1 -1 -1 -1 -1 -1 20 -1 18 -1 -1 
-1 -1 -1 -1 4 5 -1 -1 0 -1 -1 -1 -1 3 -1 -1 -1 -1 -1 -1 -1 -1 2 -1 -1 -1 -1 -1 -1 12 -1 -1 -1 -1 -1 -1 -1 -1 -1 -1 24 17 7 -1 -1 11 -1 30 -1 -1 -1 -1 -1 -1 -1 8 -1 -1 -1 -1 -1 -1 27 -1 -1 -1 21 22 -1 -1 -1 -1 -1 -1 1 25 19 -1 -1 -1 -1 -1 -1 -1 -1 20 -1 18 -1 -1 
-1 -1 -1 -1 4 5 -1 -1 0 -1 -1 -1 -1 3 -1 -1 -1 -1 -1 -1 -1 -1 2 -1 -1 -1 -1 -1 -1 12 -1 -1 -1 -1 -1 -1 24 -1 -1 -1 -1 17 7 -1 -1 11 -1 30 -1 -1 -1 -1 -1 -1 -1 8 -1 -1 -1 -1 -1 -1 27 -1 -1 -1 21 22 -1 -1 -1 -1 -1 -1 1 25 19 -1 -1 -1 -1 -1 -1 -1 -1 20 -1 18 -1 -1 
-1 -1 -1 3 4 5 -1 -1 0 -1 -1 -1 -1 -1 -1 -1 -1 -1 -1 -1 -1 -1 2 -1 -1 -1 -1 -1 -1 12 -1 -1 -1 -1 -1 -1 24 -1 -1 -1 -1 17 7 -1 -1 11 -1 30 -1 -1 -1 -1 -1 -1 -1 8 -1 -1 -1 -1 -1 -1 27 -1 -1 -1 21 22 -1 -1 -1 -1 -1 -1 1 25 19 -1 -1 -1 -1 -1 -1 -1 -1 20 -1 18 -1 -1 
-1 -1 -1 3 4 5 -1 -1 0 -1 -1 -1 -1 -1 -1 -1 -1 -1 -1 -1 -1 -1 2 -1 -1 -1 -1 -1 -1 12 17 -1 -1 -1 -1 -1 24 -1 -1 -1 -1 -1 7 -1 -1 11 -1 30 -1 -1 -1 -1 -1 -1 -1 8 -1 -1 -1 -1 -1 -1 27 -1 -1 -1 21 22 -1 -1 -1 -1 -1 -1 1 25 19 -1 -1 -1 -1 -1 -1 -1 -1 20 -1 18 -1 -1 
-1 -1 -1 3 4 5 -1 -1 -1 -1 -1 -1 -1 -1 -1 -1 -1 -1 -1 -1 -1 -1 2 -1 -1 -1 -1 -1 -1 12 17 -1 -1 -1 -1 -1 24 -1 -1 -1 -1 -1 7 -1 -1 11 -1 30 -1 -1 -1 -1 -1 -1 -1 8 -1 -1 -1 -1 -1 -1 27 -1 -1 -1 21 22 -1 -1 -1 -1 -1 -1 1 25 19 -1 -1 -1 -1 -1 -1 -1 -1 20 -1 18 -1 -1 
-1 -1 -1 3 4 5 -1 -1 -1 -1 -1 -1 -1 -1 -1 -1 -1 -1 -1 -1 -1 -1 2 -1 -1 -1 -1 -1 -1 12 17 -1 -1 -1 -1 -1 24 -1 30 -1 -1 -1 7 -1 -1 11 -1 -1 -1 -1 -1 -1 -1 -1 -1 8 -1 -1 -1 -1 -1 -1 27 -1 -1 -1 21 22 -1 -1 -1 -1 -1 -1 1 25 19 -1 -1 -1 -1 -1 -1 -1 -1 20 -1 18 -1 -1 
-1 -1 -1 3 4 5 -1 -1 -1 -1 -1 -1 -1 -1 -1 -1 -1 -1 -1 -1 -1 -1 2 -1 -1 -1 -1 -1 -1 12 17 -1 -1 -1 -1 -1 24 -1 30 -1 -1 -1 7 -1 -1 11 -1 -1 -1 -1 -1 -1 -1 -1 -1 1 -1 -1 -1 -1 -1 -1 27 -1 -1 -1 21 22 -1 -1 -1 -1 -1 -1 -1 25 19 -1 -1 -1 -1 -1 -1 -1 -1 20 -1 18 -1 -1 
24 -1 -1 3 4 5 -1 -1 -1 -1 -1 -1 -1 -1 -1 -1 -1 -1 -1 -1 -1 -1 2 -1 -1 -1 -1 -1 -1 12 17 -1 -1 -1 -1 -1 -1 -1 30 -1 -1 -1 7 -1 -1 11 -1 -1 -1 -1 -1 -1 -1 -1 -1 1 -1 -1 -1 -1 -1 -1 27 -1 -1 -1 21 22 -1 -1 -1 -1 -1 -1 -1 25 19 -1 -1 -1 -1 -1 -1 -1 -1 20 -1 18 -1 -1 
24 -1 -1 3 4 -1 -1 -1 -1 -1 -1 -1 -1 5 -1 -1 -1 -1 -1 -1 -1 -1 2 -1 -1 -1 -1 -1 -1 12 17 -1 -1 -1 -1 -1 -1 -1 30 -1 -1 -1 7 -1 -1 11 -1 -1 -1 -1 -1 -1 -1 -1 -1 1 -1 -1 -1 -1 -1 -1 27 -1 -1 -1 21 22 -1 -1 -1 -1 -1 -1 -1 25 19 -1 -1 -1 -1 -1 -1 -1 -1 20 -1 18 -1 -1 
24 -1 -1 3 4 -1 -1 -1 -1 -1 -1 -1 -1 17 -1 -1 -1 -1 -1 -1 -1 -1 2 -1 -1 -1 -1 -1 -1 12 -1 -1 -1 -1 -1 -1 -1 -1 30 -1 -1 -1 7 -1 -1 11 -1 -1 -1 -1 -1 -1 -1 -1 -1 1 -1 -1 -1 -1 -1 -1 27 -1 -1 -1 21 22 -1 -1 -1 -1 -1 -1 -1 25 19 -1 -1 -1 -1 -1 -1 -1 -1 20 -1 18 -1 -1 
24 -1 -1 3 4 -1 -1 -1 -1 -1 -1 -1 -1 17 -1 -1 -1 -1 -1 -1 -1 -1 2 -1 -1 -1 -1 -1 -1 12 -1 -1 -1 -1 -1 -1 -1 -1 30 -1 -1 -1 7 -1 -1 11 -1 -1 1 -1 -1 -1 -1 -1 -1 -1 -1 -1 -1 -1 -1 -1 27 -1 -1 -1 21 22 -1 -1 -1 -1 -1 -1 -1 25 19 -1 -1 -1 -1 -1 -1 -1 -1 20 -1 18 -1 -1 
24 -1 -1 3 4 -1 -1 -1 -1 -1 -1 -1 -1 17 -1 -1 -1 -1 -1 -1 -1 -1 2 -1 -1 -1 -1 -1 -1 12 -1 -1 -1 -1 -1 -1 -1 -1 30 -1 -1 -1 7 -1 -1 11 -1 -1 25 -1 -1 -1 -1 -1 -1 -1 -1 -1 -1 -1 -1 -1 27 -1 -1 -1 21 22 -1 -1 -1 -1 -1 -1 -1 -1 19 -1 -1 -1 -1 -1 -1 -1 -1 20 -1 18 -1 -1 
24 -1 -1 3 4 -1 -1 -1 -1 -1 -1 -1 -1 17 -1 -1 -1 -1 -1 -1 -1 -1 2 -1 -1 -1 -1 -1 -1 12 -1 -1 -1 -1 -1 -1 -1 -1 30 -1 -1 -1 7 -1 -1 11 -1 -1 25 -1 -1 -1 -1 -1 -1 -1 -1 -1 -1 -1 -1 -1 27 -1 -1 -1 21 22 -1 -1 -1 -1 -1 -1 -1 -1 19 -1 -1 -1 -1 -1 -1 -1 -1 20 -1 18 -1 -1 
24 -1 -1 3 4 -1 -1 -1 -1 -1 -1 -1 -1 17 -1 -1 -1 -1 -1 -1 -1 -1 2 -1 -1 -1 -1 -1 -1 12 -1 -1 -1 -1 -1 -1 -1 -1 -1 30 -1 -1 7 -1 -1 11 -1 -1 25 -1 -1 -1 -1 -1 -1 -1 -1 -1 -1 -1 -1 -1 27 -1 -1 -1 21 22 -1 -1 -1 -1 -1 -1 -1 -1 19 -1 -1 -1 -1 -1 -1 -1 -1 20 -1 18 -1 -1 
24 -1 -1 3 4 -1 -1 -1 -1 -1 -1 -1 -1 17 -1 -1 -1 -1 -1 -1 -1 -1 2 -1 -1 -1 -1 -1 -1 12 -1 -1 -1 -1 -1 -1 -1 -1 -1 30 -1 -1 7 -1 -1 11 -1 -1 25 -1 -1 -1 -1 -1 -1 -1 -1 -1 -1 -1 -1 -1 27 -1 -1 -1 21 22 -1 -1 -1 -1 -1 -1 -1 -1 19 -1 -1 -1 -1 -1 -1 -1 -1 20 -1 18 -1 -1 
-1 -1 -1 24 4 -1 -1 -1 -1 -1 -1 -1 -1 17 -1 -1 -1 -1 -1 -1 -1 -1 2 -1 -1 -1 -1 -1 -1 12 -1 -1 -1 -1 -1 -1 -1 -1 -1 30 -1 -1 7 -1 -1 11 -1 -1 25 -1 -1 -1 -1 -1 -1 -1 -1 -1 -1 -1 -1 -1 27 -1 -1 -1 21 22 -1 -1 -1 -1 -1 -1 -1 -1 19 -1 -1 -1 -1 -1 -1 -1 -1 20 -1 18 -1 -1 
-1 -1 -1 24 -1 -1 -1 -1 -1 -1 -1 -1 -1 4 -1 -1 -1 -1 -1 -1 -1 -1 2 -1 -1 -1 -1 -1 -1 12 -1 -1 -1 -1 -1 -1 -1 -1 -1 30 -1 -1 7 -1 -1 11 -1 -1 25 -1 -1 -1 -1 -1 -1 -1 -1 -1 -1 -1 -1 -1 27 -1 -1 -1 21 22 -1 -1 -1 -1 -1 -1 -1 -1 19 -1 -1 -1 -1 -1 -1 -1 -1 20 -1 18 -1 -1 
-1 -1 -1 24 -1 -1 -1 -1 -1 -1 -1 -1 -1 4 -1 -1 -1 -1 -1 -1 -1 -1 2 -1 -1 -1 -1 -1 -1 12 30 -1 -1 -1 -1 -1 -1 -1 -1 -1 -1 -1 7 -1 -1 11 -1 -1 25 -1 -1 -1 -1 -1 -1 -1 -1 -1 -1 -1 -1 -1 27 -1 -1 -1 21 22 -1 -1 -1 -1 -1 -1 -1 -1 19 -1 -1 -1 -1 -1 -1 -1 -1 20 -1 18 -1 -1 
-1 -1 -1 24 -1 -1 -1 -1 -1 -1 -1 -1 -1 4 -1 -1 -1 -1 -1 -1 -1 -1 2 -1 -1 -1 -1 -1 -1 12 30 -1 -1 -1 -1 -1 -1 -1 -1 -1 -1 -1 -1 -1 -1 11 -1 -1 25 -1 -1 -1 -1 -1 -1 -1 -1 -1 -1 7 -1 -1 27 -1 -1 -1 21 22 -1 -1 -1 -1 -1 -1 -1 -1 19 -1 -1 -1 -1 -1 -1 -1 -1 20 -1 18 -1 -1 
-1 -1 -1 24 -1 -1 -1 -1 -1 -1 -1 -1 -1 4 -1 -1 -1 -1 -1 -1 -1 -1 2 -1 -1 -1 -1 -1 -1 12 30 -1 -1 -1 -1 -1 -1 -1 -1 -1 -1 -1 -1 -1 -1 11 -1 -1 -1 25 -1 -1 -1 -1 -1 -1 -1 -1 -1 7 -1 -1 27 -1 -1 -1 21 22 -1 -1 -1 -1 -1 -1 -1 -1 19 -1 -1 -1 -1 -1 -1 -1 -1 20 -1 18 -1 -1 
-1 -1 -1 24 -1 -1 -1 -1 -1 -1 -1 -1 -1 -1 4 -1 -1 -1 -1 -1 -1 -1 2 -1 -1 -1 -1 -1 -1 12 30 -1 -1 -1 -1 -1 -1 -1 -1 -1 -1 -1 -1 -1 -1 11 -1 -1 -1 25 -1 -1 -1 -1 -1 -1 -1 -1 -1 7 -1 -1 27 -1 -1 -1 21 22 -1 -1 -1 -1 -1 -1 -1 -1 19 -1 -1 -1 -1 -1 -1 -1 -1 20 -1 18 -1 -1 
-1 -1 -1 24 -1 -1 -1 -1 -1 -1 -1 -1 -1 -1 4 -1 -1 -1 -1 -1 -1 -1 2 -1 -1 -1 -1 -1 -1 12 30 -1 -1 -1 -1 -1 -1 -1 -1 -1 -1 -1 -1 -1 -1 11 -1 25 -1 -1 -1 -1 -1 -1 -1 -1 -1 -1 -1 7 -1 -1 27 -1 -1 -1 21 22 -1 -1 -1 -1 -1 -1 -1 -1 19 -1 -1 -1 -1 -1 -1 -1 -1 20 -1 18 -1 -1 
-1 -1 -1 24 -1 -1 -1 -1 -1 -1 -1 -1 -1 -1 4 -1 -1 -1 -1 -1 -1 -1 2 -1 -1 -1 -1 -1 -1 -1 30 -1 -1 -1 -1 -1 -1 -1 12 -1 -1 -1 -1 -1 -1 11 -1 25 -1 -1 -1 -1 -1 -1 -1 -1 -1 -1 -1 7 -1 -1 27 -1 -1 -1 21 22 -1 -1 -1 -1 -1 -1 -1 -1 19 -1 -1 -1 -1 -1 -1 -1 -1 20 -1 18 -1 -1 
-1 -1 -1 24 -1 -1 -1 -1 -1 -1 -1 -1 -1 -1 4 -1 -1 -1 -1 -1 -1 -1 2 -1 -1 -1 -1 -1 -1 -1 30 -1 -1 -1 -1 -1 -1 -1 12 -1 -1 -1 -1 -1 -1 11 -1 -1 -1 -1 -1 -1 -1 -1 -1 -1 -1 -1 -1 7 -1 -1 27 -1 -1 -1 21 22 -1 -1 -1 -1 -1 -1 -1 -1 19 -1 -1 -1 -1 -1 -1 25 -1 20 -1 18 -1 -1 
-1 -1 -1 24 -1 -1 -1 -1 -1 -1 -1 -1 -1 -1 4 -1 -1 -1 -1 -1 -1 -1 2 -1 -1 -1 -1 -1 -1 -1 30 -1 -1 -1 -1 -1 -1 -1 12 -1 -1 -1 -1 -1 -1 11 -1 -1 -1 -1 -1 -1 -1 -1 -1 -1 -1 -1 -1 -1 -1 -1 27 -1 -1 -1 21 22 -1 -1 -1 -1 -1 -1 -1 -1 19 -1 7 -1 -1 -1 -1 25 -1 20 -1 18 -1 -1 
-1 -1 -1 24 -1 -1 -1 -1 -1 -1 -1 -1 -1 -1 4 -1 -1 -1 -1 -1 -1 -1 2 -1 -1 -1 -1 -1 -1 -1 30 -1 -1 -1 -1 -1 -1 -1 12 -1 -1 -1 -1 -1 -1 11 -1 -1 -1 -1 -1 -1 -1 -1 -1 -1 -1 -1 -1 -1 -1 -1 27 -1 -1 -1 21 22 -1 -1 -1 -1 -1 -1 -1 -1 19 -1 7 -1 -1 -1 -1 25 20 -1 -1 18 -1 -1 
-1 -1 -1 24 -1 -1 -1 -1 -1 -1 -1 -1 -1 4 -1 -1 -1 -1 -1 -1 -1 -1 2 -1 -1 -1 -1 -1 -1 -1 30 -1 -1 -1 -1 -1 -1 -1 12 -1 -1 -1 -1 -1 -1 11 -1 -1 -1 -1 -1 -1 -1 -1 -1 -1 -1 -1 -1 -1 -1 -1 27 -1 -1 -1 21 22 -1 -1 -1 -1 -1 -1 -1 -1 19 -1 7 -1 -1 -1 -1 25 20 -1 -1 18 -1 -1 
-1 -1 -1 -1 -1 24 -1 -1 -1 -1 -1 -1 -1 4 -1 -1 -1 -1 -1 -1 -1 -1 2 -1 -1 -1 -1 -1 -1 -1 30 -1 -1 -1 -1 -1 -1 -1 12 -1 -1 -1 -1 -1 -1 11 -1 -1 -1 -1 -1 -1 -1 -1 -1 -1 -1 -1 -1 -1 -1 -1 27 -1 -1 -1 21 22 -1 -1 -1 -1 -1 -1 -1 -1 19 -1 7 -1 -1 -1 -1 25 20 -1 -1 18 -1 -1 
-1 -1 -1 -1 -1 24 -1 -1 -1 -1 -1 -1 -1 4 -1 -1 -1 -1 -1 -1 -1 -1 2 -1 -1 -1 -1 -1 -1 -1 30 -1 -1 -1 -1 -1 -1 -1 12 -1 -1 -1 -1 -1 -1 -1 -1 -1 -1 -1 -1 -1 -1 -1 11 -1 -1 -1 -1 -1 -1 -1 27 -1 -1 -1 21 22 -1 -1 -1 -1 -1 -1 -1 -1 19 -1 7 -1 -1 -1 -1 25 20 -1 -1 18 -1 -1 
-1 -1 -1 -1 -1 24 -1 -1 -1 -1 -1 -1 -1 4 -1 -1 -1 -1 -1 -1 -1 30 2 -1 -1 -1 -1 -1 -1 -1 -1 -1 -1 -1 -1 -1 -1 -1 12 -1 -1 -1 -1 -1 -1 -1 -1 -1 -1 -1 -1 -1 -1 -1 11 -1 -1 -1 -1 -1 -1 -1 27 -1 -1 -1 21 22 -1 -1 -1 -1 -1 -1 -1 -1 19 -1 7 -1 -1 -1 -1 25 20 -1 -1 18 -1 -1 
-1 -1 -1 -1 -1 24 -1 -1 -1 -1 -1 -1 -1 4 -1 -1 -1 -1 -1 -1 -1 30 2 -1 -1 -1 -1 -1 -1 -1 -1 -1 -1 -1 -1 -1 -1 -1 12 -1 -1 -1 -1 -1 -1 -1 -1 -1 -1 -1 -1 -1 -1 -1 -1 -1 -1 -1 -1 -1 -1 -1 27 11 -1 -1 21 22 -1 -1 -1 -1 -1 -1 -1 -1 19 -1 7 -1 -1 -1 -1 25 20 -1 -1 18 -1 -1 
-1 -1 -1 -1 -1 -1 -1 -1 -1 -1 -1 -1 -1 4 -1 -1 -1 -1 -1 -1 -1 30 2 -1 -1 -1 -1 -1 -1 -1 -1 -1 -1 -1 -1 -1 -1 -1 12 -1 -1 -1 -1 -1 -1 -1 -1 -1 -1 -1 -1 -1 -1 -1 -1 -1 -1 -1 -1 -1 -1 -1 27 11 -1 -1 21 22 -1 -1 -1 -1 -1 -1 -1 -1 19 24 7 -1 -1 -1 -1 25 20 -1 -1 18 -1 -1 
-1 -1 -1 -1 -1 -1 -1 -1 -1 -1 -1 -1 -1 4 -1 -1 -1 -1 -1 -1 -1 30 2 -1 -1 -1 -1 -1 -1 -1 -1 -1 -1 -1 -1 -1 -1 -1 12 -1 -1 -1 -1 -1 -1 -1 -1 -1 -1 -1 -1 -1 -1 -1 -1 -1 -1 -1 -1 -1 -1 7 27 11 -1 -1 21 22 -1 -1 -1 -1 -1 -1 -1 -1 19 24 -1 -1 -1 -1 -1 25 20 -1 -1 18 -1 -1 
-1 -1 -1 -1 -1 -1 -1 -1 -1 -1 -1 -1 -1 4 -1 -1 -1 -1 -1 -1 -1 30 2 -1 -1 -1 -1 -1 -1 -1 -1 -1 24 -1 -1 -1 -1 -1 12 -1 -1 -1 -1 -1 -1 -1 -1 -1 -1 -1 -1 -1 -1 -1 -1 -1 -1 -1 -1 -1 -1 7 27 11 -1 -1 21 22 -1 -1 -1 -1 -1 -1 -1 -1 19 -1 -1 -1 -1 -1 -1 25 20 -1 -1 18 -1 -1 
-1 -1 -1 -1 4 -1 -1 -1 -1 -1 -1 -1 -1 -1 -1 -1 -1 -1 -1 -1 -1 30 2 -1 -1 -1 -1 -1 -1 -1 -1 -1 24 -1 -1 -1 -1 -1 12 -1 -1 -1 -1 -1 -1 -1 -1 -1 -1 -1 -1 -1 -1 -1 -1 -1 -1 -1 -1 -1 -1 7 27 11 -1 -1 21 22 -1 -1 -1 -1 -1 -1 -1 -1 19 -1 -1 -1 -1 -1 -1 25 20 -1 -1 18 -1 -1 
-1 -1 -1 -1 4 -1 -1 -1 -1 -1 -1 -1 -1 -1 -1 -1 -1 -1 -1 -1 -1 30 2 -1 -1 -1 -1 -1 -1 -1 -1 -1 24 -1 -1 -1 -1 -1 12 -1 -1 -1 -1 -1 -1 -1 -1 -1 -1 -1 -1 -1 -1 -1 -1 -1 -1 -1 -1 -1 -1 7 27 11 -1 -1 21 22 -1 -1 -1 -1 -1 -1 -1 -1 19 -1 -1 -1 -1 -1 -1 25 -1 20 -1 18 -1 -1 
-1 -1 -1 -1 4 -1 -1 -1 -1 -1 -1 -1 -1 -1 -1 -1 -1 -1 -1 -1 -1 30 2 -1 -1 -1 -1 -1 -1 -1 -1 -1 24 -1 -1 -1 -1 -1 12 -1 -1 -1 -1 -1 -1 -1 -1 -1 -1 -1 -1 -1 -1 -1 -1 -1 -1 -1 -1 -1 -1 7 27 -1 11 -1 21 22 -1 -1 -1 -1 -1 -1 -1 -1 19 -1 -1 -1 -1 -1 -1 25 -1 20 -1 18 -1 -1 
-1 -1 -1 -1 4 -1 -1 -1 -1 -1 -1 -1 -1 -1 -1 -1 -1 -1 -1 -1 -1 30 2 -1 -1 -1 -1 -1 -1 -1 -1 -1 24 -1 -1 -1 -1 -1 12 -1 -1 -1 -1 -1 -1 -1 -1 -1 -1 -1 -1 -1 -1 -1 -1 -1 -1 -1 -1 -1 -1 7 27 -1 11 -1 21 22 -1 -1 -1 -1 -1 -1 -1 -1 19 -1 -1 -1 -1 -1 -1 25 -1 -1 20 18 -1 -1 
-1 -1 -1 -1 4 -1 -1 -1 -1 -1 -1 -1 -1 -1 -1 -1 -1 -1 -1 -1 -1 30 2 -1 -1 -1 -1 -1 -1 -1 -1 -1 24 -1 -1 -1 -1 -1 12 -1 -1 -1 -1 -1 -1 -1 -1 -1 -1 -1 -1 -1 -1 -1 -1 -1 -1 -1 -1 -1 -1 7 27 -1 11 -1 21 22 -1 -1 -1 -1 -1 -1 -1 -1 19 -1 -1 -1 -1 -1 -1 25 -1 -1 20 18 -1 -1 
-1 -1 -1 -1 4 -1 -1 -1 -1 -1 -1 -1 -1 -1 -1 -1 -1 -1 -1 -1 -1 30 2 -1 -1 -1 -1 -1 -1 -1 -1 -1 24 -1 -1 -1 -1 -1 12 -1 -1 -1 -1 -1 -1 -1 -1 25 -1 -1 -1 -1 -1 -1 -1 -1 -1 -1 -1 -1 -1 7 27 -1 11 -1 21 22 -1 -1 -1 -1 -1 -1 -1 -1 19 -1 -1 -1 -1 -1 -1 -1 -1 -1 20 18 -1 -1 
