0 1 2 3 4 5 6 7 8 -1 -1 -1 -1 -1 -1 -1 -1 -1 -1 9 -1 -1 -1 -1 -1 10 -1 11 -1 12 -1 13 -1 14 -1 15 -1 -1 -1 -1 -1 -1 -1 -1 -1 -1 -1 -1 -1 -1 -1 -1 -1 -1 -1 -1 30 -1 29 -1 28 -1 27 -1 26 -1 -1 18 -1 -1 25 -1 -1 -1 -1 -1 -1 -1 -1 -1 -1 24 23 22 21 20 19 -1 17 16 
0 1 2 3 4 5 -1 7 8 -1 -1 -1 -1 -1 -1 -1 -1 -1 -1 9 -1 -1 6 -1 -1 10 -1 11 -1 12 -1 13 -1 14 -1 15 -1 -1 -1 -1 -1 -1 -1 -1 -1 -1 -1 -1 -1 -1 -1 -1 -1 -1 -1 -1 30 -1 29 -1 28 -1 27 -1 26 -1 -1 18 -1 -1 25 -1 -1 -1 -1 -1 -1 -1 -1 -1 -1 24 23 22 21 20 19 -1 17 16 
0 1 2 3 4 5 -1 7 8 -1 -1 -1 -1 -1 -1 -1 -1 -1 -1 9 -1 -1 6 -1 -1 10 -1 11 -1 12 -1 13 -1 14 -1 15 -1 -1 -1 -1 -1 -1 -1 -1 -1 -1 -1 30 -1 -1 -1 -1 -1 -1 -1 -1 -1 -1 29 -1 28 -1 27 -1 26 -1 -1 18 -1 -1 25 -1 -1 -1 -1 -1 -1 -1 -1 -1 -1 24 23 22 21 20 19 -1 17 16 
0 1 2 3 4 5 -1 7 8 -1 -1 -1 -1 -1 -1 -1 -1 -1 -1 9 -1 -1 6 -1 -1 10 -1 11 -1 12 -1 13 -1 -1 -1 15 -1 -1 -1 -1 -1 -1 14 -1 -1 -1 -1 30 -1 -1 -1 -1 -1 -1 -1 -1 -1 -1 29 -1 28 -1 27 -1 26 -1 -1 18 -1 -1 25 -1 -1 -1 -1 -1 -1 -1 -1 -1 -1 24 23 22 21 20 19 -1 17 16 
0 1 2 3 4 5 -1 7 8 -1 -1 -1 -1 -1 -1 -1 -1 -1 -1 9 -1 -1 6 -1 -1 10 -1 11 -1 12 -1 13 -1 -1 -1 15 -1 -1 -1 -1 -1 -1 14 -1 -1 -1 -1 30 -1 -1 -1 -1 -1 -1 -1 -1 -1 -1 29 -1 28 -1 27 -1 26 23 -1 18 -1 -1 25 -1 -1 -1 -1 -1 -1 -1 -1 -1 -1 24 -1 22 21 20 19 -1 17 16 
0 -1 2 3 4 5 -1 7 8 -1 -1 -1 -1 -1 -1 -1 -1 -1 1 9 -1 -1 6 -1 -1 10 -1 11 -1 12 -1 13 -1 -1 -1 15 -1 -1 -1 -1 -1 -1 14 -1 -1 -1 -1 30 -1 -1 -1 -1 -1 -1 -1 -1 -1 -1 29 -1 28 -1 27 -1 26 23 -1 18 -1 -1 25 -1 -1 -1 -1 -1 -1 -1 -1 -1 -1 24 -1 22 21 20 19 -1 17 16 
0 -1 2 3 4 5 -1 7 8 -1 -1 -1 -1 -1 -1 -1 -1 -1 1 9 -1 -1 6 -1 -1 10 -1 11 -1 12 -1 13 -1 -1 -1 15 -1 -1 -1 -1 -1 -1 14 -1 -1 -1 -1 30 -1 -1 -1 -1 -1 -1 -1 -1 -1 -1 29 -1 28 -1 27 -1 26 23 -1 18 -1 -1 25 -1 24 -1 -1 -1 -1 -1 -1 -1 -1 -1 -1 22 21 20 19 -1 17 16 
-1 -1 2 3 4 5 -1 7 8 0 -1 -1 -1 -1 -1 -1 -1 -1 1 9 -1 -1 6 -1 -1 10 -1 11 -1 12 -1 13 -1 -1 -1 15 -1 -1 -1 -1 -1 -1 14 -1 -1 -1 -1 30 -1 -1 -1 -1 -1 -1 -1 -1 -1 -1 29 -1 28 -1 27 -1 26 23 -1 18 -1 -1 25 -1 24 -1 -1 -1 -1 -1 -1 -1 -1 -1 -1 22 21 20 19 -1 17 16 
-1 -1 2 3 4 5 -1 7 8 0 -1 -1 -1 -1 -1 -1 -1 -1 1 9 -1 -1 6 -1 -1 10 -1 11 -1 12 -1 13 -1 -1 -1 15 -1 -1 -1 -1 -1 -1 14 -1 -1 -1 -1 30 -1 -1 -1 -1 -1 -1 -1 -1 -1 -1 29 -1 28 -1 27 -1 26 23 -1 18 -1 -1 25 -1 -1 -1 -1 -1 -1 24 -1 -1 -1 -1 -1 22 21 20 19 -1 17 16 
-1 -1 2 3 4 5 -1 -1 8 0 -1 -1 -1 -1 -1 -1 -1 -1 1 9 -1 -1 6 -1 7 10 -1 11 -1 12 -1 13 -1 -1 -1 15 -1 -1 -1 -1 -1 -1 14 -1 -1 -1 -1 30 -1 -1 -1 -1 -1 -1 -1 -1 -1 -1 29 -1 28 -1 27 -1 26 23 -1 18 -1 -1 25 -1 -1 -1 -1 -1 -1 24 -1 -1 -1 -1 -1 22 21 20 19 -1 17 16 
-1 -1 2 3 4 5 -1 -1 8 0 -1 -1 -1 -1 -1 -1 -1 -1 1 9 -1 -1 6 -1 7 10 -1 11 -1 12 -1 13 -1 -1 -1 15 -1 -1 -1 -1 -1 -1 14 -1 -1 -1 -1 30 -1 -1 24 -1 -1 -1 -1 -1 -1 -1 29 -1 28 -1 27 -1 26 23 -1 18 -1 -1 25 -1 -1 -1 -1 -1 -1 -1 -1 -1 -1 -1 -1 22 21 20 19 -1 17 16 
-1 -1 2 3 4 5 -1 -1 8 0 -1 -1 -1 -1 -1 -1 -1 -1 1 9 -1 -1 6 -1 7 -1 10 11 -1 12 -1 13 -1 -1 -1 15 -1 -1 -1 -1 -1 -1 14 -1 -1 -1 -1 30 -1 -1 24 -1 -1 -1 -1 -1 -1 -1 29 -1 28 -1 27 -1 26 23 -1 18 -1 -1 25 -1 -1 -1 -1 -1 -1 -1 -1 -1 -1 -1 -1 22 21 20 19 -1 17 16 
-1 -1 2 3 4 5 -1 -1 8 0 -1 -1 -1 -1 -1 -1 -1 -1 1 9 -1 -1 6 -1 7 -1 10 11 -1 12 -1 13 -1 -1 -1 15 -1 -1 -1 -1 -1 -1 14 -1 -1 -1 -1 30 -1 -1 24 -1 -1 -1 -1 -1 -1 -1 29 -1 28 -1 27 -1 26 23 -1 18 -1 25 -1 -1 -1 -1 -1 -1 -1 -1 -1 -1 -1 -1 -1 22 21 20 19 -1 17 16 
-1 -1 2 3 4 5 -1 8 -1 0 -1 -1 -1 -1 -1 -1 -1 -1 1 9 -1 -1 6 -1 7 -1 10 11 -1 12 -1 13 -1 -1 -1 15 -1 -1 -1 -1 -1 -1 14 -1 -1 -1 -1 30 -1 -1 24 -1 -1 -1 -1 -1 -1 -1 29 -1 28 -1 27 -1 26 23 -1 18 -1 25 -1 -1 -1 -1 -1 -1 -1 -1 -1 -1 -1 -1 -1 22 21 20 19 -1 17 16 
-1 -1 2 3 4 5 -1 8 -1 0 -1 -1 -1 -1 -1 -1 -1 -1 1 9 -1 -1 6 -1 7 -1 10 11 -1 12 -1 13 -1 -1 -1 15 -1 -1 -1 -1 -1 -1 14 -1 -1 -1 -1 30 -1 -1 24 -1 -1 -1 -1 -1 -1 -1 29 -1 28 -1 27 -1 26 23 -1 18 -1 25 -1 -1 -1 -1 -1 -1 -1 17 -1 -1 -1 -1 -1 22 21 20 19 -1 -1 16 
-1 -1 2 3 4 5 -1 8 -1 -1 -1 -1 0 -1 -1 -1 -1 -1 1 9 -1 -1 6 -1 7 -1 10 11 -1 12 -1 13 -1 -1 -1 15 -1 -1 -1 -1 -1 -1 14 -1 -1 -1 -1 30 -1 -1 24 -1 -1 -1 -1 -1 -1 -1 29 -1 28 -1 27 -1 26 23 -1 18 -1 25 -1 -1 -1 -1 -1 -1 -1 17 -1 -1 -1 -1 -1 22 21 20 19 -1 -1 16 
-1 -1 2 3 4 5 -1 8 -1 -1 -1 -1 0 -1 -1 -1 -1 -1 1 9 -1 -1 6 -1 7 -1 10 11 -1 12 -1 13 -1 -1 -1 15 -1 -1 -1 -1 -1 -1 14 -1 -1 -1 -1 30 -1 -1 24 28 -1 -1 -1 -1 -1 -1 29 -1 -1 -1 27 -1 26 23 -1 18 -1 25 -1 -1 -1 -1 -1 -1 -1 17 -1 -1 -1 -1 -1 22 21 20 19 -1 -1 16 
-1 -1 2 3 4 5 -1 8 -1 -1 -1 -1 0 -1 -1 -1 -1 -1 1 9 -1 -1 6 -1 7 -1 10 11 -1 12 -1 13 -1 -1 -1 15 -1 -1 -1 -1 -1 -1 -1 -1 -1 -1 -1 30 -1 -1 24 14 -1 -1 -1 -1 -1 -1 29 -1 -1 -1 27 -1 26 23 -1 18 -1 25 -1 -1 -1 -1 -1 -1 -1 17 -1 -1 -1 -1 -1 22 21 20 19 -1 -1 16 
-1 -1 2 3 4 5 -1 8 -1 -1 -1 -1 0 -1 -1 -1 -1 -1 1 9 -1 -1 6 -1 7 -1 10 11 -1 12 -1 13 -1 -1 -1 15 -1 -1 -1 -1 -1 -1 -1 -1 -1 -1 -1 30 -1 -1 -1 24 -1 -1 -1 -1 -1 -1 29 -1 -1 -1 27 -1 26 23 -1 18 -1 25 -1 -1 -1 -1 -1 -1 -1 17 -1 -1 -1 -1 -1 22 21 20 19 -1 -1 16 
-1 -1 2 3 4 5 -1 8 -1 -1 -1 -1 0 -1 -1 -1 -1 -1 1 9 -1 -1 6 -1 -1 -1 10 11 -1 12 -1 13 -1 -1 -1 15 -1 -1 -1 -1 -1 7 -1 -1 -1 -1 -1 30 -1 -1 -1 24 -1 -1 -1 -1 -1 -1 29 -1 -1 -1 27 -1 26 23 -1 18 -1 25 -1 -1 -1 -1 -1 -1 -1 17 -1 -1 -1 -1 -1 22 21 20 19 -1 -1 16 
-1 -1 2 3 4 5 -1 8 -1 -1 -1 -1 0 -1 -1 -1 -1 -1 1 9 -1 -1 6 -1 -1 -1 10 11 26 12 -1 13 -1 -1 -1 15 -1 -1 -1 -1 -1 7 -1 -1 -1 -1 -1 30 -1 -1 -1 24 -1 -1 -1 -1 -1 -1 29 -1 -1 -1 27 -1 -1 23 -1 18 -1 25 -1 -1 -1 -1 -1 -1 -1 17 -1 -1 -1 -1 -1 22 21 20 19 -1 -1 16 
-1 -1 2 3 4 -1 -1 8 -1 -1 -1 -1 0 5 -1 -1 -1 -1 1 9 -1 -1 6 -1 -1 -1 10 11 26 12 -1 13 -1 -1 -1 15 -1 -1 -1 -1 -1 7 -1 -1 -1 -1 -1 30 -1 -1 -1 24 -1 -1 -1 -1 -1 -1 29 -1 -1 -1 27 -1 -1 23 -1 18 -1 25 -1 -1 -1 -1 -1 -1 -1 17 -1 -1 -1 -1 -1 22 21 20 19 -1 -1 16 
-1 -1 2 3 4 -1 -1 8 -1 -1 -1 -1 0 5 -1 -1 -1 -1 1 9 -1 -1 6 -1 -1 -1 10 11 26 12 -1 13 -1 -1 -1 15 -1 -1 -1 -1 -1 7 -1 -1 -1 -1 -1 30 -1 -1 -1 24 -1 -1 -1 -1 -1 -1 29 -1 -1 -1 27 -1 -1 23 -1 18 -1 25 -1 -1 -1 -1 -1 -1 -1 17 -1 -1 -1 -1 -1 22 21 20 19 -1 16 -1 
-1 -1 2 3 4 -1 -1 -1 -1 -1 -1 -1 0 5 -1 -1 -1 -1 1 9 -1 -1 6 -1 -1 -1 10 11 26 12 -1 13 -1 -1 -1 15 -1 -1 -1 -1 -1 7 -1 -1 -1 -1 -1 30 -1 -1 -1 24 -1 -1 -1 -1 -1 -1 29 -1 -1 -1 27 -1 -1 23 -1 18 -1 25 -1 -1 -1 -1 -1 -1 -1 17 -1 -1 -1 -1 -1 22 21 20 19 -1 8 -1 
-1 -1 2 3 4 -1 -1 -1 -1 -1 -1 -1 0 5 -1 -1 -1 -1 1 9 -1 -1 6 -1 -1 -1 10 11 26 12 -1 13 -1 -1 -1 15 -1 -1 -1 -1 -1 7 -1 -1 -1 -1 -1 30 -1 -1 -1 24 -1 -1 -1 -1 -1 -1 29 -1 -1 -1 27 -1 -1 23 -1 18 -1 25 -1 -1 -1 -1 -1 -1 -1 -1 -1 -1 -1 -1 -1 22 21 20 19 -1 17 -1 
-1 -1 2 3 4 -1 -1 -1 -1 -1 -1 -1 0 5 -1 -1 -1 -1 1 9 -1 -1 6 -1 -1 -1 10 11 26 12 -1 -1 -1 -1 -1 15 -1 -1 -1 -1 13 7 -1 -1 -1 -1 -1 30 -1 -1 -1 24 -1 -1 -1 -1 -1 -1 29 -1 -1 -1 27 -1 -1 23 -1 18 -1 25 -1 -1 -1 -1 -1 -1 -1 -1 -1 -1 -1 -1 -1 22 21 20 19 -1 17 -1 
-1 -1 2 3 4 -1 -1 -1 -1 -1 -1 -1 0 5 -1 -1 -1 -1 1 9 -1 -1 6 -1 -1 -1 10 11 26 12 -1 -1 -1 -1 -1 15 -1 -1 -1 -1 13 7 -1 -1 -1 -1 -1 30 -1 -1 -1 24 -1 -1 -1 -1 -1 -1 29 -1 -1 -1 27 -1 -1 23 -1 18 -1 -1 25 -1 -1 -1 -1 -1 -1 -1 -1 -1 -1 -1 -1 22 21 20 19 -1 17 -1 
-1 -1 2 3 4 -1 -1 -1 -1 -1 -1 -1 -1 5 -1 -1 -1 -1 1 9 -1 -1 6 -1 -1 -1 10 11 26 12 -1 -1 -1 -1 -1 15 -1 -1 -1 -1 13 7 -1 -1 -1 -1 -1 30 -1 -1 -1 24 -1 -1 -1 -1 -1 -1 29 -1 -1 -1 27 -1 -1 23 -1 18 -1 -1 25 -1 -1 -1 -1 0 -1 -1 -1 -1 -1 -1 -1 22 21 20 19 -1 17 -1 
-1 -1 2 3 4 -1 -1 -1 -1 -1 -1 -1 -1 5 -1 -1 -1 -1 1 9 -1 -1 6 -1 -1 -1 10 11 26 12 -1 -1 -1 -1 -1 15 -1 -1 -1 -1 13 7 -1 -1 -1 -1 -1 30 -1 -1 -1 24 -1 -1 -1 -1 -1 -1 29 -1 -1 -1 27 -1 -1 23 -1 18 -1 -1 25 -1 -1 -1 -1 0 19 -1 -1 -1 -1 -1 -1 22 21 20 -1 -1 17 -1 
-1 -1 2 3 4 -1 -1 -1 -1 -1 -1 -1 -1 5 -1 -1 -1 -1 1 9 -1 -1 6 -1 -1 -1 10 11 26 12 -1 -1 -1 -1 -1 -1 -1 -1 -1 -1 13 7 -1 -1 15 -1 -1 30 -1 -1 -1 24 -1 -1 -1 -1 -1 -1 29 -1 -1 -1 27 -1 -1 23 -1 18 -1 -1 25 -1 -1 -1 -1 0 19 -1 -1 -1 -1 -1 -1 22 21 20 -1 -1 17 -1 
-1 -1 2 3 4 -1 -1 -1 -1 -1 -1 -1 -1 5 -1 -1 -1 -1 1 9 -1 -1 6 -1 -1 -1 10 11 26 12 -1 -1 -1 -1 -1 -1 -1 -1 -1 -1 13 7 -1 -1 15 -1 -1 30 -1 -1 -1 24 -1 -1 -1 -1 -1 -1 29 -1 -1 -1 27 -1 -1 23 -1 18 -1 17 25 -1 -1 -1 -1 0 19 -1 -1 -1 -1 -1 -1 22 21 20 -1 -1 -1 -1 
-1 -1 2 3 4 -1 -1 -1 -1 -1 -1 -1 -1 5 -1 -1 -1 -1 1 9 -1 -1 6 -1 -1 -1 10 11 26 12 -1 -1 -1 -1 -1 -1 -1 -1 -1 -1 13 7 -1 -1 15 -1 -1 30 -1 -1 -1 24 -1 -1 -1 -1 -1 -1 29 -1 -1 -1 27 -1 -1 23 -1 18 -1 17 25 -1 -1 0 -1 -1 19 -1 -1 -1 -1 -1 -1 22 21 20 -1 -1 -1 -1 
-1 -1 2 3 4 -1 -1 -1 -1 -1 -1 -1 -1 5 -1 -1 -1 -1 1 9 -1 -1 6 -1 -1 -1 10 11 -1 12 -1 -1 -1 -1 -1 -1 -1 -1 -1 -1 13 7 -1 -1 15 -1 26 30 -1 -1 -1 24 -1 -1 -1 -1 -1 -1 29 -1 -1 -1 27 -1 -1 23 -1 18 -1 17 25 -1 -1 0 -1 -1 19 -1 -1 -1 -1 -1 -1 22 21 20 -1 -1 -1 -1 
-1 -1 2 3 4 -1 -1 -1 -1 -1 -1 -1 -1 5 -1 -1 -1 -1 1 9 -1 -1 6 -1 -1 -1 10 11 -1 12 -1 -1 -1 -1 7 -1 -1 -1 -1 -1 13 -1 -1 -1 15 -1 26 30 -1 -1 -1 24 -1 -1 -1 -1 -1 -1 29 -1 -1 -1 27 -1 -1 23 -1 18 -1 17 25 -1 -1 0 -1 -1 19 -1 -1 -1 -1 -1 -1 22 21 20 -1 -1 -1 -1 
-1 -1 2 3 4 -1 -1 -1 -1 -1 -1 -1 -1 5 -1 -1 -1 -1 1 9 -1 -1 6 -1 -1 -1 10 11 -1 12 -1 -1 -1 -1 7 -1 -1 -1 -1 -1 13 -1 -1 -1 15 -1 26 30 -1 -1 -1 -1 24 -1 -1 -1 -1 -1 29 -1 -1 -1 27 -1 -1 23 -1 18 -1 17 25 -1 -1 0 -1 -1 19 -1 -1 -1 -1 -1 -1 22 21 20 -1 -1 -1 -1 
-1 -1 2 3 4 -1 -1 -1 -1 -1 -1 -1 -1 5 -1 -1 -1 -1 1 9 -1 -1 6 7 -1 -1 10 11 -1 12 -1 -1 -1 -1 -1 -1 -1 -1 -1 -1 13 -1 -1 -1 15 -1 26 30 -1 -1 -1 -1 24 -1 -1 -1 -1 -1 29 -1 -1 -1 27 -1 -1 23 -1 18 -1 17 25 -1 -1 0 -1 -1 19 -1 -1 -1 -1 -1 -1 22 21 20 -1 -1 -1 -1 
-1 -1 2 3 4 -1 -1 -1 -1 -1 -1 -1 -1 5 -1 -1 -1 -1 1 9 -1 -1 6 7 -1 -1 10 11 -1 12 -1 -1 -1 -1 -1 -1 -1 -1 -1 -1 13 -1 -1 -1 15 -1 26 30 -1 -1 17 -1 24 -1 -1 -1 -1 -1 29 -1 -1 -1 27 -1 -1 23 -1 18 -1 -1 25 -1 -1 0 -1 -1 19 -1 -1 -1 -1 -1 -1 22 21 20 -1 -1 -1 -1 
-1 -1 2 3 4 -1 -1 -1 -1 -1 -1 -1 -1 5 -1 -1 -1 -1 1 9 -1 -1 6 -1 -1 -1 10 11 -1 12 -1 -1 -1 -1 -1 -1 -1 -1 -1 -1 13 -1 7 -1 15 -1 26 30 -1 -1 17 -1 24 -1 -1 -1 -1 -1 29 -1 -1 -1 27 -1 -1 23 -1 18 -1 -1 25 -1 -1 0 -1 -1 19 -1 -1 -1 -1 -1 -1 22 21 20 -1 -1 -1 -1 
-1 -1 2 3 4 -1 -1 -1 -1 -1 -1 -1 -1 5 -1 -1 -1 -1 1 9 -1 -1 6 -1 -1 -1 10 11 -1 12 -1 -1 -1 -1 -1 -1 -1 -1 -1 -1 13 -1 7 -1 15 -1 26 30 -1 -1 17 -1 24 -1 -1 -1 -1 -1 29 -1 -1 -1 27 -1 -1 23 -1 18 25 -1 -1 -1 -1 0 -1 -1 19 -1 -1 -1 -1 -1 -1 22 21 20 -1 -1 -1 -1 
-1 -1 2 3 4 5 -1 -1 -1 -1 -1 -1 -1 -1 -1 -1 -1 -1 1 9 -1 -1 6 -1 -1 -1 10 11 -1 12 -1 -1 -1 -1 -1 -1 -1 -1 -1 -1 13 -1 7 -1 15 -1 26 30 -1 -1 17 -1 24 -1 -1 -1 -1 -1 29 -1 -1 -1 27 -1 -1 23 -1 18 25 -1 -1 -1 -1 0 -1 -1 19 -1 -1 -1 -1 -1 -1 22 21 20 -1 -1 -1 -1 
-1 -1 2 3 4 5 -1 -1 -1 -1 -1 -1 -1 -1 -1 -1 -1 -1 1 9 -1 -1 6 -1 -1 -1 10 11 -1 12 -1 -1 -1 17 -1 -1 -1 -1 -1 -1 13 -1 7 -1 15 -1 26 30 -1 -1 -1 -1 24 -1 -1 -1 -1 -1 29 -1 -1 -1 27 -1 -1 23 -1 18 25 -1 -1 -1 -1 0 -1 -1 19 -1 -1 -1 -1 -1 -1 22 21 20 -1 -1 -1 -1 
-1 -1 2 -1 4 5 -1 -1 -1 -1 -1 -1 -1 3 -1 -1 -1 -1 1 9 -1 -1 6 -1 -1 -1 10 11 -1 12 -1 -1 -1 17 -1 -1 -1 -1 -1 -1 13 -1 7 -1 15 -1 26 30 -1 -1 -1 -1 24 -1 -1 -1 -1 -1 29 -1 -1 -1 27 -1 -1 23 -1 18 25 -1 -1 -1 -1 0 -1 -1 19 -1 -1 -1 -1 -1 -1 22 21 20 -1 -1 -1 -1 
-1 -1 2 -1 4 5 -1 -1 -1 -1 -1 -1 -1 3 -1 -1 -1 -1 1 9 -1 -1 6 -1 -1 -1 10 11 -1 12 -1 -1 -1 17 -1 -1 -1 -1 -1 -1 13 -1 7 -1 15 31 26 30 -1 -1 -1 -1 24 -1 -1 -1 -1 -1 29 -1 -1 -1 27 -1 -1 23 -1 18 25 -1 -1 -1 -1 0 -1 -1 19 -1 -1 -1 -1 -1 -1 22 21 20 -1 -1 -1 -1 
-1 -1 2 -1 4 5 -1 -1 -1 -1 -1 -1 -1 3 -1 -1 -1 -1 1 9 -1 -1 6 -1 -1 -1 -1 11 -1 12 -1 -1 -1 17 -1 -1 -1 -1 -1 -1 13 -1 7 -1 15 31 26 30 -1 -1 -1 -1 24 -1 -1 -1 -1 -1 29 -1 -1 -1 10 -1 -1 23 -1 18 25 -1 -1 -1 -1 0 -1 -1 19 -1 -1 -1 -1 -1 -1 22 21 20 -1 -1 -1 -1 
-1 -1 2 -1 4 5 -1 -1 -1 -1 -1 -1 -1 3 -1 -1 -1 -1 1 9 -1 -1 6 -1 -1 -1 -1 11 -1 12 -1 -1 -1 -1 -1 -1 -1 -1 -1 -1 17 -1 7 -1 15 31 26 30 -1 -1 -1 -1 24 -1 -1 -1 -1 -1 29 -1 -1 -1 10 -1 -1 23 -1 18 25 -1 -1 -1 -1 0 -1 -1 19 -1 -1 -1 -1 -1 -1 22 21 20 -1 -1 -1 -1 
-1 -1 2 -1 4 5 -1 -1 -1 -1 -1 -1 -1 3 -1 -1 -1 -1 1 -1 9 -1 6 -1 -1 -1 -1 11 -1 12 -1 -1 -1 -1 -1 -1 -1 -1 -1 -1 17 -1 7 -1 15 31 26 30 -1 -1 -1 -1 24 -1 -1 -1 -1 -1 29 -1 -1 -1 10 -1 -1 23 -1 18 25 -1 -1 -1 -1 0 -1 -1 19 -1 -1 -1 -1 -1 -1 22 21 20 -1 -1 -1 -1 
-1 -1 2 -1 4 5 -1 -1 -1 -1 -1 -1 -1 3 -1 -1 -1 -1 1 -1 9 -1 6 -1 -1 -1 -1 11 -1 12 -1 -1 -1 -1 -1 -1 -1 -1 -1 -1 17 25 7 -1 15 31 26 30 -1 -1 -1 -1 24 -1 -1 -1 -1 -1 29 -1 -1 -1 10 -1 -1 23 -1 18 -1 -1 -1 -1 -1 0 -1 -1 19 -1 -1 -1 -1 -1 -1 22 21 20 -1 -1 -1 -1 
-1 -1 2 -1 4 5 -1 -1 -1 -1 -1 -1 -1 3 -1 -1 -1 -1 1 -1 9 -1 6 -1 -1 -1 -1 11 -1 12 -1 -1 -1 -1 -1 -1 -1 -1 -1 -1 17 25 7 -1 15 31 26 30 -1 -1 -1 -1 24 -1 -1 -1 -1 -1 29 -1 -1 -1 10 -1 0 23 -1 18 -1 -1 -1 -1 -1 -1 -1 -1 19 -1 -1 -1 -1 -1 -1 22 21 20 -1 -1 -1 -1 
-1 -1 2 -1 4 5 -1 -1 -1 -1 -1 -1 -1 3 -1 -1 -1 -1 1 -1 9 -1 6 -1 -1 -1 -1 11 -1 12 -1 -1 -1 -1 -1 -1 -1 -1 30 -1 17 25 7 -1 15 31 26 -1 -1 -1 -1 -1 24 -1 -1 -1 -1 -1 29 -1 -1 -1 10 -1 0 23 -1 18 -1 -1 -1 -1 -1 -1 -1 -1 19 -1 -1 -1 -1 -1 -1 22 21 20 -1 -1 -1 -1 
-1 -1 2 -1 4 5 -1 -1 -1 -1 -1 -1 -1 3 -1 -1 -1 -1 1 -1 9 -1 6 7 -1 -1 -1 11 -1 12 -1 -1 -1 -1 -1 -1 -1 -1 30 -1 17 25 -1 -1 15 31 26 -1 -1 -1 -1 -1 24 -1 -1 -1 -1 -1 29 -1 -1 -1 10 -1 0 23 -1 18 -1 -1 -1 -1 -1 -1 -1 -1 19 -1 -1 -1 -1 -1 -1 22 21 20 -1 -1 -1 -1 
-1 -1 2 -1 4 5 -1 -1 -1 -1 -1 -1 -1 3 -1 -1 -1 -1 1 -1 9 -1 6 7 -1 -1 -1 11 -1 12 -1 -1 25 -1 -1 -1 -1 -1 30 -1 17 -1 -1 -1 15 31 26 -1 -1 -1 -1 -1 24 -1 -1 -1 -1 -1 29 -1 -1 -1 10 -1 0 23 -1 18 -1 -1 -1 -1 -1 -1 -1 -1 19 -1 -1 -1 -1 -1 -1 22 21 20 -1 -1 -1 -1 
-1 -1 2 -1 4 5 -1 -1 -1 -1 -1 -1 -1 3 -1 -1 -1 -1 1 -1 9 -1 6 7 -1 -1 -1 11 -1 12 -1 -1 25 -1 -1 -1 -1 -1 30 -1 17 -1 -1 -1 15 31 26 -1 -1 -1 -1 -1 24 -1 -1 -1 -1 -1 29 -1 -1 -1 10 -1 -1 0 -1 18 -1 -1 -1 -1 -1 -1 -1 -1 19 -1 -1 -1 -1 -1 -1 22 21 20 -1 -1 -1 -1 
-1 -1 2 -1 4 5 -1 -1 -1 -1 -1 -1 -1 3 -1 -1 -1 -1 1 -1 9 -1 6 7 -1 -1 -1 11 -1 12 -1 -1 25 -1 -1 -1 -1 -1 30 -1 17 -1 -1 -1 15 31 -1 -1 -1 26 -1 -1 24 -1 -1 -1 -1 -1 29 -1 -1 -1 10 -1 -1 0 -1 18 -1 -1 -1 -1 -1 -1 -1 -1 19 -1 -1 -1 -1 -1 -1 22 21 20 -1 -1 -1 -1 
-1 -1 2 4 -1 5 -1 -1 -1 -1 -1 -1 -1 3 -1 -1 -1 -1 1 -1 9 -1 6 7 -1 -1 -1 11 -1 12 -1 -1 25 -1 -1 -1 -1 -1 30 -1 17 -1 -1 -1 15 31 -1 -1 -1 26 -1 -1 24 -1 -1 -1 -1 -1 29 -1 -1 -1 10 -1 -1 0 -1 18 -1 -1 -1 -1 -1 -1 -1 -1 19 -1 -1 -1 -1 -1 -1 22 21 20 -1 -1 -1 -1 
-1 -1 2 4 -1 5 -1 -1 -1 -1 -1 -1 -1 3 -1 -1 -1 -1 1 -1 9 -1 6 7 -1 -1 -1 11 -1 12 -1 -1 25 -1 -1 -1 -1 -1 -1 30 17 -1 -1 -1 15 31 -1 -1 -1 26 -1 -1 24 -1 -1 -1 -1 -1 29 -1 -1 -1 10 -1 -1 0 -1 18 -1 -1 -1 -1 -1 -1 -1 -1 19 -1 -1 -1 -1 -1 -1 22 21 20 -1 -1 -1 -1 
-1 -1 2 4 -1 5 -1 -1 -1 -1 -1 -1 -1 3 -1 -1 -1 -1 1 -1 9 -1 6 7 -1 -1 -1 11 -1 12 -1 -1 25 -1 -1 -1 -1 -1 -1 30 17 -1 -1 -1 15 31 -1 -1 -1 26 -1 -1 24 10 -1 -1 -1 -1 29 -1 -1 -1 -1 -1 -1 0 -1 18 -1 -1 -1 -1 -1 -1 -1 -1 19 -1 -1 -1 -1 -1 -1 22 21 20 -1 -1 -1 -1 
-1 -1 2 4 -1 5 -1 -1 -1 -1 -1 -1 -1 3 -1 -1 -1 -1 1 -1 9 -1 6 7 -1 -1 -1 11 -1 12 -1 -1 25 -1 -1 -1 -1 -1 -1 30 17 -1 -1 16 15 31 -1 -1 -1 26 -1 -1 24 10 -1 -1 -1 -1 29 -1 -1 -1 -1 -1 -1 0 -1 18 -1 -1 -1 -1 -1 -1 -1 -1 19 -1 -1 -1 -1 -1 -1 22 21 20 -1 -1 -1 -1 
-1 -1 2 4 -1 5 -1 -1 -1 -1 -1 -1 -1 3 -1 -1 -1 -1 1 -1 9 -1 6 7 -1 -1 -1 11 -1 12 -1 -1 25 -1 -1 -1 -1 -1 -1 30 17 -1 -1 16 15 31 -1 -1 -1 26 -1 -1 24 10 -1 -1 -1 -1 29 -1 -1 -1 -1 -1 -1 -1 -1 18 -1 -1 -1 -1 -1 -1 0 -1 19 -1 -1 -1 -1 -1 -1 22 21 20 -1 -1 -1 -1 
-1 -1 2 4 -1 5 -1 -1 -1 -1 -1 -1 -1 3 -1 -1 -1 -1 1 -1 9 -1 6 7 -1 -1 -1 11 -1 12 -1 -1 25 -1 -1 -1 -1 -1 -1 30 17 -1 -1 16 15 31 -1 -1 26 -1 -1 -1 24 10 -1 -1 -1 -1 29 -1 -1 -1 -1 -1 -1 -1 -1 18 -1 -1 -1 -1 -1 -1 0 -1 19 -1 -1 -1 -1 -1 -1 22 21 20 -1 -1 -1 -1 
-1 -1 2 -1 4 5 -1 -1 -1 -1 -1 -1 -1 3 -1 -1 -1 -1 1 -1 9 -1 6 7 -1 -1 -1 11 -1 12 -1 -1 25 -1 -1 -1 -1 -1 -1 30 17 -1 -1 16 15 31 -1 -1 26 -1 -1 -1 24 10 -1 -1 -1 -1 29 -1 -1 -1 -1 -1 -1 -1 -1 18 -1 -1 -1 -1 -1 -1 0 -1 19 -1 -1 -1 -1 -1 -1 22 21 20 -1 -1 -1 -1 
-1 -1 2 -1 4 5 -1 -1 -1 -1 -1 -1 -1 3 -1 -1 -1 -1 1 -1 9 17 6 7 -1 -1 -1 11 -1 12 -1 -1 25 -1 -1 -1 -1 -1 -1 30 -1 -1 -1 16 15 31 -1 -1 26 -1 -1 -1 24 10 -1 -1 -1 -1 29 -1 -1 -1 -1 -1 -1 -1 -1 18 -1 -1 -1 -1 -1 -1 0 -1 19 -1 -1 -1 -1 -1 -1 22 21 20 -1 -1 -1 -1 
-1 -1 2 -1 4 5 -1 -1 -1 -1 -1 -1 -1 -1 -1 -1 -1 -1 1 -1 9 3 6 7 -1 -1 -1 11 -1 12 -1 -1 25 -1 -1 -1 -1 -1 -1 30 -1 -1 -1 16 15 31 -1 -1 26 -1 -1 -1 24 10 -1 -1 -1 -1 29 -1 -1 -1 -1 -1 -1 -1 -1 18 -1 -1 -1 -1 -1 -1 0 -1 19 -1 -1 -1 -1 -1 -1 22 21 20 -1 -1 -1 -1 
-1 -1 2 -1 4 5 -1 -1 -1 -1 -1 -1 -1 -1 -1 -1 -1 -1 1 -1 9 3 6 7 -1 -1 -1 11 -1 12 -1 -1 25 -1 -1 -1 -1 -1 -1 30 -1 16 -1 -1 15 31 -1 -1 26 -1 -1 -1 24 10 -1 -1 -1 -1 29 -1 -1 -1 -1 -1 -1 -1 -1 18 -1 -1 -1 -1 -1 -1 0 -1 19 -1 -1 -1 -1 -1 -1 22 21 20 -1 -1 -1 -1 
-1 -1 2 -1 -1 5 -1 -1 -1 -1 -1 -1 -1 4 -1 -1 -1 -1 1 -1 9 3 6 7 -1 -1 -1 11 -1 12 -1 -1 25 -1 -1 -1 -1 -1 -1 30 -1 16 -1 -1 15 31 -1 -1 26 -1 -1 -1 24 10 -1 -1 -1 -1 29 -1 -1 -1 -1 -1 -1 -1 -1 18 -1 -1 -1 -1 -1 -1 0 -1 19 -1 -1 -1 -1 -1 -1 22 21 20 -1 -1 -1 -1 
-1 -1 2 -1 -1 5 -1 -1 -1 -1 -1 -1 -1 4 -1 -1 -1 -1 1 -1 9 3 6 7 -1 -1 -1 11 -1 12 -1 -1 25 -1 -1 -1 -1 -1 -1 30 -1 -1 -1 -1 15 31 -1 -1 26 -1 16 -1 24 10 -1 -1 -1 -1 29 -1 -1 -1 -1 -1 -1 -1 -1 18 -1 -1 -1 -1 -1 -1 0 -1 19 -1 -1 -1 -1 -1 -1 22 21 20 -1 -1 -1 -1 
-1 -1 2 -1 4 5 -1 -1 -1 -1 -1 -1 -1 -1 -1 -1 -1 -1 1 -1 9 3 6 7 -1 -1 -1 11 -1 12 -1 -1 25 -1 -1 -1 -1 -1 -1 30 -1 -1 -1 -1 15 31 -1 -1 26 -1 16 -1 24 10 -1 -1 -1 -1 29 -1 -1 -1 -1 -1 -1 -1 -1 18 -1 -1 -1 -1 -1 -1 0 -1 19 -1 -1 -1 -1 -1 -1 22 21 20 -1 -1 -1 -1 
-1 -1 2 -1 4 5 -1 -1 -1 -1 -1 -1 -1 -1 -1 -1 -1 -1 1 -1 9 3 6 7 -1 -1 -1 11 -1 12 -1 -1 25 -1 -1 -1 -1 -1 -1 30 -1 16 -1 -1 15 31 -1 -1 26 -1 -1 -1 24 10 -1 -1 -1 -1 29 -1 -1 -1 -1 -1 -1 -1 -1 18 -1 -1 -1 -1 -1 -1 0 -1 19 -1 -1 -1 -1 -1 -1 22 21 20 -1 -1 -1 -1 
-1 -1 2 -1 -1 5 -1 -1 -1 -1 -1 -1 -1 4 -1 -1 -1 -1 1 -1 9 3 6 7 -1 -1 -1 11 -1 12 -1 -1 25 -1 -1 -1 -1 -1 -1 30 -1 16 -1 -1 15 31 -1 -1 26 -1 -1 -1 24 10 -1 -1 -1 -1 29 -1 -1 -1 -1 -1 -1 -1 -1 18 -1 -1 -1 -1 -1 -1 0 -1 19 -1 -1 -1 -1 -1 -1 22 21 20 -1 -1 -1 -1 
-1 -1 2 -1 -1 5 -1 -1 -1 -1 -1 -1 -1 4 -1 -1 -1 -1 1 -1 9 3 6 7 -1 -1 -1 11 -1 12 -1 -1 25 -1 -1 -1 -1 -1 -1 30 -1 -1 -1 -1 15 31 -1 -1 26 -1 16 -1 24 10 -1 -1 -1 -1 29 -1 -1 -1 -1 -1 -1 -1 -1 18 -1 -1 -1 -1 -1 -1 0 -1 19 -1 -1 -1 -1 -1 -1 22 21 20 -1 -1 -1 -1 
-1 -1 2 -1 4 5 -1 -1 -1 -1 -1 -1 -1 -1 -1 -1 -1 -1 1 -1 9 3 6 7 -1 -1 -1 11 -1 12 -1 -1 25 -1 -1 -1 -1 -1 -1 30 -1 -1 -1 -1 15 31 -1 -1 26 -1 16 -1 24 10 -1 -1 -1 -1 29 -1 -1 -1 -1 -1 -1 -1 -1 18 -1 -1 -1 -1 -1 -1 0 -1 19 -1 -1 -1 -1 -1 -1 22 21 20 -1 -1 -1 -1 
-1 -1 2 -1 4 5 -1 -1 -1 -1 -1 -1 -1 -1 -1 -1 -1 -1 1 -1 9 3 6 7 -1 -1 -1 11 -1 12 -1 -1 25 -1 -1 -1 -1 -1 -1 30 -1 -1 -1 -1 15 31 -1 -1 -1 26 16 -1 24 10 -1 -1 -1 -1 29 -1 -1 -1 -1 -1 -1 -1 -1 18 -1 -1 -1 -1 -1 -1 0 -1 19 -1 -1 -1 -1 -1 -1 22 21 20 -1 -1 -1 -1 
-1 -1 2 -1 4 5 -1 -1 -1 -1 -1 -1 -1 -1 -1 -1 -1 -1 1 -1 9 3 -1 7 -1 -1 -1 11 -1 12 -1 -1 25 -1 -1 -1 -1 -1 6 30 -1 -1 -1 -1 15 31 -1 -1 -1 26 16 -1 24 10 -1 -1 -1 -1 29 -1 -1 -1 -1 -1 -1 -1 -1 18 -1 -1 -1 -1 -1 -1 0 -1 19 -1 -1 -1 -1 -1 -1 22 21 20 -1 -1 -1 -1 
-1 -1 2 -1 4 5 -1 -1 -1 -1 -1 -1 -1 -1 -1 -1 -1 -1 1 -1 9 3 -1 7 -1 -1 -1 11 -1 12 -1 -1 25 -1 -1 -1 -1 -1 6 -1 30 -1 -1 -1 15 31 -1 -1 -1 26 16 -1 24 10 -1 -1 -1 -1 29 -1 -1 -1 -1 -1 -1 -1 -1 18 -1 -1 -1 -1 -1 -1 0 -1 19 -1 -1 -1 -1 -1 -1 22 21 20 -1 -1 -1 -1 
-1 -1 2 4 -1 5 -1 -1 -1 -1 -1 -1 -1 -1 -1 -1 -1 -1 1 -1 9 3 -1 7 -1 -1 -1 11 -1 12 -1 -1 25 -1 -1 -1 -1 -1 6 -1 30 -1 -1 -1 15 31 -1 -1 -1 26 16 -1 24 10 -1 -1 -1 -1 29 -1 -1 -1 -1 -1 -1 -1 -1 18 -1 -1 -1 -1 -1 -1 0 -1 19 -1 -1 -1 -1 -1 -1 22 21 20 -1 -1 -1 -1 
-1 -1 2 4 -1 5 -1 -1 -1 -1 -1 -1 -1 -1 -1 -1 -1 -1 1 -1 9 3 -1 7 -1 -1 -1 11 -1 12 -1 -1 25 -1 -1 -1 -1 -1 6 -1 30 16 -1 -1 15 31 -1 -1 -1 26 -1 -1 24 10 -1 -1 -1 -1 29 -1 -1 -1 -1 -1 -1 -1 -1 18 -1 -1 -1 -1 -1 -1 0 -1 19 -1 -1 -1 -1 -1 -1 22 21 20 -1 -1 -1 -1 
-1 -1 2 -1 -1 5 -1 -1 -1 -1 -1 -1 4 -1 -1 -1 -1 -1 1 -1 9 3 -1 7 -1 -1 -1 11 -1 12 -1 -1 25 -1 -1 -1 -1 -1 6 -1 30 16 -1 -1 15 31 -1 -1 -1 26 -1 -1 24 10 -1 -1 -1 -1 29 -1 -1 -1 -1 -1 -1 -1 -1 18 -1 -1 -1 -1 -1 -1 0 -1 19 -1 -1 -1 -1 -1 -1 22 21 20 -1 -1 -1 -1 
-1 -1 2 -1 -1 5 -1 -1 -1 -1 -1 -1 4 -1 -1 -1 -1 -1 1 -1 9 3 -1 7 -1 -1 -1 11 -1 12 -1 -1 25 -1 -1 -1 -1 -1 6 -1 30 -1 -1 -1 15 31 -1 -1 -1 26 -1 -1 24 10 -1 -1 -1 -1 29 16 -1 -1 -1 -1 -1 -1 -1 18 -1 -1 -1 -1 -1 -1 0 -1 19 -1 -1 -1 -1 -1 -1 22 21 20 -1 -1 -1 -1 
-1 -1 2 -1 -1 5 -1 -1 -1 -1 -1 -1 4 -1 -1 -1 -1 -1 1 -1 9 3 -1 7 -1 -1 -1 11 -1 12 -1 -1 25 -1 -1 -1 -1 -1 6 -1 30 -1 -1 -1 15 31 -1 -1 -1 26 -1 -1 24 10 -1 -1 -1 -1 29 16 -1 -1 -1 -1 -1 -1 -1 18 -1 -1 -1 -1 -1 -1 -1 0 19 -1 -1 -1 -1 -1 -1 22 21 20 -1 -1 -1 -1 
-1 -1 2 -1 -1 5 -1 -1 -1 -1 -1 -1 4 -1 -1 -1 -1 -1 1 -1 9 3 -1 7 -1 -1 -1 11 -1 12 -1 -1 25 -1 -1 -1 -1 -1 6 -1 30 -1 -1 -1 15 31 -1 -1 -1 26 16 -1 24 10 -1 -1 -1 -1 29 -1 -1 -1 -1 -1 -1 -1 -1 18 -1 -1 -1 -1 -1 -1 -1 0 19 -1 -1 -1 -1 -1 -1 22 21 20 -1 -1 -1 -1 
-1 -1 2 -1 -1 5 -1 -1 -1 -1 -1 -1 4 3 -1 -1 -1 -1 1 -1 9 -1 -1 7 -1 -1 -1 11 -1 12 -1 -1 25 -1 -1 -1 -1 -1 6 -1 30 -1 -1 -1 15 31 -1 -1 -1 26 16 -1 24 10 -1 -1 -1 -1 29 -1 -1 -1 -1 -1 -1 -1 -1 18 -1 -1 -1 -1 -1 -1 -1 0 19 -1 -1 -1 -1 -1 -1 22 21 20 -1 -1 -1 -1 
-1 -1 2 -1 -1 5 -1 -1 -1 -1 -1 -1 4 3 -1 -1 -1 -1 1 -1 9 -1 -1 7 -1 -1 -1 11 -1 12 -1 -1 25 -1 -1 -1 -1 -1 6 -1 30 -1 -1 -1 15 31 -1 -1 -1 16 -1 -1 24 10 -1 -1 -1 -1 29 -1 -1 -1 -1 -1 -1 -1 -1 18 -1 -1 -1 -1 -1 -1 -1 0 19 -1 -1 -1 -1 -1 -1 22 21 20 -1 -1 -1 -1 
-1 -1 2 4 -1 5 -1 -1 -1 -1 -1 -1 -1 3 -1 -1 -1 -1 1 -1 9 -1 -1 7 -1 -1 -1 11 -1 12 -1 -1 25 -1 -1 -1 -1 -1 6 -1 30 -1 -1 -1 15 31 -1 -1 -1 16 -1 -1 24 10 -1 -1 -1 -1 29 -1 -1 -1 -1 -1 -1 -1 -1 18 -1 -1 -1 -1 -1 -1 -1 0 19 -1 -1 -1 -1 -1 -1 22 21 20 -1 -1 -1 -1 
-1 -1 2 4 -1 5 -1 -1 -1 -1 -1 -1 -1 3 -1 -1 -1 -1 1 -1 9 -1 -1 7 -1 -1 -1 11 -1 12 -1 -1 25 -1 -1 -1 -1 -1 6 -1 16 -1 -1 -1 15 31 -1 -1 -1 -1 -1 -1 24 10 -1 -1 -1 -1 29 -1 -1 -1 -1 -1 -1 -1 -1 18 -1 -1 -1 -1 -1 -1 -1 0 19 -1 -1 -1 -1 -1 -1 22 21 20 -1 -1 -1 -1 
-1 -1 2 -1 -1 5 -1 -1 -1 -1 -1 -1 4 3 -1 -1 -1 -1 1 -1 9 -1 -1 7 -1 -1 -1 11 -1 12 -1 -1 25 -1 -1 -1 -1 -1 6 -1 16 -1 -1 -1 15 31 -1 -1 -1 -1 -1 -1 24 10 -1 -1 -1 -1 29 -1 -1 -1 -1 -1 -1 -1 -1 18 -1 -1 -1 -1 -1 -1 -1 0 19 -1 -1 -1 -1 -1 -1 22 21 20 -1 -1 -1 -1 
-1 -1 2 -1 -1 5 -1 -1 -1 -1 -1 -1 4 3 -1 -1 -1 -1 1 -1 9 -1 -1 7 -1 -1 -1 11 -1 12 -1 -1 25 -1 -1 -1 -1 -1 6 -1 -1 -1 -1 -1 15 31 -1 -1 -1 16 -1 -1 24 10 -1 -1 -1 -1 29 -1 -1 -1 -1 -1 -1 -1 -1 18 -1 -1 -1 -1 -1 -1 -1 0 19 -1 -1 -1 -1 -1 -1 22 21 20 -1 -1 -1 -1 
-1 -1 2 4 -1 5 -1 -1 -1 -1 -1 -1 -1 3 -1 -1 -1 -1 1 -1 9 -1 -1 7 -1 -1 -1 11 -1 12 -1 -1 25 -1 -1 -1 -1 -1 6 -1 -1 -1 -1 -1 15 31 -1 -1 -1 16 -1 -1 24 10 -1 -1 -1 -1 29 -1 -1 -1 -1 -1 -1 -1 -1 18 -1 -1 -1 -1 -1 -1 -1 0 19 -1 -1 -1 -1 -1 -1 22 21 20 -1 -1 -1 -1 
-1 -1 2 4 -1 5 -1 -1 -1 -1 -1 -1 -1 3 -1 -1 -1 -1 1 -1 9 -1 -1 7 -1 -1 -1 11 -1 12 -1 -1 25 -1 -1 -1 -1 -1 6 -1 16 -1 -1 -1 15 31 -1 -1 -1 -1 -1 -1 24 10 -1 -1 -1 -1 29 -1 -1 -1 -1 -1 -1 -1 -1 18 -1 -1 -1 -1 -1 -1 -1 0 19 -1 -1 -1 -1 -1 -1 22 21 20 -1 -1 -1 -1 
-1 -1 2 -1 -1 5 -1 -1 -1 -1 -1 -1 4 3 -1 -1 -1 -1 1 -1 9 -1 -1 7 -1 -1 -1 11 -1 12 -1 -1 25 -1 -1 -1 -1 -1 6 -1 16 -1 -1 -1 15 31 -1 -1 -1 -1 -1 -1 24 10 -1 -1 -1 -1 29 -1 -1 -1 -1 -1 -1 -1 -1 18 -1 -1 -1 -1 -1 -1 -1 0 19 -1 -1 -1 -1 -1 -1 22 21 20 -1 -1 -1 -1 
-1 -1 2 -1 -1 5 -1 -1 -1 -1 -1 -1 4 3 -1 -1 -1 -1 1 -1 9 -1 -1 7 -1 -1 -1 11 -1 12 -1 -1 25 -1 -1 -1 -1 -1 16 -1 -1 -1 -1 -1 15 31 -1 -1 -1 -1 -1 -1 24 10 -1 -1 -1 -1 29 -1 -1 -1 -1 -1 -1 -1 -1 18 -1 -1 -1 -1 -1 -1 -1 0 19 -1 -1 -1 -1 -1 -1 22 21 20 -1 -1 -1 -1 
-1 -1 2 -1 -1 5 -1 -1 -1 -1 -1 9 4 3 -1 -1 -1 -1 1 -1 -1 -1 -1 7 -1 -1 -1 11 -1 12 -1 -1 25 -1 -1 -1 -1 -1 16 -1 -1 -1 -1 -1 15 31 -1 -1 -1 -1 -1 -1 24 10 -1 -1 -1 -1 29 -1 -1 -1 -1 -1 -1 -1 -1 18 -1 -1 -1 -1 -1 -1 -1 0 19 -1 -1 -1 -1 -1 -1 22 21 20 -1 -1 -1 -1 
-1 -1 2 -1 -1 5 -1 -1 -1 -1 -1 9 4 3 -1 -1 -1 -1 1 -1 -1 -1 -1 25 -1 -1 -1 11 -1 12 -1 -1 -1 -1 -1 -1 -1 -1 16 -1 -1 -1 -1 -1 15 31 -1 -1 -1 -1 -1 -1 24 10 -1 -1 -1 -1 29 -1 -1 -1 -1 -1 -1 -1 -1 18 -1 -1 -1 -1 -1 -1 -1 0 19 -1 -1 -1 -1 -1 -1 22 21 20 -1 -1 -1 -1 
-1 -1 2 -1 -1 5 -1 -1 -1 -1 -1 9 4 3 -1 -1 -1 -1 1 -1 -1 -1 -1 25 -1 -1 -1 11 -1 12 -1 -1 -1 -1 -1 -1 -1 -1 16 -1 -1 -1 -1 -1 15 31 -1 -1 -1 -1 -1 -1 24 10 -1 -1 -1 0 29 -1 -1 -1 -1 -1 -1 -1 -1 18 -1 -1 -1 -1 -1 -1 -1 -1 19 -1 -1 -1 -1 -1 -1 22 21 20 -1 -1 -1 -1 
-1 -1 2 -1 -1 5 -1 -1 -1 -1 -1 9 4 3 -1 -1 -1 -1 1 25 -1 -1 -1 -1 -1 -1 -1 11 -1 12 -1 -1 -1 -1 -1 -1 -1 -1 16 -1 -1 -1 -1 -1 15 31 -1 -1 -1 -1 -1 -1 24 10 -1 -1 -1 0 29 -1 -1 -1 -1 -1 -1 -1 -1 18 -1 -1 -1 -1 -1 -1 -1 -1 19 -1 -1 -1 -1 -1 -1 22 21 20 -1 -1 -1 -1 
-1 -1 2 -1 -1 5 -1 -1 -1 -1 -1 9 4 3 -1 -1 -1 -1 1 25 -1 -1 -1 -1 -1 -1 -1 11 -1 12 -1 -1 -1 -1 -1 -1 -1 -1 16 -1 -1 -1 -1 -1 15 31 -1 -1 -1 -1 -1 -1 24 10 -1 -1 -1 -1 0 -1 -1 -1 -1 -1 -1 -1 -1 18 -1 -1 -1 -1 -1 -1 -1 -1 19 -1 -1 -1 -1 -1 -1 22 21 20 -1 -1 -1 -1 
-1 -1 2 -1 -1 5 -1 -1 -1 -1 -1 9 4 3 -1 -1 -1 -1 1 25 -1 -1 -1 -1 -1 -1 -1 11 -1 12 -1 -1 -1 -1 -1 -1 -1 -1 -1 -1 -1 -1 -1 -1 15 31 -1 16 -1 -1 -1 -1 24 10 -1 -1 -1 -1 0 -1 -1 -1 -1 -1 -1 -1 -1 18 -1 -1 -1 -1 -1 -1 -1 -1 19 -1 -1 -1 -1 -1 -1 22 21 20 -1 -1 -1 -1 
-1 -1 2 4 -1 5 -1 -1 -1 -1 -1 9 -1 3 -1 -1 -1 -1 1 25 -1 -1 -1 -1 -1 -1 -1 11 -1 12 -1 -1 -1 -1 -1 -1 -1 -1 -1 -1 -1 -1 -1 -1 15 31 -1 16 -1 -1 -1 -1 24 10 -1 -1 -1 -1 0 -1 -1 -1 -1 -1 -1 -1 -1 18 -1 -1 -1 -1 -1 -1 -1 -1 19 -1 -1 -1 -1 -1 -1 22 21 20 -1 -1 -1 -1 
-1 -1 2 4 -1 5 -1 -1 -1 -1 -1 9 -1 3 -1 -1 -1 -1 1 25 -1 -1 -1 -1 -1 -1 -1 11 -1 12 -1 -1 -1 -1 -1 -1 -1 -1 16 -1 -1 -1 -1 -1 15 31 -1 -1 -1 -1 -1 -1 24 10 -1 -1 -1 -1 0 -1 -1 -1 -1 -1 -1 -1 -1 18 -1 -1 -1 -1 -1 -1 -1 -1 19 -1 -1 -1 -1 -1 -1 22 21 20 -1 -1 -1 -1 
-1 -1 2 -1 -1 5 -1 -1 -1 -1 -1 9 4 3 -1 -1 -1 -1 1 25 -1 -1 -1 -1 -1 -1 -1 11 -1 12 -1 -1 -1 -1 -1 -1 -1 -1 16 -1 -1 -1 -1 -1 15 31 -1 -1 -1 -1 -1 -1 24 10 -1 -1 -1 -1 0 -1 -1 -1 -1 -1 -1 -1 -1 18 -1 -1 -1 -1 -1 -1 -1 -1 19 -1 -1 -1 -1 -1 -1 22 21 20 -1 -1 -1 -1 
-1 -1 2 -1 -1 5 -1 -1 -1 -1 -1 9 4 3 -1 -1 -1 -1 1 25 -1 -1 -1 -1 -1 -1 -1 11 -1 12 -1 -1 -1 -1 -1 -1 -1 -1 16 -1 -1 -1 -1 -1 15 31 -1 -1 -1 -1 -1 26 24 10 -1 -1 -1 -1 0 -1 -1 -1 -1 -1 -1 -1 -1 18 -1 -1 -1 -1 -1 -1 -1 -1 19 -1 -1 -1 -1 -1 -1 22 21 20 -1 -1 -1 -1 
-1 -1 2 -1 -1 5 -1 -1 -1 -1 -1 9 4 3 -1 -1 -1 -1 1 25 -1 -1 -1 -1 -1 -1 -1 11 -1 12 -1 -1 -1 -1 -1 -1 -1 -1 16 -1 0 -1 -1 -1 15 31 -1 -1 -1 -1 -1 26 24 10 -1 -1 -1 -1 -1 -1 -1 -1 -1 -1 -1 -1 -1 18 -1 -1 -1 -1 -1 -1 -1 -1 19 -1 -1 -1 -1 -1 -1 22 21 20 -1 -1 -1 -1 
-1 -1 2 -1 -1 5 -1 -1 -1 -1 -1 9 4 3 -1 -1 -1 -1 1 25 -1 -1 -1 -1 -1 -1 -1 11 -1 12 -1 -1 -1 -1 -1 -1 -1 -1 -1 -1 0 -1 -1 -1 15 31 -1 16 -1 -1 -1 26 24 10 -1 -1 -1 -1 -1 -1 -1 -1 -1 -1 -1 -1 -1 18 -1 -1 -1 -1 -1 -1 -1 -1 19 -1 -1 -1 -1 -1 -1 22 21 20 -1 -1 -1 -1 
-1 -1 2 4 -1 5 -1 -1 -1 -1 -1 9 -1 3 -1 -1 -1 -1 1 25 -1 -1 -1 -1 -1 -1 -1 11 -1 12 -1 -1 -1 -1 -1 -1 -1 -1 -1 -1 0 -1 -1 -1 15 31 -1 16 -1 -1 -1 26 24 10 -1 -1 -1 -1 -1 -1 -1 -1 -1 -1 -1 -1 -1 18 -1 -1 -1 -1 -1 -1 -1 -1 19 -1 -1 -1 -1 -1 -1 22 21 20 -1 -1 -1 -1 
-1 -1 2 4 -1 5 -1 -1 -1 -1 -1 9 -1 3 -1 -1 -1 -1 1 25 -1 -1 -1 -1 -1 -1 -1 11 -1 12 -1 -1 -1 -1 -1 -1 -1 -1 -1 -1 0 -1 -1 -1 15 31 -1 -1 -1 -1 -1 26 24 10 -1 -1 -1 -1 -1 -1 -1 -1 -1 -1 -1 16 -1 18 -1 -1 -1 -1 -1 -1 -1 -1 19 -1 -1 -1 -1 -1 -1 22 21 20 -1 -1 -1 -1 
-1 -1 2 4 -1 5 -1 -1 -1 -1 -1 9 -1 3 -1 -1 -1 -1 1 25 -1 -1 -1 -1 -1 -1 -1 11 -1 12 -1 -1 -1 -1 -1 -1 -1 -1 -1 -1 0 -1 -1 -1 15 10 -1 -1 -1 -1 -1 26 24 -1 -1 -1 -1 -1 -1 -1 -1 -1 -1 -1 -1 16 -1 18 -1 -1 -1 -1 -1 -1 -1 -1 19 -1 -1 -1 -1 -1 -1 22 21 20 -1 -1 -1 -1 
-1 -1 2 4 -1 5 -1 -1 -1 -1 -1 9 -1 3 -1 -1 -1 -1 1 25 -1 -1 -1 -1 -1 -1 -1 11 -1 12 -1 -1 -1 -1 -1 -1 -1 -1 -1 -1 0 -1 -1 -1 15 10 -1 -1 -1 -1 -1 26 24 -1 -1 -1 -1 -1 -1 -1 -1 -1 -1 16 -1 -1 -1 18 -1 -1 -1 -1 -1 -1 -1 -1 19 -1 -1 -1 -1 -1 -1 22 21 20 -1 -1 -1 -1 
-1 -1 2 4 -1 5 -1 -1 -1 -1 -1 9 -1 3 -1 -1 -1 -1 1 25 -1 -1 -1 -1 -1 -1 -1 11 -1 12 -1 -1 -1 -1 -1 -1 -1 -1 -1 -1 0 -1 -1 -1 15 -1 10 -1 -1 -1 -1 26 24 -1 -1 -1 -1 -1 -1 -1 -1 -1 -1 16 -1 -1 -1 18 -1 -1 -1 -1 -1 -1 -1 -1 19 -1 -1 -1 -1 -1 -1 22 21 20 -1 -1 -1 -1 
-1 -1 2 4 -1 5 -1 -1 -1 -1 -1 9 -1 3 -1 -1 -1 -1 1 -1 -1 -1 -1 -1 -1 -1 -1 11 -1 12 -1 -1 -1 -1 -1 -1 -1 25 -1 -1 0 -1 -1 -1 15 -1 10 -1 -1 -1 -1 26 24 -1 -1 -1 -1 -1 -1 -1 -1 -1 -1 16 -1 -1 -1 18 -1 -1 -1 -1 -1 -1 -1 -1 19 -1 -1 -1 -1 -1 -1 22 21 20 -1 -1 -1 -1 
-1 -1 -1 4 -1 5 -1 -1 -1 -1 -1 9 -1 3 -1 -1 -1 -1 1 -1 -1 -1 -1 -1 -1 -1 -1 11 -1 12 -1 -1 -1 -1 -1 -1 -1 25 -1 -1 0 -1 -1 -1 15 -1 10 -1 -1 -1 -1 26 24 -1 -1 -1 -1 -1 -1 -1 -1 -1 -1 16 -1 -1 -1 18 -1 -1 -1 -1 -1 -1 -1 -1 19 -1 -1 -1 -1 -1 -1 22 21 20 -1 -1 -1 -1 
-1 -1 -1 4 -1 5 -1 -1 -1 -1 -1 9 -1 3 -1 -1 -1 -1 1 -1 -1 -1 -1 -1 -1 -1 -1 11 -1 12 -1 -1 -1 -1 -1 -1 -1 25 -1 -1 0 -1 -1 -1 15 -1 10 -1 -1 -1 -1 26 24 -1 16 -1 -1 -1 -1 -1 -1 -1 -1 -1 -1 -1 -1 18 -1 -1 -1 -1 -1 -1 -1 -1 19 -1 -1 -1 -1 -1 -1 22 21 20 -1 -1 -1 -1 
-1 -1 -1 4 -1 5 -1 -1 -1 -1 -1 9 -1 3 -1 -1 -1 -1 1 -1 -1 -1 -1 -1 -1 -1 -1 11 -1 12 -1 -1 -1 -1 -1 -1 -1 0 -1 -1 -1 -1 -1 -1 15 -1 10 -1 -1 -1 -1 26 24 -1 16 -1 -1 -1 -1 -1 -1 -1 -1 -1 -1 -1 -1 18 -1 -1 -1 -1 -1 -1 -1 -1 19 -1 -1 -1 -1 -1 -1 22 21 20 -1 -1 -1 -1 
-1 -1 -1 4 -1 5 -1 -1 -1 -1 -1 9 -1 3 -1 -1 -1 -1 1 -1 -1 -1 -1 -1 -1 -1 -1 11 -1 12 -1 -1 -1 -1 -1 -1 -1 0 -1 -1 -1 -1 -1 -1 15 -1 10 -1 -1 -1 -1 26 24 -1 -1 -1 -1 16 -1 -1 -1 -1 -1 -1 -1 -1 -1 18 -1 -1 -1 -1 -1 -1 -1 -1 19 -1 -1 -1 -1 -1 -1 22 21 20 -1 -1 -1 -1 
-1 -1 -1 -1 4 5 -1 -1 -1 -1 -1 9 -1 3 -1 -1 -1 -1 1 -1 -1 -1 -1 -1 -1 -1 -1 11 -1 12 -1 -1 -1 -1 -1 -1 -1 0 -1 -1 -1 -1 -1 -1 15 -1 10 -1 -1 -1 -1 26 24 -1 -1 -1 -1 16 -1 -1 -1 -1 -1 -1 -1 -1 -1 18 -1 -1 -1 -1 -1 -1 -1 -1 19 -1 -1 -1 -1 -1 -1 22 21 20 -1 -1 -1 -1 
-1 -1 -1 -1 4 5 -1 -1 -1 -1 -1 9 -1 3 -1 -1 -1 -1 1 -1 -1 -1 -1 -1 -1 -1 -1 11 -1 12 -1 -1 -1 -1 -1 -1 -1 0 -1 -1 -1 -1 -1 -1 15 -1 10 -1 -1 -1 -1 26 24 -1 -1 -1 -1 -1 16 -1 -1 -1 -1 -1 -1 -1 -1 18 -1 -1 -1 -1 -1 -1 -1 -1 19 -1 -1 -1 -1 -1 -1 22 21 20 -1 -1 -1 -1 
-1 -1 -1 4 -1 5 -1 -1 -1 -1 -1 9 -1 3 -1 -1 -1 -1 1 -1 -1 -1 -1 -1 -1 -1 -1 11 -1 12 -1 -1 -1 -1 -1 -1 -1 0 -1 -1 -1 -1 -1 -1 15 -1 10 -1 -1 -1 -1 26 24 -1 -1 -1 -1 -1 16 -1 -1 -1 -1 -1 -1 -1 -1 18 -1 -1 -1 -1 -1 -1 -1 -1 19 -1 -1 -1 -1 -1 -1 22 21 20 -1 -1 -1 -1 
-1 -1 -1 4 -1 5 -1 -1 -1 -1 -1 9 -1 3 -1 -1 -1 -1 1 -1 -1 -1 -1 -1 -1 -1 -1 11 -1 12 -1 -1 -1 -1 -1 -1 -1 0 -1 -1 -1 -1 -1 -1 15 -1 10 -1 26 -1 -1 -1 24 -1 -1 -1 -1 -1 16 -1 -1 -1 -1 -1 -1 -1 -1 18 -1 -1 -1 -1 -1 -1 -1 -1 19 -1 -1 -1 -1 -1 -1 22 21 20 -1 -1 -1 -1 
-1 -1 -1 4 -1 5 -1 -1 -1 -1 -1 9 -1 3 -1 -1 -1 -1 1 -1 -1 -1 -1 -1 -1 -1 -1 11 -1 12 -1 -1 -1 -1 -1 -1 -1 -1 0 -1 -1 -1 -1 -1 15 -1 10 -1 26 -1 -1 -1 24 -1 -1 -1 -1 -1 16 -1 -1 -1 -1 -1 -1 -1 -1 18 -1 -1 -1 -1 -1 -1 -1 -1 19 -1 -1 -1 -1 -1 -1 22 21 20 -1 -1 -1 -1 
-1 -1 -1 4 -1 5 -1 -1 -1 -1 -1 9 -1 3 -1 -1 -1 -1 1 -1 -1 -1 -1 -1 -1 -1 -1 11 -1 12 -1 -1 -1 -1 -1 -1 -1 -1 0 -1 -1 -1 -1 -1 15 -1 10 -1 26 -1 -1 -1 24 -1 -1 -1 -1 -1 16 -1 -1 -1 -1 -1 -1 -1 -1 18 -1 -1 -1 -1 -1 -1 -1 -1 -1 -1 -1 -1 -1 -1 -1 22 21 20 19 -1 -1 -1 
