0 1 2 3 4 5 6 7 8 -1 -1 -1 -1 -1 -1 -1 -1 -1 -1 9 -1 -1 -1 -1 -1 10 -1 11 -1 12 -1 13 -1 14 -1 15 -1 -1 -1 -1 -1 -1 -1 -1 -1 -1 -1 -1 -1 -1 -1 -1 -1 -1 -1 -1 30 -1 29 -1 28 -1 27 -1 26 -1 -1 18 -1 -1 25 -1 -1 -1 -1 -1 -1 -1 -1 -1 -1 24 23 22 21 20 19 -1 17 16 
0 -1 2 3 4 5 6 7 8 -1 -1 -1 -1 -1 -1 -1 -1 -1 -1 9 1 -1 -1 -1 -1 10 -1 11 -1 12 -1 13 -1 14 -1 15 -1 -1 -1 -1 -1 -1 -1 -1 -1 -1 -1 -1 -1 -1 -1 -1 -1 -1 -1 -1 30 -1 29 -1 28 -1 27 -1 26 -1 -1 18 -1 -1 25 -1 -1 -1 -1 -1 -1 -1 -1 -1 -1 24 23 22 21 20 19 -1 17 16 
0 -1 2 3 4 5 6 7 8 -1 -1 -1 -1 -1 -1 -1 -1 -1 -1 9 1 -1 -1 -1 -1 10 -1 11 -1 12 -1 13 -1 14 -1 15 -1 -1 -1 -1 -1 -1 -1 -1 -1 -1 -1 -1 -1 -1 -1 -1 -1 -1 -1 -1 30 -1 29 -1 28 -1 27 -1 26 -1 -1 18 -1 17 25 -1 -1 -1 -1 -1 -1 -1 -1 -1 -1 24 23 22 21 20 19 -1 -1 16 
0 -1 2 3 4 5 6 7 8 -1 -1 -1 -1 -1 -1 -1 -1 -1 -1 9 1 -1 -1 -1 -1 10 -1 11 -1 12 -1 13 -1 -1 -1 15 -1 -1 -1 -1 -1 -1 14 -1 -1 -1 -1 -1 -1 -1 -1 -1 -1 -1 -1 -1 30 -1 29 -1 28 -1 27 -1 26 -1 -1 18 -1 17 25 -1 -1 -1 -1 -1 -1 -1 -1 -1 -1 24 23 22 21 20 19 -1 -1 16 
0 -1 2 3 4 5 6 7 8 -1 -1 -1 -1 -1 -1 -1 -1 -1 -1 9 1 -1 -1 -1 -1 10 -1 11 -1 12 -1 13 -1 -1 -1 15 -1 -1 -1 -1 -1 -1 14 -1 -1 -1 -1 30 -1 -1 -1 -1 -1 -1 -1 -1 -1 -1 29 -1 28 -1 27 -1 26 -1 -1 18 -1 17 25 -1 -1 -1 -1 -1 -1 -1 -1 -1 -1 24 23 22 21 20 19 -1 -1 16 
0 -1 2 3 4 5 6 -1 8 -1 -1 -1 -1 -1 -1 -1 -1 -1 -1 9 1 -1 -1 -1 7 10 -1 11 -1 12 -1 13 -1 -1 -1 15 -1 -1 -1 -1 -1 -1 14 -1 -1 -1 -1 30 -1 -1 -1 -1 -1 -1 -1 -1 -1 -1 29 -1 28 -1 27 -1 26 -1 -1 18 -1 17 25 -1 -1 -1 -1 -1 -1 -1 -1 -1 -1 24 23 22 21 20 19 -1 -1 16 
0 -1 2 3 4 5 6 -1 8 -1 -1 -1 -1 -1 -1 -1 -1 -1 -1 9 1 -1 -1 -1 7 10 -1 11 -1 12 -1 13 -1 -1 -1 15 -1 -1 -1 -1 -1 -1 14 -1 -1 -1 -1 30 -1 -1 -1 -1 -1 -1 -1 -1 -1 -1 29 -1 28 -1 27 -1 26 23 -1 18 -1 17 25 -1 -1 -1 -1 -1 -1 -1 -1 -1 -1 24 -1 22 21 20 19 -1 -1 16 
0 -1 -1 3 4 5 6 -1 8 -1 -1 -1 -1 -1 -1 -1 -1 -1 -1 9 1 -1 2 -1 7 10 -1 11 -1 12 -1 13 -1 -1 -1 15 -1 -1 -1 -1 -1 -1 14 -1 -1 -1 -1 30 -1 -1 -1 -1 -1 -1 -1 -1 -1 -1 29 -1 28 -1 27 -1 26 23 -1 18 -1 17 25 -1 -1 -1 -1 -1 -1 -1 -1 -1 -1 24 -1 22 21 20 19 -1 -1 16 
0 -1 -1 3 4 5 6 -1 8 -1 -1 -1 -1 -1 -1 -1 -1 -1 -1 9 1 -1 2 -1 7 10 -1 11 -1 12 -1 13 -1 -1 25 15 -1 -1 -1 -1 -1 -1 14 -1 -1 -1 -1 30 -1 -1 -1 -1 -1 -1 -1 -1 -1 -1 29 -1 28 -1 27 -1 26 23 -1 18 -1 17 -1 -1 -1 -1 -1 -1 -1 -1 -1 -1 -1 24 -1 22 21 20 19 -1 -1 16 
0 -1 -1 3 4 5 6 -1 8 -1 -1 -1 -1 -1 -1 -1 -1 -1 -1 9 1 -1 2 -1 7 10 -1 11 -1 -1 -1 13 -1 -1 25 15 -1 -1 12 -1 -1 -1 14 -1 -1 -1 -1 30 -1 -1 -1 -1 -1 -1 -1 -1 -1 -1 29 -1 28 -1 27 -1 26 23 -1 18 -1 17 -1 -1 -1 -1 -1 -1 -1 -1 -1 -1 -1 24 -1 22 21 20 19 -1 -1 16 
0 -1 -1 3 4 5 6 -1 8 -1 -1 -1 -1 -1 -1 -1 -1 -1 -1 9 1 -1 2 -1 7 10 -1 11 -1 -1 -1 13 -1 -1 25 15 -1 -1 30 -1 -1 -1 14 -1 -1 -1 -1 -1 -1 -1 -1 -1 -1 -1 -1 -1 -1 -1 29 -1 28 -1 27 -1 26 23 -1 18 -1 17 -1 -1 -1 -1 -1 -1 -1 -1 -1 -1 -1 24 -1 22 21 20 19 -1 -1 16 
0 -1 -1 3 4 5 6 -1 8 -1 -1 -1 -1 -1 -1 -1 -1 -1 -1 9 1 -1 -1 -1 7 10 -1 11 -1 -1 -1 13 -1 -1 25 15 -1 -1 2 -1 -1 -1 14 -1 -1 -1 -1 -1 -1 -1 -1 -1 -1 -1 -1 -1 -1 -1 29 -1 28 -1 27 -1 26 23 -1 18 -1 17 -1 -1 -1 -1 -1 -1 -1 -1 -1 -1 -1 24 -1 22 21 20 19 -1 -1 16 
0 -1 -1 3 4 5 6 -1 8 -1 -1 -1 -1 -1 -1 -1 -1 -1 -1 9 1 -1 -1 -1 7 10 -1 11 -1 -1 -1 13 -1 -1 25 15 -1 -1 2 -1 -1 -1 14 -1 -1 -1 -1 -1 23 -1 -1 -1 -1 -1 -1 -1 -1 -1 29 -1 28 -1 27 -1 26 -1 -1 18 -1 17 -1 -1 -1 -1 -1 -1 -1 -1 -1 -1 -1 24 -1 22 21 20 19 -1 -1 16 
0 -1 -1 3 4 5 6 -1 8 -1 -1 -1 -1 -1 -1 -1 -1 -1 -1 9 -1 -1 -1 -1 7 10 -1 11 -1 -1 -1 13 -1 -1 25 15 -1 -1 2 1 -1 -1 14 -1 -1 -1 -1 -1 23 -1 -1 -1 -1 -1 -1 -1 -1 -1 29 -1 28 -1 27 -1 26 -1 -1 18 -1 17 -1 -1 -1 -1 -1 -1 -1 -1 -1 -1 -1 24 -1 22 21 20 19 -1 -1 16 
0 -1 -1 3 4 5 6 -1 8 -1 -1 -1 -1 -1 -1 -1 -1 -1 -1 9 -1 -1 -1 -1 7 10 -1 11 -1 -1 -1 13 -1 -1 25 15 -1 -1 2 1 -1 -1 14 -1 -1 -1 -1 -1 23 -1 -1 -1 -1 -1 -1 -1 -1 -1 29 -1 28 -1 27 -1 -1 -1 26 18 -1 17 -1 -1 -1 -1 -1 -1 -1 -1 -1 -1 -1 24 -1 22 21 20 19 -1 -1 16 
0 -1 -1 3 4 5 6 -1 8 -1 -1 -1 -1 -1 -1 -1 -1 -1 -1 -1 -1 9 -1 -1 7 10 -1 11 -1 -1 -1 13 -1 -1 25 15 -1 -1 2 1 -1 -1 14 -1 -1 -1 -1 -1 23 -1 -1 -1 -1 -1 -1 -1 -1 -1 29 -1 28 -1 27 -1 -1 -1 26 18 -1 17 -1 -1 -1 -1 -1 -1 -1 -1 -1 -1 -1 24 -1 22 21 20 19 -1 -1 16 
0 -1 -1 3 4 5 6 -1 8 -1 -1 -1 -1 -1 -1 -1 -1 -1 -1 -1 -1 9 -1 -1 7 10 -1 11 -1 -1 -1 13 -1 -1 25 15 -1 -1 2 1 -1 -1 14 -1 -1 -1 -1 -1 23 -1 -1 -1 -1 -1 -1 -1 -1 -1 29 -1 28 -1 27 -1 -1 -1 26 18 -1 17 -1 -1 -1 -1 -1 -1 -1 -1 -1 -1 -1 -1 24 22 21 20 19 -1 -1 16 
0 -1 -1 3 4 5 6 -1 8 -1 -1 -1 -1 -1 -1 -1 -1 -1 -1 -1 -1 -1 -1 -1 7 10 -1 11 -1 -1 -1 13 -1 -1 25 15 -1 -1 2 1 -1 -1 14 -1 -1 -1 -1 -1 9 -1 -1 -1 -1 -1 -1 -1 -1 -1 29 -1 28 -1 27 -1 -1 -1 26 18 -1 17 -1 -1 -1 -1 -1 -1 -1 -1 -1 -1 -1 -1 24 22 21 20 19 -1 -1 16 
0 -1 -1 3 4 5 6 -1 8 -1 -1 -1 -1 -1 -1 -1 -1 -1 -1 -1 -1 -1 -1 -1 7 10 -1 11 -1 -1 -1 13 -1 -1 25 15 -1 -1 2 26 -1 -1 14 -1 -1 -1 -1 -1 9 -1 -1 -1 -1 -1 -1 -1 -1 -1 29 -1 28 -1 27 -1 -1 -1 -1 18 -1 17 -1 -1 -1 -1 -1 -1 -1 -1 -1 -1 -1 -1 24 22 21 20 19 -1 -1 16 
-1 -1 -1 3 4 5 6 -1 8 -1 -1 -1 -1 -1 -1 -1 -1 -1 0 -1 -1 -1 -1 -1 7 10 -1 11 -1 -1 -1 13 -1 -1 25 15 -1 -1 2 26 -1 -1 14 -1 -1 -1 -1 -1 9 -1 -1 -1 -1 -1 -1 -1 -1 -1 29 -1 28 -1 27 -1 -1 -1 -1 18 -1 17 -1 -1 -1 -1 -1 -1 -1 -1 -1 -1 -1 -1 24 22 21 20 19 -1 -1 16 
-1 -1 -1 3 4 5 6 -1 8 -1 -1 -1 -1 -1 -1 -1 -1 -1 0 -1 -1 -1 -1 -1 7 10 -1 11 -1 -1 -1 13 -1 -1 25 15 -1 -1 2 26 -1 -1 14 -1 -1 -1 -1 -1 9 -1 -1 -1 -1 -1 -1 -1 -1 -1 29 -1 28 -1 27 -1 -1 -1 -1 18 -1 17 -1 -1 -1 -1 -1 -1 19 -1 -1 -1 -1 -1 24 22 21 20 -1 -1 -1 16 
-1 -1 -1 3 4 5 6 -1 -1 -1 -1 -1 -1 -1 -1 -1 -1 8 0 -1 -1 -1 -1 -1 7 10 -1 11 -1 -1 -1 13 -1 -1 25 15 -1 -1 2 26 -1 -1 14 -1 -1 -1 -1 -1 9 -1 -1 -1 -1 -1 -1 -1 -1 -1 29 -1 28 -1 27 -1 -1 -1 -1 18 -1 17 -1 -1 -1 -1 -1 -1 19 -1 -1 -1 -1 -1 24 22 21 20 -1 -1 -1 16 
-1 -1 -1 3 4 5 6 -1 -1 -1 -1 -1 -1 -1 -1 -1 -1 8 0 -1 -1 -1 -1 -1 7 10 -1 11 -1 -1 -1 13 -1 -1 25 15 -1 -1 2 26 -1 -1 14 -1 -1 -1 24 -1 9 -1 -1 -1 -1 -1 -1 -1 -1 -1 29 -1 28 -1 27 -1 -1 -1 -1 18 -1 17 -1 -1 -1 -1 -1 -1 19 -1 -1 -1 -1 -1 -1 22 21 20 -1 -1 -1 16 
-1 -1 -1 3 4 5 6 -1 -1 -1 -1 -1 -1 -1 -1 -1 -1 8 0 -1 -1 -1 -1 -1 7 10 -1 11 -1 -1 -1 13 -1 -1 25 15 -1 -1 2 26 -1 -1 14 -1 -1 -1 24 -1 -1 -1 -1 -1 -1 -1 -1 -1 -1 9 29 -1 28 -1 27 -1 -1 -1 -1 18 -1 17 -1 -1 -1 -1 -1 -1 19 -1 -1 -1 -1 -1 -1 22 21 20 -1 -1 -1 16 
-1 -1 -1 3 4 5 6 -1 -1 -1 -1 -1 -1 -1 -1 -1 -1 8 0 -1 -1 -1 -1 -1 7 10 -1 11 -1 -1 -1 13 -1 25 -1 15 -1 -1 2 26 -1 -1 14 -1 -1 -1 24 -1 -1 -1 -1 -1 -1 -1 -1 -1 -1 9 29 -1 28 -1 27 -1 -1 -1 -1 18 -1 17 -1 -1 -1 -1 -1 -1 19 -1 -1 -1 -1 -1 -1 22 21 20 -1 -1 -1 16 
-1 -1 -1 3 4 5 6 -1 -1 -1 -1 -1 -1 7 -1 -1 -1 8 0 -1 -1 -1 -1 -1 -1 10 -1 11 -1 -1 -1 13 -1 25 -1 15 -1 -1 2 26 -1 -1 14 -1 -1 -1 24 -1 -1 -1 -1 -1 -1 -1 -1 -1 -1 9 29 -1 28 -1 27 -1 -1 -1 -1 18 -1 17 -1 -1 -1 -1 -1 -1 19 -1 -1 -1 -1 -1 -1 22 21 20 -1 -1 -1 16 
-1 -1 -1 3 4 5 6 -1 -1 -1 -1 -1 -1 7 -1 -1 -1 8 0 -1 -1 -1 -1 -1 -1 10 -1 11 -1 -1 -1 13 -1 25 -1 15 -1 -1 2 26 -1 -1 14 -1 -1 -1 24 -1 -1 -1 -1 -1 -1 -1 -1 -1 -1 9 29 -1 28 -1 27 -1 -1 -1 -1 18 -1 17 -1 -1 -1 -1 -1 -1 19 -1 -1 -1 -1 -1 -1 22 21 20 -1 -1 16 -1 
-1 -1 -1 3 4 5 6 -1 -1 -1 -1 -1 -1 7 -1 -1 -1 8 0 -1 -1 -1 -1 10 -1 -1 -1 11 -1 -1 -1 13 -1 25 -1 15 -1 -1 2 26 -1 -1 14 -1 -1 -1 24 -1 -1 -1 -1 -1 -1 -1 -1 -1 -1 9 29 -1 28 -1 27 -1 -1 -1 -1 18 -1 17 -1 -1 -1 -1 -1 -1 19 -1 -1 -1 -1 -1 -1 22 21 20 -1 -1 16 -1 
-1 -1 -1 3 4 5 6 -1 -1 -1 -1 -1 -1 7 -1 -1 -1 8 0 -1 -1 -1 -1 10 -1 -1 -1 11 -1 -1 -1 13 -1 25 16 15 -1 -1 2 26 -1 -1 14 -1 -1 -1 24 -1 -1 -1 -1 -1 -1 -1 -1 -1 -1 9 29 -1 28 -1 27 -1 -1 -1 -1 18 -1 17 -1 -1 -1 -1 -1 -1 19 -1 -1 -1 -1 -1 -1 22 21 20 -1 -1 -1 -1 
-1 -1 -1 3 4 5 6 -1 -1 -1 -1 -1 -1 -1 -1 -1 -1 8 0 -1 7 -1 -1 10 -1 -1 -1 11 -1 -1 -1 13 -1 25 16 15 -1 -1 2 26 -1 -1 14 -1 -1 -1 24 -1 -1 -1 -1 -1 -1 -1 -1 -1 -1 9 29 -1 28 -1 27 -1 -1 -1 -1 18 -1 17 -1 -1 -1 -1 -1 -1 19 -1 -1 -1 -1 -1 -1 22 21 20 -1 -1 -1 -1 
-1 -1 -1 3 4 5 6 -1 -1 -1 -1 -1 -1 -1 -1 -1 -1 8 0 -1 7 26 -1 10 -1 -1 -1 11 -1 -1 -1 13 -1 25 16 15 -1 -1 2 -1 -1 -1 14 -1 -1 -1 24 -1 -1 -1 -1 -1 -1 -1 -1 -1 -1 9 29 -1 28 -1 27 -1 -1 -1 -1 18 -1 17 -1 -1 -1 -1 -1 -1 19 -1 -1 -1 -1 -1 -1 22 21 20 -1 -1 -1 -1 
-1 -1 -1 3 4 5 6 -1 -1 0 -1 -1 -1 -1 -1 -1 -1 8 -1 -1 7 26 -1 10 -1 -1 -1 11 -1 -1 -1 13 -1 25 16 15 -1 -1 2 -1 -1 -1 14 -1 -1 -1 24 -1 -1 -1 -1 -1 -1 -1 -1 -1 -1 9 29 -1 28 -1 27 -1 -1 -1 -1 18 -1 17 -1 -1 -1 -1 -1 -1 19 -1 -1 -1 -1 -1 -1 22 21 20 -1 -1 -1 -1 
-1 -1 -1 3 4 5 6 -1 -1 0 -1 -1 -1 -1 -1 -1 -1 8 -1 -1 7 26 -1 10 -1 -1 -1 11 -1 -1 -1 13 -1 25 16 15 -1 -1 2 -1 -1 -1 14 -1 -1 -1 -1 -1 -1 -1 24 -1 -1 -1 -1 -1 -1 9 29 -1 28 -1 27 -1 -1 -1 -1 18 -1 17 -1 -1 -1 -1 -1 -1 19 -1 -1 -1 -1 -1 -1 22 21 20 -1 -1 -1 -1 
-1 -1 -1 -1 4 5 6 -1 -1 0 -1 -1 -1 3 -1 -1 -1 8 -1 -1 7 26 -1 10 -1 -1 -1 11 -1 -1 -1 13 -1 25 16 15 -1 -1 2 -1 -1 -1 14 -1 -1 -1 -1 -1 -1 -1 24 -1 -1 -1 -1 -1 -1 9 29 -1 28 -1 27 -1 -1 -1 -1 18 -1 17 -1 -1 -1 -1 -1 -1 19 -1 -1 -1 -1 -1 -1 22 21 20 -1 -1 -1 -1 
-1 -1 -1 -1 4 5 6 -1 -1 0 -1 -1 -1 3 -1 -1 -1 8 -1 -1 7 26 -1 10 -1 -1 -1 11 -1 -1 -1 13 -1 -1 16 25 -1 -1 2 -1 -1 -1 14 -1 -1 -1 -1 -1 -1 -1 24 -1 -1 -1 -1 -1 -1 9 29 -1 28 -1 27 -1 -1 -1 -1 18 -1 17 -1 -1 -1 -1 -1 -1 19 -1 -1 -1 -1 -1 -1 22 21 20 -1 -1 -1 -1 
-1 -1 -1 -1 4 5 6 -1 -1 0 -1 -1 -1 3 -1 -1 -1 8 -1 -1 7 26 -1 10 -1 -1 -1 11 -1 -1 -1 -1 -1 -1 16 25 -1 -1 2 -1 13 -1 14 -1 -1 -1 -1 -1 -1 -1 24 -1 -1 -1 -1 -1 -1 9 29 -1 28 -1 27 -1 -1 -1 -1 18 -1 17 -1 -1 -1 -1 -1 -1 19 -1 -1 -1 -1 -1 -1 22 21 20 -1 -1 -1 -1 
-1 -1 -1 -1 4 5 6 -1 -1 0 -1 -1 -1 3 -1 -1 -1 8 -1 -1 7 -1 -1 10 -1 -1 -1 11 -1 -1 26 -1 -1 -1 16 25 -1 -1 2 -1 13 -1 14 -1 -1 -1 -1 -1 -1 -1 24 -1 -1 -1 -1 -1 -1 9 29 -1 28 -1 27 -1 -1 -1 -1 18 -1 17 -1 -1 -1 -1 -1 -1 19 -1 -1 -1 -1 -1 -1 22 21 20 -1 -1 -1 -1 
-1 -1 -1 -1 4 5 -1 -1 -1 0 -1 -1 -1 3 -1 -1 -1 8 -1 -1 7 -1 6 10 -1 -1 -1 11 -1 -1 26 -1 -1 -1 16 25 -1 -1 2 -1 13 -1 14 -1 -1 -1 -1 -1 -1 -1 24 -1 -1 -1 -1 -1 -1 9 29 -1 28 -1 27 -1 -1 -1 -1 18 -1 17 -1 -1 -1 -1 -1 -1 19 -1 -1 -1 -1 -1 -1 22 21 20 -1 -1 -1 -1 
-1 -1 -1 -1 4 5 -1 -1 -1 0 -1 -1 -1 3 -1 -1 -1 8 -1 -1 7 -1 6 10 -1 -1 -1 11 -1 -1 26 -1 -1 -1 16 25 -1 -1 2 -1 13 -1 14 -1 -1 -1 -1 -1 -1 -1 24 -1 -1 27 -1 -1 -1 9 29 -1 28 -1 -1 -1 -1 -1 -1 18 -1 17 -1 -1 -1 -1 -1 -1 19 -1 -1 -1 -1 -1 -1 22 21 20 -1 -1 -1 -1 
-1 -1 -1 -1 4 5 -1 -1 -1 0 -1 -1 -1 3 -1 -1 -1 8 -1 -1 7 -1 6 10 -1 -1 -1 11 -1 -1 26 -1 -1 -1 16 25 -1 -1 2 -1 13 -1 14 -1 -1 -1 -1 -1 -1 -1 24 -1 -1 27 -1 -1 -1 -1 29 -1 9 -1 -1 -1 -1 -1 -1 18 -1 17 -1 -1 -1 -1 -1 -1 19 -1 -1 -1 -1 -1 -1 22 21 20 -1 -1 -1 -1 
-1 -1 -1 -1 4 5 -1 -1 -1 0 -1 -1 -1 3 -1 -1 -1 8 -1 -1 7 -1 6 10 -1 -1 -1 11 -1 -1 26 -1 -1 -1 16 25 -1 -1 2 -1 13 -1 14 -1 -1 31 -1 -1 -1 -1 24 -1 -1 27 -1 -1 -1 -1 29 -1 9 -1 -1 -1 -1 -1 -1 18 -1 17 -1 -1 -1 -1 -1 -1 19 -1 -1 -1 -1 -1 -1 22 21 20 -1 -1 -1 -1 
-1 -1 -1 -1 4 5 -1 -1 -1 0 -1 -1 -1 3 -1 8 -1 -1 -1 -1 7 -1 6 10 -1 -1 -1 11 -1 -1 26 -1 -1 -1 16 25 -1 -1 2 -1 13 -1 14 -1 -1 31 -1 -1 -1 -1 24 -1 -1 27 -1 -1 -1 -1 29 -1 9 -1 -1 -1 -1 -1 -1 18 -1 17 -1 -1 -1 -1 -1 -1 19 -1 -1 -1 -1 -1 -1 22 21 20 -1 -1 -1 -1 
-1 -1 -1 -1 4 5 -1 -1 -1 0 -1 -1 -1 3 -1 8 -1 -1 -1 -1 7 -1 6 10 -1 -1 25 11 -1 -1 26 -1 -1 -1 16 -1 -1 -1 2 -1 13 -1 14 -1 -1 31 -1 -1 -1 -1 24 -1 -1 27 -1 -1 -1 -1 29 -1 9 -1 -1 -1 -1 -1 -1 18 -1 17 -1 -1 -1 -1 -1 -1 19 -1 -1 -1 -1 -1 -1 22 21 20 -1 -1 -1 -1 
-1 -1 -1 -1 4 5 -1 -1 -1 0 -1 -1 -1 3 -1 -1 -1 -1 -1 -1 7 -1 6 10 8 -1 25 11 -1 -1 26 -1 -1 -1 16 -1 -1 -1 2 -1 13 -1 14 -1 -1 31 -1 -1 -1 -1 24 -1 -1 27 -1 -1 -1 -1 29 -1 9 -1 -1 -1 -1 -1 -1 18 -1 17 -1 -1 -1 -1 -1 -1 19 -1 -1 -1 -1 -1 -1 22 21 20 -1 -1 -1 -1 
-1 -1 -1 -1 4 5 -1 -1 -1 0 -1 -1 -1 3 -1 -1 -1 -1 -1 -1 7 -1 6 25 8 -1 -1 11 -1 -1 26 -1 -1 -1 16 -1 -1 -1 2 -1 13 -1 14 -1 -1 31 -1 -1 -1 -1 24 -1 -1 27 -1 -1 -1 -1 29 -1 9 -1 -1 -1 -1 -1 -1 18 -1 17 -1 -1 -1 -1 -1 -1 19 -1 -1 -1 -1 -1 -1 22 21 20 -1 -1 -1 -1 
-1 -1 -1 -1 4 5 -1 -1 -1 0 -1 -1 -1 3 -1 -1 -1 -1 -1 -1 7 -1 6 8 -1 -1 -1 11 -1 -1 26 -1 -1 -1 16 -1 -1 -1 2 -1 13 -1 14 -1 -1 31 -1 -1 -1 -1 24 -1 -1 27 -1 -1 -1 -1 29 -1 9 -1 -1 -1 -1 -1 -1 18 -1 17 -1 -1 -1 -1 -1 -1 19 -1 -1 -1 -1 -1 -1 22 21 20 -1 -1 -1 -1 
-1 -1 -1 -1 4 5 -1 -1 -1 0 -1 -1 -1 3 -1 -1 -1 -1 -1 -1 7 -1 6 24 -1 -1 -1 11 -1 -1 26 -1 -1 -1 16 -1 -1 -1 2 -1 13 -1 14 -1 -1 31 -1 -1 -1 -1 -1 -1 -1 27 -1 -1 -1 -1 29 -1 9 -1 -1 -1 -1 -1 -1 18 -1 17 -1 -1 -1 -1 -1 -1 19 -1 -1 -1 -1 -1 -1 22 21 20 -1 -1 -1 -1 
-1 -1 -1 -1 4 5 -1 -1 -1 0 -1 -1 -1 -1 -1 -1 -1 -1 -1 -1 7 -1 6 3 -1 -1 -1 11 -1 -1 26 -1 -1 -1 16 -1 -1 -1 2 -1 13 -1 14 -1 -1 31 -1 -1 -1 -1 -1 -1 -1 27 -1 -1 -1 -1 29 -1 9 -1 -1 -1 -1 -1 -1 18 -1 17 -1 -1 -1 -1 -1 -1 19 -1 -1 -1 -1 -1 -1 22 21 20 -1 -1 -1 -1 
-1 -1 -1 -1 4 5 -1 -1 -1 0 -1 -1 -1 -1 -1 -1 -1 -1 -1 -1 7 -1 6 3 -1 -1 -1 11 -1 -1 26 -1 -1 -1 -1 -1 -1 -1 2 -1 13 -1 14 -1 -1 31 -1 -1 -1 -1 -1 -1 -1 27 -1 -1 -1 -1 29 -1 9 16 -1 -1 -1 -1 -1 18 -1 17 -1 -1 -1 -1 -1 -1 19 -1 -1 -1 -1 -1 -1 22 21 20 -1 -1 -1 -1 
-1 -1 -1 -1 4 5 -1 -1 -1 -1 -1 -1 0 -1 -1 -1 -1 -1 -1 -1 7 -1 6 3 -1 -1 -1 11 -1 -1 26 -1 -1 -1 -1 -1 -1 -1 2 -1 13 -1 14 -1 -1 31 -1 -1 -1 -1 -1 -1 -1 27 -1 -1 -1 -1 29 -1 9 16 -1 -1 -1 -1 -1 18 -1 17 -1 -1 -1 -1 -1 -1 19 -1 -1 -1 -1 -1 -1 22 21 20 -1 -1 -1 -1 
-1 -1 -1 -1 4 5 -1 -1 -1 -1 -1 -1 0 -1 -1 -1 -1 -1 -1 -1 7 -1 6 3 -1 -1 -1 11 -1 -1 -1 -1 -1 -1 -1 26 -1 -1 2 -1 13 -1 14 -1 -1 31 -1 -1 -1 -1 -1 -1 -1 27 -1 -1 -1 -1 29 -1 9 16 -1 -1 -1 -1 -1 18 -1 17 -1 -1 -1 -1 -1 -1 19 -1 -1 -1 -1 -1 -1 22 21 20 -1 -1 -1 -1 
-1 -1 -1 -1 4 5 -1 -1 -1 -1 -1 -1 -1 -1 -1 -1 -1 -1 -1 -1 7 -1 6 3 -1 -1 -1 11 -1 -1 -1 -1 -1 -1 -1 26 -1 -1 2 -1 13 -1 14 -1 -1 31 -1 -1 0 -1 -1 -1 -1 27 -1 -1 -1 -1 29 -1 9 16 -1 -1 -1 -1 -1 18 -1 17 -1 -1 -1 -1 -1 -1 19 -1 -1 -1 -1 -1 -1 22 21 20 -1 -1 -1 -1 
-1 -1 -1 -1 4 5 -1 -1 -1 -1 -1 -1 -1 -1 -1 -1 -1 -1 -1 -1 7 -1 6 3 -1 -1 -1 11 -1 -1 -1 -1 -1 -1 -1 26 -1 -1 2 -1 13 -1 14 -1 -1 31 -1 -1 0 -1 -1 -1 -1 27 -1 -1 -1 -1 29 -1 16 -1 -1 -1 -1 -1 -1 18 -1 17 -1 -1 -1 -1 -1 -1 19 -1 -1 -1 -1 -1 -1 22 21 20 -1 -1 -1 -1 
-1 -1 -1 -1 4 5 -1 -1 -1 -1 -1 -1 -1 -1 -1 -1 -1 -1 -1 -1 7 -1 6 3 -1 -1 -1 11 -1 -1 -1 -1 -1 -1 -1 26 -1 -1 2 -1 13 -1 14 -1 -1 31 -1 -1 -1 -1 -1 -1 -1 0 -1 -1 -1 -1 29 -1 16 -1 -1 -1 -1 -1 -1 18 -1 17 -1 -1 -1 -1 -1 -1 19 -1 -1 -1 -1 -1 -1 22 21 20 -1 -1 -1 -1 
-1 -1 -1 -1 4 5 -1 -1 -1 -1 -1 -1 -1 -1 -1 -1 -1 -1 -1 -1 7 -1 6 3 -1 -1 -1 11 -1 -1 -1 -1 -1 -1 -1 26 -1 -1 2 -1 13 -1 14 -1 -1 31 -1 -1 -1 -1 -1 -1 -1 0 -1 -1 -1 -1 29 -1 -1 -1 16 -1 -1 -1 -1 18 -1 17 -1 -1 -1 -1 -1 -1 19 -1 -1 -1 -1 -1 -1 22 21 20 -1 -1 -1 -1 
-1 -1 -1 -1 4 5 -1 -1 -1 -1 -1 -1 -1 -1 -1 -1 -1 -1 -1 -1 7 -1 6 3 -1 -1 -1 11 -1 -1 -1 -1 -1 -1 -1 26 -1 -1 2 -1 13 -1 14 -1 -1 0 -1 -1 -1 -1 -1 -1 -1 -1 -1 -1 -1 -1 29 -1 -1 -1 16 -1 -1 -1 -1 18 -1 17 -1 -1 -1 -1 -1 -1 19 -1 -1 -1 -1 -1 -1 22 21 20 -1 -1 -1 -1 
-1 -1 -1 -1 4 5 -1 -1 26 -1 -1 -1 -1 -1 -1 -1 -1 -1 -1 -1 7 -1 6 3 -1 -1 -1 11 -1 -1 -1 -1 -1 -1 -1 -1 -1 -1 2 -1 13 -1 14 -1 -1 0 -1 -1 -1 -1 -1 -1 -1 -1 -1 -1 -1 -1 29 -1 -1 -1 16 -1 -1 -1 -1 18 -1 17 -1 -1 -1 -1 -1 -1 19 -1 -1 -1 -1 -1 -1 22 21 20 -1 -1 -1 -1 
-1 -1 -1 -1 4 5 -1 -1 26 -1 -1 -1 -1 -1 -1 -1 -1 -1 -1 -1 7 -1 6 -1 -1 -1 -1 11 -1 -1 -1 3 -1 -1 -1 -1 -1 -1 2 -1 13 -1 14 -1 -1 0 -1 -1 -1 -1 -1 -1 -1 -1 -1 -1 -1 -1 29 -1 -1 -1 16 -1 -1 -1 -1 18 -1 17 -1 -1 -1 -1 -1 -1 19 -1 -1 -1 -1 -1 -1 22 21 20 -1 -1 -1 -1 
-1 -1 -1 -1 4 5 -1 -1 26 -1 -1 -1 -1 -1 -1 -1 -1 -1 -1 -1 7 -1 6 -1 -1 -1 -1 11 -1 -1 -1 3 -1 -1 -1 16 -1 -1 2 -1 13 -1 14 -1 -1 0 -1 -1 -1 -1 -1 -1 -1 -1 -1 -1 -1 -1 29 -1 -1 -1 -1 -1 -1 -1 -1 18 -1 17 -1 -1 -1 -1 -1 -1 19 -1 -1 -1 -1 -1 -1 22 21 20 -1 -1 -1 -1 
-1 -1 -1 -1 4 5 -1 -1 26 -1 -1 -1 -1 -1 -1 -1 -1 -1 -1 -1 -1 -1 6 -1 -1 -1 -1 11 -1 -1 -1 3 -1 -1 -1 16 -1 -1 2 7 13 -1 14 -1 -1 0 -1 -1 -1 -1 -1 -1 -1 -1 -1 -1 -1 -1 29 -1 -1 -1 -1 -1 -1 -1 -1 18 -1 17 -1 -1 -1 -1 -1 -1 19 -1 -1 -1 -1 -1 -1 22 21 20 -1 -1 -1 -1 
-1 -1 -1 -1 4 5 -1 -1 26 -1 -1 -1 -1 -1 -1 -1 -1 -1 -1 -1 -1 -1 6 -1 -1 -1 -1 11 -1 -1 -1 3 -1 16 -1 -1 -1 -1 2 7 13 -1 14 -1 -1 0 -1 -1 -1 -1 -1 -1 -1 -1 -1 -1 -1 -1 29 -1 -1 -1 -1 -1 -1 -1 -1 18 -1 17 -1 -1 -1 -1 -1 -1 19 -1 -1 -1 -1 -1 -1 22 21 20 -1 -1 -1 -1 
-1 -1 -1 -1 4 5 -1 -1 26 -1 -1 -1 -1 -1 -1 -1 -1 -1 -1 -1 -1 -1 6 -1 -1 -1 -1 11 -1 -1 -1 3 -1 16 -1 -1 -1 -1 2 7 13 -1 14 -1 -1 -1 -1 -1 -1 -1 -1 -1 -1 0 -1 -1 -1 -1 29 -1 -1 -1 -1 -1 -1 -1 -1 18 -1 17 -1 -1 -1 -1 -1 -1 19 -1 -1 -1 -1 -1 -1 22 21 20 -1 -1 -1 -1 
-1 -1 -1 -1 4 5 -1 26 -1 -1 -1 -1 -1 -1 -1 -1 -1 -1 -1 -1 -1 -1 6 -1 -1 -1 -1 11 -1 -1 -1 3 -1 16 -1 -1 -1 -1 2 7 13 -1 14 -1 -1 -1 -1 -1 -1 -1 -1 -1 -1 0 -1 -1 -1 -1 29 -1 -1 -1 -1 -1 -1 -1 -1 18 -1 17 -1 -1 -1 -1 -1 -1 19 -1 -1 -1 -1 -1 -1 22 21 20 -1 -1 -1 -1 
-1 -1 -1 -1 4 5 -1 26 -1 -1 -1 -1 -1 -1 -1 -1 -1 -1 -1 -1 -1 -1 6 -1 -1 -1 -1 11 -1 -1 -1 3 -1 16 -1 -1 -1 -1 2 7 13 -1 14 -1 -1 -1 -1 -1 -1 -1 -1 -1 -1 -1 -1 -1 -1 -1 29 -1 -1 -1 -1 -1 -1 -1 -1 18 -1 17 -1 -1 -1 -1 -1 -1 19 -1 -1 -1 -1 -1 -1 22 21 20 -1 -1 -1 0 
-1 -1 -1 -1 4 5 -1 26 -1 -1 -1 -1 -1 -1 -1 -1 -1 -1 -1 -1 -1 -1 6 -1 -1 -1 -1 11 -1 -1 -1 3 -1 16 -1 -1 -1 -1 2 7 13 -1 14 -1 -1 -1 -1 -1 -1 -1 -1 -1 -1 -1 -1 -1 -1 -1 29 -1 -1 -1 -1 -1 -1 -1 -1 18 -1 17 -1 -1 -1 -1 -1 -1 -1 -1 -1 -1 -1 -1 -1 22 21 20 19 -1 -1 0 
-1 -1 -1 -1 4 5 -1 26 0 -1 -1 -1 -1 -1 -1 -1 -1 -1 -1 -1 -1 -1 6 -1 -1 -1 -1 11 -1 -1 -1 3 -1 16 -1 -1 -1 -1 2 7 13 -1 14 -1 -1 -1 -1 -1 -1 -1 -1 -1 -1 -1 -1 -1 -1 -1 29 -1 -1 -1 -1 -1 -1 -1 -1 18 -1 17 -1 -1 -1 -1 -1 -1 -1 -1 -1 -1 -1 -1 -1 22 21 20 19 -1 -1 -1 
-1 -1 -1 -1 4 5 -1 -1 0 -1 -1 -1 -1 -1 -1 -1 -1 -1 -1 -1 -1 -1 6 -1 -1 -1 -1 11 -1 -1 -1 3 -1 16 -1 -1 -1 -1 2 7 13 -1 14 26 -1 -1 -1 -1 -1 -1 -1 -1 -1 -1 -1 -1 -1 -1 29 -1 -1 -1 -1 -1 -1 -1 -1 18 -1 17 -1 -1 -1 -1 -1 -1 -1 -1 -1 -1 -1 -1 -1 22 21 20 19 -1 -1 -1 
-1 -1 -1 -1 -1 4 -1 -1 0 -1 -1 -1 -1 -1 -1 -1 -1 -1 -1 -1 -1 -1 6 -1 -1 -1 -1 11 -1 -1 -1 3 -1 16 -1 -1 -1 -1 2 7 13 -1 14 26 -1 -1 -1 -1 -1 -1 -1 -1 -1 -1 -1 -1 -1 -1 29 -1 -1 -1 -1 -1 -1 -1 -1 18 -1 17 -1 -1 -1 -1 -1 -1 -1 -1 -1 -1 -1 -1 -1 22 21 20 19 -1 -1 -1 
-1 -1 -1 -1 -1 4 -1 -1 0 -1 -1 -1 -1 -1 -1 -1 -1 -1 -1 -1 -1 -1 6 -1 -1 -1 -1 11 -1 -1 -1 3 -1 16 -1 -1 -1 -1 2 7 26 -1 14 -1 -1 -1 -1 -1 -1 -1 -1 -1 -1 -1 -1 -1 -1 -1 29 -1 -1 -1 -1 -1 -1 -1 -1 18 -1 17 -1 -1 -1 -1 -1 -1 -1 -1 -1 -1 -1 -1 -1 22 21 20 19 -1 -1 -1 
-1 -1 -1 -1 -1 4 -1 -1 -1 -1 -1 -1 -1 -1 -1 -1 -1 -1 -1 -1 -1 -1 6 -1 -1 -1 -1 11 -1 -1 -1 3 -1 16 -1 -1 -1 -1 2 7 26 -1 14 -1 -1 -1 -1 -1 -1 -1 -1 -1 -1 -1 -1 -1 -1 -1 29 -1 -1 -1 -1 -1 -1 -1 -1 18 -1 17 -1 0 -1 -1 -1 -1 -1 -1 -1 -1 -1 -1 -1 22 21 20 19 -1 -1 -1 
-1 -1 -1 -1 -1 4 -1 -1 -1 -1 -1 -1 -1 -1 -1 -1 -1 -1 -1 -1 -1 -1 6 -1 -1 -1 -1 11 -1 -1 -1 3 -1 16 -1 -1 -1 -1 2 7 26 -1 14 -1 -1 -1 -1 -1 -1 -1 -1 -1 17 -1 -1 -1 -1 -1 29 -1 -1 -1 -1 -1 -1 -1 -1 18 -1 -1 -1 0 -1 -1 -1 -1 -1 -1 -1 -1 -1 -1 -1 22 21 20 19 -1 -1 -1 
-1 -1 -1 -1 -1 4 -1 -1 -1 -1 -1 -1 -1 -1 -1 -1 -1 -1 -1 -1 -1 -1 6 -1 -1 -1 -1 11 -1 -1 -1 3 -1 16 -1 -1 -1 -1 2 7 26 -1 14 -1 -1 -1 -1 -1 -1 -1 -1 -1 17 -1 -1 -1 -1 -1 29 -1 -1 -1 -1 -1 -1 -1 -1 18 -1 -1 0 -1 -1 -1 -1 -1 -1 -1 -1 -1 -1 -1 -1 22 21 20 19 -1 -1 -1 
-1 -1 -1 -1 -1 4 -1 -1 -1 -1 -1 -1 -1 -1 -1 -1 -1 -1 -1 -1 -1 -1 6 -1 -1 -1 -1 11 -1 -1 -1 3 -1 16 -1 -1 -1 -1 2 7 26 17 14 -1 -1 -1 -1 -1 -1 -1 -1 -1 -1 -1 -1 -1 -1 -1 29 -1 -1 -1 -1 -1 -1 -1 -1 18 -1 -1 0 -1 -1 -1 -1 -1 -1 -1 -1 -1 -1 -1 -1 22 21 20 19 -1 -1 -1 
