0 1 2 3 4 5 6 7 8 -1 -1 -1 -1 -1 -1 -1 -1 -1 -1 9 -1 -1 -1 -1 -1 10 -1 11 -1 12 -1 13 -1 14 -1 15 -1 -1 -1 -1 -1 -1 -1 -1 -1 -1 -1 -1 -1 -1 -1 -1 -1 -1 -1 -1 30 -1 29 -1 28 -1 27 -1 26 -1 -1 18 -1 -1 25 -1 -1 -1 -1 -1 -1 -1 -1 -1 -1 24 23 22 21 20 19 -1 17 16 
0 1 2 3 4 5 6 7 8 -1 -1 -1 -1 -1 -1 -1 -1 -1 -1 -1 -1 9 -1 -1 -1 10 -1 11 -1 12 -1 13 -1 14 -1 15 -1 -1 -1 -1 -1 -1 -1 -1 -1 -1 -1 -1 -1 -1 -1 -1 -1 -1 -1 -1 30 -1 29 -1 28 -1 27 -1 26 -1 -1 18 -1 -1 25 -1 -1 -1 -1 -1 -1 -1 -1 -1 -1 24 23 22 21 20 19 -1 17 16 
0 1 2 3 4 5 6 7 8 -1 -1 -1 -1 -1 -1 -1 -1 -1 -1 -1 -1 9 -1 -1 -1 10 -1 11 -1 12 -1 13 -1 14 -1 15 -1 -1 -1 -1 -1 -1 -1 -1 -1 -1 -1 -1 -1 -1 -1 -1 -1 -1 -1 -1 30 -1 29 -1 28 -1 27 -1 26 -1 -1 18 -1 -1 25 -1 24 -1 -1 -1 -1 -1 -1 -1 -1 -1 23 22 21 20 19 -1 17 16 
0 -1 2 3 4 5 6 7 8 -1 -1 -1 -1 -1 -1 -1 -1 -1 1 -1 -1 9 -1 -1 -1 10 -1 11 -1 12 -1 13 -1 14 -1 15 -1 -1 -1 -1 -1 -1 -1 -1 -1 -1 -1 -1 -1 -1 -1 -1 -1 -1 -1 -1 30 -1 29 -1 28 -1 27 -1 26 -1 -1 18 -1 -1 25 -1 24 -1 -1 -1 -1 -1 -1 -1 -1 -1 23 22 21 20 19 -1 17 16 
0 -1 2 3 4 5 6 7 8 -1 -1 -1 -1 -1 -1 -1 -1 -1 1 -1 -1 9 -1 -1 -1 10 -1 11 -1 12 -1 13 -1 14 -1 15 -1 -1 -1 -1 -1 -1 -1 -1 -1 31 -1 -1 -1 -1 -1 -1 -1 -1 -1 -1 30 -1 29 -1 28 -1 27 -1 26 -1 -1 18 -1 -1 25 -1 24 -1 -1 -1 -1 -1 -1 -1 -1 -1 23 22 21 20 19 -1 17 16 
-1 0 2 3 4 5 6 7 8 -1 -1 -1 -1 -1 -1 -1 -1 -1 1 -1 -1 9 -1 -1 -1 10 -1 11 -1 12 -1 13 -1 14 -1 15 -1 -1 -1 -1 -1 -1 -1 -1 -1 31 -1 -1 -1 -1 -1 -1 -1 -1 -1 -1 30 -1 29 -1 28 -1 27 -1 26 -1 -1 18 -1 -1 25 -1 24 -1 -1 -1 -1 -1 -1 -1 -1 -1 23 22 21 20 19 -1 17 16 
-1 0 2 3 4 5 6 7 8 -1 -1 -1 -1 -1 -1 -1 -1 -1 1 -1 -1 9 -1 -1 -1 10 -1 11 -1 12 -1 13 -1 14 -1 15 -1 -1 -1 -1 -1 -1 -1 -1 -1 31 -1 -1 -1 -1 -1 -1 -1 -1 -1 -1 30 -1 29 -1 28 -1 27 -1 26 -1 -1 18 -1 -1 25 -1 -1 -1 -1 24 -1 -1 -1 -1 -1 -1 23 22 21 20 19 -1 17 16 
-1 0 2 3 4 -1 6 7 8 -1 -1 -1 -1 5 -1 -1 -1 -1 1 -1 -1 9 -1 -1 -1 10 -1 11 -1 12 -1 13 -1 14 -1 15 -1 -1 -1 -1 -1 -1 -1 -1 -1 31 -1 -1 -1 -1 -1 -1 -1 -1 -1 -1 30 -1 29 -1 28 -1 27 -1 26 -1 -1 18 -1 -1 25 -1 -1 -1 -1 24 -1 -1 -1 -1 -1 -1 23 22 21 20 19 -1 17 16 
-1 0 2 3 4 -1 6 7 8 -1 -1 -1 -1 5 -1 -1 -1 -1 1 -1 -1 9 -1 -1 -1 10 -1 11 -1 12 -1 13 -1 14 -1 15 -1 -1 -1 -1 -1 -1 -1 -1 -1 31 -1 -1 -1 -1 -1 -1 -1 -1 -1 -1 30 -1 29 -1 28 -1 27 23 26 -1 -1 18 -1 -1 25 -1 -1 -1 -1 24 -1 -1 -1 -1 -1 -1 -1 22 21 20 19 -1 17 16 
-1 0 2 3 4 -1 6 7 8 -1 -1 -1 -1 5 -1 -1 -1 -1 1 -1 -1 9 10 -1 -1 -1 -1 11 -1 12 -1 13 -1 14 -1 15 -1 -1 -1 -1 -1 -1 -1 -1 -1 31 -1 -1 -1 -1 -1 -1 -1 -1 -1 -1 30 -1 29 -1 28 -1 27 23 26 -1 -1 18 -1 -1 25 -1 -1 -1 -1 24 -1 -1 -1 -1 -1 -1 -1 22 21 20 19 -1 17 16 
-1 0 2 3 4 -1 6 7 8 -1 -1 -1 -1 5 -1 -1 -1 -1 1 -1 -1 9 10 -1 -1 -1 -1 11 -1 12 -1 13 -1 14 -1 15 -1 -1 -1 -1 -1 -1 -1 -1 -1 31 -1 -1 24 -1 -1 -1 -1 -1 -1 -1 30 -1 29 -1 28 -1 27 23 26 -1 -1 18 -1 -1 25 -1 -1 -1 -1 -1 -1 -1 -1 -1 -1 -1 -1 22 21 20 19 -1 17 16 
-1 0 2 3 4 -1 6 7 8 -1 -1 -1 -1 5 -1 -1 -1 -1 1 -1 -1 9 -1 -1 -1 -1 -1 11 -1 12 -1 13 -1 14 -1 15 -1 -1 -1 -1 -1 -1 -1 -1 -1 31 -1 -1 24 -1 -1 -1 -1 -1 -1 -1 30 -1 10 -1 28 -1 27 23 26 -1 -1 18 -1 -1 25 -1 -1 -1 -1 -1 -1 -1 -1 -1 -1 -1 -1 22 21 20 19 -1 17 16 
-1 0 2 3 4 -1 6 7 8 -1 -1 -1 -1 5 -1 -1 -1 -1 1 -1 -1 9 -1 -1 -1 -1 -1 11 -1 12 -1 13 -1 14 -1 15 -1 -1 -1 -1 -1 -1 -1 -1 -1 31 -1 -1 24 -1 -1 -1 -1 -1 -1 -1 30 -1 10 -1 28 -1 27 23 26 -1 -1 18 -1 -1 25 -1 -1 -1 -1 -1 19 -1 -1 -1 -1 -1 -1 22 21 20 -1 -1 17 16 
-1 -1 2 3 4 -1 6 7 8 -1 -1 -1 -1 5 -1 -1 -1 -1 1 -1 -1 9 -1 -1 -1 -1 -1 11 -1 12 -1 13 -1 14 -1 15 -1 0 -1 -1 -1 -1 -1 -1 -1 31 -1 -1 24 -1 -1 -1 -1 -1 -1 -1 30 -1 10 -1 28 -1 27 23 26 -1 -1 18 -1 -1 25 -1 -1 -1 -1 -1 19 -1 -1 -1 -1 -1 -1 22 21 20 -1 -1 17 16 
-1 -1 2 3 4 -1 6 7 8 -1 -1 -1 -1 5 -1 -1 -1 -1 1 -1 -1 9 -1 -1 -1 -1 -1 11 -1 12 -1 13 -1 14 -1 15 -1 0 -1 -1 -1 -1 -1 -1 -1 31 -1 -1 24 -1 -1 -1 -1 -1 -1 -1 30 -1 10 -1 28 -1 27 23 26 -1 -1 18 -1 17 25 -1 -1 -1 -1 -1 19 -1 -1 -1 -1 -1 -1 22 21 20 -1 -1 -1 16 
-1 -1 2 3 4 -1 6 7 8 -1 -1 -1 -1 5 -1 -1 -1 -1 1 -1 -1 9 -1 -1 -1 -1 -1 11 -1 12 -1 13 -1 14 -1 15 -1 0 -1 -1 -1 -1 -1 -1 -1 31 -1 -1 24 -1 -1 -1 -1 -1 -1 -1 30 -1 -1 10 28 -1 27 23 26 -1 -1 18 -1 17 25 -1 -1 -1 -1 -1 19 -1 -1 -1 -1 -1 -1 22 21 20 -1 -1 -1 16 
-1 -1 2 3 4 -1 6 7 8 -1 -1 -1 -1 5 -1 -1 -1 -1 1 -1 -1 9 -1 -1 -1 -1 -1 11 -1 12 -1 13 -1 14 -1 15 -1 0 -1 -1 -1 -1 -1 -1 -1 31 23 -1 24 -1 -1 -1 -1 -1 -1 -1 30 -1 -1 10 28 -1 27 -1 26 -1 -1 18 -1 17 25 -1 -1 -1 -1 -1 19 -1 -1 -1 -1 -1 -1 22 21 20 -1 -1 -1 16 
-1 -1 2 3 4 -1 6 7 8 -1 -1 -1 -1 5 -1 -1 -1 -1 1 -1 -1 9 -1 -1 -1 -1 -1 11 -1 12 -1 13 -1 14 -1 15 -1 -1 -1 -1 0 -1 -1 -1 -1 31 23 -1 24 -1 -1 -1 -1 -1 -1 -1 30 -1 -1 10 28 -1 27 -1 26 -1 -1 18 -1 17 25 -1 -1 -1 -1 -1 19 -1 -1 -1 -1 -1 -1 22 21 20 -1 -1 -1 16 
-1 -1 2 3 4 -1 6 7 8 -1 -1 -1 -1 5 -1 -1 -1 -1 1 -1 -1 9 -1 -1 -1 25 -1 11 -1 12 -1 13 -1 14 -1 15 -1 -1 -1 -1 0 -1 -1 -1 -1 31 23 -1 24 -1 -1 -1 -1 -1 -1 -1 30 -1 -1 10 28 -1 27 -1 26 -1 -1 18 -1 17 -1 -1 -1 -1 -1 -1 19 -1 -1 -1 -1 -1 -1 22 21 20 -1 -1 -1 16 
-1 -1 2 3 4 -1 6 7 8 -1 -1 -1 -1 5 -1 -1 -1 -1 1 -1 -1 9 -1 -1 -1 25 -1 11 -1 12 -1 13 10 14 -1 15 -1 -1 -1 -1 0 -1 -1 -1 -1 31 23 -1 24 -1 -1 -1 -1 -1 -1 -1 30 -1 -1 -1 28 -1 27 -1 26 -1 -1 18 -1 17 -1 -1 -1 -1 -1 -1 19 -1 -1 -1 -1 -1 -1 22 21 20 -1 -1 -1 16 
-1 -1 2 3 4 -1 6 7 8 -1 -1 -1 -1 5 -1 -1 -1 -1 1 -1 -1 9 -1 -1 -1 25 -1 11 -1 12 -1 13 10 14 -1 15 -1 -1 -1 -1 0 -1 -1 -1 -1 31 23 -1 24 -1 -1 -1 -1 -1 -1 -1 30 -1 -1 -1 28 -1 27 -1 26 -1 -1 18 -1 17 -1 -1 -1 -1 -1 -1 19 -1 -1 -1 -1 -1 -1 22 21 20 16 -1 -1 -1 
-1 -1 2 3 4 -1 6 7 8 -1 -1 -1 -1 5 -1 -1 -1 -1 1 -1 -1 -1 -1 -1 -1 25 -1 11 -1 12 9 13 10 14 -1 15 -1 -1 -1 -1 0 -1 -1 -1 -1 31 23 -1 24 -1 -1 -1 -1 -1 -1 -1 30 -1 -1 -1 28 -1 27 -1 26 -1 -1 18 -1 17 -1 -1 -1 -1 -1 -1 19 -1 -1 -1 -1 -1 -1 22 21 20 16 -1 -1 -1 
-1 -1 2 3 4 -1 6 7 8 -1 -1 -1 -1 5 -1 -1 -1 -1 1 25 -1 -1 -1 -1 -1 -1 -1 11 -1 12 9 13 10 14 -1 15 -1 -1 -1 -1 0 -1 -1 -1 -1 31 23 -1 24 -1 -1 -1 -1 -1 -1 -1 30 -1 -1 -1 28 -1 27 -1 26 -1 -1 18 -1 17 -1 -1 -1 -1 -1 -1 19 -1 -1 -1 -1 -1 -1 22 21 20 16 -1 -1 -1 
-1 -1 2 3 4 -1 6 7 8 -1 -1 -1 -1 5 -1 -1 -1 -1 1 25 -1 -1 -1 -1 -1 -1 -1 -1 -1 12 9 13 10 14 -1 15 11 -1 -1 -1 0 -1 -1 -1 -1 31 23 -1 24 -1 -1 -1 -1 -1 -1 -1 30 -1 -1 -1 28 -1 27 -1 26 -1 -1 18 -1 17 -1 -1 -1 -1 -1 -1 19 -1 -1 -1 -1 -1 -1 22 21 20 16 -1 -1 -1 
-1 -1 2 3 4 -1 6 7 8 -1 -1 -1 -1 5 -1 -1 -1 -1 1 25 -1 -1 -1 -1 -1 -1 -1 -1 -1 12 9 13 10 14 -1 15 31 -1 -1 -1 0 -1 -1 -1 -1 -1 23 -1 24 -1 -1 -1 -1 -1 -1 -1 30 -1 -1 -1 28 -1 27 -1 26 -1 -1 18 -1 17 -1 -1 -1 -1 -1 -1 19 -1 -1 -1 -1 -1 -1 22 21 20 16 -1 -1 -1 
-1 -1 2 3 4 -1 6 7 8 -1 -1 -1 -1 5 -1 -1 -1 -1 1 25 -1 -1 -1 -1 -1 -1 -1 -1 -1 12 9 13 10 14 -1 15 0 -1 -1 -1 -1 -1 -1 -1 -1 -1 23 -1 24 -1 -1 -1 -1 -1 -1 -1 30 -1 -1 -1 28 -1 27 -1 26 -1 -1 18 -1 17 -1 -1 -1 -1 -1 -1 19 -1 -1 -1 -1 -1 -1 22 21 20 16 -1 -1 -1 
-1 -1 2 3 4 -1 6 7 8 -1 -1 -1 -1 5 -1 -1 -1 -1 1 25 -1 -1 -1 -1 -1 -1 -1 -1 -1 23 9 13 10 14 -1 15 0 -1 -1 -1 -1 -1 -1 -1 -1 -1 -1 -1 24 -1 -1 -1 -1 -1 -1 -1 30 -1 -1 -1 28 -1 27 -1 26 -1 -1 18 -1 17 -1 -1 -1 -1 -1 -1 19 -1 -1 -1 -1 -1 -1 22 21 20 16 -1 -1 -1 
-1 -1 2 3 4 -1 6 7 8 -1 -1 -1 -1 5 -1 -1 -1 -1 1 25 -1 -1 -1 -1 -1 -1 -1 -1 -1 23 9 13 10 14 -1 15 -1 0 -1 -1 -1 -1 -1 -1 -1 -1 -1 -1 24 -1 -1 -1 -1 -1 -1 -1 30 -1 -1 -1 28 -1 27 -1 26 -1 -1 18 -1 17 -1 -1 -1 -1 -1 -1 19 -1 -1 -1 -1 -1 -1 22 21 20 16 -1 -1 -1 
-1 -1 2 3 4 -1 6 7 8 -1 -1 -1 -1 5 -1 -1 -1 -1 1 25 -1 -1 -1 -1 -1 -1 -1 -1 -1 23 9 13 10 14 -1 15 -1 0 -1 -1 -1 -1 -1 -1 -1 -1 24 -1 -1 -1 -1 -1 -1 -1 -1 -1 30 -1 -1 -1 28 -1 27 -1 26 -1 -1 18 -1 17 -1 -1 -1 -1 -1 -1 19 -1 -1 -1 -1 -1 -1 22 21 20 16 -1 -1 -1 
-1 -1 2 3 4 -1 6 7 8 -1 -1 -1 -1 5 -1 -1 -1 -1 1 25 -1 -1 -1 -1 -1 -1 -1 -1 -1 23 9 13 10 14 -1 15 -1 -1 -1 -1 -1 -1 -1 -1 -1 -1 0 -1 -1 -1 -1 -1 -1 -1 -1 -1 30 -1 -1 -1 28 -1 27 -1 26 -1 -1 18 -1 17 -1 -1 -1 -1 -1 -1 19 -1 -1 -1 -1 -1 -1 22 21 20 16 -1 -1 -1 
-1 -1 2 3 4 -1 6 7 8 -1 -1 -1 -1 5 -1 -1 -1 -1 1 25 -1 -1 -1 -1 -1 -1 -1 -1 -1 -1 9 13 10 14 -1 15 -1 -1 -1 -1 -1 -1 -1 -1 -1 -1 23 -1 -1 -1 -1 -1 -1 -1 -1 -1 30 -1 -1 -1 28 -1 27 -1 26 -1 -1 18 -1 17 -1 -1 -1 -1 -1 -1 19 -1 -1 -1 -1 -1 -1 22 21 20 16 -1 -1 -1 
-1 -1 2 3 4 10 6 7 8 -1 -1 -1 -1 5 -1 -1 -1 -1 1 25 -1 -1 -1 -1 -1 -1 -1 -1 -1 -1 9 13 -1 14 -1 15 -1 -1 -1 -1 -1 -1 -1 -1 -1 -1 23 -1 -1 -1 -1 -1 -1 -1 -1 -1 30 -1 -1 -1 28 -1 27 -1 26 -1 -1 18 -1 17 -1 -1 -1 -1 -1 -1 19 -1 -1 -1 -1 -1 -1 22 21 20 16 -1 -1 -1 
-1 -1 2 3 4 10 6 7 8 -1 -1 -1 -1 5 16 -1 -1 -1 1 25 -1 -1 -1 -1 -1 -1 -1 -1 -1 -1 9 13 -1 14 -1 15 -1 -1 -1 -1 -1 -1 -1 -1 -1 -1 23 -1 -1 -1 -1 -1 -1 -1 -1 -1 30 -1 -1 -1 28 -1 27 -1 26 -1 -1 18 -1 17 -1 -1 -1 -1 -1 -1 19 -1 -1 -1 -1 -1 -1 22 21 20 -1 -1 -1 -1 
-1 -1 2 3 4 10 6 7 8 -1 -1 -1 9 5 16 -1 -1 -1 1 25 -1 -1 -1 -1 -1 -1 -1 -1 -1 -1 -1 13 -1 14 -1 15 -1 -1 -1 -1 -1 -1 -1 -1 -1 -1 23 -1 -1 -1 -1 -1 -1 -1 -1 -1 30 -1 -1 -1 28 -1 27 -1 26 -1 -1 18 -1 17 -1 -1 -1 -1 -1 -1 19 -1 -1 -1 -1 -1 -1 22 21 20 -1 -1 -1 -1 
-1 -1 2 3 4 10 6 7 8 -1 -1 -1 9 5 16 -1 -1 -1 1 -1 -1 -1 25 -1 -1 -1 -1 -1 -1 -1 -1 13 -1 14 -1 15 -1 -1 -1 -1 -1 -1 -1 -1 -1 -1 23 -1 -1 -1 -1 -1 -1 -1 -1 -1 30 -1 -1 -1 28 -1 27 -1 26 -1 -1 18 -1 17 -1 -1 -1 -1 -1 -1 19 -1 -1 -1 -1 -1 -1 22 21 20 -1 -1 -1 -1 
-1 -1 2 3 4 10 6 7 8 -1 -1 -1 9 -1 16 -1 -1 -1 1 -1 -1 -1 25 5 -1 -1 -1 -1 -1 -1 -1 13 -1 14 -1 15 -1 -1 -1 -1 -1 -1 -1 -1 -1 -1 23 -1 -1 -1 -1 -1 -1 -1 -1 -1 30 -1 -1 -1 28 -1 27 -1 26 -1 -1 18 -1 17 -1 -1 -1 -1 -1 -1 19 -1 -1 -1 -1 -1 -1 22 21 20 -1 -1 -1 -1 
-1 -1 2 3 4 10 6 7 8 -1 -1 -1 9 -1 16 -1 -1 -1 1 -1 -1 -1 25 5 -1 -1 -1 -1 -1 -1 -1 13 -1 14 -1 15 -1 -1 -1 23 -1 -1 -1 -1 -1 -1 -1 -1 -1 -1 -1 -1 -1 -1 -1 -1 30 -1 -1 -1 28 -1 27 -1 26 -1 -1 18 -1 17 -1 -1 -1 -1 -1 -1 19 -1 -1 -1 -1 -1 -1 22 21 20 -1 -1 -1 -1 
-1 -1 2 3 4 10 6 7 8 -1 -1 -1 -1 -1 16 -1 -1 -1 1 -1 -1 -1 25 5 -1 -1 -1 -1 -1 -1 9 13 -1 14 -1 15 -1 -1 -1 23 -1 -1 -1 -1 -1 -1 -1 -1 -1 -1 -1 -1 -1 -1 -1 -1 30 -1 -1 -1 28 -1 27 -1 26 -1 -1 18 -1 17 -1 -1 -1 -1 -1 -1 19 -1 -1 -1 -1 -1 -1 22 21 20 -1 -1 -1 -1 
-1 -1 2 3 4 10 6 7 8 -1 -1 -1 -1 -1 16 -1 -1 -1 1 -1 -1 -1 25 5 -1 -1 -1 -1 23 -1 9 13 -1 14 -1 15 -1 -1 -1 -1 -1 -1 -1 -1 -1 -1 -1 -1 -1 -1 -1 -1 -1 -1 -1 -1 30 -1 -1 -1 28 -1 27 -1 26 -1 -1 18 -1 17 -1 -1 -1 -1 -1 -1 19 -1 -1 -1 -1 -1 -1 22 21 20 -1 -1 -1 -1 
-1 -1 2 3 4 10 6 7 8 -1 -1 -1 -1 -1 16 -1 -1 -1 1 -1 -1 -1 25 5 -1 -1 -1 -1 23 9 -1 13 -1 14 -1 15 -1 -1 -1 -1 -1 -1 -1 -1 -1 -1 -1 -1 -1 -1 -1 -1 -1 -1 -1 -1 30 -1 -1 -1 28 -1 27 -1 26 -1 -1 18 -1 17 -1 -1 -1 -1 -1 -1 19 -1 -1 -1 -1 -1 -1 22 21 20 -1 -1 -1 -1 
-1 -1 2 3 4 10 6 7 8 -1 -1 -1 -1 -1 16 -1 -1 -1 1 -1 25 -1 -1 5 -1 -1 -1 -1 23 9 -1 13 -1 14 -1 15 -1 -1 -1 -1 -1 -1 -1 -1 -1 -1 -1 -1 -1 -1 -1 -1 -1 -1 -1 -1 30 -1 -1 -1 28 -1 27 -1 26 -1 -1 18 -1 17 -1 -1 -1 -1 -1 -1 19 -1 -1 -1 -1 -1 -1 22 21 20 -1 -1 -1 -1 
-1 -1 2 -1 4 10 6 7 8 -1 -1 -1 -1 3 16 -1 -1 -1 1 -1 25 -1 -1 5 -1 -1 -1 -1 23 9 -1 13 -1 14 -1 15 -1 -1 -1 -1 -1 -1 -1 -1 -1 -1 -1 -1 -1 -1 -1 -1 -1 -1 -1 -1 30 -1 -1 -1 28 -1 27 -1 26 -1 -1 18 -1 17 -1 -1 -1 -1 -1 -1 19 -1 -1 -1 -1 -1 -1 22 21 20 -1 -1 -1 -1 
-1 -1 2 -1 4 10 6 7 8 -1 -1 -1 -1 3 16 -1 -1 -1 1 -1 25 -1 -1 5 -1 -1 -1 -1 23 9 -1 13 -1 14 -1 15 -1 -1 -1 -1 -1 -1 -1 -1 -1 -1 -1 30 -1 -1 -1 -1 -1 -1 -1 -1 -1 -1 -1 -1 28 -1 27 -1 26 -1 -1 18 -1 17 -1 -1 -1 -1 -1 -1 19 -1 -1 -1 -1 -1 -1 22 21 20 -1 -1 -1 -1 
-1 -1 -1 -1 4 10 6 7 8 -1 -1 -1 -1 3 16 -1 -1 -1 1 -1 25 -1 2 5 -1 -1 -1 -1 23 9 -1 13 -1 14 -1 15 -1 -1 -1 -1 -1 -1 -1 -1 -1 -1 -1 30 -1 -1 -1 -1 -1 -1 -1 -1 -1 -1 -1 -1 28 -1 27 -1 26 -1 -1 18 -1 17 -1 -1 -1 -1 -1 -1 19 -1 -1 -1 -1 -1 -1 22 21 20 -1 -1 -1 -1 
-1 -1 -1 -1 4 10 6 7 8 -1 -1 -1 -1 3 16 -1 -1 -1 1 -1 25 -1 2 5 -1 -1 -1 -1 23 9 -1 13 -1 14 -1 15 -1 -1 -1 -1 -1 -1 -1 -1 -1 -1 -1 30 -1 -1 -1 -1 -1 -1 -1 -1 -1 -1 17 -1 28 -1 27 -1 26 -1 -1 18 -1 -1 -1 -1 -1 -1 -1 -1 19 -1 -1 -1 -1 -1 -1 22 21 20 -1 -1 -1 -1 
-1 -1 -1 -1 4 10 6 -1 8 -1 -1 -1 -1 3 16 -1 -1 -1 1 -1 25 -1 2 5 -1 -1 7 -1 23 9 -1 13 -1 14 -1 15 -1 -1 -1 -1 -1 -1 -1 -1 -1 -1 -1 30 -1 -1 -1 -1 -1 -1 -1 -1 -1 -1 17 -1 28 -1 27 -1 26 -1 -1 18 -1 -1 -1 -1 -1 -1 -1 -1 19 -1 -1 -1 -1 -1 -1 22 21 20 -1 -1 -1 -1 
-1 -1 -1 -1 4 10 6 -1 8 -1 -1 -1 -1 3 16 -1 -1 -1 1 -1 25 -1 2 5 -1 -1 7 -1 23 9 -1 13 -1 14 -1 15 -1 -1 -1 -1 -1 17 -1 -1 -1 -1 -1 30 -1 -1 -1 -1 -1 -1 -1 -1 -1 -1 -1 -1 28 -1 27 -1 26 -1 -1 18 -1 -1 -1 -1 -1 -1 -1 -1 19 -1 -1 -1 -1 -1 -1 22 21 20 -1 -1 -1 -1 
-1 -1 -1 -1 4 10 6 -1 8 -1 -1 -1 -1 3 16 -1 -1 -1 1 -1 25 -1 2 5 -1 -1 7 -1 23 9 -1 13 -1 -1 -1 15 -1 -1 -1 -1 -1 17 14 -1 -1 -1 -1 30 -1 -1 -1 -1 -1 -1 -1 -1 -1 -1 -1 -1 28 -1 27 -1 26 -1 -1 18 -1 -1 -1 -1 -1 -1 -1 -1 19 -1 -1 -1 -1 -1 -1 22 21 20 -1 -1 -1 -1 
-1 -1 -1 -1 4 10 6 -1 8 -1 -1 -1 -1 3 16 -1 -1 -1 1 -1 -1 -1 2 25 -1 -1 7 -1 23 9 -1 13 -1 -1 -1 15 -1 -1 -1 -1 -1 17 14 -1 -1 -1 -1 30 -1 -1 -1 -1 -1 -1 -1 -1 -1 -1 -1 -1 28 -1 27 -1 26 -1 -1 18 -1 -1 -1 -1 -1 -1 -1 -1 19 -1 -1 -1 -1 -1 -1 22 21 20 -1 -1 -1 -1 
-1 -1 -1 -1 4 -1 6 -1 8 -1 -1 -1 -1 3 16 -1 -1 -1 1 -1 -1 -1 2 10 -1 -1 7 -1 23 9 -1 13 -1 -1 -1 15 -1 -1 -1 -1 -1 17 14 -1 -1 -1 -1 30 -1 -1 -1 -1 -1 -1 -1 -1 -1 -1 -1 -1 28 -1 27 -1 26 -1 -1 18 -1 -1 -1 -1 -1 -1 -1 -1 19 -1 -1 -1 -1 -1 -1 22 21 20 -1 -1 -1 -1 
-1 -1 -1 -1 4 -1 6 -1 8 -1 -1 -1 -1 3 16 -1 -1 -1 1 -1 -1 -1 2 10 -1 -1 7 -1 23 9 17 13 -1 -1 -1 15 -1 -1 -1 -1 -1 -1 14 -1 -1 -1 -1 30 -1 -1 -1 -1 -1 -1 -1 -1 -1 -1 -1 -1 28 -1 27 -1 26 -1 -1 18 -1 -1 -1 -1 -1 -1 -1 -1 19 -1 -1 -1 -1 -1 -1 22 21 20 -1 -1 -1 -1 
-1 -1 -1 -1 4 -1 6 -1 8 -1 -1 -1 -1 3 16 -1 -1 -1 1 -1 -1 -1 2 10 -1 -1 -1 -1 23 9 17 13 -1 7 -1 15 -1 -1 -1 -1 -1 -1 14 -1 -1 -1 -1 30 -1 -1 -1 -1 -1 -1 -1 -1 -1 -1 -1 -1 28 -1 27 -1 26 -1 -1 18 -1 -1 -1 -1 -1 -1 -1 -1 19 -1 -1 -1 -1 -1 -1 22 21 20 -1 -1 -1 -1 
-1 -1 -1 -1 4 -1 6 -1 8 -1 -1 23 -1 3 16 -1 -1 -1 1 -1 -1 -1 2 10 -1 -1 -1 -1 -1 9 17 13 -1 7 -1 15 -1 -1 -1 -1 -1 -1 14 -1 -1 -1 -1 30 -1 -1 -1 -1 -1 -1 -1 -1 -1 -1 -1 -1 28 -1 27 -1 26 -1 -1 18 -1 -1 -1 -1 -1 -1 -1 -1 19 -1 -1 -1 -1 -1 -1 22 21 20 -1 -1 -1 -1 
-1 -1 -1 -1 4 -1 6 -1 8 -1 -1 1 -1 3 16 -1 -1 -1 -1 -1 -1 -1 2 10 -1 -1 -1 -1 -1 9 17 13 -1 7 -1 15 -1 -1 -1 -1 -1 -1 14 -1 -1 -1 -1 30 -1 -1 -1 -1 -1 -1 -1 -1 -1 -1 -1 -1 28 -1 27 -1 26 -1 -1 18 -1 -1 -1 -1 -1 -1 -1 -1 19 -1 -1 -1 -1 -1 -1 22 21 20 -1 -1 -1 -1 
-1 -1 -1 -1 4 -1 6 -1 8 -1 -1 17 -1 3 16 -1 -1 -1 -1 -1 -1 -1 2 10 -1 -1 -1 -1 -1 9 -1 13 -1 7 -1 15 -1 -1 -1 -1 -1 -1 14 -1 -1 -1 -1 30 -1 -1 -1 -1 -1 -1 -1 -1 -1 -1 -1 -1 28 -1 27 -1 26 -1 -1 18 -1 -1 -1 -1 -1 -1 -1 -1 19 -1 -1 -1 -1 -1 -1 22 21 20 -1 -1 -1 -1 
-1 -1 -1 4 -1 -1 6 -1 8 -1 -1 17 -1 3 16 -1 -1 -1 -1 -1 -1 -1 2 10 -1 -1 -1 -1 -1 9 -1 13 -1 7 -1 15 -1 -1 -1 -1 -1 -1 14 -1 -1 -1 -1 30 -1 -1 -1 -1 -1 -1 -1 -1 -1 -1 -1 -1 28 -1 27 -1 26 -1 -1 18 -1 -1 -1 -1 -1 -1 -1 -1 19 -1 -1 -1 -1 -1 -1 22 21 20 -1 -1 -1 -1 
-1 -1 -1 4 -1 -1 6 -1 8 -1 -1 17 -1 16 -1 -1 -1 -1 -1 -1 -1 -1 2 10 -1 -1 -1 -1 -1 9 -1 13 -1 7 -1 15 -1 -1 -1 -1 -1 -1 14 -1 -1 -1 -1 30 -1 -1 -1 -1 -1 -1 -1 -1 -1 -1 -1 -1 28 -1 27 -1 26 -1 -1 18 -1 -1 -1 -1 -1 -1 -1 -1 19 -1 -1 -1 -1 -1 -1 22 21 20 -1 -1 -1 -1 
-1 -1 -1 4 -1 -1 6 -1 8 -1 -1 17 -1 16 -1 -1 -1 -1 -1 -1 -1 -1 2 10 -1 -1 -1 -1 9 -1 -1 13 -1 7 -1 15 -1 -1 -1 -1 -1 -1 14 -1 -1 -1 -1 30 -1 -1 -1 -1 -1 -1 -1 -1 -1 -1 -1 -1 28 -1 27 -1 26 -1 -1 18 -1 -1 -1 -1 -1 -1 -1 -1 19 -1 -1 -1 -1 -1 -1 22 21 20 -1 -1 -1 -1 
-1 -1 -1 4 -1 -1 6 -1 8 -1 -1 17 -1 16 -1 -1 -1 -1 -1 -1 -1 -1 2 10 -1 -1 -1 -1 9 -1 -1 13 -1 7 -1 15 -1 -1 -1 -1 -1 -1 14 -1 -1 -1 -1 30 -1 -1 -1 -1 -1 -1 -1 -1 -1 -1 -1 -1 28 -1 27 -1 -1 -1 26 18 -1 -1 -1 -1 -1 -1 -1 -1 19 -1 -1 -1 -1 -1 -1 22 21 20 -1 -1 -1 -1 
-1 -1 -1 4 -1 -1 6 -1 8 -1 -1 17 -1 16 -1 -1 -1 -1 -1 -1 -1 -1 2 10 -1 -1 -1 -1 9 -1 -1 13 -1 -1 -1 15 -1 -1 -1 -1 7 -1 14 -1 -1 -1 -1 30 -1 -1 -1 -1 -1 -1 -1 -1 -1 -1 -1 -1 28 -1 27 -1 -1 -1 26 18 -1 -1 -1 -1 -1 -1 -1 -1 19 -1 -1 -1 -1 -1 -1 22 21 20 -1 -1 -1 -1 
-1 -1 -1 4 16 -1 6 -1 8 -1 -1 17 -1 -1 -1 -1 -1 -1 -1 -1 -1 -1 2 10 -1 -1 -1 -1 9 -1 -1 13 -1 -1 -1 15 -1 -1 -1 -1 7 -1 14 -1 -1 -1 -1 30 -1 -1 -1 -1 -1 -1 -1 -1 -1 -1 -1 -1 28 -1 27 -1 -1 -1 26 18 -1 -1 -1 -1 -1 -1 -1 -1 19 -1 -1 -1 -1 -1 -1 22 21 20 -1 -1 -1 -1 
-1 -1 -1 -1 16 -1 6 -1 8 -1 -1 17 4 -1 -1 -1 -1 -1 -1 -1 -1 -1 2 10 -1 -1 -1 -1 9 -1 -1 13 -1 -1 -1 15 -1 -1 -1 -1 7 -1 14 -1 -1 -1 -1 30 -1 -1 -1 -1 -1 -1 -1 -1 -1 -1 -1 -1 28 -1 27 -1 -1 -1 26 18 -1 -1 -1 -1 -1 -1 -1 -1 19 -1 -1 -1 -1 -1 -1 22 21 20 -1 -1 -1 -1 
-1 -1 -1 -1 16 -1 6 -1 8 -1 -1 -1 4 -1 -1 -1 -1 -1 -1 -1 -1 -1 2 10 -1 -1 -1 -1 9 -1 17 13 -1 -1 -1 15 -1 -1 -1 -1 7 -1 14 -1 -1 -1 -1 30 -1 -1 -1 -1 -1 -1 -1 -1 -1 -1 -1 -1 28 -1 27 -1 -1 -1 26 18 -1 -1 -1 -1 -1 -1 -1 -1 19 -1 -1 -1 -1 -1 -1 22 21 20 -1 -1 -1 -1 
-1 -1 -1 -1 16 -1 6 -1 8 -1 -1 -1 4 -1 -1 -1 -1 -1 -1 -1 -1 -1 2 10 -1 -1 -1 -1 9 -1 17 13 -1 -1 -1 15 -1 -1 -1 -1 -1 -1 14 -1 -1 -1 -1 30 -1 -1 -1 -1 -1 -1 -1 -1 -1 7 -1 -1 28 -1 27 -1 -1 -1 26 18 -1 -1 -1 -1 -1 -1 -1 -1 19 -1 -1 -1 -1 -1 -1 22 21 20 -1 -1 -1 -1 
-1 -1 -1 -1 16 -1 6 -1 8 -1 -1 -1 4 -1 -1 -1 -1 -1 -1 17 -1 -1 2 10 -1 -1 -1 -1 9 -1 -1 13 -1 -1 -1 15 -1 -1 -1 -1 -1 -1 14 -1 -1 -1 -1 30 -1 -1 -1 -1 -1 -1 -1 -1 -1 7 -1 -1 28 -1 27 -1 -1 -1 26 18 -1 -1 -1 -1 -1 -1 -1 -1 19 -1 -1 -1 -1 -1 -1 22 21 20 -1 -1 -1 -1 
