0 1 2 3 4 5 6 7 8 -1 -1 -1 -1 -1 -1 -1 -1 -1 -1 9 -1 -1 -1 -1 -1 10 -1 11 -1 12 -1 13 -1 14 -1 15 -1 -1 -1 -1 -1 -1 -1 -1 -1 -1 -1 -1 -1 -1 -1 -1 -1 -1 -1 -1 30 -1 29 -1 28 -1 27 -1 26 -1 -1 18 -1 -1 25 -1 -1 -1 -1 -1 -1 -1 -1 -1 -1 24 23 22 21 20 19 -1 17 16 
0 1 2 3 4 5 6 7 8 -1 -1 -1 -1 -1 -1 -1 -1 -1 -1 -1 -1 9 -1 -1 -1 10 -1 11 -1 12 -1 13 -1 14 -1 15 -1 -1 -1 -1 -1 -1 -1 -1 -1 -1 -1 -1 -1 -1 -1 -1 -1 -1 -1 -1 30 -1 29 -1 28 -1 27 -1 26 -1 -1 18 -1 -1 25 -1 -1 -1 -1 -1 -1 -1 -1 -1 -1 24 23 22 21 20 19 -1 17 16 
0 1 2 3 4 5 6 7 8 -1 -1 -1 -1 -1 -1 -1 -1 -1 -1 -1 -1 9 -1 -1 -1 10 -1 11 -1 12 -1 13 -1 14 -1 15 -1 -1 -1 -1 -1 -1 -1 -1 -1 -1 -1 -1 -1 -1 -1 -1 -1 -1 -1 -1 30 -1 29 -1 28 -1 27 -1 26 -1 -1 18 -1 -1 25 -1 24 -1 -1 -1 -1 -1 -1 -1 -1 -1 23 22 21 20 19 -1 17 16 
0 -1 2 3 4 5 6 7 8 -1 -1 -1 -1 -1 -1 -1 -1 -1 -1 -1 1 9 -1 -1 -1 10 -1 11 -1 12 -1 13 -1 14 -1 15 -1 -1 -1 -1 -1 -1 -1 -1 -1 -1 -1 -1 -1 -1 -1 -1 -1 -1 -1 -1 30 -1 29 -1 28 -1 27 -1 26 -1 -1 18 -1 -1 25 -1 24 -1 -1 -1 -1 -1 -1 -1 -1 -1 23 22 21 20 19 -1 17 16 
0 -1 2 3 4 5 6 7 8 -1 -1 -1 -1 -1 -1 -1 -1 -1 -1 -1 1 9 -1 -1 -1 10 -1 11 -1 12 -1 13 -1 14 -1 15 -1 -1 -1 -1 -1 -1 -1 -1 -1 -1 -1 -1 -1 -1 -1 -1 -1 -1 -1 -1 30 -1 29 -1 28 -1 27 -1 26 -1 -1 18 -1 -1 25 -1 -1 -1 -1 24 -1 -1 -1 -1 -1 -1 23 22 21 20 19 -1 17 16 
0 -1 2 3 4 5 6 -1 8 -1 -1 -1 -1 -1 -1 -1 -1 -1 -1 -1 1 9 -1 -1 7 10 -1 11 -1 12 -1 13 -1 14 -1 15 -1 -1 -1 -1 -1 -1 -1 -1 -1 -1 -1 -1 -1 -1 -1 -1 -1 -1 -1 -1 30 -1 29 -1 28 -1 27 -1 26 -1 -1 18 -1 -1 25 -1 -1 -1 -1 24 -1 -1 -1 -1 -1 -1 23 22 21 20 19 -1 17 16 
0 -1 2 3 4 5 6 -1 8 -1 -1 -1 -1 -1 -1 -1 -1 -1 -1 -1 1 9 -1 -1 7 10 -1 11 -1 12 -1 13 -1 14 -1 15 -1 -1 -1 -1 -1 -1 -1 -1 -1 -1 -1 -1 -1 -1 -1 -1 -1 -1 -1 -1 30 -1 29 -1 28 -1 27 23 26 -1 -1 18 -1 -1 25 -1 -1 -1 -1 24 -1 -1 -1 -1 -1 -1 -1 22 21 20 19 -1 17 16 
-1 0 2 3 4 5 6 -1 8 -1 -1 -1 -1 -1 -1 -1 -1 -1 -1 -1 1 9 -1 -1 7 10 -1 11 -1 12 -1 13 -1 14 -1 15 -1 -1 -1 -1 -1 -1 -1 -1 -1 -1 -1 -1 -1 -1 -1 -1 -1 -1 -1 -1 30 -1 29 -1 28 -1 27 23 26 -1 -1 18 -1 -1 25 -1 -1 -1 -1 24 -1 -1 -1 -1 -1 -1 -1 22 21 20 19 -1 17 16 
-1 0 2 3 4 5 6 -1 8 -1 -1 -1 -1 -1 -1 -1 -1 -1 -1 -1 1 9 -1 -1 7 10 -1 11 -1 12 -1 13 -1 14 -1 15 -1 -1 -1 -1 -1 -1 -1 -1 -1 31 -1 -1 -1 -1 -1 -1 -1 -1 -1 -1 30 -1 29 -1 28 -1 27 23 26 -1 -1 18 -1 -1 25 -1 -1 -1 -1 24 -1 -1 -1 -1 -1 -1 -1 22 21 20 19 -1 17 16 
-1 -1 2 3 4 5 6 -1 8 -1 -1 -1 -1 -1 -1 -1 -1 -1 -1 -1 1 9 -1 -1 7 10 -1 11 -1 12 -1 13 -1 14 -1 15 -1 0 -1 -1 -1 -1 -1 -1 -1 31 -1 -1 -1 -1 -1 -1 -1 -1 -1 -1 30 -1 29 -1 28 -1 27 23 26 -1 -1 18 -1 -1 25 -1 -1 -1 -1 24 -1 -1 -1 -1 -1 -1 -1 22 21 20 19 -1 17 16 
-1 -1 2 3 4 5 6 -1 8 -1 -1 -1 -1 -1 -1 -1 -1 -1 -1 -1 1 9 -1 -1 7 10 -1 11 -1 12 -1 13 -1 14 -1 15 -1 0 -1 -1 -1 -1 -1 -1 -1 31 -1 -1 24 -1 -1 -1 -1 -1 -1 -1 30 -1 29 -1 28 -1 27 23 26 -1 -1 18 -1 -1 25 -1 -1 -1 -1 -1 -1 -1 -1 -1 -1 -1 -1 22 21 20 19 -1 17 16 
-1 -1 2 3 4 5 6 -1 8 -1 -1 -1 -1 -1 -1 -1 -1 -1 -1 -1 1 9 -1 -1 7 10 -1 11 -1 12 -1 13 -1 14 -1 15 -1 -1 -1 -1 -1 0 -1 -1 -1 31 -1 -1 24 -1 -1 -1 -1 -1 -1 -1 30 -1 29 -1 28 -1 27 23 26 -1 -1 18 -1 -1 25 -1 -1 -1 -1 -1 -1 -1 -1 -1 -1 -1 -1 22 21 20 19 -1 17 16 
-1 -1 2 3 4 5 6 -1 8 -1 -1 -1 -1 -1 -1 -1 -1 -1 -1 -1 1 9 -1 -1 7 10 -1 11 -1 12 -1 13 -1 14 -1 15 -1 -1 -1 -1 -1 0 -1 -1 -1 31 -1 -1 24 -1 -1 -1 -1 -1 -1 -1 30 -1 29 -1 28 -1 27 23 26 -1 -1 18 -1 17 25 -1 -1 -1 -1 -1 -1 -1 -1 -1 -1 -1 -1 22 21 20 19 -1 -1 16 
-1 -1 2 3 4 5 6 -1 8 -1 -1 -1 -1 -1 -1 -1 -1 -1 -1 -1 1 9 -1 -1 7 10 -1 11 -1 -1 -1 13 -1 14 -1 15 -1 -1 12 -1 -1 0 -1 -1 -1 31 -1 -1 24 -1 -1 -1 -1 -1 -1 -1 30 -1 29 -1 28 -1 27 23 26 -1 -1 18 -1 17 25 -1 -1 -1 -1 -1 -1 -1 -1 -1 -1 -1 -1 22 21 20 19 -1 -1 16 
-1 -1 2 3 4 5 6 -1 8 -1 -1 -1 -1 -1 -1 -1 -1 -1 -1 -1 1 9 -1 -1 7 10 -1 11 -1 -1 -1 13 -1 14 -1 15 -1 -1 12 -1 -1 0 -1 -1 -1 31 23 -1 24 -1 -1 -1 -1 -1 -1 -1 30 -1 29 -1 28 -1 27 -1 26 -1 -1 18 -1 17 25 -1 -1 -1 -1 -1 -1 -1 -1 -1 -1 -1 -1 22 21 20 19 -1 -1 16 
-1 -1 2 3 4 -1 6 -1 8 -1 -1 -1 -1 5 -1 -1 -1 -1 -1 -1 1 9 -1 -1 7 10 -1 11 -1 -1 -1 13 -1 14 -1 15 -1 -1 12 -1 -1 0 -1 -1 -1 31 23 -1 24 -1 -1 -1 -1 -1 -1 -1 30 -1 29 -1 28 -1 27 -1 26 -1 -1 18 -1 17 25 -1 -1 -1 -1 -1 -1 -1 -1 -1 -1 -1 -1 22 21 20 19 -1 -1 16 
-1 -1 2 3 4 -1 6 -1 8 -1 -1 -1 -1 5 -1 -1 -1 -1 -1 -1 1 9 -1 -1 7 10 -1 11 -1 -1 -1 13 -1 14 -1 15 -1 -1 12 -1 -1 0 -1 -1 -1 31 23 -1 24 -1 -1 -1 -1 -1 -1 -1 30 -1 29 -1 28 -1 27 -1 26 -1 -1 18 -1 17 25 -1 -1 -1 -1 -1 19 -1 -1 -1 -1 -1 -1 22 21 20 -1 -1 -1 16 
-1 -1 2 3 4 -1 -1 -1 8 -1 -1 -1 -1 5 -1 -1 -1 -1 -1 -1 1 9 6 -1 7 10 -1 11 -1 -1 -1 13 -1 14 -1 15 -1 -1 12 -1 -1 0 -1 -1 -1 31 23 -1 24 -1 -1 -1 -1 -1 -1 -1 30 -1 29 -1 28 -1 27 -1 26 -1 -1 18 -1 17 25 -1 -1 -1 -1 -1 19 -1 -1 -1 -1 -1 -1 22 21 20 -1 -1 -1 16 
-1 -1 2 3 4 -1 -1 -1 8 -1 -1 -1 -1 5 -1 -1 -1 -1 -1 -1 1 9 6 -1 7 10 -1 11 -1 -1 -1 13 -1 14 -1 15 -1 -1 12 -1 -1 0 -1 -1 -1 31 23 -1 24 -1 -1 -1 -1 -1 -1 -1 30 -1 29 -1 28 -1 27 -1 26 -1 -1 18 -1 17 -1 25 -1 -1 -1 -1 19 -1 -1 -1 -1 -1 -1 22 21 20 -1 -1 -1 16 
-1 -1 2 3 4 -1 -1 -1 8 -1 -1 -1 -1 5 -1 -1 -1 -1 -1 -1 1 9 6 -1 7 -1 -1 11 -1 -1 -1 13 -1 14 -1 15 -1 -1 12 -1 -1 0 -1 10 -1 31 23 -1 24 -1 -1 -1 -1 -1 -1 -1 30 -1 29 -1 28 -1 27 -1 26 -1 -1 18 -1 17 -1 25 -1 -1 -1 -1 19 -1 -1 -1 -1 -1 -1 22 21 20 -1 -1 -1 16 
-1 -1 2 3 4 -1 -1 -1 8 -1 -1 -1 -1 5 -1 -1 -1 -1 -1 -1 1 9 6 -1 7 -1 -1 11 -1 -1 24 13 -1 14 -1 15 -1 -1 12 -1 -1 0 -1 10 -1 31 23 -1 -1 -1 -1 -1 -1 -1 -1 -1 30 -1 29 -1 28 -1 27 -1 26 -1 -1 18 -1 17 -1 25 -1 -1 -1 -1 19 -1 -1 -1 -1 -1 -1 22 21 20 -1 -1 -1 16 
-1 -1 2 3 4 -1 -1 -1 8 -1 -1 -1 -1 5 -1 -1 -1 -1 -1 -1 1 9 6 -1 7 -1 -1 11 -1 -1 24 13 -1 14 -1 15 -1 -1 12 -1 -1 -1 -1 10 -1 31 23 -1 -1 -1 0 -1 -1 -1 -1 -1 30 -1 29 -1 28 -1 27 -1 26 -1 -1 18 -1 17 -1 25 -1 -1 -1 -1 19 -1 -1 -1 -1 -1 -1 22 21 20 -1 -1 -1 16 
-1 -1 2 3 4 -1 -1 -1 8 -1 -1 -1 -1 5 -1 -1 -1 -1 -1 -1 1 9 6 -1 7 -1 -1 11 -1 -1 24 13 -1 14 -1 15 -1 -1 12 -1 -1 -1 -1 10 -1 31 -1 -1 -1 -1 0 -1 -1 -1 -1 -1 30 -1 29 -1 28 -1 27 23 26 -1 -1 18 -1 17 -1 25 -1 -1 -1 -1 19 -1 -1 -1 -1 -1 -1 22 21 20 -1 -1 -1 16 
-1 -1 2 3 4 -1 -1 -1 8 -1 -1 -1 -1 5 -1 -1 -1 -1 -1 -1 1 9 6 -1 7 -1 -1 11 -1 -1 24 13 -1 14 -1 15 -1 -1 12 -1 -1 -1 -1 10 -1 0 -1 -1 -1 -1 -1 -1 -1 -1 -1 -1 30 -1 29 -1 28 -1 27 23 26 -1 -1 18 -1 17 -1 25 -1 -1 -1 -1 19 -1 -1 -1 -1 -1 -1 22 21 20 -1 -1 -1 16 
-1 -1 2 3 4 -1 -1 -1 8 -1 -1 -1 -1 5 -1 -1 -1 -1 -1 -1 1 9 6 -1 7 -1 -1 11 -1 24 -1 13 -1 14 -1 15 -1 -1 12 -1 -1 -1 -1 10 -1 0 -1 -1 -1 -1 -1 -1 -1 -1 -1 -1 30 -1 29 -1 28 -1 27 23 26 -1 -1 18 -1 17 -1 25 -1 -1 -1 -1 19 -1 -1 -1 -1 -1 -1 22 21 20 -1 -1 -1 16 
-1 -1 2 3 4 -1 -1 -1 8 1 -1 -1 -1 5 -1 -1 -1 -1 -1 -1 -1 9 6 -1 7 -1 -1 11 -1 24 -1 13 -1 14 -1 15 -1 -1 12 -1 -1 -1 -1 10 -1 0 -1 -1 -1 -1 -1 -1 -1 -1 -1 -1 30 -1 29 -1 28 -1 27 23 26 -1 -1 18 -1 17 -1 25 -1 -1 -1 -1 19 -1 -1 -1 -1 -1 -1 22 21 20 -1 -1 -1 16 
-1 -1 2 3 4 -1 -1 -1 8 1 -1 -1 -1 5 -1 -1 -1 -1 -1 -1 -1 9 6 -1 7 -1 -1 11 -1 24 -1 13 -1 14 -1 15 -1 -1 12 -1 -1 -1 -1 10 -1 0 -1 -1 -1 -1 -1 28 -1 -1 -1 -1 30 -1 29 -1 -1 -1 27 23 26 -1 -1 18 -1 17 -1 25 -1 -1 -1 -1 19 -1 -1 -1 -1 -1 -1 22 21 20 -1 -1 -1 16 
-1 -1 2 3 4 -1 -1 -1 8 1 -1 -1 -1 5 -1 -1 -1 -1 -1 -1 -1 9 6 -1 7 -1 -1 11 -1 24 -1 13 -1 14 10 15 -1 -1 12 -1 -1 -1 -1 -1 -1 0 -1 -1 -1 -1 -1 28 -1 -1 -1 -1 30 -1 29 -1 -1 -1 27 23 26 -1 -1 18 -1 17 -1 25 -1 -1 -1 -1 19 -1 -1 -1 -1 -1 -1 22 21 20 -1 -1 -1 16 
-1 -1 2 3 4 -1 -1 -1 8 1 -1 -1 -1 5 -1 -1 -1 -1 -1 -1 -1 9 6 -1 7 -1 -1 11 -1 24 -1 13 -1 14 10 15 -1 -1 12 -1 -1 -1 -1 -1 -1 0 -1 -1 -1 -1 -1 28 17 -1 -1 -1 30 -1 29 -1 -1 -1 27 23 26 -1 -1 18 -1 -1 -1 25 -1 -1 -1 -1 19 -1 -1 -1 -1 -1 -1 22 21 20 -1 -1 -1 16 
-1 -1 2 3 4 -1 -1 -1 8 1 -1 -1 -1 5 -1 -1 -1 -1 -1 -1 -1 9 6 -1 7 -1 -1 11 -1 24 -1 13 -1 -1 10 15 -1 -1 12 -1 -1 -1 14 -1 -1 0 -1 -1 -1 -1 -1 28 17 -1 -1 -1 30 -1 29 -1 -1 -1 27 23 26 -1 -1 18 -1 -1 -1 25 -1 -1 -1 -1 19 -1 -1 -1 -1 -1 -1 22 21 20 -1 -1 -1 16 
-1 -1 2 3 4 -1 -1 -1 8 1 -1 -1 -1 5 -1 -1 -1 -1 -1 -1 -1 9 6 -1 7 -1 -1 11 -1 24 -1 13 -1 17 10 15 -1 -1 12 -1 -1 -1 14 -1 -1 0 -1 -1 -1 -1 -1 28 -1 -1 -1 -1 30 -1 29 -1 -1 -1 27 23 26 -1 -1 18 -1 -1 -1 25 -1 -1 -1 -1 19 -1 -1 -1 -1 -1 -1 22 21 20 -1 -1 -1 16 
-1 -1 2 3 4 -1 -1 -1 8 1 -1 -1 -1 5 -1 -1 -1 -1 -1 -1 -1 9 6 -1 7 -1 -1 11 -1 24 -1 13 -1 17 10 15 -1 -1 12 -1 -1 -1 -1 -1 -1 0 -1 -1 -1 -1 -1 14 -1 -1 -1 -1 30 -1 29 -1 -1 -1 27 23 26 -1 -1 18 -1 -1 -1 25 -1 -1 -1 -1 19 -1 -1 -1 -1 -1 -1 22 21 20 -1 -1 -1 16 
-1 -1 2 3 4 -1 -1 -1 8 1 -1 -1 -1 5 -1 -1 -1 -1 -1 -1 -1 9 6 -1 7 -1 -1 11 -1 24 -1 13 -1 17 10 15 -1 -1 12 -1 -1 -1 -1 -1 -1 0 -1 30 -1 -1 -1 14 -1 -1 -1 -1 -1 -1 29 -1 -1 -1 27 23 26 -1 -1 18 -1 -1 -1 25 -1 -1 -1 -1 19 -1 -1 -1 -1 -1 -1 22 21 20 -1 -1 -1 16 
-1 -1 2 3 4 -1 -1 -1 8 1 -1 -1 -1 5 -1 -1 -1 -1 -1 9 -1 -1 6 -1 7 -1 -1 11 -1 24 -1 13 -1 17 10 15 -1 -1 12 -1 -1 -1 -1 -1 -1 0 -1 30 -1 -1 -1 14 -1 -1 -1 -1 -1 -1 29 -1 -1 -1 27 23 26 -1 -1 18 -1 -1 -1 25 -1 -1 -1 -1 19 -1 -1 -1 -1 -1 -1 22 21 20 -1 -1 -1 16 
-1 -1 2 3 4 -1 -1 -1 8 1 -1 -1 -1 5 -1 -1 -1 -1 -1 9 -1 -1 6 -1 7 -1 -1 11 -1 24 -1 13 -1 17 10 15 -1 -1 12 -1 -1 -1 -1 -1 -1 0 -1 30 -1 -1 -1 14 -1 -1 -1 -1 -1 -1 29 -1 -1 -1 27 23 -1 -1 26 18 -1 -1 -1 25 -1 -1 -1 -1 19 -1 -1 -1 -1 -1 -1 22 21 20 -1 -1 -1 16 
-1 -1 2 3 4 -1 -1 -1 8 1 -1 -1 -1 5 -1 -1 10 -1 -1 9 -1 -1 6 -1 7 -1 -1 11 -1 24 -1 13 -1 17 -1 15 -1 -1 12 -1 -1 -1 -1 -1 -1 0 -1 30 -1 -1 -1 14 -1 -1 -1 -1 -1 -1 29 -1 -1 -1 27 23 -1 -1 26 18 -1 -1 -1 25 -1 -1 -1 -1 19 -1 -1 -1 -1 -1 -1 22 21 20 -1 -1 -1 16 
-1 -1 2 3 4 -1 -1 -1 8 1 -1 -1 -1 5 -1 -1 10 -1 -1 9 -1 -1 6 -1 7 -1 -1 11 -1 24 -1 13 -1 17 -1 15 -1 -1 30 -1 -1 -1 -1 -1 -1 0 -1 -1 -1 -1 -1 14 -1 -1 -1 -1 -1 -1 29 -1 -1 -1 27 23 -1 -1 26 18 -1 -1 -1 25 -1 -1 -1 -1 19 -1 -1 -1 -1 -1 -1 22 21 20 -1 -1 -1 16 
-1 -1 2 3 4 -1 -1 -1 8 1 -1 -1 -1 5 -1 10 -1 -1 -1 9 -1 -1 6 -1 7 -1 -1 11 -1 24 -1 13 -1 17 -1 15 -1 -1 30 -1 -1 -1 -1 -1 -1 0 -1 -1 -1 -1 -1 14 -1 -1 -1 -1 -1 -1 29 -1 -1 -1 27 23 -1 -1 26 18 -1 -1 -1 25 -1 -1 -1 -1 19 -1 -1 -1 -1 -1 -1 22 21 20 -1 -1 -1 16 
-1 -1 2 3 4 -1 -1 -1 8 1 -1 -1 -1 5 -1 10 -1 -1 -1 9 -1 -1 6 -1 7 -1 -1 11 -1 24 26 13 -1 17 -1 15 -1 -1 30 -1 -1 -1 -1 -1 -1 0 -1 -1 -1 -1 -1 14 -1 -1 -1 -1 -1 -1 29 -1 -1 -1 27 23 -1 -1 -1 18 -1 -1 -1 25 -1 -1 -1 -1 19 -1 -1 -1 -1 -1 -1 22 21 20 -1 -1 -1 16 
-1 -1 2 3 4 -1 -1 -1 8 1 -1 -1 -1 5 -1 10 -1 -1 -1 -1 -1 -1 6 -1 7 -1 -1 11 9 24 26 13 -1 17 -1 15 -1 -1 30 -1 -1 -1 -1 -1 -1 0 -1 -1 -1 -1 -1 14 -1 -1 -1 -1 -1 -1 29 -1 -1 -1 27 23 -1 -1 -1 18 -1 -1 -1 25 -1 -1 -1 -1 19 -1 -1 -1 -1 -1 -1 22 21 20 -1 -1 -1 16 
-1 -1 2 3 4 -1 -1 -1 8 1 -1 -1 -1 5 -1 10 -1 -1 -1 -1 -1 -1 17 -1 7 -1 -1 11 9 24 26 13 -1 -1 -1 15 -1 -1 30 -1 -1 -1 -1 -1 -1 0 -1 -1 -1 -1 -1 14 -1 -1 -1 -1 -1 -1 29 -1 -1 -1 27 23 -1 -1 -1 18 -1 -1 -1 25 -1 -1 -1 -1 19 -1 -1 -1 -1 -1 -1 22 21 20 -1 -1 -1 16 
-1 -1 -1 3 4 -1 -1 -1 8 1 -1 -1 -1 5 -1 10 -1 -1 -1 -1 -1 -1 2 -1 7 -1 -1 11 9 24 26 13 -1 -1 -1 15 -1 -1 30 -1 -1 -1 -1 -1 -1 0 -1 -1 -1 -1 -1 14 -1 -1 -1 -1 -1 -1 29 -1 -1 -1 27 23 -1 -1 -1 18 -1 -1 -1 25 -1 -1 -1 -1 19 -1 -1 -1 -1 -1 -1 22 21 20 -1 -1 -1 16 
-1 -1 -1 3 4 -1 -1 -1 8 1 -1 -1 -1 5 -1 10 -1 -1 -1 -1 -1 -1 2 -1 7 -1 -1 11 26 24 -1 13 -1 -1 -1 15 -1 -1 30 -1 -1 -1 -1 -1 -1 0 -1 -1 -1 -1 -1 14 -1 -1 -1 -1 -1 -1 29 -1 -1 -1 27 23 -1 -1 -1 18 -1 -1 -1 25 -1 -1 -1 -1 19 -1 -1 -1 -1 -1 -1 22 21 20 -1 -1 -1 16 
-1 -1 -1 3 4 -1 -1 -1 8 -1 -1 -1 -1 5 -1 10 -1 -1 -1 -1 -1 -1 2 -1 7 -1 -1 11 1 24 -1 13 -1 -1 -1 15 -1 -1 30 -1 -1 -1 -1 -1 -1 0 -1 -1 -1 -1 -1 14 -1 -1 -1 -1 -1 -1 29 -1 -1 -1 27 23 -1 -1 -1 18 -1 -1 -1 25 -1 -1 -1 -1 19 -1 -1 -1 -1 -1 -1 22 21 20 -1 -1 -1 16 
-1 -1 -1 3 4 -1 -1 -1 8 -1 -1 -1 -1 5 -1 10 -1 -1 -1 -1 -1 -1 2 -1 7 -1 -1 11 24 -1 -1 13 -1 -1 -1 15 -1 -1 30 -1 -1 -1 -1 -1 -1 0 -1 -1 -1 -1 -1 14 -1 -1 -1 -1 -1 -1 29 -1 -1 -1 27 23 -1 -1 -1 18 -1 -1 -1 25 -1 -1 -1 -1 19 -1 -1 -1 -1 -1 -1 22 21 20 -1 -1 -1 16 
-1 -1 -1 3 4 -1 -1 -1 8 -1 -1 -1 -1 5 -1 10 -1 -1 -1 -1 -1 -1 2 -1 7 -1 -1 11 24 -1 -1 13 -1 -1 -1 15 -1 -1 30 -1 -1 -1 -1 -1 -1 0 -1 -1 -1 -1 -1 -1 -1 -1 -1 -1 -1 -1 29 -1 14 -1 27 23 -1 -1 -1 18 -1 -1 -1 25 -1 -1 -1 -1 19 -1 -1 -1 -1 -1 -1 22 21 20 -1 -1 -1 16 
-1 -1 -1 3 4 -1 -1 -1 8 -1 -1 -1 -1 5 -1 10 -1 -1 -1 -1 -1 -1 2 -1 7 -1 -1 11 24 -1 -1 13 -1 -1 -1 15 -1 -1 30 -1 -1 -1 -1 -1 -1 0 -1 -1 -1 -1 -1 -1 -1 -1 -1 -1 -1 -1 29 -1 14 -1 27 23 -1 -1 -1 18 -1 -1 -1 25 -1 -1 -1 -1 19 -1 -1 -1 -1 -1 -1 22 21 20 -1 -1 16 -1 
-1 -1 -1 3 4 -1 -1 -1 8 -1 -1 -1 -1 5 -1 10 -1 -1 -1 -1 -1 -1 2 -1 7 -1 -1 11 24 -1 -1 13 -1 -1 -1 15 -1 -1 30 -1 -1 -1 -1 -1 -1 0 -1 -1 -1 -1 -1 -1 -1 -1 -1 -1 -1 -1 29 -1 -1 -1 27 23 -1 -1 -1 18 -1 14 -1 25 -1 -1 -1 -1 19 -1 -1 -1 -1 -1 -1 22 21 20 -1 -1 16 -1 
-1 -1 -1 3 4 -1 -1 -1 8 -1 -1 -1 -1 5 -1 10 -1 -1 -1 -1 -1 -1 2 -1 7 -1 -1 11 24 -1 -1 13 -1 -1 -1 15 -1 -1 30 -1 -1 -1 -1 -1 -1 0 -1 -1 -1 -1 -1 -1 -1 -1 -1 -1 23 -1 29 -1 -1 -1 27 -1 -1 -1 -1 18 -1 14 -1 25 -1 -1 -1 -1 19 -1 -1 -1 -1 -1 -1 22 21 20 -1 -1 16 -1 
-1 -1 -1 3 4 -1 -1 -1 8 -1 -1 -1 -1 5 -1 10 -1 -1 -1 -1 -1 -1 2 -1 7 -1 -1 11 24 -1 -1 13 -1 -1 -1 15 -1 -1 30 -1 -1 -1 -1 -1 -1 -1 -1 -1 -1 -1 0 -1 -1 -1 -1 -1 23 -1 29 -1 -1 -1 27 -1 -1 -1 -1 18 -1 14 -1 25 -1 -1 -1 -1 19 -1 -1 -1 -1 -1 -1 22 21 20 -1 -1 16 -1 
-1 -1 -1 3 4 -1 -1 -1 8 -1 -1 -1 -1 5 -1 10 -1 -1 -1 -1 -1 -1 2 -1 7 -1 -1 11 24 -1 -1 13 -1 -1 -1 15 -1 -1 30 23 -1 -1 -1 -1 -1 -1 -1 -1 -1 -1 0 -1 -1 -1 -1 -1 -1 -1 29 -1 -1 -1 27 -1 -1 -1 -1 18 -1 14 -1 25 -1 -1 -1 -1 19 -1 -1 -1 -1 -1 -1 22 21 20 -1 -1 16 -1 
-1 -1 -1 3 4 -1 -1 -1 8 -1 -1 -1 -1 5 -1 10 -1 -1 -1 -1 -1 -1 2 -1 7 -1 -1 11 24 -1 -1 13 -1 -1 -1 15 -1 -1 30 23 -1 -1 -1 -1 -1 -1 -1 -1 -1 -1 -1 -1 -1 -1 -1 -1 -1 -1 29 -1 -1 -1 27 -1 -1 -1 -1 18 -1 14 -1 25 -1 -1 -1 -1 19 0 -1 -1 -1 -1 -1 22 21 20 -1 -1 16 -1 
-1 -1 -1 3 4 -1 -1 -1 8 -1 -1 -1 -1 5 -1 10 -1 -1 -1 -1 -1 -1 23 -1 7 -1 -1 11 24 -1 -1 13 -1 -1 -1 15 -1 -1 30 -1 -1 -1 -1 -1 -1 -1 -1 -1 -1 -1 -1 -1 -1 -1 -1 -1 -1 -1 29 -1 -1 -1 27 -1 -1 -1 -1 18 -1 14 -1 25 -1 -1 -1 -1 19 0 -1 -1 -1 -1 -1 22 21 20 -1 -1 16 -1 
-1 -1 -1 3 4 -1 -1 -1 8 -1 -1 -1 -1 5 10 -1 -1 -1 -1 -1 -1 -1 23 -1 7 -1 -1 11 24 -1 -1 13 -1 -1 -1 15 -1 -1 30 -1 -1 -1 -1 -1 -1 -1 -1 -1 -1 -1 -1 -1 -1 -1 -1 -1 -1 -1 29 -1 -1 -1 27 -1 -1 -1 -1 18 -1 14 -1 25 -1 -1 -1 -1 19 0 -1 -1 -1 -1 -1 22 21 20 -1 -1 16 -1 
-1 -1 -1 3 4 -1 -1 -1 8 -1 -1 -1 -1 5 10 -1 -1 -1 -1 -1 -1 -1 23 -1 7 -1 -1 11 -1 -1 -1 13 -1 -1 -1 15 -1 -1 30 -1 -1 -1 -1 -1 -1 -1 24 -1 -1 -1 -1 -1 -1 -1 -1 -1 -1 -1 29 -1 -1 -1 27 -1 -1 -1 -1 18 -1 14 -1 25 -1 -1 -1 -1 19 0 -1 -1 -1 -1 -1 22 21 20 -1 -1 16 -1 
-1 -1 -1 3 4 -1 -1 -1 8 -1 -1 -1 -1 5 10 -1 -1 -1 -1 -1 -1 -1 23 0 7 -1 -1 11 -1 -1 -1 13 -1 -1 -1 15 -1 -1 30 -1 -1 -1 -1 -1 -1 -1 24 -1 -1 -1 -1 -1 -1 -1 -1 -1 -1 -1 29 -1 -1 -1 27 -1 -1 -1 -1 18 -1 14 -1 25 -1 -1 -1 -1 19 -1 -1 -1 -1 -1 -1 22 21 20 -1 -1 16 -1 
-1 -1 -1 3 4 -1 -1 -1 8 -1 -1 -1 -1 5 10 -1 -1 -1 -1 -1 -1 -1 -1 0 7 -1 -1 11 -1 17 -1 13 -1 -1 -1 15 -1 -1 30 -1 -1 -1 -1 -1 -1 -1 24 -1 -1 -1 -1 -1 -1 -1 -1 -1 -1 -1 29 -1 -1 -1 27 -1 -1 -1 -1 18 -1 14 -1 25 -1 -1 -1 -1 19 -1 -1 -1 -1 -1 -1 22 21 20 -1 -1 16 -1 
-1 -1 -1 3 4 -1 -1 -1 8 -1 -1 -1 -1 5 10 -1 -1 -1 -1 -1 -1 -1 -1 0 7 -1 -1 11 -1 17 -1 13 -1 -1 -1 15 -1 -1 30 -1 -1 -1 -1 -1 -1 -1 24 -1 -1 -1 -1 -1 -1 -1 -1 -1 -1 -1 29 -1 -1 -1 27 -1 -1 -1 -1 18 -1 -1 -1 25 -1 -1 -1 -1 19 -1 14 -1 -1 -1 -1 22 21 20 -1 -1 16 -1 
-1 -1 -1 3 4 -1 -1 -1 8 -1 -1 -1 -1 5 10 -1 -1 -1 -1 -1 -1 -1 -1 0 7 -1 -1 11 -1 17 -1 13 -1 -1 -1 15 -1 -1 30 -1 -1 -1 -1 -1 -1 -1 24 -1 -1 -1 -1 -1 -1 -1 -1 -1 -1 -1 29 -1 -1 -1 27 -1 -1 -1 -1 -1 -1 -1 -1 25 -1 -1 -1 -1 19 -1 14 -1 -1 -1 -1 22 21 20 -1 18 16 -1 
-1 -1 -1 3 4 -1 -1 -1 8 -1 -1 -1 -1 5 10 -1 -1 -1 -1 -1 -1 -1 -1 0 7 -1 -1 11 -1 17 -1 13 -1 -1 -1 15 -1 -1 30 -1 -1 -1 -1 -1 -1 -1 24 -1 -1 -1 -1 -1 -1 -1 -1 -1 -1 -1 29 -1 -1 -1 27 -1 -1 -1 -1 -1 -1 -1 -1 25 -1 -1 -1 -1 19 14 -1 -1 -1 -1 -1 22 21 20 -1 18 16 -1 
-1 -1 -1 3 4 -1 -1 -1 8 -1 -1 -1 -1 5 10 -1 -1 -1 -1 -1 -1 -1 -1 0 7 -1 -1 11 -1 17 -1 13 -1 -1 -1 15 -1 -1 30 -1 -1 -1 -1 -1 -1 -1 24 -1 -1 -1 -1 -1 -1 -1 -1 -1 -1 -1 29 -1 -1 -1 27 -1 25 -1 -1 -1 -1 -1 -1 -1 -1 -1 -1 -1 19 14 -1 -1 -1 -1 -1 22 21 20 -1 18 16 -1 
-1 -1 -1 3 4 5 -1 -1 8 -1 -1 -1 -1 -1 10 -1 -1 -1 -1 -1 -1 -1 -1 0 7 -1 -1 11 -1 17 -1 13 -1 -1 -1 15 -1 -1 30 -1 -1 -1 -1 -1 -1 -1 24 -1 -1 -1 -1 -1 -1 -1 -1 -1 -1 -1 29 -1 -1 -1 27 -1 25 -1 -1 -1 -1 -1 -1 -1 -1 -1 -1 -1 19 14 -1 -1 -1 -1 -1 22 21 20 -1 18 16 -1 
-1 -1 -1 3 4 5 -1 -1 8 -1 -1 -1 17 -1 10 -1 -1 -1 -1 -1 -1 -1 -1 0 7 -1 -1 11 -1 -1 -1 13 -1 -1 -1 15 -1 -1 30 -1 -1 -1 -1 -1 -1 -1 24 -1 -1 -1 -1 -1 -1 -1 -1 -1 -1 -1 29 -1 -1 -1 27 -1 25 -1 -1 -1 -1 -1 -1 -1 -1 -1 -1 -1 19 14 -1 -1 -1 -1 -1 22 21 20 -1 18 16 -1 
-1 -1 -1 3 4 5 -1 -1 8 -1 -1 -1 17 10 -1 -1 -1 -1 -1 -1 -1 -1 -1 0 7 -1 -1 11 -1 -1 -1 13 -1 -1 -1 15 -1 -1 30 -1 -1 -1 -1 -1 -1 -1 24 -1 -1 -1 -1 -1 -1 -1 -1 -1 -1 -1 29 -1 -1 -1 27 -1 25 -1 -1 -1 -1 -1 -1 -1 -1 -1 -1 -1 19 14 -1 -1 -1 -1 -1 22 21 20 -1 18 16 -1 
-1 -1 -1 3 4 5 -1 -1 8 -1 -1 -1 17 10 -1 -1 -1 -1 -1 -1 -1 -1 -1 0 7 -1 -1 11 -1 -1 -1 13 -1 -1 -1 15 -1 -1 30 -1 -1 -1 -1 -1 -1 -1 24 -1 -1 -1 -1 -1 -1 -1 -1 -1 -1 -1 29 -1 -1 16 27 -1 25 -1 -1 -1 -1 -1 -1 -1 -1 -1 -1 -1 19 14 -1 -1 -1 -1 -1 22 21 20 -1 18 -1 -1 
-1 -1 -1 3 4 5 -1 -1 8 -1 -1 -1 17 10 -1 -1 -1 -1 -1 -1 -1 0 -1 -1 7 -1 -1 11 -1 -1 -1 13 -1 -1 -1 15 -1 -1 30 -1 -1 -1 -1 -1 -1 -1 24 -1 -1 -1 -1 -1 -1 -1 -1 -1 -1 -1 29 -1 -1 16 27 -1 25 -1 -1 -1 -1 -1 -1 -1 -1 -1 -1 -1 19 14 -1 -1 -1 -1 -1 22 21 20 -1 18 -1 -1 
-1 -1 -1 3 4 5 -1 -1 8 -1 -1 -1 17 10 -1 -1 -1 -1 -1 24 -1 0 -1 -1 7 -1 -1 11 -1 -1 -1 13 -1 -1 -1 15 -1 -1 30 -1 -1 -1 -1 -1 -1 -1 -1 -1 -1 -1 -1 -1 -1 -1 -1 -1 -1 -1 29 -1 -1 16 27 -1 25 -1 -1 -1 -1 -1 -1 -1 -1 -1 -1 -1 19 14 -1 -1 -1 -1 -1 22 21 20 -1 18 -1 -1 
-1 -1 -1 3 4 5 -1 -1 8 -1 -1 -1 17 10 -1 -1 -1 -1 -1 0 -1 -1 -1 -1 7 -1 -1 11 -1 -1 -1 13 -1 -1 -1 15 -1 -1 30 -1 -1 -1 -1 -1 -1 -1 -1 -1 -1 -1 -1 -1 -1 -1 -1 -1 -1 -1 29 -1 -1 16 27 -1 25 -1 -1 -1 -1 -1 -1 -1 -1 -1 -1 -1 19 14 -1 -1 -1 -1 -1 22 21 20 -1 18 -1 -1 
-1 -1 -1 3 4 5 -1 -1 8 -1 -1 -1 -1 10 -1 -1 -1 -1 -1 17 -1 -1 -1 -1 7 -1 -1 11 -1 -1 -1 13 -1 -1 -1 15 -1 -1 30 -1 -1 -1 -1 -1 -1 -1 -1 -1 -1 -1 -1 -1 -1 -1 -1 -1 -1 -1 29 -1 -1 16 27 -1 25 -1 -1 -1 -1 -1 -1 -1 -1 -1 -1 -1 19 14 -1 -1 -1 -1 -1 22 21 20 -1 18 -1 -1 
-1 -1 -1 3 4 5 -1 8 -1 -1 -1 -1 -1 10 -1 -1 -1 -1 -1 17 -1 -1 -1 -1 7 -1 -1 11 -1 -1 -1 13 -1 -1 -1 15 -1 -1 30 -1 -1 -1 -1 -1 -1 -1 -1 -1 -1 -1 -1 -1 -1 -1 -1 -1 -1 -1 29 -1 -1 16 27 -1 25 -1 -1 -1 -1 -1 -1 -1 -1 -1 -1 -1 19 14 -1 -1 -1 -1 -1 22 21 20 -1 18 -1 -1 
-1 -1 -1 3 4 5 -1 8 -1 -1 -1 -1 -1 10 -1 -1 -1 -1 -1 -1 -1 -1 -1 -1 7 -1 -1 11 -1 -1 17 13 -1 -1 -1 15 -1 -1 30 -1 -1 -1 -1 -1 -1 -1 -1 -1 -1 -1 -1 -1 -1 -1 -1 -1 -1 -1 29 -1 -1 16 27 -1 25 -1 -1 -1 -1 -1 -1 -1 -1 -1 -1 -1 19 14 -1 -1 -1 -1 -1 22 21 20 -1 18 -1 -1 
-1 -1 -1 3 4 5 -1 8 -1 -1 -1 -1 10 -1 -1 -1 -1 -1 -1 -1 -1 -1 -1 -1 7 -1 -1 11 -1 -1 17 13 -1 -1 -1 15 -1 -1 30 -1 -1 -1 -1 -1 -1 -1 -1 -1 -1 -1 -1 -1 -1 -1 -1 -1 -1 -1 29 -1 -1 16 27 -1 25 -1 -1 -1 -1 -1 -1 -1 -1 -1 -1 -1 19 14 -1 -1 -1 -1 -1 22 21 20 -1 18 -1 -1 
-1 -1 -1 3 4 5 -1 16 -1 -1 -1 -1 10 -1 -1 -1 -1 -1 -1 -1 -1 -1 -1 -1 7 -1 -1 11 -1 -1 17 13 -1 -1 -1 15 -1 -1 30 -1 -1 -1 -1 -1 -1 -1 -1 -1 -1 -1 -1 -1 -1 -1 -1 -1 -1 -1 29 -1 -1 -1 27 -1 25 -1 -1 -1 -1 -1 -1 -1 -1 -1 -1 -1 19 14 -1 -1 -1 -1 -1 22 21 20 -1 18 -1 -1 
-1 -1 -1 3 4 5 -1 7 -1 -1 -1 -1 10 -1 -1 -1 -1 -1 -1 -1 -1 -1 -1 -1 -1 -1 -1 11 -1 -1 17 13 -1 -1 -1 15 -1 -1 30 -1 -1 -1 -1 -1 -1 -1 -1 -1 -1 -1 -1 -1 -1 -1 -1 -1 -1 -1 29 -1 -1 -1 27 -1 25 -1 -1 -1 -1 -1 -1 -1 -1 -1 -1 -1 19 14 -1 -1 -1 -1 -1 22 21 20 -1 18 -1 -1 
-1 -1 -1 3 4 5 -1 7 -1 -1 -1 -1 10 -1 -1 -1 -1 -1 -1 -1 -1 -1 -1 -1 -1 -1 -1 11 -1 -1 17 13 -1 -1 -1 15 -1 -1 30 -1 -1 -1 -1 -1 -1 -1 -1 -1 -1 29 -1 -1 -1 -1 -1 -1 -1 -1 -1 -1 -1 -1 27 -1 25 -1 -1 -1 -1 -1 -1 -1 -1 -1 -1 -1 19 14 -1 -1 -1 -1 -1 22 21 20 -1 18 -1 -1 
-1 -1 -1 3 4 5 -1 -1 -1 -1 -1 -1 10 -1 -1 -1 -1 -1 -1 -1 -1 -1 -1 -1 7 -1 -1 11 -1 -1 17 13 -1 -1 -1 15 -1 -1 30 -1 -1 -1 -1 -1 -1 -1 -1 -1 -1 29 -1 -1 -1 -1 -1 -1 -1 -1 -1 -1 -1 -1 27 -1 25 -1 -1 -1 -1 -1 -1 -1 -1 -1 -1 -1 19 14 -1 -1 -1 -1 -1 22 21 20 -1 18 -1 -1 
-1 -1 -1 3 4 5 -1 -1 -1 -1 -1 -1 10 -1 -1 -1 -1 -1 -1 -1 -1 -1 -1 -1 7 -1 -1 11 -1 30 17 13 -1 -1 -1 15 -1 -1 -1 -1 -1 -1 -1 -1 -1 -1 -1 -1 -1 29 -1 -1 -1 -1 -1 -1 -1 -1 -1 -1 -1 -1 27 -1 25 -1 -1 -1 -1 -1 -1 -1 -1 -1 -1 -1 19 14 -1 -1 -1 -1 -1 22 21 20 -1 18 -1 -1 
-1 -1 -1 -1 4 5 -1 -1 -1 -1 -1 -1 10 3 -1 -1 -1 -1 -1 -1 -1 -1 -1 -1 7 -1 -1 11 -1 30 17 13 -1 -1 -1 15 -1 -1 -1 -1 -1 -1 -1 -1 -1 -1 -1 -1 -1 29 -1 -1 -1 -1 -1 -1 -1 -1 -1 -1 -1 -1 27 -1 25 -1 -1 -1 -1 -1 -1 -1 -1 -1 -1 -1 19 14 -1 -1 -1 -1 -1 22 21 20 -1 18 -1 -1 
-1 -1 -1 -1 4 5 -1 -1 -1 -1 -1 -1 10 3 -1 -1 -1 -1 -1 -1 30 -1 -1 -1 7 -1 -1 11 -1 -1 17 13 -1 -1 -1 15 -1 -1 -1 -1 -1 -1 -1 -1 -1 -1 -1 -1 -1 29 -1 -1 -1 -1 -1 -1 -1 -1 -1 -1 -1 -1 27 -1 25 -1 -1 -1 -1 -1 -1 -1 -1 -1 -1 -1 19 14 -1 -1 -1 -1 -1 22 21 20 -1 18 -1 -1 
-1 -1 -1 -1 4 5 -1 -1 -1 -1 -1 -1 10 -1 -1 -1 -1 -1 -1 -1 30 3 -1 -1 7 -1 -1 11 -1 -1 17 13 -1 -1 -1 15 -1 -1 -1 -1 -1 -1 -1 -1 -1 -1 -1 -1 -1 29 -1 -1 -1 -1 -1 -1 -1 -1 -1 -1 -1 -1 27 -1 25 -1 -1 -1 -1 -1 -1 -1 -1 -1 -1 -1 19 14 -1 -1 -1 -1 -1 22 21 20 -1 18 -1 -1 
-1 -1 -1 -1 4 5 -1 -1 -1 -1 -1 -1 10 -1 -1 -1 -1 -1 -1 17 30 3 -1 -1 7 -1 -1 11 -1 -1 -1 13 -1 -1 -1 15 -1 -1 -1 -1 -1 -1 -1 -1 -1 -1 -1 -1 -1 29 -1 -1 -1 -1 -1 -1 -1 -1 -1 -1 -1 -1 27 -1 25 -1 -1 -1 -1 -1 -1 -1 -1 -1 -1 -1 19 14 -1 -1 -1 -1 -1 22 21 20 -1 18 -1 -1 
-1 -1 -1 -1 4 5 -1 -1 -1 -1 -1 -1 -1 -1 -1 -1 10 -1 -1 17 30 3 -1 -1 7 -1 -1 11 -1 -1 -1 13 -1 -1 -1 15 -1 -1 -1 -1 -1 -1 -1 -1 -1 -1 -1 -1 -1 29 -1 -1 -1 -1 -1 -1 -1 -1 -1 -1 -1 -1 27 -1 25 -1 -1 -1 -1 -1 -1 -1 -1 -1 -1 -1 19 14 -1 -1 -1 -1 -1 22 21 20 -1 18 -1 -1 
-1 -1 17 -1 4 5 -1 -1 -1 -1 -1 -1 -1 -1 -1 -1 10 -1 -1 -1 30 3 -1 -1 7 -1 -1 11 -1 -1 -1 13 -1 -1 -1 15 -1 -1 -1 -1 -1 -1 -1 -1 -1 -1 -1 -1 -1 29 -1 -1 -1 -1 -1 -1 -1 -1 -1 -1 -1 -1 27 -1 25 -1 -1 -1 -1 -1 -1 -1 -1 -1 -1 -1 19 14 -1 -1 -1 -1 -1 22 21 20 -1 18 -1 -1 
-1 -1 17 -1 4 5 -1 -1 -1 -1 -1 -1 -1 3 -1 -1 10 -1 -1 -1 30 -1 -1 -1 7 -1 -1 11 -1 -1 -1 13 -1 -1 -1 15 -1 -1 -1 -1 -1 -1 -1 -1 -1 -1 -1 -1 -1 29 -1 -1 -1 -1 -1 -1 -1 -1 -1 -1 -1 -1 27 -1 25 -1 -1 -1 -1 -1 -1 -1 -1 -1 -1 -1 19 14 -1 -1 -1 -1 -1 22 21 20 -1 18 -1 -1 
-1 25 17 -1 4 5 -1 -1 -1 -1 -1 -1 -1 3 -1 -1 10 -1 -1 -1 30 -1 -1 -1 7 -1 -1 11 -1 -1 -1 13 -1 -1 -1 15 -1 -1 -1 -1 -1 -1 -1 -1 -1 -1 -1 -1 -1 29 -1 -1 -1 -1 -1 -1 -1 -1 -1 -1 -1 -1 27 -1 -1 -1 -1 -1 -1 -1 -1 -1 -1 -1 -1 -1 19 14 -1 -1 -1 -1 -1 22 21 20 -1 18 -1 -1 
-1 25 17 3 4 5 -1 -1 -1 -1 -1 -1 -1 -1 -1 -1 10 -1 -1 -1 30 -1 -1 -1 7 -1 -1 11 -1 -1 -1 13 -1 -1 -1 15 -1 -1 -1 -1 -1 -1 -1 -1 -1 -1 -1 -1 -1 29 -1 -1 -1 -1 -1 -1 -1 -1 -1 -1 -1 -1 27 -1 -1 -1 -1 -1 -1 -1 -1 -1 -1 -1 -1 -1 19 14 -1 -1 -1 -1 -1 22 21 20 -1 18 -1 -1 
-1 25 -1 3 4 5 -1 -1 -1 -1 -1 -1 -1 -1 -1 -1 10 -1 -1 -1 30 17 -1 -1 7 -1 -1 11 -1 -1 -1 13 -1 -1 -1 15 -1 -1 -1 -1 -1 -1 -1 -1 -1 -1 -1 -1 -1 29 -1 -1 -1 -1 -1 -1 -1 -1 -1 -1 -1 -1 27 -1 -1 -1 -1 -1 -1 -1 -1 -1 -1 -1 -1 -1 19 14 -1 -1 -1 -1 -1 22 21 20 -1 18 -1 -1 
-1 25 -1 3 -1 5 -1 -1 -1 -1 -1 -1 -1 4 -1 -1 10 -1 -1 -1 30 17 -1 -1 7 -1 -1 11 -1 -1 -1 13 -1 -1 -1 15 -1 -1 -1 -1 -1 -1 -1 -1 -1 -1 -1 -1 -1 29 -1 -1 -1 -1 -1 -1 -1 -1 -1 -1 -1 -1 27 -1 -1 -1 -1 -1 -1 -1 -1 -1 -1 -1 -1 -1 19 14 -1 -1 -1 -1 -1 22 21 20 -1 18 -1 -1 
-1 -1 -1 3 -1 5 -1 -1 -1 -1 -1 -1 -1 4 -1 -1 10 -1 -1 -1 30 17 -1 -1 7 -1 -1 11 -1 -1 -1 13 -1 -1 -1 15 -1 -1 -1 -1 -1 -1 -1 -1 -1 -1 -1 -1 -1 29 -1 -1 -1 -1 -1 -1 -1 -1 -1 -1 -1 -1 27 -1 -1 -1 -1 -1 -1 -1 -1 -1 -1 25 -1 -1 19 14 -1 -1 -1 -1 -1 22 21 20 -1 18 -1 -1 
-1 -1 -1 3 -1 5 -1 -1 -1 -1 -1 -1 -1 4 -1 -1 -1 -1 -1 -1 30 17 -1 -1 7 -1 -1 11 -1 -1 -1 13 -1 -1 -1 15 -1 -1 -1 -1 -1 -1 -1 -1 -1 -1 -1 -1 -1 29 -1 -1 -1 -1 -1 -1 -1 -1 -1 -1 -1 -1 27 -1 -1 -1 -1 -1 -1 -1 -1 -1 -1 25 -1 -1 19 14 -1 -1 -1 -1 -1 22 21 20 -1 18 10 -1 
-1 -1 -1 3 -1 5 -1 -1 -1 -1 -1 -1 -1 4 -1 -1 -1 -1 -1 -1 30 17 -1 -1 7 -1 -1 11 -1 -1 -1 13 -1 -1 -1 15 -1 -1 -1 -1 -1 -1 -1 -1 -1 -1 -1 -1 -1 29 -1 -1 -1 -1 -1 -1 -1 -1 -1 -1 -1 -1 27 -1 -1 -1 -1 -1 -1 -1 -1 18 -1 25 -1 -1 19 14 -1 -1 -1 -1 -1 22 21 20 -1 -1 10 -1 
-1 -1 -1 3 -1 5 -1 -1 -1 -1 -1 -1 -1 4 -1 -1 -1 -1 -1 -1 30 17 -1 -1 7 -1 -1 11 -1 -1 -1 13 -1 -1 -1 15 -1 -1 -1 -1 -1 -1 -1 -1 -1 -1 -1 -1 -1 29 -1 -1 -1 -1 -1 -1 -1 -1 -1 -1 -1 -1 27 -1 -1 -1 -1 -1 -1 -1 -1 18 -1 25 -1 -1 14 -1 -1 -1 -1 -1 -1 22 21 20 -1 -1 10 -1 
-1 -1 -1 3 -1 5 -1 -1 -1 -1 -1 -1 -1 4 -1 -1 -1 -1 -1 -1 30 17 -1 -1 7 -1 -1 11 -1 -1 -1 13 -1 -1 -1 15 -1 -1 -1 -1 -1 -1 -1 -1 -1 -1 -1 -1 -1 29 -1 -1 -1 -1 -1 -1 -1 -1 -1 -1 -1 -1 27 -1 -1 -1 -1 -1 -1 -1 -1 18 -1 25 -1 -1 21 -1 -1 -1 -1 -1 -1 22 -1 20 -1 -1 10 -1 
-1 -1 -1 3 -1 5 -1 -1 -1 -1 -1 -1 -1 4 -1 -1 -1 -1 -1 -1 30 17 -1 -1 7 -1 -1 11 -1 -1 -1 13 -1 -1 -1 15 -1 -1 -1 -1 -1 -1 -1 -1 -1 -1 -1 -1 -1 29 -1 -1 -1 -1 -1 -1 -1 -1 -1 -1 -1 -1 27 -1 -1 -1 -1 -1 -1 -1 -1 18 -1 25 -1 -1 21 -1 -1 -1 -1 -1 -1 10 -1 20 -1 -1 -1 -1 
-1 -1 -1 3 -1 5 -1 -1 -1 -1 -1 -1 -1 4 -1 -1 -1 -1 -1 -1 30 17 -1 -1 7 -1 -1 11 -1 -1 -1 13 -1 -1 -1 15 -1 -1 -1 -1 -1 -1 -1 -1 -1 -1 -1 -1 -1 29 -1 -1 -1 -1 -1 -1 -1 -1 -1 -1 -1 -1 27 -1 -1 -1 -1 -1 -1 -1 -1 18 -1 -1 -1 25 21 -1 -1 -1 -1 -1 -1 10 -1 20 -1 -1 -1 -1 
-1 -1 -1 3 -1 5 -1 -1 -1 -1 -1 -1 -1 -1 -1 -1 -1 -1 -1 -1 30 17 4 -1 7 -1 -1 11 -1 -1 -1 13 -1 -1 -1 15 -1 -1 -1 -1 -1 -1 -1 -1 -1 -1 -1 -1 -1 29 -1 -1 -1 -1 -1 -1 -1 -1 -1 -1 -1 -1 27 -1 -1 -1 -1 -1 -1 -1 -1 18 -1 -1 -1 25 21 -1 -1 -1 -1 -1 -1 10 -1 20 -1 -1 -1 -1 
-1 -1 -1 3 -1 5 -1 -1 -1 -1 -1 -1 -1 -1 -1 -1 -1 -1 -1 -1 30 17 4 -1 7 -1 -1 11 -1 -1 -1 13 -1 -1 -1 15 -1 -1 -1 -1 29 -1 -1 -1 -1 -1 -1 -1 -1 -1 -1 -1 -1 -1 -1 -1 -1 -1 -1 -1 -1 -1 27 -1 -1 -1 -1 -1 -1 -1 -1 18 -1 -1 -1 25 21 -1 -1 -1 -1 -1 -1 10 -1 20 -1 -1 -1 -1 
-1 -1 -1 3 -1 5 -1 -1 -1 -1 -1 -1 -1 -1 -1 -1 -1 -1 -1 -1 30 17 4 -1 7 -1 -1 11 -1 -1 -1 13 -1 -1 -1 15 -1 -1 -1 -1 29 -1 -1 -1 -1 -1 -1 -1 -1 -1 -1 -1 -1 -1 -1 -1 10 -1 -1 -1 -1 -1 27 -1 -1 -1 -1 -1 -1 -1 -1 18 -1 -1 -1 25 21 -1 -1 -1 -1 -1 -1 -1 -1 20 -1 -1 -1 -1 
-1 -1 -1 3 -1 5 -1 -1 -1 -1 -1 -1 -1 -1 -1 -1 -1 -1 -1 -1 30 17 4 -1 7 -1 -1 11 -1 -1 -1 13 -1 -1 -1 15 -1 -1 -1 -1 29 -1 -1 -1 -1 -1 -1 -1 -1 -1 -1 -1 -1 -1 -1 -1 10 -1 -1 -1 -1 -1 27 -1 -1 -1 -1 -1 -1 -1 -1 18 -1 -1 -1 25 21 -1 -1 -1 -1 -1 -1 -1 -1 -1 20 -1 -1 -1 
-1 -1 -1 3 -1 5 -1 -1 -1 -1 -1 -1 -1 -1 -1 -1 -1 -1 -1 -1 30 17 4 -1 7 -1 -1 11 -1 -1 -1 -1 -1 -1 -1 15 -1 -1 -1 -1 13 -1 -1 -1 -1 -1 -1 -1 -1 -1 -1 -1 -1 -1 -1 -1 10 -1 -1 -1 -1 -1 27 -1 -1 -1 -1 -1 -1 -1 -1 18 -1 -1 -1 25 21 -1 -1 -1 -1 -1 -1 -1 -1 -1 20 -1 -1 -1 
-1 -1 -1 3 -1 5 -1 -1 -1 -1 -1 -1 -1 -1 -1 -1 -1 -1 -1 -1 30 -1 4 -1 7 -1 -1 11 -1 -1 -1 -1 -1 -1 -1 15 -1 -1 -1 -1 17 -1 -1 -1 -1 -1 -1 -1 -1 -1 -1 -1 -1 -1 -1 -1 10 -1 -1 -1 -1 -1 27 -1 -1 -1 -1 -1 -1 -1 -1 18 -1 -1 -1 25 21 -1 -1 -1 -1 -1 -1 -1 -1 -1 20 -1 -1 -1 
-1 -1 -1 3 -1 5 -1 -1 -1 -1 -1 -1 -1 -1 -1 -1 -1 -1 -1 -1 30 -1 4 -1 -1 -1 -1 11 -1 -1 -1 -1 -1 -1 -1 15 -1 -1 -1 -1 17 7 -1 -1 -1 -1 -1 -1 -1 -1 -1 -1 -1 -1 -1 -1 10 -1 -1 -1 -1 -1 27 -1 -1 -1 -1 -1 -1 -1 -1 18 -1 -1 -1 25 21 -1 -1 -1 -1 -1 -1 -1 -1 -1 20 -1 -1 -1 
-1 -1 -1 3 -1 5 -1 -1 -1 -1 -1 -1 -1 -1 -1 -1 -1 -1 -1 -1 30 -1 4 -1 -1 -1 -1 11 -1 -1 -1 -1 -1 -1 -1 15 -1 -1 -1 -1 17 7 -1 -1 -1 -1 -1 -1 -1 -1 -1 -1 -1 -1 -1 -1 10 -1 -1 -1 -1 -1 27 -1 -1 -1 19 -1 -1 -1 -1 18 -1 -1 -1 25 -1 -1 -1 -1 -1 -1 -1 -1 -1 -1 20 -1 -1 -1 
-1 -1 -1 3 -1 5 -1 -1 -1 -1 -1 -1 -1 4 -1 -1 -1 -1 -1 -1 30 -1 -1 -1 -1 -1 -1 11 -1 -1 -1 -1 -1 -1 -1 15 -1 -1 -1 -1 17 7 -1 -1 -1 -1 -1 -1 -1 -1 -1 -1 -1 -1 -1 -1 10 -1 -1 -1 -1 -1 27 -1 -1 -1 19 -1 -1 -1 -1 18 -1 -1 -1 25 -1 -1 -1 -1 -1 -1 -1 -1 -1 -1 20 -1 -1 -1 
-1 -1 -1 3 -1 5 -1 -1 -1 -1 -1 -1 -1 4 -1 -1 -1 -1 -1 -1 30 -1 -1 -1 -1 -1 -1 11 -1 -1 -1 -1 -1 -1 -1 15 -1 -1 -1 -1 17 7 -1 -1 -1 -1 -1 -1 -1 -1 -1 -1 -1 -1 -1 -1 10 -1 -1 -1 -1 -1 27 -1 -1 -1 19 -1 -1 -1 -1 18 -1 -1 -1 -1 25 -1 -1 -1 -1 -1 -1 -1 -1 -1 20 -1 -1 -1 
-1 -1 -1 3 -1 5 -1 -1 -1 -1 -1 -1 -1 4 -1 -1 -1 -1 -1 -1 30 -1 -1 -1 -1 -1 -1 11 -1 -1 -1 -1 -1 -1 -1 15 -1 -1 -1 -1 17 -1 -1 -1 -1 -1 -1 -1 -1 -1 -1 -1 -1 -1 -1 -1 10 -1 7 -1 -1 -1 27 -1 -1 -1 19 -1 -1 -1 -1 18 -1 -1 -1 -1 25 -1 -1 -1 -1 -1 -1 -1 -1 -1 20 -1 -1 -1 
-1 -1 -1 3 -1 5 -1 -1 -1 -1 -1 -1 -1 4 -1 -1 -1 -1 -1 -1 30 -1 -1 -1 -1 -1 -1 11 -1 -1 -1 -1 -1 -1 -1 15 -1 -1 -1 -1 17 -1 -1 -1 -1 -1 -1 -1 -1 -1 -1 -1 -1 27 -1 -1 10 -1 7 -1 -1 -1 -1 -1 -1 -1 19 -1 -1 -1 -1 18 -1 -1 -1 -1 25 -1 -1 -1 -1 -1 -1 -1 -1 -1 20 -1 -1 -1 
-1 -1 -1 3 -1 5 -1 -1 -1 -1 -1 -1 -1 4 -1 -1 -1 -1 -1 -1 30 -1 -1 -1 -1 -1 -1 11 -1 -1 -1 -1 -1 -1 -1 15 -1 -1 -1 -1 17 -1 -1 -1 -1 -1 -1 10 -1 -1 -1 -1 -1 27 -1 -1 -1 -1 7 -1 -1 -1 -1 -1 -1 -1 19 -1 -1 -1 -1 18 -1 -1 -1 -1 25 -1 -1 -1 -1 -1 -1 -1 -1 -1 20 -1 -1 -1 
-1 -1 -1 3 -1 5 -1 -1 -1 -1 -1 -1 -1 4 -1 -1 -1 -1 -1 -1 -1 30 -1 -1 -1 -1 -1 11 -1 -1 -1 -1 -1 -1 -1 15 -1 -1 -1 -1 17 -1 -1 -1 -1 -1 -1 10 -1 -1 -1 -1 -1 27 -1 -1 -1 -1 7 -1 -1 -1 -1 -1 -1 -1 19 -1 -1 -1 -1 18 -1 -1 -1 -1 25 -1 -1 -1 -1 -1 -1 -1 -1 -1 20 -1 -1 -1 
-1 -1 -1 3 -1 5 -1 -1 -1 -1 -1 -1 -1 4 -1 -1 -1 -1 -1 -1 -1 30 -1 -1 -1 -1 -1 11 -1 -1 -1 -1 -1 -1 -1 15 -1 -1 -1 -1 17 -1 -1 -1 -1 -1 -1 -1 -1 -1 10 -1 -1 27 -1 -1 -1 -1 7 -1 -1 -1 -1 -1 -1 -1 19 -1 -1 -1 -1 18 -1 -1 -1 -1 25 -1 -1 -1 -1 -1 -1 -1 -1 -1 20 -1 -1 -1 
-1 -1 -1 3 -1 5 -1 -1 -1 -1 -1 -1 -1 4 -1 -1 -1 -1 -1 -1 -1 30 -1 -1 -1 -1 -1 11 -1 -1 -1 -1 -1 -1 -1 15 -1 -1 -1 -1 17 -1 -1 -1 -1 -1 -1 -1 -1 -1 10 -1 -1 27 -1 -1 -1 -1 7 -1 -1 -1 -1 -1 -1 -1 19 -1 -1 -1 -1 -1 -1 -1 -1 -1 25 -1 -1 -1 -1 -1 -1 -1 -1 -1 20 18 -1 -1 
-1 -1 -1 3 -1 5 -1 -1 -1 -1 -1 -1 -1 4 -1 -1 -1 -1 -1 -1 -1 30 -1 -1 -1 -1 -1 11 -1 -1 -1 -1 10 -1 -1 15 -1 -1 -1 -1 17 -1 -1 -1 -1 -1 -1 -1 -1 -1 -1 -1 -1 27 -1 -1 -1 -1 7 -1 -1 -1 -1 -1 -1 -1 19 -1 -1 -1 -1 -1 -1 -1 -1 -1 25 -1 -1 -1 -1 -1 -1 -1 -1 -1 20 18 -1 -1 
-1 -1 -1 3 -1 5 -1 -1 -1 -1 -1 -1 -1 4 -1 -1 -1 -1 -1 -1 -1 30 -1 -1 -1 -1 -1 11 -1 -1 -1 -1 10 -1 -1 15 -1 -1 -1 -1 17 -1 -1 -1 -1 -1 -1 -1 -1 -1 -1 -1 -1 27 -1 -1 -1 -1 7 -1 -1 -1 -1 -1 -1 -1 19 -1 -1 -1 -1 -1 -1 -1 -1 -1 25 -1 -1 -1 -1 -1 -1 -1 -1 20 -1 18 -1 -1 
-1 -1 -1 3 -1 5 -1 -1 -1 -1 -1 -1 -1 4 -1 -1 -1 -1 -1 -1 -1 30 -1 -1 -1 -1 -1 -1 -1 -1 -1 -1 10 -1 -1 15 11 -1 -1 -1 17 -1 -1 -1 -1 -1 -1 -1 -1 -1 -1 -1 -1 27 -1 -1 -1 -1 7 -1 -1 -1 -1 -1 -1 -1 19 -1 -1 -1 -1 -1 -1 -1 -1 -1 25 -1 -1 -1 -1 -1 -1 -1 -1 20 -1 18 -1 -1 
-1 -1 -1 3 -1 5 -1 -1 -1 -1 -1 -1 -1 4 -1 -1 -1 -1 -1 -1 -1 30 -1 -1 -1 -1 -1 -1 -1 -1 -1 -1 10 -1 -1 15 11 -1 -1 -1 17 -1 -1 -1 -1 -1 -1 -1 -1 -1 -1 -1 -1 27 -1 -1 -1 -1 7 -1 -1 -1 -1 -1 -1 -1 19 18 -1 -1 -1 -1 -1 -1 -1 -1 25 -1 -1 -1 -1 -1 -1 -1 -1 20 -1 -1 -1 -1 
-1 -1 -1 3 -1 5 -1 -1 -1 -1 -1 -1 -1 4 -1 -1 -1 -1 -1 -1 -1 30 -1 -1 -1 -1 -1 -1 -1 -1 -1 -1 10 -1 -1 15 11 -1 -1 -1 17 7 -1 -1 -1 -1 -1 -1 -1 -1 -1 -1 -1 27 -1 -1 -1 -1 -1 -1 -1 -1 -1 -1 -1 -1 19 18 -1 -1 -1 -1 -1 -1 -1 -1 25 -1 -1 -1 -1 -1 -1 -1 -1 20 -1 -1 -1 -1 
-1 -1 -1 3 -1 5 -1 -1 -1 -1 -1 -1 -1 4 -1 -1 -1 -1 -1 -1 -1 30 -1 -1 -1 -1 -1 -1 -1 -1 -1 -1 10 -1 -1 15 11 -1 -1 -1 17 7 -1 -1 -1 -1 -1 -1 -1 -1 -1 18 -1 27 -1 -1 -1 -1 -1 -1 -1 -1 -1 -1 -1 -1 19 -1 -1 -1 -1 -1 -1 -1 -1 -1 25 -1 -1 -1 -1 -1 -1 -1 -1 20 -1 -1 -1 -1 
-1 -1 -1 3 -1 5 -1 -1 -1 -1 -1 -1 -1 4 -1 -1 -1 -1 -1 -1 -1 30 -1 -1 -1 -1 -1 -1 -1 -1 -1 -1 10 -1 -1 15 11 -1 -1 -1 17 -1 -1 -1 -1 -1 -1 -1 -1 -1 -1 18 -1 27 -1 -1 -1 -1 7 -1 -1 -1 -1 -1 -1 -1 19 -1 -1 -1 -1 -1 -1 -1 -1 -1 25 -1 -1 -1 -1 -1 -1 -1 -1 20 -1 -1 -1 -1 
-1 -1 -1 3 -1 5 -1 -1 -1 -1 -1 -1 -1 4 -1 -1 -1 -1 -1 -1 -1 30 -1 -1 -1 -1 -1 -1 -1 -1 -1 -1 10 -1 -1 15 11 -1 -1 -1 17 -1 -1 -1 -1 -1 -1 -1 -1 -1 -1 -1 -1 27 -1 -1 -1 -1 7 -1 -1 -1 -1 -1 -1 -1 19 18 -1 -1 -1 -1 -1 -1 -1 -1 25 -1 -1 -1 -1 -1 -1 -1 -1 20 -1 -1 -1 -1 
-1 -1 -1 3 -1 5 -1 -1 -1 -1 -1 -1 -1 4 -1 -1 -1 -1 -1 -1 -1 30 -1 -1 -1 -1 -1 -1 -1 -1 -1 -1 10 -1 -1 15 11 -1 -1 -1 17 7 -1 -1 -1 -1 -1 -1 -1 -1 -1 -1 -1 27 -1 -1 -1 -1 -1 -1 -1 -1 -1 -1 -1 -1 19 18 -1 -1 -1 -1 -1 -1 -1 -1 25 -1 -1 -1 -1 -1 -1 -1 -1 20 -1 -1 -1 -1 
-1 -1 -1 3 -1 5 -1 -1 -1 -1 -1 -1 -1 4 -1 -1 -1 -1 -1 -1 -1 30 -1 17 -1 -1 -1 -1 -1 -1 -1 -1 10 -1 -1 15 11 -1 -1 -1 -1 7 -1 -1 -1 -1 -1 -1 -1 -1 -1 -1 -1 27 -1 -1 -1 -1 -1 -1 -1 -1 -1 -1 -1 -1 19 18 -1 -1 -1 -1 -1 -1 -1 -1 25 -1 -1 -1 -1 -1 -1 -1 -1 20 -1 -1 -1 -1 
-1 -1 -1 3 -1 5 -1 -1 -1 -1 -1 -1 -1 -1 4 -1 -1 -1 -1 -1 -1 30 -1 17 -1 -1 -1 -1 -1 -1 -1 -1 10 -1 -1 15 11 -1 -1 -1 -1 7 -1 -1 -1 -1 -1 -1 -1 -1 -1 -1 -1 27 -1 -1 -1 -1 -1 -1 -1 -1 -1 -1 -1 -1 19 18 -1 -1 -1 -1 -1 -1 -1 -1 25 -1 -1 -1 -1 -1 -1 -1 -1 20 -1 -1 -1 -1 
-1 -1 -1 3 -1 5 -1 -1 -1 -1 -1 -1 -1 -1 4 -1 17 -1 -1 -1 -1 30 -1 -1 -1 -1 -1 -1 -1 -1 -1 -1 10 -1 -1 15 11 -1 -1 -1 -1 7 -1 -1 -1 -1 -1 -1 -1 -1 -1 -1 -1 27 -1 -1 -1 -1 -1 -1 -1 -1 -1 -1 -1 -1 19 18 -1 -1 -1 -1 -1 -1 -1 -1 25 -1 -1 -1 -1 -1 -1 -1 -1 20 -1 -1 -1 -1 
-1 -1 -1 3 -1 -1 -1 -1 -1 -1 -1 -1 -1 5 4 -1 17 -1 -1 -1 -1 30 -1 -1 -1 -1 -1 -1 -1 -1 -1 -1 10 -1 -1 15 11 -1 -1 -1 -1 7 -1 -1 -1 -1 -1 -1 -1 -1 -1 -1 -1 27 -1 -1 -1 -1 -1 -1 -1 -1 -1 -1 -1 -1 19 18 -1 -1 -1 -1 -1 -1 -1 -1 25 -1 -1 -1 -1 -1 -1 -1 -1 20 -1 -1 -1 -1 
-1 -1 -1 3 -1 -1 -1 -1 -1 -1 -1 -1 -1 5 4 -1 17 -1 -1 -1 -1 -1 30 -1 -1 -1 -1 -1 -1 -1 -1 -1 10 -1 -1 15 11 -1 -1 -1 -1 7 -1 -1 -1 -1 -1 -1 -1 -1 -1 -1 -1 27 -1 -1 -1 -1 -1 -1 -1 -1 -1 -1 -1 -1 19 18 -1 -1 -1 -1 -1 -1 -1 -1 25 -1 -1 -1 -1 -1 -1 -1 -1 20 -1 -1 -1 -1 
-1 -1 -1 3 -1 -1 -1 -1 -1 -1 -1 -1 -1 5 4 -1 17 -1 -1 -1 -1 -1 30 -1 -1 -1 -1 -1 -1 -1 -1 -1 10 -1 -1 15 11 -1 -1 -1 -1 -1 -1 -1 -1 -1 -1 -1 -1 -1 -1 -1 -1 27 -1 -1 -1 -1 -1 -1 7 -1 -1 -1 -1 -1 19 18 -1 -1 -1 -1 -1 -1 -1 -1 25 -1 -1 -1 -1 -1 -1 -1 -1 20 -1 -1 -1 -1 
-1 -1 -1 3 -1 -1 -1 -1 -1 -1 -1 -1 -1 5 4 -1 17 -1 -1 -1 -1 -1 30 -1 -1 -1 -1 -1 -1 -1 -1 -1 10 -1 -1 15 11 -1 -1 -1 -1 -1 -1 -1 -1 -1 -1 -1 -1 -1 -1 -1 -1 27 -1 -1 -1 -1 -1 -1 7 -1 -1 -1 -1 -1 19 18 -1 -1 -1 -1 -1 25 -1 -1 -1 -1 -1 -1 -1 -1 -1 -1 -1 20 -1 -1 -1 -1 
-1 -1 -1 3 -1 -1 -1 -1 -1 -1 -1 -1 -1 5 4 -1 17 -1 -1 -1 -1 -1 30 -1 -1 -1 -1 -1 10 -1 -1 -1 -1 -1 -1 15 11 -1 -1 -1 -1 -1 -1 -1 -1 -1 -1 -1 -1 -1 -1 -1 -1 27 -1 -1 -1 -1 -1 -1 7 -1 -1 -1 -1 -1 19 18 -1 -1 -1 -1 -1 25 -1 -1 -1 -1 -1 -1 -1 -1 -1 -1 -1 20 -1 -1 -1 -1 
-1 -1 -1 3 -1 -1 -1 -1 -1 -1 -1 -1 -1 5 4 -1 17 -1 -1 -1 -1 -1 30 -1 -1 -1 -1 -1 10 -1 -1 -1 -1 -1 -1 15 11 -1 -1 -1 -1 -1 -1 -1 -1 -1 -1 -1 -1 -1 -1 -1 -1 27 -1 -1 -1 -1 -1 -1 7 -1 -1 -1 -1 -1 19 18 -1 -1 -1 -1 -1 -1 -1 -1 -1 -1 -1 -1 25 -1 -1 -1 -1 20 -1 -1 -1 -1 
-1 -1 -1 3 -1 -1 -1 -1 -1 -1 -1 -1 -1 5 4 -1 17 -1 -1 -1 -1 -1 30 -1 -1 -1 -1 -1 -1 -1 -1 9 -1 -1 -1 15 11 -1 -1 -1 -1 -1 -1 -1 -1 -1 -1 -1 -1 -1 -1 -1 -1 27 -1 -1 -1 -1 -1 -1 7 -1 -1 -1 -1 -1 19 18 -1 -1 -1 -1 -1 -1 -1 -1 -1 -1 -1 -1 25 -1 -1 -1 -1 20 -1 -1 -1 -1 
-1 -1 -1 3 -1 -1 -1 -1 -1 -1 -1 -1 -1 5 4 -1 17 -1 -1 -1 -1 -1 30 -1 -1 -1 -1 -1 -1 -1 -1 9 -1 -1 -1 15 11 -1 -1 -1 -1 -1 -1 -1 -1 -1 -1 -1 -1 -1 -1 -1 -1 27 -1 -1 -1 -1 -1 -1 7 -1 -1 -1 -1 -1 19 18 -1 -1 -1 -1 -1 -1 -1 -1 -1 -1 -1 -1 25 -1 -1 -1 20 -1 -1 -1 -1 -1 
-1 -1 -1 3 -1 -1 -1 -1 -1 -1 -1 -1 -1 5 4 -1 17 -1 -1 -1 -1 -1 30 -1 -1 -1 -1 -1 -1 -1 -1 9 -1 -1 -1 15 11 -1 -1 -1 -1 -1 -1 -1 -1 -1 -1 -1 -1 -1 -1 -1 -1 27 -1 -1 -1 -1 -1 -1 -1 -1 -1 -1 -1 -1 19 7 -1 -1 -1 -1 -1 -1 -1 -1 -1 -1 -1 -1 25 -1 -1 -1 20 -1 -1 -1 -1 -1 
-1 -1 -1 3 -1 -1 -1 -1 -1 -1 -1 -1 -1 5 4 -1 17 -1 -1 -1 -1 -1 30 -1 -1 -1 -1 -1 -1 -1 -1 9 -1 -1 -1 15 11 -1 -1 -1 -1 -1 -1 -1 -1 -1 -1 -1 -1 -1 -1 -1 -1 27 -1 -1 -1 -1 -1 -1 -1 -1 -1 -1 -1 -1 19 7 -1 -1 -1 -1 -1 -1 -1 20 -1 -1 -1 -1 25 -1 -1 -1 -1 -1 -1 -1 -1 -1 
-1 -1 -1 3 -1 -1 -1 -1 -1 -1 -1 -1 -1 5 4 -1 17 -1 -1 -1 -1 -1 30 -1 -1 -1 -1 -1 -1 -1 -1 9 -1 -1 -1 15 11 -1 -1 -1 -1 -1 -1 -1 -1 -1 -1 -1 -1 -1 -1 -1 -1 27 -1 -1 -1 -1 -1 -1 -1 -1 -1 -1 -1 -1 19 -1 -1 -1 -1 -1 -1 -1 -1 20 -1 -1 -1 -1 25 -1 -1 -1 -1 -1 7 -1 -1 -1 
-1 -1 -1 3 -1 -1 -1 -1 -1 -1 -1 -1 -1 5 4 -1 17 -1 -1 -1 -1 -1 30 -1 -1 -1 -1 -1 -1 -1 -1 9 -1 -1 -1 15 11 -1 -1 -1 -1 -1 -1 -1 -1 -1 -1 -1 -1 -1 -1 -1 -1 27 -1 -1 -1 -1 -1 -1 -1 -1 -1 -1 -1 -1 19 -1 -1 -1 -1 -1 -1 -1 -1 -1 -1 -1 -1 -1 25 -1 -1 -1 20 -1 7 -1 -1 -1 
-1 -1 -1 3 -1 -1 -1 -1 -1 -1 -1 -1 -1 5 4 -1 17 -1 -1 -1 -1 -1 30 -1 -1 -1 -1 -1 -1 -1 -1 -1 -1 -1 9 15 11 -1 -1 -1 -1 -1 -1 -1 -1 -1 -1 -1 -1 -1 -1 -1 -1 27 -1 -1 -1 -1 -1 -1 -1 -1 -1 -1 -1 -1 19 -1 -1 -1 -1 -1 -1 -1 -1 -1 -1 -1 -1 -1 25 -1 -1 -1 20 -1 7 -1 -1 -1 
-1 -1 -1 3 -1 -1 -1 -1 -1 -1 -1 -1 -1 5 4 -1 -1 -1 -1 -1 -1 -1 30 -1 -1 -1 -1 -1 -1 -1 -1 -1 -1 17 9 15 11 -1 -1 -1 -1 -1 -1 -1 -1 -1 -1 -1 -1 -1 -1 -1 -1 27 -1 -1 -1 -1 -1 -1 -1 -1 -1 -1 -1 -1 19 -1 -1 -1 -1 -1 -1 -1 -1 -1 -1 -1 -1 -1 25 -1 -1 -1 20 -1 7 -1 -1 -1 
-1 -1 -1 3 -1 4 -1 -1 -1 -1 -1 -1 -1 5 -1 -1 -1 -1 -1 -1 -1 -1 30 -1 -1 -1 -1 -1 -1 -1 -1 -1 -1 17 9 15 11 -1 -1 -1 -1 -1 -1 -1 -1 -1 -1 -1 -1 -1 -1 -1 -1 27 -1 -1 -1 -1 -1 -1 -1 -1 -1 -1 -1 -1 19 -1 -1 -1 -1 -1 -1 -1 -1 -1 -1 -1 -1 -1 25 -1 -1 -1 20 -1 7 -1 -1 -1 
-1 -1 -1 3 -1 4 -1 -1 -1 -1 -1 -1 -1 5 -1 -1 -1 -1 -1 -1 -1 -1 30 -1 -1 -1 -1 -1 -1 -1 -1 -1 -1 -1 9 15 11 -1 -1 -1 -1 -1 -1 -1 -1 -1 -1 -1 -1 -1 -1 -1 17 27 -1 -1 -1 -1 -1 -1 -1 -1 -1 -1 -1 -1 19 -1 -1 -1 -1 -1 -1 -1 -1 -1 -1 -1 -1 -1 25 -1 -1 -1 20 -1 7 -1 -1 -1 
-1 -1 -1 3 -1 4 -1 -1 -1 -1 -1 -1 -1 5 -1 -1 -1 -1 -1 -1 -1 -1 30 -1 -1 -1 -1 -1 -1 -1 -1 -1 -1 -1 9 15 11 -1 -1 -1 -1 -1 -1 -1 -1 -1 -1 -1 -1 -1 -1 -1 17 27 -1 -1 -1 -1 -1 -1 -1 -1 -1 -1 -1 -1 19 7 -1 -1 -1 -1 -1 -1 -1 -1 -1 -1 -1 -1 25 -1 -1 -1 20 -1 -1 -1 -1 -1 
-1 -1 -1 3 -1 4 -1 -1 -1 -1 -1 -1 -1 5 -1 -1 -1 -1 -1 -1 -1 -1 30 -1 -1 -1 -1 -1 -1 -1 -1 -1 -1 -1 9 15 11 -1 -1 -1 -1 -1 -1 -1 -1 -1 -1 -1 -1 -1 -1 -1 17 27 -1 -1 -1 -1 -1 -1 -1 -1 -1 -1 -1 -1 -1 7 -1 -1 -1 -1 -1 -1 -1 -1 19 -1 -1 -1 25 -1 -1 -1 20 -1 -1 -1 -1 -1 
-1 -1 -1 3 -1 4 -1 -1 -1 -1 -1 -1 -1 5 -1 -1 -1 -1 -1 -1 -1 -1 30 -1 -1 -1 -1 -1 -1 -1 -1 9 -1 -1 -1 15 11 -1 -1 -1 -1 -1 -1 -1 -1 -1 -1 -1 -1 -1 -1 -1 17 27 -1 -1 -1 -1 -1 -1 -1 -1 -1 -1 -1 -1 -1 7 -1 -1 -1 -1 -1 -1 -1 -1 19 -1 -1 -1 25 -1 -1 -1 20 -1 -1 -1 -1 -1 
-1 -1 -1 3 -1 4 -1 -1 -1 -1 -1 -1 -1 5 -1 -1 -1 -1 -1 -1 -1 -1 30 -1 -1 -1 -1 -1 -1 -1 -1 9 -1 -1 -1 15 11 -1 -1 -1 -1 17 -1 -1 -1 -1 -1 -1 -1 -1 -1 -1 -1 27 -1 -1 -1 -1 -1 -1 -1 -1 -1 -1 -1 -1 -1 7 -1 -1 -1 -1 -1 -1 -1 -1 19 -1 -1 -1 25 -1 -1 -1 20 -1 -1 -1 -1 -1 
-1 -1 -1 3 -1 4 -1 -1 -1 -1 -1 -1 -1 5 -1 -1 -1 -1 -1 -1 -1 -1 30 -1 -1 -1 -1 -1 -1 -1 -1 -1 9 -1 -1 15 11 -1 -1 -1 -1 17 -1 -1 -1 -1 -1 -1 -1 -1 -1 -1 -1 27 -1 -1 -1 -1 -1 -1 -1 -1 -1 -1 -1 -1 -1 7 -1 -1 -1 -1 -1 -1 -1 -1 19 -1 -1 -1 25 -1 -1 -1 20 -1 -1 -1 -1 -1 
-1 -1 -1 3 -1 4 -1 -1 -1 -1 -1 -1 -1 5 -1 -1 -1 -1 -1 -1 -1 -1 30 -1 -1 -1 -1 -1 -1 -1 -1 -1 9 -1 -1 25 11 -1 -1 -1 -1 17 -1 -1 -1 -1 -1 -1 -1 -1 -1 -1 -1 27 -1 -1 -1 -1 -1 -1 -1 -1 -1 -1 -1 -1 -1 7 -1 -1 -1 -1 -1 -1 -1 -1 19 -1 -1 -1 -1 -1 -1 -1 20 -1 -1 -1 -1 -1 
-1 -1 -1 3 -1 4 -1 -1 -1 -1 -1 -1 -1 5 -1 -1 -1 -1 -1 -1 -1 -1 30 -1 -1 -1 -1 -1 -1 -1 -1 -1 9 -1 -1 25 11 -1 -1 -1 -1 17 -1 -1 -1 -1 -1 -1 -1 -1 7 -1 -1 27 -1 -1 -1 -1 -1 -1 -1 -1 -1 -1 -1 -1 -1 -1 -1 -1 -1 -1 -1 -1 -1 -1 19 -1 -1 -1 -1 -1 -1 -1 20 -1 -1 -1 -1 -1 
-1 -1 -1 3 -1 4 -1 -1 -1 -1 -1 -1 -1 5 -1 -1 -1 -1 -1 -1 -1 -1 30 -1 -1 -1 -1 -1 -1 -1 -1 -1 9 -1 -1 25 11 -1 -1 -1 -1 17 -1 -1 27 -1 -1 -1 -1 -1 7 -1 -1 -1 -1 -1 -1 -1 -1 -1 -1 -1 -1 -1 -1 -1 -1 -1 -1 -1 -1 -1 -1 -1 -1 -1 19 -1 -1 -1 -1 -1 -1 -1 20 -1 -1 -1 -1 -1 
-1 -1 -1 3 -1 4 -1 -1 -1 -1 -1 -1 -1 5 -1 -1 -1 -1 -1 -1 -1 -1 30 -1 -1 -1 -1 -1 -1 -1 -1 -1 9 -1 -1 25 -1 -1 -1 -1 -1 17 -1 -1 27 11 -1 -1 -1 -1 7 -1 -1 -1 -1 -1 -1 -1 -1 -1 -1 -1 -1 -1 -1 -1 -1 -1 -1 -1 -1 -1 -1 -1 -1 -1 19 -1 -1 -1 -1 -1 -1 -1 20 -1 -1 -1 -1 -1 
-1 -1 -1 3 -1 4 -1 -1 -1 -1 -1 -1 -1 5 -1 -1 -1 -1 -1 -1 -1 -1 30 -1 -1 -1 -1 -1 -1 -1 -1 -1 9 -1 25 -1 -1 -1 -1 -1 -1 17 -1 -1 27 11 -1 -1 -1 -1 7 -1 -1 -1 -1 -1 -1 -1 -1 -1 -1 -1 -1 -1 -1 -1 -1 -1 -1 -1 -1 -1 -1 -1 -1 -1 19 -1 -1 -1 -1 -1 -1 -1 20 -1 -1 -1 -1 -1 
-1 -1 -1 3 -1 4 -1 -1 -1 -1 -1 -1 -1 5 -1 -1 -1 -1 -1 -1 -1 -1 30 -1 -1 -1 -1 -1 -1 -1 -1 -1 9 -1 25 -1 -1 -1 -1 -1 -1 17 -1 -1 27 -1 11 -1 -1 -1 7 -1 -1 -1 -1 -1 -1 -1 -1 -1 -1 -1 -1 -1 -1 -1 -1 -1 -1 -1 -1 -1 -1 -1 -1 -1 19 -1 -1 -1 -1 -1 -1 -1 20 -1 -1 -1 -1 -1 
-1 -1 -1 3 -1 4 -1 -1 -1 -1 -1 -1 -1 5 -1 -1 -1 -1 -1 -1 -1 -1 30 -1 -1 -1 -1 -1 -1 -1 -1 -1 9 -1 -1 -1 -1 -1 -1 -1 -1 17 -1 -1 27 -1 11 -1 -1 -1 7 -1 -1 -1 -1 -1 -1 -1 -1 -1 -1 -1 -1 -1 -1 -1 -1 -1 -1 -1 -1 -1 -1 -1 -1 -1 19 -1 -1 25 -1 -1 -1 -1 20 -1 -1 -1 -1 -1 
-1 -1 -1 3 -1 4 -1 -1 -1 -1 -1 -1 -1 5 -1 -1 -1 -1 -1 -1 -1 -1 30 -1 -1 -1 -1 -1 -1 -1 -1 -1 9 -1 -1 -1 -1 -1 -1 7 -1 17 -1 -1 27 -1 11 -1 -1 -1 -1 -1 -1 -1 -1 -1 -1 -1 -1 -1 -1 -1 -1 -1 -1 -1 -1 -1 -1 -1 -1 -1 -1 -1 -1 -1 19 -1 -1 25 -1 -1 -1 -1 20 -1 -1 -1 -1 -1 
-1 -1 -1 3 -1 4 -1 -1 -1 -1 -1 -1 -1 5 -1 -1 -1 -1 -1 -1 -1 -1 30 -1 -1 -1 -1 -1 -1 -1 17 -1 9 -1 -1 -1 -1 -1 -1 7 -1 -1 -1 -1 27 -1 11 -1 -1 -1 -1 -1 -1 -1 -1 -1 -1 -1 -1 -1 -1 -1 -1 -1 -1 -1 -1 -1 -1 -1 -1 -1 -1 -1 -1 -1 19 -1 -1 25 -1 -1 -1 -1 20 -1 -1 -1 -1 -1 
-1 -1 -1 3 -1 4 -1 -1 -1 -1 -1 -1 -1 5 -1 -1 -1 -1 -1 -1 -1 -1 30 -1 -1 -1 -1 -1 -1 -1 17 9 -1 -1 -1 -1 -1 -1 -1 7 -1 -1 -1 -1 27 -1 11 -1 -1 -1 -1 -1 -1 -1 -1 -1 -1 -1 -1 -1 -1 -1 -1 -1 -1 -1 -1 -1 -1 -1 -1 -1 -1 -1 -1 -1 19 -1 -1 25 -1 -1 -1 -1 20 -1 -1 -1 -1 -1 
-1 -1 -1 3 -1 4 -1 -1 -1 -1 -1 -1 -1 5 -1 -1 -1 -1 -1 -1 -1 -1 30 -1 -1 -1 -1 -1 -1 -1 17 9 -1 -1 -1 -1 -1 -1 -1 7 -1 -1 -1 -1 27 -1 11 -1 -1 -1 -1 -1 -1 -1 -1 -1 -1 -1 -1 -1 -1 -1 -1 -1 -1 -1 -1 -1 -1 -1 -1 -1 -1 -1 -1 -1 19 25 -1 -1 -1 -1 -1 -1 20 -1 -1 -1 -1 -1 
-1 -1 -1 3 -1 4 -1 -1 -1 -1 -1 -1 -1 5 -1 -1 -1 -1 -1 -1 -1 -1 30 -1 -1 -1 -1 -1 -1 -1 17 9 -1 -1 -1 -1 -1 -1 -1 -1 -1 -1 -1 -1 27 -1 11 -1 -1 -1 -1 -1 -1 -1 -1 -1 -1 -1 7 -1 -1 -1 -1 -1 -1 -1 -1 -1 -1 -1 -1 -1 -1 -1 -1 -1 19 25 -1 -1 -1 -1 -1 -1 20 -1 -1 -1 -1 -1 
-1 -1 -1 3 -1 4 -1 -1 -1 -1 -1 -1 -1 5 -1 -1 -1 -1 -1 -1 -1 -1 30 -1 -1 -1 -1 -1 -1 -1 17 9 -1 -1 -1 -1 -1 -1 -1 -1 -1 -1 -1 -1 27 -1 11 -1 -1 -1 -1 -1 -1 -1 -1 -1 -1 -1 7 -1 -1 -1 -1 -1 -1 -1 -1 -1 -1 -1 -1 -1 -1 -1 -1 -1 19 -1 -1 -1 -1 -1 -1 -1 20 -1 25 -1 -1 -1 
-1 -1 -1 3 -1 4 -1 -1 -1 -1 -1 -1 -1 5 -1 -1 -1 -1 -1 -1 -1 -1 30 -1 -1 -1 -1 -1 -1 -1 17 9 -1 -1 -1 -1 -1 -1 -1 -1 -1 -1 -1 -1 27 -1 11 -1 -1 -1 -1 -1 -1 -1 -1 -1 -1 -1 -1 -1 -1 -1 -1 -1 -1 -1 -1 -1 -1 7 -1 -1 -1 -1 -1 -1 19 -1 -1 -1 -1 -1 -1 -1 20 -1 25 -1 -1 -1 
-1 -1 -1 3 -1 4 -1 -1 -1 -1 -1 -1 -1 5 -1 -1 -1 -1 -1 -1 -1 -1 30 -1 -1 -1 -1 -1 -1 -1 17 9 -1 -1 -1 -1 -1 -1 -1 -1 -1 -1 -1 -1 27 -1 11 -1 -1 -1 -1 -1 -1 -1 -1 -1 -1 -1 -1 -1 -1 -1 -1 -1 -1 -1 -1 -1 25 7 -1 -1 -1 -1 -1 -1 19 -1 -1 -1 -1 -1 -1 -1 20 -1 -1 -1 -1 -1 
-1 -1 -1 3 -1 -1 -1 -1 -1 -1 -1 -1 -1 5 4 -1 -1 -1 -1 -1 -1 -1 30 -1 -1 -1 -1 -1 -1 -1 17 9 -1 -1 -1 -1 -1 -1 -1 -1 -1 -1 -1 -1 27 -1 11 -1 -1 -1 -1 -1 -1 -1 -1 -1 -1 -1 -1 -1 -1 -1 -1 -1 -1 -1 -1 -1 25 7 -1 -1 -1 -1 -1 -1 19 -1 -1 -1 -1 -1 -1 -1 20 -1 -1 -1 -1 -1 
-1 -1 -1 3 -1 -1 -1 -1 -1 -1 -1 -1 -1 5 4 -1 -1 -1 -1 -1 -1 -1 30 -1 -1 -1 -1 -1 -1 -1 17 9 -1 -1 -1 -1 -1 -1 -1 -1 -1 -1 -1 27 -1 -1 11 -1 -1 -1 -1 -1 -1 -1 -1 -1 -1 -1 -1 -1 -1 -1 -1 -1 -1 -1 -1 -1 25 7 -1 -1 -1 -1 -1 -1 19 -1 -1 -1 -1 -1 -1 -1 20 -1 -1 -1 -1 -1 
-1 -1 -1 3 -1 -1 -1 -1 -1 -1 -1 -1 -1 5 4 -1 -1 -1 -1 -1 -1 -1 30 -1 -1 -1 -1 -1 -1 -1 17 9 -1 -1 -1 -1 -1 -1 -1 -1 -1 -1 -1 27 -1 -1 11 -1 -1 -1 -1 -1 -1 -1 -1 -1 -1 -1 -1 -1 -1 -1 7 -1 -1 -1 -1 -1 25 -1 -1 -1 -1 -1 -1 -1 19 -1 -1 -1 -1 -1 -1 -1 20 -1 -1 -1 -1 -1 
-1 -1 -1 3 -1 -1 -1 -1 -1 -1 -1 -1 -1 5 4 -1 -1 -1 -1 -1 -1 -1 30 -1 -1 -1 -1 -1 -1 -1 17 9 -1 -1 -1 -1 -1 -1 -1 -1 -1 -1 27 -1 -1 -1 11 -1 -1 -1 -1 -1 -1 -1 -1 -1 -1 -1 -1 -1 -1 -1 7 -1 -1 -1 -1 -1 25 -1 -1 -1 -1 -1 -1 -1 19 -1 -1 -1 -1 -1 -1 -1 20 -1 -1 -1 -1 -1 
-1 -1 -1 3 -1 -1 -1 -1 -1 -1 -1 -1 -1 5 4 -1 -1 -1 -1 -1 -1 -1 30 -1 -1 -1 -1 -1 -1 -1 17 9 -1 -1 -1 -1 -1 -1 -1 -1 -1 -1 27 -1 -1 -1 11 -1 -1 -1 -1 7 -1 -1 -1 -1 -1 -1 -1 -1 -1 -1 -1 -1 -1 -1 -1 -1 25 -1 -1 -1 -1 -1 -1 -1 19 -1 -1 -1 -1 -1 -1 -1 20 -1 -1 -1 -1 -1 
-1 -1 -1 3 -1 -1 -1 -1 -1 -1 -1 -1 -1 5 4 -1 -1 -1 -1 -1 -1 -1 30 -1 -1 -1 -1 -1 -1 -1 17 9 -1 -1 -1 -1 -1 -1 -1 -1 -1 -1 27 -1 -1 -1 11 -1 -1 -1 25 7 -1 -1 -1 -1 -1 -1 -1 -1 -1 -1 -1 -1 -1 -1 -1 -1 -1 -1 -1 -1 -1 -1 -1 -1 19 -1 -1 -1 -1 -1 -1 -1 20 -1 -1 -1 -1 -1 
-1 -1 -1 3 -1 4 -1 -1 -1 -1 -1 -1 -1 5 -1 -1 -1 -1 -1 -1 -1 -1 30 -1 -1 -1 -1 -1 -1 -1 17 9 -1 -1 -1 -1 -1 -1 -1 -1 -1 -1 27 -1 -1 -1 11 -1 -1 -1 25 7 -1 -1 -1 -1 -1 -1 -1 -1 -1 -1 -1 -1 -1 -1 -1 -1 -1 -1 -1 -1 -1 -1 -1 -1 19 -1 -1 -1 -1 -1 -1 -1 20 -1 -1 -1 -1 -1 
-1 -1 -1 3 -1 4 -1 -1 -1 -1 -1 -1 -1 5 -1 -1 -1 -1 -1 -1 -1 -1 30 -1 -1 -1 -1 -1 -1 -1 17 9 -1 -1 -1 -1 -1 -1 -1 -1 -1 29 27 -1 -1 -1 11 -1 -1 -1 25 7 -1 -1 -1 -1 -1 -1 -1 -1 -1 -1 -1 -1 -1 -1 -1 -1 -1 -1 -1 -1 -1 -1 -1 -1 19 -1 -1 -1 -1 -1 -1 -1 20 -1 -1 -1 -1 -1 
