0 1 2 3 4 5 6 7 8 -1 -1 -1 -1 -1 -1 -1 -1 -1 -1 9 -1 -1 -1 -1 -1 10 -1 11 -1 12 -1 13 -1 14 -1 15 -1 -1 -1 -1 -1 -1 -1 -1 -1 -1 -1 -1 -1 -1 -1 -1 -1 -1 -1 -1 30 -1 29 -1 28 -1 27 -1 26 -1 -1 18 -1 -1 25 -1 -1 -1 -1 -1 -1 -1 -1 -1 -1 24 23 22 21 20 19 -1 17 16 
0 1 2 3 4 5 6 7 8 -1 -1 -1 -1 -1 -1 -1 -1 -1 -1 -1 -1 9 -1 -1 -1 10 -1 11 -1 12 -1 13 -1 14 -1 15 -1 -1 -1 -1 -1 -1 -1 -1 -1 -1 -1 -1 -1 -1 -1 -1 -1 -1 -1 -1 30 -1 29 -1 28 -1 27 -1 26 -1 -1 18 -1 -1 25 -1 -1 -1 -1 -1 -1 -1 -1 -1 -1 24 23 22 21 20 19 -1 17 16 
0 1 2 3 4 5 6 7 8 -1 -1 -1 -1 -1 -1 -1 -1 -1 -1 -1 -1 9 -1 -1 -1 10 -1 11 -1 12 -1 13 -1 14 -1 15 -1 -1 -1 -1 -1 -1 -1 -1 -1 -1 -1 30 -1 -1 -1 -1 -1 -1 -1 -1 -1 -1 29 -1 28 -1 27 -1 26 -1 -1 18 -1 -1 25 -1 -1 -1 -1 -1 -1 -1 -1 -1 -1 24 23 22 21 20 19 -1 17 16 
0 -1 2 3 4 5 6 7 8 -1 -1 -1 -1 -1 -1 -1 -1 -1 1 -1 -1 9 -1 -1 -1 10 -1 11 -1 12 -1 13 -1 14 -1 15 -1 -1 -1 -1 -1 -1 -1 -1 -1 -1 -1 30 -1 -1 -1 -1 -1 -1 -1 -1 -1 -1 29 -1 28 -1 27 -1 26 -1 -1 18 -1 -1 25 -1 -1 -1 -1 -1 -1 -1 -1 -1 -1 24 23 22 21 20 19 -1 17 16 
0 -1 2 3 4 5 6 7 8 -1 -1 -1 -1 -1 -1 -1 -1 -1 1 -1 -1 9 -1 -1 -1 10 -1 11 -1 12 -1 13 -1 14 -1 15 -1 -1 -1 -1 -1 -1 -1 -1 -1 -1 -1 30 -1 -1 -1 -1 -1 -1 -1 -1 -1 -1 29 -1 28 -1 27 -1 26 23 -1 18 -1 -1 25 -1 -1 -1 -1 -1 -1 -1 -1 -1 -1 24 -1 22 21 20 19 -1 17 16 
-1 0 2 3 4 5 6 7 8 -1 -1 -1 -1 -1 -1 -1 -1 -1 1 -1 -1 9 -1 -1 -1 10 -1 11 -1 12 -1 13 -1 14 -1 15 -1 -1 -1 -1 -1 -1 -1 -1 -1 -1 -1 30 -1 -1 -1 -1 -1 -1 -1 -1 -1 -1 29 -1 28 -1 27 -1 26 23 -1 18 -1 -1 25 -1 -1 -1 -1 -1 -1 -1 -1 -1 -1 24 -1 22 21 20 19 -1 17 16 
-1 0 2 3 4 5 6 7 8 -1 -1 -1 -1 -1 -1 -1 -1 -1 1 -1 -1 9 -1 -1 -1 10 -1 11 -1 12 -1 13 -1 14 -1 15 -1 -1 -1 -1 -1 -1 -1 -1 -1 -1 -1 30 -1 -1 -1 -1 -1 -1 -1 -1 -1 -1 29 -1 28 -1 27 -1 26 23 -1 18 -1 -1 25 -1 -1 -1 -1 -1 -1 -1 -1 -1 -1 -1 24 22 21 20 19 -1 17 16 
-1 0 2 3 4 5 6 7 8 -1 -1 -1 -1 -1 -1 -1 -1 -1 1 -1 -1 9 10 -1 -1 -1 -1 11 -1 12 -1 13 -1 14 -1 15 -1 -1 -1 -1 -1 -1 -1 -1 -1 -1 -1 30 -1 -1 -1 -1 -1 -1 -1 -1 -1 -1 29 -1 28 -1 27 -1 26 23 -1 18 -1 -1 25 -1 -1 -1 -1 -1 -1 -1 -1 -1 -1 -1 24 22 21 20 19 -1 17 16 
-1 0 2 3 4 5 6 7 8 -1 -1 -1 -1 -1 -1 -1 -1 -1 1 -1 -1 9 10 -1 -1 -1 -1 11 -1 12 -1 13 -1 14 -1 15 -1 -1 -1 -1 -1 -1 -1 -1 -1 -1 -1 30 -1 -1 -1 -1 -1 -1 -1 -1 -1 -1 29 -1 28 -1 27 -1 26 23 -1 18 -1 17 25 -1 -1 -1 -1 -1 -1 -1 -1 -1 -1 -1 24 22 21 20 19 -1 -1 16 
-1 0 2 3 4 5 6 -1 8 -1 -1 -1 -1 -1 -1 -1 -1 -1 1 -1 -1 9 10 -1 7 -1 -1 11 -1 12 -1 13 -1 14 -1 15 -1 -1 -1 -1 -1 -1 -1 -1 -1 -1 -1 30 -1 -1 -1 -1 -1 -1 -1 -1 -1 -1 29 -1 28 -1 27 -1 26 23 -1 18 -1 17 25 -1 -1 -1 -1 -1 -1 -1 -1 -1 -1 -1 24 22 21 20 19 -1 -1 16 
-1 0 2 3 4 5 6 -1 8 -1 -1 -1 -1 -1 -1 -1 -1 -1 1 -1 -1 9 10 -1 7 -1 -1 11 -1 12 -1 13 -1 14 -1 15 -1 -1 -1 -1 -1 -1 -1 -1 -1 -1 -1 30 -1 -1 -1 -1 -1 -1 -1 -1 -1 -1 29 -1 28 -1 27 -1 26 23 -1 18 -1 17 25 -1 -1 -1 -1 -1 -1 -1 -1 -1 -1 -1 24 22 21 20 19 -1 16 -1 
-1 0 2 3 4 5 6 8 -1 -1 -1 -1 -1 -1 -1 -1 -1 -1 1 -1 -1 9 10 -1 7 -1 -1 11 -1 12 -1 13 -1 14 -1 15 -1 -1 -1 -1 -1 -1 -1 -1 -1 -1 -1 30 -1 -1 -1 -1 -1 -1 -1 -1 -1 -1 29 -1 28 -1 27 -1 26 23 -1 18 -1 17 25 -1 -1 -1 -1 -1 -1 -1 -1 -1 -1 -1 24 22 21 20 19 -1 16 -1 
-1 0 2 3 4 5 6 8 -1 -1 -1 -1 -1 -1 -1 -1 -1 -1 1 -1 -1 9 10 -1 7 -1 -1 11 -1 12 -1 13 -1 14 25 15 -1 -1 -1 -1 -1 -1 -1 -1 -1 -1 -1 30 -1 -1 -1 -1 -1 -1 -1 -1 -1 -1 29 -1 28 -1 27 -1 26 23 -1 18 -1 17 -1 -1 -1 -1 -1 -1 -1 -1 -1 -1 -1 -1 24 22 21 20 19 -1 16 -1 
-1 -1 2 3 4 5 6 8 -1 -1 -1 -1 -1 -1 -1 -1 -1 -1 1 -1 -1 9 10 -1 7 -1 -1 11 -1 12 -1 13 -1 14 25 15 -1 -1 -1 -1 -1 -1 -1 -1 -1 -1 -1 30 -1 -1 -1 -1 -1 -1 -1 0 -1 -1 29 -1 28 -1 27 -1 26 23 -1 18 -1 17 -1 -1 -1 -1 -1 -1 -1 -1 -1 -1 -1 -1 24 22 21 20 19 -1 16 -1 
-1 -1 2 3 4 5 6 8 -1 -1 -1 -1 -1 -1 -1 -1 -1 -1 1 -1 -1 9 10 -1 7 -1 -1 11 -1 12 -1 13 -1 14 25 15 -1 -1 -1 -1 -1 -1 -1 -1 -1 -1 -1 30 -1 -1 -1 28 -1 -1 -1 0 -1 -1 29 -1 -1 -1 27 -1 26 23 -1 18 -1 17 -1 -1 -1 -1 -1 -1 -1 -1 -1 -1 -1 -1 24 22 21 20 19 -1 16 -1 
-1 -1 2 3 4 5 6 8 -1 -1 -1 -1 -1 -1 -1 -1 -1 -1 1 -1 -1 9 10 -1 7 -1 -1 11 -1 -1 -1 13 -1 14 25 15 -1 -1 12 -1 -1 -1 -1 -1 -1 -1 -1 30 -1 -1 -1 28 -1 -1 -1 0 -1 -1 29 -1 -1 -1 27 -1 26 23 -1 18 -1 17 -1 -1 -1 -1 -1 -1 -1 -1 -1 -1 -1 -1 24 22 21 20 19 -1 16 -1 
-1 -1 2 3 4 5 6 8 -1 -1 -1 -1 -1 -1 -1 -1 -1 -1 1 -1 -1 9 10 -1 7 -1 -1 11 -1 -1 -1 13 -1 14 25 15 -1 -1 30 -1 -1 -1 -1 -1 -1 -1 -1 -1 -1 -1 -1 28 -1 -1 -1 0 -1 -1 29 -1 -1 -1 27 -1 26 23 -1 18 -1 17 -1 -1 -1 -1 -1 -1 -1 -1 -1 -1 -1 -1 24 22 21 20 19 -1 16 -1 
-1 -1 2 3 4 5 6 8 -1 -1 -1 -1 -1 -1 -1 -1 -1 -1 1 -1 -1 9 10 -1 7 -1 -1 11 -1 -1 -1 13 -1 14 25 15 -1 -1 30 -1 -1 -1 -1 -1 -1 -1 -1 -1 -1 -1 -1 28 -1 -1 -1 -1 0 -1 29 -1 -1 -1 27 -1 26 23 -1 18 -1 17 -1 -1 -1 -1 -1 -1 -1 -1 -1 -1 -1 -1 24 22 21 20 19 -1 16 -1 
-1 -1 2 3 4 5 6 8 -1 -1 -1 -1 -1 -1 -1 -1 -1 -1 1 -1 -1 9 10 -1 7 -1 -1 11 -1 -1 -1 13 -1 14 25 15 -1 -1 -1 30 -1 -1 -1 -1 -1 -1 -1 -1 -1 -1 -1 28 -1 -1 -1 -1 0 -1 29 -1 -1 -1 27 -1 26 23 -1 18 -1 17 -1 -1 -1 -1 -1 -1 -1 -1 -1 -1 -1 -1 24 22 21 20 19 -1 16 -1 
-1 -1 2 3 4 5 6 8 -1 -1 -1 -1 -1 -1 -1 -1 -1 -1 1 -1 -1 9 10 -1 7 -1 -1 11 -1 -1 -1 13 -1 14 25 15 -1 -1 -1 30 -1 -1 -1 -1 -1 -1 -1 -1 -1 -1 -1 28 -1 -1 -1 -1 -1 -1 29 -1 -1 -1 27 -1 26 0 -1 18 -1 17 -1 -1 -1 -1 -1 -1 -1 -1 -1 -1 -1 -1 24 22 21 20 19 -1 16 -1 
-1 -1 2 3 4 5 6 8 -1 -1 -1 -1 -1 -1 -1 -1 -1 -1 1 -1 -1 9 10 -1 7 -1 -1 11 -1 -1 30 13 -1 14 25 15 -1 -1 -1 -1 -1 -1 -1 -1 -1 -1 -1 -1 -1 -1 -1 28 -1 -1 -1 -1 -1 -1 29 -1 -1 -1 27 -1 26 0 -1 18 -1 17 -1 -1 -1 -1 -1 -1 -1 -1 -1 -1 -1 -1 24 22 21 20 19 -1 16 -1 
-1 -1 2 3 4 5 6 8 -1 -1 -1 -1 -1 -1 -1 -1 -1 -1 1 9 -1 -1 10 -1 7 -1 -1 11 -1 -1 30 13 -1 14 25 15 -1 -1 -1 -1 -1 -1 -1 -1 -1 -1 -1 -1 -1 -1 -1 28 -1 -1 -1 -1 -1 -1 29 -1 -1 -1 27 -1 26 0 -1 18 -1 17 -1 -1 -1 -1 -1 -1 -1 -1 -1 -1 -1 -1 24 22 21 20 19 -1 16 -1 
-1 -1 2 3 4 5 6 8 -1 -1 -1 -1 -1 -1 -1 -1 -1 -1 1 9 -1 -1 10 -1 7 -1 -1 11 -1 -1 30 13 -1 14 25 15 -1 -1 -1 -1 -1 -1 -1 -1 -1 -1 -1 -1 -1 -1 -1 28 -1 -1 -1 -1 -1 -1 29 -1 -1 -1 27 26 -1 0 -1 18 -1 17 -1 -1 -1 -1 -1 -1 -1 -1 -1 -1 -1 -1 24 22 21 20 19 -1 16 -1 
-1 -1 2 3 4 5 6 8 -1 -1 -1 -1 -1 -1 -1 -1 -1 -1 1 -1 9 -1 10 -1 7 -1 -1 11 -1 -1 30 13 -1 14 25 15 -1 -1 -1 -1 -1 -1 -1 -1 -1 -1 -1 -1 -1 -1 -1 28 -1 -1 -1 -1 -1 -1 29 -1 -1 -1 27 26 -1 0 -1 18 -1 17 -1 -1 -1 -1 -1 -1 -1 -1 -1 -1 -1 -1 24 22 21 20 19 -1 16 -1 
-1 -1 2 3 4 5 6 8 -1 -1 -1 -1 -1 -1 -1 -1 -1 -1 1 -1 9 -1 10 -1 7 -1 -1 11 -1 -1 30 13 -1 14 25 15 -1 -1 -1 -1 -1 -1 -1 -1 -1 -1 -1 -1 -1 -1 -1 28 -1 -1 -1 -1 -1 -1 29 -1 -1 -1 27 26 -1 0 -1 18 -1 17 -1 -1 -1 -1 -1 -1 21 -1 -1 -1 -1 -1 24 22 -1 20 19 -1 16 -1 
-1 -1 2 3 4 -1 6 8 -1 -1 -1 -1 -1 5 -1 -1 -1 -1 1 -1 9 -1 10 -1 7 -1 -1 11 -1 -1 30 13 -1 14 25 15 -1 -1 -1 -1 -1 -1 -1 -1 -1 -1 -1 -1 -1 -1 -1 28 -1 -1 -1 -1 -1 -1 29 -1 -1 -1 27 26 -1 0 -1 18 -1 17 -1 -1 -1 -1 -1 -1 21 -1 -1 -1 -1 -1 24 22 -1 20 19 -1 16 -1 
-1 -1 2 3 4 -1 6 8 -1 -1 -1 -1 -1 5 -1 -1 -1 -1 1 -1 9 -1 10 -1 7 -1 -1 11 -1 -1 -1 30 -1 14 25 15 -1 -1 -1 -1 -1 -1 -1 -1 -1 -1 -1 -1 -1 -1 -1 28 -1 -1 -1 -1 -1 -1 29 -1 -1 -1 27 26 -1 0 -1 18 -1 17 -1 -1 -1 -1 -1 -1 21 -1 -1 -1 -1 -1 24 22 -1 20 19 -1 16 -1 
-1 -1 2 3 4 -1 6 8 -1 -1 -1 -1 -1 5 -1 -1 -1 -1 1 -1 9 10 -1 -1 7 -1 -1 11 -1 -1 -1 30 -1 14 25 15 -1 -1 -1 -1 -1 -1 -1 -1 -1 -1 -1 -1 -1 -1 -1 28 -1 -1 -1 -1 -1 -1 29 -1 -1 -1 27 26 -1 0 -1 18 -1 17 -1 -1 -1 -1 -1 -1 21 -1 -1 -1 -1 -1 24 22 -1 20 19 -1 16 -1 
-1 -1 2 3 4 -1 6 8 -1 -1 -1 -1 -1 5 -1 -1 -1 -1 1 -1 9 10 -1 -1 7 -1 -1 11 -1 -1 30 -1 -1 14 25 15 -1 -1 -1 -1 -1 -1 -1 -1 -1 -1 -1 -1 -1 -1 -1 28 -1 -1 -1 -1 -1 -1 29 -1 -1 -1 27 26 -1 0 -1 18 -1 17 -1 -1 -1 -1 -1 -1 21 -1 -1 -1 -1 -1 24 22 -1 20 19 -1 16 -1 
-1 -1 2 3 4 -1 6 8 -1 -1 -1 -1 -1 5 -1 -1 -1 -1 1 -1 9 -1 -1 10 7 -1 -1 11 -1 -1 30 -1 -1 14 25 15 -1 -1 -1 -1 -1 -1 -1 -1 -1 -1 -1 -1 -1 -1 -1 28 -1 -1 -1 -1 -1 -1 29 -1 -1 -1 27 26 -1 0 -1 18 -1 17 -1 -1 -1 -1 -1 -1 21 -1 -1 -1 -1 -1 24 22 -1 20 19 -1 16 -1 
-1 -1 2 3 4 -1 6 8 -1 -1 -1 -1 -1 5 -1 -1 -1 -1 1 -1 9 -1 -1 10 7 -1 -1 26 -1 -1 30 -1 -1 14 25 15 -1 -1 -1 -1 -1 -1 -1 -1 -1 -1 -1 -1 -1 -1 -1 28 -1 -1 -1 -1 -1 -1 29 -1 -1 -1 27 -1 -1 0 -1 18 -1 17 -1 -1 -1 -1 -1 -1 21 -1 -1 -1 -1 -1 24 22 -1 20 19 -1 16 -1 
-1 -1 2 3 4 -1 6 8 -1 -1 -1 -1 -1 5 -1 -1 -1 -1 1 -1 9 -1 -1 10 7 -1 -1 26 -1 -1 30 -1 -1 14 25 15 -1 -1 0 -1 -1 -1 -1 -1 -1 -1 -1 -1 -1 -1 -1 28 -1 -1 -1 -1 -1 -1 29 -1 -1 -1 27 -1 -1 -1 -1 18 -1 17 -1 -1 -1 -1 -1 -1 21 -1 -1 -1 -1 -1 24 22 -1 20 19 -1 16 -1 
-1 -1 2 3 4 -1 6 8 -1 -1 -1 -1 -1 5 -1 -1 -1 -1 1 -1 9 -1 -1 10 7 -1 -1 26 -1 -1 30 -1 -1 14 25 15 -1 -1 0 -1 -1 -1 -1 -1 -1 31 -1 -1 -1 -1 -1 28 -1 -1 -1 -1 -1 -1 29 -1 -1 -1 27 -1 -1 -1 -1 18 -1 17 -1 -1 -1 -1 -1 -1 21 -1 -1 -1 -1 -1 24 22 -1 20 19 -1 16 -1 
-1 -1 2 3 4 -1 6 8 -1 -1 -1 -1 -1 5 -1 -1 -1 -1 1 -1 9 -1 -1 10 7 -1 -1 26 -1 -1 30 -1 -1 -1 25 15 -1 -1 0 -1 -1 -1 14 -1 -1 31 -1 -1 -1 -1 -1 28 -1 -1 -1 -1 -1 -1 29 -1 -1 -1 27 -1 -1 -1 -1 18 -1 17 -1 -1 -1 -1 -1 -1 21 -1 -1 -1 -1 -1 24 22 -1 20 19 -1 16 -1 
-1 -1 2 3 4 -1 6 8 -1 -1 -1 -1 -1 5 -1 -1 -1 -1 1 -1 9 -1 -1 10 7 -1 -1 26 -1 -1 30 -1 -1 -1 25 15 -1 -1 0 -1 -1 -1 14 -1 -1 31 24 -1 -1 -1 -1 28 -1 -1 -1 -1 -1 -1 29 -1 -1 -1 27 -1 -1 -1 -1 18 -1 17 -1 -1 -1 -1 -1 -1 21 -1 -1 -1 -1 -1 -1 22 -1 20 19 -1 16 -1 
-1 -1 2 3 4 -1 -1 8 -1 -1 -1 -1 -1 5 -1 -1 -1 -1 1 -1 9 -1 6 10 7 -1 -1 26 -1 -1 30 -1 -1 -1 25 15 -1 -1 0 -1 -1 -1 14 -1 -1 31 24 -1 -1 -1 -1 28 -1 -1 -1 -1 -1 -1 29 -1 -1 -1 27 -1 -1 -1 -1 18 -1 17 -1 -1 -1 -1 -1 -1 21 -1 -1 -1 -1 -1 -1 22 -1 20 19 -1 16 -1 
-1 -1 2 3 4 -1 -1 8 -1 -1 -1 -1 -1 5 -1 -1 -1 -1 1 -1 9 -1 6 10 7 -1 -1 26 -1 -1 30 -1 -1 -1 25 15 -1 -1 0 -1 -1 -1 14 -1 -1 31 24 -1 -1 -1 17 28 -1 -1 -1 -1 -1 -1 29 -1 -1 -1 27 -1 -1 -1 -1 18 -1 -1 -1 -1 -1 -1 -1 -1 21 -1 -1 -1 -1 -1 -1 22 -1 20 19 -1 16 -1 
-1 -1 2 3 4 -1 -1 8 -1 -1 -1 -1 -1 5 -1 -1 -1 -1 1 -1 9 -1 6 10 7 -1 -1 26 -1 -1 30 -1 -1 -1 25 15 -1 -1 -1 -1 -1 0 14 -1 -1 31 24 -1 -1 -1 17 28 -1 -1 -1 -1 -1 -1 29 -1 -1 -1 27 -1 -1 -1 -1 18 -1 -1 -1 -1 -1 -1 -1 -1 21 -1 -1 -1 -1 -1 -1 22 -1 20 19 -1 16 -1 
-1 -1 2 3 4 -1 -1 8 -1 -1 -1 -1 -1 5 -1 -1 -1 -1 1 -1 9 -1 6 10 7 -1 -1 26 -1 -1 30 -1 -1 -1 25 15 -1 -1 -1 -1 -1 0 28 -1 -1 31 24 -1 -1 -1 17 -1 -1 -1 -1 -1 -1 -1 29 -1 -1 -1 27 -1 -1 -1 -1 18 -1 -1 -1 -1 -1 -1 -1 -1 21 -1 -1 -1 -1 -1 -1 22 -1 20 19 -1 16 -1 
-1 -1 2 3 4 -1 -1 8 -1 -1 -1 -1 -1 5 -1 -1 -1 -1 1 -1 9 -1 6 10 7 -1 -1 26 -1 -1 30 -1 -1 -1 25 15 -1 -1 -1 -1 -1 -1 0 -1 -1 31 24 -1 -1 -1 17 -1 -1 -1 -1 -1 -1 -1 29 -1 -1 -1 27 -1 -1 -1 -1 18 -1 -1 -1 -1 -1 -1 -1 -1 21 -1 -1 -1 -1 -1 -1 22 -1 20 19 -1 16 -1 
-1 -1 2 3 4 -1 -1 8 -1 -1 -1 -1 -1 5 -1 -1 -1 -1 1 -1 9 -1 6 10 7 -1 -1 26 -1 -1 -1 30 -1 -1 25 15 -1 -1 -1 -1 -1 -1 0 -1 -1 31 24 -1 -1 -1 17 -1 -1 -1 -1 -1 -1 -1 29 -1 -1 -1 27 -1 -1 -1 -1 18 -1 -1 -1 -1 -1 -1 -1 -1 21 -1 -1 -1 -1 -1 -1 22 -1 20 19 -1 16 -1 
-1 -1 2 3 4 -1 -1 8 -1 -1 -1 -1 -1 5 -1 -1 -1 -1 1 -1 -1 -1 6 10 7 -1 -1 26 -1 9 -1 30 -1 -1 25 15 -1 -1 -1 -1 -1 -1 0 -1 -1 31 24 -1 -1 -1 17 -1 -1 -1 -1 -1 -1 -1 29 -1 -1 -1 27 -1 -1 -1 -1 18 -1 -1 -1 -1 -1 -1 -1 -1 21 -1 -1 -1 -1 -1 -1 22 -1 20 19 -1 16 -1 
-1 -1 2 3 4 -1 -1 8 -1 -1 -1 -1 -1 5 -1 -1 -1 -1 1 -1 -1 -1 30 10 7 -1 -1 26 -1 9 -1 -1 -1 -1 25 15 -1 -1 -1 -1 -1 -1 0 -1 -1 31 24 -1 -1 -1 17 -1 -1 -1 -1 -1 -1 -1 29 -1 -1 -1 27 -1 -1 -1 -1 18 -1 -1 -1 -1 -1 -1 -1 -1 21 -1 -1 -1 -1 -1 -1 22 -1 20 19 -1 16 -1 
-1 -1 -1 3 4 -1 -1 8 -1 -1 -1 -1 -1 5 -1 -1 -1 -1 1 -1 -1 -1 2 10 7 -1 -1 26 -1 9 -1 -1 -1 -1 25 15 -1 -1 -1 -1 -1 -1 0 -1 -1 31 24 -1 -1 -1 17 -1 -1 -1 -1 -1 -1 -1 29 -1 -1 -1 27 -1 -1 -1 -1 18 -1 -1 -1 -1 -1 -1 -1 -1 21 -1 -1 -1 -1 -1 -1 22 -1 20 19 -1 16 -1 
-1 -1 -1 3 4 -1 -1 8 -1 -1 -1 -1 -1 5 -1 -1 -1 -1 1 -1 -1 -1 2 10 7 -1 -1 26 -1 9 -1 -1 -1 -1 25 15 -1 -1 -1 -1 -1 -1 0 -1 -1 31 -1 -1 -1 24 17 -1 -1 -1 -1 -1 -1 -1 29 -1 -1 -1 27 -1 -1 -1 -1 18 -1 -1 -1 -1 -1 -1 -1 -1 21 -1 -1 -1 -1 -1 -1 22 -1 20 19 -1 16 -1 
-1 -1 2 3 4 -1 -1 8 -1 -1 -1 -1 -1 5 -1 -1 -1 -1 1 -1 -1 -1 -1 10 7 -1 -1 26 -1 9 -1 -1 -1 -1 25 15 -1 -1 -1 -1 -1 -1 0 -1 -1 31 -1 -1 -1 24 17 -1 -1 -1 -1 -1 -1 -1 29 -1 -1 -1 27 -1 -1 -1 -1 18 -1 -1 -1 -1 -1 -1 -1 -1 21 -1 -1 -1 -1 -1 -1 22 -1 20 19 -1 16 -1 
-1 -1 2 3 4 -1 -1 8 -1 -1 -1 -1 -1 5 -1 -1 -1 -1 1 -1 -1 -1 -1 10 7 -1 -1 26 -1 9 -1 25 -1 -1 -1 15 -1 -1 -1 -1 -1 -1 0 -1 -1 31 -1 -1 -1 24 17 -1 -1 -1 -1 -1 -1 -1 29 -1 -1 -1 27 -1 -1 -1 -1 18 -1 -1 -1 -1 -1 -1 -1 -1 21 -1 -1 -1 -1 -1 -1 22 -1 20 19 -1 16 -1 
-1 -1 2 3 -1 4 -1 8 -1 -1 -1 -1 -1 5 -1 -1 -1 -1 1 -1 -1 -1 -1 10 7 -1 -1 26 -1 9 -1 25 -1 -1 -1 15 -1 -1 -1 -1 -1 -1 0 -1 -1 31 -1 -1 -1 24 17 -1 -1 -1 -1 -1 -1 -1 29 -1 -1 -1 27 -1 -1 -1 -1 18 -1 -1 -1 -1 -1 -1 -1 -1 21 -1 -1 -1 -1 -1 -1 22 -1 20 19 -1 16 -1 
-1 -1 2 3 -1 4 -1 16 -1 -1 -1 -1 -1 5 -1 -1 -1 -1 1 -1 -1 -1 -1 10 7 -1 -1 26 -1 9 -1 25 -1 -1 -1 15 -1 -1 -1 -1 -1 -1 0 -1 -1 31 -1 -1 -1 24 17 -1 -1 -1 -1 -1 -1 -1 29 -1 -1 -1 27 -1 -1 -1 -1 18 -1 -1 -1 -1 -1 -1 -1 -1 21 -1 -1 -1 -1 -1 -1 22 -1 20 19 -1 -1 -1 
-1 -1 2 3 -1 4 -1 7 -1 -1 -1 -1 -1 5 -1 -1 -1 -1 1 -1 -1 -1 -1 10 -1 -1 -1 26 -1 9 -1 25 -1 -1 -1 15 -1 -1 -1 -1 -1 -1 0 -1 -1 31 -1 -1 -1 24 17 -1 -1 -1 -1 -1 -1 -1 29 -1 -1 -1 27 -1 -1 -1 -1 18 -1 -1 -1 -1 -1 -1 -1 -1 21 -1 -1 -1 -1 -1 -1 22 -1 20 19 -1 -1 -1 
-1 -1 2 3 -1 4 -1 7 -1 -1 -1 -1 -1 5 -1 -1 -1 -1 1 -1 -1 -1 -1 10 -1 -1 -1 26 -1 9 -1 25 -1 -1 -1 15 -1 -1 -1 -1 -1 -1 0 -1 -1 31 -1 -1 24 -1 17 -1 -1 -1 -1 -1 -1 -1 29 -1 -1 -1 27 -1 -1 -1 -1 18 -1 -1 -1 -1 -1 -1 -1 -1 21 -1 -1 -1 -1 -1 -1 22 -1 20 19 -1 -1 -1 
-1 -1 2 3 -1 4 -1 -1 -1 -1 -1 -1 -1 5 -1 -1 -1 -1 1 -1 -1 -1 -1 10 7 -1 -1 26 -1 9 -1 25 -1 -1 -1 15 -1 -1 -1 -1 -1 -1 0 -1 -1 31 -1 -1 24 -1 17 -1 -1 -1 -1 -1 -1 -1 29 -1 -1 -1 27 -1 -1 -1 -1 18 -1 -1 -1 -1 -1 -1 -1 -1 21 -1 -1 -1 -1 -1 -1 22 -1 20 19 -1 -1 -1 
-1 -1 2 3 -1 4 -1 -1 -1 -1 -1 -1 -1 5 -1 -1 -1 -1 1 -1 -1 -1 -1 10 7 -1 -1 26 -1 9 -1 25 -1 -1 -1 15 -1 -1 -1 24 -1 -1 0 -1 -1 31 -1 -1 -1 -1 17 -1 -1 -1 -1 -1 -1 -1 29 -1 -1 -1 27 -1 -1 -1 -1 18 -1 -1 -1 -1 -1 -1 -1 -1 21 -1 -1 -1 -1 -1 -1 22 -1 20 19 -1 -1 -1 
-1 -1 2 3 -1 4 -1 -1 -1 -1 -1 -1 -1 5 -1 -1 -1 -1 1 -1 -1 -1 -1 10 7 -1 -1 26 -1 9 -1 25 -1 -1 -1 15 -1 -1 -1 24 -1 0 -1 -1 -1 31 -1 -1 -1 -1 17 -1 -1 -1 -1 -1 -1 -1 29 -1 -1 -1 27 -1 -1 -1 -1 18 -1 -1 -1 -1 -1 -1 -1 -1 21 -1 -1 -1 -1 -1 -1 22 -1 20 19 -1 -1 -1 
-1 -1 2 3 -1 4 -1 -1 -1 -1 -1 -1 -1 5 -1 -1 -1 -1 1 -1 -1 -1 -1 10 7 -1 -1 26 -1 9 -1 25 -1 -1 -1 15 -1 -1 -1 -1 -1 24 -1 -1 -1 31 -1 -1 -1 -1 17 -1 -1 -1 -1 -1 -1 -1 29 -1 -1 -1 27 -1 -1 -1 -1 18 -1 -1 -1 -1 -1 -1 -1 -1 21 -1 -1 -1 -1 -1 -1 22 -1 20 19 -1 -1 -1 
-1 -1 2 3 -1 4 -1 -1 -1 -1 -1 -1 -1 5 -1 -1 -1 -1 1 -1 -1 -1 -1 10 -1 -1 -1 26 -1 9 -1 25 -1 -1 -1 15 -1 -1 -1 -1 -1 7 -1 -1 -1 31 -1 -1 -1 -1 17 -1 -1 -1 -1 -1 -1 -1 29 -1 -1 -1 27 -1 -1 -1 -1 18 -1 -1 -1 -1 -1 -1 -1 -1 21 -1 -1 -1 -1 -1 -1 22 -1 20 19 -1 -1 -1 
-1 -1 2 3 -1 4 -1 -1 -1 -1 -1 -1 -1 5 -1 -1 -1 -1 1 -1 -1 -1 -1 10 -1 -1 -1 26 -1 9 -1 -1 25 -1 -1 15 -1 -1 -1 -1 -1 7 -1 -1 -1 31 -1 -1 -1 -1 17 -1 -1 -1 -1 -1 -1 -1 29 -1 -1 -1 27 -1 -1 -1 -1 18 -1 -1 -1 -1 -1 -1 -1 -1 21 -1 -1 -1 -1 -1 -1 22 -1 20 19 -1 -1 -1 
-1 -1 2 3 -1 4 -1 -1 -1 -1 -1 -1 -1 5 -1 -1 -1 -1 1 10 -1 -1 -1 -1 -1 -1 -1 26 -1 9 -1 -1 25 -1 -1 15 -1 -1 -1 -1 -1 7 -1 -1 -1 31 -1 -1 -1 -1 17 -1 -1 -1 -1 -1 -1 -1 29 -1 -1 -1 27 -1 -1 -1 -1 18 -1 -1 -1 -1 -1 -1 -1 -1 21 -1 -1 -1 -1 -1 -1 22 -1 20 19 -1 -1 -1 
-1 -1 2 3 -1 4 -1 -1 -1 -1 -1 -1 -1 5 -1 -1 -1 -1 1 10 -1 -1 -1 -1 -1 -1 -1 -1 26 9 -1 -1 25 -1 -1 15 -1 -1 -1 -1 -1 7 -1 -1 -1 31 -1 -1 -1 -1 17 -1 -1 -1 -1 -1 -1 -1 29 -1 -1 -1 27 -1 -1 -1 -1 18 -1 -1 -1 -1 -1 -1 -1 -1 21 -1 -1 -1 -1 -1 -1 22 -1 20 19 -1 -1 -1 
-1 -1 2 3 -1 4 -1 -1 -1 -1 -1 -1 -1 5 -1 -1 -1 -1 -1 10 -1 -1 -1 -1 -1 -1 -1 -1 26 9 -1 -1 25 -1 -1 15 -1 1 -1 -1 -1 7 -1 -1 -1 31 -1 -1 -1 -1 17 -1 -1 -1 -1 -1 -1 -1 29 -1 -1 -1 27 -1 -1 -1 -1 18 -1 -1 -1 -1 -1 -1 -1 -1 21 -1 -1 -1 -1 -1 -1 22 -1 20 19 -1 -1 -1 
-1 -1 2 3 -1 4 -1 -1 -1 -1 -1 -1 -1 5 -1 -1 -1 -1 -1 10 -1 -1 -1 -1 -1 -1 -1 -1 26 9 -1 -1 25 -1 -1 15 -1 1 -1 -1 -1 7 -1 -1 -1 31 -1 -1 -1 29 17 -1 -1 -1 -1 -1 -1 -1 -1 -1 -1 -1 27 -1 -1 -1 -1 18 -1 -1 -1 -1 -1 -1 -1 -1 21 -1 -1 -1 -1 -1 -1 22 -1 20 19 -1 -1 -1 
-1 -1 2 3 -1 4 -1 -1 -1 -1 -1 -1 -1 5 -1 -1 -1 -1 -1 10 -1 -1 -1 -1 -1 -1 -1 -1 26 9 -1 -1 25 -1 -1 15 -1 1 -1 -1 -1 -1 -1 -1 -1 31 -1 -1 7 29 17 -1 -1 -1 -1 -1 -1 -1 -1 -1 -1 -1 27 -1 -1 -1 -1 18 -1 -1 -1 -1 -1 -1 -1 -1 21 -1 -1 -1 -1 -1 -1 22 -1 20 19 -1 -1 -1 
-1 -1 2 3 -1 4 -1 -1 -1 -1 -1 -1 -1 5 -1 -1 -1 -1 -1 10 -1 -1 -1 -1 -1 -1 -1 -1 26 9 -1 -1 25 -1 -1 15 -1 1 -1 -1 -1 -1 -1 17 -1 31 -1 -1 7 29 -1 -1 -1 -1 -1 -1 -1 -1 -1 -1 -1 -1 27 -1 -1 -1 -1 18 -1 -1 -1 -1 -1 -1 -1 -1 21 -1 -1 -1 -1 -1 -1 22 -1 20 19 -1 -1 -1 
-1 -1 2 3 4 -1 -1 -1 -1 -1 -1 -1 -1 5 -1 -1 -1 -1 -1 10 -1 -1 -1 -1 -1 -1 -1 -1 26 9 -1 -1 25 -1 -1 15 -1 1 -1 -1 -1 -1 -1 17 -1 31 -1 -1 7 29 -1 -1 -1 -1 -1 -1 -1 -1 -1 -1 -1 -1 27 -1 -1 -1 -1 18 -1 -1 -1 -1 -1 -1 -1 -1 21 -1 -1 -1 -1 -1 -1 22 -1 20 19 -1 -1 -1 
-1 -1 2 3 4 -1 -1 -1 -1 -1 -1 -1 -1 5 -1 -1 -1 -1 -1 10 -1 -1 -1 -1 -1 -1 -1 -1 26 9 -1 -1 -1 -1 -1 15 -1 1 -1 -1 -1 -1 -1 17 -1 31 -1 -1 7 29 -1 -1 -1 -1 -1 -1 -1 -1 -1 -1 -1 -1 27 -1 -1 -1 -1 18 -1 -1 -1 -1 -1 -1 -1 -1 21 25 -1 -1 -1 -1 -1 22 -1 20 19 -1 -1 -1 
-1 -1 2 3 4 -1 -1 -1 -1 -1 -1 -1 -1 5 -1 -1 -1 -1 -1 10 -1 -1 -1 -1 -1 -1 -1 -1 26 9 -1 -1 -1 -1 -1 15 -1 -1 -1 -1 -1 -1 -1 17 -1 31 -1 -1 7 29 -1 -1 -1 -1 -1 -1 1 -1 -1 -1 -1 -1 27 -1 -1 -1 -1 18 -1 -1 -1 -1 -1 -1 -1 -1 21 25 -1 -1 -1 -1 -1 22 -1 20 19 -1 -1 -1 
-1 -1 2 3 4 -1 -1 -1 -1 -1 -1 -1 -1 5 -1 -1 -1 -1 -1 10 -1 -1 -1 -1 -1 -1 -1 -1 26 9 -1 -1 17 -1 -1 15 -1 -1 -1 -1 -1 -1 -1 -1 -1 31 -1 -1 7 29 -1 -1 -1 -1 -1 -1 1 -1 -1 -1 -1 -1 27 -1 -1 -1 -1 18 -1 -1 -1 -1 -1 -1 -1 -1 21 25 -1 -1 -1 -1 -1 22 -1 20 19 -1 -1 -1 
-1 -1 2 3 4 -1 -1 -1 -1 -1 -1 -1 -1 5 -1 -1 -1 -1 -1 -1 -1 -1 -1 10 -1 -1 -1 -1 26 9 -1 -1 17 -1 -1 15 -1 -1 -1 -1 -1 -1 -1 -1 -1 31 -1 -1 7 29 -1 -1 -1 -1 -1 -1 1 -1 -1 -1 -1 -1 27 -1 -1 -1 -1 18 -1 -1 -1 -1 -1 -1 -1 -1 21 25 -1 -1 -1 -1 -1 22 -1 20 19 -1 -1 -1 
-1 -1 2 3 4 -1 -1 -1 -1 -1 -1 -1 -1 5 -1 -1 -1 -1 -1 -1 -1 -1 -1 25 -1 -1 -1 -1 26 9 -1 -1 17 -1 -1 15 -1 -1 -1 -1 -1 -1 -1 -1 -1 31 -1 -1 7 29 -1 -1 -1 -1 -1 -1 1 -1 -1 -1 -1 -1 27 -1 -1 -1 -1 18 -1 -1 -1 -1 -1 -1 -1 -1 21 -1 -1 -1 -1 -1 -1 22 -1 20 19 -1 -1 -1 
-1 -1 2 3 4 -1 -1 -1 -1 -1 -1 -1 -1 -1 -1 -1 -1 -1 -1 -1 -1 -1 -1 5 -1 -1 -1 -1 26 9 -1 -1 17 -1 -1 15 -1 -1 -1 -1 -1 -1 -1 -1 -1 31 -1 -1 7 29 -1 -1 -1 -1 -1 -1 1 -1 -1 -1 -1 -1 27 -1 -1 -1 -1 18 -1 -1 -1 -1 -1 -1 -1 -1 21 -1 -1 -1 -1 -1 -1 22 -1 20 19 -1 -1 -1 
-1 -1 2 3 4 -1 -1 -1 -1 -1 -1 -1 -1 -1 -1 -1 -1 -1 -1 -1 -1 -1 -1 5 -1 -1 -1 -1 26 9 -1 -1 17 -1 -1 15 31 -1 -1 -1 -1 -1 -1 -1 -1 -1 -1 -1 7 29 -1 -1 -1 -1 -1 -1 1 -1 -1 -1 -1 -1 27 -1 -1 -1 -1 18 -1 -1 -1 -1 -1 -1 -1 -1 21 -1 -1 -1 -1 -1 -1 22 -1 20 19 -1 -1 -1 
-1 -1 2 3 4 -1 -1 -1 -1 -1 -1 -1 -1 -1 -1 -1 -1 -1 -1 -1 -1 -1 -1 5 -1 -1 -1 -1 26 9 -1 -1 17 -1 -1 15 31 -1 -1 -1 -1 -1 -1 -1 -1 -1 -1 -1 -1 29 -1 -1 -1 -1 -1 7 1 -1 -1 -1 -1 -1 27 -1 -1 -1 -1 18 -1 -1 -1 -1 -1 -1 -1 -1 21 -1 -1 -1 -1 -1 -1 22 -1 20 19 -1 -1 -1 
-1 -1 2 3 4 -1 -1 -1 -1 -1 -1 -1 -1 -1 -1 -1 -1 -1 -1 -1 -1 17 -1 5 -1 -1 -1 -1 26 9 -1 -1 -1 -1 -1 15 31 -1 -1 -1 -1 -1 -1 -1 -1 -1 -1 -1 -1 29 -1 -1 -1 -1 -1 7 1 -1 -1 -1 -1 -1 27 -1 -1 -1 -1 18 -1 -1 -1 -1 -1 -1 -1 -1 21 -1 -1 -1 -1 -1 -1 22 -1 20 19 -1 -1 -1 
-1 -1 2 3 -1 -1 -1 -1 -1 -1 -1 -1 -1 4 -1 -1 -1 -1 -1 -1 -1 17 -1 5 -1 -1 -1 -1 26 9 -1 -1 -1 -1 -1 15 31 -1 -1 -1 -1 -1 -1 -1 -1 -1 -1 -1 -1 29 -1 -1 -1 -1 -1 7 1 -1 -1 -1 -1 -1 27 -1 -1 -1 -1 18 -1 -1 -1 -1 -1 -1 -1 -1 21 -1 -1 -1 -1 -1 -1 22 -1 20 19 -1 -1 -1 
-1 -1 2 3 -1 -1 -1 -1 -1 -1 -1 -1 -1 4 -1 -1 -1 -1 -1 -1 -1 -1 -1 5 -1 -1 -1 -1 26 9 -1 -1 -1 -1 -1 15 31 -1 -1 -1 17 -1 -1 -1 -1 -1 -1 -1 -1 29 -1 -1 -1 -1 -1 7 1 -1 -1 -1 -1 -1 27 -1 -1 -1 -1 18 -1 -1 -1 -1 -1 -1 -1 -1 21 -1 -1 -1 -1 -1 -1 22 -1 20 19 -1 -1 -1 
-1 -1 2 3 -1 -1 -1 -1 -1 -1 -1 -1 -1 4 -1 -1 -1 -1 -1 -1 -1 -1 -1 5 -1 -1 -1 -1 26 9 -1 -1 -1 -1 -1 15 31 -1 -1 1 17 -1 -1 -1 -1 -1 -1 -1 -1 29 -1 -1 -1 -1 -1 7 -1 -1 -1 -1 -1 -1 27 -1 -1 -1 -1 18 -1 -1 -1 -1 -1 -1 -1 -1 21 -1 -1 -1 -1 -1 -1 22 -1 20 19 -1 -1 -1 
-1 -1 2 3 -1 -1 -1 -1 -1 -1 -1 -1 -1 4 -1 -1 -1 -1 -1 -1 -1 -1 -1 5 -1 -1 -1 -1 -1 9 -1 -1 -1 -1 -1 15 31 26 -1 1 17 -1 -1 -1 -1 -1 -1 -1 -1 29 -1 -1 -1 -1 -1 7 -1 -1 -1 -1 -1 -1 27 -1 -1 -1 -1 18 -1 -1 -1 -1 -1 -1 -1 -1 21 -1 -1 -1 -1 -1 -1 22 -1 20 19 -1 -1 -1 
-1 -1 2 3 -1 -1 -1 -1 -1 -1 -1 -1 -1 4 -1 -1 -1 -1 -1 -1 -1 -1 -1 5 -1 -1 -1 -1 -1 9 -1 -1 -1 -1 -1 15 31 26 -1 1 17 -1 -1 -1 -1 -1 -1 -1 -1 29 -1 -1 -1 -1 -1 -1 -1 -1 -1 -1 -1 -1 27 -1 -1 -1 -1 18 -1 -1 -1 -1 -1 -1 7 -1 21 -1 -1 -1 -1 -1 -1 22 -1 20 19 -1 -1 -1 
-1 -1 2 3 -1 -1 -1 -1 -1 -1 -1 -1 -1 4 -1 -1 -1 -1 -1 -1 -1 -1 -1 5 -1 -1 -1 -1 -1 9 -1 -1 -1 -1 -1 15 31 26 -1 1 17 -1 -1 -1 -1 -1 -1 -1 -1 29 -1 -1 -1 -1 -1 -1 -1 -1 -1 -1 -1 -1 27 -1 -1 -1 -1 18 -1 -1 -1 -1 -1 -1 7 -1 21 -1 -1 -1 -1 -1 -1 22 20 -1 19 -1 -1 -1 
-1 -1 2 3 -1 -1 -1 -1 -1 -1 -1 -1 -1 4 -1 -1 -1 -1 -1 -1 -1 -1 -1 5 -1 -1 -1 -1 -1 -1 9 -1 -1 -1 -1 15 31 26 -1 1 17 -1 -1 -1 -1 -1 -1 -1 -1 29 -1 -1 -1 -1 -1 -1 -1 -1 -1 -1 -1 -1 27 -1 -1 -1 -1 18 -1 -1 -1 -1 -1 -1 7 -1 21 -1 -1 -1 -1 -1 -1 22 20 -1 19 -1 -1 -1 
-1 -1 2 3 -1 -1 -1 -1 -1 -1 -1 -1 -1 4 -1 -1 -1 -1 -1 -1 -1 -1 -1 5 -1 -1 -1 -1 -1 -1 9 -1 -1 -1 -1 15 31 26 -1 1 17 -1 -1 -1 -1 -1 -1 -1 -1 29 -1 -1 -1 -1 -1 -1 -1 -1 -1 -1 -1 -1 27 -1 -1 -1 21 18 -1 -1 -1 -1 -1 -1 7 -1 -1 -1 -1 -1 -1 -1 -1 22 20 -1 19 -1 -1 -1 
-1 -1 2 3 -1 -1 -1 -1 -1 -1 -1 -1 -1 4 -1 -1 -1 -1 -1 -1 -1 -1 -1 5 -1 -1 -1 -1 -1 -1 9 -1 -1 -1 -1 15 31 26 -1 -1 17 -1 -1 -1 -1 -1 -1 -1 -1 29 -1 -1 -1 -1 -1 -1 1 -1 -1 -1 -1 -1 27 -1 -1 -1 21 18 -1 -1 -1 -1 -1 -1 7 -1 -1 -1 -1 -1 -1 -1 -1 22 20 -1 19 -1 -1 -1 
-1 -1 2 3 -1 -1 -1 -1 -1 -1 -1 -1 -1 4 -1 -1 -1 -1 -1 -1 -1 -1 -1 5 -1 -1 -1 -1 -1 -1 9 -1 -1 -1 -1 15 31 26 -1 -1 17 -1 -1 -1 -1 -1 -1 -1 -1 29 -1 -1 -1 -1 -1 -1 1 -1 -1 -1 -1 -1 27 -1 -1 -1 -1 18 -1 -1 -1 -1 -1 -1 7 -1 21 -1 -1 -1 -1 -1 -1 22 20 -1 19 -1 -1 -1 
-1 -1 2 3 -1 -1 -1 -1 -1 -1 -1 -1 -1 4 -1 -1 -1 -1 -1 -1 -1 -1 -1 5 -1 -1 -1 -1 -1 -1 9 -1 -1 -1 -1 15 31 26 -1 -1 17 -1 -1 -1 -1 -1 -1 -1 -1 29 -1 -1 -1 -1 -1 -1 -1 -1 -1 -1 -1 -1 27 -1 -1 -1 -1 18 -1 -1 -1 -1 -1 1 7 -1 21 -1 -1 -1 -1 -1 -1 22 20 -1 19 -1 -1 -1 
-1 -1 2 3 -1 -1 -1 -1 -1 -1 -1 -1 -1 4 -1 -1 -1 -1 -1 -1 -1 -1 -1 5 -1 -1 -1 -1 -1 -1 9 -1 -1 -1 -1 15 31 26 -1 -1 17 -1 -1 -1 -1 -1 -1 -1 -1 29 -1 -1 -1 -1 -1 -1 -1 -1 -1 -1 -1 -1 27 -1 -1 -1 -1 18 21 -1 -1 -1 -1 1 7 -1 -1 -1 -1 -1 -1 -1 -1 22 20 -1 19 -1 -1 -1 
-1 -1 2 3 -1 -1 -1 -1 -1 -1 -1 -1 -1 4 -1 -1 -1 -1 -1 -1 -1 -1 -1 5 -1 -1 -1 -1 -1 -1 9 -1 -1 -1 -1 15 31 26 -1 -1 17 -1 -1 -1 -1 -1 -1 -1 -1 29 -1 -1 -1 -1 -1 -1 -1 -1 -1 -1 -1 -1 27 -1 -1 -1 -1 7 21 -1 -1 -1 -1 1 -1 -1 -1 -1 -1 -1 -1 -1 -1 22 20 -1 19 -1 -1 -1 
-1 -1 2 3 -1 -1 -1 -1 -1 -1 -1 -1 -1 4 -1 -1 -1 -1 -1 -1 -1 -1 -1 5 -1 -1 -1 -1 -1 -1 9 -1 -1 -1 -1 15 31 26 -1 -1 17 -1 -1 -1 -1 -1 -1 -1 -1 29 -1 -1 -1 -1 -1 -1 -1 -1 -1 -1 -1 -1 27 -1 -1 -1 -1 7 21 -1 -1 -1 -1 1 -1 -1 -1 -1 -1 -1 -1 -1 -1 22 -1 20 19 -1 -1 -1 
-1 -1 2 3 -1 -1 -1 -1 -1 -1 -1 -1 -1 4 -1 -1 -1 -1 -1 -1 -1 -1 -1 5 -1 -1 -1 -1 -1 -1 9 -1 -1 -1 -1 15 31 26 -1 -1 17 -1 -1 -1 -1 -1 -1 -1 -1 29 -1 -1 -1 -1 -1 -1 -1 -1 -1 -1 -1 -1 27 -1 -1 -1 -1 -1 21 -1 -1 -1 -1 1 7 -1 -1 -1 -1 -1 -1 -1 -1 22 -1 20 19 -1 -1 -1 
-1 -1 2 3 -1 -1 -1 -1 -1 -1 -1 -1 -1 4 -1 -1 -1 -1 -1 -1 -1 -1 -1 5 -1 -1 -1 -1 -1 -1 9 -1 -1 -1 -1 15 31 26 -1 -1 17 -1 -1 -1 -1 -1 -1 -1 -1 29 -1 -1 -1 -1 -1 -1 -1 -1 -1 -1 -1 -1 27 -1 -1 -1 -1 -1 21 -1 -1 -1 -1 1 7 -1 20 -1 -1 -1 -1 -1 -1 22 -1 -1 19 -1 -1 -1 
-1 -1 2 3 -1 -1 -1 -1 -1 -1 -1 -1 -1 4 -1 -1 -1 -1 -1 -1 -1 -1 -1 5 -1 -1 -1 -1 -1 -1 9 -1 -1 -1 -1 15 31 26 -1 -1 17 -1 -1 -1 -1 -1 -1 -1 -1 29 -1 -1 -1 -1 -1 -1 -1 7 -1 -1 -1 -1 27 -1 -1 -1 -1 -1 21 -1 -1 -1 -1 1 -1 -1 20 -1 -1 -1 -1 -1 -1 22 -1 -1 19 -1 -1 -1 
