0 1 2 3 4 5 6 7 8 -1 -1 -1 -1 -1 -1 -1 -1 -1 -1 9 -1 -1 -1 -1 -1 10 -1 11 -1 12 -1 13 -1 14 -1 15 -1 -1 -1 -1 -1 -1 -1 -1 -1 -1 -1 -1 -1 -1 -1 -1 -1 -1 -1 -1 30 -1 29 -1 28 -1 27 -1 26 -1 -1 18 -1 -1 25 -1 -1 -1 -1 -1 -1 -1 -1 -1 -1 24 23 22 21 20 19 -1 17 16 
0 1 2 3 4 5 6 7 8 -1 -1 -1 -1 -1 -1 -1 -1 -1 -1 9 -1 -1 10 -1 -1 -1 -1 11 -1 12 -1 13 -1 14 -1 15 -1 -1 -1 -1 -1 -1 -1 -1 -1 -1 -1 -1 -1 -1 -1 -1 -1 -1 -1 -1 30 -1 29 -1 28 -1 27 -1 26 -1 -1 18 -1 -1 25 -1 -1 -1 -1 -1 -1 -1 -1 -1 -1 24 23 22 21 20 19 -1 17 16 
0 1 2 3 4 5 6 7 8 -1 -1 -1 -1 -1 -1 -1 -1 -1 -1 9 -1 -1 10 -1 -1 -1 -1 11 -1 12 -1 13 -1 14 -1 15 -1 -1 -1 -1 -1 -1 -1 -1 -1 -1 -1 -1 -1 -1 -1 -1 -1 -1 -1 -1 30 -1 29 -1 28 -1 27 -1 26 23 -1 18 -1 -1 25 -1 -1 -1 -1 -1 -1 -1 -1 -1 -1 24 -1 22 21 20 19 -1 17 16 
0 1 2 3 4 5 6 -1 8 -1 -1 -1 -1 -1 -1 -1 -1 -1 -1 9 -1 -1 10 -1 7 -1 -1 11 -1 12 -1 13 -1 14 -1 15 -1 -1 -1 -1 -1 -1 -1 -1 -1 -1 -1 -1 -1 -1 -1 -1 -1 -1 -1 -1 30 -1 29 -1 28 -1 27 -1 26 23 -1 18 -1 -1 25 -1 -1 -1 -1 -1 -1 -1 -1 -1 -1 24 -1 22 21 20 19 -1 17 16 
0 1 2 3 4 5 6 -1 8 -1 -1 -1 -1 -1 -1 -1 -1 -1 -1 9 -1 -1 10 -1 7 -1 -1 11 -1 12 -1 13 -1 14 -1 15 -1 -1 -1 -1 -1 -1 -1 -1 -1 -1 -1 -1 -1 -1 -1 -1 -1 -1 -1 -1 30 -1 29 -1 28 -1 27 -1 -1 23 -1 18 -1 -1 25 -1 -1 26 -1 -1 -1 -1 -1 -1 -1 24 -1 22 21 20 19 -1 17 16 
0 -1 2 3 4 5 6 -1 8 -1 -1 -1 -1 -1 -1 -1 -1 -1 1 9 -1 -1 10 -1 7 -1 -1 11 -1 12 -1 13 -1 14 -1 15 -1 -1 -1 -1 -1 -1 -1 -1 -1 -1 -1 -1 -1 -1 -1 -1 -1 -1 -1 -1 30 -1 29 -1 28 -1 27 -1 -1 23 -1 18 -1 -1 25 -1 -1 26 -1 -1 -1 -1 -1 -1 -1 24 -1 22 21 20 19 -1 17 16 
0 -1 2 3 4 5 6 -1 8 -1 -1 -1 -1 -1 -1 -1 -1 -1 1 9 -1 -1 10 -1 7 -1 -1 11 -1 12 -1 13 -1 14 -1 15 -1 -1 -1 -1 -1 -1 -1 -1 -1 -1 -1 -1 -1 -1 -1 -1 -1 -1 -1 -1 30 -1 29 -1 28 -1 27 -1 -1 23 -1 18 -1 -1 25 -1 -1 -1 -1 -1 -1 -1 26 -1 -1 24 -1 22 21 20 19 -1 17 16 
-1 -1 2 3 4 5 6 -1 8 0 -1 -1 -1 -1 -1 -1 -1 -1 1 9 -1 -1 10 -1 7 -1 -1 11 -1 12 -1 13 -1 14 -1 15 -1 -1 -1 -1 -1 -1 -1 -1 -1 -1 -1 -1 -1 -1 -1 -1 -1 -1 -1 -1 30 -1 29 -1 28 -1 27 -1 -1 23 -1 18 -1 -1 25 -1 -1 -1 -1 -1 -1 -1 26 -1 -1 24 -1 22 21 20 19 -1 17 16 
-1 -1 2 3 4 5 6 -1 8 0 -1 -1 -1 -1 -1 -1 -1 -1 1 9 -1 -1 10 -1 7 -1 -1 11 -1 12 -1 13 -1 14 -1 15 -1 -1 -1 -1 -1 -1 -1 -1 -1 -1 -1 -1 -1 -1 -1 -1 -1 -1 -1 -1 30 -1 29 -1 28 -1 27 -1 -1 23 -1 18 -1 -1 25 -1 -1 -1 -1 -1 -1 -1 26 -1 -1 -1 24 22 21 20 19 -1 17 16 
-1 -1 2 3 4 5 6 -1 8 0 -1 -1 -1 -1 -1 -1 -1 -1 1 -1 9 -1 10 -1 7 -1 -1 11 -1 12 -1 13 -1 14 -1 15 -1 -1 -1 -1 -1 -1 -1 -1 -1 -1 -1 -1 -1 -1 -1 -1 -1 -1 -1 -1 30 -1 29 -1 28 -1 27 -1 -1 23 -1 18 -1 -1 25 -1 -1 -1 -1 -1 -1 -1 26 -1 -1 -1 24 22 21 20 19 -1 17 16 
-1 -1 2 3 4 5 6 -1 8 0 -1 -1 -1 -1 -1 -1 -1 -1 1 -1 9 -1 10 -1 7 -1 -1 11 -1 12 -1 13 -1 14 -1 15 -1 24 -1 -1 -1 -1 -1 -1 -1 -1 -1 -1 -1 -1 -1 -1 -1 -1 -1 -1 30 -1 29 -1 28 -1 27 -1 -1 23 -1 18 -1 -1 25 -1 -1 -1 -1 -1 -1 -1 26 -1 -1 -1 -1 22 21 20 19 -1 17 16 
-1 -1 2 3 4 5 6 -1 8 -1 -1 -1 -1 -1 0 -1 -1 -1 1 -1 9 -1 10 -1 7 -1 -1 11 -1 12 -1 13 -1 14 -1 15 -1 24 -1 -1 -1 -1 -1 -1 -1 -1 -1 -1 -1 -1 -1 -1 -1 -1 -1 -1 30 -1 29 -1 28 -1 27 -1 -1 23 -1 18 -1 -1 25 -1 -1 -1 -1 -1 -1 -1 26 -1 -1 -1 -1 22 21 20 19 -1 17 16 
-1 -1 2 3 4 5 6 -1 8 -1 -1 -1 -1 -1 0 -1 -1 -1 1 -1 9 -1 10 -1 7 -1 -1 11 -1 12 -1 13 -1 14 -1 15 -1 24 -1 -1 -1 -1 -1 -1 -1 -1 -1 -1 -1 -1 -1 28 -1 -1 -1 -1 30 -1 29 -1 -1 -1 27 -1 -1 23 -1 18 -1 -1 25 -1 -1 -1 -1 -1 -1 -1 26 -1 -1 -1 -1 22 21 20 19 -1 17 16 
-1 -1 2 3 4 5 6 8 -1 -1 -1 -1 -1 -1 0 -1 -1 -1 1 -1 9 -1 10 -1 7 -1 -1 11 -1 12 -1 13 -1 14 -1 15 -1 24 -1 -1 -1 -1 -1 -1 -1 -1 -1 -1 -1 -1 -1 28 -1 -1 -1 -1 30 -1 29 -1 -1 -1 27 -1 -1 23 -1 18 -1 -1 25 -1 -1 -1 -1 -1 -1 -1 26 -1 -1 -1 -1 22 21 20 19 -1 17 16 
-1 -1 2 3 4 5 6 8 -1 -1 -1 -1 -1 -1 0 -1 -1 -1 1 -1 9 -1 10 -1 7 -1 -1 11 -1 12 -1 13 -1 14 -1 15 -1 24 -1 -1 -1 -1 -1 -1 -1 -1 -1 -1 -1 -1 -1 28 -1 -1 -1 -1 30 -1 29 -1 -1 -1 27 -1 -1 23 -1 18 -1 -1 25 16 -1 -1 -1 -1 -1 -1 26 -1 -1 -1 -1 22 21 20 19 -1 17 -1 
-1 -1 2 3 4 5 6 8 -1 -1 -1 -1 -1 -1 -1 -1 -1 -1 1 -1 9 -1 10 -1 7 -1 -1 11 -1 12 -1 13 -1 14 -1 15 -1 24 -1 -1 -1 -1 -1 -1 -1 -1 -1 -1 -1 -1 -1 28 -1 -1 -1 -1 30 -1 29 -1 -1 -1 27 -1 -1 23 -1 18 0 -1 25 16 -1 -1 -1 -1 -1 -1 26 -1 -1 -1 -1 22 21 20 19 -1 17 -1 
-1 -1 2 3 4 5 6 8 -1 -1 -1 -1 -1 -1 -1 -1 -1 -1 1 -1 9 -1 10 -1 7 -1 -1 11 -1 12 -1 13 -1 14 -1 15 -1 24 -1 -1 -1 -1 -1 -1 -1 -1 -1 -1 -1 -1 -1 28 -1 -1 -1 -1 30 -1 29 -1 -1 -1 27 -1 -1 23 -1 18 0 26 25 16 -1 -1 -1 -1 -1 -1 -1 -1 -1 -1 -1 22 21 20 19 -1 17 -1 
-1 -1 2 3 4 5 6 8 -1 -1 -1 -1 -1 -1 -1 -1 -1 -1 1 -1 9 -1 10 -1 7 -1 -1 11 -1 12 -1 13 -1 14 -1 15 -1 24 -1 -1 -1 -1 -1 -1 -1 -1 -1 -1 -1 -1 -1 28 -1 -1 -1 -1 30 -1 29 0 -1 -1 27 -1 -1 23 -1 18 -1 26 25 16 -1 -1 -1 -1 -1 -1 -1 -1 -1 -1 -1 22 21 20 19 -1 17 -1 
-1 -1 2 3 4 5 6 8 -1 -1 -1 -1 -1 -1 -1 -1 -1 -1 1 -1 9 -1 10 -1 7 -1 -1 11 -1 12 -1 13 -1 14 -1 15 -1 24 -1 -1 -1 -1 -1 -1 -1 -1 -1 30 -1 -1 -1 28 -1 -1 -1 -1 -1 -1 29 0 -1 -1 27 -1 -1 23 -1 18 -1 26 25 16 -1 -1 -1 -1 -1 -1 -1 -1 -1 -1 -1 22 21 20 19 -1 17 -1 
-1 -1 2 3 4 5 -1 8 -1 -1 -1 -1 -1 -1 -1 -1 -1 -1 1 -1 9 -1 10 -1 7 -1 6 11 -1 12 -1 13 -1 14 -1 15 -1 24 -1 -1 -1 -1 -1 -1 -1 -1 -1 30 -1 -1 -1 28 -1 -1 -1 -1 -1 -1 29 0 -1 -1 27 -1 -1 23 -1 18 -1 26 25 16 -1 -1 -1 -1 -1 -1 -1 -1 -1 -1 -1 22 21 20 19 -1 17 -1 
-1 -1 2 3 4 5 -1 8 -1 -1 -1 -1 -1 -1 -1 -1 -1 -1 1 -1 9 -1 10 -1 7 -1 6 11 -1 12 -1 13 -1 14 -1 15 -1 24 -1 -1 -1 -1 -1 -1 -1 -1 -1 30 -1 -1 -1 28 -1 -1 -1 -1 -1 -1 29 0 -1 -1 27 -1 -1 23 -1 18 -1 26 25 16 -1 -1 -1 -1 21 -1 -1 -1 -1 -1 -1 22 -1 20 19 -1 17 -1 
-1 -1 2 3 4 -1 -1 8 -1 -1 -1 -1 -1 5 -1 -1 -1 -1 1 -1 9 -1 10 -1 7 -1 6 11 -1 12 -1 13 -1 14 -1 15 -1 24 -1 -1 -1 -1 -1 -1 -1 -1 -1 30 -1 -1 -1 28 -1 -1 -1 -1 -1 -1 29 0 -1 -1 27 -1 -1 23 -1 18 -1 26 25 16 -1 -1 -1 -1 21 -1 -1 -1 -1 -1 -1 22 -1 20 19 -1 17 -1 
-1 -1 2 3 4 -1 -1 8 -1 -1 -1 -1 -1 5 -1 -1 -1 -1 1 -1 9 -1 10 -1 7 -1 6 11 -1 12 -1 13 -1 14 -1 15 -1 24 -1 -1 -1 -1 -1 -1 -1 -1 -1 30 -1 -1 -1 28 -1 -1 -1 -1 -1 -1 29 0 -1 -1 27 -1 -1 23 -1 18 -1 -1 25 16 -1 -1 -1 -1 21 -1 26 -1 -1 -1 -1 22 -1 20 19 -1 17 -1 
-1 -1 2 3 4 -1 -1 8 -1 -1 -1 -1 -1 5 -1 -1 -1 -1 1 -1 9 -1 10 -1 7 -1 6 11 -1 12 -1 13 -1 14 -1 15 -1 24 -1 -1 -1 -1 -1 -1 -1 -1 -1 30 -1 -1 -1 28 -1 -1 -1 -1 -1 -1 29 -1 0 -1 27 -1 -1 23 -1 18 -1 -1 25 16 -1 -1 -1 -1 21 -1 26 -1 -1 -1 -1 22 -1 20 19 -1 17 -1 
-1 -1 2 3 4 -1 -1 8 -1 -1 -1 -1 -1 5 -1 -1 -1 -1 1 -1 9 -1 10 -1 7 -1 6 11 -1 12 -1 13 -1 14 -1 15 -1 24 -1 -1 -1 -1 -1 -1 -1 -1 -1 30 -1 -1 -1 28 -1 -1 -1 -1 -1 -1 29 -1 0 -1 27 -1 -1 23 -1 18 -1 -1 25 16 -1 -1 -1 -1 21 -1 -1 26 -1 -1 -1 22 -1 20 19 -1 17 -1 
-1 -1 2 3 4 8 -1 -1 -1 -1 -1 -1 -1 5 -1 -1 -1 -1 1 -1 9 -1 10 -1 7 -1 6 11 -1 12 -1 13 -1 14 -1 15 -1 24 -1 -1 -1 -1 -1 -1 -1 -1 -1 30 -1 -1 -1 28 -1 -1 -1 -1 -1 -1 29 -1 0 -1 27 -1 -1 23 -1 18 -1 -1 25 16 -1 -1 -1 -1 21 -1 -1 26 -1 -1 -1 22 -1 20 19 -1 17 -1 
-1 -1 2 3 4 8 -1 -1 -1 -1 -1 -1 -1 5 -1 -1 -1 -1 1 -1 9 -1 10 -1 7 -1 6 11 -1 12 -1 13 -1 14 -1 15 -1 24 -1 -1 -1 -1 -1 -1 -1 -1 -1 30 -1 -1 -1 28 -1 -1 -1 -1 -1 -1 29 -1 0 -1 27 -1 -1 23 -1 18 -1 25 -1 16 -1 -1 -1 -1 21 -1 -1 26 -1 -1 -1 22 -1 20 19 -1 17 -1 
-1 -1 2 3 4 8 -1 -1 -1 -1 -1 -1 -1 5 -1 -1 -1 -1 1 -1 9 -1 10 -1 7 -1 6 11 -1 12 -1 13 -1 14 -1 15 -1 24 -1 -1 -1 -1 -1 -1 -1 -1 -1 30 -1 -1 -1 28 -1 -1 -1 -1 -1 -1 29 -1 -1 0 27 -1 -1 23 -1 18 -1 25 -1 16 -1 -1 -1 -1 21 -1 -1 26 -1 -1 -1 22 -1 20 19 -1 17 -1 
-1 -1 2 3 4 8 -1 -1 -1 -1 -1 -1 -1 5 -1 -1 -1 -1 1 -1 9 -1 10 -1 7 -1 6 11 -1 12 -1 13 -1 14 -1 15 -1 24 -1 -1 -1 -1 -1 -1 -1 -1 -1 30 -1 -1 -1 28 -1 -1 -1 -1 -1 -1 29 -1 -1 0 27 -1 -1 23 -1 18 -1 25 26 16 -1 -1 -1 -1 21 -1 -1 -1 -1 -1 -1 22 -1 20 19 -1 17 -1 
-1 -1 2 3 4 -1 -1 -1 -1 -1 -1 -1 -1 5 -1 -1 -1 -1 1 -1 9 -1 10 -1 7 -1 6 11 -1 12 -1 13 -1 14 -1 15 -1 24 -1 -1 -1 -1 -1 -1 -1 -1 -1 30 -1 -1 -1 28 -1 -1 -1 -1 -1 -1 29 8 -1 0 27 -1 -1 23 -1 18 -1 25 26 16 -1 -1 -1 -1 21 -1 -1 -1 -1 -1 -1 22 -1 20 19 -1 17 -1 
-1 -1 2 3 4 -1 -1 -1 -1 -1 -1 -1 -1 5 -1 -1 -1 -1 1 -1 9 -1 10 -1 7 -1 6 11 -1 12 -1 13 -1 14 -1 15 -1 24 -1 -1 -1 -1 -1 -1 -1 -1 -1 30 -1 -1 -1 28 -1 27 -1 -1 -1 -1 29 8 -1 0 -1 -1 -1 23 -1 18 -1 25 26 16 -1 -1 -1 -1 21 -1 -1 -1 -1 -1 -1 22 -1 20 19 -1 17 -1 
-1 -1 2 3 4 -1 -1 -1 -1 -1 -1 -1 -1 5 -1 -1 -1 -1 1 -1 9 -1 10 -1 7 -1 6 11 -1 12 -1 13 -1 14 -1 15 -1 24 -1 -1 -1 -1 -1 -1 -1 -1 -1 30 -1 -1 -1 28 -1 27 -1 -1 -1 -1 29 -1 8 0 -1 -1 -1 23 -1 18 -1 25 26 16 -1 -1 -1 -1 21 -1 -1 -1 -1 -1 -1 22 -1 20 19 -1 17 -1 
-1 -1 2 3 4 -1 -1 -1 -1 -1 -1 -1 -1 5 -1 -1 -1 -1 1 -1 9 -1 10 -1 7 -1 6 11 -1 12 -1 13 -1 14 -1 15 -1 -1 -1 -1 -1 24 -1 -1 -1 -1 -1 30 -1 -1 -1 28 -1 27 -1 -1 -1 -1 29 -1 8 0 -1 -1 -1 23 -1 18 -1 25 26 16 -1 -1 -1 -1 21 -1 -1 -1 -1 -1 -1 22 -1 20 19 -1 17 -1 
-1 -1 2 3 4 -1 -1 -1 -1 -1 -1 -1 -1 5 -1 -1 -1 -1 1 -1 9 -1 10 -1 7 -1 6 11 -1 12 -1 13 -1 -1 -1 15 -1 -1 -1 -1 -1 24 14 -1 -1 -1 -1 30 -1 -1 -1 28 -1 27 -1 -1 -1 -1 29 -1 8 0 -1 -1 -1 23 -1 18 -1 25 26 16 -1 -1 -1 -1 21 -1 -1 -1 -1 -1 -1 22 -1 20 19 -1 17 -1 
-1 -1 2 3 4 -1 -1 -1 -1 -1 -1 -1 -1 5 -1 -1 -1 -1 1 -1 9 -1 10 -1 7 -1 6 11 -1 12 -1 13 24 -1 -1 15 -1 -1 -1 -1 -1 -1 14 -1 -1 -1 -1 30 -1 -1 -1 28 -1 27 -1 -1 -1 -1 29 -1 8 0 -1 -1 -1 23 -1 18 -1 25 26 16 -1 -1 -1 -1 21 -1 -1 -1 -1 -1 -1 22 -1 20 19 -1 17 -1 
-1 -1 2 3 4 -1 -1 -1 -1 -1 -1 -1 -1 5 -1 -1 -1 -1 1 -1 9 10 -1 -1 7 -1 6 11 -1 12 -1 13 24 -1 -1 15 -1 -1 -1 -1 -1 -1 14 -1 -1 -1 -1 30 -1 -1 -1 28 -1 27 -1 -1 -1 -1 29 -1 8 0 -1 -1 -1 23 -1 18 -1 25 26 16 -1 -1 -1 -1 21 -1 -1 -1 -1 -1 -1 22 -1 20 19 -1 17 -1 
-1 -1 2 3 4 -1 -1 -1 -1 -1 -1 -1 -1 5 -1 -1 -1 -1 1 -1 9 10 -1 -1 7 -1 6 11 -1 12 -1 13 24 -1 -1 15 -1 -1 -1 -1 -1 -1 28 -1 -1 -1 -1 30 -1 -1 -1 -1 -1 27 -1 -1 -1 -1 29 -1 8 0 -1 -1 -1 23 -1 18 -1 25 26 16 -1 -1 -1 -1 21 -1 -1 -1 -1 -1 -1 22 -1 20 19 -1 17 -1 
-1 -1 2 3 4 -1 -1 -1 -1 -1 -1 -1 -1 5 -1 -1 -1 -1 1 -1 9 10 -1 -1 7 -1 6 11 -1 12 -1 13 24 -1 -1 15 -1 -1 -1 -1 -1 -1 8 -1 -1 -1 -1 30 -1 -1 -1 -1 -1 27 -1 -1 -1 -1 29 -1 -1 0 -1 -1 -1 23 -1 18 -1 25 26 16 -1 -1 -1 -1 21 -1 -1 -1 -1 -1 -1 22 -1 20 19 -1 17 -1 
-1 -1 2 3 4 -1 -1 -1 -1 -1 -1 -1 -1 5 -1 -1 -1 -1 1 -1 9 10 -1 -1 7 -1 6 11 -1 12 -1 13 24 -1 -1 15 -1 -1 -1 -1 -1 -1 8 -1 -1 -1 -1 30 -1 -1 -1 25 -1 27 -1 -1 -1 -1 29 -1 -1 0 -1 -1 -1 23 -1 18 -1 -1 26 16 -1 -1 -1 -1 21 -1 -1 -1 -1 -1 -1 22 -1 20 19 -1 17 -1 
-1 -1 2 3 4 -1 -1 -1 -1 -1 -1 -1 -1 5 -1 -1 -1 -1 1 -1 9 -1 -1 -1 7 -1 6 11 -1 12 10 13 24 -1 -1 15 -1 -1 -1 -1 -1 -1 8 -1 -1 -1 -1 30 -1 -1 -1 25 -1 27 -1 -1 -1 -1 29 -1 -1 0 -1 -1 -1 23 -1 18 -1 -1 26 16 -1 -1 -1 -1 21 -1 -1 -1 -1 -1 -1 22 -1 20 19 -1 17 -1 
-1 -1 2 3 4 -1 -1 -1 -1 -1 -1 -1 -1 5 24 -1 -1 -1 1 -1 9 -1 -1 -1 7 -1 6 11 -1 12 10 13 -1 -1 -1 15 -1 -1 -1 -1 -1 -1 8 -1 -1 -1 -1 30 -1 -1 -1 25 -1 27 -1 -1 -1 -1 29 -1 -1 0 -1 -1 -1 23 -1 18 -1 -1 26 16 -1 -1 -1 -1 21 -1 -1 -1 -1 -1 -1 22 -1 20 19 -1 17 -1 
-1 -1 2 3 4 -1 -1 -1 -1 -1 -1 -1 -1 5 24 -1 -1 -1 1 -1 9 -1 -1 -1 7 -1 6 11 -1 12 10 13 -1 -1 -1 15 -1 -1 -1 -1 -1 8 -1 -1 -1 -1 -1 30 -1 -1 -1 25 -1 27 -1 -1 -1 -1 29 -1 -1 0 -1 -1 -1 23 -1 18 -1 -1 26 16 -1 -1 -1 -1 21 -1 -1 -1 -1 -1 -1 22 -1 20 19 -1 17 -1 
-1 -1 2 3 4 -1 -1 -1 -1 -1 -1 -1 -1 5 -1 -1 -1 -1 1 -1 9 -1 -1 -1 7 -1 6 11 -1 12 10 13 -1 -1 -1 15 -1 -1 -1 -1 -1 24 -1 -1 -1 -1 -1 30 -1 -1 -1 25 -1 27 -1 -1 -1 -1 29 -1 -1 0 -1 -1 -1 23 -1 18 -1 -1 26 16 -1 -1 -1 -1 21 -1 -1 -1 -1 -1 -1 22 -1 20 19 -1 17 -1 
-1 -1 2 3 4 -1 -1 -1 -1 -1 -1 -1 -1 5 -1 -1 -1 -1 1 -1 9 -1 -1 -1 -1 -1 6 11 -1 12 10 13 -1 -1 -1 15 -1 -1 -1 -1 -1 7 -1 -1 -1 -1 -1 30 -1 -1 -1 25 -1 27 -1 -1 -1 -1 29 -1 -1 0 -1 -1 -1 23 -1 18 -1 -1 26 16 -1 -1 -1 -1 21 -1 -1 -1 -1 -1 -1 22 -1 20 19 -1 17 -1 
-1 -1 2 3 4 -1 -1 -1 -1 -1 -1 -1 -1 5 -1 -1 -1 -1 1 -1 9 -1 -1 -1 -1 -1 6 11 -1 12 10 13 -1 -1 -1 15 -1 -1 -1 -1 -1 7 -1 -1 -1 -1 -1 30 -1 -1 -1 25 -1 27 -1 -1 -1 -1 29 -1 -1 0 -1 -1 -1 23 -1 18 -1 17 26 16 -1 -1 -1 -1 21 -1 -1 -1 -1 -1 -1 22 -1 20 19 -1 -1 -1 
-1 -1 2 3 4 -1 -1 -1 -1 -1 -1 -1 -1 5 -1 -1 -1 -1 1 -1 9 -1 -1 -1 -1 -1 6 11 -1 -1 10 13 -1 -1 -1 15 -1 -1 12 -1 -1 7 -1 -1 -1 -1 -1 30 -1 -1 -1 25 -1 27 -1 -1 -1 -1 29 -1 -1 0 -1 -1 -1 23 -1 18 -1 17 26 16 -1 -1 -1 -1 21 -1 -1 -1 -1 -1 -1 22 -1 20 19 -1 -1 -1 
-1 -1 2 3 4 -1 -1 -1 -1 -1 -1 -1 -1 5 -1 -1 -1 -1 1 -1 9 -1 -1 -1 -1 -1 6 11 -1 -1 10 13 -1 -1 -1 15 -1 -1 12 -1 -1 7 -1 -1 -1 -1 -1 30 -1 -1 17 25 -1 27 -1 -1 -1 -1 29 -1 -1 0 -1 -1 -1 23 -1 18 -1 -1 26 16 -1 -1 -1 -1 21 -1 -1 -1 -1 -1 -1 22 -1 20 19 -1 -1 -1 
-1 -1 2 3 4 -1 -1 -1 -1 -1 -1 -1 -1 5 -1 -1 -1 -1 1 -1 9 -1 -1 -1 -1 -1 6 11 -1 -1 10 13 -1 -1 -1 15 -1 -1 12 -1 -1 7 -1 -1 -1 -1 -1 30 -1 -1 17 25 -1 27 -1 -1 -1 -1 29 0 -1 -1 -1 -1 -1 23 -1 18 -1 -1 26 16 -1 -1 -1 -1 21 -1 -1 -1 -1 -1 -1 22 -1 20 19 -1 -1 -1 
-1 -1 2 3 4 -1 -1 -1 -1 -1 -1 -1 -1 5 -1 -1 -1 -1 1 -1 9 -1 -1 -1 -1 -1 6 11 -1 -1 10 13 -1 -1 -1 15 -1 -1 12 17 -1 7 -1 -1 -1 -1 -1 30 -1 -1 -1 25 -1 27 -1 -1 -1 -1 29 0 -1 -1 -1 -1 -1 23 -1 18 -1 -1 26 16 -1 -1 -1 -1 21 -1 -1 -1 -1 -1 -1 22 -1 20 19 -1 -1 -1 
-1 -1 2 3 4 -1 -1 -1 -1 -1 -1 -1 -1 5 -1 -1 -1 -1 1 -1 9 -1 -1 -1 -1 -1 6 11 -1 -1 10 13 -1 -1 -1 15 -1 -1 12 17 -1 -1 -1 -1 -1 -1 -1 30 -1 -1 -1 25 7 27 -1 -1 -1 -1 29 0 -1 -1 -1 -1 -1 23 -1 18 -1 -1 26 16 -1 -1 -1 -1 21 -1 -1 -1 -1 -1 -1 22 -1 20 19 -1 -1 -1 
-1 -1 2 3 4 -1 -1 -1 -1 -1 -1 -1 -1 5 -1 -1 -1 -1 1 -1 9 -1 -1 -1 -1 -1 6 11 -1 -1 10 13 -1 -1 -1 15 -1 -1 12 17 -1 -1 -1 -1 -1 -1 -1 30 -1 -1 -1 25 7 27 -1 -1 -1 -1 29 0 -1 -1 -1 -1 -1 23 -1 18 -1 -1 26 -1 -1 -1 -1 -1 21 -1 -1 -1 -1 -1 -1 22 -1 20 19 -1 -1 16 
-1 -1 2 3 4 -1 -1 -1 -1 -1 -1 -1 -1 5 -1 -1 -1 -1 1 -1 9 -1 -1 -1 -1 -1 6 11 -1 -1 10 13 -1 -1 -1 15 -1 -1 -1 17 -1 -1 -1 -1 -1 -1 -1 12 -1 -1 -1 25 7 27 -1 -1 -1 -1 29 0 -1 -1 -1 -1 -1 23 -1 18 -1 -1 26 -1 -1 -1 -1 -1 21 -1 -1 -1 -1 -1 -1 22 -1 20 19 -1 -1 16 
-1 -1 2 3 4 -1 -1 -1 -1 -1 -1 -1 -1 5 -1 -1 -1 -1 1 -1 9 -1 -1 -1 -1 -1 6 11 -1 -1 10 13 -1 -1 -1 15 -1 -1 -1 17 -1 -1 -1 -1 -1 -1 -1 12 -1 -1 -1 25 7 27 -1 -1 -1 -1 29 0 -1 -1 -1 -1 -1 23 -1 18 26 -1 -1 -1 -1 -1 -1 -1 21 -1 -1 -1 -1 -1 -1 22 -1 20 19 -1 -1 16 
-1 -1 2 3 4 -1 -1 -1 -1 -1 -1 -1 -1 5 -1 -1 -1 -1 1 -1 9 -1 -1 -1 -1 -1 6 11 -1 -1 10 13 -1 -1 -1 15 -1 -1 -1 17 -1 0 -1 -1 -1 -1 -1 12 -1 -1 -1 25 7 27 -1 -1 -1 -1 29 -1 -1 -1 -1 -1 -1 23 -1 18 26 -1 -1 -1 -1 -1 -1 -1 21 -1 -1 -1 -1 -1 -1 22 -1 20 19 -1 -1 16 
-1 -1 2 3 4 -1 -1 -1 -1 -1 -1 -1 -1 5 -1 -1 -1 -1 1 -1 9 -1 -1 -1 -1 -1 6 11 17 -1 10 13 -1 -1 -1 15 -1 -1 -1 -1 -1 0 -1 -1 -1 -1 -1 12 -1 -1 -1 25 7 27 -1 -1 -1 -1 29 -1 -1 -1 -1 -1 -1 23 -1 18 26 -1 -1 -1 -1 -1 -1 -1 21 -1 -1 -1 -1 -1 -1 22 -1 20 19 -1 -1 16 
-1 -1 2 3 4 -1 -1 -1 -1 -1 -1 -1 -1 5 -1 -1 -1 -1 1 -1 9 -1 -1 -1 -1 -1 6 11 17 10 -1 13 -1 -1 -1 15 -1 -1 -1 -1 -1 0 -1 -1 -1 -1 -1 12 -1 -1 -1 25 7 27 -1 -1 -1 -1 29 -1 -1 -1 -1 -1 -1 23 -1 18 26 -1 -1 -1 -1 -1 -1 -1 21 -1 -1 -1 -1 -1 -1 22 -1 20 19 -1 -1 16 
-1 -1 2 3 4 -1 -1 -1 -1 -1 -1 -1 -1 5 -1 -1 -1 -1 1 -1 9 -1 -1 -1 -1 -1 6 11 17 10 -1 13 -1 -1 -1 15 -1 -1 -1 -1 -1 0 -1 -1 -1 -1 -1 12 -1 -1 -1 25 7 27 -1 -1 -1 -1 29 -1 -1 -1 -1 -1 -1 23 -1 18 26 -1 -1 -1 -1 -1 -1 -1 21 -1 -1 -1 -1 -1 -1 22 -1 20 19 -1 16 -1 
-1 -1 2 3 4 -1 -1 -1 -1 -1 -1 -1 -1 5 -1 -1 -1 -1 1 -1 9 -1 -1 -1 -1 -1 6 11 17 10 -1 13 -1 7 -1 15 -1 -1 -1 -1 -1 0 -1 -1 -1 -1 -1 12 -1 -1 -1 25 -1 27 -1 -1 -1 -1 29 -1 -1 -1 -1 -1 -1 23 -1 18 26 -1 -1 -1 -1 -1 -1 -1 21 -1 -1 -1 -1 -1 -1 22 -1 20 19 -1 16 -1 
-1 -1 2 3 4 -1 -1 16 -1 -1 -1 -1 -1 5 -1 -1 -1 -1 1 -1 9 -1 -1 -1 -1 -1 6 11 17 10 -1 13 -1 7 -1 15 -1 -1 -1 -1 -1 0 -1 -1 -1 -1 -1 12 -1 -1 -1 25 -1 27 -1 -1 -1 -1 29 -1 -1 -1 -1 -1 -1 23 -1 18 26 -1 -1 -1 -1 -1 -1 -1 21 -1 -1 -1 -1 -1 -1 22 -1 20 19 -1 -1 -1 
-1 -1 2 3 4 5 -1 16 -1 -1 -1 -1 -1 -1 -1 -1 -1 -1 1 -1 9 -1 -1 -1 -1 -1 6 11 17 10 -1 13 -1 7 -1 15 -1 -1 -1 -1 -1 0 -1 -1 -1 -1 -1 12 -1 -1 -1 25 -1 27 -1 -1 -1 -1 29 -1 -1 -1 -1 -1 -1 23 -1 18 26 -1 -1 -1 -1 -1 -1 -1 21 -1 -1 -1 -1 -1 -1 22 -1 20 19 -1 -1 -1 
-1 -1 2 3 4 5 -1 16 -1 -1 -1 -1 -1 -1 -1 -1 -1 -1 1 -1 9 -1 -1 -1 -1 -1 6 11 17 10 -1 13 -1 7 -1 15 -1 -1 -1 -1 -1 0 -1 -1 -1 -1 -1 12 -1 -1 -1 25 -1 27 -1 -1 -1 -1 29 -1 -1 -1 -1 -1 -1 23 -1 18 -1 26 -1 -1 -1 -1 -1 -1 21 -1 -1 -1 -1 -1 -1 22 -1 20 19 -1 -1 -1 
-1 -1 2 -1 4 5 -1 16 -1 -1 -1 -1 -1 3 -1 -1 -1 -1 1 -1 9 -1 -1 -1 -1 -1 6 11 17 10 -1 13 -1 7 -1 15 -1 -1 -1 -1 -1 0 -1 -1 -1 -1 -1 12 -1 -1 -1 25 -1 27 -1 -1 -1 -1 29 -1 -1 -1 -1 -1 -1 23 -1 18 -1 26 -1 -1 -1 -1 -1 -1 21 -1 -1 -1 -1 -1 -1 22 -1 20 19 -1 -1 -1 
-1 -1 2 -1 4 5 -1 16 -1 17 -1 -1 -1 3 -1 -1 -1 -1 1 -1 9 -1 -1 -1 -1 -1 6 11 -1 10 -1 13 -1 7 -1 15 -1 -1 -1 -1 -1 0 -1 -1 -1 -1 -1 12 -1 -1 -1 25 -1 27 -1 -1 -1 -1 29 -1 -1 -1 -1 -1 -1 23 -1 18 -1 26 -1 -1 -1 -1 -1 -1 21 -1 -1 -1 -1 -1 -1 22 -1 20 19 -1 -1 -1 
-1 -1 2 -1 4 5 -1 16 -1 17 -1 9 -1 3 -1 -1 -1 -1 1 -1 -1 -1 -1 -1 -1 -1 6 11 -1 10 -1 13 -1 7 -1 15 -1 -1 -1 -1 -1 0 -1 -1 -1 -1 -1 12 -1 -1 -1 25 -1 27 -1 -1 -1 -1 29 -1 -1 -1 -1 -1 -1 23 -1 18 -1 26 -1 -1 -1 -1 -1 -1 21 -1 -1 -1 -1 -1 -1 22 -1 20 19 -1 -1 -1 
-1 -1 2 -1 4 5 -1 -1 -1 17 -1 9 -1 3 -1 -1 -1 -1 1 -1 -1 -1 -1 -1 -1 16 6 11 -1 10 -1 13 -1 7 -1 15 -1 -1 -1 -1 -1 0 -1 -1 -1 -1 -1 12 -1 -1 -1 25 -1 27 -1 -1 -1 -1 29 -1 -1 -1 -1 -1 -1 23 -1 18 -1 26 -1 -1 -1 -1 -1 -1 21 -1 -1 -1 -1 -1 -1 22 -1 20 19 -1 -1 -1 
-1 -1 2 -1 4 5 -1 -1 -1 17 -1 9 -1 3 -1 -1 -1 -1 1 -1 -1 -1 -1 0 -1 16 6 11 -1 10 -1 13 -1 7 -1 15 -1 -1 -1 -1 -1 -1 -1 -1 -1 -1 -1 12 -1 -1 -1 25 -1 27 -1 -1 -1 -1 29 -1 -1 -1 -1 -1 -1 23 -1 18 -1 26 -1 -1 -1 -1 -1 -1 21 -1 -1 -1 -1 -1 -1 22 -1 20 19 -1 -1 -1 
-1 -1 2 -1 4 5 -1 -1 -1 17 -1 9 -1 3 -1 -1 -1 -1 1 -1 -1 -1 -1 16 -1 -1 6 11 -1 10 -1 13 -1 7 -1 15 -1 -1 -1 -1 -1 -1 -1 -1 -1 -1 -1 12 -1 -1 -1 25 -1 27 -1 -1 -1 -1 29 -1 -1 -1 -1 -1 -1 23 -1 18 -1 26 -1 -1 -1 -1 -1 -1 21 -1 -1 -1 -1 -1 -1 22 -1 20 19 -1 -1 -1 
-1 -1 2 -1 4 5 -1 -1 -1 17 -1 9 -1 -1 -1 -1 -1 -1 1 -1 -1 -1 -1 3 -1 -1 6 11 -1 10 -1 13 -1 7 -1 15 -1 -1 -1 -1 -1 -1 -1 -1 -1 -1 -1 12 -1 -1 -1 25 -1 27 -1 -1 -1 -1 29 -1 -1 -1 -1 -1 -1 23 -1 18 -1 26 -1 -1 -1 -1 -1 -1 21 -1 -1 -1 -1 -1 -1 22 -1 20 19 -1 -1 -1 
-1 -1 2 -1 4 5 -1 -1 -1 17 -1 9 -1 -1 -1 -1 -1 -1 1 -1 -1 -1 -1 3 -1 -1 6 11 -1 10 -1 13 -1 26 -1 15 -1 -1 -1 -1 -1 -1 -1 -1 -1 -1 -1 12 -1 -1 -1 25 -1 27 -1 -1 -1 -1 29 -1 -1 -1 -1 -1 -1 23 -1 18 -1 -1 -1 -1 -1 -1 -1 -1 21 -1 -1 -1 -1 -1 -1 22 -1 20 19 -1 -1 -1 
-1 -1 2 -1 4 5 -1 -1 -1 17 -1 9 -1 -1 -1 -1 -1 -1 1 -1 -1 -1 -1 3 -1 -1 6 11 -1 -1 -1 13 -1 10 -1 15 -1 -1 -1 -1 -1 -1 -1 -1 -1 -1 -1 12 -1 -1 -1 25 -1 27 -1 -1 -1 -1 29 -1 -1 -1 -1 -1 -1 23 -1 18 -1 -1 -1 -1 -1 -1 -1 -1 21 -1 -1 -1 -1 -1 -1 22 -1 20 19 -1 -1 -1 
-1 -1 2 -1 4 5 -1 -1 -1 -1 -1 9 -1 -1 -1 -1 -1 -1 1 -1 17 -1 -1 3 -1 -1 6 11 -1 -1 -1 13 -1 10 -1 15 -1 -1 -1 -1 -1 -1 -1 -1 -1 -1 -1 12 -1 -1 -1 25 -1 27 -1 -1 -1 -1 29 -1 -1 -1 -1 -1 -1 23 -1 18 -1 -1 -1 -1 -1 -1 -1 -1 21 -1 -1 -1 -1 -1 -1 22 -1 20 19 -1 -1 -1 
-1 1 2 -1 4 5 -1 -1 -1 -1 -1 9 -1 -1 -1 -1 -1 -1 -1 -1 17 -1 -1 3 -1 -1 6 11 -1 -1 -1 13 -1 10 -1 15 -1 -1 -1 -1 -1 -1 -1 -1 -1 -1 -1 12 -1 -1 -1 25 -1 27 -1 -1 -1 -1 29 -1 -1 -1 -1 -1 -1 23 -1 18 -1 -1 -1 -1 -1 -1 -1 -1 21 -1 -1 -1 -1 -1 -1 22 -1 20 19 -1 -1 -1 
-1 1 2 -1 4 5 -1 -1 -1 -1 -1 9 -1 -1 -1 -1 -1 -1 -1 -1 -1 -1 -1 3 -1 -1 6 11 -1 -1 -1 17 -1 10 -1 15 -1 -1 -1 -1 -1 -1 -1 -1 -1 -1 -1 12 -1 -1 -1 25 -1 27 -1 -1 -1 -1 29 -1 -1 -1 -1 -1 -1 23 -1 18 -1 -1 -1 -1 -1 -1 -1 -1 21 -1 -1 -1 -1 -1 -1 22 -1 20 19 -1 -1 -1 
-1 1 2 -1 4 5 -1 -1 -1 -1 -1 -1 -1 -1 -1 -1 -1 -1 -1 -1 -1 -1 -1 3 -1 -1 6 11 -1 -1 -1 17 -1 10 -1 15 -1 -1 -1 -1 -1 -1 -1 -1 -1 -1 -1 12 -1 -1 -1 25 -1 27 -1 -1 -1 -1 29 -1 -1 -1 -1 -1 -1 9 -1 18 -1 -1 -1 -1 -1 -1 -1 -1 21 -1 -1 -1 -1 -1 -1 22 -1 20 19 -1 -1 -1 
-1 1 2 -1 4 5 -1 -1 -1 -1 -1 -1 17 -1 -1 -1 -1 -1 -1 -1 -1 -1 -1 3 -1 -1 6 11 -1 -1 -1 -1 -1 10 -1 15 -1 -1 -1 -1 -1 -1 -1 -1 -1 -1 -1 12 -1 -1 -1 25 -1 27 -1 -1 -1 -1 29 -1 -1 -1 -1 -1 -1 9 -1 18 -1 -1 -1 -1 -1 -1 -1 -1 21 -1 -1 -1 -1 -1 -1 22 -1 20 19 -1 -1 -1 
-1 -1 2 -1 4 5 -1 -1 -1 -1 -1 -1 17 -1 -1 -1 -1 -1 -1 -1 1 -1 -1 3 -1 -1 6 11 -1 -1 -1 -1 -1 10 -1 15 -1 -1 -1 -1 -1 -1 -1 -1 -1 -1 -1 12 -1 -1 -1 25 -1 27 -1 -1 -1 -1 29 -1 -1 -1 -1 -1 -1 9 -1 18 -1 -1 -1 -1 -1 -1 -1 -1 21 -1 -1 -1 -1 -1 -1 22 -1 20 19 -1 -1 -1 
-1 -1 2 -1 4 5 -1 -1 -1 -1 -1 -1 -1 -1 -1 -1 -1 -1 -1 -1 1 -1 -1 17 -1 -1 6 11 -1 -1 -1 -1 -1 10 -1 15 -1 -1 -1 -1 -1 -1 -1 -1 -1 -1 -1 12 -1 -1 -1 25 -1 27 -1 -1 -1 -1 29 -1 -1 -1 -1 -1 -1 9 -1 18 -1 -1 -1 -1 -1 -1 -1 -1 21 -1 -1 -1 -1 -1 -1 22 -1 20 19 -1 -1 -1 
-1 -1 2 4 -1 5 -1 -1 -1 -1 -1 -1 -1 -1 -1 -1 -1 -1 -1 -1 1 -1 -1 17 -1 -1 6 11 -1 -1 -1 -1 -1 10 -1 15 -1 -1 -1 -1 -1 -1 -1 -1 -1 -1 -1 12 -1 -1 -1 25 -1 27 -1 -1 -1 -1 29 -1 -1 -1 -1 -1 -1 9 -1 18 -1 -1 -1 -1 -1 -1 -1 -1 21 -1 -1 -1 -1 -1 -1 22 -1 20 19 -1 -1 -1 
-1 -1 2 4 -1 5 -1 -1 -1 -1 -1 -1 -1 -1 -1 -1 -1 -1 -1 -1 1 -1 -1 -1 -1 -1 6 11 -1 -1 -1 -1 -1 10 -1 15 -1 -1 -1 -1 17 -1 -1 -1 -1 -1 -1 12 -1 -1 -1 25 -1 27 -1 -1 -1 -1 29 -1 -1 -1 -1 -1 -1 9 -1 18 -1 -1 -1 -1 -1 -1 -1 -1 21 -1 -1 -1 -1 -1 -1 22 -1 20 19 -1 -1 -1 
-1 -1 2 4 -1 5 -1 -1 -1 -1 -1 -1 -1 -1 -1 10 -1 -1 -1 -1 1 -1 -1 -1 -1 -1 6 11 -1 -1 -1 -1 -1 -1 -1 15 -1 -1 -1 -1 17 -1 -1 -1 -1 -1 -1 12 -1 -1 -1 25 -1 27 -1 -1 -1 -1 29 -1 -1 -1 -1 -1 -1 9 -1 18 -1 -1 -1 -1 -1 -1 -1 -1 21 -1 -1 -1 -1 -1 -1 22 -1 20 19 -1 -1 -1 
-1 -1 2 4 -1 5 -1 -1 -1 -1 -1 -1 -1 -1 -1 10 -1 -1 -1 -1 1 -1 -1 -1 -1 -1 6 11 -1 -1 -1 -1 -1 -1 -1 15 -1 -1 -1 -1 -1 -1 -1 -1 -1 -1 -1 17 -1 -1 -1 25 -1 27 -1 -1 -1 -1 29 -1 -1 -1 -1 -1 -1 9 -1 18 -1 -1 -1 -1 -1 -1 -1 -1 21 -1 -1 -1 -1 -1 -1 22 -1 20 19 -1 -1 -1 
-1 -1 2 4 -1 5 -1 -1 -1 10 -1 -1 -1 -1 -1 -1 -1 -1 -1 -1 1 -1 -1 -1 -1 -1 6 11 -1 -1 -1 -1 -1 -1 -1 15 -1 -1 -1 -1 -1 -1 -1 -1 -1 -1 -1 17 -1 -1 -1 25 -1 27 -1 -1 -1 -1 29 -1 -1 -1 -1 -1 -1 9 -1 18 -1 -1 -1 -1 -1 -1 -1 -1 21 -1 -1 -1 -1 -1 -1 22 -1 20 19 -1 -1 -1 
-1 -1 2 4 -1 5 -1 -1 -1 10 -1 -1 -1 -1 -1 -1 -1 -1 -1 -1 1 -1 -1 -1 -1 -1 6 11 -1 -1 -1 -1 -1 -1 -1 15 -1 -1 -1 -1 -1 -1 -1 -1 -1 -1 -1 17 -1 -1 -1 -1 -1 27 -1 -1 -1 -1 29 -1 25 -1 -1 -1 -1 9 -1 18 -1 -1 -1 -1 -1 -1 -1 -1 21 -1 -1 -1 -1 -1 -1 22 -1 20 19 -1 -1 -1 
-1 -1 2 4 -1 5 -1 -1 -1 10 -1 -1 -1 -1 -1 -1 -1 -1 -1 -1 -1 -1 -1 -1 -1 -1 6 11 -1 -1 -1 1 -1 -1 -1 15 -1 -1 -1 -1 -1 -1 -1 -1 -1 -1 -1 17 -1 -1 -1 -1 -1 27 -1 -1 -1 -1 29 -1 25 -1 -1 -1 -1 9 -1 18 -1 -1 -1 -1 -1 -1 -1 -1 21 -1 -1 -1 -1 -1 -1 22 -1 20 19 -1 -1 -1 
-1 -1 2 4 -1 5 -1 -1 -1 10 -1 -1 -1 -1 -1 -1 -1 -1 -1 -1 -1 -1 -1 -1 -1 -1 6 11 -1 -1 -1 1 -1 -1 -1 15 -1 -1 -1 -1 -1 -1 -1 -1 -1 -1 -1 17 -1 -1 -1 -1 -1 27 -1 -1 -1 -1 29 -1 -1 -1 25 -1 -1 9 -1 18 -1 -1 -1 -1 -1 -1 -1 -1 21 -1 -1 -1 -1 -1 -1 22 -1 20 19 -1 -1 -1 
-1 -1 2 4 -1 5 -1 -1 -1 10 -1 -1 -1 -1 -1 -1 -1 -1 -1 -1 -1 -1 -1 -1 -1 -1 6 11 -1 -1 -1 -1 -1 -1 -1 15 -1 -1 -1 -1 -1 -1 1 -1 -1 -1 -1 17 -1 -1 -1 -1 -1 27 -1 -1 -1 -1 29 -1 -1 -1 25 -1 -1 9 -1 18 -1 -1 -1 -1 -1 -1 -1 -1 21 -1 -1 -1 -1 -1 -1 22 -1 20 19 -1 -1 -1 
-1 -1 2 4 -1 5 -1 -1 -1 10 -1 -1 -1 -1 -1 -1 -1 -1 -1 -1 -1 -1 -1 -1 -1 -1 6 11 -1 -1 -1 -1 -1 -1 -1 15 -1 -1 -1 -1 -1 -1 1 -1 -1 -1 -1 17 -1 29 -1 -1 -1 27 -1 -1 -1 -1 -1 -1 -1 -1 25 -1 -1 9 -1 18 -1 -1 -1 -1 -1 -1 -1 -1 21 -1 -1 -1 -1 -1 -1 22 -1 20 19 -1 -1 -1 
-1 -1 2 4 -1 5 -1 -1 -1 10 -1 -1 -1 -1 -1 -1 -1 -1 -1 -1 -1 -1 -1 -1 -1 -1 6 11 -1 -1 -1 -1 -1 -1 -1 15 -1 -1 -1 -1 -1 -1 -1 -1 -1 -1 -1 17 -1 1 -1 -1 -1 27 -1 -1 -1 -1 -1 -1 -1 -1 25 -1 -1 9 -1 18 -1 -1 -1 -1 -1 -1 -1 -1 21 -1 -1 -1 -1 -1 -1 22 -1 20 19 -1 -1 -1 
-1 -1 2 4 -1 5 -1 -1 -1 10 -1 -1 -1 -1 -1 -1 -1 -1 -1 -1 -1 -1 -1 -1 -1 -1 6 11 -1 -1 -1 -1 -1 -1 -1 25 -1 -1 -1 -1 -1 -1 -1 -1 -1 -1 -1 17 -1 1 -1 -1 -1 27 -1 -1 -1 -1 -1 -1 -1 -1 -1 -1 -1 9 -1 18 -1 -1 -1 -1 -1 -1 -1 -1 21 -1 -1 -1 -1 -1 -1 22 -1 20 19 -1 -1 -1 
-1 -1 2 4 -1 5 -1 -1 -1 10 -1 -1 -1 -1 -1 -1 -1 -1 -1 -1 -1 -1 -1 -1 -1 -1 6 11 -1 -1 -1 -1 -1 -1 -1 25 -1 -1 -1 -1 -1 -1 -1 -1 -1 -1 -1 17 -1 1 -1 -1 -1 27 -1 -1 9 -1 -1 -1 -1 -1 -1 -1 -1 -1 -1 18 -1 -1 -1 -1 -1 -1 -1 -1 21 -1 -1 -1 -1 -1 -1 22 -1 20 19 -1 -1 -1 
-1 -1 2 4 -1 5 -1 -1 -1 10 -1 -1 -1 -1 -1 -1 -1 -1 -1 -1 -1 -1 -1 -1 -1 -1 6 11 -1 -1 -1 -1 -1 -1 -1 25 -1 -1 -1 -1 -1 -1 -1 -1 27 -1 -1 17 -1 1 -1 -1 -1 -1 -1 -1 9 -1 -1 -1 -1 -1 -1 -1 -1 -1 -1 18 -1 -1 -1 -1 -1 -1 -1 -1 21 -1 -1 -1 -1 -1 -1 22 -1 20 19 -1 -1 -1 
-1 -1 2 4 -1 5 -1 -1 -1 10 -1 -1 -1 -1 -1 -1 -1 -1 -1 -1 -1 -1 -1 -1 -1 -1 6 11 -1 -1 -1 -1 -1 -1 -1 25 -1 -1 -1 -1 -1 -1 -1 -1 27 -1 -1 17 -1 1 -1 -1 -1 -1 -1 9 -1 -1 -1 -1 -1 -1 -1 -1 -1 -1 -1 18 -1 -1 -1 -1 -1 -1 -1 -1 21 -1 -1 -1 -1 -1 -1 22 -1 20 19 -1 -1 -1 
-1 -1 2 4 -1 5 -1 -1 -1 10 -1 -1 -1 -1 -1 -1 -1 -1 -1 -1 -1 -1 -1 -1 -1 -1 6 11 -1 -1 -1 -1 -1 -1 -1 25 -1 -1 -1 -1 -1 -1 -1 27 -1 -1 -1 17 -1 1 -1 -1 -1 -1 -1 9 -1 -1 -1 -1 -1 -1 -1 -1 -1 -1 -1 18 -1 -1 -1 -1 -1 -1 -1 -1 21 -1 -1 -1 -1 -1 -1 22 -1 20 19 -1 -1 -1 
-1 -1 2 4 -1 5 -1 -1 -1 10 -1 -1 -1 -1 -1 -1 -1 -1 -1 -1 -1 -1 -1 -1 -1 -1 6 11 -1 -1 -1 -1 -1 -1 -1 25 -1 -1 -1 -1 -1 -1 -1 27 -1 -1 9 17 -1 1 -1 -1 -1 -1 -1 -1 -1 -1 -1 -1 -1 -1 -1 -1 -1 -1 -1 18 -1 -1 -1 -1 -1 -1 -1 -1 21 -1 -1 -1 -1 -1 -1 22 -1 20 19 -1 -1 -1 
-1 -1 2 4 -1 5 -1 -1 -1 10 -1 -1 -1 -1 -1 -1 -1 -1 -1 -1 -1 -1 -1 -1 -1 -1 6 11 -1 -1 -1 -1 -1 -1 27 25 -1 -1 -1 -1 -1 -1 -1 -1 -1 -1 9 17 -1 1 -1 -1 -1 -1 -1 -1 -1 -1 -1 -1 -1 -1 -1 -1 -1 -1 -1 18 -1 -1 -1 -1 -1 -1 -1 -1 21 -1 -1 -1 -1 -1 -1 22 -1 20 19 -1 -1 -1 
-1 -1 2 4 -1 5 -1 -1 -1 10 -1 -1 -1 -1 -1 -1 -1 -1 -1 -1 -1 -1 -1 -1 -1 -1 6 -1 -1 -1 -1 -1 -1 -1 27 25 11 -1 -1 -1 -1 -1 -1 -1 -1 -1 9 17 -1 1 -1 -1 -1 -1 -1 -1 -1 -1 -1 -1 -1 -1 -1 -1 -1 -1 -1 18 -1 -1 -1 -1 -1 -1 -1 -1 21 -1 -1 -1 -1 -1 -1 22 -1 20 19 -1 -1 -1 
-1 -1 2 4 -1 5 -1 -1 -1 10 -1 -1 -1 -1 -1 -1 -1 -1 -1 -1 -1 -1 -1 -1 -1 -1 6 -1 -1 -1 -1 -1 -1 -1 27 -1 11 -1 -1 -1 -1 -1 -1 -1 25 -1 9 17 -1 1 -1 -1 -1 -1 -1 -1 -1 -1 -1 -1 -1 -1 -1 -1 -1 -1 -1 18 -1 -1 -1 -1 -1 -1 -1 -1 21 -1 -1 -1 -1 -1 -1 22 -1 20 19 -1 -1 -1 
-1 -1 2 4 -1 5 -1 -1 -1 -1 -1 -1 -1 -1 -1 -1 -1 -1 -1 -1 -1 -1 -1 -1 -1 -1 6 -1 -1 -1 -1 -1 -1 -1 27 -1 11 -1 -1 -1 -1 -1 -1 -1 25 -1 9 17 -1 1 -1 -1 -1 -1 10 -1 -1 -1 -1 -1 -1 -1 -1 -1 -1 -1 -1 18 -1 -1 -1 -1 -1 -1 -1 -1 21 -1 -1 -1 -1 -1 -1 22 -1 20 19 -1 -1 -1 
-1 -1 2 4 -1 5 -1 -1 -1 -1 -1 -1 -1 -1 -1 -1 -1 -1 -1 -1 -1 -1 -1 -1 -1 -1 6 -1 -1 -1 -1 -1 -1 -1 27 -1 11 -1 -1 25 -1 -1 -1 -1 -1 -1 9 17 -1 1 -1 -1 -1 -1 10 -1 -1 -1 -1 -1 -1 -1 -1 -1 -1 -1 -1 18 -1 -1 -1 -1 -1 -1 -1 -1 21 -1 -1 -1 -1 -1 -1 22 -1 20 19 -1 -1 -1 
-1 -1 2 4 -1 5 -1 -1 -1 -1 -1 -1 -1 -1 -1 -1 -1 -1 -1 -1 -1 -1 -1 -1 -1 -1 6 -1 -1 -1 -1 -1 -1 -1 27 -1 11 -1 -1 25 -1 -1 -1 -1 -1 -1 9 17 -1 1 -1 -1 -1 -1 -1 -1 -1 -1 -1 -1 -1 -1 -1 -1 -1 -1 -1 18 -1 -1 -1 -1 -1 -1 -1 -1 21 -1 -1 -1 -1 10 -1 22 -1 20 19 -1 -1 -1 
-1 -1 2 4 -1 5 -1 -1 -1 -1 -1 -1 -1 -1 -1 -1 -1 -1 -1 -1 -1 -1 -1 -1 -1 -1 6 -1 -1 -1 -1 -1 -1 -1 27 -1 11 -1 -1 25 -1 -1 -1 -1 -1 -1 9 17 -1 1 -1 -1 -1 -1 -1 -1 -1 -1 -1 -1 -1 -1 -1 -1 -1 -1 -1 18 -1 -1 -1 -1 -1 -1 -1 -1 -1 -1 -1 -1 -1 10 -1 22 21 20 19 -1 -1 -1 
-1 -1 2 4 -1 5 -1 -1 -1 -1 -1 -1 -1 -1 -1 -1 -1 -1 -1 -1 -1 -1 -1 -1 -1 -1 6 -1 -1 -1 -1 -1 -1 -1 27 -1 11 -1 -1 25 -1 -1 -1 -1 -1 -1 9 17 -1 -1 -1 -1 -1 -1 -1 -1 -1 -1 -1 -1 -1 -1 -1 -1 -1 -1 -1 18 1 -1 -1 -1 -1 -1 -1 -1 -1 -1 -1 -1 -1 10 -1 22 21 20 19 -1 -1 -1 
-1 -1 2 4 -1 5 -1 -1 -1 -1 -1 -1 -1 -1 -1 -1 -1 -1 -1 -1 -1 -1 -1 -1 -1 -1 6 -1 -1 -1 -1 -1 -1 -1 27 -1 11 -1 -1 25 -1 -1 -1 -1 -1 -1 9 17 -1 -1 -1 -1 -1 -1 -1 -1 -1 -1 -1 -1 -1 -1 -1 -1 -1 -1 -1 18 1 -1 -1 -1 -1 -1 -1 -1 20 -1 -1 -1 -1 10 -1 22 21 -1 19 -1 -1 -1 
-1 -1 2 -1 4 5 -1 -1 -1 -1 -1 -1 -1 -1 -1 -1 -1 -1 -1 -1 -1 -1 -1 -1 -1 -1 6 -1 -1 -1 -1 -1 -1 -1 27 -1 11 -1 -1 25 -1 -1 -1 -1 -1 -1 9 17 -1 -1 -1 -1 -1 -1 -1 -1 -1 -1 -1 -1 -1 -1 -1 -1 -1 -1 -1 18 1 -1 -1 -1 -1 -1 -1 -1 20 -1 -1 -1 -1 10 -1 22 21 -1 19 -1 -1 -1 
-1 -1 2 -1 4 5 -1 -1 -1 -1 -1 -1 -1 -1 -1 -1 -1 -1 -1 -1 -1 -1 -1 -1 -1 -1 6 -1 -1 -1 -1 -1 -1 27 -1 -1 11 -1 -1 25 -1 -1 -1 -1 -1 -1 9 17 -1 -1 -1 -1 -1 -1 -1 -1 -1 -1 -1 -1 -1 -1 -1 -1 -1 -1 -1 18 1 -1 -1 -1 -1 -1 -1 -1 20 -1 -1 -1 -1 10 -1 22 21 -1 19 -1 -1 -1 
-1 -1 2 -1 4 5 -1 -1 -1 -1 -1 -1 -1 -1 -1 -1 -1 -1 -1 -1 -1 -1 -1 -1 -1 -1 6 -1 -1 -1 -1 -1 -1 27 -1 -1 11 -1 -1 25 -1 -1 -1 -1 -1 -1 -1 17 -1 -1 -1 -1 -1 -1 -1 -1 -1 -1 -1 -1 -1 -1 -1 -1 -1 -1 -1 18 1 -1 -1 -1 -1 9 -1 -1 20 -1 -1 -1 -1 10 -1 22 21 -1 19 -1 -1 -1 
-1 -1 2 -1 4 5 -1 -1 -1 -1 -1 -1 -1 -1 -1 -1 -1 -1 -1 -1 -1 -1 -1 -1 -1 -1 6 -1 -1 -1 -1 -1 -1 27 -1 -1 11 -1 -1 25 -1 -1 -1 -1 -1 -1 -1 17 -1 -1 -1 -1 -1 -1 -1 -1 -1 -1 -1 -1 -1 -1 -1 -1 -1 -1 -1 18 1 -1 -1 -1 -1 9 -1 20 -1 -1 -1 -1 -1 10 -1 22 21 -1 19 -1 -1 -1 
-1 -1 2 -1 4 5 -1 -1 -1 -1 -1 -1 -1 -1 -1 -1 -1 -1 -1 -1 -1 -1 -1 -1 -1 -1 6 -1 -1 -1 -1 -1 -1 27 -1 -1 11 -1 -1 25 -1 -1 -1 -1 -1 -1 -1 17 -1 -1 -1 -1 -1 -1 -1 -1 -1 -1 -1 -1 -1 -1 -1 -1 -1 -1 -1 18 1 -1 -1 -1 10 9 -1 20 -1 -1 -1 -1 -1 -1 -1 22 21 -1 19 -1 -1 -1 
-1 -1 2 -1 4 5 -1 -1 -1 -1 -1 -1 -1 -1 -1 -1 -1 -1 -1 -1 -1 -1 -1 -1 -1 -1 6 -1 -1 -1 -1 -1 -1 27 -1 -1 11 -1 -1 25 -1 -1 -1 -1 -1 -1 -1 17 -1 -1 -1 -1 -1 -1 -1 -1 -1 -1 -1 -1 -1 -1 -1 -1 -1 -1 20 18 1 -1 -1 -1 10 9 -1 -1 -1 -1 -1 -1 -1 -1 -1 22 21 -1 19 -1 -1 -1 
-1 -1 2 -1 4 5 -1 -1 -1 -1 -1 -1 -1 -1 -1 -1 -1 -1 -1 -1 -1 -1 -1 -1 -1 -1 6 -1 -1 -1 -1 -1 -1 27 -1 -1 11 -1 -1 25 -1 -1 -1 -1 -1 -1 -1 17 -1 1 -1 -1 -1 -1 -1 -1 -1 -1 -1 -1 -1 -1 -1 -1 -1 -1 20 18 -1 -1 -1 -1 10 9 -1 -1 -1 -1 -1 -1 -1 -1 -1 22 21 -1 19 -1 -1 -1 
-1 -1 2 -1 4 5 -1 -1 -1 -1 -1 -1 -1 -1 -1 -1 -1 -1 -1 -1 -1 -1 -1 -1 -1 -1 6 -1 -1 -1 -1 -1 -1 27 -1 -1 11 -1 -1 25 -1 -1 -1 -1 -1 -1 -1 -1 -1 1 -1 -1 -1 -1 -1 -1 -1 -1 17 -1 -1 -1 -1 -1 -1 -1 20 18 -1 -1 -1 -1 10 9 -1 -1 -1 -1 -1 -1 -1 -1 -1 22 21 -1 19 -1 -1 -1 
-1 -1 2 -1 4 5 -1 -1 -1 -1 -1 -1 -1 -1 -1 -1 -1 -1 -1 -1 -1 -1 -1 -1 -1 -1 6 -1 -1 -1 -1 -1 -1 27 -1 -1 11 -1 -1 25 -1 -1 -1 -1 -1 -1 -1 -1 -1 1 -1 -1 -1 -1 -1 9 -1 -1 17 -1 -1 -1 -1 -1 -1 -1 20 18 -1 -1 -1 -1 10 -1 -1 -1 -1 -1 -1 -1 -1 -1 -1 22 21 -1 19 -1 -1 -1 
-1 -1 2 -1 4 5 -1 -1 -1 -1 -1 -1 -1 -1 -1 -1 -1 -1 -1 -1 -1 -1 -1 -1 -1 -1 6 -1 -1 -1 -1 -1 -1 27 -1 -1 11 -1 -1 -1 25 -1 -1 -1 -1 -1 -1 -1 -1 1 -1 -1 -1 -1 -1 9 -1 -1 17 -1 -1 -1 -1 -1 -1 -1 20 18 -1 -1 -1 -1 10 -1 -1 -1 -1 -1 -1 -1 -1 -1 -1 22 21 -1 19 -1 -1 -1 
-1 -1 2 -1 4 5 -1 -1 -1 -1 -1 -1 -1 -1 -1 -1 -1 -1 -1 -1 -1 -1 -1 -1 -1 -1 6 -1 -1 -1 -1 -1 -1 27 -1 -1 11 -1 -1 -1 25 -1 -1 -1 -1 -1 -1 -1 -1 1 -1 -1 -1 -1 10 9 -1 -1 17 -1 -1 -1 -1 -1 -1 -1 20 18 -1 -1 -1 -1 -1 -1 -1 -1 -1 -1 -1 -1 -1 -1 -1 22 21 -1 19 -1 -1 -1 
-1 -1 2 -1 4 5 -1 -1 -1 -1 -1 -1 -1 -1 -1 -1 -1 -1 -1 -1 -1 -1 -1 -1 -1 -1 6 -1 -1 -1 -1 -1 27 -1 -1 -1 11 -1 -1 -1 25 -1 -1 -1 -1 -1 -1 -1 -1 1 -1 -1 -1 -1 10 9 -1 -1 17 -1 -1 -1 -1 -1 -1 -1 20 18 -1 -1 -1 -1 -1 -1 -1 -1 -1 -1 -1 -1 -1 -1 -1 22 21 -1 19 -1 -1 -1 
-1 -1 2 -1 4 5 -1 -1 -1 -1 -1 -1 -1 -1 -1 -1 -1 -1 -1 -1 -1 -1 -1 -1 -1 -1 6 -1 -1 -1 -1 -1 27 -1 -1 -1 11 -1 -1 -1 25 -1 -1 -1 -1 -1 -1 -1 -1 1 -1 -1 -1 -1 -1 9 -1 -1 10 -1 -1 -1 -1 -1 -1 -1 20 18 -1 -1 -1 -1 -1 -1 -1 -1 -1 -1 -1 -1 -1 -1 -1 22 21 -1 19 -1 -1 -1 
-1 -1 2 -1 4 5 -1 -1 -1 -1 -1 -1 -1 -1 -1 -1 -1 -1 -1 -1 -1 -1 -1 -1 -1 -1 6 -1 -1 -1 -1 -1 27 -1 -1 -1 11 -1 -1 -1 -1 -1 -1 -1 -1 -1 -1 -1 -1 1 -1 -1 -1 -1 -1 9 -1 -1 25 -1 -1 -1 -1 -1 -1 -1 20 18 -1 -1 -1 -1 -1 -1 -1 -1 -1 -1 -1 -1 -1 -1 -1 22 21 -1 19 -1 -1 -1 
-1 -1 2 -1 4 5 -1 -1 -1 -1 -1 -1 -1 -1 -1 -1 -1 -1 -1 -1 -1 -1 -1 -1 -1 -1 6 -1 -1 -1 -1 -1 1 -1 -1 -1 11 -1 -1 -1 -1 -1 -1 -1 -1 -1 -1 -1 -1 -1 -1 -1 -1 -1 -1 9 -1 -1 25 -1 -1 -1 -1 -1 -1 -1 20 18 -1 -1 -1 -1 -1 -1 -1 -1 -1 -1 -1 -1 -1 -1 -1 22 21 -1 19 -1 -1 -1 
-1 -1 2 -1 4 5 -1 -1 -1 -1 -1 -1 -1 -1 -1 -1 -1 -1 -1 -1 -1 -1 -1 -1 -1 -1 6 -1 -1 -1 -1 -1 1 -1 -1 -1 11 -1 -1 -1 -1 -1 -1 -1 -1 -1 -1 -1 -1 -1 -1 -1 -1 -1 -1 9 -1 -1 25 -1 -1 -1 -1 -1 -1 -1 -1 18 -1 -1 -1 -1 -1 -1 -1 20 -1 -1 -1 -1 -1 -1 -1 22 21 -1 19 -1 -1 -1 
-1 -1 2 -1 4 5 -1 -1 -1 -1 -1 -1 -1 -1 -1 -1 -1 -1 -1 -1 -1 -1 -1 -1 -1 -1 6 -1 -1 -1 -1 -1 -1 -1 -1 -1 11 -1 -1 1 -1 -1 -1 -1 -1 -1 -1 -1 -1 -1 -1 -1 -1 -1 -1 9 -1 -1 25 -1 -1 -1 -1 -1 -1 -1 -1 18 -1 -1 -1 -1 -1 -1 -1 20 -1 -1 -1 -1 -1 -1 -1 22 21 -1 19 -1 -1 -1 
-1 -1 2 -1 4 5 -1 -1 -1 -1 -1 -1 -1 -1 -1 -1 -1 -1 -1 -1 -1 -1 -1 -1 -1 -1 6 -1 -1 -1 -1 -1 -1 -1 -1 -1 11 -1 -1 1 25 -1 -1 -1 -1 -1 -1 -1 -1 -1 -1 -1 -1 -1 -1 9 -1 -1 -1 -1 -1 -1 -1 -1 -1 -1 -1 18 -1 -1 -1 -1 -1 -1 -1 20 -1 -1 -1 -1 -1 -1 -1 22 21 -1 19 -1 -1 -1 
-1 -1 2 -1 4 5 -1 -1 -1 -1 -1 -1 -1 -1 -1 -1 -1 -1 -1 -1 -1 -1 -1 -1 -1 -1 6 -1 -1 -1 -1 -1 -1 -1 -1 -1 11 -1 -1 -1 25 -1 -1 -1 -1 -1 -1 -1 -1 -1 -1 -1 -1 -1 -1 9 1 -1 -1 -1 -1 -1 -1 -1 -1 -1 -1 18 -1 -1 -1 -1 -1 -1 -1 20 -1 -1 -1 -1 -1 -1 -1 22 21 -1 19 -1 -1 -1 
-1 -1 2 -1 4 5 -1 -1 -1 -1 -1 -1 -1 -1 -1 -1 -1 -1 -1 -1 -1 -1 -1 -1 -1 -1 6 -1 -1 -1 -1 -1 -1 -1 -1 -1 11 -1 -1 -1 25 -1 -1 -1 -1 -1 -1 -1 -1 -1 -1 -1 -1 -1 -1 9 1 -1 -1 -1 -1 -1 -1 -1 -1 -1 -1 18 -1 -1 -1 -1 -1 -1 -1 -1 20 -1 -1 -1 -1 -1 -1 22 21 -1 19 -1 -1 -1 
-1 -1 2 -1 4 5 -1 -1 -1 -1 -1 -1 -1 -1 -1 -1 -1 -1 -1 -1 -1 -1 -1 -1 -1 -1 6 -1 -1 -1 -1 -1 -1 -1 -1 -1 11 -1 -1 -1 25 -1 -1 -1 -1 -1 -1 -1 -1 -1 -1 -1 -1 -1 -1 -1 1 -1 -1 -1 -1 -1 -1 -1 -1 -1 -1 18 -1 -1 -1 -1 -1 -1 -1 -1 20 -1 -1 -1 -1 -1 9 22 21 -1 19 -1 -1 -1 
-1 -1 2 -1 4 5 -1 -1 -1 -1 -1 -1 -1 -1 -1 -1 -1 -1 -1 -1 -1 -1 -1 -1 -1 -1 6 -1 -1 -1 -1 -1 -1 -1 -1 -1 11 -1 -1 -1 -1 -1 -1 25 -1 -1 -1 -1 -1 -1 -1 -1 -1 -1 -1 -1 1 -1 -1 -1 -1 -1 -1 -1 -1 -1 -1 18 -1 -1 -1 -1 -1 -1 -1 -1 20 -1 -1 -1 -1 -1 9 22 21 -1 19 -1 -1 -1 
-1 -1 2 -1 4 5 -1 -1 -1 -1 -1 -1 -1 -1 -1 -1 -1 -1 -1 -1 -1 -1 -1 -1 -1 -1 6 -1 -1 -1 -1 -1 -1 -1 -1 -1 11 -1 -1 -1 -1 -1 -1 25 -1 -1 -1 -1 -1 -1 -1 -1 -1 -1 -1 -1 1 -1 -1 -1 -1 -1 -1 -1 -1 -1 -1 18 -1 -1 -1 -1 -1 -1 -1 -1 20 -1 -1 -1 -1 -1 -1 22 9 -1 19 -1 -1 -1 
-1 -1 2 -1 4 5 -1 -1 -1 -1 -1 -1 -1 -1 -1 -1 -1 -1 -1 -1 -1 -1 -1 -1 -1 -1 6 -1 -1 -1 -1 -1 -1 -1 -1 -1 11 -1 -1 -1 -1 -1 -1 -1 -1 -1 -1 -1 -1 -1 -1 -1 -1 -1 -1 -1 1 -1 -1 -1 -1 -1 -1 -1 -1 -1 -1 18 -1 -1 -1 -1 -1 -1 -1 -1 20 -1 -1 25 -1 -1 -1 22 9 -1 19 -1 -1 -1 
-1 -1 2 -1 4 5 -1 -1 -1 -1 -1 -1 -1 -1 -1 -1 -1 -1 -1 -1 -1 -1 -1 -1 -1 -1 6 -1 -1 -1 9 -1 -1 -1 -1 -1 11 -1 -1 -1 -1 -1 -1 -1 -1 -1 -1 -1 -1 -1 -1 -1 -1 -1 -1 -1 1 -1 -1 -1 -1 -1 -1 -1 -1 -1 -1 18 -1 -1 -1 -1 -1 -1 -1 -1 20 -1 -1 25 -1 -1 -1 22 -1 -1 19 -1 -1 -1 
-1 -1 2 -1 4 5 -1 -1 -1 -1 -1 -1 -1 -1 -1 -1 -1 -1 -1 -1 -1 -1 -1 -1 -1 -1 6 -1 -1 -1 9 -1 -1 -1 -1 -1 11 -1 -1 -1 -1 -1 -1 -1 -1 -1 -1 -1 -1 -1 -1 -1 -1 -1 -1 -1 1 -1 -1 -1 -1 -1 -1 -1 -1 -1 -1 18 -1 -1 -1 -1 -1 -1 -1 -1 -1 -1 -1 25 -1 -1 -1 22 -1 20 19 -1 -1 -1 
-1 -1 2 -1 4 5 -1 -1 -1 -1 -1 -1 -1 -1 -1 -1 -1 -1 -1 -1 -1 -1 -1 -1 -1 -1 6 -1 -1 -1 9 -1 -1 -1 -1 -1 -1 -1 -1 -1 -1 -1 -1 -1 -1 11 -1 -1 -1 -1 -1 -1 -1 -1 -1 -1 1 -1 -1 -1 -1 -1 -1 -1 -1 -1 -1 18 -1 -1 -1 -1 -1 -1 -1 -1 -1 -1 -1 25 -1 -1 -1 22 -1 20 19 -1 -1 -1 
-1 -1 2 -1 4 5 -1 -1 -1 -1 -1 -1 -1 -1 -1 -1 -1 -1 -1 -1 -1 -1 -1 -1 -1 -1 6 -1 -1 -1 9 -1 -1 -1 -1 -1 -1 -1 -1 -1 -1 -1 -1 -1 -1 11 -1 -1 -1 -1 -1 -1 -1 -1 -1 -1 1 -1 -1 -1 -1 -1 -1 -1 -1 -1 -1 18 -1 -1 -1 -1 -1 -1 -1 -1 -1 -1 25 -1 -1 -1 -1 22 -1 20 19 -1 -1 -1 
-1 -1 2 -1 4 5 -1 -1 -1 -1 -1 -1 -1 -1 -1 -1 -1 -1 -1 -1 -1 -1 -1 -1 -1 -1 6 -1 9 -1 -1 -1 -1 -1 -1 -1 -1 -1 -1 -1 -1 -1 -1 -1 -1 11 -1 -1 -1 -1 -1 -1 -1 -1 -1 -1 1 -1 -1 -1 -1 -1 -1 -1 -1 -1 -1 18 -1 -1 -1 -1 -1 -1 -1 -1 -1 -1 25 -1 -1 -1 -1 22 -1 20 19 -1 -1 -1 
-1 -1 2 -1 4 5 -1 -1 -1 -1 -1 -1 -1 -1 -1 -1 -1 -1 -1 -1 -1 -1 -1 -1 -1 -1 6 -1 9 -1 -1 -1 -1 -1 -1 -1 -1 -1 -1 -1 -1 -1 -1 -1 -1 11 -1 -1 -1 -1 -1 -1 -1 -1 -1 -1 1 -1 -1 -1 -1 -1 -1 -1 -1 -1 -1 18 -1 -1 -1 -1 -1 -1 -1 -1 25 -1 -1 -1 -1 -1 -1 22 -1 20 19 -1 -1 -1 
-1 -1 2 4 -1 5 -1 -1 -1 -1 -1 -1 -1 -1 -1 -1 -1 -1 -1 -1 -1 -1 -1 -1 -1 -1 6 -1 9 -1 -1 -1 -1 -1 -1 -1 -1 -1 -1 -1 -1 -1 -1 -1 -1 11 -1 -1 -1 -1 -1 -1 -1 -1 -1 -1 1 -1 -1 -1 -1 -1 -1 -1 -1 -1 -1 18 -1 -1 -1 -1 -1 -1 -1 -1 25 -1 -1 -1 -1 -1 -1 22 -1 20 19 -1 -1 -1 
-1 -1 2 4 -1 5 -1 -1 -1 -1 -1 -1 -1 -1 -1 -1 -1 -1 -1 -1 -1 -1 -1 -1 -1 -1 6 -1 9 -1 -1 -1 -1 -1 -1 -1 -1 -1 -1 -1 -1 -1 -1 -1 -1 11 -1 -1 -1 -1 -1 -1 -1 -1 -1 -1 1 -1 -1 -1 -1 -1 -1 -1 -1 -1 -1 -1 -1 -1 -1 -1 -1 -1 -1 -1 25 -1 -1 -1 -1 -1 -1 22 -1 20 19 18 -1 -1 
-1 -1 2 4 -1 5 -1 -1 -1 -1 -1 -1 -1 -1 -1 -1 -1 -1 -1 -1 -1 -1 -1 -1 -1 -1 6 -1 -1 -1 -1 -1 -1 -1 -1 -1 -1 -1 -1 -1 -1 -1 -1 -1 -1 11 -1 -1 -1 -1 -1 -1 -1 -1 -1 -1 1 -1 -1 -1 -1 -1 -1 -1 -1 -1 -1 -1 -1 -1 -1 -1 -1 -1 -1 -1 25 -1 -1 -1 -1 -1 9 22 -1 20 19 18 -1 -1 
-1 -1 2 4 -1 5 -1 -1 -1 -1 -1 -1 -1 -1 -1 -1 -1 -1 -1 -1 -1 -1 -1 -1 -1 -1 6 -1 -1 -1 -1 -1 -1 -1 -1 -1 -1 -1 -1 -1 -1 -1 -1 -1 -1 11 -1 -1 -1 -1 -1 -1 -1 -1 -1 -1 1 -1 -1 -1 -1 -1 -1 -1 -1 -1 -1 22 -1 -1 -1 -1 -1 -1 -1 -1 25 -1 -1 -1 -1 -1 9 -1 -1 20 19 18 -1 -1 
-1 -1 2 4 -1 5 -1 -1 -1 -1 -1 -1 -1 -1 -1 -1 -1 -1 -1 -1 -1 -1 -1 -1 -1 -1 6 -1 -1 -1 -1 -1 -1 -1 -1 -1 -1 -1 -1 -1 -1 -1 -1 -1 -1 11 -1 -1 -1 -1 -1 -1 -1 -1 -1 -1 -1 -1 -1 -1 -1 -1 -1 1 -1 -1 -1 22 -1 -1 -1 -1 -1 -1 -1 -1 25 -1 -1 -1 -1 -1 9 -1 -1 20 19 18 -1 -1 
-1 -1 2 4 -1 5 -1 -1 -1 -1 -1 -1 -1 -1 -1 -1 -1 -1 -1 -1 -1 -1 -1 -1 -1 -1 6 -1 -1 -1 -1 -1 -1 -1 -1 -1 -1 -1 -1 -1 -1 -1 -1 -1 -1 11 -1 -1 -1 -1 -1 -1 -1 -1 -1 -1 -1 -1 -1 -1 -1 -1 -1 1 -1 -1 -1 22 -1 -1 -1 -1 -1 -1 -1 25 -1 -1 -1 -1 -1 -1 9 -1 -1 20 19 18 -1 -1 
-1 -1 2 4 -1 5 -1 -1 -1 -1 -1 -1 -1 -1 -1 -1 -1 -1 -1 -1 -1 -1 -1 -1 -1 -1 6 -1 -1 -1 -1 -1 -1 -1 -1 -1 -1 -1 -1 -1 -1 -1 -1 -1 -1 11 -1 -1 -1 -1 -1 -1 -1 -1 -1 -1 -1 -1 -1 -1 -1 -1 -1 1 -1 -1 -1 22 -1 -1 -1 -1 -1 -1 -1 25 -1 -1 -1 -1 -1 9 -1 -1 -1 20 19 18 -1 -1 
-1 -1 2 4 -1 5 -1 -1 -1 -1 -1 -1 -1 -1 -1 -1 -1 -1 -1 -1 -1 -1 -1 -1 -1 -1 6 -1 -1 -1 -1 -1 -1 -1 -1 -1 -1 -1 -1 -1 -1 -1 -1 -1 -1 11 -1 -1 -1 -1 -1 -1 -1 -1 -1 -1 -1 -1 -1 -1 -1 -1 -1 1 -1 -1 -1 22 -1 -1 -1 -1 -1 -1 -1 25 19 -1 -1 -1 -1 9 -1 -1 -1 20 -1 18 -1 -1 
-1 -1 2 4 -1 5 -1 -1 -1 -1 -1 -1 -1 -1 -1 -1 -1 -1 -1 -1 -1 -1 -1 -1 -1 -1 6 -1 -1 -1 -1 -1 -1 -1 -1 -1 -1 -1 -1 -1 -1 -1 -1 -1 -1 11 -1 -1 -1 -1 -1 -1 -1 -1 -1 -1 -1 -1 -1 -1 -1 -1 -1 -1 -1 -1 -1 22 -1 -1 -1 -1 -1 -1 -1 25 19 -1 -1 -1 -1 9 1 -1 -1 20 -1 18 -1 -1 
-1 -1 2 4 -1 5 -1 -1 -1 -1 -1 -1 -1 -1 -1 -1 -1 -1 -1 -1 -1 -1 -1 -1 -1 -1 6 -1 -1 -1 -1 -1 -1 -1 -1 -1 -1 -1 -1 -1 -1 -1 -1 -1 -1 11 -1 -1 -1 -1 -1 -1 -1 -1 -1 -1 -1 -1 -1 -1 -1 -1 -1 -1 -1 -1 -1 22 -1 -1 -1 -1 -1 -1 -1 -1 19 -1 -1 -1 -1 9 1 -1 25 20 -1 18 -1 -1 
-1 -1 2 4 -1 5 -1 -1 -1 -1 -1 -1 -1 -1 -1 -1 -1 -1 -1 -1 -1 -1 -1 -1 -1 -1 6 -1 -1 -1 -1 -1 -1 -1 -1 -1 -1 -1 -1 -1 -1 -1 -1 -1 -1 11 -1 -1 -1 -1 -1 -1 -1 -1 -1 -1 -1 -1 -1 -1 -1 -1 -1 -1 -1 1 -1 22 -1 -1 -1 -1 -1 -1 -1 -1 19 -1 -1 -1 -1 9 -1 -1 25 20 -1 18 -1 -1 
-1 -1 2 4 -1 5 -1 -1 -1 -1 -1 -1 -1 -1 -1 -1 -1 -1 -1 -1 -1 -1 -1 -1 -1 -1 6 -1 -1 -1 -1 -1 -1 -1 -1 -1 -1 -1 -1 -1 -1 -1 -1 -1 -1 11 -1 -1 -1 -1 -1 -1 -1 -1 -1 -1 -1 -1 -1 -1 -1 -1 -1 -1 -1 1 -1 22 -1 -1 -1 -1 -1 -1 -1 25 19 -1 -1 -1 -1 9 -1 -1 -1 20 -1 18 -1 -1 
-1 -1 2 4 -1 5 -1 -1 -1 -1 -1 -1 -1 -1 -1 -1 -1 -1 -1 -1 -1 -1 -1 -1 -1 -1 6 -1 -1 -1 -1 -1 -1 -1 -1 -1 -1 -1 -1 -1 -1 -1 -1 -1 -1 -1 11 -1 -1 -1 -1 -1 -1 -1 -1 -1 -1 -1 -1 -1 -1 -1 -1 -1 -1 1 -1 22 -1 -1 -1 -1 -1 -1 -1 25 19 -1 -1 -1 -1 9 -1 -1 -1 20 -1 18 -1 -1 
-1 -1 2 4 -1 5 -1 -1 -1 -1 -1 -1 -1 -1 -1 -1 -1 -1 -1 -1 -1 -1 -1 -1 -1 -1 6 -1 -1 -1 -1 -1 -1 -1 -1 -1 -1 -1 -1 -1 -1 -1 -1 -1 -1 -1 11 -1 -1 -1 -1 -1 -1 -1 -1 -1 -1 -1 -1 -1 -1 -1 -1 -1 -1 1 19 22 -1 -1 -1 -1 -1 -1 -1 25 -1 -1 -1 -1 -1 9 -1 -1 -1 20 -1 18 -1 -1 
-1 -1 2 -1 4 5 -1 -1 -1 -1 -1 -1 -1 -1 -1 -1 -1 -1 -1 -1 -1 -1 -1 -1 -1 -1 6 -1 -1 -1 -1 -1 -1 -1 -1 -1 -1 -1 -1 -1 -1 -1 -1 -1 -1 -1 11 -1 -1 -1 -1 -1 -1 -1 -1 -1 -1 -1 -1 -1 -1 -1 -1 -1 -1 1 19 22 -1 -1 -1 -1 -1 -1 -1 25 -1 -1 -1 -1 -1 9 -1 -1 -1 20 -1 18 -1 -1 
-1 -1 2 -1 4 5 -1 -1 -1 -1 -1 -1 -1 -1 -1 -1 -1 -1 -1 -1 -1 -1 -1 -1 -1 -1 6 -1 -1 -1 -1 -1 -1 -1 -1 -1 -1 -1 -1 -1 -1 -1 -1 -1 -1 -1 11 -1 -1 -1 -1 -1 -1 -1 -1 -1 -1 -1 -1 -1 -1 -1 -1 -1 -1 1 19 22 -1 -1 -1 -1 -1 -1 -1 -1 25 -1 -1 -1 -1 9 -1 -1 -1 20 -1 18 -1 -1 
-1 -1 2 -1 4 5 -1 -1 -1 -1 -1 -1 -1 -1 -1 -1 -1 -1 -1 -1 -1 -1 -1 -1 -1 -1 6 -1 -1 -1 -1 3 -1 -1 -1 -1 -1 -1 -1 -1 -1 -1 -1 -1 -1 -1 11 -1 -1 -1 -1 -1 -1 -1 -1 -1 -1 -1 -1 -1 -1 -1 -1 -1 -1 1 19 22 -1 -1 -1 -1 -1 -1 -1 -1 25 -1 -1 -1 -1 9 -1 -1 -1 20 -1 18 -1 -1 
-1 -1 2 -1 4 5 -1 -1 -1 -1 -1 -1 -1 -1 -1 -1 -1 -1 -1 -1 -1 -1 -1 -1 -1 -1 6 -1 -1 -1 -1 3 -1 -1 -1 -1 -1 -1 -1 -1 -1 -1 -1 -1 -1 -1 11 -1 -1 -1 -1 -1 -1 -1 -1 -1 -1 -1 -1 -1 -1 -1 -1 -1 -1 1 19 22 -1 -1 -1 -1 -1 -1 -1 -1 -1 -1 -1 25 -1 9 -1 -1 -1 20 -1 18 -1 -1 
-1 -1 2 -1 4 5 -1 -1 -1 -1 -1 -1 -1 -1 -1 -1 -1 -1 -1 -1 -1 -1 -1 -1 -1 -1 6 -1 -1 -1 -1 3 -1 -1 -1 -1 -1 -1 -1 -1 -1 -1 -1 -1 -1 -1 -1 -1 -1 -1 -1 -1 -1 -1 -1 11 -1 -1 -1 -1 -1 -1 -1 -1 -1 1 19 22 -1 -1 -1 -1 -1 -1 -1 -1 -1 -1 -1 25 -1 9 -1 -1 -1 20 -1 18 -1 -1 
-1 -1 2 -1 4 5 -1 -1 -1 -1 -1 -1 -1 -1 -1 -1 -1 -1 -1 -1 -1 -1 -1 -1 -1 -1 6 -1 -1 -1 -1 3 -1 -1 -1 -1 -1 -1 -1 -1 -1 -1 -1 -1 -1 -1 -1 -1 -1 -1 -1 -1 -1 -1 -1 11 -1 -1 -1 -1 -1 -1 -1 -1 -1 1 19 22 -1 -1 25 -1 -1 -1 -1 -1 -1 -1 -1 -1 -1 9 -1 -1 -1 20 -1 18 -1 -1 
-1 -1 2 -1 4 5 -1 -1 -1 -1 -1 -1 -1 -1 -1 -1 -1 -1 -1 -1 -1 -1 -1 -1 -1 -1 6 -1 -1 -1 -1 3 -1 -1 -1 -1 -1 -1 -1 -1 -1 -1 -1 -1 -1 -1 -1 -1 -1 -1 -1 -1 -1 -1 -1 -1 11 -1 -1 -1 -1 -1 -1 -1 -1 1 19 22 -1 -1 25 -1 -1 -1 -1 -1 -1 -1 -1 -1 -1 9 -1 -1 -1 20 -1 18 -1 -1 
-1 -1 2 -1 4 5 -1 -1 -1 -1 -1 -1 -1 -1 -1 -1 -1 -1 -1 -1 -1 -1 -1 -1 -1 -1 6 -1 -1 -1 -1 3 -1 -1 -1 -1 -1 -1 -1 -1 -1 -1 -1 -1 -1 -1 -1 -1 -1 -1 -1 -1 -1 -1 -1 -1 11 -1 -1 -1 -1 -1 -1 -1 -1 1 -1 22 -1 -1 25 -1 -1 -1 -1 -1 19 -1 -1 -1 -1 9 -1 -1 -1 20 -1 18 -1 -1 
-1 -1 2 -1 4 5 -1 -1 -1 -1 -1 -1 -1 -1 -1 -1 -1 -1 -1 -1 -1 -1 -1 -1 -1 -1 6 -1 -1 -1 -1 3 -1 -1 -1 -1 -1 -1 -1 -1 -1 -1 -1 -1 -1 -1 -1 -1 -1 -1 -1 -1 -1 -1 -1 -1 11 -1 -1 -1 -1 -1 -1 -1 -1 -1 -1 22 -1 -1 25 -1 -1 -1 -1 -1 19 -1 -1 -1 -1 9 1 -1 -1 20 -1 18 -1 -1 
-1 -1 2 -1 4 5 -1 -1 -1 -1 -1 -1 -1 -1 -1 -1 -1 -1 -1 -1 -1 -1 -1 -1 -1 -1 6 -1 -1 -1 -1 3 -1 -1 -1 -1 -1 -1 -1 -1 -1 -1 -1 -1 -1 -1 -1 -1 -1 -1 -1 -1 -1 -1 -1 -1 11 -1 -1 -1 -1 -1 -1 -1 -1 -1 -1 22 -1 -1 25 -1 -1 -1 -1 -1 -1 -1 -1 -1 -1 9 1 -1 19 20 -1 18 -1 -1 
-1 -1 2 -1 4 5 -1 -1 -1 -1 -1 -1 -1 -1 -1 -1 -1 -1 -1 -1 -1 -1 -1 -1 -1 -1 6 -1 -1 -1 -1 3 -1 -1 -1 -1 -1 -1 -1 -1 -1 -1 -1 -1 -1 -1 -1 -1 -1 -1 -1 -1 -1 -1 -1 -1 -1 -1 -1 -1 -1 -1 -1 -1 -1 11 -1 22 -1 -1 25 -1 -1 -1 -1 -1 -1 -1 -1 -1 -1 9 1 -1 19 20 -1 18 -1 -1 
-1 -1 2 -1 4 5 -1 -1 -1 -1 -1 -1 -1 -1 -1 -1 -1 -1 -1 -1 -1 -1 -1 -1 -1 -1 6 -1 -1 -1 -1 3 -1 -1 -1 -1 -1 -1 -1 -1 -1 -1 -1 -1 -1 -1 -1 -1 -1 -1 -1 -1 -1 -1 -1 -1 -1 -1 -1 -1 -1 -1 -1 -1 -1 11 -1 22 -1 -1 25 -1 -1 -1 -1 -1 20 -1 -1 -1 -1 9 1 -1 19 -1 -1 18 -1 -1 
-1 -1 2 -1 -1 4 -1 -1 -1 -1 -1 -1 -1 -1 -1 -1 -1 -1 -1 -1 -1 -1 -1 -1 -1 -1 6 -1 -1 -1 -1 3 -1 -1 -1 -1 -1 -1 -1 -1 -1 -1 -1 -1 -1 -1 -1 -1 -1 -1 -1 -1 -1 -1 -1 -1 -1 -1 -1 -1 -1 -1 -1 -1 -1 11 -1 22 -1 -1 25 -1 -1 -1 -1 -1 20 -1 -1 -1 -1 9 1 -1 19 -1 -1 18 -1 -1 
-1 -1 2 -1 -1 4 -1 -1 -1 -1 -1 -1 -1 -1 -1 -1 -1 -1 -1 -1 -1 -1 -1 -1 -1 -1 6 -1 -1 -1 -1 3 -1 -1 -1 -1 -1 -1 -1 -1 -1 -1 -1 -1 -1 -1 -1 22 -1 -1 -1 -1 -1 -1 -1 -1 -1 -1 -1 -1 -1 -1 -1 -1 -1 11 -1 -1 -1 -1 25 -1 -1 -1 -1 -1 20 -1 -1 -1 -1 9 1 -1 19 -1 -1 18 -1 -1 
-1 -1 2 -1 -1 4 -1 -1 -1 -1 -1 -1 -1 -1 -1 -1 -1 -1 -1 -1 -1 -1 -1 -1 -1 -1 6 -1 -1 -1 -1 3 -1 -1 -1 -1 -1 -1 -1 -1 -1 -1 -1 -1 -1 -1 -1 22 -1 -1 -1 -1 -1 -1 -1 -1 -1 -1 -1 -1 -1 -1 -1 -1 -1 -1 11 -1 -1 -1 25 -1 -1 -1 -1 -1 20 -1 -1 -1 -1 9 1 -1 19 -1 -1 18 -1 -1 
-1 -1 2 -1 -1 4 -1 -1 -1 -1 -1 -1 -1 -1 -1 -1 -1 -1 -1 -1 -1 -1 -1 -1 -1 -1 6 -1 -1 -1 -1 3 -1 -1 -1 -1 -1 -1 -1 -1 -1 -1 -1 -1 -1 -1 -1 22 -1 -1 -1 -1 -1 -1 -1 -1 -1 -1 -1 -1 -1 -1 -1 -1 -1 -1 11 -1 25 -1 -1 -1 -1 -1 -1 -1 20 -1 -1 -1 -1 9 1 -1 19 -1 -1 18 -1 -1 
-1 -1 2 -1 -1 4 -1 -1 -1 -1 -1 -1 -1 -1 -1 -1 -1 -1 -1 -1 -1 -1 -1 -1 -1 -1 6 -1 -1 -1 -1 3 -1 -1 -1 -1 -1 -1 -1 -1 -1 -1 -1 -1 -1 -1 -1 22 -1 -1 -1 -1 -1 -1 -1 -1 -1 -1 -1 -1 -1 -1 -1 -1 -1 -1 11 -1 25 -1 -1 -1 -1 -1 -1 -1 20 -1 -1 -1 -1 -1 1 -1 9 -1 -1 18 -1 -1 
-1 -1 2 -1 -1 4 -1 -1 -1 -1 -1 -1 -1 -1 -1 -1 -1 -1 -1 -1 -1 -1 -1 -1 -1 -1 6 -1 -1 -1 -1 3 -1 -1 -1 -1 -1 -1 -1 -1 -1 -1 -1 -1 -1 -1 -1 -1 -1 -1 -1 -1 -1 -1 -1 -1 -1 -1 -1 -1 -1 -1 -1 22 -1 -1 11 -1 25 -1 -1 -1 -1 -1 -1 -1 20 -1 -1 -1 -1 -1 1 -1 9 -1 -1 18 -1 -1 
-1 -1 2 -1 -1 4 -1 -1 -1 -1 -1 -1 -1 -1 -1 -1 -1 -1 -1 -1 -1 -1 -1 -1 -1 -1 6 -1 -1 -1 -1 3 -1 -1 -1 -1 -1 -1 -1 -1 -1 -1 -1 -1 -1 -1 -1 -1 -1 -1 -1 -1 -1 -1 -1 -1 -1 -1 -1 -1 -1 -1 -1 22 -1 1 11 -1 25 -1 -1 -1 -1 -1 -1 -1 20 -1 -1 -1 -1 -1 -1 -1 9 -1 -1 18 -1 -1 
-1 -1 2 -1 -1 4 -1 -1 -1 -1 -1 -1 -1 -1 -1 -1 -1 -1 -1 -1 -1 -1 -1 -1 -1 -1 6 -1 -1 -1 -1 3 -1 -1 -1 -1 -1 -1 -1 -1 -1 -1 -1 -1 -1 -1 -1 -1 -1 -1 -1 -1 -1 -1 -1 -1 -1 -1 -1 -1 -1 -1 -1 -1 -1 1 11 -1 25 -1 -1 -1 -1 -1 -1 -1 20 -1 -1 -1 -1 -1 -1 22 9 -1 -1 18 -1 -1 
-1 -1 2 -1 -1 4 -1 -1 -1 -1 -1 -1 -1 -1 -1 -1 -1 -1 -1 -1 -1 -1 -1 -1 -1 -1 6 -1 -1 -1 -1 3 -1 -1 -1 -1 -1 -1 -1 -1 -1 -1 -1 -1 -1 -1 -1 -1 1 -1 -1 -1 -1 -1 -1 -1 -1 -1 -1 -1 -1 -1 -1 -1 -1 -1 11 -1 25 -1 -1 -1 -1 -1 -1 -1 20 -1 -1 -1 -1 -1 -1 22 9 -1 -1 18 -1 -1 
-1 -1 2 -1 -1 4 -1 -1 -1 -1 -1 -1 -1 -1 -1 -1 -1 -1 -1 -1 -1 -1 -1 -1 -1 -1 6 -1 -1 -1 -1 3 -1 -1 -1 -1 -1 -1 -1 -1 -1 -1 -1 -1 -1 -1 -1 -1 1 -1 -1 -1 -1 -1 -1 -1 -1 -1 -1 -1 -1 -1 -1 -1 -1 -1 11 22 25 -1 -1 -1 -1 -1 -1 -1 20 -1 -1 -1 -1 -1 -1 -1 9 -1 -1 18 -1 -1 
-1 -1 2 -1 -1 4 -1 -1 -1 -1 -1 -1 -1 -1 -1 -1 -1 -1 -1 -1 -1 -1 -1 -1 -1 -1 6 -1 -1 -1 -1 3 -1 -1 -1 -1 -1 -1 -1 -1 -1 -1 -1 -1 -1 -1 -1 -1 -1 -1 -1 -1 -1 -1 -1 1 -1 -1 -1 -1 -1 -1 -1 -1 -1 -1 11 22 25 -1 -1 -1 -1 -1 -1 -1 20 -1 -1 -1 -1 -1 -1 -1 9 -1 -1 18 -1 -1 
-1 -1 2 -1 -1 4 -1 -1 -1 -1 -1 -1 -1 -1 -1 -1 -1 -1 -1 -1 -1 -1 -1 -1 -1 -1 6 -1 -1 -1 -1 3 -1 -1 -1 -1 -1 -1 -1 -1 -1 -1 -1 -1 -1 -1 -1 -1 -1 -1 -1 -1 -1 -1 -1 1 -1 -1 -1 -1 -1 -1 -1 -1 -1 -1 11 -1 25 -1 -1 -1 -1 -1 -1 -1 20 -1 -1 -1 -1 -1 -1 22 9 -1 -1 18 -1 -1 
-1 -1 2 -1 -1 4 -1 -1 -1 -1 -1 -1 -1 -1 -1 -1 -1 -1 -1 -1 -1 -1 -1 -1 -1 -1 6 -1 -1 -1 -1 3 -1 -1 -1 -1 -1 -1 -1 -1 -1 -1 -1 -1 -1 -1 -1 -1 -1 -1 -1 -1 -1 -1 -1 1 -1 -1 -1 -1 -1 -1 -1 -1 -1 -1 11 -1 25 -1 -1 -1 -1 -1 -1 9 20 -1 -1 -1 -1 -1 -1 22 -1 -1 -1 18 -1 -1 
