0 1 2 3 4 5 6 7 8 -1 -1 -1 -1 -1 -1 -1 -1 -1 -1 9 -1 -1 -1 -1 -1 10 -1 11 -1 12 -1 13 -1 14 -1 15 -1 -1 -1 -1 -1 -1 -1 -1 -1 -1 -1 -1 -1 -1 -1 -1 -1 -1 -1 -1 30 -1 29 -1 28 -1 27 -1 26 -1 -1 18 -1 -1 25 -1 -1 -1 -1 -1 -1 -1 -1 -1 -1 24 23 22 21 20 19 -1 17 16 
0 1 2 3 4 5 6 7 8 -1 -1 -1 -1 -1 -1 -1 -1 -1 -1 9 -1 -1 10 -1 -1 -1 -1 11 -1 12 -1 13 -1 14 -1 15 -1 -1 -1 -1 -1 -1 -1 -1 -1 -1 -1 -1 -1 -1 -1 -1 -1 -1 -1 -1 30 -1 29 -1 28 -1 27 -1 26 -1 -1 18 -1 -1 25 -1 -1 -1 -1 -1 -1 -1 -1 -1 -1 24 23 22 21 20 19 -1 17 16 
0 1 2 3 4 5 6 7 8 -1 -1 -1 -1 -1 -1 -1 -1 -1 -1 9 -1 -1 10 -1 -1 -1 -1 11 -1 12 -1 13 -1 14 -1 15 -1 -1 -1 -1 -1 -1 -1 -1 -1 -1 -1 -1 -1 -1 -1 -1 -1 -1 -1 -1 30 -1 29 -1 28 -1 27 -1 26 -1 -1 18 -1 17 25 -1 -1 -1 -1 -1 -1 -1 -1 -1 -1 24 23 22 21 20 19 -1 -1 16 
0 1 2 3 4 5 6 -1 8 -1 -1 -1 -1 -1 -1 -1 -1 -1 -1 9 -1 -1 10 -1 7 -1 -1 11 -1 12 -1 13 -1 14 -1 15 -1 -1 -1 -1 -1 -1 -1 -1 -1 -1 -1 -1 -1 -1 -1 -1 -1 -1 -1 -1 30 -1 29 -1 28 -1 27 -1 26 -1 -1 18 -1 17 25 -1 -1 -1 -1 -1 -1 -1 -1 -1 -1 24 23 22 21 20 19 -1 -1 16 
0 1 2 3 4 5 6 -1 8 -1 -1 -1 -1 -1 -1 -1 -1 -1 -1 9 -1 -1 10 -1 7 -1 -1 11 -1 12 -1 13 -1 14 -1 15 -1 -1 -1 -1 -1 -1 -1 -1 -1 -1 -1 -1 -1 -1 -1 -1 -1 -1 -1 -1 30 -1 29 -1 28 -1 27 -1 26 -1 -1 18 -1 17 25 -1 -1 -1 -1 -1 -1 -1 -1 -1 -1 24 23 22 21 20 19 -1 16 -1 
0 1 2 3 4 5 6 8 -1 -1 -1 -1 -1 -1 -1 -1 -1 -1 -1 9 -1 -1 10 -1 7 -1 -1 11 -1 12 -1 13 -1 14 -1 15 -1 -1 -1 -1 -1 -1 -1 -1 -1 -1 -1 -1 -1 -1 -1 -1 -1 -1 -1 -1 30 -1 29 -1 28 -1 27 -1 26 -1 -1 18 -1 17 25 -1 -1 -1 -1 -1 -1 -1 -1 -1 -1 24 23 22 21 20 19 -1 16 -1 
0 1 2 3 4 5 6 8 -1 -1 -1 -1 -1 -1 -1 -1 -1 -1 -1 9 -1 -1 10 -1 7 -1 -1 11 -1 12 -1 13 -1 14 -1 15 -1 -1 -1 -1 -1 -1 -1 -1 -1 -1 -1 -1 -1 -1 -1 -1 -1 -1 -1 -1 30 -1 29 -1 28 -1 27 -1 26 23 -1 18 -1 17 25 -1 -1 -1 -1 -1 -1 -1 -1 -1 -1 24 -1 22 21 20 19 -1 16 -1 
0 1 2 3 4 5 6 -1 -1 -1 -1 -1 -1 -1 -1 -1 -1 -1 -1 9 -1 -1 10 -1 7 -1 -1 11 -1 12 -1 13 -1 14 -1 15 -1 -1 -1 -1 -1 -1 -1 -1 -1 -1 -1 -1 -1 -1 -1 -1 -1 -1 -1 -1 30 -1 29 -1 28 8 27 -1 26 23 -1 18 -1 17 25 -1 -1 -1 -1 -1 -1 -1 -1 -1 -1 24 -1 22 21 20 19 -1 16 -1 
0 1 2 3 4 5 6 -1 -1 -1 -1 -1 -1 -1 -1 -1 -1 -1 -1 9 -1 -1 10 -1 7 -1 -1 11 -1 12 -1 13 -1 14 -1 15 -1 -1 -1 -1 -1 -1 -1 -1 -1 -1 -1 -1 -1 -1 -1 28 -1 -1 -1 -1 30 -1 29 -1 -1 8 27 -1 26 23 -1 18 -1 17 25 -1 -1 -1 -1 -1 -1 -1 -1 -1 -1 24 -1 22 21 20 19 -1 16 -1 
0 -1 2 3 4 5 6 -1 -1 -1 -1 -1 -1 -1 -1 -1 -1 -1 1 9 -1 -1 10 -1 7 -1 -1 11 -1 12 -1 13 -1 14 -1 15 -1 -1 -1 -1 -1 -1 -1 -1 -1 -1 -1 -1 -1 -1 -1 28 -1 -1 -1 -1 30 -1 29 -1 -1 8 27 -1 26 23 -1 18 -1 17 25 -1 -1 -1 -1 -1 -1 -1 -1 -1 -1 24 -1 22 21 20 19 -1 16 -1 
0 -1 2 3 4 5 6 -1 -1 -1 -1 -1 -1 -1 -1 -1 -1 -1 1 9 -1 -1 10 -1 7 -1 -1 11 -1 12 -1 13 -1 14 -1 15 -1 -1 -1 -1 -1 -1 -1 -1 -1 -1 -1 -1 -1 -1 17 28 -1 -1 -1 -1 30 -1 29 -1 -1 8 27 -1 26 23 -1 18 -1 -1 25 -1 -1 -1 -1 -1 -1 -1 -1 -1 -1 24 -1 22 21 20 19 -1 16 -1 
0 -1 2 3 4 5 6 -1 -1 -1 -1 -1 -1 -1 -1 -1 -1 -1 1 9 -1 -1 10 -1 7 -1 -1 11 -1 12 -1 13 -1 14 -1 15 -1 -1 -1 -1 -1 -1 -1 8 -1 -1 -1 -1 -1 -1 17 28 -1 -1 -1 -1 30 -1 29 -1 -1 -1 27 -1 26 23 -1 18 -1 -1 25 -1 -1 -1 -1 -1 -1 -1 -1 -1 -1 24 -1 22 21 20 19 -1 16 -1 
0 -1 2 3 4 5 6 -1 -1 -1 -1 -1 -1 -1 -1 -1 -1 -1 1 9 -1 -1 10 -1 7 -1 -1 11 -1 12 -1 13 -1 17 -1 15 -1 -1 -1 -1 -1 -1 -1 8 -1 -1 -1 -1 -1 -1 -1 28 -1 -1 -1 -1 30 -1 29 -1 -1 -1 27 -1 26 23 -1 18 -1 -1 25 -1 -1 -1 -1 -1 -1 -1 -1 -1 -1 24 -1 22 21 20 19 -1 16 -1 
-1 -1 2 3 4 5 6 -1 -1 0 -1 -1 -1 -1 -1 -1 -1 -1 1 9 -1 -1 10 -1 7 -1 -1 11 -1 12 -1 13 -1 17 -1 15 -1 -1 -1 -1 -1 -1 -1 8 -1 -1 -1 -1 -1 -1 -1 28 -1 -1 -1 -1 30 -1 29 -1 -1 -1 27 -1 26 23 -1 18 -1 -1 25 -1 -1 -1 -1 -1 -1 -1 -1 -1 -1 24 -1 22 21 20 19 -1 16 -1 
-1 -1 2 3 4 5 6 -1 -1 0 -1 -1 -1 -1 -1 -1 -1 -1 1 9 -1 -1 10 -1 7 -1 -1 11 -1 12 -1 13 -1 17 -1 15 -1 -1 -1 -1 -1 -1 -1 8 -1 -1 26 -1 -1 -1 -1 28 -1 -1 -1 -1 30 -1 29 -1 -1 -1 27 -1 -1 23 -1 18 -1 -1 25 -1 -1 -1 -1 -1 -1 -1 -1 -1 -1 24 -1 22 21 20 19 -1 16 -1 
-1 -1 2 3 4 5 6 -1 -1 0 -1 -1 -1 -1 -1 -1 -1 -1 1 9 -1 -1 10 -1 7 -1 -1 11 -1 -1 -1 13 -1 17 -1 15 -1 -1 12 -1 -1 -1 -1 8 -1 -1 26 -1 -1 -1 -1 28 -1 -1 -1 -1 30 -1 29 -1 -1 -1 27 -1 -1 23 -1 18 -1 -1 25 -1 -1 -1 -1 -1 -1 -1 -1 -1 -1 24 -1 22 21 20 19 -1 16 -1 
-1 -1 2 3 4 5 6 -1 -1 0 -1 -1 -1 -1 -1 -1 -1 -1 1 9 -1 -1 10 -1 7 -1 -1 11 -1 -1 -1 13 -1 -1 -1 15 -1 -1 12 -1 -1 -1 -1 8 -1 -1 26 -1 -1 -1 -1 28 17 -1 -1 -1 30 -1 29 -1 -1 -1 27 -1 -1 23 -1 18 -1 -1 25 -1 -1 -1 -1 -1 -1 -1 -1 -1 -1 24 -1 22 21 20 19 -1 16 -1 
-1 -1 2 3 4 5 6 -1 -1 0 -1 -1 -1 -1 -1 -1 -1 -1 1 9 -1 -1 10 -1 7 -1 -1 11 -1 -1 -1 13 -1 -1 -1 15 -1 -1 12 8 -1 -1 -1 -1 -1 -1 26 -1 -1 -1 -1 28 17 -1 -1 -1 30 -1 29 -1 -1 -1 27 -1 -1 23 -1 18 -1 -1 25 -1 -1 -1 -1 -1 -1 -1 -1 -1 -1 24 -1 22 21 20 19 -1 16 -1 
-1 -1 2 3 4 5 6 -1 -1 0 -1 -1 -1 -1 -1 -1 -1 -1 1 9 -1 -1 10 -1 7 -1 -1 11 -1 -1 -1 13 -1 -1 -1 15 -1 -1 12 8 -1 -1 -1 -1 -1 -1 26 -1 -1 -1 -1 28 17 -1 -1 -1 30 -1 29 -1 -1 -1 27 -1 -1 23 -1 18 -1 -1 25 -1 -1 -1 -1 -1 19 -1 -1 -1 -1 24 -1 22 21 20 -1 -1 16 -1 
-1 -1 2 3 4 5 6 -1 -1 -1 -1 -1 -1 -1 0 -1 -1 -1 1 9 -1 -1 10 -1 7 -1 -1 11 -1 -1 -1 13 -1 -1 -1 15 -1 -1 12 8 -1 -1 -1 -1 -1 -1 26 -1 -1 -1 -1 28 17 -1 -1 -1 30 -1 29 -1 -1 -1 27 -1 -1 23 -1 18 -1 -1 25 -1 -1 -1 -1 -1 19 -1 -1 -1 -1 24 -1 22 21 20 -1 -1 16 -1 
-1 -1 2 3 4 5 6 -1 -1 -1 -1 -1 -1 -1 0 -1 -1 -1 1 9 -1 -1 10 -1 7 -1 -1 11 -1 -1 -1 13 -1 -1 -1 15 -1 -1 12 8 -1 -1 -1 -1 -1 -1 26 -1 -1 -1 -1 28 17 -1 -1 -1 30 -1 29 -1 -1 -1 27 -1 -1 23 -1 18 -1 25 -1 -1 -1 -1 -1 -1 19 -1 -1 -1 -1 24 -1 22 21 20 -1 -1 16 -1 
-1 -1 2 3 4 5 6 -1 -1 -1 -1 -1 -1 -1 0 -1 -1 -1 1 -1 9 -1 10 -1 7 -1 -1 11 -1 -1 -1 13 -1 -1 -1 15 -1 -1 12 8 -1 -1 -1 -1 -1 -1 26 -1 -1 -1 -1 28 17 -1 -1 -1 30 -1 29 -1 -1 -1 27 -1 -1 23 -1 18 -1 25 -1 -1 -1 -1 -1 -1 19 -1 -1 -1 -1 24 -1 22 21 20 -1 -1 16 -1 
-1 -1 2 3 4 5 6 -1 -1 -1 -1 -1 -1 -1 0 -1 -1 -1 1 -1 9 -1 10 -1 7 -1 -1 11 -1 -1 -1 13 -1 -1 -1 15 -1 -1 12 8 -1 -1 -1 -1 -1 -1 26 -1 -1 -1 -1 28 17 -1 -1 -1 30 -1 29 -1 -1 -1 27 -1 -1 23 -1 18 -1 25 -1 -1 -1 -1 -1 -1 19 -1 -1 -1 -1 -1 24 22 21 20 -1 -1 16 -1 
-1 -1 2 3 4 5 6 -1 -1 -1 -1 -1 -1 -1 0 -1 -1 -1 1 -1 9 -1 10 -1 7 -1 -1 -1 -1 -1 -1 13 -1 -1 -1 15 11 -1 12 8 -1 -1 -1 -1 -1 -1 26 -1 -1 -1 -1 28 17 -1 -1 -1 30 -1 29 -1 -1 -1 27 -1 -1 23 -1 18 -1 25 -1 -1 -1 -1 -1 -1 19 -1 -1 -1 -1 -1 24 22 21 20 -1 -1 16 -1 
-1 -1 2 3 4 5 6 -1 -1 -1 -1 -1 -1 -1 0 -1 -1 -1 1 26 9 -1 10 -1 7 -1 -1 -1 -1 -1 -1 13 -1 -1 -1 15 11 -1 12 8 -1 -1 -1 -1 -1 -1 -1 -1 -1 -1 -1 28 17 -1 -1 -1 30 -1 29 -1 -1 -1 27 -1 -1 23 -1 18 -1 25 -1 -1 -1 -1 -1 -1 19 -1 -1 -1 -1 -1 24 22 21 20 -1 -1 16 -1 
-1 -1 2 3 4 5 6 -1 -1 -1 -1 -1 -1 -1 -1 -1 -1 -1 1 26 9 -1 10 0 7 -1 -1 -1 -1 -1 -1 13 -1 -1 -1 15 11 -1 12 8 -1 -1 -1 -1 -1 -1 -1 -1 -1 -1 -1 28 17 -1 -1 -1 30 -1 29 -1 -1 -1 27 -1 -1 23 -1 18 -1 25 -1 -1 -1 -1 -1 -1 19 -1 -1 -1 -1 -1 24 22 21 20 -1 -1 16 -1 
-1 -1 2 3 4 5 6 -1 -1 -1 -1 -1 -1 -1 -1 -1 -1 -1 1 26 9 -1 10 0 7 -1 -1 -1 -1 -1 -1 13 -1 17 -1 15 11 -1 12 8 -1 -1 -1 -1 -1 -1 -1 -1 -1 -1 -1 28 -1 -1 -1 -1 30 -1 29 -1 -1 -1 27 -1 -1 23 -1 18 -1 25 -1 -1 -1 -1 -1 -1 19 -1 -1 -1 -1 -1 24 22 21 20 -1 -1 16 -1 
-1 -1 2 3 4 5 6 -1 -1 -1 -1 -1 -1 -1 -1 -1 -1 -1 1 26 9 -1 10 -1 7 -1 -1 -1 -1 -1 -1 13 0 17 -1 15 11 -1 12 8 -1 -1 -1 -1 -1 -1 -1 -1 -1 -1 -1 28 -1 -1 -1 -1 30 -1 29 -1 -1 -1 27 -1 -1 23 -1 18 -1 25 -1 -1 -1 -1 -1 -1 19 -1 -1 -1 -1 -1 24 22 21 20 -1 -1 16 -1 
-1 -1 2 3 4 5 6 -1 -1 -1 -1 -1 -1 -1 -1 -1 -1 -1 1 26 9 -1 10 -1 7 -1 -1 -1 -1 -1 -1 13 0 17 -1 15 11 -1 12 8 -1 -1 -1 -1 -1 -1 -1 -1 -1 -1 -1 28 -1 -1 -1 -1 30 -1 29 -1 -1 -1 27 -1 -1 23 -1 18 -1 25 -1 -1 -1 -1 -1 -1 19 -1 -1 -1 -1 -1 24 22 21 20 16 -1 -1 -1 
-1 -1 2 3 4 5 6 -1 -1 -1 -1 -1 -1 -1 -1 -1 -1 -1 1 26 9 -1 10 -1 7 -1 -1 -1 -1 -1 -1 13 -1 17 -1 15 11 -1 12 8 -1 -1 -1 -1 -1 -1 -1 -1 -1 -1 -1 28 -1 -1 -1 -1 30 -1 29 -1 -1 -1 27 -1 -1 23 -1 18 -1 25 -1 -1 -1 -1 -1 -1 19 -1 -1 -1 -1 -1 24 22 21 20 0 -1 -1 -1 
-1 -1 2 3 4 5 6 -1 -1 -1 -1 -1 -1 -1 -1 -1 -1 -1 1 26 9 -1 10 -1 7 -1 -1 -1 -1 -1 -1 13 -1 17 -1 15 11 -1 12 8 -1 -1 -1 -1 -1 -1 -1 -1 -1 -1 -1 28 -1 -1 -1 -1 30 -1 29 -1 -1 -1 27 -1 -1 23 -1 18 -1 25 -1 -1 -1 -1 -1 -1 -1 -1 -1 -1 -1 -1 24 22 21 20 19 -1 -1 -1 
-1 -1 2 3 4 5 6 -1 -1 -1 -1 -1 -1 -1 -1 -1 -1 7 1 26 9 -1 10 -1 -1 -1 -1 -1 -1 -1 -1 13 -1 17 -1 15 11 -1 12 8 -1 -1 -1 -1 -1 -1 -1 -1 -1 -1 -1 28 -1 -1 -1 -1 30 -1 29 -1 -1 -1 27 -1 -1 23 -1 18 -1 25 -1 -1 -1 -1 -1 -1 -1 -1 -1 -1 -1 -1 24 22 21 20 19 -1 -1 -1 
-1 -1 2 3 4 5 6 -1 -1 -1 -1 -1 -1 -1 -1 -1 -1 7 1 -1 9 -1 26 -1 -1 -1 -1 -1 -1 -1 -1 13 -1 17 -1 15 11 -1 12 8 -1 -1 -1 -1 -1 -1 -1 -1 -1 -1 -1 28 -1 -1 -1 -1 30 -1 29 -1 -1 -1 27 -1 -1 23 -1 18 -1 25 -1 -1 -1 -1 -1 -1 -1 -1 -1 -1 -1 -1 24 22 21 20 19 -1 -1 -1 
-1 -1 2 3 4 5 -1 -1 -1 -1 -1 -1 -1 -1 -1 -1 -1 7 1 -1 9 -1 6 -1 -1 -1 -1 -1 -1 -1 -1 13 -1 17 -1 15 11 -1 12 8 -1 -1 -1 -1 -1 -1 -1 -1 -1 -1 -1 28 -1 -1 -1 -1 30 -1 29 -1 -1 -1 27 -1 -1 23 -1 18 -1 25 -1 -1 -1 -1 -1 -1 -1 -1 -1 -1 -1 -1 24 22 21 20 19 -1 -1 -1 
-1 -1 2 3 4 5 -1 -1 -1 -1 -1 -1 -1 -1 -1 -1 -1 7 1 24 9 -1 6 -1 -1 -1 -1 -1 -1 -1 -1 13 -1 17 -1 15 11 -1 12 8 -1 -1 -1 -1 -1 -1 -1 -1 -1 -1 -1 28 -1 -1 -1 -1 30 -1 29 -1 -1 -1 27 -1 -1 23 -1 18 -1 25 -1 -1 -1 -1 -1 -1 -1 -1 -1 -1 -1 -1 -1 22 21 20 19 -1 -1 -1 
-1 -1 2 3 4 5 -1 -1 -1 -1 -1 -1 -1 -1 -1 -1 -1 7 1 24 -1 9 6 -1 -1 -1 -1 -1 -1 -1 -1 13 -1 17 -1 15 11 -1 12 8 -1 -1 -1 -1 -1 -1 -1 -1 -1 -1 -1 28 -1 -1 -1 -1 30 -1 29 -1 -1 -1 27 -1 -1 23 -1 18 -1 25 -1 -1 -1 -1 -1 -1 -1 -1 -1 -1 -1 -1 -1 22 21 20 19 -1 -1 -1 
-1 -1 2 3 4 5 -1 -1 -1 -1 -1 -1 -1 -1 -1 -1 -1 7 1 24 -1 9 17 -1 -1 -1 -1 -1 -1 -1 -1 13 -1 -1 -1 15 11 -1 12 8 -1 -1 -1 -1 -1 -1 -1 -1 -1 -1 -1 28 -1 -1 -1 -1 30 -1 29 -1 -1 -1 27 -1 -1 23 -1 18 -1 25 -1 -1 -1 -1 -1 -1 -1 -1 -1 -1 -1 -1 -1 22 21 20 19 -1 -1 -1 
-1 -1 -1 3 4 5 -1 -1 -1 -1 -1 -1 -1 -1 -1 -1 -1 7 1 24 -1 9 2 -1 -1 -1 -1 -1 -1 -1 -1 13 -1 -1 -1 15 11 -1 12 8 -1 -1 -1 -1 -1 -1 -1 -1 -1 -1 -1 28 -1 -1 -1 -1 30 -1 29 -1 -1 -1 27 -1 -1 23 -1 18 -1 25 -1 -1 -1 -1 -1 -1 -1 -1 -1 -1 -1 -1 -1 22 21 20 19 -1 -1 -1 
-1 -1 -1 3 4 5 -1 -1 -1 -1 -1 -1 -1 -1 -1 -1 -1 7 24 -1 -1 9 2 -1 -1 -1 -1 -1 -1 -1 -1 13 -1 -1 -1 15 11 -1 12 8 -1 -1 -1 -1 -1 -1 -1 -1 -1 -1 -1 28 -1 -1 -1 -1 30 -1 29 -1 -1 -1 27 -1 -1 23 -1 18 -1 25 -1 -1 -1 -1 -1 -1 -1 -1 -1 -1 -1 -1 -1 22 21 20 19 -1 -1 -1 
-1 -1 -1 3 4 -1 -1 -1 -1 -1 -1 -1 -1 5 -1 -1 -1 7 24 -1 -1 9 2 -1 -1 -1 -1 -1 -1 -1 -1 13 -1 -1 -1 15 11 -1 12 8 -1 -1 -1 -1 -1 -1 -1 -1 -1 -1 -1 28 -1 -1 -1 -1 30 -1 29 -1 -1 -1 27 -1 -1 23 -1 18 -1 25 -1 -1 -1 -1 -1 -1 -1 -1 -1 -1 -1 -1 -1 22 21 20 19 -1 -1 -1 
-1 -1 -1 3 4 -1 -1 -1 -1 -1 -1 -1 -1 5 -1 -1 -1 7 -1 -1 -1 9 2 -1 -1 -1 -1 -1 -1 -1 -1 13 -1 -1 -1 15 24 -1 12 8 -1 -1 -1 -1 -1 -1 -1 -1 -1 -1 -1 28 -1 -1 -1 -1 30 -1 29 -1 -1 -1 27 -1 -1 23 -1 18 -1 25 -1 -1 -1 -1 -1 -1 -1 -1 -1 -1 -1 -1 -1 22 21 20 19 -1 -1 -1 
-1 -1 -1 3 4 -1 -1 -1 -1 -1 -1 -1 -1 5 -1 -1 -1 -1 -1 -1 -1 9 2 -1 -1 -1 -1 -1 -1 -1 -1 13 -1 -1 7 15 24 -1 12 8 -1 -1 -1 -1 -1 -1 -1 -1 -1 -1 -1 28 -1 -1 -1 -1 30 -1 29 -1 -1 -1 27 -1 -1 23 -1 18 -1 25 -1 -1 -1 -1 -1 -1 -1 -1 -1 -1 -1 -1 -1 22 21 20 19 -1 -1 -1 
-1 -1 -1 3 4 -1 -1 -1 -1 -1 -1 -1 -1 5 -1 -1 -1 -1 -1 -1 -1 9 2 -1 -1 -1 -1 -1 -1 -1 -1 13 -1 -1 7 15 24 -1 12 8 -1 -1 -1 -1 -1 -1 -1 30 -1 -1 -1 28 -1 -1 -1 -1 -1 -1 29 -1 -1 -1 27 -1 -1 23 -1 18 -1 25 -1 -1 -1 -1 -1 -1 -1 -1 -1 -1 -1 -1 -1 22 21 20 19 -1 -1 -1 
-1 -1 -1 3 4 -1 -1 -1 -1 -1 -1 -1 -1 5 -1 -1 -1 -1 -1 -1 -1 9 2 -1 -1 -1 -1 -1 -1 -1 -1 13 -1 -1 7 15 24 -1 12 -1 -1 -1 -1 -1 -1 -1 -1 30 -1 -1 -1 28 -1 -1 -1 -1 -1 8 29 -1 -1 -1 27 -1 -1 23 -1 18 -1 25 -1 -1 -1 -1 -1 -1 -1 -1 -1 -1 -1 -1 -1 22 21 20 19 -1 -1 -1 
-1 -1 -1 3 4 -1 -1 -1 -1 -1 -1 -1 -1 5 -1 -1 -1 -1 -1 -1 -1 9 2 -1 -1 -1 -1 -1 -1 -1 -1 13 -1 -1 7 15 24 -1 30 -1 -1 -1 -1 -1 -1 -1 -1 -1 -1 -1 -1 28 -1 -1 -1 -1 -1 8 29 -1 -1 -1 27 -1 -1 23 -1 18 -1 25 -1 -1 -1 -1 -1 -1 -1 -1 -1 -1 -1 -1 -1 22 21 20 19 -1 -1 -1 
-1 -1 -1 3 4 -1 -1 -1 -1 -1 -1 -1 -1 5 -1 -1 -1 -1 -1 -1 -1 9 2 -1 -1 -1 -1 -1 -1 -1 -1 13 -1 -1 7 15 24 -1 30 -1 -1 -1 -1 -1 -1 -1 -1 -1 -1 -1 -1 28 -1 -1 -1 -1 8 -1 29 -1 -1 -1 27 -1 -1 23 -1 18 -1 25 -1 -1 -1 -1 -1 -1 -1 -1 -1 -1 -1 -1 -1 22 21 20 19 -1 -1 -1 
-1 -1 -1 3 4 -1 -1 -1 -1 -1 -1 -1 -1 5 -1 -1 -1 -1 -1 -1 -1 9 2 -1 -1 -1 -1 -1 -1 -1 -1 13 -1 -1 7 15 -1 -1 30 -1 -1 -1 -1 -1 -1 24 -1 -1 -1 -1 -1 28 -1 -1 -1 -1 8 -1 29 -1 -1 -1 27 -1 -1 23 -1 18 -1 25 -1 -1 -1 -1 -1 -1 -1 -1 -1 -1 -1 -1 -1 22 21 20 19 -1 -1 -1 
-1 -1 -1 3 4 -1 -1 -1 -1 -1 -1 -1 -1 5 -1 -1 -1 -1 -1 -1 -1 9 2 -1 -1 -1 -1 -1 -1 -1 -1 13 -1 -1 7 15 -1 -1 8 -1 -1 -1 -1 -1 -1 24 -1 -1 -1 -1 -1 28 -1 -1 -1 -1 -1 -1 29 -1 -1 -1 27 -1 -1 23 -1 18 -1 25 -1 -1 -1 -1 -1 -1 -1 -1 -1 -1 -1 -1 -1 22 21 20 19 -1 -1 -1 
-1 -1 -1 3 4 -1 -1 -1 -1 -1 -1 -1 -1 5 -1 -1 -1 -1 -1 -1 -1 9 2 -1 -1 -1 -1 -1 -1 -1 -1 13 -1 -1 7 15 -1 -1 8 -1 -1 -1 -1 -1 -1 -1 -1 -1 -1 -1 24 28 -1 -1 -1 -1 -1 -1 29 -1 -1 -1 27 -1 -1 23 -1 18 -1 25 -1 -1 -1 -1 -1 -1 -1 -1 -1 -1 -1 -1 -1 22 21 20 19 -1 -1 -1 
-1 -1 -1 3 4 -1 -1 -1 -1 -1 -1 -1 -1 5 -1 -1 -1 -1 -1 -1 -1 -1 2 -1 -1 -1 -1 -1 -1 -1 9 13 -1 -1 7 15 -1 -1 8 -1 -1 -1 -1 -1 -1 -1 -1 -1 -1 -1 24 28 -1 -1 -1 -1 -1 -1 29 -1 -1 -1 27 -1 -1 23 -1 18 -1 25 -1 -1 -1 -1 -1 -1 -1 -1 -1 -1 -1 -1 -1 22 21 20 19 -1 -1 -1 
-1 -1 -1 3 4 -1 -1 -1 -1 -1 -1 -1 -1 5 -1 -1 -1 -1 -1 -1 -1 -1 2 -1 -1 -1 -1 -1 -1 -1 9 13 -1 -1 7 15 -1 -1 8 -1 -1 -1 -1 -1 -1 -1 23 -1 -1 -1 24 28 -1 -1 -1 -1 -1 -1 29 -1 -1 -1 27 -1 -1 -1 -1 18 -1 25 -1 -1 -1 -1 -1 -1 -1 -1 -1 -1 -1 -1 -1 22 21 20 19 -1 -1 -1 
-1 -1 -1 3 4 -1 -1 -1 -1 -1 -1 -1 -1 5 -1 -1 -1 -1 -1 -1 -1 -1 2 -1 -1 -1 -1 -1 -1 -1 9 13 -1 -1 7 15 -1 -1 -1 -1 -1 -1 -1 -1 8 -1 23 -1 -1 -1 24 28 -1 -1 -1 -1 -1 -1 29 -1 -1 -1 27 -1 -1 -1 -1 18 -1 25 -1 -1 -1 -1 -1 -1 -1 -1 -1 -1 -1 -1 -1 22 21 20 19 -1 -1 -1 
-1 -1 -1 3 4 -1 -1 -1 -1 -1 -1 -1 -1 5 -1 -1 -1 -1 -1 -1 -1 -1 2 -1 -1 -1 -1 -1 -1 -1 9 13 -1 -1 7 15 -1 -1 -1 -1 -1 -1 -1 -1 8 -1 23 -1 -1 -1 24 28 -1 -1 -1 -1 -1 -1 29 -1 -1 -1 27 -1 -1 -1 -1 18 -1 25 -1 -1 -1 -1 -1 -1 21 -1 -1 -1 -1 -1 -1 22 -1 20 19 -1 -1 -1 
-1 -1 -1 3 4 -1 -1 -1 -1 -1 -1 -1 -1 5 -1 -1 -1 -1 -1 -1 -1 -1 2 -1 -1 -1 -1 -1 -1 -1 9 13 -1 -1 7 15 -1 -1 -1 -1 -1 -1 -1 -1 -1 -1 23 -1 -1 -1 24 28 -1 -1 -1 -1 -1 -1 29 -1 -1 -1 8 -1 -1 -1 -1 18 -1 25 -1 -1 -1 -1 -1 -1 21 -1 -1 -1 -1 -1 -1 22 -1 20 19 -1 -1 -1 
-1 -1 -1 3 4 -1 -1 -1 -1 -1 -1 -1 -1 5 -1 -1 -1 -1 -1 -1 -1 -1 2 -1 -1 -1 -1 -1 -1 -1 9 13 -1 -1 7 15 -1 -1 -1 -1 -1 -1 -1 -1 -1 -1 23 -1 -1 -1 24 28 -1 -1 -1 -1 -1 -1 29 -1 -1 -1 8 -1 -1 -1 -1 18 -1 25 -1 -1 -1 -1 -1 -1 21 -1 -1 -1 -1 -1 -1 22 -1 16 -1 -1 -1 -1 
-1 -1 -1 3 4 -1 -1 -1 -1 -1 -1 -1 -1 5 -1 -1 -1 -1 -1 -1 -1 -1 2 -1 -1 -1 -1 -1 -1 -1 9 13 -1 -1 -1 15 -1 -1 -1 -1 -1 7 -1 -1 -1 -1 23 -1 -1 -1 24 28 -1 -1 -1 -1 -1 -1 29 -1 -1 -1 8 -1 -1 -1 -1 18 -1 25 -1 -1 -1 -1 -1 -1 21 -1 -1 -1 -1 -1 -1 22 -1 16 -1 -1 -1 -1 
-1 -1 -1 3 4 -1 -1 -1 -1 -1 -1 -1 -1 5 -1 -1 -1 -1 -1 -1 -1 -1 2 -1 -1 -1 -1 -1 -1 -1 9 13 -1 -1 -1 15 -1 -1 -1 23 -1 7 -1 -1 -1 -1 -1 -1 -1 -1 24 28 -1 -1 -1 -1 -1 -1 29 -1 -1 -1 8 -1 -1 -1 -1 18 -1 25 -1 -1 -1 -1 -1 -1 21 -1 -1 -1 -1 -1 -1 22 -1 16 -1 -1 -1 -1 
-1 -1 -1 3 4 -1 -1 -1 -1 -1 -1 -1 -1 5 -1 -1 -1 -1 -1 -1 -1 -1 2 -1 -1 -1 -1 -1 -1 -1 9 13 -1 -1 -1 15 -1 -1 -1 23 -1 -1 -1 -1 -1 -1 -1 -1 -1 -1 24 28 7 -1 -1 -1 -1 -1 29 -1 -1 -1 8 -1 -1 -1 -1 18 -1 25 -1 -1 -1 -1 -1 -1 21 -1 -1 -1 -1 -1 -1 22 -1 16 -1 -1 -1 -1 
-1 -1 -1 3 4 -1 -1 -1 -1 -1 -1 -1 -1 5 -1 -1 -1 -1 -1 -1 -1 -1 2 -1 -1 -1 -1 -1 -1 -1 9 13 -1 -1 -1 15 -1 -1 -1 23 -1 -1 -1 -1 -1 -1 -1 -1 -1 -1 24 28 7 -1 -1 -1 -1 -1 29 -1 -1 -1 8 -1 -1 -1 -1 18 -1 -1 25 -1 -1 -1 -1 -1 21 -1 -1 -1 -1 -1 -1 22 -1 16 -1 -1 -1 -1 
-1 -1 -1 3 4 -1 -1 -1 -1 -1 -1 -1 -1 5 -1 -1 -1 -1 -1 -1 -1 -1 2 -1 -1 -1 -1 -1 -1 -1 9 13 -1 -1 -1 15 -1 -1 -1 23 -1 -1 -1 -1 -1 -1 -1 -1 -1 -1 24 28 7 -1 -1 -1 -1 -1 29 -1 -1 -1 -1 -1 -1 -1 -1 18 -1 -1 25 8 -1 -1 -1 -1 21 -1 -1 -1 -1 -1 -1 22 -1 16 -1 -1 -1 -1 
-1 -1 -1 3 4 -1 -1 -1 -1 -1 -1 -1 -1 5 -1 -1 -1 -1 -1 -1 -1 -1 2 -1 -1 -1 -1 -1 -1 -1 9 13 -1 -1 -1 15 -1 -1 -1 23 -1 -1 -1 -1 -1 -1 -1 -1 -1 -1 24 28 7 -1 -1 -1 -1 -1 29 -1 -1 -1 -1 -1 -1 -1 -1 16 -1 -1 25 8 -1 -1 -1 -1 21 -1 -1 -1 -1 -1 -1 22 -1 -1 -1 -1 -1 -1 
-1 -1 -1 3 4 -1 -1 -1 -1 -1 -1 -1 9 5 -1 -1 -1 -1 -1 -1 -1 -1 2 -1 -1 -1 -1 -1 -1 -1 -1 13 -1 -1 -1 15 -1 -1 -1 23 -1 -1 -1 -1 -1 -1 -1 -1 -1 -1 24 28 7 -1 -1 -1 -1 -1 29 -1 -1 -1 -1 -1 -1 -1 -1 16 -1 -1 25 8 -1 -1 -1 -1 21 -1 -1 -1 -1 -1 -1 22 -1 -1 -1 -1 -1 -1 
-1 -1 -1 3 4 -1 -1 -1 -1 -1 -1 -1 9 5 -1 -1 -1 -1 -1 -1 -1 -1 2 -1 -1 -1 -1 -1 -1 -1 -1 13 -1 -1 -1 15 -1 -1 -1 23 -1 -1 -1 -1 -1 -1 -1 -1 -1 -1 24 28 7 -1 -1 -1 -1 -1 29 -1 -1 -1 -1 -1 -1 -1 -1 16 25 -1 -1 8 -1 -1 -1 -1 21 -1 -1 -1 -1 -1 -1 22 -1 -1 -1 -1 -1 -1 
-1 -1 -1 3 4 -1 -1 -1 -1 -1 -1 -1 9 5 -1 -1 -1 -1 -1 -1 -1 -1 2 -1 -1 -1 -1 -1 -1 -1 -1 13 -1 -1 -1 15 -1 -1 -1 23 -1 -1 -1 -1 8 -1 -1 -1 -1 -1 24 28 7 -1 -1 -1 -1 -1 29 -1 -1 -1 -1 -1 -1 -1 -1 16 25 -1 -1 -1 -1 -1 -1 -1 21 -1 -1 -1 -1 -1 -1 22 -1 -1 -1 -1 -1 -1 
-1 -1 -1 3 4 -1 -1 -1 -1 -1 -1 -1 9 5 -1 -1 -1 -1 -1 -1 -1 -1 23 -1 -1 -1 -1 -1 -1 -1 -1 13 -1 -1 -1 15 -1 -1 -1 -1 -1 -1 -1 -1 8 -1 -1 -1 -1 -1 24 28 7 -1 -1 -1 -1 -1 29 -1 -1 -1 -1 -1 -1 -1 -1 16 25 -1 -1 -1 -1 -1 -1 -1 21 -1 -1 -1 -1 -1 -1 22 -1 -1 -1 -1 -1 -1 
-1 -1 -1 3 4 -1 -1 -1 -1 -1 -1 -1 9 5 -1 -1 -1 -1 -1 -1 -1 -1 23 -1 -1 -1 -1 -1 -1 -1 -1 13 -1 -1 -1 15 -1 -1 -1 -1 -1 -1 -1 -1 8 -1 -1 -1 -1 -1 24 28 -1 -1 -1 -1 -1 -1 29 -1 -1 -1 -1 -1 -1 -1 -1 16 25 -1 -1 7 -1 -1 -1 -1 21 -1 -1 -1 -1 -1 -1 22 -1 -1 -1 -1 -1 -1 
-1 -1 -1 3 4 -1 -1 -1 -1 -1 -1 -1 9 5 -1 -1 -1 -1 -1 -1 -1 -1 23 -1 -1 -1 -1 -1 -1 -1 -1 13 -1 -1 -1 15 -1 -1 -1 -1 -1 -1 -1 -1 8 -1 -1 -1 -1 -1 24 28 -1 -1 -1 -1 -1 -1 29 -1 -1 -1 -1 -1 -1 -1 -1 -1 25 16 -1 7 -1 -1 -1 -1 21 -1 -1 -1 -1 -1 -1 22 -1 -1 -1 -1 -1 -1 
-1 -1 -1 3 4 -1 -1 -1 -1 -1 -1 -1 9 5 -1 -1 -1 -1 -1 -1 -1 -1 23 -1 -1 -1 -1 -1 -1 -1 -1 13 -1 -1 -1 15 -1 -1 -1 -1 -1 -1 -1 -1 8 -1 -1 -1 -1 -1 24 28 -1 -1 -1 -1 -1 -1 29 -1 -1 -1 -1 -1 -1 -1 -1 -1 25 16 -1 -1 -1 -1 -1 -1 21 -1 7 -1 -1 -1 -1 22 -1 -1 -1 -1 -1 -1 
-1 -1 -1 3 4 -1 -1 -1 -1 -1 -1 -1 9 5 -1 -1 -1 -1 -1 -1 -1 -1 23 -1 -1 -1 -1 -1 -1 -1 -1 13 -1 -1 -1 15 -1 -1 -1 -1 -1 -1 -1 -1 8 -1 -1 -1 -1 -1 24 28 -1 -1 -1 -1 -1 -1 29 -1 -1 -1 -1 -1 -1 -1 -1 -1 -1 16 -1 -1 -1 -1 -1 -1 21 25 7 -1 -1 -1 -1 22 -1 -1 -1 -1 -1 -1 
-1 -1 -1 3 4 -1 -1 -1 -1 -1 -1 -1 9 -1 -1 -1 -1 -1 -1 -1 -1 -1 23 5 -1 -1 -1 -1 -1 -1 -1 13 -1 -1 -1 15 -1 -1 -1 -1 -1 -1 -1 -1 8 -1 -1 -1 -1 -1 24 28 -1 -1 -1 -1 -1 -1 29 -1 -1 -1 -1 -1 -1 -1 -1 -1 -1 16 -1 -1 -1 -1 -1 -1 21 25 7 -1 -1 -1 -1 22 -1 -1 -1 -1 -1 -1 
-1 -1 -1 3 4 -1 -1 -1 -1 -1 -1 -1 9 -1 -1 -1 -1 -1 -1 -1 -1 -1 23 5 -1 -1 -1 -1 -1 -1 -1 13 -1 -1 -1 15 -1 -1 -1 -1 -1 -1 28 -1 8 -1 -1 -1 -1 -1 24 -1 -1 -1 -1 -1 -1 -1 29 -1 -1 -1 -1 -1 -1 -1 -1 -1 -1 16 -1 -1 -1 -1 -1 -1 21 25 7 -1 -1 -1 -1 22 -1 -1 -1 -1 -1 -1 
-1 -1 -1 3 4 -1 -1 -1 -1 -1 -1 -1 9 -1 -1 -1 -1 -1 -1 -1 -1 -1 23 5 -1 -1 -1 -1 -1 -1 -1 13 -1 -1 -1 15 -1 -1 -1 -1 -1 -1 28 -1 8 -1 -1 -1 -1 -1 24 -1 -1 -1 -1 -1 -1 -1 29 -1 -1 7 -1 -1 -1 -1 -1 -1 -1 16 -1 -1 -1 -1 -1 -1 21 25 -1 -1 -1 -1 -1 22 -1 -1 -1 -1 -1 -1 
-1 -1 -1 3 4 -1 -1 -1 -1 -1 -1 -1 9 -1 -1 -1 -1 -1 -1 -1 -1 -1 23 5 -1 -1 -1 -1 -1 -1 -1 13 -1 -1 -1 15 -1 -1 -1 -1 -1 28 -1 -1 8 -1 -1 -1 -1 -1 24 -1 -1 -1 -1 -1 -1 -1 29 -1 -1 7 -1 -1 -1 -1 -1 -1 -1 16 -1 -1 -1 -1 -1 -1 21 25 -1 -1 -1 -1 -1 22 -1 -1 -1 -1 -1 -1 
-1 -1 -1 3 -1 -1 -1 -1 -1 -1 -1 -1 9 4 -1 -1 -1 -1 -1 -1 -1 -1 23 5 -1 -1 -1 -1 -1 -1 -1 13 -1 -1 -1 15 -1 -1 -1 -1 -1 28 -1 -1 8 -1 -1 -1 -1 -1 24 -1 -1 -1 -1 -1 -1 -1 29 -1 -1 7 -1 -1 -1 -1 -1 -1 -1 16 -1 -1 -1 -1 -1 -1 21 25 -1 -1 -1 -1 -1 22 -1 -1 -1 -1 -1 -1 
-1 -1 -1 3 -1 -1 -1 -1 -1 -1 -1 -1 9 4 -1 -1 -1 -1 -1 -1 -1 -1 -1 5 -1 -1 -1 -1 -1 17 -1 13 -1 -1 -1 15 -1 -1 -1 -1 -1 28 -1 -1 8 -1 -1 -1 -1 -1 24 -1 -1 -1 -1 -1 -1 -1 29 -1 -1 7 -1 -1 -1 -1 -1 -1 -1 16 -1 -1 -1 -1 -1 -1 21 25 -1 -1 -1 -1 -1 22 -1 -1 -1 -1 -1 -1 
-1 -1 -1 3 -1 -1 -1 -1 -1 -1 -1 -1 9 4 -1 -1 -1 -1 -1 -1 -1 -1 -1 5 -1 -1 -1 -1 -1 17 -1 13 -1 -1 -1 15 -1 -1 -1 -1 -1 8 -1 -1 -1 -1 -1 -1 -1 -1 24 -1 -1 -1 -1 -1 -1 -1 29 -1 -1 7 -1 -1 -1 -1 -1 -1 -1 16 -1 -1 -1 -1 -1 -1 21 25 -1 -1 -1 -1 -1 22 -1 -1 -1 -1 -1 -1 
-1 -1 -1 3 -1 -1 -1 -1 -1 -1 -1 -1 9 4 -1 -1 -1 -1 -1 -1 -1 -1 -1 5 -1 -1 -1 -1 -1 17 -1 13 -1 -1 -1 15 -1 -1 -1 -1 -1 8 -1 -1 -1 -1 -1 -1 -1 -1 24 -1 -1 -1 -1 -1 -1 -1 29 -1 -1 7 -1 -1 -1 -1 -1 16 -1 -1 -1 -1 -1 -1 -1 -1 21 25 -1 -1 -1 -1 -1 22 -1 -1 -1 -1 -1 -1 
-1 -1 -1 3 -1 -1 -1 -1 -1 -1 -1 -1 9 -1 4 -1 -1 -1 -1 -1 -1 -1 -1 5 -1 -1 -1 -1 -1 17 -1 13 -1 -1 -1 15 -1 -1 -1 -1 -1 8 -1 -1 -1 -1 -1 -1 -1 -1 24 -1 -1 -1 -1 -1 -1 -1 29 -1 -1 7 -1 -1 -1 -1 -1 16 -1 -1 -1 -1 -1 -1 -1 -1 21 25 -1 -1 -1 -1 -1 22 -1 -1 -1 -1 -1 -1 
-1 -1 -1 3 -1 -1 -1 -1 -1 -1 -1 -1 17 -1 4 -1 -1 -1 -1 -1 -1 -1 -1 5 -1 -1 -1 -1 -1 -1 -1 13 -1 -1 -1 15 -1 -1 -1 -1 -1 8 -1 -1 -1 -1 -1 -1 -1 -1 24 -1 -1 -1 -1 -1 -1 -1 29 -1 -1 7 -1 -1 -1 -1 -1 16 -1 -1 -1 -1 -1 -1 -1 -1 21 25 -1 -1 -1 -1 -1 22 -1 -1 -1 -1 -1 -1 
