0 1 2 3 4 5 6 7 8 -1 -1 -1 -1 -1 -1 -1 -1 -1 -1 9 -1 -1 -1 -1 -1 10 -1 11 -1 12 -1 13 -1 14 -1 15 -1 -1 -1 -1 -1 -1 -1 -1 -1 -1 -1 -1 -1 -1 -1 -1 -1 -1 -1 -1 30 -1 29 -1 28 -1 27 -1 26 -1 -1 18 -1 -1 25 -1 -1 -1 -1 -1 -1 -1 -1 -1 -1 24 23 22 21 20 19 -1 17 16 
0 1 2 3 4 5 6 7 8 -1 -1 -1 -1 -1 -1 -1 -1 -1 -1 9 -1 10 -1 -1 -1 -1 -1 11 -1 12 -1 13 -1 14 -1 15 -1 -1 -1 -1 -1 -1 -1 -1 -1 -1 -1 -1 -1 -1 -1 -1 -1 -1 -1 -1 30 -1 29 -1 28 -1 27 -1 26 -1 -1 18 -1 -1 25 -1 -1 -1 -1 -1 -1 -1 -1 -1 -1 24 23 22 21 20 19 -1 17 16 
0 1 2 3 4 5 6 7 8 -1 -1 -1 -1 -1 -1 -1 -1 -1 -1 9 -1 10 -1 -1 -1 -1 -1 11 -1 12 -1 13 -1 14 -1 15 -1 -1 -1 -1 -1 -1 -1 -1 -1 -1 -1 -1 -1 -1 -1 -1 -1 -1 -1 -1 30 -1 29 -1 28 -1 27 -1 26 -1 -1 18 -1 17 25 -1 -1 -1 -1 -1 -1 -1 -1 -1 -1 24 23 22 21 20 19 -1 -1 16 
0 1 2 3 4 5 6 -1 8 -1 -1 -1 -1 -1 -1 -1 -1 -1 -1 9 -1 10 -1 -1 7 -1 -1 11 -1 12 -1 13 -1 14 -1 15 -1 -1 -1 -1 -1 -1 -1 -1 -1 -1 -1 -1 -1 -1 -1 -1 -1 -1 -1 -1 30 -1 29 -1 28 -1 27 -1 26 -1 -1 18 -1 17 25 -1 -1 -1 -1 -1 -1 -1 -1 -1 -1 24 23 22 21 20 19 -1 -1 16 
0 1 2 3 4 5 6 -1 8 -1 -1 -1 -1 -1 -1 -1 -1 -1 -1 9 -1 10 -1 -1 7 -1 -1 11 -1 12 -1 13 -1 14 -1 15 -1 -1 -1 -1 -1 -1 -1 -1 -1 -1 -1 -1 -1 -1 -1 -1 -1 -1 -1 -1 30 -1 29 -1 28 -1 27 -1 26 -1 -1 18 -1 17 25 -1 -1 -1 -1 -1 -1 -1 -1 -1 -1 24 23 22 21 20 19 -1 16 -1 
0 -1 2 3 4 5 6 -1 8 -1 -1 -1 -1 -1 -1 -1 -1 -1 1 9 -1 10 -1 -1 7 -1 -1 11 -1 12 -1 13 -1 14 -1 15 -1 -1 -1 -1 -1 -1 -1 -1 -1 -1 -1 -1 -1 -1 -1 -1 -1 -1 -1 -1 30 -1 29 -1 28 -1 27 -1 26 -1 -1 18 -1 17 25 -1 -1 -1 -1 -1 -1 -1 -1 -1 -1 24 23 22 21 20 19 -1 16 -1 
0 -1 2 3 4 5 6 -1 8 -1 -1 -1 -1 -1 -1 -1 -1 -1 1 9 -1 10 -1 -1 7 -1 -1 11 -1 12 -1 13 -1 14 -1 15 -1 -1 -1 -1 -1 -1 -1 -1 -1 -1 -1 -1 -1 -1 -1 28 -1 -1 -1 -1 30 -1 29 -1 -1 -1 27 -1 26 -1 -1 18 -1 17 25 -1 -1 -1 -1 -1 -1 -1 -1 -1 -1 24 23 22 21 20 19 -1 16 -1 
0 -1 2 3 4 5 6 -1 8 -1 -1 -1 -1 -1 -1 -1 -1 -1 1 -1 9 10 -1 -1 7 -1 -1 11 -1 12 -1 13 -1 14 -1 15 -1 -1 -1 -1 -1 -1 -1 -1 -1 -1 -1 -1 -1 -1 -1 28 -1 -1 -1 -1 30 -1 29 -1 -1 -1 27 -1 26 -1 -1 18 -1 17 25 -1 -1 -1 -1 -1 -1 -1 -1 -1 -1 24 23 22 21 20 19 -1 16 -1 
0 -1 2 3 4 5 6 -1 8 -1 -1 -1 -1 -1 -1 -1 -1 -1 1 -1 9 10 -1 -1 7 -1 -1 11 -1 12 -1 13 -1 14 -1 15 -1 -1 -1 -1 -1 -1 -1 -1 -1 -1 -1 -1 -1 -1 -1 28 -1 -1 -1 -1 30 -1 29 -1 -1 -1 27 23 26 -1 -1 18 -1 17 25 -1 -1 -1 -1 -1 -1 -1 -1 -1 -1 24 -1 22 21 20 19 -1 16 -1 
-1 0 2 3 4 5 6 -1 8 -1 -1 -1 -1 -1 -1 -1 -1 -1 1 -1 9 10 -1 -1 7 -1 -1 11 -1 12 -1 13 -1 14 -1 15 -1 -1 -1 -1 -1 -1 -1 -1 -1 -1 -1 -1 -1 -1 -1 28 -1 -1 -1 -1 30 -1 29 -1 -1 -1 27 23 26 -1 -1 18 -1 17 25 -1 -1 -1 -1 -1 -1 -1 -1 -1 -1 24 -1 22 21 20 19 -1 16 -1 
-1 0 2 3 4 5 6 -1 8 -1 -1 -1 -1 -1 -1 -1 -1 -1 1 -1 9 10 -1 -1 7 -1 -1 11 -1 12 -1 13 -1 14 -1 15 -1 -1 -1 -1 -1 -1 -1 -1 -1 -1 -1 -1 -1 -1 -1 28 -1 -1 -1 -1 30 -1 29 -1 -1 -1 27 23 26 -1 -1 18 -1 17 25 -1 -1 -1 -1 -1 -1 -1 -1 -1 -1 -1 24 22 21 20 19 -1 16 -1 
-1 -1 2 3 4 5 6 -1 8 -1 -1 -1 -1 -1 -1 -1 -1 -1 1 -1 9 10 -1 -1 7 -1 -1 11 -1 12 -1 13 -1 14 -1 15 -1 0 -1 -1 -1 -1 -1 -1 -1 -1 -1 -1 -1 -1 -1 28 -1 -1 -1 -1 30 -1 29 -1 -1 -1 27 23 26 -1 -1 18 -1 17 25 -1 -1 -1 -1 -1 -1 -1 -1 -1 -1 -1 24 22 21 20 19 -1 16 -1 
-1 -1 2 3 4 5 6 -1 8 -1 -1 -1 -1 -1 -1 -1 -1 -1 1 -1 9 10 -1 -1 7 -1 -1 11 -1 12 -1 13 -1 14 -1 15 -1 0 -1 -1 -1 -1 -1 -1 -1 -1 -1 -1 -1 -1 -1 28 -1 -1 -1 -1 30 -1 29 -1 -1 -1 27 23 -1 -1 26 18 -1 17 25 -1 -1 -1 -1 -1 -1 -1 -1 -1 -1 -1 24 22 21 20 19 -1 16 -1 
-1 -1 2 3 4 5 6 -1 8 -1 -1 -1 -1 -1 -1 -1 -1 -1 1 -1 9 10 -1 -1 7 -1 -1 11 -1 12 -1 13 -1 14 -1 15 -1 -1 -1 -1 -1 0 -1 -1 -1 -1 -1 -1 -1 -1 -1 28 -1 -1 -1 -1 30 -1 29 -1 -1 -1 27 23 -1 -1 26 18 -1 17 25 -1 -1 -1 -1 -1 -1 -1 -1 -1 -1 -1 24 22 21 20 19 -1 16 -1 
-1 -1 2 3 4 5 6 -1 8 -1 -1 -1 -1 -1 -1 -1 -1 -1 1 -1 9 10 -1 -1 7 -1 -1 11 -1 12 -1 13 -1 14 -1 15 -1 -1 -1 -1 -1 0 -1 -1 -1 31 -1 -1 -1 -1 -1 28 -1 -1 -1 -1 30 -1 29 -1 -1 -1 27 23 -1 -1 26 18 -1 17 25 -1 -1 -1 -1 -1 -1 -1 -1 -1 -1 -1 24 22 21 20 19 -1 16 -1 
-1 -1 2 3 4 5 -1 -1 8 -1 -1 -1 -1 -1 -1 -1 -1 -1 1 -1 9 10 6 -1 7 -1 -1 11 -1 12 -1 13 -1 14 -1 15 -1 -1 -1 -1 -1 0 -1 -1 -1 31 -1 -1 -1 -1 -1 28 -1 -1 -1 -1 30 -1 29 -1 -1 -1 27 23 -1 -1 26 18 -1 17 25 -1 -1 -1 -1 -1 -1 -1 -1 -1 -1 -1 24 22 21 20 19 -1 16 -1 
-1 -1 2 3 4 5 -1 -1 8 -1 -1 -1 -1 -1 -1 -1 -1 -1 1 -1 9 10 6 -1 7 -1 -1 11 -1 12 -1 13 -1 14 -1 15 -1 -1 -1 -1 -1 0 -1 -1 -1 31 24 -1 -1 -1 -1 28 -1 -1 -1 -1 30 -1 29 -1 -1 -1 27 23 -1 -1 26 18 -1 17 25 -1 -1 -1 -1 -1 -1 -1 -1 -1 -1 -1 -1 22 21 20 19 -1 16 -1 
-1 -1 2 3 4 5 -1 8 -1 -1 -1 -1 -1 -1 -1 -1 -1 -1 1 -1 9 10 6 -1 7 -1 -1 11 -1 12 -1 13 -1 14 -1 15 -1 -1 -1 -1 -1 0 -1 -1 -1 31 24 -1 -1 -1 -1 28 -1 -1 -1 -1 30 -1 29 -1 -1 -1 27 23 -1 -1 26 18 -1 17 25 -1 -1 -1 -1 -1 -1 -1 -1 -1 -1 -1 -1 22 21 20 19 -1 16 -1 
-1 -1 2 3 4 5 -1 8 -1 -1 -1 -1 -1 -1 -1 -1 -1 -1 1 -1 9 10 6 -1 7 -1 -1 11 -1 12 -1 13 -1 14 -1 15 -1 -1 -1 -1 -1 0 -1 -1 -1 31 24 -1 -1 -1 -1 28 -1 -1 -1 -1 30 -1 29 -1 -1 -1 27 23 -1 -1 26 18 -1 17 25 -1 -1 -1 -1 -1 19 -1 -1 -1 -1 -1 -1 22 21 20 -1 -1 16 -1 
-1 -1 2 3 4 -1 -1 8 -1 -1 -1 -1 -1 5 -1 -1 -1 -1 1 -1 9 10 6 -1 7 -1 -1 11 -1 12 -1 13 -1 14 -1 15 -1 -1 -1 -1 -1 0 -1 -1 -1 31 24 -1 -1 -1 -1 28 -1 -1 -1 -1 30 -1 29 -1 -1 -1 27 23 -1 -1 26 18 -1 17 25 -1 -1 -1 -1 -1 19 -1 -1 -1 -1 -1 -1 22 21 20 -1 -1 16 -1 
-1 -1 2 3 4 -1 -1 8 -1 -1 -1 -1 -1 5 -1 -1 -1 -1 1 -1 9 10 6 -1 7 -1 -1 11 -1 12 -1 13 -1 14 -1 15 -1 -1 -1 -1 -1 0 -1 -1 -1 31 -1 -1 -1 -1 24 28 -1 -1 -1 -1 30 -1 29 -1 -1 -1 27 23 -1 -1 26 18 -1 17 25 -1 -1 -1 -1 -1 19 -1 -1 -1 -1 -1 -1 22 21 20 -1 -1 16 -1 
-1 -1 2 3 4 -1 -1 8 -1 -1 -1 -1 -1 5 -1 -1 -1 -1 1 -1 9 10 6 -1 7 -1 -1 11 -1 12 -1 13 -1 14 -1 15 -1 0 -1 -1 -1 -1 -1 -1 -1 31 -1 -1 -1 -1 24 28 -1 -1 -1 -1 30 -1 29 -1 -1 -1 27 23 -1 -1 26 18 -1 17 25 -1 -1 -1 -1 -1 19 -1 -1 -1 -1 -1 -1 22 21 20 -1 -1 16 -1 
-1 -1 2 3 4 -1 -1 8 -1 -1 -1 -1 -1 5 -1 -1 -1 -1 1 -1 9 10 6 -1 7 -1 -1 11 -1 12 26 13 -1 14 -1 15 -1 0 -1 -1 -1 -1 -1 -1 -1 31 -1 -1 -1 -1 24 28 -1 -1 -1 -1 30 -1 29 -1 -1 -1 27 23 -1 -1 -1 18 -1 17 25 -1 -1 -1 -1 -1 19 -1 -1 -1 -1 -1 -1 22 21 20 -1 -1 16 -1 
-1 -1 2 3 4 -1 -1 8 -1 -1 -1 -1 -1 5 -1 -1 -1 -1 1 -1 9 10 6 -1 7 -1 -1 -1 -1 12 26 13 -1 14 -1 15 11 0 -1 -1 -1 -1 -1 -1 -1 31 -1 -1 -1 -1 24 28 -1 -1 -1 -1 30 -1 29 -1 -1 -1 27 23 -1 -1 -1 18 -1 17 25 -1 -1 -1 -1 -1 19 -1 -1 -1 -1 -1 -1 22 21 20 -1 -1 16 -1 
-1 -1 2 3 4 -1 -1 8 -1 -1 -1 -1 -1 5 -1 -1 -1 -1 1 -1 9 10 6 -1 7 -1 -1 -1 -1 12 26 13 -1 14 -1 15 31 0 -1 -1 -1 -1 -1 -1 -1 -1 -1 -1 -1 -1 24 28 -1 -1 -1 -1 30 -1 29 -1 -1 -1 27 23 -1 -1 -1 18 -1 17 25 -1 -1 -1 -1 -1 19 -1 -1 -1 -1 -1 -1 22 21 20 -1 -1 16 -1 
-1 -1 2 3 4 -1 -1 8 -1 -1 -1 -1 -1 5 -1 -1 -1 -1 1 -1 9 10 6 -1 7 -1 -1 -1 -1 12 26 13 -1 14 -1 15 0 -1 -1 -1 -1 -1 -1 -1 -1 -1 -1 -1 -1 -1 24 28 -1 -1 -1 -1 30 -1 29 -1 -1 -1 27 23 -1 -1 -1 18 -1 17 25 -1 -1 -1 -1 -1 19 -1 -1 -1 -1 -1 -1 22 21 20 -1 -1 16 -1 
-1 -1 2 3 4 -1 -1 8 -1 -1 -1 -1 -1 5 -1 -1 -1 -1 1 -1 9 10 6 -1 7 -1 -1 -1 -1 12 -1 13 -1 26 -1 15 0 -1 -1 -1 -1 -1 -1 -1 -1 -1 -1 -1 -1 -1 24 28 -1 -1 -1 -1 30 -1 29 -1 -1 -1 27 23 -1 -1 -1 18 -1 17 25 -1 -1 -1 -1 -1 19 -1 -1 -1 -1 -1 -1 22 21 20 -1 -1 16 -1 
-1 -1 2 3 4 -1 -1 8 -1 -1 -1 -1 -1 5 -1 -1 -1 -1 1 9 -1 10 6 -1 7 -1 -1 -1 -1 12 -1 13 -1 26 -1 15 0 -1 -1 -1 -1 -1 -1 -1 -1 -1 -1 -1 -1 -1 24 28 -1 -1 -1 -1 30 -1 29 -1 -1 -1 27 23 -1 -1 -1 18 -1 17 25 -1 -1 -1 -1 -1 19 -1 -1 -1 -1 -1 -1 22 21 20 -1 -1 16 -1 
-1 -1 2 3 4 -1 -1 8 -1 -1 -1 -1 -1 5 -1 -1 -1 -1 1 9 -1 10 6 -1 7 -1 -1 -1 -1 12 -1 13 -1 26 -1 15 0 -1 -1 -1 -1 -1 -1 -1 -1 -1 23 -1 -1 -1 24 28 -1 -1 -1 -1 30 -1 29 -1 -1 -1 27 -1 -1 -1 -1 18 -1 17 25 -1 -1 -1 -1 -1 19 -1 -1 -1 -1 -1 -1 22 21 20 -1 -1 16 -1 
-1 -1 2 3 4 -1 -1 8 -1 -1 -1 -1 -1 5 -1 -1 -1 -1 1 9 -1 10 6 -1 7 -1 -1 -1 -1 12 -1 13 -1 26 -1 15 -1 0 -1 -1 -1 -1 -1 -1 -1 -1 23 -1 -1 -1 24 28 -1 -1 -1 -1 30 -1 29 -1 -1 -1 27 -1 -1 -1 -1 18 -1 17 25 -1 -1 -1 -1 -1 19 -1 -1 -1 -1 -1 -1 22 21 20 -1 -1 16 -1 
-1 -1 2 3 4 -1 -1 8 -1 -1 -1 -1 -1 5 -1 -1 -1 -1 1 9 -1 10 6 -1 7 -1 -1 -1 -1 12 -1 13 -1 26 -1 15 -1 0 -1 -1 -1 -1 -1 -1 -1 -1 -1 -1 -1 -1 24 28 -1 -1 -1 -1 30 -1 29 -1 -1 -1 27 -1 -1 23 -1 18 -1 17 25 -1 -1 -1 -1 -1 19 -1 -1 -1 -1 -1 -1 22 21 20 -1 -1 16 -1 
-1 -1 2 3 4 -1 -1 8 -1 -1 -1 -1 -1 5 -1 -1 -1 -1 1 -1 9 10 6 -1 7 -1 -1 -1 -1 12 -1 13 -1 26 -1 15 -1 0 -1 -1 -1 -1 -1 -1 -1 -1 -1 -1 -1 -1 24 28 -1 -1 -1 -1 30 -1 29 -1 -1 -1 27 -1 -1 23 -1 18 -1 17 25 -1 -1 -1 -1 -1 19 -1 -1 -1 -1 -1 -1 22 21 20 -1 -1 16 -1 
-1 -1 2 3 4 -1 -1 8 -1 -1 -1 -1 -1 5 -1 -1 -1 -1 1 -1 9 10 6 -1 7 -1 -1 -1 -1 12 -1 13 -1 26 -1 15 -1 0 -1 -1 -1 -1 -1 -1 -1 -1 -1 30 -1 -1 24 28 -1 -1 -1 -1 -1 -1 29 -1 -1 -1 27 -1 -1 23 -1 18 -1 17 25 -1 -1 -1 -1 -1 19 -1 -1 -1 -1 -1 -1 22 21 20 -1 -1 16 -1 
-1 -1 2 3 4 -1 -1 8 -1 -1 -1 -1 -1 5 -1 -1 -1 -1 1 -1 9 10 6 -1 7 -1 -1 -1 -1 -1 -1 13 -1 26 -1 15 -1 0 12 -1 -1 -1 -1 -1 -1 -1 -1 30 -1 -1 24 28 -1 -1 -1 -1 -1 -1 29 -1 -1 -1 27 -1 -1 23 -1 18 -1 17 25 -1 -1 -1 -1 -1 19 -1 -1 -1 -1 -1 -1 22 21 20 -1 -1 16 -1 
-1 -1 2 3 4 -1 -1 8 -1 -1 -1 -1 -1 5 -1 -1 -1 -1 1 -1 9 10 6 -1 7 -1 -1 -1 -1 -1 -1 13 -1 26 -1 15 -1 0 30 -1 -1 -1 -1 -1 -1 -1 -1 -1 -1 -1 24 28 -1 -1 -1 -1 -1 -1 29 -1 -1 -1 27 -1 -1 23 -1 18 -1 17 25 -1 -1 -1 -1 -1 19 -1 -1 -1 -1 -1 -1 22 21 20 -1 -1 16 -1 
-1 -1 2 3 4 -1 -1 8 -1 -1 -1 -1 -1 5 -1 -1 -1 -1 1 -1 9 10 6 -1 7 -1 -1 -1 -1 -1 -1 13 -1 26 -1 15 -1 -1 0 -1 -1 -1 -1 -1 -1 -1 -1 -1 -1 -1 24 28 -1 -1 -1 -1 -1 -1 29 -1 -1 -1 27 -1 -1 23 -1 18 -1 17 25 -1 -1 -1 -1 -1 19 -1 -1 -1 -1 -1 -1 22 21 20 -1 -1 16 -1 
-1 -1 2 3 4 -1 -1 8 -1 -1 -1 -1 -1 5 -1 -1 -1 -1 1 -1 9 10 6 -1 7 -1 -1 -1 -1 -1 -1 13 -1 26 -1 15 -1 -1 0 -1 -1 -1 -1 -1 -1 -1 -1 -1 23 -1 24 28 -1 -1 -1 -1 -1 -1 29 -1 -1 -1 27 -1 -1 -1 -1 18 -1 17 25 -1 -1 -1 -1 -1 19 -1 -1 -1 -1 -1 -1 22 21 20 -1 -1 16 -1 
-1 -1 2 3 4 -1 -1 8 -1 -1 -1 -1 -1 5 -1 -1 -1 -1 -1 -1 9 10 6 -1 7 -1 -1 -1 -1 -1 -1 13 -1 26 -1 15 -1 1 0 -1 -1 -1 -1 -1 -1 -1 -1 -1 23 -1 24 28 -1 -1 -1 -1 -1 -1 29 -1 -1 -1 27 -1 -1 -1 -1 18 -1 17 25 -1 -1 -1 -1 -1 19 -1 -1 -1 -1 -1 -1 22 21 20 -1 -1 16 -1 
-1 -1 2 3 4 -1 -1 8 -1 -1 -1 -1 -1 5 -1 -1 -1 -1 -1 -1 9 10 6 -1 7 -1 -1 -1 -1 -1 -1 13 -1 26 -1 15 -1 1 0 -1 -1 -1 -1 -1 -1 -1 -1 -1 23 -1 24 28 -1 -1 -1 -1 -1 -1 29 -1 -1 25 27 -1 -1 -1 -1 18 -1 17 -1 -1 -1 -1 -1 -1 19 -1 -1 -1 -1 -1 -1 22 21 20 -1 -1 16 -1 
-1 -1 2 3 4 -1 -1 8 -1 -1 -1 9 -1 5 -1 -1 -1 -1 -1 -1 -1 10 6 -1 7 -1 -1 -1 -1 -1 -1 13 -1 26 -1 15 -1 1 0 -1 -1 -1 -1 -1 -1 -1 -1 -1 23 -1 24 28 -1 -1 -1 -1 -1 -1 29 -1 -1 25 27 -1 -1 -1 -1 18 -1 17 -1 -1 -1 -1 -1 -1 19 -1 -1 -1 -1 -1 -1 22 21 20 -1 -1 16 -1 
-1 -1 2 3 4 -1 -1 8 -1 -1 -1 9 -1 5 -1 -1 -1 -1 -1 -1 -1 10 6 -1 7 -1 -1 -1 -1 -1 -1 13 -1 26 -1 15 -1 1 0 -1 -1 23 -1 -1 -1 -1 -1 -1 -1 -1 24 28 -1 -1 -1 -1 -1 -1 29 -1 -1 25 27 -1 -1 -1 -1 18 -1 17 -1 -1 -1 -1 -1 -1 19 -1 -1 -1 -1 -1 -1 22 21 20 -1 -1 16 -1 
-1 -1 2 3 4 -1 -1 -1 -1 -1 -1 9 -1 5 -1 -1 -1 -1 -1 -1 -1 10 6 -1 7 -1 -1 -1 -1 -1 -1 13 -1 26 -1 15 -1 1 0 -1 -1 23 -1 8 -1 -1 -1 -1 -1 -1 24 28 -1 -1 -1 -1 -1 -1 29 -1 -1 25 27 -1 -1 -1 -1 18 -1 17 -1 -1 -1 -1 -1 -1 19 -1 -1 -1 -1 -1 -1 22 21 20 -1 -1 16 -1 
-1 -1 2 3 4 -1 -1 -1 -1 -1 -1 9 -1 5 -1 -1 -1 -1 -1 -1 -1 10 6 -1 7 -1 -1 -1 -1 -1 -1 13 -1 26 -1 15 -1 1 0 -1 -1 23 -1 8 -1 -1 -1 -1 -1 -1 24 28 -1 -1 -1 -1 -1 -1 29 25 -1 -1 27 -1 -1 -1 -1 18 -1 17 -1 -1 -1 -1 -1 -1 19 -1 -1 -1 -1 -1 -1 22 21 20 -1 -1 16 -1 
-1 -1 2 3 4 -1 -1 -1 -1 -1 -1 9 -1 5 -1 -1 -1 -1 -1 -1 10 -1 6 -1 7 -1 -1 -1 -1 -1 -1 13 -1 26 -1 15 -1 1 0 -1 -1 23 -1 8 -1 -1 -1 -1 -1 -1 24 28 -1 -1 -1 -1 -1 -1 29 25 -1 -1 27 -1 -1 -1 -1 18 -1 17 -1 -1 -1 -1 -1 -1 19 -1 -1 -1 -1 -1 -1 22 21 20 -1 -1 16 -1 
-1 -1 2 3 4 -1 -1 -1 -1 -1 -1 9 -1 5 -1 -1 -1 -1 -1 -1 10 -1 6 -1 7 -1 -1 -1 -1 -1 -1 13 -1 26 -1 15 -1 1 0 -1 -1 23 -1 8 -1 -1 -1 -1 -1 -1 24 28 -1 -1 -1 -1 -1 -1 29 25 -1 -1 27 22 -1 -1 -1 18 -1 17 -1 -1 -1 -1 -1 -1 19 -1 -1 -1 -1 -1 -1 -1 21 20 -1 -1 16 -1 
-1 -1 2 3 4 -1 -1 -1 -1 -1 -1 9 -1 5 -1 -1 -1 -1 -1 -1 10 -1 6 -1 7 -1 -1 -1 -1 -1 -1 13 -1 26 -1 15 -1 1 0 -1 -1 23 -1 -1 -1 -1 -1 -1 -1 -1 24 28 -1 -1 -1 -1 -1 -1 29 25 -1 -1 27 22 -1 -1 -1 18 -1 17 -1 -1 -1 -1 -1 -1 19 -1 -1 -1 -1 -1 -1 -1 21 20 -1 -1 8 -1 
-1 -1 2 3 4 -1 -1 -1 -1 -1 -1 9 -1 5 -1 -1 -1 -1 -1 -1 10 -1 6 -1 7 -1 -1 -1 -1 -1 -1 13 -1 26 -1 15 -1 1 0 -1 -1 23 -1 -1 -1 -1 -1 -1 -1 -1 24 28 -1 -1 -1 -1 -1 -1 29 25 -1 -1 27 22 -1 -1 -1 18 -1 -1 -1 -1 -1 -1 -1 -1 19 -1 -1 -1 -1 -1 -1 -1 21 20 -1 -1 17 -1 
-1 -1 2 3 4 -1 -1 -1 -1 -1 -1 9 -1 5 -1 -1 -1 -1 -1 -1 10 -1 6 -1 7 -1 -1 -1 -1 -1 -1 13 -1 26 -1 15 -1 1 -1 -1 -1 23 -1 -1 -1 -1 -1 -1 -1 -1 24 28 -1 -1 -1 -1 -1 -1 29 25 -1 -1 27 22 -1 0 -1 18 -1 -1 -1 -1 -1 -1 -1 -1 19 -1 -1 -1 -1 -1 -1 -1 21 20 -1 -1 17 -1 
-1 -1 2 3 4 -1 -1 -1 -1 -1 -1 9 -1 5 -1 -1 -1 -1 -1 -1 10 -1 6 -1 7 -1 -1 -1 -1 -1 -1 13 -1 26 -1 15 -1 1 -1 -1 -1 23 -1 -1 -1 -1 24 -1 -1 -1 -1 28 -1 -1 -1 -1 -1 -1 29 25 -1 -1 27 22 -1 0 -1 18 -1 -1 -1 -1 -1 -1 -1 -1 19 -1 -1 -1 -1 -1 -1 -1 21 20 -1 -1 17 -1 
-1 -1 2 3 4 -1 -1 -1 -1 -1 -1 9 -1 5 -1 -1 -1 -1 -1 -1 10 -1 6 -1 7 -1 -1 -1 -1 -1 -1 13 -1 26 -1 15 -1 1 -1 -1 -1 23 -1 -1 -1 -1 24 -1 -1 -1 -1 28 -1 -1 -1 -1 -1 -1 29 25 -1 -1 27 0 -1 -1 -1 18 -1 -1 -1 -1 -1 -1 -1 -1 19 -1 -1 -1 -1 -1 -1 -1 21 20 -1 -1 17 -1 
-1 -1 2 3 4 -1 -1 -1 -1 -1 -1 9 -1 5 -1 -1 -1 -1 -1 -1 10 -1 6 -1 7 -1 -1 -1 -1 -1 -1 13 -1 26 -1 15 -1 24 -1 -1 -1 23 -1 -1 -1 -1 -1 -1 -1 -1 -1 28 -1 -1 -1 -1 -1 -1 29 25 -1 -1 27 0 -1 -1 -1 18 -1 -1 -1 -1 -1 -1 -1 -1 19 -1 -1 -1 -1 -1 -1 -1 21 20 -1 -1 17 -1 
-1 -1 2 3 4 -1 -1 -1 -1 -1 -1 9 -1 5 -1 -1 -1 -1 -1 -1 10 -1 6 -1 7 -1 -1 -1 -1 -1 -1 13 -1 26 -1 15 -1 24 -1 -1 -1 23 -1 -1 -1 -1 -1 -1 -1 -1 -1 28 -1 -1 -1 -1 -1 -1 29 25 -1 -1 27 -1 -1 -1 -1 0 -1 -1 -1 -1 -1 -1 -1 -1 19 -1 -1 -1 -1 -1 -1 -1 21 20 -1 -1 17 -1 
-1 -1 2 3 4 -1 -1 -1 -1 -1 -1 9 -1 5 -1 -1 -1 -1 -1 -1 10 -1 6 -1 7 -1 -1 -1 -1 -1 -1 13 -1 26 -1 15 -1 -1 -1 -1 -1 23 -1 -1 -1 -1 -1 -1 -1 -1 -1 28 -1 -1 -1 -1 -1 -1 29 25 -1 -1 27 -1 -1 -1 -1 0 -1 -1 -1 -1 -1 -1 -1 -1 19 -1 -1 -1 -1 -1 24 -1 21 20 -1 -1 17 -1 
-1 -1 2 3 4 -1 -1 -1 -1 -1 -1 9 -1 5 -1 -1 -1 -1 -1 -1 10 -1 6 -1 7 -1 -1 -1 -1 -1 -1 -1 -1 26 -1 15 -1 -1 -1 -1 13 23 -1 -1 -1 -1 -1 -1 -1 -1 -1 28 -1 -1 -1 -1 -1 -1 29 25 -1 -1 27 -1 -1 -1 -1 0 -1 -1 -1 -1 -1 -1 -1 -1 19 -1 -1 -1 -1 -1 24 -1 21 20 -1 -1 17 -1 
-1 -1 2 3 4 -1 -1 -1 -1 -1 -1 9 -1 5 -1 -1 -1 -1 -1 -1 10 -1 6 -1 7 -1 -1 -1 -1 -1 -1 -1 -1 26 -1 15 -1 -1 -1 -1 13 23 -1 -1 -1 -1 -1 -1 -1 -1 -1 28 -1 -1 -1 -1 -1 -1 29 25 -1 -1 27 -1 -1 -1 -1 0 -1 17 -1 -1 -1 -1 -1 -1 19 -1 -1 -1 -1 -1 24 -1 21 20 -1 -1 -1 -1 
-1 -1 2 3 4 -1 -1 -1 -1 -1 -1 9 -1 5 -1 -1 -1 -1 -1 -1 10 -1 6 -1 7 -1 -1 -1 -1 -1 -1 -1 -1 26 -1 15 -1 -1 -1 -1 13 23 -1 -1 -1 -1 -1 -1 -1 -1 -1 28 -1 -1 -1 -1 -1 -1 29 25 -1 -1 27 -1 0 -1 -1 -1 -1 17 -1 -1 -1 -1 -1 -1 19 -1 -1 -1 -1 -1 24 -1 21 20 -1 -1 -1 -1 
-1 -1 2 3 4 -1 -1 -1 -1 -1 -1 9 -1 5 -1 -1 -1 -1 -1 -1 10 -1 6 -1 7 -1 -1 -1 -1 -1 -1 -1 -1 26 -1 15 -1 -1 -1 -1 13 23 -1 -1 -1 -1 -1 -1 -1 -1 -1 28 -1 -1 -1 -1 -1 -1 29 25 -1 -1 27 -1 0 -1 -1 -1 -1 17 -1 -1 -1 -1 -1 -1 19 -1 -1 -1 -1 24 -1 -1 21 20 -1 -1 -1 -1 
-1 -1 2 3 4 -1 -1 -1 -1 -1 -1 9 -1 5 -1 -1 -1 -1 -1 -1 10 -1 6 -1 7 -1 -1 -1 -1 -1 -1 -1 -1 26 -1 15 -1 -1 -1 -1 13 23 -1 -1 -1 -1 -1 -1 -1 -1 -1 28 -1 -1 -1 -1 -1 -1 29 25 -1 -1 27 0 -1 -1 -1 -1 -1 17 -1 -1 -1 -1 -1 -1 19 -1 -1 -1 -1 24 -1 -1 21 20 -1 -1 -1 -1 
-1 -1 2 3 4 -1 -1 -1 -1 -1 -1 9 -1 5 -1 -1 -1 -1 -1 -1 10 -1 6 -1 7 -1 -1 -1 -1 -1 -1 -1 -1 26 -1 15 -1 -1 -1 -1 13 23 -1 -1 -1 -1 -1 -1 -1 -1 -1 28 -1 -1 -1 -1 -1 -1 29 25 -1 -1 27 0 -1 -1 -1 -1 -1 17 -1 -1 -1 -1 -1 -1 19 -1 -1 -1 -1 -1 24 -1 21 20 -1 -1 -1 -1 
-1 -1 2 3 4 -1 -1 -1 -1 -1 -1 9 -1 5 -1 -1 -1 -1 -1 -1 10 -1 6 -1 7 -1 -1 -1 -1 -1 -1 -1 -1 26 -1 15 -1 -1 -1 -1 13 23 -1 -1 -1 -1 -1 -1 -1 -1 -1 28 -1 -1 -1 -1 -1 -1 29 25 -1 -1 27 -1 0 -1 -1 -1 -1 17 -1 -1 -1 -1 -1 -1 19 -1 -1 -1 -1 -1 24 -1 21 20 -1 -1 -1 -1 
-1 -1 2 3 4 -1 -1 -1 -1 -1 -1 9 -1 5 -1 -1 -1 -1 -1 -1 10 -1 6 -1 7 -1 -1 -1 -1 -1 -1 -1 -1 26 -1 15 -1 -1 -1 -1 13 23 -1 -1 -1 -1 -1 -1 -1 -1 -1 28 -1 -1 -1 -1 -1 -1 29 25 -1 -1 27 -1 0 -1 -1 -1 -1 17 -1 -1 -1 -1 -1 -1 19 -1 -1 -1 -1 24 -1 -1 21 20 -1 -1 -1 -1 
-1 -1 2 3 4 -1 -1 -1 -1 -1 -1 9 -1 5 -1 -1 -1 -1 -1 -1 10 -1 6 -1 -1 -1 -1 -1 -1 -1 -1 7 -1 26 -1 15 -1 -1 -1 -1 13 23 -1 -1 -1 -1 -1 -1 -1 -1 -1 28 -1 -1 -1 -1 -1 -1 29 25 -1 -1 27 -1 0 -1 -1 -1 -1 17 -1 -1 -1 -1 -1 -1 19 -1 -1 -1 -1 24 -1 -1 21 20 -1 -1 -1 -1 
-1 -1 2 3 4 -1 -1 -1 -1 -1 -1 9 -1 5 -1 -1 -1 -1 -1 -1 10 -1 6 -1 -1 -1 -1 -1 -1 -1 -1 7 -1 26 -1 15 -1 -1 -1 -1 13 23 -1 -1 -1 -1 -1 -1 -1 -1 -1 28 -1 -1 -1 -1 -1 -1 29 -1 -1 25 27 -1 0 -1 -1 -1 -1 17 -1 -1 -1 -1 -1 -1 19 -1 -1 -1 -1 24 -1 -1 21 20 -1 -1 -1 -1 
-1 -1 2 3 4 -1 -1 -1 -1 -1 -1 9 -1 5 -1 -1 -1 -1 -1 -1 10 -1 6 -1 -1 -1 -1 -1 -1 -1 -1 7 -1 26 -1 15 -1 -1 -1 -1 13 23 -1 -1 -1 -1 0 -1 -1 -1 -1 28 -1 -1 -1 -1 -1 -1 29 -1 -1 25 27 -1 -1 -1 -1 -1 -1 17 -1 -1 -1 -1 -1 -1 19 -1 -1 -1 -1 24 -1 -1 21 20 -1 -1 -1 -1 
-1 -1 2 3 4 -1 -1 25 -1 -1 -1 9 -1 5 -1 -1 -1 -1 -1 -1 10 -1 6 -1 -1 -1 -1 -1 -1 -1 -1 7 -1 26 -1 15 -1 -1 -1 -1 13 23 -1 -1 -1 -1 0 -1 -1 -1 -1 28 -1 -1 -1 -1 -1 -1 29 -1 -1 -1 27 -1 -1 -1 -1 -1 -1 17 -1 -1 -1 -1 -1 -1 19 -1 -1 -1 -1 24 -1 -1 21 20 -1 -1 -1 -1 
-1 -1 2 3 -1 4 -1 25 -1 -1 -1 9 -1 5 -1 -1 -1 -1 -1 -1 10 -1 6 -1 -1 -1 -1 -1 -1 -1 -1 7 -1 26 -1 15 -1 -1 -1 -1 13 23 -1 -1 -1 -1 0 -1 -1 -1 -1 28 -1 -1 -1 -1 -1 -1 29 -1 -1 -1 27 -1 -1 -1 -1 -1 -1 17 -1 -1 -1 -1 -1 -1 19 -1 -1 -1 -1 24 -1 -1 21 20 -1 -1 -1 -1 
-1 -1 2 3 -1 4 26 25 -1 -1 -1 9 -1 5 -1 -1 -1 -1 -1 -1 10 -1 6 -1 -1 -1 -1 -1 -1 -1 -1 7 -1 -1 -1 15 -1 -1 -1 -1 13 23 -1 -1 -1 -1 0 -1 -1 -1 -1 28 -1 -1 -1 -1 -1 -1 29 -1 -1 -1 27 -1 -1 -1 -1 -1 -1 17 -1 -1 -1 -1 -1 -1 19 -1 -1 -1 -1 24 -1 -1 21 20 -1 -1 -1 -1 
-1 -1 2 3 -1 -1 26 25 -1 -1 -1 9 -1 5 4 -1 -1 -1 -1 -1 10 -1 6 -1 -1 -1 -1 -1 -1 -1 -1 7 -1 -1 -1 15 -1 -1 -1 -1 13 23 -1 -1 -1 -1 0 -1 -1 -1 -1 28 -1 -1 -1 -1 -1 -1 29 -1 -1 -1 27 -1 -1 -1 -1 -1 -1 17 -1 -1 -1 -1 -1 -1 19 -1 -1 -1 -1 24 -1 -1 21 20 -1 -1 -1 -1 
-1 -1 2 3 -1 -1 26 -1 -1 -1 -1 9 -1 5 4 -1 -1 -1 -1 -1 10 -1 6 -1 -1 -1 -1 -1 -1 -1 -1 7 -1 -1 -1 15 -1 -1 -1 -1 13 23 -1 -1 -1 -1 0 -1 -1 -1 -1 28 -1 -1 -1 -1 -1 -1 29 -1 -1 -1 27 -1 -1 -1 -1 -1 -1 17 -1 -1 -1 -1 -1 -1 19 -1 -1 25 -1 24 -1 -1 21 20 -1 -1 -1 -1 
-1 -1 2 3 -1 4 26 -1 -1 -1 -1 9 -1 5 -1 -1 -1 -1 -1 -1 10 -1 6 -1 -1 -1 -1 -1 -1 -1 -1 7 -1 -1 -1 15 -1 -1 -1 -1 13 23 -1 -1 -1 -1 0 -1 -1 -1 -1 28 -1 -1 -1 -1 -1 -1 29 -1 -1 -1 27 -1 -1 -1 -1 -1 -1 17 -1 -1 -1 -1 -1 -1 19 -1 -1 25 -1 24 -1 -1 21 20 -1 -1 -1 -1 
-1 -1 2 3 -1 4 -1 -1 26 -1 -1 9 -1 5 -1 -1 -1 -1 -1 -1 10 -1 6 -1 -1 -1 -1 -1 -1 -1 -1 7 -1 -1 -1 15 -1 -1 -1 -1 13 23 -1 -1 -1 -1 0 -1 -1 -1 -1 28 -1 -1 -1 -1 -1 -1 29 -1 -1 -1 27 -1 -1 -1 -1 -1 -1 17 -1 -1 -1 -1 -1 -1 19 -1 -1 25 -1 24 -1 -1 21 20 -1 -1 -1 -1 
-1 -1 2 3 -1 4 -1 -1 26 -1 -1 9 -1 5 -1 -1 -1 -1 -1 -1 10 -1 6 -1 -1 -1 -1 -1 -1 -1 -1 7 -1 -1 -1 15 -1 -1 -1 -1 13 23 -1 -1 -1 -1 -1 -1 -1 -1 -1 0 -1 -1 -1 -1 -1 -1 29 -1 -1 -1 27 -1 -1 -1 -1 -1 -1 17 -1 -1 -1 -1 -1 -1 19 -1 -1 25 -1 24 -1 -1 21 20 -1 -1 -1 -1 
-1 -1 2 3 -1 4 -1 -1 26 -1 -1 9 -1 5 -1 -1 -1 -1 -1 -1 10 -1 6 -1 -1 -1 -1 -1 -1 -1 -1 7 -1 -1 -1 15 -1 -1 -1 -1 13 -1 -1 -1 -1 -1 -1 -1 -1 -1 -1 0 23 -1 -1 -1 -1 -1 29 -1 -1 -1 27 -1 -1 -1 -1 -1 -1 17 -1 -1 -1 -1 -1 -1 19 -1 -1 25 -1 24 -1 -1 21 20 -1 -1 -1 -1 
-1 -1 2 3 -1 4 -1 -1 26 -1 -1 9 -1 5 -1 -1 -1 -1 -1 -1 10 -1 6 -1 -1 -1 -1 -1 -1 -1 -1 -1 -1 -1 -1 15 -1 -1 7 -1 13 -1 -1 -1 -1 -1 -1 -1 -1 -1 -1 0 23 -1 -1 -1 -1 -1 29 -1 -1 -1 27 -1 -1 -1 -1 -1 -1 17 -1 -1 -1 -1 -1 -1 19 -1 -1 25 -1 24 -1 -1 21 20 -1 -1 -1 -1 
-1 -1 2 3 -1 4 -1 -1 26 24 -1 9 -1 5 -1 -1 -1 -1 -1 -1 10 -1 6 -1 -1 -1 -1 -1 -1 -1 -1 -1 -1 -1 -1 15 -1 -1 7 -1 13 -1 -1 -1 -1 -1 -1 -1 -1 -1 -1 0 23 -1 -1 -1 -1 -1 29 -1 -1 -1 27 -1 -1 -1 -1 -1 -1 17 -1 -1 -1 -1 -1 -1 19 -1 -1 25 -1 -1 -1 -1 21 20 -1 -1 -1 -1 
-1 -1 2 3 -1 4 -1 -1 26 24 -1 9 -1 5 -1 -1 -1 -1 -1 10 -1 -1 6 -1 -1 -1 -1 -1 -1 -1 -1 -1 -1 -1 -1 15 -1 -1 7 -1 13 -1 -1 -1 -1 -1 -1 -1 -1 -1 -1 0 23 -1 -1 -1 -1 -1 29 -1 -1 -1 27 -1 -1 -1 -1 -1 -1 17 -1 -1 -1 -1 -1 -1 19 -1 -1 25 -1 -1 -1 -1 21 20 -1 -1 -1 -1 
-1 -1 2 3 -1 4 -1 -1 26 -1 24 9 -1 5 -1 -1 -1 -1 -1 10 -1 -1 6 -1 -1 -1 -1 -1 -1 -1 -1 -1 -1 -1 -1 15 -1 -1 7 -1 13 -1 -1 -1 -1 -1 -1 -1 -1 -1 -1 0 23 -1 -1 -1 -1 -1 29 -1 -1 -1 27 -1 -1 -1 -1 -1 -1 17 -1 -1 -1 -1 -1 -1 19 -1 -1 25 -1 -1 -1 -1 21 20 -1 -1 -1 -1 
-1 -1 2 3 -1 4 -1 -1 26 -1 24 -1 -1 5 -1 -1 -1 -1 -1 10 9 -1 6 -1 -1 -1 -1 -1 -1 -1 -1 -1 -1 -1 -1 15 -1 -1 7 -1 13 -1 -1 -1 -1 -1 -1 -1 -1 -1 -1 0 23 -1 -1 -1 -1 -1 29 -1 -1 -1 27 -1 -1 -1 -1 -1 -1 17 -1 -1 -1 -1 -1 -1 19 -1 -1 25 -1 -1 -1 -1 21 20 -1 -1 -1 -1 
-1 -1 2 3 -1 4 -1 -1 26 -1 24 -1 -1 5 -1 -1 -1 -1 -1 10 9 -1 6 -1 -1 -1 -1 -1 -1 -1 -1 -1 -1 -1 -1 15 -1 -1 7 -1 13 -1 -1 -1 -1 -1 -1 -1 -1 -1 -1 0 23 -1 -1 -1 -1 -1 29 -1 -1 -1 27 -1 -1 -1 19 -1 -1 17 -1 -1 -1 -1 -1 -1 -1 -1 -1 25 -1 -1 -1 -1 21 20 -1 -1 -1 -1 
-1 -1 2 3 -1 4 -1 -1 26 -1 24 -1 -1 5 -1 -1 -1 -1 -1 10 9 -1 6 -1 0 -1 -1 -1 -1 -1 -1 -1 -1 -1 -1 15 -1 -1 7 -1 13 -1 -1 -1 -1 -1 -1 -1 -1 -1 -1 -1 23 -1 -1 -1 -1 -1 29 -1 -1 -1 27 -1 -1 -1 19 -1 -1 17 -1 -1 -1 -1 -1 -1 -1 -1 -1 25 -1 -1 -1 -1 21 20 -1 -1 -1 -1 
-1 -1 2 3 -1 4 -1 -1 26 -1 24 -1 -1 5 -1 -1 -1 -1 -1 10 9 -1 6 -1 0 -1 -1 -1 -1 -1 -1 -1 -1 -1 -1 15 -1 -1 7 -1 13 -1 -1 -1 -1 -1 -1 -1 -1 -1 -1 -1 23 -1 -1 -1 -1 -1 19 -1 -1 -1 27 -1 -1 -1 -1 -1 -1 17 -1 -1 -1 -1 -1 -1 -1 -1 -1 25 -1 -1 -1 -1 21 20 -1 -1 -1 -1 
-1 -1 2 3 -1 4 -1 -1 26 -1 24 -1 -1 5 -1 -1 -1 -1 -1 10 9 -1 -1 -1 0 -1 -1 -1 -1 -1 -1 -1 -1 -1 -1 15 -1 -1 7 -1 13 -1 6 -1 -1 -1 -1 -1 -1 -1 -1 -1 23 -1 -1 -1 -1 -1 19 -1 -1 -1 27 -1 -1 -1 -1 -1 -1 17 -1 -1 -1 -1 -1 -1 -1 -1 -1 25 -1 -1 -1 -1 21 20 -1 -1 -1 -1 
-1 -1 2 3 -1 4 -1 -1 26 -1 24 -1 -1 5 -1 -1 -1 -1 -1 10 9 -1 -1 -1 0 -1 -1 -1 -1 -1 -1 -1 -1 -1 -1 15 -1 -1 7 -1 13 -1 6 -1 -1 -1 -1 -1 -1 -1 17 -1 23 -1 -1 -1 -1 -1 19 -1 -1 -1 27 -1 -1 -1 -1 -1 -1 -1 -1 -1 -1 -1 -1 -1 -1 -1 -1 25 -1 -1 -1 -1 21 20 -1 -1 -1 -1 
-1 -1 2 3 -1 4 -1 -1 26 -1 24 -1 -1 5 -1 -1 -1 -1 -1 10 -1 -1 9 -1 0 -1 -1 -1 -1 -1 -1 -1 -1 -1 -1 15 -1 -1 7 -1 13 -1 6 -1 -1 -1 -1 -1 -1 -1 17 -1 23 -1 -1 -1 -1 -1 19 -1 -1 -1 27 -1 -1 -1 -1 -1 -1 -1 -1 -1 -1 -1 -1 -1 -1 -1 -1 25 -1 -1 -1 -1 21 20 -1 -1 -1 -1 
-1 -1 2 3 -1 4 -1 -1 26 -1 24 -1 -1 5 -1 -1 -1 -1 -1 10 -1 -1 9 -1 0 -1 -1 -1 -1 -1 -1 17 -1 -1 -1 15 -1 -1 7 -1 13 -1 6 -1 -1 -1 -1 -1 -1 -1 -1 -1 23 -1 -1 -1 -1 -1 19 -1 -1 -1 27 -1 -1 -1 -1 -1 -1 -1 -1 -1 -1 -1 -1 -1 -1 -1 -1 25 -1 -1 -1 -1 21 20 -1 -1 -1 -1 
-1 -1 2 3 -1 4 -1 -1 26 -1 24 -1 -1 5 -1 -1 -1 -1 -1 10 -1 -1 9 -1 0 -1 -1 -1 -1 -1 -1 7 -1 -1 -1 15 -1 -1 -1 -1 13 -1 6 -1 -1 -1 -1 -1 -1 -1 -1 -1 23 -1 -1 -1 -1 -1 19 -1 -1 -1 27 -1 -1 -1 -1 -1 -1 -1 -1 -1 -1 -1 -1 -1 -1 -1 -1 25 -1 -1 -1 -1 21 20 -1 -1 -1 -1 
-1 -1 2 3 -1 4 -1 -1 26 -1 -1 -1 -1 5 -1 -1 -1 -1 -1 24 -1 -1 9 -1 0 -1 -1 -1 -1 -1 -1 7 -1 -1 -1 15 -1 -1 -1 -1 13 -1 6 -1 -1 -1 -1 -1 -1 -1 -1 -1 23 -1 -1 -1 -1 -1 19 -1 -1 -1 27 -1 -1 -1 -1 -1 -1 -1 -1 -1 -1 -1 -1 -1 -1 -1 -1 25 -1 -1 -1 -1 21 20 -1 -1 -1 -1 
-1 -1 2 3 -1 4 -1 -1 26 -1 -1 -1 -1 5 -1 -1 -1 -1 -1 24 -1 -1 9 -1 -1 -1 0 -1 -1 -1 -1 7 -1 -1 -1 15 -1 -1 -1 -1 13 -1 6 -1 -1 -1 -1 -1 -1 -1 -1 -1 23 -1 -1 -1 -1 -1 19 -1 -1 -1 27 -1 -1 -1 -1 -1 -1 -1 -1 -1 -1 -1 -1 -1 -1 -1 -1 25 -1 -1 -1 -1 21 20 -1 -1 -1 -1 
-1 -1 2 3 -1 4 -1 -1 26 -1 -1 -1 -1 5 -1 -1 -1 -1 -1 -1 -1 -1 9 -1 -1 -1 0 -1 24 -1 -1 7 -1 -1 -1 15 -1 -1 -1 -1 13 -1 6 -1 -1 -1 -1 -1 -1 -1 -1 -1 23 -1 -1 -1 -1 -1 19 -1 -1 -1 27 -1 -1 -1 -1 -1 -1 -1 -1 -1 -1 -1 -1 -1 -1 -1 -1 25 -1 -1 -1 -1 21 20 -1 -1 -1 -1 
-1 -1 2 3 -1 4 -1 -1 26 -1 -1 -1 -1 5 -1 -1 -1 -1 -1 -1 -1 -1 9 -1 7 -1 0 -1 24 -1 -1 -1 -1 -1 -1 15 -1 -1 -1 -1 13 -1 6 -1 -1 -1 -1 -1 -1 -1 -1 -1 23 -1 -1 -1 -1 -1 19 -1 -1 -1 27 -1 -1 -1 -1 -1 -1 -1 -1 -1 -1 -1 -1 -1 -1 -1 -1 25 -1 -1 -1 -1 21 20 -1 -1 -1 -1 
-1 -1 2 3 -1 4 -1 -1 26 -1 -1 -1 -1 5 -1 -1 -1 -1 -1 -1 -1 -1 9 -1 7 -1 0 -1 -1 -1 -1 -1 24 -1 -1 15 -1 -1 -1 -1 13 -1 6 -1 -1 -1 -1 -1 -1 -1 -1 -1 23 -1 -1 -1 -1 -1 19 -1 -1 -1 27 -1 -1 -1 -1 -1 -1 -1 -1 -1 -1 -1 -1 -1 -1 -1 -1 25 -1 -1 -1 -1 21 20 -1 -1 -1 -1 
-1 -1 2 3 4 -1 -1 -1 26 -1 -1 -1 -1 5 -1 -1 -1 -1 -1 -1 -1 -1 9 -1 7 -1 0 -1 -1 -1 -1 -1 24 -1 -1 15 -1 -1 -1 -1 13 -1 6 -1 -1 -1 -1 -1 -1 -1 -1 -1 23 -1 -1 -1 -1 -1 19 -1 -1 -1 27 -1 -1 -1 -1 -1 -1 -1 -1 -1 -1 -1 -1 -1 -1 -1 -1 25 -1 -1 -1 -1 21 20 -1 -1 -1 -1 
-1 -1 2 3 4 -1 26 -1 -1 -1 -1 -1 -1 5 -1 -1 -1 -1 -1 -1 -1 -1 9 -1 7 -1 0 -1 -1 -1 -1 -1 24 -1 -1 15 -1 -1 -1 -1 13 -1 6 -1 -1 -1 -1 -1 -1 -1 -1 -1 23 -1 -1 -1 -1 -1 19 -1 -1 -1 27 -1 -1 -1 -1 -1 -1 -1 -1 -1 -1 -1 -1 -1 -1 -1 -1 25 -1 -1 -1 -1 21 20 -1 -1 -1 -1 
-1 -1 2 3 4 -1 26 -1 -1 -1 -1 -1 -1 5 -1 -1 -1 -1 -1 -1 -1 -1 9 -1 7 -1 0 -1 -1 -1 -1 -1 24 -1 -1 -1 -1 -1 -1 -1 13 -1 6 -1 15 -1 -1 -1 -1 -1 -1 -1 23 -1 -1 -1 -1 -1 19 -1 -1 -1 27 -1 -1 -1 -1 -1 -1 -1 -1 -1 -1 -1 -1 -1 -1 -1 -1 25 -1 -1 -1 -1 21 20 -1 -1 -1 -1 
-1 -1 2 3 4 -1 -1 -1 -1 -1 -1 -1 -1 5 -1 -1 -1 -1 -1 -1 -1 -1 9 -1 7 -1 0 -1 -1 -1 -1 -1 24 -1 -1 -1 -1 -1 -1 -1 13 -1 26 -1 15 -1 -1 -1 -1 -1 -1 -1 23 -1 -1 -1 -1 -1 19 -1 -1 -1 27 -1 -1 -1 -1 -1 -1 -1 -1 -1 -1 -1 -1 -1 -1 -1 -1 25 -1 -1 -1 -1 21 20 -1 -1 -1 -1 
-1 -1 2 3 4 -1 -1 -1 -1 -1 -1 -1 -1 5 -1 -1 -1 -1 -1 -1 -1 -1 9 -1 7 -1 0 -1 -1 -1 -1 -1 24 -1 -1 -1 -1 -1 -1 -1 13 -1 26 -1 -1 -1 -1 -1 -1 -1 -1 -1 23 15 -1 -1 -1 -1 19 -1 -1 -1 27 -1 -1 -1 -1 -1 -1 -1 -1 -1 -1 -1 -1 -1 -1 -1 -1 25 -1 -1 -1 -1 21 20 -1 -1 -1 -1 
-1 -1 2 3 4 -1 -1 -1 -1 -1 -1 -1 -1 5 -1 -1 -1 -1 -1 -1 -1 -1 9 -1 7 -1 0 -1 -1 -1 -1 -1 24 23 -1 -1 -1 -1 -1 -1 13 -1 26 -1 -1 -1 -1 -1 -1 -1 -1 -1 -1 15 -1 -1 -1 -1 19 -1 -1 -1 27 -1 -1 -1 -1 -1 -1 -1 -1 -1 -1 -1 -1 -1 -1 -1 -1 25 -1 -1 -1 -1 21 20 -1 -1 -1 -1 
-1 -1 2 3 4 -1 -1 -1 -1 -1 -1 -1 -1 5 -1 -1 -1 -1 -1 -1 -1 -1 9 -1 7 0 -1 -1 -1 -1 -1 -1 24 23 -1 -1 -1 -1 -1 -1 13 -1 26 -1 -1 -1 -1 -1 -1 -1 -1 -1 -1 15 -1 -1 -1 -1 19 -1 -1 -1 27 -1 -1 -1 -1 -1 -1 -1 -1 -1 -1 -1 -1 -1 -1 -1 -1 25 -1 -1 -1 -1 21 20 -1 -1 -1 -1 
-1 -1 2 3 4 -1 -1 -1 -1 -1 -1 -1 -1 5 -1 -1 -1 -1 -1 -1 -1 -1 9 -1 26 0 -1 -1 -1 -1 -1 -1 24 23 -1 -1 -1 -1 -1 -1 13 -1 -1 -1 -1 -1 -1 -1 -1 -1 -1 -1 -1 15 -1 -1 -1 -1 19 -1 -1 -1 27 -1 -1 -1 -1 -1 -1 -1 -1 -1 -1 -1 -1 -1 -1 -1 -1 25 -1 -1 -1 -1 21 20 -1 -1 -1 -1 
-1 -1 2 3 4 -1 -1 -1 -1 -1 -1 -1 -1 5 -1 -1 -1 -1 -1 -1 -1 -1 9 -1 26 -1 -1 -1 -1 -1 -1 -1 24 23 -1 -1 -1 -1 -1 -1 13 -1 -1 -1 -1 -1 -1 -1 -1 -1 -1 -1 -1 15 -1 -1 -1 -1 19 -1 -1 -1 27 -1 -1 -1 -1 -1 -1 -1 -1 -1 -1 -1 -1 -1 -1 -1 -1 0 -1 -1 -1 -1 21 20 -1 -1 -1 -1 
-1 -1 2 3 4 -1 -1 -1 -1 -1 -1 -1 -1 5 -1 -1 -1 -1 -1 -1 -1 -1 9 -1 26 -1 -1 -1 -1 -1 -1 -1 24 23 -1 -1 -1 -1 -1 -1 13 -1 -1 -1 -1 -1 -1 -1 -1 -1 -1 -1 -1 27 -1 -1 -1 -1 19 -1 -1 -1 -1 -1 -1 -1 -1 -1 -1 -1 -1 -1 -1 -1 -1 -1 -1 -1 -1 0 -1 -1 -1 -1 21 20 -1 -1 -1 -1 
-1 -1 2 3 4 -1 -1 -1 -1 -1 -1 -1 -1 5 -1 -1 -1 -1 -1 -1 -1 -1 9 -1 26 -1 -1 -1 -1 -1 -1 -1 24 23 -1 -1 -1 -1 -1 -1 13 -1 -1 -1 -1 -1 -1 -1 -1 -1 -1 -1 -1 27 -1 -1 -1 -1 19 -1 -1 -1 -1 -1 -1 -1 -1 -1 -1 -1 -1 -1 -1 -1 -1 -1 -1 -1 -1 -1 -1 -1 -1 -1 21 20 -1 -1 0 -1 
-1 -1 2 3 4 -1 -1 -1 -1 -1 -1 -1 -1 5 -1 -1 -1 -1 -1 -1 -1 -1 9 -1 26 -1 -1 -1 -1 -1 -1 -1 24 23 -1 -1 -1 -1 -1 -1 13 -1 -1 -1 -1 -1 -1 -1 -1 -1 -1 -1 -1 27 -1 -1 -1 -1 -1 -1 -1 -1 -1 -1 -1 -1 -1 -1 19 -1 -1 -1 -1 -1 -1 -1 -1 -1 -1 -1 -1 -1 -1 -1 21 20 -1 -1 0 -1 
-1 -1 2 3 4 -1 -1 -1 -1 -1 -1 -1 -1 5 -1 -1 -1 -1 -1 -1 -1 -1 -1 -1 26 -1 -1 -1 -1 -1 -1 -1 24 23 -1 -1 -1 -1 -1 -1 13 -1 -1 -1 -1 -1 -1 -1 -1 -1 -1 -1 -1 27 -1 -1 -1 -1 9 -1 -1 -1 -1 -1 -1 -1 -1 -1 19 -1 -1 -1 -1 -1 -1 -1 -1 -1 -1 -1 -1 -1 -1 -1 21 20 -1 -1 0 -1 
-1 -1 2 3 4 -1 -1 -1 -1 -1 -1 -1 -1 5 -1 -1 -1 -1 -1 -1 -1 -1 -1 -1 26 -1 -1 -1 -1 -1 -1 -1 -1 23 -1 -1 -1 -1 -1 -1 13 -1 -1 -1 -1 -1 -1 -1 -1 -1 -1 -1 -1 27 -1 -1 -1 -1 9 24 -1 -1 -1 -1 -1 -1 -1 -1 19 -1 -1 -1 -1 -1 -1 -1 -1 -1 -1 -1 -1 -1 -1 -1 21 20 -1 -1 0 -1 
-1 -1 2 3 4 -1 -1 -1 -1 -1 -1 -1 -1 5 -1 -1 -1 -1 -1 -1 -1 -1 -1 -1 26 -1 -1 -1 -1 -1 -1 -1 -1 23 -1 -1 -1 -1 -1 -1 -1 -1 -1 -1 -1 -1 -1 -1 -1 13 -1 -1 -1 27 -1 -1 -1 -1 9 24 -1 -1 -1 -1 -1 -1 -1 -1 19 -1 -1 -1 -1 -1 -1 -1 -1 -1 -1 -1 -1 -1 -1 -1 21 20 -1 -1 0 -1 
-1 -1 2 3 4 -1 -1 -1 -1 -1 -1 -1 -1 5 -1 -1 -1 -1 -1 -1 -1 -1 -1 -1 -1 -1 26 -1 -1 -1 -1 -1 -1 23 -1 -1 -1 -1 -1 -1 -1 -1 -1 -1 -1 -1 -1 -1 -1 13 -1 -1 -1 27 -1 -1 -1 -1 9 24 -1 -1 -1 -1 -1 -1 -1 -1 19 -1 -1 -1 -1 -1 -1 -1 -1 -1 -1 -1 -1 -1 -1 -1 21 20 -1 -1 0 -1 
-1 -1 2 3 4 -1 -1 -1 -1 -1 -1 -1 -1 5 -1 -1 -1 -1 -1 -1 -1 -1 -1 -1 -1 -1 26 -1 -1 -1 -1 -1 -1 23 -1 -1 -1 -1 -1 -1 -1 -1 -1 -1 -1 -1 -1 -1 -1 13 -1 -1 -1 27 -1 -1 -1 -1 9 24 -1 -1 -1 -1 -1 -1 -1 -1 19 -1 -1 -1 -1 -1 -1 -1 -1 -1 -1 -1 -1 -1 -1 -1 21 20 -1 0 -1 -1 
-1 -1 2 3 4 -1 -1 -1 -1 -1 -1 -1 -1 5 -1 -1 -1 -1 -1 -1 -1 -1 -1 -1 -1 -1 26 -1 -1 -1 -1 -1 -1 -1 -1 -1 -1 -1 -1 -1 -1 -1 -1 -1 23 -1 -1 -1 -1 13 -1 -1 -1 27 -1 -1 -1 -1 9 24 -1 -1 -1 -1 -1 -1 -1 -1 19 -1 -1 -1 -1 -1 -1 -1 -1 -1 -1 -1 -1 -1 -1 -1 21 20 -1 0 -1 -1 
-1 -1 2 3 4 -1 -1 -1 -1 -1 -1 -1 -1 5 -1 -1 -1 -1 -1 -1 -1 -1 -1 -1 0 -1 26 -1 -1 -1 -1 -1 -1 -1 -1 -1 -1 -1 -1 -1 -1 -1 -1 -1 23 -1 -1 -1 -1 13 -1 -1 -1 27 -1 -1 -1 -1 9 24 -1 -1 -1 -1 -1 -1 -1 -1 19 -1 -1 -1 -1 -1 -1 -1 -1 -1 -1 -1 -1 -1 -1 -1 21 20 -1 -1 -1 -1 
-1 -1 2 3 4 -1 -1 -1 26 -1 -1 -1 -1 5 -1 -1 -1 -1 -1 -1 -1 -1 -1 -1 0 -1 -1 -1 -1 -1 -1 -1 -1 -1 -1 -1 -1 -1 -1 -1 -1 -1 -1 -1 23 -1 -1 -1 -1 13 -1 -1 -1 27 -1 -1 -1 -1 9 24 -1 -1 -1 -1 -1 -1 -1 -1 19 -1 -1 -1 -1 -1 -1 -1 -1 -1 -1 -1 -1 -1 -1 -1 21 20 -1 -1 -1 -1 
-1 -1 2 3 4 -1 -1 -1 26 -1 -1 -1 -1 -1 -1 -1 -1 -1 -1 -1 -1 5 -1 -1 0 -1 -1 -1 -1 -1 -1 -1 -1 -1 -1 -1 -1 -1 -1 -1 -1 -1 -1 -1 23 -1 -1 -1 -1 13 -1 -1 -1 27 -1 -1 -1 -1 9 24 -1 -1 -1 -1 -1 -1 -1 -1 19 -1 -1 -1 -1 -1 -1 -1 -1 -1 -1 -1 -1 -1 -1 -1 21 20 -1 -1 -1 -1 
-1 -1 2 3 4 -1 -1 -1 26 -1 -1 -1 -1 -1 -1 -1 -1 -1 -1 -1 -1 5 -1 -1 0 -1 -1 -1 -1 -1 -1 -1 -1 -1 -1 -1 -1 -1 -1 -1 -1 -1 -1 -1 23 -1 -1 -1 -1 13 -1 -1 -1 27 -1 -1 -1 -1 9 -1 -1 24 -1 -1 -1 -1 -1 -1 19 -1 -1 -1 -1 -1 -1 -1 -1 -1 -1 -1 -1 -1 -1 -1 21 20 -1 -1 -1 -1 
-1 -1 2 3 4 -1 -1 -1 26 -1 -1 -1 -1 -1 -1 -1 -1 -1 -1 -1 -1 5 -1 -1 0 -1 -1 -1 -1 -1 -1 -1 -1 -1 -1 -1 -1 -1 -1 -1 -1 -1 -1 -1 23 -1 -1 -1 -1 13 -1 -1 -1 27 -1 -1 -1 -1 -1 -1 9 24 -1 -1 -1 -1 -1 -1 19 -1 -1 -1 -1 -1 -1 -1 -1 -1 -1 -1 -1 -1 -1 -1 21 20 -1 -1 -1 -1 
-1 -1 2 3 4 -1 -1 -1 26 -1 -1 -1 -1 -1 -1 -1 -1 -1 -1 -1 -1 5 -1 -1 0 -1 -1 -1 -1 -1 -1 -1 -1 -1 16 -1 -1 -1 -1 -1 -1 -1 -1 -1 23 -1 -1 -1 -1 13 -1 -1 -1 27 -1 -1 -1 -1 -1 -1 9 24 -1 -1 -1 -1 -1 -1 19 -1 -1 -1 -1 -1 -1 -1 -1 -1 -1 -1 -1 -1 -1 -1 21 20 -1 -1 -1 -1 
-1 -1 2 3 -1 -1 -1 -1 26 -1 -1 -1 -1 4 -1 -1 -1 -1 -1 -1 -1 5 -1 -1 0 -1 -1 -1 -1 -1 -1 -1 -1 -1 16 -1 -1 -1 -1 -1 -1 -1 -1 -1 23 -1 -1 -1 -1 13 -1 -1 -1 27 -1 -1 -1 -1 -1 -1 9 24 -1 -1 -1 -1 -1 -1 19 -1 -1 -1 -1 -1 -1 -1 -1 -1 -1 -1 -1 -1 -1 -1 21 20 -1 -1 -1 -1 
-1 -1 2 3 -1 -1 -1 -1 26 -1 -1 -1 -1 4 -1 -1 -1 -1 -1 -1 -1 5 -1 -1 0 -1 -1 -1 -1 -1 -1 -1 -1 -1 -1 -1 -1 -1 -1 -1 -1 -1 -1 -1 23 -1 -1 -1 -1 13 -1 -1 -1 27 -1 -1 -1 -1 -1 -1 9 24 -1 -1 -1 -1 -1 -1 19 -1 -1 -1 -1 -1 -1 -1 -1 -1 -1 16 -1 -1 -1 -1 21 20 -1 -1 -1 -1 
-1 -1 2 3 -1 -1 -1 -1 26 -1 -1 -1 -1 4 -1 -1 -1 -1 -1 -1 -1 5 0 -1 -1 -1 -1 -1 -1 -1 -1 -1 -1 -1 -1 -1 -1 -1 -1 -1 -1 -1 -1 -1 23 -1 -1 -1 -1 13 -1 -1 -1 27 -1 -1 -1 -1 -1 -1 9 24 -1 -1 -1 -1 -1 -1 19 -1 -1 -1 -1 -1 -1 -1 -1 -1 -1 16 -1 -1 -1 -1 21 20 -1 -1 -1 -1 
-1 -1 2 3 -1 -1 -1 -1 26 -1 -1 -1 -1 4 -1 -1 -1 -1 -1 -1 -1 5 0 -1 -1 -1 -1 -1 -1 -1 -1 -1 -1 23 -1 -1 -1 -1 -1 -1 -1 -1 -1 -1 -1 -1 -1 -1 -1 13 -1 -1 -1 27 -1 -1 -1 -1 -1 -1 9 24 -1 -1 -1 -1 -1 -1 19 -1 -1 -1 -1 -1 -1 -1 -1 -1 -1 16 -1 -1 -1 -1 21 20 -1 -1 -1 -1 
-1 -1 2 3 -1 -1 -1 -1 26 -1 -1 -1 -1 4 -1 -1 -1 -1 -1 -1 -1 5 -1 -1 -1 -1 -1 -1 -1 -1 -1 0 -1 23 -1 -1 -1 -1 -1 -1 -1 -1 -1 -1 -1 -1 -1 -1 -1 13 -1 -1 -1 27 -1 -1 -1 -1 -1 -1 9 24 -1 -1 -1 -1 -1 -1 19 -1 -1 -1 -1 -1 -1 -1 -1 -1 -1 16 -1 -1 -1 -1 21 20 -1 -1 -1 -1 
-1 -1 2 3 -1 -1 -1 -1 26 -1 -1 -1 -1 4 -1 -1 -1 -1 -1 -1 -1 5 -1 -1 -1 -1 -1 -1 -1 -1 -1 0 -1 23 -1 -1 -1 -1 -1 -1 -1 -1 -1 16 -1 -1 -1 -1 -1 13 -1 -1 -1 27 -1 -1 -1 -1 -1 -1 9 24 -1 -1 -1 -1 -1 -1 19 -1 -1 -1 -1 -1 -1 -1 -1 -1 -1 -1 -1 -1 -1 -1 21 20 -1 -1 -1 -1 
-1 -1 2 3 4 -1 -1 -1 26 -1 -1 -1 -1 -1 -1 -1 -1 -1 -1 -1 -1 5 -1 -1 -1 -1 -1 -1 -1 -1 -1 0 -1 23 -1 -1 -1 -1 -1 -1 -1 -1 -1 16 -1 -1 -1 -1 -1 13 -1 -1 -1 27 -1 -1 -1 -1 -1 -1 9 24 -1 -1 -1 -1 -1 -1 19 -1 -1 -1 -1 -1 -1 -1 -1 -1 -1 -1 -1 -1 -1 -1 21 20 -1 -1 -1 -1 
-1 -1 2 3 4 -1 -1 -1 26 -1 -1 -1 -1 -1 23 -1 -1 -1 -1 -1 -1 5 -1 -1 -1 -1 -1 -1 -1 -1 -1 0 -1 -1 -1 -1 -1 -1 -1 -1 -1 -1 -1 16 -1 -1 -1 -1 -1 13 -1 -1 -1 27 -1 -1 -1 -1 -1 -1 9 24 -1 -1 -1 -1 -1 -1 19 -1 -1 -1 -1 -1 -1 -1 -1 -1 -1 -1 -1 -1 -1 -1 21 20 -1 -1 -1 -1 
