0 1 2 3 4 5 6 7 8 -1 -1 -1 -1 -1 -1 -1 -1 -1 -1 9 -1 -1 -1 -1 -1 10 -1 11 -1 12 -1 13 -1 14 -1 15 -1 -1 -1 -1 -1 -1 -1 -1 -1 -1 -1 -1 -1 -1 -1 -1 -1 -1 -1 -1 30 -1 29 -1 28 -1 27 -1 26 -1 -1 18 -1 -1 25 -1 -1 -1 -1 -1 -1 -1 -1 -1 -1 24 23 22 21 20 19 -1 17 16 
0 1 2 3 4 5 6 7 8 -1 -1 -1 -1 -1 -1 -1 -1 -1 -1 9 -1 10 -1 -1 -1 -1 -1 11 -1 12 -1 13 -1 14 -1 15 -1 -1 -1 -1 -1 -1 -1 -1 -1 -1 -1 -1 -1 -1 -1 -1 -1 -1 -1 -1 30 -1 29 -1 28 -1 27 -1 26 -1 -1 18 -1 -1 25 -1 -1 -1 -1 -1 -1 -1 -1 -1 -1 24 23 22 21 20 19 -1 17 16 
0 1 2 3 4 5 6 7 8 -1 -1 -1 -1 -1 -1 -1 -1 -1 -1 9 -1 10 -1 -1 -1 -1 -1 11 -1 12 -1 13 -1 14 -1 15 -1 -1 -1 -1 -1 -1 -1 -1 -1 -1 -1 -1 -1 -1 -1 -1 -1 -1 -1 -1 30 -1 29 -1 28 -1 27 -1 26 -1 -1 18 -1 17 25 -1 -1 -1 -1 -1 -1 -1 -1 -1 -1 24 23 22 21 20 19 -1 -1 16 
0 1 2 3 4 5 6 -1 8 -1 -1 -1 -1 -1 -1 -1 -1 -1 -1 9 -1 10 -1 -1 7 -1 -1 11 -1 12 -1 13 -1 14 -1 15 -1 -1 -1 -1 -1 -1 -1 -1 -1 -1 -1 -1 -1 -1 -1 -1 -1 -1 -1 -1 30 -1 29 -1 28 -1 27 -1 26 -1 -1 18 -1 17 25 -1 -1 -1 -1 -1 -1 -1 -1 -1 -1 24 23 22 21 20 19 -1 -1 16 
0 1 2 3 4 5 6 -1 8 -1 -1 -1 -1 -1 -1 -1 -1 -1 -1 9 -1 10 -1 -1 7 -1 -1 11 -1 12 -1 13 -1 14 -1 15 -1 -1 -1 -1 -1 -1 -1 -1 -1 -1 -1 -1 -1 -1 -1 -1 -1 -1 -1 -1 30 -1 29 -1 28 -1 27 -1 26 -1 -1 18 -1 17 25 -1 -1 -1 -1 -1 -1 -1 -1 -1 -1 24 23 22 21 20 19 -1 16 -1 
0 1 2 3 4 5 6 -1 8 -1 -1 -1 -1 -1 -1 -1 -1 -1 -1 9 -1 10 -1 -1 7 -1 -1 11 -1 12 -1 13 -1 -1 -1 15 -1 -1 -1 -1 -1 -1 14 -1 -1 -1 -1 -1 -1 -1 -1 -1 -1 -1 -1 -1 30 -1 29 -1 28 -1 27 -1 26 -1 -1 18 -1 17 25 -1 -1 -1 -1 -1 -1 -1 -1 -1 -1 24 23 22 21 20 19 -1 16 -1 
0 1 2 3 4 5 6 -1 8 -1 -1 -1 -1 -1 -1 -1 -1 -1 -1 9 -1 10 -1 -1 7 -1 -1 11 -1 12 -1 13 -1 -1 -1 15 -1 -1 -1 -1 -1 -1 14 -1 -1 -1 -1 -1 -1 -1 -1 -1 -1 -1 -1 -1 30 -1 29 -1 28 -1 27 -1 26 -1 -1 18 -1 17 -1 25 -1 -1 -1 -1 -1 -1 -1 -1 -1 24 23 22 21 20 19 -1 16 -1 
0 1 2 3 4 5 6 -1 8 -1 -1 -1 -1 -1 -1 -1 -1 -1 -1 9 -1 10 -1 -1 7 -1 -1 11 -1 -1 -1 13 -1 -1 -1 15 -1 -1 12 -1 -1 -1 14 -1 -1 -1 -1 -1 -1 -1 -1 -1 -1 -1 -1 -1 30 -1 29 -1 28 -1 27 -1 26 -1 -1 18 -1 17 -1 25 -1 -1 -1 -1 -1 -1 -1 -1 -1 24 23 22 21 20 19 -1 16 -1 
0 1 2 3 4 5 6 -1 8 -1 -1 -1 -1 -1 -1 -1 -1 -1 -1 9 -1 10 -1 -1 7 -1 -1 11 -1 -1 -1 13 -1 -1 -1 15 -1 -1 12 -1 -1 -1 14 -1 -1 -1 -1 -1 -1 -1 -1 -1 -1 -1 -1 -1 30 -1 29 -1 28 -1 27 23 26 -1 -1 18 -1 17 -1 25 -1 -1 -1 -1 -1 -1 -1 -1 -1 24 -1 22 21 20 19 -1 16 -1 
0 -1 2 3 4 5 6 -1 8 -1 -1 -1 -1 -1 -1 -1 -1 -1 1 9 -1 10 -1 -1 7 -1 -1 11 -1 -1 -1 13 -1 -1 -1 15 -1 -1 12 -1 -1 -1 14 -1 -1 -1 -1 -1 -1 -1 -1 -1 -1 -1 -1 -1 30 -1 29 -1 28 -1 27 23 26 -1 -1 18 -1 17 -1 25 -1 -1 -1 -1 -1 -1 -1 -1 -1 24 -1 22 21 20 19 -1 16 -1 
0 -1 2 3 4 5 6 -1 8 -1 -1 -1 -1 -1 -1 -1 -1 -1 1 9 -1 10 -1 -1 7 -1 -1 11 -1 -1 -1 13 -1 -1 -1 15 -1 -1 12 -1 -1 -1 14 -1 -1 31 -1 -1 -1 -1 -1 -1 -1 -1 -1 -1 30 -1 29 -1 28 -1 27 23 26 -1 -1 18 -1 17 -1 25 -1 -1 -1 -1 -1 -1 -1 -1 -1 24 -1 22 21 20 19 -1 16 -1 
0 -1 2 3 4 5 -1 -1 8 -1 -1 -1 -1 -1 -1 -1 -1 -1 1 9 -1 10 6 -1 7 -1 -1 11 -1 -1 -1 13 -1 -1 -1 15 -1 -1 12 -1 -1 -1 14 -1 -1 31 -1 -1 -1 -1 -1 -1 -1 -1 -1 -1 30 -1 29 -1 28 -1 27 23 26 -1 -1 18 -1 17 -1 25 -1 -1 -1 -1 -1 -1 -1 -1 -1 24 -1 22 21 20 19 -1 16 -1 
0 -1 2 3 4 5 -1 -1 8 -1 -1 -1 -1 -1 -1 -1 -1 -1 1 9 -1 10 6 -1 7 -1 -1 11 -1 -1 -1 13 -1 -1 -1 15 -1 -1 12 -1 -1 -1 14 -1 -1 31 -1 -1 -1 -1 -1 -1 16 -1 -1 -1 30 -1 29 -1 28 -1 27 23 26 -1 -1 18 -1 17 -1 25 -1 -1 -1 -1 -1 -1 -1 -1 -1 24 -1 22 21 20 19 -1 -1 -1 
0 -1 2 3 4 5 -1 -1 8 -1 -1 -1 -1 -1 -1 -1 -1 -1 1 9 -1 -1 6 -1 7 -1 -1 11 -1 -1 -1 13 -1 -1 -1 15 -1 -1 12 -1 -1 -1 14 -1 -1 31 -1 -1 -1 -1 -1 -1 16 -1 -1 -1 30 -1 29 -1 28 -1 27 23 26 -1 10 18 -1 17 -1 25 -1 -1 -1 -1 -1 -1 -1 -1 -1 24 -1 22 21 20 19 -1 -1 -1 
0 -1 2 3 4 5 -1 -1 8 -1 -1 -1 -1 -1 -1 -1 -1 -1 1 9 -1 -1 6 -1 7 -1 -1 11 -1 -1 -1 13 -1 -1 -1 15 -1 -1 12 -1 -1 -1 14 -1 -1 31 -1 -1 -1 -1 -1 -1 16 -1 -1 -1 30 -1 29 -1 28 -1 27 23 26 -1 10 18 -1 17 -1 25 -1 -1 -1 -1 19 -1 -1 -1 -1 24 -1 22 21 20 -1 -1 -1 -1 
0 -1 2 3 4 5 -1 -1 8 -1 -1 -1 -1 -1 -1 -1 -1 -1 1 9 -1 -1 6 -1 7 -1 -1 11 -1 -1 -1 13 -1 -1 -1 15 -1 -1 12 -1 -1 -1 14 -1 -1 31 -1 -1 -1 -1 -1 -1 16 -1 -1 -1 30 -1 29 -1 28 -1 27 10 26 -1 -1 18 -1 17 -1 25 -1 -1 -1 -1 19 -1 -1 -1 -1 24 -1 22 21 20 -1 -1 -1 -1 
0 -1 2 3 4 5 -1 -1 8 -1 -1 -1 -1 -1 -1 -1 -1 -1 1 9 -1 -1 6 -1 7 -1 -1 11 -1 -1 -1 13 -1 -1 -1 15 -1 -1 12 -1 -1 -1 14 -1 -1 31 -1 -1 -1 -1 -1 -1 16 -1 -1 -1 30 -1 29 -1 28 -1 27 24 26 -1 -1 18 -1 17 -1 25 -1 -1 -1 -1 19 -1 -1 -1 -1 -1 -1 22 21 20 -1 -1 -1 -1 
0 -1 2 3 4 5 -1 -1 8 -1 -1 -1 -1 -1 -1 -1 -1 -1 1 -1 -1 9 6 -1 7 -1 -1 11 -1 -1 -1 13 -1 -1 -1 15 -1 -1 12 -1 -1 -1 14 -1 -1 31 -1 -1 -1 -1 -1 -1 16 -1 -1 -1 30 -1 29 -1 28 -1 27 24 26 -1 -1 18 -1 17 -1 25 -1 -1 -1 -1 19 -1 -1 -1 -1 -1 -1 22 21 20 -1 -1 -1 -1 
0 -1 2 3 4 5 -1 -1 8 -1 -1 -1 -1 -1 -1 -1 -1 -1 1 -1 -1 9 6 -1 7 -1 -1 11 26 -1 -1 13 -1 -1 -1 15 -1 -1 12 -1 -1 -1 14 -1 -1 31 -1 -1 -1 -1 -1 -1 16 -1 -1 -1 30 -1 29 -1 28 -1 27 24 -1 -1 -1 18 -1 17 -1 25 -1 -1 -1 -1 19 -1 -1 -1 -1 -1 -1 22 21 20 -1 -1 -1 -1 
-1 0 2 3 4 5 -1 -1 8 -1 -1 -1 -1 -1 -1 -1 -1 -1 1 -1 -1 9 6 -1 7 -1 -1 11 26 -1 -1 13 -1 -1 -1 15 -1 -1 12 -1 -1 -1 14 -1 -1 31 -1 -1 -1 -1 -1 -1 16 -1 -1 -1 30 -1 29 -1 28 -1 27 24 -1 -1 -1 18 -1 17 -1 25 -1 -1 -1 -1 19 -1 -1 -1 -1 -1 -1 22 21 20 -1 -1 -1 -1 
-1 0 2 3 4 5 -1 -1 8 -1 -1 -1 -1 -1 -1 -1 -1 -1 1 -1 -1 9 6 -1 7 -1 -1 11 -1 -1 -1 13 -1 -1 -1 26 -1 -1 12 -1 -1 -1 14 -1 -1 31 -1 -1 -1 -1 -1 -1 16 -1 -1 -1 30 -1 29 -1 28 -1 27 24 -1 -1 -1 18 -1 17 -1 25 -1 -1 -1 -1 19 -1 -1 -1 -1 -1 -1 22 21 20 -1 -1 -1 -1 
-1 0 2 3 4 5 -1 -1 8 -1 -1 -1 -1 -1 -1 -1 -1 -1 1 -1 -1 9 6 -1 -1 -1 -1 11 -1 -1 -1 13 -1 -1 -1 7 -1 -1 12 -1 -1 -1 14 -1 -1 31 -1 -1 -1 -1 -1 -1 16 -1 -1 -1 30 -1 29 -1 28 -1 27 24 -1 -1 -1 18 -1 17 -1 25 -1 -1 -1 -1 19 -1 -1 -1 -1 -1 -1 22 21 20 -1 -1 -1 -1 
-1 0 2 3 4 5 -1 -1 8 -1 -1 -1 -1 -1 -1 -1 -1 -1 1 -1 -1 9 6 -1 -1 -1 -1 11 -1 -1 -1 13 -1 -1 16 7 -1 -1 12 -1 -1 -1 14 -1 -1 31 -1 -1 -1 -1 -1 -1 -1 -1 -1 -1 30 -1 29 -1 28 -1 27 24 -1 -1 -1 18 -1 17 -1 25 -1 -1 -1 -1 19 -1 -1 -1 -1 -1 -1 22 21 20 -1 -1 -1 -1 
-1 0 2 3 4 -1 -1 -1 8 -1 -1 -1 -1 5 -1 -1 -1 -1 1 -1 -1 9 6 -1 -1 -1 -1 11 -1 -1 -1 13 -1 -1 16 7 -1 -1 12 -1 -1 -1 14 -1 -1 31 -1 -1 -1 -1 -1 -1 -1 -1 -1 -1 30 -1 29 -1 28 -1 27 24 -1 -1 -1 18 -1 17 -1 25 -1 -1 -1 -1 19 -1 -1 -1 -1 -1 -1 22 21 20 -1 -1 -1 -1 
-1 0 2 3 4 -1 -1 -1 8 -1 -1 -1 -1 5 -1 -1 -1 -1 1 -1 -1 9 6 -1 -1 -1 -1 11 -1 -1 -1 13 -1 -1 16 7 -1 -1 12 -1 -1 -1 14 -1 -1 31 -1 -1 -1 -1 -1 -1 -1 -1 -1 -1 30 -1 29 -1 28 -1 27 -1 -1 -1 24 18 -1 17 -1 25 -1 -1 -1 -1 19 -1 -1 -1 -1 -1 -1 22 21 20 -1 -1 -1 -1 
-1 0 2 3 4 -1 -1 -1 8 -1 -1 1 -1 5 -1 -1 -1 -1 -1 -1 -1 9 6 -1 -1 -1 -1 11 -1 -1 -1 13 -1 -1 16 7 -1 -1 12 -1 -1 -1 14 -1 -1 31 -1 -1 -1 -1 -1 -1 -1 -1 -1 -1 30 -1 29 -1 28 -1 27 -1 -1 -1 24 18 -1 17 -1 25 -1 -1 -1 -1 19 -1 -1 -1 -1 -1 -1 22 21 20 -1 -1 -1 -1 
-1 0 2 3 4 -1 -1 -1 8 -1 -1 1 -1 5 -1 -1 -1 -1 -1 -1 -1 9 6 -1 -1 -1 -1 11 -1 -1 -1 13 -1 -1 -1 16 -1 -1 12 -1 -1 -1 14 -1 -1 31 -1 -1 -1 -1 -1 -1 -1 -1 -1 -1 30 -1 29 -1 28 -1 27 -1 -1 -1 24 18 -1 17 -1 25 -1 -1 -1 -1 19 -1 -1 -1 -1 -1 -1 22 21 20 -1 -1 -1 -1 
-1 0 2 3 4 -1 -1 -1 -1 -1 -1 1 -1 5 -1 -1 -1 -1 -1 -1 -1 9 6 -1 -1 -1 -1 11 -1 -1 -1 13 -1 -1 -1 8 -1 -1 12 -1 -1 -1 14 -1 -1 31 -1 -1 -1 -1 -1 -1 -1 -1 -1 -1 30 -1 29 -1 28 -1 27 -1 -1 -1 24 18 -1 17 -1 25 -1 -1 -1 -1 19 -1 -1 -1 -1 -1 -1 22 21 20 -1 -1 -1 -1 
-1 0 2 3 4 -1 -1 -1 -1 -1 -1 1 -1 5 -1 -1 -1 -1 -1 -1 -1 9 6 -1 -1 -1 -1 11 -1 -1 -1 13 -1 -1 -1 25 -1 -1 12 -1 -1 -1 14 -1 -1 31 -1 -1 -1 -1 -1 -1 -1 -1 -1 -1 30 -1 29 -1 28 -1 27 -1 -1 -1 24 18 -1 17 -1 -1 -1 -1 -1 -1 19 -1 -1 -1 -1 -1 -1 22 21 20 -1 -1 -1 -1 
-1 -1 2 3 4 -1 -1 -1 -1 -1 -1 1 -1 5 -1 -1 -1 -1 -1 -1 -1 9 6 -1 -1 -1 -1 11 -1 -1 -1 13 -1 -1 -1 25 -1 -1 12 -1 -1 -1 14 -1 -1 31 0 -1 -1 -1 -1 -1 -1 -1 -1 -1 30 -1 29 -1 28 -1 27 -1 -1 -1 24 18 -1 17 -1 -1 -1 -1 -1 -1 19 -1 -1 -1 -1 -1 -1 22 21 20 -1 -1 -1 -1 
-1 -1 2 3 4 -1 -1 -1 -1 -1 -1 1 -1 5 -1 -1 -1 25 -1 -1 -1 9 6 -1 -1 -1 -1 11 -1 -1 -1 13 -1 -1 -1 -1 -1 -1 12 -1 -1 -1 14 -1 -1 31 0 -1 -1 -1 -1 -1 -1 -1 -1 -1 30 -1 29 -1 28 -1 27 -1 -1 -1 24 18 -1 17 -1 -1 -1 -1 -1 -1 19 -1 -1 -1 -1 -1 -1 22 21 20 -1 -1 -1 -1 
-1 -1 2 3 4 -1 -1 -1 -1 -1 -1 -1 -1 5 -1 -1 -1 25 -1 -1 -1 9 6 -1 -1 -1 -1 11 1 -1 -1 13 -1 -1 -1 -1 -1 -1 12 -1 -1 -1 14 -1 -1 31 0 -1 -1 -1 -1 -1 -1 -1 -1 -1 30 -1 29 -1 28 -1 27 -1 -1 -1 24 18 -1 17 -1 -1 -1 -1 -1 -1 19 -1 -1 -1 -1 -1 -1 22 21 20 -1 -1 -1 -1 
-1 -1 2 3 4 -1 -1 -1 -1 -1 -1 -1 -1 5 -1 -1 -1 25 -1 -1 -1 9 6 -1 -1 -1 -1 11 1 -1 24 13 -1 -1 -1 -1 -1 -1 12 -1 -1 -1 14 -1 -1 31 0 -1 -1 -1 -1 -1 -1 -1 -1 -1 30 -1 29 -1 28 -1 27 -1 -1 -1 -1 18 -1 17 -1 -1 -1 -1 -1 -1 19 -1 -1 -1 -1 -1 -1 22 21 20 -1 -1 -1 -1 
-1 -1 2 3 4 -1 -1 -1 -1 -1 -1 -1 -1 5 -1 -1 -1 25 -1 -1 -1 9 6 -1 -1 -1 -1 11 -1 -1 24 13 -1 -1 -1 -1 -1 -1 12 -1 -1 -1 14 -1 -1 1 0 -1 -1 -1 -1 -1 -1 -1 -1 -1 30 -1 29 -1 28 -1 27 -1 -1 -1 -1 18 -1 17 -1 -1 -1 -1 -1 -1 19 -1 -1 -1 -1 -1 -1 22 21 20 -1 -1 -1 -1 
-1 -1 2 3 4 -1 -1 -1 -1 -1 -1 -1 -1 5 -1 -1 -1 25 -1 -1 -1 9 6 -1 -1 -1 -1 11 -1 -1 -1 24 -1 -1 -1 -1 -1 -1 12 -1 -1 -1 14 -1 -1 1 0 -1 -1 -1 -1 -1 -1 -1 -1 -1 30 -1 29 -1 28 -1 27 -1 -1 -1 -1 18 -1 17 -1 -1 -1 -1 -1 -1 19 -1 -1 -1 -1 -1 -1 22 21 20 -1 -1 -1 -1 
-1 -1 2 3 4 -1 -1 -1 -1 -1 -1 -1 -1 5 -1 -1 -1 25 -1 -1 -1 9 6 -1 -1 -1 -1 11 0 -1 -1 24 -1 -1 -1 -1 -1 -1 12 -1 -1 -1 14 -1 -1 1 -1 -1 -1 -1 -1 -1 -1 -1 -1 -1 30 -1 29 -1 28 -1 27 -1 -1 -1 -1 18 -1 17 -1 -1 -1 -1 -1 -1 19 -1 -1 -1 -1 -1 -1 22 21 20 -1 -1 -1 -1 
-1 -1 2 3 4 -1 -1 -1 -1 -1 -1 -1 -1 5 -1 -1 -1 25 -1 -1 -1 9 6 -1 -1 -1 -1 11 24 -1 -1 -1 -1 -1 -1 -1 -1 -1 12 -1 -1 -1 14 -1 -1 1 -1 -1 -1 -1 -1 -1 -1 -1 -1 -1 30 -1 29 -1 28 -1 27 -1 -1 -1 -1 18 -1 17 -1 -1 -1 -1 -1 -1 19 -1 -1 -1 -1 -1 -1 22 21 20 -1 -1 -1 -1 
-1 -1 2 3 4 -1 -1 -1 -1 -1 -1 -1 -1 5 -1 -1 -1 25 -1 -1 -1 9 6 -1 -1 -1 -1 11 1 -1 -1 -1 -1 -1 -1 -1 -1 -1 12 -1 -1 -1 14 -1 -1 -1 -1 -1 -1 -1 -1 -1 -1 -1 -1 -1 30 -1 29 -1 28 -1 27 -1 -1 -1 -1 18 -1 17 -1 -1 -1 -1 -1 -1 19 -1 -1 -1 -1 -1 -1 22 21 20 -1 -1 -1 -1 
-1 -1 2 3 4 -1 -1 -1 -1 -1 -1 -1 -1 5 -1 -1 -1 25 -1 -1 -1 9 6 -1 -1 -1 -1 11 1 -1 -1 -1 -1 -1 -1 -1 -1 -1 12 -1 -1 -1 14 -1 -1 -1 -1 -1 -1 29 -1 -1 -1 -1 -1 -1 30 -1 -1 -1 28 -1 27 -1 -1 -1 -1 18 -1 17 -1 -1 -1 -1 -1 -1 19 -1 -1 -1 -1 -1 -1 22 21 20 -1 -1 -1 -1 
-1 -1 2 3 4 -1 -1 -1 -1 -1 -1 -1 -1 5 -1 -1 -1 25 -1 -1 -1 9 6 -1 -1 -1 -1 11 -1 -1 -1 -1 -1 -1 -1 -1 -1 -1 12 1 -1 -1 14 -1 -1 -1 -1 -1 -1 29 -1 -1 -1 -1 -1 -1 30 -1 -1 -1 28 -1 27 -1 -1 -1 -1 18 -1 17 -1 -1 -1 -1 -1 -1 19 -1 -1 -1 -1 -1 -1 22 21 20 -1 -1 -1 -1 
-1 -1 2 3 4 -1 -1 -1 -1 -1 -1 -1 -1 5 -1 -1 -1 25 -1 -1 -1 9 6 -1 -1 -1 -1 11 -1 -1 -1 -1 -1 -1 -1 -1 -1 -1 12 1 -1 -1 14 -1 -1 -1 -1 30 -1 29 -1 -1 -1 -1 -1 -1 -1 -1 -1 -1 28 -1 27 -1 -1 -1 -1 18 -1 17 -1 -1 -1 -1 -1 -1 19 -1 -1 -1 -1 -1 -1 22 21 20 -1 -1 -1 -1 
-1 -1 2 3 4 -1 -1 -1 -1 -1 -1 -1 -1 5 -1 -1 -1 25 -1 -1 -1 9 6 -1 -1 -1 -1 11 -1 -1 -1 -1 -1 -1 -1 -1 -1 -1 -1 1 -1 -1 14 -1 -1 -1 -1 12 -1 29 -1 -1 -1 -1 -1 -1 -1 -1 -1 -1 28 -1 27 -1 -1 -1 -1 18 -1 17 -1 -1 -1 -1 -1 -1 19 -1 -1 -1 -1 -1 -1 22 21 20 -1 -1 -1 -1 
-1 -1 2 3 4 -1 -1 -1 -1 -1 -1 -1 -1 5 -1 -1 -1 25 -1 -1 -1 9 6 -1 -1 -1 -1 11 -1 -1 -1 -1 -1 -1 -1 -1 -1 -1 -1 1 -1 -1 14 -1 -1 -1 -1 18 -1 29 -1 -1 -1 -1 -1 -1 -1 -1 -1 -1 28 -1 27 -1 -1 -1 -1 -1 -1 17 -1 -1 -1 -1 -1 -1 19 -1 -1 -1 -1 -1 -1 22 21 20 -1 -1 -1 -1 
-1 -1 2 3 4 -1 -1 -1 -1 -1 -1 -1 -1 5 -1 -1 -1 25 -1 -1 -1 9 6 -1 -1 -1 -1 11 -1 -1 -1 -1 -1 -1 -1 -1 -1 -1 -1 -1 -1 -1 14 -1 -1 -1 -1 18 -1 29 -1 -1 -1 -1 -1 -1 1 -1 -1 -1 28 -1 27 -1 -1 -1 -1 -1 -1 17 -1 -1 -1 -1 -1 -1 19 -1 -1 -1 -1 -1 -1 22 21 20 -1 -1 -1 -1 
-1 -1 2 3 4 -1 -1 -1 -1 -1 -1 -1 -1 5 -1 -1 -1 25 -1 -1 -1 9 6 -1 -1 -1 -1 11 -1 -1 -1 -1 -1 -1 -1 -1 -1 -1 -1 -1 29 -1 14 -1 -1 -1 -1 18 -1 -1 -1 -1 -1 -1 -1 -1 1 -1 -1 -1 28 -1 27 -1 -1 -1 -1 -1 -1 17 -1 -1 -1 -1 -1 -1 19 -1 -1 -1 -1 -1 -1 22 21 20 -1 -1 -1 -1 
-1 -1 2 3 4 -1 -1 -1 -1 -1 -1 -1 -1 5 -1 -1 -1 25 -1 -1 -1 9 6 -1 -1 -1 -1 11 -1 -1 -1 -1 -1 -1 -1 -1 -1 -1 -1 -1 29 -1 14 -1 -1 -1 -1 18 -1 1 -1 -1 -1 -1 -1 -1 -1 -1 -1 -1 28 -1 27 -1 -1 -1 -1 -1 -1 17 -1 -1 -1 -1 -1 -1 19 -1 -1 -1 -1 -1 -1 22 21 20 -1 -1 -1 -1 
-1 -1 2 3 4 -1 -1 -1 -1 -1 -1 -1 -1 5 -1 25 -1 -1 -1 -1 -1 9 6 -1 -1 -1 -1 11 -1 -1 -1 -1 -1 -1 -1 -1 -1 -1 -1 -1 29 -1 14 -1 -1 -1 -1 18 -1 1 -1 -1 -1 -1 -1 -1 -1 -1 -1 -1 28 -1 27 -1 -1 -1 -1 -1 -1 17 -1 -1 -1 -1 -1 -1 19 -1 -1 -1 -1 -1 -1 22 21 20 -1 -1 -1 -1 
-1 -1 2 3 4 -1 -1 -1 -1 -1 -1 -1 -1 5 -1 25 -1 -1 -1 -1 -1 -1 6 -1 -1 -1 -1 11 -1 -1 -1 -1 -1 -1 -1 -1 -1 -1 -1 -1 29 -1 14 -1 -1 -1 -1 18 -1 1 -1 -1 -1 -1 -1 -1 -1 9 -1 -1 28 -1 27 -1 -1 -1 -1 -1 -1 17 -1 -1 -1 -1 -1 -1 19 -1 -1 -1 -1 -1 -1 22 21 20 -1 -1 -1 -1 
-1 -1 2 3 4 -1 -1 -1 -1 -1 -1 -1 -1 5 -1 25 -1 -1 -1 -1 -1 -1 6 -1 -1 -1 -1 11 -1 -1 -1 -1 -1 -1 -1 -1 -1 -1 -1 -1 29 -1 14 -1 -1 -1 -1 18 -1 1 -1 -1 -1 27 -1 -1 -1 9 -1 -1 28 -1 -1 -1 -1 -1 -1 -1 -1 17 -1 -1 -1 -1 -1 -1 19 -1 -1 -1 -1 -1 -1 22 21 20 -1 -1 -1 -1 
-1 -1 2 3 4 -1 -1 -1 -1 -1 -1 -1 -1 5 -1 25 -1 -1 -1 -1 -1 -1 6 -1 -1 -1 -1 -1 -1 -1 -1 -1 -1 -1 -1 -1 11 -1 -1 -1 29 -1 14 -1 -1 -1 -1 18 -1 1 -1 -1 -1 27 -1 -1 -1 9 -1 -1 28 -1 -1 -1 -1 -1 -1 -1 -1 17 -1 -1 -1 -1 -1 -1 19 -1 -1 -1 -1 -1 -1 22 21 20 -1 -1 -1 -1 
-1 -1 2 3 4 -1 -1 -1 -1 -1 -1 -1 -1 5 -1 25 -1 -1 -1 -1 -1 -1 6 -1 -1 -1 -1 -1 -1 -1 -1 -1 -1 -1 -1 -1 11 -1 -1 -1 29 -1 14 -1 27 -1 -1 18 -1 1 -1 -1 -1 -1 -1 -1 -1 9 -1 -1 28 -1 -1 -1 -1 -1 -1 -1 -1 17 -1 -1 -1 -1 -1 -1 19 -1 -1 -1 -1 -1 -1 22 21 20 -1 -1 -1 -1 
-1 -1 2 3 4 -1 -1 -1 -1 -1 -1 -1 -1 5 -1 25 -1 -1 -1 -1 -1 -1 6 -1 -1 -1 -1 -1 -1 -1 -1 -1 -1 -1 -1 -1 -1 -1 -1 -1 29 -1 14 -1 27 11 -1 18 -1 1 -1 -1 -1 -1 -1 -1 -1 9 -1 -1 28 -1 -1 -1 -1 -1 -1 -1 -1 17 -1 -1 -1 -1 -1 -1 19 -1 -1 -1 -1 -1 -1 22 21 20 -1 -1 -1 -1 
-1 -1 2 3 4 -1 -1 -1 -1 -1 -1 -1 -1 5 -1 25 -1 -1 -1 -1 -1 -1 6 -1 -1 -1 -1 -1 -1 -1 -1 -1 -1 -1 -1 -1 -1 -1 -1 -1 29 -1 14 27 -1 11 -1 18 -1 1 -1 -1 -1 -1 -1 -1 -1 9 -1 -1 28 -1 -1 -1 -1 -1 -1 -1 -1 17 -1 -1 -1 -1 -1 -1 19 -1 -1 -1 -1 -1 -1 22 21 20 -1 -1 -1 -1 
-1 -1 2 3 4 -1 -1 -1 -1 -1 -1 -1 -1 5 -1 25 -1 -1 -1 -1 -1 -1 6 -1 -1 -1 -1 -1 -1 -1 -1 -1 -1 -1 -1 -1 -1 -1 -1 -1 29 -1 14 27 -1 -1 11 18 -1 1 -1 -1 -1 -1 -1 -1 -1 9 -1 -1 28 -1 -1 -1 -1 -1 -1 -1 -1 17 -1 -1 -1 -1 -1 -1 19 -1 -1 -1 -1 -1 -1 22 21 20 -1 -1 -1 -1 
-1 -1 2 3 4 -1 -1 -1 -1 -1 -1 -1 -1 5 -1 25 -1 -1 -1 -1 -1 -1 6 -1 -1 -1 -1 -1 -1 -1 -1 -1 -1 -1 -1 -1 -1 -1 -1 -1 29 -1 14 27 -1 -1 11 -1 -1 1 -1 -1 -1 -1 -1 -1 -1 9 -1 -1 28 -1 -1 18 -1 -1 -1 -1 -1 17 -1 -1 -1 -1 -1 -1 19 -1 -1 -1 -1 -1 -1 22 21 20 -1 -1 -1 -1 
-1 -1 2 3 4 -1 -1 -1 -1 -1 -1 -1 -1 5 -1 25 -1 -1 -1 -1 -1 -1 6 -1 -1 -1 -1 -1 -1 -1 -1 -1 -1 -1 -1 -1 -1 -1 -1 -1 29 -1 14 27 -1 -1 11 -1 -1 1 -1 -1 -1 -1 9 -1 -1 -1 -1 -1 28 -1 -1 18 -1 -1 -1 -1 -1 17 -1 -1 -1 -1 -1 -1 19 -1 -1 -1 -1 -1 -1 22 21 20 -1 -1 -1 -1 
-1 -1 2 3 4 -1 -1 -1 -1 -1 -1 -1 -1 5 -1 25 -1 -1 -1 -1 -1 -1 6 -1 -1 -1 -1 -1 -1 -1 -1 -1 -1 -1 -1 -1 -1 -1 -1 -1 29 -1 27 -1 -1 -1 11 -1 -1 1 -1 -1 -1 -1 9 -1 -1 -1 -1 -1 28 -1 -1 18 -1 -1 -1 -1 -1 17 -1 -1 -1 -1 -1 -1 19 -1 -1 -1 -1 -1 -1 22 21 20 -1 -1 -1 -1 
-1 -1 2 3 4 -1 -1 -1 -1 -1 -1 -1 -1 5 -1 25 -1 -1 -1 -1 -1 -1 -1 -1 -1 -1 -1 -1 -1 -1 -1 -1 -1 -1 -1 -1 -1 -1 -1 -1 29 -1 6 -1 -1 -1 11 -1 -1 1 -1 -1 -1 -1 9 -1 -1 -1 -1 -1 28 -1 -1 18 -1 -1 -1 -1 -1 17 -1 -1 -1 -1 -1 -1 19 -1 -1 -1 -1 -1 -1 22 21 20 -1 -1 -1 -1 
-1 -1 2 3 4 -1 -1 -1 -1 -1 -1 -1 -1 5 -1 25 -1 -1 -1 -1 -1 -1 -1 -1 -1 -1 -1 -1 -1 -1 -1 -1 -1 27 -1 -1 -1 -1 -1 -1 29 -1 -1 -1 -1 -1 11 -1 -1 1 -1 -1 -1 -1 9 -1 -1 -1 -1 -1 28 -1 -1 18 -1 -1 -1 -1 -1 17 -1 -1 -1 -1 -1 -1 19 -1 -1 -1 -1 -1 -1 22 21 20 -1 -1 -1 -1 
-1 -1 2 3 4 -1 -1 -1 -1 -1 -1 -1 -1 5 -1 25 -1 -1 -1 -1 -1 -1 6 -1 -1 -1 -1 -1 -1 -1 -1 -1 -1 27 -1 -1 -1 -1 -1 -1 29 -1 -1 -1 -1 -1 11 -1 -1 1 -1 -1 -1 -1 9 -1 -1 -1 -1 -1 28 -1 -1 18 -1 -1 -1 -1 -1 17 -1 -1 -1 -1 -1 -1 19 -1 -1 -1 -1 -1 -1 22 21 20 -1 -1 -1 -1 
-1 -1 2 3 4 -1 -1 -1 -1 -1 -1 -1 -1 5 -1 -1 -1 -1 -1 -1 -1 -1 6 -1 -1 -1 -1 -1 -1 -1 -1 -1 -1 25 -1 -1 -1 -1 -1 -1 29 -1 -1 -1 -1 -1 11 -1 -1 1 -1 -1 -1 -1 9 -1 -1 -1 -1 -1 28 -1 -1 18 -1 -1 -1 -1 -1 17 -1 -1 -1 -1 -1 -1 19 -1 -1 -1 -1 -1 -1 22 21 20 -1 -1 -1 -1 
-1 -1 2 3 4 -1 -1 -1 -1 -1 -1 -1 -1 5 -1 -1 -1 -1 -1 -1 -1 -1 6 -1 -1 -1 -1 -1 -1 -1 -1 -1 -1 25 -1 -1 -1 -1 1 -1 29 -1 -1 -1 -1 -1 11 -1 -1 -1 -1 -1 -1 -1 9 -1 -1 -1 -1 -1 28 -1 -1 18 -1 -1 -1 -1 -1 17 -1 -1 -1 -1 -1 -1 19 -1 -1 -1 -1 -1 -1 22 21 20 -1 -1 -1 -1 
-1 -1 2 3 4 -1 -1 -1 -1 -1 -1 -1 -1 5 -1 -1 -1 -1 -1 -1 -1 -1 6 -1 -1 -1 -1 -1 -1 -1 -1 -1 -1 25 -1 -1 -1 -1 1 29 -1 -1 -1 -1 -1 -1 11 -1 -1 -1 -1 -1 -1 -1 9 -1 -1 -1 -1 -1 28 -1 -1 18 -1 -1 -1 -1 -1 17 -1 -1 -1 -1 -1 -1 19 -1 -1 -1 -1 -1 -1 22 21 20 -1 -1 -1 -1 
-1 -1 2 3 4 -1 -1 -1 -1 -1 -1 -1 -1 5 -1 -1 -1 -1 -1 -1 -1 -1 6 -1 -1 -1 -1 -1 -1 -1 -1 -1 -1 25 -1 -1 -1 -1 -1 29 -1 -1 -1 -1 -1 -1 11 -1 -1 -1 -1 -1 -1 -1 9 -1 -1 1 -1 -1 28 -1 -1 18 -1 -1 -1 -1 -1 17 -1 -1 -1 -1 -1 -1 19 -1 -1 -1 -1 -1 -1 22 21 20 -1 -1 -1 -1 
-1 -1 2 3 4 -1 -1 -1 -1 -1 -1 -1 -1 5 -1 -1 -1 -1 -1 -1 -1 -1 6 -1 -1 -1 -1 -1 -1 -1 -1 -1 -1 25 -1 -1 -1 -1 -1 29 -1 -1 -1 -1 -1 -1 11 -1 -1 -1 -1 -1 -1 -1 9 -1 -1 1 -1 -1 28 -1 -1 18 -1 -1 -1 -1 -1 17 -1 -1 -1 -1 -1 -1 19 -1 -1 -1 -1 -1 -1 22 21 -1 20 -1 -1 -1 
-1 -1 2 3 4 -1 -1 -1 -1 -1 -1 -1 -1 5 -1 -1 -1 -1 -1 -1 -1 -1 6 -1 -1 -1 -1 -1 -1 -1 -1 -1 -1 25 -1 -1 -1 -1 -1 29 -1 -1 -1 -1 -1 -1 -1 -1 -1 -1 -1 -1 -1 -1 9 11 -1 1 -1 -1 28 -1 -1 18 -1 -1 -1 -1 -1 17 -1 -1 -1 -1 -1 -1 19 -1 -1 -1 -1 -1 -1 22 21 -1 20 -1 -1 -1 
-1 -1 2 3 4 -1 -1 -1 -1 -1 -1 -1 -1 5 -1 -1 -1 -1 -1 -1 -1 -1 6 -1 -1 -1 -1 -1 -1 -1 -1 25 -1 -1 -1 -1 -1 -1 -1 29 -1 -1 -1 -1 -1 -1 -1 -1 -1 -1 -1 -1 -1 -1 9 11 -1 1 -1 -1 28 -1 -1 18 -1 -1 -1 -1 -1 17 -1 -1 -1 -1 -1 -1 19 -1 -1 -1 -1 -1 -1 22 21 -1 20 -1 -1 -1 
-1 -1 2 3 4 -1 -1 -1 -1 -1 -1 -1 -1 5 -1 -1 -1 -1 -1 -1 -1 -1 6 -1 -1 -1 -1 -1 -1 -1 -1 25 -1 -1 -1 -1 9 -1 -1 29 -1 -1 -1 -1 -1 -1 -1 -1 -1 -1 -1 -1 -1 -1 -1 11 -1 1 -1 -1 28 -1 -1 18 -1 -1 -1 -1 -1 17 -1 -1 -1 -1 -1 -1 19 -1 -1 -1 -1 -1 -1 22 21 -1 20 -1 -1 -1 
-1 -1 2 3 4 -1 -1 -1 -1 -1 -1 -1 -1 5 -1 -1 -1 -1 -1 -1 -1 -1 6 -1 -1 -1 -1 -1 -1 -1 -1 25 -1 -1 -1 -1 9 -1 -1 29 -1 -1 -1 -1 -1 -1 -1 -1 -1 -1 -1 -1 -1 -1 -1 11 -1 1 -1 -1 28 -1 -1 18 -1 -1 -1 22 -1 17 -1 -1 -1 -1 -1 -1 19 -1 -1 -1 -1 -1 -1 -1 21 -1 20 -1 -1 -1 
-1 -1 2 3 4 -1 -1 -1 -1 -1 -1 -1 -1 5 -1 -1 -1 -1 -1 -1 -1 -1 6 -1 -1 -1 -1 -1 -1 -1 -1 25 -1 -1 -1 -1 9 -1 -1 29 -1 -1 -1 -1 -1 -1 -1 -1 -1 -1 -1 -1 -1 -1 -1 11 -1 -1 -1 -1 28 -1 -1 18 -1 -1 -1 22 -1 17 -1 -1 -1 -1 1 -1 19 -1 -1 -1 -1 -1 -1 -1 21 -1 20 -1 -1 -1 
-1 -1 2 3 4 -1 -1 -1 -1 -1 -1 -1 -1 5 -1 -1 -1 -1 -1 -1 -1 -1 6 -1 -1 -1 -1 -1 -1 -1 -1 25 -1 -1 -1 -1 9 -1 -1 29 -1 -1 -1 -1 -1 -1 -1 -1 -1 -1 -1 -1 -1 -1 -1 11 -1 -1 -1 -1 28 -1 -1 -1 -1 -1 -1 22 -1 17 -1 -1 -1 -1 1 -1 19 -1 -1 -1 -1 -1 -1 18 21 -1 20 -1 -1 -1 
-1 -1 2 3 4 -1 -1 -1 -1 -1 -1 -1 -1 5 -1 -1 -1 -1 -1 -1 -1 -1 6 -1 -1 -1 -1 -1 -1 -1 -1 25 -1 -1 -1 -1 9 -1 -1 29 -1 -1 -1 -1 -1 -1 -1 -1 -1 -1 -1 -1 -1 -1 -1 -1 11 -1 -1 -1 28 -1 -1 -1 -1 -1 -1 22 -1 17 -1 -1 -1 -1 1 -1 19 -1 -1 -1 -1 -1 -1 18 21 -1 20 -1 -1 -1 
-1 -1 2 3 4 -1 -1 -1 -1 -1 -1 -1 -1 5 -1 -1 -1 -1 -1 -1 -1 -1 6 -1 -1 -1 -1 -1 -1 -1 -1 25 -1 -1 -1 -1 9 -1 -1 29 -1 -1 -1 -1 -1 -1 -1 -1 -1 -1 17 -1 -1 -1 -1 -1 11 -1 -1 -1 28 -1 -1 -1 -1 -1 -1 22 -1 -1 -1 -1 -1 -1 1 -1 19 -1 -1 -1 -1 -1 -1 18 21 -1 20 -1 -1 -1 
-1 -1 2 3 -1 4 -1 -1 -1 -1 -1 -1 -1 5 -1 -1 -1 -1 -1 -1 -1 -1 6 -1 -1 -1 -1 -1 -1 -1 -1 25 -1 -1 -1 -1 9 -1 -1 29 -1 -1 -1 -1 -1 -1 -1 -1 -1 -1 17 -1 -1 -1 -1 -1 11 -1 -1 -1 28 -1 -1 -1 -1 -1 -1 22 -1 -1 -1 -1 -1 -1 1 -1 19 -1 -1 -1 -1 -1 -1 18 21 -1 20 -1 -1 -1 
-1 -1 2 3 -1 4 -1 -1 -1 -1 -1 -1 -1 5 -1 -1 -1 -1 -1 -1 -1 -1 6 -1 -1 -1 -1 -1 -1 -1 -1 25 -1 -1 -1 -1 9 -1 -1 29 -1 -1 -1 -1 -1 -1 -1 -1 -1 -1 17 -1 -1 -1 -1 -1 11 -1 -1 -1 28 -1 -1 -1 -1 -1 -1 22 19 -1 -1 -1 -1 -1 1 -1 -1 -1 -1 -1 -1 -1 -1 18 21 -1 20 -1 -1 -1 
-1 -1 2 3 -1 4 -1 -1 -1 -1 -1 -1 -1 5 -1 -1 -1 -1 -1 -1 -1 -1 6 -1 -1 -1 -1 9 -1 -1 -1 25 -1 -1 -1 -1 -1 -1 -1 29 -1 -1 -1 -1 -1 -1 -1 -1 -1 -1 17 -1 -1 -1 -1 -1 11 -1 -1 -1 28 -1 -1 -1 -1 -1 -1 22 19 -1 -1 -1 -1 -1 1 -1 -1 -1 -1 -1 -1 -1 -1 18 21 -1 20 -1 -1 -1 
-1 -1 2 3 -1 4 -1 -1 -1 -1 -1 -1 -1 5 -1 -1 -1 -1 -1 -1 -1 -1 6 -1 -1 -1 -1 9 -1 -1 -1 -1 25 -1 -1 -1 -1 -1 -1 29 -1 -1 -1 -1 -1 -1 -1 -1 -1 -1 17 -1 -1 -1 -1 -1 11 -1 -1 -1 28 -1 -1 -1 -1 -1 -1 22 19 -1 -1 -1 -1 -1 1 -1 -1 -1 -1 -1 -1 -1 -1 18 21 -1 20 -1 -1 -1 
-1 -1 2 3 -1 4 -1 -1 -1 -1 -1 -1 -1 5 -1 -1 -1 -1 -1 -1 -1 -1 6 -1 -1 -1 -1 9 -1 -1 -1 -1 25 -1 -1 -1 -1 -1 -1 29 -1 -1 -1 -1 -1 -1 -1 -1 -1 -1 17 -1 -1 -1 -1 -1 11 1 -1 -1 28 -1 -1 -1 -1 -1 -1 22 19 -1 -1 -1 -1 -1 -1 -1 -1 -1 -1 -1 -1 -1 -1 18 21 -1 20 -1 -1 -1 
-1 -1 2 3 -1 4 -1 -1 -1 -1 -1 -1 -1 5 -1 -1 -1 -1 -1 -1 -1 -1 6 -1 -1 -1 -1 9 -1 -1 -1 -1 25 -1 -1 -1 -1 -1 -1 29 -1 -1 -1 -1 -1 -1 -1 -1 -1 -1 -1 -1 -1 -1 -1 -1 11 1 -1 -1 28 -1 -1 -1 -1 -1 -1 22 19 17 -1 -1 -1 -1 -1 -1 -1 -1 -1 -1 -1 -1 -1 18 21 -1 20 -1 -1 -1 
-1 -1 2 3 4 -1 -1 -1 -1 -1 -1 -1 -1 5 -1 -1 -1 -1 -1 -1 -1 -1 6 -1 -1 -1 -1 9 -1 -1 -1 -1 25 -1 -1 -1 -1 -1 -1 29 -1 -1 -1 -1 -1 -1 -1 -1 -1 -1 -1 -1 -1 -1 -1 -1 11 1 -1 -1 28 -1 -1 -1 -1 -1 -1 22 19 17 -1 -1 -1 -1 -1 -1 -1 -1 -1 -1 -1 -1 -1 18 21 -1 20 -1 -1 -1 
-1 -1 2 3 4 -1 -1 -1 -1 -1 -1 -1 -1 5 -1 -1 -1 -1 -1 -1 -1 -1 6 -1 -1 -1 -1 9 -1 -1 -1 -1 25 -1 -1 -1 -1 -1 -1 29 -1 -1 -1 -1 -1 -1 -1 -1 -1 -1 -1 -1 -1 -1 -1 -1 11 1 -1 -1 28 -1 -1 -1 -1 -1 -1 22 -1 17 -1 -1 -1 -1 -1 -1 19 -1 -1 -1 -1 -1 -1 18 21 -1 20 -1 -1 -1 
-1 -1 2 3 4 -1 -1 -1 -1 -1 -1 -1 -1 5 -1 -1 -1 -1 -1 -1 -1 -1 6 -1 -1 -1 -1 -1 -1 -1 -1 -1 25 -1 -1 -1 9 -1 -1 29 -1 -1 -1 -1 -1 -1 -1 -1 -1 -1 -1 -1 -1 -1 -1 -1 11 1 -1 -1 28 -1 -1 -1 -1 -1 -1 22 -1 17 -1 -1 -1 -1 -1 -1 19 -1 -1 -1 -1 -1 -1 18 21 -1 20 -1 -1 -1 
-1 -1 2 3 4 -1 -1 -1 -1 -1 -1 -1 -1 5 -1 -1 -1 -1 -1 -1 -1 -1 6 -1 -1 -1 -1 -1 -1 -1 -1 25 -1 -1 -1 -1 9 -1 -1 29 -1 -1 -1 -1 -1 -1 -1 -1 -1 -1 -1 -1 -1 -1 -1 -1 11 1 -1 -1 28 -1 -1 -1 -1 -1 -1 22 -1 17 -1 -1 -1 -1 -1 -1 19 -1 -1 -1 -1 -1 -1 18 21 -1 20 -1 -1 -1 
-1 -1 2 3 4 -1 -1 -1 -1 -1 -1 -1 -1 5 -1 -1 -1 -1 -1 -1 -1 -1 6 -1 -1 -1 -1 -1 -1 -1 -1 25 -1 -1 -1 -1 9 -1 -1 29 -1 -1 -1 -1 -1 -1 -1 -1 -1 -1 -1 -1 -1 -1 -1 -1 11 -1 -1 -1 28 -1 -1 -1 -1 -1 -1 22 -1 17 -1 -1 -1 -1 1 -1 19 -1 -1 -1 -1 -1 -1 18 21 -1 20 -1 -1 -1 
-1 -1 2 3 4 -1 -1 -1 -1 -1 -1 -1 -1 5 -1 -1 -1 -1 -1 -1 -1 -1 6 -1 -1 -1 -1 -1 -1 -1 -1 25 -1 -1 -1 -1 9 -1 -1 29 -1 -1 -1 -1 -1 -1 -1 -1 -1 -1 -1 -1 17 -1 -1 -1 11 -1 -1 -1 28 -1 -1 -1 -1 -1 -1 22 -1 -1 -1 -1 -1 -1 1 -1 19 -1 -1 -1 -1 -1 -1 18 21 -1 20 -1 -1 -1 
-1 -1 2 3 4 -1 -1 -1 -1 -1 -1 -1 -1 5 -1 -1 -1 -1 -1 -1 -1 -1 6 -1 -1 -1 -1 9 -1 -1 -1 25 -1 -1 -1 -1 -1 -1 -1 29 -1 -1 -1 -1 -1 -1 -1 -1 -1 -1 -1 -1 17 -1 -1 -1 11 -1 -1 -1 28 -1 -1 -1 -1 -1 -1 22 -1 -1 -1 -1 -1 -1 1 -1 19 -1 -1 -1 -1 -1 -1 18 21 -1 20 -1 -1 -1 
-1 -1 2 3 4 -1 -1 -1 -1 -1 -1 -1 -1 5 -1 -1 -1 -1 -1 -1 -1 -1 6 -1 27 -1 -1 9 -1 -1 -1 25 -1 -1 -1 -1 -1 -1 -1 29 -1 -1 -1 -1 -1 -1 -1 -1 -1 -1 -1 -1 17 -1 -1 -1 11 -1 -1 -1 28 -1 -1 -1 -1 -1 -1 22 -1 -1 -1 -1 -1 -1 1 -1 19 -1 -1 -1 -1 -1 -1 18 21 -1 20 -1 -1 -1 
-1 -1 2 3 4 -1 -1 -1 -1 -1 -1 -1 -1 5 -1 -1 -1 -1 -1 -1 -1 -1 6 -1 27 -1 -1 9 -1 -1 -1 25 -1 -1 -1 -1 -1 -1 -1 29 -1 -1 -1 -1 -1 -1 -1 -1 -1 -1 -1 -1 17 -1 -1 -1 11 1 -1 -1 28 -1 -1 -1 -1 -1 -1 22 -1 -1 -1 -1 -1 -1 -1 -1 19 -1 -1 -1 -1 -1 -1 18 21 -1 20 -1 -1 -1 
-1 -1 2 3 4 -1 -1 -1 -1 -1 -1 -1 -1 5 -1 -1 -1 -1 -1 -1 -1 -1 6 -1 27 -1 -1 9 -1 -1 -1 -1 -1 -1 -1 -1 -1 -1 -1 29 -1 -1 -1 -1 -1 -1 -1 -1 -1 -1 -1 -1 17 -1 -1 -1 11 1 25 -1 28 -1 -1 -1 -1 -1 -1 22 -1 -1 -1 -1 -1 -1 -1 -1 19 -1 -1 -1 -1 -1 -1 18 21 -1 20 -1 -1 -1 
-1 -1 2 3 4 -1 -1 -1 -1 -1 -1 -1 -1 5 -1 -1 -1 -1 -1 -1 -1 -1 6 -1 27 -1 -1 -1 -1 -1 -1 -1 9 -1 -1 -1 -1 -1 -1 29 -1 -1 -1 -1 -1 -1 -1 -1 -1 -1 -1 -1 17 -1 -1 -1 11 1 25 -1 28 -1 -1 -1 -1 -1 -1 22 -1 -1 -1 -1 -1 -1 -1 -1 19 -1 -1 -1 -1 -1 -1 18 21 -1 20 -1 -1 -1 
-1 -1 2 3 4 -1 -1 -1 -1 -1 -1 -1 -1 5 -1 27 -1 -1 -1 -1 -1 -1 6 -1 -1 -1 -1 -1 -1 -1 -1 -1 9 -1 -1 -1 -1 -1 -1 29 -1 -1 -1 -1 -1 -1 -1 -1 -1 -1 -1 -1 17 -1 -1 -1 11 1 25 -1 28 -1 -1 -1 -1 -1 -1 22 -1 -1 -1 -1 -1 -1 -1 -1 19 -1 -1 -1 -1 -1 -1 18 21 -1 20 -1 -1 -1 
-1 -1 2 3 4 9 -1 -1 -1 -1 -1 -1 -1 5 -1 27 -1 -1 -1 -1 -1 -1 6 -1 -1 -1 -1 -1 -1 -1 -1 -1 -1 -1 -1 -1 -1 -1 -1 29 -1 -1 -1 -1 -1 -1 -1 -1 -1 -1 -1 -1 17 -1 -1 -1 11 1 25 -1 28 -1 -1 -1 -1 -1 -1 22 -1 -1 -1 -1 -1 -1 -1 -1 19 -1 -1 -1 -1 -1 -1 18 21 -1 20 -1 -1 -1 
-1 -1 2 3 4 9 -1 -1 -1 -1 -1 -1 -1 5 -1 27 -1 -1 -1 -1 -1 -1 6 -1 -1 -1 -1 -1 -1 -1 -1 -1 -1 -1 -1 -1 -1 -1 -1 29 -1 -1 -1 -1 -1 -1 -1 -1 -1 -1 -1 -1 17 -1 -1 -1 11 1 25 -1 28 -1 -1 -1 -1 -1 19 22 -1 -1 -1 -1 -1 -1 -1 -1 -1 -1 -1 -1 -1 -1 -1 18 21 -1 20 -1 -1 -1 
-1 -1 2 3 4 9 -1 -1 -1 -1 -1 -1 -1 5 -1 27 -1 -1 -1 -1 -1 -1 6 -1 -1 -1 -1 -1 -1 -1 -1 -1 -1 -1 -1 -1 -1 -1 -1 29 -1 -1 -1 -1 -1 -1 -1 -1 -1 -1 -1 -1 17 -1 -1 11 -1 1 25 -1 28 -1 -1 -1 -1 -1 19 22 -1 -1 -1 -1 -1 -1 -1 -1 -1 -1 -1 -1 -1 -1 -1 18 21 -1 20 -1 -1 -1 
-1 -1 2 3 4 9 -1 -1 -1 -1 -1 -1 -1 5 -1 27 -1 -1 -1 -1 -1 -1 6 -1 -1 -1 -1 -1 -1 -1 -1 -1 -1 -1 -1 -1 -1 -1 -1 29 -1 -1 -1 -1 -1 -1 -1 -1 -1 -1 -1 -1 17 -1 -1 11 -1 1 25 -1 28 -1 -1 -1 -1 -1 19 22 -1 -1 -1 -1 -1 -1 -1 -1 -1 -1 -1 -1 -1 -1 -1 18 21 20 -1 -1 -1 -1 
-1 -1 2 3 4 9 -1 -1 -1 -1 -1 -1 -1 5 -1 27 -1 -1 -1 -1 -1 -1 6 -1 -1 -1 -1 -1 -1 -1 -1 -1 -1 -1 -1 -1 -1 -1 -1 29 -1 -1 -1 -1 -1 -1 1 -1 -1 -1 -1 -1 17 -1 -1 11 -1 -1 25 -1 28 -1 -1 -1 -1 -1 19 22 -1 -1 -1 -1 -1 -1 -1 -1 -1 -1 -1 -1 -1 -1 -1 18 21 20 -1 -1 -1 -1 
-1 -1 2 3 4 9 -1 -1 -1 -1 -1 -1 -1 5 -1 27 -1 -1 -1 -1 -1 -1 6 -1 -1 -1 -1 -1 -1 -1 -1 -1 -1 -1 -1 -1 -1 -1 -1 29 -1 -1 -1 -1 -1 -1 1 22 -1 -1 -1 -1 17 -1 -1 11 -1 -1 25 -1 28 -1 -1 -1 -1 -1 19 -1 -1 -1 -1 -1 -1 -1 -1 -1 -1 -1 -1 -1 -1 -1 -1 18 21 20 -1 -1 -1 -1 
-1 -1 2 3 4 9 -1 -1 -1 -1 -1 -1 -1 5 -1 27 -1 -1 -1 -1 -1 -1 6 -1 -1 -1 -1 1 -1 -1 -1 -1 -1 -1 -1 -1 -1 -1 -1 29 -1 -1 -1 -1 -1 -1 -1 22 -1 -1 -1 -1 17 -1 -1 11 -1 -1 25 -1 28 -1 -1 -1 -1 -1 19 -1 -1 -1 -1 -1 -1 -1 -1 -1 -1 -1 -1 -1 -1 -1 -1 18 21 20 -1 -1 -1 -1 
-1 -1 2 3 4 9 -1 -1 -1 -1 -1 -1 -1 5 -1 27 -1 -1 -1 -1 -1 -1 6 -1 -1 -1 -1 1 -1 -1 -1 -1 -1 -1 -1 -1 -1 -1 -1 29 -1 17 -1 -1 -1 -1 -1 22 -1 -1 -1 -1 -1 -1 -1 11 -1 -1 25 -1 28 -1 -1 -1 -1 -1 19 -1 -1 -1 -1 -1 -1 -1 -1 -1 -1 -1 -1 -1 -1 -1 -1 18 21 20 -1 -1 -1 -1 
-1 -1 2 3 4 9 -1 -1 -1 -1 -1 -1 -1 5 -1 27 -1 -1 -1 -1 1 -1 6 -1 -1 -1 -1 -1 -1 -1 -1 -1 -1 -1 -1 -1 -1 -1 -1 29 -1 17 -1 -1 -1 -1 -1 22 -1 -1 -1 -1 -1 -1 -1 11 -1 -1 25 -1 28 -1 -1 -1 -1 -1 19 -1 -1 -1 -1 -1 -1 -1 -1 -1 -1 -1 -1 -1 -1 -1 -1 18 21 20 -1 -1 -1 -1 
-1 -1 2 3 4 9 -1 -1 -1 -1 -1 -1 -1 5 -1 27 -1 -1 -1 -1 1 -1 6 -1 -1 -1 -1 -1 -1 -1 29 -1 -1 -1 -1 -1 -1 -1 -1 -1 -1 17 -1 -1 -1 -1 -1 22 -1 -1 -1 -1 -1 -1 -1 11 -1 -1 25 -1 28 -1 -1 -1 -1 -1 19 -1 -1 -1 -1 -1 -1 -1 -1 -1 -1 -1 -1 -1 -1 -1 -1 18 21 20 -1 -1 -1 -1 
-1 -1 2 3 4 9 -1 -1 -1 -1 -1 -1 -1 5 -1 27 -1 -1 -1 -1 -1 -1 6 -1 -1 -1 -1 -1 -1 -1 29 -1 -1 -1 -1 -1 -1 -1 -1 1 -1 17 -1 -1 -1 -1 -1 22 -1 -1 -1 -1 -1 -1 -1 11 -1 -1 25 -1 28 -1 -1 -1 -1 -1 19 -1 -1 -1 -1 -1 -1 -1 -1 -1 -1 -1 -1 -1 -1 -1 -1 18 21 20 -1 -1 -1 -1 
-1 -1 2 3 4 9 -1 -1 -1 -1 -1 -1 -1 5 -1 27 -1 -1 -1 -1 -1 -1 6 -1 -1 -1 -1 -1 -1 -1 29 -1 -1 -1 -1 -1 -1 -1 -1 1 25 17 -1 -1 -1 -1 -1 22 -1 -1 -1 -1 -1 -1 -1 11 -1 -1 -1 -1 28 -1 -1 -1 -1 -1 19 -1 -1 -1 -1 -1 -1 -1 -1 -1 -1 -1 -1 -1 -1 -1 -1 18 21 20 -1 -1 -1 -1 
-1 -1 2 3 4 -1 -1 -1 -1 -1 -1 -1 -1 5 9 27 -1 -1 -1 -1 -1 -1 6 -1 -1 -1 -1 -1 -1 -1 29 -1 -1 -1 -1 -1 -1 -1 -1 1 25 17 -1 -1 -1 -1 -1 22 -1 -1 -1 -1 -1 -1 -1 11 -1 -1 -1 -1 28 -1 -1 -1 -1 -1 19 -1 -1 -1 -1 -1 -1 -1 -1 -1 -1 -1 -1 -1 -1 -1 -1 18 21 20 -1 -1 -1 -1 
-1 -1 2 3 4 -1 -1 -1 -1 -1 -1 -1 -1 5 9 27 -1 -1 -1 -1 -1 -1 6 -1 -1 -1 -1 -1 -1 -1 29 -1 -1 -1 -1 -1 -1 -1 -1 1 25 17 -1 -1 -1 -1 -1 22 -1 -1 -1 -1 -1 -1 -1 11 -1 -1 -1 -1 28 -1 -1 -1 -1 -1 19 18 -1 -1 -1 -1 -1 -1 -1 -1 -1 -1 -1 -1 -1 -1 -1 -1 21 20 -1 -1 -1 -1 
-1 -1 2 3 4 -1 -1 -1 -1 -1 -1 -1 -1 5 9 27 -1 -1 -1 -1 -1 -1 6 -1 -1 -1 -1 -1 -1 -1 29 -1 -1 -1 -1 -1 -1 -1 -1 1 25 17 -1 -1 -1 -1 -1 22 -1 -1 -1 -1 -1 -1 -1 -1 11 -1 -1 -1 28 -1 -1 -1 -1 -1 19 18 -1 -1 -1 -1 -1 -1 -1 -1 -1 -1 -1 -1 -1 -1 -1 -1 21 20 -1 -1 -1 -1 
-1 -1 2 3 4 -1 -1 -1 -1 -1 -1 -1 -1 5 9 27 -1 -1 -1 -1 -1 -1 6 -1 -1 -1 -1 -1 -1 -1 29 -1 -1 -1 -1 -1 -1 -1 -1 1 25 17 -1 -1 -1 -1 -1 22 -1 -1 -1 -1 -1 -1 -1 -1 11 -1 19 -1 28 -1 -1 -1 -1 -1 -1 18 -1 -1 -1 -1 -1 -1 -1 -1 -1 -1 -1 -1 -1 -1 -1 -1 21 20 -1 -1 -1 -1 
-1 -1 2 3 4 -1 -1 -1 -1 -1 -1 -1 -1 5 9 27 -1 -1 -1 -1 -1 -1 6 -1 -1 -1 -1 -1 -1 -1 29 -1 -1 -1 -1 -1 -1 -1 -1 1 25 17 -1 -1 -1 -1 -1 22 -1 -1 -1 -1 -1 -1 -1 -1 -1 11 19 -1 28 -1 -1 -1 -1 -1 -1 18 -1 -1 -1 -1 -1 -1 -1 -1 -1 -1 -1 -1 -1 -1 -1 -1 21 20 -1 -1 -1 -1 
-1 -1 2 3 4 -1 27 -1 -1 -1 -1 -1 -1 5 9 -1 -1 -1 -1 -1 -1 -1 6 -1 -1 -1 -1 -1 -1 -1 29 -1 -1 -1 -1 -1 -1 -1 -1 1 25 17 -1 -1 -1 -1 -1 22 -1 -1 -1 -1 -1 -1 -1 -1 -1 11 19 -1 28 -1 -1 -1 -1 -1 -1 18 -1 -1 -1 -1 -1 -1 -1 -1 -1 -1 -1 -1 -1 -1 -1 -1 21 20 -1 -1 -1 -1 
-1 -1 2 3 -1 4 27 -1 -1 -1 -1 -1 -1 5 9 -1 -1 -1 -1 -1 -1 -1 6 -1 -1 -1 -1 -1 -1 -1 29 -1 -1 -1 -1 -1 -1 -1 -1 1 25 17 -1 -1 -1 -1 -1 22 -1 -1 -1 -1 -1 -1 -1 -1 -1 11 19 -1 28 -1 -1 -1 -1 -1 -1 18 -1 -1 -1 -1 -1 -1 -1 -1 -1 -1 -1 -1 -1 -1 -1 -1 21 20 -1 -1 -1 -1 
-1 -1 2 3 -1 4 -1 -1 -1 -1 -1 -1 -1 5 9 -1 -1 -1 -1 -1 -1 -1 6 -1 -1 -1 -1 -1 -1 -1 29 -1 -1 -1 -1 -1 -1 -1 -1 1 25 17 -1 -1 -1 -1 -1 22 -1 -1 -1 -1 -1 -1 -1 -1 -1 11 19 -1 28 -1 -1 -1 -1 -1 -1 18 -1 -1 -1 -1 -1 -1 -1 -1 -1 -1 -1 -1 -1 -1 -1 -1 21 20 -1 -1 -1 -1 
-1 -1 2 3 -1 4 -1 -1 -1 -1 -1 -1 -1 5 -1 -1 -1 -1 -1 -1 -1 -1 6 9 -1 -1 -1 -1 -1 -1 29 -1 -1 -1 -1 -1 -1 -1 -1 1 25 17 -1 -1 -1 -1 -1 22 -1 -1 -1 -1 -1 -1 -1 -1 -1 11 19 -1 28 -1 -1 -1 -1 -1 -1 18 -1 -1 -1 -1 -1 -1 -1 -1 -1 -1 -1 -1 -1 -1 -1 -1 21 20 -1 -1 -1 -1 
-1 -1 2 3 -1 4 -1 -1 -1 -1 -1 -1 -1 5 -1 -1 -1 -1 -1 -1 -1 -1 6 9 17 -1 -1 -1 -1 -1 29 -1 -1 -1 -1 -1 -1 -1 -1 1 25 -1 -1 -1 -1 -1 -1 22 -1 -1 -1 -1 -1 -1 -1 -1 -1 11 19 -1 28 -1 -1 -1 -1 -1 -1 18 -1 -1 -1 -1 -1 -1 -1 -1 -1 -1 -1 -1 -1 -1 -1 -1 21 20 -1 -1 -1 -1 
-1 -1 2 3 -1 4 -1 -1 -1 -1 -1 -1 -1 5 -1 -1 -1 -1 -1 -1 -1 -1 6 9 17 -1 -1 -1 -1 -1 29 -1 -1 -1 -1 -1 -1 -1 -1 -1 25 -1 -1 -1 -1 -1 -1 22 -1 -1 -1 -1 -1 -1 -1 -1 -1 11 1 -1 28 -1 -1 -1 -1 -1 -1 18 -1 -1 -1 -1 -1 -1 -1 -1 -1 -1 -1 -1 -1 -1 -1 -1 21 20 -1 -1 -1 -1 
-1 -1 2 3 -1 4 -1 -1 -1 -1 -1 -1 -1 5 -1 -1 -1 -1 -1 -1 -1 -1 6 9 17 -1 -1 -1 -1 -1 29 -1 -1 -1 -1 -1 -1 -1 -1 -1 -1 -1 -1 -1 25 -1 -1 22 -1 -1 -1 -1 -1 -1 -1 -1 -1 11 1 -1 28 -1 -1 -1 -1 -1 -1 18 -1 -1 -1 -1 -1 -1 -1 -1 -1 -1 -1 -1 -1 -1 -1 -1 21 20 -1 -1 -1 -1 
-1 -1 2 3 -1 4 -1 -1 -1 -1 -1 -1 -1 5 -1 -1 -1 -1 -1 -1 -1 -1 6 -1 17 -1 -1 -1 -1 -1 29 -1 -1 -1 -1 -1 -1 -1 -1 -1 -1 -1 -1 -1 25 -1 -1 22 -1 -1 9 -1 -1 -1 -1 -1 -1 11 1 -1 28 -1 -1 -1 -1 -1 -1 18 -1 -1 -1 -1 -1 -1 -1 -1 -1 -1 -1 -1 -1 -1 -1 -1 21 20 -1 -1 -1 -1 
-1 -1 2 3 -1 4 -1 -1 25 -1 -1 -1 -1 5 -1 -1 -1 -1 -1 -1 -1 -1 6 -1 17 -1 -1 -1 -1 -1 29 -1 -1 -1 -1 -1 -1 -1 -1 -1 -1 -1 -1 -1 -1 -1 -1 22 -1 -1 9 -1 -1 -1 -1 -1 -1 11 1 -1 28 -1 -1 -1 -1 -1 -1 18 -1 -1 -1 -1 -1 -1 -1 -1 -1 -1 -1 -1 -1 -1 -1 -1 21 20 -1 -1 -1 -1 
-1 -1 2 3 -1 4 -1 -1 25 -1 -1 -1 -1 5 -1 -1 -1 -1 -1 -1 -1 -1 6 -1 17 -1 -1 -1 -1 -1 29 -1 -1 -1 -1 -1 -1 -1 -1 -1 -1 -1 -1 -1 -1 -1 -1 22 -1 -1 -1 -1 -1 9 -1 -1 -1 11 1 -1 28 -1 -1 -1 -1 -1 -1 18 -1 -1 -1 -1 -1 -1 -1 -1 -1 -1 -1 -1 -1 -1 -1 -1 21 20 -1 -1 -1 -1 
-1 -1 2 3 -1 4 -1 25 -1 -1 -1 -1 -1 5 -1 -1 -1 -1 -1 -1 -1 -1 6 -1 17 -1 -1 -1 -1 -1 29 -1 -1 -1 -1 -1 -1 -1 -1 -1 -1 -1 -1 -1 -1 -1 -1 22 -1 -1 -1 -1 -1 9 -1 -1 -1 11 1 -1 28 -1 -1 -1 -1 -1 -1 18 -1 -1 -1 -1 -1 -1 -1 -1 -1 -1 -1 -1 -1 -1 -1 -1 21 20 -1 -1 -1 -1 
-1 -1 2 3 -1 4 -1 25 -1 -1 -1 -1 -1 5 -1 -1 -1 -1 -1 -1 -1 -1 6 -1 17 -1 -1 -1 -1 -1 29 -1 -1 -1 -1 -1 -1 -1 -1 1 -1 -1 -1 -1 -1 -1 -1 22 -1 -1 -1 -1 -1 9 -1 -1 -1 11 -1 -1 28 -1 -1 -1 -1 -1 -1 18 -1 -1 -1 -1 -1 -1 -1 -1 -1 -1 -1 -1 -1 -1 -1 -1 21 20 -1 -1 -1 -1 
-1 -1 2 3 -1 4 -1 25 -1 -1 -1 -1 -1 5 -1 -1 -1 17 -1 -1 -1 -1 6 -1 -1 -1 -1 -1 -1 -1 29 -1 -1 -1 -1 -1 -1 -1 -1 1 -1 -1 -1 -1 -1 -1 -1 22 -1 -1 -1 -1 -1 9 -1 -1 -1 11 -1 -1 28 -1 -1 -1 -1 -1 -1 18 -1 -1 -1 -1 -1 -1 -1 -1 -1 -1 -1 -1 -1 -1 -1 -1 21 20 -1 -1 -1 -1 
-1 -1 2 3 4 -1 -1 25 -1 -1 -1 -1 -1 5 -1 -1 -1 17 -1 -1 -1 -1 6 -1 -1 -1 -1 -1 -1 -1 29 -1 -1 -1 -1 -1 -1 -1 -1 1 -1 -1 -1 -1 -1 -1 -1 22 -1 -1 -1 -1 -1 9 -1 -1 -1 11 -1 -1 28 -1 -1 -1 -1 -1 -1 18 -1 -1 -1 -1 -1 -1 -1 -1 -1 -1 -1 -1 -1 -1 -1 -1 21 20 -1 -1 -1 -1 
-1 -1 2 3 4 -1 -1 25 -1 -1 -1 -1 -1 5 -1 -1 -1 17 -1 -1 -1 -1 6 -1 -1 -1 -1 -1 -1 -1 29 -1 -1 -1 -1 -1 -1 -1 -1 1 -1 -1 -1 -1 -1 -1 -1 22 -1 -1 -1 -1 -1 9 -1 -1 -1 11 -1 -1 28 -1 -1 -1 -1 -1 -1 18 -1 -1 -1 -1 -1 -1 -1 -1 -1 -1 -1 -1 -1 -1 -1 -1 21 20 -1 -1 -1 -1 
