0 1 2 3 4 5 6 7 8 -1 -1 -1 -1 -1 -1 -1 -1 -1 -1 9 -1 -1 -1 -1 -1 10 -1 11 -1 12 -1 13 -1 14 -1 15 -1 -1 -1 -1 -1 -1 -1 -1 -1 -1 -1 -1 -1 -1 -1 -1 -1 -1 -1 -1 30 -1 29 -1 28 -1 27 -1 26 -1 -1 18 -1 -1 25 -1 -1 -1 -1 -1 -1 -1 -1 -1 -1 24 23 22 21 20 19 -1 17 16 
0 1 2 3 4 5 6 7 8 -1 -1 -1 -1 -1 -1 -1 -1 -1 -1 9 -1 10 -1 -1 -1 -1 -1 11 -1 12 -1 13 -1 14 -1 15 -1 -1 -1 -1 -1 -1 -1 -1 -1 -1 -1 -1 -1 -1 -1 -1 -1 -1 -1 -1 30 -1 29 -1 28 -1 27 -1 26 -1 -1 18 -1 -1 25 -1 -1 -1 -1 -1 -1 -1 -1 -1 -1 24 23 22 21 20 19 -1 17 16 
0 1 2 3 4 5 6 7 8 -1 -1 -1 -1 -1 -1 -1 -1 -1 -1 9 -1 10 -1 -1 -1 -1 -1 11 -1 12 -1 13 -1 14 -1 15 -1 -1 -1 -1 -1 -1 -1 -1 -1 -1 -1 -1 -1 -1 -1 -1 -1 -1 -1 -1 30 -1 29 -1 28 -1 27 -1 26 -1 -1 18 -1 17 25 -1 -1 -1 -1 -1 -1 -1 -1 -1 -1 24 23 22 21 20 19 -1 -1 16 
0 1 2 3 4 5 6 -1 8 -1 -1 -1 -1 -1 -1 -1 -1 -1 -1 9 -1 10 -1 -1 7 -1 -1 11 -1 12 -1 13 -1 14 -1 15 -1 -1 -1 -1 -1 -1 -1 -1 -1 -1 -1 -1 -1 -1 -1 -1 -1 -1 -1 -1 30 -1 29 -1 28 -1 27 -1 26 -1 -1 18 -1 17 25 -1 -1 -1 -1 -1 -1 -1 -1 -1 -1 24 23 22 21 20 19 -1 -1 16 
0 1 2 3 4 5 6 -1 8 -1 -1 -1 -1 -1 -1 -1 -1 -1 -1 9 -1 10 -1 -1 7 -1 -1 11 -1 12 -1 13 -1 14 -1 15 -1 -1 -1 -1 -1 -1 -1 -1 -1 -1 -1 -1 -1 -1 -1 -1 -1 -1 -1 -1 30 -1 29 -1 28 -1 27 -1 26 -1 -1 18 -1 17 25 -1 -1 -1 -1 -1 -1 -1 -1 -1 -1 24 23 22 21 20 19 -1 16 -1 
0 1 2 3 4 5 6 -1 8 -1 -1 -1 -1 -1 -1 -1 -1 -1 -1 9 -1 10 -1 -1 7 -1 -1 11 -1 12 -1 13 -1 -1 -1 15 -1 -1 -1 -1 -1 -1 14 -1 -1 -1 -1 -1 -1 -1 -1 -1 -1 -1 -1 -1 30 -1 29 -1 28 -1 27 -1 26 -1 -1 18 -1 17 25 -1 -1 -1 -1 -1 -1 -1 -1 -1 -1 24 23 22 21 20 19 -1 16 -1 
0 1 2 3 4 5 6 -1 8 -1 -1 -1 -1 -1 -1 -1 -1 -1 -1 9 -1 10 -1 -1 7 -1 -1 11 -1 12 -1 13 -1 -1 -1 15 -1 -1 -1 -1 -1 -1 14 -1 -1 -1 -1 30 -1 -1 -1 -1 -1 -1 -1 -1 -1 -1 29 -1 28 -1 27 -1 26 -1 -1 18 -1 17 25 -1 -1 -1 -1 -1 -1 -1 -1 -1 -1 24 23 22 21 20 19 -1 16 -1 
0 1 2 3 4 5 6 8 -1 -1 -1 -1 -1 -1 -1 -1 -1 -1 -1 9 -1 10 -1 -1 7 -1 -1 11 -1 12 -1 13 -1 -1 -1 15 -1 -1 -1 -1 -1 -1 14 -1 -1 -1 -1 30 -1 -1 -1 -1 -1 -1 -1 -1 -1 -1 29 -1 28 -1 27 -1 26 -1 -1 18 -1 17 25 -1 -1 -1 -1 -1 -1 -1 -1 -1 -1 24 23 22 21 20 19 -1 16 -1 
0 1 2 3 4 5 6 8 -1 -1 -1 -1 -1 -1 -1 -1 -1 -1 -1 9 -1 10 -1 -1 7 -1 -1 11 -1 12 -1 13 -1 -1 -1 15 -1 -1 -1 -1 -1 -1 14 -1 -1 -1 -1 30 -1 -1 -1 -1 -1 -1 -1 -1 -1 -1 29 -1 28 -1 27 -1 26 23 -1 18 -1 17 25 -1 -1 -1 -1 -1 -1 -1 -1 -1 -1 24 -1 22 21 20 19 -1 16 -1 
0 1 -1 3 4 5 6 8 -1 -1 -1 -1 -1 -1 -1 -1 -1 -1 -1 9 -1 10 2 -1 7 -1 -1 11 -1 12 -1 13 -1 -1 -1 15 -1 -1 -1 -1 -1 -1 14 -1 -1 -1 -1 30 -1 -1 -1 -1 -1 -1 -1 -1 -1 -1 29 -1 28 -1 27 -1 26 23 -1 18 -1 17 25 -1 -1 -1 -1 -1 -1 -1 -1 -1 -1 24 -1 22 21 20 19 -1 16 -1 
0 1 -1 3 4 5 6 8 -1 -1 -1 -1 -1 -1 -1 -1 -1 -1 -1 9 -1 10 2 -1 7 -1 -1 11 -1 12 -1 13 -1 -1 25 15 -1 -1 -1 -1 -1 -1 14 -1 -1 -1 -1 30 -1 -1 -1 -1 -1 -1 -1 -1 -1 -1 29 -1 28 -1 27 -1 26 23 -1 18 -1 17 -1 -1 -1 -1 -1 -1 -1 -1 -1 -1 -1 24 -1 22 21 20 19 -1 16 -1 
0 -1 -1 3 4 5 6 8 -1 -1 -1 -1 -1 -1 -1 -1 -1 -1 1 9 -1 10 2 -1 7 -1 -1 11 -1 12 -1 13 -1 -1 25 15 -1 -1 -1 -1 -1 -1 14 -1 -1 -1 -1 30 -1 -1 -1 -1 -1 -1 -1 -1 -1 -1 29 -1 28 -1 27 -1 26 23 -1 18 -1 17 -1 -1 -1 -1 -1 -1 -1 -1 -1 -1 -1 24 -1 22 21 20 19 -1 16 -1 
0 -1 -1 3 4 5 6 8 -1 -1 -1 -1 -1 -1 -1 -1 -1 -1 1 9 -1 10 2 -1 7 -1 -1 11 -1 12 -1 13 -1 -1 25 15 -1 -1 -1 -1 -1 -1 14 -1 -1 -1 -1 30 -1 -1 -1 -1 -1 -1 -1 -1 -1 -1 29 -1 28 -1 27 26 -1 23 -1 18 -1 17 -1 -1 -1 -1 -1 -1 -1 -1 -1 -1 -1 24 -1 22 21 20 19 -1 16 -1 
0 -1 -1 3 4 5 6 8 -1 -1 -1 -1 -1 -1 -1 -1 -1 -1 1 -1 9 10 2 -1 7 -1 -1 11 -1 12 -1 13 -1 -1 25 15 -1 -1 -1 -1 -1 -1 14 -1 -1 -1 -1 30 -1 -1 -1 -1 -1 -1 -1 -1 -1 -1 29 -1 28 -1 27 26 -1 23 -1 18 -1 17 -1 -1 -1 -1 -1 -1 -1 -1 -1 -1 -1 24 -1 22 21 20 19 -1 16 -1 
0 -1 -1 3 4 5 6 8 -1 -1 -1 -1 -1 -1 -1 -1 -1 -1 1 -1 9 10 2 -1 7 -1 -1 11 -1 12 -1 13 -1 -1 25 15 -1 -1 -1 -1 -1 -1 14 -1 -1 -1 -1 30 -1 -1 -1 -1 -1 -1 -1 -1 -1 -1 29 -1 28 -1 27 26 -1 23 -1 18 -1 17 -1 -1 -1 -1 -1 -1 -1 -1 -1 -1 -1 -1 24 22 21 20 19 -1 16 -1 
-1 0 -1 3 4 5 6 8 -1 -1 -1 -1 -1 -1 -1 -1 -1 -1 1 -1 9 10 2 -1 7 -1 -1 11 -1 12 -1 13 -1 -1 25 15 -1 -1 -1 -1 -1 -1 14 -1 -1 -1 -1 30 -1 -1 -1 -1 -1 -1 -1 -1 -1 -1 29 -1 28 -1 27 26 -1 23 -1 18 -1 17 -1 -1 -1 -1 -1 -1 -1 -1 -1 -1 -1 -1 24 22 21 20 19 -1 16 -1 
-1 24 -1 3 4 5 6 8 -1 -1 -1 -1 -1 -1 -1 -1 -1 -1 1 -1 9 10 2 -1 7 -1 -1 11 -1 12 -1 13 -1 -1 25 15 -1 -1 -1 -1 -1 -1 14 -1 -1 -1 -1 30 -1 -1 -1 -1 -1 -1 -1 -1 -1 -1 29 -1 28 -1 27 26 -1 23 -1 18 -1 17 -1 -1 -1 -1 -1 -1 -1 -1 -1 -1 -1 -1 -1 22 21 20 19 -1 16 -1 
-1 1 -1 3 4 5 6 8 -1 -1 -1 -1 -1 -1 -1 -1 -1 -1 -1 -1 9 10 2 -1 7 -1 -1 11 -1 12 -1 13 -1 -1 25 15 -1 -1 -1 -1 -1 -1 14 -1 -1 -1 -1 30 -1 -1 -1 -1 -1 -1 -1 -1 -1 -1 29 -1 28 -1 27 26 -1 23 -1 18 -1 17 -1 -1 -1 -1 -1 -1 -1 -1 -1 -1 -1 -1 -1 22 21 20 19 -1 16 -1 
-1 1 -1 3 4 5 6 8 -1 -1 -1 -1 -1 -1 -1 -1 -1 -1 -1 -1 9 10 2 -1 7 -1 -1 11 -1 12 -1 13 -1 -1 25 15 -1 -1 -1 -1 -1 -1 14 -1 -1 -1 -1 30 23 -1 -1 -1 -1 -1 -1 -1 -1 -1 29 -1 28 -1 27 26 -1 -1 -1 18 -1 17 -1 -1 -1 -1 -1 -1 -1 -1 -1 -1 -1 -1 -1 22 21 20 19 -1 16 -1 
-1 1 -1 3 4 5 6 8 -1 -1 -1 -1 -1 -1 -1 -1 -1 -1 -1 -1 9 -1 2 -1 7 -1 -1 11 -1 12 -1 13 -1 -1 25 15 -1 -1 -1 10 -1 -1 14 -1 -1 -1 -1 30 23 -1 -1 -1 -1 -1 -1 -1 -1 -1 29 -1 28 -1 27 26 -1 -1 -1 18 -1 17 -1 -1 -1 -1 -1 -1 -1 -1 -1 -1 -1 -1 -1 22 21 20 19 -1 16 -1 
-1 1 -1 3 4 5 6 8 -1 -1 -1 -1 -1 -1 -1 -1 -1 -1 -1 -1 9 -1 2 -1 7 -1 -1 11 -1 12 -1 13 -1 25 -1 15 -1 -1 -1 10 -1 -1 14 -1 -1 -1 -1 30 23 -1 -1 -1 -1 -1 -1 -1 -1 -1 29 -1 28 -1 27 26 -1 -1 -1 18 -1 17 -1 -1 -1 -1 -1 -1 -1 -1 -1 -1 -1 -1 -1 22 21 20 19 -1 16 -1 
-1 1 -1 3 4 5 6 -1 -1 -1 -1 -1 -1 -1 -1 -1 -1 -1 -1 -1 9 -1 2 -1 7 -1 -1 11 -1 12 -1 13 -1 25 -1 15 -1 -1 -1 10 -1 -1 14 -1 -1 -1 -1 30 23 -1 -1 -1 -1 -1 -1 -1 -1 -1 29 -1 28 -1 27 26 -1 -1 -1 18 -1 17 -1 -1 -1 -1 -1 -1 -1 -1 -1 -1 -1 -1 -1 22 21 20 19 -1 8 -1 
-1 1 -1 3 4 5 6 -1 -1 -1 -1 -1 -1 -1 -1 -1 -1 -1 -1 -1 9 -1 2 -1 7 -1 -1 11 -1 12 -1 13 -1 25 -1 15 -1 -1 -1 10 -1 -1 14 -1 -1 -1 -1 30 23 -1 -1 -1 -1 -1 -1 -1 -1 -1 29 -1 28 -1 27 26 -1 -1 -1 18 -1 -1 -1 -1 -1 -1 -1 -1 -1 -1 -1 -1 -1 -1 -1 22 21 20 19 -1 17 -1 
-1 1 -1 3 4 5 6 -1 -1 -1 -1 -1 -1 -1 -1 -1 -1 -1 9 -1 -1 -1 2 -1 7 -1 -1 11 -1 12 -1 13 -1 25 -1 15 -1 -1 -1 10 -1 -1 14 -1 -1 -1 -1 30 23 -1 -1 -1 -1 -1 -1 -1 -1 -1 29 -1 28 -1 27 26 -1 -1 -1 18 -1 -1 -1 -1 -1 -1 -1 -1 -1 -1 -1 -1 -1 -1 -1 22 21 20 19 -1 17 -1 
-1 1 -1 3 4 5 6 -1 -1 -1 -1 -1 -1 -1 -1 -1 -1 -1 9 -1 -1 -1 2 -1 7 -1 -1 26 -1 12 -1 13 -1 25 -1 15 -1 -1 -1 10 -1 -1 14 -1 -1 -1 -1 30 23 -1 -1 -1 -1 -1 -1 -1 -1 -1 29 -1 28 -1 27 -1 -1 -1 -1 18 -1 -1 -1 -1 -1 -1 -1 -1 -1 -1 -1 -1 -1 -1 -1 22 21 20 19 -1 17 -1 
-1 -1 -1 3 4 5 6 -1 -1 -1 -1 -1 1 -1 -1 -1 -1 -1 9 -1 -1 -1 2 -1 7 -1 -1 26 -1 12 -1 13 -1 25 -1 15 -1 -1 -1 10 -1 -1 14 -1 -1 -1 -1 30 23 -1 -1 -1 -1 -1 -1 -1 -1 -1 29 -1 28 -1 27 -1 -1 -1 -1 18 -1 -1 -1 -1 -1 -1 -1 -1 -1 -1 -1 -1 -1 -1 -1 22 21 20 19 -1 17 -1 
-1 -1 -1 3 4 5 6 -1 -1 -1 -1 -1 1 -1 -1 -1 -1 -1 9 -1 -1 -1 2 -1 7 -1 -1 -1 26 12 -1 13 -1 25 -1 15 -1 -1 -1 10 -1 -1 14 -1 -1 -1 -1 30 23 -1 -1 -1 -1 -1 -1 -1 -1 -1 29 -1 28 -1 27 -1 -1 -1 -1 18 -1 -1 -1 -1 -1 -1 -1 -1 -1 -1 -1 -1 -1 -1 -1 22 21 20 19 -1 17 -1 
-1 -1 -1 3 4 5 6 -1 -1 -1 -1 -1 1 -1 -1 -1 -1 -1 9 -1 -1 -1 2 -1 7 -1 -1 -1 26 12 -1 13 -1 25 -1 15 10 -1 -1 -1 -1 -1 14 -1 -1 -1 -1 30 23 -1 -1 -1 -1 -1 -1 -1 -1 -1 29 -1 28 -1 27 -1 -1 -1 -1 18 -1 -1 -1 -1 -1 -1 -1 -1 -1 -1 -1 -1 -1 -1 -1 22 21 20 19 -1 17 -1 
-1 -1 -1 3 4 5 6 -1 -1 -1 -1 -1 1 -1 -1 -1 -1 -1 9 -1 -1 -1 2 -1 7 -1 -1 -1 26 12 -1 13 -1 25 -1 15 10 -1 -1 -1 -1 -1 14 -1 -1 -1 -1 30 -1 -1 -1 -1 -1 -1 -1 -1 -1 -1 29 -1 28 -1 27 -1 -1 23 -1 18 -1 -1 -1 -1 -1 -1 -1 -1 -1 -1 -1 -1 -1 -1 -1 22 21 20 19 -1 17 -1 
-1 -1 -1 3 4 5 -1 -1 -1 -1 -1 -1 1 -1 -1 -1 -1 -1 9 -1 -1 -1 2 -1 7 -1 6 -1 26 12 -1 13 -1 25 -1 15 10 -1 -1 -1 -1 -1 14 -1 -1 -1 -1 30 -1 -1 -1 -1 -1 -1 -1 -1 -1 -1 29 -1 28 -1 27 -1 -1 23 -1 18 -1 -1 -1 -1 -1 -1 -1 -1 -1 -1 -1 -1 -1 -1 -1 22 21 20 19 -1 17 -1 
-1 -1 -1 3 4 5 -1 -1 -1 -1 -1 -1 1 -1 -1 -1 -1 -1 9 -1 -1 -1 2 -1 7 -1 6 -1 26 12 -1 13 -1 25 -1 15 10 -1 -1 -1 -1 -1 14 -1 -1 -1 -1 30 -1 -1 -1 -1 -1 -1 -1 -1 -1 -1 29 -1 28 -1 27 -1 -1 23 -1 18 -1 -1 -1 -1 -1 -1 -1 -1 -1 17 -1 -1 -1 -1 -1 22 21 20 19 -1 -1 -1 
-1 -1 -1 3 4 5 -1 -1 -1 -1 -1 -1 1 -1 -1 -1 -1 -1 9 -1 -1 -1 2 -1 7 -1 6 -1 26 -1 -1 13 -1 25 -1 15 10 -1 12 -1 -1 -1 14 -1 -1 -1 -1 30 -1 -1 -1 -1 -1 -1 -1 -1 -1 -1 29 -1 28 -1 27 -1 -1 23 -1 18 -1 -1 -1 -1 -1 -1 -1 -1 -1 17 -1 -1 -1 -1 -1 22 21 20 19 -1 -1 -1 
-1 -1 -1 3 4 5 -1 -1 -1 -1 -1 -1 1 -1 -1 -1 -1 -1 9 -1 -1 -1 2 -1 7 -1 6 -1 26 -1 -1 13 -1 25 -1 15 10 -1 30 -1 -1 -1 14 -1 -1 -1 -1 -1 -1 -1 -1 -1 -1 -1 -1 -1 -1 -1 29 -1 28 -1 27 -1 -1 23 -1 18 -1 -1 -1 -1 -1 -1 -1 -1 -1 17 -1 -1 -1 -1 -1 22 21 20 19 -1 -1 -1 
-1 -1 -1 3 4 5 -1 -1 -1 -1 -1 -1 1 -1 -1 -1 -1 -1 9 -1 -1 -1 -1 -1 7 -1 6 -1 26 -1 -1 13 -1 25 -1 15 10 -1 2 -1 -1 -1 14 -1 -1 -1 -1 -1 -1 -1 -1 -1 -1 -1 -1 -1 -1 -1 29 -1 28 -1 27 -1 -1 23 -1 18 -1 -1 -1 -1 -1 -1 -1 -1 -1 17 -1 -1 -1 -1 -1 22 21 20 19 -1 -1 -1 
-1 -1 -1 3 4 5 -1 -1 -1 -1 -1 -1 1 -1 -1 -1 -1 -1 9 -1 -1 -1 -1 -1 7 -1 6 -1 26 -1 -1 13 -1 25 -1 15 10 -1 2 -1 -1 -1 14 -1 -1 -1 -1 -1 -1 -1 -1 -1 -1 -1 -1 -1 -1 -1 29 -1 28 -1 27 -1 -1 23 17 18 -1 -1 -1 -1 -1 -1 -1 -1 -1 -1 -1 -1 -1 -1 -1 22 21 20 19 -1 -1 -1 
-1 -1 -1 3 4 5 -1 -1 -1 -1 -1 -1 1 -1 -1 -1 -1 -1 -1 -1 -1 -1 9 -1 7 -1 6 -1 26 -1 -1 13 -1 25 -1 15 10 -1 2 -1 -1 -1 14 -1 -1 -1 -1 -1 -1 -1 -1 -1 -1 -1 -1 -1 -1 -1 29 -1 28 -1 27 -1 -1 23 17 18 -1 -1 -1 -1 -1 -1 -1 -1 -1 -1 -1 -1 -1 -1 -1 22 21 20 19 -1 -1 -1 
-1 -1 -1 3 4 5 -1 -1 -1 -1 -1 -1 1 -1 -1 -1 -1 -1 -1 -1 -1 -1 9 -1 7 -1 6 -1 26 -1 -1 13 -1 25 -1 15 10 -1 2 -1 -1 -1 14 -1 -1 -1 -1 -1 -1 -1 -1 -1 -1 -1 -1 -1 -1 -1 29 -1 28 -1 27 -1 -1 23 17 18 -1 -1 -1 -1 -1 -1 -1 -1 19 -1 -1 -1 -1 -1 -1 22 21 20 -1 -1 -1 -1 
-1 -1 -1 3 4 5 -1 -1 -1 -1 -1 -1 1 -1 -1 -1 -1 -1 -1 -1 -1 -1 -1 -1 7 -1 6 -1 26 -1 -1 13 -1 25 -1 15 10 -1 2 -1 -1 -1 14 -1 -1 -1 -1 -1 -1 -1 -1 -1 -1 -1 -1 -1 -1 -1 9 -1 28 -1 27 -1 -1 23 17 18 -1 -1 -1 -1 -1 -1 -1 -1 19 -1 -1 -1 -1 -1 -1 22 21 20 -1 -1 -1 -1 
-1 -1 -1 3 4 5 -1 -1 -1 -1 -1 -1 1 -1 -1 -1 -1 -1 -1 -1 -1 -1 -1 -1 7 -1 6 -1 26 -1 -1 13 -1 25 -1 15 10 -1 2 -1 -1 -1 14 -1 -1 -1 -1 -1 23 -1 -1 -1 -1 -1 -1 -1 -1 -1 9 -1 28 -1 27 -1 -1 -1 17 18 -1 -1 -1 -1 -1 -1 -1 -1 19 -1 -1 -1 -1 -1 -1 22 21 20 -1 -1 -1 -1 
-1 -1 -1 3 4 5 -1 -1 -1 -1 -1 -1 1 -1 -1 -1 -1 -1 -1 -1 -1 -1 -1 -1 7 -1 6 -1 26 -1 -1 13 -1 25 -1 15 10 -1 2 -1 -1 -1 14 -1 -1 -1 -1 -1 23 -1 -1 -1 -1 -1 -1 -1 -1 -1 -1 -1 28 -1 9 -1 -1 -1 17 18 -1 -1 -1 -1 -1 -1 -1 -1 19 -1 -1 -1 -1 -1 -1 22 21 20 -1 -1 -1 -1 
-1 -1 -1 3 4 5 -1 -1 -1 -1 -1 -1 1 -1 -1 -1 -1 -1 -1 -1 -1 -1 -1 -1 7 -1 6 26 -1 -1 -1 13 -1 25 -1 15 10 -1 2 -1 -1 -1 14 -1 -1 -1 -1 -1 23 -1 -1 -1 -1 -1 -1 -1 -1 -1 -1 -1 28 -1 9 -1 -1 -1 17 18 -1 -1 -1 -1 -1 -1 -1 -1 19 -1 -1 -1 -1 -1 -1 22 21 20 -1 -1 -1 -1 
-1 -1 -1 3 4 5 -1 -1 -1 -1 -1 -1 1 -1 -1 -1 -1 -1 2 -1 -1 -1 -1 -1 7 -1 6 26 -1 -1 -1 13 -1 25 -1 15 10 -1 -1 -1 -1 -1 14 -1 -1 -1 -1 -1 23 -1 -1 -1 -1 -1 -1 -1 -1 -1 -1 -1 28 -1 9 -1 -1 -1 17 18 -1 -1 -1 -1 -1 -1 -1 -1 19 -1 -1 -1 -1 -1 -1 22 21 20 -1 -1 -1 -1 
-1 -1 -1 3 4 5 -1 -1 -1 -1 -1 -1 1 -1 -1 -1 -1 -1 2 -1 -1 -1 -1 -1 7 -1 6 26 -1 -1 -1 13 -1 25 -1 15 10 -1 -1 -1 -1 23 14 -1 -1 -1 -1 -1 -1 -1 -1 -1 -1 -1 -1 -1 -1 -1 -1 -1 28 -1 9 -1 -1 -1 17 18 -1 -1 -1 -1 -1 -1 -1 -1 19 -1 -1 -1 -1 -1 -1 22 21 20 -1 -1 -1 -1 
-1 -1 -1 3 4 5 -1 7 -1 -1 -1 -1 1 -1 -1 -1 -1 -1 2 -1 -1 -1 -1 -1 -1 -1 6 26 -1 -1 -1 13 -1 25 -1 15 10 -1 -1 -1 -1 23 14 -1 -1 -1 -1 -1 -1 -1 -1 -1 -1 -1 -1 -1 -1 -1 -1 -1 28 -1 9 -1 -1 -1 17 18 -1 -1 -1 -1 -1 -1 -1 -1 19 -1 -1 -1 -1 -1 -1 22 21 20 -1 -1 -1 -1 
-1 -1 -1 3 4 5 -1 7 -1 -1 -1 -1 1 -1 -1 -1 -1 -1 2 -1 -1 -1 23 -1 -1 -1 6 26 -1 -1 -1 13 -1 25 -1 15 10 -1 -1 -1 -1 -1 14 -1 -1 -1 -1 -1 -1 -1 -1 -1 -1 -1 -1 -1 -1 -1 -1 -1 28 -1 9 -1 -1 -1 17 18 -1 -1 -1 -1 -1 -1 -1 -1 19 -1 -1 -1 -1 -1 -1 22 21 20 -1 -1 -1 -1 
-1 -1 -1 3 4 5 -1 -1 -1 -1 -1 -1 1 -1 7 -1 -1 -1 2 -1 -1 -1 23 -1 -1 -1 6 26 -1 -1 -1 13 -1 25 -1 15 10 -1 -1 -1 -1 -1 14 -1 -1 -1 -1 -1 -1 -1 -1 -1 -1 -1 -1 -1 -1 -1 -1 -1 28 -1 9 -1 -1 -1 17 18 -1 -1 -1 -1 -1 -1 -1 -1 19 -1 -1 -1 -1 -1 -1 22 21 20 -1 -1 -1 -1 
-1 -1 -1 3 4 5 -1 -1 -1 -1 -1 -1 1 -1 7 -1 -1 -1 2 -1 -1 -1 23 -1 -1 -1 6 26 -1 -1 -1 13 -1 -1 25 15 10 -1 -1 -1 -1 -1 14 -1 -1 -1 -1 -1 -1 -1 -1 -1 -1 -1 -1 -1 -1 -1 -1 -1 28 -1 9 -1 -1 -1 17 18 -1 -1 -1 -1 -1 -1 -1 -1 19 -1 -1 -1 -1 -1 -1 22 21 20 -1 -1 -1 -1 
-1 -1 -1 3 4 5 -1 -1 -1 -1 -1 -1 1 -1 -1 -1 -1 -1 2 -1 -1 -1 23 -1 -1 7 6 26 -1 -1 -1 13 -1 -1 25 15 10 -1 -1 -1 -1 -1 14 -1 -1 -1 -1 -1 -1 -1 -1 -1 -1 -1 -1 -1 -1 -1 -1 -1 28 -1 9 -1 -1 -1 17 18 -1 -1 -1 -1 -1 -1 -1 -1 19 -1 -1 -1 -1 -1 -1 22 21 20 -1 -1 -1 -1 
-1 -1 -1 3 4 5 -1 -1 -1 -1 -1 -1 1 -1 -1 -1 -1 -1 2 -1 -1 -1 23 -1 -1 7 6 26 -1 -1 -1 13 -1 -1 25 15 10 -1 -1 -1 -1 -1 14 -1 -1 31 -1 -1 -1 -1 -1 -1 -1 -1 -1 -1 -1 -1 -1 -1 28 -1 9 -1 -1 -1 17 18 -1 -1 -1 -1 -1 -1 -1 -1 19 -1 -1 -1 -1 -1 -1 22 21 20 -1 -1 -1 -1 
-1 -1 -1 3 4 5 -1 -1 -1 -1 -1 -1 1 -1 -1 -1 -1 -1 2 -1 -1 -1 23 -1 -1 7 6 26 -1 -1 -1 13 -1 -1 25 15 -1 -1 10 -1 -1 -1 14 -1 -1 31 -1 -1 -1 -1 -1 -1 -1 -1 -1 -1 -1 -1 -1 -1 28 -1 9 -1 -1 -1 17 18 -1 -1 -1 -1 -1 -1 -1 -1 19 -1 -1 -1 -1 -1 -1 22 21 20 -1 -1 -1 -1 
-1 -1 -1 3 4 5 -1 -1 -1 -1 -1 23 1 -1 -1 -1 -1 -1 2 -1 -1 -1 -1 -1 -1 7 6 26 -1 -1 -1 13 -1 -1 25 15 -1 -1 10 -1 -1 -1 14 -1 -1 31 -1 -1 -1 -1 -1 -1 -1 -1 -1 -1 -1 -1 -1 -1 28 -1 9 -1 -1 -1 17 18 -1 -1 -1 -1 -1 -1 -1 -1 19 -1 -1 -1 -1 -1 -1 22 21 20 -1 -1 -1 -1 
-1 -1 -1 3 4 5 -1 -1 -1 -1 -1 23 1 -1 -1 -1 -1 -1 2 -1 -1 -1 -1 -1 -1 7 6 26 -1 -1 -1 13 -1 -1 25 15 -1 -1 10 -1 -1 -1 14 -1 -1 31 -1 -1 -1 -1 -1 -1 -1 9 -1 -1 -1 -1 -1 -1 28 -1 -1 -1 -1 -1 17 18 -1 -1 -1 -1 -1 -1 -1 -1 19 -1 -1 -1 -1 -1 -1 22 21 20 -1 -1 -1 -1 
-1 -1 -1 3 4 5 -1 -1 -1 -1 -1 -1 1 -1 -1 -1 -1 -1 23 -1 -1 -1 -1 -1 -1 7 6 26 -1 -1 -1 13 -1 -1 25 15 -1 -1 10 -1 -1 -1 14 -1 -1 31 -1 -1 -1 -1 -1 -1 -1 9 -1 -1 -1 -1 -1 -1 28 -1 -1 -1 -1 -1 17 18 -1 -1 -1 -1 -1 -1 -1 -1 19 -1 -1 -1 -1 -1 -1 22 21 20 -1 -1 -1 -1 
-1 -1 -1 3 4 5 -1 -1 -1 -1 -1 -1 1 -1 -1 -1 -1 -1 23 -1 -1 -1 -1 -1 -1 7 6 26 -1 -1 -1 13 -1 -1 25 15 -1 -1 10 -1 -1 -1 14 -1 -1 31 -1 -1 -1 -1 9 -1 -1 -1 -1 -1 -1 -1 -1 -1 28 -1 -1 -1 -1 -1 17 18 -1 -1 -1 -1 -1 -1 -1 -1 19 -1 -1 -1 -1 -1 -1 22 21 20 -1 -1 -1 -1 
-1 -1 -1 3 4 5 -1 -1 -1 -1 -1 23 1 -1 -1 -1 -1 -1 -1 -1 -1 -1 -1 -1 -1 7 6 26 -1 -1 -1 13 -1 -1 25 15 -1 -1 10 -1 -1 -1 14 -1 -1 31 -1 -1 -1 -1 9 -1 -1 -1 -1 -1 -1 -1 -1 -1 28 -1 -1 -1 -1 -1 17 18 -1 -1 -1 -1 -1 -1 -1 -1 19 -1 -1 -1 -1 -1 -1 22 21 20 -1 -1 -1 -1 
-1 -1 -1 3 4 5 -1 -1 -1 -1 -1 23 1 -1 -1 -1 -1 -1 -1 -1 -1 -1 -1 -1 -1 7 6 26 -1 -1 -1 13 -1 -1 25 15 -1 -1 -1 -1 -1 10 14 -1 -1 31 -1 -1 -1 -1 9 -1 -1 -1 -1 -1 -1 -1 -1 -1 28 -1 -1 -1 -1 -1 17 18 -1 -1 -1 -1 -1 -1 -1 -1 19 -1 -1 -1 -1 -1 -1 22 21 20 -1 -1 -1 -1 
-1 -1 -1 3 4 5 -1 -1 -1 -1 -1 23 1 -1 -1 -1 -1 -1 -1 -1 -1 -1 -1 -1 -1 7 6 26 -1 -1 -1 13 -1 -1 25 15 -1 -1 -1 -1 -1 10 14 -1 -1 31 -1 -1 -1 17 9 -1 -1 -1 -1 -1 -1 -1 -1 -1 28 -1 -1 -1 -1 -1 -1 18 -1 -1 -1 -1 -1 -1 -1 -1 19 -1 -1 -1 -1 -1 -1 22 21 20 -1 -1 -1 -1 
-1 -1 -1 3 4 5 -1 -1 -1 -1 -1 23 1 -1 10 -1 -1 -1 -1 -1 -1 -1 -1 -1 -1 7 6 26 -1 -1 -1 13 -1 -1 25 15 -1 -1 -1 -1 -1 -1 14 -1 -1 31 -1 -1 -1 17 9 -1 -1 -1 -1 -1 -1 -1 -1 -1 28 -1 -1 -1 -1 -1 -1 18 -1 -1 -1 -1 -1 -1 -1 -1 19 -1 -1 -1 -1 -1 -1 22 21 20 -1 -1 -1 -1 
26 -1 -1 3 4 5 -1 -1 -1 -1 -1 23 1 -1 10 -1 -1 -1 -1 -1 -1 -1 -1 -1 -1 7 6 -1 -1 -1 -1 13 -1 -1 25 15 -1 -1 -1 -1 -1 -1 14 -1 -1 31 -1 -1 -1 17 9 -1 -1 -1 -1 -1 -1 -1 -1 -1 28 -1 -1 -1 -1 -1 -1 18 -1 -1 -1 -1 -1 -1 -1 -1 19 -1 -1 -1 -1 -1 -1 22 21 20 -1 -1 -1 -1 
26 -1 -1 -1 4 5 -1 -1 -1 -1 -1 23 1 3 10 -1 -1 -1 -1 -1 -1 -1 -1 -1 -1 7 6 -1 -1 -1 -1 13 -1 -1 25 15 -1 -1 -1 -1 -1 -1 14 -1 -1 31 -1 -1 -1 17 9 -1 -1 -1 -1 -1 -1 -1 -1 -1 28 -1 -1 -1 -1 -1 -1 18 -1 -1 -1 -1 -1 -1 -1 -1 19 -1 -1 -1 -1 -1 -1 22 21 20 -1 -1 -1 -1 
26 -1 -1 -1 4 5 -1 -1 -1 -1 -1 23 1 3 10 -1 -1 -1 -1 -1 -1 -1 -1 -1 -1 7 6 -1 -1 -1 -1 13 -1 -1 25 15 -1 -1 17 -1 -1 -1 14 -1 -1 31 -1 -1 -1 -1 9 -1 -1 -1 -1 -1 -1 -1 -1 -1 28 -1 -1 -1 -1 -1 -1 18 -1 -1 -1 -1 -1 -1 -1 -1 19 -1 -1 -1 -1 -1 -1 22 21 20 -1 -1 -1 -1 
26 -1 -1 -1 4 5 -1 -1 -1 -1 -1 23 1 3 10 -1 -1 -1 -1 -1 -1 -1 -1 9 -1 7 6 -1 -1 -1 -1 13 -1 -1 25 15 -1 -1 17 -1 -1 -1 14 -1 -1 31 -1 -1 -1 -1 -1 -1 -1 -1 -1 -1 -1 -1 -1 -1 28 -1 -1 -1 -1 -1 -1 18 -1 -1 -1 -1 -1 -1 -1 -1 19 -1 -1 -1 -1 -1 -1 22 21 20 -1 -1 -1 -1 
26 -1 -1 -1 4 5 -1 -1 -1 -1 -1 23 1 3 10 -1 -1 -1 -1 -1 -1 -1 -1 9 -1 7 6 -1 -1 -1 -1 17 -1 -1 25 15 -1 -1 -1 -1 -1 -1 14 -1 -1 31 -1 -1 -1 -1 -1 -1 -1 -1 -1 -1 -1 -1 -1 -1 28 -1 -1 -1 -1 -1 -1 18 -1 -1 -1 -1 -1 -1 -1 -1 19 -1 -1 -1 -1 -1 -1 22 21 20 -1 -1 -1 -1 
26 -1 -1 -1 4 5 -1 -1 -1 -1 -1 23 1 3 10 -1 -1 -1 -1 -1 -1 -1 9 -1 -1 7 6 -1 -1 -1 -1 17 -1 -1 25 15 -1 -1 -1 -1 -1 -1 14 -1 -1 31 -1 -1 -1 -1 -1 -1 -1 -1 -1 -1 -1 -1 -1 -1 28 -1 -1 -1 -1 -1 -1 18 -1 -1 -1 -1 -1 -1 -1 -1 19 -1 -1 -1 -1 -1 -1 22 21 20 -1 -1 -1 -1 
26 -1 -1 -1 4 5 -1 -1 -1 -1 -1 23 1 3 10 -1 -1 -1 -1 -1 -1 -1 9 -1 -1 7 6 -1 -1 -1 -1 -1 -1 -1 25 15 -1 -1 -1 -1 -1 -1 17 -1 -1 31 -1 -1 -1 -1 -1 -1 -1 -1 -1 -1 -1 -1 -1 -1 28 -1 -1 -1 -1 -1 -1 18 -1 -1 -1 -1 -1 -1 -1 -1 19 -1 -1 -1 -1 -1 -1 22 21 20 -1 -1 -1 -1 
26 -1 -1 -1 4 5 -1 -1 -1 -1 -1 23 1 3 10 -1 -1 -1 -1 -1 -1 -1 9 -1 -1 -1 6 -1 -1 -1 -1 -1 7 -1 25 15 -1 -1 -1 -1 -1 -1 17 -1 -1 31 -1 -1 -1 -1 -1 -1 -1 -1 -1 -1 -1 -1 -1 -1 28 -1 -1 -1 -1 -1 -1 18 -1 -1 -1 -1 -1 -1 -1 -1 19 -1 -1 -1 -1 -1 -1 22 21 20 -1 -1 -1 -1 
26 -1 -1 -1 4 5 -1 -1 -1 -1 -1 23 1 3 10 -1 -1 -1 -1 -1 -1 -1 9 -1 -1 -1 6 -1 -1 -1 -1 -1 7 -1 25 15 31 -1 -1 -1 -1 -1 17 -1 -1 -1 -1 -1 -1 -1 -1 -1 -1 -1 -1 -1 -1 -1 -1 -1 28 -1 -1 -1 -1 -1 -1 18 -1 -1 -1 -1 -1 -1 -1 -1 19 -1 -1 -1 -1 -1 -1 22 21 20 -1 -1 -1 -1 
26 -1 -1 -1 4 5 -1 -1 -1 -1 -1 23 1 -1 10 -1 -1 -1 -1 -1 -1 -1 9 3 -1 -1 6 -1 -1 -1 -1 -1 7 -1 25 15 31 -1 -1 -1 -1 -1 17 -1 -1 -1 -1 -1 -1 -1 -1 -1 -1 -1 -1 -1 -1 -1 -1 -1 28 -1 -1 -1 -1 -1 -1 18 -1 -1 -1 -1 -1 -1 -1 -1 19 -1 -1 -1 -1 -1 -1 22 21 20 -1 -1 -1 -1 
26 -1 -1 -1 4 5 -1 -1 -1 -1 -1 -1 1 -1 10 -1 -1 -1 -1 -1 -1 -1 9 3 -1 -1 6 -1 -1 -1 23 -1 7 -1 25 15 31 -1 -1 -1 -1 -1 17 -1 -1 -1 -1 -1 -1 -1 -1 -1 -1 -1 -1 -1 -1 -1 -1 -1 28 -1 -1 -1 -1 -1 -1 18 -1 -1 -1 -1 -1 -1 -1 -1 19 -1 -1 -1 -1 -1 -1 22 21 20 -1 -1 -1 -1 
26 -1 -1 -1 4 5 -1 -1 -1 -1 -1 -1 1 -1 10 -1 -1 -1 -1 -1 -1 -1 9 -1 -1 -1 6 -1 -1 -1 23 3 7 -1 25 15 31 -1 -1 -1 -1 -1 17 -1 -1 -1 -1 -1 -1 -1 -1 -1 -1 -1 -1 -1 -1 -1 -1 -1 28 -1 -1 -1 -1 -1 -1 18 -1 -1 -1 -1 -1 -1 -1 -1 19 -1 -1 -1 -1 -1 -1 22 21 20 -1 -1 -1 -1 
26 -1 -1 -1 4 5 -1 -1 -1 -1 -1 -1 1 -1 10 -1 -1 -1 -1 -1 -1 -1 9 -1 -1 -1 6 -1 -1 -1 23 3 7 -1 25 15 -1 31 -1 -1 -1 -1 17 -1 -1 -1 -1 -1 -1 -1 -1 -1 -1 -1 -1 -1 -1 -1 -1 -1 28 -1 -1 -1 -1 -1 -1 18 -1 -1 -1 -1 -1 -1 -1 -1 19 -1 -1 -1 -1 -1 -1 22 21 20 -1 -1 -1 -1 
26 -1 -1 -1 4 5 -1 -1 -1 -1 -1 -1 -1 -1 10 -1 -1 -1 -1 -1 -1 -1 9 -1 -1 -1 6 -1 -1 1 23 3 7 -1 25 15 -1 31 -1 -1 -1 -1 17 -1 -1 -1 -1 -1 -1 -1 -1 -1 -1 -1 -1 -1 -1 -1 -1 -1 28 -1 -1 -1 -1 -1 -1 18 -1 -1 -1 -1 -1 -1 -1 -1 19 -1 -1 -1 -1 -1 -1 22 21 20 -1 -1 -1 -1 
26 -1 -1 -1 4 5 -1 -1 -1 -1 -1 -1 -1 -1 10 -1 -1 -1 -1 -1 -1 -1 9 -1 -1 -1 6 -1 -1 1 23 3 7 -1 25 15 -1 31 -1 -1 -1 -1 -1 -1 -1 -1 -1 -1 -1 17 -1 -1 -1 -1 -1 -1 -1 -1 -1 -1 28 -1 -1 -1 -1 -1 -1 18 -1 -1 -1 -1 -1 -1 -1 -1 19 -1 -1 -1 -1 -1 -1 22 21 20 -1 -1 -1 -1 
26 -1 -1 -1 4 5 -1 -1 -1 -1 -1 -1 -1 -1 10 -1 -1 -1 -1 -1 -1 -1 9 -1 -1 -1 6 -1 -1 1 23 3 -1 -1 25 15 -1 31 -1 -1 -1 -1 -1 -1 -1 -1 -1 -1 -1 7 -1 -1 -1 -1 -1 -1 -1 -1 -1 -1 28 -1 -1 -1 -1 -1 -1 18 -1 -1 -1 -1 -1 -1 -1 -1 19 -1 -1 -1 -1 -1 -1 22 21 20 -1 -1 -1 -1 
26 -1 -1 -1 4 5 -1 -1 -1 -1 -1 -1 -1 -1 10 -1 -1 -1 -1 -1 -1 -1 9 -1 -1 -1 6 -1 -1 1 -1 3 -1 -1 25 15 -1 31 -1 -1 -1 -1 -1 -1 -1 -1 -1 -1 -1 23 -1 -1 -1 -1 -1 -1 -1 -1 -1 -1 28 -1 -1 -1 -1 -1 -1 18 -1 -1 -1 -1 -1 -1 -1 -1 19 -1 -1 -1 -1 -1 -1 22 21 20 -1 -1 -1 -1 
26 -1 -1 -1 4 5 -1 -1 -1 -1 -1 -1 -1 -1 10 -1 -1 -1 -1 -1 -1 -1 9 -1 -1 -1 6 -1 -1 -1 -1 3 -1 -1 25 15 -1 31 -1 -1 -1 -1 -1 -1 -1 -1 -1 -1 1 23 -1 -1 -1 -1 -1 -1 -1 -1 -1 -1 28 -1 -1 -1 -1 -1 -1 18 -1 -1 -1 -1 -1 -1 -1 -1 19 -1 -1 -1 -1 -1 -1 22 21 20 -1 -1 -1 -1 
26 -1 -1 -1 4 5 -1 -1 -1 -1 -1 -1 -1 -1 10 -1 -1 -1 -1 -1 -1 -1 9 -1 -1 -1 6 -1 31 -1 -1 3 -1 -1 25 15 -1 -1 -1 -1 -1 -1 -1 -1 -1 -1 -1 -1 1 23 -1 -1 -1 -1 -1 -1 -1 -1 -1 -1 28 -1 -1 -1 -1 -1 -1 18 -1 -1 -1 -1 -1 -1 -1 -1 19 -1 -1 -1 -1 -1 -1 22 21 20 -1 -1 -1 -1 
26 -1 -1 -1 4 5 -1 -1 -1 -1 -1 -1 -1 -1 10 -1 -1 -1 -1 -1 -1 -1 9 -1 -1 -1 6 -1 31 -1 -1 3 -1 -1 25 -1 -1 -1 -1 -1 -1 -1 -1 -1 15 -1 -1 -1 1 23 -1 -1 -1 -1 -1 -1 -1 -1 -1 -1 28 -1 -1 -1 -1 -1 -1 18 -1 -1 -1 -1 -1 -1 -1 -1 19 -1 -1 -1 -1 -1 -1 22 21 20 -1 -1 -1 -1 
26 -1 -1 -1 4 5 -1 -1 -1 -1 -1 -1 -1 -1 10 -1 -1 -1 -1 -1 -1 -1 9 -1 -1 -1 6 -1 31 25 -1 3 -1 -1 -1 -1 -1 -1 -1 -1 -1 -1 -1 -1 15 -1 -1 -1 1 23 -1 -1 -1 -1 -1 -1 -1 -1 -1 -1 28 -1 -1 -1 -1 -1 -1 18 -1 -1 -1 -1 -1 -1 -1 -1 19 -1 -1 -1 -1 -1 -1 22 21 20 -1 -1 -1 -1 
26 -1 -1 -1 4 5 -1 -1 -1 -1 -1 -1 -1 -1 10 -1 -1 -1 -1 -1 -1 -1 9 -1 -1 -1 6 -1 31 25 -1 -1 -1 -1 -1 -1 -1 -1 -1 3 -1 -1 -1 -1 15 -1 -1 -1 1 23 -1 -1 -1 -1 -1 -1 -1 -1 -1 -1 28 -1 -1 -1 -1 -1 -1 18 -1 -1 -1 -1 -1 -1 -1 -1 19 -1 -1 -1 -1 -1 -1 22 21 20 -1 -1 -1 -1 
26 -1 25 -1 4 5 -1 -1 -1 -1 -1 -1 -1 -1 10 -1 -1 -1 -1 -1 -1 -1 9 -1 -1 -1 6 -1 31 -1 -1 -1 -1 -1 -1 -1 -1 -1 -1 3 -1 -1 -1 -1 15 -1 -1 -1 1 23 -1 -1 -1 -1 -1 -1 -1 -1 -1 -1 28 -1 -1 -1 -1 -1 -1 18 -1 -1 -1 -1 -1 -1 -1 -1 19 -1 -1 -1 -1 -1 -1 22 21 20 -1 -1 -1 -1 
26 -1 25 -1 -1 5 -1 -1 -1 -1 -1 -1 -1 4 10 -1 -1 -1 -1 -1 -1 -1 9 -1 -1 -1 6 -1 31 -1 -1 -1 -1 -1 -1 -1 -1 -1 -1 3 -1 -1 -1 -1 15 -1 -1 -1 1 23 -1 -1 -1 -1 -1 -1 -1 -1 -1 -1 28 -1 -1 -1 -1 -1 -1 18 -1 -1 -1 -1 -1 -1 -1 -1 19 -1 -1 -1 -1 -1 -1 22 21 20 -1 -1 -1 -1 
26 -1 -1 -1 -1 5 -1 -1 -1 -1 -1 -1 -1 4 10 -1 -1 -1 -1 -1 -1 -1 9 -1 -1 -1 6 -1 31 -1 -1 -1 -1 -1 -1 -1 -1 -1 -1 3 -1 -1 -1 -1 15 -1 -1 25 1 23 -1 -1 -1 -1 -1 -1 -1 -1 -1 -1 28 -1 -1 -1 -1 -1 -1 18 -1 -1 -1 -1 -1 -1 -1 -1 19 -1 -1 -1 -1 -1 -1 22 21 20 -1 -1 -1 -1 
26 -1 -1 -1 -1 5 -1 -1 -1 -1 -1 -1 -1 4 -1 -1 10 -1 -1 -1 -1 -1 9 -1 -1 -1 6 -1 31 -1 -1 -1 -1 -1 -1 -1 -1 -1 -1 3 -1 -1 -1 -1 15 -1 -1 25 1 23 -1 -1 -1 -1 -1 -1 -1 -1 -1 -1 28 -1 -1 -1 -1 -1 -1 18 -1 -1 -1 -1 -1 -1 -1 -1 19 -1 -1 -1 -1 -1 -1 22 21 20 -1 -1 -1 -1 
-1 -1 -1 -1 -1 5 -1 -1 -1 -1 -1 -1 -1 4 -1 -1 10 -1 -1 -1 -1 -1 9 -1 -1 -1 6 -1 31 -1 -1 -1 -1 -1 -1 -1 -1 -1 -1 3 -1 -1 -1 -1 15 26 -1 25 1 23 -1 -1 -1 -1 -1 -1 -1 -1 -1 -1 28 -1 -1 -1 -1 -1 -1 18 -1 -1 -1 -1 -1 -1 -1 -1 19 -1 -1 -1 -1 -1 -1 22 21 20 -1 -1 -1 -1 
-1 -1 -1 -1 -1 5 -1 -1 -1 -1 -1 -1 -1 4 -1 -1 10 -1 -1 -1 -1 -1 9 -1 -1 -1 6 -1 31 -1 -1 1 -1 -1 -1 -1 -1 -1 -1 3 -1 -1 -1 -1 15 26 -1 25 -1 23 -1 -1 -1 -1 -1 -1 -1 -1 -1 -1 28 -1 -1 -1 -1 -1 -1 18 -1 -1 -1 -1 -1 -1 -1 -1 19 -1 -1 -1 -1 -1 -1 22 21 20 -1 -1 -1 -1 
-1 -1 -1 -1 -1 5 -1 -1 -1 -1 -1 -1 -1 4 -1 -1 10 -1 -1 -1 -1 -1 9 -1 -1 -1 6 -1 31 -1 -1 1 17 -1 -1 -1 -1 -1 -1 3 -1 -1 -1 -1 15 26 -1 25 -1 -1 -1 -1 -1 -1 -1 -1 -1 -1 -1 -1 28 -1 -1 -1 -1 -1 -1 18 -1 -1 -1 -1 -1 -1 -1 -1 19 -1 -1 -1 -1 -1 -1 22 21 20 -1 -1 -1 -1 
-1 -1 -1 -1 -1 5 -1 -1 -1 -1 -1 -1 -1 4 10 -1 -1 -1 -1 -1 -1 -1 9 -1 -1 -1 6 -1 31 -1 -1 1 17 -1 -1 -1 -1 -1 -1 3 -1 -1 -1 -1 15 26 -1 25 -1 -1 -1 -1 -1 -1 -1 -1 -1 -1 -1 -1 28 -1 -1 -1 -1 -1 -1 18 -1 -1 -1 -1 -1 -1 -1 -1 19 -1 -1 -1 -1 -1 -1 22 21 20 -1 -1 -1 -1 
-1 -1 -1 -1 -1 5 -1 -1 -1 -1 -1 -1 -1 4 10 -1 -1 -1 -1 -1 -1 -1 9 -1 -1 -1 6 -1 31 -1 -1 1 -1 -1 -1 -1 -1 -1 -1 3 -1 -1 -1 -1 15 26 -1 25 -1 -1 -1 17 -1 -1 -1 -1 -1 -1 -1 -1 28 -1 -1 -1 -1 -1 -1 18 -1 -1 -1 -1 -1 -1 -1 -1 19 -1 -1 -1 -1 -1 -1 22 21 20 -1 -1 -1 -1 
-1 -1 -1 -1 -1 5 -1 -1 -1 -1 -1 -1 -1 4 10 -1 -1 -1 -1 -1 -1 -1 9 -1 -1 -1 6 -1 31 -1 -1 -1 -1 -1 -1 -1 -1 -1 -1 3 -1 -1 1 -1 15 26 -1 25 -1 -1 -1 17 -1 -1 -1 -1 -1 -1 -1 -1 28 -1 -1 -1 -1 -1 -1 18 -1 -1 -1 -1 -1 -1 -1 -1 19 -1 -1 -1 -1 -1 -1 22 21 20 -1 -1 -1 -1 
-1 -1 -1 -1 -1 5 -1 -1 -1 -1 -1 -1 -1 4 10 -1 -1 -1 -1 -1 -1 -1 9 -1 -1 -1 6 -1 31 -1 -1 -1 -1 -1 -1 -1 -1 -1 -1 3 17 -1 1 -1 15 26 -1 25 -1 -1 -1 -1 -1 -1 -1 -1 -1 -1 -1 -1 28 -1 -1 -1 -1 -1 -1 18 -1 -1 -1 -1 -1 -1 -1 -1 19 -1 -1 -1 -1 -1 -1 22 21 20 -1 -1 -1 -1 
-1 -1 -1 -1 -1 5 -1 -1 -1 -1 -1 -1 -1 4 10 -1 -1 -1 -1 -1 -1 -1 9 -1 -1 -1 6 -1 31 -1 -1 -1 -1 -1 -1 -1 -1 -1 -1 3 17 -1 -1 -1 15 26 -1 25 -1 -1 -1 -1 -1 -1 -1 -1 -1 -1 -1 1 28 -1 -1 -1 -1 -1 -1 18 -1 -1 -1 -1 -1 -1 -1 -1 19 -1 -1 -1 -1 -1 -1 22 21 20 -1 -1 -1 -1 
-1 -1 -1 -1 -1 5 -1 -1 -1 -1 -1 -1 -1 4 10 -1 -1 -1 -1 -1 -1 -1 9 -1 -1 -1 6 -1 31 -1 -1 -1 -1 -1 -1 -1 -1 -1 -1 3 -1 -1 -1 -1 15 26 -1 25 -1 -1 -1 -1 -1 -1 -1 -1 -1 -1 -1 17 28 -1 -1 -1 -1 -1 -1 18 -1 -1 -1 -1 -1 -1 -1 -1 19 -1 -1 -1 -1 -1 -1 22 21 20 -1 -1 -1 -1 
-1 -1 -1 -1 -1 5 -1 -1 -1 -1 -1 -1 -1 4 -1 -1 -1 -1 -1 -1 -1 -1 9 -1 -1 -1 6 -1 31 -1 -1 -1 -1 -1 -1 -1 -1 -1 -1 3 -1 -1 -1 -1 15 26 -1 25 -1 -1 -1 -1 -1 -1 -1 -1 -1 -1 -1 10 28 -1 -1 -1 -1 -1 -1 18 -1 -1 -1 -1 -1 -1 -1 -1 19 -1 -1 -1 -1 -1 -1 22 21 20 -1 -1 -1 -1 
-1 -1 -1 -1 -1 5 -1 -1 -1 -1 -1 -1 -1 4 -1 -1 -1 -1 -1 -1 -1 -1 9 -1 -1 -1 6 -1 31 -1 -1 -1 -1 -1 -1 -1 -1 -1 -1 3 -1 -1 -1 -1 15 26 -1 -1 -1 25 -1 -1 -1 -1 -1 -1 -1 -1 -1 10 28 -1 -1 -1 -1 -1 -1 18 -1 -1 -1 -1 -1 -1 -1 -1 19 -1 -1 -1 -1 -1 -1 22 21 20 -1 -1 -1 -1 
-1 -1 -1 -1 -1 5 -1 -1 -1 -1 -1 -1 -1 -1 4 -1 -1 -1 -1 -1 -1 -1 9 -1 -1 -1 6 -1 31 -1 -1 -1 -1 -1 -1 -1 -1 -1 -1 3 -1 -1 -1 -1 15 26 -1 -1 -1 25 -1 -1 -1 -1 -1 -1 -1 -1 -1 10 28 -1 -1 -1 -1 -1 -1 18 -1 -1 -1 -1 -1 -1 -1 -1 19 -1 -1 -1 -1 -1 -1 22 21 20 -1 -1 -1 -1 
-1 -1 -1 -1 -1 5 -1 -1 -1 -1 -1 -1 -1 -1 4 -1 -1 -1 -1 -1 -1 -1 9 -1 -1 -1 6 -1 31 -1 -1 -1 -1 -1 -1 -1 26 -1 -1 3 -1 -1 -1 -1 15 -1 -1 -1 -1 25 -1 -1 -1 -1 -1 -1 -1 -1 -1 10 28 -1 -1 -1 -1 -1 -1 18 -1 -1 -1 -1 -1 -1 -1 -1 19 -1 -1 -1 -1 -1 -1 22 21 20 -1 -1 -1 -1 
-1 -1 -1 -1 -1 5 -1 -1 -1 -1 -1 -1 -1 -1 4 -1 -1 -1 -1 -1 -1 -1 -1 -1 -1 -1 6 -1 31 -1 -1 -1 -1 -1 -1 -1 26 -1 -1 3 9 -1 -1 -1 15 -1 -1 -1 -1 25 -1 -1 -1 -1 -1 -1 -1 -1 -1 10 28 -1 -1 -1 -1 -1 -1 18 -1 -1 -1 -1 -1 -1 -1 -1 19 -1 -1 -1 -1 -1 -1 22 21 20 -1 -1 -1 -1 
-1 -1 -1 -1 -1 5 -1 -1 -1 -1 -1 -1 -1 -1 4 -1 -1 -1 -1 -1 -1 -1 -1 -1 -1 -1 6 -1 31 -1 -1 -1 -1 -1 -1 -1 -1 -1 -1 3 9 -1 -1 -1 26 -1 -1 -1 -1 25 -1 -1 -1 -1 -1 -1 -1 -1 -1 10 28 -1 -1 -1 -1 -1 -1 18 -1 -1 -1 -1 -1 -1 -1 -1 19 -1 -1 -1 -1 -1 -1 22 21 20 -1 -1 -1 -1 
