0 1 2 3 4 5 6 7 8 -1 -1 -1 -1 -1 -1 -1 -1 -1 -1 9 -1 -1 -1 -1 -1 10 -1 11 -1 12 -1 13 -1 14 -1 15 -1 -1 -1 -1 -1 -1 -1 -1 -1 -1 -1 -1 -1 -1 -1 -1 -1 -1 -1 -1 30 -1 29 -1 28 -1 27 -1 26 -1 -1 18 -1 -1 25 -1 -1 -1 -1 -1 -1 -1 -1 -1 -1 24 23 22 21 20 19 -1 17 16 
0 1 2 3 4 5 6 7 8 -1 -1 -1 -1 -1 -1 -1 -1 -1 -1 -1 -1 -1 -1 9 -1 10 -1 11 -1 12 -1 13 -1 14 -1 15 -1 -1 -1 -1 -1 -1 -1 -1 -1 -1 -1 -1 -1 -1 -1 -1 -1 -1 -1 -1 30 -1 29 -1 28 -1 27 -1 26 -1 -1 18 -1 -1 25 -1 -1 -1 -1 -1 -1 -1 -1 -1 -1 24 23 22 21 20 19 -1 17 16 
0 1 2 3 4 5 6 7 8 -1 -1 -1 -1 -1 -1 -1 -1 -1 -1 -1 -1 -1 -1 9 -1 10 -1 11 -1 12 -1 13 -1 14 -1 15 -1 -1 -1 -1 -1 -1 -1 -1 -1 -1 -1 -1 -1 -1 -1 -1 -1 -1 -1 -1 30 -1 29 -1 28 -1 27 23 26 -1 -1 18 -1 -1 25 -1 -1 -1 -1 -1 -1 -1 -1 -1 -1 24 -1 22 21 20 19 -1 17 16 
0 -1 2 3 4 5 6 7 8 -1 -1 -1 -1 -1 -1 -1 -1 -1 -1 -1 1 -1 -1 9 -1 10 -1 11 -1 12 -1 13 -1 14 -1 15 -1 -1 -1 -1 -1 -1 -1 -1 -1 -1 -1 -1 -1 -1 -1 -1 -1 -1 -1 -1 30 -1 29 -1 28 -1 27 23 26 -1 -1 18 -1 -1 25 -1 -1 -1 -1 -1 -1 -1 -1 -1 -1 24 -1 22 21 20 19 -1 17 16 
0 -1 2 3 4 5 6 7 8 -1 -1 -1 -1 -1 -1 -1 -1 -1 -1 -1 1 -1 -1 9 -1 10 -1 11 -1 12 -1 13 -1 14 -1 15 -1 -1 -1 -1 -1 -1 -1 -1 -1 -1 -1 -1 -1 -1 -1 28 -1 -1 -1 -1 30 -1 29 -1 -1 -1 27 23 26 -1 -1 18 -1 -1 25 -1 -1 -1 -1 -1 -1 -1 -1 -1 -1 24 -1 22 21 20 19 -1 17 16 
0 -1 2 3 4 5 -1 7 8 -1 -1 -1 -1 -1 -1 -1 -1 -1 -1 -1 1 -1 6 9 -1 10 -1 11 -1 12 -1 13 -1 14 -1 15 -1 -1 -1 -1 -1 -1 -1 -1 -1 -1 -1 -1 -1 -1 -1 28 -1 -1 -1 -1 30 -1 29 -1 -1 -1 27 23 26 -1 -1 18 -1 -1 25 -1 -1 -1 -1 -1 -1 -1 -1 -1 -1 24 -1 22 21 20 19 -1 17 16 
0 -1 2 3 4 5 -1 7 8 -1 -1 -1 -1 -1 -1 -1 -1 -1 -1 -1 1 -1 6 9 -1 10 -1 11 -1 12 -1 13 -1 14 -1 15 -1 -1 -1 -1 -1 -1 -1 -1 -1 -1 -1 -1 -1 -1 -1 28 -1 -1 -1 -1 30 -1 29 -1 -1 -1 27 23 26 -1 -1 18 -1 17 25 -1 -1 -1 -1 -1 -1 -1 -1 -1 -1 24 -1 22 21 20 19 -1 -1 16 
-1 0 2 3 4 5 -1 7 8 -1 -1 -1 -1 -1 -1 -1 -1 -1 -1 -1 1 -1 6 9 -1 10 -1 11 -1 12 -1 13 -1 14 -1 15 -1 -1 -1 -1 -1 -1 -1 -1 -1 -1 -1 -1 -1 -1 -1 28 -1 -1 -1 -1 30 -1 29 -1 -1 -1 27 23 26 -1 -1 18 -1 17 25 -1 -1 -1 -1 -1 -1 -1 -1 -1 -1 24 -1 22 21 20 19 -1 -1 16 
-1 0 2 3 4 5 -1 7 8 -1 -1 -1 -1 -1 -1 -1 -1 -1 -1 -1 1 -1 6 9 -1 10 -1 11 -1 12 -1 13 -1 14 -1 15 -1 -1 -1 -1 -1 -1 -1 -1 -1 -1 -1 -1 -1 -1 -1 28 -1 -1 -1 -1 30 -1 29 -1 -1 -1 27 23 26 -1 -1 18 -1 17 25 -1 -1 -1 -1 -1 -1 -1 -1 -1 -1 -1 24 22 21 20 19 -1 -1 16 
-1 -1 2 3 4 5 -1 7 8 -1 -1 -1 -1 -1 -1 -1 -1 -1 -1 -1 1 -1 6 9 -1 10 -1 11 -1 12 -1 13 -1 14 -1 15 -1 0 -1 -1 -1 -1 -1 -1 -1 -1 -1 -1 -1 -1 -1 28 -1 -1 -1 -1 30 -1 29 -1 -1 -1 27 23 26 -1 -1 18 -1 17 25 -1 -1 -1 -1 -1 -1 -1 -1 -1 -1 -1 24 22 21 20 19 -1 -1 16 
-1 -1 2 3 4 5 -1 7 8 -1 -1 -1 -1 -1 -1 -1 -1 -1 -1 -1 1 -1 6 9 -1 10 -1 11 -1 12 -1 13 -1 14 -1 15 -1 0 -1 -1 -1 -1 -1 -1 -1 -1 -1 -1 -1 -1 -1 28 -1 -1 -1 -1 30 -1 29 -1 -1 -1 27 23 -1 26 -1 18 -1 17 25 -1 -1 -1 -1 -1 -1 -1 -1 -1 -1 -1 24 22 21 20 19 -1 -1 16 
-1 -1 2 3 4 5 -1 7 8 -1 -1 -1 -1 -1 -1 -1 -1 -1 -1 -1 1 -1 6 9 -1 10 -1 11 -1 12 -1 13 -1 14 -1 15 -1 -1 -1 -1 -1 0 -1 -1 -1 -1 -1 -1 -1 -1 -1 28 -1 -1 -1 -1 30 -1 29 -1 -1 -1 27 23 -1 26 -1 18 -1 17 25 -1 -1 -1 -1 -1 -1 -1 -1 -1 -1 -1 24 22 21 20 19 -1 -1 16 
-1 -1 2 3 4 5 -1 7 8 -1 -1 -1 -1 -1 -1 -1 -1 -1 -1 -1 1 -1 6 9 -1 10 -1 11 -1 12 -1 13 -1 14 -1 15 -1 -1 -1 -1 -1 0 -1 -1 -1 -1 24 -1 -1 -1 -1 28 -1 -1 -1 -1 30 -1 29 -1 -1 -1 27 23 -1 26 -1 18 -1 17 25 -1 -1 -1 -1 -1 -1 -1 -1 -1 -1 -1 -1 22 21 20 19 -1 -1 16 
-1 -1 2 3 4 5 -1 -1 8 -1 -1 -1 -1 -1 -1 -1 -1 -1 -1 -1 1 -1 6 9 7 10 -1 11 -1 12 -1 13 -1 14 -1 15 -1 -1 -1 -1 -1 0 -1 -1 -1 -1 24 -1 -1 -1 -1 28 -1 -1 -1 -1 30 -1 29 -1 -1 -1 27 23 -1 26 -1 18 -1 17 25 -1 -1 -1 -1 -1 -1 -1 -1 -1 -1 -1 -1 22 21 20 19 -1 -1 16 
-1 -1 2 3 4 5 -1 -1 8 -1 -1 -1 -1 -1 -1 -1 -1 -1 -1 -1 1 -1 6 9 7 10 -1 11 -1 12 -1 13 -1 14 -1 15 -1 -1 -1 -1 -1 0 -1 -1 -1 -1 24 -1 -1 -1 -1 28 -1 -1 -1 -1 30 -1 29 -1 -1 -1 27 23 -1 26 -1 18 -1 17 25 -1 -1 -1 -1 -1 19 -1 -1 -1 -1 -1 -1 22 21 20 -1 -1 -1 16 
-1 -1 2 3 4 -1 -1 -1 8 -1 -1 -1 -1 5 -1 -1 -1 -1 -1 -1 1 -1 6 9 7 10 -1 11 -1 12 -1 13 -1 14 -1 15 -1 -1 -1 -1 -1 0 -1 -1 -1 -1 24 -1 -1 -1 -1 28 -1 -1 -1 -1 30 -1 29 -1 -1 -1 27 23 -1 26 -1 18 -1 17 25 -1 -1 -1 -1 -1 19 -1 -1 -1 -1 -1 -1 22 21 20 -1 -1 -1 16 
-1 -1 2 3 4 -1 -1 -1 8 -1 -1 -1 -1 5 -1 -1 -1 -1 -1 -1 1 -1 6 9 7 10 -1 11 -1 12 -1 13 -1 14 -1 15 -1 -1 -1 -1 -1 0 -1 -1 -1 31 24 -1 -1 -1 -1 28 -1 -1 -1 -1 30 -1 29 -1 -1 -1 27 23 -1 26 -1 18 -1 17 25 -1 -1 -1 -1 -1 19 -1 -1 -1 -1 -1 -1 22 21 20 -1 -1 -1 16 
-1 -1 2 3 4 -1 -1 -1 8 -1 -1 -1 -1 5 -1 -1 -1 -1 -1 -1 1 -1 6 9 7 10 -1 11 -1 12 -1 13 -1 14 -1 -1 -1 -1 -1 -1 -1 0 -1 -1 15 31 24 -1 -1 -1 -1 28 -1 -1 -1 -1 30 -1 29 -1 -1 -1 27 23 -1 26 -1 18 -1 17 25 -1 -1 -1 -1 -1 19 -1 -1 -1 -1 -1 -1 22 21 20 -1 -1 -1 16 
-1 -1 2 3 4 -1 -1 -1 8 -1 -1 -1 -1 5 -1 -1 -1 -1 -1 -1 1 -1 6 9 7 10 -1 11 -1 12 -1 13 -1 14 -1 -1 -1 -1 -1 -1 -1 0 -1 -1 15 31 -1 -1 24 -1 -1 28 -1 -1 -1 -1 30 -1 29 -1 -1 -1 27 23 -1 26 -1 18 -1 17 25 -1 -1 -1 -1 -1 19 -1 -1 -1 -1 -1 -1 22 21 20 -1 -1 -1 16 
-1 -1 2 3 4 -1 -1 -1 8 -1 -1 -1 -1 5 -1 -1 -1 -1 -1 -1 1 -1 6 9 7 10 -1 11 -1 12 -1 13 -1 -1 -1 -1 -1 -1 -1 -1 -1 0 14 -1 15 31 -1 -1 24 -1 -1 28 -1 -1 -1 -1 30 -1 29 -1 -1 -1 27 23 -1 26 -1 18 -1 17 25 -1 -1 -1 -1 -1 19 -1 -1 -1 -1 -1 -1 22 21 20 -1 -1 -1 16 
-1 -1 2 3 4 -1 -1 -1 8 -1 -1 -1 -1 5 -1 -1 -1 -1 -1 -1 1 -1 6 9 7 10 -1 11 -1 12 -1 13 -1 -1 -1 -1 -1 -1 -1 -1 -1 0 14 -1 15 31 23 -1 24 -1 -1 28 -1 -1 -1 -1 30 -1 29 -1 -1 -1 27 -1 -1 26 -1 18 -1 17 25 -1 -1 -1 -1 -1 19 -1 -1 -1 -1 -1 -1 22 21 20 -1 -1 -1 16 
-1 -1 2 3 4 -1 -1 -1 8 -1 -1 -1 -1 5 -1 -1 -1 -1 -1 -1 1 -1 6 9 7 10 -1 11 -1 -1 -1 13 -1 -1 -1 -1 -1 -1 12 -1 -1 0 14 -1 15 31 23 -1 24 -1 -1 28 -1 -1 -1 -1 30 -1 29 -1 -1 -1 27 -1 -1 26 -1 18 -1 17 25 -1 -1 -1 -1 -1 19 -1 -1 -1 -1 -1 -1 22 21 20 -1 -1 -1 16 
-1 -1 2 3 4 -1 -1 -1 8 -1 -1 -1 -1 5 -1 -1 -1 -1 -1 -1 1 -1 6 9 7 10 -1 11 -1 -1 -1 13 -1 -1 -1 -1 -1 -1 12 -1 -1 0 14 -1 15 31 23 -1 24 -1 -1 28 -1 -1 -1 -1 30 -1 29 -1 -1 -1 27 -1 -1 26 -1 18 -1 17 -1 -1 -1 -1 -1 -1 19 -1 -1 -1 -1 -1 -1 22 21 20 -1 -1 25 16 
-1 -1 2 3 4 -1 -1 -1 8 -1 -1 -1 -1 5 -1 -1 -1 -1 -1 -1 1 -1 6 9 7 -1 10 11 -1 -1 -1 13 -1 -1 -1 -1 -1 -1 12 -1 -1 0 14 -1 15 31 23 -1 24 -1 -1 28 -1 -1 -1 -1 30 -1 29 -1 -1 -1 27 -1 -1 26 -1 18 -1 17 -1 -1 -1 -1 -1 -1 19 -1 -1 -1 -1 -1 -1 22 21 20 -1 -1 25 16 
-1 -1 2 3 4 -1 -1 -1 8 -1 -1 -1 -1 5 -1 -1 -1 -1 -1 -1 1 -1 6 9 7 -1 10 11 -1 -1 -1 13 -1 -1 -1 -1 -1 -1 12 -1 -1 0 14 -1 15 31 23 -1 24 -1 -1 28 -1 -1 -1 -1 30 -1 29 -1 -1 -1 27 -1 -1 26 -1 18 -1 17 -1 -1 -1 -1 -1 -1 19 -1 -1 -1 -1 -1 -1 22 21 20 25 -1 -1 16 
-1 -1 2 3 4 -1 -1 8 -1 -1 -1 -1 -1 5 -1 -1 -1 -1 -1 -1 1 -1 6 9 7 -1 10 11 -1 -1 -1 13 -1 -1 -1 -1 -1 -1 12 -1 -1 0 14 -1 15 31 23 -1 24 -1 -1 28 -1 -1 -1 -1 30 -1 29 -1 -1 -1 27 -1 -1 26 -1 18 -1 17 -1 -1 -1 -1 -1 -1 19 -1 -1 -1 -1 -1 -1 22 21 20 25 -1 -1 16 
-1 -1 2 3 4 -1 -1 8 -1 -1 -1 -1 -1 5 -1 -1 -1 -1 -1 -1 1 -1 6 9 7 -1 10 11 -1 -1 -1 13 -1 -1 -1 -1 -1 -1 12 -1 -1 0 14 -1 15 31 23 -1 24 -1 -1 28 -1 -1 -1 -1 30 -1 29 -1 -1 -1 27 -1 -1 26 -1 18 19 17 -1 -1 -1 -1 -1 -1 -1 -1 -1 -1 -1 -1 -1 22 21 20 25 -1 -1 16 
-1 -1 2 3 4 -1 -1 8 -1 -1 -1 -1 -1 5 -1 -1 -1 -1 -1 -1 1 -1 6 9 7 -1 10 11 -1 -1 -1 13 -1 -1 -1 -1 -1 -1 -1 -1 -1 0 14 -1 15 31 23 12 24 -1 -1 28 -1 -1 -1 -1 30 -1 29 -1 -1 -1 27 -1 -1 26 -1 18 19 17 -1 -1 -1 -1 -1 -1 -1 -1 -1 -1 -1 -1 -1 22 21 20 25 -1 -1 16 
-1 -1 2 3 4 -1 -1 8 -1 -1 -1 -1 -1 5 -1 -1 -1 -1 -1 -1 1 -1 6 9 7 -1 10 11 -1 -1 -1 13 -1 -1 -1 -1 -1 -1 -1 -1 -1 0 14 -1 15 31 23 24 -1 -1 -1 28 -1 -1 -1 -1 30 -1 29 -1 -1 -1 27 -1 -1 26 -1 18 19 17 -1 -1 -1 -1 -1 -1 -1 -1 -1 -1 -1 -1 -1 22 21 20 25 -1 -1 16 
-1 -1 2 3 4 -1 -1 8 -1 -1 -1 -1 -1 5 -1 -1 -1 -1 -1 -1 1 -1 6 9 7 -1 10 11 -1 -1 -1 13 -1 -1 -1 -1 -1 0 -1 -1 -1 -1 14 -1 15 31 23 24 -1 -1 -1 28 -1 -1 -1 -1 30 -1 29 -1 -1 -1 27 -1 -1 26 -1 18 19 17 -1 -1 -1 -1 -1 -1 -1 -1 -1 -1 -1 -1 -1 22 21 20 25 -1 -1 16 
-1 -1 2 3 4 -1 -1 8 -1 -1 -1 -1 -1 5 -1 -1 -1 -1 -1 -1 1 -1 6 9 7 -1 10 11 -1 -1 -1 13 -1 -1 -1 -1 -1 0 -1 -1 -1 -1 14 -1 15 31 23 24 -1 -1 -1 28 -1 -1 -1 -1 30 -1 29 -1 -1 -1 27 -1 26 -1 -1 18 19 17 -1 -1 -1 -1 -1 -1 -1 -1 -1 -1 -1 -1 -1 22 21 20 25 -1 -1 16 
-1 -1 2 3 4 -1 -1 8 -1 -1 -1 -1 -1 5 -1 -1 -1 -1 -1 -1 1 -1 6 9 7 -1 10 11 -1 -1 -1 13 -1 -1 -1 -1 -1 -1 -1 0 -1 -1 14 -1 15 31 23 24 -1 -1 -1 28 -1 -1 -1 -1 30 -1 29 -1 -1 -1 27 -1 26 -1 -1 18 19 17 -1 -1 -1 -1 -1 -1 -1 -1 -1 -1 -1 -1 -1 22 21 20 25 -1 -1 16 
-1 -1 2 3 4 -1 -1 8 -1 -1 -1 -1 -1 5 -1 -1 -1 -1 -1 -1 1 -1 6 9 7 -1 10 11 -1 -1 -1 13 -1 -1 -1 -1 -1 -1 -1 0 -1 -1 14 -1 15 31 23 24 -1 -1 -1 28 -1 -1 -1 -1 30 -1 29 -1 -1 -1 27 -1 26 -1 -1 18 -1 17 -1 -1 -1 -1 -1 -1 19 -1 -1 -1 -1 -1 -1 22 21 20 25 -1 -1 16 
-1 -1 2 3 4 -1 -1 8 -1 -1 -1 -1 -1 5 -1 -1 -1 -1 -1 -1 1 -1 6 9 7 -1 10 11 -1 -1 -1 13 -1 -1 -1 -1 -1 -1 -1 -1 -1 -1 14 -1 15 31 23 24 -1 -1 -1 28 -1 -1 -1 -1 30 -1 29 -1 -1 -1 27 -1 26 -1 -1 18 -1 17 -1 -1 -1 -1 -1 0 19 -1 -1 -1 -1 -1 -1 22 21 20 25 -1 -1 16 
-1 -1 2 3 4 -1 -1 8 -1 -1 -1 -1 -1 5 -1 -1 -1 -1 -1 -1 1 -1 6 9 7 -1 10 11 -1 -1 -1 13 -1 -1 -1 -1 -1 -1 -1 -1 -1 -1 28 -1 15 31 23 24 -1 -1 -1 -1 -1 -1 -1 -1 30 -1 29 -1 -1 -1 27 -1 26 -1 -1 18 -1 17 -1 -1 -1 -1 -1 0 19 -1 -1 -1 -1 -1 -1 22 21 20 25 -1 -1 16 
-1 -1 2 3 4 -1 -1 8 -1 -1 -1 -1 -1 5 -1 -1 -1 -1 -1 -1 1 -1 6 9 -1 -1 10 11 -1 -1 -1 13 -1 -1 -1 7 -1 -1 -1 -1 -1 -1 28 -1 15 31 23 24 -1 -1 -1 -1 -1 -1 -1 -1 30 -1 29 -1 -1 -1 27 -1 26 -1 -1 18 -1 17 -1 -1 -1 -1 -1 0 19 -1 -1 -1 -1 -1 -1 22 21 20 25 -1 -1 16 
-1 -1 2 3 4 -1 -1 8 -1 -1 -1 -1 -1 5 -1 -1 -1 -1 -1 -1 1 -1 6 9 -1 -1 10 11 -1 -1 -1 13 -1 28 -1 7 -1 -1 -1 -1 -1 -1 -1 -1 15 31 23 24 -1 -1 -1 -1 -1 -1 -1 -1 30 -1 29 -1 -1 -1 27 -1 26 -1 -1 18 -1 17 -1 -1 -1 -1 -1 0 19 -1 -1 -1 -1 -1 -1 22 21 20 25 -1 -1 16 
-1 -1 2 3 4 -1 -1 8 -1 -1 -1 -1 -1 5 -1 -1 -1 -1 -1 -1 1 -1 6 9 -1 -1 10 11 -1 -1 -1 13 -1 28 -1 7 -1 -1 -1 -1 -1 -1 -1 -1 15 31 23 24 -1 -1 -1 -1 -1 -1 -1 -1 30 -1 29 -1 -1 -1 27 -1 26 -1 -1 18 -1 17 -1 -1 -1 0 -1 -1 19 -1 -1 -1 -1 -1 -1 22 21 20 25 -1 -1 16 
-1 -1 2 3 4 -1 -1 8 -1 -1 -1 -1 -1 5 -1 -1 -1 -1 -1 -1 1 -1 6 9 -1 -1 10 11 -1 -1 -1 13 -1 28 -1 7 -1 -1 -1 -1 -1 -1 -1 -1 15 31 23 24 -1 -1 -1 -1 -1 -1 -1 -1 30 -1 29 -1 -1 -1 27 -1 26 -1 -1 18 25 17 -1 -1 -1 0 -1 -1 19 -1 -1 -1 -1 -1 -1 22 21 20 -1 -1 -1 16 
-1 -1 2 3 4 -1 -1 8 -1 -1 -1 -1 -1 5 -1 -1 -1 -1 -1 -1 1 -1 6 9 -1 -1 10 11 -1 -1 -1 13 -1 28 -1 7 -1 -1 -1 -1 -1 -1 -1 -1 -1 31 23 24 -1 -1 -1 -1 -1 15 -1 -1 30 -1 29 -1 -1 -1 27 -1 26 -1 -1 18 25 17 -1 -1 -1 0 -1 -1 19 -1 -1 -1 -1 -1 -1 22 21 20 -1 -1 -1 16 
-1 -1 2 3 4 -1 -1 8 -1 -1 -1 -1 -1 5 -1 -1 -1 -1 -1 -1 1 -1 6 9 -1 -1 10 11 -1 -1 -1 13 -1 28 -1 7 -1 -1 -1 -1 -1 -1 -1 -1 -1 31 23 24 -1 -1 -1 -1 -1 15 -1 -1 30 -1 29 -1 -1 -1 27 -1 26 -1 -1 18 25 17 -1 -1 -1 0 -1 -1 19 -1 -1 -1 -1 -1 -1 22 21 20 -1 -1 16 -1 
-1 -1 2 3 4 -1 -1 8 -1 -1 -1 -1 -1 5 -1 -1 -1 -1 -1 -1 1 -1 6 9 -1 -1 10 11 -1 -1 -1 13 -1 28 -1 7 -1 -1 -1 -1 -1 -1 -1 -1 -1 31 23 24 -1 -1 -1 -1 15 -1 -1 -1 30 -1 29 -1 -1 -1 27 -1 26 -1 -1 18 25 17 -1 -1 -1 0 -1 -1 19 -1 -1 -1 -1 -1 -1 22 21 20 -1 -1 16 -1 
-1 -1 2 3 4 -1 -1 8 -1 -1 -1 -1 -1 5 -1 -1 -1 -1 -1 -1 1 -1 6 9 -1 -1 10 11 -1 -1 -1 13 -1 28 -1 7 -1 -1 -1 -1 -1 -1 -1 -1 -1 31 23 24 -1 -1 -1 -1 17 -1 -1 -1 30 -1 29 -1 -1 -1 27 -1 26 -1 -1 18 25 -1 -1 -1 -1 0 -1 -1 19 -1 -1 -1 -1 -1 -1 22 21 20 -1 -1 16 -1 
-1 -1 2 3 4 -1 -1 8 -1 -1 -1 -1 -1 5 -1 -1 -1 -1 -1 -1 -1 -1 6 9 -1 -1 10 11 -1 -1 -1 13 -1 28 -1 7 -1 -1 -1 1 -1 -1 -1 -1 -1 31 23 24 -1 -1 -1 -1 17 -1 -1 -1 30 -1 29 -1 -1 -1 27 -1 26 -1 -1 18 25 -1 -1 -1 -1 0 -1 -1 19 -1 -1 -1 -1 -1 -1 22 21 20 -1 -1 16 -1 
-1 -1 2 3 4 -1 -1 8 -1 -1 -1 -1 -1 5 -1 -1 -1 -1 -1 -1 -1 -1 6 9 -1 -1 10 11 -1 -1 -1 13 -1 28 -1 7 -1 -1 -1 1 -1 -1 -1 -1 -1 31 23 -1 24 -1 -1 -1 17 -1 -1 -1 30 -1 29 -1 -1 -1 27 -1 26 -1 -1 18 25 -1 -1 -1 -1 0 -1 -1 19 -1 -1 -1 -1 -1 -1 22 21 20 -1 -1 16 -1 
-1 -1 2 3 4 -1 -1 8 -1 -1 -1 -1 -1 5 -1 -1 -1 -1 -1 -1 -1 -1 6 9 -1 -1 10 11 -1 -1 -1 13 -1 28 -1 7 -1 -1 -1 -1 -1 -1 -1 -1 -1 31 1 -1 24 -1 -1 -1 17 -1 -1 -1 30 -1 29 -1 -1 -1 27 -1 26 -1 -1 18 25 -1 -1 -1 -1 0 -1 -1 19 -1 -1 -1 -1 -1 -1 22 21 20 -1 -1 16 -1 
-1 -1 2 3 4 -1 -1 8 -1 -1 -1 -1 -1 5 -1 -1 -1 -1 -1 -1 -1 -1 6 9 -1 -1 10 11 -1 -1 -1 13 -1 28 -1 7 -1 -1 -1 -1 -1 -1 -1 -1 -1 31 24 -1 -1 -1 -1 -1 17 -1 -1 -1 30 -1 29 -1 -1 -1 27 -1 26 -1 -1 18 25 -1 -1 -1 -1 0 -1 -1 19 -1 -1 -1 -1 -1 -1 22 21 20 -1 -1 16 -1 
-1 -1 2 3 4 -1 -1 8 -1 -1 -1 -1 -1 5 -1 -1 -1 -1 -1 -1 -1 -1 6 9 -1 -1 -1 11 -1 -1 -1 13 -1 28 -1 7 -1 -1 -1 -1 -1 -1 -1 -1 -1 31 24 -1 -1 -1 -1 -1 17 -1 -1 -1 30 -1 29 -1 -1 -1 10 -1 26 -1 -1 18 25 -1 -1 -1 -1 0 -1 -1 19 -1 -1 -1 -1 -1 -1 22 21 20 -1 -1 16 -1 
-1 -1 2 3 4 -1 -1 8 -1 -1 -1 -1 -1 5 -1 -1 -1 -1 -1 -1 -1 -1 6 9 -1 -1 -1 11 -1 -1 -1 13 -1 28 -1 7 -1 -1 -1 -1 -1 -1 -1 -1 -1 31 24 -1 -1 -1 -1 -1 -1 -1 -1 -1 30 -1 29 -1 -1 -1 10 -1 26 -1 -1 18 25 17 -1 -1 -1 0 -1 -1 19 -1 -1 -1 -1 -1 -1 22 21 20 -1 -1 16 -1 
-1 -1 2 3 4 -1 -1 -1 -1 -1 -1 -1 -1 5 -1 -1 -1 -1 -1 -1 -1 -1 6 9 -1 -1 -1 11 -1 -1 -1 13 -1 28 -1 7 -1 -1 -1 -1 -1 -1 -1 -1 -1 31 24 -1 -1 -1 -1 -1 -1 -1 -1 -1 30 -1 29 -1 -1 -1 10 -1 26 -1 -1 18 25 17 -1 -1 -1 0 -1 -1 19 -1 -1 -1 -1 -1 -1 22 21 20 -1 -1 8 -1 
-1 -1 2 3 4 -1 -1 -1 -1 -1 -1 -1 -1 5 -1 -1 -1 -1 -1 -1 -1 -1 6 9 -1 -1 -1 11 -1 -1 -1 13 -1 28 -1 7 -1 -1 -1 -1 -1 -1 -1 -1 -1 31 24 -1 -1 -1 -1 -1 -1 -1 -1 -1 30 -1 29 -1 -1 -1 10 -1 26 -1 -1 18 25 -1 -1 -1 -1 0 -1 -1 19 -1 -1 -1 -1 -1 -1 22 21 20 -1 -1 17 -1 
-1 -1 2 3 4 -1 -1 -1 -1 -1 -1 -1 -1 5 -1 -1 -1 -1 -1 -1 -1 -1 6 9 -1 -1 -1 11 -1 -1 -1 13 -1 28 -1 -1 -1 -1 -1 -1 -1 -1 7 -1 -1 31 24 -1 -1 -1 -1 -1 -1 -1 -1 -1 30 -1 29 -1 -1 -1 10 -1 26 -1 -1 18 25 -1 -1 -1 -1 0 -1 -1 19 -1 -1 -1 -1 -1 -1 22 21 20 -1 -1 17 -1 
-1 -1 2 3 4 -1 -1 -1 -1 -1 -1 -1 -1 5 -1 -1 -1 -1 -1 -1 -1 -1 6 9 -1 -1 -1 11 -1 -1 -1 13 -1 28 -1 -1 -1 -1 -1 -1 -1 -1 7 -1 -1 31 24 -1 -1 -1 -1 -1 -1 -1 -1 -1 30 -1 29 -1 -1 -1 10 -1 26 -1 -1 18 -1 -1 -1 -1 -1 0 -1 -1 19 25 -1 -1 -1 -1 -1 22 21 20 -1 -1 17 -1 
-1 -1 2 3 4 -1 -1 -1 -1 -1 -1 -1 -1 5 -1 -1 -1 -1 -1 -1 -1 -1 6 9 -1 -1 -1 11 -1 -1 -1 13 -1 28 -1 -1 -1 -1 -1 -1 -1 -1 7 -1 -1 31 24 -1 -1 -1 -1 -1 -1 -1 -1 -1 30 -1 29 -1 -1 -1 10 -1 26 -1 -1 18 -1 -1 -1 -1 -1 -1 -1 -1 19 25 -1 -1 -1 -1 0 22 21 20 -1 -1 17 -1 
-1 -1 2 3 4 -1 -1 -1 -1 -1 -1 -1 -1 5 -1 -1 -1 -1 -1 -1 -1 -1 6 9 -1 -1 -1 11 -1 -1 -1 13 -1 28 -1 -1 -1 -1 -1 -1 -1 -1 7 -1 -1 31 24 -1 -1 -1 -1 -1 -1 -1 -1 -1 30 -1 29 -1 -1 -1 10 -1 -1 -1 -1 18 -1 -1 -1 -1 -1 26 -1 -1 19 25 -1 -1 -1 -1 0 22 21 20 -1 -1 17 -1 
-1 -1 2 3 4 -1 -1 -1 -1 -1 -1 -1 -1 5 -1 -1 -1 -1 -1 -1 -1 -1 6 9 -1 -1 -1 11 -1 -1 -1 13 -1 28 -1 -1 -1 -1 -1 -1 -1 -1 7 -1 -1 31 24 -1 -1 -1 -1 -1 -1 -1 -1 -1 10 -1 29 -1 -1 -1 -1 -1 -1 -1 -1 18 -1 -1 -1 -1 -1 26 -1 -1 19 25 -1 -1 -1 -1 0 22 21 20 -1 -1 17 -1 
-1 -1 2 3 4 -1 -1 -1 -1 -1 -1 -1 -1 5 -1 -1 -1 -1 -1 -1 -1 -1 6 9 -1 -1 -1 11 -1 -1 -1 13 -1 28 -1 -1 -1 -1 -1 -1 -1 -1 7 -1 -1 31 24 -1 -1 -1 -1 -1 -1 -1 -1 -1 10 -1 29 -1 -1 -1 -1 -1 -1 -1 -1 18 -1 17 -1 -1 -1 26 -1 -1 19 25 -1 -1 -1 -1 0 22 21 20 -1 -1 -1 -1 
-1 -1 2 3 4 9 -1 -1 -1 -1 -1 -1 -1 5 -1 -1 -1 -1 -1 -1 -1 -1 6 -1 -1 -1 -1 11 -1 -1 -1 13 -1 28 -1 -1 -1 -1 -1 -1 -1 -1 7 -1 -1 31 24 -1 -1 -1 -1 -1 -1 -1 -1 -1 10 -1 29 -1 -1 -1 -1 -1 -1 -1 -1 18 -1 17 -1 -1 -1 26 -1 -1 19 25 -1 -1 -1 -1 0 22 21 20 -1 -1 -1 -1 
-1 -1 2 3 4 9 -1 -1 -1 -1 -1 -1 -1 5 -1 -1 -1 -1 -1 -1 -1 -1 6 -1 -1 -1 -1 11 -1 -1 -1 13 -1 28 -1 -1 -1 -1 -1 -1 -1 -1 7 -1 -1 31 24 -1 -1 -1 -1 -1 17 -1 -1 -1 10 -1 29 -1 -1 -1 -1 -1 -1 -1 -1 18 -1 -1 -1 -1 -1 26 -1 -1 19 25 -1 -1 -1 -1 0 22 21 20 -1 -1 -1 -1 
-1 -1 2 3 4 9 -1 -1 -1 -1 -1 -1 -1 5 -1 -1 -1 -1 -1 -1 -1 -1 6 -1 -1 -1 -1 11 -1 -1 -1 -1 -1 28 -1 -1 -1 -1 -1 -1 13 -1 7 -1 -1 31 24 -1 -1 -1 -1 -1 17 -1 -1 -1 10 -1 29 -1 -1 -1 -1 -1 -1 -1 -1 18 -1 -1 -1 -1 -1 26 -1 -1 19 25 -1 -1 -1 -1 0 22 21 20 -1 -1 -1 -1 
-1 -1 2 3 4 9 -1 -1 -1 -1 -1 -1 -1 5 -1 -1 -1 -1 -1 -1 -1 -1 6 -1 -1 -1 -1 11 -1 -1 -1 -1 -1 28 -1 -1 -1 -1 -1 -1 13 -1 7 -1 -1 31 24 -1 -1 -1 -1 -1 17 -1 -1 -1 10 -1 29 -1 -1 -1 -1 -1 -1 -1 -1 18 -1 -1 -1 -1 -1 26 -1 -1 19 -1 -1 25 -1 -1 0 22 21 20 -1 -1 -1 -1 
-1 -1 2 3 4 -1 -1 -1 -1 -1 -1 -1 -1 5 -1 -1 -1 -1 -1 -1 -1 -1 6 -1 -1 -1 -1 11 -1 -1 -1 -1 -1 28 -1 -1 -1 -1 -1 -1 13 -1 7 -1 -1 31 24 -1 -1 -1 -1 -1 17 -1 -1 -1 10 -1 29 -1 -1 -1 -1 -1 -1 -1 -1 18 -1 -1 -1 -1 -1 26 -1 -1 19 9 -1 25 -1 -1 0 22 21 20 -1 -1 -1 -1 
-1 -1 2 3 4 -1 -1 -1 -1 -1 -1 -1 -1 5 -1 -1 -1 -1 -1 -1 -1 -1 6 -1 -1 -1 -1 11 -1 -1 -1 -1 -1 28 -1 -1 -1 -1 -1 -1 13 -1 7 -1 -1 31 24 -1 -1 -1 -1 -1 17 -1 -1 -1 10 -1 29 -1 -1 -1 -1 -1 26 -1 -1 18 -1 -1 -1 -1 -1 -1 -1 -1 19 9 -1 25 -1 -1 0 22 21 20 -1 -1 -1 -1 
-1 -1 2 3 4 -1 -1 -1 -1 -1 -1 -1 -1 5 -1 -1 -1 -1 -1 -1 -1 -1 6 -1 -1 -1 -1 11 -1 -1 -1 -1 -1 28 -1 -1 -1 -1 -1 -1 13 -1 7 -1 -1 31 24 -1 -1 -1 -1 -1 17 -1 -1 -1 -1 -1 29 -1 -1 -1 -1 -1 26 -1 -1 18 -1 -1 -1 -1 -1 -1 10 -1 19 9 -1 25 -1 -1 0 22 21 20 -1 -1 -1 -1 
-1 -1 2 3 4 -1 -1 -1 -1 -1 -1 -1 -1 5 -1 -1 -1 -1 -1 -1 -1 -1 6 -1 -1 -1 -1 11 -1 -1 -1 -1 -1 28 -1 -1 -1 -1 -1 -1 13 -1 7 -1 -1 31 24 -1 -1 -1 -1 -1 17 -1 -1 -1 -1 -1 29 -1 -1 -1 -1 -1 26 -1 -1 18 -1 -1 25 -1 -1 -1 10 -1 19 9 -1 -1 -1 -1 0 22 21 20 -1 -1 -1 -1 
-1 -1 2 3 4 -1 -1 -1 -1 -1 -1 -1 -1 5 -1 -1 -1 -1 -1 -1 -1 -1 6 -1 -1 -1 -1 11 -1 -1 -1 -1 -1 28 -1 -1 -1 -1 -1 -1 13 -1 7 -1 -1 31 24 -1 -1 -1 -1 -1 17 -1 -1 -1 -1 -1 29 -1 -1 -1 -1 -1 26 -1 -1 18 -1 -1 25 -1 -1 -1 -1 10 19 9 -1 -1 -1 -1 0 22 21 20 -1 -1 -1 -1 
-1 -1 2 3 4 -1 -1 -1 -1 -1 -1 -1 -1 5 -1 -1 -1 -1 -1 -1 -1 -1 6 -1 -1 -1 -1 11 -1 -1 -1 -1 -1 28 -1 -1 -1 -1 -1 -1 13 -1 7 -1 -1 31 -1 24 -1 -1 -1 -1 17 -1 -1 -1 -1 -1 29 -1 -1 -1 -1 -1 26 -1 -1 18 -1 -1 25 -1 -1 -1 -1 10 19 9 -1 -1 -1 -1 0 22 21 20 -1 -1 -1 -1 
-1 -1 2 3 4 -1 -1 -1 -1 -1 -1 -1 -1 5 -1 -1 -1 -1 -1 -1 -1 -1 6 -1 -1 -1 -1 11 -1 -1 -1 -1 -1 28 -1 -1 -1 -1 -1 -1 13 -1 7 -1 -1 31 -1 24 -1 -1 -1 -1 17 -1 -1 -1 -1 -1 29 -1 -1 -1 -1 -1 26 -1 -1 18 -1 -1 25 -1 -1 -1 -1 10 19 -1 -1 9 -1 -1 0 22 21 20 -1 -1 -1 -1 
-1 -1 2 3 4 -1 -1 -1 -1 -1 -1 -1 -1 5 -1 -1 -1 -1 -1 -1 -1 -1 6 -1 -1 -1 -1 11 -1 -1 -1 -1 -1 28 -1 -1 -1 -1 -1 -1 13 17 7 -1 -1 31 -1 24 -1 -1 -1 -1 -1 -1 -1 -1 -1 -1 29 -1 -1 -1 -1 -1 26 -1 -1 18 -1 -1 25 -1 -1 -1 -1 10 19 -1 -1 9 -1 -1 0 22 21 20 -1 -1 -1 -1 
-1 -1 2 3 4 -1 -1 -1 -1 -1 -1 -1 -1 5 -1 -1 -1 -1 -1 -1 -1 -1 6 -1 -1 -1 -1 11 -1 -1 -1 -1 -1 28 -1 -1 -1 -1 -1 -1 13 17 -1 -1 -1 31 -1 24 -1 -1 -1 -1 -1 -1 -1 -1 -1 -1 29 7 -1 -1 -1 -1 26 -1 -1 18 -1 -1 25 -1 -1 -1 -1 10 19 -1 -1 9 -1 -1 0 22 21 20 -1 -1 -1 -1 
-1 -1 2 3 4 -1 -1 -1 -1 -1 -1 -1 -1 5 -1 -1 -1 -1 -1 -1 -1 -1 6 -1 -1 -1 -1 11 -1 -1 -1 -1 -1 28 -1 -1 -1 -1 -1 -1 13 17 -1 -1 -1 31 -1 24 -1 -1 -1 -1 -1 -1 -1 -1 -1 -1 29 7 -1 -1 -1 -1 26 -1 -1 18 25 -1 -1 -1 -1 -1 -1 10 19 -1 -1 9 -1 -1 0 22 21 20 -1 -1 -1 -1 
-1 -1 2 3 4 -1 -1 -1 -1 -1 -1 -1 -1 5 -1 -1 -1 -1 -1 -1 -1 -1 6 -1 -1 -1 -1 11 -1 -1 -1 -1 -1 28 -1 -1 -1 -1 -1 -1 13 17 -1 -1 -1 31 -1 24 -1 -1 -1 -1 -1 -1 -1 -1 -1 -1 29 -1 -1 -1 -1 -1 26 -1 -1 18 25 -1 7 -1 -1 -1 -1 10 19 -1 -1 9 -1 -1 0 22 21 20 -1 -1 -1 -1 
-1 -1 2 3 4 -1 -1 -1 -1 -1 -1 -1 -1 5 -1 -1 -1 -1 -1 -1 -1 -1 6 -1 -1 -1 -1 11 -1 -1 -1 -1 -1 28 17 -1 -1 -1 -1 -1 13 -1 -1 -1 -1 31 -1 24 -1 -1 -1 -1 -1 -1 -1 -1 -1 -1 29 -1 -1 -1 -1 -1 26 -1 -1 18 25 -1 7 -1 -1 -1 -1 10 19 -1 -1 9 -1 -1 0 22 21 20 -1 -1 -1 -1 
-1 -1 2 3 4 -1 -1 -1 -1 -1 -1 -1 -1 5 -1 -1 -1 -1 -1 -1 -1 -1 6 -1 -1 -1 -1 11 -1 -1 -1 -1 -1 28 9 -1 -1 -1 -1 -1 13 -1 -1 -1 -1 31 -1 24 -1 -1 -1 -1 -1 -1 -1 -1 -1 -1 29 -1 -1 -1 -1 -1 26 -1 -1 18 25 -1 7 -1 -1 -1 -1 10 19 -1 -1 -1 -1 -1 0 22 21 20 -1 -1 -1 -1 
-1 -1 2 3 4 -1 -1 -1 -1 -1 -1 -1 -1 5 -1 -1 -1 -1 -1 -1 -1 -1 6 -1 -1 -1 -1 11 -1 -1 -1 -1 -1 -1 28 -1 -1 -1 -1 -1 13 -1 -1 -1 -1 31 -1 24 -1 -1 -1 -1 -1 -1 -1 -1 -1 -1 29 -1 -1 -1 -1 -1 26 -1 -1 18 25 -1 7 -1 -1 -1 -1 10 19 -1 -1 -1 -1 -1 0 22 21 20 -1 -1 -1 -1 
-1 -1 2 3 4 -1 -1 -1 -1 -1 -1 -1 -1 5 -1 -1 -1 -1 -1 -1 -1 -1 6 -1 -1 -1 -1 11 -1 -1 -1 -1 -1 -1 28 -1 -1 -1 -1 -1 13 -1 -1 -1 -1 31 -1 24 -1 -1 -1 -1 -1 -1 -1 -1 -1 -1 29 -1 -1 -1 -1 -1 26 -1 -1 18 25 -1 -1 -1 -1 -1 -1 10 19 -1 -1 -1 -1 -1 0 22 21 20 -1 -1 -1 7 
-1 -1 2 3 4 -1 -1 -1 -1 -1 -1 -1 -1 5 -1 -1 -1 -1 -1 -1 -1 -1 6 -1 -1 -1 -1 11 -1 -1 -1 -1 -1 -1 28 -1 -1 -1 -1 -1 13 -1 -1 -1 -1 31 -1 24 -1 -1 -1 -1 -1 -1 -1 -1 -1 -1 29 -1 -1 -1 -1 -1 26 -1 -1 18 25 -1 -1 -1 -1 -1 -1 10 19 -1 -1 -1 -1 -1 0 22 21 -1 20 -1 -1 7 
-1 -1 2 3 4 -1 -1 -1 -1 -1 -1 -1 -1 5 -1 -1 -1 -1 -1 -1 -1 -1 6 -1 -1 -1 -1 11 -1 -1 -1 -1 -1 -1 28 -1 -1 -1 -1 -1 13 -1 -1 -1 -1 31 -1 24 -1 -1 -1 -1 -1 -1 -1 -1 -1 -1 29 -1 -1 -1 -1 -1 26 -1 -1 18 25 -1 -1 -1 -1 -1 -1 10 19 -1 7 -1 -1 -1 0 22 21 -1 20 -1 -1 -1 
-1 -1 2 3 4 -1 -1 -1 -1 -1 -1 -1 -1 5 -1 -1 -1 -1 -1 -1 -1 -1 6 -1 -1 -1 -1 11 -1 -1 -1 -1 -1 -1 28 -1 -1 -1 -1 -1 13 -1 -1 -1 -1 31 -1 -1 24 -1 -1 -1 -1 -1 -1 -1 -1 -1 29 -1 -1 -1 -1 -1 26 -1 -1 18 25 -1 -1 -1 -1 -1 -1 10 19 -1 7 -1 -1 -1 0 22 21 -1 20 -1 -1 -1 
-1 -1 2 3 4 -1 -1 -1 -1 -1 -1 -1 -1 5 -1 -1 -1 -1 -1 -1 -1 -1 6 -1 -1 -1 -1 11 -1 -1 -1 -1 -1 -1 28 -1 -1 -1 -1 -1 13 -1 -1 -1 -1 31 -1 -1 24 -1 -1 -1 -1 -1 -1 -1 -1 -1 29 -1 -1 -1 -1 -1 26 -1 -1 18 25 -1 -1 -1 10 -1 -1 -1 19 -1 7 -1 -1 -1 0 22 21 -1 20 -1 -1 -1 
-1 -1 2 3 4 -1 -1 -1 -1 -1 -1 -1 -1 5 -1 -1 -1 -1 -1 -1 -1 -1 6 -1 -1 -1 -1 11 -1 -1 -1 -1 -1 -1 28 -1 -1 -1 -1 -1 13 -1 -1 -1 -1 31 -1 -1 -1 -1 -1 24 -1 -1 -1 -1 -1 -1 29 -1 -1 -1 -1 -1 26 -1 -1 18 25 -1 -1 -1 10 -1 -1 -1 19 -1 7 -1 -1 -1 0 22 21 -1 20 -1 -1 -1 
-1 -1 2 3 4 -1 -1 -1 -1 -1 -1 -1 -1 5 -1 -1 -1 -1 -1 -1 -1 -1 6 -1 -1 -1 -1 11 -1 -1 -1 -1 -1 -1 28 -1 -1 -1 -1 -1 13 -1 -1 -1 -1 31 -1 -1 -1 -1 -1 24 -1 -1 -1 -1 -1 -1 29 -1 -1 -1 -1 -1 26 -1 -1 18 25 -1 -1 -1 -1 -1 -1 10 19 -1 7 -1 -1 -1 0 22 21 -1 20 -1 -1 -1 
-1 -1 2 3 4 -1 -1 -1 -1 -1 -1 -1 -1 5 -1 -1 -1 -1 -1 -1 -1 -1 6 -1 -1 -1 -1 11 -1 -1 -1 -1 -1 -1 28 -1 -1 -1 -1 -1 13 -1 -1 -1 -1 31 -1 -1 24 -1 -1 -1 -1 -1 -1 -1 -1 -1 29 -1 -1 -1 -1 -1 26 -1 -1 18 25 -1 -1 -1 -1 -1 -1 10 19 -1 7 -1 -1 -1 0 22 21 -1 20 -1 -1 -1 
-1 -1 2 3 4 -1 -1 -1 -1 -1 -1 -1 -1 5 -1 -1 -1 -1 -1 -1 -1 -1 6 -1 -1 -1 -1 11 -1 -1 -1 -1 -1 -1 28 -1 -1 -1 -1 -1 13 -1 -1 -1 -1 31 -1 -1 24 -1 -1 -1 -1 -1 -1 -1 -1 -1 29 -1 -1 -1 -1 -1 26 -1 -1 18 25 -1 -1 -1 10 -1 -1 -1 19 -1 7 -1 -1 -1 0 22 21 -1 20 -1 -1 -1 
-1 -1 2 3 4 -1 -1 -1 -1 -1 -1 -1 -1 5 -1 -1 -1 -1 -1 -1 -1 -1 6 -1 -1 -1 -1 11 -1 -1 -1 -1 -1 28 -1 -1 -1 -1 -1 -1 13 -1 -1 -1 -1 31 -1 -1 24 -1 -1 -1 -1 -1 -1 -1 -1 -1 29 -1 -1 -1 -1 -1 26 -1 -1 18 25 -1 -1 -1 10 -1 -1 -1 19 -1 7 -1 -1 -1 0 22 21 -1 20 -1 -1 -1 
-1 -1 2 3 4 -1 -1 -1 -1 -1 -1 -1 -1 5 -1 -1 -1 -1 -1 -1 -1 -1 6 -1 -1 -1 -1 11 -1 -1 -1 -1 -1 28 -1 -1 -1 -1 -1 -1 13 -1 -1 -1 -1 31 -1 -1 24 -1 -1 -1 -1 -1 -1 -1 -1 -1 29 -1 -1 -1 -1 -1 26 -1 -1 18 25 -1 -1 -1 -1 -1 -1 -1 19 -1 7 -1 -1 10 0 22 21 -1 20 -1 -1 -1 
-1 -1 2 3 4 -1 -1 -1 -1 -1 -1 -1 -1 5 -1 -1 -1 -1 -1 -1 -1 -1 6 -1 -1 -1 -1 11 -1 -1 -1 -1 28 -1 -1 -1 -1 -1 -1 -1 13 -1 -1 -1 -1 31 -1 -1 24 -1 -1 -1 -1 -1 -1 -1 -1 -1 29 -1 -1 -1 -1 -1 26 -1 -1 18 25 -1 -1 -1 -1 -1 -1 -1 19 -1 7 -1 -1 10 0 22 21 -1 20 -1 -1 -1 
-1 -1 2 3 4 -1 -1 -1 -1 -1 -1 -1 -1 5 -1 -1 -1 -1 -1 -1 -1 -1 6 -1 -1 -1 -1 11 -1 -1 -1 -1 28 -1 -1 -1 -1 -1 -1 -1 13 -1 -1 -1 -1 31 -1 -1 24 -1 -1 -1 -1 -1 -1 -1 -1 -1 29 -1 -1 -1 -1 -1 26 -1 -1 7 25 -1 -1 -1 -1 -1 -1 -1 19 -1 -1 -1 -1 10 0 22 21 -1 20 -1 -1 -1 
-1 -1 2 3 4 -1 -1 -1 -1 -1 -1 -1 -1 5 -1 -1 -1 -1 -1 -1 -1 -1 6 -1 -1 -1 -1 11 -1 -1 -1 -1 28 -1 -1 -1 -1 -1 -1 -1 13 -1 -1 -1 -1 31 -1 -1 -1 -1 -1 -1 -1 -1 -1 -1 -1 -1 29 -1 -1 -1 -1 -1 26 -1 24 7 25 -1 -1 -1 -1 -1 -1 -1 19 -1 -1 -1 -1 10 0 22 21 -1 20 -1 -1 -1 
-1 -1 2 3 4 -1 -1 -1 -1 -1 -1 -1 -1 5 -1 -1 -1 -1 -1 -1 -1 -1 6 -1 -1 -1 -1 11 -1 -1 -1 -1 28 -1 -1 -1 -1 -1 -1 -1 13 -1 -1 -1 -1 31 -1 -1 -1 -1 -1 -1 -1 -1 -1 -1 -1 -1 29 -1 -1 -1 -1 -1 26 -1 24 7 25 -1 -1 -1 -1 -1 -1 -1 19 -1 -1 -1 -1 10 -1 0 21 -1 20 -1 -1 -1 
-1 -1 2 3 4 -1 -1 -1 -1 -1 -1 -1 -1 5 -1 -1 -1 -1 -1 -1 -1 -1 6 -1 -1 -1 -1 11 -1 -1 -1 -1 28 -1 -1 -1 -1 -1 -1 -1 13 -1 -1 -1 -1 31 -1 -1 -1 -1 -1 -1 -1 -1 -1 -1 -1 -1 29 -1 -1 -1 -1 -1 26 -1 24 7 25 -1 -1 -1 -1 -1 -1 -1 19 20 -1 -1 -1 10 -1 0 21 -1 -1 -1 -1 -1 
-1 -1 2 3 4 -1 -1 -1 -1 -1 -1 -1 -1 5 -1 -1 -1 -1 -1 -1 -1 -1 6 -1 -1 -1 -1 11 -1 -1 -1 -1 28 -1 -1 -1 -1 -1 -1 -1 13 -1 -1 -1 -1 31 -1 0 -1 -1 -1 -1 -1 -1 -1 -1 -1 -1 29 -1 -1 -1 -1 -1 26 -1 24 7 25 -1 -1 -1 -1 -1 -1 -1 19 20 -1 -1 -1 10 -1 -1 21 -1 -1 -1 -1 -1 
-1 -1 2 3 4 -1 -1 -1 -1 -1 -1 -1 -1 5 -1 -1 -1 -1 -1 -1 -1 -1 6 -1 -1 -1 -1 11 -1 -1 -1 -1 28 -1 -1 -1 -1 -1 -1 -1 13 -1 -1 -1 -1 31 -1 0 -1 -1 -1 -1 -1 -1 -1 -1 -1 -1 29 -1 -1 -1 -1 -1 26 -1 -1 24 25 -1 -1 -1 -1 -1 -1 -1 19 20 -1 -1 -1 10 -1 -1 21 -1 -1 -1 -1 -1 
-1 -1 2 3 4 -1 -1 -1 -1 -1 -1 -1 -1 5 -1 -1 -1 -1 -1 -1 -1 -1 6 -1 -1 -1 -1 11 -1 -1 -1 -1 28 -1 -1 -1 -1 -1 -1 -1 13 -1 -1 -1 -1 31 -1 -1 -1 -1 -1 0 -1 -1 -1 -1 -1 -1 29 -1 -1 -1 -1 -1 26 -1 -1 24 25 -1 -1 -1 -1 -1 -1 -1 19 20 -1 -1 -1 10 -1 -1 21 -1 -1 -1 -1 -1 
-1 -1 2 3 4 -1 -1 -1 -1 -1 -1 -1 -1 5 -1 -1 -1 -1 -1 -1 -1 -1 6 -1 -1 -1 -1 11 -1 -1 -1 -1 28 -1 -1 -1 -1 -1 -1 -1 13 -1 -1 -1 -1 31 -1 -1 -1 -1 -1 0 -1 -1 -1 -1 -1 -1 29 -1 -1 -1 -1 -1 26 -1 -1 24 -1 25 -1 -1 -1 -1 -1 -1 19 20 -1 -1 -1 10 -1 -1 21 -1 -1 -1 -1 -1 
-1 -1 2 3 4 -1 -1 -1 -1 -1 -1 -1 -1 5 -1 -1 -1 -1 -1 -1 -1 -1 6 -1 -1 -1 -1 11 -1 -1 -1 -1 28 -1 -1 -1 -1 -1 -1 -1 13 -1 -1 -1 -1 31 -1 -1 -1 -1 -1 0 -1 -1 -1 -1 -1 -1 29 -1 -1 -1 -1 10 26 -1 -1 24 -1 25 -1 -1 -1 -1 -1 -1 19 20 -1 -1 -1 -1 -1 -1 21 -1 -1 -1 -1 -1 
-1 -1 2 3 4 -1 -1 -1 -1 -1 -1 -1 -1 5 -1 -1 -1 -1 -1 -1 -1 -1 6 -1 -1 -1 -1 11 -1 -1 -1 -1 28 -1 -1 -1 -1 -1 -1 -1 13 -1 -1 -1 -1 31 -1 -1 -1 -1 -1 0 -1 -1 -1 -1 -1 -1 29 -1 -1 -1 -1 10 26 -1 19 24 -1 25 -1 -1 -1 -1 -1 -1 -1 20 -1 -1 -1 -1 -1 -1 21 -1 -1 -1 -1 -1 
-1 -1 2 3 4 -1 -1 -1 -1 -1 -1 -1 -1 5 -1 -1 -1 -1 -1 -1 -1 -1 6 -1 -1 -1 -1 11 -1 -1 -1 -1 28 -1 -1 -1 -1 -1 -1 -1 13 -1 -1 -1 -1 31 0 -1 -1 -1 -1 -1 -1 -1 -1 -1 -1 -1 29 -1 -1 -1 -1 10 26 -1 19 24 -1 25 -1 -1 -1 -1 -1 -1 -1 20 -1 -1 -1 -1 -1 -1 21 -1 -1 -1 -1 -1 
-1 -1 2 3 4 -1 -1 -1 -1 -1 -1 -1 -1 5 -1 -1 -1 -1 -1 -1 -1 -1 6 -1 -1 -1 -1 11 -1 -1 -1 -1 28 -1 -1 -1 -1 -1 -1 -1 13 -1 -1 -1 -1 31 0 -1 -1 -1 -1 -1 -1 -1 -1 -1 -1 -1 29 -1 -1 -1 -1 10 -1 26 19 24 -1 25 -1 -1 -1 -1 -1 -1 -1 20 -1 -1 -1 -1 -1 -1 21 -1 -1 -1 -1 -1 
-1 -1 2 3 4 -1 -1 -1 -1 -1 -1 -1 -1 5 -1 -1 -1 -1 -1 -1 -1 -1 6 -1 -1 -1 -1 11 -1 -1 -1 -1 28 -1 -1 -1 -1 -1 -1 -1 13 -1 -1 -1 -1 31 -1 0 -1 -1 -1 -1 -1 -1 -1 -1 -1 -1 29 -1 -1 -1 -1 10 -1 26 19 24 -1 25 -1 -1 -1 -1 -1 -1 -1 20 -1 -1 -1 -1 -1 -1 21 -1 -1 -1 -1 -1 
-1 -1 2 3 4 -1 -1 -1 -1 -1 -1 -1 -1 5 -1 -1 -1 -1 -1 -1 -1 -1 6 -1 -1 -1 -1 11 -1 -1 -1 -1 28 -1 -1 -1 -1 -1 -1 -1 13 -1 -1 -1 -1 31 -1 0 -1 -1 -1 -1 -1 -1 -1 -1 -1 -1 29 -1 -1 -1 -1 10 26 -1 19 24 -1 25 -1 -1 -1 -1 -1 -1 -1 20 -1 -1 -1 -1 -1 -1 21 -1 -1 -1 -1 -1 
-1 -1 2 3 4 -1 -1 -1 -1 -1 -1 -1 -1 5 -1 -1 -1 -1 -1 -1 -1 -1 6 -1 -1 -1 -1 11 -1 -1 -1 -1 28 -1 -1 -1 -1 -1 -1 -1 13 -1 -1 -1 -1 31 -1 -1 -1 -1 -1 -1 -1 -1 -1 -1 -1 -1 29 -1 -1 -1 -1 10 26 -1 19 24 -1 25 -1 -1 -1 -1 0 -1 -1 20 -1 -1 -1 -1 -1 -1 21 -1 -1 -1 -1 -1 
-1 -1 2 3 4 -1 -1 -1 -1 -1 -1 -1 -1 5 -1 -1 -1 -1 -1 -1 -1 -1 6 -1 -1 -1 -1 11 -1 -1 -1 -1 28 -1 -1 -1 -1 -1 -1 -1 13 -1 -1 -1 -1 31 -1 -1 -1 -1 -1 -1 -1 -1 -1 -1 -1 -1 29 -1 -1 -1 -1 10 26 -1 19 24 -1 25 -1 -1 -1 -1 0 -1 -1 -1 -1 -1 -1 -1 -1 -1 21 -1 20 -1 -1 -1 
-1 -1 2 3 4 -1 -1 -1 -1 -1 -1 -1 -1 5 -1 -1 -1 -1 -1 -1 -1 -1 6 -1 -1 -1 -1 11 -1 -1 -1 -1 28 -1 -1 -1 -1 -1 -1 -1 13 -1 -1 -1 -1 31 -1 -1 -1 -1 -1 -1 -1 -1 -1 -1 -1 -1 29 -1 -1 -1 -1 10 26 0 19 24 -1 25 -1 -1 -1 -1 -1 -1 -1 -1 -1 -1 -1 -1 -1 -1 21 -1 20 -1 -1 -1 
-1 -1 2 3 4 -1 -1 -1 -1 -1 -1 -1 -1 5 -1 -1 -1 -1 -1 -1 -1 -1 6 -1 -1 -1 -1 11 -1 -1 -1 -1 28 -1 -1 -1 -1 -1 -1 -1 13 -1 -1 -1 -1 31 -1 -1 -1 -1 -1 -1 -1 -1 -1 -1 -1 -1 29 -1 -1 -1 -1 10 -1 0 19 24 -1 25 -1 -1 -1 -1 -1 -1 -1 -1 -1 -1 -1 -1 26 -1 21 -1 20 -1 -1 -1 
-1 -1 2 3 4 -1 -1 -1 -1 -1 -1 -1 -1 5 -1 -1 -1 -1 -1 -1 -1 -1 6 -1 -1 -1 -1 11 -1 -1 -1 -1 28 -1 -1 -1 -1 -1 -1 -1 13 -1 -1 -1 -1 31 -1 -1 -1 -1 -1 -1 -1 -1 -1 -1 -1 -1 29 -1 -1 -1 -1 10 0 -1 19 24 -1 25 -1 -1 -1 -1 -1 -1 -1 -1 -1 -1 -1 -1 26 -1 21 -1 20 -1 -1 -1 
-1 -1 2 3 4 -1 -1 -1 -1 -1 -1 -1 -1 5 -1 -1 -1 -1 -1 -1 -1 -1 6 -1 -1 -1 -1 11 -1 -1 -1 -1 28 -1 -1 -1 -1 -1 -1 -1 13 -1 -1 -1 -1 31 -1 -1 -1 -1 -1 -1 -1 -1 -1 -1 -1 -1 29 -1 -1 -1 -1 10 0 -1 19 24 -1 25 -1 -1 -1 -1 -1 -1 -1 -1 -1 -1 -1 -1 -1 26 21 -1 20 -1 -1 -1 
-1 -1 2 3 4 -1 -1 -1 -1 -1 -1 -1 -1 5 -1 -1 -1 -1 -1 -1 -1 -1 6 -1 -1 -1 -1 11 -1 -1 -1 -1 28 -1 -1 -1 -1 -1 -1 -1 13 -1 -1 -1 -1 31 -1 -1 -1 -1 -1 -1 -1 -1 -1 -1 -1 -1 29 -1 -1 -1 -1 10 -1 0 19 24 -1 25 -1 -1 -1 -1 -1 -1 -1 -1 -1 -1 -1 -1 -1 26 21 -1 20 -1 -1 -1 
-1 -1 2 3 4 -1 -1 -1 -1 -1 -1 -1 -1 5 -1 -1 -1 -1 -1 -1 -1 -1 6 -1 -1 -1 -1 11 -1 -1 -1 -1 28 -1 -1 -1 -1 -1 -1 -1 13 -1 -1 -1 -1 31 -1 -1 -1 -1 -1 -1 -1 -1 -1 -1 -1 -1 29 -1 -1 -1 -1 10 -1 0 19 24 -1 25 -1 -1 -1 -1 -1 -1 -1 -1 -1 -1 -1 -1 26 -1 21 -1 20 -1 -1 -1 
-1 -1 2 3 4 -1 -1 -1 -1 -1 -1 -1 -1 5 -1 -1 -1 -1 -1 -1 -1 -1 6 -1 -1 -1 -1 11 -1 -1 -1 -1 28 -1 -1 -1 -1 -1 -1 -1 13 -1 -1 -1 -1 31 -1 -1 -1 -1 -1 -1 -1 -1 -1 -1 -1 -1 29 -1 -1 -1 -1 10 0 -1 19 24 -1 25 -1 -1 -1 -1 -1 -1 -1 -1 -1 -1 -1 -1 26 -1 21 -1 20 -1 -1 -1 
-1 -1 2 3 4 -1 -1 -1 -1 -1 -1 -1 -1 5 -1 -1 -1 -1 -1 -1 -1 -1 6 -1 -1 -1 -1 11 -1 -1 -1 -1 28 -1 -1 -1 -1 -1 -1 -1 13 -1 -1 -1 -1 31 -1 -1 -1 -1 -1 -1 -1 -1 -1 -1 -1 -1 29 -1 -1 -1 -1 10 0 -1 19 24 -1 25 -1 -1 -1 -1 -1 -1 -1 -1 -1 -1 -1 -1 -1 26 21 -1 20 -1 -1 -1 
-1 -1 2 3 4 -1 -1 -1 -1 -1 -1 -1 -1 5 -1 -1 -1 -1 -1 -1 -1 -1 6 -1 -1 -1 -1 11 -1 -1 -1 -1 28 -1 -1 -1 -1 -1 -1 -1 13 -1 -1 -1 -1 31 -1 -1 -1 -1 -1 -1 -1 -1 -1 -1 -1 -1 29 -1 -1 -1 -1 10 -1 0 19 24 -1 25 -1 -1 -1 -1 -1 -1 -1 -1 -1 -1 -1 -1 -1 26 21 -1 20 -1 -1 -1 
-1 -1 2 3 4 -1 -1 -1 -1 -1 -1 -1 -1 5 -1 -1 -1 -1 -1 -1 -1 -1 6 -1 -1 -1 -1 11 -1 -1 -1 -1 28 -1 -1 -1 -1 -1 -1 -1 13 -1 -1 -1 -1 31 -1 -1 -1 -1 -1 -1 -1 -1 -1 -1 -1 -1 29 -1 -1 -1 -1 10 -1 0 19 24 -1 25 -1 -1 -1 -1 -1 -1 -1 -1 -1 -1 -1 -1 26 -1 21 -1 20 -1 -1 -1 
-1 -1 2 3 4 -1 -1 -1 -1 -1 -1 -1 -1 5 -1 -1 -1 -1 -1 -1 -1 -1 6 -1 -1 -1 -1 11 -1 -1 -1 -1 28 -1 -1 -1 -1 -1 -1 -1 13 -1 -1 -1 -1 31 -1 -1 -1 -1 -1 -1 -1 -1 -1 -1 -1 -1 29 -1 -1 -1 -1 10 -1 -1 19 24 -1 25 -1 -1 -1 -1 -1 -1 -1 -1 -1 -1 -1 -1 26 0 21 -1 20 -1 -1 -1 
-1 -1 2 3 4 -1 -1 -1 -1 -1 -1 -1 -1 5 -1 -1 -1 -1 -1 -1 -1 -1 6 -1 -1 -1 -1 11 -1 -1 -1 -1 28 -1 -1 -1 -1 -1 -1 -1 13 -1 -1 -1 -1 31 -1 -1 -1 -1 -1 -1 -1 -1 -1 -1 -1 -1 29 -1 -1 -1 -1 10 26 -1 19 24 -1 25 -1 -1 -1 -1 -1 -1 -1 -1 -1 -1 -1 -1 -1 0 21 -1 20 -1 -1 -1 
-1 -1 2 3 4 -1 -1 -1 -1 -1 -1 -1 -1 5 -1 -1 -1 -1 -1 -1 -1 -1 6 -1 -1 -1 -1 11 -1 -1 -1 -1 28 -1 -1 -1 -1 -1 -1 -1 13 -1 -1 -1 -1 31 -1 -1 -1 -1 -1 -1 -1 -1 -1 -1 -1 -1 29 -1 -1 -1 -1 10 26 -1 19 24 -1 25 -1 -1 -1 -1 -1 -1 -1 -1 -1 -1 -1 -1 -1 -1 0 -1 20 -1 -1 -1 
-1 -1 2 3 4 -1 -1 -1 -1 -1 -1 -1 -1 5 -1 -1 -1 -1 -1 -1 -1 -1 6 -1 -1 -1 -1 11 -1 -1 -1 -1 28 -1 -1 -1 -1 -1 -1 -1 13 -1 -1 -1 -1 31 -1 -1 -1 -1 -1 -1 -1 -1 -1 -1 -1 -1 29 -1 -1 -1 -1 10 26 -1 19 24 -1 25 -1 -1 -1 -1 -1 -1 -1 20 -1 -1 -1 -1 -1 -1 0 -1 -1 -1 -1 -1 
-1 -1 2 3 4 -1 -1 -1 -1 -1 -1 -1 -1 5 -1 -1 -1 -1 -1 -1 -1 -1 6 -1 -1 -1 -1 11 -1 -1 -1 -1 28 -1 -1 -1 -1 -1 -1 -1 13 -1 -1 -1 -1 31 -1 -1 -1 -1 -1 -1 -1 -1 -1 -1 -1 -1 29 -1 -1 -1 -1 10 26 -1 19 24 -1 25 -1 -1 -1 -1 -1 0 -1 20 -1 -1 -1 -1 -1 -1 -1 -1 -1 -1 -1 -1 
-1 -1 2 3 4 -1 -1 -1 -1 -1 -1 -1 -1 5 -1 -1 -1 -1 -1 -1 -1 -1 6 -1 -1 -1 -1 11 -1 -1 -1 -1 28 -1 -1 -1 -1 -1 -1 -1 13 -1 -1 -1 -1 31 -1 -1 -1 -1 -1 -1 -1 -1 -1 -1 -1 -1 29 -1 -1 -1 -1 10 26 -1 19 24 -1 25 -1 -1 -1 -1 -1 0 -1 -1 -1 -1 -1 -1 -1 -1 -1 -1 20 -1 -1 -1 
-1 -1 2 3 4 -1 -1 -1 -1 -1 -1 -1 -1 5 -1 -1 -1 -1 -1 -1 -1 -1 6 -1 -1 -1 -1 11 -1 -1 -1 -1 28 -1 -1 -1 -1 -1 -1 -1 13 -1 -1 -1 -1 31 -1 -1 -1 -1 -1 -1 -1 -1 -1 -1 -1 -1 29 -1 -1 -1 -1 10 26 -1 19 24 -1 25 -1 -1 -1 0 -1 -1 -1 -1 -1 -1 -1 -1 -1 -1 -1 -1 20 -1 -1 -1 
-1 -1 2 3 4 -1 -1 -1 -1 -1 -1 -1 -1 5 -1 -1 -1 -1 -1 -1 -1 -1 6 -1 -1 -1 -1 11 -1 -1 -1 -1 28 -1 -1 -1 -1 -1 -1 -1 13 -1 -1 -1 -1 31 -1 -1 -1 -1 -1 -1 -1 -1 -1 -1 -1 -1 29 -1 -1 -1 -1 10 26 -1 19 -1 -1 25 -1 -1 -1 0 -1 -1 -1 -1 -1 -1 -1 -1 -1 -1 -1 24 20 -1 -1 -1 
-1 -1 2 3 4 -1 -1 -1 -1 -1 -1 -1 -1 5 -1 -1 -1 -1 -1 -1 -1 -1 6 -1 -1 -1 -1 11 -1 -1 -1 -1 28 -1 -1 -1 -1 -1 -1 -1 13 -1 -1 -1 -1 31 -1 -1 -1 -1 -1 -1 -1 -1 -1 -1 -1 -1 29 -1 -1 -1 -1 10 26 -1 19 -1 -1 25 -1 -1 -1 -1 -1 -1 -1 -1 0 -1 -1 -1 -1 -1 -1 24 20 -1 -1 -1 
-1 -1 2 3 4 -1 -1 -1 -1 -1 -1 -1 -1 5 -1 -1 -1 -1 -1 -1 -1 -1 6 -1 -1 -1 -1 11 -1 -1 -1 -1 28 -1 -1 -1 -1 -1 -1 -1 13 -1 -1 -1 -1 31 -1 -1 -1 -1 -1 -1 -1 -1 -1 -1 -1 -1 29 -1 -1 -1 -1 10 26 -1 19 24 -1 25 -1 -1 -1 -1 -1 -1 -1 -1 0 -1 -1 -1 -1 -1 -1 -1 20 -1 -1 -1 
-1 -1 2 3 4 -1 -1 -1 -1 -1 -1 -1 -1 5 -1 -1 -1 -1 -1 -1 -1 -1 6 -1 -1 -1 -1 11 -1 -1 -1 -1 28 -1 -1 -1 -1 -1 -1 -1 13 -1 -1 -1 -1 31 -1 -1 -1 -1 -1 -1 -1 -1 -1 -1 -1 -1 29 -1 -1 -1 -1 10 26 -1 19 24 -1 25 -1 -1 -1 0 -1 -1 -1 -1 -1 -1 -1 -1 -1 -1 -1 -1 20 -1 -1 -1 
-1 -1 2 3 4 -1 -1 -1 -1 -1 -1 -1 -1 5 -1 -1 -1 -1 -1 -1 -1 -1 6 -1 -1 -1 -1 11 -1 -1 -1 -1 28 -1 -1 -1 -1 -1 -1 -1 13 -1 -1 -1 -1 31 -1 -1 -1 -1 -1 -1 -1 -1 -1 -1 -1 -1 29 -1 -1 -1 -1 10 26 -1 19 -1 -1 25 -1 -1 -1 0 -1 -1 -1 -1 -1 -1 -1 -1 -1 -1 -1 24 20 -1 -1 -1 
-1 -1 2 3 4 -1 -1 -1 -1 -1 -1 -1 -1 5 -1 -1 -1 -1 -1 -1 -1 -1 6 -1 -1 -1 -1 11 -1 -1 -1 -1 28 -1 -1 -1 -1 -1 -1 -1 13 -1 -1 -1 -1 31 -1 -1 -1 -1 -1 -1 -1 -1 -1 -1 -1 -1 29 -1 -1 -1 -1 10 26 -1 19 -1 -1 25 -1 -1 -1 -1 -1 0 -1 -1 -1 -1 -1 -1 -1 -1 -1 24 20 -1 -1 -1 
-1 -1 2 3 4 -1 -1 -1 -1 -1 -1 -1 -1 5 -1 -1 -1 -1 -1 -1 -1 -1 6 -1 -1 -1 -1 11 -1 -1 -1 -1 28 -1 -1 -1 -1 -1 -1 -1 13 -1 -1 -1 -1 31 -1 -1 -1 -1 -1 -1 -1 -1 -1 -1 -1 -1 29 -1 -1 -1 -1 10 26 -1 19 24 -1 25 -1 -1 -1 -1 -1 0 -1 -1 -1 -1 -1 -1 -1 -1 -1 -1 20 -1 -1 -1 
-1 -1 2 3 4 -1 -1 -1 -1 -1 -1 -1 -1 5 -1 -1 -1 -1 -1 -1 -1 -1 6 -1 -1 -1 -1 11 -1 -1 -1 -1 28 -1 -1 -1 -1 -1 -1 -1 13 -1 -1 -1 -1 31 -1 -1 -1 -1 -1 -1 -1 -1 -1 -1 -1 -1 29 -1 -1 -1 -1 10 26 -1 19 24 -1 25 -1 -1 -1 -1 0 -1 -1 -1 -1 -1 -1 -1 -1 -1 -1 -1 20 -1 -1 -1 
-1 -1 2 3 4 -1 -1 -1 -1 -1 -1 -1 -1 5 -1 -1 -1 -1 -1 -1 -1 -1 6 -1 -1 -1 -1 11 -1 -1 -1 -1 28 -1 -1 -1 -1 -1 -1 -1 13 -1 -1 -1 -1 31 -1 -1 -1 -1 -1 -1 -1 -1 -1 -1 -1 -1 29 -1 -1 -1 -1 10 26 -1 19 24 -1 -1 -1 25 -1 -1 0 -1 -1 -1 -1 -1 -1 -1 -1 -1 -1 -1 20 -1 -1 -1 
-1 -1 2 3 4 -1 -1 -1 -1 -1 -1 -1 -1 5 -1 -1 -1 -1 -1 -1 -1 -1 6 -1 -1 -1 -1 11 -1 -1 -1 -1 28 -1 -1 -1 -1 -1 -1 -1 13 -1 -1 -1 -1 31 -1 -1 -1 -1 -1 -1 -1 -1 -1 -1 -1 -1 29 -1 -1 -1 -1 10 26 -1 19 24 -1 -1 -1 25 -1 -1 -1 -1 -1 -1 -1 -1 -1 -1 -1 0 -1 -1 20 -1 -1 -1 
-1 -1 2 3 4 -1 -1 -1 -1 -1 -1 -1 -1 5 -1 -1 -1 -1 -1 -1 -1 -1 6 -1 -1 -1 -1 11 -1 -1 -1 -1 28 -1 -1 -1 -1 -1 -1 -1 13 -1 -1 -1 -1 31 -1 -1 -1 -1 -1 -1 -1 -1 -1 -1 -1 -1 29 -1 -1 -1 -1 10 26 -1 19 24 -1 -1 -1 25 -1 -1 -1 -1 -1 20 -1 -1 -1 -1 -1 0 -1 -1 -1 -1 -1 -1 
-1 -1 2 3 4 -1 -1 -1 -1 -1 -1 -1 -1 5 -1 -1 -1 -1 -1 -1 -1 -1 6 -1 -1 -1 -1 11 -1 -1 -1 -1 28 -1 -1 -1 -1 -1 -1 -1 13 -1 -1 -1 -1 31 -1 -1 -1 -1 -1 -1 -1 -1 -1 -1 -1 -1 29 -1 -1 -1 -1 10 26 -1 19 24 -1 -1 -1 25 -1 -1 0 -1 -1 20 -1 -1 -1 -1 -1 -1 -1 -1 -1 -1 -1 -1 
-1 -1 2 3 4 -1 -1 -1 -1 -1 -1 -1 -1 5 -1 -1 -1 -1 -1 -1 -1 -1 6 -1 -1 -1 -1 11 -1 -1 -1 -1 28 -1 -1 -1 -1 -1 -1 -1 13 -1 -1 -1 -1 31 -1 -1 -1 -1 -1 -1 -1 -1 -1 -1 -1 -1 29 -1 -1 -1 -1 10 26 -1 19 24 -1 -1 -1 25 -1 -1 0 -1 -1 -1 -1 -1 -1 -1 -1 -1 -1 -1 20 -1 -1 -1 
-1 -1 2 3 4 -1 -1 -1 -1 -1 -1 -1 -1 5 -1 -1 -1 -1 -1 -1 -1 -1 6 -1 -1 -1 -1 11 -1 -1 -1 -1 28 -1 -1 -1 -1 -1 -1 -1 13 -1 -1 -1 -1 31 -1 -1 -1 -1 -1 -1 -1 -1 -1 -1 -1 -1 29 -1 -1 -1 -1 10 26 -1 19 24 -1 -1 -1 25 -1 -1 -1 -1 -1 -1 -1 0 -1 -1 -1 -1 -1 -1 20 -1 -1 -1 
-1 -1 2 3 4 -1 -1 -1 -1 -1 -1 -1 -1 5 -1 -1 -1 -1 -1 -1 -1 -1 6 -1 -1 -1 -1 11 -1 -1 -1 -1 28 -1 -1 -1 -1 -1 -1 -1 13 -1 -1 -1 -1 31 -1 -1 -1 -1 -1 -1 -1 -1 -1 -1 -1 -1 29 -1 -1 -1 -1 10 26 -1 19 -1 24 -1 -1 25 -1 -1 -1 -1 -1 -1 -1 0 -1 -1 -1 -1 -1 -1 20 -1 -1 -1 
-1 -1 2 3 4 -1 -1 -1 -1 -1 -1 -1 -1 5 -1 -1 -1 -1 -1 -1 -1 -1 6 -1 -1 -1 -1 11 -1 -1 -1 -1 28 -1 -1 -1 -1 -1 -1 -1 13 -1 -1 -1 -1 31 -1 -1 -1 -1 -1 -1 -1 -1 -1 -1 -1 -1 29 -1 -1 0 -1 10 26 -1 19 -1 24 -1 -1 25 -1 -1 -1 -1 -1 -1 -1 -1 -1 -1 -1 -1 -1 -1 20 -1 -1 -1 
-1 -1 2 3 4 -1 -1 -1 25 -1 -1 -1 -1 5 -1 -1 -1 -1 -1 -1 -1 -1 6 -1 -1 -1 -1 11 -1 -1 -1 -1 28 -1 -1 -1 -1 -1 -1 -1 13 -1 -1 -1 -1 31 -1 -1 -1 -1 -1 -1 -1 -1 -1 -1 -1 -1 29 -1 -1 0 -1 10 26 -1 19 -1 24 -1 -1 -1 -1 -1 -1 -1 -1 -1 -1 -1 -1 -1 -1 -1 -1 -1 20 -1 -1 -1 
-1 -1 2 3 4 -1 -1 -1 25 -1 -1 -1 -1 5 -1 -1 -1 -1 -1 -1 -1 -1 6 -1 -1 -1 -1 11 -1 -1 -1 -1 28 -1 -1 -1 -1 -1 -1 -1 13 -1 -1 -1 -1 31 -1 -1 -1 -1 -1 -1 -1 -1 -1 -1 -1 -1 29 -1 -1 -1 0 10 26 -1 19 -1 24 -1 -1 -1 -1 -1 -1 -1 -1 -1 -1 -1 -1 -1 -1 -1 -1 -1 20 -1 -1 -1 
-1 -1 2 3 4 -1 -1 25 -1 -1 -1 -1 -1 5 -1 -1 -1 -1 -1 -1 -1 -1 6 -1 -1 -1 -1 11 -1 -1 -1 -1 28 -1 -1 -1 -1 -1 -1 -1 13 -1 -1 -1 -1 31 -1 -1 -1 -1 -1 -1 -1 -1 -1 -1 -1 -1 29 -1 -1 -1 0 10 26 -1 19 -1 24 -1 -1 -1 -1 -1 -1 -1 -1 -1 -1 -1 -1 -1 -1 -1 -1 -1 20 -1 -1 -1 
-1 -1 2 3 4 -1 -1 25 -1 -1 -1 -1 -1 5 -1 -1 -1 -1 -1 -1 -1 -1 6 -1 -1 -1 -1 11 -1 -1 -1 -1 28 -1 -1 -1 -1 -1 -1 -1 13 -1 -1 -1 -1 31 -1 -1 -1 -1 -1 -1 -1 -1 -1 -1 -1 -1 29 -1 -1 0 -1 10 26 -1 19 -1 24 -1 -1 -1 -1 -1 -1 -1 -1 -1 -1 -1 -1 -1 -1 -1 -1 -1 20 -1 -1 -1 
-1 -1 2 3 4 -1 -1 -1 25 -1 -1 -1 -1 5 -1 -1 -1 -1 -1 -1 -1 -1 6 -1 -1 -1 -1 11 -1 -1 -1 -1 28 -1 -1 -1 -1 -1 -1 -1 13 -1 -1 -1 -1 31 -1 -1 -1 -1 -1 -1 -1 -1 -1 -1 -1 -1 29 -1 -1 0 -1 10 26 -1 19 -1 24 -1 -1 -1 -1 -1 -1 -1 -1 -1 -1 -1 -1 -1 -1 -1 -1 -1 20 -1 -1 -1 
-1 -1 2 3 4 -1 -1 -1 25 -1 -1 -1 -1 5 -1 -1 -1 -1 -1 -1 -1 -1 6 -1 -1 -1 -1 11 -1 -1 -1 -1 28 -1 -1 -1 -1 -1 -1 -1 13 -1 -1 -1 -1 31 -1 -1 -1 -1 -1 -1 -1 -1 -1 -1 -1 -1 29 -1 -1 -1 0 10 26 -1 19 -1 24 -1 -1 -1 -1 -1 -1 -1 -1 -1 -1 -1 -1 -1 -1 -1 -1 -1 20 -1 -1 -1 
-1 -1 2 3 4 -1 -1 25 -1 -1 -1 -1 -1 5 -1 -1 -1 -1 -1 -1 -1 -1 6 -1 -1 -1 -1 11 -1 -1 -1 -1 28 -1 -1 -1 -1 -1 -1 -1 13 -1 -1 -1 -1 31 -1 -1 -1 -1 -1 -1 -1 -1 -1 -1 -1 -1 29 -1 -1 -1 0 10 26 -1 19 -1 24 -1 -1 -1 -1 -1 -1 -1 -1 -1 -1 -1 -1 -1 -1 -1 -1 -1 20 -1 -1 -1 
-1 -1 2 3 4 -1 -1 25 0 -1 -1 -1 -1 5 -1 -1 -1 -1 -1 -1 -1 -1 6 -1 -1 -1 -1 11 -1 -1 -1 -1 28 -1 -1 -1 -1 -1 -1 -1 13 -1 -1 -1 -1 31 -1 -1 -1 -1 -1 -1 -1 -1 -1 -1 -1 -1 29 -1 -1 -1 -1 10 26 -1 19 -1 24 -1 -1 -1 -1 -1 -1 -1 -1 -1 -1 -1 -1 -1 -1 -1 -1 -1 20 -1 -1 -1 
-1 -1 2 3 4 -1 -1 25 0 -1 -1 -1 -1 5 -1 -1 -1 -1 -1 -1 -1 -1 6 -1 -1 -1 -1 11 -1 -1 -1 -1 28 -1 -1 -1 -1 -1 -1 -1 13 -1 -1 -1 -1 31 -1 -1 -1 -1 -1 -1 -1 -1 -1 -1 -1 -1 29 -1 -1 -1 -1 10 26 -1 19 -1 -1 -1 24 -1 -1 -1 -1 -1 -1 -1 -1 -1 -1 -1 -1 -1 -1 -1 20 -1 -1 -1 
-1 -1 2 3 4 -1 -1 25 -1 -1 -1 -1 -1 5 -1 -1 -1 -1 -1 -1 -1 -1 6 -1 -1 -1 -1 11 -1 -1 -1 -1 28 -1 -1 0 -1 -1 -1 -1 13 -1 -1 -1 -1 31 -1 -1 -1 -1 -1 -1 -1 -1 -1 -1 -1 -1 29 -1 -1 -1 -1 10 26 -1 19 -1 -1 -1 24 -1 -1 -1 -1 -1 -1 -1 -1 -1 -1 -1 -1 -1 -1 -1 20 -1 -1 -1 
-1 -1 2 3 4 -1 -1 25 -1 -1 -1 -1 -1 5 -1 -1 -1 -1 -1 -1 -1 -1 6 -1 -1 -1 -1 11 -1 -1 -1 -1 28 -1 -1 0 -1 -1 -1 -1 13 -1 -1 -1 -1 31 -1 -1 -1 -1 -1 -1 -1 -1 -1 -1 -1 -1 29 -1 -1 -1 -1 10 26 -1 19 -1 -1 -1 24 -1 -1 -1 -1 -1 -1 -1 -1 -1 -1 -1 -1 -1 -1 -1 16 -1 -1 -1 
-1 -1 2 3 4 -1 -1 25 0 -1 -1 -1 -1 5 -1 -1 -1 -1 -1 -1 -1 -1 6 -1 -1 -1 -1 11 -1 -1 -1 -1 28 -1 -1 -1 -1 -1 -1 -1 13 -1 -1 -1 -1 31 -1 -1 -1 -1 -1 -1 -1 -1 -1 -1 -1 -1 29 -1 -1 -1 -1 10 26 -1 19 -1 -1 -1 24 -1 -1 -1 -1 -1 -1 -1 -1 -1 -1 -1 -1 -1 -1 -1 16 -1 -1 -1 
-1 -1 2 3 4 -1 -1 25 0 -1 -1 -1 -1 5 -1 -1 -1 -1 -1 -1 -1 -1 6 -1 -1 -1 -1 11 -1 -1 -1 -1 28 -1 -1 -1 -1 -1 -1 -1 13 -1 -1 -1 -1 31 -1 -1 -1 -1 -1 -1 -1 -1 -1 -1 -1 -1 29 -1 -1 -1 -1 10 26 -1 19 -1 -1 -1 24 -1 -1 -1 -1 -1 -1 -1 -1 -1 -1 -1 -1 -1 -1 -1 -1 -1 16 -1 
-1 -1 2 3 4 -1 -1 25 -1 -1 -1 -1 -1 5 -1 -1 -1 -1 -1 -1 -1 -1 6 -1 -1 -1 -1 11 -1 -1 -1 -1 28 -1 -1 -1 -1 -1 -1 -1 13 -1 -1 -1 -1 31 -1 -1 -1 -1 -1 -1 -1 -1 -1 -1 -1 -1 29 -1 -1 -1 0 10 26 -1 19 -1 -1 -1 24 -1 -1 -1 -1 -1 -1 -1 -1 -1 -1 -1 -1 -1 -1 -1 -1 -1 16 -1 
-1 -1 2 3 4 -1 -1 25 -1 -1 -1 -1 -1 5 -1 -1 -1 -1 -1 -1 -1 -1 6 -1 -1 -1 -1 11 -1 -1 -1 -1 28 -1 -1 -1 -1 -1 -1 -1 13 -1 -1 -1 -1 31 -1 -1 -1 -1 -1 -1 -1 -1 -1 -1 -1 -1 29 -1 -1 -1 0 10 26 -1 19 -1 -1 -1 24 -1 -1 -1 -1 -1 -1 -1 -1 -1 -1 -1 -1 -1 -1 -1 16 -1 -1 -1 
-1 -1 2 3 4 -1 -1 25 0 -1 -1 -1 -1 5 -1 -1 -1 -1 -1 -1 -1 -1 6 -1 -1 -1 -1 11 -1 -1 -1 -1 28 -1 -1 -1 -1 -1 -1 -1 13 -1 -1 -1 -1 31 -1 -1 -1 -1 -1 -1 -1 -1 -1 -1 -1 -1 29 -1 -1 -1 -1 10 26 -1 19 -1 -1 -1 24 -1 -1 -1 -1 -1 -1 -1 -1 -1 -1 -1 -1 -1 -1 -1 16 -1 -1 -1 
-1 -1 2 3 4 -1 -1 25 0 -1 -1 -1 -1 5 -1 -1 -1 -1 -1 -1 -1 -1 6 -1 -1 -1 -1 11 -1 -1 -1 -1 28 -1 -1 -1 -1 -1 -1 -1 13 -1 -1 -1 -1 31 -1 -1 -1 -1 -1 -1 -1 -1 -1 -1 -1 -1 29 -1 -1 -1 -1 10 26 -1 19 -1 -1 -1 24 -1 -1 -1 -1 -1 -1 -1 -1 -1 -1 -1 -1 -1 -1 -1 -1 -1 16 -1 
-1 -1 2 3 4 -1 -1 25 0 -1 -1 -1 -1 5 -1 -1 -1 -1 -1 -1 -1 -1 6 -1 -1 -1 -1 11 -1 -1 -1 -1 28 -1 -1 -1 -1 -1 -1 -1 13 -1 -1 -1 -1 31 -1 -1 -1 -1 -1 -1 -1 -1 -1 -1 -1 -1 29 -1 -1 -1 -1 -1 26 -1 10 -1 -1 -1 24 -1 -1 -1 -1 -1 -1 -1 -1 -1 -1 -1 -1 -1 -1 -1 -1 -1 16 -1 
-1 -1 2 25 4 -1 -1 -1 0 -1 -1 -1 -1 5 -1 -1 -1 -1 -1 -1 -1 -1 6 -1 -1 -1 -1 11 -1 -1 -1 -1 28 -1 -1 -1 -1 -1 -1 -1 13 -1 -1 -1 -1 31 -1 -1 -1 -1 -1 -1 -1 -1 -1 -1 -1 -1 29 -1 -1 -1 -1 -1 26 -1 10 -1 -1 -1 24 -1 -1 -1 -1 -1 -1 -1 -1 -1 -1 -1 -1 -1 -1 -1 -1 -1 16 -1 
-1 -1 2 25 4 -1 -1 -1 -1 -1 -1 -1 -1 5 -1 -1 -1 -1 -1 -1 -1 -1 6 -1 -1 -1 -1 11 -1 -1 -1 -1 28 -1 -1 0 -1 -1 -1 -1 13 -1 -1 -1 -1 31 -1 -1 -1 -1 -1 -1 -1 -1 -1 -1 -1 -1 29 -1 -1 -1 -1 -1 26 -1 10 -1 -1 -1 24 -1 -1 -1 -1 -1 -1 -1 -1 -1 -1 -1 -1 -1 -1 -1 -1 -1 16 -1 
-1 -1 2 25 4 -1 -1 -1 -1 -1 -1 -1 -1 5 -1 -1 -1 -1 -1 -1 -1 -1 6 -1 -1 16 -1 11 -1 -1 -1 -1 28 -1 -1 0 -1 -1 -1 -1 13 -1 -1 -1 -1 31 -1 -1 -1 -1 -1 -1 -1 -1 -1 -1 -1 -1 29 -1 -1 -1 -1 -1 26 -1 10 -1 -1 -1 24 -1 -1 -1 -1 -1 -1 -1 -1 -1 -1 -1 -1 -1 -1 -1 -1 -1 -1 -1 
-1 -1 2 25 4 5 -1 -1 -1 -1 -1 -1 -1 -1 -1 -1 -1 -1 -1 -1 -1 -1 6 -1 -1 16 -1 11 -1 -1 -1 -1 28 -1 -1 0 -1 -1 -1 -1 13 -1 -1 -1 -1 31 -1 -1 -1 -1 -1 -1 -1 -1 -1 -1 -1 -1 29 -1 -1 -1 -1 -1 26 -1 10 -1 -1 -1 24 -1 -1 -1 -1 -1 -1 -1 -1 -1 -1 -1 -1 -1 -1 -1 -1 -1 -1 -1 
-1 -1 2 25 4 5 -1 -1 -1 -1 -1 -1 -1 -1 -1 -1 -1 -1 -1 -1 -1 -1 6 -1 -1 16 -1 11 -1 -1 -1 28 -1 -1 -1 0 -1 -1 -1 -1 13 -1 -1 -1 -1 31 -1 -1 -1 -1 -1 -1 -1 -1 -1 -1 -1 -1 29 -1 -1 -1 -1 -1 26 -1 10 -1 -1 -1 24 -1 -1 -1 -1 -1 -1 -1 -1 -1 -1 -1 -1 -1 -1 -1 -1 -1 -1 -1 
-1 -1 2 25 4 5 -1 -1 -1 -1 -1 -1 -1 -1 -1 -1 -1 -1 -1 -1 -1 -1 6 -1 -1 16 -1 11 -1 -1 -1 0 -1 -1 -1 -1 -1 -1 -1 -1 13 -1 -1 -1 -1 31 -1 -1 -1 -1 -1 -1 -1 -1 -1 -1 -1 -1 29 -1 -1 -1 -1 -1 26 -1 10 -1 -1 -1 24 -1 -1 -1 -1 -1 -1 -1 -1 -1 -1 -1 -1 -1 -1 -1 -1 -1 -1 -1 
-1 -1 2 25 4 5 -1 -1 -1 -1 -1 -1 -1 -1 -1 -1 -1 -1 -1 -1 -1 -1 6 16 -1 -1 -1 11 -1 -1 -1 0 -1 -1 -1 -1 -1 -1 -1 -1 13 -1 -1 -1 -1 31 -1 -1 -1 -1 -1 -1 -1 -1 -1 -1 -1 -1 29 -1 -1 -1 -1 -1 26 -1 10 -1 -1 -1 24 -1 -1 -1 -1 -1 -1 -1 -1 -1 -1 -1 -1 -1 -1 -1 -1 -1 -1 -1 
-1 -1 2 25 -1 5 -1 -1 -1 -1 -1 -1 -1 4 -1 -1 -1 -1 -1 -1 -1 -1 6 16 -1 -1 -1 11 -1 -1 -1 0 -1 -1 -1 -1 -1 -1 -1 -1 13 -1 -1 -1 -1 31 -1 -1 -1 -1 -1 -1 -1 -1 -1 -1 -1 -1 29 -1 -1 -1 -1 -1 26 -1 10 -1 -1 -1 24 -1 -1 -1 -1 -1 -1 -1 -1 -1 -1 -1 -1 -1 -1 -1 -1 -1 -1 -1 
-1 -1 2 25 -1 5 -1 -1 -1 -1 -1 -1 -1 4 -1 -1 -1 -1 -1 -1 -1 -1 6 -1 -1 -1 -1 11 -1 -1 -1 0 16 -1 -1 -1 -1 -1 -1 -1 13 -1 -1 -1 -1 31 -1 -1 -1 -1 -1 -1 -1 -1 -1 -1 -1 -1 29 -1 -1 -1 -1 -1 26 -1 10 -1 -1 -1 24 -1 -1 -1 -1 -1 -1 -1 -1 -1 -1 -1 -1 -1 -1 -1 -1 -1 -1 -1 
-1 -1 2 25 4 5 -1 -1 -1 -1 -1 -1 -1 -1 -1 -1 -1 -1 -1 -1 -1 -1 6 -1 -1 -1 -1 11 -1 -1 -1 0 16 -1 -1 -1 -1 -1 -1 -1 13 -1 -1 -1 -1 31 -1 -1 -1 -1 -1 -1 -1 -1 -1 -1 -1 -1 29 -1 -1 -1 -1 -1 26 -1 10 -1 -1 -1 24 -1 -1 -1 -1 -1 -1 -1 -1 -1 -1 -1 -1 -1 -1 -1 -1 -1 -1 -1 
-1 26 2 25 4 5 -1 -1 -1 -1 -1 -1 -1 -1 -1 -1 -1 -1 -1 -1 -1 -1 6 -1 -1 -1 -1 11 -1 -1 -1 0 16 -1 -1 -1 -1 -1 -1 -1 13 -1 -1 -1 -1 31 -1 -1 -1 -1 -1 -1 -1 -1 -1 -1 -1 -1 29 -1 -1 -1 -1 -1 -1 -1 10 -1 -1 -1 24 -1 -1 -1 -1 -1 -1 -1 -1 -1 -1 -1 -1 -1 -1 -1 -1 -1 -1 -1 
-1 26 2 25 4 5 -1 -1 -1 -1 -1 -1 -1 -1 -1 -1 -1 -1 -1 -1 -1 -1 6 -1 -1 -1 -1 11 0 -1 -1 -1 16 -1 -1 -1 -1 -1 -1 -1 13 -1 -1 -1 -1 31 -1 -1 -1 -1 -1 -1 -1 -1 -1 -1 -1 -1 29 -1 -1 -1 -1 -1 -1 -1 10 -1 -1 -1 24 -1 -1 -1 -1 -1 -1 -1 -1 -1 -1 -1 -1 -1 -1 -1 -1 -1 -1 -1 
26 -1 2 25 4 5 -1 -1 -1 -1 -1 -1 -1 -1 -1 -1 -1 -1 -1 -1 -1 -1 6 -1 -1 -1 -1 11 0 -1 -1 -1 16 -1 -1 -1 -1 -1 -1 -1 13 -1 -1 -1 -1 31 -1 -1 -1 -1 -1 -1 -1 -1 -1 -1 -1 -1 29 -1 -1 -1 -1 -1 -1 -1 10 -1 -1 -1 24 -1 -1 -1 -1 -1 -1 -1 -1 -1 -1 -1 -1 -1 -1 -1 -1 -1 -1 -1 
26 -1 2 25 4 5 -1 -1 -1 -1 -1 -1 -1 -1 -1 -1 -1 -1 -1 -1 -1 10 6 -1 -1 -1 -1 11 0 -1 -1 -1 16 -1 -1 -1 -1 -1 -1 -1 13 -1 -1 -1 -1 31 -1 -1 -1 -1 -1 -1 -1 -1 -1 -1 -1 -1 29 -1 -1 -1 -1 -1 -1 -1 -1 -1 -1 -1 24 -1 -1 -1 -1 -1 -1 -1 -1 -1 -1 -1 -1 -1 -1 -1 -1 -1 -1 -1 
26 -1 2 25 4 5 -1 -1 -1 -1 -1 -1 -1 -1 -1 -1 -1 -1 -1 -1 -1 10 6 -1 -1 -1 -1 11 0 -1 -1 -1 -1 -1 -1 -1 -1 -1 -1 -1 13 -1 -1 -1 -1 31 -1 -1 -1 -1 -1 -1 -1 -1 -1 -1 -1 -1 29 16 -1 -1 -1 -1 -1 -1 -1 -1 -1 -1 24 -1 -1 -1 -1 -1 -1 -1 -1 -1 -1 -1 -1 -1 -1 -1 -1 -1 -1 -1 
26 -1 2 25 4 5 -1 -1 -1 -1 -1 -1 -1 -1 -1 -1 -1 -1 -1 -1 -1 10 6 -1 -1 -1 -1 11 -1 -1 -1 -1 -1 -1 -1 -1 -1 0 -1 -1 13 -1 -1 -1 -1 31 -1 -1 -1 -1 -1 -1 -1 -1 -1 -1 -1 -1 29 16 -1 -1 -1 -1 -1 -1 -1 -1 -1 -1 24 -1 -1 -1 -1 -1 -1 -1 -1 -1 -1 -1 -1 -1 -1 -1 -1 -1 -1 -1 
26 -1 2 -1 4 5 -1 -1 -1 -1 -1 -1 25 -1 -1 -1 -1 -1 -1 -1 -1 10 6 -1 -1 -1 -1 11 -1 -1 -1 -1 -1 -1 -1 -1 -1 0 -1 -1 13 -1 -1 -1 -1 31 -1 -1 -1 -1 -1 -1 -1 -1 -1 -1 -1 -1 29 16 -1 -1 -1 -1 -1 -1 -1 -1 -1 -1 24 -1 -1 -1 -1 -1 -1 -1 -1 -1 -1 -1 -1 -1 -1 -1 -1 -1 -1 -1 
26 0 2 -1 4 5 -1 -1 -1 -1 -1 -1 25 -1 -1 -1 -1 -1 -1 -1 -1 10 6 -1 -1 -1 -1 11 -1 -1 -1 -1 -1 -1 -1 -1 -1 -1 -1 -1 13 -1 -1 -1 -1 31 -1 -1 -1 -1 -1 -1 -1 -1 -1 -1 -1 -1 29 16 -1 -1 -1 -1 -1 -1 -1 -1 -1 -1 24 -1 -1 -1 -1 -1 -1 -1 -1 -1 -1 -1 -1 -1 -1 -1 -1 -1 -1 -1 
26 0 2 -1 4 5 -1 -1 -1 -1 -1 -1 25 -1 -1 -1 -1 -1 -1 -1 -1 10 6 16 -1 -1 -1 11 -1 -1 -1 -1 -1 -1 -1 -1 -1 -1 -1 -1 13 -1 -1 -1 -1 31 -1 -1 -1 -1 -1 -1 -1 -1 -1 -1 -1 -1 29 -1 -1 -1 -1 -1 -1 -1 -1 -1 -1 -1 24 -1 -1 -1 -1 -1 -1 -1 -1 -1 -1 -1 -1 -1 -1 -1 -1 -1 -1 -1 
26 0 2 -1 -1 5 -1 -1 -1 -1 -1 -1 25 4 -1 -1 -1 -1 -1 -1 -1 10 6 16 -1 -1 -1 11 -1 -1 -1 -1 -1 -1 -1 -1 -1 -1 -1 -1 13 -1 -1 -1 -1 31 -1 -1 -1 -1 -1 -1 -1 -1 -1 -1 -1 -1 29 -1 -1 -1 -1 -1 -1 -1 -1 -1 -1 -1 24 -1 -1 -1 -1 -1 -1 -1 -1 -1 -1 -1 -1 -1 -1 -1 -1 -1 -1 -1 
26 0 2 -1 -1 5 -1 -1 -1 -1 -1 -1 25 4 -1 -1 -1 -1 -1 -1 -1 10 6 -1 -1 -1 -1 11 -1 -1 -1 -1 16 -1 -1 -1 -1 -1 -1 -1 13 -1 -1 -1 -1 31 -1 -1 -1 -1 -1 -1 -1 -1 -1 -1 -1 -1 29 -1 -1 -1 -1 -1 -1 -1 -1 -1 -1 -1 24 -1 -1 -1 -1 -1 -1 -1 -1 -1 -1 -1 -1 -1 -1 -1 -1 -1 -1 -1 
26 0 2 -1 4 5 -1 -1 -1 -1 -1 -1 25 -1 -1 -1 -1 -1 -1 -1 -1 10 6 -1 -1 -1 -1 11 -1 -1 -1 -1 16 -1 -1 -1 -1 -1 -1 -1 13 -1 -1 -1 -1 31 -1 -1 -1 -1 -1 -1 -1 -1 -1 -1 -1 -1 29 -1 -1 -1 -1 -1 -1 -1 -1 -1 -1 -1 24 -1 -1 -1 -1 -1 -1 -1 -1 -1 -1 -1 -1 -1 -1 -1 -1 -1 -1 -1 
-1 0 2 -1 4 5 -1 -1 -1 26 -1 -1 25 -1 -1 -1 -1 -1 -1 -1 -1 10 6 -1 -1 -1 -1 11 -1 -1 -1 -1 16 -1 -1 -1 -1 -1 -1 -1 13 -1 -1 -1 -1 31 -1 -1 -1 -1 -1 -1 -1 -1 -1 -1 -1 -1 29 -1 -1 -1 -1 -1 -1 -1 -1 -1 -1 -1 24 -1 -1 -1 -1 -1 -1 -1 -1 -1 -1 -1 -1 -1 -1 -1 -1 -1 -1 -1 
-1 -1 2 -1 4 5 -1 -1 -1 26 0 -1 25 -1 -1 -1 -1 -1 -1 -1 -1 10 6 -1 -1 -1 -1 11 -1 -1 -1 -1 16 -1 -1 -1 -1 -1 -1 -1 13 -1 -1 -1 -1 31 -1 -1 -1 -1 -1 -1 -1 -1 -1 -1 -1 -1 29 -1 -1 -1 -1 -1 -1 -1 -1 -1 -1 -1 24 -1 -1 -1 -1 -1 -1 -1 -1 -1 -1 -1 -1 -1 -1 -1 -1 -1 -1 -1 
-1 -1 2 -1 4 5 -1 -1 -1 26 0 -1 -1 25 -1 -1 -1 -1 -1 -1 -1 10 6 -1 -1 -1 -1 11 -1 -1 -1 -1 16 -1 -1 -1 -1 -1 -1 -1 13 -1 -1 -1 -1 31 -1 -1 -1 -1 -1 -1 -1 -1 -1 -1 -1 -1 29 -1 -1 -1 -1 -1 -1 -1 -1 -1 -1 -1 24 -1 -1 -1 -1 -1 -1 -1 -1 -1 -1 -1 -1 -1 -1 -1 -1 -1 -1 -1 
-1 -1 2 -1 4 5 -1 -1 -1 26 -1 -1 -1 25 -1 -1 -1 -1 -1 -1 -1 10 6 -1 -1 -1 -1 11 -1 -1 -1 -1 16 -1 -1 -1 -1 -1 -1 -1 13 -1 -1 -1 -1 31 -1 -1 -1 -1 -1 -1 -1 -1 -1 -1 -1 -1 29 -1 -1 -1 -1 -1 -1 -1 -1 -1 -1 -1 24 -1 -1 -1 -1 -1 -1 -1 -1 -1 -1 -1 0 -1 -1 -1 -1 -1 -1 -1 
-1 -1 2 -1 4 5 -1 -1 -1 26 -1 -1 -1 25 -1 -1 -1 -1 -1 -1 -1 10 6 -1 -1 -1 -1 11 -1 -1 -1 -1 16 -1 -1 -1 -1 -1 -1 -1 13 -1 -1 -1 -1 31 -1 -1 -1 -1 -1 -1 -1 -1 -1 -1 -1 -1 29 -1 -1 -1 -1 -1 -1 -1 -1 -1 -1 -1 24 -1 -1 -1 -1 -1 -1 20 -1 -1 -1 -1 0 -1 -1 -1 -1 -1 -1 -1 
-1 -1 2 -1 4 5 -1 -1 -1 26 -1 -1 -1 25 -1 -1 -1 -1 -1 -1 -1 10 6 -1 -1 -1 -1 11 -1 -1 -1 -1 16 -1 -1 -1 -1 -1 -1 -1 13 -1 -1 -1 -1 31 -1 -1 -1 -1 -1 -1 -1 -1 -1 -1 -1 -1 29 -1 -1 -1 -1 -1 -1 -1 -1 -1 -1 -1 24 -1 -1 0 -1 -1 -1 20 -1 -1 -1 -1 -1 -1 -1 -1 -1 -1 -1 -1 
-1 -1 2 -1 4 5 -1 -1 -1 26 -1 -1 -1 25 -1 -1 -1 -1 -1 -1 -1 10 6 -1 -1 -1 -1 11 -1 -1 -1 -1 16 -1 -1 -1 -1 -1 -1 -1 13 -1 -1 -1 -1 31 -1 -1 -1 -1 -1 -1 -1 -1 -1 -1 -1 -1 29 -1 -1 -1 -1 -1 -1 -1 -1 -1 -1 -1 24 -1 -1 0 -1 -1 -1 -1 -1 -1 -1 -1 -1 -1 -1 -1 20 -1 -1 -1 
-1 -1 2 -1 4 5 -1 -1 -1 26 -1 -1 -1 25 -1 -1 -1 -1 -1 -1 -1 -1 6 -1 -1 -1 -1 11 -1 -1 -1 -1 16 -1 -1 -1 -1 -1 -1 -1 13 -1 -1 -1 -1 31 -1 -1 -1 -1 -1 -1 -1 -1 -1 -1 -1 -1 29 -1 -1 -1 -1 -1 -1 -1 -1 -1 -1 -1 24 -1 -1 0 -1 10 -1 -1 -1 -1 -1 -1 -1 -1 -1 -1 20 -1 -1 -1 
-1 -1 2 -1 4 5 -1 -1 -1 26 25 -1 -1 -1 -1 -1 -1 -1 -1 -1 -1 -1 6 -1 -1 -1 -1 11 -1 -1 -1 -1 16 -1 -1 -1 -1 -1 -1 -1 13 -1 -1 -1 -1 31 -1 -1 -1 -1 -1 -1 -1 -1 -1 -1 -1 -1 29 -1 -1 -1 -1 -1 -1 -1 -1 -1 -1 -1 24 -1 -1 0 -1 10 -1 -1 -1 -1 -1 -1 -1 -1 -1 -1 20 -1 -1 -1 
