0 1 2 3 4 5 6 7 8 -1 -1 -1 -1 -1 -1 -1 -1 -1 -1 9 -1 -1 -1 -1 -1 10 -1 11 -1 12 -1 13 -1 14 -1 15 -1 -1 -1 -1 -1 -1 -1 -1 -1 -1 -1 -1 -1 -1 -1 -1 -1 -1 -1 -1 30 -1 29 -1 28 -1 27 -1 26 -1 -1 18 -1 -1 25 -1 -1 -1 -1 -1 -1 -1 -1 -1 -1 24 23 22 21 20 19 -1 17 16 
0 1 2 3 4 5 6 7 8 -1 -1 -1 -1 -1 -1 -1 -1 -1 -1 9 -1 -1 -1 -1 -1 10 -1 11 -1 12 -1 13 -1 -1 -1 15 -1 -1 -1 -1 -1 -1 14 -1 -1 -1 -1 -1 -1 -1 -1 -1 -1 -1 -1 -1 30 -1 29 -1 28 -1 27 -1 26 -1 -1 18 -1 -1 25 -1 -1 -1 -1 -1 -1 -1 -1 -1 -1 24 23 22 21 20 19 -1 17 16 
0 1 2 3 4 5 6 7 8 -1 -1 -1 -1 -1 -1 -1 -1 -1 -1 9 -1 -1 -1 -1 -1 10 -1 11 -1 12 -1 13 -1 -1 -1 15 -1 -1 -1 -1 -1 -1 14 -1 -1 -1 -1 30 -1 -1 -1 -1 -1 -1 -1 -1 -1 -1 29 -1 28 -1 27 -1 26 -1 -1 18 -1 -1 25 -1 -1 -1 -1 -1 -1 -1 -1 -1 -1 24 23 22 21 20 19 -1 17 16 
0 1 2 3 4 5 6 -1 8 -1 -1 -1 -1 -1 -1 -1 -1 -1 -1 9 -1 -1 -1 -1 7 10 -1 11 -1 12 -1 13 -1 -1 -1 15 -1 -1 -1 -1 -1 -1 14 -1 -1 -1 -1 30 -1 -1 -1 -1 -1 -1 -1 -1 -1 -1 29 -1 28 -1 27 -1 26 -1 -1 18 -1 -1 25 -1 -1 -1 -1 -1 -1 -1 -1 -1 -1 24 23 22 21 20 19 -1 17 16 
0 1 2 3 4 5 6 -1 8 -1 -1 -1 -1 -1 -1 -1 -1 -1 -1 9 -1 -1 -1 -1 7 10 -1 11 -1 12 -1 13 -1 -1 -1 15 -1 -1 -1 -1 -1 -1 14 -1 -1 -1 -1 30 -1 -1 -1 -1 -1 -1 -1 -1 -1 -1 29 -1 28 -1 27 -1 26 23 -1 18 -1 -1 25 -1 -1 -1 -1 -1 -1 -1 -1 -1 -1 24 -1 22 21 20 19 -1 17 16 
0 -1 2 3 4 5 6 -1 8 -1 -1 -1 -1 -1 -1 -1 -1 -1 1 9 -1 -1 -1 -1 7 10 -1 11 -1 12 -1 13 -1 -1 -1 15 -1 -1 -1 -1 -1 -1 14 -1 -1 -1 -1 30 -1 -1 -1 -1 -1 -1 -1 -1 -1 -1 29 -1 28 -1 27 -1 26 23 -1 18 -1 -1 25 -1 -1 -1 -1 -1 -1 -1 -1 -1 -1 24 -1 22 21 20 19 -1 17 16 
0 -1 2 3 4 5 6 -1 8 -1 -1 -1 -1 -1 -1 -1 -1 -1 1 9 -1 -1 -1 -1 7 10 -1 11 -1 12 -1 13 -1 -1 -1 15 -1 -1 -1 -1 -1 -1 14 -1 -1 -1 -1 30 -1 -1 -1 -1 -1 -1 -1 -1 -1 -1 29 -1 28 -1 27 -1 26 23 -1 18 -1 -1 25 -1 24 -1 -1 -1 -1 -1 -1 -1 -1 -1 -1 22 21 20 19 -1 17 16 
0 -1 2 3 4 5 -1 -1 8 -1 -1 -1 -1 -1 -1 -1 -1 -1 1 9 -1 -1 6 -1 7 10 -1 11 -1 12 -1 13 -1 -1 -1 15 -1 -1 -1 -1 -1 -1 14 -1 -1 -1 -1 30 -1 -1 -1 -1 -1 -1 -1 -1 -1 -1 29 -1 28 -1 27 -1 26 23 -1 18 -1 -1 25 -1 24 -1 -1 -1 -1 -1 -1 -1 -1 -1 -1 22 21 20 19 -1 17 16 
0 -1 2 3 4 5 -1 -1 8 -1 -1 -1 -1 -1 -1 -1 -1 -1 1 9 -1 -1 6 -1 7 10 -1 11 -1 12 -1 13 -1 -1 -1 15 -1 -1 -1 -1 -1 -1 14 -1 -1 -1 -1 30 -1 -1 -1 -1 -1 -1 -1 -1 -1 -1 29 -1 28 -1 27 -1 26 23 -1 18 -1 -1 25 -1 -1 -1 -1 -1 -1 24 -1 -1 -1 -1 -1 22 21 20 19 -1 17 16 
-1 -1 2 3 4 5 -1 -1 8 0 -1 -1 -1 -1 -1 -1 -1 -1 1 9 -1 -1 6 -1 7 10 -1 11 -1 12 -1 13 -1 -1 -1 15 -1 -1 -1 -1 -1 -1 14 -1 -1 -1 -1 30 -1 -1 -1 -1 -1 -1 -1 -1 -1 -1 29 -1 28 -1 27 -1 26 23 -1 18 -1 -1 25 -1 -1 -1 -1 -1 -1 24 -1 -1 -1 -1 -1 22 21 20 19 -1 17 16 
-1 -1 2 3 4 5 -1 -1 8 0 -1 -1 -1 -1 -1 -1 -1 -1 1 9 -1 -1 6 -1 7 10 -1 11 -1 12 -1 13 -1 -1 -1 15 -1 -1 -1 -1 -1 -1 14 -1 -1 -1 -1 30 -1 -1 -1 -1 -1 -1 -1 -1 -1 -1 29 -1 28 -1 27 -1 26 23 -1 18 -1 17 25 -1 -1 -1 -1 -1 -1 24 -1 -1 -1 -1 -1 22 21 20 19 -1 -1 16 
-1 -1 2 3 4 5 -1 -1 -1 0 -1 -1 -1 -1 -1 -1 -1 8 1 9 -1 -1 6 -1 7 10 -1 11 -1 12 -1 13 -1 -1 -1 15 -1 -1 -1 -1 -1 -1 14 -1 -1 -1 -1 30 -1 -1 -1 -1 -1 -1 -1 -1 -1 -1 29 -1 28 -1 27 -1 26 23 -1 18 -1 17 25 -1 -1 -1 -1 -1 -1 24 -1 -1 -1 -1 -1 22 21 20 19 -1 -1 16 
-1 -1 2 3 4 5 -1 -1 -1 0 -1 -1 -1 -1 -1 -1 -1 8 1 9 -1 -1 6 -1 7 10 -1 11 -1 12 -1 13 -1 -1 -1 15 -1 -1 -1 -1 -1 -1 14 -1 -1 -1 -1 30 -1 -1 -1 -1 -1 -1 -1 -1 -1 -1 29 -1 28 -1 27 -1 26 23 -1 18 -1 17 25 -1 -1 -1 -1 -1 19 24 -1 -1 -1 -1 -1 22 21 20 -1 -1 -1 16 
-1 -1 2 3 4 5 -1 -1 -1 0 -1 -1 -1 -1 -1 -1 -1 8 1 9 -1 -1 6 -1 7 10 -1 -1 -1 12 -1 13 -1 -1 -1 15 11 -1 -1 -1 -1 -1 14 -1 -1 -1 -1 30 -1 -1 -1 -1 -1 -1 -1 -1 -1 -1 29 -1 28 -1 27 -1 26 23 -1 18 -1 17 25 -1 -1 -1 -1 -1 19 24 -1 -1 -1 -1 -1 22 21 20 -1 -1 -1 16 
-1 -1 2 3 4 5 -1 -1 -1 0 -1 -1 -1 -1 -1 -1 -1 8 1 9 -1 -1 6 -1 7 10 -1 -1 -1 12 -1 13 -1 -1 -1 15 11 -1 -1 -1 -1 -1 14 -1 -1 -1 -1 30 -1 -1 -1 -1 -1 -1 -1 -1 -1 -1 29 -1 28 -1 27 -1 26 23 -1 18 -1 17 25 -1 -1 -1 -1 -1 19 24 -1 -1 -1 -1 -1 22 21 20 16 -1 -1 -1 
-1 -1 2 3 4 5 -1 -1 -1 -1 -1 -1 0 -1 -1 -1 -1 8 1 9 -1 -1 6 -1 7 10 -1 -1 -1 12 -1 13 -1 -1 -1 15 11 -1 -1 -1 -1 -1 14 -1 -1 -1 -1 30 -1 -1 -1 -1 -1 -1 -1 -1 -1 -1 29 -1 28 -1 27 -1 26 23 -1 18 -1 17 25 -1 -1 -1 -1 -1 19 24 -1 -1 -1 -1 -1 22 21 20 16 -1 -1 -1 
-1 -1 2 3 4 5 -1 -1 -1 -1 -1 -1 0 -1 -1 -1 -1 8 1 9 -1 -1 6 -1 7 10 -1 -1 -1 12 -1 13 -1 -1 -1 15 11 -1 -1 -1 -1 -1 14 -1 -1 -1 -1 30 -1 -1 24 -1 -1 -1 -1 -1 -1 -1 29 -1 28 -1 27 -1 26 23 -1 18 -1 17 25 -1 -1 -1 -1 -1 19 -1 -1 -1 -1 -1 -1 22 21 20 16 -1 -1 -1 
-1 -1 2 3 4 5 -1 10 -1 -1 -1 -1 0 -1 -1 -1 -1 8 1 9 -1 -1 6 -1 7 -1 -1 -1 -1 12 -1 13 -1 -1 -1 15 11 -1 -1 -1 -1 -1 14 -1 -1 -1 -1 30 -1 -1 24 -1 -1 -1 -1 -1 -1 -1 29 -1 28 -1 27 -1 26 23 -1 18 -1 17 25 -1 -1 -1 -1 -1 19 -1 -1 -1 -1 -1 -1 22 21 20 16 -1 -1 -1 
-1 -1 2 3 4 5 -1 10 -1 -1 -1 -1 0 -1 -1 -1 -1 8 1 9 -1 -1 6 -1 7 -1 -1 -1 -1 12 -1 13 -1 -1 -1 15 11 -1 -1 -1 -1 -1 14 -1 -1 -1 -1 30 23 -1 24 -1 -1 -1 -1 -1 -1 -1 29 -1 28 -1 27 -1 26 -1 -1 18 -1 17 25 -1 -1 -1 -1 -1 19 -1 -1 -1 -1 -1 -1 22 21 20 16 -1 -1 -1 
-1 -1 2 3 4 5 -1 10 -1 -1 -1 -1 0 -1 -1 -1 -1 8 1 -1 -1 -1 6 -1 7 -1 -1 -1 -1 12 -1 13 -1 -1 -1 15 11 -1 -1 -1 -1 -1 14 -1 -1 -1 9 30 23 -1 24 -1 -1 -1 -1 -1 -1 -1 29 -1 28 -1 27 -1 26 -1 -1 18 -1 17 25 -1 -1 -1 -1 -1 19 -1 -1 -1 -1 -1 -1 22 21 20 16 -1 -1 -1 
-1 -1 2 3 4 5 -1 10 -1 -1 -1 -1 0 -1 -1 -1 -1 8 1 -1 -1 -1 6 24 7 -1 -1 -1 -1 12 -1 13 -1 -1 -1 15 11 -1 -1 -1 -1 -1 14 -1 -1 -1 9 30 23 -1 -1 -1 -1 -1 -1 -1 -1 -1 29 -1 28 -1 27 -1 26 -1 -1 18 -1 17 25 -1 -1 -1 -1 -1 19 -1 -1 -1 -1 -1 -1 22 21 20 16 -1 -1 -1 
-1 -1 2 3 4 5 -1 10 -1 -1 -1 -1 -1 -1 -1 -1 -1 8 1 -1 -1 -1 6 24 7 -1 -1 -1 -1 12 -1 13 -1 -1 -1 15 11 -1 -1 -1 -1 -1 14 -1 -1 -1 9 30 0 -1 -1 -1 -1 -1 -1 -1 -1 -1 29 -1 28 -1 27 -1 26 -1 -1 18 -1 17 25 -1 -1 -1 -1 -1 19 -1 -1 -1 -1 -1 -1 22 21 20 16 -1 -1 -1 
-1 -1 2 3 4 5 -1 10 -1 -1 -1 -1 -1 -1 -1 -1 -1 8 1 -1 -1 -1 6 -1 24 -1 -1 -1 -1 12 -1 13 -1 -1 -1 15 11 -1 -1 -1 -1 -1 14 -1 -1 -1 9 30 0 -1 -1 -1 -1 -1 -1 -1 -1 -1 29 -1 28 -1 27 -1 26 -1 -1 18 -1 17 25 -1 -1 -1 -1 -1 19 -1 -1 -1 -1 -1 -1 22 21 20 16 -1 -1 -1 
-1 -1 2 3 4 5 -1 10 -1 -1 -1 -1 -1 -1 -1 -1 8 -1 1 -1 -1 -1 6 -1 24 -1 -1 -1 -1 12 -1 13 -1 -1 -1 15 11 -1 -1 -1 -1 -1 14 -1 -1 -1 9 30 0 -1 -1 -1 -1 -1 -1 -1 -1 -1 29 -1 28 -1 27 -1 26 -1 -1 18 -1 17 25 -1 -1 -1 -1 -1 19 -1 -1 -1 -1 -1 -1 22 21 20 16 -1 -1 -1 
-1 -1 2 3 4 5 -1 10 -1 -1 -1 -1 -1 -1 -1 -1 8 -1 1 -1 -1 -1 6 -1 24 -1 -1 -1 -1 12 -1 13 -1 -1 -1 15 11 -1 -1 -1 -1 -1 14 -1 -1 -1 9 30 0 -1 -1 -1 -1 -1 -1 -1 -1 -1 29 -1 28 -1 27 -1 26 -1 -1 18 -1 17 -1 25 -1 -1 -1 -1 19 -1 -1 -1 -1 -1 -1 22 21 20 16 -1 -1 -1 
-1 -1 2 3 4 5 -1 10 -1 -1 -1 -1 -1 -1 -1 -1 -1 -1 1 -1 -1 -1 6 -1 24 -1 -1 -1 -1 12 -1 13 -1 -1 8 15 11 -1 -1 -1 -1 -1 14 -1 -1 -1 9 30 0 -1 -1 -1 -1 -1 -1 -1 -1 -1 29 -1 28 -1 27 -1 26 -1 -1 18 -1 17 -1 25 -1 -1 -1 -1 19 -1 -1 -1 -1 -1 -1 22 21 20 16 -1 -1 -1 
-1 -1 2 3 4 5 -1 10 -1 -1 -1 -1 -1 -1 -1 -1 -1 -1 1 -1 -1 -1 6 24 -1 -1 -1 -1 -1 12 -1 13 -1 -1 8 15 11 -1 -1 -1 -1 -1 14 -1 -1 -1 9 30 0 -1 -1 -1 -1 -1 -1 -1 -1 -1 29 -1 28 -1 27 -1 26 -1 -1 18 -1 17 -1 25 -1 -1 -1 -1 19 -1 -1 -1 -1 -1 -1 22 21 20 16 -1 -1 -1 
-1 -1 2 -1 4 5 -1 10 -1 -1 -1 -1 -1 3 -1 -1 -1 -1 1 -1 -1 -1 6 24 -1 -1 -1 -1 -1 12 -1 13 -1 -1 8 15 11 -1 -1 -1 -1 -1 14 -1 -1 -1 9 30 0 -1 -1 -1 -1 -1 -1 -1 -1 -1 29 -1 28 -1 27 -1 26 -1 -1 18 -1 17 -1 25 -1 -1 -1 -1 19 -1 -1 -1 -1 -1 -1 22 21 20 16 -1 -1 -1 
-1 -1 2 -1 4 5 -1 10 -1 -1 -1 -1 -1 3 -1 -1 -1 -1 1 -1 -1 -1 6 -1 -1 -1 -1 -1 -1 12 -1 13 24 -1 8 15 11 -1 -1 -1 -1 -1 14 -1 -1 -1 9 30 0 -1 -1 -1 -1 -1 -1 -1 -1 -1 29 -1 28 -1 27 -1 26 -1 -1 18 -1 17 -1 25 -1 -1 -1 -1 19 -1 -1 -1 -1 -1 -1 22 21 20 16 -1 -1 -1 
-1 -1 2 -1 4 5 -1 10 -1 -1 -1 -1 -1 3 -1 -1 -1 -1 1 -1 -1 -1 6 -1 -1 -1 -1 -1 -1 12 -1 13 8 -1 -1 15 11 -1 -1 -1 -1 -1 14 -1 -1 -1 9 30 0 -1 -1 -1 -1 -1 -1 -1 -1 -1 29 -1 28 -1 27 -1 26 -1 -1 18 -1 17 -1 25 -1 -1 -1 -1 19 -1 -1 -1 -1 -1 -1 22 21 20 16 -1 -1 -1 
-1 -1 2 -1 4 5 -1 10 -1 -1 -1 -1 -1 3 -1 -1 -1 -1 1 -1 -1 -1 6 -1 -1 -1 -1 -1 -1 12 -1 13 16 -1 -1 15 11 -1 -1 -1 -1 -1 14 -1 -1 -1 9 30 0 -1 -1 -1 -1 -1 -1 -1 -1 -1 29 -1 28 -1 27 -1 26 -1 -1 18 -1 17 -1 25 -1 -1 -1 -1 19 -1 -1 -1 -1 -1 -1 22 21 20 -1 -1 -1 -1 
-1 -1 2 -1 4 5 -1 10 -1 -1 -1 -1 -1 3 -1 -1 -1 -1 1 -1 -1 -1 6 -1 -1 -1 -1 -1 9 12 -1 13 16 -1 -1 15 11 -1 -1 -1 -1 -1 14 -1 -1 -1 -1 30 0 -1 -1 -1 -1 -1 -1 -1 -1 -1 29 -1 28 -1 27 -1 26 -1 -1 18 -1 17 -1 25 -1 -1 -1 -1 19 -1 -1 -1 -1 -1 -1 22 21 20 -1 -1 -1 -1 
-1 -1 2 -1 4 5 -1 10 -1 -1 -1 -1 -1 3 -1 -1 -1 -1 1 -1 -1 -1 6 -1 -1 -1 -1 -1 9 12 -1 13 -1 -1 -1 15 11 -1 -1 -1 -1 16 14 -1 -1 -1 -1 30 0 -1 -1 -1 -1 -1 -1 -1 -1 -1 29 -1 28 -1 27 -1 26 -1 -1 18 -1 17 -1 25 -1 -1 -1 -1 19 -1 -1 -1 -1 -1 -1 22 21 20 -1 -1 -1 -1 
-1 -1 2 -1 4 5 -1 10 -1 -1 -1 -1 -1 3 -1 -1 -1 -1 1 -1 -1 -1 6 -1 -1 -1 -1 -1 -1 12 -1 13 -1 -1 -1 15 11 9 -1 -1 -1 16 14 -1 -1 -1 -1 30 0 -1 -1 -1 -1 -1 -1 -1 -1 -1 29 -1 28 -1 27 -1 26 -1 -1 18 -1 17 -1 25 -1 -1 -1 -1 19 -1 -1 -1 -1 -1 -1 22 21 20 -1 -1 -1 -1 
-1 -1 2 -1 4 5 -1 10 -1 -1 -1 -1 -1 3 16 -1 -1 -1 1 -1 -1 -1 6 -1 -1 -1 -1 -1 -1 12 -1 13 -1 -1 -1 15 11 9 -1 -1 -1 -1 14 -1 -1 -1 -1 30 0 -1 -1 -1 -1 -1 -1 -1 -1 -1 29 -1 28 -1 27 -1 26 -1 -1 18 -1 17 -1 25 -1 -1 -1 -1 19 -1 -1 -1 -1 -1 -1 22 21 20 -1 -1 -1 -1 
-1 -1 2 -1 4 5 -1 10 -1 -1 -1 -1 -1 3 16 -1 -1 -1 1 -1 -1 -1 6 -1 -1 -1 -1 -1 -1 12 -1 13 -1 -1 -1 -1 11 9 -1 -1 -1 -1 14 -1 15 -1 -1 30 0 -1 -1 -1 -1 -1 -1 -1 -1 -1 29 -1 28 -1 27 -1 26 -1 -1 18 -1 17 -1 25 -1 -1 -1 -1 19 -1 -1 -1 -1 -1 -1 22 21 20 -1 -1 -1 -1 
-1 -1 2 -1 4 5 -1 10 -1 -1 -1 -1 -1 3 16 -1 -1 -1 1 -1 -1 -1 6 -1 -1 -1 -1 -1 -1 12 -1 13 -1 -1 -1 -1 11 9 -1 -1 -1 -1 14 -1 15 -1 -1 30 0 -1 -1 28 -1 -1 -1 -1 -1 -1 29 -1 -1 -1 27 -1 26 -1 -1 18 -1 17 -1 25 -1 -1 -1 -1 19 -1 -1 -1 -1 -1 -1 22 21 20 -1 -1 -1 -1 
-1 -1 2 -1 4 5 -1 10 -1 -1 -1 -1 -1 3 16 -1 -1 -1 1 -1 -1 -1 6 -1 -1 -1 -1 -1 -1 12 -1 13 -1 -1 -1 -1 11 9 -1 -1 -1 -1 -1 -1 15 -1 -1 30 0 -1 -1 14 -1 -1 -1 -1 -1 -1 29 -1 -1 -1 27 -1 26 -1 -1 18 -1 17 -1 25 -1 -1 -1 -1 19 -1 -1 -1 -1 -1 -1 22 21 20 -1 -1 -1 -1 
-1 -1 2 -1 4 5 -1 10 -1 -1 -1 -1 -1 3 16 -1 -1 -1 1 -1 -1 -1 6 -1 -1 -1 -1 -1 -1 12 -1 13 -1 -1 -1 -1 11 9 -1 -1 -1 -1 -1 -1 15 -1 26 30 0 -1 -1 14 -1 -1 -1 -1 -1 -1 29 -1 -1 -1 27 -1 -1 -1 -1 18 -1 17 -1 25 -1 -1 -1 -1 19 -1 -1 -1 -1 -1 -1 22 21 20 -1 -1 -1 -1 
-1 -1 2 -1 4 5 -1 10 -1 -1 -1 -1 -1 3 16 -1 -1 -1 1 -1 -1 -1 6 -1 -1 -1 -1 -1 -1 12 -1 13 -1 -1 -1 -1 11 9 -1 0 -1 -1 -1 -1 15 -1 26 30 -1 -1 -1 14 -1 -1 -1 -1 -1 -1 29 -1 -1 -1 27 -1 -1 -1 -1 18 -1 17 -1 25 -1 -1 -1 -1 19 -1 -1 -1 -1 -1 -1 22 21 20 -1 -1 -1 -1 
-1 -1 2 -1 4 5 -1 10 -1 -1 -1 -1 -1 3 16 -1 -1 -1 1 -1 -1 -1 6 -1 -1 -1 -1 -1 -1 12 -1 13 -1 -1 -1 -1 11 9 -1 0 -1 -1 -1 -1 15 -1 -1 30 -1 -1 -1 26 -1 -1 -1 -1 -1 -1 29 -1 -1 -1 27 -1 -1 -1 -1 18 -1 17 -1 25 -1 -1 -1 -1 19 -1 -1 -1 -1 -1 -1 22 21 20 -1 -1 -1 -1 
-1 -1 2 -1 4 5 -1 10 -1 -1 -1 -1 -1 3 16 -1 -1 -1 1 -1 -1 -1 6 -1 -1 -1 -1 -1 -1 12 -1 13 -1 -1 -1 -1 11 9 -1 -1 -1 -1 0 -1 15 -1 -1 30 -1 -1 -1 26 -1 -1 -1 -1 -1 -1 29 -1 -1 -1 27 -1 -1 -1 -1 18 -1 17 -1 25 -1 -1 -1 -1 19 -1 -1 -1 -1 -1 -1 22 21 20 -1 -1 -1 -1 
-1 -1 2 -1 4 5 -1 10 -1 -1 -1 -1 -1 3 16 -1 -1 -1 1 -1 -1 -1 6 -1 -1 -1 -1 -1 -1 12 -1 13 -1 -1 -1 -1 11 9 -1 -1 -1 -1 0 -1 15 -1 -1 30 -1 -1 17 26 -1 -1 -1 -1 -1 -1 29 -1 -1 -1 27 -1 -1 -1 -1 18 -1 -1 -1 25 -1 -1 -1 -1 19 -1 -1 -1 -1 -1 -1 22 21 20 -1 -1 -1 -1 
-1 -1 2 -1 4 5 -1 10 -1 -1 9 -1 -1 3 16 -1 -1 -1 1 -1 -1 -1 6 -1 -1 -1 -1 -1 -1 12 -1 13 -1 -1 -1 -1 11 -1 -1 -1 -1 -1 0 -1 15 -1 -1 30 -1 -1 17 26 -1 -1 -1 -1 -1 -1 29 -1 -1 -1 27 -1 -1 -1 -1 18 -1 -1 -1 25 -1 -1 -1 -1 19 -1 -1 -1 -1 -1 -1 22 21 20 -1 -1 -1 -1 
-1 -1 2 -1 4 5 -1 10 -1 -1 9 -1 -1 3 -1 -1 -1 -1 1 -1 -1 -1 6 -1 -1 -1 -1 -1 -1 12 -1 13 16 -1 -1 -1 11 -1 -1 -1 -1 -1 0 -1 15 -1 -1 30 -1 -1 17 26 -1 -1 -1 -1 -1 -1 29 -1 -1 -1 27 -1 -1 -1 -1 18 -1 -1 -1 25 -1 -1 -1 -1 19 -1 -1 -1 -1 -1 -1 22 21 20 -1 -1 -1 -1 
-1 -1 2 -1 4 5 10 -1 -1 -1 9 -1 -1 3 -1 -1 -1 -1 1 -1 -1 -1 6 -1 -1 -1 -1 -1 -1 12 -1 13 16 -1 -1 -1 11 -1 -1 -1 -1 -1 0 -1 15 -1 -1 30 -1 -1 17 26 -1 -1 -1 -1 -1 -1 29 -1 -1 -1 27 -1 -1 -1 -1 18 -1 -1 -1 25 -1 -1 -1 -1 19 -1 -1 -1 -1 -1 -1 22 21 20 -1 -1 -1 -1 
-1 -1 2 -1 4 5 10 -1 -1 -1 9 -1 -1 3 -1 -1 -1 -1 1 -1 -1 -1 6 -1 -1 -1 -1 -1 -1 12 -1 13 16 -1 -1 -1 11 -1 -1 -1 -1 -1 0 -1 15 -1 -1 30 -1 -1 17 26 -1 -1 -1 -1 -1 -1 29 -1 -1 -1 27 -1 -1 -1 -1 18 -1 25 -1 -1 -1 -1 -1 -1 19 -1 -1 -1 -1 -1 -1 22 21 20 -1 -1 -1 -1 
-1 -1 2 -1 4 5 10 -1 -1 -1 9 -1 -1 3 -1 -1 -1 -1 1 -1 -1 -1 6 -1 -1 -1 -1 -1 -1 12 -1 13 16 -1 -1 -1 11 -1 -1 -1 -1 -1 -1 0 15 -1 -1 30 -1 -1 17 26 -1 -1 -1 -1 -1 -1 29 -1 -1 -1 27 -1 -1 -1 -1 18 -1 25 -1 -1 -1 -1 -1 -1 19 -1 -1 -1 -1 -1 -1 22 21 20 -1 -1 -1 -1 
-1 -1 2 -1 4 5 25 -1 -1 -1 9 -1 -1 3 -1 -1 -1 -1 1 -1 -1 -1 6 -1 -1 -1 -1 -1 -1 12 -1 13 16 -1 -1 -1 11 -1 -1 -1 -1 -1 -1 0 15 -1 -1 30 -1 -1 17 26 -1 -1 -1 -1 -1 -1 29 -1 -1 -1 27 -1 -1 -1 -1 18 -1 -1 -1 -1 -1 -1 -1 -1 19 -1 -1 -1 -1 -1 -1 22 21 20 -1 -1 -1 -1 
-1 -1 2 -1 4 5 6 -1 -1 -1 9 -1 -1 3 -1 -1 -1 -1 1 -1 -1 -1 -1 -1 -1 -1 -1 -1 -1 12 -1 13 16 -1 -1 -1 11 -1 -1 -1 -1 -1 -1 0 15 -1 -1 30 -1 -1 17 26 -1 -1 -1 -1 -1 -1 29 -1 -1 -1 27 -1 -1 -1 -1 18 -1 -1 -1 -1 -1 -1 -1 -1 19 -1 -1 -1 -1 -1 -1 22 21 20 -1 -1 -1 -1 
-1 -1 2 -1 4 5 -1 -1 -1 -1 9 -1 -1 3 -1 -1 -1 -1 1 -1 -1 -1 -1 -1 -1 -1 -1 -1 -1 12 -1 13 16 -1 -1 -1 11 -1 -1 -1 -1 -1 25 0 15 -1 -1 30 -1 -1 17 26 -1 -1 -1 -1 -1 -1 29 -1 -1 -1 27 -1 -1 -1 -1 18 -1 -1 -1 -1 -1 -1 -1 -1 19 -1 -1 -1 -1 -1 -1 22 21 20 -1 -1 -1 -1 
-1 -1 2 -1 4 5 -1 -1 -1 -1 9 -1 -1 3 -1 -1 -1 -1 1 -1 -1 -1 -1 -1 -1 -1 -1 -1 -1 12 -1 13 16 -1 -1 -1 11 -1 -1 -1 0 -1 25 -1 15 -1 -1 30 -1 -1 17 26 -1 -1 -1 -1 -1 -1 29 -1 -1 -1 27 -1 -1 -1 -1 18 -1 -1 -1 -1 -1 -1 -1 -1 19 -1 -1 -1 -1 -1 -1 22 21 20 -1 -1 -1 -1 
-1 -1 2 -1 4 5 -1 -1 -1 -1 9 -1 -1 3 -1 -1 -1 -1 1 -1 -1 -1 -1 -1 -1 -1 -1 -1 -1 12 -1 16 -1 -1 -1 -1 11 -1 -1 -1 0 -1 25 -1 15 -1 -1 30 -1 -1 17 26 -1 -1 -1 -1 -1 -1 29 -1 -1 -1 27 -1 -1 -1 -1 18 -1 -1 -1 -1 -1 -1 -1 -1 19 -1 -1 -1 -1 -1 -1 22 21 20 -1 -1 -1 -1 
-1 -1 2 -1 4 5 -1 -1 -1 -1 9 -1 -1 3 -1 -1 -1 -1 1 -1 -1 -1 -1 -1 -1 -1 -1 -1 -1 12 -1 0 -1 -1 -1 -1 11 -1 -1 -1 -1 -1 25 -1 15 -1 -1 30 -1 -1 17 26 -1 -1 -1 -1 -1 -1 29 -1 -1 -1 27 -1 -1 -1 -1 18 -1 -1 -1 -1 -1 -1 -1 -1 19 -1 -1 -1 -1 -1 -1 22 21 20 -1 -1 -1 -1 
-1 -1 2 -1 4 5 -1 -1 -1 -1 9 -1 -1 3 -1 -1 -1 -1 1 -1 -1 -1 -1 -1 -1 -1 -1 -1 -1 12 -1 17 -1 -1 -1 -1 11 -1 -1 -1 -1 -1 25 -1 15 -1 -1 30 -1 -1 -1 26 -1 -1 -1 -1 -1 -1 29 -1 -1 -1 27 -1 -1 -1 -1 18 -1 -1 -1 -1 -1 -1 -1 -1 19 -1 -1 -1 -1 -1 -1 22 21 20 -1 -1 -1 -1 
-1 -1 -1 -1 4 5 -1 -1 -1 -1 9 -1 -1 3 -1 -1 -1 -1 1 -1 -1 -1 2 -1 -1 -1 -1 -1 -1 12 -1 17 -1 -1 -1 -1 11 -1 -1 -1 -1 -1 25 -1 15 -1 -1 30 -1 -1 -1 26 -1 -1 -1 -1 -1 -1 29 -1 -1 -1 27 -1 -1 -1 -1 18 -1 -1 -1 -1 -1 -1 -1 -1 19 -1 -1 -1 -1 -1 -1 22 21 20 -1 -1 -1 -1 
-1 -1 -1 -1 4 5 -1 -1 -1 -1 9 -1 -1 3 -1 -1 -1 -1 1 -1 -1 -1 2 -1 -1 -1 -1 -1 -1 12 -1 17 -1 -1 -1 -1 11 -1 -1 -1 -1 -1 -1 -1 25 -1 -1 30 -1 -1 -1 26 -1 -1 -1 -1 -1 -1 29 -1 -1 -1 27 -1 -1 -1 -1 18 -1 -1 -1 -1 -1 -1 -1 -1 19 -1 -1 -1 -1 -1 -1 22 21 20 -1 -1 -1 -1 
-1 -1 -1 -1 4 5 -1 -1 -1 -1 -1 -1 -1 3 -1 -1 -1 -1 1 -1 -1 -1 2 -1 -1 -1 -1 -1 -1 12 -1 17 -1 -1 -1 -1 11 -1 -1 -1 -1 -1 -1 -1 25 -1 -1 30 -1 -1 -1 26 -1 -1 -1 9 -1 -1 29 -1 -1 -1 27 -1 -1 -1 -1 18 -1 -1 -1 -1 -1 -1 -1 -1 19 -1 -1 -1 -1 -1 -1 22 21 20 -1 -1 -1 -1 
-1 -1 -1 -1 4 5 -1 -1 -1 -1 -1 -1 -1 3 -1 -1 -1 -1 1 -1 -1 -1 2 -1 -1 -1 -1 -1 -1 12 -1 17 -1 -1 -1 -1 11 -1 -1 -1 -1 -1 -1 -1 25 -1 -1 30 -1 29 -1 26 -1 -1 -1 9 -1 -1 -1 -1 -1 -1 27 -1 -1 -1 -1 18 -1 -1 -1 -1 -1 -1 -1 -1 19 -1 -1 -1 -1 -1 -1 22 21 20 -1 -1 -1 -1 
-1 -1 -1 -1 4 5 -1 -1 -1 -1 -1 -1 -1 3 -1 -1 -1 -1 -1 -1 -1 -1 2 -1 -1 -1 -1 -1 -1 12 -1 17 -1 -1 -1 -1 11 1 -1 -1 -1 -1 -1 -1 25 -1 -1 30 -1 29 -1 26 -1 -1 -1 9 -1 -1 -1 -1 -1 -1 27 -1 -1 -1 -1 18 -1 -1 -1 -1 -1 -1 -1 -1 19 -1 -1 -1 -1 -1 -1 22 21 20 -1 -1 -1 -1 
-1 -1 -1 -1 4 5 -1 -1 -1 -1 -1 -1 -1 3 -1 -1 -1 -1 -1 -1 -1 -1 2 -1 -1 -1 -1 -1 -1 12 -1 17 -1 -1 -1 -1 11 1 -1 -1 -1 -1 -1 -1 -1 -1 -1 30 -1 29 -1 26 -1 -1 -1 9 -1 -1 -1 -1 -1 -1 27 -1 -1 -1 -1 18 -1 -1 -1 -1 -1 -1 -1 -1 19 -1 -1 -1 -1 -1 -1 22 21 20 -1 -1 -1 -1 
-1 -1 -1 -1 4 5 -1 -1 -1 -1 -1 -1 -1 3 -1 -1 -1 -1 -1 -1 -1 -1 2 -1 -1 -1 -1 -1 -1 12 -1 17 -1 -1 -1 -1 11 -1 -1 -1 -1 -1 -1 -1 -1 -1 -1 30 -1 29 -1 26 -1 -1 -1 9 1 -1 -1 -1 -1 -1 27 -1 -1 -1 -1 18 -1 -1 -1 -1 -1 -1 -1 -1 19 -1 -1 -1 -1 -1 -1 22 21 20 -1 -1 -1 -1 
-1 -1 -1 -1 4 5 -1 -1 -1 -1 -1 -1 -1 3 -1 -1 -1 -1 -1 -1 -1 -1 2 -1 -1 -1 -1 -1 -1 12 -1 -1 -1 -1 -1 -1 11 -1 -1 -1 -1 -1 -1 -1 -1 -1 -1 30 17 29 -1 26 -1 -1 -1 9 1 -1 -1 -1 -1 -1 27 -1 -1 -1 -1 18 -1 -1 -1 -1 -1 -1 -1 -1 19 -1 -1 -1 -1 -1 -1 22 21 20 -1 -1 -1 -1 
-1 -1 -1 -1 4 5 -1 -1 -1 -1 -1 -1 -1 3 -1 -1 -1 -1 -1 -1 -1 -1 2 -1 -1 -1 -1 -1 -1 12 -1 -1 -1 -1 -1 -1 11 -1 -1 -1 -1 -1 -1 -1 -1 -1 -1 30 17 29 -1 26 -1 -1 -1 -1 1 -1 -1 -1 -1 -1 9 -1 -1 -1 -1 18 -1 -1 -1 -1 -1 -1 -1 -1 19 -1 -1 -1 -1 -1 -1 22 21 20 -1 -1 -1 -1 
-1 -1 -1 -1 4 5 -1 -1 -1 -1 -1 -1 -1 3 -1 -1 -1 -1 -1 -1 -1 -1 2 -1 -1 -1 -1 -1 -1 12 -1 -1 -1 -1 -1 -1 11 -1 -1 -1 29 -1 -1 -1 -1 -1 -1 30 17 -1 -1 26 -1 -1 -1 -1 1 -1 -1 -1 -1 -1 9 -1 -1 -1 -1 18 -1 -1 -1 -1 -1 -1 -1 -1 19 -1 -1 -1 -1 -1 -1 22 21 20 -1 -1 -1 -1 
-1 -1 -1 -1 4 5 -1 -1 -1 -1 -1 -1 -1 3 -1 -1 -1 -1 -1 -1 -1 -1 2 -1 -1 -1 -1 -1 -1 -1 -1 -1 -1 -1 -1 -1 11 -1 12 -1 29 -1 -1 -1 -1 -1 -1 30 17 -1 -1 26 -1 -1 -1 -1 1 -1 -1 -1 -1 -1 9 -1 -1 -1 -1 18 -1 -1 -1 -1 -1 -1 -1 -1 19 -1 -1 -1 -1 -1 -1 22 21 20 -1 -1 -1 -1 
-1 -1 -1 -1 4 5 -1 -1 -1 -1 -1 -1 -1 3 -1 -1 -1 -1 -1 -1 -1 -1 2 -1 -1 -1 -1 -1 -1 -1 -1 -1 -1 -1 -1 -1 11 -1 30 -1 29 -1 -1 -1 -1 -1 -1 -1 17 -1 -1 26 -1 -1 -1 -1 1 -1 -1 -1 -1 -1 9 -1 -1 -1 -1 18 -1 -1 -1 -1 -1 -1 -1 -1 19 -1 -1 -1 -1 -1 -1 22 21 20 -1 -1 -1 -1 
-1 -1 -1 -1 4 5 -1 -1 -1 -1 -1 -1 -1 3 -1 -1 -1 -1 -1 -1 -1 -1 -1 -1 -1 -1 -1 -1 -1 -1 -1 -1 -1 -1 -1 -1 11 -1 2 -1 29 -1 -1 -1 -1 -1 -1 -1 17 -1 -1 26 -1 -1 -1 -1 1 -1 -1 -1 -1 -1 9 -1 -1 -1 -1 18 -1 -1 -1 -1 -1 -1 -1 -1 19 -1 -1 -1 -1 -1 -1 22 21 20 -1 -1 -1 -1 
-1 -1 -1 -1 4 5 -1 -1 -1 -1 -1 -1 -1 3 -1 -1 -1 -1 -1 -1 -1 -1 -1 -1 -1 -1 -1 -1 -1 -1 -1 -1 -1 -1 -1 -1 11 -1 2 -1 29 -1 -1 -1 -1 -1 -1 -1 17 -1 -1 26 -1 -1 -1 -1 1 -1 -1 -1 -1 -1 9 -1 -1 -1 -1 18 -1 -1 -1 -1 -1 -1 -1 -1 19 -1 -1 -1 -1 -1 -1 22 21 20 -1 -1 -1 -1 
-1 -1 -1 -1 4 5 -1 -1 -1 -1 -1 -1 -1 3 -1 -1 -1 -1 -1 -1 -1 -1 -1 -1 -1 -1 -1 -1 -1 -1 -1 -1 -1 -1 -1 -1 11 -1 2 -1 29 -1 -1 -1 -1 -1 -1 -1 17 -1 -1 26 -1 -1 9 -1 1 -1 -1 -1 -1 -1 -1 -1 -1 -1 -1 18 -1 -1 -1 -1 -1 -1 -1 -1 19 -1 -1 -1 -1 -1 -1 22 21 20 -1 -1 -1 -1 
-1 -1 -1 -1 4 5 -1 -1 -1 -1 -1 -1 -1 3 -1 -1 -1 -1 -1 -1 -1 -1 -1 -1 -1 -1 -1 -1 -1 -1 -1 -1 -1 -1 -1 -1 11 -1 2 -1 29 -1 -1 -1 -1 -1 -1 -1 17 -1 -1 26 -1 -1 9 -1 1 -1 -1 -1 -1 -1 -1 -1 -1 -1 -1 18 -1 -1 -1 -1 -1 -1 -1 -1 19 -1 -1 -1 -1 -1 -1 22 21 20 -1 -1 -1 -1 
-1 -1 -1 4 -1 5 -1 -1 -1 -1 -1 -1 -1 3 -1 -1 -1 -1 -1 -1 -1 -1 -1 -1 -1 -1 -1 -1 -1 -1 -1 -1 -1 -1 -1 -1 11 -1 2 -1 29 -1 -1 -1 -1 -1 -1 -1 17 -1 -1 26 -1 -1 9 -1 1 -1 -1 -1 -1 -1 -1 -1 -1 -1 -1 18 -1 -1 -1 -1 -1 -1 -1 -1 19 -1 -1 -1 -1 -1 -1 22 21 20 -1 -1 -1 -1 
-1 -1 -1 4 -1 5 -1 -1 -1 -1 -1 -1 -1 3 -1 -1 -1 -1 -1 -1 -1 -1 -1 -1 -1 -1 -1 -1 -1 -1 -1 -1 -1 -1 -1 -1 11 -1 2 -1 29 -1 -1 -1 -1 -1 -1 -1 17 -1 -1 26 -1 -1 9 -1 1 -1 -1 -1 -1 -1 -1 -1 -1 -1 -1 18 -1 -1 -1 -1 -1 -1 -1 -1 19 -1 -1 -1 -1 -1 -1 22 21 20 -1 -1 -1 -1 
-1 -1 -1 4 -1 5 -1 -1 -1 -1 -1 -1 -1 3 -1 -1 -1 -1 -1 -1 -1 -1 -1 -1 -1 -1 -1 -1 -1 -1 -1 -1 -1 -1 -1 -1 -1 -1 2 -1 29 -1 -1 -1 -1 11 -1 -1 17 -1 -1 26 -1 -1 9 -1 1 -1 -1 -1 -1 -1 -1 -1 -1 -1 -1 18 -1 -1 -1 -1 -1 -1 -1 -1 19 -1 -1 -1 -1 -1 -1 22 21 20 -1 -1 -1 -1 
-1 -1 -1 4 -1 5 -1 -1 -1 -1 -1 -1 -1 3 -1 -1 -1 -1 -1 -1 -1 -1 -1 -1 -1 -1 -1 -1 -1 17 -1 -1 -1 -1 -1 -1 -1 -1 2 -1 29 -1 -1 -1 -1 11 -1 -1 -1 -1 -1 26 -1 -1 9 -1 1 -1 -1 -1 -1 -1 -1 -1 -1 -1 -1 18 -1 -1 -1 -1 -1 -1 -1 -1 19 -1 -1 -1 -1 -1 -1 22 21 20 -1 -1 -1 -1 
-1 -1 -1 4 -1 5 -1 -1 -1 -1 -1 -1 -1 3 -1 -1 -1 -1 -1 -1 -1 -1 -1 -1 -1 -1 -1 -1 -1 17 -1 -1 -1 -1 -1 -1 -1 1 2 -1 29 -1 -1 -1 -1 11 -1 -1 -1 -1 -1 26 -1 -1 9 -1 -1 -1 -1 -1 -1 -1 -1 -1 -1 -1 -1 18 -1 -1 -1 -1 -1 -1 -1 -1 19 -1 -1 -1 -1 -1 -1 22 21 20 -1 -1 -1 -1 
-1 -1 -1 4 -1 5 -1 -1 -1 -1 17 -1 -1 3 -1 -1 -1 -1 -1 -1 -1 -1 -1 -1 -1 -1 -1 -1 -1 -1 -1 -1 -1 -1 -1 -1 -1 1 2 -1 29 -1 -1 -1 -1 11 -1 -1 -1 -1 -1 26 -1 -1 9 -1 -1 -1 -1 -1 -1 -1 -1 -1 -1 -1 -1 18 -1 -1 -1 -1 -1 -1 -1 -1 19 -1 -1 -1 -1 -1 -1 22 21 20 -1 -1 -1 -1 
-1 -1 -1 -1 -1 5 -1 -1 -1 -1 17 -1 4 3 -1 -1 -1 -1 -1 -1 -1 -1 -1 -1 -1 -1 -1 -1 -1 -1 -1 -1 -1 -1 -1 -1 -1 1 2 -1 29 -1 -1 -1 -1 11 -1 -1 -1 -1 -1 26 -1 -1 9 -1 -1 -1 -1 -1 -1 -1 -1 -1 -1 -1 -1 18 -1 -1 -1 -1 -1 -1 -1 -1 19 -1 -1 -1 -1 -1 -1 22 21 20 -1 -1 -1 -1 
-1 -1 -1 -1 -1 5 -1 -1 -1 -1 17 -1 4 3 -1 -1 -1 -1 -1 -1 -1 -1 -1 -1 -1 -1 -1 -1 -1 -1 -1 -1 -1 -1 -1 -1 -1 1 2 -1 29 -1 -1 -1 -1 11 -1 -1 -1 -1 -1 26 -1 -1 9 -1 -1 -1 -1 -1 -1 -1 -1 -1 -1 -1 -1 18 -1 -1 -1 -1 -1 -1 -1 -1 19 -1 -1 -1 -1 -1 -1 22 21 20 -1 -1 -1 -1 
-1 -1 -1 -1 -1 5 -1 -1 -1 -1 17 -1 4 3 -1 -1 -1 -1 -1 -1 -1 -1 -1 -1 -1 -1 -1 -1 -1 -1 -1 -1 -1 -1 -1 -1 -1 -1 2 -1 29 -1 -1 -1 -1 11 -1 -1 1 -1 -1 26 -1 -1 9 -1 -1 -1 -1 -1 -1 -1 -1 -1 -1 -1 -1 18 -1 -1 -1 -1 -1 -1 -1 -1 19 -1 -1 -1 -1 -1 -1 22 21 20 -1 -1 -1 -1 
-1 -1 -1 -1 -1 5 -1 -1 -1 -1 17 -1 4 3 -1 -1 -1 -1 -1 -1 -1 -1 -1 -1 -1 -1 -1 -1 -1 -1 -1 -1 -1 -1 -1 -1 -1 -1 2 29 -1 -1 -1 -1 -1 11 -1 -1 1 -1 -1 26 -1 -1 9 -1 -1 -1 -1 -1 -1 -1 -1 -1 -1 -1 -1 18 -1 -1 -1 -1 -1 -1 -1 -1 19 -1 -1 -1 -1 -1 -1 22 21 20 -1 -1 -1 -1 
-1 -1 -1 -1 -1 5 -1 -1 -1 -1 17 -1 4 3 -1 -1 -1 -1 -1 -1 -1 -1 -1 -1 -1 -1 -1 -1 -1 -1 -1 -1 -1 -1 -1 -1 -1 -1 2 29 -1 -1 -1 -1 -1 11 -1 -1 -1 -1 -1 26 -1 -1 9 -1 -1 -1 -1 1 -1 -1 -1 -1 -1 -1 -1 18 -1 -1 -1 -1 -1 -1 -1 -1 19 -1 -1 -1 -1 -1 -1 22 21 20 -1 -1 -1 -1 
-1 -1 -1 -1 -1 5 -1 -1 -1 -1 25 -1 4 3 -1 -1 -1 -1 -1 -1 -1 -1 -1 -1 -1 -1 -1 -1 -1 -1 -1 -1 -1 -1 -1 -1 -1 -1 2 29 -1 -1 -1 -1 -1 11 -1 -1 -1 -1 -1 26 -1 -1 9 -1 -1 -1 -1 1 -1 -1 -1 -1 -1 -1 -1 18 -1 -1 -1 -1 -1 -1 -1 -1 19 -1 -1 -1 -1 -1 -1 22 21 20 -1 -1 -1 -1 
-1 -1 -1 -1 -1 5 -1 -1 -1 -1 25 -1 4 -1 -1 -1 -1 -1 -1 -1 -1 -1 -1 3 -1 -1 -1 -1 -1 -1 -1 -1 -1 -1 -1 -1 -1 -1 2 29 -1 -1 -1 -1 -1 11 -1 -1 -1 -1 -1 26 -1 -1 9 -1 -1 -1 -1 1 -1 -1 -1 -1 -1 -1 -1 18 -1 -1 -1 -1 -1 -1 -1 -1 19 -1 -1 -1 -1 -1 -1 22 21 20 -1 -1 -1 -1 
-1 -1 -1 -1 -1 5 -1 -1 -1 -1 -1 -1 4 -1 -1 -1 -1 -1 -1 -1 -1 -1 -1 3 -1 -1 -1 -1 -1 17 -1 -1 -1 -1 -1 -1 -1 -1 2 29 -1 -1 -1 -1 -1 11 -1 -1 -1 -1 -1 26 -1 -1 9 -1 -1 -1 -1 1 -1 -1 -1 -1 -1 -1 -1 18 -1 -1 -1 -1 -1 -1 -1 -1 19 -1 -1 -1 -1 -1 -1 22 21 20 -1 -1 -1 -1 
-1 -1 -1 4 -1 5 -1 -1 -1 -1 -1 -1 -1 -1 -1 -1 -1 -1 -1 -1 -1 -1 -1 3 -1 -1 -1 -1 -1 17 -1 -1 -1 -1 -1 -1 -1 -1 2 29 -1 -1 -1 -1 -1 11 -1 -1 -1 -1 -1 26 -1 -1 9 -1 -1 -1 -1 1 -1 -1 -1 -1 -1 -1 -1 18 -1 -1 -1 -1 -1 -1 -1 -1 19 -1 -1 -1 -1 -1 -1 22 21 20 -1 -1 -1 -1 
-1 -1 -1 4 -1 5 -1 -1 -1 -1 -1 -1 25 -1 -1 -1 -1 -1 -1 -1 -1 -1 -1 3 -1 -1 -1 -1 -1 17 -1 -1 -1 -1 -1 -1 -1 -1 2 29 -1 -1 -1 -1 -1 11 -1 -1 -1 -1 -1 26 -1 -1 9 -1 -1 -1 -1 1 -1 -1 -1 -1 -1 -1 -1 18 -1 -1 -1 -1 -1 -1 -1 -1 19 -1 -1 -1 -1 -1 -1 22 21 20 -1 -1 -1 -1 
-1 -1 -1 -1 4 5 -1 -1 -1 -1 -1 -1 25 -1 -1 -1 -1 -1 -1 -1 -1 -1 -1 3 -1 -1 -1 -1 -1 17 -1 -1 -1 -1 -1 -1 -1 -1 2 29 -1 -1 -1 -1 -1 11 -1 -1 -1 -1 -1 26 -1 -1 9 -1 -1 -1 -1 1 -1 -1 -1 -1 -1 -1 -1 18 -1 -1 -1 -1 -1 -1 -1 -1 19 -1 -1 -1 -1 -1 -1 22 21 20 -1 -1 -1 -1 
-1 -1 -1 -1 4 5 -1 -1 -1 -1 -1 -1 -1 25 -1 -1 -1 -1 -1 -1 -1 -1 -1 3 -1 -1 -1 -1 -1 17 -1 -1 -1 -1 -1 -1 -1 -1 2 29 -1 -1 -1 -1 -1 11 -1 -1 -1 -1 -1 26 -1 -1 9 -1 -1 -1 -1 1 -1 -1 -1 -1 -1 -1 -1 18 -1 -1 -1 -1 -1 -1 -1 -1 19 -1 -1 -1 -1 -1 -1 22 21 20 -1 -1 -1 -1 
-1 -1 -1 4 -1 5 -1 -1 -1 -1 -1 -1 -1 25 -1 -1 -1 -1 -1 -1 -1 -1 -1 3 -1 -1 -1 -1 -1 17 -1 -1 -1 -1 -1 -1 -1 -1 2 29 -1 -1 -1 -1 -1 11 -1 -1 -1 -1 -1 26 -1 -1 9 -1 -1 -1 -1 1 -1 -1 -1 -1 -1 -1 -1 18 -1 -1 -1 -1 -1 -1 -1 -1 19 -1 -1 -1 -1 -1 -1 22 21 20 -1 -1 -1 -1 
-1 -1 -1 4 -1 5 -1 -1 -1 -1 17 -1 -1 25 -1 -1 -1 -1 -1 -1 -1 -1 -1 3 -1 -1 -1 -1 -1 -1 -1 -1 -1 -1 -1 -1 -1 -1 2 29 -1 -1 -1 -1 -1 11 -1 -1 -1 -1 -1 26 -1 -1 9 -1 -1 -1 -1 1 -1 -1 -1 -1 -1 -1 -1 18 -1 -1 -1 -1 -1 -1 -1 -1 19 -1 -1 -1 -1 -1 -1 22 21 20 -1 -1 -1 -1 
-1 -1 -1 -1 -1 5 -1 -1 -1 -1 17 -1 4 25 -1 -1 -1 -1 -1 -1 -1 -1 -1 3 -1 -1 -1 -1 -1 -1 -1 -1 -1 -1 -1 -1 -1 -1 2 29 -1 -1 -1 -1 -1 11 -1 -1 -1 -1 -1 26 -1 -1 9 -1 -1 -1 -1 1 -1 -1 -1 -1 -1 -1 -1 18 -1 -1 -1 -1 -1 -1 -1 -1 19 -1 -1 -1 -1 -1 -1 22 21 20 -1 -1 -1 -1 
-1 -1 -1 -1 -1 5 -1 -1 -1 -1 17 -1 4 25 -1 -1 -1 -1 -1 -1 -1 -1 -1 3 -1 -1 -1 -1 -1 -1 -1 -1 -1 -1 -1 -1 -1 -1 2 29 -1 -1 -1 -1 -1 11 -1 -1 -1 -1 -1 26 -1 -1 9 -1 -1 -1 -1 1 -1 -1 -1 -1 -1 -1 -1 18 -1 -1 -1 -1 -1 -1 -1 -1 19 -1 -1 -1 -1 -1 -1 22 21 -1 20 -1 -1 -1 
-1 -1 -1 -1 -1 5 -1 -1 -1 -1 17 -1 4 25 -1 -1 -1 -1 -1 -1 -1 -1 -1 3 -1 -1 -1 -1 -1 -1 -1 -1 -1 -1 -1 -1 -1 -1 2 29 -1 -1 -1 -1 -1 11 -1 -1 -1 -1 -1 26 -1 -1 -1 -1 -1 9 -1 1 -1 -1 -1 -1 -1 -1 -1 18 -1 -1 -1 -1 -1 -1 -1 -1 19 -1 -1 -1 -1 -1 -1 22 21 -1 20 -1 -1 -1 
-1 -1 -1 -1 25 5 -1 -1 -1 -1 17 -1 4 -1 -1 -1 -1 -1 -1 -1 -1 -1 -1 3 -1 -1 -1 -1 -1 -1 -1 -1 -1 -1 -1 -1 -1 -1 2 29 -1 -1 -1 -1 -1 11 -1 -1 -1 -1 -1 26 -1 -1 -1 -1 -1 9 -1 1 -1 -1 -1 -1 -1 -1 -1 18 -1 -1 -1 -1 -1 -1 -1 -1 19 -1 -1 -1 -1 -1 -1 22 21 -1 20 -1 -1 -1 
-1 -1 -1 -1 25 5 -1 -1 -1 -1 17 -1 4 -1 -1 -1 -1 -1 -1 -1 -1 -1 -1 3 -1 -1 -1 -1 -1 -1 -1 -1 -1 -1 -1 -1 -1 -1 2 29 -1 -1 1 -1 -1 11 -1 -1 -1 -1 -1 26 -1 -1 -1 -1 -1 9 -1 -1 -1 -1 -1 -1 -1 -1 -1 18 -1 -1 -1 -1 -1 -1 -1 -1 19 -1 -1 -1 -1 -1 -1 22 21 -1 20 -1 -1 -1 
-1 -1 -1 -1 -1 5 25 -1 -1 -1 17 -1 4 -1 -1 -1 -1 -1 -1 -1 -1 -1 -1 3 -1 -1 -1 -1 -1 -1 -1 -1 -1 -1 -1 -1 -1 -1 2 29 -1 -1 1 -1 -1 11 -1 -1 -1 -1 -1 26 -1 -1 -1 -1 -1 9 -1 -1 -1 -1 -1 -1 -1 -1 -1 18 -1 -1 -1 -1 -1 -1 -1 -1 19 -1 -1 -1 -1 -1 -1 22 21 -1 20 -1 -1 -1 
-1 -1 -1 -1 -1 5 25 -1 -1 -1 17 -1 4 -1 -1 -1 -1 -1 -1 -1 -1 -1 -1 3 -1 -1 -1 -1 -1 -1 -1 -1 -1 -1 -1 -1 -1 -1 2 29 -1 -1 1 -1 -1 11 -1 -1 -1 -1 -1 26 -1 -1 -1 -1 -1 -1 -1 -1 9 -1 -1 -1 -1 -1 -1 18 -1 -1 -1 -1 -1 -1 -1 -1 19 -1 -1 -1 -1 -1 -1 22 21 -1 20 -1 -1 -1 
-1 -1 -1 -1 -1 5 25 -1 -1 -1 17 -1 4 -1 -1 -1 -1 -1 -1 -1 -1 -1 -1 3 -1 -1 -1 -1 -1 -1 -1 -1 -1 -1 -1 -1 -1 -1 2 -1 29 -1 1 -1 -1 11 -1 -1 -1 -1 -1 26 -1 -1 -1 -1 -1 -1 -1 -1 9 -1 -1 -1 -1 -1 -1 18 -1 -1 -1 -1 -1 -1 -1 -1 19 -1 -1 -1 -1 -1 -1 22 21 -1 20 -1 -1 -1 
-1 -1 -1 -1 -1 5 25 -1 -1 -1 17 -1 -1 4 -1 -1 -1 -1 -1 -1 -1 -1 -1 3 -1 -1 -1 -1 -1 -1 -1 -1 -1 -1 -1 -1 -1 -1 2 -1 29 -1 1 -1 -1 11 -1 -1 -1 -1 -1 26 -1 -1 -1 -1 -1 -1 -1 -1 9 -1 -1 -1 -1 -1 -1 18 -1 -1 -1 -1 -1 -1 -1 -1 19 -1 -1 -1 -1 -1 -1 22 21 -1 20 -1 -1 -1 
-1 -1 -1 -1 -1 5 25 -1 -1 -1 17 -1 -1 4 -1 -1 -1 -1 -1 -1 -1 -1 -1 3 -1 -1 -1 -1 -1 -1 -1 -1 -1 -1 -1 -1 -1 -1 2 -1 -1 29 1 -1 -1 11 -1 -1 -1 -1 -1 26 -1 -1 -1 -1 -1 -1 -1 -1 9 -1 -1 -1 -1 -1 -1 18 -1 -1 -1 -1 -1 -1 -1 -1 19 -1 -1 -1 -1 -1 -1 22 21 -1 20 -1 -1 -1 
-1 -1 -1 -1 -1 5 25 -1 -1 -1 17 -1 -1 4 -1 -1 -1 -1 -1 -1 -1 -1 -1 3 -1 -1 -1 -1 -1 -1 -1 -1 -1 -1 -1 -1 -1 -1 2 -1 -1 29 -1 -1 -1 11 -1 -1 -1 -1 -1 26 -1 1 -1 -1 -1 -1 -1 -1 9 -1 -1 -1 -1 -1 -1 18 -1 -1 -1 -1 -1 -1 -1 -1 19 -1 -1 -1 -1 -1 -1 22 21 -1 20 -1 -1 -1 
-1 -1 -1 -1 25 5 -1 -1 -1 -1 17 -1 -1 4 -1 -1 -1 -1 -1 -1 -1 -1 -1 3 -1 -1 -1 -1 -1 -1 -1 -1 -1 -1 -1 -1 -1 -1 2 -1 -1 29 -1 -1 -1 11 -1 -1 -1 -1 -1 26 -1 1 -1 -1 -1 -1 -1 -1 9 -1 -1 -1 -1 -1 -1 18 -1 -1 -1 -1 -1 -1 -1 -1 19 -1 -1 -1 -1 -1 -1 22 21 -1 20 -1 -1 -1 
-1 -1 -1 -1 25 5 -1 -1 -1 -1 17 -1 -1 4 -1 -1 -1 -1 -1 -1 -1 -1 -1 3 -1 -1 -1 -1 -1 -1 -1 -1 -1 -1 -1 -1 -1 -1 2 -1 -1 29 -1 -1 -1 11 -1 -1 -1 -1 -1 26 -1 1 -1 -1 -1 -1 9 -1 -1 -1 -1 -1 -1 -1 -1 18 -1 -1 -1 -1 -1 -1 -1 -1 19 -1 -1 -1 -1 -1 -1 22 21 -1 20 -1 -1 -1 
-1 -1 -1 -1 25 5 -1 -1 -1 -1 17 -1 -1 4 -1 -1 -1 -1 -1 -1 -1 -1 -1 3 -1 -1 -1 -1 -1 -1 -1 -1 29 -1 -1 -1 -1 -1 2 -1 -1 -1 -1 -1 -1 11 -1 -1 -1 -1 -1 26 -1 1 -1 -1 -1 -1 9 -1 -1 -1 -1 -1 -1 -1 -1 18 -1 -1 -1 -1 -1 -1 -1 -1 19 -1 -1 -1 -1 -1 -1 22 21 -1 20 -1 -1 -1 
-1 -1 -1 -1 25 5 -1 -1 -1 -1 17 -1 -1 4 -1 -1 -1 -1 -1 -1 -1 -1 -1 3 -1 -1 -1 -1 -1 -1 -1 -1 29 -1 -1 -1 -1 -1 2 -1 -1 -1 1 -1 -1 11 -1 -1 -1 -1 -1 26 -1 -1 -1 -1 -1 -1 9 -1 -1 -1 -1 -1 -1 -1 -1 18 -1 -1 -1 -1 -1 -1 -1 -1 19 -1 -1 -1 -1 -1 -1 22 21 -1 20 -1 -1 -1 
-1 -1 -1 -1 -1 5 25 -1 -1 -1 17 -1 -1 4 -1 -1 -1 -1 -1 -1 -1 -1 -1 3 -1 -1 -1 -1 -1 -1 -1 -1 29 -1 -1 -1 -1 -1 2 -1 -1 -1 1 -1 -1 11 -1 -1 -1 -1 -1 26 -1 -1 -1 -1 -1 -1 9 -1 -1 -1 -1 -1 -1 -1 -1 18 -1 -1 -1 -1 -1 -1 -1 -1 19 -1 -1 -1 -1 -1 -1 22 21 -1 20 -1 -1 -1 
-1 -1 -1 -1 -1 5 -1 -1 -1 -1 17 -1 -1 4 -1 -1 -1 -1 -1 -1 -1 -1 6 3 -1 -1 -1 -1 -1 -1 -1 -1 29 -1 -1 -1 -1 -1 2 -1 -1 -1 1 -1 -1 11 -1 -1 -1 -1 -1 26 -1 -1 -1 -1 -1 -1 9 -1 -1 -1 -1 -1 -1 -1 -1 18 -1 -1 -1 -1 -1 -1 -1 -1 19 -1 -1 -1 -1 -1 -1 22 21 -1 20 -1 -1 -1 
-1 -1 -1 -1 -1 5 -1 -1 -1 -1 -1 -1 -1 4 -1 -1 -1 -1 -1 -1 -1 17 6 3 -1 -1 -1 -1 -1 -1 -1 -1 29 -1 -1 -1 -1 -1 2 -1 -1 -1 1 -1 -1 11 -1 -1 -1 -1 -1 26 -1 -1 -1 -1 -1 -1 9 -1 -1 -1 -1 -1 -1 -1 -1 18 -1 -1 -1 -1 -1 -1 -1 -1 19 -1 -1 -1 -1 -1 -1 22 21 -1 20 -1 -1 -1 
-1 -1 -1 -1 -1 5 -1 -1 -1 -1 -1 -1 -1 4 -1 -1 -1 -1 -1 -1 -1 17 6 3 -1 -1 -1 -1 -1 -1 -1 -1 29 -1 -1 -1 -1 -1 2 -1 -1 -1 1 -1 -1 -1 11 -1 -1 -1 -1 26 -1 -1 -1 -1 -1 -1 9 -1 -1 -1 -1 -1 -1 -1 -1 18 -1 -1 -1 -1 -1 -1 -1 -1 19 -1 -1 -1 -1 -1 -1 22 21 -1 20 -1 -1 -1 
-1 -1 -1 -1 -1 5 -1 -1 -1 -1 -1 -1 -1 4 -1 -1 -1 -1 -1 -1 -1 -1 6 3 -1 -1 -1 -1 17 -1 -1 -1 29 -1 -1 -1 -1 -1 2 -1 -1 -1 1 -1 -1 -1 11 -1 -1 -1 -1 26 -1 -1 -1 -1 -1 -1 9 -1 -1 -1 -1 -1 -1 -1 -1 18 -1 -1 -1 -1 -1 -1 -1 -1 19 -1 -1 -1 -1 -1 -1 22 21 -1 20 -1 -1 -1 
-1 -1 -1 -1 -1 5 -1 -1 -1 -1 -1 -1 -1 4 -1 -1 -1 -1 -1 -1 -1 -1 6 3 -1 -1 -1 -1 17 -1 -1 -1 29 -1 -1 -1 -1 -1 2 -1 -1 -1 1 -1 -1 -1 11 -1 -1 -1 -1 26 -1 -1 -1 -1 -1 9 -1 -1 -1 -1 -1 -1 -1 -1 -1 18 -1 -1 -1 -1 -1 -1 -1 -1 19 -1 -1 -1 -1 -1 -1 22 21 -1 20 -1 -1 -1 
-1 -1 -1 -1 -1 5 -1 -1 -1 -1 -1 -1 -1 4 -1 -1 -1 -1 -1 -1 -1 -1 6 3 -1 -1 -1 -1 -1 -1 -1 -1 29 -1 -1 -1 -1 -1 2 17 -1 -1 1 -1 -1 -1 11 -1 -1 -1 -1 26 -1 -1 -1 -1 -1 9 -1 -1 -1 -1 -1 -1 -1 -1 -1 18 -1 -1 -1 -1 -1 -1 -1 -1 19 -1 -1 -1 -1 -1 -1 22 21 -1 20 -1 -1 -1 
-1 -1 -1 -1 -1 5 -1 -1 -1 -1 -1 -1 -1 4 -1 -1 -1 -1 -1 -1 -1 -1 6 3 -1 -1 -1 -1 -1 -1 -1 -1 29 -1 -1 -1 -1 -1 2 17 -1 -1 1 -1 -1 -1 -1 11 -1 -1 -1 26 -1 -1 -1 -1 -1 9 -1 -1 -1 -1 -1 -1 -1 -1 -1 18 -1 -1 -1 -1 -1 -1 -1 -1 19 -1 -1 -1 -1 -1 -1 22 21 -1 20 -1 -1 -1 
-1 -1 -1 -1 -1 5 -1 -1 -1 -1 -1 -1 -1 4 -1 -1 -1 -1 -1 -1 -1 -1 6 3 -1 -1 -1 -1 -1 -1 -1 -1 29 -1 -1 -1 -1 -1 2 -1 -1 -1 1 -1 -1 -1 -1 11 -1 -1 17 26 -1 -1 -1 -1 -1 9 -1 -1 -1 -1 -1 -1 -1 -1 -1 18 -1 -1 -1 -1 -1 -1 -1 -1 19 -1 -1 -1 -1 -1 -1 22 21 -1 20 -1 -1 -1 
-1 -1 -1 -1 -1 5 -1 -1 -1 -1 -1 -1 -1 4 -1 -1 -1 -1 -1 -1 -1 -1 6 3 -1 -1 -1 -1 -1 -1 -1 -1 29 -1 -1 -1 -1 -1 2 -1 -1 -1 1 -1 -1 -1 -1 -1 -1 -1 17 26 -1 -1 -1 -1 11 9 -1 -1 -1 -1 -1 -1 -1 -1 -1 18 -1 -1 -1 -1 -1 -1 -1 -1 19 -1 -1 -1 -1 -1 -1 22 21 -1 20 -1 -1 -1 
-1 -1 -1 -1 -1 5 -1 -1 -1 -1 -1 -1 -1 4 -1 25 -1 -1 -1 -1 -1 -1 6 3 -1 -1 -1 -1 -1 -1 -1 -1 29 -1 -1 -1 -1 -1 2 -1 -1 -1 1 -1 -1 -1 -1 -1 -1 -1 17 26 -1 -1 -1 -1 11 9 -1 -1 -1 -1 -1 -1 -1 -1 -1 18 -1 -1 -1 -1 -1 -1 -1 -1 19 -1 -1 -1 -1 -1 -1 22 21 -1 20 -1 -1 -1 
-1 -1 -1 -1 -1 5 -1 -1 -1 -1 -1 -1 -1 4 -1 25 -1 -1 -1 -1 -1 -1 6 3 -1 -1 -1 -1 -1 -1 -1 -1 29 -1 -1 -1 -1 -1 2 -1 -1 -1 1 -1 -1 -1 -1 -1 9 -1 17 26 -1 -1 -1 -1 11 -1 -1 -1 -1 -1 -1 -1 -1 -1 -1 18 -1 -1 -1 -1 -1 -1 -1 -1 19 -1 -1 -1 -1 -1 -1 22 21 -1 20 -1 -1 -1 
-1 -1 -1 -1 -1 5 -1 -1 -1 -1 -1 -1 -1 4 -1 25 -1 -1 -1 -1 -1 -1 6 3 -1 -1 -1 -1 -1 -1 -1 -1 29 -1 -1 -1 -1 -1 2 17 -1 -1 1 -1 -1 -1 -1 -1 9 -1 -1 26 -1 -1 -1 -1 11 -1 -1 -1 -1 -1 -1 -1 -1 -1 -1 18 -1 -1 -1 -1 -1 -1 -1 -1 19 -1 -1 -1 -1 -1 -1 22 21 -1 20 -1 -1 -1 
-1 -1 -1 -1 4 5 -1 -1 -1 -1 -1 -1 -1 -1 -1 25 -1 -1 -1 -1 -1 -1 6 3 -1 -1 -1 -1 -1 -1 -1 -1 29 -1 -1 -1 -1 -1 2 17 -1 -1 1 -1 -1 -1 -1 -1 9 -1 -1 26 -1 -1 -1 -1 11 -1 -1 -1 -1 -1 -1 -1 -1 -1 -1 18 -1 -1 -1 -1 -1 -1 -1 -1 19 -1 -1 -1 -1 -1 -1 22 21 -1 20 -1 -1 -1 
-1 -1 -1 -1 4 5 -1 -1 -1 -1 -1 -1 -1 25 -1 -1 -1 -1 -1 -1 -1 -1 6 3 -1 -1 -1 -1 -1 -1 -1 -1 29 -1 -1 -1 -1 -1 2 17 -1 -1 1 -1 -1 -1 -1 -1 9 -1 -1 26 -1 -1 -1 -1 11 -1 -1 -1 -1 -1 -1 -1 -1 -1 -1 18 -1 -1 -1 -1 -1 -1 -1 -1 19 -1 -1 -1 -1 -1 -1 22 21 -1 20 -1 -1 -1 
-1 -1 -1 -1 4 5 -1 -1 -1 -1 -1 -1 -1 25 -1 -1 -1 -1 -1 -1 -1 -1 -1 3 -1 -1 -1 -1 -1 -1 -1 -1 29 -1 -1 -1 -1 -1 6 17 -1 -1 1 -1 -1 -1 -1 -1 9 -1 -1 26 -1 -1 -1 -1 11 -1 -1 -1 -1 -1 -1 -1 -1 -1 -1 18 -1 -1 -1 -1 -1 -1 -1 -1 19 -1 -1 -1 -1 -1 -1 22 21 -1 20 -1 -1 -1 
-1 -1 -1 -1 4 5 -1 -1 -1 -1 -1 -1 -1 -1 -1 -1 -1 -1 -1 -1 -1 -1 -1 3 -1 -1 -1 -1 -1 -1 -1 -1 29 -1 -1 -1 -1 -1 6 17 -1 -1 1 -1 -1 -1 -1 -1 9 -1 -1 26 -1 -1 -1 -1 11 -1 -1 -1 -1 -1 -1 -1 -1 -1 -1 18 -1 -1 -1 -1 -1 -1 -1 -1 19 -1 -1 -1 -1 -1 -1 22 21 -1 20 -1 -1 -1 
-1 -1 -1 -1 4 5 -1 -1 -1 -1 -1 -1 -1 -1 -1 -1 -1 -1 -1 -1 -1 -1 -1 3 -1 -1 -1 -1 -1 -1 -1 -1 29 -1 -1 -1 -1 -1 6 17 -1 -1 -1 -1 -1 -1 -1 -1 9 -1 -1 26 -1 -1 -1 -1 11 -1 -1 1 -1 -1 -1 -1 -1 -1 -1 18 -1 -1 -1 -1 -1 -1 -1 -1 19 -1 -1 -1 -1 -1 -1 22 21 -1 20 -1 -1 -1 
-1 -1 -1 -1 4 5 -1 -1 -1 -1 -1 -1 -1 -1 -1 -1 -1 -1 -1 -1 -1 -1 -1 3 -1 -1 -1 -1 -1 -1 -1 -1 29 -1 -1 -1 -1 -1 6 17 -1 -1 -1 -1 -1 -1 -1 -1 9 -1 -1 26 -1 -1 -1 -1 11 -1 -1 1 -1 -1 -1 -1 -1 -1 -1 18 -1 -1 -1 -1 -1 -1 -1 -1 19 -1 -1 -1 -1 -1 -1 22 21 -1 20 -1 -1 -1 
-1 -1 -1 -1 4 5 -1 -1 -1 -1 -1 -1 -1 -1 -1 -1 -1 -1 -1 -1 -1 -1 -1 -1 -1 -1 -1 -1 -1 -1 -1 3 29 -1 -1 -1 -1 -1 6 17 -1 -1 -1 -1 -1 -1 -1 -1 9 -1 -1 26 -1 -1 -1 -1 11 -1 -1 1 -1 -1 -1 -1 -1 -1 -1 18 -1 -1 -1 -1 -1 -1 -1 -1 19 -1 -1 -1 -1 -1 -1 22 21 -1 20 -1 -1 -1 
-1 -1 -1 -1 4 5 -1 -1 -1 -1 -1 -1 -1 -1 -1 -1 -1 -1 -1 -1 -1 -1 -1 -1 -1 -1 -1 -1 -1 -1 -1 3 29 -1 -1 -1 -1 -1 6 17 -1 -1 -1 -1 -1 -1 -1 -1 9 -1 -1 26 -1 -1 -1 -1 11 -1 -1 1 -1 -1 -1 -1 -1 -1 -1 18 19 -1 -1 -1 -1 -1 -1 -1 -1 -1 -1 -1 -1 -1 -1 22 21 -1 20 -1 -1 -1 
-1 -1 -1 -1 4 5 -1 -1 -1 -1 -1 -1 -1 -1 -1 -1 -1 -1 -1 -1 -1 -1 -1 -1 -1 -1 -1 -1 -1 -1 -1 3 29 -1 -1 -1 -1 -1 6 17 -1 -1 -1 -1 -1 -1 -1 -1 9 -1 -1 26 -1 -1 -1 -1 -1 11 -1 1 -1 -1 -1 -1 -1 -1 -1 18 19 -1 -1 -1 -1 -1 -1 -1 -1 -1 -1 -1 -1 -1 -1 22 21 -1 20 -1 -1 -1 
-1 -1 -1 -1 4 5 -1 -1 -1 -1 -1 -1 -1 -1 -1 -1 -1 -1 -1 -1 -1 -1 -1 -1 -1 -1 -1 -1 -1 -1 -1 3 29 -1 -1 -1 -1 -1 6 17 -1 -1 -1 -1 -1 -1 -1 -1 9 -1 -1 26 -1 -1 -1 -1 -1 11 -1 1 -1 -1 -1 -1 -1 -1 -1 18 19 -1 -1 -1 -1 -1 -1 -1 21 -1 -1 -1 -1 -1 -1 22 -1 -1 20 -1 -1 -1 
-1 -1 -1 -1 4 5 -1 -1 -1 -1 -1 -1 -1 -1 -1 -1 -1 -1 -1 -1 -1 -1 -1 -1 -1 -1 -1 -1 -1 -1 -1 3 29 -1 -1 -1 -1 -1 6 17 -1 -1 -1 -1 -1 -1 -1 -1 -1 -1 -1 26 -1 9 -1 -1 -1 11 -1 1 -1 -1 -1 -1 -1 -1 -1 18 19 -1 -1 -1 -1 -1 -1 -1 21 -1 -1 -1 -1 -1 -1 22 -1 -1 20 -1 -1 -1 
-1 -1 -1 -1 4 5 -1 -1 -1 -1 -1 -1 -1 -1 -1 -1 -1 -1 -1 -1 -1 -1 -1 -1 -1 -1 -1 -1 -1 -1 -1 3 29 -1 -1 -1 -1 -1 6 -1 -1 -1 -1 -1 -1 -1 -1 -1 -1 -1 17 26 -1 9 -1 -1 -1 11 -1 1 -1 -1 -1 -1 -1 -1 -1 18 19 -1 -1 -1 -1 -1 -1 -1 21 -1 -1 -1 -1 -1 -1 22 -1 -1 20 -1 -1 -1 
-1 -1 -1 -1 4 5 -1 -1 -1 -1 -1 -1 -1 -1 -1 -1 -1 -1 -1 -1 -1 -1 -1 -1 -1 -1 -1 -1 -1 -1 -1 3 29 -1 -1 -1 -1 -1 6 -1 -1 -1 -1 -1 -1 -1 -1 -1 -1 -1 17 26 -1 9 -1 -1 -1 -1 11 1 -1 -1 -1 -1 -1 -1 -1 18 19 -1 -1 -1 -1 -1 -1 -1 21 -1 -1 -1 -1 -1 -1 22 -1 -1 20 -1 -1 -1 
-1 -1 -1 -1 4 5 -1 -1 -1 -1 -1 -1 -1 -1 -1 -1 -1 -1 -1 -1 -1 -1 -1 -1 -1 -1 -1 -1 -1 -1 -1 3 29 -1 -1 -1 -1 -1 6 -1 -1 -1 -1 -1 -1 -1 -1 -1 -1 -1 17 26 -1 9 -1 -1 -1 -1 11 1 -1 -1 -1 -1 -1 -1 -1 18 19 -1 -1 -1 -1 -1 -1 -1 21 -1 -1 -1 -1 -1 -1 22 -1 -1 20 -1 -1 -1 
-1 -1 -1 4 -1 5 -1 -1 -1 -1 -1 -1 -1 -1 -1 -1 -1 -1 -1 -1 -1 -1 -1 -1 -1 -1 -1 -1 -1 -1 -1 3 29 -1 -1 -1 -1 -1 6 -1 -1 -1 -1 -1 -1 -1 -1 -1 -1 -1 17 26 -1 9 -1 -1 -1 -1 11 1 -1 -1 -1 -1 -1 -1 -1 18 19 -1 -1 -1 -1 -1 -1 -1 21 -1 -1 -1 -1 -1 -1 22 -1 -1 20 -1 -1 -1 
-1 -1 -1 4 -1 5 -1 -1 -1 -1 -1 -1 -1 -1 -1 -1 -1 -1 -1 -1 -1 -1 -1 -1 -1 -1 -1 -1 -1 -1 -1 3 29 -1 -1 -1 -1 -1 6 -1 -1 -1 -1 -1 -1 -1 -1 -1 -1 -1 17 26 -1 9 -1 -1 -1 -1 11 1 -1 -1 -1 -1 -1 -1 -1 18 19 -1 -1 -1 -1 -1 -1 -1 21 -1 -1 -1 -1 -1 -1 22 -1 -1 20 -1 -1 -1 
-1 -1 -1 4 -1 5 -1 -1 -1 -1 -1 -1 -1 -1 -1 -1 -1 -1 -1 -1 -1 -1 -1 -1 -1 -1 -1 -1 -1 -1 -1 3 29 -1 -1 -1 -1 -1 6 -1 -1 -1 -1 -1 -1 -1 -1 -1 -1 -1 17 26 -1 9 -1 -1 -1 -1 11 -1 -1 -1 -1 -1 -1 -1 -1 18 19 -1 1 -1 -1 -1 -1 -1 21 -1 -1 -1 -1 -1 -1 22 -1 -1 20 -1 -1 -1 
-1 -1 -1 4 -1 5 -1 -1 -1 -1 -1 -1 -1 -1 -1 -1 -1 -1 -1 -1 -1 -1 -1 -1 -1 -1 -1 -1 -1 -1 -1 3 29 -1 -1 -1 -1 -1 6 17 -1 -1 -1 -1 -1 -1 -1 -1 -1 -1 -1 26 -1 9 -1 -1 -1 -1 11 -1 -1 -1 -1 -1 -1 -1 -1 18 19 -1 1 -1 -1 -1 -1 -1 21 -1 -1 -1 -1 -1 -1 22 -1 -1 20 -1 -1 -1 
-1 -1 -1 4 -1 5 -1 -1 -1 -1 -1 -1 -1 -1 -1 -1 -1 -1 -1 -1 -1 -1 -1 -1 -1 -1 -1 -1 -1 -1 -1 3 29 -1 -1 -1 -1 -1 6 17 -1 -1 -1 -1 -1 -1 -1 -1 -1 -1 -1 26 -1 9 -1 -1 -1 -1 11 -1 -1 -1 -1 -1 -1 -1 -1 18 19 -1 -1 -1 -1 -1 -1 -1 21 -1 -1 -1 -1 -1 -1 22 -1 -1 20 -1 -1 1 
-1 -1 -1 4 25 5 -1 -1 -1 -1 -1 -1 -1 -1 -1 -1 -1 -1 -1 -1 -1 -1 -1 -1 -1 -1 -1 -1 -1 -1 -1 3 29 -1 -1 -1 -1 -1 6 17 -1 -1 -1 -1 -1 -1 -1 -1 -1 -1 -1 26 -1 9 -1 -1 -1 -1 11 -1 -1 -1 -1 -1 -1 -1 -1 18 19 -1 -1 -1 -1 -1 -1 -1 21 -1 -1 -1 -1 -1 -1 22 -1 -1 20 -1 -1 1 
-1 -1 -1 4 25 5 -1 -1 -1 -1 -1 -1 -1 -1 -1 -1 -1 -1 -1 -1 -1 -1 -1 -1 -1 -1 -1 -1 -1 -1 -1 3 29 -1 -1 -1 -1 -1 6 17 -1 -1 -1 -1 -1 -1 -1 -1 -1 -1 -1 26 -1 -1 -1 -1 -1 -1 11 -1 -1 -1 9 -1 -1 -1 -1 18 19 -1 -1 -1 -1 -1 -1 -1 21 -1 -1 -1 -1 -1 -1 22 -1 -1 20 -1 -1 1 
-1 -1 -1 4 25 5 -1 -1 -1 -1 -1 -1 -1 -1 -1 -1 -1 -1 -1 -1 -1 -1 -1 -1 -1 -1 -1 -1 -1 -1 -1 3 29 -1 -1 -1 -1 -1 6 17 -1 -1 -1 -1 -1 -1 -1 -1 -1 -1 -1 26 -1 -1 -1 -1 -1 -1 11 -1 -1 -1 9 -1 -1 -1 21 18 19 -1 -1 -1 -1 -1 -1 -1 -1 -1 -1 -1 -1 -1 -1 22 -1 -1 20 -1 -1 1 
-1 -1 -1 4 25 5 -1 -1 -1 -1 -1 -1 -1 -1 -1 -1 -1 -1 -1 -1 -1 -1 -1 -1 -1 -1 -1 -1 -1 -1 -1 3 29 -1 -1 -1 -1 -1 6 17 -1 -1 -1 -1 -1 -1 -1 -1 -1 -1 -1 26 -1 -1 -1 -1 -1 -1 -1 11 -1 -1 9 -1 -1 -1 21 18 19 -1 -1 -1 -1 -1 -1 -1 -1 -1 -1 -1 -1 -1 -1 22 -1 -1 20 -1 -1 1 
-1 -1 -1 4 25 5 -1 -1 -1 -1 -1 -1 -1 -1 -1 -1 -1 -1 -1 -1 17 -1 -1 -1 -1 -1 -1 -1 -1 -1 -1 3 29 -1 -1 -1 -1 -1 6 -1 -1 -1 -1 -1 -1 -1 -1 -1 -1 -1 -1 26 -1 -1 -1 -1 -1 -1 -1 11 -1 -1 9 -1 -1 -1 21 18 19 -1 -1 -1 -1 -1 -1 -1 -1 -1 -1 -1 -1 -1 -1 22 -1 -1 20 -1 -1 1 
-1 -1 -1 -1 25 5 -1 -1 -1 -1 -1 -1 4 -1 -1 -1 -1 -1 -1 -1 17 -1 -1 -1 -1 -1 -1 -1 -1 -1 -1 3 29 -1 -1 -1 -1 -1 6 -1 -1 -1 -1 -1 -1 -1 -1 -1 -1 -1 -1 26 -1 -1 -1 -1 -1 -1 -1 11 -1 -1 9 -1 -1 -1 21 18 19 -1 -1 -1 -1 -1 -1 -1 -1 -1 -1 -1 -1 -1 -1 22 -1 -1 20 -1 -1 1 
-1 17 -1 -1 25 5 -1 -1 -1 -1 -1 -1 4 -1 -1 -1 -1 -1 -1 -1 -1 -1 -1 -1 -1 -1 -1 -1 -1 -1 -1 3 29 -1 -1 -1 -1 -1 6 -1 -1 -1 -1 -1 -1 -1 -1 -1 -1 -1 -1 26 -1 -1 -1 -1 -1 -1 -1 11 -1 -1 9 -1 -1 -1 21 18 19 -1 -1 -1 -1 -1 -1 -1 -1 -1 -1 -1 -1 -1 -1 22 -1 -1 20 -1 -1 1 
-1 17 -1 4 25 5 -1 -1 -1 -1 -1 -1 -1 -1 -1 -1 -1 -1 -1 -1 -1 -1 -1 -1 -1 -1 -1 -1 -1 -1 -1 3 29 -1 -1 -1 -1 -1 6 -1 -1 -1 -1 -1 -1 -1 -1 -1 -1 -1 -1 26 -1 -1 -1 -1 -1 -1 -1 11 -1 -1 9 -1 -1 -1 21 18 19 -1 -1 -1 -1 -1 -1 -1 -1 -1 -1 -1 -1 -1 -1 22 -1 -1 20 -1 -1 1 
25 17 -1 4 -1 5 -1 -1 -1 -1 -1 -1 -1 -1 -1 -1 -1 -1 -1 -1 -1 -1 -1 -1 -1 -1 -1 -1 -1 -1 -1 3 29 -1 -1 -1 -1 -1 6 -1 -1 -1 -1 -1 -1 -1 -1 -1 -1 -1 -1 26 -1 -1 -1 -1 -1 -1 -1 11 -1 -1 9 -1 -1 -1 21 18 19 -1 -1 -1 -1 -1 -1 -1 -1 -1 -1 -1 -1 -1 -1 22 -1 -1 20 -1 -1 1 
25 17 -1 -1 4 5 -1 -1 -1 -1 -1 -1 -1 -1 -1 -1 -1 -1 -1 -1 -1 -1 -1 -1 -1 -1 -1 -1 -1 -1 -1 3 29 -1 -1 -1 -1 -1 6 -1 -1 -1 -1 -1 -1 -1 -1 -1 -1 -1 -1 26 -1 -1 -1 -1 -1 -1 -1 11 -1 -1 9 -1 -1 -1 21 18 19 -1 -1 -1 -1 -1 -1 -1 -1 -1 -1 -1 -1 -1 -1 22 -1 -1 20 -1 -1 1 
-1 17 -1 -1 4 5 -1 -1 -1 -1 -1 -1 -1 -1 -1 -1 -1 -1 -1 -1 -1 -1 -1 -1 -1 -1 -1 -1 -1 -1 -1 3 29 -1 -1 -1 -1 -1 6 -1 -1 -1 -1 -1 -1 -1 -1 -1 -1 -1 -1 26 -1 -1 -1 -1 -1 -1 -1 11 -1 -1 9 -1 -1 -1 21 18 19 -1 -1 -1 -1 -1 -1 -1 -1 -1 -1 -1 -1 -1 -1 22 -1 -1 20 -1 -1 1 
-1 17 -1 -1 4 5 -1 -1 -1 -1 -1 -1 -1 -1 -1 -1 -1 -1 -1 -1 -1 3 -1 -1 -1 -1 -1 -1 -1 -1 -1 -1 29 -1 -1 -1 -1 -1 6 -1 -1 -1 -1 -1 -1 -1 -1 -1 -1 -1 -1 26 -1 -1 -1 -1 -1 -1 -1 11 -1 -1 9 -1 -1 -1 21 18 19 -1 -1 -1 -1 -1 -1 -1 -1 -1 -1 -1 -1 -1 -1 22 -1 -1 20 -1 -1 1 
-1 17 -1 -1 4 5 -1 -1 -1 -1 -1 -1 -1 -1 -1 -1 -1 -1 -1 -1 -1 3 -1 29 -1 -1 -1 -1 -1 -1 -1 -1 -1 -1 -1 -1 -1 -1 6 -1 -1 -1 -1 -1 -1 -1 -1 -1 -1 -1 -1 26 -1 -1 -1 -1 -1 -1 -1 11 -1 -1 9 -1 -1 -1 21 18 19 -1 -1 -1 -1 -1 -1 -1 -1 -1 -1 -1 -1 -1 -1 22 -1 -1 20 -1 -1 1 
-1 17 -1 -1 4 5 -1 -1 -1 -1 -1 -1 -1 -1 -1 -1 -1 -1 -1 -1 -1 3 -1 29 -1 -1 -1 -1 -1 -1 -1 -1 -1 -1 -1 -1 -1 -1 6 -1 -1 -1 -1 -1 -1 -1 -1 -1 -1 -1 -1 26 -1 -1 -1 -1 -1 -1 -1 -1 -1 -1 9 -1 -1 -1 21 18 11 -1 -1 -1 -1 -1 -1 -1 -1 -1 -1 -1 -1 -1 -1 22 -1 -1 20 -1 -1 1 
-1 17 -1 -1 4 5 -1 -1 -1 -1 -1 -1 -1 -1 -1 -1 -1 -1 -1 -1 -1 3 29 -1 -1 -1 -1 -1 -1 -1 -1 -1 -1 -1 -1 -1 -1 -1 6 -1 -1 -1 -1 -1 -1 -1 -1 -1 -1 -1 -1 26 -1 -1 -1 -1 -1 -1 -1 -1 -1 -1 9 -1 -1 -1 21 18 11 -1 -1 -1 -1 -1 -1 -1 -1 -1 -1 -1 -1 -1 -1 22 -1 -1 20 -1 -1 1 
-1 17 -1 -1 4 5 -1 -1 -1 -1 -1 -1 -1 -1 -1 -1 -1 -1 -1 -1 -1 3 29 -1 -1 -1 -1 -1 -1 -1 -1 -1 -1 -1 -1 -1 -1 -1 6 -1 -1 -1 -1 -1 -1 -1 -1 -1 -1 -1 -1 26 -1 -1 -1 -1 -1 -1 -1 9 -1 -1 -1 -1 -1 -1 21 18 11 -1 -1 -1 -1 -1 -1 -1 -1 -1 -1 -1 -1 -1 -1 22 -1 -1 20 -1 -1 1 
-1 17 -1 -1 4 5 -1 -1 -1 -1 -1 -1 -1 -1 -1 -1 -1 -1 -1 -1 -1 3 29 -1 -1 -1 -1 -1 -1 -1 -1 -1 -1 -1 -1 -1 -1 -1 6 -1 -1 -1 -1 -1 -1 -1 -1 -1 -1 -1 -1 26 -1 -1 -1 -1 -1 -1 -1 9 -1 -1 -1 -1 -1 -1 21 18 11 -1 -1 -1 -1 -1 -1 -1 -1 -1 -1 -1 -1 -1 -1 22 -1 20 -1 -1 -1 1 
-1 17 -1 -1 4 5 -1 -1 -1 -1 -1 -1 -1 -1 -1 -1 -1 -1 -1 -1 -1 3 29 -1 -1 -1 -1 -1 -1 -1 -1 -1 -1 -1 -1 -1 -1 -1 6 -1 -1 -1 -1 -1 -1 -1 -1 -1 -1 -1 -1 26 -1 -1 -1 -1 -1 -1 -1 9 -1 -1 -1 -1 -1 -1 21 18 11 -1 -1 -1 -1 -1 -1 -1 -1 -1 1 -1 -1 -1 -1 22 -1 20 -1 -1 -1 -1 
-1 17 -1 -1 4 5 -1 -1 -1 -1 -1 -1 -1 -1 -1 -1 -1 -1 -1 -1 -1 3 29 -1 -1 -1 -1 -1 -1 -1 -1 -1 -1 -1 -1 -1 -1 -1 6 -1 -1 -1 -1 -1 -1 -1 -1 -1 -1 -1 -1 26 -1 -1 -1 -1 -1 -1 -1 9 -1 -1 -1 -1 -1 -1 21 18 11 -1 -1 -1 -1 -1 -1 -1 -1 -1 1 -1 -1 -1 -1 22 20 -1 -1 -1 -1 -1 
