0 1 2 3 4 5 6 7 8 -1 -1 -1 -1 -1 -1 -1 -1 -1 -1 9 -1 -1 -1 -1 -1 10 -1 11 -1 12 -1 13 -1 14 -1 15 -1 -1 -1 -1 -1 -1 -1 -1 -1 -1 -1 -1 -1 -1 -1 -1 -1 -1 -1 -1 30 -1 29 -1 28 -1 27 -1 26 -1 -1 18 -1 -1 25 -1 -1 -1 -1 -1 -1 -1 -1 -1 -1 24 23 22 21 20 19 -1 17 16 
0 1 2 3 4 5 6 7 8 -1 -1 -1 -1 -1 -1 -1 -1 -1 -1 9 -1 -1 -1 -1 -1 10 -1 11 -1 12 -1 13 -1 -1 -1 15 -1 -1 -1 -1 -1 -1 14 -1 -1 -1 -1 -1 -1 -1 -1 -1 -1 -1 -1 -1 30 -1 29 -1 28 -1 27 -1 26 -1 -1 18 -1 -1 25 -1 -1 -1 -1 -1 -1 -1 -1 -1 -1 24 23 22 21 20 19 -1 17 16 
0 1 2 3 4 5 6 7 8 -1 -1 -1 -1 -1 -1 -1 -1 -1 -1 9 -1 -1 -1 -1 -1 10 -1 11 -1 12 -1 13 -1 -1 -1 15 -1 -1 -1 -1 -1 -1 14 -1 -1 -1 -1 30 -1 -1 -1 -1 -1 -1 -1 -1 -1 -1 29 -1 28 -1 27 -1 26 -1 -1 18 -1 -1 25 -1 -1 -1 -1 -1 -1 -1 -1 -1 -1 24 23 22 21 20 19 -1 17 16 
0 1 2 3 4 5 -1 7 8 -1 -1 -1 -1 -1 -1 -1 -1 -1 -1 9 -1 -1 6 -1 -1 10 -1 11 -1 12 -1 13 -1 -1 -1 15 -1 -1 -1 -1 -1 -1 14 -1 -1 -1 -1 30 -1 -1 -1 -1 -1 -1 -1 -1 -1 -1 29 -1 28 -1 27 -1 26 -1 -1 18 -1 -1 25 -1 -1 -1 -1 -1 -1 -1 -1 -1 -1 24 23 22 21 20 19 -1 17 16 
0 1 2 3 4 5 -1 7 8 -1 -1 -1 -1 -1 -1 -1 -1 -1 -1 9 -1 -1 6 -1 -1 10 -1 11 -1 12 -1 13 -1 -1 -1 15 -1 -1 -1 -1 -1 -1 14 -1 -1 -1 -1 30 -1 -1 -1 -1 -1 -1 -1 -1 -1 -1 29 -1 28 -1 27 -1 26 23 -1 18 -1 -1 25 -1 -1 -1 -1 -1 -1 -1 -1 -1 -1 24 -1 22 21 20 19 -1 17 16 
0 -1 2 3 4 5 -1 7 8 -1 -1 -1 -1 -1 -1 -1 -1 -1 1 9 -1 -1 6 -1 -1 10 -1 11 -1 12 -1 13 -1 -1 -1 15 -1 -1 -1 -1 -1 -1 14 -1 -1 -1 -1 30 -1 -1 -1 -1 -1 -1 -1 -1 -1 -1 29 -1 28 -1 27 -1 26 23 -1 18 -1 -1 25 -1 -1 -1 -1 -1 -1 -1 -1 -1 -1 24 -1 22 21 20 19 -1 17 16 
0 -1 2 3 4 5 -1 7 8 -1 -1 -1 -1 -1 -1 -1 -1 -1 1 9 -1 -1 6 -1 -1 10 -1 11 -1 12 -1 13 -1 -1 -1 15 -1 -1 -1 -1 -1 -1 14 -1 -1 -1 -1 30 -1 -1 -1 -1 -1 -1 -1 -1 -1 -1 29 -1 28 -1 27 -1 26 23 -1 18 -1 -1 25 -1 24 -1 -1 -1 -1 -1 -1 -1 -1 -1 -1 22 21 20 19 -1 17 16 
-1 -1 2 3 4 5 -1 7 8 0 -1 -1 -1 -1 -1 -1 -1 -1 1 9 -1 -1 6 -1 -1 10 -1 11 -1 12 -1 13 -1 -1 -1 15 -1 -1 -1 -1 -1 -1 14 -1 -1 -1 -1 30 -1 -1 -1 -1 -1 -1 -1 -1 -1 -1 29 -1 28 -1 27 -1 26 23 -1 18 -1 -1 25 -1 24 -1 -1 -1 -1 -1 -1 -1 -1 -1 -1 22 21 20 19 -1 17 16 
-1 -1 2 3 4 5 -1 7 8 0 -1 -1 -1 -1 -1 -1 -1 -1 1 9 -1 -1 6 -1 -1 10 -1 11 -1 12 -1 13 -1 -1 -1 15 -1 -1 -1 -1 -1 -1 14 -1 -1 -1 -1 30 -1 -1 -1 -1 -1 -1 -1 -1 -1 -1 29 -1 28 -1 27 -1 26 23 -1 18 -1 -1 25 -1 -1 -1 -1 -1 -1 -1 24 -1 -1 -1 -1 22 21 20 19 -1 17 16 
-1 -1 2 3 4 5 -1 7 8 -1 -1 -1 -1 -1 -1 0 -1 -1 1 9 -1 -1 6 -1 -1 10 -1 11 -1 12 -1 13 -1 -1 -1 15 -1 -1 -1 -1 -1 -1 14 -1 -1 -1 -1 30 -1 -1 -1 -1 -1 -1 -1 -1 -1 -1 29 -1 28 -1 27 -1 26 23 -1 18 -1 -1 25 -1 -1 -1 -1 -1 -1 -1 24 -1 -1 -1 -1 22 21 20 19 -1 17 16 
-1 -1 2 3 4 5 -1 7 8 -1 -1 -1 -1 -1 -1 0 -1 -1 1 9 -1 -1 6 -1 -1 10 -1 11 -1 12 -1 13 -1 -1 -1 15 -1 -1 -1 -1 -1 -1 14 -1 -1 -1 -1 30 23 -1 -1 -1 -1 -1 -1 -1 -1 -1 29 -1 28 -1 27 -1 26 -1 -1 18 -1 -1 25 -1 -1 -1 -1 -1 -1 -1 24 -1 -1 -1 -1 22 21 20 19 -1 17 16 
-1 -1 2 3 4 5 -1 7 8 -1 -1 -1 -1 -1 -1 0 -1 -1 1 -1 -1 -1 6 -1 -1 10 -1 11 -1 12 -1 13 -1 -1 -1 15 -1 -1 -1 -1 -1 -1 14 -1 -1 -1 9 30 23 -1 -1 -1 -1 -1 -1 -1 -1 -1 29 -1 28 -1 27 -1 26 -1 -1 18 -1 -1 25 -1 -1 -1 -1 -1 -1 -1 24 -1 -1 -1 -1 22 21 20 19 -1 17 16 
-1 -1 2 3 4 5 -1 7 8 -1 -1 -1 -1 -1 -1 0 -1 -1 1 -1 -1 -1 6 -1 -1 10 -1 11 -1 12 -1 13 -1 -1 -1 15 -1 -1 -1 -1 -1 -1 14 -1 -1 -1 9 30 -1 -1 -1 -1 -1 -1 -1 -1 -1 -1 29 -1 28 -1 27 -1 26 23 -1 18 -1 -1 25 -1 -1 -1 -1 -1 -1 -1 24 -1 -1 -1 -1 22 21 20 19 -1 17 16 
-1 -1 2 3 4 5 -1 7 8 -1 -1 -1 -1 -1 -1 0 -1 -1 1 -1 -1 -1 6 -1 -1 10 -1 11 -1 12 -1 13 -1 -1 -1 15 -1 -1 -1 -1 -1 -1 14 -1 -1 -1 -1 30 -1 -1 -1 -1 -1 -1 -1 9 -1 -1 29 -1 28 -1 27 -1 26 23 -1 18 -1 -1 25 -1 -1 -1 -1 -1 -1 -1 24 -1 -1 -1 -1 22 21 20 19 -1 17 16 
-1 -1 2 3 4 5 -1 7 8 -1 -1 -1 -1 -1 -1 0 -1 -1 1 -1 -1 -1 6 -1 -1 10 -1 11 -1 12 -1 13 -1 -1 -1 15 -1 -1 -1 -1 -1 -1 14 -1 -1 -1 -1 30 -1 -1 -1 -1 -1 -1 -1 9 -1 -1 29 -1 28 -1 27 26 -1 23 -1 18 -1 -1 25 -1 -1 -1 -1 -1 -1 -1 24 -1 -1 -1 -1 22 21 20 19 -1 17 16 
-1 -1 2 3 4 5 -1 7 8 -1 -1 -1 -1 -1 -1 0 -1 -1 1 -1 -1 -1 6 -1 -1 10 -1 11 -1 12 -1 13 -1 -1 -1 15 -1 -1 -1 -1 -1 -1 14 -1 -1 -1 -1 30 -1 -1 -1 -1 -1 -1 -1 -1 9 -1 29 -1 28 -1 27 26 -1 23 -1 18 -1 -1 25 -1 -1 -1 -1 -1 -1 -1 24 -1 -1 -1 -1 22 21 20 19 -1 17 16 
-1 -1 2 3 4 5 -1 7 8 -1 -1 -1 -1 -1 -1 0 -1 -1 1 -1 -1 -1 6 -1 -1 10 -1 11 -1 12 -1 13 -1 -1 -1 15 -1 -1 -1 -1 -1 -1 14 -1 -1 -1 -1 30 -1 -1 -1 -1 -1 -1 -1 -1 9 -1 29 -1 28 -1 27 26 -1 23 -1 18 -1 -1 25 -1 -1 24 -1 -1 -1 -1 -1 -1 -1 -1 -1 22 21 20 19 -1 17 16 
-1 -1 2 3 4 5 -1 7 8 -1 -1 -1 -1 -1 0 -1 -1 -1 1 -1 -1 -1 6 -1 -1 10 -1 11 -1 12 -1 13 -1 -1 -1 15 -1 -1 -1 -1 -1 -1 14 -1 -1 -1 -1 30 -1 -1 -1 -1 -1 -1 -1 -1 9 -1 29 -1 28 -1 27 26 -1 23 -1 18 -1 -1 25 -1 -1 24 -1 -1 -1 -1 -1 -1 -1 -1 -1 22 21 20 19 -1 17 16 
-1 -1 2 3 4 5 -1 7 8 -1 -1 -1 -1 -1 0 -1 -1 -1 1 -1 -1 -1 6 -1 -1 10 -1 11 -1 12 -1 13 -1 -1 -1 15 -1 -1 -1 -1 -1 -1 14 -1 -1 -1 -1 30 -1 -1 -1 -1 -1 -1 -1 24 9 -1 29 -1 28 -1 27 26 -1 23 -1 18 -1 -1 25 -1 -1 -1 -1 -1 -1 -1 -1 -1 -1 -1 -1 22 21 20 19 -1 17 16 
-1 -1 2 3 4 5 -1 7 8 -1 -1 -1 -1 -1 0 -1 -1 -1 1 -1 -1 -1 6 -1 -1 10 -1 11 -1 12 -1 13 -1 -1 -1 15 -1 -1 -1 -1 -1 -1 14 -1 -1 -1 -1 30 -1 -1 -1 -1 -1 -1 -1 24 -1 -1 29 -1 9 -1 27 26 -1 23 -1 18 -1 -1 25 -1 -1 -1 -1 -1 -1 -1 -1 -1 -1 -1 -1 22 21 20 19 -1 17 16 
-1 -1 2 3 4 5 -1 7 8 -1 -1 -1 -1 -1 0 -1 -1 -1 1 -1 -1 -1 6 -1 -1 10 -1 11 -1 12 -1 13 -1 -1 -1 15 -1 24 -1 -1 -1 -1 14 -1 -1 -1 -1 30 -1 -1 -1 -1 -1 -1 -1 -1 -1 -1 29 -1 9 -1 27 26 -1 23 -1 18 -1 -1 25 -1 -1 -1 -1 -1 -1 -1 -1 -1 -1 -1 -1 22 21 20 19 -1 17 16 
-1 -1 2 3 4 5 -1 -1 8 -1 -1 -1 -1 -1 0 -1 -1 -1 1 -1 -1 -1 6 -1 7 10 -1 11 -1 12 -1 13 -1 -1 -1 15 -1 24 -1 -1 -1 -1 14 -1 -1 -1 -1 30 -1 -1 -1 -1 -1 -1 -1 -1 -1 -1 29 -1 9 -1 27 26 -1 23 -1 18 -1 -1 25 -1 -1 -1 -1 -1 -1 -1 -1 -1 -1 -1 -1 22 21 20 19 -1 17 16 
-1 -1 2 3 4 5 -1 -1 8 -1 -1 -1 -1 -1 0 -1 -1 -1 1 -1 -1 -1 6 -1 7 10 -1 11 -1 12 -1 13 -1 -1 -1 15 -1 24 -1 -1 -1 -1 14 -1 -1 -1 -1 30 -1 -1 -1 -1 -1 -1 -1 -1 -1 -1 29 -1 9 -1 27 26 -1 23 -1 18 -1 -1 25 17 -1 -1 -1 -1 -1 -1 -1 -1 -1 -1 -1 22 21 20 19 -1 -1 16 
-1 -1 2 3 4 5 -1 -1 8 -1 -1 -1 -1 -1 0 -1 -1 -1 1 -1 -1 -1 6 -1 7 10 -1 -1 -1 12 -1 13 -1 -1 -1 15 11 24 -1 -1 -1 -1 14 -1 -1 -1 -1 30 -1 -1 -1 -1 -1 -1 -1 -1 -1 -1 29 -1 9 -1 27 26 -1 23 -1 18 -1 -1 25 17 -1 -1 -1 -1 -1 -1 -1 -1 -1 -1 -1 22 21 20 19 -1 -1 16 
-1 -1 2 3 4 5 -1 -1 8 -1 -1 -1 -1 -1 0 -1 -1 -1 1 -1 -1 -1 6 -1 7 10 -1 -1 -1 12 -1 13 -1 -1 -1 15 24 -1 -1 -1 -1 -1 14 -1 -1 -1 -1 30 -1 -1 -1 -1 -1 -1 -1 -1 -1 -1 29 -1 9 -1 27 26 -1 23 -1 18 -1 -1 25 17 -1 -1 -1 -1 -1 -1 -1 -1 -1 -1 -1 22 21 20 19 -1 -1 16 
-1 -1 2 3 4 5 -1 -1 8 -1 -1 -1 -1 -1 0 -1 -1 -1 1 -1 -1 -1 6 -1 7 -1 -1 -1 -1 12 -1 13 -1 -1 -1 15 24 -1 -1 -1 -1 -1 14 10 -1 -1 -1 30 -1 -1 -1 -1 -1 -1 -1 -1 -1 -1 29 -1 9 -1 27 26 -1 23 -1 18 -1 -1 25 17 -1 -1 -1 -1 -1 -1 -1 -1 -1 -1 -1 22 21 20 19 -1 -1 16 
-1 -1 2 3 4 5 -1 -1 8 -1 -1 -1 -1 -1 0 -1 -1 -1 1 -1 -1 -1 6 -1 7 -1 -1 24 -1 12 -1 13 -1 -1 -1 15 -1 -1 -1 -1 -1 -1 14 10 -1 -1 -1 30 -1 -1 -1 -1 -1 -1 -1 -1 -1 -1 29 -1 9 -1 27 26 -1 23 -1 18 -1 -1 25 17 -1 -1 -1 -1 -1 -1 -1 -1 -1 -1 -1 22 21 20 19 -1 -1 16 
-1 -1 2 3 4 5 -1 -1 8 -1 -1 -1 -1 -1 0 -1 -1 -1 1 -1 -1 -1 6 -1 7 -1 -1 24 -1 12 -1 13 -1 -1 -1 15 -1 -1 -1 -1 -1 -1 14 10 -1 -1 -1 30 -1 -1 -1 -1 -1 -1 -1 -1 -1 -1 29 -1 -1 -1 27 26 -1 23 -1 18 -1 9 25 17 -1 -1 -1 -1 -1 -1 -1 -1 -1 -1 -1 22 21 20 19 -1 -1 16 
-1 -1 2 3 4 5 -1 -1 8 -1 -1 -1 -1 -1 0 -1 -1 -1 1 -1 -1 -1 6 -1 7 -1 -1 24 -1 12 -1 13 -1 -1 -1 15 -1 -1 -1 -1 -1 -1 14 10 -1 -1 -1 30 -1 -1 -1 -1 -1 -1 -1 -1 -1 -1 29 -1 -1 -1 27 26 -1 23 -1 -1 -1 9 25 17 -1 -1 -1 -1 -1 -1 -1 -1 -1 -1 -1 22 21 20 19 18 -1 16 
-1 -1 2 3 4 5 -1 -1 8 -1 -1 -1 -1 -1 0 -1 -1 -1 1 -1 -1 -1 6 -1 7 -1 -1 24 -1 12 -1 13 -1 -1 -1 15 -1 -1 -1 -1 -1 -1 14 10 -1 -1 -1 30 -1 -1 -1 -1 -1 -1 -1 -1 -1 -1 29 -1 -1 -1 27 9 -1 23 -1 -1 -1 -1 25 17 -1 -1 -1 -1 -1 -1 -1 -1 -1 -1 -1 22 21 20 19 18 -1 16 
-1 -1 2 3 4 5 -1 -1 8 -1 -1 -1 -1 -1 0 -1 -1 -1 1 -1 -1 -1 6 -1 7 -1 -1 24 -1 12 -1 13 -1 -1 -1 15 -1 -1 -1 -1 -1 -1 14 10 -1 -1 -1 30 -1 -1 -1 -1 -1 -1 -1 -1 -1 -1 29 -1 -1 -1 27 25 -1 23 -1 -1 -1 -1 -1 17 -1 -1 -1 -1 -1 -1 -1 -1 -1 -1 -1 22 21 20 19 18 -1 16 
-1 -1 2 3 4 5 -1 -1 8 -1 -1 -1 -1 -1 -1 -1 -1 -1 1 -1 -1 -1 6 -1 7 -1 -1 24 -1 12 -1 13 -1 -1 -1 15 -1 -1 -1 -1 -1 -1 14 10 -1 -1 -1 30 -1 -1 -1 -1 -1 -1 -1 -1 -1 -1 29 0 -1 -1 27 25 -1 23 -1 -1 -1 -1 -1 17 -1 -1 -1 -1 -1 -1 -1 -1 -1 -1 -1 22 21 20 19 18 -1 16 
-1 -1 2 3 4 5 -1 -1 8 -1 -1 -1 -1 -1 -1 -1 -1 -1 1 -1 -1 -1 6 -1 7 -1 -1 24 -1 12 -1 13 -1 -1 -1 15 -1 -1 -1 -1 -1 -1 14 10 -1 -1 -1 30 -1 -1 -1 -1 -1 -1 -1 -1 -1 -1 29 0 -1 -1 27 25 -1 23 -1 -1 -1 -1 -1 17 -1 -1 -1 -1 -1 -1 -1 -1 -1 -1 -1 22 21 20 19 18 16 -1 
-1 -1 2 3 4 5 -1 -1 8 -1 -1 -1 -1 -1 -1 -1 -1 -1 1 -1 -1 -1 6 -1 7 -1 -1 24 -1 12 -1 13 -1 -1 -1 15 -1 -1 -1 -1 -1 -1 -1 10 -1 -1 -1 30 -1 -1 -1 14 -1 -1 -1 -1 -1 -1 29 0 -1 -1 27 25 -1 23 -1 -1 -1 -1 -1 17 -1 -1 -1 -1 -1 -1 -1 -1 -1 -1 -1 22 21 20 19 18 16 -1 
-1 -1 2 3 4 5 -1 -1 8 -1 -1 -1 -1 -1 -1 -1 -1 -1 1 -1 -1 -1 6 -1 7 -1 -1 24 -1 12 -1 13 -1 -1 -1 15 -1 -1 -1 -1 -1 -1 -1 10 -1 -1 -1 30 -1 -1 -1 14 -1 -1 -1 -1 -1 -1 29 0 -1 -1 27 25 -1 23 -1 22 -1 -1 -1 17 -1 -1 -1 -1 -1 -1 -1 -1 -1 -1 -1 -1 21 20 19 18 16 -1 
-1 -1 2 3 4 5 -1 8 -1 -1 -1 -1 -1 -1 -1 -1 -1 -1 1 -1 -1 -1 6 -1 7 -1 -1 24 -1 12 -1 13 -1 -1 -1 15 -1 -1 -1 -1 -1 -1 -1 10 -1 -1 -1 30 -1 -1 -1 14 -1 -1 -1 -1 -1 -1 29 0 -1 -1 27 25 -1 23 -1 22 -1 -1 -1 17 -1 -1 -1 -1 -1 -1 -1 -1 -1 -1 -1 -1 21 20 19 18 16 -1 
-1 -1 2 3 4 5 -1 8 -1 -1 -1 -1 -1 -1 -1 -1 -1 -1 1 -1 -1 -1 6 -1 7 -1 -1 24 -1 12 -1 13 -1 -1 -1 15 -1 -1 -1 -1 -1 -1 -1 10 -1 -1 -1 30 -1 -1 -1 14 -1 -1 -1 -1 -1 -1 29 0 -1 -1 27 -1 25 23 -1 22 -1 -1 -1 17 -1 -1 -1 -1 -1 -1 -1 -1 -1 -1 -1 -1 21 20 19 18 16 -1 
-1 -1 2 3 4 5 -1 8 -1 -1 -1 -1 -1 -1 -1 -1 -1 -1 1 -1 -1 -1 6 -1 -1 -1 -1 24 -1 12 -1 13 -1 -1 -1 15 -1 -1 -1 -1 -1 7 -1 10 -1 -1 -1 30 -1 -1 -1 14 -1 -1 -1 -1 -1 -1 29 0 -1 -1 27 -1 25 23 -1 22 -1 -1 -1 17 -1 -1 -1 -1 -1 -1 -1 -1 -1 -1 -1 -1 21 20 19 18 16 -1 
-1 -1 2 3 4 5 -1 8 -1 -1 -1 -1 -1 -1 -1 -1 -1 -1 1 -1 -1 -1 6 -1 -1 -1 -1 24 -1 12 -1 13 -1 -1 -1 15 -1 -1 -1 -1 -1 7 -1 10 -1 -1 -1 30 -1 -1 -1 14 -1 -1 -1 25 -1 -1 29 0 -1 -1 27 -1 -1 23 -1 22 -1 -1 -1 17 -1 -1 -1 -1 -1 -1 -1 -1 -1 -1 -1 -1 21 20 19 18 16 -1 
-1 -1 2 3 4 5 -1 8 -1 -1 -1 -1 -1 -1 -1 -1 -1 -1 1 -1 -1 -1 6 -1 -1 -1 -1 24 -1 12 -1 13 -1 -1 -1 15 -1 -1 -1 -1 -1 7 -1 10 -1 -1 -1 30 -1 -1 -1 14 -1 -1 -1 25 -1 -1 29 -1 -1 -1 27 -1 -1 23 -1 22 -1 -1 -1 17 -1 -1 -1 -1 -1 0 -1 -1 -1 -1 -1 -1 21 20 19 18 16 -1 
-1 -1 2 3 4 5 -1 8 -1 -1 -1 -1 -1 -1 -1 -1 -1 -1 1 -1 -1 -1 6 -1 -1 -1 -1 24 -1 12 -1 13 -1 -1 -1 15 -1 -1 -1 -1 -1 7 -1 10 -1 -1 -1 30 -1 -1 -1 14 -1 -1 -1 25 -1 -1 29 -1 -1 -1 27 -1 -1 23 -1 22 -1 -1 -1 17 -1 -1 -1 -1 21 0 -1 -1 -1 -1 -1 -1 -1 20 19 18 16 -1 
-1 -1 2 3 4 5 -1 8 -1 -1 -1 -1 -1 -1 -1 -1 -1 -1 1 -1 -1 -1 6 -1 -1 -1 -1 24 -1 12 -1 13 -1 -1 -1 15 -1 -1 -1 -1 -1 7 -1 10 -1 -1 -1 30 -1 -1 -1 -1 14 -1 -1 25 -1 -1 29 -1 -1 -1 27 -1 -1 23 -1 22 -1 -1 -1 17 -1 -1 -1 -1 21 0 -1 -1 -1 -1 -1 -1 -1 20 19 18 16 -1 
-1 -1 2 3 4 5 -1 8 -1 -1 -1 -1 -1 -1 -1 -1 -1 -1 1 -1 -1 -1 6 -1 -1 -1 -1 24 -1 12 -1 13 -1 -1 -1 15 -1 -1 -1 -1 -1 7 -1 10 -1 -1 -1 30 -1 -1 -1 -1 14 -1 -1 25 -1 -1 29 -1 -1 -1 27 -1 -1 23 -1 22 -1 -1 -1 17 -1 -1 -1 -1 21 0 -1 -1 -1 -1 -1 -1 -1 20 19 18 -1 16 
-1 -1 2 3 4 5 -1 -1 -1 -1 -1 -1 -1 -1 -1 -1 8 -1 1 -1 -1 -1 6 -1 -1 -1 -1 24 -1 12 -1 13 -1 -1 -1 15 -1 -1 -1 -1 -1 7 -1 10 -1 -1 -1 30 -1 -1 -1 -1 14 -1 -1 25 -1 -1 29 -1 -1 -1 27 -1 -1 23 -1 22 -1 -1 -1 17 -1 -1 -1 -1 21 0 -1 -1 -1 -1 -1 -1 -1 20 19 18 -1 16 
-1 -1 2 3 4 5 -1 -1 -1 -1 -1 -1 -1 -1 -1 -1 8 -1 1 -1 -1 -1 6 -1 -1 -1 -1 24 -1 12 -1 13 -1 -1 -1 15 -1 -1 -1 -1 -1 7 -1 10 -1 -1 -1 30 -1 -1 -1 -1 14 -1 -1 -1 -1 -1 29 -1 -1 -1 27 -1 -1 23 -1 22 -1 -1 -1 17 -1 25 -1 -1 21 0 -1 -1 -1 -1 -1 -1 -1 20 19 18 -1 16 
-1 -1 2 3 4 5 -1 -1 -1 -1 -1 -1 -1 -1 -1 -1 8 -1 1 -1 -1 -1 6 -1 -1 -1 -1 24 -1 12 -1 13 -1 -1 -1 15 -1 -1 -1 -1 -1 7 -1 10 -1 -1 -1 30 -1 -1 -1 -1 14 -1 -1 -1 -1 -1 29 0 -1 -1 27 -1 -1 23 -1 22 -1 -1 -1 17 -1 25 -1 -1 21 -1 -1 -1 -1 -1 -1 -1 -1 20 19 18 -1 16 
-1 -1 2 3 4 5 -1 -1 -1 -1 -1 -1 -1 -1 -1 -1 8 -1 1 -1 -1 -1 6 -1 -1 -1 -1 -1 24 12 -1 13 -1 -1 -1 15 -1 -1 -1 -1 -1 7 -1 10 -1 -1 -1 30 -1 -1 -1 -1 14 -1 -1 -1 -1 -1 29 0 -1 -1 27 -1 -1 23 -1 22 -1 -1 -1 17 -1 25 -1 -1 21 -1 -1 -1 -1 -1 -1 -1 -1 20 19 18 -1 16 
-1 -1 2 3 4 5 -1 -1 -1 -1 -1 -1 8 -1 -1 -1 -1 -1 1 -1 -1 -1 6 -1 -1 -1 -1 -1 24 12 -1 13 -1 -1 -1 15 -1 -1 -1 -1 -1 7 -1 10 -1 -1 -1 30 -1 -1 -1 -1 14 -1 -1 -1 -1 -1 29 0 -1 -1 27 -1 -1 23 -1 22 -1 -1 -1 17 -1 25 -1 -1 21 -1 -1 -1 -1 -1 -1 -1 -1 20 19 18 -1 16 
-1 -1 2 3 4 5 -1 -1 -1 -1 -1 -1 8 -1 -1 -1 -1 -1 1 -1 -1 -1 6 -1 -1 -1 -1 -1 24 12 -1 13 -1 -1 -1 15 -1 -1 -1 -1 -1 7 -1 10 -1 -1 -1 30 -1 -1 -1 -1 14 -1 -1 -1 -1 -1 29 0 -1 -1 27 -1 -1 23 -1 22 -1 -1 -1 -1 -1 25 -1 -1 21 -1 17 -1 -1 -1 -1 -1 -1 20 19 18 -1 16 
-1 -1 2 3 4 5 -1 -1 -1 -1 -1 -1 8 -1 -1 -1 -1 -1 1 -1 -1 -1 6 -1 -1 -1 -1 -1 24 12 -1 13 -1 -1 -1 15 -1 -1 -1 -1 -1 7 -1 10 -1 -1 -1 30 -1 -1 -1 -1 14 -1 -1 -1 -1 -1 29 -1 0 -1 27 -1 -1 23 -1 22 -1 -1 -1 -1 -1 25 -1 -1 21 -1 17 -1 -1 -1 -1 -1 -1 20 19 18 -1 16 
-1 -1 2 3 4 5 -1 -1 -1 -1 -1 -1 8 -1 -1 -1 -1 -1 1 -1 -1 -1 6 -1 -1 -1 -1 -1 24 12 -1 13 -1 -1 -1 15 -1 -1 -1 -1 -1 7 -1 10 -1 -1 -1 30 -1 -1 -1 -1 14 -1 -1 -1 -1 -1 29 -1 0 -1 27 -1 -1 23 -1 22 -1 -1 -1 16 -1 25 -1 -1 21 -1 17 -1 -1 -1 -1 -1 -1 20 19 18 -1 -1 
-1 -1 2 3 4 5 -1 -1 -1 -1 -1 -1 8 -1 -1 -1 -1 -1 1 -1 -1 -1 6 -1 -1 -1 -1 -1 24 12 -1 13 -1 -1 -1 15 -1 -1 -1 -1 -1 -1 -1 10 -1 -1 -1 30 -1 -1 -1 -1 14 -1 -1 -1 -1 -1 7 -1 0 -1 27 -1 -1 23 -1 22 -1 -1 -1 16 -1 25 -1 -1 21 -1 17 -1 -1 -1 -1 -1 -1 20 19 18 -1 -1 
-1 -1 2 3 4 5 -1 -1 -1 -1 -1 -1 8 -1 -1 -1 -1 -1 1 -1 -1 -1 6 -1 -1 -1 -1 -1 24 12 -1 13 -1 -1 -1 15 -1 -1 -1 -1 -1 -1 -1 10 -1 -1 -1 30 -1 -1 -1 -1 14 -1 -1 -1 -1 -1 23 -1 0 -1 27 -1 -1 -1 -1 22 -1 -1 -1 16 -1 25 -1 -1 21 -1 17 -1 -1 -1 -1 -1 -1 20 19 18 -1 -1 
-1 -1 2 3 4 5 -1 -1 -1 -1 -1 -1 8 -1 -1 -1 -1 -1 1 -1 -1 -1 6 -1 -1 -1 -1 -1 24 12 -1 13 -1 -1 -1 15 -1 -1 -1 -1 -1 -1 -1 10 -1 -1 -1 30 -1 -1 -1 -1 14 -1 -1 -1 -1 -1 0 -1 -1 -1 27 -1 -1 -1 -1 22 -1 -1 -1 16 -1 25 -1 -1 21 -1 17 -1 -1 -1 -1 -1 -1 20 19 18 -1 -1 
-1 -1 2 3 4 5 -1 -1 -1 -1 -1 -1 8 -1 -1 -1 -1 -1 1 -1 -1 -1 6 -1 -1 -1 -1 -1 24 12 -1 13 -1 -1 -1 15 -1 -1 -1 -1 -1 -1 -1 10 -1 -1 -1 30 -1 -1 -1 -1 14 -1 -1 -1 -1 -1 0 -1 -1 -1 27 -1 -1 -1 -1 22 16 -1 -1 -1 -1 25 -1 -1 21 -1 17 -1 -1 -1 -1 -1 -1 20 19 18 -1 -1 
-1 -1 2 3 4 5 -1 -1 -1 -1 -1 -1 -1 -1 -1 -1 -1 -1 1 -1 -1 -1 6 -1 -1 -1 -1 -1 24 12 -1 13 -1 -1 -1 15 -1 -1 -1 -1 -1 -1 -1 10 -1 -1 -1 30 -1 -1 -1 -1 14 -1 -1 -1 -1 8 0 -1 -1 -1 27 -1 -1 -1 -1 22 16 -1 -1 -1 -1 25 -1 -1 21 -1 17 -1 -1 -1 -1 -1 -1 20 19 18 -1 -1 
-1 -1 2 3 4 5 -1 -1 -1 -1 -1 -1 -1 -1 -1 -1 -1 -1 1 -1 -1 -1 6 -1 -1 -1 -1 -1 24 12 -1 13 -1 -1 -1 15 -1 -1 -1 -1 -1 16 -1 10 -1 -1 -1 30 -1 -1 -1 -1 14 -1 -1 -1 -1 8 0 -1 -1 -1 27 -1 -1 -1 -1 22 -1 -1 -1 -1 -1 25 -1 -1 21 -1 17 -1 -1 -1 -1 -1 -1 20 19 18 -1 -1 
-1 -1 2 3 4 5 -1 -1 -1 -1 -1 -1 -1 -1 -1 -1 -1 -1 1 -1 -1 -1 6 -1 -1 -1 -1 -1 24 12 -1 13 -1 -1 -1 15 -1 -1 -1 -1 -1 16 10 -1 -1 -1 -1 30 -1 -1 -1 -1 14 -1 -1 -1 -1 8 0 -1 -1 -1 27 -1 -1 -1 -1 22 -1 -1 -1 -1 -1 25 -1 -1 21 -1 17 -1 -1 -1 -1 -1 -1 20 19 18 -1 -1 
-1 -1 2 3 4 5 -1 -1 -1 -1 -1 -1 -1 -1 -1 -1 -1 -1 1 -1 -1 -1 6 -1 -1 -1 -1 -1 24 12 -1 13 -1 -1 -1 15 -1 -1 -1 -1 -1 16 10 -1 -1 31 -1 30 -1 -1 -1 -1 14 -1 -1 -1 -1 8 0 -1 -1 -1 27 -1 -1 -1 -1 22 -1 -1 -1 -1 -1 25 -1 -1 21 -1 17 -1 -1 -1 -1 -1 -1 20 19 18 -1 -1 
-1 -1 2 3 4 5 -1 -1 -1 -1 -1 -1 -1 -1 -1 -1 -1 -1 1 -1 -1 -1 6 -1 -1 -1 -1 -1 24 12 -1 13 -1 -1 -1 15 -1 -1 -1 -1 -1 16 10 -1 -1 31 -1 30 -1 -1 -1 -1 14 -1 8 -1 -1 -1 0 -1 -1 -1 27 -1 -1 -1 -1 22 -1 -1 -1 -1 -1 25 -1 -1 21 -1 17 -1 -1 -1 -1 -1 -1 20 19 18 -1 -1 
-1 -1 2 3 4 5 -1 -1 -1 -1 -1 -1 -1 -1 -1 -1 -1 -1 1 -1 -1 -1 6 -1 -1 -1 -1 -1 -1 12 -1 13 -1 -1 -1 15 -1 -1 -1 -1 -1 16 10 -1 -1 31 24 30 -1 -1 -1 -1 14 -1 8 -1 -1 -1 0 -1 -1 -1 27 -1 -1 -1 -1 22 -1 -1 -1 -1 -1 25 -1 -1 21 -1 17 -1 -1 -1 -1 -1 -1 20 19 18 -1 -1 
-1 -1 2 3 4 5 -1 -1 -1 -1 -1 -1 -1 -1 -1 -1 -1 -1 1 -1 -1 -1 6 -1 -1 -1 -1 -1 -1 12 -1 13 -1 -1 -1 15 -1 -1 -1 -1 -1 16 10 -1 -1 31 24 30 -1 -1 -1 -1 -1 -1 8 -1 -1 -1 0 -1 -1 14 27 -1 -1 -1 -1 22 -1 -1 -1 -1 -1 25 -1 -1 21 -1 17 -1 -1 -1 -1 -1 -1 20 19 18 -1 -1 
-1 -1 2 3 4 5 -1 -1 -1 -1 -1 -1 -1 -1 -1 -1 -1 -1 1 -1 -1 -1 6 -1 -1 -1 -1 -1 -1 12 -1 13 -1 -1 -1 15 -1 -1 -1 -1 -1 16 10 -1 -1 31 24 30 -1 -1 -1 -1 -1 27 8 -1 -1 -1 0 -1 -1 14 -1 -1 -1 -1 -1 22 -1 -1 -1 -1 -1 25 -1 -1 21 -1 17 -1 -1 -1 -1 -1 -1 20 19 18 -1 -1 
-1 -1 2 3 4 5 -1 -1 -1 -1 -1 -1 -1 -1 -1 -1 -1 -1 1 -1 -1 -1 6 -1 -1 -1 -1 -1 -1 12 -1 13 -1 -1 -1 15 -1 -1 -1 -1 -1 16 10 -1 -1 31 24 30 -1 -1 -1 -1 -1 27 8 -1 -1 -1 0 -1 -1 -1 -1 -1 -1 -1 -1 22 -1 -1 14 -1 -1 25 -1 -1 21 -1 17 -1 -1 -1 -1 -1 -1 20 19 18 -1 -1 
-1 -1 2 3 4 5 -1 -1 -1 -1 -1 -1 -1 -1 -1 -1 -1 -1 1 -1 -1 -1 6 -1 -1 -1 -1 -1 -1 12 -1 13 -1 -1 -1 15 31 -1 -1 -1 -1 16 10 -1 -1 -1 24 30 -1 -1 -1 -1 -1 27 8 -1 -1 -1 0 -1 -1 -1 -1 -1 -1 -1 -1 22 -1 -1 14 -1 -1 25 -1 -1 21 -1 17 -1 -1 -1 -1 -1 -1 20 19 18 -1 -1 
-1 -1 2 3 4 5 -1 -1 -1 -1 -1 -1 -1 -1 -1 -1 -1 -1 1 -1 -1 -1 6 -1 -1 -1 -1 -1 -1 12 -1 13 -1 -1 -1 15 10 -1 -1 -1 -1 16 -1 -1 -1 -1 24 30 -1 -1 -1 -1 -1 27 8 -1 -1 -1 0 -1 -1 -1 -1 -1 -1 -1 -1 22 -1 -1 14 -1 -1 25 -1 -1 21 -1 17 -1 -1 -1 -1 -1 -1 20 19 18 -1 -1 
-1 -1 2 3 4 5 -1 -1 -1 -1 -1 -1 -1 -1 -1 -1 -1 -1 1 -1 -1 -1 6 -1 -1 -1 -1 -1 -1 12 -1 13 -1 -1 -1 15 10 -1 -1 -1 -1 -1 -1 16 -1 -1 24 30 -1 -1 -1 -1 -1 27 8 -1 -1 -1 0 -1 -1 -1 -1 -1 -1 -1 -1 22 -1 -1 14 -1 -1 25 -1 -1 21 -1 17 -1 -1 -1 -1 -1 -1 20 19 18 -1 -1 
-1 -1 2 3 4 5 -1 -1 -1 -1 -1 -1 -1 -1 -1 -1 -1 -1 1 -1 -1 -1 6 -1 -1 -1 -1 -1 -1 12 -1 13 -1 -1 -1 15 10 -1 -1 -1 -1 -1 -1 16 -1 -1 24 30 -1 -1 -1 -1 -1 27 8 -1 -1 -1 0 -1 -1 -1 -1 -1 -1 -1 -1 22 -1 14 -1 -1 -1 25 -1 -1 21 -1 17 -1 -1 -1 -1 -1 -1 20 19 18 -1 -1 
-1 -1 2 3 4 5 -1 -1 -1 -1 -1 -1 -1 -1 -1 -1 -1 -1 1 -1 -1 -1 6 -1 -1 -1 -1 -1 -1 12 -1 13 -1 -1 -1 15 10 -1 -1 -1 -1 -1 -1 16 -1 -1 24 30 -1 -1 -1 -1 -1 27 8 -1 -1 -1 0 -1 -1 -1 -1 -1 -1 -1 -1 22 -1 14 -1 17 -1 25 -1 -1 21 -1 -1 -1 -1 -1 -1 -1 -1 20 19 18 -1 -1 
-1 -1 2 3 4 5 -1 -1 -1 -1 -1 -1 -1 -1 -1 -1 -1 -1 1 -1 -1 -1 6 -1 -1 -1 -1 -1 -1 12 -1 13 -1 -1 -1 15 10 -1 -1 -1 -1 -1 -1 16 -1 -1 24 30 -1 -1 -1 -1 -1 27 8 -1 -1 -1 -1 -1 -1 -1 0 -1 -1 -1 -1 22 -1 14 -1 17 -1 25 -1 -1 21 -1 -1 -1 -1 -1 -1 -1 -1 20 19 18 -1 -1 
-1 -1 2 3 4 5 -1 -1 -1 -1 -1 -1 -1 -1 -1 -1 -1 -1 1 -1 -1 -1 6 -1 -1 -1 -1 -1 -1 12 -1 13 -1 -1 -1 15 10 -1 -1 -1 -1 -1 -1 16 -1 -1 24 30 -1 -1 -1 -1 -1 27 8 -1 -1 -1 -1 -1 -1 -1 0 -1 -1 -1 -1 22 -1 14 -1 17 -1 -1 -1 -1 21 -1 -1 -1 -1 -1 25 -1 -1 20 19 18 -1 -1 
-1 -1 2 3 4 5 -1 -1 -1 -1 -1 -1 -1 -1 -1 -1 -1 -1 1 -1 -1 -1 6 -1 -1 -1 -1 -1 -1 12 -1 13 -1 -1 -1 15 10 -1 -1 -1 -1 -1 -1 16 -1 -1 24 30 -1 -1 -1 -1 -1 27 8 -1 -1 -1 -1 -1 -1 -1 0 -1 -1 -1 -1 22 -1 9 -1 17 -1 -1 -1 -1 21 -1 -1 -1 -1 -1 25 -1 -1 20 19 18 -1 -1 
-1 -1 2 3 4 5 -1 -1 -1 -1 -1 -1 -1 -1 -1 -1 -1 -1 1 -1 -1 -1 6 -1 -1 -1 -1 -1 -1 12 -1 13 -1 -1 -1 15 10 -1 -1 -1 -1 -1 -1 16 -1 -1 -1 30 -1 -1 -1 -1 -1 27 8 -1 -1 -1 -1 -1 -1 -1 0 -1 24 -1 -1 22 -1 9 -1 17 -1 -1 -1 -1 21 -1 -1 -1 -1 -1 25 -1 -1 20 19 18 -1 -1 
-1 -1 2 3 4 5 -1 -1 -1 -1 -1 -1 -1 -1 -1 -1 -1 -1 1 -1 -1 -1 6 -1 -1 -1 -1 -1 -1 12 -1 13 -1 -1 -1 15 10 -1 -1 -1 -1 -1 -1 16 -1 -1 -1 30 -1 -1 -1 -1 -1 27 -1 -1 -1 -1 -1 -1 -1 8 0 -1 24 -1 -1 22 -1 9 -1 17 -1 -1 -1 -1 21 -1 -1 -1 -1 -1 25 -1 -1 20 19 18 -1 -1 
-1 -1 2 3 4 5 -1 -1 -1 -1 -1 -1 -1 -1 -1 -1 -1 -1 1 -1 -1 -1 6 -1 -1 -1 -1 -1 -1 12 -1 13 -1 -1 -1 15 10 -1 -1 -1 -1 -1 -1 -1 -1 -1 -1 30 -1 -1 -1 -1 -1 27 -1 -1 -1 -1 -1 -1 -1 16 0 -1 24 -1 -1 22 -1 9 -1 17 -1 -1 -1 -1 21 -1 -1 -1 -1 -1 25 -1 -1 20 19 18 -1 -1 
-1 -1 2 3 4 5 -1 -1 -1 -1 -1 -1 -1 -1 -1 -1 -1 -1 1 -1 -1 -1 6 -1 -1 -1 -1 -1 -1 12 -1 13 -1 -1 -1 15 10 -1 -1 -1 -1 -1 -1 -1 -1 -1 -1 30 -1 -1 -1 -1 -1 27 -1 -1 -1 -1 -1 -1 -1 0 -1 -1 24 -1 -1 22 -1 9 -1 17 -1 -1 -1 -1 21 -1 -1 -1 -1 -1 25 -1 -1 20 19 18 -1 -1 
-1 -1 2 3 4 5 -1 -1 -1 -1 -1 -1 -1 -1 -1 -1 -1 -1 1 -1 -1 -1 6 -1 -1 -1 -1 -1 -1 12 -1 13 -1 -1 -1 15 10 -1 30 -1 -1 -1 -1 -1 -1 -1 -1 -1 -1 -1 -1 -1 -1 27 -1 -1 -1 -1 -1 -1 -1 0 -1 -1 24 -1 -1 22 -1 9 -1 17 -1 -1 -1 -1 21 -1 -1 -1 -1 -1 25 -1 -1 20 19 18 -1 -1 
-1 -1 2 3 4 5 -1 -1 -1 -1 -1 -1 -1 -1 -1 -1 -1 -1 1 -1 -1 -1 6 -1 -1 -1 -1 -1 -1 12 -1 13 -1 -1 -1 15 10 -1 30 -1 -1 -1 -1 -1 -1 -1 -1 -1 -1 -1 -1 -1 -1 27 -1 -1 -1 -1 -1 -1 -1 0 -1 -1 24 -1 -1 22 -1 -1 14 17 -1 -1 -1 -1 21 -1 -1 -1 -1 -1 25 -1 -1 20 19 18 -1 -1 
