0 1 2 3 4 5 6 7 8 -1 -1 -1 -1 -1 -1 -1 -1 -1 -1 9 -1 -1 -1 -1 -1 10 -1 11 -1 12 -1 13 -1 14 -1 15 -1 -1 -1 -1 -1 -1 -1 -1 -1 -1 -1 -1 -1 -1 -1 -1 -1 -1 -1 -1 30 -1 29 -1 28 -1 27 -1 26 -1 -1 18 -1 -1 25 -1 -1 -1 -1 -1 -1 -1 -1 -1 -1 24 23 22 21 20 19 -1 17 16 
0 1 2 3 4 5 6 7 8 -1 -1 -1 -1 -1 -1 -1 -1 -1 -1 9 -1 -1 -1 -1 -1 10 -1 11 -1 12 -1 13 -1 -1 -1 15 -1 -1 -1 -1 -1 -1 14 -1 -1 -1 -1 -1 -1 -1 -1 -1 -1 -1 -1 -1 30 -1 29 -1 28 -1 27 -1 26 -1 -1 18 -1 -1 25 -1 -1 -1 -1 -1 -1 -1 -1 -1 -1 24 23 22 21 20 19 -1 17 16 
0 1 2 3 4 5 6 7 8 -1 -1 -1 -1 -1 -1 -1 -1 -1 -1 9 -1 -1 -1 -1 -1 10 -1 11 -1 12 -1 13 -1 -1 -1 15 -1 -1 -1 -1 -1 -1 14 -1 -1 -1 -1 30 -1 -1 -1 -1 -1 -1 -1 -1 -1 -1 29 -1 28 -1 27 -1 26 -1 -1 18 -1 -1 25 -1 -1 -1 -1 -1 -1 -1 -1 -1 -1 24 23 22 21 20 19 -1 17 16 
0 1 2 3 4 5 6 -1 8 -1 -1 -1 -1 -1 -1 -1 -1 -1 -1 9 -1 -1 -1 -1 7 10 -1 11 -1 12 -1 13 -1 -1 -1 15 -1 -1 -1 -1 -1 -1 14 -1 -1 -1 -1 30 -1 -1 -1 -1 -1 -1 -1 -1 -1 -1 29 -1 28 -1 27 -1 26 -1 -1 18 -1 -1 25 -1 -1 -1 -1 -1 -1 -1 -1 -1 -1 24 23 22 21 20 19 -1 17 16 
0 1 2 3 4 5 6 -1 8 -1 -1 -1 -1 -1 -1 -1 -1 -1 -1 9 -1 -1 -1 -1 7 10 -1 11 -1 12 -1 13 -1 -1 -1 15 -1 -1 -1 -1 -1 -1 14 -1 -1 -1 -1 30 -1 -1 -1 -1 -1 -1 -1 -1 -1 -1 29 -1 28 -1 27 -1 26 23 -1 18 -1 -1 25 -1 -1 -1 -1 -1 -1 -1 -1 -1 -1 24 -1 22 21 20 19 -1 17 16 
0 1 2 3 4 5 6 -1 -1 -1 -1 -1 -1 -1 -1 -1 -1 8 -1 9 -1 -1 -1 -1 7 10 -1 11 -1 12 -1 13 -1 -1 -1 15 -1 -1 -1 -1 -1 -1 14 -1 -1 -1 -1 30 -1 -1 -1 -1 -1 -1 -1 -1 -1 -1 29 -1 28 -1 27 -1 26 23 -1 18 -1 -1 25 -1 -1 -1 -1 -1 -1 -1 -1 -1 -1 24 -1 22 21 20 19 -1 17 16 
0 1 2 3 4 5 6 -1 -1 -1 -1 -1 -1 -1 -1 -1 -1 8 -1 9 -1 -1 -1 -1 7 10 -1 11 -1 12 -1 13 -1 -1 -1 15 -1 -1 -1 -1 -1 -1 14 -1 -1 -1 -1 30 -1 -1 -1 -1 -1 -1 -1 -1 -1 -1 29 -1 28 -1 27 -1 26 23 -1 18 -1 -1 25 -1 24 -1 -1 -1 -1 -1 -1 -1 -1 -1 -1 22 21 20 19 -1 17 16 
0 1 -1 3 4 5 6 -1 -1 -1 -1 -1 -1 -1 -1 -1 -1 8 -1 9 -1 -1 2 -1 7 10 -1 11 -1 12 -1 13 -1 -1 -1 15 -1 -1 -1 -1 -1 -1 14 -1 -1 -1 -1 30 -1 -1 -1 -1 -1 -1 -1 -1 -1 -1 29 -1 28 -1 27 -1 26 23 -1 18 -1 -1 25 -1 24 -1 -1 -1 -1 -1 -1 -1 -1 -1 -1 22 21 20 19 -1 17 16 
0 1 -1 3 4 5 6 -1 -1 -1 -1 -1 -1 -1 -1 -1 -1 8 -1 9 -1 -1 2 -1 7 10 -1 11 -1 12 -1 13 -1 -1 -1 15 -1 -1 -1 -1 -1 -1 14 -1 -1 -1 -1 30 -1 -1 -1 -1 -1 -1 -1 -1 -1 -1 29 -1 28 -1 27 -1 26 23 -1 18 -1 -1 25 -1 24 -1 -1 -1 -1 17 -1 -1 -1 -1 -1 22 21 20 19 -1 -1 16 
0 -1 -1 3 4 5 6 -1 -1 -1 -1 -1 1 -1 -1 -1 -1 8 -1 9 -1 -1 2 -1 7 10 -1 11 -1 12 -1 13 -1 -1 -1 15 -1 -1 -1 -1 -1 -1 14 -1 -1 -1 -1 30 -1 -1 -1 -1 -1 -1 -1 -1 -1 -1 29 -1 28 -1 27 -1 26 23 -1 18 -1 -1 25 -1 24 -1 -1 -1 -1 17 -1 -1 -1 -1 -1 22 21 20 19 -1 -1 16 
0 -1 -1 3 4 5 6 -1 -1 -1 -1 -1 1 -1 -1 -1 -1 8 -1 9 -1 -1 2 -1 7 10 -1 11 -1 12 -1 13 -1 -1 -1 15 -1 -1 -1 -1 -1 -1 14 -1 -1 -1 -1 30 -1 -1 -1 -1 -1 -1 -1 -1 -1 -1 29 -1 28 -1 27 -1 26 23 -1 18 -1 -1 25 -1 -1 -1 -1 24 -1 17 -1 -1 -1 -1 -1 22 21 20 19 -1 -1 16 
-1 -1 0 3 4 5 6 -1 -1 -1 -1 -1 1 -1 -1 -1 -1 8 -1 9 -1 -1 2 -1 7 10 -1 11 -1 12 -1 13 -1 -1 -1 15 -1 -1 -1 -1 -1 -1 14 -1 -1 -1 -1 30 -1 -1 -1 -1 -1 -1 -1 -1 -1 -1 29 -1 28 -1 27 -1 26 23 -1 18 -1 -1 25 -1 -1 -1 -1 24 -1 17 -1 -1 -1 -1 -1 22 21 20 19 -1 -1 16 
-1 -1 0 3 4 5 6 -1 -1 -1 -1 -1 1 -1 -1 -1 -1 8 -1 9 -1 -1 2 -1 7 10 -1 11 -1 12 -1 13 -1 -1 -1 15 -1 -1 -1 -1 -1 -1 14 -1 -1 -1 23 30 -1 -1 -1 -1 -1 -1 -1 -1 -1 -1 29 -1 28 -1 27 -1 26 -1 -1 18 -1 -1 25 -1 -1 -1 -1 24 -1 17 -1 -1 -1 -1 -1 22 21 20 19 -1 -1 16 
-1 0 -1 3 4 5 6 -1 -1 -1 -1 -1 1 -1 -1 -1 -1 8 -1 9 -1 -1 2 -1 7 10 -1 11 -1 12 -1 13 -1 -1 -1 15 -1 -1 -1 -1 -1 -1 14 -1 -1 -1 23 30 -1 -1 -1 -1 -1 -1 -1 -1 -1 -1 29 -1 28 -1 27 -1 26 -1 -1 18 -1 -1 25 -1 -1 -1 -1 24 -1 17 -1 -1 -1 -1 -1 22 21 20 19 -1 -1 16 
-1 0 -1 3 4 5 6 -1 -1 -1 -1 -1 1 -1 -1 -1 -1 8 -1 9 -1 -1 2 -1 7 10 -1 11 -1 23 -1 13 -1 -1 -1 15 -1 -1 -1 -1 -1 -1 14 -1 -1 -1 -1 30 -1 -1 -1 -1 -1 -1 -1 -1 -1 -1 29 -1 28 -1 27 -1 26 -1 -1 18 -1 -1 25 -1 -1 -1 -1 24 -1 17 -1 -1 -1 -1 -1 22 21 20 19 -1 -1 16 
-1 0 -1 3 4 5 6 -1 -1 -1 -1 -1 1 -1 -1 -1 -1 8 -1 -1 9 -1 2 -1 7 10 -1 11 -1 23 -1 13 -1 -1 -1 15 -1 -1 -1 -1 -1 -1 14 -1 -1 -1 -1 30 -1 -1 -1 -1 -1 -1 -1 -1 -1 -1 29 -1 28 -1 27 -1 26 -1 -1 18 -1 -1 25 -1 -1 -1 -1 24 -1 17 -1 -1 -1 -1 -1 22 21 20 19 -1 -1 16 
-1 0 -1 3 4 5 6 -1 -1 -1 -1 -1 1 -1 -1 -1 -1 8 -1 -1 9 -1 2 -1 7 10 -1 11 -1 23 -1 13 -1 -1 -1 15 -1 -1 -1 -1 -1 -1 14 -1 -1 -1 -1 30 -1 -1 -1 -1 -1 -1 -1 -1 -1 -1 29 -1 28 -1 27 -1 -1 26 -1 18 -1 -1 25 -1 -1 -1 -1 24 -1 17 -1 -1 -1 -1 -1 22 21 20 19 -1 -1 16 
-1 0 -1 3 4 5 6 -1 -1 -1 -1 -1 -1 -1 -1 -1 -1 8 -1 -1 9 -1 2 -1 7 10 -1 11 -1 1 -1 13 -1 -1 -1 15 -1 -1 -1 -1 -1 -1 14 -1 -1 -1 -1 30 -1 -1 -1 -1 -1 -1 -1 -1 -1 -1 29 -1 28 -1 27 -1 -1 26 -1 18 -1 -1 25 -1 -1 -1 -1 24 -1 17 -1 -1 -1 -1 -1 22 21 20 19 -1 -1 16 
-1 0 -1 3 4 5 6 -1 -1 -1 -1 -1 -1 -1 -1 -1 -1 8 -1 -1 9 -1 2 -1 7 10 -1 11 -1 26 -1 13 -1 -1 -1 15 -1 -1 -1 -1 -1 -1 14 -1 -1 -1 -1 30 -1 -1 -1 -1 -1 -1 -1 -1 -1 -1 29 -1 28 -1 27 -1 -1 -1 -1 18 -1 -1 25 -1 -1 -1 -1 24 -1 17 -1 -1 -1 -1 -1 22 21 20 19 -1 -1 16 
-1 0 -1 3 4 5 6 -1 -1 -1 -1 -1 -1 -1 8 -1 -1 -1 -1 -1 9 -1 2 -1 7 10 -1 11 -1 26 -1 13 -1 -1 -1 15 -1 -1 -1 -1 -1 -1 14 -1 -1 -1 -1 30 -1 -1 -1 -1 -1 -1 -1 -1 -1 -1 29 -1 28 -1 27 -1 -1 -1 -1 18 -1 -1 25 -1 -1 -1 -1 24 -1 17 -1 -1 -1 -1 -1 22 21 20 19 -1 -1 16 
-1 0 -1 3 4 5 6 -1 -1 -1 -1 -1 -1 -1 8 -1 -1 -1 -1 -1 9 -1 2 -1 7 10 -1 11 -1 26 -1 13 -1 -1 -1 15 -1 -1 -1 -1 -1 -1 14 -1 -1 -1 -1 30 -1 -1 -1 -1 -1 -1 -1 -1 -1 -1 29 -1 28 -1 27 -1 -1 -1 -1 18 -1 -1 25 -1 -1 -1 -1 24 -1 17 -1 -1 16 -1 -1 22 21 20 19 -1 -1 -1 
-1 0 -1 -1 4 5 6 -1 -1 -1 -1 -1 -1 3 8 -1 -1 -1 -1 -1 9 -1 2 -1 7 10 -1 11 -1 26 -1 13 -1 -1 -1 15 -1 -1 -1 -1 -1 -1 14 -1 -1 -1 -1 30 -1 -1 -1 -1 -1 -1 -1 -1 -1 -1 29 -1 28 -1 27 -1 -1 -1 -1 18 -1 -1 25 -1 -1 -1 -1 24 -1 17 -1 -1 16 -1 -1 22 21 20 19 -1 -1 -1 
-1 0 -1 -1 4 5 6 -1 -1 -1 -1 -1 -1 3 8 -1 -1 -1 -1 -1 9 -1 2 -1 7 10 -1 11 -1 26 -1 13 -1 -1 25 15 -1 -1 -1 -1 -1 -1 14 -1 -1 -1 -1 30 -1 -1 -1 -1 -1 -1 -1 -1 -1 -1 29 -1 28 -1 27 -1 -1 -1 -1 18 -1 -1 -1 -1 -1 -1 -1 24 -1 17 -1 -1 16 -1 -1 22 21 20 19 -1 -1 -1 
-1 0 -1 -1 4 5 6 -1 -1 -1 -1 -1 -1 3 8 -1 -1 -1 -1 -1 9 -1 2 -1 -1 10 -1 11 -1 26 -1 13 -1 -1 25 15 -1 -1 -1 -1 -1 7 14 -1 -1 -1 -1 30 -1 -1 -1 -1 -1 -1 -1 -1 -1 -1 29 -1 28 -1 27 -1 -1 -1 -1 18 -1 -1 -1 -1 -1 -1 -1 24 -1 17 -1 -1 16 -1 -1 22 21 20 19 -1 -1 -1 
-1 0 -1 -1 4 5 6 -1 -1 -1 -1 -1 -1 3 8 -1 -1 -1 -1 -1 9 -1 2 -1 -1 10 -1 11 -1 26 -1 13 -1 -1 25 15 -1 -1 -1 24 -1 7 14 -1 -1 -1 -1 30 -1 -1 -1 -1 -1 -1 -1 -1 -1 -1 29 -1 28 -1 27 -1 -1 -1 -1 18 -1 -1 -1 -1 -1 -1 -1 -1 -1 17 -1 -1 16 -1 -1 22 21 20 19 -1 -1 -1 
-1 -1 -1 -1 4 5 6 -1 -1 -1 -1 -1 -1 3 8 -1 -1 -1 -1 -1 9 -1 2 -1 -1 10 -1 11 -1 26 -1 13 -1 -1 25 15 -1 -1 -1 24 -1 7 14 -1 -1 -1 -1 30 -1 -1 -1 -1 -1 -1 -1 -1 -1 -1 29 -1 28 -1 27 -1 -1 -1 -1 18 -1 -1 -1 -1 -1 0 -1 -1 -1 17 -1 -1 16 -1 -1 22 21 20 19 -1 -1 -1 
-1 -1 -1 -1 4 5 6 -1 -1 -1 -1 -1 -1 3 8 -1 -1 -1 -1 -1 9 -1 2 -1 -1 10 -1 11 -1 26 -1 13 -1 -1 25 15 -1 -1 -1 24 -1 7 14 -1 -1 -1 -1 30 -1 -1 -1 -1 -1 -1 -1 -1 -1 -1 29 -1 28 -1 27 -1 -1 -1 -1 18 -1 -1 -1 -1 -1 0 -1 -1 21 17 -1 -1 16 -1 -1 22 -1 20 19 -1 -1 -1 
-1 -1 -1 -1 4 5 6 -1 -1 -1 -1 -1 -1 3 8 -1 -1 -1 9 -1 -1 -1 2 -1 -1 10 -1 11 -1 26 -1 13 -1 -1 25 15 -1 -1 -1 24 -1 7 14 -1 -1 -1 -1 30 -1 -1 -1 -1 -1 -1 -1 -1 -1 -1 29 -1 28 -1 27 -1 -1 -1 -1 18 -1 -1 -1 -1 -1 0 -1 -1 21 17 -1 -1 16 -1 -1 22 -1 20 19 -1 -1 -1 
-1 -1 -1 -1 4 5 6 -1 -1 -1 -1 -1 -1 3 8 -1 -1 -1 9 -1 -1 -1 2 -1 -1 10 -1 11 -1 26 -1 13 -1 -1 25 15 -1 -1 -1 -1 -1 7 14 -1 -1 -1 -1 30 -1 -1 -1 -1 -1 -1 -1 -1 -1 24 29 -1 28 -1 27 -1 -1 -1 -1 18 -1 -1 -1 -1 -1 0 -1 -1 21 17 -1 -1 16 -1 -1 22 -1 20 19 -1 -1 -1 
-1 -1 -1 -1 4 5 6 -1 -1 -1 -1 -1 -1 3 8 -1 -1 -1 9 -1 -1 -1 2 -1 -1 10 -1 11 -1 26 -1 -1 -1 -1 25 15 -1 -1 -1 -1 13 7 14 -1 -1 -1 -1 30 -1 -1 -1 -1 -1 -1 -1 -1 -1 24 29 -1 28 -1 27 -1 -1 -1 -1 18 -1 -1 -1 -1 -1 0 -1 -1 21 17 -1 -1 16 -1 -1 22 -1 20 19 -1 -1 -1 
-1 -1 -1 -1 4 5 6 -1 -1 -1 -1 -1 -1 3 8 -1 -1 -1 9 -1 -1 -1 2 -1 -1 10 -1 11 -1 26 -1 -1 -1 -1 -1 15 -1 -1 -1 -1 13 7 14 25 -1 -1 -1 30 -1 -1 -1 -1 -1 -1 -1 -1 -1 24 29 -1 28 -1 27 -1 -1 -1 -1 18 -1 -1 -1 -1 -1 0 -1 -1 21 17 -1 -1 16 -1 -1 22 -1 20 19 -1 -1 -1 
-1 -1 -1 -1 4 5 6 -1 -1 -1 -1 -1 -1 3 8 -1 -1 -1 9 -1 -1 -1 2 -1 -1 10 -1 11 0 26 -1 -1 -1 -1 -1 15 -1 -1 -1 -1 13 7 14 25 -1 -1 -1 30 -1 -1 -1 -1 -1 -1 -1 -1 -1 24 29 -1 28 -1 27 -1 -1 -1 -1 18 -1 -1 -1 -1 -1 -1 -1 -1 21 17 -1 -1 16 -1 -1 22 -1 20 19 -1 -1 -1 
-1 -1 -1 -1 4 5 6 -1 -1 -1 -1 26 -1 3 8 -1 -1 -1 9 -1 -1 -1 2 -1 -1 10 -1 11 0 -1 -1 -1 -1 -1 -1 15 -1 -1 -1 -1 13 7 14 25 -1 -1 -1 30 -1 -1 -1 -1 -1 -1 -1 -1 -1 24 29 -1 28 -1 27 -1 -1 -1 -1 18 -1 -1 -1 -1 -1 -1 -1 -1 21 17 -1 -1 16 -1 -1 22 -1 20 19 -1 -1 -1 
-1 -1 -1 3 4 5 6 -1 -1 -1 -1 26 -1 -1 8 -1 -1 -1 9 -1 -1 -1 2 -1 -1 10 -1 11 0 -1 -1 -1 -1 -1 -1 15 -1 -1 -1 -1 13 7 14 25 -1 -1 -1 30 -1 -1 -1 -1 -1 -1 -1 -1 -1 24 29 -1 28 -1 27 -1 -1 -1 -1 18 -1 -1 -1 -1 -1 -1 -1 -1 21 17 -1 -1 16 -1 -1 22 -1 20 19 -1 -1 -1 
-1 -1 -1 3 4 5 6 -1 -1 -1 -1 26 -1 -1 8 -1 -1 -1 9 -1 -1 -1 2 -1 -1 10 -1 11 0 -1 -1 -1 -1 -1 -1 15 -1 -1 -1 -1 13 25 14 -1 -1 -1 -1 30 -1 -1 -1 -1 -1 -1 -1 -1 -1 24 29 -1 28 -1 27 -1 -1 -1 -1 18 -1 -1 -1 -1 -1 -1 -1 -1 21 17 -1 -1 16 -1 -1 22 -1 20 19 -1 -1 -1 
-1 -1 -1 3 4 5 6 -1 -1 -1 -1 26 -1 -1 -1 -1 -1 -1 9 -1 -1 -1 2 -1 -1 10 -1 11 0 -1 -1 -1 -1 -1 -1 15 -1 -1 -1 -1 13 8 14 -1 -1 -1 -1 30 -1 -1 -1 -1 -1 -1 -1 -1 -1 24 29 -1 28 -1 27 -1 -1 -1 -1 18 -1 -1 -1 -1 -1 -1 -1 -1 21 17 -1 -1 16 -1 -1 22 -1 20 19 -1 -1 -1 
-1 -1 -1 3 4 5 6 -1 -1 -1 -1 26 -1 -1 -1 -1 -1 -1 9 -1 -1 -1 2 -1 -1 10 -1 11 0 -1 -1 -1 -1 -1 -1 15 -1 -1 -1 -1 13 8 14 -1 -1 -1 -1 30 -1 -1 -1 -1 -1 -1 -1 -1 -1 24 29 -1 28 -1 27 -1 -1 -1 -1 18 -1 -1 -1 -1 -1 -1 -1 -1 21 17 -1 16 -1 -1 -1 22 -1 20 19 -1 -1 -1 
-1 -1 -1 3 4 5 6 -1 -1 -1 -1 26 -1 -1 -1 -1 -1 -1 9 -1 -1 -1 2 -1 -1 10 -1 11 0 -1 -1 -1 -1 -1 -1 15 -1 -1 -1 -1 13 -1 14 -1 -1 -1 -1 30 -1 -1 -1 -1 -1 -1 -1 -1 -1 24 29 -1 28 -1 27 -1 -1 -1 -1 18 -1 -1 -1 -1 -1 -1 -1 -1 21 8 -1 16 -1 -1 -1 22 -1 20 19 -1 -1 -1 
-1 -1 -1 3 4 5 6 -1 -1 -1 -1 26 -1 -1 -1 -1 -1 -1 9 -1 -1 -1 2 -1 -1 10 -1 11 0 -1 -1 -1 -1 -1 -1 15 -1 -1 -1 -1 13 -1 14 -1 -1 -1 -1 30 -1 -1 -1 -1 16 -1 -1 -1 -1 24 29 -1 28 -1 27 -1 -1 -1 -1 18 -1 -1 -1 -1 -1 -1 -1 -1 21 8 -1 -1 -1 -1 -1 22 -1 20 19 -1 -1 -1 
-1 -1 -1 3 4 5 6 -1 -1 -1 -1 26 -1 -1 8 -1 -1 -1 9 -1 -1 -1 2 -1 -1 10 -1 11 0 -1 -1 -1 -1 -1 -1 15 -1 -1 -1 -1 13 -1 14 -1 -1 -1 -1 30 -1 -1 -1 -1 16 -1 -1 -1 -1 24 29 -1 28 -1 27 -1 -1 -1 -1 18 -1 -1 -1 -1 -1 -1 -1 -1 21 -1 -1 -1 -1 -1 -1 22 -1 20 19 -1 -1 -1 
-1 -1 -1 3 4 5 6 -1 -1 -1 -1 26 -1 -1 8 -1 -1 -1 9 -1 -1 -1 2 -1 -1 10 -1 11 0 -1 -1 -1 -1 -1 -1 15 -1 -1 -1 -1 13 -1 14 -1 -1 -1 -1 30 16 -1 -1 -1 -1 -1 -1 -1 -1 24 29 -1 28 -1 27 -1 -1 -1 -1 18 -1 -1 -1 -1 -1 -1 -1 -1 21 -1 -1 -1 -1 -1 -1 22 -1 20 19 -1 -1 -1 
-1 -1 -1 3 4 5 6 -1 -1 -1 -1 26 -1 -1 8 -1 -1 -1 -1 -1 -1 9 2 -1 -1 10 -1 11 0 -1 -1 -1 -1 -1 -1 15 -1 -1 -1 -1 13 -1 14 -1 -1 -1 -1 30 16 -1 -1 -1 -1 -1 -1 -1 -1 24 29 -1 28 -1 27 -1 -1 -1 -1 18 -1 -1 -1 -1 -1 -1 -1 -1 21 -1 -1 -1 -1 -1 -1 22 -1 20 19 -1 -1 -1 
-1 -1 26 3 4 5 6 -1 -1 -1 -1 -1 -1 -1 8 -1 -1 -1 -1 -1 -1 9 2 -1 -1 10 -1 11 0 -1 -1 -1 -1 -1 -1 15 -1 -1 -1 -1 13 -1 14 -1 -1 -1 -1 30 16 -1 -1 -1 -1 -1 -1 -1 -1 24 29 -1 28 -1 27 -1 -1 -1 -1 18 -1 -1 -1 -1 -1 -1 -1 -1 21 -1 -1 -1 -1 -1 -1 22 -1 20 19 -1 -1 -1 
-1 -1 26 -1 4 5 6 -1 -1 -1 -1 -1 -1 3 8 -1 -1 -1 -1 -1 -1 9 2 -1 -1 10 -1 11 0 -1 -1 -1 -1 -1 -1 15 -1 -1 -1 -1 13 -1 14 -1 -1 -1 -1 30 16 -1 -1 -1 -1 -1 -1 -1 -1 24 29 -1 28 -1 27 -1 -1 -1 -1 18 -1 -1 -1 -1 -1 -1 -1 -1 21 -1 -1 -1 -1 -1 -1 22 -1 20 19 -1 -1 -1 
-1 -1 -1 -1 4 5 6 -1 -1 -1 -1 26 -1 3 8 -1 -1 -1 -1 -1 -1 9 2 -1 -1 10 -1 11 0 -1 -1 -1 -1 -1 -1 15 -1 -1 -1 -1 13 -1 14 -1 -1 -1 -1 30 16 -1 -1 -1 -1 -1 -1 -1 -1 24 29 -1 28 -1 27 -1 -1 -1 -1 18 -1 -1 -1 -1 -1 -1 -1 -1 21 -1 -1 -1 -1 -1 -1 22 -1 20 19 -1 -1 -1 
-1 -1 -1 -1 4 5 6 -1 -1 -1 -1 26 -1 3 8 -1 -1 -1 -1 -1 -1 9 2 -1 -1 -1 -1 11 0 -1 -1 -1 -1 -1 -1 15 -1 -1 -1 -1 13 -1 14 -1 -1 -1 -1 30 16 -1 -1 -1 -1 -1 -1 -1 -1 24 29 -1 28 -1 27 -1 -1 -1 -1 18 -1 -1 -1 -1 -1 -1 -1 -1 21 -1 -1 -1 -1 -1 -1 22 -1 20 19 -1 10 -1 
-1 -1 -1 -1 4 5 6 -1 -1 -1 -1 26 -1 3 8 -1 -1 -1 -1 -1 -1 9 2 -1 -1 -1 -1 11 0 -1 -1 -1 -1 -1 -1 15 -1 -1 -1 -1 13 -1 14 -1 -1 -1 -1 30 16 -1 -1 -1 -1 -1 -1 -1 -1 24 29 -1 28 -1 27 -1 -1 -1 -1 -1 -1 -1 -1 -1 -1 -1 -1 -1 21 -1 -1 -1 -1 -1 -1 22 -1 20 19 18 10 -1 
-1 -1 -1 -1 4 5 6 -1 -1 -1 -1 26 -1 3 -1 -1 -1 -1 -1 -1 -1 9 2 -1 -1 -1 -1 11 0 -1 -1 -1 -1 -1 -1 15 -1 -1 -1 -1 13 -1 14 -1 -1 -1 -1 30 16 -1 -1 -1 -1 -1 -1 -1 -1 24 29 8 28 -1 27 -1 -1 -1 -1 -1 -1 -1 -1 -1 -1 -1 -1 -1 21 -1 -1 -1 -1 -1 -1 22 -1 20 19 18 10 -1 
-1 -1 -1 -1 4 5 6 -1 -1 -1 -1 26 -1 3 -1 -1 -1 -1 -1 -1 -1 9 2 -1 -1 -1 -1 11 0 -1 -1 -1 -1 -1 -1 15 -1 -1 -1 -1 13 -1 14 -1 -1 -1 -1 30 -1 -1 -1 -1 16 -1 -1 -1 -1 24 29 8 28 -1 27 -1 -1 -1 -1 -1 -1 -1 -1 -1 -1 -1 -1 -1 21 -1 -1 -1 -1 -1 -1 22 -1 20 19 18 10 -1 
-1 -1 -1 -1 4 5 6 -1 -1 -1 -1 26 -1 3 -1 -1 -1 -1 -1 -1 -1 9 2 -1 -1 -1 -1 11 0 -1 -1 -1 -1 -1 -1 15 -1 -1 -1 -1 13 -1 14 -1 -1 -1 -1 30 -1 -1 -1 -1 16 -1 -1 -1 -1 24 29 8 28 -1 27 -1 -1 -1 -1 -1 -1 -1 -1 -1 -1 -1 -1 -1 21 -1 -1 -1 -1 -1 -1 22 -1 20 19 18 -1 10 
-1 -1 -1 -1 4 5 6 -1 -1 -1 -1 26 -1 3 -1 -1 -1 -1 -1 -1 -1 9 2 -1 -1 -1 -1 11 0 -1 -1 -1 -1 -1 -1 15 -1 -1 -1 -1 13 -1 14 -1 -1 -1 -1 30 -1 -1 -1 -1 -1 -1 -1 -1 -1 24 29 8 28 -1 27 -1 -1 -1 -1 -1 -1 -1 -1 -1 -1 -1 -1 -1 21 -1 -1 -1 -1 -1 -1 22 -1 20 19 18 16 10 
-1 -1 -1 -1 4 5 6 -1 -1 -1 -1 26 -1 3 -1 -1 -1 -1 -1 -1 -1 9 2 -1 -1 -1 -1 11 0 -1 -1 -1 -1 -1 -1 15 -1 -1 -1 -1 13 -1 14 -1 -1 -1 -1 30 -1 -1 -1 -1 -1 -1 -1 -1 -1 24 29 8 28 -1 27 -1 -1 -1 -1 -1 -1 -1 -1 -1 -1 -1 -1 -1 21 -1 -1 -1 10 -1 -1 22 -1 20 19 18 16 -1 
-1 -1 -1 -1 4 5 6 -1 -1 -1 -1 26 -1 3 -1 -1 -1 -1 -1 -1 -1 9 2 -1 -1 -1 -1 11 0 -1 -1 -1 -1 -1 -1 15 -1 -1 30 -1 13 -1 14 -1 -1 -1 -1 -1 -1 -1 -1 -1 -1 -1 -1 -1 -1 24 29 8 28 -1 27 -1 -1 -1 -1 -1 -1 -1 -1 -1 -1 -1 -1 -1 21 -1 -1 -1 10 -1 -1 22 -1 20 19 18 16 -1 
-1 -1 -1 -1 4 5 6 -1 -1 -1 -1 26 -1 3 -1 -1 -1 -1 -1 -1 -1 9 2 -1 -1 -1 -1 11 0 -1 -1 -1 -1 -1 -1 15 -1 -1 30 -1 13 -1 14 -1 -1 -1 -1 -1 -1 -1 -1 -1 -1 -1 -1 -1 -1 24 29 -1 8 -1 27 -1 -1 -1 -1 -1 -1 -1 -1 -1 -1 -1 -1 -1 21 -1 -1 -1 10 -1 -1 22 -1 20 19 18 16 -1 
-1 -1 -1 -1 4 5 6 -1 -1 -1 -1 26 -1 3 -1 -1 -1 -1 -1 -1 -1 9 2 -1 -1 -1 -1 11 0 -1 -1 -1 -1 -1 -1 15 -1 -1 30 -1 13 -1 14 -1 -1 -1 -1 -1 -1 -1 -1 -1 -1 -1 -1 -1 24 -1 29 -1 8 -1 27 -1 -1 -1 -1 -1 -1 -1 -1 -1 -1 -1 -1 -1 21 -1 -1 -1 10 -1 -1 22 -1 20 19 18 16 -1 
-1 -1 -1 -1 4 5 6 -1 -1 -1 -1 26 -1 3 -1 -1 -1 -1 -1 -1 -1 9 -1 -1 -1 -1 -1 11 0 -1 -1 -1 -1 -1 -1 15 -1 -1 2 -1 13 -1 14 -1 -1 -1 -1 -1 -1 -1 -1 -1 -1 -1 -1 -1 24 -1 29 -1 8 -1 27 -1 -1 -1 -1 -1 -1 -1 -1 -1 -1 -1 -1 -1 21 -1 -1 -1 10 -1 -1 22 -1 20 19 18 16 -1 
-1 -1 -1 -1 4 5 6 -1 -1 -1 -1 26 -1 3 -1 -1 -1 -1 -1 -1 -1 9 -1 -1 -1 -1 -1 11 0 -1 -1 -1 -1 -1 -1 15 -1 -1 24 -1 13 -1 14 -1 -1 -1 -1 -1 -1 -1 -1 -1 -1 -1 -1 -1 -1 -1 29 -1 8 -1 27 -1 -1 -1 -1 -1 -1 -1 -1 -1 -1 -1 -1 -1 21 -1 -1 -1 10 -1 -1 22 -1 20 19 18 16 -1 
-1 -1 -1 -1 4 5 6 -1 -1 -1 -1 26 -1 3 -1 -1 -1 -1 -1 -1 -1 9 -1 -1 -1 -1 -1 11 0 -1 -1 -1 -1 -1 -1 15 -1 -1 24 -1 13 -1 14 -1 -1 -1 -1 -1 -1 -1 -1 -1 -1 -1 -1 -1 -1 -1 8 -1 -1 -1 27 -1 -1 -1 -1 -1 -1 -1 -1 -1 -1 -1 -1 -1 21 -1 -1 -1 10 -1 -1 22 -1 20 19 18 16 -1 
-1 -1 -1 -1 4 5 6 -1 -1 26 -1 -1 -1 3 -1 -1 -1 -1 -1 -1 -1 9 -1 -1 -1 -1 -1 11 0 -1 -1 -1 -1 -1 -1 15 -1 -1 24 -1 13 -1 14 -1 -1 -1 -1 -1 -1 -1 -1 -1 -1 -1 -1 -1 -1 -1 8 -1 -1 -1 27 -1 -1 -1 -1 -1 -1 -1 -1 -1 -1 -1 -1 -1 21 -1 -1 -1 10 -1 -1 22 -1 20 19 18 16 -1 
-1 -1 -1 -1 4 5 -1 -1 -1 26 -1 -1 -1 3 -1 -1 -1 -1 -1 -1 -1 9 6 -1 -1 -1 -1 11 0 -1 -1 -1 -1 -1 -1 15 -1 -1 24 -1 13 -1 14 -1 -1 -1 -1 -1 -1 -1 -1 -1 -1 -1 -1 -1 -1 -1 8 -1 -1 -1 27 -1 -1 -1 -1 -1 -1 -1 -1 -1 -1 -1 -1 -1 21 -1 -1 -1 10 -1 -1 22 -1 20 19 18 16 -1 
-1 -1 -1 -1 4 5 -1 -1 -1 26 -1 -1 -1 3 -1 -1 -1 -1 -1 -1 -1 9 6 -1 -1 -1 -1 11 0 -1 -1 -1 -1 -1 -1 15 -1 -1 -1 -1 13 -1 14 -1 -1 -1 -1 24 -1 -1 -1 -1 -1 -1 -1 -1 -1 -1 8 -1 -1 -1 27 -1 -1 -1 -1 -1 -1 -1 -1 -1 -1 -1 -1 -1 21 -1 -1 -1 10 -1 -1 22 -1 20 19 18 16 -1 
-1 0 -1 -1 4 5 -1 -1 -1 26 -1 -1 -1 3 -1 -1 -1 -1 -1 -1 -1 9 6 -1 -1 -1 -1 11 -1 -1 -1 -1 -1 -1 -1 15 -1 -1 -1 -1 13 -1 14 -1 -1 -1 -1 24 -1 -1 -1 -1 -1 -1 -1 -1 -1 -1 8 -1 -1 -1 27 -1 -1 -1 -1 -1 -1 -1 -1 -1 -1 -1 -1 -1 21 -1 -1 -1 10 -1 -1 22 -1 20 19 18 16 -1 
-1 0 -1 -1 4 5 -1 -1 -1 26 -1 -1 -1 3 -1 -1 -1 -1 -1 -1 -1 9 6 -1 -1 -1 -1 11 -1 -1 -1 -1 -1 -1 -1 15 -1 -1 -1 -1 13 -1 14 -1 -1 -1 -1 24 -1 -1 -1 -1 -1 -1 -1 -1 -1 -1 8 -1 -1 -1 27 -1 -1 -1 -1 18 -1 -1 -1 -1 -1 -1 -1 -1 21 -1 -1 -1 10 -1 -1 22 -1 20 19 -1 16 -1 
-1 -1 0 -1 4 5 -1 -1 -1 26 -1 -1 -1 3 -1 -1 -1 -1 -1 -1 -1 9 6 -1 -1 -1 -1 11 -1 -1 -1 -1 -1 -1 -1 15 -1 -1 -1 -1 13 -1 14 -1 -1 -1 -1 24 -1 -1 -1 -1 -1 -1 -1 -1 -1 -1 8 -1 -1 -1 27 -1 -1 -1 -1 18 -1 -1 -1 -1 -1 -1 -1 -1 21 -1 -1 -1 10 -1 -1 22 -1 20 19 -1 16 -1 
-1 -1 0 -1 4 5 -1 -1 -1 26 -1 -1 -1 3 -1 -1 -1 -1 -1 -1 -1 9 6 -1 -1 -1 -1 11 -1 -1 -1 -1 -1 -1 -1 15 -1 -1 -1 -1 13 -1 14 -1 -1 -1 24 -1 -1 -1 -1 -1 -1 -1 -1 -1 -1 -1 8 -1 -1 -1 27 -1 -1 -1 -1 18 -1 -1 -1 -1 -1 -1 -1 -1 21 -1 -1 -1 10 -1 -1 22 -1 20 19 -1 16 -1 
-1 -1 0 -1 4 5 -1 -1 -1 26 -1 -1 -1 3 -1 -1 -1 -1 -1 -1 -1 -1 6 -1 -1 -1 -1 11 -1 -1 -1 -1 -1 -1 -1 15 -1 -1 -1 -1 13 -1 14 -1 -1 -1 24 -1 -1 -1 -1 -1 -1 -1 -1 -1 -1 -1 8 -1 -1 -1 27 -1 -1 -1 -1 18 -1 -1 -1 -1 -1 -1 -1 9 21 -1 -1 -1 10 -1 -1 22 -1 20 19 -1 16 -1 
-1 -1 0 -1 4 5 -1 -1 -1 26 -1 -1 -1 3 -1 -1 -1 -1 -1 -1 -1 -1 6 -1 -1 -1 -1 11 -1 -1 -1 -1 -1 -1 -1 15 -1 -1 -1 -1 13 -1 14 -1 -1 -1 24 -1 -1 -1 -1 -1 -1 -1 -1 -1 -1 -1 8 -1 -1 -1 27 -1 -1 -1 -1 18 -1 -1 -1 -1 -1 -1 -1 9 -1 -1 -1 -1 10 -1 -1 22 21 20 19 -1 16 -1 
-1 -1 0 -1 4 5 -1 -1 -1 26 -1 -1 -1 3 -1 -1 -1 -1 -1 -1 -1 -1 6 -1 -1 -1 -1 11 -1 -1 -1 -1 -1 -1 -1 15 -1 -1 -1 -1 13 -1 14 -1 -1 -1 24 -1 -1 -1 -1 -1 -1 -1 -1 -1 -1 -1 -1 -1 -1 -1 27 -1 -1 -1 -1 8 -1 -1 -1 -1 -1 -1 -1 9 -1 -1 -1 -1 10 -1 -1 22 21 20 19 -1 16 -1 
-1 -1 0 -1 4 5 -1 -1 -1 26 -1 -1 -1 3 -1 -1 -1 -1 -1 -1 -1 -1 6 -1 -1 -1 -1 11 -1 -1 -1 -1 -1 -1 -1 15 -1 -1 -1 -1 13 -1 14 -1 -1 -1 24 -1 -1 -1 -1 -1 -1 -1 -1 -1 -1 -1 -1 -1 -1 -1 27 -1 -1 -1 -1 8 -1 -1 -1 -1 -1 -1 -1 9 19 -1 -1 -1 10 -1 -1 22 21 20 -1 -1 16 -1 
-1 -1 0 -1 4 5 -1 -1 -1 26 -1 -1 -1 3 -1 -1 -1 -1 -1 -1 -1 -1 6 -1 -1 -1 -1 11 -1 -1 -1 -1 -1 -1 -1 15 -1 -1 -1 -1 13 -1 14 -1 -1 -1 24 -1 -1 -1 -1 -1 -1 -1 -1 -1 -1 -1 -1 -1 -1 -1 27 -1 -1 8 -1 -1 -1 -1 -1 -1 -1 -1 -1 9 19 -1 -1 -1 10 -1 -1 22 21 20 -1 -1 16 -1 
-1 -1 0 -1 4 5 -1 -1 -1 26 -1 -1 -1 3 -1 -1 -1 -1 -1 -1 -1 -1 6 -1 -1 16 -1 11 -1 -1 -1 -1 -1 -1 -1 15 -1 -1 -1 -1 13 -1 14 -1 -1 -1 24 -1 -1 -1 -1 -1 -1 -1 -1 -1 -1 -1 -1 -1 -1 -1 27 -1 -1 8 -1 -1 -1 -1 -1 -1 -1 -1 -1 9 19 -1 -1 -1 10 -1 -1 22 21 20 -1 -1 -1 -1 
-1 -1 0 -1 4 5 -1 -1 -1 26 -1 -1 -1 3 -1 -1 -1 -1 -1 -1 -1 -1 6 -1 -1 16 -1 11 -1 -1 -1 -1 -1 -1 -1 15 -1 -1 -1 -1 13 -1 14 -1 -1 -1 24 -1 -1 -1 -1 -1 -1 -1 -1 -1 -1 9 -1 -1 -1 -1 27 -1 -1 8 -1 -1 -1 -1 -1 -1 -1 -1 -1 -1 19 -1 -1 -1 10 -1 -1 22 21 20 -1 -1 -1 -1 
-1 -1 0 -1 4 5 -1 -1 -1 26 -1 -1 -1 3 -1 -1 -1 -1 -1 -1 -1 -1 6 -1 -1 16 -1 11 -1 -1 -1 -1 -1 -1 -1 15 -1 -1 -1 -1 13 -1 14 -1 -1 -1 24 -1 -1 -1 -1 -1 -1 -1 -1 -1 -1 9 -1 -1 -1 -1 27 -1 -1 8 -1 -1 -1 -1 -1 -1 -1 -1 -1 -1 19 -1 -1 -1 10 -1 -1 22 21 -1 20 -1 -1 -1 
-1 -1 0 -1 4 5 -1 -1 -1 26 -1 -1 -1 3 -1 -1 -1 -1 -1 -1 -1 -1 6 -1 -1 16 -1 11 -1 -1 -1 -1 -1 -1 -1 15 -1 -1 -1 -1 13 -1 14 -1 -1 -1 24 -1 -1 -1 -1 -1 -1 -1 -1 -1 9 -1 -1 -1 -1 -1 27 -1 -1 8 -1 -1 -1 -1 -1 -1 -1 -1 -1 -1 19 -1 -1 -1 10 -1 -1 22 21 -1 20 -1 -1 -1 
-1 -1 0 -1 4 5 -1 -1 -1 26 -1 -1 -1 3 -1 -1 -1 -1 -1 -1 -1 -1 6 -1 -1 16 -1 11 -1 -1 -1 -1 -1 -1 -1 15 -1 -1 -1 -1 13 -1 14 -1 -1 -1 24 -1 -1 -1 -1 -1 -1 -1 -1 -1 9 -1 -1 -1 -1 -1 27 -1 -1 8 19 -1 -1 -1 -1 -1 -1 -1 -1 -1 -1 -1 -1 -1 10 -1 -1 22 21 -1 20 -1 -1 -1 
-1 -1 0 -1 4 5 -1 -1 -1 26 -1 -1 -1 3 -1 -1 -1 -1 -1 -1 -1 -1 6 -1 -1 16 -1 11 -1 -1 -1 -1 -1 -1 -1 15 -1 -1 -1 -1 13 -1 14 -1 -1 -1 24 -1 -1 -1 -1 -1 -1 -1 -1 -1 9 -1 -1 -1 -1 -1 27 -1 -1 -1 8 -1 -1 -1 -1 -1 -1 -1 -1 -1 -1 -1 -1 -1 10 -1 -1 22 21 -1 20 -1 -1 -1 
-1 -1 0 -1 4 5 -1 -1 -1 26 -1 -1 -1 3 -1 -1 -1 -1 -1 -1 -1 -1 6 -1 -1 16 -1 11 -1 -1 -1 -1 -1 -1 -1 15 -1 -1 -1 -1 13 -1 14 -1 -1 -1 24 -1 -1 -1 -1 -1 -1 -1 -1 -1 9 -1 19 -1 -1 -1 27 -1 -1 -1 -1 -1 -1 -1 -1 -1 -1 -1 -1 -1 -1 -1 -1 -1 10 -1 -1 22 21 -1 20 -1 -1 -1 
-1 -1 0 -1 4 5 -1 -1 -1 26 -1 -1 -1 3 -1 -1 -1 -1 -1 -1 -1 -1 6 -1 -1 16 -1 11 -1 -1 -1 -1 -1 -1 -1 15 -1 -1 -1 -1 13 -1 14 -1 -1 -1 24 -1 -1 -1 -1 -1 -1 -1 -1 -1 9 -1 19 -1 -1 -1 27 -1 -1 -1 -1 -1 -1 8 -1 -1 -1 -1 -1 -1 -1 -1 -1 -1 10 -1 -1 22 21 -1 20 -1 -1 -1 
-1 -1 0 -1 4 5 -1 -1 -1 26 -1 -1 -1 3 -1 -1 -1 -1 -1 -1 -1 -1 6 -1 -1 16 -1 11 -1 -1 -1 -1 -1 -1 -1 15 -1 -1 -1 -1 13 -1 14 -1 -1 -1 24 -1 -1 -1 -1 -1 -1 -1 -1 -1 9 -1 19 -1 -1 -1 27 -1 -1 -1 -1 22 -1 8 -1 -1 -1 -1 -1 -1 -1 -1 -1 -1 10 -1 -1 -1 21 -1 20 -1 -1 -1 
-1 -1 0 -1 4 5 -1 -1 -1 26 -1 -1 -1 3 -1 -1 -1 -1 -1 -1 -1 -1 6 -1 -1 16 -1 11 -1 -1 -1 -1 -1 -1 -1 15 -1 -1 -1 -1 13 -1 14 -1 -1 -1 24 -1 -1 -1 -1 -1 -1 -1 -1 -1 9 -1 19 -1 -1 -1 27 -1 -1 -1 -1 8 -1 -1 -1 -1 -1 -1 -1 -1 -1 -1 -1 -1 10 -1 -1 -1 21 -1 20 -1 -1 -1 
-1 -1 0 -1 4 5 -1 -1 -1 26 -1 -1 -1 3 -1 -1 -1 -1 -1 -1 -1 -1 16 -1 -1 -1 -1 11 -1 -1 -1 -1 -1 -1 -1 15 -1 -1 -1 -1 13 -1 14 -1 -1 -1 24 -1 -1 -1 -1 -1 -1 -1 -1 -1 9 -1 19 -1 -1 -1 27 -1 -1 -1 -1 8 -1 -1 -1 -1 -1 -1 -1 -1 -1 -1 -1 -1 10 -1 -1 -1 21 -1 20 -1 -1 -1 
-1 -1 0 -1 4 5 -1 -1 -1 26 -1 -1 -1 3 -1 -1 -1 -1 -1 -1 -1 -1 16 -1 -1 -1 -1 11 -1 -1 -1 -1 -1 -1 -1 15 -1 -1 -1 -1 13 -1 14 -1 -1 -1 24 -1 -1 -1 -1 -1 -1 -1 -1 -1 9 -1 19 -1 -1 -1 27 -1 -1 -1 -1 -1 -1 -1 -1 -1 -1 -1 -1 -1 8 -1 -1 -1 10 -1 -1 -1 21 -1 20 -1 -1 -1 
