0 1 2 3 4 5 6 7 8 -1 -1 -1 -1 -1 -1 -1 -1 -1 -1 9 -1 -1 -1 -1 -1 10 -1 11 -1 12 -1 13 -1 14 -1 15 -1 -1 -1 -1 -1 -1 -1 -1 -1 -1 -1 -1 -1 -1 -1 -1 -1 -1 -1 -1 30 -1 29 -1 28 -1 27 -1 26 23 -1 -1 -1 -1 25 -1 -1 -1 -1 -1 -1 -1 -1 -1 -1 24 -1 22 21 20 19 18 17 16 
0 1 2 3 4 5 6 7 8 -1 -1 -1 -1 -1 -1 -1 -1 -1 -1 9 -1 -1 -1 -1 -1 10 -1 11 -1 12 -1 13 -1 -1 -1 15 -1 -1 -1 -1 -1 -1 14 -1 -1 -1 -1 -1 -1 -1 -1 -1 -1 -1 -1 -1 30 -1 29 -1 28 -1 27 -1 26 23 -1 -1 -1 -1 25 -1 -1 -1 -1 -1 -1 -1 -1 -1 -1 24 -1 22 21 20 19 18 17 16 
0 1 2 3 4 5 6 7 8 -1 -1 -1 -1 -1 -1 -1 -1 -1 -1 9 -1 -1 -1 -1 -1 10 -1 11 -1 12 -1 13 -1 -1 -1 15 -1 -1 -1 -1 -1 -1 14 -1 -1 -1 -1 -1 -1 -1 -1 -1 -1 -1 -1 -1 30 -1 29 -1 28 -1 27 -1 26 23 -1 -1 -1 25 -1 -1 -1 -1 -1 -1 -1 -1 -1 -1 -1 24 -1 22 21 20 19 18 17 16 
0 1 -1 3 4 5 6 7 8 -1 -1 -1 -1 -1 -1 -1 -1 -1 -1 9 -1 -1 2 -1 -1 10 -1 11 -1 12 -1 13 -1 -1 -1 15 -1 -1 -1 -1 -1 -1 14 -1 -1 -1 -1 -1 -1 -1 -1 -1 -1 -1 -1 -1 30 -1 29 -1 28 -1 27 -1 26 23 -1 -1 -1 25 -1 -1 -1 -1 -1 -1 -1 -1 -1 -1 -1 24 -1 22 21 20 19 18 17 16 
0 1 -1 3 4 5 6 7 8 -1 -1 -1 -1 -1 -1 -1 -1 -1 -1 9 -1 -1 2 -1 -1 10 -1 11 -1 12 -1 13 -1 -1 -1 15 -1 -1 -1 -1 -1 -1 14 -1 -1 -1 -1 -1 -1 -1 -1 -1 -1 -1 -1 -1 30 -1 29 -1 28 -1 27 -1 26 23 -1 -1 -1 25 -1 17 -1 -1 -1 -1 -1 -1 -1 -1 -1 24 -1 22 21 20 19 18 -1 16 
0 1 -1 3 4 5 6 -1 8 -1 -1 -1 -1 -1 -1 -1 -1 -1 -1 9 -1 -1 2 -1 -1 10 7 11 -1 12 -1 13 -1 -1 -1 15 -1 -1 -1 -1 -1 -1 14 -1 -1 -1 -1 -1 -1 -1 -1 -1 -1 -1 -1 -1 30 -1 29 -1 28 -1 27 -1 26 23 -1 -1 -1 25 -1 17 -1 -1 -1 -1 -1 -1 -1 -1 -1 24 -1 22 21 20 19 18 -1 16 
0 1 -1 3 4 5 6 -1 8 -1 -1 -1 -1 -1 -1 -1 -1 -1 -1 9 -1 -1 2 -1 -1 10 7 11 -1 12 -1 13 -1 -1 -1 15 -1 -1 -1 -1 -1 -1 14 -1 -1 -1 -1 -1 -1 -1 -1 -1 -1 -1 -1 -1 30 -1 29 -1 28 -1 27 -1 26 23 -1 -1 -1 25 -1 17 -1 -1 -1 -1 -1 -1 -1 -1 -1 24 -1 22 21 20 19 18 16 -1 
0 1 -1 3 4 5 6 8 -1 -1 -1 -1 -1 -1 -1 -1 -1 -1 -1 9 -1 -1 2 -1 -1 10 7 11 -1 12 -1 13 -1 -1 -1 15 -1 -1 -1 -1 -1 -1 14 -1 -1 -1 -1 -1 -1 -1 -1 -1 -1 -1 -1 -1 30 -1 29 -1 28 -1 27 -1 26 23 -1 -1 -1 25 -1 17 -1 -1 -1 -1 -1 -1 -1 -1 -1 24 -1 22 21 20 19 18 16 -1 
0 1 -1 3 4 5 6 8 -1 -1 -1 -1 -1 -1 -1 -1 -1 -1 -1 9 -1 -1 2 -1 -1 10 7 11 -1 12 -1 13 -1 -1 -1 15 -1 -1 -1 -1 -1 -1 14 -1 -1 -1 -1 -1 -1 -1 -1 -1 16 -1 -1 -1 30 -1 29 -1 28 -1 27 -1 26 23 -1 -1 -1 25 -1 17 -1 -1 -1 -1 -1 -1 -1 -1 -1 24 -1 22 21 20 19 18 -1 -1 
0 1 -1 3 4 5 6 8 -1 -1 -1 -1 -1 -1 -1 -1 -1 -1 -1 9 -1 -1 2 10 -1 -1 7 11 -1 12 -1 13 -1 -1 -1 15 -1 -1 -1 -1 -1 -1 14 -1 -1 -1 -1 -1 -1 -1 -1 -1 16 -1 -1 -1 30 -1 29 -1 28 -1 27 -1 26 23 -1 -1 -1 25 -1 17 -1 -1 -1 -1 -1 -1 -1 -1 -1 24 -1 22 21 20 19 18 -1 -1 
0 1 -1 3 4 5 6 8 -1 -1 -1 -1 -1 -1 -1 -1 -1 -1 -1 9 -1 -1 2 10 -1 -1 7 11 -1 12 -1 13 -1 -1 -1 15 -1 -1 -1 -1 -1 -1 14 -1 -1 -1 -1 -1 -1 -1 16 -1 -1 -1 -1 -1 30 -1 29 -1 28 -1 27 -1 26 23 -1 -1 -1 25 -1 17 -1 -1 -1 -1 -1 -1 -1 -1 -1 24 -1 22 21 20 19 18 -1 -1 
0 1 -1 -1 4 5 6 8 -1 -1 -1 -1 -1 3 -1 -1 -1 -1 -1 9 -1 -1 2 10 -1 -1 7 11 -1 12 -1 13 -1 -1 -1 15 -1 -1 -1 -1 -1 -1 14 -1 -1 -1 -1 -1 -1 -1 16 -1 -1 -1 -1 -1 30 -1 29 -1 28 -1 27 -1 26 23 -1 -1 -1 25 -1 17 -1 -1 -1 -1 -1 -1 -1 -1 -1 24 -1 22 21 20 19 18 -1 -1 
0 1 -1 -1 4 5 6 8 -1 -1 -1 -1 -1 3 -1 -1 -1 -1 -1 9 -1 -1 2 10 -1 -1 7 11 -1 12 -1 13 -1 -1 -1 15 -1 -1 -1 -1 -1 -1 14 -1 -1 -1 -1 -1 -1 -1 16 -1 -1 27 -1 -1 30 -1 29 -1 28 -1 -1 -1 26 23 -1 -1 -1 25 -1 17 -1 -1 -1 -1 -1 -1 -1 -1 -1 24 -1 22 21 20 19 18 -1 -1 
0 -1 -1 -1 4 5 6 8 -1 -1 -1 -1 -1 3 -1 -1 -1 -1 -1 9 1 -1 2 10 -1 -1 7 11 -1 12 -1 13 -1 -1 -1 15 -1 -1 -1 -1 -1 -1 14 -1 -1 -1 -1 -1 -1 -1 16 -1 -1 27 -1 -1 30 -1 29 -1 28 -1 -1 -1 26 23 -1 -1 -1 25 -1 17 -1 -1 -1 -1 -1 -1 -1 -1 -1 24 -1 22 21 20 19 18 -1 -1 
0 -1 -1 -1 4 5 6 8 -1 -1 -1 -1 -1 3 -1 -1 -1 -1 -1 9 1 -1 2 10 -1 -1 7 11 -1 12 -1 13 -1 -1 -1 15 -1 -1 -1 -1 -1 -1 14 -1 -1 -1 -1 30 -1 -1 16 -1 -1 27 -1 -1 -1 -1 29 -1 28 -1 -1 -1 26 23 -1 -1 -1 25 -1 17 -1 -1 -1 -1 -1 -1 -1 -1 -1 24 -1 22 21 20 19 18 -1 -1 
-1 -1 -1 0 4 5 6 8 -1 -1 -1 -1 -1 3 -1 -1 -1 -1 -1 9 1 -1 2 10 -1 -1 7 11 -1 12 -1 13 -1 -1 -1 15 -1 -1 -1 -1 -1 -1 14 -1 -1 -1 -1 30 -1 -1 16 -1 -1 27 -1 -1 -1 -1 29 -1 28 -1 -1 -1 26 23 -1 -1 -1 25 -1 17 -1 -1 -1 -1 -1 -1 -1 -1 -1 24 -1 22 21 20 19 18 -1 -1 
-1 -1 -1 0 4 5 6 8 -1 -1 -1 -1 -1 3 -1 -1 -1 -1 -1 9 1 -1 2 10 -1 -1 7 11 -1 12 -1 13 -1 -1 -1 15 -1 -1 -1 -1 -1 -1 14 -1 -1 -1 -1 30 -1 -1 16 -1 -1 27 -1 -1 -1 -1 29 -1 28 -1 -1 -1 26 23 -1 22 -1 25 -1 17 -1 -1 -1 -1 -1 -1 -1 -1 -1 24 -1 -1 21 20 19 18 -1 -1 
-1 -1 -1 0 4 5 6 -1 -1 -1 -1 -1 -1 3 -1 -1 -1 -1 -1 9 1 -1 2 10 -1 -1 7 11 -1 12 -1 13 -1 -1 8 15 -1 -1 -1 -1 -1 -1 14 -1 -1 -1 -1 30 -1 -1 16 -1 -1 27 -1 -1 -1 -1 29 -1 28 -1 -1 -1 26 23 -1 22 -1 25 -1 17 -1 -1 -1 -1 -1 -1 -1 -1 -1 24 -1 -1 21 20 19 18 -1 -1 
-1 -1 -1 0 4 5 6 -1 -1 -1 -1 -1 -1 3 -1 -1 -1 -1 -1 9 1 -1 2 10 -1 -1 7 11 -1 12 -1 13 -1 -1 8 15 -1 -1 -1 -1 -1 -1 14 -1 -1 -1 -1 30 -1 -1 16 -1 -1 27 -1 -1 -1 -1 29 -1 28 -1 -1 -1 26 23 -1 22 -1 25 -1 17 -1 -1 -1 -1 21 -1 -1 -1 -1 24 -1 -1 -1 20 19 18 -1 -1 
-1 -1 -1 0 4 5 6 -1 -1 -1 -1 -1 -1 3 -1 -1 -1 -1 -1 9 1 -1 2 10 -1 -1 7 11 -1 12 -1 -1 -1 -1 8 15 -1 -1 -1 -1 13 -1 14 -1 -1 -1 -1 30 -1 -1 16 -1 -1 27 -1 -1 -1 -1 29 -1 28 -1 -1 -1 26 23 -1 22 -1 25 -1 17 -1 -1 -1 -1 21 -1 -1 -1 -1 24 -1 -1 -1 20 19 18 -1 -1 
-1 -1 -1 0 4 5 6 -1 -1 -1 -1 -1 -1 3 -1 -1 -1 -1 -1 9 1 -1 2 10 -1 -1 7 11 -1 12 -1 -1 -1 -1 8 15 -1 -1 -1 -1 13 -1 14 -1 -1 -1 -1 30 -1 -1 16 -1 -1 27 -1 -1 -1 -1 29 -1 28 -1 -1 -1 26 23 -1 22 -1 25 -1 17 -1 -1 -1 -1 21 -1 -1 -1 -1 -1 -1 -1 24 20 19 18 -1 -1 
-1 -1 -1 -1 4 5 6 -1 -1 -1 -1 -1 -1 3 -1 -1 -1 -1 -1 9 1 -1 2 10 -1 -1 7 11 -1 12 -1 -1 -1 -1 8 15 -1 -1 -1 -1 13 -1 14 -1 -1 -1 -1 30 -1 -1 16 -1 -1 27 -1 -1 -1 -1 29 -1 28 -1 -1 -1 26 23 -1 22 -1 25 -1 17 -1 -1 -1 -1 21 -1 -1 -1 -1 -1 -1 -1 0 20 19 18 -1 -1 
-1 -1 -1 -1 4 5 6 -1 -1 -1 -1 -1 -1 3 -1 -1 -1 -1 -1 9 1 -1 2 10 -1 -1 7 11 -1 12 -1 -1 -1 -1 8 15 -1 -1 -1 -1 13 -1 14 -1 -1 -1 -1 30 -1 -1 16 -1 -1 27 -1 -1 -1 -1 29 -1 28 -1 -1 -1 26 23 -1 22 -1 25 -1 17 -1 -1 -1 -1 21 -1 -1 -1 -1 -1 -1 -1 20 -1 19 18 -1 -1 
-1 -1 -1 -1 4 5 6 -1 -1 -1 -1 -1 -1 3 -1 -1 -1 -1 9 -1 1 -1 2 10 -1 -1 7 11 -1 12 -1 -1 -1 -1 8 15 -1 -1 -1 -1 13 -1 14 -1 -1 -1 -1 30 -1 -1 16 -1 -1 27 -1 -1 -1 -1 29 -1 28 -1 -1 -1 26 23 -1 22 -1 25 -1 17 -1 -1 -1 -1 21 -1 -1 -1 -1 -1 -1 -1 20 -1 19 18 -1 -1 
-1 -1 -1 -1 4 5 6 -1 -1 -1 -1 -1 -1 3 -1 -1 -1 -1 9 -1 1 -1 2 10 -1 -1 7 11 -1 12 -1 -1 -1 -1 8 15 -1 -1 -1 -1 13 -1 14 -1 -1 -1 -1 30 -1 -1 16 -1 -1 27 -1 -1 -1 -1 29 -1 28 -1 -1 -1 -1 23 -1 22 -1 25 -1 17 -1 -1 -1 -1 21 -1 -1 -1 -1 -1 26 -1 20 -1 19 18 -1 -1 
-1 -1 -1 -1 4 5 6 -1 -1 -1 -1 -1 -1 3 -1 -1 -1 -1 9 -1 1 -1 2 10 -1 -1 7 11 -1 12 8 -1 -1 -1 -1 15 -1 -1 -1 -1 13 -1 14 -1 -1 -1 -1 30 -1 -1 16 -1 -1 27 -1 -1 -1 -1 29 -1 28 -1 -1 -1 -1 23 -1 22 -1 25 -1 17 -1 -1 -1 -1 21 -1 -1 -1 -1 -1 26 -1 20 -1 19 18 -1 -1 
-1 -1 -1 -1 4 5 6 -1 -1 -1 -1 -1 -1 3 -1 -1 -1 -1 9 -1 1 -1 2 10 -1 -1 7 11 -1 12 8 -1 -1 -1 -1 15 -1 -1 -1 -1 13 -1 14 -1 -1 -1 -1 30 -1 -1 16 -1 -1 27 -1 -1 -1 -1 29 -1 28 -1 -1 -1 -1 23 -1 22 -1 25 -1 17 -1 -1 -1 -1 21 -1 -1 -1 -1 -1 26 -1 -1 20 19 18 -1 -1 
-1 -1 -1 -1 4 5 6 -1 -1 -1 -1 -1 -1 3 -1 7 -1 -1 9 -1 1 -1 2 10 -1 -1 -1 11 -1 12 8 -1 -1 -1 -1 15 -1 -1 -1 -1 13 -1 14 -1 -1 -1 -1 30 -1 -1 16 -1 -1 27 -1 -1 -1 -1 29 -1 28 -1 -1 -1 -1 23 -1 22 -1 25 -1 17 -1 -1 -1 -1 21 -1 -1 -1 -1 -1 26 -1 -1 20 19 18 -1 -1 
-1 -1 -1 -1 4 5 6 -1 -1 -1 -1 -1 -1 3 -1 7 -1 -1 9 -1 1 -1 2 10 -1 -1 -1 11 -1 12 8 -1 -1 -1 -1 15 -1 -1 -1 -1 13 -1 14 -1 -1 -1 -1 30 16 -1 -1 -1 -1 27 -1 -1 -1 -1 29 -1 28 -1 -1 -1 -1 23 -1 22 -1 25 -1 17 -1 -1 -1 -1 21 -1 -1 -1 -1 -1 26 -1 -1 20 19 18 -1 -1 
-1 -1 -1 -1 4 5 6 -1 -1 -1 -1 -1 -1 3 -1 7 -1 -1 9 -1 1 -1 2 10 -1 -1 -1 11 -1 12 8 -1 -1 -1 -1 15 -1 -1 -1 -1 13 -1 14 -1 -1 -1 -1 30 16 -1 -1 -1 -1 27 -1 -1 -1 -1 29 -1 28 -1 -1 -1 -1 23 -1 22 -1 25 -1 17 -1 -1 -1 -1 21 -1 -1 -1 -1 -1 26 -1 -1 20 19 18 -1 -1 
-1 -1 -1 -1 4 5 6 -1 -1 -1 -1 -1 -1 3 -1 7 -1 -1 9 -1 1 -1 2 10 -1 -1 -1 11 -1 12 8 -1 -1 -1 -1 15 -1 -1 -1 -1 13 -1 14 -1 -1 -1 -1 30 23 -1 -1 -1 -1 27 -1 -1 -1 -1 29 -1 28 -1 -1 -1 -1 -1 -1 22 -1 25 -1 17 -1 -1 -1 -1 21 -1 -1 -1 -1 -1 26 -1 -1 20 19 18 -1 -1 
-1 -1 -1 -1 4 5 6 -1 -1 -1 -1 -1 -1 3 -1 -1 -1 -1 9 -1 1 -1 2 10 -1 -1 -1 11 -1 12 8 -1 -1 -1 7 15 -1 -1 -1 -1 13 -1 14 -1 -1 -1 -1 30 23 -1 -1 -1 -1 27 -1 -1 -1 -1 29 -1 28 -1 -1 -1 -1 -1 -1 22 -1 25 -1 17 -1 -1 -1 -1 21 -1 -1 -1 -1 -1 26 -1 -1 20 19 18 -1 -1 
-1 -1 -1 -1 4 5 6 -1 -1 -1 -1 -1 -1 3 -1 -1 -1 -1 9 -1 1 -1 2 10 -1 -1 -1 11 -1 23 8 -1 -1 -1 7 15 -1 -1 -1 -1 13 -1 14 -1 -1 -1 -1 30 -1 -1 -1 -1 -1 27 -1 -1 -1 -1 29 -1 28 -1 -1 -1 -1 -1 -1 22 -1 25 -1 17 -1 -1 -1 -1 21 -1 -1 -1 -1 -1 26 -1 -1 20 19 18 -1 -1 
-1 -1 -1 -1 4 5 6 -1 -1 -1 -1 -1 -1 3 -1 -1 -1 -1 -1 -1 1 -1 2 10 -1 -1 -1 11 -1 23 8 -1 -1 -1 7 15 -1 -1 -1 -1 13 -1 14 -1 -1 -1 -1 30 -1 -1 -1 -1 -1 27 9 -1 -1 -1 29 -1 28 -1 -1 -1 -1 -1 -1 22 -1 25 -1 17 -1 -1 -1 -1 21 -1 -1 -1 -1 -1 26 -1 -1 20 19 18 -1 -1 
-1 -1 -1 -1 4 5 6 -1 -1 -1 -1 -1 -1 3 -1 -1 -1 -1 -1 -1 1 -1 2 10 -1 -1 -1 11 -1 23 8 -1 -1 -1 7 15 -1 -1 -1 -1 13 -1 14 -1 -1 -1 -1 30 -1 -1 -1 -1 -1 27 9 -1 -1 -1 29 -1 28 -1 -1 -1 -1 -1 -1 22 25 -1 -1 17 -1 -1 -1 -1 21 -1 -1 -1 -1 -1 26 -1 -1 20 19 18 -1 -1 
-1 -1 -1 -1 4 5 6 -1 -1 -1 -1 -1 -1 3 -1 -1 -1 -1 -1 -1 1 -1 2 10 -1 -1 -1 11 -1 23 8 -1 -1 -1 -1 15 -1 -1 -1 -1 13 -1 14 -1 -1 -1 -1 30 -1 -1 -1 -1 -1 7 9 -1 -1 -1 29 -1 28 -1 -1 -1 -1 -1 -1 22 25 -1 -1 17 -1 -1 -1 -1 21 -1 -1 -1 -1 -1 26 -1 -1 20 19 18 -1 -1 
-1 -1 -1 -1 4 5 6 -1 -1 -1 -1 -1 -1 3 -1 -1 -1 -1 -1 -1 1 -1 2 10 -1 -1 -1 11 -1 23 8 -1 -1 -1 -1 15 -1 -1 -1 -1 13 -1 14 -1 -1 -1 -1 30 -1 -1 -1 -1 17 7 9 -1 -1 -1 29 -1 28 -1 -1 -1 -1 -1 -1 22 25 -1 -1 -1 -1 -1 -1 -1 21 -1 -1 -1 -1 -1 26 -1 -1 20 19 18 -1 -1 
-1 -1 -1 -1 4 5 6 -1 -1 -1 -1 -1 -1 3 -1 -1 -1 -1 -1 -1 1 -1 2 10 -1 -1 -1 11 -1 23 8 -1 -1 -1 -1 15 -1 -1 -1 -1 13 -1 14 -1 -1 -1 -1 30 -1 -1 -1 -1 17 7 -1 -1 -1 -1 29 -1 9 -1 -1 -1 -1 -1 -1 22 25 -1 -1 -1 -1 -1 -1 -1 21 -1 -1 -1 -1 -1 26 -1 -1 20 19 18 -1 -1 
-1 -1 -1 -1 4 5 6 -1 -1 -1 -1 -1 -1 3 -1 -1 -1 -1 -1 -1 1 -1 2 10 -1 -1 -1 11 -1 23 8 -1 -1 -1 -1 17 -1 -1 -1 -1 13 -1 14 -1 -1 -1 -1 30 -1 -1 -1 -1 -1 7 -1 -1 -1 -1 29 -1 9 -1 -1 -1 -1 -1 -1 22 25 -1 -1 -1 -1 -1 -1 -1 21 -1 -1 -1 -1 -1 26 -1 -1 20 19 18 -1 -1 
-1 -1 -1 -1 4 5 6 -1 -1 -1 -1 -1 -1 3 -1 -1 -1 -1 -1 -1 1 -1 2 10 -1 -1 -1 11 -1 23 8 -1 -1 -1 7 17 -1 -1 -1 -1 13 -1 14 -1 -1 -1 -1 30 -1 -1 -1 -1 -1 -1 -1 -1 -1 -1 29 -1 9 -1 -1 -1 -1 -1 -1 22 25 -1 -1 -1 -1 -1 -1 -1 21 -1 -1 -1 -1 -1 26 -1 -1 20 19 18 -1 -1 
-1 -1 -1 -1 4 5 6 -1 -1 -1 -1 -1 -1 3 -1 -1 -1 -1 -1 -1 1 -1 2 10 -1 -1 -1 11 -1 23 8 -1 25 -1 7 17 -1 -1 -1 -1 13 -1 14 -1 -1 -1 -1 30 -1 -1 -1 -1 -1 -1 -1 -1 -1 -1 29 -1 9 -1 -1 -1 -1 -1 -1 22 -1 -1 -1 -1 -1 -1 -1 -1 21 -1 -1 -1 -1 -1 26 -1 -1 20 19 18 -1 -1 
-1 -1 -1 -1 4 5 6 -1 -1 -1 -1 -1 -1 3 -1 -1 -1 -1 -1 -1 1 -1 2 10 -1 -1 -1 11 -1 23 8 -1 25 -1 7 17 -1 -1 -1 -1 13 -1 -1 -1 -1 -1 -1 30 -1 -1 -1 14 -1 -1 -1 -1 -1 -1 29 -1 9 -1 -1 -1 -1 -1 -1 22 -1 -1 -1 -1 -1 -1 -1 -1 21 -1 -1 -1 -1 -1 26 -1 -1 20 19 18 -1 -1 
-1 -1 -1 -1 4 5 6 -1 -1 -1 -1 -1 -1 3 -1 -1 -1 -1 -1 -1 1 -1 2 10 -1 -1 -1 11 -1 23 8 -1 25 -1 7 17 -1 -1 -1 -1 13 -1 -1 -1 -1 -1 -1 30 -1 -1 -1 14 -1 -1 -1 -1 -1 -1 29 -1 9 -1 -1 -1 -1 -1 -1 22 -1 -1 -1 -1 -1 -1 -1 -1 21 -1 -1 -1 -1 -1 26 -1 20 -1 19 18 -1 -1 
-1 -1 -1 -1 4 5 6 -1 -1 -1 -1 -1 -1 3 -1 -1 -1 -1 -1 -1 1 -1 2 10 -1 -1 -1 11 -1 23 8 -1 25 -1 7 17 -1 -1 -1 -1 13 -1 -1 -1 -1 -1 -1 30 -1 -1 14 -1 -1 -1 -1 -1 -1 -1 29 -1 9 -1 -1 -1 -1 -1 -1 22 -1 -1 -1 -1 -1 -1 -1 -1 21 -1 -1 -1 -1 -1 26 -1 20 -1 19 18 -1 -1 
-1 -1 -1 -1 4 5 6 -1 -1 -1 -1 -1 -1 3 -1 -1 -1 -1 -1 -1 1 -1 2 10 -1 -1 -1 11 -1 23 8 -1 25 -1 7 -1 -1 -1 -1 -1 13 -1 -1 -1 -1 -1 -1 30 -1 -1 14 -1 17 -1 -1 -1 -1 -1 29 -1 9 -1 -1 -1 -1 -1 -1 22 -1 -1 -1 -1 -1 -1 -1 -1 21 -1 -1 -1 -1 -1 26 -1 20 -1 19 18 -1 -1 
-1 -1 2 -1 4 5 6 -1 -1 -1 -1 -1 -1 3 -1 -1 -1 -1 -1 -1 1 -1 -1 10 -1 -1 -1 11 -1 23 8 -1 25 -1 7 -1 -1 -1 -1 -1 13 -1 -1 -1 -1 -1 -1 30 -1 -1 14 -1 17 -1 -1 -1 -1 -1 29 -1 9 -1 -1 -1 -1 -1 -1 22 -1 -1 -1 -1 -1 -1 -1 -1 21 -1 -1 -1 -1 -1 26 -1 20 -1 19 18 -1 -1 
-1 -1 2 -1 4 5 6 -1 -1 -1 -1 -1 -1 3 -1 -1 -1 -1 -1 -1 1 -1 -1 10 -1 -1 -1 11 -1 23 8 -1 -1 25 7 -1 -1 -1 -1 -1 13 -1 -1 -1 -1 -1 -1 30 -1 -1 14 -1 17 -1 -1 -1 -1 -1 29 -1 9 -1 -1 -1 -1 -1 -1 22 -1 -1 -1 -1 -1 -1 -1 -1 21 -1 -1 -1 -1 -1 26 -1 20 -1 19 18 -1 -1 
-1 -1 2 -1 4 5 6 -1 -1 -1 -1 -1 -1 3 -1 -1 -1 -1 -1 -1 1 -1 -1 -1 -1 10 -1 11 -1 23 8 -1 -1 25 7 -1 -1 -1 -1 -1 13 -1 -1 -1 -1 -1 -1 30 -1 -1 14 -1 17 -1 -1 -1 -1 -1 29 -1 9 -1 -1 -1 -1 -1 -1 22 -1 -1 -1 -1 -1 -1 -1 -1 21 -1 -1 -1 -1 -1 26 -1 20 -1 19 18 -1 -1 
-1 -1 2 -1 4 5 6 -1 -1 -1 -1 -1 -1 3 -1 -1 -1 -1 -1 -1 1 -1 -1 -1 -1 10 -1 11 -1 23 8 -1 -1 25 7 -1 -1 -1 -1 -1 13 17 -1 -1 -1 -1 -1 30 -1 -1 14 -1 -1 -1 -1 -1 -1 -1 29 -1 9 -1 -1 -1 -1 -1 -1 22 -1 -1 -1 -1 -1 -1 -1 -1 21 -1 -1 -1 -1 -1 26 -1 20 -1 19 18 -1 -1 
-1 -1 2 -1 4 5 6 -1 -1 -1 -1 -1 -1 3 -1 -1 -1 -1 -1 -1 1 -1 -1 -1 -1 10 -1 11 -1 23 8 -1 -1 25 7 -1 -1 -1 -1 -1 13 17 9 -1 -1 -1 -1 30 -1 -1 14 -1 -1 -1 -1 -1 -1 -1 29 -1 -1 -1 -1 -1 -1 -1 -1 22 -1 -1 -1 -1 -1 -1 -1 -1 21 -1 -1 -1 -1 -1 26 -1 20 -1 19 18 -1 -1 
-1 -1 2 -1 4 5 6 -1 -1 -1 -1 -1 -1 3 -1 -1 -1 -1 -1 -1 1 -1 -1 -1 -1 10 -1 11 -1 23 8 -1 -1 25 7 -1 -1 -1 30 -1 13 17 9 -1 -1 -1 -1 -1 -1 -1 14 -1 -1 -1 -1 -1 -1 -1 29 -1 -1 -1 -1 -1 -1 -1 -1 22 -1 -1 -1 -1 -1 -1 -1 -1 21 -1 -1 -1 -1 -1 26 -1 20 -1 19 18 -1 -1 
-1 -1 2 -1 4 5 6 -1 -1 -1 -1 -1 -1 3 -1 -1 -1 -1 -1 -1 1 -1 -1 -1 -1 -1 10 11 -1 23 8 -1 -1 25 7 -1 -1 -1 30 -1 13 17 9 -1 -1 -1 -1 -1 -1 -1 14 -1 -1 -1 -1 -1 -1 -1 29 -1 -1 -1 -1 -1 -1 -1 -1 22 -1 -1 -1 -1 -1 -1 -1 -1 21 -1 -1 -1 -1 -1 26 -1 20 -1 19 18 -1 -1 
-1 -1 2 -1 4 5 6 -1 -1 -1 -1 -1 -1 3 -1 -1 -1 -1 -1 -1 1 -1 -1 -1 -1 -1 10 11 -1 23 8 -1 -1 25 7 -1 -1 26 30 -1 13 17 9 -1 -1 -1 -1 -1 -1 -1 14 -1 -1 -1 -1 -1 -1 -1 29 -1 -1 -1 -1 -1 -1 -1 -1 22 -1 -1 -1 -1 -1 -1 -1 -1 21 -1 -1 -1 -1 -1 -1 -1 20 -1 19 18 -1 -1 
-1 -1 2 -1 4 5 6 -1 -1 -1 -1 -1 -1 3 -1 -1 -1 -1 -1 -1 1 -1 -1 -1 -1 -1 10 11 -1 23 8 -1 -1 25 -1 -1 -1 26 30 -1 13 17 9 -1 -1 -1 -1 -1 -1 -1 14 -1 -1 7 -1 -1 -1 -1 29 -1 -1 -1 -1 -1 -1 -1 -1 22 -1 -1 -1 -1 -1 -1 -1 -1 21 -1 -1 -1 -1 -1 -1 -1 20 -1 19 18 -1 -1 
-1 -1 2 -1 4 5 6 -1 -1 -1 -1 -1 -1 3 -1 -1 -1 -1 -1 -1 1 -1 -1 -1 -1 -1 10 11 -1 23 8 -1 -1 25 -1 -1 -1 -1 30 -1 26 17 9 -1 -1 -1 -1 -1 -1 -1 14 -1 -1 7 -1 -1 -1 -1 29 -1 -1 -1 -1 -1 -1 -1 -1 22 -1 -1 -1 -1 -1 -1 -1 -1 21 -1 -1 -1 -1 -1 -1 -1 20 -1 19 18 -1 -1 
-1 -1 2 -1 4 5 6 -1 -1 -1 -1 -1 -1 3 -1 -1 -1 -1 -1 -1 1 -1 -1 -1 -1 -1 10 11 -1 23 8 -1 -1 25 -1 -1 -1 -1 30 -1 9 17 -1 -1 -1 -1 -1 -1 -1 -1 14 -1 -1 7 -1 -1 -1 -1 29 -1 -1 -1 -1 -1 -1 -1 -1 22 -1 -1 -1 -1 -1 -1 -1 -1 21 -1 -1 -1 -1 -1 -1 -1 20 -1 19 18 -1 -1 
-1 -1 2 -1 4 5 6 -1 -1 -1 -1 -1 -1 3 -1 -1 -1 -1 -1 -1 1 -1 -1 -1 -1 -1 10 11 -1 -1 8 -1 -1 25 -1 -1 -1 -1 30 -1 23 17 -1 -1 -1 -1 -1 -1 -1 -1 14 -1 -1 7 -1 -1 -1 -1 29 -1 -1 -1 -1 -1 -1 -1 -1 22 -1 -1 -1 -1 -1 -1 -1 -1 21 -1 -1 -1 -1 -1 -1 -1 20 -1 19 18 -1 -1 
-1 -1 2 -1 4 5 6 -1 -1 -1 -1 -1 -1 3 -1 -1 -1 -1 -1 -1 -1 -1 -1 -1 -1 -1 10 11 -1 -1 8 1 -1 25 -1 -1 -1 -1 30 -1 23 17 -1 -1 -1 -1 -1 -1 -1 -1 14 -1 -1 7 -1 -1 -1 -1 29 -1 -1 -1 -1 -1 -1 -1 -1 22 -1 -1 -1 -1 -1 -1 -1 -1 21 -1 -1 -1 -1 -1 -1 -1 20 -1 19 18 -1 -1 
-1 -1 2 -1 4 5 6 -1 -1 -1 -1 -1 -1 3 -1 -1 -1 -1 -1 -1 -1 -1 -1 -1 17 -1 10 11 -1 -1 8 1 -1 25 -1 -1 -1 -1 30 -1 23 -1 -1 -1 -1 -1 -1 -1 -1 -1 14 -1 -1 7 -1 -1 -1 -1 29 -1 -1 -1 -1 -1 -1 -1 -1 22 -1 -1 -1 -1 -1 -1 -1 -1 21 -1 -1 -1 -1 -1 -1 -1 20 -1 19 18 -1 -1 
-1 -1 2 -1 4 5 6 -1 -1 -1 -1 -1 -1 -1 -1 -1 -1 -1 -1 -1 -1 -1 -1 3 17 -1 10 11 -1 -1 8 1 -1 25 -1 -1 -1 -1 30 -1 23 -1 -1 -1 -1 -1 -1 -1 -1 -1 14 -1 -1 7 -1 -1 -1 -1 29 -1 -1 -1 -1 -1 -1 -1 -1 22 -1 -1 -1 -1 -1 -1 -1 -1 21 -1 -1 -1 -1 -1 -1 -1 20 -1 19 18 -1 -1 
-1 -1 2 -1 4 5 25 -1 -1 -1 -1 -1 -1 -1 -1 -1 -1 -1 -1 -1 -1 -1 -1 3 17 -1 10 11 -1 -1 8 1 -1 -1 -1 -1 -1 -1 30 -1 23 -1 -1 -1 -1 -1 -1 -1 -1 -1 14 -1 -1 7 -1 -1 -1 -1 29 -1 -1 -1 -1 -1 -1 -1 -1 22 -1 -1 -1 -1 -1 -1 -1 -1 21 -1 -1 -1 -1 -1 -1 -1 20 -1 19 18 -1 -1 
-1 -1 2 -1 4 5 25 -1 -1 -1 -1 -1 -1 -1 -1 -1 -1 -1 -1 -1 -1 -1 -1 -1 17 -1 10 11 -1 -1 8 3 -1 -1 -1 -1 -1 -1 30 -1 23 -1 -1 -1 -1 -1 -1 -1 -1 -1 14 -1 -1 7 -1 -1 -1 -1 29 -1 -1 -1 -1 -1 -1 -1 -1 22 -1 -1 -1 -1 -1 -1 -1 -1 21 -1 -1 -1 -1 -1 -1 -1 20 -1 19 18 -1 -1 
-1 -1 2 -1 4 5 25 -1 -1 -1 -1 -1 -1 -1 -1 -1 -1 -1 -1 -1 -1 -1 -1 -1 -1 -1 10 11 -1 -1 8 3 -1 -1 -1 -1 -1 -1 30 -1 23 -1 -1 17 -1 -1 -1 -1 -1 -1 14 -1 -1 7 -1 -1 -1 -1 29 -1 -1 -1 -1 -1 -1 -1 -1 22 -1 -1 -1 -1 -1 -1 -1 -1 21 -1 -1 -1 -1 -1 -1 -1 20 -1 19 18 -1 -1 
-1 -1 2 -1 4 5 25 -1 -1 -1 -1 -1 -1 -1 -1 -1 -1 -1 -1 -1 -1 -1 -1 -1 -1 -1 10 11 -1 -1 8 3 -1 -1 7 -1 -1 -1 30 -1 23 -1 -1 17 -1 -1 -1 -1 -1 -1 14 -1 -1 -1 -1 -1 -1 -1 29 -1 -1 -1 -1 -1 -1 -1 -1 22 -1 -1 -1 -1 -1 -1 -1 -1 21 -1 -1 -1 -1 -1 -1 -1 20 -1 19 18 -1 -1 
-1 -1 2 -1 4 5 25 -1 -1 -1 -1 -1 -1 -1 -1 -1 -1 -1 -1 -1 -1 -1 -1 -1 -1 -1 10 11 -1 30 8 3 -1 -1 7 -1 -1 -1 -1 -1 23 -1 -1 17 -1 -1 -1 -1 -1 -1 14 -1 -1 -1 -1 -1 -1 -1 29 -1 -1 -1 -1 -1 -1 -1 -1 22 -1 -1 -1 -1 -1 -1 -1 -1 21 -1 -1 -1 -1 -1 -1 -1 20 -1 19 18 -1 -1 
-1 -1 2 -1 4 5 25 -1 -1 -1 -1 -1 -1 -1 -1 -1 -1 -1 -1 -1 -1 -1 -1 -1 -1 -1 10 11 -1 30 8 -1 -1 -1 7 -1 -1 -1 -1 -1 23 -1 1 17 -1 -1 -1 -1 -1 -1 14 -1 -1 -1 -1 -1 -1 -1 29 -1 -1 -1 -1 -1 -1 -1 -1 22 -1 -1 -1 -1 -1 -1 -1 -1 21 -1 -1 -1 -1 -1 -1 -1 20 -1 19 18 -1 -1 
-1 -1 2 -1 4 5 25 -1 -1 -1 -1 -1 -1 -1 -1 -1 -1 -1 -1 -1 -1 -1 -1 -1 -1 -1 10 11 -1 30 8 -1 -1 23 7 -1 -1 -1 -1 -1 -1 -1 1 17 -1 -1 -1 -1 -1 -1 14 -1 -1 -1 -1 -1 -1 -1 29 -1 -1 -1 -1 -1 -1 -1 -1 22 -1 -1 -1 -1 -1 -1 -1 -1 21 -1 -1 -1 -1 -1 -1 -1 20 -1 19 18 -1 -1 
-1 -1 -1 -1 4 5 25 -1 -1 -1 -1 -1 -1 -1 -1 -1 -1 -1 -1 -1 -1 -1 2 -1 -1 -1 10 11 -1 30 8 -1 -1 23 7 -1 -1 -1 -1 -1 -1 -1 1 17 -1 -1 -1 -1 -1 -1 14 -1 -1 -1 -1 -1 -1 -1 29 -1 -1 -1 -1 -1 -1 -1 -1 22 -1 -1 -1 -1 -1 -1 -1 -1 21 -1 -1 -1 -1 -1 -1 -1 20 -1 19 18 -1 -1 
-1 -1 -1 -1 4 5 -1 -1 -1 -1 -1 -1 -1 -1 -1 -1 -1 -1 -1 -1 -1 -1 2 -1 25 -1 10 11 -1 30 8 -1 -1 23 7 -1 -1 -1 -1 -1 -1 -1 1 17 -1 -1 -1 -1 -1 -1 14 -1 -1 -1 -1 -1 -1 -1 29 -1 -1 -1 -1 -1 -1 -1 -1 22 -1 -1 -1 -1 -1 -1 -1 -1 21 -1 -1 -1 -1 -1 -1 -1 20 -1 19 18 -1 -1 
-1 -1 -1 -1 4 5 -1 -1 -1 -1 -1 -1 -1 -1 -1 -1 -1 -1 -1 -1 -1 -1 2 -1 25 -1 10 11 -1 30 8 -1 -1 23 7 -1 -1 -1 -1 -1 -1 -1 1 17 -1 -1 -1 -1 -1 -1 -1 -1 -1 -1 -1 -1 -1 -1 29 14 -1 -1 -1 -1 -1 -1 -1 22 -1 -1 -1 -1 -1 -1 -1 -1 21 -1 -1 -1 -1 -1 -1 -1 20 -1 19 18 -1 -1 
-1 -1 -1 -1 4 5 -1 -1 -1 -1 -1 -1 -1 -1 -1 -1 -1 -1 -1 -1 -1 -1 23 -1 25 -1 10 11 -1 30 8 -1 -1 -1 7 -1 -1 -1 -1 -1 -1 -1 1 17 -1 -1 -1 -1 -1 -1 -1 -1 -1 -1 -1 -1 -1 -1 29 14 -1 -1 -1 -1 -1 -1 -1 22 -1 -1 -1 -1 -1 -1 -1 -1 21 -1 -1 -1 -1 -1 -1 -1 20 -1 19 18 -1 -1 
-1 -1 -1 -1 4 5 -1 -1 -1 -1 -1 -1 -1 -1 -1 -1 -1 -1 -1 -1 -1 -1 23 -1 25 -1 -1 11 -1 30 8 -1 -1 -1 7 10 -1 -1 -1 -1 -1 -1 1 17 -1 -1 -1 -1 -1 -1 -1 -1 -1 -1 -1 -1 -1 -1 29 14 -1 -1 -1 -1 -1 -1 -1 22 -1 -1 -1 -1 -1 -1 -1 -1 21 -1 -1 -1 -1 -1 -1 -1 20 -1 19 18 -1 -1 
-1 -1 -1 -1 4 5 -1 -1 -1 -1 -1 -1 -1 -1 -1 -1 -1 -1 -1 -1 -1 -1 23 -1 25 -1 -1 11 -1 30 8 -1 -1 -1 7 10 -1 -1 -1 -1 -1 -1 1 17 -1 -1 -1 -1 -1 29 -1 -1 -1 -1 -1 -1 -1 -1 -1 14 -1 -1 -1 -1 -1 -1 -1 22 -1 -1 -1 -1 -1 -1 -1 -1 21 -1 -1 -1 -1 -1 -1 -1 20 -1 19 18 -1 -1 
-1 -1 -1 -1 4 5 -1 -1 -1 -1 -1 -1 -1 -1 -1 -1 -1 -1 -1 -1 -1 -1 23 -1 25 -1 -1 11 -1 30 8 -1 -1 -1 7 10 -1 -1 -1 -1 -1 -1 -1 17 -1 -1 -1 -1 -1 1 -1 -1 -1 -1 -1 -1 -1 -1 -1 14 -1 -1 -1 -1 -1 -1 -1 22 -1 -1 -1 -1 -1 -1 -1 -1 21 -1 -1 -1 -1 -1 -1 -1 20 -1 19 18 -1 -1 
-1 -1 -1 -1 4 5 -1 -1 -1 -1 -1 -1 -1 -1 -1 -1 -1 -1 -1 -1 -1 -1 23 -1 -1 -1 -1 11 -1 30 8 -1 -1 -1 7 10 -1 -1 -1 -1 -1 -1 -1 17 -1 -1 -1 -1 -1 1 -1 25 -1 -1 -1 -1 -1 -1 -1 14 -1 -1 -1 -1 -1 -1 -1 22 -1 -1 -1 -1 -1 -1 -1 -1 21 -1 -1 -1 -1 -1 -1 -1 20 -1 19 18 -1 -1 
-1 -1 -1 -1 4 5 -1 -1 -1 -1 -1 -1 -1 -1 -1 -1 -1 -1 -1 -1 -1 -1 23 -1 -1 -1 -1 11 -1 30 8 -1 -1 -1 7 10 -1 -1 -1 3 -1 -1 -1 17 -1 -1 -1 -1 -1 1 -1 25 -1 -1 -1 -1 -1 -1 -1 14 -1 -1 -1 -1 -1 -1 -1 22 -1 -1 -1 -1 -1 -1 -1 -1 21 -1 -1 -1 -1 -1 -1 -1 20 -1 19 18 -1 -1 
-1 -1 -1 -1 4 5 -1 -1 -1 -1 -1 -1 -1 -1 -1 -1 -1 -1 -1 -1 30 -1 23 -1 -1 -1 -1 11 -1 -1 8 -1 -1 -1 7 10 -1 -1 -1 3 -1 -1 -1 17 -1 -1 -1 -1 -1 1 -1 25 -1 -1 -1 -1 -1 -1 -1 14 -1 -1 -1 -1 -1 -1 -1 22 -1 -1 -1 -1 -1 -1 -1 -1 21 -1 -1 -1 -1 -1 -1 -1 20 -1 19 18 -1 -1 
-1 -1 -1 -1 4 5 -1 -1 -1 -1 -1 -1 -1 -1 -1 -1 -1 -1 -1 -1 30 -1 23 -1 -1 -1 -1 11 -1 -1 8 -1 -1 -1 7 10 -1 -1 1 3 -1 -1 -1 17 -1 -1 -1 -1 -1 -1 -1 25 -1 -1 -1 -1 -1 -1 -1 14 -1 -1 -1 -1 -1 -1 -1 22 -1 -1 -1 -1 -1 -1 -1 -1 21 -1 -1 -1 -1 -1 -1 -1 20 -1 19 18 -1 -1 
-1 -1 -1 -1 4 5 -1 -1 -1 -1 -1 -1 -1 -1 -1 -1 -1 -1 -1 -1 30 -1 23 -1 -1 -1 -1 11 -1 -1 8 -1 -1 -1 7 10 -1 -1 1 3 -1 -1 -1 17 -1 -1 -1 -1 -1 -1 -1 -1 25 -1 -1 -1 -1 -1 -1 14 -1 -1 -1 -1 -1 -1 -1 22 -1 -1 -1 -1 -1 -1 -1 -1 21 -1 -1 -1 -1 -1 -1 -1 20 -1 19 18 -1 -1 
-1 -1 -1 -1 4 5 -1 -1 -1 -1 -1 -1 -1 -1 -1 7 -1 -1 -1 -1 30 -1 23 -1 -1 -1 -1 11 -1 -1 8 -1 -1 -1 -1 10 -1 -1 1 3 -1 -1 -1 17 -1 -1 -1 -1 -1 -1 -1 -1 25 -1 -1 -1 -1 -1 -1 14 -1 -1 -1 -1 -1 -1 -1 22 -1 -1 -1 -1 -1 -1 -1 -1 21 -1 -1 -1 -1 -1 -1 -1 20 -1 19 18 -1 -1 
-1 -1 -1 -1 4 5 -1 -1 -1 -1 -1 -1 -1 -1 -1 7 -1 -1 -1 -1 30 -1 -1 -1 -1 -1 -1 11 -1 -1 8 -1 -1 -1 -1 10 -1 -1 1 3 -1 23 -1 17 -1 -1 -1 -1 -1 -1 -1 -1 25 -1 -1 -1 -1 -1 -1 14 -1 -1 -1 -1 -1 -1 -1 22 -1 -1 -1 -1 -1 -1 -1 -1 21 -1 -1 -1 -1 -1 -1 -1 20 -1 19 18 -1 -1 
-1 -1 -1 -1 4 -1 -1 -1 -1 -1 -1 -1 -1 -1 -1 7 -1 -1 -1 -1 30 -1 -1 -1 -1 -1 -1 11 -1 -1 8 -1 -1 -1 -1 10 -1 -1 1 3 -1 23 -1 17 -1 -1 -1 -1 -1 -1 -1 -1 25 -1 -1 -1 -1 -1 -1 14 -1 -1 -1 -1 -1 -1 -1 22 -1 -1 -1 -1 -1 -1 -1 -1 21 -1 -1 -1 -1 -1 -1 -1 20 -1 19 18 -1 -1 
-1 -1 -1 -1 4 -1 -1 -1 -1 -1 -1 -1 -1 -1 -1 7 -1 -1 -1 -1 30 -1 -1 -1 17 -1 -1 11 -1 -1 8 -1 -1 -1 -1 10 -1 -1 1 3 -1 23 -1 -1 -1 -1 -1 -1 -1 -1 -1 -1 25 -1 -1 -1 -1 -1 -1 14 -1 -1 -1 -1 -1 -1 -1 22 -1 -1 -1 -1 -1 -1 -1 -1 21 -1 -1 -1 -1 -1 -1 -1 20 -1 19 18 -1 -1 
-1 -1 -1 -1 4 -1 -1 -1 -1 -1 -1 -1 -1 -1 -1 7 -1 -1 -1 -1 30 -1 -1 -1 17 -1 -1 11 -1 -1 8 -1 10 -1 -1 -1 -1 -1 1 3 -1 23 -1 -1 -1 -1 -1 -1 -1 -1 -1 -1 25 -1 -1 -1 -1 -1 -1 14 -1 -1 -1 -1 -1 -1 -1 22 -1 -1 -1 -1 -1 -1 -1 -1 21 -1 -1 -1 -1 -1 -1 -1 20 -1 19 18 -1 -1 
-1 -1 -1 -1 4 -1 -1 -1 -1 -1 -1 -1 -1 -1 -1 7 -1 -1 -1 -1 30 -1 -1 -1 17 -1 -1 11 -1 -1 8 -1 10 -1 -1 -1 -1 -1 1 3 -1 23 -1 25 -1 -1 -1 -1 -1 -1 -1 -1 -1 -1 -1 -1 -1 -1 -1 14 -1 -1 -1 -1 -1 -1 -1 22 -1 -1 -1 -1 -1 -1 -1 -1 21 -1 -1 -1 -1 -1 -1 -1 20 -1 19 18 -1 -1 
-1 -1 -1 -1 4 -1 -1 -1 -1 -1 -1 -1 -1 -1 -1 7 -1 -1 -1 -1 30 -1 -1 -1 17 -1 -1 11 -1 -1 8 -1 10 -1 -1 -1 -1 -1 -1 3 -1 23 -1 25 -1 -1 -1 -1 -1 -1 -1 -1 -1 -1 -1 -1 -1 1 -1 14 -1 -1 -1 -1 -1 -1 -1 22 -1 -1 -1 -1 -1 -1 -1 -1 21 -1 -1 -1 -1 -1 -1 -1 20 -1 19 18 -1 -1 
-1 -1 -1 -1 4 -1 -1 -1 -1 -1 -1 -1 -1 -1 -1 7 -1 -1 -1 -1 30 -1 -1 -1 17 -1 -1 11 -1 -1 8 -1 10 -1 -1 -1 -1 -1 -1 3 -1 -1 -1 25 -1 -1 -1 -1 23 -1 -1 -1 -1 -1 -1 -1 -1 1 -1 14 -1 -1 -1 -1 -1 -1 -1 22 -1 -1 -1 -1 -1 -1 -1 -1 21 -1 -1 -1 -1 -1 -1 -1 20 -1 19 18 -1 -1 
-1 -1 -1 -1 4 -1 -1 -1 -1 -1 -1 -1 -1 -1 -1 7 -1 -1 -1 -1 30 -1 -1 -1 17 -1 -1 11 -1 -1 8 -1 10 -1 -1 -1 -1 -1 -1 3 -1 -1 -1 25 -1 -1 -1 -1 23 -1 -1 -1 -1 -1 -1 -1 -1 1 -1 -1 14 -1 -1 -1 -1 -1 -1 22 -1 -1 -1 -1 -1 -1 -1 -1 21 -1 -1 -1 -1 -1 -1 -1 20 -1 19 18 -1 -1 
-1 -1 -1 -1 4 -1 -1 -1 -1 -1 -1 -1 -1 -1 -1 7 -1 -1 -1 -1 30 -1 -1 -1 17 -1 -1 11 -1 -1 8 -1 10 -1 -1 -1 -1 -1 -1 3 25 -1 -1 -1 -1 -1 -1 -1 23 -1 -1 -1 -1 -1 -1 -1 -1 1 -1 -1 14 -1 -1 -1 -1 -1 -1 22 -1 -1 -1 -1 -1 -1 -1 -1 21 -1 -1 -1 -1 -1 -1 -1 20 -1 19 18 -1 -1 
-1 -1 -1 -1 -1 4 -1 -1 -1 -1 -1 -1 -1 -1 -1 7 -1 -1 -1 -1 30 -1 -1 -1 17 -1 -1 11 -1 -1 8 -1 10 -1 -1 -1 -1 -1 -1 3 25 -1 -1 -1 -1 -1 -1 -1 23 -1 -1 -1 -1 -1 -1 -1 -1 1 -1 -1 14 -1 -1 -1 -1 -1 -1 22 -1 -1 -1 -1 -1 -1 -1 -1 21 -1 -1 -1 -1 -1 -1 -1 20 -1 19 18 -1 -1 
-1 -1 -1 -1 -1 4 -1 -1 -1 -1 -1 -1 -1 -1 -1 7 -1 -1 -1 -1 30 -1 -1 -1 17 -1 -1 11 -1 -1 8 -1 10 -1 -1 -1 -1 -1 -1 3 -1 -1 25 -1 -1 -1 -1 -1 23 -1 -1 -1 -1 -1 -1 -1 -1 1 -1 -1 14 -1 -1 -1 -1 -1 -1 22 -1 -1 -1 -1 -1 -1 -1 -1 21 -1 -1 -1 -1 -1 -1 -1 20 -1 19 18 -1 -1 
-1 -1 -1 -1 -1 4 -1 -1 -1 -1 -1 -1 -1 -1 -1 7 -1 -1 -1 -1 30 -1 -1 -1 17 -1 -1 11 -1 -1 8 -1 -1 10 -1 -1 -1 -1 -1 3 -1 -1 25 -1 -1 -1 -1 -1 23 -1 -1 -1 -1 -1 -1 -1 -1 1 -1 -1 14 -1 -1 -1 -1 -1 -1 22 -1 -1 -1 -1 -1 -1 -1 -1 21 -1 -1 -1 -1 -1 -1 -1 20 -1 19 18 -1 -1 
-1 -1 -1 -1 -1 4 -1 -1 -1 -1 -1 -1 -1 -1 -1 7 -1 -1 -1 -1 30 -1 -1 -1 17 -1 -1 11 -1 -1 8 -1 -1 10 -1 -1 -1 -1 -1 3 -1 23 25 -1 -1 -1 -1 -1 -1 -1 -1 -1 -1 -1 -1 -1 -1 1 -1 -1 14 -1 -1 -1 -1 -1 -1 22 -1 -1 -1 -1 -1 -1 -1 -1 21 -1 -1 -1 -1 -1 -1 -1 20 -1 19 18 -1 -1 
-1 -1 -1 -1 4 -1 -1 -1 -1 -1 -1 -1 -1 -1 -1 7 -1 -1 -1 -1 30 -1 -1 -1 17 -1 -1 11 -1 -1 8 -1 -1 10 -1 -1 -1 -1 -1 3 -1 23 25 -1 -1 -1 -1 -1 -1 -1 -1 -1 -1 -1 -1 -1 -1 1 -1 -1 14 -1 -1 -1 -1 -1 -1 22 -1 -1 -1 -1 -1 -1 -1 -1 21 -1 -1 -1 -1 -1 -1 -1 20 -1 19 18 -1 -1 
-1 -1 -1 -1 4 -1 -1 -1 -1 -1 -1 -1 -1 -1 -1 7 -1 -1 -1 -1 30 -1 -1 -1 17 -1 -1 11 -1 -1 8 -1 -1 10 -1 -1 -1 -1 -1 3 -1 23 -1 -1 25 -1 -1 -1 -1 -1 -1 -1 -1 -1 -1 -1 -1 1 -1 -1 14 -1 -1 -1 -1 -1 -1 22 -1 -1 -1 -1 -1 -1 -1 -1 21 -1 -1 -1 -1 -1 -1 -1 20 -1 19 18 -1 -1 
-1 -1 -1 -1 4 -1 -1 -1 -1 -1 -1 -1 -1 -1 -1 7 -1 -1 -1 -1 30 -1 -1 -1 17 -1 -1 11 -1 -1 8 -1 -1 10 -1 -1 -1 -1 -1 3 -1 23 -1 -1 25 -1 -1 -1 -1 -1 -1 -1 -1 -1 -1 -1 -1 1 -1 14 -1 -1 -1 -1 -1 -1 -1 22 -1 -1 -1 -1 -1 -1 -1 -1 21 -1 -1 -1 -1 -1 -1 -1 20 -1 19 18 -1 -1 
-1 -1 -1 -1 4 -1 -1 -1 -1 -1 -1 -1 -1 -1 -1 7 -1 -1 -1 -1 30 -1 -1 -1 17 -1 -1 11 -1 -1 8 -1 -1 10 -1 -1 -1 -1 -1 3 -1 23 -1 -1 25 -1 -1 -1 -1 -1 -1 -1 -1 -1 -1 -1 -1 1 -1 14 -1 -1 -1 -1 -1 -1 21 22 -1 -1 -1 -1 -1 -1 -1 -1 -1 -1 -1 -1 -1 -1 -1 -1 20 -1 19 18 -1 -1 
-1 -1 -1 -1 4 -1 -1 -1 -1 -1 -1 -1 -1 -1 -1 -1 -1 -1 -1 -1 30 -1 -1 -1 17 -1 7 11 -1 -1 8 -1 -1 10 -1 -1 -1 -1 -1 3 -1 23 -1 -1 25 -1 -1 -1 -1 -1 -1 -1 -1 -1 -1 -1 -1 1 -1 14 -1 -1 -1 -1 -1 -1 21 22 -1 -1 -1 -1 -1 -1 -1 -1 -1 -1 -1 -1 -1 -1 -1 -1 20 -1 19 18 -1 -1 
-1 -1 -1 -1 4 -1 -1 -1 -1 -1 -1 -1 -1 -1 -1 -1 -1 -1 -1 -1 30 -1 -1 -1 -1 -1 7 11 -1 -1 8 -1 -1 10 -1 17 -1 -1 -1 3 -1 23 -1 -1 25 -1 -1 -1 -1 -1 -1 -1 -1 -1 -1 -1 -1 1 -1 14 -1 -1 -1 -1 -1 -1 21 22 -1 -1 -1 -1 -1 -1 -1 -1 -1 -1 -1 -1 -1 -1 -1 -1 20 -1 19 18 -1 -1 
-1 -1 -1 -1 4 -1 -1 -1 -1 -1 -1 -1 -1 -1 -1 7 -1 -1 -1 -1 30 -1 -1 -1 -1 -1 -1 11 -1 -1 8 -1 -1 10 -1 17 -1 -1 -1 3 -1 23 -1 -1 25 -1 -1 -1 -1 -1 -1 -1 -1 -1 -1 -1 -1 1 -1 14 -1 -1 -1 -1 -1 -1 21 22 -1 -1 -1 -1 -1 -1 -1 -1 -1 -1 -1 -1 -1 -1 -1 -1 20 -1 19 18 -1 -1 
-1 -1 -1 -1 4 -1 -1 -1 -1 -1 -1 -1 -1 -1 -1 7 -1 -1 -1 -1 30 -1 -1 -1 -1 -1 -1 11 -1 -1 8 -1 -1 10 -1 -1 -1 -1 -1 3 -1 23 17 -1 25 -1 -1 -1 -1 -1 -1 -1 -1 -1 -1 -1 -1 1 -1 14 -1 -1 -1 -1 -1 -1 21 22 -1 -1 -1 -1 -1 -1 -1 -1 -1 -1 -1 -1 -1 -1 -1 -1 20 -1 19 18 -1 -1 
-1 -1 -1 -1 4 -1 -1 -1 -1 -1 -1 -1 -1 -1 -1 7 -1 -1 -1 -1 30 -1 -1 -1 -1 -1 -1 11 -1 -1 8 -1 -1 10 -1 -1 -1 -1 -1 3 -1 23 17 -1 25 -1 -1 -1 -1 -1 1 -1 -1 -1 -1 -1 -1 -1 -1 14 -1 -1 -1 -1 -1 -1 21 22 -1 -1 -1 -1 -1 -1 -1 -1 -1 -1 -1 -1 -1 -1 -1 -1 20 -1 19 18 -1 -1 
-1 -1 -1 -1 4 -1 -1 -1 -1 -1 -1 -1 -1 -1 -1 7 -1 -1 -1 -1 30 -1 -1 -1 -1 -1 -1 11 -1 -1 8 -1 -1 10 -1 -1 -1 -1 -1 3 -1 23 -1 -1 25 -1 -1 -1 -1 -1 1 -1 -1 -1 -1 -1 -1 -1 -1 17 -1 -1 -1 -1 -1 -1 21 22 -1 -1 -1 -1 -1 -1 -1 -1 -1 -1 -1 -1 -1 -1 -1 -1 20 -1 19 18 -1 -1 
-1 -1 -1 -1 4 -1 -1 -1 -1 -1 -1 -1 -1 -1 -1 7 -1 -1 -1 -1 30 -1 -1 -1 -1 -1 -1 11 -1 -1 8 -1 10 -1 -1 -1 -1 -1 -1 3 -1 23 -1 -1 25 -1 -1 -1 -1 -1 1 -1 -1 -1 -1 -1 -1 -1 -1 17 -1 -1 -1 -1 -1 -1 21 22 -1 -1 -1 -1 -1 -1 -1 -1 -1 -1 -1 -1 -1 -1 -1 -1 20 -1 19 18 -1 -1 
-1 -1 -1 -1 4 -1 -1 -1 -1 -1 -1 -1 -1 -1 -1 7 -1 -1 -1 -1 30 -1 -1 -1 -1 -1 -1 11 -1 -1 8 -1 10 -1 -1 -1 -1 -1 -1 3 -1 23 -1 -1 25 -1 -1 -1 17 -1 1 -1 -1 -1 -1 -1 -1 -1 -1 -1 -1 -1 -1 -1 -1 -1 21 22 -1 -1 -1 -1 -1 -1 -1 -1 -1 -1 -1 -1 -1 -1 -1 -1 20 -1 19 18 -1 -1 
-1 -1 -1 -1 4 -1 -1 -1 -1 -1 -1 -1 -1 -1 -1 -1 -1 -1 -1 -1 30 -1 7 -1 -1 -1 -1 11 -1 -1 8 -1 10 -1 -1 -1 -1 -1 -1 3 -1 23 -1 -1 25 -1 -1 -1 17 -1 1 -1 -1 -1 -1 -1 -1 -1 -1 -1 -1 -1 -1 -1 -1 -1 21 22 -1 -1 -1 -1 -1 -1 -1 -1 -1 -1 -1 -1 -1 -1 -1 -1 20 -1 19 18 -1 -1 
-1 -1 -1 -1 4 -1 -1 -1 -1 -1 -1 -1 -1 -1 -1 -1 -1 -1 -1 -1 30 -1 7 -1 -1 -1 -1 11 -1 -1 8 17 10 -1 -1 -1 -1 -1 -1 3 -1 23 -1 -1 25 -1 -1 -1 -1 -1 1 -1 -1 -1 -1 -1 -1 -1 -1 -1 -1 -1 -1 -1 -1 -1 21 22 -1 -1 -1 -1 -1 -1 -1 -1 -1 -1 -1 -1 -1 -1 -1 -1 20 -1 19 18 -1 -1 
-1 -1 -1 -1 4 -1 -1 -1 -1 -1 -1 -1 -1 -1 -1 -1 -1 -1 -1 -1 30 -1 -1 -1 -1 -1 -1 11 -1 -1 8 17 10 7 -1 -1 -1 -1 -1 3 -1 23 -1 -1 25 -1 -1 -1 -1 -1 1 -1 -1 -1 -1 -1 -1 -1 -1 -1 -1 -1 -1 -1 -1 -1 21 22 -1 -1 -1 -1 -1 -1 -1 -1 -1 -1 -1 -1 -1 -1 -1 -1 20 -1 19 18 -1 -1 
-1 -1 -1 -1 4 -1 -1 -1 -1 -1 -1 -1 -1 -1 -1 -1 -1 -1 -1 -1 30 -1 -1 -1 -1 -1 -1 11 -1 -1 8 17 10 7 -1 -1 -1 -1 -1 3 -1 23 -1 -1 -1 -1 -1 -1 -1 -1 1 -1 -1 -1 -1 -1 -1 -1 -1 -1 -1 -1 -1 -1 -1 -1 21 22 -1 -1 -1 -1 -1 -1 -1 -1 -1 -1 -1 -1 25 -1 -1 -1 20 -1 19 18 -1 -1 
-1 -1 -1 -1 4 -1 -1 -1 -1 -1 -1 -1 -1 -1 -1 -1 -1 -1 -1 -1 30 -1 -1 -1 -1 -1 -1 11 -1 -1 8 17 10 7 -1 -1 -1 -1 -1 3 -1 23 -1 -1 -1 -1 -1 -1 -1 -1 -1 -1 -1 -1 -1 -1 -1 -1 -1 -1 -1 1 -1 -1 -1 -1 21 22 -1 -1 -1 -1 -1 -1 -1 -1 -1 -1 -1 -1 25 -1 -1 -1 20 -1 19 18 -1 -1 
-1 -1 -1 -1 4 -1 -1 -1 -1 -1 -1 -1 -1 -1 -1 -1 -1 -1 -1 -1 30 -1 -1 -1 -1 -1 -1 11 -1 -1 8 17 10 7 -1 -1 -1 -1 -1 3 -1 23 -1 -1 -1 -1 -1 -1 -1 -1 -1 -1 -1 -1 -1 -1 -1 -1 -1 -1 -1 1 -1 -1 -1 -1 21 22 -1 -1 -1 -1 -1 25 -1 -1 -1 -1 -1 -1 -1 -1 -1 -1 20 -1 19 18 -1 -1 
-1 -1 -1 -1 -1 4 -1 -1 -1 -1 -1 -1 -1 -1 -1 -1 -1 -1 -1 -1 30 -1 -1 -1 -1 -1 -1 11 -1 -1 8 17 10 7 -1 -1 -1 -1 -1 3 -1 23 -1 -1 -1 -1 -1 -1 -1 -1 -1 -1 -1 -1 -1 -1 -1 -1 -1 -1 -1 1 -1 -1 -1 -1 21 22 -1 -1 -1 -1 -1 25 -1 -1 -1 -1 -1 -1 -1 -1 -1 -1 20 -1 19 18 -1 -1 
-1 25 -1 -1 -1 4 -1 -1 -1 -1 -1 -1 -1 -1 -1 -1 -1 -1 -1 -1 30 -1 -1 -1 -1 -1 -1 11 -1 -1 8 17 10 7 -1 -1 -1 -1 -1 3 -1 23 -1 -1 -1 -1 -1 -1 -1 -1 -1 -1 -1 -1 -1 -1 -1 -1 -1 -1 -1 1 -1 -1 -1 -1 21 22 -1 -1 -1 -1 -1 -1 -1 -1 -1 -1 -1 -1 -1 -1 -1 -1 20 -1 19 18 -1 -1 
-1 25 -1 -1 -1 4 -1 -1 -1 -1 -1 -1 -1 -1 -1 -1 -1 -1 -1 -1 30 -1 -1 -1 -1 -1 -1 11 -1 -1 8 17 10 -1 -1 -1 -1 -1 -1 3 -1 23 -1 -1 -1 -1 -1 -1 -1 -1 7 -1 -1 -1 -1 -1 -1 -1 -1 -1 -1 1 -1 -1 -1 -1 21 22 -1 -1 -1 -1 -1 -1 -1 -1 -1 -1 -1 -1 -1 -1 -1 -1 20 -1 19 18 -1 -1 
-1 25 -1 -1 -1 4 -1 -1 -1 -1 -1 30 -1 -1 -1 -1 -1 -1 -1 -1 -1 -1 -1 -1 -1 -1 -1 11 -1 -1 8 17 10 -1 -1 -1 -1 -1 -1 3 -1 23 -1 -1 -1 -1 -1 -1 -1 -1 7 -1 -1 -1 -1 -1 -1 -1 -1 -1 -1 1 -1 -1 -1 -1 21 22 -1 -1 -1 -1 -1 -1 -1 -1 -1 -1 -1 -1 -1 -1 -1 -1 20 -1 19 18 -1 -1 
-1 25 -1 -1 4 -1 -1 -1 -1 -1 -1 30 -1 -1 -1 -1 -1 -1 -1 -1 -1 -1 -1 -1 -1 -1 -1 11 -1 -1 8 17 10 -1 -1 -1 -1 -1 -1 3 -1 23 -1 -1 -1 -1 -1 -1 -1 -1 7 -1 -1 -1 -1 -1 -1 -1 -1 -1 -1 1 -1 -1 -1 -1 21 22 -1 -1 -1 -1 -1 -1 -1 -1 -1 -1 -1 -1 -1 -1 -1 -1 20 -1 19 18 -1 -1 
-1 25 -1 -1 4 -1 -1 -1 -1 -1 -1 30 -1 -1 -1 -1 -1 -1 -1 -1 -1 -1 -1 -1 -1 -1 -1 11 -1 -1 8 -1 10 -1 -1 -1 -1 -1 17 3 -1 23 -1 -1 -1 -1 -1 -1 -1 -1 7 -1 -1 -1 -1 -1 -1 -1 -1 -1 -1 1 -1 -1 -1 -1 21 22 -1 -1 -1 -1 -1 -1 -1 -1 -1 -1 -1 -1 -1 -1 -1 -1 20 -1 19 18 -1 -1 
-1 25 -1 -1 4 -1 -1 -1 -1 -1 -1 30 -1 -1 -1 -1 -1 -1 -1 -1 -1 -1 -1 -1 -1 -1 -1 11 -1 10 8 -1 -1 -1 -1 -1 -1 -1 17 3 -1 23 -1 -1 -1 -1 -1 -1 -1 -1 7 -1 -1 -1 -1 -1 -1 -1 -1 -1 -1 1 -1 -1 -1 -1 21 22 -1 -1 -1 -1 -1 -1 -1 -1 -1 -1 -1 -1 -1 -1 -1 -1 20 -1 19 18 -1 -1 
-1 25 -1 -1 4 -1 -1 -1 -1 -1 -1 30 -1 -1 -1 -1 -1 -1 -1 -1 -1 -1 -1 -1 -1 -1 -1 17 -1 10 8 -1 -1 -1 -1 -1 -1 -1 -1 3 -1 23 -1 -1 -1 -1 -1 -1 -1 -1 7 -1 -1 -1 -1 -1 -1 -1 -1 -1 -1 1 -1 -1 -1 -1 21 22 -1 -1 -1 -1 -1 -1 -1 -1 -1 -1 -1 -1 -1 -1 -1 -1 20 -1 19 18 -1 -1 
-1 25 -1 -1 4 -1 -1 -1 -1 -1 -1 30 -1 -1 -1 -1 -1 -1 -1 -1 -1 -1 -1 -1 -1 -1 -1 17 10 -1 8 -1 -1 -1 -1 -1 -1 -1 -1 3 -1 23 -1 -1 -1 -1 -1 -1 -1 -1 7 -1 -1 -1 -1 -1 -1 -1 -1 -1 -1 1 -1 -1 -1 -1 21 22 -1 -1 -1 -1 -1 -1 -1 -1 -1 -1 -1 -1 -1 -1 -1 -1 20 -1 19 18 -1 -1 
25 -1 -1 -1 4 -1 -1 -1 -1 -1 -1 30 -1 -1 -1 -1 -1 -1 -1 -1 -1 -1 -1 -1 -1 -1 -1 17 10 -1 8 -1 -1 -1 -1 -1 -1 -1 -1 3 -1 23 -1 -1 -1 -1 -1 -1 -1 -1 7 -1 -1 -1 -1 -1 -1 -1 -1 -1 -1 1 -1 -1 -1 -1 21 22 -1 -1 -1 -1 -1 -1 -1 -1 -1 -1 -1 -1 -1 -1 -1 -1 20 -1 19 18 -1 -1 
25 -1 -1 -1 4 -1 -1 -1 -1 -1 -1 30 -1 -1 -1 -1 -1 -1 -1 -1 -1 -1 -1 -1 -1 -1 -1 17 -1 -1 8 -1 10 -1 -1 -1 -1 -1 -1 3 -1 23 -1 -1 -1 -1 -1 -1 -1 -1 7 -1 -1 -1 -1 -1 -1 -1 -1 -1 -1 1 -1 -1 -1 -1 21 22 -1 -1 -1 -1 -1 -1 -1 -1 -1 -1 -1 -1 -1 -1 -1 -1 20 -1 19 18 -1 -1 
25 -1 30 -1 4 -1 -1 -1 -1 -1 -1 -1 -1 -1 -1 -1 -1 -1 -1 -1 -1 -1 -1 -1 -1 -1 -1 17 -1 -1 8 -1 10 -1 -1 -1 -1 -1 -1 3 -1 23 -1 -1 -1 -1 -1 -1 -1 -1 7 -1 -1 -1 -1 -1 -1 -1 -1 -1 -1 1 -1 -1 -1 -1 21 22 -1 -1 -1 -1 -1 -1 -1 -1 -1 -1 -1 -1 -1 -1 -1 -1 20 -1 19 18 -1 -1 
25 -1 30 -1 4 -1 -1 -1 -1 -1 -1 -1 -1 -1 -1 -1 -1 -1 -1 -1 -1 -1 -1 -1 -1 -1 -1 17 -1 -1 8 -1 10 -1 -1 -1 -1 -1 -1 3 -1 23 -1 -1 -1 -1 -1 -1 -1 -1 7 -1 -1 -1 -1 -1 -1 -1 -1 -1 -1 1 -1 -1 -1 -1 21 22 -1 -1 -1 -1 -1 -1 -1 -1 -1 -1 -1 -1 -1 -1 -1 -1 20 -1 19 18 -1 -1 
25 -1 30 -1 4 -1 -1 -1 -1 -1 17 -1 -1 -1 -1 -1 -1 -1 -1 -1 -1 -1 -1 -1 -1 -1 -1 -1 -1 -1 8 -1 10 -1 -1 -1 -1 -1 -1 3 -1 23 -1 -1 -1 -1 -1 -1 -1 -1 7 -1 -1 -1 -1 -1 -1 -1 -1 -1 -1 1 -1 -1 -1 -1 21 22 -1 -1 -1 -1 -1 -1 -1 -1 -1 -1 -1 -1 -1 -1 -1 -1 20 -1 19 18 -1 -1 
25 -1 30 -1 -1 -1 -1 -1 -1 -1 17 -1 -1 4 -1 -1 -1 -1 -1 -1 -1 -1 -1 -1 -1 -1 -1 -1 -1 -1 8 -1 10 -1 -1 -1 -1 -1 -1 3 -1 23 -1 -1 -1 -1 -1 -1 -1 -1 7 -1 -1 -1 -1 -1 -1 -1 -1 -1 -1 1 -1 -1 -1 -1 21 22 -1 -1 -1 -1 -1 -1 -1 -1 -1 -1 -1 -1 -1 -1 -1 -1 20 -1 19 18 -1 -1 
-1 -1 30 -1 -1 -1 -1 -1 -1 -1 17 -1 -1 4 -1 -1 -1 -1 -1 -1 -1 -1 -1 -1 -1 -1 -1 -1 -1 -1 8 -1 10 -1 -1 -1 -1 -1 -1 3 -1 23 -1 -1 -1 -1 -1 -1 -1 -1 7 -1 -1 -1 -1 -1 -1 -1 -1 -1 -1 1 -1 -1 -1 -1 21 22 -1 -1 -1 -1 25 -1 -1 -1 -1 -1 -1 -1 -1 -1 -1 -1 20 -1 19 18 -1 -1 
-1 -1 30 -1 -1 -1 -1 -1 -1 -1 17 -1 -1 4 -1 -1 -1 -1 -1 -1 -1 -1 -1 -1 -1 -1 -1 -1 -1 -1 8 -1 10 -1 -1 -1 -1 -1 -1 3 -1 23 -1 -1 -1 -1 -1 -1 -1 -1 -1 -1 -1 -1 -1 -1 -1 -1 -1 -1 -1 1 -1 -1 -1 -1 21 22 -1 7 -1 -1 25 -1 -1 -1 -1 -1 -1 -1 -1 -1 -1 -1 20 -1 19 18 -1 -1 
-1 -1 30 -1 -1 -1 -1 -1 -1 -1 -1 -1 -1 4 -1 -1 -1 -1 -1 -1 -1 17 -1 -1 -1 -1 -1 -1 -1 -1 8 -1 10 -1 -1 -1 -1 -1 -1 3 -1 23 -1 -1 -1 -1 -1 -1 -1 -1 -1 -1 -1 -1 -1 -1 -1 -1 -1 -1 -1 1 -1 -1 -1 -1 21 22 -1 7 -1 -1 25 -1 -1 -1 -1 -1 -1 -1 -1 -1 -1 -1 20 -1 19 18 -1 -1 
-1 -1 30 -1 -1 -1 -1 -1 -1 -1 -1 -1 -1 -1 -1 -1 -1 -1 -1 -1 -1 17 4 -1 -1 -1 -1 -1 -1 -1 8 -1 10 -1 -1 -1 -1 -1 -1 3 -1 23 -1 -1 -1 -1 -1 -1 -1 -1 -1 -1 -1 -1 -1 -1 -1 -1 -1 -1 -1 1 -1 -1 -1 -1 21 22 -1 7 -1 -1 25 -1 -1 -1 -1 -1 -1 -1 -1 -1 -1 -1 20 -1 19 18 -1 -1 
-1 -1 30 -1 -1 -1 -1 -1 -1 -1 -1 -1 -1 -1 -1 -1 -1 -1 -1 -1 -1 -1 4 -1 -1 -1 -1 -1 17 -1 8 -1 10 -1 -1 -1 -1 -1 -1 3 -1 23 -1 -1 -1 -1 -1 -1 -1 -1 -1 -1 -1 -1 -1 -1 -1 -1 -1 -1 -1 1 -1 -1 -1 -1 21 22 -1 7 -1 -1 25 -1 -1 -1 -1 -1 -1 -1 -1 -1 -1 -1 20 -1 19 18 -1 -1 
-1 -1 30 -1 -1 -1 -1 -1 -1 -1 -1 -1 -1 -1 -1 -1 -1 -1 -1 -1 -1 -1 4 -1 -1 -1 -1 -1 17 -1 8 -1 10 -1 -1 -1 -1 -1 -1 3 -1 23 -1 -1 -1 -1 -1 -1 -1 -1 1 -1 -1 -1 -1 -1 -1 -1 -1 -1 -1 -1 -1 -1 -1 -1 21 22 -1 7 -1 -1 25 -1 -1 -1 -1 -1 -1 -1 -1 -1 -1 -1 20 -1 19 18 -1 -1 
-1 -1 30 -1 -1 -1 -1 -1 -1 -1 -1 -1 -1 -1 -1 -1 -1 -1 -1 -1 -1 -1 4 -1 -1 -1 -1 25 17 -1 8 -1 10 -1 -1 -1 -1 -1 -1 3 -1 23 -1 -1 -1 -1 -1 -1 -1 -1 1 -1 -1 -1 -1 -1 -1 -1 -1 -1 -1 -1 -1 -1 -1 -1 21 22 -1 7 -1 -1 -1 -1 -1 -1 -1 -1 -1 -1 -1 -1 -1 -1 20 -1 19 18 -1 -1 
-1 -1 30 -1 -1 -1 -1 -1 -1 -1 -1 -1 -1 -1 -1 -1 -1 -1 -1 -1 -1 -1 4 -1 -1 -1 -1 25 17 -1 8 -1 10 -1 -1 -1 -1 -1 -1 3 -1 23 -1 1 -1 -1 -1 -1 -1 -1 -1 -1 -1 -1 -1 -1 -1 -1 -1 -1 -1 -1 -1 -1 -1 -1 21 22 -1 7 -1 -1 -1 -1 -1 -1 -1 -1 -1 -1 -1 -1 -1 -1 20 -1 19 18 -1 -1 
-1 -1 30 -1 -1 -1 -1 -1 -1 -1 -1 -1 -1 -1 -1 -1 -1 -1 -1 -1 -1 -1 4 -1 -1 -1 -1 -1 17 -1 8 -1 25 -1 -1 -1 -1 -1 -1 3 -1 23 -1 1 -1 -1 -1 -1 -1 -1 -1 -1 -1 -1 -1 -1 -1 -1 -1 -1 -1 -1 -1 -1 -1 -1 21 22 -1 7 -1 -1 -1 -1 -1 -1 -1 -1 -1 -1 -1 -1 -1 -1 20 -1 19 18 -1 -1 
-1 -1 30 -1 -1 -1 -1 -1 -1 -1 -1 -1 -1 -1 -1 -1 -1 -1 -1 -1 -1 -1 4 -1 -1 -1 -1 -1 17 -1 8 -1 1 -1 -1 -1 -1 -1 -1 3 -1 23 -1 -1 -1 -1 -1 -1 -1 -1 -1 -1 -1 -1 -1 -1 -1 -1 -1 -1 -1 -1 -1 -1 -1 -1 21 22 -1 7 -1 -1 -1 -1 -1 -1 -1 -1 -1 -1 -1 -1 -1 -1 20 -1 19 18 -1 -1 
-1 -1 30 -1 -1 -1 -1 -1 -1 -1 -1 -1 -1 -1 -1 -1 -1 -1 -1 -1 -1 -1 4 -1 -1 -1 -1 -1 -1 -1 8 -1 1 -1 -1 -1 -1 -1 -1 17 -1 23 -1 -1 -1 -1 -1 -1 -1 -1 -1 -1 -1 -1 -1 -1 -1 -1 -1 -1 -1 -1 -1 -1 -1 -1 21 22 -1 7 -1 -1 -1 -1 -1 -1 -1 -1 -1 -1 -1 -1 -1 -1 20 -1 19 18 -1 -1 
-1 -1 30 -1 -1 -1 -1 -1 -1 -1 -1 -1 -1 -1 -1 -1 -1 -1 -1 -1 -1 -1 -1 4 -1 -1 -1 -1 -1 -1 8 -1 1 -1 -1 -1 -1 -1 -1 17 -1 23 -1 -1 -1 -1 -1 -1 -1 -1 -1 -1 -1 -1 -1 -1 -1 -1 -1 -1 -1 -1 -1 -1 -1 -1 21 22 -1 7 -1 -1 -1 -1 -1 -1 -1 -1 -1 -1 -1 -1 -1 -1 20 -1 19 18 -1 -1 
-1 -1 30 -1 -1 -1 -1 -1 -1 -1 -1 -1 -1 -1 -1 -1 -1 -1 -1 -1 -1 -1 -1 4 -1 -1 -1 -1 -1 -1 8 -1 17 -1 -1 -1 -1 -1 -1 -1 -1 23 -1 -1 -1 -1 -1 -1 -1 -1 -1 -1 -1 -1 -1 -1 -1 -1 -1 -1 -1 -1 -1 -1 -1 -1 21 22 -1 7 -1 -1 -1 -1 -1 -1 -1 -1 -1 -1 -1 -1 -1 -1 20 -1 19 18 -1 -1 
