0 1 2 3 4 5 6 7 8 -1 -1 -1 -1 -1 -1 -1 -1 -1 -1 9 -1 -1 -1 -1 -1 10 -1 11 -1 12 -1 13 -1 14 -1 15 -1 -1 -1 -1 -1 -1 -1 -1 -1 -1 -1 -1 -1 -1 -1 -1 -1 -1 -1 -1 -1 -1 29 -1 28 -1 27 -1 26 -1 -1 -1 -1 17 25 -1 -1 -1 -1 -1 -1 -1 -1 -1 -1 24 31 22 21 20 19 18 -1 16 
0 1 2 3 4 5 6 7 8 -1 -1 -1 -1 -1 -1 -1 -1 -1 -1 9 -1 -1 -1 -1 -1 10 -1 11 -1 12 -1 13 -1 -1 -1 15 -1 -1 -1 -1 -1 -1 14 -1 -1 -1 -1 -1 -1 -1 -1 -1 -1 -1 -1 -1 -1 -1 29 -1 28 -1 27 -1 26 -1 -1 -1 -1 17 25 -1 -1 -1 -1 -1 -1 -1 -1 -1 -1 24 31 22 21 20 19 18 -1 16 
0 1 2 3 4 5 6 7 8 -1 -1 -1 -1 -1 -1 -1 -1 -1 -1 9 -1 -1 -1 -1 -1 10 -1 11 -1 12 -1 13 -1 -1 -1 15 -1 -1 -1 -1 -1 -1 14 -1 -1 -1 -1 -1 -1 -1 -1 -1 -1 -1 -1 -1 -1 -1 29 -1 28 -1 27 -1 -1 -1 -1 26 -1 17 25 -1 -1 -1 -1 -1 -1 -1 -1 -1 -1 24 31 22 21 20 19 18 -1 16 
0 -1 2 3 4 5 6 7 8 -1 -1 -1 -1 -1 -1 -1 -1 -1 -1 9 1 -1 -1 -1 -1 10 -1 11 -1 12 -1 13 -1 -1 -1 15 -1 -1 -1 -1 -1 -1 14 -1 -1 -1 -1 -1 -1 -1 -1 -1 -1 -1 -1 -1 -1 -1 29 -1 28 -1 27 -1 -1 -1 -1 26 -1 17 25 -1 -1 -1 -1 -1 -1 -1 -1 -1 -1 24 31 22 21 20 19 18 -1 16 
0 -1 2 3 4 5 6 7 8 -1 -1 -1 -1 -1 -1 -1 -1 -1 -1 9 1 -1 -1 -1 -1 10 -1 11 -1 12 -1 13 -1 -1 -1 15 -1 -1 -1 -1 -1 -1 14 -1 -1 -1 -1 -1 -1 -1 -1 -1 -1 -1 -1 -1 -1 -1 29 -1 28 -1 27 -1 -1 23 -1 26 -1 17 25 -1 -1 -1 -1 -1 -1 -1 -1 -1 -1 24 -1 22 21 20 19 18 -1 16 
0 -1 2 3 4 5 6 -1 8 -1 -1 -1 -1 -1 -1 -1 -1 -1 -1 9 1 -1 -1 -1 7 10 -1 11 -1 12 -1 13 -1 -1 -1 15 -1 -1 -1 -1 -1 -1 14 -1 -1 -1 -1 -1 -1 -1 -1 -1 -1 -1 -1 -1 -1 -1 29 -1 28 -1 27 -1 -1 23 -1 26 -1 17 25 -1 -1 -1 -1 -1 -1 -1 -1 -1 -1 24 -1 22 21 20 19 18 -1 16 
0 -1 2 3 4 5 6 -1 8 -1 -1 -1 -1 -1 -1 -1 -1 -1 -1 9 1 -1 -1 -1 7 10 -1 11 -1 12 -1 13 -1 -1 -1 15 -1 -1 -1 -1 -1 -1 14 -1 -1 -1 -1 -1 -1 -1 -1 -1 -1 -1 -1 -1 -1 -1 29 -1 28 -1 27 -1 -1 23 -1 26 -1 17 25 -1 24 -1 -1 -1 -1 -1 -1 -1 -1 -1 -1 22 21 20 19 18 -1 16 
0 -1 2 -1 4 5 6 -1 8 -1 -1 -1 -1 3 -1 -1 -1 -1 -1 9 1 -1 -1 -1 7 10 -1 11 -1 12 -1 13 -1 -1 -1 15 -1 -1 -1 -1 -1 -1 14 -1 -1 -1 -1 -1 -1 -1 -1 -1 -1 -1 -1 -1 -1 -1 29 -1 28 -1 27 -1 -1 23 -1 26 -1 17 25 -1 24 -1 -1 -1 -1 -1 -1 -1 -1 -1 -1 22 21 20 19 18 -1 16 
0 -1 2 -1 4 5 6 -1 8 -1 -1 -1 -1 3 -1 -1 -1 -1 -1 9 1 -1 -1 -1 7 10 -1 11 -1 12 -1 13 -1 -1 -1 15 -1 -1 -1 -1 -1 -1 14 -1 -1 -1 -1 -1 -1 29 -1 -1 -1 -1 -1 -1 -1 -1 -1 -1 28 -1 27 -1 -1 23 -1 26 -1 17 25 -1 24 -1 -1 -1 -1 -1 -1 -1 -1 -1 -1 22 21 20 19 18 -1 16 
0 -1 2 -1 4 5 6 -1 8 -1 -1 -1 -1 3 -1 -1 -1 -1 -1 9 1 -1 -1 -1 -1 10 -1 11 -1 12 -1 13 -1 -1 -1 15 -1 -1 -1 -1 -1 -1 14 7 -1 -1 -1 -1 -1 29 -1 -1 -1 -1 -1 -1 -1 -1 -1 -1 28 -1 27 -1 -1 23 -1 26 -1 17 25 -1 24 -1 -1 -1 -1 -1 -1 -1 -1 -1 -1 22 21 20 19 18 -1 16 
0 -1 2 -1 4 5 6 -1 8 -1 -1 -1 -1 3 -1 -1 -1 -1 -1 9 1 -1 -1 -1 -1 25 -1 11 -1 12 -1 13 -1 -1 -1 15 -1 -1 -1 -1 -1 -1 14 7 -1 -1 -1 -1 -1 29 -1 -1 -1 -1 -1 -1 -1 -1 -1 -1 28 -1 27 -1 -1 23 -1 26 -1 17 -1 -1 24 -1 -1 -1 -1 -1 -1 -1 -1 -1 -1 22 21 20 19 18 -1 16 
0 -1 2 -1 4 5 6 -1 8 -1 -1 -1 -1 3 -1 -1 -1 -1 -1 -1 1 -1 -1 -1 -1 9 -1 11 -1 12 -1 13 -1 -1 -1 15 -1 -1 -1 -1 -1 -1 14 7 -1 -1 -1 -1 -1 29 -1 -1 -1 -1 -1 -1 -1 -1 -1 -1 28 -1 27 -1 -1 23 -1 26 -1 17 -1 -1 24 -1 -1 -1 -1 -1 -1 -1 -1 -1 -1 22 21 20 19 18 -1 16 
0 -1 2 -1 4 5 6 -1 8 -1 -1 -1 -1 3 -1 -1 -1 -1 -1 -1 1 -1 -1 -1 -1 9 -1 11 -1 12 -1 13 -1 -1 -1 15 -1 -1 -1 -1 -1 -1 14 7 -1 -1 -1 -1 -1 29 -1 -1 -1 -1 -1 -1 -1 -1 -1 -1 28 -1 27 -1 -1 23 -1 26 -1 17 -1 -1 -1 -1 -1 -1 -1 24 -1 -1 -1 -1 -1 22 21 20 19 18 -1 16 
0 -1 2 -1 4 5 6 8 -1 -1 -1 -1 -1 3 -1 -1 -1 -1 -1 -1 1 -1 -1 -1 -1 9 -1 11 -1 12 -1 13 -1 -1 -1 15 -1 -1 -1 -1 -1 -1 14 7 -1 -1 -1 -1 -1 29 -1 -1 -1 -1 -1 -1 -1 -1 -1 -1 28 -1 27 -1 -1 23 -1 26 -1 17 -1 -1 -1 -1 -1 -1 -1 24 -1 -1 -1 -1 -1 22 21 20 19 18 -1 16 
0 -1 2 -1 4 5 6 8 -1 -1 -1 -1 -1 3 -1 -1 -1 -1 -1 -1 1 -1 -1 -1 -1 9 -1 11 -1 12 -1 13 -1 -1 -1 15 -1 -1 -1 -1 -1 -1 14 7 -1 -1 -1 -1 -1 29 -1 -1 -1 -1 -1 -1 -1 -1 -1 24 28 -1 27 -1 -1 23 -1 26 -1 17 -1 -1 -1 -1 -1 -1 -1 -1 -1 -1 -1 -1 -1 22 21 20 19 18 -1 16 
0 -1 -1 -1 4 5 6 8 -1 -1 -1 -1 -1 3 -1 -1 -1 -1 -1 -1 1 -1 2 -1 -1 9 -1 11 -1 12 -1 13 -1 -1 -1 15 -1 -1 -1 -1 -1 -1 14 7 -1 -1 -1 -1 -1 29 -1 -1 -1 -1 -1 -1 -1 -1 -1 24 28 -1 27 -1 -1 23 -1 26 -1 17 -1 -1 -1 -1 -1 -1 -1 -1 -1 -1 -1 -1 -1 22 21 20 19 18 -1 16 
0 -1 -1 -1 4 5 6 8 -1 -1 -1 -1 -1 3 -1 -1 -1 -1 -1 -1 1 -1 2 -1 -1 9 -1 11 -1 12 -1 13 -1 -1 -1 15 -1 -1 -1 -1 -1 -1 14 7 -1 -1 -1 -1 -1 29 -1 -1 -1 -1 -1 -1 -1 -1 17 24 28 -1 27 -1 -1 23 -1 26 -1 -1 -1 -1 -1 -1 -1 -1 -1 -1 -1 -1 -1 -1 -1 22 21 20 19 18 -1 16 
-1 -1 -1 0 4 5 6 8 -1 -1 -1 -1 -1 3 -1 -1 -1 -1 -1 -1 1 -1 2 -1 -1 9 -1 11 -1 12 -1 13 -1 -1 -1 15 -1 -1 -1 -1 -1 -1 14 7 -1 -1 -1 -1 -1 29 -1 -1 -1 -1 -1 -1 -1 -1 17 24 28 -1 27 -1 -1 23 -1 26 -1 -1 -1 -1 -1 -1 -1 -1 -1 -1 -1 -1 -1 -1 -1 22 21 20 19 18 -1 16 
-1 -1 -1 0 4 5 6 8 -1 -1 -1 -1 -1 3 -1 -1 -1 -1 -1 -1 1 -1 2 -1 -1 9 -1 11 -1 12 -1 13 -1 -1 -1 15 -1 -1 -1 -1 29 -1 14 7 -1 -1 -1 -1 -1 -1 -1 -1 -1 -1 -1 -1 -1 -1 17 24 28 -1 27 -1 -1 23 -1 26 -1 -1 -1 -1 -1 -1 -1 -1 -1 -1 -1 -1 -1 -1 -1 22 21 20 19 18 -1 16 
-1 -1 -1 0 4 5 6 8 -1 -1 -1 -1 -1 3 -1 -1 -1 -1 -1 -1 1 -1 2 -1 -1 9 -1 11 -1 12 -1 -1 -1 -1 -1 15 -1 -1 -1 -1 13 -1 14 7 -1 -1 -1 -1 -1 -1 -1 -1 -1 -1 -1 -1 -1 -1 17 24 28 -1 27 -1 -1 23 -1 26 -1 -1 -1 -1 -1 -1 -1 -1 -1 -1 -1 -1 -1 -1 -1 22 21 20 19 18 -1 16 
-1 -1 -1 0 4 5 6 8 -1 -1 -1 -1 -1 3 -1 -1 -1 -1 -1 -1 1 -1 2 -1 -1 9 -1 11 -1 12 -1 -1 -1 -1 -1 15 -1 -1 -1 -1 26 -1 14 7 -1 -1 -1 -1 -1 -1 -1 -1 -1 -1 -1 -1 -1 -1 17 24 28 -1 27 -1 -1 23 -1 -1 -1 -1 -1 -1 -1 -1 -1 -1 -1 -1 -1 -1 -1 -1 -1 22 21 20 19 18 -1 16 
-1 -1 -1 0 4 5 6 8 -1 -1 -1 -1 -1 3 -1 -1 -1 -1 -1 -1 1 -1 2 -1 7 9 -1 11 -1 12 -1 -1 -1 -1 -1 15 -1 -1 -1 -1 26 -1 14 -1 -1 -1 -1 -1 -1 -1 -1 -1 -1 -1 -1 -1 -1 -1 17 24 28 -1 27 -1 -1 23 -1 -1 -1 -1 -1 -1 -1 -1 -1 -1 -1 -1 -1 -1 -1 -1 -1 22 21 20 19 18 -1 16 
-1 -1 -1 0 4 5 6 8 -1 -1 -1 -1 -1 3 -1 -1 -1 -1 -1 -1 1 -1 2 -1 7 9 -1 11 -1 12 -1 -1 -1 -1 -1 15 -1 -1 -1 -1 26 -1 14 -1 -1 -1 -1 -1 -1 -1 -1 -1 -1 -1 -1 -1 -1 -1 17 24 28 -1 27 -1 -1 23 -1 -1 -1 -1 -1 -1 -1 -1 -1 -1 -1 -1 -1 -1 -1 -1 -1 22 21 20 19 18 16 -1 
-1 -1 -1 -1 4 5 6 8 -1 -1 -1 -1 -1 3 -1 -1 -1 -1 -1 -1 1 -1 2 -1 7 9 -1 11 -1 12 -1 -1 -1 -1 -1 15 -1 -1 -1 -1 26 -1 14 -1 -1 -1 -1 -1 0 -1 -1 -1 -1 -1 -1 -1 -1 -1 17 24 28 -1 27 -1 -1 23 -1 -1 -1 -1 -1 -1 -1 -1 -1 -1 -1 -1 -1 -1 -1 -1 -1 22 21 20 19 18 16 -1 
-1 -1 -1 -1 4 5 6 8 -1 -1 -1 -1 -1 3 -1 -1 -1 -1 -1 -1 1 -1 2 -1 7 9 -1 11 -1 12 -1 -1 -1 -1 16 15 -1 -1 -1 -1 26 -1 14 -1 -1 -1 -1 -1 0 -1 -1 -1 -1 -1 -1 -1 -1 -1 17 24 28 -1 27 -1 -1 23 -1 -1 -1 -1 -1 -1 -1 -1 -1 -1 -1 -1 -1 -1 -1 -1 -1 22 21 20 19 18 -1 -1 
-1 -1 -1 -1 4 5 6 8 -1 -1 -1 -1 -1 3 -1 -1 -1 -1 -1 -1 1 -1 2 -1 7 9 -1 11 -1 12 -1 -1 -1 -1 16 15 -1 -1 -1 -1 26 -1 14 -1 -1 -1 -1 -1 -1 0 -1 -1 -1 -1 -1 -1 -1 -1 17 24 28 -1 27 -1 -1 23 -1 -1 -1 -1 -1 -1 -1 -1 -1 -1 -1 -1 -1 -1 -1 -1 -1 22 21 20 19 18 -1 -1 
-1 -1 -1 -1 4 5 6 8 -1 -1 -1 -1 -1 3 -1 -1 -1 -1 -1 -1 1 -1 2 -1 7 9 -1 11 -1 12 -1 -1 -1 -1 16 15 -1 26 -1 -1 -1 -1 14 -1 -1 -1 -1 -1 -1 0 -1 -1 -1 -1 -1 -1 -1 -1 17 24 28 -1 27 -1 -1 23 -1 -1 -1 -1 -1 -1 -1 -1 -1 -1 -1 -1 -1 -1 -1 -1 -1 22 21 20 19 18 -1 -1 
-1 -1 -1 -1 4 5 6 8 -1 -1 -1 -1 -1 3 -1 -1 -1 -1 -1 -1 1 -1 2 -1 7 -1 9 11 -1 12 -1 -1 -1 -1 16 15 -1 26 -1 -1 -1 -1 14 -1 -1 -1 -1 -1 -1 0 -1 -1 -1 -1 -1 -1 -1 -1 17 24 28 -1 27 -1 -1 23 -1 -1 -1 -1 -1 -1 -1 -1 -1 -1 -1 -1 -1 -1 -1 -1 -1 22 21 20 19 18 -1 -1 
-1 -1 -1 -1 4 5 6 16 -1 -1 -1 -1 -1 3 -1 -1 -1 -1 -1 -1 1 -1 2 -1 7 -1 9 11 -1 12 -1 -1 -1 -1 -1 15 -1 26 -1 -1 -1 -1 14 -1 -1 -1 -1 -1 -1 0 -1 -1 -1 -1 -1 -1 -1 -1 17 24 28 -1 27 -1 -1 23 -1 -1 -1 -1 -1 -1 -1 -1 -1 -1 -1 -1 -1 -1 -1 -1 -1 22 21 20 19 18 -1 -1 
-1 -1 -1 -1 4 5 6 7 -1 -1 -1 -1 -1 3 -1 -1 -1 -1 -1 -1 1 -1 2 -1 -1 -1 9 11 -1 12 -1 -1 -1 -1 -1 15 -1 26 -1 -1 -1 -1 14 -1 -1 -1 -1 -1 -1 0 -1 -1 -1 -1 -1 -1 -1 -1 17 24 28 -1 27 -1 -1 23 -1 -1 -1 -1 -1 -1 -1 -1 -1 -1 -1 -1 -1 -1 -1 -1 -1 22 21 20 19 18 -1 -1 
-1 -1 -1 -1 4 5 6 7 -1 -1 -1 -1 -1 3 -1 -1 -1 -1 -1 -1 1 -1 2 -1 -1 -1 9 11 -1 12 -1 -1 -1 -1 -1 15 -1 26 -1 -1 -1 -1 14 -1 -1 -1 -1 -1 -1 0 -1 -1 -1 -1 -1 -1 -1 -1 17 24 28 -1 27 -1 -1 23 -1 22 -1 -1 -1 -1 -1 -1 -1 -1 -1 -1 -1 -1 -1 -1 -1 -1 21 20 19 18 -1 -1 
-1 -1 -1 -1 4 5 6 -1 -1 -1 -1 -1 -1 3 -1 -1 -1 -1 -1 -1 1 -1 2 -1 7 -1 9 11 -1 12 -1 -1 -1 -1 -1 15 -1 26 -1 -1 -1 -1 14 -1 -1 -1 -1 -1 -1 0 -1 -1 -1 -1 -1 -1 -1 -1 17 24 28 -1 27 -1 -1 23 -1 22 -1 -1 -1 -1 -1 -1 -1 -1 -1 -1 -1 -1 -1 -1 -1 -1 21 20 19 18 -1 -1 
-1 -1 -1 -1 4 5 6 -1 -1 -1 -1 -1 -1 3 -1 -1 -1 -1 -1 -1 1 -1 2 -1 7 -1 9 11 -1 12 -1 -1 -1 -1 -1 15 -1 26 -1 -1 -1 -1 14 -1 -1 -1 -1 30 -1 0 -1 -1 -1 -1 -1 -1 -1 -1 17 24 28 -1 27 -1 -1 23 -1 22 -1 -1 -1 -1 -1 -1 -1 -1 -1 -1 -1 -1 -1 -1 -1 -1 21 20 19 18 -1 -1 
-1 -1 -1 -1 4 5 6 -1 -1 -1 -1 -1 -1 3 -1 -1 -1 -1 -1 -1 1 -1 2 -1 7 -1 9 11 -1 -1 -1 -1 -1 -1 -1 15 -1 26 12 -1 -1 -1 14 -1 -1 -1 -1 30 -1 0 -1 -1 -1 -1 -1 -1 -1 -1 17 24 28 -1 27 -1 -1 23 -1 22 -1 -1 -1 -1 -1 -1 -1 -1 -1 -1 -1 -1 -1 -1 -1 -1 21 20 19 18 -1 -1 
-1 -1 -1 -1 4 5 6 -1 -1 -1 -1 -1 -1 3 -1 -1 -1 -1 -1 -1 1 -1 2 -1 7 -1 9 11 -1 -1 -1 -1 -1 -1 -1 15 -1 -1 12 -1 -1 -1 14 -1 -1 -1 26 30 -1 0 -1 -1 -1 -1 -1 -1 -1 -1 17 24 28 -1 27 -1 -1 23 -1 22 -1 -1 -1 -1 -1 -1 -1 -1 -1 -1 -1 -1 -1 -1 -1 -1 21 20 19 18 -1 -1 
-1 -1 -1 -1 4 5 6 -1 -1 -1 -1 -1 -1 3 -1 -1 -1 -1 -1 -1 1 -1 2 -1 7 -1 9 11 -1 -1 -1 -1 -1 -1 -1 15 -1 -1 12 -1 0 -1 14 -1 -1 -1 26 30 -1 -1 -1 -1 -1 -1 -1 -1 -1 -1 17 24 28 -1 27 -1 -1 23 -1 22 -1 -1 -1 -1 -1 -1 -1 -1 -1 -1 -1 -1 -1 -1 -1 -1 21 20 19 18 -1 -1 
-1 -1 -1 -1 4 5 6 -1 -1 -1 -1 -1 -1 3 -1 -1 -1 -1 -1 -1 1 -1 2 -1 7 -1 9 11 -1 -1 -1 -1 -1 -1 -1 15 -1 -1 12 -1 0 -1 14 -1 -1 -1 26 30 -1 -1 -1 28 -1 -1 -1 -1 -1 -1 17 24 -1 -1 27 -1 -1 23 -1 22 -1 -1 -1 -1 -1 -1 -1 -1 -1 -1 -1 -1 -1 -1 -1 -1 21 20 19 18 -1 -1 
-1 -1 -1 -1 4 5 6 -1 -1 -1 -1 -1 -1 3 -1 -1 -1 -1 -1 -1 1 -1 2 -1 7 -1 9 11 -1 -1 -1 -1 -1 -1 -1 15 -1 -1 12 -1 0 -1 -1 -1 -1 -1 26 30 -1 -1 -1 14 -1 -1 -1 -1 -1 -1 17 24 -1 -1 27 -1 -1 23 -1 22 -1 -1 -1 -1 -1 -1 -1 -1 -1 -1 -1 -1 -1 -1 -1 -1 21 20 19 18 -1 -1 
-1 -1 -1 -1 4 5 6 -1 -1 -1 -1 -1 -1 3 -1 -1 -1 -1 -1 -1 1 -1 2 -1 7 -1 9 11 -1 -1 -1 -1 -1 -1 -1 15 -1 -1 12 -1 0 -1 -1 -1 -1 -1 -1 30 -1 -1 -1 26 -1 -1 -1 -1 -1 -1 17 24 -1 -1 27 -1 -1 23 -1 22 -1 -1 -1 -1 -1 -1 -1 -1 -1 -1 -1 -1 -1 -1 -1 -1 21 20 19 18 -1 -1 
-1 -1 -1 -1 4 5 6 -1 -1 -1 -1 -1 -1 3 -1 -1 -1 -1 -1 -1 1 -1 2 -1 -1 -1 9 11 -1 -1 -1 7 -1 -1 -1 15 -1 -1 12 -1 0 -1 -1 -1 -1 -1 -1 30 -1 -1 -1 26 -1 -1 -1 -1 -1 -1 17 24 -1 -1 27 -1 -1 23 -1 22 -1 -1 -1 -1 -1 -1 -1 -1 -1 -1 -1 -1 -1 -1 -1 -1 21 20 19 18 -1 -1 
-1 -1 -1 -1 4 5 6 -1 -1 -1 -1 -1 -1 3 24 -1 -1 -1 -1 -1 1 -1 2 -1 -1 -1 9 11 -1 -1 -1 7 -1 -1 -1 15 -1 -1 12 -1 0 -1 -1 -1 -1 -1 -1 30 -1 -1 -1 26 -1 -1 -1 -1 -1 -1 17 -1 -1 -1 27 -1 -1 23 -1 22 -1 -1 -1 -1 -1 -1 -1 -1 -1 -1 -1 -1 -1 -1 -1 -1 21 20 19 18 -1 -1 
-1 -1 -1 -1 4 5 6 -1 -1 -1 -1 -1 -1 3 24 -1 -1 -1 -1 -1 1 -1 2 -1 -1 -1 9 11 -1 -1 -1 7 -1 -1 -1 15 -1 -1 12 -1 -1 -1 0 -1 -1 -1 -1 30 -1 -1 -1 26 -1 -1 -1 -1 -1 -1 17 -1 -1 -1 27 -1 -1 23 -1 22 -1 -1 -1 -1 -1 -1 -1 -1 -1 -1 -1 -1 -1 -1 -1 -1 21 20 19 18 -1 -1 
-1 -1 -1 -1 4 5 6 -1 -1 -1 -1 -1 -1 3 -1 -1 -1 -1 -1 -1 1 -1 2 -1 -1 -1 9 11 -1 -1 -1 7 24 -1 -1 15 -1 -1 12 -1 -1 -1 0 -1 -1 -1 -1 30 -1 -1 -1 26 -1 -1 -1 -1 -1 -1 17 -1 -1 -1 27 -1 -1 23 -1 22 -1 -1 -1 -1 -1 -1 -1 -1 -1 -1 -1 -1 -1 -1 -1 -1 21 20 19 18 -1 -1 
-1 -1 -1 -1 4 5 6 -1 -1 -1 -1 -1 -1 3 -1 -1 -1 -1 -1 -1 1 -1 2 -1 -1 -1 9 11 -1 -1 -1 7 24 -1 -1 -1 -1 -1 12 -1 -1 -1 0 -1 15 -1 -1 30 -1 -1 -1 26 -1 -1 -1 -1 -1 -1 17 -1 -1 -1 27 -1 -1 23 -1 22 -1 -1 -1 -1 -1 -1 -1 -1 -1 -1 -1 -1 -1 -1 -1 -1 21 20 19 18 -1 -1 
-1 -1 -1 -1 4 5 6 -1 -1 -1 -1 -1 -1 3 -1 -1 -1 -1 -1 -1 1 -1 2 -1 -1 -1 9 11 -1 -1 -1 7 24 -1 -1 -1 -1 -1 12 -1 -1 -1 0 -1 15 -1 -1 30 -1 -1 -1 26 -1 -1 -1 -1 -1 -1 17 -1 -1 -1 27 -1 -1 23 -1 22 -1 -1 -1 -1 -1 -1 -1 -1 21 -1 -1 -1 -1 -1 -1 -1 -1 20 19 18 -1 -1 
-1 -1 -1 -1 4 5 6 -1 -1 -1 -1 -1 -1 3 -1 -1 -1 -1 -1 -1 1 -1 2 -1 -1 -1 -1 11 -1 -1 -1 7 24 -1 -1 -1 -1 -1 12 -1 -1 -1 0 -1 15 -1 -1 30 -1 -1 -1 26 -1 -1 -1 -1 -1 -1 17 -1 -1 -1 9 -1 -1 23 -1 22 -1 -1 -1 -1 -1 -1 -1 -1 21 -1 -1 -1 -1 -1 -1 -1 -1 20 19 18 -1 -1 
-1 -1 -1 -1 4 5 6 -1 -1 -1 -1 -1 -1 3 -1 -1 -1 -1 -1 -1 1 -1 2 -1 -1 -1 -1 11 -1 -1 -1 7 24 -1 -1 -1 -1 -1 30 -1 -1 -1 0 -1 15 -1 -1 -1 -1 -1 -1 26 -1 -1 -1 -1 -1 -1 17 -1 -1 -1 9 -1 -1 23 -1 22 -1 -1 -1 -1 -1 -1 -1 -1 21 -1 -1 -1 -1 -1 -1 -1 -1 20 19 18 -1 -1 
-1 -1 -1 -1 4 5 6 -1 -1 -1 -1 -1 -1 3 -1 -1 -1 -1 -1 -1 1 -1 2 -1 -1 -1 -1 11 -1 -1 -1 -1 24 -1 -1 -1 -1 -1 7 -1 -1 -1 0 -1 15 -1 -1 -1 -1 -1 -1 26 -1 -1 -1 -1 -1 -1 17 -1 -1 -1 9 -1 -1 23 -1 22 -1 -1 -1 -1 -1 -1 -1 -1 21 -1 -1 -1 -1 -1 -1 -1 -1 20 19 18 -1 -1 
-1 -1 -1 -1 4 5 6 -1 -1 -1 -1 -1 -1 3 -1 -1 -1 -1 -1 -1 1 -1 2 -1 -1 -1 -1 11 -1 -1 -1 -1 24 -1 -1 -1 -1 -1 7 -1 -1 -1 0 -1 15 -1 -1 17 -1 -1 -1 26 -1 -1 -1 -1 -1 -1 -1 -1 -1 -1 9 -1 -1 23 -1 22 -1 -1 -1 -1 -1 -1 -1 -1 21 -1 -1 -1 -1 -1 -1 -1 -1 20 19 18 -1 -1 
-1 -1 -1 -1 4 5 6 -1 -1 -1 -1 -1 -1 3 -1 -1 -1 -1 -1 -1 -1 -1 2 -1 -1 -1 -1 11 -1 -1 -1 -1 24 -1 -1 -1 -1 -1 7 1 -1 -1 0 -1 15 -1 -1 17 -1 -1 -1 26 -1 -1 -1 -1 -1 -1 -1 -1 -1 -1 9 -1 -1 23 -1 22 -1 -1 -1 -1 -1 -1 -1 -1 21 -1 -1 -1 -1 -1 -1 -1 -1 20 19 18 -1 -1 
-1 -1 -1 -1 4 5 6 -1 -1 -1 -1 -1 -1 3 -1 -1 -1 -1 -1 -1 -1 -1 2 -1 -1 -1 -1 11 24 -1 -1 -1 -1 -1 -1 -1 -1 -1 7 1 -1 -1 0 -1 15 -1 -1 17 -1 -1 -1 26 -1 -1 -1 -1 -1 -1 -1 -1 -1 -1 9 -1 -1 23 -1 22 -1 -1 -1 -1 -1 -1 -1 -1 21 -1 -1 -1 -1 -1 -1 -1 -1 20 19 18 -1 -1 
-1 -1 -1 -1 4 5 6 -1 -1 -1 -1 -1 -1 3 -1 -1 -1 -1 -1 -1 -1 -1 2 -1 -1 -1 -1 11 24 -1 -1 -1 -1 -1 -1 -1 -1 -1 7 -1 -1 -1 0 -1 15 -1 -1 17 -1 -1 1 26 -1 -1 -1 -1 -1 -1 -1 -1 -1 -1 9 -1 -1 23 -1 22 -1 -1 -1 -1 -1 -1 -1 -1 21 -1 -1 -1 -1 -1 -1 -1 -1 20 19 18 -1 -1 
-1 24 -1 -1 4 5 6 -1 -1 -1 -1 -1 -1 3 -1 -1 -1 -1 -1 -1 -1 -1 2 -1 -1 -1 -1 11 -1 -1 -1 -1 -1 -1 -1 -1 -1 -1 7 -1 -1 -1 0 -1 15 -1 -1 17 -1 -1 1 26 -1 -1 -1 -1 -1 -1 -1 -1 -1 -1 9 -1 -1 23 -1 22 -1 -1 -1 -1 -1 -1 -1 -1 21 -1 -1 -1 -1 -1 -1 -1 -1 20 19 18 -1 -1 
-1 24 -1 3 4 5 6 -1 -1 -1 -1 -1 -1 -1 -1 -1 -1 -1 -1 -1 -1 -1 2 -1 -1 -1 -1 11 -1 -1 -1 -1 -1 -1 -1 -1 -1 -1 7 -1 -1 -1 0 -1 15 -1 -1 17 -1 -1 1 26 -1 -1 -1 -1 -1 -1 -1 -1 -1 -1 9 -1 -1 23 -1 22 -1 -1 -1 -1 -1 -1 -1 -1 21 -1 -1 -1 -1 -1 -1 -1 -1 20 19 18 -1 -1 
-1 -1 -1 3 4 5 6 -1 -1 -1 -1 -1 -1 -1 -1 -1 -1 -1 -1 -1 -1 -1 2 -1 -1 -1 -1 11 -1 -1 -1 -1 -1 -1 -1 -1 -1 -1 7 -1 -1 -1 0 -1 15 -1 -1 17 -1 -1 1 26 -1 -1 -1 24 -1 -1 -1 -1 -1 -1 9 -1 -1 23 -1 22 -1 -1 -1 -1 -1 -1 -1 -1 21 -1 -1 -1 -1 -1 -1 -1 -1 20 19 18 -1 -1 
-1 -1 -1 3 4 5 6 -1 -1 -1 -1 -1 -1 -1 -1 -1 -1 -1 -1 -1 -1 -1 2 -1 -1 -1 -1 11 -1 -1 -1 -1 -1 -1 -1 -1 -1 -1 7 -1 -1 -1 0 -1 15 -1 -1 17 -1 -1 1 26 -1 -1 -1 24 -1 -1 -1 -1 -1 -1 -1 -1 -1 23 -1 22 -1 -1 -1 -1 -1 -1 -1 -1 21 -1 -1 -1 -1 -1 -1 -1 -1 20 19 18 -1 9 
-1 -1 -1 3 4 5 6 -1 -1 -1 -1 -1 -1 -1 -1 -1 -1 -1 -1 -1 -1 -1 2 -1 -1 -1 -1 11 -1 -1 -1 -1 -1 -1 -1 -1 -1 -1 7 -1 -1 -1 0 -1 15 -1 -1 17 -1 -1 1 26 -1 -1 -1 -1 -1 -1 -1 24 -1 -1 -1 -1 -1 23 -1 22 -1 -1 -1 -1 -1 -1 -1 -1 21 -1 -1 -1 -1 -1 -1 -1 -1 20 19 18 -1 9 
-1 -1 -1 3 4 5 6 -1 -1 -1 -1 -1 -1 -1 -1 -1 -1 -1 -1 -1 -1 -1 2 -1 -1 -1 -1 11 -1 -1 -1 -1 -1 -1 -1 -1 -1 -1 7 -1 -1 -1 -1 -1 15 -1 -1 17 -1 -1 1 0 -1 -1 -1 -1 -1 -1 -1 24 -1 -1 -1 -1 -1 23 -1 22 -1 -1 -1 -1 -1 -1 -1 -1 21 -1 -1 -1 -1 -1 -1 -1 -1 20 19 18 -1 9 
-1 -1 -1 3 4 5 6 -1 -1 -1 -1 -1 -1 -1 -1 -1 -1 -1 -1 -1 -1 -1 2 -1 -1 -1 -1 11 -1 -1 -1 -1 -1 -1 -1 -1 -1 -1 7 -1 17 -1 -1 -1 15 -1 -1 -1 -1 -1 1 0 -1 -1 -1 -1 -1 -1 -1 24 -1 -1 -1 -1 -1 23 -1 22 -1 -1 -1 -1 -1 -1 -1 -1 21 -1 -1 -1 -1 -1 -1 -1 -1 20 19 18 -1 9 
-1 -1 -1 3 4 5 6 -1 -1 -1 -1 -1 -1 -1 -1 -1 -1 -1 -1 -1 -1 -1 2 -1 -1 -1 -1 11 -1 -1 -1 -1 -1 -1 -1 -1 -1 -1 7 -1 17 -1 -1 -1 15 -1 -1 -1 -1 -1 1 -1 0 -1 -1 -1 -1 -1 -1 24 -1 -1 -1 -1 -1 23 -1 22 -1 -1 -1 -1 -1 -1 -1 -1 21 -1 -1 -1 -1 -1 -1 -1 -1 20 19 18 -1 9 
-1 -1 -1 3 4 5 6 -1 -1 -1 -1 -1 -1 -1 -1 -1 -1 -1 -1 -1 -1 -1 2 17 -1 -1 -1 11 -1 -1 -1 -1 -1 -1 -1 -1 -1 -1 7 -1 -1 -1 -1 -1 15 -1 -1 -1 -1 -1 1 -1 0 -1 -1 -1 -1 -1 -1 24 -1 -1 -1 -1 -1 23 -1 22 -1 -1 -1 -1 -1 -1 -1 -1 21 -1 -1 -1 -1 -1 -1 -1 -1 20 19 18 -1 9 
-1 -1 -1 3 -1 5 6 -1 -1 -1 -1 -1 -1 4 -1 -1 -1 -1 -1 -1 -1 -1 2 17 -1 -1 -1 11 -1 -1 -1 -1 -1 -1 -1 -1 -1 -1 7 -1 -1 -1 -1 -1 15 -1 -1 -1 -1 -1 1 -1 0 -1 -1 -1 -1 -1 -1 24 -1 -1 -1 -1 -1 23 -1 22 -1 -1 -1 -1 -1 -1 -1 -1 21 -1 -1 -1 -1 -1 -1 -1 -1 20 19 18 -1 9 
-1 -1 -1 3 -1 5 6 -1 -1 -1 -1 -1 -1 4 -1 -1 -1 -1 -1 -1 -1 -1 2 17 -1 -1 -1 11 -1 -1 -1 -1 -1 -1 -1 -1 -1 -1 7 -1 -1 -1 -1 -1 15 -1 -1 -1 -1 -1 1 -1 0 -1 -1 -1 -1 -1 -1 -1 24 -1 -1 -1 -1 23 -1 22 -1 -1 -1 -1 -1 -1 -1 -1 21 -1 -1 -1 -1 -1 -1 -1 -1 20 19 18 -1 9 
-1 -1 -1 3 -1 5 6 -1 -1 -1 -1 -1 -1 -1 4 -1 -1 -1 -1 -1 -1 -1 2 17 -1 -1 -1 11 -1 -1 -1 -1 -1 -1 -1 -1 -1 -1 7 -1 -1 -1 -1 -1 15 -1 -1 -1 -1 -1 1 -1 0 -1 -1 -1 -1 -1 -1 -1 24 -1 -1 -1 -1 23 -1 22 -1 -1 -1 -1 -1 -1 -1 -1 21 -1 -1 -1 -1 -1 -1 -1 -1 20 19 18 -1 9 
-1 -1 -1 3 -1 5 6 -1 -1 -1 -1 -1 -1 -1 4 -1 -1 -1 -1 -1 -1 -1 2 -1 -1 -1 -1 11 -1 -1 -1 -1 -1 -1 -1 -1 -1 -1 7 -1 17 -1 -1 -1 15 -1 -1 -1 -1 -1 1 -1 0 -1 -1 -1 -1 -1 -1 -1 24 -1 -1 -1 -1 23 -1 22 -1 -1 -1 -1 -1 -1 -1 -1 21 -1 -1 -1 -1 -1 -1 -1 -1 20 19 18 -1 9 
-1 -1 -1 3 -1 -1 6 -1 -1 -1 -1 -1 -1 5 4 -1 -1 -1 -1 -1 -1 -1 2 -1 -1 -1 -1 11 -1 -1 -1 -1 -1 -1 -1 -1 -1 -1 7 -1 17 -1 -1 -1 15 -1 -1 -1 -1 -1 1 -1 0 -1 -1 -1 -1 -1 -1 -1 24 -1 -1 -1 -1 23 -1 22 -1 -1 -1 -1 -1 -1 -1 -1 21 -1 -1 -1 -1 -1 -1 -1 -1 20 19 18 -1 9 
-1 -1 -1 3 -1 -1 24 -1 -1 -1 -1 -1 -1 5 4 -1 -1 -1 -1 -1 -1 -1 2 -1 -1 -1 -1 11 -1 -1 -1 -1 -1 -1 -1 -1 -1 -1 7 -1 17 -1 -1 -1 15 -1 -1 -1 -1 -1 1 -1 0 -1 -1 -1 -1 -1 -1 -1 -1 -1 -1 -1 -1 23 -1 22 -1 -1 -1 -1 -1 -1 -1 -1 21 -1 -1 -1 -1 -1 -1 -1 -1 20 19 18 -1 9 
-1 -1 -1 3 -1 -1 24 -1 -1 -1 -1 -1 -1 5 4 -1 -1 -1 -1 -1 -1 -1 2 -1 -1 -1 -1 11 -1 -1 -1 -1 -1 -1 -1 -1 -1 -1 7 -1 17 -1 -1 0 15 -1 -1 -1 -1 -1 1 -1 -1 -1 -1 -1 -1 -1 -1 -1 -1 -1 -1 -1 -1 23 -1 22 -1 -1 -1 -1 -1 -1 -1 -1 21 -1 -1 -1 -1 -1 -1 -1 -1 20 19 18 -1 9 
