0 1 2 3 4 5 6 7 8 -1 -1 -1 -1 -1 -1 -1 -1 -1 -1 9 -1 -1 -1 -1 -1 10 -1 11 -1 12 -1 13 -1 14 -1 15 -1 -1 -1 -1 -1 -1 -1 -1 -1 -1 -1 -1 -1 -1 -1 -1 -1 -1 -1 -1 -1 -1 29 -1 28 -1 27 -1 26 23 -1 -1 -1 -1 25 -1 -1 -1 -1 -1 -1 -1 -1 -1 -1 24 -1 22 21 20 19 18 17 16 
0 1 2 3 4 5 6 7 8 -1 -1 -1 -1 -1 -1 -1 -1 -1 -1 9 -1 -1 -1 -1 -1 10 -1 11 -1 -1 -1 13 -1 14 -1 15 -1 -1 12 -1 -1 -1 -1 -1 -1 -1 -1 -1 -1 -1 -1 -1 -1 -1 -1 -1 -1 -1 29 -1 28 -1 27 -1 26 23 -1 -1 -1 -1 25 -1 -1 -1 -1 -1 -1 -1 -1 -1 -1 24 -1 22 21 20 19 18 17 16 
0 1 2 3 4 5 6 7 8 -1 -1 -1 -1 -1 -1 -1 -1 -1 -1 9 -1 -1 -1 -1 -1 10 -1 11 -1 -1 -1 13 -1 14 -1 15 -1 -1 12 -1 -1 -1 -1 -1 -1 -1 -1 -1 -1 -1 -1 -1 -1 -1 -1 -1 -1 -1 29 -1 28 -1 27 -1 26 23 -1 25 -1 -1 -1 -1 -1 -1 -1 -1 -1 -1 -1 -1 -1 24 -1 22 21 20 19 18 17 16 
0 1 2 3 4 5 6 -1 8 -1 -1 -1 -1 -1 -1 -1 -1 -1 -1 9 -1 -1 -1 -1 7 10 -1 11 -1 -1 -1 13 -1 14 -1 15 -1 -1 12 -1 -1 -1 -1 -1 -1 -1 -1 -1 -1 -1 -1 -1 -1 -1 -1 -1 -1 -1 29 -1 28 -1 27 -1 26 23 -1 25 -1 -1 -1 -1 -1 -1 -1 -1 -1 -1 -1 -1 -1 24 -1 22 21 20 19 18 17 16 
0 1 2 3 4 5 6 -1 8 -1 -1 -1 -1 -1 -1 -1 -1 -1 -1 9 -1 -1 -1 -1 7 10 -1 11 -1 -1 -1 13 -1 14 -1 15 -1 -1 12 -1 -1 -1 -1 -1 -1 -1 -1 -1 -1 -1 -1 -1 -1 -1 -1 -1 -1 -1 29 -1 28 -1 27 26 -1 23 -1 25 -1 -1 -1 -1 -1 -1 -1 -1 -1 -1 -1 -1 -1 24 -1 22 21 20 19 18 17 16 
0 -1 2 3 4 5 6 -1 8 -1 -1 -1 -1 -1 -1 -1 -1 -1 -1 9 1 -1 -1 -1 7 10 -1 11 -1 -1 -1 13 -1 14 -1 15 -1 -1 12 -1 -1 -1 -1 -1 -1 -1 -1 -1 -1 -1 -1 -1 -1 -1 -1 -1 -1 -1 29 -1 28 -1 27 26 -1 23 -1 25 -1 -1 -1 -1 -1 -1 -1 -1 -1 -1 -1 -1 -1 24 -1 22 21 20 19 18 17 16 
0 -1 2 3 4 5 6 -1 8 -1 -1 -1 -1 -1 -1 -1 -1 -1 -1 9 1 -1 -1 -1 7 10 -1 11 -1 -1 -1 13 -1 14 -1 15 -1 -1 12 -1 -1 -1 -1 -1 -1 -1 -1 -1 -1 -1 -1 -1 -1 -1 -1 -1 -1 -1 29 -1 28 -1 27 26 -1 23 -1 25 -1 -1 -1 -1 -1 -1 -1 -1 -1 -1 -1 -1 -1 -1 24 22 21 20 19 18 17 16 
-1 0 2 3 4 5 6 -1 8 -1 -1 -1 -1 -1 -1 -1 -1 -1 -1 9 1 -1 -1 -1 7 10 -1 11 -1 -1 -1 13 -1 14 -1 15 -1 -1 12 -1 -1 -1 -1 -1 -1 -1 -1 -1 -1 -1 -1 -1 -1 -1 -1 -1 -1 -1 29 -1 28 -1 27 26 -1 23 -1 25 -1 -1 -1 -1 -1 -1 -1 -1 -1 -1 -1 -1 -1 -1 24 22 21 20 19 18 17 16 
-1 0 2 3 4 5 6 -1 8 -1 -1 -1 -1 -1 -1 -1 -1 -1 -1 9 1 -1 -1 -1 7 10 -1 11 -1 -1 -1 13 -1 14 -1 15 -1 -1 12 -1 -1 -1 -1 -1 -1 -1 -1 -1 -1 -1 -1 -1 -1 -1 -1 -1 -1 -1 29 -1 28 -1 27 26 -1 23 -1 25 -1 17 -1 -1 -1 -1 -1 -1 -1 -1 -1 -1 -1 -1 24 22 21 20 19 18 -1 16 
-1 0 2 3 4 5 6 8 -1 -1 -1 -1 -1 -1 -1 -1 -1 -1 -1 9 1 -1 -1 -1 7 10 -1 11 -1 -1 -1 13 -1 14 -1 15 -1 -1 12 -1 -1 -1 -1 -1 -1 -1 -1 -1 -1 -1 -1 -1 -1 -1 -1 -1 -1 -1 29 -1 28 -1 27 26 -1 23 -1 25 -1 17 -1 -1 -1 -1 -1 -1 -1 -1 -1 -1 -1 -1 24 22 21 20 19 18 -1 16 
-1 0 2 3 4 5 6 8 -1 -1 -1 -1 -1 -1 -1 -1 -1 -1 -1 9 1 -1 -1 -1 7 10 -1 11 -1 -1 -1 13 -1 14 -1 15 -1 -1 12 -1 -1 -1 -1 -1 -1 -1 -1 -1 -1 -1 -1 -1 -1 -1 -1 -1 -1 -1 29 -1 28 -1 27 26 -1 23 -1 25 -1 17 -1 -1 -1 -1 -1 -1 -1 -1 -1 -1 -1 -1 24 22 21 20 19 18 16 -1 
-1 0 2 3 4 5 6 8 -1 -1 -1 -1 -1 -1 -1 -1 -1 -1 -1 9 1 -1 -1 -1 7 -1 -1 11 -1 -1 -1 13 -1 14 -1 15 -1 -1 12 -1 -1 -1 -1 -1 -1 -1 -1 -1 -1 -1 -1 -1 -1 -1 -1 -1 -1 -1 29 -1 28 10 27 26 -1 23 -1 25 -1 17 -1 -1 -1 -1 -1 -1 -1 -1 -1 -1 -1 -1 24 22 21 20 19 18 16 -1 
-1 0 2 3 4 5 6 8 -1 -1 -1 -1 -1 -1 -1 -1 -1 -1 -1 9 1 -1 -1 -1 7 -1 -1 11 24 -1 -1 13 -1 14 -1 15 -1 -1 12 -1 -1 -1 -1 -1 -1 -1 -1 -1 -1 -1 -1 -1 -1 -1 -1 -1 -1 -1 29 -1 28 10 27 26 -1 23 -1 25 -1 17 -1 -1 -1 -1 -1 -1 -1 -1 -1 -1 -1 -1 -1 22 21 20 19 18 16 -1 
-1 0 2 3 4 5 6 8 -1 -1 -1 -1 -1 -1 -1 -1 -1 -1 9 -1 1 -1 -1 -1 7 -1 -1 11 24 -1 -1 13 -1 14 -1 15 -1 -1 12 -1 -1 -1 -1 -1 -1 -1 -1 -1 -1 -1 -1 -1 -1 -1 -1 -1 -1 -1 29 -1 28 10 27 26 -1 23 -1 25 -1 17 -1 -1 -1 -1 -1 -1 -1 -1 -1 -1 -1 -1 -1 22 21 20 19 18 16 -1 
-1 0 2 3 4 5 6 8 -1 -1 -1 -1 -1 -1 -1 -1 -1 -1 9 -1 1 -1 -1 -1 7 -1 -1 11 -1 24 -1 13 -1 14 -1 15 -1 -1 12 -1 -1 -1 -1 -1 -1 -1 -1 -1 -1 -1 -1 -1 -1 -1 -1 -1 -1 -1 29 -1 28 10 27 26 -1 23 -1 25 -1 17 -1 -1 -1 -1 -1 -1 -1 -1 -1 -1 -1 -1 -1 22 21 20 19 18 16 -1 
-1 -1 2 3 4 5 6 8 -1 -1 -1 -1 -1 -1 -1 -1 -1 -1 9 0 1 -1 -1 -1 7 -1 -1 11 -1 24 -1 13 -1 14 -1 15 -1 -1 12 -1 -1 -1 -1 -1 -1 -1 -1 -1 -1 -1 -1 -1 -1 -1 -1 -1 -1 -1 29 -1 28 10 27 26 -1 23 -1 25 -1 17 -1 -1 -1 -1 -1 -1 -1 -1 -1 -1 -1 -1 -1 22 21 20 19 18 16 -1 
-1 -1 2 3 4 5 6 8 -1 -1 -1 -1 -1 -1 -1 -1 -1 -1 9 0 1 -1 -1 -1 7 -1 -1 11 -1 24 -1 13 -1 14 -1 15 -1 -1 12 -1 -1 -1 -1 -1 -1 -1 -1 -1 -1 -1 -1 -1 -1 -1 -1 -1 -1 -1 29 -1 28 10 27 26 -1 23 -1 25 -1 17 -1 -1 -1 -1 -1 -1 -1 -1 -1 16 -1 -1 -1 22 21 20 19 18 -1 -1 
-1 -1 2 3 4 5 -1 8 -1 -1 -1 -1 -1 -1 -1 -1 -1 -1 9 0 1 -1 6 -1 7 -1 -1 11 -1 24 -1 13 -1 14 -1 15 -1 -1 12 -1 -1 -1 -1 -1 -1 -1 -1 -1 -1 -1 -1 -1 -1 -1 -1 -1 -1 -1 29 -1 28 10 27 26 -1 23 -1 25 -1 17 -1 -1 -1 -1 -1 -1 -1 -1 -1 16 -1 -1 -1 22 21 20 19 18 -1 -1 
-1 -1 2 3 4 5 -1 8 -1 -1 -1 -1 -1 -1 -1 -1 -1 -1 9 0 1 -1 6 -1 7 -1 -1 11 -1 24 -1 13 -1 14 -1 15 -1 -1 12 -1 -1 -1 -1 -1 -1 -1 -1 -1 -1 -1 -1 -1 -1 -1 -1 -1 -1 -1 29 -1 28 10 27 26 -1 23 -1 25 -1 17 -1 -1 -1 -1 -1 -1 -1 16 -1 -1 -1 -1 -1 22 21 20 19 18 -1 -1 
-1 -1 2 3 4 5 -1 8 -1 -1 -1 -1 -1 -1 -1 -1 -1 -1 9 0 1 -1 6 -1 7 -1 -1 11 -1 24 -1 13 -1 -1 -1 15 -1 -1 12 -1 -1 -1 14 -1 -1 -1 -1 -1 -1 -1 -1 -1 -1 -1 -1 -1 -1 -1 29 -1 28 10 27 26 -1 23 -1 25 -1 17 -1 -1 -1 -1 -1 -1 -1 16 -1 -1 -1 -1 -1 22 21 20 19 18 -1 -1 
-1 -1 2 3 4 5 -1 8 -1 -1 -1 -1 -1 -1 -1 -1 -1 -1 9 0 1 -1 6 -1 7 -1 -1 11 -1 24 -1 13 -1 -1 -1 15 -1 -1 12 -1 -1 -1 14 -1 -1 -1 -1 30 -1 -1 -1 -1 -1 -1 -1 -1 -1 -1 29 -1 28 10 27 26 -1 23 -1 25 -1 17 -1 -1 -1 -1 -1 -1 -1 16 -1 -1 -1 -1 -1 22 21 20 19 18 -1 -1 
-1 -1 2 3 4 5 -1 8 -1 -1 -1 -1 -1 -1 -1 -1 -1 -1 9 0 1 -1 6 -1 7 -1 -1 11 -1 24 -1 13 -1 -1 -1 15 -1 -1 -1 -1 -1 -1 14 -1 -1 -1 -1 12 -1 -1 -1 -1 -1 -1 -1 -1 -1 -1 29 -1 28 10 27 26 -1 23 -1 25 -1 17 -1 -1 -1 -1 -1 -1 -1 16 -1 -1 -1 -1 -1 22 21 20 19 18 -1 -1 
-1 -1 2 3 4 5 -1 8 -1 -1 -1 -1 -1 -1 -1 -1 -1 -1 9 0 1 -1 6 -1 7 -1 -1 11 -1 -1 -1 13 -1 -1 -1 15 -1 -1 -1 -1 -1 -1 14 -1 -1 -1 -1 24 -1 -1 -1 -1 -1 -1 -1 -1 -1 -1 29 -1 28 10 27 26 -1 23 -1 25 -1 17 -1 -1 -1 -1 -1 -1 -1 16 -1 -1 -1 -1 -1 22 21 20 19 18 -1 -1 
-1 -1 2 3 4 5 -1 8 -1 -1 -1 -1 -1 -1 -1 -1 -1 -1 9 0 -1 -1 6 -1 7 -1 -1 11 -1 -1 -1 13 -1 -1 -1 15 -1 -1 -1 1 -1 -1 14 -1 -1 -1 -1 24 -1 -1 -1 -1 -1 -1 -1 -1 -1 -1 29 -1 28 10 27 26 -1 23 -1 25 -1 17 -1 -1 -1 -1 -1 -1 -1 16 -1 -1 -1 -1 -1 22 21 20 19 18 -1 -1 
-1 -1 2 3 4 5 -1 8 -1 -1 -1 -1 -1 -1 -1 -1 -1 -1 9 0 -1 -1 6 -1 7 -1 -1 11 -1 -1 -1 13 -1 -1 -1 15 -1 -1 -1 1 -1 -1 14 -1 -1 -1 -1 24 -1 -1 -1 28 -1 -1 -1 -1 -1 -1 29 -1 -1 10 27 26 -1 23 -1 25 -1 17 -1 -1 -1 -1 -1 -1 -1 16 -1 -1 -1 -1 -1 22 21 20 19 18 -1 -1 
-1 -1 2 3 4 5 -1 8 -1 -1 -1 -1 -1 -1 -1 -1 -1 -1 9 0 -1 -1 6 -1 7 -1 -1 11 -1 -1 -1 13 -1 -1 -1 15 -1 -1 -1 1 -1 -1 -1 -1 -1 -1 -1 24 -1 -1 -1 14 -1 -1 -1 -1 -1 -1 29 -1 -1 10 27 26 -1 23 -1 25 -1 17 -1 -1 -1 -1 -1 -1 -1 16 -1 -1 -1 -1 -1 22 21 20 19 18 -1 -1 
-1 -1 2 3 4 5 -1 8 -1 -1 -1 -1 -1 -1 -1 -1 -1 -1 9 0 -1 -1 6 -1 7 -1 -1 11 -1 -1 -1 13 -1 -1 -1 15 -1 -1 -1 1 -1 -1 -1 -1 -1 -1 -1 -1 -1 -1 -1 24 -1 -1 -1 -1 -1 -1 29 -1 -1 10 27 26 -1 23 -1 25 -1 17 -1 -1 -1 -1 -1 -1 -1 16 -1 -1 -1 -1 -1 22 21 20 19 18 -1 -1 
-1 -1 2 3 4 5 -1 8 -1 -1 -1 -1 -1 -1 -1 -1 -1 -1 9 -1 0 -1 6 -1 7 -1 -1 11 -1 -1 -1 13 -1 -1 -1 15 -1 -1 -1 1 -1 -1 -1 -1 -1 -1 -1 -1 -1 -1 -1 24 -1 -1 -1 -1 -1 -1 29 -1 -1 10 27 26 -1 23 -1 25 -1 17 -1 -1 -1 -1 -1 -1 -1 16 -1 -1 -1 -1 -1 22 21 20 19 18 -1 -1 
-1 -1 2 3 4 5 -1 8 -1 -1 -1 -1 -1 -1 -1 -1 -1 -1 9 -1 0 -1 6 -1 7 -1 -1 11 -1 -1 -1 13 -1 -1 -1 15 -1 -1 -1 1 -1 -1 -1 -1 -1 -1 -1 -1 -1 -1 -1 24 -1 -1 -1 -1 -1 -1 29 -1 -1 10 27 26 -1 23 -1 25 -1 -1 -1 -1 -1 -1 -1 -1 17 16 -1 -1 -1 -1 -1 22 21 20 19 18 -1 -1 
-1 -1 2 3 4 5 -1 8 -1 -1 -1 -1 -1 -1 -1 -1 -1 -1 9 -1 0 -1 6 -1 7 -1 -1 11 -1 -1 -1 13 -1 -1 -1 15 -1 -1 -1 1 -1 -1 -1 -1 -1 -1 -1 -1 -1 -1 -1 24 -1 -1 -1 -1 -1 -1 29 -1 -1 -1 27 26 -1 23 -1 25 -1 -1 10 -1 -1 -1 -1 -1 17 16 -1 -1 -1 -1 -1 22 21 20 19 18 -1 -1 
-1 -1 2 3 4 5 -1 8 -1 -1 -1 -1 -1 -1 -1 -1 -1 -1 9 -1 0 -1 6 -1 7 -1 -1 11 -1 -1 -1 13 -1 -1 -1 15 -1 -1 -1 1 -1 -1 -1 -1 -1 -1 -1 -1 23 -1 -1 24 -1 -1 -1 -1 -1 -1 29 -1 -1 -1 27 26 -1 -1 -1 25 -1 -1 10 -1 -1 -1 -1 -1 17 16 -1 -1 -1 -1 -1 22 21 20 19 18 -1 -1 
-1 -1 2 3 4 5 -1 8 -1 -1 -1 -1 -1 -1 -1 -1 -1 -1 9 -1 0 -1 6 -1 7 -1 -1 11 -1 -1 -1 13 -1 -1 -1 15 -1 -1 -1 1 -1 -1 -1 -1 -1 -1 -1 -1 23 -1 -1 24 -1 -1 -1 -1 -1 -1 29 -1 -1 -1 27 10 -1 -1 -1 25 -1 -1 -1 -1 -1 -1 -1 -1 17 16 -1 -1 -1 -1 -1 22 21 20 19 18 -1 -1 
-1 -1 2 3 4 5 -1 8 -1 -1 -1 -1 -1 -1 -1 -1 -1 -1 9 -1 0 -1 6 -1 7 -1 -1 11 -1 -1 -1 13 -1 -1 -1 15 -1 -1 -1 1 -1 -1 -1 -1 -1 -1 -1 -1 23 -1 -1 24 -1 -1 -1 -1 -1 -1 29 -1 -1 -1 27 22 -1 -1 -1 25 -1 -1 -1 -1 -1 -1 -1 -1 17 16 -1 -1 -1 -1 -1 -1 21 20 19 18 -1 -1 
-1 -1 2 3 4 5 -1 8 -1 -1 -1 -1 -1 -1 -1 -1 -1 -1 9 -1 -1 -1 6 -1 7 -1 -1 11 -1 -1 -1 13 -1 -1 -1 15 -1 -1 -1 1 -1 -1 -1 -1 -1 -1 -1 -1 23 -1 -1 24 -1 -1 -1 -1 -1 -1 29 -1 -1 -1 27 22 -1 -1 -1 25 -1 -1 -1 -1 -1 -1 0 -1 17 16 -1 -1 -1 -1 -1 -1 21 20 19 18 -1 -1 
-1 -1 2 3 4 5 -1 8 -1 -1 -1 -1 -1 -1 -1 -1 -1 -1 9 -1 -1 -1 6 -1 7 -1 -1 11 -1 -1 -1 13 -1 -1 -1 15 -1 -1 -1 1 -1 -1 -1 -1 -1 -1 -1 -1 23 -1 -1 24 -1 -1 -1 -1 -1 -1 29 -1 -1 -1 27 22 -1 -1 -1 -1 -1 25 -1 -1 -1 -1 0 -1 17 16 -1 -1 -1 -1 -1 -1 21 20 19 18 -1 -1 
-1 -1 2 3 4 5 -1 8 -1 -1 -1 -1 -1 -1 -1 -1 -1 -1 -1 9 -1 -1 6 -1 7 -1 -1 11 -1 -1 -1 13 -1 -1 -1 15 -1 -1 -1 1 -1 -1 -1 -1 -1 -1 -1 -1 23 -1 -1 24 -1 -1 -1 -1 -1 -1 29 -1 -1 -1 27 22 -1 -1 -1 -1 -1 25 -1 -1 -1 -1 0 -1 17 16 -1 -1 -1 -1 -1 -1 21 20 19 18 -1 -1 
-1 -1 2 3 4 5 -1 8 -1 -1 -1 -1 -1 -1 -1 -1 -1 -1 -1 9 -1 -1 6 -1 7 -1 -1 11 -1 -1 -1 13 -1 -1 -1 15 -1 -1 -1 1 -1 -1 -1 -1 -1 -1 -1 -1 23 -1 -1 24 -1 -1 -1 -1 -1 -1 29 -1 -1 -1 27 22 -1 -1 -1 -1 -1 -1 -1 -1 -1 -1 0 -1 17 16 25 -1 -1 -1 -1 -1 21 20 19 18 -1 -1 
-1 -1 2 3 4 5 -1 8 -1 -1 -1 -1 -1 -1 -1 -1 -1 -1 -1 9 -1 -1 6 -1 -1 -1 -1 11 -1 -1 -1 13 -1 -1 -1 15 -1 -1 -1 1 -1 -1 -1 7 -1 -1 -1 -1 23 -1 -1 24 -1 -1 -1 -1 -1 -1 29 -1 -1 -1 27 22 -1 -1 -1 -1 -1 -1 -1 -1 -1 -1 0 -1 17 16 25 -1 -1 -1 -1 -1 21 20 19 18 -1 -1 
-1 -1 2 3 4 5 -1 8 -1 -1 -1 -1 -1 -1 -1 -1 -1 -1 -1 9 -1 -1 6 -1 -1 -1 -1 11 -1 -1 -1 13 -1 -1 -1 15 -1 -1 -1 1 -1 16 -1 7 -1 -1 -1 -1 23 -1 -1 24 -1 -1 -1 -1 -1 -1 29 -1 -1 -1 27 22 -1 -1 -1 -1 -1 -1 -1 -1 -1 -1 0 -1 17 -1 25 -1 -1 -1 -1 -1 21 20 19 18 -1 -1 
-1 -1 2 3 4 5 -1 8 -1 -1 -1 -1 -1 -1 -1 -1 -1 -1 -1 9 -1 -1 6 -1 -1 -1 -1 11 -1 -1 -1 13 -1 -1 -1 15 -1 -1 0 1 -1 16 -1 7 -1 -1 -1 -1 23 -1 -1 24 -1 -1 -1 -1 -1 -1 29 -1 -1 -1 27 22 -1 -1 -1 -1 -1 -1 -1 -1 -1 -1 -1 -1 17 -1 25 -1 -1 -1 -1 -1 21 20 19 18 -1 -1 
-1 -1 2 3 4 5 -1 8 -1 -1 -1 -1 -1 -1 -1 -1 -1 -1 -1 9 -1 -1 6 -1 -1 -1 -1 11 -1 -1 -1 13 -1 -1 -1 15 -1 -1 0 1 -1 16 -1 7 -1 -1 -1 -1 23 -1 -1 24 -1 -1 -1 -1 -1 -1 29 -1 -1 -1 27 22 -1 17 -1 -1 -1 -1 -1 -1 -1 -1 -1 -1 -1 -1 25 -1 -1 -1 -1 -1 21 20 19 18 -1 -1 
-1 -1 2 3 4 5 -1 8 -1 -1 -1 -1 -1 -1 -1 -1 -1 -1 -1 9 -1 -1 6 -1 -1 -1 -1 11 -1 -1 -1 13 -1 -1 -1 15 -1 -1 0 -1 -1 16 -1 7 -1 -1 -1 -1 23 -1 1 24 -1 -1 -1 -1 -1 -1 29 -1 -1 -1 27 22 -1 17 -1 -1 -1 -1 -1 -1 -1 -1 -1 -1 -1 -1 25 -1 -1 -1 -1 -1 21 20 19 18 -1 -1 
-1 -1 2 3 4 5 -1 8 -1 -1 -1 -1 -1 -1 -1 -1 -1 -1 -1 9 -1 -1 6 -1 -1 -1 -1 11 -1 -1 -1 13 -1 -1 -1 15 -1 -1 16 -1 -1 -1 -1 7 -1 -1 -1 -1 23 -1 1 24 -1 -1 -1 -1 -1 -1 29 -1 -1 -1 27 22 -1 17 -1 -1 -1 -1 -1 -1 -1 -1 -1 -1 -1 -1 25 -1 -1 -1 -1 -1 21 20 19 18 -1 -1 
-1 -1 2 3 4 5 -1 8 -1 -1 -1 -1 -1 -1 -1 -1 -1 -1 -1 9 -1 -1 -1 -1 -1 -1 -1 11 -1 -1 -1 13 -1 -1 -1 15 -1 -1 6 -1 -1 -1 -1 7 -1 -1 -1 -1 23 -1 1 24 -1 -1 -1 -1 -1 -1 29 -1 -1 -1 27 22 -1 17 -1 -1 -1 -1 -1 -1 -1 -1 -1 -1 -1 -1 25 -1 -1 -1 -1 -1 21 20 19 18 -1 -1 
-1 -1 2 3 4 5 -1 8 -1 -1 -1 -1 -1 -1 -1 -1 -1 -1 -1 9 -1 -1 -1 -1 -1 -1 -1 11 -1 -1 -1 13 -1 -1 -1 15 -1 -1 6 -1 -1 23 -1 7 -1 -1 -1 -1 -1 -1 1 24 -1 -1 -1 -1 -1 -1 29 -1 -1 -1 27 22 -1 17 -1 -1 -1 -1 -1 -1 -1 -1 -1 -1 -1 -1 25 -1 -1 -1 -1 -1 21 20 19 18 -1 -1 
-1 -1 2 3 4 5 -1 8 -1 -1 -1 -1 -1 -1 -1 -1 -1 -1 -1 9 -1 -1 -1 -1 -1 -1 -1 11 -1 -1 -1 -1 -1 -1 -1 15 -1 -1 6 -1 13 23 -1 7 -1 -1 -1 -1 -1 -1 1 24 -1 -1 -1 -1 -1 -1 29 -1 -1 -1 27 22 -1 17 -1 -1 -1 -1 -1 -1 -1 -1 -1 -1 -1 -1 25 -1 -1 -1 -1 -1 21 20 19 18 -1 -1 
-1 -1 2 3 4 5 -1 8 -1 -1 -1 -1 -1 -1 -1 -1 -1 -1 -1 9 -1 -1 -1 -1 -1 -1 -1 11 -1 -1 -1 -1 -1 -1 -1 15 -1 -1 6 -1 13 23 -1 7 -1 -1 17 -1 -1 -1 1 24 -1 -1 -1 -1 -1 -1 29 -1 -1 -1 27 22 -1 -1 -1 -1 -1 -1 -1 -1 -1 -1 -1 -1 -1 -1 25 -1 -1 -1 -1 -1 21 20 19 18 -1 -1 
-1 -1 2 3 4 -1 -1 8 -1 -1 -1 -1 -1 5 -1 -1 -1 -1 -1 9 -1 -1 -1 -1 -1 -1 -1 11 -1 -1 -1 -1 -1 -1 -1 15 -1 -1 6 -1 13 23 -1 7 -1 -1 17 -1 -1 -1 1 24 -1 -1 -1 -1 -1 -1 29 -1 -1 -1 27 22 -1 -1 -1 -1 -1 -1 -1 -1 -1 -1 -1 -1 -1 -1 25 -1 -1 -1 -1 -1 21 20 19 18 -1 -1 
-1 -1 2 3 4 -1 -1 8 -1 -1 -1 -1 -1 5 -1 -1 -1 -1 -1 9 -1 -1 -1 -1 -1 -1 -1 11 -1 -1 -1 -1 -1 -1 -1 15 -1 -1 6 -1 13 23 -1 7 -1 -1 17 -1 -1 -1 1 24 -1 -1 -1 -1 -1 -1 29 -1 -1 -1 27 22 -1 -1 -1 -1 -1 -1 -1 -1 -1 -1 -1 -1 25 -1 -1 -1 -1 -1 -1 -1 21 20 19 18 -1 -1 
-1 -1 2 3 4 -1 -1 8 -1 -1 -1 -1 -1 5 -1 -1 -1 -1 -1 -1 -1 -1 -1 -1 -1 -1 -1 11 -1 -1 -1 -1 -1 -1 -1 15 -1 9 6 -1 13 23 -1 7 -1 -1 17 -1 -1 -1 1 24 -1 -1 -1 -1 -1 -1 29 -1 -1 -1 27 22 -1 -1 -1 -1 -1 -1 -1 -1 -1 -1 -1 -1 25 -1 -1 -1 -1 -1 -1 -1 21 20 19 18 -1 -1 
-1 -1 2 3 4 -1 -1 8 -1 -1 -1 -1 -1 5 -1 -1 -1 -1 -1 -1 -1 -1 -1 -1 -1 -1 -1 11 -1 -1 -1 -1 -1 -1 -1 15 -1 9 6 -1 13 23 -1 7 -1 -1 17 -1 -1 -1 1 24 -1 -1 -1 -1 -1 -1 29 -1 -1 -1 27 22 -1 -1 -1 -1 -1 -1 -1 -1 -1 -1 -1 -1 -1 -1 -1 25 -1 -1 -1 -1 21 20 19 18 -1 -1 
-1 -1 2 3 4 8 -1 -1 -1 -1 -1 -1 -1 5 -1 -1 -1 -1 -1 -1 -1 -1 -1 -1 -1 -1 -1 11 -1 -1 -1 -1 -1 -1 -1 15 -1 9 6 -1 13 23 -1 7 -1 -1 17 -1 -1 -1 1 24 -1 -1 -1 -1 -1 -1 29 -1 -1 -1 27 22 -1 -1 -1 -1 -1 -1 -1 -1 -1 -1 -1 -1 -1 -1 -1 25 -1 -1 -1 -1 21 20 19 18 -1 -1 
-1 -1 2 3 4 8 -1 -1 -1 -1 -1 -1 -1 5 -1 -1 -1 -1 -1 -1 -1 -1 -1 -1 -1 -1 -1 11 -1 -1 -1 -1 -1 -1 -1 15 -1 9 6 -1 13 -1 -1 7 -1 -1 17 -1 -1 -1 1 24 23 -1 -1 -1 -1 -1 29 -1 -1 -1 27 22 -1 -1 -1 -1 -1 -1 -1 -1 -1 -1 -1 -1 -1 -1 -1 25 -1 -1 -1 -1 21 20 19 18 -1 -1 
-1 -1 2 3 4 8 -1 -1 -1 -1 -1 -1 -1 5 -1 -1 -1 -1 -1 -1 -1 -1 -1 -1 -1 -1 7 11 -1 -1 -1 -1 -1 -1 -1 15 -1 9 6 -1 13 -1 -1 -1 -1 -1 17 -1 -1 -1 1 24 23 -1 -1 -1 -1 -1 29 -1 -1 -1 27 22 -1 -1 -1 -1 -1 -1 -1 -1 -1 -1 -1 -1 -1 -1 -1 25 -1 -1 -1 -1 21 20 19 18 -1 -1 
-1 -1 2 3 4 8 -1 -1 -1 -1 -1 -1 -1 5 -1 -1 -1 -1 -1 -1 -1 -1 -1 -1 -1 -1 7 11 -1 -1 -1 -1 -1 -1 -1 15 -1 9 6 -1 13 -1 -1 -1 -1 -1 17 -1 -1 -1 1 24 23 -1 -1 -1 -1 -1 29 -1 -1 -1 27 22 -1 -1 -1 -1 -1 -1 -1 -1 -1 -1 -1 -1 21 -1 -1 25 -1 -1 -1 -1 -1 20 19 18 -1 -1 
-1 -1 -1 3 4 8 -1 -1 -1 -1 -1 -1 -1 5 -1 -1 -1 -1 -1 -1 -1 -1 2 -1 -1 -1 7 11 -1 -1 -1 -1 -1 -1 -1 15 -1 9 6 -1 13 -1 -1 -1 -1 -1 17 -1 -1 -1 1 24 23 -1 -1 -1 -1 -1 29 -1 -1 -1 27 22 -1 -1 -1 -1 -1 -1 -1 -1 -1 -1 -1 -1 21 -1 -1 25 -1 -1 -1 -1 -1 20 19 18 -1 -1 
-1 -1 -1 3 4 8 -1 -1 -1 -1 -1 -1 -1 5 -1 -1 -1 -1 -1 -1 -1 -1 2 -1 -1 -1 7 11 -1 -1 -1 -1 -1 -1 -1 15 -1 9 6 -1 13 -1 -1 -1 -1 -1 17 -1 -1 -1 1 24 23 27 -1 -1 -1 -1 29 -1 -1 -1 -1 22 -1 -1 -1 -1 -1 -1 -1 -1 -1 -1 -1 -1 21 -1 -1 25 -1 -1 -1 -1 -1 20 19 18 -1 -1 
-1 -1 -1 3 4 -1 -1 -1 -1 -1 -1 -1 -1 5 -1 -1 -1 -1 -1 -1 -1 -1 2 -1 -1 -1 7 11 -1 -1 -1 -1 8 -1 -1 15 -1 9 6 -1 13 -1 -1 -1 -1 -1 17 -1 -1 -1 1 24 23 27 -1 -1 -1 -1 29 -1 -1 -1 -1 22 -1 -1 -1 -1 -1 -1 -1 -1 -1 -1 -1 -1 21 -1 -1 25 -1 -1 -1 -1 -1 20 19 18 -1 -1 
-1 -1 -1 3 4 -1 -1 -1 -1 -1 -1 -1 -1 5 -1 -1 -1 -1 -1 -1 -1 -1 2 -1 -1 -1 7 11 -1 -1 -1 -1 8 -1 -1 15 -1 9 6 -1 13 -1 -1 -1 -1 -1 17 -1 -1 -1 1 24 23 27 -1 -1 -1 -1 29 -1 -1 -1 -1 22 -1 -1 -1 -1 -1 -1 25 -1 -1 -1 -1 -1 21 -1 -1 -1 -1 -1 -1 -1 -1 20 19 18 -1 -1 
-1 -1 -1 3 4 -1 -1 -1 -1 -1 -1 -1 -1 5 -1 -1 -1 -1 -1 -1 -1 -1 2 -1 -1 -1 7 11 -1 -1 -1 -1 8 1 -1 15 -1 9 6 -1 13 -1 -1 -1 -1 -1 17 -1 -1 -1 -1 24 23 27 -1 -1 -1 -1 29 -1 -1 -1 -1 22 -1 -1 -1 -1 -1 -1 25 -1 -1 -1 -1 -1 21 -1 -1 -1 -1 -1 -1 -1 -1 20 19 18 -1 -1 
-1 -1 -1 3 4 -1 -1 -1 -1 -1 -1 -1 -1 5 -1 -1 -1 -1 -1 -1 -1 -1 2 -1 -1 -1 7 11 -1 -1 -1 -1 8 1 -1 23 -1 9 6 -1 13 -1 -1 -1 -1 -1 17 -1 -1 -1 -1 24 -1 27 -1 -1 -1 -1 29 -1 -1 -1 -1 22 -1 -1 -1 -1 -1 -1 25 -1 -1 -1 -1 -1 21 -1 -1 -1 -1 -1 -1 -1 -1 20 19 18 -1 -1 
-1 -1 -1 3 4 -1 -1 -1 -1 -1 -1 -1 -1 5 -1 -1 -1 -1 -1 -1 -1 -1 2 -1 -1 -1 7 11 -1 -1 -1 -1 -1 1 -1 23 -1 9 6 -1 13 -1 -1 -1 -1 -1 17 -1 -1 -1 8 24 -1 27 -1 -1 -1 -1 29 -1 -1 -1 -1 22 -1 -1 -1 -1 -1 -1 25 -1 -1 -1 -1 -1 21 -1 -1 -1 -1 -1 -1 -1 -1 20 19 18 -1 -1 
-1 -1 -1 3 4 -1 -1 -1 -1 -1 -1 -1 -1 5 -1 -1 -1 -1 -1 -1 -1 -1 2 -1 -1 -1 7 11 -1 -1 -1 -1 -1 1 -1 23 -1 9 6 -1 13 -1 -1 -1 -1 -1 17 -1 -1 -1 24 -1 -1 27 -1 -1 -1 -1 29 -1 -1 -1 -1 22 -1 -1 -1 -1 -1 -1 25 -1 -1 -1 -1 -1 21 -1 -1 -1 -1 -1 -1 -1 -1 20 19 18 -1 -1 
-1 -1 -1 3 4 -1 -1 -1 -1 -1 -1 -1 -1 5 -1 -1 -1 -1 -1 -1 -1 -1 2 -1 -1 -1 7 11 -1 -1 -1 -1 -1 -1 -1 23 -1 9 6 -1 13 -1 -1 -1 -1 -1 17 -1 -1 -1 1 -1 -1 27 -1 -1 -1 -1 29 -1 -1 -1 -1 22 -1 -1 -1 -1 -1 -1 25 -1 -1 -1 -1 -1 21 -1 -1 -1 -1 -1 -1 -1 -1 20 19 18 -1 -1 
-1 -1 -1 3 4 -1 -1 -1 -1 -1 -1 -1 -1 5 -1 -1 -1 -1 -1 -1 -1 -1 2 -1 -1 -1 7 11 -1 -1 -1 -1 -1 -1 -1 23 -1 9 6 -1 13 -1 -1 -1 -1 -1 17 -1 -1 -1 1 -1 -1 27 -1 -1 -1 -1 29 -1 -1 -1 -1 -1 -1 -1 -1 -1 -1 -1 25 -1 -1 -1 -1 -1 21 -1 -1 -1 -1 -1 -1 22 -1 20 19 18 -1 -1 
-1 -1 -1 3 4 -1 -1 -1 -1 -1 -1 -1 -1 5 -1 -1 -1 -1 -1 -1 -1 -1 2 -1 -1 -1 7 11 -1 -1 -1 -1 -1 -1 -1 23 -1 9 6 -1 13 -1 -1 -1 -1 -1 17 -1 -1 -1 -1 -1 -1 27 -1 -1 -1 -1 29 -1 -1 -1 -1 -1 -1 -1 -1 -1 -1 1 25 -1 -1 -1 -1 -1 21 -1 -1 -1 -1 -1 -1 22 -1 20 19 18 -1 -1 
-1 -1 -1 3 4 -1 -1 -1 -1 -1 -1 -1 -1 5 -1 -1 -1 -1 -1 -1 -1 -1 2 -1 -1 -1 7 11 -1 -1 -1 -1 -1 -1 -1 23 -1 9 6 -1 13 -1 -1 -1 -1 -1 17 -1 -1 -1 -1 -1 -1 27 -1 -1 -1 -1 29 -1 -1 -1 -1 -1 -1 -1 -1 -1 21 1 25 -1 -1 -1 -1 -1 -1 -1 -1 -1 -1 -1 -1 22 -1 20 19 18 -1 -1 
-1 -1 -1 3 4 -1 -1 -1 -1 -1 -1 -1 -1 5 -1 -1 -1 -1 -1 -1 -1 -1 2 -1 -1 -1 -1 11 -1 -1 -1 -1 -1 7 -1 23 -1 9 6 -1 13 -1 -1 -1 -1 -1 17 -1 -1 -1 -1 -1 -1 27 -1 -1 -1 -1 29 -1 -1 -1 -1 -1 -1 -1 -1 -1 21 1 25 -1 -1 -1 -1 -1 -1 -1 -1 -1 -1 -1 -1 22 -1 20 19 18 -1 -1 
-1 -1 -1 3 4 -1 -1 -1 -1 -1 -1 -1 -1 5 -1 -1 -1 -1 -1 -1 -1 -1 2 -1 -1 -1 -1 11 -1 -1 -1 -1 -1 7 -1 23 -1 9 6 -1 13 -1 -1 -1 -1 -1 17 -1 -1 -1 -1 -1 -1 27 -1 -1 -1 -1 29 -1 -1 -1 -1 -1 -1 -1 -1 22 21 1 25 -1 -1 -1 -1 -1 -1 -1 -1 -1 -1 -1 -1 -1 -1 20 19 18 -1 -1 
-1 -1 -1 3 4 -1 -1 -1 -1 -1 -1 -1 -1 5 -1 -1 -1 -1 -1 -1 -1 -1 2 -1 -1 -1 -1 11 -1 -1 -1 -1 -1 -1 -1 23 -1 9 6 -1 13 -1 -1 -1 -1 -1 17 -1 -1 -1 7 -1 -1 27 -1 -1 -1 -1 29 -1 -1 -1 -1 -1 -1 -1 -1 22 21 1 25 -1 -1 -1 -1 -1 -1 -1 -1 -1 -1 -1 -1 -1 -1 20 19 18 -1 -1 
-1 -1 -1 3 4 -1 -1 -1 -1 -1 -1 -1 -1 5 -1 -1 -1 -1 -1 -1 -1 -1 2 -1 23 -1 -1 11 -1 -1 -1 -1 -1 -1 -1 -1 -1 9 6 -1 13 -1 -1 -1 -1 -1 17 -1 -1 -1 7 -1 -1 27 -1 -1 -1 -1 29 -1 -1 -1 -1 -1 -1 -1 -1 22 21 1 25 -1 -1 -1 -1 -1 -1 -1 -1 -1 -1 -1 -1 -1 -1 20 19 18 -1 -1 
-1 -1 -1 3 4 -1 -1 -1 -1 -1 -1 -1 -1 5 -1 -1 -1 -1 -1 -1 -1 -1 2 -1 23 -1 -1 11 -1 -1 -1 -1 -1 -1 -1 -1 -1 9 6 -1 13 -1 -1 -1 -1 -1 17 -1 -1 -1 -1 -1 -1 27 -1 -1 -1 -1 29 -1 -1 7 -1 -1 -1 -1 -1 22 21 1 25 -1 -1 -1 -1 -1 -1 -1 -1 -1 -1 -1 -1 -1 -1 20 19 18 -1 -1 
-1 -1 -1 3 4 -1 -1 -1 -1 -1 -1 -1 -1 5 -1 -1 -1 -1 -1 -1 -1 -1 2 -1 23 -1 -1 11 -1 -1 -1 -1 -1 -1 -1 -1 -1 9 6 -1 13 -1 -1 -1 -1 -1 17 -1 -1 -1 -1 -1 -1 27 -1 -1 -1 -1 29 -1 -1 7 -1 -1 -1 -1 -1 22 21 1 25 -1 -1 -1 -1 -1 19 -1 -1 -1 -1 -1 -1 -1 -1 20 -1 18 -1 -1 
-1 -1 -1 3 4 -1 -1 -1 -1 -1 -1 -1 -1 5 -1 -1 -1 -1 -1 -1 -1 -1 2 -1 23 -1 -1 11 -1 -1 -1 -1 -1 -1 -1 -1 -1 9 6 -1 13 -1 -1 -1 -1 -1 17 -1 -1 -1 1 -1 -1 27 -1 -1 -1 -1 29 -1 -1 7 -1 -1 -1 -1 -1 22 21 -1 25 -1 -1 -1 -1 -1 19 -1 -1 -1 -1 -1 -1 -1 -1 20 -1 18 -1 -1 
-1 -1 -1 3 4 -1 -1 -1 -1 -1 -1 -1 -1 5 -1 -1 -1 23 -1 -1 -1 -1 2 -1 -1 -1 -1 11 -1 -1 -1 -1 -1 -1 -1 -1 -1 9 6 -1 13 -1 -1 -1 -1 -1 17 -1 -1 -1 1 -1 -1 27 -1 -1 -1 -1 29 -1 -1 7 -1 -1 -1 -1 -1 22 21 -1 25 -1 -1 -1 -1 -1 19 -1 -1 -1 -1 -1 -1 -1 -1 20 -1 18 -1 -1 
-1 -1 -1 3 4 -1 -1 -1 -1 -1 9 -1 -1 5 -1 -1 -1 23 -1 -1 -1 -1 2 -1 -1 -1 -1 11 -1 -1 -1 -1 -1 -1 -1 -1 -1 -1 6 -1 13 -1 -1 -1 -1 -1 17 -1 -1 -1 1 -1 -1 27 -1 -1 -1 -1 29 -1 -1 7 -1 -1 -1 -1 -1 22 21 -1 25 -1 -1 -1 -1 -1 19 -1 -1 -1 -1 -1 -1 -1 -1 20 -1 18 -1 -1 
-1 -1 -1 3 4 -1 -1 -1 -1 -1 9 -1 -1 5 -1 -1 -1 -1 -1 -1 -1 -1 2 -1 -1 -1 -1 11 -1 -1 -1 -1 -1 -1 23 -1 -1 -1 6 -1 13 -1 -1 -1 -1 -1 17 -1 -1 -1 1 -1 -1 27 -1 -1 -1 -1 29 -1 -1 7 -1 -1 -1 -1 -1 22 21 -1 25 -1 -1 -1 -1 -1 19 -1 -1 -1 -1 -1 -1 -1 -1 20 -1 18 -1 -1 
-1 -1 -1 3 4 -1 -1 -1 -1 9 -1 -1 -1 5 -1 -1 -1 -1 -1 -1 -1 -1 2 -1 -1 -1 -1 11 -1 -1 -1 -1 -1 -1 23 -1 -1 -1 6 -1 13 -1 -1 -1 -1 -1 17 -1 -1 -1 1 -1 -1 27 -1 -1 -1 -1 29 -1 -1 7 -1 -1 -1 -1 -1 22 21 -1 25 -1 -1 -1 -1 -1 19 -1 -1 -1 -1 -1 -1 -1 -1 20 -1 18 -1 -1 
-1 -1 -1 3 4 -1 -1 -1 -1 9 -1 -1 -1 5 -1 -1 -1 -1 -1 -1 -1 -1 2 -1 -1 -1 -1 11 -1 -1 -1 -1 -1 -1 23 -1 -1 -1 6 -1 13 -1 -1 -1 -1 -1 -1 -1 -1 -1 1 -1 -1 27 -1 -1 -1 -1 29 -1 -1 7 -1 -1 -1 17 -1 22 21 -1 25 -1 -1 -1 -1 -1 19 -1 -1 -1 -1 -1 -1 -1 -1 20 -1 18 -1 -1 
-1 -1 -1 3 4 -1 -1 -1 -1 9 -1 -1 -1 5 -1 -1 -1 -1 -1 -1 -1 -1 -1 -1 -1 -1 -1 11 -1 -1 -1 -1 -1 -1 23 -1 -1 -1 6 -1 13 -1 2 -1 -1 -1 -1 -1 -1 -1 1 -1 -1 27 -1 -1 -1 -1 29 -1 -1 7 -1 -1 -1 17 -1 22 21 -1 25 -1 -1 -1 -1 -1 19 -1 -1 -1 -1 -1 -1 -1 -1 20 -1 18 -1 -1 
-1 -1 -1 3 4 -1 -1 -1 -1 9 -1 -1 -1 5 -1 -1 -1 -1 -1 -1 -1 -1 -1 -1 -1 -1 -1 11 -1 -1 -1 -1 -1 -1 -1 -1 -1 -1 6 -1 13 -1 2 -1 -1 -1 -1 -1 -1 -1 1 23 -1 27 -1 -1 -1 -1 29 -1 -1 7 -1 -1 -1 17 -1 22 21 -1 25 -1 -1 -1 -1 -1 19 -1 -1 -1 -1 -1 -1 -1 -1 20 -1 18 -1 -1 
-1 -1 -1 3 4 -1 -1 -1 -1 9 -1 -1 -1 5 -1 -1 -1 -1 -1 -1 -1 -1 -1 -1 -1 -1 -1 -1 -1 -1 -1 -1 -1 -1 -1 -1 11 -1 6 -1 13 -1 2 -1 -1 -1 -1 -1 -1 -1 1 23 -1 27 -1 -1 -1 -1 29 -1 -1 7 -1 -1 -1 17 -1 22 21 -1 25 -1 -1 -1 -1 -1 19 -1 -1 -1 -1 -1 -1 -1 -1 20 -1 18 -1 -1 
-1 -1 -1 3 4 -1 -1 -1 -1 9 -1 -1 -1 5 -1 -1 -1 -1 -1 -1 -1 -1 -1 -1 -1 -1 -1 -1 -1 -1 -1 -1 -1 -1 -1 -1 11 -1 6 -1 13 -1 2 -1 27 -1 -1 -1 -1 -1 1 23 -1 -1 -1 -1 -1 -1 29 -1 -1 7 -1 -1 -1 17 -1 22 21 -1 25 -1 -1 -1 -1 -1 19 -1 -1 -1 -1 -1 -1 -1 -1 20 -1 18 -1 -1 
-1 -1 -1 3 4 -1 -1 -1 -1 9 -1 -1 -1 5 -1 -1 -1 -1 -1 -1 -1 -1 6 -1 -1 -1 -1 -1 -1 -1 -1 -1 -1 -1 -1 -1 11 -1 -1 -1 13 -1 2 -1 27 -1 -1 -1 -1 -1 1 23 -1 -1 -1 -1 -1 -1 29 -1 -1 7 -1 -1 -1 17 -1 22 21 -1 25 -1 -1 -1 -1 -1 19 -1 -1 -1 -1 -1 -1 -1 -1 20 -1 18 -1 -1 
-1 -1 -1 3 4 -1 -1 -1 -1 9 -1 -1 -1 5 -1 -1 -1 -1 -1 -1 -1 -1 6 -1 -1 -1 -1 -1 -1 -1 -1 -1 -1 -1 -1 -1 11 -1 -1 -1 13 -1 2 27 -1 -1 -1 -1 -1 -1 1 23 -1 -1 -1 -1 -1 -1 29 -1 -1 7 -1 -1 -1 17 -1 22 21 -1 25 -1 -1 -1 -1 -1 19 -1 -1 -1 -1 -1 -1 -1 -1 20 -1 18 -1 -1 
-1 -1 -1 3 4 -1 -1 -1 -1 9 -1 -1 -1 -1 -1 -1 -1 -1 -1 -1 -1 5 6 -1 -1 -1 -1 -1 -1 -1 -1 -1 -1 -1 -1 -1 11 -1 -1 -1 13 -1 2 27 -1 -1 -1 -1 -1 -1 1 23 -1 -1 -1 -1 -1 -1 29 -1 -1 7 -1 -1 -1 17 -1 22 21 -1 25 -1 -1 -1 -1 -1 19 -1 -1 -1 -1 -1 -1 -1 -1 20 -1 18 -1 -1 
-1 -1 -1 3 4 -1 -1 -1 -1 9 -1 -1 -1 -1 -1 -1 -1 -1 -1 -1 -1 5 6 -1 -1 -1 -1 -1 -1 -1 -1 -1 -1 -1 -1 -1 11 -1 -1 -1 13 -1 2 27 -1 -1 17 -1 -1 -1 1 23 -1 -1 -1 -1 -1 -1 29 -1 -1 7 -1 -1 -1 -1 -1 22 21 -1 25 -1 -1 -1 -1 -1 19 -1 -1 -1 -1 -1 -1 -1 -1 20 -1 18 -1 -1 
-1 -1 -1 3 4 -1 -1 -1 -1 -1 -1 -1 -1 -1 -1 -1 -1 -1 -1 -1 -1 5 6 -1 -1 -1 -1 -1 -1 -1 -1 -1 -1 -1 -1 -1 11 -1 -1 -1 13 -1 2 27 -1 -1 17 -1 -1 -1 1 23 -1 -1 9 -1 -1 -1 29 -1 -1 7 -1 -1 -1 -1 -1 22 21 -1 25 -1 -1 -1 -1 -1 19 -1 -1 -1 -1 -1 -1 -1 -1 20 -1 18 -1 -1 
-1 -1 -1 3 4 -1 -1 -1 -1 -1 -1 -1 -1 -1 -1 -1 -1 -1 -1 -1 -1 5 6 -1 -1 -1 -1 -1 -1 17 -1 -1 -1 -1 -1 -1 11 -1 -1 -1 13 -1 2 27 -1 -1 -1 -1 -1 -1 1 23 -1 -1 9 -1 -1 -1 29 -1 -1 7 -1 -1 -1 -1 -1 22 21 -1 25 -1 -1 -1 -1 -1 19 -1 -1 -1 -1 -1 -1 -1 -1 20 -1 18 -1 -1 
-1 -1 -1 3 4 -1 -1 -1 -1 -1 -1 -1 -1 -1 -1 -1 -1 -1 -1 -1 -1 5 6 -1 -1 -1 -1 -1 -1 17 -1 -1 -1 -1 -1 -1 -1 -1 -1 -1 13 -1 2 27 -1 11 -1 -1 -1 -1 1 23 -1 -1 9 -1 -1 -1 29 -1 -1 7 -1 -1 -1 -1 -1 22 21 -1 25 -1 -1 -1 -1 -1 19 -1 -1 -1 -1 -1 -1 -1 -1 20 -1 18 -1 -1 
-1 -1 -1 3 4 -1 -1 -1 -1 -1 -1 -1 -1 -1 -1 -1 -1 -1 -1 -1 -1 5 6 -1 -1 -1 -1 -1 -1 -1 -1 -1 -1 -1 -1 -1 -1 -1 -1 -1 17 -1 2 27 -1 11 -1 -1 -1 -1 1 23 -1 -1 9 -1 -1 -1 29 -1 -1 7 -1 -1 -1 -1 -1 22 21 -1 25 -1 -1 -1 -1 -1 19 -1 -1 -1 -1 -1 -1 -1 -1 20 -1 18 -1 -1 
-1 -1 -1 -1 4 -1 -1 -1 -1 -1 -1 -1 -1 3 -1 -1 -1 -1 -1 -1 -1 5 6 -1 -1 -1 -1 -1 -1 -1 -1 -1 -1 -1 -1 -1 -1 -1 -1 -1 17 -1 2 27 -1 11 -1 -1 -1 -1 1 23 -1 -1 9 -1 -1 -1 29 -1 -1 7 -1 -1 -1 -1 -1 22 21 -1 25 -1 -1 -1 -1 -1 19 -1 -1 -1 -1 -1 -1 -1 -1 20 -1 18 -1 -1 
-1 -1 -1 -1 4 -1 -1 -1 -1 -1 -1 -1 -1 3 -1 -1 -1 -1 -1 -1 -1 5 6 -1 -1 -1 -1 -1 -1 -1 -1 -1 -1 -1 -1 -1 -1 -1 -1 -1 17 -1 2 27 -1 11 -1 -1 -1 29 1 23 -1 -1 9 -1 -1 -1 -1 -1 -1 7 -1 -1 -1 -1 -1 22 21 -1 25 -1 -1 -1 -1 -1 19 -1 -1 -1 -1 -1 -1 -1 -1 20 -1 18 -1 -1 
-1 -1 -1 -1 4 -1 -1 -1 -1 -1 -1 -1 -1 3 -1 -1 -1 -1 -1 -1 -1 5 6 -1 -1 -1 -1 -1 -1 -1 -1 -1 -1 -1 -1 -1 -1 -1 -1 -1 17 -1 2 27 -1 -1 11 -1 -1 29 1 23 -1 -1 9 -1 -1 -1 -1 -1 -1 7 -1 -1 -1 -1 -1 22 21 -1 25 -1 -1 -1 -1 -1 19 -1 -1 -1 -1 -1 -1 -1 -1 20 -1 18 -1 -1 
-1 -1 -1 -1 4 -1 -1 -1 -1 -1 -1 -1 -1 3 -1 -1 -1 -1 -1 -1 -1 5 6 -1 -1 -1 -1 -1 -1 17 -1 -1 -1 -1 -1 -1 -1 -1 -1 -1 -1 -1 2 27 -1 -1 11 -1 -1 29 1 23 -1 -1 9 -1 -1 -1 -1 -1 -1 7 -1 -1 -1 -1 -1 22 21 -1 25 -1 -1 -1 -1 -1 19 -1 -1 -1 -1 -1 -1 -1 -1 20 -1 18 -1 -1 
-1 -1 -1 -1 4 -1 -1 -1 -1 -1 -1 -1 -1 3 -1 -1 -1 -1 -1 -1 -1 5 6 -1 -1 -1 -1 -1 -1 17 -1 -1 -1 -1 -1 -1 -1 -1 -1 -1 -1 -1 2 27 -1 9 11 -1 -1 29 1 23 -1 -1 -1 -1 -1 -1 -1 -1 -1 7 -1 -1 -1 -1 -1 22 21 -1 25 -1 -1 -1 -1 -1 19 -1 -1 -1 -1 -1 -1 -1 -1 20 -1 18 -1 -1 
-1 -1 -1 -1 4 -1 -1 -1 -1 -1 -1 -1 -1 3 -1 -1 -1 -1 -1 -1 -1 5 6 -1 -1 -1 -1 -1 -1 17 -1 -1 -1 -1 -1 -1 -1 -1 -1 -1 29 -1 2 27 -1 9 11 -1 -1 -1 1 23 -1 -1 -1 -1 -1 -1 -1 -1 -1 7 -1 -1 -1 -1 -1 22 21 -1 25 -1 -1 -1 -1 -1 19 -1 -1 -1 -1 -1 -1 -1 -1 20 -1 18 -1 -1 
-1 -1 -1 -1 4 -1 -1 -1 -1 -1 -1 -1 -1 3 -1 -1 -1 -1 -1 -1 -1 5 6 -1 -1 -1 -1 -1 -1 17 -1 -1 -1 -1 -1 -1 -1 -1 -1 -1 29 -1 2 27 -1 9 -1 -1 -1 -1 1 23 -1 -1 -1 11 -1 -1 -1 -1 -1 7 -1 -1 -1 -1 -1 22 21 -1 25 -1 -1 -1 -1 -1 19 -1 -1 -1 -1 -1 -1 -1 -1 20 -1 18 -1 -1 
-1 -1 -1 -1 4 -1 -1 -1 -1 -1 -1 -1 -1 3 -1 -1 -1 -1 -1 -1 -1 5 6 -1 -1 -1 -1 -1 -1 17 -1 -1 -1 -1 -1 -1 -1 -1 -1 -1 29 -1 2 27 23 9 -1 -1 -1 -1 1 -1 -1 -1 -1 11 -1 -1 -1 -1 -1 7 -1 -1 -1 -1 -1 22 21 -1 25 -1 -1 -1 -1 -1 19 -1 -1 -1 -1 -1 -1 -1 -1 20 -1 18 -1 -1 
-1 -1 -1 -1 4 -1 -1 -1 -1 -1 -1 -1 -1 3 -1 -1 -1 -1 -1 -1 -1 5 6 -1 -1 -1 -1 -1 -1 17 -1 -1 -1 -1 -1 -1 -1 -1 -1 -1 29 -1 2 27 7 9 -1 -1 -1 -1 1 -1 -1 -1 -1 11 -1 -1 -1 -1 -1 -1 -1 -1 -1 -1 -1 22 21 -1 25 -1 -1 -1 -1 -1 19 -1 -1 -1 -1 -1 -1 -1 -1 20 -1 18 -1 -1 
-1 -1 -1 -1 4 -1 -1 -1 -1 -1 -1 -1 -1 3 -1 -1 -1 -1 -1 -1 -1 5 6 -1 -1 -1 -1 -1 -1 17 -1 -1 -1 -1 -1 -1 -1 -1 -1 -1 29 -1 2 -1 27 9 -1 -1 -1 -1 1 -1 -1 -1 -1 11 -1 -1 -1 -1 -1 -1 -1 -1 -1 -1 -1 22 21 -1 25 -1 -1 -1 -1 -1 19 -1 -1 -1 -1 -1 -1 -1 -1 20 -1 18 -1 -1 
-1 -1 -1 -1 4 -1 -1 -1 -1 -1 -1 -1 -1 3 -1 -1 -1 -1 -1 -1 -1 5 -1 -1 -1 -1 -1 -1 -1 17 -1 -1 -1 -1 -1 -1 -1 -1 6 -1 29 -1 2 -1 27 9 -1 -1 -1 -1 1 -1 -1 -1 -1 11 -1 -1 -1 -1 -1 -1 -1 -1 -1 -1 -1 22 21 -1 25 -1 -1 -1 -1 -1 19 -1 -1 -1 -1 -1 -1 -1 -1 20 -1 18 -1 -1 
-1 -1 -1 -1 4 -1 -1 -1 -1 -1 -1 -1 -1 3 -1 -1 -1 -1 -1 -1 -1 5 -1 -1 -1 -1 -1 -1 -1 17 -1 -1 -1 -1 -1 -1 -1 -1 6 -1 -1 29 2 -1 27 9 -1 -1 -1 -1 1 -1 -1 -1 -1 11 -1 -1 -1 -1 -1 -1 -1 -1 -1 -1 -1 22 21 -1 25 -1 -1 -1 -1 -1 19 -1 -1 -1 -1 -1 -1 -1 -1 20 -1 18 -1 -1 
-1 -1 -1 -1 4 -1 -1 -1 -1 -1 -1 -1 -1 3 -1 -1 -1 -1 -1 -1 -1 5 2 -1 -1 -1 -1 -1 -1 17 -1 -1 -1 -1 -1 -1 -1 -1 6 -1 -1 29 -1 -1 27 9 -1 -1 -1 -1 1 -1 -1 -1 -1 11 -1 -1 -1 -1 -1 -1 -1 -1 -1 -1 -1 22 21 -1 25 -1 -1 -1 -1 -1 19 -1 -1 -1 -1 -1 -1 -1 -1 20 -1 18 -1 -1 
-1 -1 -1 -1 4 -1 -1 -1 -1 -1 -1 -1 -1 3 -1 -1 -1 -1 -1 -1 -1 5 2 -1 -1 -1 -1 -1 -1 17 -1 -1 -1 -1 -1 27 -1 -1 6 -1 -1 29 -1 -1 -1 9 -1 -1 -1 -1 1 -1 -1 -1 -1 11 -1 -1 -1 -1 -1 -1 -1 -1 -1 -1 -1 22 21 -1 25 -1 -1 -1 -1 -1 19 -1 -1 -1 -1 -1 -1 -1 -1 20 -1 18 -1 -1 
-1 -1 -1 -1 4 -1 -1 -1 -1 -1 -1 -1 -1 3 -1 -1 -1 -1 -1 -1 -1 5 2 -1 -1 -1 -1 -1 -1 17 -1 -1 -1 -1 -1 27 -1 -1 6 -1 -1 29 -1 -1 -1 9 -1 -1 -1 -1 -1 -1 -1 -1 -1 11 -1 1 -1 -1 -1 -1 -1 -1 -1 -1 -1 22 21 -1 25 -1 -1 -1 -1 -1 19 -1 -1 -1 -1 -1 -1 -1 -1 20 -1 18 -1 -1 
-1 -1 -1 -1 4 -1 -1 -1 -1 -1 -1 -1 -1 3 -1 -1 -1 -1 -1 -1 -1 5 2 -1 -1 -1 -1 -1 -1 17 -1 -1 -1 -1 -1 27 -1 -1 6 -1 -1 29 -1 -1 -1 9 -1 -1 -1 -1 -1 -1 -1 -1 -1 11 -1 1 -1 -1 -1 -1 -1 -1 -1 -1 -1 22 21 -1 -1 -1 -1 -1 -1 -1 19 -1 -1 25 -1 -1 -1 -1 -1 20 -1 18 -1 -1 
-1 -1 -1 -1 4 -1 -1 -1 -1 -1 -1 -1 -1 3 -1 -1 -1 -1 -1 -1 -1 5 2 -1 -1 -1 -1 -1 -1 17 -1 -1 -1 -1 -1 27 -1 -1 6 -1 -1 29 -1 -1 -1 -1 -1 -1 -1 9 -1 -1 -1 -1 -1 11 -1 1 -1 -1 -1 -1 -1 -1 -1 -1 -1 22 21 -1 -1 -1 -1 -1 -1 -1 19 -1 -1 25 -1 -1 -1 -1 -1 20 -1 18 -1 -1 
-1 -1 -1 -1 4 -1 -1 -1 -1 -1 -1 -1 -1 3 -1 -1 -1 -1 -1 -1 -1 5 2 -1 -1 -1 -1 -1 -1 17 -1 -1 -1 -1 -1 27 -1 -1 6 -1 -1 29 -1 -1 -1 -1 -1 -1 -1 9 -1 -1 -1 -1 -1 11 -1 1 -1 -1 -1 -1 -1 -1 -1 -1 -1 22 21 -1 -1 -1 -1 -1 -1 -1 19 -1 -1 25 -1 -1 -1 -1 -1 -1 20 18 -1 -1 
-1 -1 -1 -1 4 -1 -1 -1 -1 -1 -1 -1 -1 3 -1 -1 -1 -1 -1 -1 -1 5 2 -1 -1 -1 -1 -1 -1 17 -1 -1 -1 -1 -1 27 -1 -1 6 -1 -1 29 -1 -1 -1 -1 -1 -1 -1 -1 9 -1 -1 -1 -1 11 -1 1 -1 -1 -1 -1 -1 -1 -1 -1 -1 22 21 -1 -1 -1 -1 -1 -1 -1 19 -1 -1 25 -1 -1 -1 -1 -1 -1 20 18 -1 -1 
-1 -1 -1 -1 4 -1 -1 -1 -1 -1 -1 -1 -1 3 -1 -1 -1 -1 -1 -1 -1 5 2 -1 -1 -1 -1 -1 -1 17 -1 -1 -1 -1 -1 27 -1 -1 6 -1 -1 29 -1 -1 -1 -1 -1 -1 -1 -1 9 -1 -1 -1 -1 11 -1 1 -1 -1 -1 -1 -1 -1 -1 -1 -1 22 21 -1 -1 -1 -1 -1 -1 -1 19 -1 -1 25 -1 -1 -1 -1 -1 20 -1 18 -1 -1 
-1 -1 -1 -1 4 -1 -1 -1 -1 -1 -1 -1 -1 3 -1 -1 -1 -1 -1 -1 -1 5 2 -1 -1 -1 -1 -1 -1 17 -1 -1 -1 -1 -1 27 -1 -1 6 -1 -1 29 -1 -1 -1 -1 -1 -1 -1 9 -1 -1 -1 -1 -1 11 -1 1 -1 -1 -1 -1 -1 -1 -1 -1 -1 22 21 -1 -1 -1 -1 -1 -1 -1 19 -1 -1 25 -1 -1 -1 -1 -1 20 -1 18 -1 -1 
-1 -1 -1 -1 4 -1 -1 -1 -1 -1 -1 -1 -1 3 -1 -1 -1 -1 -1 -1 -1 5 2 -1 -1 -1 -1 -1 -1 17 -1 -1 -1 -1 -1 27 -1 -1 6 -1 -1 29 -1 -1 -1 -1 -1 -1 -1 9 -1 -1 -1 -1 -1 11 -1 1 -1 -1 -1 -1 -1 -1 -1 -1 -1 22 21 -1 -1 -1 -1 -1 -1 -1 19 -1 -1 25 -1 -1 -1 -1 -1 -1 20 18 -1 -1 
-1 -1 -1 -1 4 -1 -1 -1 -1 -1 -1 -1 -1 3 -1 -1 -1 -1 -1 -1 -1 5 2 -1 -1 -1 -1 -1 -1 17 -1 -1 -1 -1 -1 27 -1 -1 6 -1 -1 29 -1 -1 -1 -1 -1 -1 -1 -1 9 -1 -1 -1 -1 11 -1 1 -1 -1 -1 -1 -1 -1 -1 -1 -1 22 21 -1 -1 -1 -1 -1 -1 -1 19 -1 -1 25 -1 -1 -1 -1 -1 -1 20 18 -1 -1 
-1 -1 -1 -1 4 -1 -1 -1 -1 -1 -1 -1 -1 3 -1 -1 -1 -1 -1 -1 -1 5 2 -1 -1 -1 -1 -1 -1 17 -1 -1 -1 -1 -1 27 -1 -1 6 -1 -1 29 -1 -1 -1 -1 -1 -1 -1 -1 9 -1 -1 -1 -1 11 -1 1 -1 -1 -1 -1 -1 -1 -1 -1 -1 22 21 -1 -1 -1 -1 -1 -1 -1 19 -1 -1 25 -1 -1 -1 -1 -1 20 -1 18 -1 -1 
-1 -1 -1 -1 4 -1 -1 -1 -1 -1 -1 -1 -1 3 -1 -1 -1 -1 -1 -1 -1 5 2 -1 -1 -1 -1 -1 -1 17 -1 -1 -1 -1 -1 27 -1 -1 6 -1 -1 29 -1 -1 -1 -1 -1 -1 -1 -1 9 -1 -1 -1 -1 -1 11 1 -1 -1 -1 -1 -1 -1 -1 -1 -1 22 21 -1 -1 -1 -1 -1 -1 -1 19 -1 -1 25 -1 -1 -1 -1 -1 20 -1 18 -1 -1 
-1 -1 -1 -1 4 -1 -1 -1 -1 -1 -1 -1 -1 3 -1 -1 -1 -1 -1 -1 -1 5 2 -1 -1 -1 -1 -1 -1 -1 -1 -1 -1 -1 -1 27 17 -1 6 -1 -1 29 -1 -1 -1 -1 -1 -1 -1 -1 9 -1 -1 -1 -1 -1 11 1 -1 -1 -1 -1 -1 -1 -1 -1 -1 22 21 -1 -1 -1 -1 -1 -1 -1 19 -1 -1 25 -1 -1 -1 -1 -1 20 -1 18 -1 -1 
-1 -1 -1 -1 4 -1 -1 -1 -1 -1 -1 -1 -1 3 -1 -1 -1 -1 -1 -1 -1 5 2 -1 -1 -1 -1 -1 -1 -1 -1 -1 -1 -1 -1 27 17 -1 6 -1 -1 29 -1 -1 -1 -1 -1 -1 -1 9 -1 -1 -1 -1 -1 -1 11 1 -1 -1 -1 -1 -1 -1 -1 -1 -1 22 21 -1 -1 -1 -1 -1 -1 -1 19 -1 -1 25 -1 -1 -1 -1 -1 20 -1 18 -1 -1 
-1 -1 -1 -1 4 -1 -1 -1 -1 -1 -1 -1 -1 3 -1 -1 -1 -1 -1 -1 -1 5 2 -1 -1 -1 -1 -1 -1 -1 -1 -1 -1 -1 -1 27 17 -1 6 -1 -1 29 -1 -1 -1 -1 -1 -1 -1 9 -1 -1 -1 -1 -1 -1 11 1 -1 -1 -1 -1 -1 -1 -1 -1 -1 22 21 -1 -1 -1 -1 -1 -1 -1 19 -1 -1 25 -1 -1 -1 -1 -1 -1 20 18 -1 -1 
-1 -1 -1 -1 4 -1 -1 -1 -1 -1 -1 -1 -1 3 -1 -1 -1 -1 -1 -1 -1 5 2 -1 -1 -1 -1 -1 -1 -1 -1 -1 -1 -1 -1 27 17 -1 6 -1 -1 29 -1 -1 -1 -1 -1 -1 -1 -1 -1 -1 -1 9 -1 -1 11 1 -1 -1 -1 -1 -1 -1 -1 -1 -1 22 21 -1 -1 -1 -1 -1 -1 -1 19 -1 -1 25 -1 -1 -1 -1 -1 -1 20 18 -1 -1 
-1 -1 -1 -1 4 -1 -1 -1 -1 -1 -1 -1 -1 3 -1 -1 -1 -1 -1 -1 -1 5 2 -1 -1 -1 -1 -1 -1 -1 -1 -1 -1 -1 -1 27 17 -1 6 -1 -1 29 -1 -1 -1 -1 -1 -1 -1 -1 -1 22 -1 9 -1 -1 11 1 -1 -1 -1 -1 -1 -1 -1 -1 -1 -1 21 -1 -1 -1 -1 -1 -1 -1 19 -1 -1 25 -1 -1 -1 -1 -1 -1 20 18 -1 -1 
-1 -1 -1 -1 4 -1 -1 -1 -1 -1 -1 -1 -1 3 -1 -1 -1 -1 -1 -1 -1 5 2 -1 -1 -1 -1 -1 -1 -1 -1 -1 -1 -1 -1 27 17 -1 6 -1 -1 29 -1 -1 -1 -1 -1 -1 -1 -1 1 22 -1 9 -1 -1 11 -1 -1 -1 -1 -1 -1 -1 -1 -1 -1 -1 21 -1 -1 -1 -1 -1 -1 -1 19 -1 -1 25 -1 -1 -1 -1 -1 -1 20 18 -1 -1 
-1 -1 -1 -1 4 -1 -1 -1 -1 -1 -1 -1 -1 3 -1 -1 -1 -1 -1 -1 -1 5 2 -1 -1 -1 -1 -1 -1 -1 -1 -1 -1 -1 -1 27 17 -1 6 -1 -1 29 -1 -1 -1 -1 -1 -1 -1 -1 1 22 -1 9 -1 -1 11 -1 -1 -1 -1 -1 -1 -1 -1 -1 -1 -1 21 -1 -1 -1 -1 -1 -1 -1 19 -1 -1 25 -1 -1 -1 -1 -1 20 -1 18 -1 -1 
-1 -1 -1 -1 4 -1 -1 -1 -1 -1 -1 -1 -1 3 -1 -1 -1 -1 -1 -1 -1 5 2 -1 -1 -1 -1 -1 -1 -1 -1 -1 -1 -1 -1 27 17 -1 6 1 -1 29 -1 -1 -1 -1 -1 -1 -1 -1 -1 22 -1 9 -1 -1 11 -1 -1 -1 -1 -1 -1 -1 -1 -1 -1 -1 21 -1 -1 -1 -1 -1 -1 -1 19 -1 -1 25 -1 -1 -1 -1 -1 20 -1 18 -1 -1 
-1 -1 -1 -1 4 -1 -1 -1 -1 -1 -1 -1 -1 3 -1 -1 -1 -1 -1 -1 -1 5 2 -1 -1 -1 -1 -1 -1 -1 -1 -1 -1 -1 -1 27 17 -1 6 1 -1 29 -1 -1 -1 -1 -1 -1 -1 -1 -1 22 -1 9 -1 -1 11 -1 -1 -1 -1 -1 -1 -1 -1 -1 -1 18 21 -1 -1 -1 -1 -1 -1 -1 19 -1 -1 25 -1 -1 -1 -1 -1 20 -1 -1 -1 -1 
-1 -1 -1 -1 4 -1 -1 -1 -1 -1 -1 -1 -1 3 -1 -1 -1 -1 -1 -1 -1 5 2 -1 -1 -1 -1 -1 -1 -1 -1 -1 -1 -1 -1 27 17 -1 6 1 -1 29 -1 -1 -1 -1 -1 -1 -1 -1 -1 22 9 -1 -1 -1 11 -1 -1 -1 -1 -1 -1 -1 -1 -1 -1 18 21 -1 -1 -1 -1 -1 -1 -1 19 -1 -1 25 -1 -1 -1 -1 -1 20 -1 -1 -1 -1 
-1 -1 -1 -1 4 -1 -1 -1 -1 -1 -1 -1 -1 3 -1 -1 -1 -1 -1 -1 -1 5 2 -1 -1 -1 -1 -1 -1 -1 -1 -1 -1 -1 27 -1 17 -1 6 1 -1 29 -1 -1 -1 -1 -1 -1 -1 -1 -1 22 9 -1 -1 -1 11 -1 -1 -1 -1 -1 -1 -1 -1 -1 -1 18 21 -1 -1 -1 -1 -1 -1 -1 19 -1 -1 25 -1 -1 -1 -1 -1 20 -1 -1 -1 -1 
-1 -1 -1 -1 4 -1 -1 -1 -1 -1 -1 -1 -1 3 -1 -1 -1 -1 -1 -1 -1 5 2 -1 -1 -1 -1 -1 -1 -1 -1 -1 -1 -1 27 -1 17 -1 6 -1 -1 29 -1 -1 -1 -1 -1 -1 -1 -1 -1 22 9 -1 -1 -1 11 -1 1 -1 -1 -1 -1 -1 -1 -1 -1 18 21 -1 -1 -1 -1 -1 -1 -1 19 -1 -1 25 -1 -1 -1 -1 -1 20 -1 -1 -1 -1 
-1 -1 -1 -1 4 -1 -1 -1 -1 -1 -1 -1 -1 3 -1 -1 -1 -1 -1 -1 -1 5 2 -1 -1 -1 -1 -1 -1 -1 -1 -1 -1 -1 27 -1 17 -1 6 -1 29 -1 -1 -1 -1 -1 -1 -1 -1 -1 -1 22 9 -1 -1 -1 11 -1 1 -1 -1 -1 -1 -1 -1 -1 -1 18 21 -1 -1 -1 -1 -1 -1 -1 19 -1 -1 25 -1 -1 -1 -1 -1 20 -1 -1 -1 -1 
-1 -1 -1 -1 4 -1 -1 -1 -1 -1 -1 -1 -1 3 -1 -1 -1 -1 -1 -1 -1 5 2 -1 -1 -1 -1 -1 -1 -1 -1 -1 -1 -1 27 -1 17 -1 6 -1 29 -1 -1 -1 -1 -1 -1 -1 -1 -1 -1 22 9 -1 -1 -1 11 -1 -1 -1 -1 -1 -1 -1 -1 -1 -1 18 21 1 -1 -1 -1 -1 -1 -1 19 -1 -1 25 -1 -1 -1 -1 -1 20 -1 -1 -1 -1 
-1 -1 -1 -1 4 -1 -1 -1 -1 -1 -1 -1 -1 3 -1 -1 -1 -1 -1 17 -1 5 2 -1 -1 -1 -1 -1 -1 -1 -1 -1 -1 -1 27 -1 -1 -1 6 -1 29 -1 -1 -1 -1 -1 -1 -1 -1 -1 -1 22 9 -1 -1 -1 11 -1 -1 -1 -1 -1 -1 -1 -1 -1 -1 18 21 1 -1 -1 -1 -1 -1 -1 19 -1 -1 25 -1 -1 -1 -1 -1 20 -1 -1 -1 -1 
-1 -1 -1 -1 4 -1 -1 -1 -1 -1 -1 -1 -1 3 -1 -1 -1 -1 -1 17 -1 5 2 -1 -1 -1 -1 -1 -1 -1 -1 -1 -1 -1 27 -1 -1 -1 6 -1 29 -1 -1 -1 -1 -1 -1 -1 -1 -1 1 22 9 -1 -1 -1 11 -1 -1 -1 -1 -1 -1 -1 -1 -1 -1 18 21 -1 -1 -1 -1 -1 -1 -1 19 -1 -1 25 -1 -1 -1 -1 -1 20 -1 -1 -1 -1 
17 -1 -1 -1 4 -1 -1 -1 -1 -1 -1 -1 -1 3 -1 -1 -1 -1 -1 -1 -1 5 2 -1 -1 -1 -1 -1 -1 -1 -1 -1 -1 -1 27 -1 -1 -1 6 -1 29 -1 -1 -1 -1 -1 -1 -1 -1 -1 1 22 9 -1 -1 -1 11 -1 -1 -1 -1 -1 -1 -1 -1 -1 -1 18 21 -1 -1 -1 -1 -1 -1 -1 19 -1 -1 25 -1 -1 -1 -1 -1 20 -1 -1 -1 -1 
17 -1 -1 -1 4 -1 -1 -1 -1 -1 -1 -1 -1 3 -1 -1 -1 -1 -1 -1 -1 5 2 -1 -1 -1 -1 -1 -1 -1 -1 -1 -1 -1 27 -1 -1 -1 6 -1 29 -1 -1 -1 -1 -1 -1 -1 -1 -1 1 22 -1 -1 -1 -1 11 -1 -1 -1 -1 9 -1 -1 -1 -1 -1 18 21 -1 -1 -1 -1 -1 -1 -1 19 -1 -1 25 -1 -1 -1 -1 -1 20 -1 -1 -1 -1 
-1 -1 -1 -1 4 -1 -1 -1 -1 -1 -1 17 -1 3 -1 -1 -1 -1 -1 -1 -1 5 2 -1 -1 -1 -1 -1 -1 -1 -1 -1 -1 -1 27 -1 -1 -1 6 -1 29 -1 -1 -1 -1 -1 -1 -1 -1 -1 1 22 -1 -1 -1 -1 11 -1 -1 -1 -1 9 -1 -1 -1 -1 -1 18 21 -1 -1 -1 -1 -1 -1 -1 19 -1 -1 25 -1 -1 -1 -1 -1 20 -1 -1 -1 -1 
-1 -1 -1 4 -1 -1 -1 -1 -1 -1 -1 17 -1 3 -1 -1 -1 -1 -1 -1 -1 5 2 -1 -1 -1 -1 -1 -1 -1 -1 -1 -1 -1 27 -1 -1 -1 6 -1 29 -1 -1 -1 -1 -1 -1 -1 -1 -1 1 22 -1 -1 -1 -1 11 -1 -1 -1 -1 9 -1 -1 -1 -1 -1 18 21 -1 -1 -1 -1 -1 -1 -1 19 -1 -1 25 -1 -1 -1 -1 -1 20 -1 -1 -1 -1 
-1 -1 -1 4 -1 -1 -1 -1 -1 -1 -1 -1 -1 3 -1 -1 -1 -1 -1 -1 -1 5 2 -1 -1 -1 -1 -1 17 -1 -1 -1 -1 -1 27 -1 -1 -1 6 -1 29 -1 -1 -1 -1 -1 -1 -1 -1 -1 1 22 -1 -1 -1 -1 11 -1 -1 -1 -1 9 -1 -1 -1 -1 -1 18 21 -1 -1 -1 -1 -1 -1 -1 19 -1 -1 25 -1 -1 -1 -1 -1 20 -1 -1 -1 -1 
-1 -1 -1 4 -1 -1 -1 -1 -1 -1 -1 -1 -1 3 -1 -1 -1 -1 -1 -1 -1 5 2 -1 -1 -1 -1 -1 17 -1 -1 -1 -1 -1 27 -1 -1 -1 6 -1 29 -1 -1 -1 -1 -1 -1 -1 -1 -1 1 22 -1 -1 -1 -1 -1 11 -1 -1 -1 9 -1 -1 -1 -1 -1 18 21 -1 -1 -1 -1 -1 -1 -1 19 -1 -1 25 -1 -1 -1 -1 -1 20 -1 -1 -1 -1 
-1 -1 -1 4 -1 -1 -1 -1 -1 -1 -1 -1 -1 3 -1 -1 -1 -1 -1 -1 -1 5 2 -1 -1 -1 -1 -1 17 -1 -1 -1 -1 -1 27 -1 -1 -1 6 29 -1 -1 -1 -1 -1 -1 -1 -1 -1 -1 1 22 -1 -1 -1 -1 -1 11 -1 -1 -1 9 -1 -1 -1 -1 -1 18 21 -1 -1 -1 -1 -1 -1 -1 19 -1 -1 25 -1 -1 -1 -1 -1 20 -1 -1 -1 -1 
-1 -1 -1 4 -1 -1 -1 -1 -1 -1 -1 -1 -1 3 -1 -1 -1 -1 -1 -1 -1 5 2 -1 -1 -1 -1 -1 17 -1 -1 -1 -1 -1 27 -1 -1 -1 6 29 -1 -1 -1 -1 -1 -1 -1 -1 -1 -1 1 22 -1 -1 -1 -1 -1 -1 11 -1 -1 9 -1 -1 -1 -1 -1 18 21 -1 -1 -1 -1 -1 -1 -1 19 -1 -1 25 -1 -1 -1 -1 -1 20 -1 -1 -1 -1 
-1 -1 -1 4 -1 -1 -1 -1 -1 -1 -1 -1 -1 3 -1 -1 -1 -1 -1 -1 -1 5 2 -1 -1 -1 -1 -1 17 -1 29 -1 -1 -1 27 -1 -1 -1 6 -1 -1 -1 -1 -1 -1 -1 -1 -1 -1 -1 1 22 -1 -1 -1 -1 -1 -1 11 -1 -1 9 -1 -1 -1 -1 -1 18 21 -1 -1 -1 -1 -1 -1 -1 19 -1 -1 25 -1 -1 -1 -1 -1 20 -1 -1 -1 -1 
-1 -1 -1 4 -1 -1 -1 -1 -1 -1 -1 -1 -1 3 -1 -1 -1 -1 -1 -1 -1 5 2 -1 -1 -1 -1 -1 17 -1 29 -1 -1 -1 27 -1 -1 -1 6 -1 -1 -1 -1 -1 -1 -1 -1 -1 -1 -1 1 22 -1 -1 -1 -1 -1 11 -1 -1 -1 9 -1 -1 -1 -1 -1 18 21 -1 -1 -1 -1 -1 -1 -1 19 -1 -1 25 -1 -1 -1 -1 -1 20 -1 -1 -1 -1 
-1 -1 -1 4 -1 -1 -1 -1 -1 -1 -1 -1 -1 3 -1 -1 -1 -1 -1 -1 -1 5 2 -1 -1 -1 -1 -1 17 -1 29 -1 -1 -1 27 -1 -1 -1 6 -1 -1 -1 -1 -1 -1 -1 -1 -1 -1 -1 1 22 -1 -1 -1 -1 -1 11 -1 -1 -1 9 -1 -1 -1 -1 -1 18 21 -1 -1 -1 -1 -1 -1 -1 19 -1 -1 25 -1 -1 -1 -1 20 -1 -1 -1 -1 -1 
-1 -1 2 4 -1 -1 -1 -1 -1 -1 -1 -1 -1 3 -1 -1 -1 -1 -1 -1 -1 5 -1 -1 -1 -1 -1 -1 17 -1 29 -1 -1 -1 27 -1 -1 -1 6 -1 -1 -1 -1 -1 -1 -1 -1 -1 -1 -1 1 22 -1 -1 -1 -1 -1 11 -1 -1 -1 9 -1 -1 -1 -1 -1 18 21 -1 -1 -1 -1 -1 -1 -1 19 -1 -1 25 -1 -1 -1 -1 20 -1 -1 -1 -1 -1 
-1 -1 2 4 -1 -1 -1 -1 -1 -1 -1 -1 -1 3 -1 -1 -1 -1 -1 -1 -1 5 -1 -1 -1 -1 -1 -1 17 -1 29 -1 -1 -1 27 -1 -1 -1 6 -1 -1 -1 -1 -1 -1 -1 -1 -1 -1 -1 1 22 -1 -1 -1 -1 -1 11 -1 -1 -1 9 -1 -1 -1 -1 -1 -1 21 -1 -1 -1 -1 -1 -1 -1 19 -1 -1 25 -1 -1 -1 -1 20 -1 -1 18 -1 -1 
-1 -1 -1 4 -1 -1 -1 -1 -1 -1 -1 -1 -1 3 -1 -1 -1 -1 2 -1 -1 5 -1 -1 -1 -1 -1 -1 17 -1 29 -1 -1 -1 27 -1 -1 -1 6 -1 -1 -1 -1 -1 -1 -1 -1 -1 -1 -1 1 22 -1 -1 -1 -1 -1 11 -1 -1 -1 9 -1 -1 -1 -1 -1 -1 21 -1 -1 -1 -1 -1 -1 -1 19 -1 -1 25 -1 -1 -1 -1 20 -1 -1 18 -1 -1 
-1 -1 -1 4 -1 -1 -1 -1 -1 -1 -1 -1 -1 3 -1 -1 -1 -1 2 -1 -1 5 -1 -1 -1 -1 -1 -1 17 -1 29 -1 -1 -1 27 -1 -1 -1 6 -1 -1 -1 -1 -1 -1 -1 -1 -1 -1 -1 1 22 -1 -1 -1 -1 -1 11 -1 -1 -1 9 -1 -1 -1 -1 -1 -1 21 -1 -1 -1 -1 -1 -1 -1 -1 -1 -1 25 -1 -1 -1 -1 20 -1 19 18 -1 -1 
-1 -1 -1 4 -1 -1 -1 -1 -1 -1 -1 -1 -1 3 -1 -1 -1 -1 2 -1 -1 5 -1 -1 -1 -1 -1 -1 17 -1 29 -1 -1 -1 27 -1 -1 -1 6 -1 -1 -1 -1 9 -1 -1 -1 -1 -1 -1 1 22 -1 -1 -1 -1 -1 11 -1 -1 -1 -1 -1 -1 -1 -1 -1 -1 21 -1 -1 -1 -1 -1 -1 -1 -1 -1 -1 25 -1 -1 -1 -1 20 -1 19 18 -1 -1 
-1 -1 -1 4 -1 -1 -1 -1 -1 -1 -1 -1 -1 3 -1 -1 -1 -1 2 -1 -1 5 -1 -1 -1 -1 -1 -1 17 -1 29 -1 -1 -1 27 -1 -1 -1 6 -1 -1 -1 -1 9 -1 -1 -1 -1 -1 -1 1 22 -1 -1 -1 -1 -1 11 -1 -1 -1 -1 -1 -1 -1 -1 -1 -1 21 -1 -1 -1 -1 -1 -1 25 -1 -1 -1 -1 -1 -1 -1 -1 20 -1 19 18 -1 -1 
-1 -1 -1 4 -1 -1 -1 -1 -1 -1 -1 -1 -1 3 -1 -1 -1 -1 2 -1 -1 5 -1 -1 -1 -1 -1 -1 17 -1 29 -1 -1 -1 27 -1 -1 -1 6 -1 -1 -1 -1 9 -1 -1 -1 -1 -1 -1 1 22 -1 -1 -1 -1 -1 -1 -1 -1 -1 -1 -1 -1 -1 -1 11 -1 21 -1 -1 -1 -1 -1 -1 25 -1 -1 -1 -1 -1 -1 -1 -1 20 -1 19 18 -1 -1 
-1 -1 -1 4 -1 -1 -1 -1 -1 -1 -1 -1 -1 3 -1 -1 -1 -1 2 -1 -1 5 -1 -1 -1 -1 -1 -1 17 -1 29 -1 -1 -1 27 -1 -1 -1 6 -1 -1 -1 -1 9 -1 -1 -1 -1 -1 -1 1 22 -1 -1 -1 -1 -1 -1 -1 -1 -1 -1 -1 -1 -1 -1 11 -1 21 -1 -1 -1 -1 -1 -1 -1 -1 25 -1 -1 -1 -1 -1 -1 20 -1 19 18 -1 -1 
-1 -1 -1 4 -1 -1 -1 -1 -1 -1 -1 -1 -1 3 -1 -1 -1 -1 2 -1 -1 5 -1 -1 -1 -1 -1 -1 17 -1 29 -1 -1 -1 27 -1 -1 -1 6 -1 -1 -1 -1 9 -1 -1 -1 -1 -1 -1 -1 22 -1 -1 -1 -1 -1 1 -1 -1 -1 -1 -1 -1 -1 -1 11 -1 21 -1 -1 -1 -1 -1 -1 -1 -1 25 -1 -1 -1 -1 -1 -1 20 -1 19 18 -1 -1 
-1 -1 -1 4 -1 -1 -1 -1 -1 -1 -1 -1 -1 3 -1 -1 -1 -1 2 -1 -1 5 -1 -1 -1 -1 -1 -1 17 -1 29 -1 -1 -1 27 -1 -1 -1 6 -1 -1 -1 -1 9 -1 -1 -1 -1 -1 -1 -1 22 -1 -1 -1 -1 -1 1 -1 -1 -1 -1 -1 -1 -1 -1 11 -1 21 -1 -1 -1 -1 -1 -1 -1 19 25 -1 -1 -1 -1 -1 -1 20 -1 -1 18 -1 -1 
-1 -1 -1 4 -1 -1 -1 -1 -1 -1 -1 -1 -1 3 -1 -1 -1 -1 2 -1 -1 5 -1 -1 -1 -1 -1 -1 17 -1 29 -1 -1 -1 27 -1 -1 -1 6 -1 -1 -1 -1 9 -1 -1 -1 -1 -1 -1 -1 22 -1 -1 -1 -1 -1 1 -1 -1 -1 -1 -1 -1 -1 11 -1 -1 21 -1 -1 -1 -1 -1 -1 -1 19 25 -1 -1 -1 -1 -1 -1 20 -1 -1 18 -1 -1 
-1 -1 -1 4 -1 -1 -1 -1 -1 -1 -1 -1 -1 3 -1 -1 -1 -1 2 -1 -1 5 -1 -1 -1 -1 -1 -1 17 -1 29 -1 -1 -1 27 -1 -1 -1 6 -1 -1 -1 -1 9 -1 -1 -1 -1 -1 -1 -1 22 -1 -1 -1 -1 -1 1 -1 -1 -1 -1 -1 -1 -1 11 -1 -1 21 -1 -1 -1 -1 -1 -1 -1 19 -1 -1 -1 25 -1 -1 -1 20 -1 -1 18 -1 -1 
-1 -1 -1 4 -1 -1 -1 -1 -1 -1 -1 -1 -1 3 -1 -1 -1 -1 2 -1 -1 5 -1 -1 -1 -1 -1 -1 17 -1 29 -1 -1 -1 27 -1 -1 -1 6 -1 1 -1 -1 9 -1 -1 -1 -1 -1 -1 -1 22 -1 -1 -1 -1 -1 -1 -1 -1 -1 -1 -1 -1 -1 11 -1 -1 21 -1 -1 -1 -1 -1 -1 -1 19 -1 -1 -1 25 -1 -1 -1 20 -1 -1 18 -1 -1 
-1 -1 -1 4 -1 -1 -1 -1 -1 -1 -1 -1 -1 3 -1 -1 -1 -1 2 -1 -1 5 -1 -1 -1 27 -1 -1 17 -1 29 -1 -1 -1 -1 -1 -1 -1 6 -1 1 -1 -1 9 -1 -1 -1 -1 -1 -1 -1 22 -1 -1 -1 -1 -1 -1 -1 -1 -1 -1 -1 -1 -1 11 -1 -1 21 -1 -1 -1 -1 -1 -1 -1 19 -1 -1 -1 25 -1 -1 -1 20 -1 -1 18 -1 -1 
-1 -1 -1 4 -1 -1 -1 -1 -1 -1 -1 -1 -1 3 -1 -1 -1 -1 2 -1 -1 5 -1 -1 -1 27 -1 -1 17 -1 29 -1 -1 -1 -1 -1 -1 -1 6 -1 -1 -1 -1 9 -1 -1 -1 -1 -1 -1 -1 1 -1 -1 -1 -1 -1 -1 -1 -1 -1 -1 -1 -1 -1 11 -1 -1 21 -1 -1 -1 -1 -1 -1 -1 19 -1 -1 -1 25 -1 -1 -1 20 -1 -1 18 -1 -1 
-1 -1 -1 4 -1 -1 -1 -1 -1 -1 -1 -1 -1 3 -1 -1 -1 -1 2 -1 -1 5 -1 -1 -1 27 -1 -1 17 -1 -1 29 -1 -1 -1 -1 -1 -1 6 -1 -1 -1 -1 9 -1 -1 -1 -1 -1 -1 -1 1 -1 -1 -1 -1 -1 -1 -1 -1 -1 -1 -1 -1 -1 11 -1 -1 21 -1 -1 -1 -1 -1 -1 -1 19 -1 -1 -1 25 -1 -1 -1 20 -1 -1 18 -1 -1 
-1 -1 -1 4 -1 -1 -1 -1 -1 -1 -1 -1 -1 3 -1 -1 -1 -1 2 -1 -1 5 -1 -1 -1 27 -1 -1 17 -1 -1 29 -1 -1 -1 -1 -1 -1 6 -1 -1 -1 -1 -1 -1 -1 -1 -1 -1 -1 -1 1 -1 -1 -1 -1 -1 -1 -1 -1 -1 -1 -1 -1 -1 11 -1 -1 21 -1 -1 -1 -1 -1 -1 -1 19 -1 -1 -1 25 -1 -1 -1 20 -1 -1 18 9 -1 
-1 -1 -1 4 -1 -1 -1 -1 -1 -1 -1 -1 -1 3 -1 -1 -1 -1 2 -1 -1 5 -1 -1 -1 27 -1 -1 17 -1 -1 29 -1 -1 -1 -1 -1 -1 6 -1 -1 -1 -1 -1 -1 -1 -1 -1 -1 -1 -1 1 -1 -1 -1 -1 -1 -1 -1 -1 -1 -1 -1 -1 -1 11 -1 18 21 -1 -1 -1 -1 -1 -1 -1 19 -1 -1 -1 25 -1 -1 -1 20 -1 -1 -1 9 -1 
-1 -1 -1 4 -1 -1 -1 -1 -1 -1 -1 -1 -1 3 -1 -1 -1 -1 2 -1 -1 5 -1 -1 -1 27 -1 -1 17 -1 -1 29 -1 -1 -1 -1 -1 -1 6 -1 -1 -1 -1 -1 -1 -1 -1 -1 -1 -1 -1 -1 -1 -1 -1 -1 -1 -1 -1 -1 -1 -1 -1 -1 -1 11 -1 18 21 -1 1 -1 -1 -1 -1 -1 19 -1 -1 -1 25 -1 -1 -1 20 -1 -1 -1 9 -1 
-1 -1 -1 4 -1 -1 -1 -1 -1 -1 -1 -1 -1 3 -1 -1 -1 -1 2 -1 -1 5 -1 -1 -1 27 -1 -1 17 -1 -1 29 -1 -1 -1 -1 -1 -1 6 -1 -1 -1 -1 -1 -1 -1 -1 -1 -1 -1 -1 -1 -1 -1 -1 -1 -1 -1 -1 -1 -1 -1 -1 -1 -1 11 -1 18 21 -1 1 -1 -1 -1 -1 -1 19 -1 -1 25 -1 -1 -1 -1 20 -1 -1 -1 9 -1 
-1 -1 -1 4 -1 -1 -1 -1 -1 -1 -1 -1 -1 3 -1 -1 -1 -1 2 -1 -1 5 -1 -1 -1 27 -1 -1 17 -1 -1 29 -1 -1 -1 -1 -1 -1 6 -1 -1 -1 -1 -1 -1 -1 -1 -1 -1 -1 -1 -1 -1 -1 -1 -1 -1 -1 -1 1 -1 -1 -1 -1 -1 11 -1 18 21 -1 -1 -1 -1 -1 -1 -1 19 -1 -1 25 -1 -1 -1 -1 20 -1 -1 -1 9 -1 
-1 -1 -1 4 -1 -1 -1 -1 -1 -1 -1 -1 -1 3 -1 -1 -1 -1 2 -1 -1 5 -1 -1 27 -1 -1 -1 17 -1 -1 29 -1 -1 -1 -1 -1 -1 6 -1 -1 -1 -1 -1 -1 -1 -1 -1 -1 -1 -1 -1 -1 -1 -1 -1 -1 -1 -1 1 -1 -1 -1 -1 -1 11 -1 18 21 -1 -1 -1 -1 -1 -1 -1 19 -1 -1 25 -1 -1 -1 -1 20 -1 -1 -1 9 -1 
-1 -1 -1 4 -1 -1 -1 -1 -1 -1 -1 -1 -1 3 -1 -1 -1 -1 2 -1 -1 5 -1 -1 27 -1 -1 -1 17 -1 -1 29 -1 -1 -1 -1 -1 -1 6 -1 -1 -1 -1 -1 -1 -1 -1 -1 1 -1 -1 -1 -1 -1 -1 -1 -1 -1 -1 -1 -1 -1 -1 -1 -1 11 -1 18 21 -1 -1 -1 -1 -1 -1 -1 19 -1 -1 25 -1 -1 -1 -1 20 -1 -1 -1 9 -1 
-1 -1 -1 4 -1 -1 -1 -1 -1 -1 -1 -1 -1 3 -1 -1 -1 -1 2 -1 -1 5 -1 -1 27 -1 -1 -1 -1 -1 -1 29 -1 -1 -1 -1 -1 -1 6 17 -1 -1 -1 -1 -1 -1 -1 -1 1 -1 -1 -1 -1 -1 -1 -1 -1 -1 -1 -1 -1 -1 -1 -1 -1 11 -1 18 21 -1 -1 -1 -1 -1 -1 -1 19 -1 -1 25 -1 -1 -1 -1 20 -1 -1 -1 9 -1 
-1 -1 -1 4 -1 -1 -1 -1 -1 -1 -1 -1 -1 3 -1 -1 -1 -1 2 -1 -1 5 -1 -1 27 -1 -1 -1 -1 -1 -1 29 -1 -1 -1 -1 -1 -1 6 17 -1 -1 -1 -1 -1 -1 -1 -1 -1 -1 -1 -1 -1 -1 -1 -1 -1 -1 -1 -1 -1 -1 -1 -1 -1 11 -1 1 21 -1 -1 -1 -1 -1 -1 -1 19 -1 -1 25 -1 -1 -1 -1 20 -1 -1 -1 9 -1 
-1 -1 -1 4 -1 -1 -1 -1 -1 -1 -1 -1 -1 3 -1 -1 -1 -1 2 -1 -1 5 -1 -1 27 -1 -1 -1 -1 -1 -1 29 -1 -1 -1 -1 -1 -1 6 -1 -1 -1 -1 -1 -1 -1 -1 -1 -1 -1 -1 -1 -1 -1 -1 -1 -1 -1 17 -1 -1 -1 -1 -1 -1 11 -1 1 21 -1 -1 -1 -1 -1 -1 -1 19 -1 -1 25 -1 -1 -1 -1 20 -1 -1 -1 9 -1 
-1 -1 -1 4 -1 -1 -1 -1 -1 -1 -1 -1 -1 3 -1 -1 -1 -1 2 -1 -1 5 -1 -1 27 -1 -1 -1 -1 -1 -1 29 -1 -1 -1 -1 -1 -1 6 -1 -1 -1 -1 -1 -1 -1 -1 -1 -1 -1 -1 -1 -1 -1 -1 -1 -1 -1 17 -1 -1 -1 -1 -1 11 -1 -1 1 21 -1 -1 -1 -1 -1 -1 -1 19 -1 -1 25 -1 -1 -1 -1 20 -1 -1 -1 9 -1 
-1 -1 -1 4 -1 -1 -1 -1 -1 -1 -1 -1 -1 3 -1 -1 -1 -1 2 -1 -1 5 -1 -1 27 -1 -1 -1 -1 -1 -1 29 -1 -1 -1 -1 -1 -1 6 -1 -1 -1 -1 -1 -1 -1 -1 -1 -1 -1 -1 -1 -1 -1 -1 -1 -1 -1 17 -1 -1 -1 -1 -1 11 -1 -1 1 21 -1 25 -1 -1 -1 -1 -1 19 -1 -1 -1 -1 -1 -1 -1 20 -1 -1 -1 9 -1 
-1 -1 -1 4 -1 -1 -1 -1 -1 -1 -1 -1 -1 3 -1 -1 -1 -1 2 -1 -1 5 -1 -1 27 -1 -1 -1 -1 -1 -1 29 -1 -1 -1 -1 -1 -1 6 -1 -1 -1 -1 -1 -1 -1 -1 -1 -1 -1 -1 -1 -1 -1 -1 -1 -1 -1 17 -1 -1 -1 -1 -1 11 -1 -1 -1 21 -1 25 -1 -1 -1 1 -1 19 -1 -1 -1 -1 -1 -1 -1 20 -1 -1 -1 9 -1 
-1 -1 -1 4 -1 -1 -1 -1 -1 -1 -1 -1 -1 3 -1 -1 -1 -1 2 -1 -1 5 -1 -1 27 -1 -1 -1 -1 -1 -1 29 -1 -1 -1 -1 -1 -1 6 -1 -1 -1 -1 -1 -1 -1 -1 -1 -1 -1 -1 -1 -1 -1 -1 -1 -1 -1 17 -1 -1 -1 -1 -1 25 -1 -1 -1 21 -1 -1 -1 -1 -1 1 -1 19 -1 -1 -1 -1 -1 -1 -1 20 -1 -1 -1 9 -1 
-1 -1 -1 4 -1 -1 -1 -1 -1 -1 -1 -1 -1 3 -1 -1 -1 -1 2 -1 -1 5 -1 -1 27 -1 -1 -1 -1 -1 -1 29 -1 -1 -1 -1 -1 -1 6 -1 -1 -1 -1 -1 -1 -1 -1 -1 -1 -1 -1 -1 -1 -1 -1 -1 -1 -1 17 -1 -1 -1 -1 -1 25 -1 -1 -1 21 -1 -1 -1 -1 -1 1 -1 19 -1 -1 -1 -1 -1 -1 -1 20 9 -1 -1 -1 -1 
-1 -1 -1 4 -1 -1 -1 -1 -1 -1 -1 -1 -1 3 -1 -1 -1 -1 2 -1 -1 5 -1 -1 27 -1 -1 -1 -1 -1 -1 29 -1 -1 -1 -1 -1 -1 6 -1 -1 -1 -1 -1 -1 -1 -1 -1 -1 -1 -1 -1 -1 -1 -1 -1 -1 -1 17 -1 -1 -1 -1 -1 -1 -1 25 -1 21 -1 -1 -1 -1 -1 1 -1 19 -1 -1 -1 -1 -1 -1 -1 20 9 -1 -1 -1 -1 
-1 -1 -1 -1 4 -1 -1 -1 -1 -1 -1 -1 -1 3 -1 -1 -1 -1 2 -1 -1 5 -1 -1 27 -1 -1 -1 -1 -1 -1 29 -1 -1 -1 -1 -1 -1 6 -1 -1 -1 -1 -1 -1 -1 -1 -1 -1 -1 -1 -1 -1 -1 -1 -1 -1 -1 17 -1 -1 -1 -1 -1 -1 -1 25 -1 21 -1 -1 -1 -1 -1 1 -1 19 -1 -1 -1 -1 -1 -1 -1 20 9 -1 -1 -1 -1 
-1 -1 -1 -1 4 -1 -1 -1 -1 -1 -1 -1 -1 3 -1 -1 -1 -1 2 -1 -1 5 -1 -1 27 -1 -1 -1 -1 -1 -1 29 -1 -1 -1 -1 -1 -1 6 -1 -1 17 -1 -1 -1 -1 -1 -1 -1 -1 -1 -1 -1 -1 -1 -1 -1 -1 -1 -1 -1 -1 -1 -1 -1 -1 25 -1 21 -1 -1 -1 -1 -1 1 -1 19 -1 -1 -1 -1 -1 -1 -1 20 9 -1 -1 -1 -1 
-1 -1 -1 -1 4 -1 -1 -1 -1 -1 -1 -1 -1 3 -1 -1 -1 -1 2 -1 -1 5 -1 -1 27 -1 -1 -1 -1 -1 -1 9 -1 -1 -1 -1 -1 -1 6 -1 -1 17 -1 -1 -1 -1 -1 -1 -1 -1 -1 -1 -1 -1 -1 -1 -1 -1 -1 -1 -1 -1 -1 -1 -1 -1 25 -1 21 -1 -1 -1 -1 -1 1 -1 19 -1 -1 -1 -1 -1 -1 -1 20 -1 -1 -1 -1 -1 
-1 -1 -1 -1 4 -1 -1 -1 -1 -1 -1 -1 -1 3 -1 -1 -1 -1 2 -1 -1 5 -1 -1 27 -1 -1 -1 -1 -1 25 9 -1 -1 -1 -1 -1 -1 6 -1 -1 17 -1 -1 -1 -1 -1 -1 -1 -1 -1 -1 -1 -1 -1 -1 -1 -1 -1 -1 -1 -1 -1 -1 -1 -1 -1 -1 21 -1 -1 -1 -1 -1 1 -1 19 -1 -1 -1 -1 -1 -1 -1 20 -1 -1 -1 -1 -1 
-1 -1 -1 -1 4 -1 -1 -1 -1 -1 -1 -1 -1 3 -1 -1 -1 -1 2 -1 -1 5 -1 -1 27 -1 -1 -1 -1 -1 25 9 -1 -1 -1 -1 -1 -1 6 -1 -1 17 -1 -1 -1 -1 -1 -1 -1 -1 -1 -1 -1 -1 -1 -1 -1 1 -1 -1 -1 -1 -1 -1 -1 -1 -1 -1 21 -1 -1 -1 -1 -1 -1 -1 19 -1 -1 -1 -1 -1 -1 -1 20 -1 -1 -1 -1 -1 
-1 -1 -1 -1 4 -1 -1 -1 -1 -1 -1 -1 -1 3 -1 27 -1 -1 2 -1 -1 5 -1 -1 -1 -1 -1 -1 -1 -1 25 9 -1 -1 -1 -1 -1 -1 6 -1 -1 17 -1 -1 -1 -1 -1 -1 -1 -1 -1 -1 -1 -1 -1 -1 -1 1 -1 -1 -1 -1 -1 -1 -1 -1 -1 -1 21 -1 -1 -1 -1 -1 -1 -1 19 -1 -1 -1 -1 -1 -1 -1 20 -1 -1 -1 -1 -1 
-1 -1 -1 -1 4 -1 -1 -1 -1 -1 -1 -1 -1 3 -1 27 -1 -1 2 -1 -1 5 -1 -1 -1 -1 -1 -1 -1 -1 25 9 -1 -1 -1 -1 -1 -1 6 -1 1 17 -1 -1 -1 -1 -1 -1 -1 -1 -1 -1 -1 -1 -1 -1 -1 -1 -1 -1 -1 -1 -1 -1 -1 -1 -1 -1 21 -1 -1 -1 -1 -1 -1 -1 19 -1 -1 -1 -1 -1 -1 -1 20 -1 -1 -1 -1 -1 
-1 -1 -1 -1 4 -1 -1 -1 -1 -1 -1 -1 -1 3 27 -1 -1 -1 2 -1 -1 5 -1 -1 -1 -1 -1 -1 -1 -1 25 9 -1 -1 -1 -1 -1 -1 6 -1 1 17 -1 -1 -1 -1 -1 -1 -1 -1 -1 -1 -1 -1 -1 -1 -1 -1 -1 -1 -1 -1 -1 -1 -1 -1 -1 -1 21 -1 -1 -1 -1 -1 -1 -1 19 -1 -1 -1 -1 -1 -1 -1 20 -1 -1 -1 -1 -1 
-1 -1 -1 -1 4 -1 -1 -1 -1 -1 -1 -1 -1 3 27 -1 -1 -1 2 -1 -1 5 -1 -1 -1 -1 -1 -1 -1 -1 25 -1 9 -1 -1 -1 -1 -1 6 -1 1 17 -1 -1 -1 -1 -1 -1 -1 -1 -1 -1 -1 -1 -1 -1 -1 -1 -1 -1 -1 -1 -1 -1 -1 -1 -1 -1 21 -1 -1 -1 -1 -1 -1 -1 19 -1 -1 -1 -1 -1 -1 -1 20 -1 -1 -1 -1 -1 
-1 -1 -1 -1 4 -1 -1 -1 -1 -1 -1 -1 -1 3 27 -1 -1 -1 2 -1 -1 5 -1 -1 -1 -1 -1 -1 -1 -1 -1 25 9 -1 -1 -1 -1 -1 6 -1 1 17 -1 -1 -1 -1 -1 -1 -1 -1 -1 -1 -1 -1 -1 -1 -1 -1 -1 -1 -1 -1 -1 -1 -1 -1 -1 -1 21 -1 -1 -1 -1 -1 -1 -1 19 -1 -1 -1 -1 -1 -1 -1 20 -1 -1 -1 -1 -1 
-1 -1 -1 -1 4 -1 -1 -1 -1 -1 -1 -1 -1 -1 27 -1 -1 -1 2 -1 -1 5 -1 3 -1 -1 -1 -1 -1 -1 -1 25 9 -1 -1 -1 -1 -1 6 -1 1 17 -1 -1 -1 -1 -1 -1 -1 -1 -1 -1 -1 -1 -1 -1 -1 -1 -1 -1 -1 -1 -1 -1 -1 -1 -1 -1 21 -1 -1 -1 -1 -1 -1 -1 19 -1 -1 -1 -1 -1 -1 -1 20 -1 -1 -1 -1 -1 
-1 -1 -1 -1 4 -1 -1 -1 -1 -1 -1 -1 -1 -1 -1 27 -1 -1 2 -1 -1 5 -1 3 -1 -1 -1 -1 -1 -1 -1 25 9 -1 -1 -1 -1 -1 6 -1 1 17 -1 -1 -1 -1 -1 -1 -1 -1 -1 -1 -1 -1 -1 -1 -1 -1 -1 -1 -1 -1 -1 -1 -1 -1 -1 -1 21 -1 -1 -1 -1 -1 -1 -1 19 -1 -1 -1 -1 -1 -1 -1 20 -1 -1 -1 -1 -1 
-1 -1 -1 -1 -1 4 -1 -1 -1 -1 -1 -1 -1 -1 -1 27 -1 -1 2 -1 -1 5 -1 3 -1 -1 -1 -1 -1 -1 -1 25 9 -1 -1 -1 -1 -1 6 -1 1 17 -1 -1 -1 -1 -1 -1 -1 -1 -1 -1 -1 -1 -1 -1 -1 -1 -1 -1 -1 -1 -1 -1 -1 -1 -1 -1 21 -1 -1 -1 -1 -1 -1 -1 19 -1 -1 -1 -1 -1 -1 -1 20 -1 -1 -1 -1 -1 
-1 -1 -1 -1 -1 4 -1 -1 -1 -1 -1 -1 -1 -1 -1 27 -1 -1 2 -1 -1 5 -1 3 -1 -1 -1 -1 -1 -1 -1 25 9 -1 17 -1 -1 -1 6 -1 1 -1 -1 -1 -1 -1 -1 -1 -1 -1 -1 -1 -1 -1 -1 -1 -1 -1 -1 -1 -1 -1 -1 -1 -1 -1 -1 -1 21 -1 -1 -1 -1 -1 -1 -1 19 -1 -1 -1 -1 -1 -1 -1 20 -1 -1 -1 -1 -1 
-1 -1 -1 -1 -1 4 -1 -1 -1 -1 -1 -1 -1 -1 -1 27 -1 -1 2 -1 -1 5 -1 3 -1 -1 -1 -1 -1 -1 -1 25 -1 9 17 -1 -1 -1 6 -1 1 -1 -1 -1 -1 -1 -1 -1 -1 -1 -1 -1 -1 -1 -1 -1 -1 -1 -1 -1 -1 -1 -1 -1 -1 -1 -1 -1 21 -1 -1 -1 -1 -1 -1 -1 19 -1 -1 -1 -1 -1 -1 -1 20 -1 -1 -1 -1 -1 
-1 -1 -1 -1 -1 4 -1 -1 -1 -1 -1 -1 -1 -1 -1 27 -1 -1 2 -1 -1 5 -1 3 -1 -1 -1 -1 -1 -1 -1 25 -1 9 -1 -1 -1 -1 6 -1 1 -1 -1 -1 -1 -1 -1 -1 -1 -1 -1 -1 -1 17 -1 -1 -1 -1 -1 -1 -1 -1 -1 -1 -1 -1 -1 -1 21 -1 -1 -1 -1 -1 -1 -1 19 -1 -1 -1 -1 -1 -1 -1 20 -1 -1 -1 -1 -1 
-1 -1 -1 -1 -1 4 -1 -1 -1 -1 -1 -1 -1 -1 -1 27 -1 -1 2 -1 -1 5 6 3 -1 -1 -1 -1 -1 -1 -1 25 -1 9 -1 -1 -1 -1 -1 -1 1 -1 -1 -1 -1 -1 -1 -1 -1 -1 -1 -1 -1 17 -1 -1 -1 -1 -1 -1 -1 -1 -1 -1 -1 -1 -1 -1 21 -1 -1 -1 -1 -1 -1 -1 19 -1 -1 -1 -1 -1 -1 -1 20 -1 -1 -1 -1 -1 
-1 -1 -1 -1 -1 4 -1 -1 -1 -1 -1 -1 -1 -1 -1 27 -1 -1 2 -1 -1 5 6 3 -1 -1 -1 -1 -1 -1 -1 25 -1 9 -1 -1 -1 -1 -1 -1 1 -1 -1 -1 -1 -1 -1 -1 -1 -1 -1 -1 -1 -1 -1 -1 -1 -1 -1 -1 17 -1 -1 -1 -1 -1 -1 -1 21 -1 -1 -1 -1 -1 -1 -1 19 -1 -1 -1 -1 -1 -1 -1 20 -1 -1 -1 -1 -1 
-1 -1 -1 -1 -1 4 -1 -1 -1 -1 -1 -1 -1 3 -1 27 -1 -1 2 -1 -1 5 6 -1 -1 -1 -1 -1 -1 -1 -1 25 -1 9 -1 -1 -1 -1 -1 -1 1 -1 -1 -1 -1 -1 -1 -1 -1 -1 -1 -1 -1 -1 -1 -1 -1 -1 -1 -1 17 -1 -1 -1 -1 -1 -1 -1 21 -1 -1 -1 -1 -1 -1 -1 19 -1 -1 -1 -1 -1 -1 -1 20 -1 -1 -1 -1 -1 
-1 -1 -1 -1 -1 4 -1 -1 -1 -1 -1 -1 -1 3 -1 27 -1 -1 2 -1 -1 5 6 -1 -1 -1 -1 -1 -1 -1 -1 25 -1 9 -1 -1 -1 -1 -1 -1 1 -1 -1 17 -1 -1 -1 -1 -1 -1 -1 -1 -1 -1 -1 -1 -1 -1 -1 -1 -1 -1 -1 -1 -1 -1 -1 -1 21 -1 -1 -1 -1 -1 -1 -1 19 -1 -1 -1 -1 -1 -1 -1 20 -1 -1 -1 -1 -1 
-1 -1 -1 -1 -1 4 -1 -1 -1 -1 -1 -1 -1 3 -1 27 -1 -1 2 -1 -1 5 -1 -1 -1 -1 -1 -1 -1 -1 -1 25 -1 9 -1 -1 -1 -1 -1 -1 1 -1 6 17 -1 -1 -1 -1 -1 -1 -1 -1 -1 -1 -1 -1 -1 -1 -1 -1 -1 -1 -1 -1 -1 -1 -1 -1 21 -1 -1 -1 -1 -1 -1 -1 19 -1 -1 -1 -1 -1 -1 -1 20 -1 -1 -1 -1 -1 
-1 -1 -1 -1 -1 4 -1 -1 -1 -1 -1 -1 -1 3 -1 27 -1 -1 2 -1 -1 5 -1 -1 -1 -1 -1 -1 -1 -1 -1 -1 25 9 -1 -1 -1 -1 -1 -1 1 -1 6 17 -1 -1 -1 -1 -1 -1 -1 -1 -1 -1 -1 -1 -1 -1 -1 -1 -1 -1 -1 -1 -1 -1 -1 -1 21 -1 -1 -1 -1 -1 -1 -1 19 -1 -1 -1 -1 -1 -1 -1 20 -1 -1 -1 -1 -1 
-1 -1 2 -1 -1 4 -1 -1 -1 -1 -1 -1 -1 3 -1 27 -1 -1 -1 -1 -1 5 -1 -1 -1 -1 -1 -1 -1 -1 -1 -1 25 9 -1 -1 -1 -1 -1 -1 1 -1 6 17 -1 -1 -1 -1 -1 -1 -1 -1 -1 -1 -1 -1 -1 -1 -1 -1 -1 -1 -1 -1 -1 -1 -1 -1 21 -1 -1 -1 -1 -1 -1 -1 19 -1 -1 -1 -1 -1 -1 -1 20 -1 -1 -1 -1 -1 
-1 -1 2 -1 -1 4 -1 -1 -1 -1 -1 -1 -1 3 -1 -1 27 -1 -1 -1 -1 5 -1 -1 -1 -1 -1 -1 -1 -1 -1 -1 25 9 -1 -1 -1 -1 -1 -1 1 -1 6 17 -1 -1 -1 -1 -1 -1 -1 -1 -1 -1 -1 -1 -1 -1 -1 -1 -1 -1 -1 -1 -1 -1 -1 -1 21 -1 -1 -1 -1 -1 -1 -1 19 -1 -1 -1 -1 -1 -1 -1 20 -1 -1 -1 -1 -1 
-1 -1 -1 -1 -1 4 -1 -1 -1 -1 -1 -1 -1 3 -1 -1 27 -1 -1 -1 -1 5 2 -1 -1 -1 -1 -1 -1 -1 -1 -1 25 9 -1 -1 -1 -1 -1 -1 1 -1 6 17 -1 -1 -1 -1 -1 -1 -1 -1 -1 -1 -1 -1 -1 -1 -1 -1 -1 -1 -1 -1 -1 -1 -1 -1 21 -1 -1 -1 -1 -1 -1 -1 19 -1 -1 -1 -1 -1 -1 -1 20 -1 -1 -1 -1 -1 
-1 -1 -1 -1 -1 4 -1 -1 -1 -1 -1 -1 -1 3 -1 -1 27 -1 -1 -1 -1 5 2 -1 17 -1 -1 -1 -1 -1 -1 -1 25 9 -1 -1 -1 -1 -1 -1 1 -1 6 -1 -1 -1 -1 -1 -1 -1 -1 -1 -1 -1 -1 -1 -1 -1 -1 -1 -1 -1 -1 -1 -1 -1 -1 -1 21 -1 -1 -1 -1 -1 -1 -1 19 -1 -1 -1 -1 -1 -1 -1 20 -1 -1 -1 -1 -1 
-1 -1 -1 -1 4 -1 -1 -1 -1 -1 -1 -1 -1 3 -1 -1 27 -1 -1 -1 -1 5 2 -1 17 -1 -1 -1 -1 -1 -1 -1 25 9 -1 -1 -1 -1 -1 -1 1 -1 6 -1 -1 -1 -1 -1 -1 -1 -1 -1 -1 -1 -1 -1 -1 -1 -1 -1 -1 -1 -1 -1 -1 -1 -1 -1 21 -1 -1 -1 -1 -1 -1 -1 19 -1 -1 -1 -1 -1 -1 -1 20 -1 -1 -1 -1 -1 
-1 -1 -1 -1 4 -1 -1 17 -1 -1 -1 -1 -1 3 -1 -1 27 -1 -1 -1 -1 5 2 -1 -1 -1 -1 -1 -1 -1 -1 -1 25 9 -1 -1 -1 -1 -1 -1 1 -1 6 -1 -1 -1 -1 -1 -1 -1 -1 -1 -1 -1 -1 -1 -1 -1 -1 -1 -1 -1 -1 -1 -1 -1 -1 -1 21 -1 -1 -1 -1 -1 -1 -1 19 -1 -1 -1 -1 -1 -1 -1 20 -1 -1 -1 -1 -1 
-1 -1 -1 -1 4 -1 -1 17 -1 -1 -1 -1 -1 3 -1 -1 27 -1 -1 -1 -1 5 2 -1 -1 -1 -1 -1 -1 -1 -1 -1 25 -1 9 -1 -1 -1 -1 -1 1 -1 6 -1 -1 -1 -1 -1 -1 -1 -1 -1 -1 -1 -1 -1 -1 -1 -1 -1 -1 -1 -1 -1 -1 -1 -1 -1 21 -1 -1 -1 -1 -1 -1 -1 19 -1 -1 -1 -1 -1 -1 -1 20 -1 -1 -1 -1 -1 
-1 -1 -1 -1 4 -1 -1 17 -1 -1 -1 -1 -1 3 -1 27 -1 -1 -1 -1 -1 5 2 -1 -1 -1 -1 -1 -1 -1 -1 -1 25 -1 9 -1 -1 -1 -1 -1 1 -1 6 -1 -1 -1 -1 -1 -1 -1 -1 -1 -1 -1 -1 -1 -1 -1 -1 -1 -1 -1 -1 -1 -1 -1 -1 -1 21 -1 -1 -1 -1 -1 -1 -1 19 -1 -1 -1 -1 -1 -1 -1 20 -1 -1 -1 -1 -1 
-1 -1 -1 -1 4 -1 -1 17 -1 -1 -1 -1 -1 3 -1 27 -1 -1 -1 -1 -1 5 2 -1 -1 -1 -1 -1 -1 -1 -1 -1 25 -1 9 -1 -1 -1 -1 -1 -1 -1 6 -1 -1 -1 -1 -1 -1 -1 -1 -1 -1 -1 -1 -1 -1 -1 -1 1 -1 -1 -1 -1 -1 -1 -1 -1 21 -1 -1 -1 -1 -1 -1 -1 19 -1 -1 -1 -1 -1 -1 -1 20 -1 -1 -1 -1 -1 
-1 -1 -1 -1 4 -1 -1 17 -1 -1 -1 -1 -1 3 27 -1 -1 -1 -1 -1 -1 5 2 -1 -1 -1 -1 -1 -1 -1 -1 -1 25 -1 9 -1 -1 -1 -1 -1 -1 -1 6 -1 -1 -1 -1 -1 -1 -1 -1 -1 -1 -1 -1 -1 -1 -1 -1 1 -1 -1 -1 -1 -1 -1 -1 -1 21 -1 -1 -1 -1 -1 -1 -1 19 -1 -1 -1 -1 -1 -1 -1 20 -1 -1 -1 -1 -1 
-1 -1 -1 -1 4 -1 -1 17 -1 -1 -1 -1 -1 3 27 -1 -1 -1 -1 -1 -1 5 2 -1 -1 -1 -1 -1 -1 -1 -1 -1 25 -1 9 -1 -1 -1 -1 -1 -1 -1 6 -1 -1 -1 -1 -1 1 -1 -1 -1 -1 -1 -1 -1 -1 -1 -1 -1 -1 -1 -1 -1 -1 -1 -1 -1 21 -1 -1 -1 -1 -1 -1 -1 19 -1 -1 -1 -1 -1 -1 -1 20 -1 -1 -1 -1 -1 
-1 -1 -1 -1 4 -1 -1 -1 -1 -1 -1 -1 -1 3 27 -1 -1 -1 -1 -1 -1 5 2 -1 17 -1 -1 -1 -1 -1 -1 -1 25 -1 9 -1 -1 -1 -1 -1 -1 -1 6 -1 -1 -1 -1 -1 1 -1 -1 -1 -1 -1 -1 -1 -1 -1 -1 -1 -1 -1 -1 -1 -1 -1 -1 -1 21 -1 -1 -1 -1 -1 -1 -1 19 -1 -1 -1 -1 -1 -1 -1 20 -1 -1 -1 -1 -1 
-1 -1 -1 -1 4 -1 -1 -1 -1 -1 -1 -1 -1 -1 27 -1 -1 -1 -1 -1 -1 5 2 3 17 -1 -1 -1 -1 -1 -1 -1 25 -1 9 -1 -1 -1 -1 -1 -1 -1 6 -1 -1 -1 -1 -1 1 -1 -1 -1 -1 -1 -1 -1 -1 -1 -1 -1 -1 -1 -1 -1 -1 -1 -1 -1 21 -1 -1 -1 -1 -1 -1 -1 19 -1 -1 -1 -1 -1 -1 -1 20 -1 -1 -1 -1 -1 
-1 -1 -1 -1 4 -1 -1 -1 -1 -1 -1 -1 -1 -1 27 -1 -1 17 -1 -1 -1 5 2 3 -1 -1 -1 -1 -1 -1 -1 -1 25 -1 9 -1 -1 -1 -1 -1 -1 -1 6 -1 -1 -1 -1 -1 1 -1 -1 -1 -1 -1 -1 -1 -1 -1 -1 -1 -1 -1 -1 -1 -1 -1 -1 -1 21 -1 -1 -1 -1 -1 -1 -1 19 -1 -1 -1 -1 -1 -1 -1 20 -1 -1 -1 -1 -1 
-1 -1 -1 -1 4 -1 -1 -1 -1 -1 -1 -1 -1 -1 27 -1 -1 17 -1 -1 -1 5 2 3 -1 -1 -1 -1 -1 -1 -1 -1 25 -1 -1 -1 -1 -1 -1 -1 -1 -1 6 -1 -1 -1 -1 -1 1 -1 -1 -1 -1 -1 -1 -1 -1 -1 -1 -1 -1 9 -1 -1 -1 -1 -1 -1 21 -1 -1 -1 -1 -1 -1 -1 19 -1 -1 -1 -1 -1 -1 -1 20 -1 -1 -1 -1 -1 
-1 -1 -1 -1 4 -1 17 -1 -1 -1 -1 -1 -1 -1 27 -1 -1 -1 -1 -1 -1 5 2 3 -1 -1 -1 -1 -1 -1 -1 -1 25 -1 -1 -1 -1 -1 -1 -1 -1 -1 6 -1 -1 -1 -1 -1 1 -1 -1 -1 -1 -1 -1 -1 -1 -1 -1 -1 -1 9 -1 -1 -1 -1 -1 -1 21 -1 -1 -1 -1 -1 -1 -1 19 -1 -1 -1 -1 -1 -1 -1 20 -1 -1 -1 -1 -1 
-1 -1 -1 -1 4 -1 17 -1 -1 -1 -1 -1 -1 -1 27 -1 -1 -1 -1 -1 -1 5 2 3 -1 -1 -1 -1 -1 -1 -1 -1 25 -1 -1 -1 -1 -1 -1 -1 -1 -1 6 -1 -1 -1 -1 -1 1 -1 -1 -1 -1 -1 -1 -1 -1 -1 -1 9 -1 -1 -1 -1 -1 -1 -1 -1 21 -1 -1 -1 -1 -1 -1 -1 19 -1 -1 -1 -1 -1 -1 -1 20 -1 -1 -1 -1 -1 
-1 -1 -1 -1 4 -1 -1 -1 -1 -1 -1 -1 -1 -1 27 -1 -1 -1 -1 -1 -1 5 2 3 -1 17 -1 -1 -1 -1 -1 -1 25 -1 -1 -1 -1 -1 -1 -1 -1 -1 6 -1 -1 -1 -1 -1 1 -1 -1 -1 -1 -1 -1 -1 -1 -1 -1 9 -1 -1 -1 -1 -1 -1 -1 -1 21 -1 -1 -1 -1 -1 -1 -1 19 -1 -1 -1 -1 -1 -1 -1 20 -1 -1 -1 -1 -1 
-1 -1 -1 -1 4 -1 -1 -1 -1 -1 -1 -1 -1 -1 27 -1 -1 -1 -1 -1 -1 5 2 3 -1 17 6 -1 -1 -1 -1 -1 25 -1 -1 -1 -1 -1 -1 -1 -1 -1 -1 -1 -1 -1 -1 -1 1 -1 -1 -1 -1 -1 -1 -1 -1 -1 -1 9 -1 -1 -1 -1 -1 -1 -1 -1 21 -1 -1 -1 -1 -1 -1 -1 19 -1 -1 -1 -1 -1 -1 -1 20 -1 -1 -1 -1 -1 
-1 -1 -1 -1 4 -1 -1 -1 -1 -1 -1 -1 -1 -1 27 -1 -1 -1 -1 -1 -1 5 2 3 -1 17 6 -1 -1 -1 -1 -1 -1 25 -1 -1 -1 -1 -1 -1 -1 -1 -1 -1 -1 -1 -1 -1 1 -1 -1 -1 -1 -1 -1 -1 -1 -1 -1 9 -1 -1 -1 -1 -1 -1 -1 -1 21 -1 -1 -1 -1 -1 -1 -1 19 -1 -1 -1 -1 -1 -1 -1 20 -1 -1 -1 -1 -1 
-1 -1 -1 -1 4 -1 -1 -1 -1 -1 -1 -1 -1 5 27 -1 -1 -1 -1 -1 -1 -1 2 3 -1 17 6 -1 -1 -1 -1 -1 -1 25 -1 -1 -1 -1 -1 -1 -1 -1 -1 -1 -1 -1 -1 -1 1 -1 -1 -1 -1 -1 -1 -1 -1 -1 -1 9 -1 -1 -1 -1 -1 -1 -1 -1 21 -1 -1 -1 -1 -1 -1 -1 19 -1 -1 -1 -1 -1 -1 -1 20 -1 -1 -1 -1 -1 
-1 -1 -1 -1 4 -1 -1 -1 -1 -1 -1 -1 -1 5 27 -1 -1 -1 -1 -1 -1 -1 2 3 -1 17 6 -1 -1 -1 -1 -1 -1 -1 -1 -1 -1 -1 -1 -1 -1 -1 -1 -1 -1 -1 -1 -1 1 -1 -1 25 -1 -1 -1 -1 -1 -1 -1 9 -1 -1 -1 -1 -1 -1 -1 -1 21 -1 -1 -1 -1 -1 -1 -1 19 -1 -1 -1 -1 -1 -1 -1 20 -1 -1 -1 -1 -1 
-1 -1 -1 -1 4 -1 -1 -1 -1 -1 -1 -1 -1 5 27 -1 -1 -1 -1 -1 -1 -1 2 3 -1 17 6 -1 -1 -1 -1 1 -1 -1 -1 -1 -1 -1 -1 -1 -1 -1 -1 -1 -1 -1 -1 -1 -1 -1 -1 25 -1 -1 -1 -1 -1 -1 -1 9 -1 -1 -1 -1 -1 -1 -1 -1 21 -1 -1 -1 -1 -1 -1 -1 19 -1 -1 -1 -1 -1 -1 -1 20 -1 -1 -1 -1 -1 
-1 -1 -1 -1 4 -1 -1 -1 -1 -1 -1 -1 -1 5 27 -1 -1 -1 -1 -1 -1 -1 2 3 -1 -1 6 -1 -1 -1 -1 1 17 -1 -1 -1 -1 -1 -1 -1 -1 -1 -1 -1 -1 -1 -1 -1 -1 -1 -1 25 -1 -1 -1 -1 -1 -1 -1 9 -1 -1 -1 -1 -1 -1 -1 -1 21 -1 -1 -1 -1 -1 -1 -1 19 -1 -1 -1 -1 -1 -1 -1 20 -1 -1 -1 -1 -1 
-1 -1 -1 -1 4 -1 -1 -1 -1 -1 -1 -1 -1 5 27 -1 -1 -1 -1 -1 -1 -1 2 3 -1 -1 6 -1 -1 -1 -1 1 17 -1 -1 -1 -1 -1 -1 -1 -1 -1 -1 -1 -1 -1 -1 -1 -1 -1 -1 25 -1 -1 -1 -1 -1 9 -1 -1 -1 -1 -1 -1 -1 -1 -1 -1 21 -1 -1 -1 -1 -1 -1 -1 19 -1 -1 -1 -1 -1 -1 -1 20 -1 -1 -1 -1 -1 
-1 -1 -1 -1 4 -1 -1 -1 -1 -1 -1 -1 -1 5 27 -1 -1 -1 -1 -1 -1 -1 2 3 -1 -1 6 -1 -1 -1 -1 1 17 -1 -1 -1 -1 -1 -1 -1 -1 -1 -1 -1 -1 -1 -1 -1 -1 25 -1 -1 -1 -1 -1 -1 -1 9 -1 -1 -1 -1 -1 -1 -1 -1 -1 -1 21 -1 -1 -1 -1 -1 -1 -1 19 -1 -1 -1 -1 -1 -1 -1 20 -1 -1 -1 -1 -1 
-1 -1 -1 -1 4 -1 -1 -1 -1 -1 -1 -1 9 5 27 -1 -1 -1 -1 -1 -1 -1 2 3 -1 -1 6 -1 -1 -1 -1 1 17 -1 -1 -1 -1 -1 -1 -1 -1 -1 -1 -1 -1 -1 -1 -1 -1 25 -1 -1 -1 -1 -1 -1 -1 -1 -1 -1 -1 -1 -1 -1 -1 -1 -1 -1 21 -1 -1 -1 -1 -1 -1 -1 19 -1 -1 -1 -1 -1 -1 -1 20 -1 -1 -1 -1 -1 
