0 1 2 3 4 5 6 7 8 -1 -1 -1 -1 -1 -1 -1 -1 -1 -1 9 -1 -1 -1 -1 -1 10 -1 11 -1 12 -1 13 -1 14 -1 15 -1 -1 -1 -1 -1 -1 -1 -1 -1 -1 -1 -1 -1 -1 -1 -1 -1 -1 -1 -1 -1 -1 29 -1 28 -1 27 -1 26 23 -1 -1 -1 -1 25 -1 -1 -1 -1 -1 -1 -1 -1 -1 -1 24 -1 22 21 20 19 18 17 16 
0 1 2 3 4 5 6 7 8 -1 -1 -1 -1 -1 -1 -1 -1 -1 -1 9 -1 -1 -1 -1 -1 10 -1 11 -1 -1 -1 13 -1 14 -1 15 -1 -1 12 -1 -1 -1 -1 -1 -1 -1 -1 -1 -1 -1 -1 -1 -1 -1 -1 -1 -1 -1 29 -1 28 -1 27 -1 26 23 -1 -1 -1 -1 25 -1 -1 -1 -1 -1 -1 -1 -1 -1 -1 24 -1 22 21 20 19 18 17 16 
0 1 2 3 4 5 6 7 8 -1 -1 -1 -1 -1 -1 -1 -1 -1 -1 9 -1 -1 -1 -1 -1 10 -1 11 -1 -1 -1 13 -1 14 -1 15 -1 -1 12 -1 -1 -1 -1 -1 -1 -1 -1 -1 -1 -1 -1 28 -1 -1 -1 -1 -1 -1 29 -1 -1 -1 27 -1 26 23 -1 -1 -1 -1 25 -1 -1 -1 -1 -1 -1 -1 -1 -1 -1 24 -1 22 21 20 19 18 17 16 
0 -1 2 3 4 5 6 7 8 -1 -1 -1 -1 -1 -1 -1 -1 -1 -1 9 1 -1 -1 -1 -1 10 -1 11 -1 -1 -1 13 -1 14 -1 15 -1 -1 12 -1 -1 -1 -1 -1 -1 -1 -1 -1 -1 -1 -1 28 -1 -1 -1 -1 -1 -1 29 -1 -1 -1 27 -1 26 23 -1 -1 -1 -1 25 -1 -1 -1 -1 -1 -1 -1 -1 -1 -1 24 -1 22 21 20 19 18 17 16 
0 -1 2 3 4 5 6 7 8 -1 -1 -1 -1 -1 -1 -1 -1 -1 -1 9 1 -1 -1 -1 -1 10 -1 11 -1 -1 -1 13 -1 14 -1 15 -1 -1 12 -1 -1 -1 -1 -1 -1 -1 -1 -1 -1 -1 -1 28 -1 -1 -1 -1 -1 -1 29 -1 -1 -1 27 -1 26 23 -1 -1 -1 17 25 -1 -1 -1 -1 -1 -1 -1 -1 -1 -1 24 -1 22 21 20 19 18 -1 16 
-1 -1 2 3 4 5 6 7 8 0 -1 -1 -1 -1 -1 -1 -1 -1 -1 9 1 -1 -1 -1 -1 10 -1 11 -1 -1 -1 13 -1 14 -1 15 -1 -1 12 -1 -1 -1 -1 -1 -1 -1 -1 -1 -1 -1 -1 28 -1 -1 -1 -1 -1 -1 29 -1 -1 -1 27 -1 26 23 -1 -1 -1 17 25 -1 -1 -1 -1 -1 -1 -1 -1 -1 -1 24 -1 22 21 20 19 18 -1 16 
-1 -1 2 3 4 5 6 7 8 0 -1 -1 -1 -1 -1 -1 -1 -1 -1 9 1 -1 -1 -1 -1 10 -1 11 -1 -1 -1 13 -1 14 -1 15 -1 -1 12 -1 -1 -1 -1 -1 -1 -1 -1 -1 -1 -1 -1 28 -1 -1 -1 -1 -1 -1 29 -1 -1 -1 27 -1 26 23 -1 -1 -1 17 25 -1 24 -1 -1 -1 -1 -1 -1 -1 -1 -1 -1 22 21 20 19 18 -1 16 
-1 -1 2 3 4 5 6 7 8 -1 -1 -1 -1 -1 -1 0 -1 -1 -1 9 1 -1 -1 -1 -1 10 -1 11 -1 -1 -1 13 -1 14 -1 15 -1 -1 12 -1 -1 -1 -1 -1 -1 -1 -1 -1 -1 -1 -1 28 -1 -1 -1 -1 -1 -1 29 -1 -1 -1 27 -1 26 23 -1 -1 -1 17 25 -1 24 -1 -1 -1 -1 -1 -1 -1 -1 -1 -1 22 21 20 19 18 -1 16 
-1 -1 2 3 4 5 6 7 8 -1 -1 -1 -1 -1 -1 0 -1 -1 -1 9 1 -1 -1 -1 -1 10 -1 11 26 -1 -1 13 -1 14 -1 15 -1 -1 12 -1 -1 -1 -1 -1 -1 -1 -1 -1 -1 -1 -1 28 -1 -1 -1 -1 -1 -1 29 -1 -1 -1 27 -1 -1 23 -1 -1 -1 17 25 -1 24 -1 -1 -1 -1 -1 -1 -1 -1 -1 -1 22 21 20 19 18 -1 16 
-1 -1 2 3 4 5 6 7 8 -1 -1 -1 -1 -1 -1 0 -1 -1 -1 9 -1 -1 -1 -1 -1 10 -1 11 26 -1 -1 13 -1 14 -1 15 -1 1 12 -1 -1 -1 -1 -1 -1 -1 -1 -1 -1 -1 -1 28 -1 -1 -1 -1 -1 -1 29 -1 -1 -1 27 -1 -1 23 -1 -1 -1 17 25 -1 24 -1 -1 -1 -1 -1 -1 -1 -1 -1 -1 22 21 20 19 18 -1 16 
-1 -1 2 3 4 5 6 7 8 -1 -1 -1 -1 -1 -1 0 -1 -1 -1 9 -1 -1 -1 -1 -1 10 -1 11 26 -1 -1 13 -1 14 -1 15 -1 1 12 -1 -1 -1 -1 -1 -1 -1 -1 -1 -1 -1 17 28 -1 -1 -1 -1 -1 -1 29 -1 -1 -1 27 -1 -1 23 -1 -1 -1 -1 25 -1 24 -1 -1 -1 -1 -1 -1 -1 -1 -1 -1 22 21 20 19 18 -1 16 
-1 -1 2 3 4 5 -1 7 8 -1 -1 -1 -1 -1 -1 0 -1 -1 -1 9 -1 -1 6 -1 -1 10 -1 11 26 -1 -1 13 -1 14 -1 15 -1 1 12 -1 -1 -1 -1 -1 -1 -1 -1 -1 -1 -1 17 28 -1 -1 -1 -1 -1 -1 29 -1 -1 -1 27 -1 -1 23 -1 -1 -1 -1 25 -1 24 -1 -1 -1 -1 -1 -1 -1 -1 -1 -1 22 21 20 19 18 -1 16 
-1 -1 2 3 4 5 -1 7 8 -1 -1 -1 -1 -1 -1 0 -1 -1 -1 9 -1 -1 6 -1 -1 10 -1 11 26 -1 -1 13 -1 14 -1 15 -1 1 12 -1 -1 -1 -1 -1 -1 -1 -1 -1 -1 -1 17 28 -1 -1 -1 -1 -1 -1 29 -1 -1 -1 27 -1 -1 23 -1 -1 -1 -1 25 -1 24 -1 -1 -1 -1 -1 -1 -1 16 -1 -1 22 21 20 19 18 -1 -1 
-1 -1 2 3 4 -1 -1 7 8 -1 -1 -1 -1 5 -1 0 -1 -1 -1 9 -1 -1 6 -1 -1 10 -1 11 26 -1 -1 13 -1 14 -1 15 -1 1 12 -1 -1 -1 -1 -1 -1 -1 -1 -1 -1 -1 17 28 -1 -1 -1 -1 -1 -1 29 -1 -1 -1 27 -1 -1 23 -1 -1 -1 -1 25 -1 24 -1 -1 -1 -1 -1 -1 -1 16 -1 -1 22 21 20 19 18 -1 -1 
-1 -1 2 3 4 -1 -1 7 8 -1 -1 -1 -1 5 -1 0 -1 -1 -1 9 -1 -1 6 -1 -1 10 -1 11 26 -1 -1 13 -1 14 -1 15 -1 1 12 -1 -1 -1 -1 -1 -1 -1 -1 -1 -1 -1 17 28 -1 -1 -1 -1 -1 -1 29 -1 -1 -1 27 -1 -1 23 -1 -1 25 -1 -1 -1 24 -1 -1 -1 -1 -1 -1 -1 16 -1 -1 22 21 20 19 18 -1 -1 
-1 -1 2 3 4 -1 -1 -1 8 -1 -1 -1 -1 5 -1 0 -1 -1 -1 9 -1 -1 6 -1 -1 10 7 11 26 -1 -1 13 -1 14 -1 15 -1 1 12 -1 -1 -1 -1 -1 -1 -1 -1 -1 -1 -1 17 28 -1 -1 -1 -1 -1 -1 29 -1 -1 -1 27 -1 -1 23 -1 -1 25 -1 -1 -1 24 -1 -1 -1 -1 -1 -1 -1 16 -1 -1 22 21 20 19 18 -1 -1 
-1 -1 2 3 4 -1 -1 -1 8 -1 -1 -1 -1 5 -1 0 -1 -1 -1 9 -1 -1 6 -1 -1 10 7 11 26 -1 -1 13 -1 14 -1 15 -1 1 12 -1 -1 -1 -1 -1 -1 -1 -1 -1 -1 -1 17 28 -1 -1 -1 -1 -1 -1 29 -1 -1 -1 27 -1 -1 23 -1 -1 25 -1 -1 -1 24 -1 -1 -1 -1 -1 -1 16 -1 -1 -1 22 21 20 19 18 -1 -1 
-1 -1 2 3 4 -1 -1 8 -1 -1 -1 -1 -1 5 -1 0 -1 -1 -1 9 -1 -1 6 -1 -1 10 7 11 26 -1 -1 13 -1 14 -1 15 -1 1 12 -1 -1 -1 -1 -1 -1 -1 -1 -1 -1 -1 17 28 -1 -1 -1 -1 -1 -1 29 -1 -1 -1 27 -1 -1 23 -1 -1 25 -1 -1 -1 24 -1 -1 -1 -1 -1 -1 16 -1 -1 -1 22 21 20 19 18 -1 -1 
-1 -1 2 3 4 -1 -1 8 -1 -1 -1 -1 -1 5 -1 0 -1 -1 -1 9 -1 -1 6 -1 -1 10 7 11 26 -1 -1 13 -1 14 -1 15 -1 1 12 -1 -1 -1 -1 -1 -1 -1 -1 -1 -1 -1 17 28 -1 -1 -1 -1 -1 -1 29 -1 -1 -1 27 -1 -1 23 -1 22 25 -1 -1 -1 24 -1 -1 -1 -1 -1 -1 16 -1 -1 -1 -1 21 20 19 18 -1 -1 
-1 -1 2 3 4 -1 -1 8 -1 -1 -1 -1 -1 5 -1 0 -1 -1 -1 9 -1 -1 6 -1 -1 -1 7 11 26 -1 -1 13 -1 14 -1 15 -1 1 12 -1 -1 -1 -1 -1 -1 -1 -1 -1 -1 -1 17 28 -1 -1 -1 -1 -1 -1 29 -1 -1 -1 27 -1 -1 23 -1 22 25 -1 10 -1 24 -1 -1 -1 -1 -1 -1 16 -1 -1 -1 -1 21 20 19 18 -1 -1 
-1 -1 2 3 4 -1 -1 8 -1 -1 -1 -1 -1 5 -1 0 -1 -1 -1 9 -1 -1 6 -1 -1 -1 7 11 26 -1 -1 13 -1 14 -1 15 -1 1 12 -1 -1 -1 -1 -1 -1 -1 -1 -1 -1 -1 17 28 -1 -1 -1 -1 -1 -1 29 -1 -1 -1 27 -1 -1 23 -1 22 25 -1 10 -1 -1 -1 -1 -1 -1 24 -1 16 -1 -1 -1 -1 21 20 19 18 -1 -1 
-1 -1 2 3 4 -1 -1 8 -1 -1 -1 -1 -1 5 -1 0 -1 -1 -1 9 -1 -1 6 -1 -1 -1 7 11 26 -1 -1 13 -1 14 -1 -1 -1 1 12 -1 -1 -1 -1 -1 15 -1 -1 -1 -1 -1 17 28 -1 -1 -1 -1 -1 -1 29 -1 -1 -1 27 -1 -1 23 -1 22 25 -1 10 -1 -1 -1 -1 -1 -1 24 -1 16 -1 -1 -1 -1 21 20 19 18 -1 -1 
-1 -1 2 3 4 -1 -1 8 -1 -1 -1 -1 -1 5 -1 0 -1 -1 -1 9 -1 -1 6 -1 -1 -1 7 11 -1 26 -1 13 -1 14 -1 -1 -1 1 12 -1 -1 -1 -1 -1 15 -1 -1 -1 -1 -1 17 28 -1 -1 -1 -1 -1 -1 29 -1 -1 -1 27 -1 -1 23 -1 22 25 -1 10 -1 -1 -1 -1 -1 -1 24 -1 16 -1 -1 -1 -1 21 20 19 18 -1 -1 
-1 -1 2 3 4 -1 -1 8 -1 -1 -1 -1 -1 5 -1 0 -1 -1 -1 9 -1 -1 6 -1 -1 -1 7 11 -1 26 -1 -1 -1 14 -1 -1 -1 1 12 -1 13 -1 -1 -1 15 -1 -1 -1 -1 -1 17 28 -1 -1 -1 -1 -1 -1 29 -1 -1 -1 27 -1 -1 23 -1 22 25 -1 10 -1 -1 -1 -1 -1 -1 24 -1 16 -1 -1 -1 -1 21 20 19 18 -1 -1 
-1 -1 2 3 4 -1 -1 8 -1 -1 -1 -1 -1 5 -1 0 -1 -1 -1 9 -1 -1 6 -1 -1 -1 7 11 -1 26 -1 -1 -1 14 -1 -1 -1 1 12 -1 13 -1 -1 -1 15 -1 -1 -1 -1 -1 -1 28 -1 -1 -1 -1 -1 17 29 -1 -1 -1 27 -1 -1 23 -1 22 25 -1 10 -1 -1 -1 -1 -1 -1 24 -1 16 -1 -1 -1 -1 21 20 19 18 -1 -1 
-1 -1 2 3 4 -1 -1 8 -1 -1 -1 -1 -1 5 0 -1 -1 -1 -1 9 -1 -1 6 -1 -1 -1 7 11 -1 26 -1 -1 -1 14 -1 -1 -1 1 12 -1 13 -1 -1 -1 15 -1 -1 -1 -1 -1 -1 28 -1 -1 -1 -1 -1 17 29 -1 -1 -1 27 -1 -1 23 -1 22 25 -1 10 -1 -1 -1 -1 -1 -1 24 -1 16 -1 -1 -1 -1 21 20 19 18 -1 -1 
-1 -1 2 3 4 -1 -1 8 -1 -1 -1 -1 -1 5 0 -1 -1 -1 -1 9 -1 -1 6 -1 -1 -1 7 11 -1 26 -1 -1 -1 14 -1 -1 -1 1 12 -1 13 -1 -1 -1 15 -1 -1 -1 -1 -1 -1 28 -1 -1 -1 -1 -1 17 29 -1 -1 -1 27 -1 -1 23 -1 22 -1 25 10 -1 -1 -1 -1 -1 -1 24 -1 16 -1 -1 -1 -1 21 20 19 18 -1 -1 
-1 -1 2 3 4 -1 -1 8 -1 -1 -1 -1 -1 5 -1 -1 -1 -1 -1 9 -1 -1 6 -1 -1 -1 7 11 -1 26 -1 -1 -1 14 -1 -1 -1 1 12 -1 13 -1 -1 -1 15 -1 -1 -1 -1 -1 -1 28 -1 -1 -1 -1 -1 17 29 -1 -1 -1 27 -1 -1 23 -1 22 -1 25 10 -1 -1 -1 -1 -1 -1 0 -1 16 -1 -1 -1 -1 21 20 19 18 -1 -1 
-1 -1 2 3 4 -1 -1 8 -1 -1 -1 -1 -1 5 -1 -1 -1 -1 -1 9 -1 -1 6 -1 -1 -1 7 11 -1 26 -1 -1 -1 14 -1 -1 -1 1 12 -1 13 -1 -1 -1 15 -1 -1 -1 -1 -1 -1 28 -1 -1 -1 -1 -1 17 29 -1 -1 -1 27 -1 -1 23 -1 22 -1 25 10 -1 -1 -1 -1 -1 -1 16 -1 -1 -1 -1 -1 -1 21 20 19 18 -1 -1 
-1 -1 2 3 4 -1 -1 -1 -1 -1 -1 -1 -1 5 -1 -1 -1 -1 -1 9 -1 -1 6 -1 -1 -1 7 11 -1 26 -1 -1 -1 14 -1 -1 -1 1 12 -1 13 -1 -1 8 15 -1 -1 -1 -1 -1 -1 28 -1 -1 -1 -1 -1 17 29 -1 -1 -1 27 -1 -1 23 -1 22 -1 25 10 -1 -1 -1 -1 -1 -1 16 -1 -1 -1 -1 -1 -1 21 20 19 18 -1 -1 
-1 -1 2 3 4 -1 -1 -1 -1 -1 -1 -1 -1 5 -1 -1 -1 -1 -1 9 -1 -1 6 -1 -1 -1 7 11 -1 26 -1 -1 -1 14 -1 -1 -1 1 12 -1 13 -1 -1 8 15 -1 -1 -1 -1 -1 16 28 -1 -1 -1 -1 -1 17 29 -1 -1 -1 27 -1 -1 23 -1 22 -1 25 10 -1 -1 -1 -1 -1 -1 -1 -1 -1 -1 -1 -1 -1 21 20 19 18 -1 -1 
-1 -1 2 3 4 -1 -1 -1 -1 -1 -1 -1 -1 5 -1 -1 -1 -1 -1 9 -1 -1 6 -1 -1 -1 7 11 -1 26 -1 -1 -1 14 -1 -1 -1 1 12 -1 13 -1 -1 8 15 -1 -1 -1 -1 -1 16 28 -1 -1 -1 -1 -1 17 29 -1 -1 10 27 -1 -1 23 -1 22 -1 25 -1 -1 -1 -1 -1 -1 -1 -1 -1 -1 -1 -1 -1 -1 21 20 19 18 -1 -1 
-1 -1 2 3 4 -1 -1 -1 -1 -1 -1 -1 -1 5 -1 -1 -1 -1 -1 9 -1 -1 6 -1 -1 -1 7 11 -1 26 -1 -1 -1 14 -1 -1 -1 1 12 -1 13 -1 -1 8 15 -1 -1 -1 -1 -1 -1 28 -1 -1 -1 -1 -1 17 29 16 -1 10 27 -1 -1 23 -1 22 -1 25 -1 -1 -1 -1 -1 -1 -1 -1 -1 -1 -1 -1 -1 -1 21 20 19 18 -1 -1 
-1 -1 2 3 4 -1 -1 -1 -1 -1 -1 -1 -1 5 -1 -1 -1 -1 -1 9 -1 -1 6 -1 -1 -1 7 11 -1 26 -1 -1 -1 14 -1 -1 -1 1 12 -1 13 -1 -1 8 15 -1 -1 -1 -1 -1 -1 28 -1 -1 -1 -1 -1 17 29 16 -1 -1 27 -1 -1 23 -1 22 -1 25 10 -1 -1 -1 -1 -1 -1 -1 -1 -1 -1 -1 -1 -1 21 20 19 18 -1 -1 
-1 -1 2 3 4 -1 -1 -1 -1 -1 -1 -1 -1 5 -1 -1 -1 -1 -1 9 -1 -1 6 -1 -1 -1 7 11 -1 26 -1 -1 -1 14 -1 -1 -1 1 12 -1 13 -1 -1 8 15 -1 -1 -1 -1 -1 16 28 -1 -1 -1 -1 -1 17 29 -1 -1 -1 27 -1 -1 23 -1 22 -1 25 10 -1 -1 -1 -1 -1 -1 -1 -1 -1 -1 -1 -1 -1 21 20 19 18 -1 -1 
-1 -1 2 3 4 -1 -1 -1 -1 -1 -1 -1 -1 5 -1 -1 -1 -1 -1 9 -1 -1 6 -1 -1 -1 7 11 -1 26 -1 -1 -1 14 -1 -1 -1 1 12 -1 13 -1 -1 8 15 -1 -1 -1 -1 -1 16 28 -1 -1 -1 -1 -1 17 29 -1 -1 10 27 -1 -1 23 -1 22 -1 25 -1 -1 -1 -1 -1 -1 -1 -1 -1 -1 -1 -1 -1 -1 21 20 19 18 -1 -1 
-1 -1 2 3 4 -1 -1 -1 -1 -1 -1 -1 -1 5 -1 -1 -1 -1 -1 9 -1 -1 6 -1 -1 -1 7 11 -1 26 -1 -1 -1 14 -1 -1 -1 1 12 -1 13 -1 -1 8 15 -1 -1 -1 -1 -1 -1 28 -1 -1 -1 -1 -1 17 29 16 -1 10 27 -1 -1 23 -1 22 -1 25 -1 -1 -1 -1 -1 -1 -1 -1 -1 -1 -1 -1 -1 -1 21 20 19 18 -1 -1 
-1 -1 2 3 4 -1 -1 -1 -1 -1 -1 -1 -1 5 -1 -1 -1 -1 -1 9 -1 -1 6 -1 -1 -1 7 11 -1 26 -1 -1 -1 14 -1 -1 -1 1 12 -1 13 -1 -1 8 15 -1 -1 -1 -1 -1 -1 28 -1 -1 -1 -1 -1 17 29 16 -1 -1 27 -1 -1 23 -1 22 -1 25 10 -1 -1 -1 -1 -1 -1 -1 -1 -1 -1 -1 -1 -1 21 20 19 18 -1 -1 
-1 -1 2 3 4 -1 -1 -1 -1 -1 -1 -1 -1 5 -1 -1 -1 -1 -1 9 -1 -1 6 -1 -1 -1 7 11 -1 26 -1 -1 -1 14 -1 -1 -1 1 12 -1 13 -1 -1 8 15 -1 -1 -1 -1 -1 16 28 -1 -1 -1 -1 -1 17 29 -1 -1 -1 27 -1 -1 23 -1 22 -1 25 10 -1 -1 -1 -1 -1 -1 -1 -1 -1 -1 -1 -1 -1 21 20 19 18 -1 -1 
-1 -1 2 3 4 -1 -1 -1 -1 -1 -1 -1 -1 5 -1 -1 -1 -1 -1 9 -1 -1 6 -1 -1 -1 7 11 -1 26 -1 -1 -1 14 -1 -1 -1 1 12 -1 13 -1 -1 8 15 -1 -1 -1 -1 -1 16 28 -1 -1 -1 -1 -1 17 29 -1 -1 10 27 -1 -1 23 -1 22 -1 25 -1 -1 -1 -1 -1 -1 -1 -1 -1 -1 -1 -1 -1 -1 21 20 19 18 -1 -1 
-1 -1 2 3 4 -1 -1 -1 -1 -1 -1 -1 -1 5 -1 -1 -1 -1 -1 9 -1 -1 6 -1 -1 -1 7 11 -1 26 -1 -1 -1 14 -1 -1 -1 1 12 -1 13 -1 -1 8 15 -1 -1 -1 -1 -1 -1 28 -1 -1 -1 -1 -1 17 29 16 -1 10 27 -1 -1 23 -1 22 -1 25 -1 -1 -1 -1 -1 -1 -1 -1 -1 -1 -1 -1 -1 -1 21 20 19 18 -1 -1 
-1 -1 2 3 4 -1 -1 -1 -1 -1 -1 -1 -1 5 -1 -1 -1 -1 -1 9 -1 -1 6 -1 -1 -1 7 11 -1 26 -1 -1 -1 14 -1 -1 -1 1 12 -1 13 -1 -1 8 15 -1 -1 -1 -1 -1 -1 28 -1 -1 -1 -1 -1 17 29 16 -1 -1 27 -1 -1 23 -1 22 -1 25 10 -1 -1 -1 -1 -1 -1 -1 -1 -1 -1 -1 -1 -1 21 20 19 18 -1 -1 
-1 -1 2 3 4 -1 -1 -1 -1 -1 -1 -1 -1 5 -1 -1 -1 -1 -1 9 -1 -1 6 -1 -1 -1 7 11 -1 26 -1 -1 -1 14 -1 -1 -1 1 12 -1 13 -1 -1 8 15 -1 -1 -1 -1 -1 16 28 -1 -1 -1 -1 -1 17 29 -1 -1 -1 27 -1 -1 23 -1 22 -1 25 10 -1 -1 -1 -1 -1 -1 -1 -1 -1 -1 -1 -1 -1 21 20 19 18 -1 -1 
-1 -1 2 3 4 -1 -1 -1 -1 -1 -1 -1 -1 5 -1 -1 -1 -1 -1 9 -1 -1 6 -1 -1 -1 7 11 -1 26 -1 -1 -1 14 -1 -1 -1 1 12 -1 13 -1 -1 8 15 -1 -1 -1 -1 -1 16 28 -1 -1 -1 -1 -1 17 29 -1 -1 10 27 -1 -1 23 -1 22 -1 25 -1 -1 -1 -1 -1 -1 -1 -1 -1 -1 -1 -1 -1 -1 21 20 19 18 -1 -1 
