0 1 2 3 4 5 6 7 8 -1 -1 -1 -1 -1 -1 -1 -1 -1 -1 9 -1 -1 -1 -1 -1 10 -1 11 -1 12 -1 13 -1 14 -1 15 -1 -1 -1 -1 -1 -1 -1 -1 -1 -1 -1 -1 -1 -1 -1 -1 -1 -1 -1 -1 -1 -1 29 -1 28 -1 27 -1 26 23 -1 -1 -1 -1 25 -1 -1 -1 -1 -1 -1 -1 -1 -1 -1 24 -1 22 21 20 19 18 17 16 
0 1 2 3 4 5 6 7 8 -1 -1 -1 -1 -1 -1 -1 -1 -1 -1 9 -1 -1 -1 -1 -1 10 -1 11 -1 -1 -1 13 -1 14 -1 15 -1 -1 12 -1 -1 -1 -1 -1 -1 -1 -1 -1 -1 -1 -1 -1 -1 -1 -1 -1 -1 -1 29 -1 28 -1 27 -1 26 23 -1 -1 -1 -1 25 -1 -1 -1 -1 -1 -1 -1 -1 -1 -1 24 -1 22 21 20 19 18 17 16 
0 1 2 3 4 5 6 7 8 -1 -1 -1 -1 -1 -1 -1 -1 -1 -1 9 -1 -1 -1 -1 -1 10 -1 11 -1 -1 -1 13 -1 14 -1 15 -1 -1 12 -1 -1 -1 -1 -1 -1 -1 -1 -1 -1 -1 -1 28 -1 -1 -1 -1 -1 -1 29 -1 -1 -1 27 -1 26 23 -1 -1 -1 -1 25 -1 -1 -1 -1 -1 -1 -1 -1 -1 -1 24 -1 22 21 20 19 18 17 16 
0 -1 2 3 4 5 6 7 8 -1 -1 -1 -1 -1 -1 -1 -1 -1 -1 9 1 -1 -1 -1 -1 10 -1 11 -1 -1 -1 13 -1 14 -1 15 -1 -1 12 -1 -1 -1 -1 -1 -1 -1 -1 -1 -1 -1 -1 28 -1 -1 -1 -1 -1 -1 29 -1 -1 -1 27 -1 26 23 -1 -1 -1 -1 25 -1 -1 -1 -1 -1 -1 -1 -1 -1 -1 24 -1 22 21 20 19 18 17 16 
0 -1 2 3 4 5 6 7 8 -1 -1 -1 -1 -1 -1 -1 -1 -1 -1 9 1 -1 -1 -1 -1 10 -1 11 -1 -1 -1 13 -1 14 -1 15 -1 -1 12 -1 -1 -1 -1 -1 -1 -1 -1 -1 -1 -1 -1 28 -1 -1 -1 -1 -1 -1 29 -1 -1 -1 27 -1 26 23 -1 -1 -1 17 25 -1 -1 -1 -1 -1 -1 -1 -1 -1 -1 24 -1 22 21 20 19 18 -1 16 
0 -1 -1 3 4 5 6 7 8 -1 -1 -1 -1 -1 -1 -1 -1 -1 -1 9 1 -1 2 -1 -1 10 -1 11 -1 -1 -1 13 -1 14 -1 15 -1 -1 12 -1 -1 -1 -1 -1 -1 -1 -1 -1 -1 -1 -1 28 -1 -1 -1 -1 -1 -1 29 -1 -1 -1 27 -1 26 23 -1 -1 -1 17 25 -1 -1 -1 -1 -1 -1 -1 -1 -1 -1 24 -1 22 21 20 19 18 -1 16 
0 -1 -1 3 4 5 6 7 8 -1 -1 -1 -1 -1 -1 -1 -1 -1 -1 9 1 -1 2 -1 -1 10 -1 11 -1 -1 -1 13 -1 14 -1 15 -1 -1 12 -1 -1 -1 -1 -1 -1 -1 -1 -1 -1 -1 -1 28 17 -1 -1 -1 -1 -1 29 -1 -1 -1 27 -1 26 23 -1 -1 -1 -1 25 -1 -1 -1 -1 -1 -1 -1 -1 -1 -1 24 -1 22 21 20 19 18 -1 16 
0 -1 -1 3 4 5 6 7 8 -1 -1 -1 -1 -1 -1 -1 -1 -1 -1 9 1 -1 2 10 -1 -1 -1 11 -1 -1 -1 13 -1 14 -1 15 -1 -1 12 -1 -1 -1 -1 -1 -1 -1 -1 -1 -1 -1 -1 28 17 -1 -1 -1 -1 -1 29 -1 -1 -1 27 -1 26 23 -1 -1 -1 -1 25 -1 -1 -1 -1 -1 -1 -1 -1 -1 -1 24 -1 22 21 20 19 18 -1 16 
0 -1 -1 3 4 5 6 7 8 -1 -1 -1 -1 -1 -1 -1 -1 -1 -1 9 1 -1 2 10 -1 -1 -1 11 -1 -1 -1 13 -1 14 -1 15 -1 -1 12 -1 -1 -1 -1 -1 -1 -1 -1 -1 -1 -1 -1 28 17 -1 -1 -1 -1 -1 29 -1 -1 -1 27 -1 26 23 -1 -1 -1 -1 25 -1 -1 -1 -1 -1 -1 -1 -1 -1 16 24 -1 22 21 20 19 18 -1 -1 
0 -1 -1 3 4 5 6 -1 8 -1 -1 -1 -1 -1 -1 -1 -1 -1 -1 9 1 -1 2 10 7 -1 -1 11 -1 -1 -1 13 -1 14 -1 15 -1 -1 12 -1 -1 -1 -1 -1 -1 -1 -1 -1 -1 -1 -1 28 17 -1 -1 -1 -1 -1 29 -1 -1 -1 27 -1 26 23 -1 -1 -1 -1 25 -1 -1 -1 -1 -1 -1 -1 -1 -1 16 24 -1 22 21 20 19 18 -1 -1 
0 -1 -1 3 4 5 6 -1 8 -1 -1 -1 -1 -1 -1 -1 -1 -1 -1 9 1 -1 2 10 7 -1 -1 11 -1 -1 -1 13 -1 14 -1 15 -1 -1 12 -1 -1 -1 -1 -1 -1 -1 -1 -1 -1 -1 -1 28 17 -1 -1 -1 -1 -1 29 -1 -1 -1 27 -1 26 23 -1 22 -1 -1 25 -1 -1 -1 -1 -1 -1 -1 -1 -1 16 24 -1 -1 21 20 19 18 -1 -1 
0 -1 -1 -1 4 5 6 -1 8 -1 -1 -1 -1 3 -1 -1 -1 -1 -1 9 1 -1 2 10 7 -1 -1 11 -1 -1 -1 13 -1 14 -1 15 -1 -1 12 -1 -1 -1 -1 -1 -1 -1 -1 -1 -1 -1 -1 28 17 -1 -1 -1 -1 -1 29 -1 -1 -1 27 -1 26 23 -1 22 -1 -1 25 -1 -1 -1 -1 -1 -1 -1 -1 -1 16 24 -1 -1 21 20 19 18 -1 -1 
0 -1 -1 -1 4 5 6 -1 8 -1 -1 -1 -1 3 -1 -1 -1 -1 -1 9 1 -1 2 10 7 -1 -1 11 -1 -1 -1 13 -1 14 -1 15 -1 -1 12 -1 -1 -1 -1 -1 -1 -1 -1 -1 -1 -1 -1 28 17 -1 -1 -1 -1 -1 29 -1 -1 -1 27 26 -1 23 -1 22 -1 -1 25 -1 -1 -1 -1 -1 -1 -1 -1 -1 16 24 -1 -1 21 20 19 18 -1 -1 
-1 0 -1 -1 4 5 6 -1 8 -1 -1 -1 -1 3 -1 -1 -1 -1 -1 9 1 -1 2 10 7 -1 -1 11 -1 -1 -1 13 -1 14 -1 15 -1 -1 12 -1 -1 -1 -1 -1 -1 -1 -1 -1 -1 -1 -1 28 17 -1 -1 -1 -1 -1 29 -1 -1 -1 27 26 -1 23 -1 22 -1 -1 25 -1 -1 -1 -1 -1 -1 -1 -1 -1 16 24 -1 -1 21 20 19 18 -1 -1 
-1 0 -1 -1 4 5 6 -1 8 -1 -1 -1 -1 3 -1 -1 -1 -1 -1 9 1 -1 2 10 7 -1 -1 11 -1 -1 -1 13 -1 14 -1 15 -1 -1 12 -1 -1 -1 -1 -1 -1 -1 -1 -1 -1 -1 -1 28 17 -1 -1 -1 -1 -1 29 -1 -1 -1 27 26 -1 23 -1 22 -1 -1 25 -1 -1 -1 -1 -1 -1 -1 -1 -1 16 -1 24 -1 21 20 19 18 -1 -1 
-1 0 -1 -1 4 5 6 -1 8 -1 -1 -1 -1 3 -1 -1 -1 -1 -1 -1 1 -1 2 10 7 -1 -1 11 9 -1 -1 13 -1 14 -1 15 -1 -1 12 -1 -1 -1 -1 -1 -1 -1 -1 -1 -1 -1 -1 28 17 -1 -1 -1 -1 -1 29 -1 -1 -1 27 26 -1 23 -1 22 -1 -1 25 -1 -1 -1 -1 -1 -1 -1 -1 -1 16 -1 24 -1 21 20 19 18 -1 -1 
-1 0 -1 -1 4 5 6 -1 8 -1 -1 -1 -1 3 -1 -1 -1 -1 -1 -1 1 -1 2 10 7 -1 -1 11 9 -1 -1 13 -1 14 -1 15 -1 -1 12 -1 -1 -1 -1 -1 -1 -1 24 -1 -1 -1 -1 28 17 -1 -1 -1 -1 -1 29 -1 -1 -1 27 26 -1 23 -1 22 -1 -1 25 -1 -1 -1 -1 -1 -1 -1 -1 -1 16 -1 -1 -1 21 20 19 18 -1 -1 
-1 0 -1 -1 4 5 6 -1 8 -1 -1 -1 -1 3 -1 -1 -1 -1 -1 -1 1 -1 2 10 7 -1 -1 11 9 -1 -1 13 -1 14 -1 -1 -1 -1 12 -1 -1 -1 -1 -1 15 -1 24 -1 -1 -1 -1 28 17 -1 -1 -1 -1 -1 29 -1 -1 -1 27 26 -1 23 -1 22 -1 -1 25 -1 -1 -1 -1 -1 -1 -1 -1 -1 16 -1 -1 -1 21 20 19 18 -1 -1 
-1 0 -1 -1 4 5 6 -1 8 -1 -1 -1 -1 3 -1 -1 -1 -1 -1 -1 1 -1 2 10 7 -1 -1 11 9 -1 -1 13 -1 14 -1 -1 -1 -1 12 -1 -1 -1 -1 -1 15 31 24 -1 -1 -1 -1 28 17 -1 -1 -1 -1 -1 29 -1 -1 -1 27 26 -1 23 -1 22 -1 -1 25 -1 -1 -1 -1 -1 -1 -1 -1 -1 16 -1 -1 -1 21 20 19 18 -1 -1 
-1 0 -1 -1 4 5 6 -1 8 -1 -1 -1 -1 3 -1 -1 -1 -1 -1 -1 1 -1 2 -1 7 -1 -1 11 9 -1 -1 13 -1 14 -1 -1 -1 -1 12 -1 -1 -1 -1 -1 15 31 24 -1 -1 -1 -1 28 17 -1 -1 -1 -1 -1 29 -1 -1 -1 27 26 -1 23 -1 22 10 -1 25 -1 -1 -1 -1 -1 -1 -1 -1 -1 16 -1 -1 -1 21 20 19 18 -1 -1 
-1 0 -1 -1 4 5 6 -1 8 -1 -1 -1 -1 3 -1 -1 -1 -1 -1 -1 1 -1 2 -1 7 -1 -1 11 9 -1 -1 13 -1 14 -1 -1 -1 -1 12 -1 -1 -1 -1 -1 15 31 24 30 -1 -1 -1 28 17 -1 -1 -1 -1 -1 29 -1 -1 -1 27 26 -1 23 -1 22 10 -1 25 -1 -1 -1 -1 -1 -1 -1 -1 -1 16 -1 -1 -1 21 20 19 18 -1 -1 
-1 0 -1 -1 4 5 6 -1 8 -1 -1 -1 -1 3 -1 -1 -1 -1 -1 -1 1 -1 2 -1 7 -1 -1 11 9 -1 -1 13 -1 14 -1 -1 -1 -1 -1 -1 -1 -1 -1 -1 15 31 24 12 -1 -1 -1 28 17 -1 -1 -1 -1 -1 29 -1 -1 -1 27 26 -1 23 -1 22 10 -1 25 -1 -1 -1 -1 -1 -1 -1 -1 -1 16 -1 -1 -1 21 20 19 18 -1 -1 
-1 0 -1 -1 4 5 6 -1 8 -1 -1 -1 -1 3 -1 -1 -1 -1 -1 -1 1 -1 2 -1 7 -1 -1 11 9 -1 -1 13 -1 14 -1 -1 -1 -1 -1 -1 -1 -1 -1 -1 15 31 -1 24 -1 -1 -1 28 17 -1 -1 -1 -1 -1 29 -1 -1 -1 27 26 -1 23 -1 22 10 -1 25 -1 -1 -1 -1 -1 -1 -1 -1 -1 16 -1 -1 -1 21 20 19 18 -1 -1 
-1 0 -1 -1 4 5 6 -1 8 -1 -1 -1 -1 3 -1 -1 -1 -1 -1 -1 1 -1 2 -1 7 -1 -1 11 9 -1 -1 13 -1 14 -1 -1 -1 -1 -1 -1 -1 -1 -1 -1 15 31 -1 24 -1 -1 -1 28 17 -1 -1 -1 -1 -1 29 -1 -1 -1 27 26 -1 10 -1 22 -1 -1 25 -1 -1 -1 -1 -1 -1 -1 -1 -1 16 -1 -1 -1 21 20 19 18 -1 -1 
-1 0 -1 -1 4 5 6 -1 8 -1 -1 -1 -1 3 -1 -1 -1 -1 -1 -1 1 -1 2 -1 7 -1 -1 11 9 -1 -1 13 -1 14 -1 -1 -1 -1 -1 -1 -1 -1 -1 -1 15 31 -1 -1 -1 -1 -1 28 17 -1 -1 -1 -1 -1 29 -1 -1 -1 27 26 -1 24 -1 22 -1 -1 25 -1 -1 -1 -1 -1 -1 -1 -1 -1 16 -1 -1 -1 21 20 19 18 -1 -1 
-1 0 -1 -1 4 5 6 -1 8 -1 -1 -1 -1 3 -1 -1 -1 -1 -1 -1 -1 -1 2 -1 7 -1 -1 11 9 -1 -1 13 -1 14 -1 -1 -1 -1 -1 1 -1 -1 -1 -1 15 31 -1 -1 -1 -1 -1 28 17 -1 -1 -1 -1 -1 29 -1 -1 -1 27 26 -1 24 -1 22 -1 -1 25 -1 -1 -1 -1 -1 -1 -1 -1 -1 16 -1 -1 -1 21 20 19 18 -1 -1 
-1 0 -1 -1 4 5 6 -1 8 -1 -1 -1 -1 3 -1 -1 -1 -1 -1 -1 -1 -1 2 -1 7 -1 -1 11 9 -1 -1 13 -1 14 -1 -1 -1 -1 -1 1 -1 -1 -1 -1 15 31 -1 -1 -1 -1 -1 28 17 -1 -1 -1 -1 -1 29 -1 -1 -1 27 26 24 -1 -1 22 -1 -1 25 -1 -1 -1 -1 -1 -1 -1 -1 -1 16 -1 -1 -1 21 20 19 18 -1 -1 
-1 0 -1 -1 4 5 6 -1 8 -1 -1 -1 -1 3 -1 -1 -1 -1 -1 -1 -1 -1 2 -1 7 -1 -1 11 -1 -1 -1 13 -1 14 -1 -1 -1 -1 -1 1 -1 -1 -1 -1 15 31 9 -1 -1 -1 -1 28 17 -1 -1 -1 -1 -1 29 -1 -1 -1 27 26 24 -1 -1 22 -1 -1 25 -1 -1 -1 -1 -1 -1 -1 -1 -1 16 -1 -1 -1 21 20 19 18 -1 -1 
-1 0 -1 -1 4 5 6 -1 8 -1 -1 -1 -1 3 -1 -1 -1 -1 -1 -1 -1 -1 2 -1 7 -1 -1 11 -1 -1 -1 13 -1 14 -1 -1 -1 -1 -1 1 -1 -1 -1 -1 15 31 9 -1 -1 -1 -1 28 17 -1 -1 -1 -1 -1 29 -1 -1 -1 27 26 24 -1 -1 22 -1 -1 25 -1 -1 -1 -1 16 -1 -1 -1 -1 -1 -1 -1 -1 21 20 19 18 -1 -1 
-1 0 -1 -1 4 5 6 -1 8 -1 -1 -1 -1 3 -1 -1 -1 -1 -1 -1 -1 -1 2 -1 7 -1 -1 11 -1 -1 -1 13 -1 14 -1 -1 -1 -1 -1 -1 -1 -1 -1 -1 15 31 9 -1 -1 -1 -1 28 17 -1 -1 -1 1 -1 29 -1 -1 -1 27 26 24 -1 -1 22 -1 -1 25 -1 -1 -1 -1 16 -1 -1 -1 -1 -1 -1 -1 -1 21 20 19 18 -1 -1 
-1 0 -1 -1 4 5 6 -1 8 -1 -1 -1 -1 3 -1 -1 -1 -1 -1 -1 -1 -1 2 -1 7 -1 -1 11 -1 -1 -1 13 -1 14 -1 -1 -1 -1 -1 -1 -1 -1 -1 -1 15 31 9 -1 16 -1 -1 28 17 -1 -1 -1 1 -1 29 -1 -1 -1 27 26 24 -1 -1 22 -1 -1 25 -1 -1 -1 -1 -1 -1 -1 -1 -1 -1 -1 -1 -1 21 20 19 18 -1 -1 
-1 0 -1 -1 4 5 6 -1 8 -1 -1 -1 -1 3 -1 -1 -1 -1 -1 -1 -1 -1 2 -1 7 -1 -1 11 -1 -1 -1 13 -1 14 -1 -1 -1 -1 -1 -1 -1 -1 -1 -1 15 31 9 -1 16 -1 -1 28 17 -1 -1 -1 -1 -1 29 -1 -1 -1 27 1 24 -1 -1 22 -1 -1 25 -1 -1 -1 -1 -1 -1 -1 -1 -1 -1 -1 -1 -1 21 20 19 18 -1 -1 
-1 0 -1 -1 4 5 6 -1 8 -1 -1 -1 -1 3 -1 -1 -1 -1 -1 -1 -1 -1 2 -1 7 -1 -1 11 -1 -1 -1 13 -1 14 -1 -1 -1 -1 -1 -1 -1 -1 -1 -1 15 31 9 -1 16 -1 -1 28 17 -1 -1 -1 -1 -1 29 -1 -1 -1 27 1 24 -1 -1 -1 -1 -1 25 -1 -1 -1 -1 -1 -1 -1 -1 -1 -1 -1 -1 22 21 20 19 18 -1 -1 
-1 0 -1 -1 4 5 6 -1 8 -1 -1 -1 -1 3 -1 -1 -1 -1 -1 -1 -1 -1 2 -1 7 -1 -1 11 -1 -1 -1 13 -1 14 -1 -1 -1 -1 -1 -1 -1 -1 -1 -1 -1 31 9 -1 16 -1 -1 28 17 15 -1 -1 -1 -1 29 -1 -1 -1 27 1 24 -1 -1 -1 -1 -1 25 -1 -1 -1 -1 -1 -1 -1 -1 -1 -1 -1 -1 22 21 20 19 18 -1 -1 
-1 0 -1 -1 4 5 6 -1 8 -1 -1 -1 -1 3 -1 -1 -1 -1 -1 -1 -1 -1 2 -1 7 -1 -1 11 -1 -1 -1 13 -1 17 -1 -1 -1 -1 -1 -1 -1 -1 -1 -1 -1 31 9 -1 16 -1 -1 28 -1 15 -1 -1 -1 -1 29 -1 -1 -1 27 1 24 -1 -1 -1 -1 -1 25 -1 -1 -1 -1 -1 -1 -1 -1 -1 -1 -1 -1 22 21 20 19 18 -1 -1 
-1 0 -1 -1 4 5 6 -1 -1 -1 -1 -1 -1 3 -1 -1 -1 -1 -1 -1 -1 -1 2 -1 7 -1 -1 11 -1 -1 -1 13 -1 17 -1 8 -1 -1 -1 -1 -1 -1 -1 -1 -1 31 9 -1 16 -1 -1 28 -1 15 -1 -1 -1 -1 29 -1 -1 -1 27 1 24 -1 -1 -1 -1 -1 25 -1 -1 -1 -1 -1 -1 -1 -1 -1 -1 -1 -1 22 21 20 19 18 -1 -1 
-1 0 -1 -1 4 5 6 -1 -1 -1 -1 -1 -1 3 -1 -1 -1 -1 -1 -1 -1 -1 2 -1 7 -1 -1 11 -1 -1 -1 13 -1 17 -1 8 -1 -1 -1 -1 -1 -1 -1 -1 -1 31 9 -1 16 -1 -1 28 -1 15 -1 -1 -1 -1 29 -1 -1 -1 27 1 24 -1 -1 -1 -1 25 -1 -1 -1 -1 -1 -1 -1 -1 -1 -1 -1 -1 -1 22 21 20 19 18 -1 -1 
-1 0 -1 -1 4 5 6 -1 -1 -1 -1 -1 -1 3 -1 -1 -1 -1 -1 -1 -1 -1 2 -1 7 -1 -1 11 -1 -1 -1 13 -1 17 -1 8 -1 9 -1 -1 -1 -1 -1 -1 -1 31 -1 -1 16 -1 -1 28 -1 15 -1 -1 -1 -1 29 -1 -1 -1 27 1 24 -1 -1 -1 -1 25 -1 -1 -1 -1 -1 -1 -1 -1 -1 -1 -1 -1 -1 22 21 20 19 18 -1 -1 
-1 0 -1 -1 4 5 6 -1 -1 -1 -1 -1 -1 3 -1 -1 -1 -1 -1 -1 -1 -1 2 -1 7 -1 -1 11 -1 -1 -1 13 -1 17 -1 8 -1 9 -1 16 -1 -1 -1 -1 -1 31 -1 -1 -1 -1 -1 28 -1 15 -1 -1 -1 -1 29 -1 -1 -1 27 1 24 -1 -1 -1 -1 25 -1 -1 -1 -1 -1 -1 -1 -1 -1 -1 -1 -1 -1 22 21 20 19 18 -1 -1 
-1 0 -1 -1 4 5 6 -1 -1 -1 -1 -1 -1 3 -1 -1 -1 -1 -1 -1 -1 -1 2 -1 7 -1 -1 11 -1 -1 -1 13 -1 17 -1 8 -1 -1 -1 16 -1 -1 -1 -1 -1 31 9 -1 -1 -1 -1 28 -1 15 -1 -1 -1 -1 29 -1 -1 -1 27 1 24 -1 -1 -1 -1 25 -1 -1 -1 -1 -1 -1 -1 -1 -1 -1 -1 -1 -1 22 21 20 19 18 -1 -1 
-1 0 -1 -1 4 5 6 -1 -1 -1 -1 -1 -1 3 -1 -1 -1 -1 -1 -1 -1 -1 2 -1 7 -1 -1 11 -1 -1 -1 13 -1 17 -1 8 -1 -1 -1 16 -1 -1 -1 -1 -1 31 9 -1 -1 -1 -1 28 -1 15 -1 -1 -1 -1 29 -1 -1 -1 27 1 24 -1 -1 -1 -1 25 -1 -1 -1 -1 -1 -1 21 -1 -1 -1 -1 -1 -1 22 -1 20 19 18 -1 -1 
-1 -1 -1 0 4 5 6 -1 -1 -1 -1 -1 -1 3 -1 -1 -1 -1 -1 -1 -1 -1 2 -1 7 -1 -1 11 -1 -1 -1 13 -1 17 -1 8 -1 -1 -1 16 -1 -1 -1 -1 -1 31 9 -1 -1 -1 -1 28 -1 15 -1 -1 -1 -1 29 -1 -1 -1 27 1 24 -1 -1 -1 -1 25 -1 -1 -1 -1 -1 -1 21 -1 -1 -1 -1 -1 -1 22 -1 20 19 18 -1 -1 
-1 -1 -1 0 4 5 6 -1 -1 -1 -1 -1 -1 3 -1 -1 -1 -1 -1 -1 -1 -1 2 -1 7 -1 -1 11 -1 -1 -1 13 -1 -1 -1 8 -1 -1 -1 16 -1 -1 -1 -1 -1 31 9 -1 -1 -1 17 28 -1 15 -1 -1 -1 -1 29 -1 -1 -1 27 1 24 -1 -1 -1 -1 25 -1 -1 -1 -1 -1 -1 21 -1 -1 -1 -1 -1 -1 22 -1 20 19 18 -1 -1 
-1 -1 -1 0 4 5 6 -1 -1 -1 -1 -1 -1 3 -1 -1 -1 -1 -1 -1 -1 -1 2 -1 7 -1 -1 11 -1 -1 -1 13 -1 -1 -1 8 -1 -1 -1 16 -1 -1 -1 -1 -1 31 -1 -1 -1 -1 17 9 -1 15 -1 -1 -1 -1 29 -1 -1 -1 27 1 24 -1 -1 -1 -1 25 -1 -1 -1 -1 -1 -1 21 -1 -1 -1 -1 -1 -1 22 -1 20 19 18 -1 -1 
-1 -1 -1 16 4 5 6 -1 -1 -1 -1 -1 -1 3 -1 -1 -1 -1 -1 -1 -1 -1 2 -1 7 -1 -1 11 -1 -1 -1 13 -1 -1 -1 8 -1 -1 -1 -1 -1 -1 -1 -1 -1 31 -1 -1 -1 -1 17 9 -1 15 -1 -1 -1 -1 29 -1 -1 -1 27 1 24 -1 -1 -1 -1 25 -1 -1 -1 -1 -1 -1 21 -1 -1 -1 -1 -1 -1 22 -1 20 19 18 -1 -1 
-1 -1 -1 3 4 5 6 -1 -1 -1 -1 -1 -1 -1 -1 -1 -1 -1 -1 -1 -1 -1 2 -1 7 -1 -1 11 -1 -1 -1 13 -1 -1 -1 8 -1 -1 -1 -1 -1 -1 -1 -1 -1 31 -1 -1 -1 -1 17 9 -1 15 -1 -1 -1 -1 29 -1 -1 -1 27 1 24 -1 -1 -1 -1 25 -1 -1 -1 -1 -1 -1 21 -1 -1 -1 -1 -1 -1 22 -1 20 19 18 -1 -1 
-1 -1 -1 3 4 5 6 -1 -1 -1 -1 -1 -1 -1 -1 -1 -1 -1 -1 -1 -1 -1 2 -1 25 -1 -1 11 -1 -1 -1 13 -1 -1 -1 8 -1 -1 -1 -1 -1 -1 -1 -1 -1 31 -1 -1 -1 -1 17 9 -1 15 -1 -1 -1 -1 29 -1 -1 -1 27 1 24 -1 -1 -1 -1 -1 -1 -1 -1 -1 -1 -1 21 -1 -1 -1 -1 -1 -1 22 -1 20 19 18 -1 -1 
-1 -1 -1 3 4 5 6 -1 -1 -1 -1 -1 -1 -1 -1 -1 -1 -1 -1 -1 -1 -1 2 -1 25 -1 -1 11 -1 -1 -1 13 -1 -1 -1 8 -1 -1 -1 -1 -1 -1 -1 -1 -1 31 1 -1 -1 -1 17 9 -1 15 -1 -1 -1 -1 29 -1 -1 -1 27 -1 24 -1 -1 -1 -1 -1 -1 -1 -1 -1 -1 -1 21 -1 -1 -1 -1 -1 -1 22 -1 20 19 18 -1 -1 
-1 -1 -1 3 4 5 6 -1 -1 -1 -1 -1 -1 -1 -1 -1 -1 -1 -1 -1 -1 -1 2 -1 -1 -1 -1 11 -1 -1 -1 13 -1 25 -1 8 -1 -1 -1 -1 -1 -1 -1 -1 -1 31 1 -1 -1 -1 17 9 -1 15 -1 -1 -1 -1 29 -1 -1 -1 27 -1 24 -1 -1 -1 -1 -1 -1 -1 -1 -1 -1 -1 21 -1 -1 -1 -1 -1 -1 22 -1 20 19 18 -1 -1 
-1 -1 -1 3 4 5 6 -1 -1 -1 -1 -1 -1 -1 -1 -1 -1 -1 -1 -1 -1 -1 2 -1 -1 -1 -1 11 -1 -1 -1 13 -1 25 -1 8 -1 -1 -1 -1 -1 -1 -1 -1 -1 31 1 -1 -1 -1 17 9 -1 -1 -1 -1 -1 -1 29 -1 -1 -1 15 -1 24 -1 -1 -1 -1 -1 -1 -1 -1 -1 -1 -1 21 -1 -1 -1 -1 -1 -1 22 -1 20 19 18 -1 -1 
-1 -1 -1 3 4 5 6 -1 -1 -1 -1 -1 -1 -1 -1 -1 -1 -1 -1 -1 -1 -1 2 -1 -1 -1 -1 11 -1 -1 -1 13 -1 25 -1 8 -1 -1 -1 -1 -1 -1 -1 -1 -1 31 1 -1 -1 -1 17 9 -1 -1 -1 -1 -1 -1 29 -1 -1 -1 15 -1 24 -1 -1 22 -1 -1 -1 -1 -1 -1 -1 -1 21 -1 -1 -1 -1 -1 -1 -1 -1 20 19 18 -1 -1 
-1 -1 -1 3 4 5 6 -1 -1 -1 -1 -1 -1 -1 -1 -1 -1 -1 -1 -1 -1 -1 2 -1 -1 -1 -1 11 -1 -1 -1 13 -1 25 -1 8 -1 -1 -1 -1 -1 -1 -1 -1 -1 31 1 -1 -1 -1 17 -1 -1 9 -1 -1 -1 -1 29 -1 -1 -1 15 -1 24 -1 -1 22 -1 -1 -1 -1 -1 -1 -1 -1 21 -1 -1 -1 -1 -1 -1 -1 -1 20 19 18 -1 -1 
-1 -1 -1 3 4 5 6 -1 -1 -1 -1 -1 -1 -1 -1 -1 -1 -1 -1 -1 -1 -1 2 -1 -1 -1 -1 11 -1 -1 -1 13 -1 25 -1 8 -1 -1 -1 -1 -1 -1 -1 -1 -1 31 1 22 -1 -1 17 -1 -1 9 -1 -1 -1 -1 29 -1 -1 -1 15 -1 24 -1 -1 -1 -1 -1 -1 -1 -1 -1 -1 -1 21 -1 -1 -1 -1 -1 -1 -1 -1 20 19 18 -1 -1 
-1 -1 -1 3 4 5 6 -1 -1 -1 -1 -1 -1 -1 -1 -1 -1 -1 -1 -1 -1 -1 2 -1 -1 -1 -1 11 -1 -1 -1 -1 -1 25 -1 8 -1 -1 -1 -1 13 -1 -1 -1 -1 31 1 22 -1 -1 17 -1 -1 9 -1 -1 -1 -1 29 -1 -1 -1 15 -1 24 -1 -1 -1 -1 -1 -1 -1 -1 -1 -1 -1 21 -1 -1 -1 -1 -1 -1 -1 -1 20 19 18 -1 -1 
-1 -1 -1 3 4 5 6 -1 -1 -1 -1 -1 -1 -1 -1 -1 -1 -1 -1 -1 -1 -1 2 -1 -1 -1 -1 11 -1 -1 -1 -1 -1 25 -1 8 -1 -1 -1 -1 13 -1 -1 -1 -1 31 1 22 -1 -1 17 -1 -1 9 -1 -1 -1 -1 29 -1 -1 -1 15 -1 24 -1 -1 -1 -1 -1 -1 -1 -1 -1 -1 -1 21 -1 -1 -1 -1 -1 -1 -1 20 -1 19 18 -1 -1 
-1 -1 -1 3 4 5 6 -1 -1 -1 -1 -1 -1 -1 -1 -1 -1 -1 -1 -1 -1 -1 2 -1 -1 -1 -1 11 -1 -1 -1 -1 -1 25 8 -1 -1 -1 -1 -1 13 -1 -1 -1 -1 31 1 22 -1 -1 17 -1 -1 9 -1 -1 -1 -1 29 -1 -1 -1 15 -1 24 -1 -1 -1 -1 -1 -1 -1 -1 -1 -1 -1 21 -1 -1 -1 -1 -1 -1 -1 20 -1 19 18 -1 -1 
-1 -1 -1 3 4 5 6 -1 -1 -1 -1 -1 -1 -1 -1 -1 -1 -1 -1 -1 -1 -1 2 -1 -1 -1 -1 11 -1 -1 -1 25 -1 -1 8 -1 -1 -1 -1 -1 13 -1 -1 -1 -1 31 1 22 -1 -1 17 -1 -1 9 -1 -1 -1 -1 29 -1 -1 -1 15 -1 24 -1 -1 -1 -1 -1 -1 -1 -1 -1 -1 -1 21 -1 -1 -1 -1 -1 -1 -1 20 -1 19 18 -1 -1 
-1 -1 -1 3 4 -1 6 -1 -1 -1 -1 -1 -1 5 -1 -1 -1 -1 -1 -1 -1 -1 2 -1 -1 -1 -1 11 -1 -1 -1 25 -1 -1 8 -1 -1 -1 -1 -1 13 -1 -1 -1 -1 31 1 22 -1 -1 17 -1 -1 9 -1 -1 -1 -1 29 -1 -1 -1 15 -1 24 -1 -1 -1 -1 -1 -1 -1 -1 -1 -1 -1 21 -1 -1 -1 -1 -1 -1 -1 20 -1 19 18 -1 -1 
-1 -1 -1 3 4 -1 6 -1 -1 -1 -1 -1 -1 5 -1 -1 -1 -1 -1 -1 -1 -1 2 -1 -1 -1 -1 11 -1 -1 -1 25 -1 -1 8 -1 -1 -1 -1 -1 13 -1 -1 -1 -1 31 1 22 -1 -1 17 -1 -1 9 -1 -1 -1 -1 29 -1 -1 -1 15 -1 -1 -1 -1 -1 -1 24 -1 -1 -1 -1 -1 -1 21 -1 -1 -1 -1 -1 -1 -1 20 -1 19 18 -1 -1 
-1 -1 -1 3 4 -1 6 -1 -1 -1 -1 -1 -1 5 -1 -1 -1 -1 -1 -1 -1 -1 2 -1 -1 -1 -1 11 -1 -1 -1 25 8 -1 -1 -1 -1 -1 -1 -1 13 -1 -1 -1 -1 31 1 22 -1 -1 17 -1 -1 9 -1 -1 -1 -1 29 -1 -1 -1 15 -1 -1 -1 -1 -1 -1 24 -1 -1 -1 -1 -1 -1 21 -1 -1 -1 -1 -1 -1 -1 20 -1 19 18 -1 -1 
-1 -1 -1 3 4 -1 24 -1 -1 -1 -1 -1 -1 5 -1 -1 -1 -1 -1 -1 -1 -1 2 -1 -1 -1 -1 11 -1 -1 -1 25 8 -1 -1 -1 -1 -1 -1 -1 13 -1 -1 -1 -1 31 1 22 -1 -1 17 -1 -1 9 -1 -1 -1 -1 29 -1 -1 -1 15 -1 -1 -1 -1 -1 -1 -1 -1 -1 -1 -1 -1 -1 21 -1 -1 -1 -1 -1 -1 -1 20 -1 19 18 -1 -1 
-1 -1 -1 3 4 8 24 -1 -1 -1 -1 -1 -1 5 -1 -1 -1 -1 -1 -1 -1 -1 2 -1 -1 -1 -1 11 -1 -1 -1 25 -1 -1 -1 -1 -1 -1 -1 -1 13 -1 -1 -1 -1 31 1 22 -1 -1 17 -1 -1 9 -1 -1 -1 -1 29 -1 -1 -1 15 -1 -1 -1 -1 -1 -1 -1 -1 -1 -1 -1 -1 -1 21 -1 -1 -1 -1 -1 -1 -1 20 -1 19 18 -1 -1 
-1 -1 -1 3 4 24 -1 -1 -1 -1 -1 -1 -1 5 -1 -1 -1 -1 -1 -1 -1 -1 2 -1 -1 -1 -1 11 -1 -1 -1 25 -1 -1 -1 -1 -1 -1 -1 -1 13 -1 -1 -1 -1 31 1 22 -1 -1 17 -1 -1 9 -1 -1 -1 -1 29 -1 -1 -1 15 -1 -1 -1 -1 -1 -1 -1 -1 -1 -1 -1 -1 -1 21 -1 -1 -1 -1 -1 -1 -1 20 -1 19 18 -1 -1 
-1 -1 -1 3 -1 4 -1 -1 -1 -1 -1 -1 -1 5 -1 -1 -1 -1 -1 -1 -1 -1 2 -1 -1 -1 -1 11 -1 -1 -1 25 -1 -1 -1 -1 -1 -1 -1 -1 13 -1 -1 -1 -1 31 1 22 -1 -1 17 -1 -1 9 -1 -1 -1 -1 29 -1 -1 -1 15 -1 -1 -1 -1 -1 -1 -1 -1 -1 -1 -1 -1 -1 21 -1 -1 -1 -1 -1 -1 -1 20 -1 19 18 -1 -1 
-1 -1 -1 3 -1 4 -1 -1 -1 -1 -1 -1 -1 5 -1 -1 -1 -1 -1 -1 -1 -1 2 -1 -1 -1 -1 11 -1 -1 -1 25 -1 17 -1 -1 -1 -1 -1 -1 13 -1 -1 -1 -1 31 1 22 -1 -1 -1 -1 -1 9 -1 -1 -1 -1 29 -1 -1 -1 15 -1 -1 -1 -1 -1 -1 -1 -1 -1 -1 -1 -1 -1 21 -1 -1 -1 -1 -1 -1 -1 20 -1 19 18 -1 -1 
-1 -1 -1 3 -1 4 -1 -1 -1 -1 -1 -1 -1 5 -1 -1 -1 -1 -1 -1 -1 -1 -1 -1 -1 -1 -1 11 -1 -1 -1 25 -1 17 -1 -1 -1 -1 -1 -1 13 -1 2 -1 -1 31 1 22 -1 -1 -1 -1 -1 9 -1 -1 -1 -1 29 -1 -1 -1 15 -1 -1 -1 -1 -1 -1 -1 -1 -1 -1 -1 -1 -1 21 -1 -1 -1 -1 -1 -1 -1 20 -1 19 18 -1 -1 
-1 -1 -1 3 -1 4 -1 -1 -1 -1 -1 -1 -1 5 -1 -1 -1 -1 -1 -1 -1 -1 -1 -1 -1 -1 -1 11 -1 -1 -1 25 -1 17 -1 -1 -1 -1 -1 -1 13 -1 2 -1 -1 31 1 22 -1 -1 -1 -1 -1 9 -1 -1 -1 -1 29 -1 -1 -1 15 -1 -1 -1 -1 -1 -1 -1 -1 -1 -1 -1 -1 -1 21 -1 -1 -1 -1 -1 -1 -1 -1 20 19 18 -1 -1 
-1 -1 -1 3 -1 4 -1 -1 -1 -1 -1 -1 -1 5 -1 -1 -1 -1 -1 -1 -1 -1 -1 -1 -1 -1 -1 11 -1 -1 -1 25 -1 17 -1 -1 -1 -1 -1 -1 -1 -1 2 -1 -1 31 1 22 -1 13 -1 -1 -1 9 -1 -1 -1 -1 29 -1 -1 -1 15 -1 -1 -1 -1 -1 -1 -1 -1 -1 -1 -1 -1 -1 21 -1 -1 -1 -1 -1 -1 -1 -1 20 19 18 -1 -1 
-1 -1 -1 3 -1 4 -1 -1 -1 -1 -1 -1 -1 5 -1 -1 -1 -1 -1 -1 -1 -1 -1 -1 -1 -1 -1 11 -1 -1 -1 25 -1 17 -1 -1 -1 -1 -1 -1 -1 -1 2 -1 -1 31 1 22 -1 29 -1 -1 -1 9 -1 -1 -1 -1 -1 -1 -1 -1 15 -1 -1 -1 -1 -1 -1 -1 -1 -1 -1 -1 -1 -1 21 -1 -1 -1 -1 -1 -1 -1 -1 20 19 18 -1 -1 
-1 -1 -1 3 -1 4 -1 -1 -1 -1 -1 -1 -1 5 -1 -1 -1 -1 -1 -1 -1 -1 -1 -1 -1 -1 -1 11 -1 -1 -1 25 -1 17 -1 -1 -1 -1 -1 -1 -1 -1 2 -1 -1 31 1 9 -1 29 -1 -1 -1 -1 -1 -1 -1 -1 -1 -1 -1 -1 15 -1 -1 -1 -1 -1 -1 -1 -1 -1 -1 -1 -1 -1 21 -1 -1 -1 -1 -1 -1 -1 -1 20 19 18 -1 -1 
-1 -1 -1 3 -1 4 -1 -1 -1 -1 -1 -1 -1 5 -1 -1 17 -1 -1 -1 -1 -1 -1 -1 -1 -1 -1 11 -1 -1 -1 25 -1 -1 -1 -1 -1 -1 -1 -1 -1 -1 2 -1 -1 31 1 9 -1 29 -1 -1 -1 -1 -1 -1 -1 -1 -1 -1 -1 -1 15 -1 -1 -1 -1 -1 -1 -1 -1 -1 -1 -1 -1 -1 21 -1 -1 -1 -1 -1 -1 -1 -1 20 19 18 -1 -1 
-1 -1 -1 3 -1 -1 -1 -1 -1 -1 -1 -1 -1 5 4 -1 17 -1 -1 -1 -1 -1 -1 -1 -1 -1 -1 11 -1 -1 -1 25 -1 -1 -1 -1 -1 -1 -1 -1 -1 -1 2 -1 -1 31 1 9 -1 29 -1 -1 -1 -1 -1 -1 -1 -1 -1 -1 -1 -1 15 -1 -1 -1 -1 -1 -1 -1 -1 -1 -1 -1 -1 -1 21 -1 -1 -1 -1 -1 -1 -1 -1 20 19 18 -1 -1 
-1 -1 -1 3 -1 -1 -1 -1 -1 -1 -1 -1 -1 5 4 -1 17 -1 -1 -1 -1 -1 -1 -1 -1 -1 -1 11 -1 -1 -1 -1 -1 -1 -1 25 -1 -1 -1 -1 -1 -1 2 -1 -1 31 1 9 -1 29 -1 -1 -1 -1 -1 -1 -1 -1 -1 -1 -1 -1 15 -1 -1 -1 -1 -1 -1 -1 -1 -1 -1 -1 -1 -1 21 -1 -1 -1 -1 -1 -1 -1 -1 20 19 18 -1 -1 
-1 -1 -1 3 -1 -1 -1 -1 -1 -1 -1 -1 -1 5 4 -1 17 -1 -1 -1 -1 -1 -1 -1 -1 -1 2 11 -1 -1 -1 -1 -1 -1 -1 25 -1 -1 -1 -1 -1 -1 -1 -1 -1 31 1 9 -1 29 -1 -1 -1 -1 -1 -1 -1 -1 -1 -1 -1 -1 15 -1 -1 -1 -1 -1 -1 -1 -1 -1 -1 -1 -1 -1 21 -1 -1 -1 -1 -1 -1 -1 -1 20 19 18 -1 -1 
-1 -1 -1 3 -1 -1 -1 -1 -1 -1 -1 -1 -1 5 4 -1 -1 -1 -1 -1 -1 -1 -1 -1 -1 -1 2 11 -1 -1 -1 -1 -1 17 -1 25 -1 -1 -1 -1 -1 -1 -1 -1 -1 31 1 9 -1 29 -1 -1 -1 -1 -1 -1 -1 -1 -1 -1 -1 -1 15 -1 -1 -1 -1 -1 -1 -1 -1 -1 -1 -1 -1 -1 21 -1 -1 -1 -1 -1 -1 -1 -1 20 19 18 -1 -1 
-1 -1 -1 3 -1 4 -1 -1 -1 -1 -1 -1 -1 5 -1 -1 -1 -1 -1 -1 -1 -1 -1 -1 -1 -1 2 11 -1 -1 -1 -1 -1 17 -1 25 -1 -1 -1 -1 -1 -1 -1 -1 -1 31 1 9 -1 29 -1 -1 -1 -1 -1 -1 -1 -1 -1 -1 -1 -1 15 -1 -1 -1 -1 -1 -1 -1 -1 -1 -1 -1 -1 -1 21 -1 -1 -1 -1 -1 -1 -1 -1 20 19 18 -1 -1 
-1 -1 -1 3 -1 4 -1 -1 -1 -1 -1 -1 -1 5 -1 -1 -1 -1 -1 -1 -1 -1 -1 -1 -1 -1 17 11 -1 -1 -1 -1 -1 -1 -1 25 -1 -1 -1 -1 -1 -1 -1 -1 -1 31 1 9 -1 29 -1 -1 -1 -1 -1 -1 -1 -1 -1 -1 -1 -1 15 -1 -1 -1 -1 -1 -1 -1 -1 -1 -1 -1 -1 -1 21 -1 -1 -1 -1 -1 -1 -1 -1 20 19 18 -1 -1 
-1 -1 -1 3 -1 4 -1 -1 -1 -1 -1 -1 -1 5 -1 -1 -1 -1 -1 -1 -1 -1 -1 -1 -1 -1 17 11 -1 -1 -1 -1 -1 -1 -1 25 -1 -1 -1 -1 -1 -1 -1 -1 -1 9 1 -1 -1 29 -1 -1 -1 -1 -1 -1 -1 -1 -1 -1 -1 -1 15 -1 -1 -1 -1 -1 -1 -1 -1 -1 -1 -1 -1 -1 21 -1 -1 -1 -1 -1 -1 -1 -1 20 19 18 -1 -1 
-1 -1 -1 3 -1 4 -1 -1 -1 -1 -1 -1 -1 5 -1 -1 -1 -1 -1 -1 -1 -1 -1 -1 -1 -1 17 11 -1 -1 -1 -1 -1 -1 -1 25 -1 -1 -1 -1 29 -1 -1 -1 -1 9 1 -1 -1 -1 -1 -1 -1 -1 -1 -1 -1 -1 -1 -1 -1 -1 15 -1 -1 -1 -1 -1 -1 -1 -1 -1 -1 -1 -1 -1 21 -1 -1 -1 -1 -1 -1 -1 -1 20 19 18 -1 -1 
-1 -1 -1 3 -1 4 -1 -1 -1 -1 -1 -1 -1 5 -1 -1 -1 -1 -1 -1 -1 -1 -1 -1 -1 -1 17 11 -1 -1 -1 -1 -1 -1 -1 25 -1 -1 -1 -1 29 -1 -1 -1 -1 9 -1 -1 -1 -1 -1 -1 -1 -1 -1 -1 -1 1 -1 -1 -1 -1 15 -1 -1 -1 -1 -1 -1 -1 -1 -1 -1 -1 -1 -1 21 -1 -1 -1 -1 -1 -1 -1 -1 20 19 18 -1 -1 
-1 -1 -1 3 -1 4 -1 -1 -1 -1 -1 -1 -1 5 -1 -1 -1 -1 -1 -1 -1 -1 -1 -1 -1 -1 17 11 -1 -1 -1 29 -1 -1 -1 25 -1 -1 -1 -1 -1 -1 -1 -1 -1 9 -1 -1 -1 -1 -1 -1 -1 -1 -1 -1 -1 1 -1 -1 -1 -1 15 -1 -1 -1 -1 -1 -1 -1 -1 -1 -1 -1 -1 -1 21 -1 -1 -1 -1 -1 -1 -1 -1 20 19 18 -1 -1 
-1 -1 -1 3 -1 4 -1 -1 -1 -1 -1 -1 -1 5 -1 -1 -1 -1 -1 -1 -1 -1 -1 -1 -1 -1 17 11 -1 -1 -1 29 -1 -1 -1 25 -1 -1 -1 -1 -1 -1 -1 -1 -1 -1 -1 -1 -1 9 -1 -1 -1 -1 -1 -1 -1 1 -1 -1 -1 -1 15 -1 -1 -1 -1 -1 -1 -1 -1 -1 -1 -1 -1 -1 21 -1 -1 -1 -1 -1 -1 -1 -1 20 19 18 -1 -1 
-1 -1 -1 3 -1 4 -1 -1 -1 -1 -1 -1 -1 5 -1 -1 -1 -1 -1 -1 -1 -1 -1 -1 -1 -1 17 11 -1 -1 -1 29 -1 -1 -1 25 -1 -1 -1 -1 -1 -1 -1 -1 -1 -1 -1 -1 -1 9 -1 -1 -1 -1 -1 -1 -1 1 -1 -1 -1 -1 15 -1 -1 -1 -1 -1 -1 -1 -1 -1 -1 -1 -1 -1 21 -1 -1 -1 -1 -1 -1 -1 20 -1 19 18 -1 -1 
-1 -1 -1 3 -1 4 -1 -1 -1 -1 -1 -1 -1 5 -1 -1 -1 -1 -1 -1 -1 -1 -1 -1 -1 -1 17 11 -1 -1 -1 29 -1 -1 -1 25 -1 -1 -1 -1 -1 -1 -1 -1 -1 -1 -1 -1 9 -1 -1 -1 -1 -1 -1 -1 -1 1 -1 -1 -1 -1 15 -1 -1 -1 -1 -1 -1 -1 -1 -1 -1 -1 -1 -1 21 -1 -1 -1 -1 -1 -1 -1 20 -1 19 18 -1 -1 
-1 -1 -1 3 -1 4 -1 -1 -1 -1 -1 -1 -1 5 -1 -1 -1 -1 -1 -1 -1 -1 -1 -1 -1 -1 17 11 -1 -1 -1 29 -1 -1 -1 25 -1 -1 -1 -1 -1 -1 -1 -1 -1 -1 -1 -1 9 -1 -1 -1 -1 -1 -1 -1 -1 1 -1 -1 -1 -1 15 -1 -1 -1 -1 -1 -1 -1 -1 -1 -1 -1 -1 -1 21 -1 -1 -1 -1 -1 -1 -1 -1 20 19 18 -1 -1 
-1 -1 -1 3 -1 4 -1 -1 -1 -1 -1 -1 -1 5 -1 -1 -1 -1 -1 -1 -1 -1 -1 -1 -1 -1 17 11 -1 -1 -1 29 -1 -1 -1 25 -1 -1 -1 -1 -1 -1 -1 -1 -1 -1 -1 -1 9 -1 -1 -1 -1 -1 -1 -1 -1 -1 -1 -1 -1 -1 15 -1 -1 -1 -1 -1 -1 -1 -1 -1 -1 -1 1 -1 21 -1 -1 -1 -1 -1 -1 -1 -1 20 19 18 -1 -1 
-1 -1 -1 3 -1 4 -1 -1 -1 -1 -1 -1 -1 5 -1 -1 -1 -1 -1 -1 -1 -1 -1 -1 -1 -1 17 11 -1 -1 -1 29 -1 -1 -1 25 -1 -1 -1 -1 -1 -1 -1 -1 -1 -1 -1 -1 9 -1 -1 -1 -1 -1 -1 -1 -1 -1 -1 -1 -1 -1 15 -1 -1 -1 -1 -1 -1 -1 -1 -1 -1 -1 1 -1 21 -1 -1 -1 -1 -1 -1 -1 20 -1 19 18 -1 -1 
-1 -1 -1 3 -1 4 -1 -1 -1 -1 -1 -1 -1 5 -1 -1 -1 -1 -1 -1 -1 -1 -1 -1 -1 -1 17 11 -1 -1 -1 29 -1 -1 -1 25 -1 -1 -1 -1 -1 -1 -1 -1 -1 -1 -1 -1 9 -1 -1 -1 -1 -1 -1 -1 -1 1 -1 -1 -1 -1 15 -1 -1 -1 -1 -1 -1 -1 -1 -1 -1 -1 -1 -1 21 -1 -1 -1 -1 -1 -1 -1 20 -1 19 18 -1 -1 
-1 -1 -1 3 -1 4 -1 -1 -1 -1 -1 -1 -1 5 -1 -1 -1 -1 -1 -1 -1 -1 -1 -1 -1 -1 17 11 -1 -1 -1 29 -1 -1 -1 25 -1 -1 -1 -1 -1 -1 -1 -1 -1 -1 -1 -1 9 -1 -1 -1 -1 -1 -1 -1 -1 1 -1 -1 -1 -1 15 -1 -1 -1 -1 -1 -1 -1 -1 -1 -1 -1 -1 -1 21 -1 -1 -1 -1 -1 -1 -1 -1 20 19 18 -1 -1 
-1 -1 -1 3 -1 4 -1 -1 -1 -1 -1 -1 -1 5 -1 -1 -1 -1 -1 -1 -1 -1 -1 -1 -1 -1 17 11 -1 -1 -1 29 -1 -1 -1 25 -1 -1 -1 -1 -1 -1 -1 -1 -1 -1 -1 -1 -1 9 -1 -1 -1 -1 -1 -1 -1 1 -1 -1 -1 -1 15 -1 -1 -1 -1 -1 -1 -1 -1 -1 -1 -1 -1 -1 21 -1 -1 -1 -1 -1 -1 -1 -1 20 19 18 -1 -1 
-1 -1 -1 3 -1 4 -1 -1 -1 -1 -1 -1 -1 5 -1 -1 -1 -1 -1 -1 -1 -1 -1 -1 -1 -1 17 11 -1 -1 -1 29 -1 -1 -1 25 -1 -1 -1 -1 -1 -1 -1 -1 -1 -1 -1 -1 -1 9 -1 -1 -1 -1 -1 -1 -1 1 -1 -1 -1 -1 15 -1 -1 -1 -1 -1 -1 -1 -1 -1 -1 -1 -1 -1 21 -1 -1 -1 -1 -1 -1 -1 20 -1 19 18 -1 -1 
-1 -1 -1 3 -1 4 -1 -1 -1 -1 -1 -1 -1 5 -1 -1 -1 -1 -1 -1 -1 -1 -1 -1 -1 -1 17 11 -1 -1 -1 29 -1 -1 -1 25 -1 -1 -1 -1 1 -1 -1 -1 -1 -1 -1 -1 -1 9 -1 -1 -1 -1 -1 -1 -1 -1 -1 -1 -1 -1 15 -1 -1 -1 -1 -1 -1 -1 -1 -1 -1 -1 -1 -1 21 -1 -1 -1 -1 -1 -1 -1 20 -1 19 18 -1 -1 
-1 -1 -1 3 -1 4 -1 17 -1 -1 -1 -1 -1 5 -1 -1 -1 -1 -1 -1 -1 -1 -1 -1 -1 -1 -1 11 -1 -1 -1 29 -1 -1 -1 25 -1 -1 -1 -1 1 -1 -1 -1 -1 -1 -1 -1 -1 9 -1 -1 -1 -1 -1 -1 -1 -1 -1 -1 -1 -1 15 -1 -1 -1 -1 -1 -1 -1 -1 -1 -1 -1 -1 -1 21 -1 -1 -1 -1 -1 -1 -1 20 -1 19 18 -1 -1 
-1 -1 -1 3 4 -1 -1 17 -1 -1 -1 -1 -1 5 -1 -1 -1 -1 -1 -1 -1 -1 -1 -1 -1 -1 -1 11 -1 -1 -1 29 -1 -1 -1 25 -1 -1 -1 -1 1 -1 -1 -1 -1 -1 -1 -1 -1 9 -1 -1 -1 -1 -1 -1 -1 -1 -1 -1 -1 -1 15 -1 -1 -1 -1 -1 -1 -1 -1 -1 -1 -1 -1 -1 21 -1 -1 -1 -1 -1 -1 -1 20 -1 19 18 -1 -1 
-1 -1 -1 3 4 -1 -1 17 25 -1 -1 -1 -1 5 -1 -1 -1 -1 -1 -1 -1 -1 -1 -1 -1 -1 -1 11 -1 -1 -1 29 -1 -1 -1 -1 -1 -1 -1 -1 1 -1 -1 -1 -1 -1 -1 -1 -1 9 -1 -1 -1 -1 -1 -1 -1 -1 -1 -1 -1 -1 15 -1 -1 -1 -1 -1 -1 -1 -1 -1 -1 -1 -1 -1 21 -1 -1 -1 -1 -1 -1 -1 20 -1 19 18 -1 -1 
-1 -1 -1 3 4 5 -1 17 25 -1 -1 -1 -1 -1 -1 -1 -1 -1 -1 -1 -1 -1 -1 -1 -1 -1 -1 11 -1 -1 -1 29 -1 -1 -1 -1 -1 -1 -1 -1 1 -1 -1 -1 -1 -1 -1 -1 -1 9 -1 -1 -1 -1 -1 -1 -1 -1 -1 -1 -1 -1 15 -1 -1 -1 -1 -1 -1 -1 -1 -1 -1 -1 -1 -1 21 -1 -1 -1 -1 -1 -1 -1 20 -1 19 18 -1 -1 
-1 -1 -1 3 4 5 -1 -1 25 -1 -1 -1 -1 -1 -1 -1 -1 -1 -1 -1 -1 -1 -1 -1 -1 -1 17 11 -1 -1 -1 29 -1 -1 -1 -1 -1 -1 -1 -1 1 -1 -1 -1 -1 -1 -1 -1 -1 9 -1 -1 -1 -1 -1 -1 -1 -1 -1 -1 -1 -1 15 -1 -1 -1 -1 -1 -1 -1 -1 -1 -1 -1 -1 -1 21 -1 -1 -1 -1 -1 -1 -1 20 -1 19 18 -1 -1 
-1 -1 -1 3 4 -1 -1 -1 25 -1 -1 -1 -1 5 -1 -1 -1 -1 -1 -1 -1 -1 -1 -1 -1 -1 17 11 -1 -1 -1 29 -1 -1 -1 -1 -1 -1 -1 -1 1 -1 -1 -1 -1 -1 -1 -1 -1 9 -1 -1 -1 -1 -1 -1 -1 -1 -1 -1 -1 -1 15 -1 -1 -1 -1 -1 -1 -1 -1 -1 -1 -1 -1 -1 21 -1 -1 -1 -1 -1 -1 -1 20 -1 19 18 -1 -1 
-1 -1 -1 3 4 -1 -1 -1 25 -1 -1 -1 -1 5 -1 -1 -1 -1 -1 -1 -1 -1 -1 -1 -1 -1 17 11 -1 -1 -1 -1 29 -1 -1 -1 -1 -1 -1 -1 1 -1 -1 -1 -1 -1 -1 -1 -1 9 -1 -1 -1 -1 -1 -1 -1 -1 -1 -1 -1 -1 15 -1 -1 -1 -1 -1 -1 -1 -1 -1 -1 -1 -1 -1 21 -1 -1 -1 -1 -1 -1 -1 20 -1 19 18 -1 -1 
-1 -1 -1 3 4 -1 -1 -1 25 -1 -1 -1 -1 5 -1 -1 -1 -1 -1 -1 -1 -1 -1 -1 -1 -1 17 11 -1 -1 -1 -1 29 -1 -1 -1 -1 -1 -1 -1 1 -1 -1 -1 -1 -1 -1 -1 -1 9 -1 -1 -1 -1 -1 -1 -1 -1 -1 -1 -1 15 -1 -1 -1 -1 -1 -1 -1 -1 -1 -1 -1 -1 -1 -1 21 -1 -1 -1 -1 -1 -1 -1 20 -1 19 18 -1 -1 
-1 -1 -1 3 4 -1 -1 -1 25 -1 -1 -1 -1 5 -1 17 -1 -1 -1 -1 -1 -1 -1 -1 -1 -1 -1 11 -1 -1 -1 -1 29 -1 -1 -1 -1 -1 -1 -1 1 -1 -1 -1 -1 -1 -1 -1 -1 9 -1 -1 -1 -1 -1 -1 -1 -1 -1 -1 -1 15 -1 -1 -1 -1 -1 -1 -1 -1 -1 -1 -1 -1 -1 -1 21 -1 -1 -1 -1 -1 -1 -1 20 -1 19 18 -1 -1 
-1 -1 -1 3 -1 4 -1 -1 25 -1 -1 -1 -1 5 -1 17 -1 -1 -1 -1 -1 -1 -1 -1 -1 -1 -1 11 -1 -1 -1 -1 29 -1 -1 -1 -1 -1 -1 -1 1 -1 -1 -1 -1 -1 -1 -1 -1 9 -1 -1 -1 -1 -1 -1 -1 -1 -1 -1 -1 15 -1 -1 -1 -1 -1 -1 -1 -1 -1 -1 -1 -1 -1 -1 21 -1 -1 -1 -1 -1 -1 -1 20 -1 19 18 -1 -1 
-1 -1 -1 3 -1 4 -1 -1 -1 -1 -1 -1 -1 5 -1 17 -1 -1 -1 -1 -1 -1 -1 -1 -1 -1 -1 11 -1 -1 -1 -1 29 -1 -1 -1 -1 -1 -1 -1 1 -1 -1 -1 25 -1 -1 -1 -1 9 -1 -1 -1 -1 -1 -1 -1 -1 -1 -1 -1 15 -1 -1 -1 -1 -1 -1 -1 -1 -1 -1 -1 -1 -1 -1 21 -1 -1 -1 -1 -1 -1 -1 20 -1 19 18 -1 -1 
-1 -1 -1 3 -1 -1 -1 -1 -1 -1 -1 -1 -1 5 4 17 -1 -1 -1 -1 -1 -1 -1 -1 -1 -1 -1 11 -1 -1 -1 -1 29 -1 -1 -1 -1 -1 -1 -1 1 -1 -1 -1 25 -1 -1 -1 -1 9 -1 -1 -1 -1 -1 -1 -1 -1 -1 -1 -1 15 -1 -1 -1 -1 -1 -1 -1 -1 -1 -1 -1 -1 -1 -1 21 -1 -1 -1 -1 -1 -1 -1 20 -1 19 18 -1 -1 
-1 -1 -1 3 -1 -1 -1 -1 -1 -1 -1 -1 -1 5 4 17 -1 -1 -1 -1 -1 -1 -1 -1 -1 -1 -1 11 -1 -1 -1 -1 29 -1 -1 -1 -1 -1 -1 -1 1 25 -1 -1 -1 -1 -1 -1 -1 9 -1 -1 -1 -1 -1 -1 -1 -1 -1 -1 -1 15 -1 -1 -1 -1 -1 -1 -1 -1 -1 -1 -1 -1 -1 -1 21 -1 -1 -1 -1 -1 -1 -1 20 -1 19 18 -1 -1 
-1 -1 -1 3 -1 -1 -1 -1 -1 -1 -1 -1 -1 -1 4 17 -1 -1 -1 -1 -1 -1 -1 5 -1 -1 -1 11 -1 -1 -1 -1 29 -1 -1 -1 -1 -1 -1 -1 1 25 -1 -1 -1 -1 -1 -1 -1 9 -1 -1 -1 -1 -1 -1 -1 -1 -1 -1 -1 15 -1 -1 -1 -1 -1 -1 -1 -1 -1 -1 -1 -1 -1 -1 21 -1 -1 -1 -1 -1 -1 -1 20 -1 19 18 -1 -1 
-1 -1 -1 3 -1 -1 -1 -1 -1 -1 -1 -1 -1 -1 4 -1 -1 -1 -1 -1 -1 -1 -1 5 -1 -1 -1 11 -1 -1 -1 -1 29 -1 17 -1 -1 -1 -1 -1 1 25 -1 -1 -1 -1 -1 -1 -1 9 -1 -1 -1 -1 -1 -1 -1 -1 -1 -1 -1 15 -1 -1 -1 -1 -1 -1 -1 -1 -1 -1 -1 -1 -1 -1 21 -1 -1 -1 -1 -1 -1 -1 20 -1 19 18 -1 -1 
-1 -1 -1 3 -1 -1 -1 -1 -1 -1 -1 -1 -1 4 -1 -1 -1 -1 -1 -1 -1 -1 -1 5 -1 -1 -1 11 -1 -1 -1 -1 29 -1 17 -1 -1 -1 -1 -1 1 25 -1 -1 -1 -1 -1 -1 -1 9 -1 -1 -1 -1 -1 -1 -1 -1 -1 -1 -1 15 -1 -1 -1 -1 -1 -1 -1 -1 -1 -1 -1 -1 -1 -1 21 -1 -1 -1 -1 -1 -1 -1 20 -1 19 18 -1 -1 
-1 -1 -1 3 -1 -1 -1 -1 -1 -1 -1 -1 -1 4 -1 -1 -1 -1 -1 -1 -1 -1 -1 29 -1 -1 -1 11 -1 -1 -1 -1 -1 -1 17 -1 -1 -1 -1 -1 1 25 -1 -1 -1 -1 -1 -1 -1 9 -1 -1 -1 -1 -1 -1 -1 -1 -1 -1 -1 15 -1 -1 -1 -1 -1 -1 -1 -1 -1 -1 -1 -1 -1 -1 21 -1 -1 -1 -1 -1 -1 -1 20 -1 19 18 -1 -1 
-1 -1 -1 3 -1 -1 -1 -1 -1 -1 -1 -1 -1 4 -1 -1 -1 -1 -1 -1 -1 -1 -1 29 -1 -1 -1 11 -1 -1 -1 -1 -1 -1 17 -1 -1 -1 -1 -1 1 25 -1 -1 -1 -1 -1 -1 9 -1 -1 -1 -1 -1 -1 -1 -1 -1 -1 -1 -1 15 -1 -1 -1 -1 -1 -1 -1 -1 -1 -1 -1 -1 -1 -1 21 -1 -1 -1 -1 -1 -1 -1 20 -1 19 18 -1 -1 
-1 -1 -1 3 -1 -1 -1 -1 -1 -1 -1 -1 -1 4 -1 -1 -1 -1 -1 -1 -1 -1 -1 29 -1 -1 -1 11 -1 -1 -1 -1 -1 -1 17 -1 -1 -1 -1 -1 1 25 -1 -1 -1 -1 -1 -1 9 -1 -1 -1 -1 -1 -1 -1 -1 -1 -1 -1 -1 15 -1 -1 -1 -1 -1 18 -1 -1 -1 -1 -1 -1 -1 -1 21 -1 -1 -1 -1 -1 -1 -1 20 -1 19 -1 -1 -1 
-1 -1 -1 3 -1 -1 -1 -1 -1 -1 -1 -1 -1 4 -1 -1 -1 -1 -1 -1 -1 -1 -1 29 -1 -1 -1 11 -1 -1 -1 -1 -1 -1 17 -1 -1 -1 -1 -1 -1 25 -1 -1 -1 -1 -1 -1 9 -1 -1 -1 -1 -1 -1 -1 -1 -1 -1 1 -1 15 -1 -1 -1 -1 -1 18 -1 -1 -1 -1 -1 -1 -1 -1 21 -1 -1 -1 -1 -1 -1 -1 20 -1 19 -1 -1 -1 
-1 -1 -1 3 -1 -1 -1 -1 -1 -1 -1 -1 -1 4 -1 -1 -1 -1 -1 -1 -1 -1 -1 29 -1 -1 -1 11 -1 -1 -1 -1 -1 -1 17 -1 -1 -1 -1 -1 -1 25 -1 -1 -1 -1 -1 -1 9 -1 -1 -1 -1 -1 -1 -1 -1 -1 -1 1 -1 15 -1 -1 -1 -1 -1 18 -1 -1 -1 -1 -1 -1 -1 -1 21 -1 -1 -1 -1 -1 -1 -1 -1 20 19 -1 -1 -1 
-1 -1 -1 3 -1 -1 -1 -1 -1 -1 -1 -1 -1 4 -1 -1 -1 -1 -1 -1 -1 -1 -1 29 -1 -1 -1 11 -1 -1 -1 -1 -1 -1 17 -1 -1 -1 -1 -1 -1 25 -1 -1 -1 -1 -1 -1 -1 9 -1 -1 -1 -1 -1 -1 -1 -1 -1 1 -1 15 -1 -1 -1 -1 -1 18 -1 -1 -1 -1 -1 -1 -1 -1 21 -1 -1 -1 -1 -1 -1 -1 -1 20 19 -1 -1 -1 
-1 -1 -1 3 -1 -1 -1 -1 -1 -1 -1 -1 -1 4 -1 -1 -1 -1 -1 -1 -1 -1 -1 29 -1 -1 -1 11 -1 -1 -1 -1 -1 -1 17 -1 -1 -1 -1 -1 -1 25 -1 -1 -1 -1 -1 -1 -1 9 -1 -1 -1 -1 -1 -1 -1 -1 -1 1 -1 15 -1 -1 -1 -1 -1 18 -1 -1 -1 -1 -1 -1 -1 -1 21 -1 -1 -1 -1 -1 -1 -1 20 -1 19 -1 -1 -1 
-1 -1 -1 3 -1 -1 -1 -1 -1 -1 -1 -1 -1 4 -1 -1 -1 -1 -1 -1 -1 -1 -1 29 -1 -1 -1 11 -1 -1 -1 -1 -1 -1 17 -1 -1 -1 -1 -1 -1 25 -1 -1 -1 -1 -1 -1 9 -1 -1 -1 -1 -1 -1 -1 -1 -1 -1 1 -1 15 -1 -1 -1 -1 -1 18 -1 -1 -1 -1 -1 -1 -1 -1 21 -1 -1 -1 -1 -1 -1 -1 20 -1 19 -1 -1 -1 
-1 -1 -1 3 -1 -1 -1 -1 -1 -1 -1 -1 -1 4 -1 -1 -1 -1 -1 -1 -1 -1 -1 29 -1 -1 -1 11 -1 -1 -1 -1 -1 -1 17 -1 -1 -1 -1 -1 -1 25 -1 -1 -1 -1 -1 -1 9 -1 -1 -1 -1 -1 -1 -1 -1 -1 -1 1 -1 15 -1 -1 -1 -1 -1 18 -1 -1 -1 -1 -1 -1 -1 -1 21 -1 -1 -1 -1 -1 -1 -1 -1 20 19 -1 -1 -1 
-1 -1 -1 3 -1 -1 -1 -1 -1 -1 -1 -1 -1 4 -1 -1 -1 -1 -1 -1 -1 -1 -1 29 -1 -1 -1 11 -1 -1 -1 -1 -1 -1 17 -1 -1 -1 -1 -1 -1 25 -1 -1 -1 -1 -1 -1 -1 9 -1 -1 -1 -1 -1 -1 -1 -1 -1 1 -1 15 -1 -1 -1 -1 -1 18 -1 -1 -1 -1 -1 -1 -1 -1 21 -1 -1 -1 -1 -1 -1 -1 -1 20 19 -1 -1 -1 
-1 -1 -1 3 -1 -1 -1 -1 -1 -1 -1 -1 -1 4 -1 -1 -1 -1 -1 -1 -1 -1 -1 29 -1 -1 -1 11 -1 -1 -1 -1 -1 -1 17 -1 -1 -1 -1 -1 -1 25 -1 -1 -1 -1 -1 -1 -1 9 -1 -1 -1 -1 -1 -1 -1 -1 -1 1 -1 15 -1 -1 -1 -1 -1 18 -1 -1 -1 -1 -1 -1 -1 -1 21 -1 -1 -1 -1 -1 -1 -1 20 -1 19 -1 -1 -1 
-1 -1 -1 3 -1 -1 -1 -1 -1 -1 -1 -1 -1 4 -1 -1 -1 -1 -1 -1 -1 -1 -1 29 -1 -1 -1 11 -1 -1 -1 -1 -1 -1 17 -1 -1 -1 -1 -1 -1 25 -1 -1 -1 -1 -1 -1 9 -1 -1 -1 -1 -1 -1 -1 -1 -1 -1 1 -1 15 -1 -1 -1 -1 -1 18 -1 -1 -1 -1 -1 -1 -1 -1 21 -1 -1 -1 -1 -1 -1 -1 20 -1 19 -1 -1 -1 
-1 -1 -1 3 -1 -1 -1 -1 -1 -1 -1 -1 -1 4 -1 -1 -1 -1 -1 -1 -1 -1 -1 29 -1 -1 -1 11 -1 -1 -1 -1 -1 -1 17 -1 -1 -1 -1 -1 -1 25 -1 -1 -1 -1 -1 -1 9 -1 -1 -1 -1 -1 -1 -1 -1 -1 -1 1 -1 15 -1 -1 -1 -1 -1 18 -1 -1 -1 -1 -1 -1 -1 -1 21 -1 -1 -1 -1 -1 -1 -1 -1 20 19 -1 -1 -1 
-1 -1 -1 3 -1 -1 -1 -1 -1 -1 -1 -1 4 -1 -1 -1 -1 -1 -1 -1 -1 -1 -1 29 -1 -1 -1 11 -1 -1 -1 -1 -1 -1 17 -1 -1 -1 -1 -1 -1 25 -1 -1 -1 -1 -1 -1 9 -1 -1 -1 -1 -1 -1 -1 -1 -1 -1 1 -1 15 -1 -1 -1 -1 -1 18 -1 -1 -1 -1 -1 -1 -1 -1 21 -1 -1 -1 -1 -1 -1 -1 -1 20 19 -1 -1 -1 
-1 -1 -1 3 -1 -1 -1 -1 -1 -1 -1 -1 4 -1 -1 -1 -1 -1 -1 -1 -1 -1 -1 29 -1 -1 -1 11 -1 -1 -1 -1 -1 -1 17 -1 -1 -1 -1 25 -1 -1 -1 -1 -1 -1 -1 -1 9 -1 -1 -1 -1 -1 -1 -1 -1 -1 -1 1 -1 15 -1 -1 -1 -1 -1 18 -1 -1 -1 -1 -1 -1 -1 -1 21 -1 -1 -1 -1 -1 -1 -1 -1 20 19 -1 -1 -1 
-1 -1 -1 3 -1 -1 -1 -1 -1 -1 -1 -1 4 -1 -1 -1 -1 -1 -1 -1 -1 -1 -1 29 -1 -1 -1 11 -1 -1 -1 -1 -1 -1 17 -1 -1 -1 -1 25 -1 -1 -1 -1 -1 -1 -1 -1 9 -1 -1 -1 -1 -1 -1 -1 -1 -1 -1 -1 -1 15 -1 -1 -1 -1 -1 18 -1 -1 -1 -1 -1 -1 -1 -1 21 -1 1 -1 -1 -1 -1 -1 -1 20 19 -1 -1 -1 
-1 -1 -1 3 -1 -1 -1 -1 -1 -1 -1 -1 4 -1 -1 -1 -1 -1 -1 -1 -1 -1 -1 29 -1 -1 -1 11 -1 -1 -1 -1 -1 -1 17 -1 -1 -1 -1 25 -1 -1 -1 -1 -1 -1 -1 -1 9 -1 -1 -1 -1 -1 -1 -1 -1 -1 -1 -1 -1 15 -1 -1 -1 -1 -1 18 -1 -1 -1 -1 -1 -1 -1 -1 21 -1 1 -1 -1 -1 -1 -1 20 -1 19 -1 -1 -1 
-1 -1 -1 3 -1 -1 -1 -1 -1 -1 -1 -1 4 -1 -1 -1 -1 -1 -1 -1 -1 -1 -1 29 -1 -1 -1 11 -1 -1 -1 -1 -1 -1 17 -1 -1 -1 -1 25 -1 -1 -1 -1 -1 -1 -1 -1 9 -1 -1 -1 -1 -1 -1 -1 -1 -1 -1 -1 -1 15 -1 -1 -1 -1 -1 1 -1 -1 -1 -1 -1 -1 -1 -1 21 -1 -1 -1 -1 -1 -1 -1 20 -1 19 -1 -1 -1 
-1 -1 -1 3 -1 -1 -1 -1 -1 -1 -1 -1 4 -1 -1 -1 -1 -1 -1 -1 -1 -1 -1 29 -1 -1 -1 11 -1 -1 -1 -1 -1 -1 17 -1 -1 -1 -1 -1 -1 -1 -1 -1 25 -1 -1 -1 9 -1 -1 -1 -1 -1 -1 -1 -1 -1 -1 -1 -1 15 -1 -1 -1 -1 -1 1 -1 -1 -1 -1 -1 -1 -1 -1 21 -1 -1 -1 -1 -1 -1 -1 20 -1 19 -1 -1 -1 
-1 -1 -1 3 -1 -1 -1 -1 -1 -1 -1 -1 4 -1 -1 -1 -1 -1 -1 -1 -1 -1 -1 29 -1 -1 -1 11 -1 -1 9 -1 -1 -1 17 -1 -1 -1 -1 -1 -1 -1 -1 -1 25 -1 -1 -1 -1 -1 -1 -1 -1 -1 -1 -1 -1 -1 -1 -1 -1 15 -1 -1 -1 -1 -1 1 -1 -1 -1 -1 -1 -1 -1 -1 21 -1 -1 -1 -1 -1 -1 -1 20 -1 19 -1 -1 -1 
-1 -1 -1 3 -1 -1 -1 -1 -1 -1 -1 -1 4 -1 -1 -1 -1 -1 -1 -1 -1 -1 29 -1 -1 -1 -1 11 -1 -1 9 -1 -1 -1 17 -1 -1 -1 -1 -1 -1 -1 -1 -1 25 -1 -1 -1 -1 -1 -1 -1 -1 -1 -1 -1 -1 -1 -1 -1 -1 15 -1 -1 -1 -1 -1 1 -1 -1 -1 -1 -1 -1 -1 -1 21 -1 -1 -1 -1 -1 -1 -1 20 -1 19 -1 -1 -1 
-1 -1 -1 3 -1 -1 -1 -1 -1 -1 -1 -1 4 -1 -1 -1 -1 -1 -1 -1 -1 -1 29 -1 -1 -1 -1 11 -1 -1 9 -1 -1 -1 17 -1 -1 -1 -1 -1 -1 -1 -1 -1 25 -1 -1 -1 1 -1 -1 -1 -1 -1 -1 -1 -1 -1 -1 -1 -1 15 -1 -1 -1 -1 -1 -1 -1 -1 -1 -1 -1 -1 -1 -1 21 -1 -1 -1 -1 -1 -1 -1 20 -1 19 -1 -1 -1 
-1 -1 -1 3 -1 -1 -1 -1 -1 -1 -1 -1 4 -1 -1 -1 -1 -1 -1 -1 -1 -1 29 -1 -1 -1 -1 11 -1 -1 9 -1 -1 -1 17 -1 -1 -1 -1 -1 -1 -1 -1 -1 25 -1 -1 -1 1 -1 -1 -1 -1 -1 -1 -1 -1 -1 -1 -1 -1 15 -1 -1 -1 -1 -1 -1 -1 -1 -1 -1 -1 -1 -1 -1 21 -1 -1 -1 -1 -1 -1 -1 -1 20 19 -1 -1 -1 
-1 -1 -1 3 -1 -1 -1 -1 -1 -1 -1 -1 4 -1 -1 -1 -1 -1 -1 -1 -1 -1 29 -1 -1 -1 -1 11 -1 -1 -1 -1 -1 9 17 -1 -1 -1 -1 -1 -1 -1 -1 -1 25 -1 -1 -1 1 -1 -1 -1 -1 -1 -1 -1 -1 -1 -1 -1 -1 15 -1 -1 -1 -1 -1 -1 -1 -1 -1 -1 -1 -1 -1 -1 21 -1 -1 -1 -1 -1 -1 -1 -1 20 19 -1 -1 -1 
-1 -1 -1 3 -1 -1 -1 -1 -1 -1 -1 -1 4 -1 -1 -1 -1 -1 -1 -1 -1 -1 29 -1 -1 -1 -1 11 -1 -1 -1 -1 -1 9 17 -1 -1 -1 -1 -1 -1 -1 -1 -1 25 -1 -1 -1 1 -1 -1 -1 -1 -1 -1 -1 -1 -1 -1 -1 -1 15 -1 -1 -1 -1 -1 -1 -1 -1 -1 -1 -1 -1 -1 -1 21 -1 -1 -1 -1 -1 -1 -1 20 -1 19 -1 -1 -1 
-1 -1 -1 3 -1 -1 -1 -1 -1 -1 -1 -1 4 -1 -1 -1 -1 -1 -1 -1 -1 -1 29 -1 -1 -1 -1 11 -1 -1 9 -1 -1 -1 17 -1 -1 -1 -1 -1 -1 -1 -1 -1 25 -1 -1 -1 1 -1 -1 -1 -1 -1 -1 -1 -1 -1 -1 -1 -1 15 -1 -1 -1 -1 -1 -1 -1 -1 -1 -1 -1 -1 -1 -1 21 -1 -1 -1 -1 -1 -1 -1 20 -1 19 -1 -1 -1 
-1 -1 -1 3 -1 -1 -1 -1 -1 -1 -1 -1 4 -1 -1 -1 -1 -1 -1 -1 -1 -1 29 -1 -1 -1 -1 11 -1 -1 9 -1 -1 -1 17 -1 -1 -1 -1 -1 -1 -1 -1 -1 25 -1 -1 -1 1 -1 -1 -1 -1 -1 -1 -1 -1 -1 -1 -1 -1 15 -1 -1 -1 -1 -1 -1 -1 -1 -1 -1 -1 -1 -1 -1 21 -1 -1 -1 -1 -1 -1 -1 -1 20 19 -1 -1 -1 
-1 -1 -1 3 -1 -1 -1 -1 -1 -1 -1 -1 4 -1 -1 -1 -1 -1 -1 -1 -1 -1 29 -1 -1 -1 -1 11 -1 -1 -1 -1 -1 9 17 -1 -1 -1 -1 -1 -1 -1 -1 -1 25 -1 -1 -1 1 -1 -1 -1 -1 -1 -1 -1 -1 -1 -1 -1 -1 15 -1 -1 -1 -1 -1 -1 -1 -1 -1 -1 -1 -1 -1 -1 21 -1 -1 -1 -1 -1 -1 -1 -1 20 19 -1 -1 -1 
-1 -1 -1 3 -1 -1 -1 -1 -1 -1 -1 -1 4 -1 -1 -1 -1 -1 -1 -1 -1 -1 29 -1 -1 -1 -1 11 -1 -1 -1 -1 -1 9 17 -1 -1 -1 -1 -1 -1 -1 -1 -1 25 -1 -1 -1 1 -1 -1 -1 -1 -1 -1 -1 -1 -1 -1 -1 -1 15 -1 -1 -1 -1 -1 -1 -1 -1 -1 -1 -1 -1 -1 -1 21 -1 -1 -1 -1 -1 -1 -1 20 -1 19 -1 -1 -1 
-1 -1 -1 3 -1 -1 -1 -1 -1 -1 -1 -1 4 -1 -1 -1 -1 -1 -1 -1 -1 -1 29 -1 -1 -1 -1 11 -1 -1 9 -1 -1 -1 17 -1 -1 -1 -1 -1 -1 -1 -1 -1 25 -1 -1 -1 1 -1 -1 -1 -1 -1 -1 -1 -1 -1 -1 -1 -1 15 -1 -1 -1 -1 -1 -1 -1 -1 -1 -1 -1 -1 -1 -1 21 -1 -1 -1 -1 -1 -1 -1 20 -1 19 -1 -1 -1 
-1 -1 -1 3 -1 -1 -1 -1 -1 -1 -1 -1 4 -1 -1 -1 -1 -1 -1 -1 -1 -1 29 -1 -1 -1 -1 11 -1 -1 9 -1 -1 -1 17 -1 -1 -1 -1 -1 -1 -1 -1 -1 25 -1 -1 -1 1 -1 -1 -1 -1 -1 -1 -1 -1 -1 -1 -1 -1 15 -1 -1 -1 -1 -1 -1 -1 -1 -1 -1 -1 -1 -1 -1 21 -1 -1 -1 -1 -1 -1 -1 -1 20 19 -1 -1 -1 
-1 -1 -1 3 -1 -1 -1 -1 -1 -1 -1 -1 4 -1 -1 -1 -1 -1 -1 -1 -1 -1 29 -1 -1 -1 -1 11 -1 1 9 -1 -1 -1 17 -1 -1 -1 -1 -1 -1 -1 -1 -1 25 -1 -1 -1 -1 -1 -1 -1 -1 -1 -1 -1 -1 -1 -1 -1 -1 15 -1 -1 -1 -1 -1 -1 -1 -1 -1 -1 -1 -1 -1 -1 21 -1 -1 -1 -1 -1 -1 -1 -1 20 19 -1 -1 -1 
-1 -1 -1 3 -1 -1 -1 -1 -1 -1 -1 -1 4 -1 -1 17 -1 -1 -1 -1 -1 -1 29 -1 -1 -1 -1 11 -1 1 9 -1 -1 -1 -1 -1 -1 -1 -1 -1 -1 -1 -1 -1 25 -1 -1 -1 -1 -1 -1 -1 -1 -1 -1 -1 -1 -1 -1 -1 -1 15 -1 -1 -1 -1 -1 -1 -1 -1 -1 -1 -1 -1 -1 -1 21 -1 -1 -1 -1 -1 -1 -1 -1 20 19 -1 -1 -1 
-1 -1 -1 3 -1 -1 -1 -1 -1 -1 -1 -1 4 -1 -1 17 -1 -1 -1 -1 -1 -1 29 -1 -1 -1 -1 11 -1 1 -1 9 -1 -1 -1 -1 -1 -1 -1 -1 -1 -1 -1 -1 25 -1 -1 -1 -1 -1 -1 -1 -1 -1 -1 -1 -1 -1 -1 -1 -1 15 -1 -1 -1 -1 -1 -1 -1 -1 -1 -1 -1 -1 -1 -1 21 -1 -1 -1 -1 -1 -1 -1 -1 20 19 -1 -1 -1 
-1 -1 -1 3 -1 -1 -1 -1 -1 -1 -1 -1 4 -1 -1 17 -1 -1 -1 -1 -1 -1 29 -1 -1 -1 -1 11 -1 1 -1 9 -1 -1 -1 -1 -1 -1 -1 -1 -1 -1 -1 -1 25 -1 -1 -1 -1 -1 -1 -1 -1 -1 -1 -1 -1 -1 -1 -1 -1 15 -1 -1 -1 -1 21 -1 -1 -1 -1 -1 -1 -1 -1 -1 -1 -1 -1 -1 -1 -1 -1 -1 -1 20 19 -1 -1 -1 
-1 -1 -1 3 -1 -1 -1 -1 -1 -1 -1 -1 4 -1 -1 17 -1 -1 -1 -1 -1 -1 29 -1 -1 -1 -1 11 -1 1 -1 -1 -1 -1 -1 9 -1 -1 -1 -1 -1 -1 -1 -1 25 -1 -1 -1 -1 -1 -1 -1 -1 -1 -1 -1 -1 -1 -1 -1 -1 15 -1 -1 -1 -1 21 -1 -1 -1 -1 -1 -1 -1 -1 -1 -1 -1 -1 -1 -1 -1 -1 -1 -1 20 19 -1 -1 -1 
-1 -1 -1 3 -1 -1 -1 -1 -1 -1 -1 -1 4 -1 -1 17 -1 -1 -1 -1 -1 -1 29 -1 -1 -1 -1 11 -1 1 -1 -1 -1 -1 -1 9 -1 -1 -1 -1 -1 -1 -1 -1 25 -1 -1 -1 -1 -1 -1 -1 -1 -1 -1 -1 -1 -1 -1 -1 -1 15 -1 -1 -1 -1 21 -1 -1 -1 -1 -1 -1 -1 -1 -1 19 -1 -1 -1 -1 -1 -1 -1 -1 20 -1 -1 -1 -1 
-1 -1 -1 -1 -1 -1 -1 -1 -1 -1 -1 -1 4 3 -1 17 -1 -1 -1 -1 -1 -1 29 -1 -1 -1 -1 11 -1 1 -1 -1 -1 -1 -1 9 -1 -1 -1 -1 -1 -1 -1 -1 25 -1 -1 -1 -1 -1 -1 -1 -1 -1 -1 -1 -1 -1 -1 -1 -1 15 -1 -1 -1 -1 21 -1 -1 -1 -1 -1 -1 -1 -1 -1 19 -1 -1 -1 -1 -1 -1 -1 -1 20 -1 -1 -1 -1 
-1 -1 -1 -1 -1 -1 -1 -1 -1 -1 -1 -1 4 3 -1 17 -1 -1 -1 -1 -1 -1 29 -1 -1 -1 -1 11 -1 1 -1 -1 -1 -1 -1 9 -1 -1 -1 -1 -1 -1 -1 25 -1 -1 -1 -1 -1 -1 -1 -1 -1 -1 -1 -1 -1 -1 -1 -1 -1 15 -1 -1 -1 -1 21 -1 -1 -1 -1 -1 -1 -1 -1 -1 19 -1 -1 -1 -1 -1 -1 -1 -1 20 -1 -1 -1 -1 
-1 -1 -1 -1 -1 -1 -1 -1 -1 -1 -1 -1 4 3 -1 17 -1 -1 -1 -1 -1 -1 29 -1 -1 -1 -1 11 -1 1 -1 9 -1 -1 -1 -1 -1 -1 -1 -1 -1 -1 -1 25 -1 -1 -1 -1 -1 -1 -1 -1 -1 -1 -1 -1 -1 -1 -1 -1 -1 15 -1 -1 -1 -1 21 -1 -1 -1 -1 -1 -1 -1 -1 -1 19 -1 -1 -1 -1 -1 -1 -1 -1 20 -1 -1 -1 -1 
-1 -1 -1 -1 -1 -1 -1 -1 -1 -1 -1 -1 4 3 -1 17 -1 -1 -1 -1 -1 -1 29 -1 -1 -1 -1 11 -1 1 -1 9 -1 -1 -1 -1 -1 -1 -1 -1 -1 -1 -1 25 -1 -1 -1 -1 -1 -1 -1 -1 -1 -1 -1 -1 -1 -1 -1 -1 -1 15 -1 -1 -1 -1 21 -1 -1 -1 -1 -1 -1 -1 -1 -1 19 -1 -1 -1 -1 -1 -1 -1 20 -1 -1 -1 -1 -1 
-1 -1 -1 -1 -1 3 -1 -1 -1 -1 -1 -1 4 -1 -1 17 -1 -1 -1 -1 -1 -1 29 -1 -1 -1 -1 11 -1 1 -1 9 -1 -1 -1 -1 -1 -1 -1 -1 -1 -1 -1 25 -1 -1 -1 -1 -1 -1 -1 -1 -1 -1 -1 -1 -1 -1 -1 -1 -1 15 -1 -1 -1 -1 21 -1 -1 -1 -1 -1 -1 -1 -1 -1 19 -1 -1 -1 -1 -1 -1 -1 20 -1 -1 -1 -1 -1 
-1 -1 -1 -1 -1 3 -1 -1 -1 -1 -1 -1 4 -1 -1 17 25 -1 -1 -1 -1 -1 29 -1 -1 -1 -1 11 -1 1 -1 9 -1 -1 -1 -1 -1 -1 -1 -1 -1 -1 -1 -1 -1 -1 -1 -1 -1 -1 -1 -1 -1 -1 -1 -1 -1 -1 -1 -1 -1 15 -1 -1 -1 -1 21 -1 -1 -1 -1 -1 -1 -1 -1 -1 19 -1 -1 -1 -1 -1 -1 -1 20 -1 -1 -1 -1 -1 
-1 -1 -1 4 -1 3 -1 -1 -1 -1 -1 -1 -1 -1 -1 17 25 -1 -1 -1 -1 -1 29 -1 -1 -1 -1 11 -1 1 -1 9 -1 -1 -1 -1 -1 -1 -1 -1 -1 -1 -1 -1 -1 -1 -1 -1 -1 -1 -1 -1 -1 -1 -1 -1 -1 -1 -1 -1 -1 15 -1 -1 -1 -1 21 -1 -1 -1 -1 -1 -1 -1 -1 -1 19 -1 -1 -1 -1 -1 -1 -1 20 -1 -1 -1 -1 -1 
-1 -1 -1 4 -1 3 -1 -1 -1 -1 -1 -1 -1 -1 -1 17 25 -1 -1 -1 -1 29 -1 -1 -1 -1 -1 11 -1 1 -1 9 -1 -1 -1 -1 -1 -1 -1 -1 -1 -1 -1 -1 -1 -1 -1 -1 -1 -1 -1 -1 -1 -1 -1 -1 -1 -1 -1 -1 -1 15 -1 -1 -1 -1 21 -1 -1 -1 -1 -1 -1 -1 -1 -1 19 -1 -1 -1 -1 -1 -1 -1 20 -1 -1 -1 -1 -1 
-1 -1 -1 4 -1 3 -1 -1 -1 -1 -1 -1 -1 -1 -1 17 25 -1 -1 -1 -1 29 -1 -1 -1 -1 -1 11 -1 1 -1 9 -1 -1 -1 -1 -1 -1 -1 -1 -1 -1 -1 -1 -1 -1 -1 -1 -1 -1 -1 -1 -1 -1 -1 -1 -1 -1 -1 -1 15 -1 -1 -1 -1 -1 21 -1 -1 -1 -1 -1 -1 -1 -1 -1 19 -1 -1 -1 -1 -1 -1 -1 20 -1 -1 -1 -1 -1 
-1 -1 -1 4 -1 3 -1 -1 -1 -1 -1 -1 -1 -1 -1 17 -1 25 -1 -1 -1 29 -1 -1 -1 -1 -1 11 -1 1 -1 9 -1 -1 -1 -1 -1 -1 -1 -1 -1 -1 -1 -1 -1 -1 -1 -1 -1 -1 -1 -1 -1 -1 -1 -1 -1 -1 -1 -1 15 -1 -1 -1 -1 -1 21 -1 -1 -1 -1 -1 -1 -1 -1 -1 19 -1 -1 -1 -1 -1 -1 -1 20 -1 -1 -1 -1 -1 
-1 -1 -1 4 -1 -1 -1 -1 -1 -1 -1 -1 -1 3 -1 17 -1 25 -1 -1 -1 29 -1 -1 -1 -1 -1 11 -1 1 -1 9 -1 -1 -1 -1 -1 -1 -1 -1 -1 -1 -1 -1 -1 -1 -1 -1 -1 -1 -1 -1 -1 -1 -1 -1 -1 -1 -1 -1 15 -1 -1 -1 -1 -1 21 -1 -1 -1 -1 -1 -1 -1 -1 -1 19 -1 -1 -1 -1 -1 -1 -1 20 -1 -1 -1 -1 -1 
-1 -1 -1 4 -1 -1 -1 -1 -1 -1 -1 -1 -1 3 -1 17 -1 25 -1 -1 -1 -1 29 -1 -1 -1 -1 11 -1 1 -1 9 -1 -1 -1 -1 -1 -1 -1 -1 -1 -1 -1 -1 -1 -1 -1 -1 -1 -1 -1 -1 -1 -1 -1 -1 -1 -1 -1 -1 15 -1 -1 -1 -1 -1 21 -1 -1 -1 -1 -1 -1 -1 -1 -1 19 -1 -1 -1 -1 -1 -1 -1 20 -1 -1 -1 -1 -1 
-1 -1 -1 4 -1 -1 -1 -1 -1 -1 -1 -1 -1 3 -1 17 -1 25 -1 -1 -1 -1 1 -1 -1 -1 -1 11 -1 -1 -1 9 -1 -1 -1 -1 -1 -1 -1 -1 -1 -1 -1 -1 -1 -1 -1 -1 -1 -1 -1 -1 -1 -1 -1 -1 -1 -1 -1 -1 15 -1 -1 -1 -1 -1 21 -1 -1 -1 -1 -1 -1 -1 -1 -1 19 -1 -1 -1 -1 -1 -1 -1 20 -1 -1 -1 -1 -1 
-1 -1 -1 4 -1 -1 -1 -1 -1 -1 -1 -1 -1 3 -1 -1 -1 25 -1 -1 -1 -1 17 -1 -1 -1 -1 11 -1 -1 -1 9 -1 -1 -1 -1 -1 -1 -1 -1 -1 -1 -1 -1 -1 -1 -1 -1 -1 -1 -1 -1 -1 -1 -1 -1 -1 -1 -1 -1 15 -1 -1 -1 -1 -1 21 -1 -1 -1 -1 -1 -1 -1 -1 -1 19 -1 -1 -1 -1 -1 -1 -1 20 -1 -1 -1 -1 -1 
-1 -1 -1 4 -1 -1 -1 -1 -1 -1 -1 -1 -1 3 -1 -1 -1 25 -1 -1 -1 -1 17 -1 -1 -1 -1 -1 -1 -1 -1 9 -1 -1 -1 -1 11 -1 -1 -1 -1 -1 -1 -1 -1 -1 -1 -1 -1 -1 -1 -1 -1 -1 -1 -1 -1 -1 -1 -1 15 -1 -1 -1 -1 -1 21 -1 -1 -1 -1 -1 -1 -1 -1 -1 19 -1 -1 -1 -1 -1 -1 -1 20 -1 -1 -1 -1 -1 
