0 1 2 3 4 5 6 7 8 -1 -1 -1 -1 -1 -1 -1 -1 -1 -1 9 -1 -1 -1 -1 -1 10 -1 11 -1 12 -1 13 -1 14 -1 15 -1 -1 -1 -1 -1 -1 -1 -1 -1 -1 -1 -1 -1 -1 -1 -1 -1 -1 -1 -1 -1 -1 29 -1 28 -1 27 -1 26 23 -1 -1 -1 -1 25 -1 -1 -1 -1 -1 -1 -1 -1 -1 -1 24 -1 22 21 20 19 18 17 16 
0 1 2 3 4 5 6 7 8 -1 -1 -1 -1 -1 -1 -1 -1 -1 -1 9 -1 -1 -1 -1 -1 10 -1 11 -1 -1 -1 13 -1 14 -1 15 -1 -1 12 -1 -1 -1 -1 -1 -1 -1 -1 -1 -1 -1 -1 -1 -1 -1 -1 -1 -1 -1 29 -1 28 -1 27 -1 26 23 -1 -1 -1 -1 25 -1 -1 -1 -1 -1 -1 -1 -1 -1 -1 24 -1 22 21 20 19 18 17 16 
0 1 2 3 4 5 6 7 8 -1 -1 -1 -1 -1 -1 -1 -1 -1 -1 9 -1 -1 -1 -1 -1 10 -1 11 -1 -1 -1 13 -1 14 -1 15 -1 -1 12 -1 -1 -1 -1 -1 -1 -1 -1 -1 -1 -1 -1 28 -1 -1 -1 -1 -1 -1 29 -1 -1 -1 27 -1 26 23 -1 -1 -1 -1 25 -1 -1 -1 -1 -1 -1 -1 -1 -1 -1 24 -1 22 21 20 19 18 17 16 
0 -1 2 3 4 5 6 7 8 -1 -1 -1 -1 -1 -1 -1 -1 -1 -1 9 1 -1 -1 -1 -1 10 -1 11 -1 -1 -1 13 -1 14 -1 15 -1 -1 12 -1 -1 -1 -1 -1 -1 -1 -1 -1 -1 -1 -1 28 -1 -1 -1 -1 -1 -1 29 -1 -1 -1 27 -1 26 23 -1 -1 -1 -1 25 -1 -1 -1 -1 -1 -1 -1 -1 -1 -1 24 -1 22 21 20 19 18 17 16 
0 -1 2 3 4 5 6 7 8 -1 -1 -1 -1 -1 -1 -1 -1 -1 -1 9 1 -1 -1 -1 -1 10 -1 11 -1 -1 -1 13 -1 14 -1 15 -1 -1 12 -1 -1 -1 -1 -1 -1 -1 -1 -1 -1 -1 -1 28 -1 -1 -1 -1 -1 -1 29 -1 -1 -1 27 -1 26 23 -1 -1 -1 17 25 -1 -1 -1 -1 -1 -1 -1 -1 -1 -1 24 -1 22 21 20 19 18 -1 16 
-1 -1 2 3 4 5 6 7 8 0 -1 -1 -1 -1 -1 -1 -1 -1 -1 9 1 -1 -1 -1 -1 10 -1 11 -1 -1 -1 13 -1 14 -1 15 -1 -1 12 -1 -1 -1 -1 -1 -1 -1 -1 -1 -1 -1 -1 28 -1 -1 -1 -1 -1 -1 29 -1 -1 -1 27 -1 26 23 -1 -1 -1 17 25 -1 -1 -1 -1 -1 -1 -1 -1 -1 -1 24 -1 22 21 20 19 18 -1 16 
-1 -1 2 3 4 5 6 7 8 0 -1 -1 -1 -1 -1 -1 -1 -1 -1 9 1 -1 -1 -1 -1 10 -1 11 -1 -1 -1 13 -1 14 -1 15 -1 -1 12 -1 -1 -1 -1 -1 -1 -1 -1 -1 -1 -1 -1 28 -1 -1 -1 -1 -1 -1 29 -1 -1 -1 27 -1 26 23 -1 -1 -1 17 25 -1 -1 -1 -1 -1 -1 -1 -1 -1 16 24 -1 22 21 20 19 18 -1 -1 
-1 -1 2 3 4 5 -1 7 8 0 -1 -1 -1 -1 -1 -1 -1 -1 -1 9 1 -1 6 -1 -1 10 -1 11 -1 -1 -1 13 -1 14 -1 15 -1 -1 12 -1 -1 -1 -1 -1 -1 -1 -1 -1 -1 -1 -1 28 -1 -1 -1 -1 -1 -1 29 -1 -1 -1 27 -1 26 23 -1 -1 -1 17 25 -1 -1 -1 -1 -1 -1 -1 -1 -1 16 24 -1 22 21 20 19 18 -1 -1 
-1 -1 2 3 4 5 -1 7 8 0 -1 -1 -1 -1 -1 -1 -1 -1 -1 9 1 -1 6 -1 -1 10 -1 11 -1 -1 -1 13 -1 14 -1 15 -1 -1 12 -1 -1 -1 -1 -1 -1 -1 -1 -1 -1 -1 -1 28 -1 -1 -1 -1 -1 -1 29 -1 -1 -1 27 -1 26 23 -1 -1 -1 17 25 -1 24 -1 -1 -1 -1 -1 -1 -1 16 -1 -1 22 21 20 19 18 -1 -1 
-1 -1 2 3 4 5 -1 7 8 -1 -1 -1 -1 -1 0 -1 -1 -1 -1 9 1 -1 6 -1 -1 10 -1 11 -1 -1 -1 13 -1 14 -1 15 -1 -1 12 -1 -1 -1 -1 -1 -1 -1 -1 -1 -1 -1 -1 28 -1 -1 -1 -1 -1 -1 29 -1 -1 -1 27 -1 26 23 -1 -1 -1 17 25 -1 24 -1 -1 -1 -1 -1 -1 -1 16 -1 -1 22 21 20 19 18 -1 -1 
-1 -1 2 3 4 5 -1 7 8 -1 -1 -1 -1 -1 0 -1 -1 -1 -1 9 1 -1 6 -1 -1 10 -1 11 -1 -1 -1 13 -1 14 -1 15 -1 -1 12 -1 -1 -1 -1 -1 -1 -1 -1 -1 -1 -1 -1 28 -1 -1 -1 -1 -1 -1 29 -1 -1 -1 27 -1 26 23 -1 -1 -1 17 25 -1 -1 -1 -1 -1 -1 24 -1 -1 16 -1 -1 22 21 20 19 18 -1 -1 
-1 -1 2 3 4 -1 -1 7 8 -1 -1 -1 -1 5 0 -1 -1 -1 -1 9 1 -1 6 -1 -1 10 -1 11 -1 -1 -1 13 -1 14 -1 15 -1 -1 12 -1 -1 -1 -1 -1 -1 -1 -1 -1 -1 -1 -1 28 -1 -1 -1 -1 -1 -1 29 -1 -1 -1 27 -1 26 23 -1 -1 -1 17 25 -1 -1 -1 -1 -1 -1 24 -1 -1 16 -1 -1 22 21 20 19 18 -1 -1 
-1 -1 2 3 4 -1 -1 7 8 -1 -1 -1 -1 5 0 -1 -1 -1 -1 9 1 -1 6 -1 -1 10 -1 11 -1 -1 -1 13 -1 14 -1 15 -1 -1 12 -1 -1 -1 -1 -1 -1 -1 -1 -1 -1 -1 -1 28 17 -1 -1 -1 -1 -1 29 -1 -1 -1 27 -1 26 23 -1 -1 -1 -1 25 -1 -1 -1 -1 -1 -1 24 -1 -1 16 -1 -1 22 21 20 19 18 -1 -1 
-1 -1 2 3 4 -1 -1 7 8 -1 -1 -1 -1 5 0 -1 -1 -1 -1 9 -1 -1 6 -1 -1 10 -1 11 -1 -1 -1 13 -1 14 -1 15 -1 -1 12 1 -1 -1 -1 -1 -1 -1 -1 -1 -1 -1 -1 28 17 -1 -1 -1 -1 -1 29 -1 -1 -1 27 -1 26 23 -1 -1 -1 -1 25 -1 -1 -1 -1 -1 -1 24 -1 -1 16 -1 -1 22 21 20 19 18 -1 -1 
-1 -1 2 3 4 -1 -1 7 8 -1 -1 -1 -1 5 0 -1 -1 -1 -1 9 -1 -1 6 -1 -1 10 -1 11 -1 -1 -1 13 -1 17 -1 15 -1 -1 12 1 -1 -1 -1 -1 -1 -1 -1 -1 -1 -1 -1 28 -1 -1 -1 -1 -1 -1 29 -1 -1 -1 27 -1 26 23 -1 -1 -1 -1 25 -1 -1 -1 -1 -1 -1 24 -1 -1 16 -1 -1 22 21 20 19 18 -1 -1 
-1 -1 2 3 4 -1 -1 7 8 -1 -1 -1 -1 5 -1 -1 -1 -1 -1 9 -1 -1 6 -1 -1 10 -1 11 -1 -1 -1 13 -1 17 -1 15 -1 -1 12 1 -1 -1 -1 -1 -1 -1 -1 -1 -1 -1 -1 28 -1 -1 -1 -1 -1 -1 29 -1 -1 -1 27 -1 26 23 -1 -1 -1 -1 25 -1 -1 -1 -1 -1 -1 0 -1 -1 16 -1 -1 22 21 20 19 18 -1 -1 
-1 -1 2 3 4 -1 -1 7 8 -1 -1 -1 -1 5 -1 -1 -1 -1 -1 9 -1 -1 6 -1 -1 10 -1 11 -1 -1 -1 13 -1 17 -1 15 -1 -1 12 1 -1 -1 -1 -1 -1 -1 -1 -1 -1 -1 -1 28 -1 -1 -1 -1 -1 -1 29 -1 -1 -1 27 -1 26 23 -1 -1 -1 -1 25 -1 -1 -1 -1 -1 -1 16 -1 -1 -1 -1 -1 22 21 20 19 18 -1 -1 
-1 -1 2 3 4 -1 -1 -1 8 -1 -1 -1 -1 5 -1 -1 -1 -1 -1 9 -1 -1 6 -1 7 10 -1 11 -1 -1 -1 13 -1 17 -1 15 -1 -1 12 1 -1 -1 -1 -1 -1 -1 -1 -1 -1 -1 -1 28 -1 -1 -1 -1 -1 -1 29 -1 -1 -1 27 -1 26 23 -1 -1 -1 -1 25 -1 -1 -1 -1 -1 -1 16 -1 -1 -1 -1 -1 22 21 20 19 18 -1 -1 
-1 -1 2 3 4 -1 -1 -1 8 -1 -1 -1 -1 5 -1 -1 -1 -1 -1 9 -1 -1 6 -1 7 10 -1 11 -1 -1 -1 13 -1 17 -1 15 -1 -1 12 1 -1 16 -1 -1 -1 -1 -1 -1 -1 -1 -1 28 -1 -1 -1 -1 -1 -1 29 -1 -1 -1 27 -1 26 23 -1 -1 -1 -1 25 -1 -1 -1 -1 -1 -1 -1 -1 -1 -1 -1 -1 22 21 20 19 18 -1 -1 
-1 -1 2 3 4 -1 -1 -1 8 -1 -1 -1 -1 5 -1 -1 -1 -1 -1 -1 -1 -1 6 -1 7 10 -1 11 -1 -1 -1 13 -1 17 -1 15 -1 9 12 1 -1 16 -1 -1 -1 -1 -1 -1 -1 -1 -1 28 -1 -1 -1 -1 -1 -1 29 -1 -1 -1 27 -1 26 23 -1 -1 -1 -1 25 -1 -1 -1 -1 -1 -1 -1 -1 -1 -1 -1 -1 22 21 20 19 18 -1 -1 
-1 -1 2 3 4 -1 -1 -1 8 -1 -1 -1 -1 5 16 -1 -1 -1 -1 -1 -1 -1 6 -1 7 10 -1 11 -1 -1 -1 13 -1 17 -1 15 -1 9 12 1 -1 -1 -1 -1 -1 -1 -1 -1 -1 -1 -1 28 -1 -1 -1 -1 -1 -1 29 -1 -1 -1 27 -1 26 23 -1 -1 -1 -1 25 -1 -1 -1 -1 -1 -1 -1 -1 -1 -1 -1 -1 22 21 20 19 18 -1 -1 
-1 -1 2 3 4 -1 -1 -1 8 -1 9 -1 -1 5 16 -1 -1 -1 -1 -1 -1 -1 6 -1 7 10 -1 11 -1 -1 -1 13 -1 17 -1 15 -1 -1 12 1 -1 -1 -1 -1 -1 -1 -1 -1 -1 -1 -1 28 -1 -1 -1 -1 -1 -1 29 -1 -1 -1 27 -1 26 23 -1 -1 -1 -1 25 -1 -1 -1 -1 -1 -1 -1 -1 -1 -1 -1 -1 22 21 20 19 18 -1 -1 
-1 -1 2 3 4 -1 -1 -1 8 -1 9 -1 -1 5 -1 -1 -1 -1 -1 -1 -1 -1 6 -1 7 10 -1 11 -1 -1 -1 13 -1 17 -1 15 -1 -1 12 1 -1 16 -1 -1 -1 -1 -1 -1 -1 -1 -1 28 -1 -1 -1 -1 -1 -1 29 -1 -1 -1 27 -1 26 23 -1 -1 -1 -1 25 -1 -1 -1 -1 -1 -1 -1 -1 -1 -1 -1 -1 22 21 20 19 18 -1 -1 
-1 -1 2 3 4 -1 -1 -1 8 -1 -1 -1 -1 5 -1 -1 -1 -1 -1 -1 -1 -1 6 -1 7 10 -1 11 -1 -1 -1 13 -1 17 -1 15 -1 9 12 1 -1 16 -1 -1 -1 -1 -1 -1 -1 -1 -1 28 -1 -1 -1 -1 -1 -1 29 -1 -1 -1 27 -1 26 23 -1 -1 -1 -1 25 -1 -1 -1 -1 -1 -1 -1 -1 -1 -1 -1 -1 22 21 20 19 18 -1 -1 
-1 -1 2 3 4 -1 -1 -1 8 -1 -1 -1 -1 5 16 -1 -1 -1 -1 -1 -1 -1 6 -1 7 10 -1 11 -1 -1 -1 13 -1 17 -1 15 -1 9 12 1 -1 -1 -1 -1 -1 -1 -1 -1 -1 -1 -1 28 -1 -1 -1 -1 -1 -1 29 -1 -1 -1 27 -1 26 23 -1 -1 -1 -1 25 -1 -1 -1 -1 -1 -1 -1 -1 -1 -1 -1 -1 22 21 20 19 18 -1 -1 
-1 -1 2 3 4 -1 -1 -1 8 -1 9 -1 -1 5 16 -1 -1 -1 -1 -1 -1 -1 6 -1 7 10 -1 11 -1 -1 -1 13 -1 17 -1 15 -1 -1 12 1 -1 -1 -1 -1 -1 -1 -1 -1 -1 -1 -1 28 -1 -1 -1 -1 -1 -1 29 -1 -1 -1 27 -1 26 23 -1 -1 -1 -1 25 -1 -1 -1 -1 -1 -1 -1 -1 -1 -1 -1 -1 22 21 20 19 18 -1 -1 
-1 -1 2 3 4 -1 -1 -1 8 -1 9 -1 -1 5 -1 -1 -1 -1 -1 -1 -1 -1 6 -1 7 10 -1 11 -1 -1 -1 13 -1 17 -1 15 -1 -1 12 1 -1 -1 -1 -1 -1 -1 -1 -1 -1 -1 -1 28 -1 -1 -1 -1 -1 -1 29 16 -1 -1 27 -1 26 23 -1 -1 -1 -1 25 -1 -1 -1 -1 -1 -1 -1 -1 -1 -1 -1 -1 22 21 20 19 18 -1 -1 
-1 -1 2 3 4 8 -1 -1 -1 -1 9 -1 -1 5 -1 -1 -1 -1 -1 -1 -1 -1 6 -1 7 10 -1 11 -1 -1 -1 13 -1 17 -1 15 -1 -1 12 1 -1 -1 -1 -1 -1 -1 -1 -1 -1 -1 -1 28 -1 -1 -1 -1 -1 -1 29 16 -1 -1 27 -1 26 23 -1 -1 -1 -1 25 -1 -1 -1 -1 -1 -1 -1 -1 -1 -1 -1 -1 22 21 20 19 18 -1 -1 
-1 -1 2 3 4 16 -1 -1 -1 -1 9 -1 -1 5 -1 -1 -1 -1 -1 -1 -1 -1 6 -1 7 10 -1 11 -1 -1 -1 13 -1 17 -1 15 -1 -1 12 1 -1 -1 -1 -1 -1 -1 -1 -1 -1 -1 -1 28 -1 -1 -1 -1 -1 -1 29 -1 -1 -1 27 -1 26 23 -1 -1 -1 -1 25 -1 -1 -1 -1 -1 -1 -1 -1 -1 -1 -1 -1 22 21 20 19 18 -1 -1 
-1 -1 2 3 4 7 -1 -1 -1 -1 9 -1 -1 5 -1 -1 -1 -1 -1 -1 -1 -1 6 -1 -1 10 -1 11 -1 -1 -1 13 -1 17 -1 15 -1 -1 12 1 -1 -1 -1 -1 -1 -1 -1 -1 -1 -1 -1 28 -1 -1 -1 -1 -1 -1 29 -1 -1 -1 27 -1 26 23 -1 -1 -1 -1 25 -1 -1 -1 -1 -1 -1 -1 -1 -1 -1 -1 -1 22 21 20 19 18 -1 -1 
-1 -1 2 3 4 7 -1 -1 -1 -1 9 -1 -1 5 -1 -1 -1 -1 -1 -1 -1 -1 6 -1 -1 10 -1 11 -1 -1 -1 13 -1 17 -1 15 -1 -1 12 1 -1 -1 -1 -1 -1 -1 -1 -1 -1 -1 -1 28 -1 -1 -1 -1 -1 -1 29 -1 -1 -1 27 26 -1 23 -1 -1 -1 -1 25 -1 -1 -1 -1 -1 -1 -1 -1 -1 -1 -1 -1 22 21 20 19 18 -1 -1 
-1 -1 2 3 4 7 -1 -1 -1 -1 9 -1 -1 5 -1 -1 -1 -1 -1 -1 -1 -1 6 -1 -1 -1 -1 11 -1 -1 -1 13 -1 17 -1 15 -1 -1 12 1 -1 -1 -1 -1 -1 -1 -1 -1 -1 -1 -1 28 -1 -1 -1 -1 -1 -1 29 -1 -1 10 27 26 -1 23 -1 -1 -1 -1 25 -1 -1 -1 -1 -1 -1 -1 -1 -1 -1 -1 -1 22 21 20 19 18 -1 -1 
-1 -1 2 3 4 7 -1 -1 -1 -1 9 -1 -1 5 -1 -1 -1 -1 -1 -1 -1 -1 6 -1 -1 -1 -1 26 -1 -1 -1 13 -1 17 -1 15 -1 -1 12 1 -1 -1 -1 -1 -1 -1 -1 -1 -1 -1 -1 28 -1 -1 -1 -1 -1 -1 29 -1 -1 10 27 -1 -1 23 -1 -1 -1 -1 25 -1 -1 -1 -1 -1 -1 -1 -1 -1 -1 -1 -1 22 21 20 19 18 -1 -1 
-1 -1 2 3 4 7 -1 -1 -1 -1 9 -1 -1 5 -1 -1 -1 -1 -1 -1 -1 -1 6 -1 -1 -1 -1 26 -1 -1 -1 13 -1 17 -1 15 -1 -1 12 1 -1 -1 -1 -1 -1 -1 -1 -1 -1 -1 -1 28 -1 -1 -1 -1 10 -1 29 -1 -1 -1 27 -1 -1 23 -1 -1 -1 -1 25 -1 -1 -1 -1 -1 -1 -1 -1 -1 -1 -1 -1 22 21 20 19 18 -1 -1 
-1 -1 2 3 4 7 -1 -1 -1 -1 9 -1 -1 5 -1 -1 -1 -1 -1 -1 -1 -1 6 -1 -1 -1 -1 26 -1 -1 -1 13 -1 17 -1 15 -1 -1 12 1 -1 -1 -1 -1 -1 -1 -1 -1 -1 -1 -1 28 -1 -1 -1 -1 10 -1 29 -1 -1 -1 27 -1 -1 23 -1 22 -1 -1 25 -1 -1 -1 -1 -1 -1 -1 -1 -1 -1 -1 -1 -1 21 20 19 18 -1 -1 
-1 -1 2 3 4 7 -1 -1 -1 -1 9 -1 -1 5 -1 -1 -1 -1 -1 -1 -1 -1 6 -1 -1 -1 -1 26 -1 -1 -1 13 -1 17 -1 15 -1 -1 12 1 -1 -1 -1 -1 -1 -1 -1 -1 -1 -1 -1 28 -1 -1 -1 -1 -1 -1 29 -1 -1 -1 10 -1 -1 23 -1 22 -1 -1 25 -1 -1 -1 -1 -1 -1 -1 -1 -1 -1 -1 -1 -1 21 20 19 18 -1 -1 
-1 -1 2 3 4 7 -1 -1 -1 -1 9 -1 -1 5 -1 -1 -1 -1 -1 -1 -1 -1 6 -1 -1 -1 -1 26 -1 -1 -1 13 -1 17 -1 15 -1 -1 12 1 -1 -1 -1 -1 -1 31 -1 -1 -1 -1 -1 28 -1 -1 -1 -1 -1 -1 29 -1 -1 -1 10 -1 -1 23 -1 22 -1 -1 25 -1 -1 -1 -1 -1 -1 -1 -1 -1 -1 -1 -1 -1 21 20 19 18 -1 -1 
-1 -1 2 3 4 -1 -1 -1 -1 -1 9 -1 -1 5 -1 -1 7 -1 -1 -1 -1 -1 6 -1 -1 -1 -1 26 -1 -1 -1 13 -1 17 -1 15 -1 -1 12 1 -1 -1 -1 -1 -1 31 -1 -1 -1 -1 -1 28 -1 -1 -1 -1 -1 -1 29 -1 -1 -1 10 -1 -1 23 -1 22 -1 -1 25 -1 -1 -1 -1 -1 -1 -1 -1 -1 -1 -1 -1 -1 21 20 19 18 -1 -1 
-1 -1 2 3 4 -1 -1 -1 -1 -1 9 -1 -1 5 -1 -1 7 -1 -1 -1 -1 -1 6 -1 -1 -1 -1 26 -1 -1 -1 13 -1 -1 -1 15 -1 -1 12 1 -1 -1 -1 -1 -1 31 -1 -1 -1 -1 -1 28 17 -1 -1 -1 -1 -1 29 -1 -1 -1 10 -1 -1 23 -1 22 -1 -1 25 -1 -1 -1 -1 -1 -1 -1 -1 -1 -1 -1 -1 -1 21 20 19 18 -1 -1 
-1 -1 2 3 4 -1 -1 -1 -1 -1 9 -1 -1 5 -1 -1 7 -1 -1 -1 -1 -1 6 -1 -1 -1 -1 26 -1 -1 -1 13 -1 -1 -1 15 -1 -1 12 -1 -1 -1 -1 -1 -1 31 -1 -1 -1 -1 -1 28 17 -1 -1 -1 1 -1 29 -1 -1 -1 10 -1 -1 23 -1 22 -1 -1 25 -1 -1 -1 -1 -1 -1 -1 -1 -1 -1 -1 -1 -1 21 20 19 18 -1 -1 
-1 -1 2 3 4 -1 -1 -1 -1 -1 9 -1 -1 5 -1 -1 25 -1 -1 -1 -1 -1 6 -1 -1 -1 -1 26 -1 -1 -1 13 -1 -1 -1 15 -1 -1 12 -1 -1 -1 -1 -1 -1 31 -1 -1 -1 -1 -1 28 17 -1 -1 -1 1 -1 29 -1 -1 -1 10 -1 -1 23 -1 22 -1 -1 -1 -1 -1 -1 -1 -1 -1 -1 -1 -1 -1 -1 -1 -1 21 20 19 18 -1 -1 
-1 -1 2 3 4 -1 -1 -1 -1 -1 -1 -1 -1 5 -1 -1 9 -1 -1 -1 -1 -1 6 -1 -1 -1 -1 26 -1 -1 -1 13 -1 -1 -1 15 -1 -1 12 -1 -1 -1 -1 -1 -1 31 -1 -1 -1 -1 -1 28 17 -1 -1 -1 1 -1 29 -1 -1 -1 10 -1 -1 23 -1 22 -1 -1 -1 -1 -1 -1 -1 -1 -1 -1 -1 -1 -1 -1 -1 -1 21 20 19 18 -1 -1 
-1 -1 2 3 4 -1 -1 -1 -1 -1 -1 -1 -1 5 -1 -1 9 -1 -1 -1 -1 -1 6 -1 -1 -1 -1 -1 -1 -1 -1 13 -1 -1 -1 26 -1 -1 12 -1 -1 -1 -1 -1 -1 31 -1 -1 -1 -1 -1 28 17 -1 -1 -1 1 -1 29 -1 -1 -1 10 -1 -1 23 -1 22 -1 -1 -1 -1 -1 -1 -1 -1 -1 -1 -1 -1 -1 -1 -1 -1 21 20 19 18 -1 -1 
-1 -1 2 3 4 -1 -1 -1 -1 -1 -1 -1 -1 5 -1 -1 9 -1 -1 -1 -1 -1 6 -1 -1 -1 -1 -1 -1 -1 -1 -1 -1 -1 -1 26 -1 -1 12 -1 13 -1 -1 -1 -1 31 -1 -1 -1 -1 -1 28 17 -1 -1 -1 1 -1 29 -1 -1 -1 10 -1 -1 23 -1 22 -1 -1 -1 -1 -1 -1 -1 -1 -1 -1 -1 -1 -1 -1 -1 -1 21 20 19 18 -1 -1 
-1 -1 2 3 4 -1 -1 -1 -1 -1 -1 -1 -1 5 -1 -1 9 -1 -1 -1 -1 -1 6 -1 -1 -1 -1 -1 -1 26 -1 -1 -1 -1 -1 -1 -1 -1 12 -1 13 -1 -1 -1 -1 31 -1 -1 -1 -1 -1 28 17 -1 -1 -1 1 -1 29 -1 -1 -1 10 -1 -1 23 -1 22 -1 -1 -1 -1 -1 -1 -1 -1 -1 -1 -1 -1 -1 -1 -1 -1 21 20 19 18 -1 -1 
-1 -1 2 3 4 -1 -1 -1 -1 -1 -1 -1 -1 5 -1 -1 9 -1 -1 -1 -1 -1 6 -1 -1 -1 -1 -1 -1 26 -1 -1 -1 -1 -1 -1 -1 -1 12 -1 13 -1 -1 -1 -1 1 -1 -1 -1 -1 -1 28 17 -1 -1 -1 -1 -1 29 -1 -1 -1 10 -1 -1 23 -1 22 -1 -1 -1 -1 -1 -1 -1 -1 -1 -1 -1 -1 -1 -1 -1 -1 21 20 19 18 -1 -1 
-1 -1 2 3 4 -1 -1 -1 -1 -1 -1 -1 -1 5 -1 -1 9 -1 -1 -1 -1 -1 6 -1 -1 -1 -1 -1 -1 26 -1 -1 -1 17 -1 -1 -1 -1 12 -1 13 -1 -1 -1 -1 1 -1 -1 -1 -1 -1 28 -1 -1 -1 -1 -1 -1 29 -1 -1 -1 10 -1 -1 23 -1 22 -1 -1 -1 -1 -1 -1 -1 -1 -1 -1 -1 -1 -1 -1 -1 -1 21 20 19 18 -1 -1 
-1 -1 2 3 4 -1 -1 -1 -1 -1 -1 -1 -1 5 -1 -1 -1 -1 -1 -1 -1 -1 6 -1 -1 -1 -1 -1 -1 26 -1 -1 -1 17 -1 -1 -1 -1 12 -1 13 -1 -1 -1 -1 1 -1 -1 -1 -1 -1 28 -1 -1 -1 -1 -1 -1 29 -1 -1 -1 10 -1 -1 23 -1 22 -1 -1 9 -1 -1 -1 -1 -1 -1 -1 -1 -1 -1 -1 -1 -1 21 20 19 18 -1 -1 
-1 -1 2 3 4 -1 -1 -1 -1 -1 -1 -1 -1 5 -1 -1 -1 -1 -1 -1 -1 -1 6 -1 -1 -1 -1 -1 -1 26 -1 -1 -1 17 -1 -1 -1 -1 12 -1 13 -1 -1 -1 -1 1 -1 -1 -1 -1 -1 28 -1 -1 -1 -1 -1 -1 29 -1 -1 -1 10 -1 -1 -1 -1 22 -1 -1 9 -1 -1 -1 -1 -1 -1 -1 -1 -1 -1 -1 23 -1 21 20 19 18 -1 -1 
-1 -1 2 3 4 -1 -1 -1 -1 -1 -1 -1 -1 5 -1 -1 -1 -1 -1 -1 -1 -1 6 -1 -1 -1 -1 -1 -1 26 -1 -1 -1 17 -1 -1 -1 -1 12 -1 -1 -1 -1 -1 -1 1 -1 -1 -1 13 -1 28 -1 -1 -1 -1 -1 -1 29 -1 -1 -1 10 -1 -1 -1 -1 22 -1 -1 9 -1 -1 -1 -1 -1 -1 -1 -1 -1 -1 -1 23 -1 21 20 19 18 -1 -1 
-1 -1 2 3 4 -1 -1 -1 -1 -1 -1 -1 -1 5 -1 -1 -1 -1 -1 -1 -1 -1 6 -1 -1 -1 -1 -1 -1 26 -1 -1 -1 17 -1 -1 -1 -1 12 -1 -1 -1 -1 -1 -1 1 -1 -1 -1 29 -1 28 -1 -1 -1 -1 -1 -1 -1 -1 -1 -1 10 -1 -1 -1 -1 22 -1 -1 9 -1 -1 -1 -1 -1 -1 -1 -1 -1 -1 -1 23 -1 21 20 19 18 -1 -1 
-1 -1 2 3 4 -1 -1 -1 -1 -1 -1 -1 -1 5 -1 -1 -1 -1 -1 -1 -1 -1 6 -1 -1 -1 -1 -1 -1 26 -1 -1 -1 17 -1 -1 -1 -1 12 -1 -1 -1 -1 -1 -1 1 -1 -1 -1 29 -1 28 -1 -1 -1 -1 -1 -1 10 -1 -1 -1 -1 -1 -1 -1 -1 22 -1 -1 9 -1 -1 -1 -1 -1 -1 -1 -1 -1 -1 -1 23 -1 21 20 19 18 -1 -1 
-1 -1 2 3 4 -1 -1 -1 -1 -1 -1 -1 -1 5 -1 -1 -1 -1 -1 -1 -1 -1 6 -1 -1 -1 -1 -1 -1 26 -1 -1 -1 17 -1 -1 -1 -1 12 -1 -1 -1 -1 -1 -1 1 -1 -1 -1 29 -1 28 -1 -1 -1 -1 -1 -1 10 -1 -1 -1 -1 -1 -1 -1 -1 22 -1 -1 9 -1 -1 -1 -1 -1 21 -1 -1 -1 -1 -1 23 -1 -1 20 19 18 -1 -1 
-1 -1 2 3 4 -1 -1 -1 -1 -1 -1 -1 -1 5 -1 -1 -1 -1 -1 -1 -1 -1 6 -1 -1 -1 -1 -1 -1 26 -1 -1 -1 17 -1 -1 -1 -1 -1 -1 -1 -1 -1 -1 -1 1 -1 12 -1 29 -1 28 -1 -1 -1 -1 -1 -1 10 -1 -1 -1 -1 -1 -1 -1 -1 22 -1 -1 9 -1 -1 -1 -1 -1 21 -1 -1 -1 -1 -1 23 -1 -1 20 19 18 -1 -1 
-1 -1 2 3 4 -1 -1 -1 -1 -1 -1 -1 -1 5 -1 -1 -1 -1 -1 -1 -1 -1 6 -1 -1 -1 -1 -1 -1 26 -1 -1 -1 17 -1 -1 -1 -1 -1 -1 -1 -1 -1 -1 -1 1 -1 12 -1 29 -1 28 -1 -1 -1 -1 -1 -1 10 -1 -1 -1 -1 -1 -1 -1 -1 22 -1 -1 9 -1 -1 -1 -1 23 21 -1 -1 -1 -1 -1 -1 -1 -1 20 19 18 -1 -1 
-1 -1 2 3 4 -1 -1 -1 -1 -1 -1 -1 -1 5 -1 -1 -1 -1 -1 -1 -1 -1 6 -1 -1 -1 -1 -1 -1 26 -1 -1 -1 17 -1 -1 -1 -1 -1 -1 -1 -1 -1 -1 -1 1 -1 12 -1 29 -1 28 -1 -1 -1 -1 -1 -1 -1 -1 10 -1 -1 -1 -1 -1 -1 22 -1 -1 9 -1 -1 -1 -1 23 21 -1 -1 -1 -1 -1 -1 -1 -1 20 19 18 -1 -1 
-1 -1 2 3 4 -1 -1 -1 -1 -1 -1 -1 -1 5 -1 -1 -1 -1 -1 -1 -1 -1 6 -1 -1 -1 17 -1 -1 26 -1 -1 -1 -1 -1 -1 -1 -1 -1 -1 -1 -1 -1 -1 -1 1 -1 12 -1 29 -1 28 -1 -1 -1 -1 -1 -1 -1 -1 10 -1 -1 -1 -1 -1 -1 22 -1 -1 9 -1 -1 -1 -1 23 21 -1 -1 -1 -1 -1 -1 -1 -1 20 19 18 -1 -1 
-1 -1 2 3 4 -1 -1 -1 -1 -1 -1 -1 -1 5 -1 -1 -1 -1 -1 -1 -1 -1 6 -1 -1 -1 17 -1 -1 26 -1 -1 -1 -1 -1 -1 -1 -1 -1 -1 -1 -1 -1 -1 -1 1 -1 -1 12 29 -1 28 -1 -1 -1 -1 -1 -1 -1 -1 10 -1 -1 -1 -1 -1 -1 22 -1 -1 9 -1 -1 -1 -1 23 21 -1 -1 -1 -1 -1 -1 -1 -1 20 19 18 -1 -1 
-1 -1 2 3 4 -1 -1 -1 -1 -1 -1 -1 -1 5 -1 -1 -1 -1 -1 -1 -1 -1 6 -1 -1 -1 17 -1 -1 26 -1 -1 -1 -1 -1 -1 -1 -1 -1 -1 29 -1 -1 -1 -1 1 -1 -1 12 -1 -1 28 -1 -1 -1 -1 -1 -1 -1 -1 10 -1 -1 -1 -1 -1 -1 22 -1 -1 9 -1 -1 -1 -1 23 21 -1 -1 -1 -1 -1 -1 -1 -1 20 19 18 -1 -1 
-1 -1 2 3 4 -1 -1 -1 -1 -1 -1 -1 -1 5 -1 -1 -1 -1 -1 -1 -1 -1 6 -1 -1 -1 17 -1 -1 26 -1 -1 -1 -1 -1 -1 -1 -1 -1 -1 29 -1 -1 -1 -1 1 -1 -1 -1 -1 -1 28 -1 -1 -1 -1 -1 12 -1 -1 10 -1 -1 -1 -1 -1 -1 22 -1 -1 9 -1 -1 -1 -1 23 21 -1 -1 -1 -1 -1 -1 -1 -1 20 19 18 -1 -1 
-1 -1 2 3 4 -1 -1 -1 -1 -1 -1 -1 -1 5 -1 -1 -1 -1 -1 -1 -1 -1 6 -1 -1 -1 -1 -1 -1 26 -1 -1 -1 -1 -1 -1 -1 -1 -1 -1 29 -1 -1 17 -1 1 -1 -1 -1 -1 -1 28 -1 -1 -1 -1 -1 12 -1 -1 10 -1 -1 -1 -1 -1 -1 22 -1 -1 9 -1 -1 -1 -1 23 21 -1 -1 -1 -1 -1 -1 -1 -1 20 19 18 -1 -1 
-1 -1 2 3 4 -1 -1 -1 -1 -1 -1 -1 -1 5 -1 -1 -1 -1 -1 -1 -1 -1 6 -1 -1 -1 -1 -1 -1 26 -1 -1 -1 -1 -1 -1 -1 -1 -1 -1 29 -1 -1 17 -1 1 -1 -1 -1 -1 -1 28 -1 -1 -1 -1 -1 12 -1 10 -1 -1 -1 -1 -1 -1 -1 22 -1 -1 9 -1 -1 -1 -1 23 21 -1 -1 -1 -1 -1 -1 -1 -1 20 19 18 -1 -1 
-1 -1 2 3 4 -1 -1 -1 -1 -1 -1 -1 -1 5 -1 -1 -1 -1 -1 -1 -1 -1 6 -1 -1 -1 -1 -1 -1 26 -1 -1 -1 -1 -1 -1 -1 -1 -1 -1 29 -1 -1 -1 -1 1 -1 -1 -1 -1 17 28 -1 -1 -1 -1 -1 12 -1 10 -1 -1 -1 -1 -1 -1 -1 22 -1 -1 9 -1 -1 -1 -1 23 21 -1 -1 -1 -1 -1 -1 -1 -1 20 19 18 -1 -1 
-1 -1 2 3 4 -1 -1 -1 -1 -1 -1 -1 -1 5 -1 -1 -1 -1 -1 -1 -1 -1 6 -1 -1 -1 -1 -1 -1 26 -1 -1 -1 -1 -1 -1 -1 -1 -1 -1 29 -1 -1 -1 -1 1 -1 -1 -1 -1 17 28 -1 -1 -1 -1 -1 12 -1 10 -1 -1 -1 -1 -1 -1 -1 22 -1 -1 -1 -1 -1 -1 -1 23 21 -1 -1 9 -1 -1 -1 -1 -1 20 19 18 -1 -1 
-1 -1 2 3 4 -1 -1 -1 -1 -1 -1 -1 -1 5 -1 -1 -1 -1 -1 -1 -1 -1 6 -1 -1 -1 -1 -1 -1 26 -1 -1 -1 -1 -1 -1 -1 -1 -1 -1 29 -1 -1 -1 -1 1 -1 -1 -1 -1 17 28 -1 -1 -1 -1 -1 12 -1 10 -1 -1 -1 -1 -1 -1 -1 22 -1 -1 -1 -1 -1 -1 -1 -1 21 -1 -1 9 -1 -1 23 -1 -1 20 19 18 -1 -1 
-1 -1 2 3 4 -1 -1 -1 -1 -1 -1 -1 -1 5 -1 -1 -1 -1 -1 -1 -1 -1 6 -1 -1 -1 -1 -1 -1 26 -1 -1 -1 -1 -1 -1 -1 -1 -1 -1 29 -1 -1 -1 -1 -1 -1 -1 -1 -1 17 28 -1 -1 -1 -1 -1 12 -1 10 -1 -1 -1 -1 1 -1 -1 22 -1 -1 -1 -1 -1 -1 -1 -1 21 -1 -1 9 -1 -1 23 -1 -1 20 19 18 -1 -1 
-1 -1 2 3 4 -1 -1 -1 -1 -1 -1 -1 -1 5 -1 -1 -1 -1 -1 -1 -1 -1 6 -1 -1 -1 -1 -1 -1 26 -1 -1 -1 -1 -1 -1 -1 -1 -1 -1 29 -1 -1 -1 -1 -1 -1 -1 -1 -1 17 28 -1 -1 -1 -1 -1 12 -1 10 -1 -1 -1 -1 1 23 -1 22 -1 -1 -1 -1 -1 -1 -1 -1 21 -1 -1 9 -1 -1 -1 -1 -1 20 19 18 -1 -1 
-1 -1 2 3 4 -1 -1 -1 -1 -1 -1 -1 -1 5 -1 -1 -1 -1 -1 -1 -1 -1 6 -1 -1 -1 -1 -1 -1 26 -1 -1 -1 -1 -1 -1 -1 -1 -1 -1 29 -1 -1 -1 -1 -1 -1 -1 -1 -1 17 28 -1 -1 -1 -1 12 -1 -1 10 -1 -1 -1 -1 1 23 -1 22 -1 -1 -1 -1 -1 -1 -1 -1 21 -1 -1 9 -1 -1 -1 -1 -1 20 19 18 -1 -1 
-1 -1 2 3 4 -1 -1 -1 -1 -1 -1 -1 -1 5 -1 -1 -1 -1 -1 -1 -1 -1 6 -1 -1 -1 -1 -1 -1 26 -1 -1 -1 -1 -1 -1 -1 -1 -1 -1 29 -1 -1 -1 -1 -1 -1 -1 -1 -1 17 28 -1 -1 -1 -1 12 -1 23 10 -1 -1 -1 -1 1 -1 -1 22 -1 -1 -1 -1 -1 -1 -1 -1 21 -1 -1 9 -1 -1 -1 -1 -1 20 19 18 -1 -1 
-1 -1 2 3 4 -1 -1 -1 -1 -1 -1 -1 -1 5 -1 -1 -1 -1 -1 -1 -1 -1 6 -1 -1 -1 -1 -1 -1 26 -1 -1 -1 -1 -1 -1 -1 -1 -1 -1 29 -1 -1 -1 -1 -1 -1 -1 -1 -1 17 28 -1 -1 -1 -1 -1 12 23 10 -1 -1 -1 -1 1 -1 -1 22 -1 -1 -1 -1 -1 -1 -1 -1 21 -1 -1 9 -1 -1 -1 -1 -1 20 19 18 -1 -1 
-1 -1 2 3 4 -1 -1 -1 -1 -1 -1 -1 -1 5 -1 -1 -1 -1 -1 -1 -1 -1 6 -1 -1 -1 -1 -1 -1 26 -1 -1 -1 -1 -1 -1 -1 -1 -1 23 29 -1 -1 -1 -1 -1 -1 -1 -1 -1 17 28 -1 -1 -1 -1 -1 12 -1 10 -1 -1 -1 -1 1 -1 -1 22 -1 -1 -1 -1 -1 -1 -1 -1 21 -1 -1 9 -1 -1 -1 -1 -1 20 19 18 -1 -1 
-1 -1 2 3 4 -1 -1 -1 -1 -1 -1 -1 -1 5 -1 -1 -1 -1 -1 -1 -1 -1 6 -1 -1 -1 -1 -1 -1 26 -1 -1 -1 -1 -1 -1 -1 -1 -1 23 29 -1 -1 -1 -1 -1 -1 -1 -1 -1 17 28 -1 -1 -1 -1 -1 12 -1 10 -1 -1 -1 -1 1 -1 -1 22 -1 -1 -1 -1 -1 -1 -1 -1 21 9 -1 -1 -1 -1 -1 -1 -1 20 19 18 -1 -1 
-1 -1 2 3 4 -1 -1 -1 -1 -1 -1 -1 -1 5 -1 -1 -1 -1 -1 -1 -1 -1 6 -1 -1 -1 -1 -1 -1 26 -1 -1 -1 17 -1 -1 -1 -1 -1 23 29 -1 -1 -1 -1 -1 -1 -1 -1 -1 -1 28 -1 -1 -1 -1 -1 12 -1 10 -1 -1 -1 -1 1 -1 -1 22 -1 -1 -1 -1 -1 -1 -1 -1 21 9 -1 -1 -1 -1 -1 -1 -1 20 19 18 -1 -1 
-1 -1 2 3 4 -1 -1 -1 -1 -1 -1 -1 -1 5 -1 -1 -1 -1 -1 -1 -1 -1 6 -1 -1 -1 -1 -1 -1 26 -1 -1 -1 17 -1 -1 -1 -1 -1 23 29 -1 -1 -1 -1 -1 -1 -1 -1 -1 -1 28 -1 -1 -1 -1 -1 12 -1 10 -1 -1 -1 -1 -1 -1 -1 22 -1 -1 -1 -1 -1 -1 -1 -1 21 9 -1 -1 -1 1 -1 -1 -1 20 19 18 -1 -1 
-1 -1 2 3 4 -1 -1 -1 -1 -1 -1 -1 -1 5 -1 -1 -1 -1 -1 -1 -1 -1 6 -1 -1 -1 -1 -1 -1 -1 -1 26 -1 17 -1 -1 -1 -1 -1 23 29 -1 -1 -1 -1 -1 -1 -1 -1 -1 -1 28 -1 -1 -1 -1 -1 12 -1 10 -1 -1 -1 -1 -1 -1 -1 22 -1 -1 -1 -1 -1 -1 -1 -1 21 9 -1 -1 -1 1 -1 -1 -1 20 19 18 -1 -1 
-1 -1 2 3 4 -1 -1 -1 -1 -1 -1 -1 -1 5 -1 -1 -1 -1 -1 -1 -1 -1 6 10 -1 -1 -1 -1 -1 -1 -1 26 -1 17 -1 -1 -1 -1 -1 23 29 -1 -1 -1 -1 -1 -1 -1 -1 -1 -1 28 -1 -1 -1 -1 -1 12 -1 -1 -1 -1 -1 -1 -1 -1 -1 22 -1 -1 -1 -1 -1 -1 -1 -1 21 9 -1 -1 -1 1 -1 -1 -1 20 19 18 -1 -1 
-1 -1 2 3 4 -1 -1 -1 -1 -1 -1 -1 -1 5 -1 -1 -1 -1 -1 -1 -1 -1 6 10 -1 -1 -1 -1 -1 -1 -1 26 -1 -1 -1 -1 -1 -1 -1 23 29 -1 -1 -1 -1 -1 -1 -1 -1 -1 17 28 -1 -1 -1 -1 -1 12 -1 -1 -1 -1 -1 -1 -1 -1 -1 22 -1 -1 -1 -1 -1 -1 -1 -1 21 9 -1 -1 -1 1 -1 -1 -1 20 19 18 -1 -1 
-1 -1 2 3 4 -1 -1 -1 -1 -1 -1 -1 -1 5 -1 -1 -1 -1 -1 -1 -1 -1 6 -1 10 -1 -1 -1 -1 -1 -1 26 -1 -1 -1 -1 -1 -1 -1 23 29 -1 -1 -1 -1 -1 -1 -1 -1 -1 17 28 -1 -1 -1 -1 -1 12 -1 -1 -1 -1 -1 -1 -1 -1 -1 22 -1 -1 -1 -1 -1 -1 -1 -1 21 9 -1 -1 -1 1 -1 -1 -1 20 19 18 -1 -1 
-1 -1 2 3 4 -1 -1 -1 -1 -1 -1 -1 -1 5 -1 -1 -1 -1 -1 -1 -1 -1 6 -1 10 -1 -1 -1 -1 -1 -1 26 -1 -1 -1 -1 -1 -1 -1 23 29 -1 -1 -1 -1 -1 -1 -1 -1 -1 17 28 -1 -1 -1 -1 -1 12 -1 -1 -1 -1 -1 -1 -1 -1 -1 22 -1 -1 -1 18 -1 -1 -1 -1 21 9 -1 -1 -1 1 -1 -1 -1 20 19 -1 -1 -1 
-1 -1 2 3 4 -1 -1 -1 -1 -1 -1 -1 -1 5 -1 -1 -1 -1 -1 -1 -1 -1 6 -1 10 -1 -1 -1 -1 -1 -1 26 -1 -1 -1 -1 -1 -1 -1 23 29 -1 -1 -1 -1 -1 -1 -1 -1 -1 17 28 -1 -1 -1 -1 -1 12 -1 -1 -1 -1 -1 -1 -1 -1 -1 22 -1 -1 -1 18 -1 -1 1 -1 21 9 -1 -1 -1 -1 -1 -1 -1 20 19 -1 -1 -1 
-1 -1 2 3 4 -1 -1 -1 -1 -1 -1 -1 -1 5 -1 -1 -1 -1 -1 -1 -1 -1 6 -1 10 -1 -1 -1 -1 -1 -1 26 -1 -1 -1 -1 -1 -1 -1 23 29 -1 -1 -1 -1 -1 -1 -1 -1 -1 17 28 -1 -1 -1 -1 -1 12 -1 -1 -1 -1 -1 -1 -1 -1 -1 22 -1 -1 -1 18 -1 -1 1 -1 21 9 -1 -1 -1 -1 -1 -1 20 -1 19 -1 -1 -1 
-1 -1 2 3 -1 4 -1 -1 -1 -1 -1 -1 -1 5 -1 -1 -1 -1 -1 -1 -1 -1 6 -1 10 -1 -1 -1 -1 -1 -1 26 -1 -1 -1 -1 -1 -1 -1 23 29 -1 -1 -1 -1 -1 -1 -1 -1 -1 17 28 -1 -1 -1 -1 -1 12 -1 -1 -1 -1 -1 -1 -1 -1 -1 22 -1 -1 -1 18 -1 -1 1 -1 21 9 -1 -1 -1 -1 -1 -1 20 -1 19 -1 -1 -1 
-1 -1 2 3 -1 4 -1 -1 -1 -1 -1 -1 -1 5 -1 -1 -1 -1 -1 -1 -1 -1 6 -1 10 -1 -1 -1 -1 -1 -1 26 -1 -1 -1 -1 -1 -1 -1 -1 29 -1 -1 -1 -1 -1 23 -1 -1 -1 17 28 -1 -1 -1 -1 -1 12 -1 -1 -1 -1 -1 -1 -1 -1 -1 22 -1 -1 -1 18 -1 -1 1 -1 21 9 -1 -1 -1 -1 -1 -1 20 -1 19 -1 -1 -1 
-1 -1 2 3 -1 4 -1 -1 -1 -1 -1 -1 -1 5 -1 -1 -1 -1 -1 -1 -1 -1 6 -1 10 -1 -1 -1 -1 -1 -1 26 -1 -1 -1 -1 -1 -1 -1 -1 29 -1 -1 -1 -1 -1 23 -1 -1 -1 17 28 -1 -1 -1 -1 12 -1 -1 -1 -1 -1 -1 -1 -1 -1 -1 22 -1 -1 -1 18 -1 -1 1 -1 21 9 -1 -1 -1 -1 -1 -1 20 -1 19 -1 -1 -1 
-1 -1 2 3 -1 4 -1 -1 -1 -1 -1 -1 -1 5 -1 -1 -1 -1 -1 -1 -1 -1 6 -1 10 -1 -1 -1 -1 26 -1 -1 -1 -1 -1 -1 -1 -1 -1 -1 29 -1 -1 -1 -1 -1 23 -1 -1 -1 17 28 -1 -1 -1 -1 12 -1 -1 -1 -1 -1 -1 -1 -1 -1 -1 22 -1 -1 -1 18 -1 -1 1 -1 21 9 -1 -1 -1 -1 -1 -1 20 -1 19 -1 -1 -1 
-1 -1 2 3 -1 4 -1 -1 -1 -1 -1 -1 -1 5 -1 -1 -1 -1 -1 -1 -1 -1 6 -1 10 -1 -1 -1 -1 26 -1 -1 -1 -1 -1 -1 -1 -1 -1 -1 29 -1 -1 -1 -1 -1 23 -1 -1 -1 17 28 -1 -1 -1 12 -1 -1 -1 -1 -1 -1 -1 -1 -1 -1 -1 22 -1 -1 -1 18 -1 -1 1 -1 21 9 -1 -1 -1 -1 -1 -1 20 -1 19 -1 -1 -1 
-1 -1 2 3 -1 4 -1 -1 -1 -1 -1 -1 -1 5 -1 -1 -1 -1 -1 -1 -1 -1 6 -1 10 -1 -1 -1 -1 26 -1 29 -1 -1 -1 -1 -1 -1 -1 -1 -1 -1 -1 -1 -1 -1 23 -1 -1 -1 17 28 -1 -1 -1 12 -1 -1 -1 -1 -1 -1 -1 -1 -1 -1 -1 22 -1 -1 -1 18 -1 -1 1 -1 21 9 -1 -1 -1 -1 -1 -1 20 -1 19 -1 -1 -1 
-1 -1 2 3 -1 4 -1 -1 -1 -1 -1 -1 -1 5 -1 -1 -1 -1 -1 -1 -1 -1 6 -1 -1 10 -1 -1 -1 26 -1 29 -1 -1 -1 -1 -1 -1 -1 -1 -1 -1 -1 -1 -1 -1 23 -1 -1 -1 17 28 -1 -1 -1 12 -1 -1 -1 -1 -1 -1 -1 -1 -1 -1 -1 22 -1 -1 -1 18 -1 -1 1 -1 21 9 -1 -1 -1 -1 -1 -1 20 -1 19 -1 -1 -1 
-1 -1 2 3 -1 4 -1 -1 -1 -1 -1 -1 -1 5 -1 -1 -1 -1 -1 -1 -1 -1 6 -1 -1 10 -1 -1 -1 26 -1 29 -1 -1 -1 -1 -1 -1 -1 -1 -1 -1 -1 -1 -1 -1 -1 -1 -1 -1 17 28 -1 -1 -1 12 -1 23 -1 -1 -1 -1 -1 -1 -1 -1 -1 22 -1 -1 -1 18 -1 -1 1 -1 21 9 -1 -1 -1 -1 -1 -1 20 -1 19 -1 -1 -1 
-1 -1 2 3 -1 4 -1 -1 -1 -1 -1 -1 -1 5 -1 -1 -1 -1 -1 -1 -1 -1 6 -1 -1 10 -1 -1 -1 26 -1 29 -1 -1 -1 -1 -1 -1 -1 -1 -1 -1 -1 -1 -1 -1 -1 -1 -1 -1 17 28 -1 -1 -1 12 -1 23 -1 -1 -1 -1 -1 1 -1 -1 -1 22 -1 -1 -1 18 -1 -1 -1 -1 21 9 -1 -1 -1 -1 -1 -1 20 -1 19 -1 -1 -1 
-1 -1 2 3 -1 4 -1 -1 -1 -1 -1 -1 -1 5 -1 -1 -1 -1 -1 -1 -1 -1 6 -1 -1 10 -1 -1 -1 26 -1 29 -1 -1 -1 -1 -1 -1 -1 17 -1 -1 -1 -1 -1 -1 -1 -1 -1 -1 -1 28 -1 -1 -1 12 -1 23 -1 -1 -1 -1 -1 1 -1 -1 -1 22 -1 -1 -1 18 -1 -1 -1 -1 21 9 -1 -1 -1 -1 -1 -1 20 -1 19 -1 -1 -1 
-1 -1 2 3 -1 4 6 -1 -1 -1 -1 -1 -1 5 -1 -1 -1 -1 -1 -1 -1 -1 -1 -1 -1 10 -1 -1 -1 26 -1 29 -1 -1 -1 -1 -1 -1 -1 17 -1 -1 -1 -1 -1 -1 -1 -1 -1 -1 -1 28 -1 -1 -1 12 -1 23 -1 -1 -1 -1 -1 1 -1 -1 -1 22 -1 -1 -1 18 -1 -1 -1 -1 21 9 -1 -1 -1 -1 -1 -1 20 -1 19 -1 -1 -1 
-1 -1 2 3 -1 4 6 -1 -1 -1 -1 -1 -1 5 -1 -1 -1 -1 -1 -1 -1 -1 -1 -1 -1 10 -1 -1 -1 26 -1 29 -1 -1 -1 -1 -1 -1 -1 17 -1 -1 -1 -1 -1 -1 -1 -1 -1 -1 -1 28 -1 -1 -1 12 -1 23 -1 -1 -1 -1 -1 1 -1 -1 -1 -1 -1 -1 -1 18 -1 -1 -1 -1 21 9 -1 -1 -1 -1 -1 22 20 -1 19 -1 -1 -1 
-1 -1 2 3 -1 4 6 -1 -1 -1 -1 -1 -1 5 -1 -1 -1 -1 -1 -1 -1 -1 -1 -1 -1 10 -1 -1 -1 26 -1 29 -1 -1 -1 -1 -1 -1 -1 17 -1 -1 -1 -1 -1 -1 -1 -1 -1 -1 -1 28 -1 -1 -1 12 -1 23 -1 -1 -1 -1 -1 -1 -1 -1 -1 -1 -1 -1 -1 18 -1 -1 -1 -1 21 9 -1 -1 -1 -1 1 22 20 -1 19 -1 -1 -1 
-1 -1 2 3 -1 4 6 -1 -1 -1 -1 -1 -1 5 -1 -1 -1 -1 -1 -1 -1 -1 -1 -1 -1 10 -1 -1 -1 26 -1 29 -1 -1 -1 -1 -1 -1 23 17 -1 -1 -1 -1 -1 -1 -1 -1 -1 -1 -1 28 -1 -1 -1 12 -1 -1 -1 -1 -1 -1 -1 -1 -1 -1 -1 -1 -1 -1 -1 18 -1 -1 -1 -1 21 9 -1 -1 -1 -1 1 22 20 -1 19 -1 -1 -1 
-1 -1 2 3 -1 4 6 -1 -1 -1 -1 -1 -1 5 -1 -1 -1 -1 -1 -1 -1 -1 -1 -1 -1 10 -1 -1 -1 26 -1 29 -1 -1 -1 -1 -1 -1 23 17 -1 -1 -1 -1 -1 -1 -1 -1 -1 -1 -1 28 -1 -1 -1 -1 -1 -1 -1 -1 -1 -1 -1 -1 12 -1 -1 -1 -1 -1 -1 18 -1 -1 -1 -1 21 9 -1 -1 -1 -1 1 22 20 -1 19 -1 -1 -1 
-1 -1 2 3 -1 4 6 -1 -1 -1 -1 -1 -1 5 -1 -1 -1 -1 -1 -1 -1 -1 -1 -1 -1 10 -1 -1 -1 26 -1 29 -1 -1 -1 -1 -1 -1 23 -1 -1 -1 -1 -1 -1 -1 -1 -1 -1 -1 -1 28 -1 -1 -1 -1 -1 -1 17 -1 -1 -1 -1 -1 12 -1 -1 -1 -1 -1 -1 18 -1 -1 -1 -1 21 9 -1 -1 -1 -1 1 22 20 -1 19 -1 -1 -1 
-1 -1 2 3 -1 4 6 -1 -1 -1 -1 -1 -1 5 -1 -1 -1 -1 -1 -1 -1 -1 -1 -1 -1 10 -1 -1 -1 26 -1 29 -1 -1 -1 -1 -1 -1 23 -1 -1 -1 -1 -1 -1 -1 -1 -1 -1 -1 -1 28 -1 -1 -1 -1 -1 -1 17 -1 -1 -1 -1 -1 12 -1 -1 -1 -1 -1 -1 18 -1 -1 -1 -1 21 -1 -1 -1 9 -1 1 22 20 -1 19 -1 -1 -1 
-1 -1 2 3 -1 4 6 -1 -1 -1 -1 -1 -1 5 -1 -1 -1 -1 -1 -1 -1 -1 -1 -1 -1 10 -1 -1 -1 26 -1 29 -1 -1 -1 -1 -1 -1 -1 -1 -1 -1 -1 -1 -1 23 -1 -1 -1 -1 -1 28 -1 -1 -1 -1 -1 -1 17 -1 -1 -1 -1 -1 12 -1 -1 -1 -1 -1 -1 18 -1 -1 -1 -1 21 -1 -1 -1 9 -1 1 22 20 -1 19 -1 -1 -1 
-1 -1 2 3 -1 4 6 -1 -1 -1 -1 -1 -1 5 -1 -1 -1 -1 -1 -1 -1 -1 -1 -1 -1 -1 -1 -1 -1 26 -1 29 -1 -1 -1 -1 -1 -1 -1 -1 -1 -1 -1 -1 -1 23 -1 -1 -1 -1 -1 28 -1 -1 -1 -1 -1 -1 17 -1 -1 -1 -1 -1 12 -1 -1 -1 -1 -1 -1 18 -1 -1 -1 -1 21 -1 -1 10 9 -1 1 22 20 -1 19 -1 -1 -1 
-1 -1 2 3 -1 4 6 -1 -1 -1 -1 -1 -1 5 -1 -1 -1 -1 -1 -1 -1 -1 -1 -1 -1 -1 -1 -1 -1 26 -1 29 -1 -1 -1 -1 -1 -1 -1 -1 -1 -1 -1 -1 -1 23 -1 -1 -1 -1 -1 28 -1 -1 -1 -1 -1 -1 17 -1 -1 -1 -1 -1 12 -1 -1 22 -1 -1 -1 18 -1 -1 -1 -1 21 -1 -1 10 9 -1 1 -1 20 -1 19 -1 -1 -1 
-1 -1 2 3 -1 4 6 -1 -1 -1 -1 -1 -1 5 -1 -1 -1 -1 -1 -1 -1 -1 -1 -1 -1 -1 -1 -1 -1 26 -1 29 -1 -1 -1 -1 -1 -1 -1 -1 -1 -1 -1 -1 -1 23 -1 -1 -1 -1 -1 28 -1 -1 -1 -1 -1 -1 17 -1 -1 -1 -1 -1 -1 12 -1 22 -1 -1 -1 18 -1 -1 -1 -1 21 -1 -1 10 9 -1 1 -1 20 -1 19 -1 -1 -1 
-1 -1 2 3 -1 4 6 -1 -1 -1 -1 -1 -1 5 -1 -1 -1 -1 -1 -1 -1 -1 -1 -1 -1 -1 -1 -1 -1 26 -1 29 -1 -1 -1 -1 -1 -1 -1 -1 -1 -1 -1 -1 -1 -1 -1 -1 -1 -1 -1 28 -1 -1 -1 -1 23 -1 17 -1 -1 -1 -1 -1 -1 12 -1 22 -1 -1 -1 18 -1 -1 -1 -1 21 -1 -1 10 9 -1 1 -1 20 -1 19 -1 -1 -1 
-1 -1 2 3 -1 4 6 -1 -1 -1 -1 -1 -1 5 -1 -1 -1 -1 -1 -1 -1 -1 -1 -1 -1 -1 -1 -1 -1 26 -1 29 -1 -1 -1 -1 -1 -1 -1 -1 -1 -1 -1 -1 -1 -1 -1 -1 -1 -1 -1 28 -1 -1 -1 -1 23 -1 17 -1 -1 -1 -1 -1 -1 -1 -1 22 -1 -1 -1 18 -1 -1 12 -1 21 -1 -1 10 9 -1 1 -1 20 -1 19 -1 -1 -1 
-1 -1 2 3 -1 4 6 -1 -1 -1 -1 -1 -1 5 -1 -1 -1 -1 -1 -1 -1 -1 -1 -1 -1 -1 -1 -1 -1 26 -1 29 -1 -1 -1 -1 -1 -1 -1 -1 -1 -1 -1 -1 -1 -1 -1 -1 -1 -1 -1 28 -1 -1 -1 -1 23 -1 17 -1 -1 -1 -1 -1 -1 -1 -1 22 -1 -1 -1 18 -1 -1 12 -1 21 -1 -1 10 9 -1 1 -1 -1 20 19 -1 -1 -1 
-1 -1 2 3 -1 4 6 -1 -1 -1 -1 -1 -1 5 -1 -1 -1 -1 -1 -1 -1 -1 -1 -1 -1 10 -1 -1 -1 26 -1 29 -1 -1 -1 -1 -1 -1 -1 -1 -1 -1 -1 -1 -1 -1 -1 -1 -1 -1 -1 28 -1 -1 -1 -1 23 -1 17 -1 -1 -1 -1 -1 -1 -1 -1 22 -1 -1 -1 18 -1 -1 12 -1 21 -1 -1 -1 9 -1 1 -1 -1 20 19 -1 -1 -1 
-1 -1 2 3 -1 4 6 -1 -1 -1 -1 -1 -1 5 -1 -1 -1 -1 -1 -1 -1 -1 -1 -1 -1 10 -1 -1 -1 26 -1 29 -1 -1 -1 -1 -1 -1 -1 -1 -1 -1 -1 -1 -1 -1 -1 -1 -1 -1 -1 28 -1 -1 -1 -1 23 -1 17 -1 -1 -1 -1 -1 -1 -1 -1 22 -1 -1 -1 18 -1 -1 12 -1 -1 -1 -1 -1 9 -1 1 -1 21 20 19 -1 -1 -1 
-1 -1 2 3 -1 4 6 -1 -1 -1 -1 -1 -1 5 -1 -1 -1 -1 -1 -1 -1 -1 -1 -1 -1 -1 -1 -1 -1 26 -1 29 -1 -1 -1 -1 -1 -1 -1 -1 -1 -1 -1 -1 -1 -1 -1 -1 -1 -1 -1 28 -1 -1 -1 -1 23 -1 17 -1 -1 10 -1 -1 -1 -1 -1 22 -1 -1 -1 18 -1 -1 12 -1 -1 -1 -1 -1 9 -1 1 -1 21 20 19 -1 -1 -1 
-1 -1 2 3 -1 4 6 -1 -1 -1 -1 -1 -1 5 -1 -1 -1 -1 -1 -1 -1 -1 -1 -1 -1 -1 -1 -1 -1 26 -1 29 -1 -1 -1 -1 -1 -1 -1 -1 -1 -1 -1 -1 -1 -1 -1 -1 -1 -1 -1 28 -1 -1 -1 -1 23 -1 -1 -1 -1 10 -1 -1 -1 -1 -1 22 -1 17 -1 18 -1 -1 12 -1 -1 -1 -1 -1 9 -1 1 -1 21 20 19 -1 -1 -1 
-1 -1 2 3 -1 4 6 -1 -1 -1 -1 -1 -1 5 -1 -1 -1 -1 -1 -1 -1 -1 -1 -1 -1 -1 -1 -1 -1 26 -1 29 -1 -1 -1 -1 -1 -1 -1 -1 -1 -1 -1 -1 -1 -1 -1 -1 -1 -1 -1 28 -1 -1 -1 -1 23 -1 -1 -1 -1 10 -1 -1 -1 -1 -1 22 -1 17 -1 18 -1 -1 12 -1 -1 -1 -1 -1 -1 -1 1 -1 21 20 19 -1 -1 9 
-1 -1 2 3 -1 4 6 -1 -1 -1 -1 -1 -1 5 -1 -1 -1 -1 -1 -1 -1 -1 -1 -1 -1 -1 -1 -1 -1 26 -1 29 -1 -1 -1 -1 -1 -1 -1 -1 -1 -1 -1 -1 -1 -1 -1 -1 -1 -1 -1 28 -1 -1 -1 -1 23 -1 -1 -1 -1 10 -1 -1 -1 -1 -1 -1 -1 17 -1 18 -1 -1 12 -1 -1 -1 -1 -1 -1 -1 1 -1 21 20 19 22 -1 9 
-1 -1 2 3 -1 4 6 -1 -1 -1 -1 -1 -1 5 -1 -1 -1 -1 -1 -1 -1 -1 -1 -1 -1 -1 -1 -1 -1 26 -1 29 -1 -1 -1 -1 -1 -1 -1 -1 -1 -1 -1 -1 -1 -1 -1 -1 -1 -1 -1 28 -1 -1 -1 -1 23 -1 -1 -1 -1 10 -1 -1 -1 -1 -1 -1 -1 17 -1 18 -1 -1 -1 12 -1 -1 -1 -1 -1 -1 1 -1 21 20 19 22 -1 9 
-1 -1 2 3 -1 4 6 -1 -1 -1 -1 -1 -1 5 -1 -1 -1 -1 -1 -1 -1 -1 -1 -1 -1 -1 -1 -1 -1 26 -1 29 -1 -1 -1 -1 -1 -1 -1 -1 -1 -1 28 -1 -1 -1 -1 -1 -1 -1 -1 -1 -1 -1 -1 -1 23 -1 -1 -1 -1 10 -1 -1 -1 -1 -1 -1 -1 17 -1 18 -1 -1 -1 12 -1 -1 -1 -1 -1 -1 1 -1 21 20 19 22 -1 9 
-1 -1 2 3 -1 4 6 -1 -1 -1 -1 -1 -1 -1 -1 -1 -1 -1 -1 -1 -1 5 -1 -1 -1 -1 -1 -1 -1 26 -1 29 -1 -1 -1 -1 -1 -1 -1 -1 -1 -1 28 -1 -1 -1 -1 -1 -1 -1 -1 -1 -1 -1 -1 -1 23 -1 -1 -1 -1 10 -1 -1 -1 -1 -1 -1 -1 17 -1 18 -1 -1 -1 12 -1 -1 -1 -1 -1 -1 1 -1 21 20 19 22 -1 9 
-1 -1 2 3 -1 4 6 -1 -1 -1 -1 -1 -1 -1 -1 -1 -1 -1 -1 -1 -1 5 -1 -1 -1 -1 -1 -1 -1 26 29 -1 -1 -1 -1 -1 -1 -1 -1 -1 -1 -1 28 -1 -1 -1 -1 -1 -1 -1 -1 -1 -1 -1 -1 -1 23 -1 -1 -1 -1 10 -1 -1 -1 -1 -1 -1 -1 17 -1 18 -1 -1 -1 12 -1 -1 -1 -1 -1 -1 1 -1 21 20 19 22 -1 9 
-1 -1 2 3 -1 4 -1 -1 -1 -1 -1 -1 -1 -1 -1 -1 -1 -1 -1 -1 -1 5 6 -1 -1 -1 -1 -1 -1 26 29 -1 -1 -1 -1 -1 -1 -1 -1 -1 -1 -1 28 -1 -1 -1 -1 -1 -1 -1 -1 -1 -1 -1 -1 -1 23 -1 -1 -1 -1 10 -1 -1 -1 -1 -1 -1 -1 17 -1 18 -1 -1 -1 12 -1 -1 -1 -1 -1 -1 1 -1 21 20 19 22 -1 9 
-1 -1 2 3 -1 4 -1 -1 -1 -1 -1 -1 -1 -1 -1 -1 -1 -1 -1 -1 -1 5 6 -1 -1 -1 -1 -1 -1 26 29 -1 -1 -1 -1 -1 -1 -1 -1 -1 -1 28 -1 -1 -1 -1 -1 -1 -1 -1 -1 -1 -1 -1 -1 -1 23 -1 -1 -1 -1 10 -1 -1 -1 -1 -1 -1 -1 17 -1 18 -1 -1 -1 12 -1 -1 -1 -1 -1 -1 1 -1 21 20 19 22 -1 9 
-1 -1 2 3 -1 4 -1 -1 -1 -1 -1 -1 -1 -1 -1 -1 10 -1 -1 -1 -1 5 6 -1 -1 -1 -1 -1 -1 26 29 -1 -1 -1 -1 -1 -1 -1 -1 -1 -1 28 -1 -1 -1 -1 -1 -1 -1 -1 -1 -1 -1 -1 -1 -1 23 -1 -1 -1 -1 -1 -1 -1 -1 -1 -1 -1 -1 17 -1 18 -1 -1 -1 12 -1 -1 -1 -1 -1 -1 1 -1 21 20 19 22 -1 9 
-1 -1 2 3 -1 4 -1 -1 -1 -1 -1 -1 -1 -1 -1 -1 10 -1 -1 -1 -1 5 6 -1 -1 -1 -1 -1 -1 26 29 -1 -1 -1 -1 -1 -1 -1 -1 -1 28 -1 -1 -1 -1 -1 -1 -1 -1 -1 -1 -1 -1 -1 -1 -1 23 -1 -1 -1 -1 -1 -1 -1 -1 -1 -1 -1 -1 17 -1 18 -1 -1 -1 12 -1 -1 -1 -1 -1 -1 1 -1 21 20 19 22 -1 9 
-1 -1 2 3 -1 4 -1 -1 -1 10 -1 -1 -1 -1 -1 -1 -1 -1 -1 -1 -1 5 6 -1 -1 -1 -1 -1 -1 26 29 -1 -1 -1 -1 -1 -1 -1 -1 -1 28 -1 -1 -1 -1 -1 -1 -1 -1 -1 -1 -1 -1 -1 -1 -1 23 -1 -1 -1 -1 -1 -1 -1 -1 -1 -1 -1 -1 17 -1 18 -1 -1 -1 12 -1 -1 -1 -1 -1 -1 1 -1 21 20 19 22 -1 9 
-1 -1 2 3 -1 4 -1 -1 -1 10 -1 -1 -1 -1 -1 -1 -1 -1 -1 -1 -1 5 6 -1 -1 -1 -1 26 -1 -1 29 -1 -1 -1 -1 -1 -1 -1 -1 -1 28 -1 -1 -1 -1 -1 -1 -1 -1 -1 -1 -1 -1 -1 -1 -1 23 -1 -1 -1 -1 -1 -1 -1 -1 -1 -1 -1 -1 17 -1 18 -1 -1 -1 12 -1 -1 -1 -1 -1 -1 1 -1 21 20 19 22 -1 9 
-1 -1 2 3 -1 4 -1 -1 -1 10 -1 -1 -1 -1 -1 -1 -1 -1 -1 -1 -1 5 6 -1 -1 -1 -1 26 -1 -1 29 -1 -1 -1 -1 -1 -1 -1 -1 -1 28 -1 -1 -1 -1 -1 -1 -1 -1 -1 -1 -1 -1 -1 -1 -1 23 -1 -1 -1 -1 -1 -1 -1 -1 1 -1 -1 -1 17 -1 18 -1 -1 -1 12 -1 -1 -1 -1 -1 -1 -1 -1 21 20 19 22 -1 9 
-1 -1 2 3 -1 4 -1 -1 -1 10 -1 -1 -1 -1 -1 -1 -1 -1 -1 -1 -1 5 6 -1 -1 -1 -1 26 -1 -1 29 -1 -1 -1 -1 -1 -1 -1 -1 -1 28 -1 -1 -1 -1 -1 -1 -1 -1 -1 -1 -1 -1 -1 -1 -1 23 -1 -1 -1 -1 -1 -1 -1 -1 1 -1 -1 -1 17 -1 18 -1 -1 -1 12 21 -1 -1 -1 -1 -1 -1 -1 -1 20 19 22 -1 9 
-1 -1 2 3 -1 4 -1 -1 -1 -1 -1 -1 -1 10 -1 -1 -1 -1 -1 -1 -1 5 6 -1 -1 -1 -1 26 -1 -1 29 -1 -1 -1 -1 -1 -1 -1 -1 -1 28 -1 -1 -1 -1 -1 -1 -1 -1 -1 -1 -1 -1 -1 -1 -1 23 -1 -1 -1 -1 -1 -1 -1 -1 1 -1 -1 -1 17 -1 18 -1 -1 -1 12 21 -1 -1 -1 -1 -1 -1 -1 -1 20 19 22 -1 9 
-1 -1 2 3 -1 4 -1 -1 -1 -1 -1 -1 -1 10 -1 -1 -1 -1 -1 -1 -1 5 6 -1 -1 -1 -1 26 -1 -1 29 -1 -1 -1 -1 -1 -1 -1 -1 -1 28 -1 -1 -1 -1 -1 -1 -1 -1 -1 -1 -1 -1 -1 -1 -1 23 -1 -1 -1 -1 -1 -1 -1 -1 1 21 -1 -1 17 -1 18 -1 -1 -1 12 -1 -1 -1 -1 -1 -1 -1 -1 -1 20 19 22 -1 9 
-1 -1 2 3 -1 4 -1 -1 -1 -1 -1 -1 -1 -1 -1 -1 -1 -1 -1 -1 -1 5 6 -1 -1 -1 -1 26 -1 -1 29 -1 -1 -1 -1 -1 -1 -1 -1 -1 10 -1 -1 -1 -1 -1 -1 -1 -1 -1 -1 -1 -1 -1 -1 -1 23 -1 -1 -1 -1 -1 -1 -1 -1 1 21 -1 -1 17 -1 18 -1 -1 -1 12 -1 -1 -1 -1 -1 -1 -1 -1 -1 20 19 22 -1 9 
-1 -1 2 3 -1 4 -1 -1 -1 -1 -1 -1 -1 -1 -1 -1 -1 -1 -1 -1 -1 29 6 -1 -1 -1 -1 26 -1 -1 -1 -1 -1 -1 -1 -1 -1 -1 -1 -1 10 -1 -1 -1 -1 -1 -1 -1 -1 -1 -1 -1 -1 -1 -1 -1 23 -1 -1 -1 -1 -1 -1 -1 -1 1 21 -1 -1 17 -1 18 -1 -1 -1 12 -1 -1 -1 -1 -1 -1 -1 -1 -1 20 19 22 -1 9 
-1 -1 2 3 -1 4 -1 -1 -1 -1 -1 -1 -1 -1 -1 -1 -1 -1 -1 -1 -1 29 -1 -1 -1 -1 -1 26 -1 -1 -1 -1 -1 -1 -1 -1 -1 -1 6 -1 10 -1 -1 -1 -1 -1 -1 -1 -1 -1 -1 -1 -1 -1 -1 -1 23 -1 -1 -1 -1 -1 -1 -1 -1 1 21 -1 -1 17 -1 18 -1 -1 -1 12 -1 -1 -1 -1 -1 -1 -1 -1 -1 20 19 22 -1 9 
-1 -1 2 3 -1 4 -1 -1 -1 -1 -1 -1 -1 -1 -1 -1 -1 -1 -1 -1 -1 29 -1 -1 -1 -1 -1 -1 -1 -1 -1 26 -1 -1 -1 -1 -1 -1 6 -1 10 -1 -1 -1 -1 -1 -1 -1 -1 -1 -1 -1 -1 -1 -1 -1 23 -1 -1 -1 -1 -1 -1 -1 -1 1 21 -1 -1 17 -1 18 -1 -1 -1 12 -1 -1 -1 -1 -1 -1 -1 -1 -1 20 19 22 -1 9 
-1 -1 2 -1 -1 4 -1 -1 -1 -1 -1 -1 -1 3 -1 -1 -1 -1 -1 -1 -1 29 -1 -1 -1 -1 -1 -1 -1 -1 -1 26 -1 -1 -1 -1 -1 -1 6 -1 10 -1 -1 -1 -1 -1 -1 -1 -1 -1 -1 -1 -1 -1 -1 -1 23 -1 -1 -1 -1 -1 -1 -1 -1 1 21 -1 -1 17 -1 18 -1 -1 -1 12 -1 -1 -1 -1 -1 -1 -1 -1 -1 20 19 22 -1 9 
-1 -1 2 -1 -1 4 -1 -1 -1 -1 -1 -1 29 3 -1 -1 -1 -1 -1 -1 -1 -1 -1 -1 -1 -1 -1 -1 -1 -1 -1 26 -1 -1 -1 -1 -1 -1 6 -1 10 -1 -1 -1 -1 -1 -1 -1 -1 -1 -1 -1 -1 -1 -1 -1 23 -1 -1 -1 -1 -1 -1 -1 -1 1 21 -1 -1 17 -1 18 -1 -1 -1 12 -1 -1 -1 -1 -1 -1 -1 -1 -1 20 19 22 -1 9 
-1 -1 2 -1 -1 4 -1 -1 -1 -1 -1 -1 29 -1 -1 -1 -1 -1 -1 -1 -1 3 -1 -1 -1 -1 -1 -1 -1 -1 -1 26 -1 -1 -1 -1 -1 -1 6 -1 10 -1 -1 -1 -1 -1 -1 -1 -1 -1 -1 -1 -1 -1 -1 -1 23 -1 -1 -1 -1 -1 -1 -1 -1 1 21 -1 -1 17 -1 18 -1 -1 -1 12 -1 -1 -1 -1 -1 -1 -1 -1 -1 20 19 22 -1 9 
-1 -1 2 -1 -1 4 -1 -1 -1 -1 -1 -1 29 -1 -1 -1 -1 -1 -1 -1 -1 3 -1 -1 -1 -1 -1 -1 -1 -1 -1 26 -1 -1 -1 -1 -1 -1 6 -1 10 -1 -1 -1 -1 -1 -1 -1 -1 -1 17 -1 -1 -1 -1 -1 23 -1 -1 -1 -1 -1 -1 -1 -1 1 21 -1 -1 -1 -1 18 -1 -1 -1 12 -1 -1 -1 -1 -1 -1 -1 -1 -1 20 19 22 -1 9 
-1 -1 2 -1 -1 4 -1 -1 -1 -1 -1 -1 29 -1 -1 -1 -1 -1 -1 -1 -1 3 -1 -1 -1 -1 -1 -1 -1 -1 -1 26 -1 -1 -1 -1 -1 -1 6 -1 10 -1 -1 -1 -1 -1 -1 -1 -1 -1 17 -1 -1 -1 -1 -1 23 -1 -1 -1 -1 -1 -1 -1 -1 1 21 -1 -1 -1 -1 18 -1 -1 -1 12 -1 -1 -1 -1 9 -1 -1 -1 -1 20 19 22 -1 -1 
-1 -1 2 -1 -1 4 -1 -1 -1 -1 -1 -1 29 -1 -1 -1 -1 -1 -1 -1 -1 3 -1 -1 -1 -1 -1 -1 -1 -1 26 -1 -1 -1 -1 -1 -1 -1 6 -1 10 -1 -1 -1 -1 -1 -1 -1 -1 -1 17 -1 -1 -1 -1 -1 23 -1 -1 -1 -1 -1 -1 -1 -1 1 21 -1 -1 -1 -1 18 -1 -1 -1 12 -1 -1 -1 -1 9 -1 -1 -1 -1 20 19 22 -1 -1 
-1 -1 2 -1 -1 4 -1 -1 -1 -1 -1 -1 29 -1 -1 -1 -1 -1 -1 -1 -1 3 -1 -1 -1 -1 -1 -1 -1 -1 26 -1 -1 -1 -1 -1 -1 -1 6 -1 10 -1 -1 -1 -1 -1 -1 -1 -1 -1 17 -1 -1 -1 -1 -1 23 -1 -1 -1 -1 -1 -1 -1 -1 1 21 -1 -1 -1 -1 18 -1 -1 -1 12 9 -1 -1 -1 -1 -1 -1 -1 -1 20 19 22 -1 -1 
-1 -1 2 -1 -1 4 -1 -1 -1 -1 -1 -1 29 -1 -1 -1 -1 -1 -1 -1 -1 3 -1 -1 -1 -1 -1 -1 -1 -1 26 -1 -1 -1 -1 -1 -1 -1 6 -1 10 -1 -1 -1 -1 -1 -1 -1 -1 -1 17 -1 -1 -1 -1 -1 23 -1 -1 -1 -1 -1 -1 -1 -1 1 21 22 -1 -1 -1 18 -1 -1 -1 12 9 -1 -1 -1 -1 -1 -1 -1 -1 20 19 -1 -1 -1 
-1 -1 2 -1 -1 4 -1 -1 -1 -1 -1 -1 29 -1 -1 -1 -1 -1 -1 -1 -1 3 -1 -1 -1 -1 -1 -1 -1 -1 26 -1 -1 -1 -1 -1 -1 -1 6 -1 10 -1 -1 -1 -1 -1 -1 -1 -1 -1 17 -1 -1 -1 -1 -1 23 -1 -1 -1 -1 -1 -1 -1 -1 1 21 22 -1 -1 -1 18 -1 -1 -1 12 -1 -1 9 -1 -1 -1 -1 -1 -1 20 19 -1 -1 -1 
-1 -1 2 -1 -1 4 -1 -1 -1 -1 -1 -1 29 -1 -1 -1 -1 -1 -1 -1 -1 3 -1 -1 -1 -1 -1 -1 -1 -1 26 -1 -1 -1 -1 -1 -1 -1 6 -1 10 -1 -1 -1 -1 -1 -1 -1 -1 -1 17 -1 -1 -1 -1 -1 23 -1 -1 -1 -1 -1 -1 -1 -1 1 21 22 -1 -1 -1 18 -1 -1 -1 12 19 -1 9 -1 -1 -1 -1 -1 -1 20 -1 -1 -1 -1 
-1 -1 2 -1 -1 4 -1 -1 -1 -1 -1 -1 29 -1 -1 -1 -1 -1 -1 -1 -1 3 -1 -1 -1 -1 -1 -1 -1 -1 26 -1 -1 -1 -1 -1 -1 -1 6 -1 10 -1 -1 -1 -1 -1 -1 -1 -1 -1 17 -1 -1 -1 -1 -1 23 -1 -1 -1 -1 -1 -1 -1 -1 1 21 22 -1 -1 -1 18 -1 -1 12 -1 19 -1 9 -1 -1 -1 -1 -1 -1 20 -1 -1 -1 -1 
-1 -1 2 -1 -1 4 -1 -1 -1 -1 -1 -1 29 -1 -1 -1 -1 -1 -1 -1 -1 3 -1 -1 -1 -1 -1 -1 -1 -1 26 -1 -1 -1 -1 -1 -1 -1 6 -1 10 -1 -1 -1 -1 -1 -1 -1 -1 -1 -1 -1 -1 -1 -1 -1 23 17 -1 -1 -1 -1 -1 -1 -1 1 21 22 -1 -1 -1 18 -1 -1 12 -1 19 -1 9 -1 -1 -1 -1 -1 -1 20 -1 -1 -1 -1 
-1 -1 2 -1 -1 4 -1 -1 -1 -1 -1 -1 29 -1 -1 -1 -1 -1 -1 -1 -1 3 10 -1 -1 -1 -1 -1 -1 -1 26 -1 -1 -1 -1 -1 -1 -1 6 -1 -1 -1 -1 -1 -1 -1 -1 -1 -1 -1 -1 -1 -1 -1 -1 -1 23 17 -1 -1 -1 -1 -1 -1 -1 1 21 22 -1 -1 -1 18 -1 -1 12 -1 19 -1 9 -1 -1 -1 -1 -1 -1 20 -1 -1 -1 -1 
-1 -1 2 -1 -1 4 -1 -1 -1 -1 -1 -1 29 -1 -1 -1 -1 -1 -1 -1 -1 3 10 -1 -1 -1 -1 -1 -1 -1 26 -1 -1 -1 -1 -1 -1 -1 17 -1 -1 -1 -1 -1 -1 -1 -1 -1 -1 -1 -1 -1 -1 -1 -1 -1 23 -1 -1 -1 -1 -1 -1 -1 -1 1 21 22 -1 -1 -1 18 -1 -1 12 -1 19 -1 9 -1 -1 -1 -1 -1 -1 20 -1 -1 -1 -1 
-1 -1 2 -1 -1 4 -1 -1 -1 -1 -1 -1 29 -1 -1 -1 -1 -1 -1 -1 -1 3 10 -1 9 -1 -1 -1 -1 -1 26 -1 -1 -1 -1 -1 -1 -1 17 -1 -1 -1 -1 -1 -1 -1 -1 -1 -1 -1 -1 -1 -1 -1 -1 -1 23 -1 -1 -1 -1 -1 -1 -1 -1 1 21 22 -1 -1 -1 18 -1 -1 12 -1 19 -1 -1 -1 -1 -1 -1 -1 -1 20 -1 -1 -1 -1 
-1 -1 2 -1 -1 4 -1 -1 -1 -1 -1 -1 29 -1 -1 -1 -1 -1 -1 -1 -1 3 10 -1 9 -1 -1 -1 -1 -1 26 -1 -1 -1 -1 -1 -1 -1 17 -1 -1 -1 -1 -1 -1 -1 -1 -1 -1 -1 -1 18 -1 -1 -1 -1 23 -1 -1 -1 -1 -1 -1 -1 -1 1 21 22 -1 -1 -1 -1 -1 -1 12 -1 19 -1 -1 -1 -1 -1 -1 -1 -1 20 -1 -1 -1 -1 
-1 -1 2 -1 -1 -1 -1 -1 -1 -1 -1 -1 29 -1 4 -1 -1 -1 -1 -1 -1 3 10 -1 9 -1 -1 -1 -1 -1 26 -1 -1 -1 -1 -1 -1 -1 17 -1 -1 -1 -1 -1 -1 -1 -1 -1 -1 -1 -1 18 -1 -1 -1 -1 23 -1 -1 -1 -1 -1 -1 -1 -1 1 21 22 -1 -1 -1 -1 -1 -1 12 -1 19 -1 -1 -1 -1 -1 -1 -1 -1 20 -1 -1 -1 -1 
-1 -1 2 -1 -1 -1 -1 -1 -1 -1 -1 -1 29 -1 4 -1 -1 -1 -1 -1 -1 3 10 -1 9 -1 -1 -1 -1 26 -1 -1 -1 -1 -1 -1 -1 -1 17 -1 -1 -1 -1 -1 -1 -1 -1 -1 -1 -1 -1 18 -1 -1 -1 -1 23 -1 -1 -1 -1 -1 -1 -1 -1 1 21 22 -1 -1 -1 -1 -1 -1 12 -1 19 -1 -1 -1 -1 -1 -1 -1 -1 20 -1 -1 -1 -1 
-1 -1 2 -1 -1 -1 -1 -1 -1 -1 -1 -1 29 -1 4 -1 -1 -1 -1 -1 -1 3 10 -1 9 -1 -1 -1 -1 26 -1 -1 -1 -1 -1 -1 -1 -1 17 -1 -1 -1 -1 -1 -1 -1 -1 -1 -1 -1 -1 18 -1 -1 1 -1 23 -1 -1 -1 -1 -1 -1 -1 -1 -1 21 22 -1 -1 -1 -1 -1 -1 12 -1 19 -1 -1 -1 -1 -1 -1 -1 -1 20 -1 -1 -1 -1 
-1 -1 2 -1 -1 -1 -1 -1 -1 -1 -1 -1 29 -1 4 -1 -1 -1 -1 -1 -1 3 10 -1 9 -1 -1 -1 -1 26 -1 17 -1 -1 -1 -1 -1 -1 -1 -1 -1 -1 -1 -1 -1 -1 -1 -1 -1 -1 -1 18 -1 -1 1 -1 23 -1 -1 -1 -1 -1 -1 -1 -1 -1 21 22 -1 -1 -1 -1 -1 -1 12 -1 19 -1 -1 -1 -1 -1 -1 -1 -1 20 -1 -1 -1 -1 
-1 -1 2 -1 -1 -1 -1 -1 -1 -1 -1 -1 29 -1 4 -1 -1 -1 -1 -1 -1 3 10 -1 -1 9 -1 -1 -1 26 -1 17 -1 -1 -1 -1 -1 -1 -1 -1 -1 -1 -1 -1 -1 -1 -1 -1 -1 -1 -1 18 -1 -1 1 -1 23 -1 -1 -1 -1 -1 -1 -1 -1 -1 21 22 -1 -1 -1 -1 -1 -1 12 -1 19 -1 -1 -1 -1 -1 -1 -1 -1 20 -1 -1 -1 -1 
-1 -1 2 -1 -1 -1 -1 -1 -1 -1 -1 26 29 -1 4 -1 -1 -1 -1 -1 -1 3 10 -1 -1 9 -1 -1 -1 -1 -1 17 -1 -1 -1 -1 -1 -1 -1 -1 -1 -1 -1 -1 -1 -1 -1 -1 -1 -1 -1 18 -1 -1 1 -1 23 -1 -1 -1 -1 -1 -1 -1 -1 -1 21 22 -1 -1 -1 -1 -1 -1 12 -1 19 -1 -1 -1 -1 -1 -1 -1 -1 20 -1 -1 -1 -1 
-1 -1 2 -1 -1 4 -1 -1 -1 -1 -1 26 29 -1 -1 -1 -1 -1 -1 -1 -1 3 10 -1 -1 9 -1 -1 -1 -1 -1 17 -1 -1 -1 -1 -1 -1 -1 -1 -1 -1 -1 -1 -1 -1 -1 -1 -1 -1 -1 18 -1 -1 1 -1 23 -1 -1 -1 -1 -1 -1 -1 -1 -1 21 22 -1 -1 -1 -1 -1 -1 12 -1 19 -1 -1 -1 -1 -1 -1 -1 -1 20 -1 -1 -1 -1 
-1 -1 2 -1 -1 4 -1 -1 -1 -1 -1 -1 29 -1 -1 -1 -1 -1 -1 -1 -1 3 10 -1 -1 9 -1 -1 -1 -1 -1 17 -1 -1 -1 -1 -1 -1 -1 -1 -1 -1 -1 -1 -1 -1 -1 -1 -1 -1 -1 18 -1 -1 1 -1 23 -1 -1 -1 -1 -1 -1 -1 -1 -1 21 22 -1 -1 -1 -1 -1 -1 26 -1 19 -1 -1 -1 -1 -1 -1 -1 -1 20 -1 -1 -1 -1 
