0 1 2 3 4 5 6 7 8 -1 -1 -1 -1 -1 -1 -1 -1 -1 -1 9 -1 -1 -1 -1 -1 10 -1 11 -1 12 -1 13 -1 14 -1 15 -1 -1 -1 -1 -1 -1 -1 -1 -1 -1 -1 -1 -1 -1 -1 -1 -1 -1 -1 -1 -1 -1 29 -1 28 -1 27 -1 26 23 -1 -1 -1 -1 25 -1 -1 -1 -1 -1 -1 -1 -1 -1 -1 24 -1 22 21 20 19 18 17 16 
0 1 2 3 4 5 6 7 8 -1 -1 -1 -1 -1 -1 -1 -1 -1 -1 9 -1 -1 -1 -1 -1 10 -1 11 -1 -1 -1 13 -1 14 -1 15 -1 -1 12 -1 -1 -1 -1 -1 -1 -1 -1 -1 -1 -1 -1 -1 -1 -1 -1 -1 -1 -1 29 -1 28 -1 27 -1 26 23 -1 -1 -1 -1 25 -1 -1 -1 -1 -1 -1 -1 -1 -1 -1 24 -1 22 21 20 19 18 17 16 
0 1 2 3 4 5 6 7 8 -1 -1 -1 -1 -1 -1 -1 -1 -1 -1 9 -1 -1 -1 -1 -1 10 -1 11 -1 -1 -1 13 -1 14 -1 15 -1 -1 12 -1 -1 -1 -1 -1 -1 -1 -1 -1 -1 -1 -1 28 -1 -1 -1 -1 -1 -1 29 -1 -1 -1 27 -1 26 23 -1 -1 -1 -1 25 -1 -1 -1 -1 -1 -1 -1 -1 -1 -1 24 -1 22 21 20 19 18 17 16 
0 -1 2 3 4 5 6 7 8 -1 -1 -1 -1 -1 -1 -1 -1 -1 -1 9 1 -1 -1 -1 -1 10 -1 11 -1 -1 -1 13 -1 14 -1 15 -1 -1 12 -1 -1 -1 -1 -1 -1 -1 -1 -1 -1 -1 -1 28 -1 -1 -1 -1 -1 -1 29 -1 -1 -1 27 -1 26 23 -1 -1 -1 -1 25 -1 -1 -1 -1 -1 -1 -1 -1 -1 -1 24 -1 22 21 20 19 18 17 16 
0 -1 2 3 4 5 6 7 8 -1 -1 -1 -1 -1 -1 -1 -1 -1 -1 9 1 -1 -1 -1 -1 10 -1 11 -1 -1 -1 13 -1 14 -1 15 -1 -1 12 -1 -1 -1 -1 -1 -1 -1 -1 -1 -1 -1 -1 28 -1 -1 -1 -1 -1 -1 29 -1 -1 -1 27 -1 26 23 -1 -1 -1 17 25 -1 -1 -1 -1 -1 -1 -1 -1 -1 -1 24 -1 22 21 20 19 18 -1 16 
-1 -1 2 3 4 5 6 7 8 0 -1 -1 -1 -1 -1 -1 -1 -1 -1 9 1 -1 -1 -1 -1 10 -1 11 -1 -1 -1 13 -1 14 -1 15 -1 -1 12 -1 -1 -1 -1 -1 -1 -1 -1 -1 -1 -1 -1 28 -1 -1 -1 -1 -1 -1 29 -1 -1 -1 27 -1 26 23 -1 -1 -1 17 25 -1 -1 -1 -1 -1 -1 -1 -1 -1 -1 24 -1 22 21 20 19 18 -1 16 
-1 -1 2 3 4 5 6 7 8 0 -1 -1 -1 -1 -1 -1 -1 -1 -1 9 1 -1 -1 -1 -1 10 -1 11 -1 -1 -1 13 -1 14 -1 15 -1 -1 12 -1 -1 -1 -1 -1 -1 -1 -1 -1 -1 -1 -1 28 -1 -1 -1 -1 -1 -1 29 -1 -1 -1 27 -1 26 23 -1 -1 -1 17 25 -1 24 -1 -1 -1 -1 -1 -1 -1 -1 -1 -1 22 21 20 19 18 -1 16 
-1 -1 2 3 4 5 6 7 8 -1 -1 -1 -1 -1 -1 0 -1 -1 -1 9 1 -1 -1 -1 -1 10 -1 11 -1 -1 -1 13 -1 14 -1 15 -1 -1 12 -1 -1 -1 -1 -1 -1 -1 -1 -1 -1 -1 -1 28 -1 -1 -1 -1 -1 -1 29 -1 -1 -1 27 -1 26 23 -1 -1 -1 17 25 -1 24 -1 -1 -1 -1 -1 -1 -1 -1 -1 -1 22 21 20 19 18 -1 16 
-1 -1 2 3 4 5 6 7 8 -1 -1 -1 -1 -1 -1 0 -1 -1 -1 9 1 -1 -1 -1 -1 10 -1 11 26 -1 -1 13 -1 14 -1 15 -1 -1 12 -1 -1 -1 -1 -1 -1 -1 -1 -1 -1 -1 -1 28 -1 -1 -1 -1 -1 -1 29 -1 -1 -1 27 -1 -1 23 -1 -1 -1 17 25 -1 24 -1 -1 -1 -1 -1 -1 -1 -1 -1 -1 22 21 20 19 18 -1 16 
-1 -1 2 3 4 5 6 7 8 -1 -1 -1 -1 -1 -1 0 -1 -1 -1 9 1 -1 -1 -1 -1 10 -1 11 26 -1 -1 13 -1 -1 -1 15 -1 -1 12 -1 -1 -1 14 -1 -1 -1 -1 -1 -1 -1 -1 28 -1 -1 -1 -1 -1 -1 29 -1 -1 -1 27 -1 -1 23 -1 -1 -1 17 25 -1 24 -1 -1 -1 -1 -1 -1 -1 -1 -1 -1 22 21 20 19 18 -1 16 
-1 -1 2 3 4 5 6 7 8 -1 -1 -1 -1 -1 -1 0 -1 -1 -1 9 1 -1 -1 -1 -1 10 -1 11 -1 26 -1 13 -1 -1 -1 15 -1 -1 12 -1 -1 -1 14 -1 -1 -1 -1 -1 -1 -1 -1 28 -1 -1 -1 -1 -1 -1 29 -1 -1 -1 27 -1 -1 23 -1 -1 -1 17 25 -1 24 -1 -1 -1 -1 -1 -1 -1 -1 -1 -1 22 21 20 19 18 -1 16 
-1 -1 -1 3 4 5 6 7 8 -1 -1 -1 -1 -1 -1 0 -1 -1 -1 9 1 -1 2 -1 -1 10 -1 11 -1 26 -1 13 -1 -1 -1 15 -1 -1 12 -1 -1 -1 14 -1 -1 -1 -1 -1 -1 -1 -1 28 -1 -1 -1 -1 -1 -1 29 -1 -1 -1 27 -1 -1 23 -1 -1 -1 17 25 -1 24 -1 -1 -1 -1 -1 -1 -1 -1 -1 -1 22 21 20 19 18 -1 16 
-1 -1 -1 3 4 5 6 7 8 -1 -1 -1 -1 -1 -1 0 -1 -1 -1 9 1 -1 2 -1 -1 10 -1 11 -1 26 -1 13 -1 -1 -1 15 -1 -1 12 -1 -1 -1 14 -1 -1 -1 -1 -1 -1 -1 -1 28 -1 -1 -1 -1 -1 -1 29 -1 -1 -1 27 -1 -1 23 -1 -1 -1 17 25 -1 -1 24 -1 -1 -1 -1 -1 -1 -1 -1 -1 22 21 20 19 18 -1 16 
-1 9 -1 3 4 5 6 7 8 -1 -1 -1 -1 -1 -1 0 -1 -1 -1 -1 1 -1 2 -1 -1 10 -1 11 -1 26 -1 13 -1 -1 -1 15 -1 -1 12 -1 -1 -1 14 -1 -1 -1 -1 -1 -1 -1 -1 28 -1 -1 -1 -1 -1 -1 29 -1 -1 -1 27 -1 -1 23 -1 -1 -1 17 25 -1 -1 24 -1 -1 -1 -1 -1 -1 -1 -1 -1 22 21 20 19 18 -1 16 
-1 9 -1 3 4 5 6 7 8 -1 -1 -1 -1 -1 -1 0 -1 -1 -1 -1 1 -1 2 -1 -1 10 -1 11 -1 26 -1 13 -1 -1 -1 15 -1 -1 12 -1 -1 -1 14 -1 -1 -1 -1 -1 -1 -1 17 28 -1 -1 -1 -1 -1 -1 29 -1 -1 -1 27 -1 -1 23 -1 -1 -1 -1 25 -1 -1 24 -1 -1 -1 -1 -1 -1 -1 -1 -1 22 21 20 19 18 -1 16 
-1 -1 9 3 4 5 6 7 8 -1 -1 -1 -1 -1 -1 0 -1 -1 -1 -1 1 -1 2 -1 -1 10 -1 11 -1 26 -1 13 -1 -1 -1 15 -1 -1 12 -1 -1 -1 14 -1 -1 -1 -1 -1 -1 -1 17 28 -1 -1 -1 -1 -1 -1 29 -1 -1 -1 27 -1 -1 23 -1 -1 -1 -1 25 -1 -1 24 -1 -1 -1 -1 -1 -1 -1 -1 -1 22 21 20 19 18 -1 16 
-1 -1 26 3 4 5 6 7 8 -1 -1 -1 -1 -1 -1 0 -1 -1 -1 -1 1 -1 2 -1 -1 10 -1 11 -1 -1 -1 13 -1 -1 -1 15 -1 -1 12 -1 -1 -1 14 -1 -1 -1 -1 -1 -1 -1 17 28 -1 -1 -1 -1 -1 -1 29 -1 -1 -1 27 -1 -1 23 -1 -1 -1 -1 25 -1 -1 24 -1 -1 -1 -1 -1 -1 -1 -1 -1 22 21 20 19 18 -1 16 
-1 -1 2 3 4 5 6 7 8 -1 -1 -1 -1 -1 -1 0 -1 -1 -1 -1 1 -1 -1 -1 -1 10 -1 11 -1 -1 -1 13 -1 -1 -1 15 -1 -1 12 -1 -1 -1 14 -1 -1 -1 -1 -1 -1 -1 17 28 -1 -1 -1 -1 -1 -1 29 -1 -1 -1 27 -1 -1 23 -1 -1 -1 -1 25 -1 -1 24 -1 -1 -1 -1 -1 -1 -1 -1 -1 22 21 20 19 18 -1 16 
-1 -1 2 3 4 5 6 7 8 -1 -1 -1 -1 -1 -1 0 -1 -1 -1 -1 1 -1 -1 -1 -1 10 -1 11 -1 -1 -1 13 -1 -1 -1 15 -1 -1 12 -1 -1 -1 28 -1 -1 -1 -1 -1 -1 -1 17 -1 -1 -1 -1 -1 -1 -1 29 -1 -1 -1 27 -1 -1 23 -1 -1 -1 -1 25 -1 -1 24 -1 -1 -1 -1 -1 -1 -1 -1 -1 22 21 20 19 18 -1 16 
-1 -1 2 3 4 5 6 7 8 -1 -1 -1 -1 -1 -1 -1 -1 -1 -1 -1 1 -1 -1 -1 -1 10 -1 11 -1 -1 -1 13 -1 -1 -1 15 -1 -1 12 -1 -1 -1 0 -1 -1 -1 -1 -1 -1 -1 17 -1 -1 -1 -1 -1 -1 -1 29 -1 -1 -1 27 -1 -1 23 -1 -1 -1 -1 25 -1 -1 24 -1 -1 -1 -1 -1 -1 -1 -1 -1 22 21 20 19 18 -1 16 
-1 -1 2 3 4 5 6 7 8 -1 -1 -1 -1 -1 -1 -1 -1 -1 -1 -1 1 -1 -1 -1 -1 10 -1 11 -1 -1 -1 13 -1 -1 -1 15 -1 -1 12 -1 -1 -1 0 -1 -1 -1 -1 -1 -1 -1 17 -1 -1 -1 -1 -1 -1 -1 29 -1 -1 -1 27 -1 -1 23 -1 18 -1 -1 25 -1 -1 24 -1 -1 -1 -1 -1 -1 -1 -1 -1 22 21 20 19 -1 -1 16 
-1 -1 2 3 4 5 -1 7 8 -1 -1 -1 -1 -1 -1 -1 -1 -1 -1 -1 1 -1 6 -1 -1 10 -1 11 -1 -1 -1 13 -1 -1 -1 15 -1 -1 12 -1 -1 -1 0 -1 -1 -1 -1 -1 -1 -1 17 -1 -1 -1 -1 -1 -1 -1 29 -1 -1 -1 27 -1 -1 23 -1 18 -1 -1 25 -1 -1 24 -1 -1 -1 -1 -1 -1 -1 -1 -1 22 21 20 19 -1 -1 16 
-1 -1 2 3 4 5 -1 7 8 -1 -1 -1 -1 -1 -1 -1 -1 -1 -1 -1 1 -1 6 -1 -1 10 -1 11 -1 -1 -1 13 -1 -1 -1 15 -1 -1 12 -1 -1 -1 0 -1 -1 -1 -1 -1 -1 -1 -1 -1 -1 -1 -1 -1 -1 -1 29 -1 -1 17 27 -1 -1 23 -1 18 -1 -1 25 -1 -1 24 -1 -1 -1 -1 -1 -1 -1 -1 -1 22 21 20 19 -1 -1 16 
-1 -1 2 3 4 5 -1 7 8 -1 -1 -1 -1 -1 -1 -1 -1 -1 -1 -1 1 -1 6 -1 0 10 -1 11 -1 -1 -1 13 -1 -1 -1 15 -1 -1 12 -1 -1 -1 -1 -1 -1 -1 -1 -1 -1 -1 -1 -1 -1 -1 -1 -1 -1 -1 29 -1 -1 17 27 -1 -1 23 -1 18 -1 -1 25 -1 -1 24 -1 -1 -1 -1 -1 -1 -1 -1 -1 22 21 20 19 -1 -1 16 
-1 -1 2 3 4 5 -1 7 8 -1 -1 -1 -1 -1 -1 -1 -1 -1 -1 -1 1 -1 6 -1 0 10 -1 11 -1 -1 -1 13 -1 -1 -1 15 -1 -1 12 -1 -1 -1 -1 -1 -1 -1 -1 -1 -1 -1 -1 -1 -1 -1 -1 -1 -1 -1 29 -1 -1 -1 27 -1 -1 23 -1 18 17 -1 25 -1 -1 24 -1 -1 -1 -1 -1 -1 -1 -1 -1 22 21 20 19 -1 -1 16 
-1 -1 2 3 4 5 -1 7 8 -1 -1 -1 -1 -1 -1 -1 -1 -1 -1 -1 1 -1 6 -1 -1 10 -1 11 -1 -1 -1 13 -1 -1 -1 15 -1 -1 12 -1 -1 -1 -1 -1 -1 -1 -1 -1 -1 -1 -1 -1 -1 -1 -1 -1 -1 -1 29 -1 -1 -1 27 -1 -1 23 -1 18 17 0 25 -1 -1 24 -1 -1 -1 -1 -1 -1 -1 -1 -1 22 21 20 19 -1 -1 16 
-1 -1 2 3 4 5 -1 7 8 -1 -1 -1 -1 -1 -1 -1 -1 -1 -1 -1 1 -1 6 -1 -1 10 -1 11 -1 -1 -1 13 -1 -1 -1 15 -1 -1 12 -1 -1 -1 -1 -1 -1 -1 -1 -1 -1 -1 -1 17 -1 -1 -1 -1 -1 -1 29 -1 -1 -1 27 -1 -1 23 -1 18 -1 0 25 -1 -1 24 -1 -1 -1 -1 -1 -1 -1 -1 -1 22 21 20 19 -1 -1 16 
-1 -1 2 3 4 5 -1 -1 8 -1 -1 -1 -1 -1 7 -1 -1 -1 -1 -1 1 -1 6 -1 -1 10 -1 11 -1 -1 -1 13 -1 -1 -1 15 -1 -1 12 -1 -1 -1 -1 -1 -1 -1 -1 -1 -1 -1 -1 17 -1 -1 -1 -1 -1 -1 29 -1 -1 -1 27 -1 -1 23 -1 18 -1 0 25 -1 -1 24 -1 -1 -1 -1 -1 -1 -1 -1 -1 22 21 20 19 -1 -1 16 
-1 -1 2 3 4 5 -1 -1 8 -1 -1 -1 -1 -1 7 -1 -1 -1 -1 -1 1 -1 6 -1 -1 10 -1 11 -1 -1 -1 13 -1 -1 25 15 -1 -1 12 -1 -1 -1 -1 -1 -1 -1 -1 -1 -1 -1 -1 17 -1 -1 -1 -1 -1 -1 29 -1 -1 -1 27 -1 -1 23 -1 18 -1 0 -1 -1 -1 24 -1 -1 -1 -1 -1 -1 -1 -1 -1 22 21 20 19 -1 -1 16 
-1 -1 2 3 4 5 -1 -1 8 -1 -1 -1 -1 -1 -1 -1 -1 -1 -1 -1 1 -1 6 -1 -1 10 -1 11 -1 -1 -1 13 -1 7 25 15 -1 -1 12 -1 -1 -1 -1 -1 -1 -1 -1 -1 -1 -1 -1 17 -1 -1 -1 -1 -1 -1 29 -1 -1 -1 27 -1 -1 23 -1 18 -1 0 -1 -1 -1 24 -1 -1 -1 -1 -1 -1 -1 -1 -1 22 21 20 19 -1 -1 16 
-1 -1 2 3 4 5 -1 -1 8 -1 -1 -1 -1 -1 -1 -1 -1 -1 -1 -1 1 -1 6 -1 -1 10 -1 11 -1 -1 -1 13 -1 7 25 15 -1 -1 12 -1 -1 -1 -1 -1 -1 -1 -1 -1 -1 -1 -1 17 -1 -1 -1 -1 -1 -1 29 -1 -1 -1 27 -1 -1 23 -1 18 -1 0 -1 -1 -1 -1 -1 -1 -1 24 -1 -1 -1 -1 -1 22 21 20 19 -1 -1 16 
-1 -1 2 3 4 -1 -1 -1 8 -1 -1 -1 -1 5 -1 -1 -1 -1 -1 -1 1 -1 6 -1 -1 10 -1 11 -1 -1 -1 13 -1 7 25 15 -1 -1 12 -1 -1 -1 -1 -1 -1 -1 -1 -1 -1 -1 -1 17 -1 -1 -1 -1 -1 -1 29 -1 -1 -1 27 -1 -1 23 -1 18 -1 0 -1 -1 -1 -1 -1 -1 -1 24 -1 -1 -1 -1 -1 22 21 20 19 -1 -1 16 
-1 -1 2 3 4 -1 -1 -1 8 -1 -1 -1 -1 5 -1 -1 -1 -1 -1 -1 1 -1 6 -1 -1 10 -1 11 -1 -1 -1 13 24 7 25 15 -1 -1 12 -1 -1 -1 -1 -1 -1 -1 -1 -1 -1 -1 -1 17 -1 -1 -1 -1 -1 -1 29 -1 -1 -1 27 -1 -1 23 -1 18 -1 0 -1 -1 -1 -1 -1 -1 -1 -1 -1 -1 -1 -1 -1 22 21 20 19 -1 -1 16 
-1 -1 2 3 4 -1 -1 -1 8 -1 -1 -1 -1 5 -1 -1 -1 -1 -1 -1 1 -1 6 -1 -1 10 -1 11 -1 -1 -1 13 24 -1 25 15 -1 -1 12 -1 -1 -1 -1 -1 -1 -1 -1 -1 -1 -1 -1 17 7 -1 -1 -1 -1 -1 29 -1 -1 -1 27 -1 -1 23 -1 18 -1 0 -1 -1 -1 -1 -1 -1 -1 -1 -1 -1 -1 -1 -1 22 21 20 19 -1 -1 16 
-1 -1 2 3 4 -1 -1 -1 8 -1 -1 -1 -1 5 -1 -1 -1 -1 -1 -1 1 -1 6 -1 -1 10 -1 11 -1 -1 -1 13 24 -1 25 15 -1 -1 12 -1 -1 -1 -1 -1 -1 -1 -1 -1 -1 -1 -1 17 7 -1 -1 -1 -1 -1 29 -1 -1 -1 27 -1 -1 -1 -1 18 -1 0 -1 -1 -1 -1 -1 -1 23 -1 -1 -1 -1 -1 -1 22 21 20 19 -1 -1 16 
-1 -1 2 3 4 -1 -1 -1 8 -1 -1 -1 -1 5 -1 -1 -1 -1 -1 -1 1 -1 6 -1 -1 10 -1 11 -1 -1 -1 13 24 -1 25 15 -1 -1 12 -1 -1 -1 -1 -1 -1 -1 -1 -1 -1 -1 -1 17 7 -1 -1 -1 -1 -1 29 -1 -1 -1 27 -1 -1 -1 -1 18 -1 -1 -1 -1 -1 -1 -1 -1 23 -1 0 -1 -1 -1 -1 22 21 20 19 -1 -1 16 
-1 -1 2 3 4 -1 -1 -1 8 -1 -1 -1 -1 5 -1 -1 -1 -1 -1 -1 1 -1 6 -1 -1 10 -1 11 -1 -1 -1 13 24 -1 25 15 -1 -1 12 -1 -1 -1 -1 -1 -1 -1 -1 -1 -1 -1 -1 17 7 -1 -1 -1 -1 -1 29 -1 -1 -1 27 -1 -1 -1 -1 18 -1 -1 -1 -1 -1 -1 -1 -1 23 -1 0 -1 -1 -1 -1 22 21 20 19 16 -1 -1 
-1 -1 2 3 4 -1 -1 -1 8 -1 -1 -1 -1 5 -1 -1 -1 -1 -1 -1 1 -1 6 -1 -1 10 -1 11 -1 -1 -1 13 24 -1 25 15 -1 -1 12 -1 -1 -1 -1 -1 -1 -1 -1 -1 -1 -1 -1 17 7 -1 -1 -1 -1 -1 29 -1 -1 -1 27 -1 -1 -1 -1 18 -1 -1 -1 -1 -1 -1 -1 -1 23 -1 -1 -1 -1 -1 -1 22 21 20 19 0 -1 -1 
-1 -1 2 3 4 -1 -1 -1 8 -1 -1 -1 -1 5 -1 -1 -1 -1 -1 -1 1 -1 6 -1 -1 10 -1 11 -1 -1 -1 13 24 -1 25 15 -1 -1 12 -1 -1 -1 -1 -1 -1 -1 -1 -1 -1 -1 -1 17 7 -1 -1 -1 -1 -1 29 -1 -1 -1 27 -1 -1 -1 -1 18 -1 -1 -1 -1 -1 -1 -1 -1 -1 -1 -1 -1 -1 -1 -1 22 21 20 19 23 -1 -1 
-1 -1 2 3 4 8 -1 -1 -1 -1 -1 -1 -1 5 -1 -1 -1 -1 -1 -1 1 -1 6 -1 -1 10 -1 11 -1 -1 -1 13 24 -1 25 15 -1 -1 12 -1 -1 -1 -1 -1 -1 -1 -1 -1 -1 -1 -1 17 7 -1 -1 -1 -1 -1 29 -1 -1 -1 27 -1 -1 -1 -1 18 -1 -1 -1 -1 -1 -1 -1 -1 -1 -1 -1 -1 -1 -1 -1 22 21 20 19 23 -1 -1 
-1 -1 2 3 4 8 -1 -1 -1 -1 -1 -1 -1 5 -1 -1 -1 -1 -1 -1 1 -1 6 -1 -1 10 -1 11 -1 -1 -1 13 24 -1 25 15 -1 -1 12 -1 -1 -1 -1 -1 -1 -1 -1 -1 -1 -1 -1 17 7 -1 -1 -1 -1 -1 29 -1 -1 -1 27 -1 -1 -1 -1 18 23 -1 -1 -1 -1 -1 -1 -1 -1 -1 -1 -1 -1 -1 -1 22 21 20 19 -1 -1 -1 
-1 -1 2 3 4 -1 -1 -1 -1 -1 -1 -1 -1 5 -1 -1 -1 -1 -1 -1 1 -1 6 -1 -1 10 -1 11 -1 -1 -1 13 8 -1 25 15 -1 -1 12 -1 -1 -1 -1 -1 -1 -1 -1 -1 -1 -1 -1 17 7 -1 -1 -1 -1 -1 29 -1 -1 -1 27 -1 -1 -1 -1 18 23 -1 -1 -1 -1 -1 -1 -1 -1 -1 -1 -1 -1 -1 -1 22 21 20 19 -1 -1 -1 
-1 -1 2 3 4 -1 -1 -1 -1 -1 -1 -1 -1 5 -1 -1 -1 -1 -1 -1 1 -1 6 -1 -1 10 -1 11 -1 -1 -1 13 17 -1 25 15 -1 -1 12 -1 -1 -1 -1 -1 -1 -1 -1 -1 -1 -1 -1 -1 7 -1 -1 -1 -1 -1 29 -1 -1 -1 27 -1 -1 -1 -1 18 23 -1 -1 -1 -1 -1 -1 -1 -1 -1 -1 -1 -1 -1 -1 22 21 20 19 -1 -1 -1 
-1 -1 2 3 4 -1 -1 -1 -1 -1 -1 -1 -1 5 -1 -1 -1 -1 -1 -1 1 -1 6 10 -1 -1 -1 11 -1 -1 -1 13 17 -1 25 15 -1 -1 12 -1 -1 -1 -1 -1 -1 -1 -1 -1 -1 -1 -1 -1 7 -1 -1 -1 -1 -1 29 -1 -1 -1 27 -1 -1 -1 -1 18 23 -1 -1 -1 -1 -1 -1 -1 -1 -1 -1 -1 -1 -1 -1 22 21 20 19 -1 -1 -1 
-1 -1 2 3 4 -1 -1 -1 -1 -1 -1 -1 -1 5 -1 -1 -1 -1 -1 -1 1 -1 6 10 -1 -1 -1 11 -1 -1 -1 13 17 -1 25 15 -1 -1 12 -1 -1 -1 -1 -1 -1 -1 -1 -1 -1 -1 -1 23 7 -1 -1 -1 -1 -1 29 -1 -1 -1 27 -1 -1 -1 -1 18 -1 -1 -1 -1 -1 -1 -1 -1 -1 -1 -1 -1 -1 -1 -1 22 21 20 19 -1 -1 -1 
-1 -1 2 3 4 -1 -1 -1 -1 -1 -1 -1 -1 5 -1 -1 -1 -1 -1 -1 1 -1 6 10 -1 -1 -1 11 -1 -1 -1 13 17 -1 25 15 -1 -1 12 -1 -1 -1 -1 -1 -1 -1 -1 -1 -1 -1 -1 23 -1 -1 -1 -1 -1 -1 29 -1 -1 -1 27 -1 -1 -1 -1 18 -1 7 -1 -1 -1 -1 -1 -1 -1 -1 -1 -1 -1 -1 -1 22 21 20 19 -1 -1 -1 
-1 -1 2 3 4 -1 -1 -1 -1 -1 -1 -1 -1 5 -1 -1 -1 -1 -1 -1 1 -1 6 10 -1 -1 -1 11 -1 -1 -1 13 17 -1 25 15 -1 -1 12 -1 -1 -1 -1 -1 -1 -1 -1 -1 -1 29 -1 23 -1 -1 -1 -1 -1 -1 -1 -1 -1 -1 27 -1 -1 -1 -1 18 -1 7 -1 -1 -1 -1 -1 -1 -1 -1 -1 -1 -1 -1 -1 22 21 20 19 -1 -1 -1 
-1 -1 2 3 4 -1 -1 -1 -1 -1 -1 -1 -1 5 10 -1 -1 -1 -1 -1 1 -1 6 -1 -1 -1 -1 11 -1 -1 -1 13 17 -1 25 15 -1 -1 12 -1 -1 -1 -1 -1 -1 -1 -1 -1 -1 29 -1 23 -1 -1 -1 -1 -1 -1 -1 -1 -1 -1 27 -1 -1 -1 -1 18 -1 7 -1 -1 -1 -1 -1 -1 -1 -1 -1 -1 -1 -1 -1 22 21 20 19 -1 -1 -1 
-1 -1 2 3 4 -1 -1 -1 -1 -1 -1 -1 -1 5 10 17 -1 -1 -1 -1 1 -1 6 -1 -1 -1 -1 11 -1 -1 -1 13 -1 -1 25 15 -1 -1 12 -1 -1 -1 -1 -1 -1 -1 -1 -1 -1 29 -1 23 -1 -1 -1 -1 -1 -1 -1 -1 -1 -1 27 -1 -1 -1 -1 18 -1 7 -1 -1 -1 -1 -1 -1 -1 -1 -1 -1 -1 -1 -1 22 21 20 19 -1 -1 -1 
-1 -1 2 3 4 -1 -1 -1 -1 -1 -1 -1 -1 -1 10 17 -1 -1 -1 -1 1 -1 6 5 -1 -1 -1 11 -1 -1 -1 13 -1 -1 25 15 -1 -1 12 -1 -1 -1 -1 -1 -1 -1 -1 -1 -1 29 -1 23 -1 -1 -1 -1 -1 -1 -1 -1 -1 -1 27 -1 -1 -1 -1 18 -1 7 -1 -1 -1 -1 -1 -1 -1 -1 -1 -1 -1 -1 -1 22 21 20 19 -1 -1 -1 
-1 -1 2 3 4 -1 -1 -1 -1 -1 -1 -1 -1 -1 10 17 -1 -1 -1 -1 1 -1 6 5 -1 -1 -1 11 -1 -1 -1 13 -1 -1 25 15 -1 -1 12 -1 -1 -1 -1 -1 -1 -1 -1 -1 -1 29 -1 23 -1 27 -1 -1 -1 -1 -1 -1 -1 -1 -1 -1 -1 -1 -1 18 -1 7 -1 -1 -1 -1 -1 -1 -1 -1 -1 -1 -1 -1 -1 22 21 20 19 -1 -1 -1 
-1 -1 2 3 -1 4 -1 -1 -1 -1 -1 -1 -1 -1 10 17 -1 -1 -1 -1 1 -1 6 5 -1 -1 -1 11 -1 -1 -1 13 -1 -1 25 15 -1 -1 12 -1 -1 -1 -1 -1 -1 -1 -1 -1 -1 29 -1 23 -1 27 -1 -1 -1 -1 -1 -1 -1 -1 -1 -1 -1 -1 -1 18 -1 7 -1 -1 -1 -1 -1 -1 -1 -1 -1 -1 -1 -1 -1 22 21 20 19 -1 -1 -1 
-1 -1 2 3 -1 4 -1 -1 -1 -1 -1 -1 -1 -1 10 17 -1 -1 -1 -1 1 -1 6 5 -1 -1 -1 11 -1 -1 -1 13 -1 -1 25 15 -1 -1 12 -1 -1 -1 -1 -1 27 -1 -1 -1 -1 29 -1 23 -1 -1 -1 -1 -1 -1 -1 -1 -1 -1 -1 -1 -1 -1 -1 18 -1 7 -1 -1 -1 -1 -1 -1 -1 -1 -1 -1 -1 -1 -1 22 21 20 19 -1 -1 -1 
-1 -1 2 3 -1 4 -1 -1 -1 -1 -1 -1 -1 -1 10 17 -1 -1 -1 -1 1 -1 6 5 -1 -1 -1 11 -1 -1 -1 13 -1 -1 25 -1 -1 -1 12 -1 -1 -1 -1 -1 15 -1 -1 -1 -1 29 -1 23 -1 -1 -1 -1 -1 -1 -1 -1 -1 -1 -1 -1 -1 -1 -1 18 -1 7 -1 -1 -1 -1 -1 -1 -1 -1 -1 -1 -1 -1 -1 22 21 20 19 -1 -1 -1 
-1 -1 2 3 -1 4 -1 -1 -1 -1 -1 -1 -1 -1 10 17 -1 -1 -1 -1 1 -1 6 5 -1 -1 -1 11 -1 -1 -1 13 -1 -1 25 -1 -1 -1 12 -1 -1 -1 -1 -1 23 -1 -1 -1 -1 29 -1 -1 -1 -1 -1 -1 -1 -1 -1 -1 -1 -1 -1 -1 -1 -1 -1 18 -1 7 -1 -1 -1 -1 -1 -1 -1 -1 -1 -1 -1 -1 -1 22 21 20 19 -1 -1 -1 
-1 -1 2 3 -1 4 -1 -1 -1 -1 -1 -1 -1 -1 10 17 -1 -1 -1 -1 1 -1 6 5 -1 -1 -1 11 -1 -1 -1 13 -1 -1 25 -1 -1 -1 12 -1 -1 -1 -1 -1 23 -1 -1 -1 -1 29 7 -1 -1 -1 -1 -1 -1 -1 -1 -1 -1 -1 -1 -1 -1 -1 -1 18 -1 -1 -1 -1 -1 -1 -1 -1 -1 -1 -1 -1 -1 -1 -1 22 21 20 19 -1 -1 -1 
-1 -1 2 3 -1 4 -1 25 -1 -1 -1 -1 -1 -1 10 17 -1 -1 -1 -1 1 -1 6 5 -1 -1 -1 11 -1 -1 -1 13 -1 -1 -1 -1 -1 -1 12 -1 -1 -1 -1 -1 23 -1 -1 -1 -1 29 7 -1 -1 -1 -1 -1 -1 -1 -1 -1 -1 -1 -1 -1 -1 -1 -1 18 -1 -1 -1 -1 -1 -1 -1 -1 -1 -1 -1 -1 -1 -1 -1 22 21 20 19 -1 -1 -1 
-1 -1 2 3 -1 4 -1 25 -1 10 -1 -1 -1 -1 -1 17 -1 -1 -1 -1 1 -1 6 5 -1 -1 -1 11 -1 -1 -1 13 -1 -1 -1 -1 -1 -1 12 -1 -1 -1 -1 -1 23 -1 -1 -1 -1 29 7 -1 -1 -1 -1 -1 -1 -1 -1 -1 -1 -1 -1 -1 -1 -1 -1 18 -1 -1 -1 -1 -1 -1 -1 -1 -1 -1 -1 -1 -1 -1 -1 22 21 20 19 -1 -1 -1 
-1 -1 2 3 -1 4 -1 25 -1 10 -1 -1 -1 -1 -1 17 -1 -1 -1 -1 1 -1 6 5 -1 23 -1 11 -1 -1 -1 13 -1 -1 -1 -1 -1 -1 12 -1 -1 -1 -1 -1 -1 -1 -1 -1 -1 29 7 -1 -1 -1 -1 -1 -1 -1 -1 -1 -1 -1 -1 -1 -1 -1 -1 18 -1 -1 -1 -1 -1 -1 -1 -1 -1 -1 -1 -1 -1 -1 -1 22 21 20 19 -1 -1 -1 
-1 -1 2 3 -1 4 -1 25 -1 10 -1 -1 -1 -1 -1 17 -1 -1 -1 -1 1 -1 6 5 -1 23 -1 11 -1 -1 -1 13 -1 7 -1 -1 -1 -1 12 -1 -1 -1 -1 -1 -1 -1 -1 -1 -1 29 -1 -1 -1 -1 -1 -1 -1 -1 -1 -1 -1 -1 -1 -1 -1 -1 -1 18 -1 -1 -1 -1 -1 -1 -1 -1 -1 -1 -1 -1 -1 -1 -1 22 21 20 19 -1 -1 -1 
-1 -1 2 3 -1 4 23 25 -1 10 -1 -1 -1 -1 -1 17 -1 -1 -1 -1 1 -1 6 5 -1 -1 -1 11 -1 -1 -1 13 -1 7 -1 -1 -1 -1 12 -1 -1 -1 -1 -1 -1 -1 -1 -1 -1 29 -1 -1 -1 -1 -1 -1 -1 -1 -1 -1 -1 -1 -1 -1 -1 -1 -1 18 -1 -1 -1 -1 -1 -1 -1 -1 -1 -1 -1 -1 -1 -1 -1 22 21 20 19 -1 -1 -1 
-1 -1 2 3 -1 -1 23 25 -1 10 -1 -1 -1 -1 4 17 -1 -1 -1 -1 1 -1 6 5 -1 -1 -1 11 -1 -1 -1 13 -1 7 -1 -1 -1 -1 12 -1 -1 -1 -1 -1 -1 -1 -1 -1 -1 29 -1 -1 -1 -1 -1 -1 -1 -1 -1 -1 -1 -1 -1 -1 -1 -1 -1 18 -1 -1 -1 -1 -1 -1 -1 -1 -1 -1 -1 -1 -1 -1 -1 22 21 20 19 -1 -1 -1 
-1 -1 2 3 -1 -1 23 25 17 10 -1 -1 -1 -1 4 -1 -1 -1 -1 -1 1 -1 6 5 -1 -1 -1 11 -1 -1 -1 13 -1 7 -1 -1 -1 -1 12 -1 -1 -1 -1 -1 -1 -1 -1 -1 -1 29 -1 -1 -1 -1 -1 -1 -1 -1 -1 -1 -1 -1 -1 -1 -1 -1 -1 18 -1 -1 -1 -1 -1 -1 -1 -1 -1 -1 -1 -1 -1 -1 -1 22 21 20 19 -1 -1 -1 
-1 -1 2 3 -1 -1 23 25 17 10 -1 -1 -1 -1 4 -1 -1 -1 -1 -1 1 -1 6 5 -1 -1 -1 11 -1 -1 -1 13 -1 -1 -1 -1 -1 -1 12 -1 -1 -1 -1 -1 7 -1 -1 -1 -1 29 -1 -1 -1 -1 -1 -1 -1 -1 -1 -1 -1 -1 -1 -1 -1 -1 -1 18 -1 -1 -1 -1 -1 -1 -1 -1 -1 -1 -1 -1 -1 -1 -1 22 21 20 19 -1 -1 -1 
-1 -1 2 3 -1 -1 23 -1 17 10 -1 -1 -1 -1 4 -1 -1 -1 -1 -1 1 -1 6 5 -1 -1 -1 11 -1 -1 -1 13 -1 -1 -1 -1 -1 -1 12 -1 -1 -1 -1 25 7 -1 -1 -1 -1 29 -1 -1 -1 -1 -1 -1 -1 -1 -1 -1 -1 -1 -1 -1 -1 -1 -1 18 -1 -1 -1 -1 -1 -1 -1 -1 -1 -1 -1 -1 -1 -1 -1 22 21 20 19 -1 -1 -1 
-1 -1 2 3 -1 -1 23 -1 17 10 -1 -1 -1 5 4 -1 -1 -1 -1 -1 1 -1 6 -1 -1 -1 -1 11 -1 -1 -1 13 -1 -1 -1 -1 -1 -1 12 -1 -1 -1 -1 25 7 -1 -1 -1 -1 29 -1 -1 -1 -1 -1 -1 -1 -1 -1 -1 -1 -1 -1 -1 -1 -1 -1 18 -1 -1 -1 -1 -1 -1 -1 -1 -1 -1 -1 -1 -1 -1 -1 22 21 20 19 -1 -1 -1 
