0 1 2 3 4 5 6 7 8 -1 -1 -1 -1 -1 -1 -1 -1 -1 -1 9 -1 -1 -1 -1 -1 10 -1 11 -1 12 -1 13 -1 14 -1 15 -1 -1 -1 -1 -1 -1 -1 -1 -1 -1 -1 -1 -1 -1 -1 -1 -1 -1 -1 -1 -1 -1 29 -1 28 -1 27 -1 -1 -1 26 -1 -1 -1 25 -1 -1 -1 -1 -1 -1 -1 -1 -1 -1 24 23 22 21 20 19 18 17 16 
0 1 2 3 4 5 6 7 8 -1 -1 -1 -1 -1 -1 -1 -1 -1 -1 9 -1 -1 10 -1 -1 -1 -1 11 -1 12 -1 13 -1 14 -1 15 -1 -1 -1 -1 -1 -1 -1 -1 -1 -1 -1 -1 -1 -1 -1 -1 -1 -1 -1 -1 -1 -1 29 -1 28 -1 27 -1 -1 -1 26 -1 -1 -1 25 -1 -1 -1 -1 -1 -1 -1 -1 -1 -1 24 23 22 21 20 19 18 17 16 
0 1 2 3 4 5 6 7 8 -1 -1 -1 -1 -1 -1 -1 -1 -1 -1 9 -1 -1 10 -1 -1 -1 -1 11 -1 12 -1 13 -1 14 -1 15 -1 -1 -1 -1 -1 -1 -1 -1 -1 -1 -1 -1 -1 -1 -1 -1 -1 -1 -1 -1 -1 -1 29 -1 28 -1 27 -1 -1 -1 26 -1 -1 17 25 -1 -1 -1 -1 -1 -1 -1 -1 -1 -1 24 23 22 21 20 19 18 -1 16 
0 1 2 3 4 5 6 -1 8 -1 -1 -1 -1 -1 -1 -1 -1 -1 -1 9 -1 -1 10 -1 7 -1 -1 11 -1 12 -1 13 -1 14 -1 15 -1 -1 -1 -1 -1 -1 -1 -1 -1 -1 -1 -1 -1 -1 -1 -1 -1 -1 -1 -1 -1 -1 29 -1 28 -1 27 -1 -1 -1 26 -1 -1 17 25 -1 -1 -1 -1 -1 -1 -1 -1 -1 -1 24 23 22 21 20 19 18 -1 16 
0 1 2 3 4 5 6 -1 8 -1 -1 -1 -1 -1 -1 -1 -1 -1 -1 9 -1 -1 10 -1 7 -1 -1 11 -1 12 -1 13 -1 14 -1 15 -1 -1 -1 -1 -1 -1 -1 -1 -1 -1 -1 -1 -1 -1 -1 -1 -1 -1 -1 -1 -1 -1 29 -1 28 -1 27 -1 -1 23 26 -1 -1 17 25 -1 -1 -1 -1 -1 -1 -1 -1 -1 -1 24 -1 22 21 20 19 18 -1 16 
0 -1 2 3 4 5 6 -1 8 -1 -1 -1 -1 -1 -1 -1 -1 -1 1 9 -1 -1 10 -1 7 -1 -1 11 -1 12 -1 13 -1 14 -1 15 -1 -1 -1 -1 -1 -1 -1 -1 -1 -1 -1 -1 -1 -1 -1 -1 -1 -1 -1 -1 -1 -1 29 -1 28 -1 27 -1 -1 23 26 -1 -1 17 25 -1 -1 -1 -1 -1 -1 -1 -1 -1 -1 24 -1 22 21 20 19 18 -1 16 
0 -1 2 3 4 5 6 -1 8 -1 -1 -1 -1 -1 -1 -1 -1 -1 1 9 -1 -1 10 -1 7 -1 -1 11 -1 12 -1 13 -1 14 -1 15 -1 -1 -1 -1 -1 -1 -1 -1 -1 -1 -1 -1 -1 -1 -1 -1 -1 -1 -1 -1 -1 -1 29 -1 28 -1 27 -1 -1 23 26 -1 -1 17 25 -1 -1 -1 -1 -1 -1 -1 -1 -1 -1 -1 24 22 21 20 19 18 -1 16 
-1 0 2 3 4 5 6 -1 8 -1 -1 -1 -1 -1 -1 -1 -1 -1 1 9 -1 -1 10 -1 7 -1 -1 11 -1 12 -1 13 -1 14 -1 15 -1 -1 -1 -1 -1 -1 -1 -1 -1 -1 -1 -1 -1 -1 -1 -1 -1 -1 -1 -1 -1 -1 29 -1 28 -1 27 -1 -1 23 26 -1 -1 17 25 -1 -1 -1 -1 -1 -1 -1 -1 -1 -1 -1 24 22 21 20 19 18 -1 16 
-1 0 2 3 4 5 6 -1 8 -1 -1 -1 -1 -1 -1 -1 -1 -1 1 9 -1 -1 10 -1 7 -1 -1 11 -1 12 -1 13 -1 14 -1 15 -1 -1 -1 -1 -1 -1 -1 -1 -1 -1 -1 -1 -1 -1 -1 -1 -1 -1 -1 -1 -1 -1 29 -1 28 -1 27 -1 -1 23 26 -1 -1 17 25 -1 -1 -1 -1 -1 -1 -1 -1 -1 -1 -1 24 22 21 20 19 18 16 -1 
-1 0 2 3 4 5 6 8 -1 -1 -1 -1 -1 -1 -1 -1 -1 -1 1 9 -1 -1 10 -1 7 -1 -1 11 -1 12 -1 13 -1 14 -1 15 -1 -1 -1 -1 -1 -1 -1 -1 -1 -1 -1 -1 -1 -1 -1 -1 -1 -1 -1 -1 -1 -1 29 -1 28 -1 27 -1 -1 23 26 -1 -1 17 25 -1 -1 -1 -1 -1 -1 -1 -1 -1 -1 -1 24 22 21 20 19 18 16 -1 
-1 0 2 3 4 5 6 8 -1 -1 -1 -1 -1 -1 -1 -1 -1 -1 1 9 -1 26 10 -1 7 -1 -1 11 -1 12 -1 13 -1 14 -1 15 -1 -1 -1 -1 -1 -1 -1 -1 -1 -1 -1 -1 -1 -1 -1 -1 -1 -1 -1 -1 -1 -1 29 -1 28 -1 27 -1 -1 23 -1 -1 -1 17 25 -1 -1 -1 -1 -1 -1 -1 -1 -1 -1 -1 24 22 21 20 19 18 16 -1 
-1 0 2 3 4 5 6 -1 -1 -1 -1 -1 -1 -1 -1 -1 -1 -1 1 9 -1 26 10 -1 7 -1 -1 11 -1 12 -1 13 -1 14 -1 15 -1 -1 -1 -1 -1 -1 -1 -1 -1 -1 -1 -1 -1 -1 -1 -1 -1 -1 -1 -1 -1 -1 29 -1 28 8 27 -1 -1 23 -1 -1 -1 17 25 -1 -1 -1 -1 -1 -1 -1 -1 -1 -1 -1 24 22 21 20 19 18 16 -1 
-1 0 2 3 4 5 6 -1 -1 -1 -1 -1 -1 -1 -1 -1 -1 -1 1 9 -1 26 10 -1 7 -1 -1 11 -1 12 -1 13 -1 14 -1 15 -1 -1 -1 -1 -1 -1 -1 -1 -1 -1 -1 -1 -1 -1 -1 -1 -1 -1 -1 -1 -1 -1 29 -1 28 8 27 -1 -1 23 -1 -1 -1 17 -1 25 -1 -1 -1 -1 -1 -1 -1 -1 -1 -1 24 22 21 20 19 18 16 -1 
-1 0 2 3 4 5 6 -1 -1 -1 -1 -1 -1 -1 -1 -1 -1 -1 1 9 -1 26 10 -1 7 -1 -1 11 -1 12 -1 13 -1 14 -1 15 -1 -1 -1 -1 -1 -1 -1 -1 -1 -1 -1 -1 -1 -1 -1 -1 -1 -1 -1 -1 -1 -1 29 -1 8 -1 27 -1 -1 23 -1 -1 -1 17 -1 25 -1 -1 -1 -1 -1 -1 -1 -1 -1 -1 24 22 21 20 19 18 16 -1 
-1 0 2 3 4 5 6 -1 -1 -1 -1 -1 -1 -1 -1 -1 -1 -1 1 9 -1 26 10 -1 7 -1 -1 11 -1 12 -1 13 -1 14 -1 15 -1 -1 -1 -1 -1 -1 -1 -1 -1 -1 -1 -1 -1 -1 -1 -1 -1 -1 -1 -1 -1 -1 29 -1 8 -1 27 -1 -1 23 -1 -1 -1 17 16 25 -1 -1 -1 -1 -1 -1 -1 -1 -1 -1 24 22 21 20 19 18 -1 -1 
-1 0 2 3 4 5 6 -1 -1 -1 -1 -1 -1 -1 -1 -1 -1 -1 1 -1 9 26 10 -1 7 -1 -1 11 -1 12 -1 13 -1 14 -1 15 -1 -1 -1 -1 -1 -1 -1 -1 -1 -1 -1 -1 -1 -1 -1 -1 -1 -1 -1 -1 -1 -1 29 -1 8 -1 27 -1 -1 23 -1 -1 -1 17 16 25 -1 -1 -1 -1 -1 -1 -1 -1 -1 -1 24 22 21 20 19 18 -1 -1 
-1 24 2 3 4 5 6 -1 -1 -1 -1 -1 -1 -1 -1 -1 -1 -1 1 -1 9 26 10 -1 7 -1 -1 11 -1 12 -1 13 -1 14 -1 15 -1 -1 -1 -1 -1 -1 -1 -1 -1 -1 -1 -1 -1 -1 -1 -1 -1 -1 -1 -1 -1 -1 29 -1 8 -1 27 -1 -1 23 -1 -1 -1 17 16 25 -1 -1 -1 -1 -1 -1 -1 -1 -1 -1 -1 22 21 20 19 18 -1 -1 
-1 1 2 3 4 5 6 -1 -1 -1 -1 -1 -1 -1 -1 -1 -1 -1 -1 -1 9 26 10 -1 7 -1 -1 11 -1 12 -1 13 -1 14 -1 15 -1 -1 -1 -1 -1 -1 -1 -1 -1 -1 -1 -1 -1 -1 -1 -1 -1 -1 -1 -1 -1 -1 29 -1 8 -1 27 -1 -1 23 -1 -1 -1 17 16 25 -1 -1 -1 -1 -1 -1 -1 -1 -1 -1 -1 22 21 20 19 18 -1 -1 
-1 1 2 3 4 5 6 -1 -1 -1 -1 -1 -1 -1 -1 -1 -1 -1 -1 -1 9 26 10 -1 7 -1 -1 11 -1 12 -1 13 -1 14 -1 15 -1 -1 -1 -1 -1 -1 -1 -1 -1 -1 -1 -1 -1 -1 -1 -1 -1 -1 -1 -1 -1 -1 29 -1 8 -1 27 -1 -1 23 -1 22 -1 17 16 25 -1 -1 -1 -1 -1 -1 -1 -1 -1 -1 -1 -1 21 20 19 18 -1 -1 
-1 1 2 3 4 5 6 -1 -1 -1 -1 -1 -1 -1 -1 -1 -1 -1 -1 -1 9 26 10 -1 7 -1 -1 11 -1 -1 -1 13 -1 14 -1 15 -1 -1 12 -1 -1 -1 -1 -1 -1 -1 -1 -1 -1 -1 -1 -1 -1 -1 -1 -1 -1 -1 29 -1 8 -1 27 -1 -1 23 -1 22 -1 17 16 25 -1 -1 -1 -1 -1 -1 -1 -1 -1 -1 -1 -1 21 20 19 18 -1 -1 
-1 1 2 3 4 5 6 -1 -1 -1 -1 -1 -1 -1 -1 -1 -1 -1 -1 -1 9 -1 10 -1 7 -1 -1 11 -1 -1 -1 13 -1 14 -1 15 -1 -1 12 -1 -1 -1 -1 -1 -1 -1 -1 -1 -1 -1 -1 -1 -1 -1 -1 -1 -1 -1 29 -1 8 -1 27 -1 -1 23 -1 22 -1 17 16 25 -1 -1 -1 26 -1 -1 -1 -1 -1 -1 -1 -1 21 20 19 18 -1 -1 
-1 1 2 3 4 5 6 -1 -1 -1 -1 -1 -1 -1 -1 -1 -1 -1 -1 -1 9 -1 10 -1 7 -1 -1 11 -1 -1 -1 13 -1 14 -1 15 -1 -1 -1 -1 -1 -1 -1 -1 -1 -1 -1 12 -1 -1 -1 -1 -1 -1 -1 -1 -1 -1 29 -1 8 -1 27 -1 -1 23 -1 22 -1 17 16 25 -1 -1 -1 26 -1 -1 -1 -1 -1 -1 -1 -1 21 20 19 18 -1 -1 
-1 1 2 3 4 5 6 -1 -1 -1 -1 -1 -1 -1 -1 -1 -1 -1 -1 -1 9 -1 10 -1 7 -1 -1 11 -1 -1 -1 13 -1 14 -1 15 -1 -1 -1 -1 -1 -1 -1 -1 -1 -1 -1 22 -1 -1 -1 -1 -1 -1 -1 -1 -1 -1 29 -1 8 -1 27 -1 -1 23 -1 -1 -1 17 16 25 -1 -1 -1 26 -1 -1 -1 -1 -1 -1 -1 -1 21 20 19 18 -1 -1 
-1 1 2 3 4 5 6 -1 -1 -1 -1 -1 -1 -1 -1 -1 -1 -1 -1 -1 9 -1 10 -1 7 -1 -1 11 -1 -1 -1 13 -1 -1 -1 15 -1 -1 -1 -1 -1 -1 14 -1 -1 -1 -1 22 -1 -1 -1 -1 -1 -1 -1 -1 -1 -1 29 -1 8 -1 27 -1 -1 23 -1 -1 -1 17 16 25 -1 -1 -1 26 -1 -1 -1 -1 -1 -1 -1 -1 21 20 19 18 -1 -1 
-1 1 2 3 4 5 6 -1 -1 -1 -1 -1 -1 -1 -1 -1 -1 -1 -1 -1 9 -1 10 -1 7 -1 -1 11 -1 -1 -1 13 -1 -1 -1 15 -1 -1 -1 -1 -1 -1 14 -1 -1 -1 -1 22 -1 -1 -1 -1 -1 -1 -1 -1 -1 -1 29 -1 8 -1 27 -1 -1 23 -1 -1 -1 17 16 25 -1 -1 -1 -1 -1 -1 26 -1 -1 -1 -1 -1 21 20 19 18 -1 -1 
-1 1 2 3 4 5 6 -1 -1 -1 -1 -1 -1 -1 -1 -1 -1 -1 -1 -1 9 -1 10 -1 7 -1 -1 11 -1 -1 -1 13 -1 -1 -1 15 -1 -1 -1 -1 -1 -1 14 -1 -1 -1 -1 22 -1 -1 -1 -1 -1 -1 -1 -1 -1 -1 29 8 -1 -1 27 -1 -1 23 -1 -1 -1 17 16 25 -1 -1 -1 -1 -1 -1 26 -1 -1 -1 -1 -1 21 20 19 18 -1 -1 
-1 1 2 3 4 5 6 -1 -1 -1 -1 -1 -1 -1 -1 -1 -1 -1 -1 -1 9 -1 10 -1 7 -1 -1 11 -1 -1 -1 13 -1 -1 -1 15 -1 -1 -1 -1 -1 -1 14 -1 -1 -1 -1 22 -1 -1 -1 -1 16 -1 -1 -1 -1 -1 29 8 -1 -1 27 -1 -1 23 -1 -1 -1 17 -1 25 -1 -1 -1 -1 -1 -1 26 -1 -1 -1 -1 -1 21 20 19 18 -1 -1 
-1 1 2 3 4 5 6 -1 -1 -1 -1 -1 -1 -1 -1 -1 -1 -1 -1 -1 9 10 -1 -1 7 -1 -1 11 -1 -1 -1 13 -1 -1 -1 15 -1 -1 -1 -1 -1 -1 14 -1 -1 -1 -1 22 -1 -1 -1 -1 16 -1 -1 -1 -1 -1 29 8 -1 -1 27 -1 -1 23 -1 -1 -1 17 -1 25 -1 -1 -1 -1 -1 -1 26 -1 -1 -1 -1 -1 21 20 19 18 -1 -1 
-1 1 2 3 4 5 6 -1 -1 -1 -1 -1 -1 -1 -1 -1 -1 -1 -1 -1 9 10 -1 -1 7 -1 -1 11 -1 -1 -1 13 -1 -1 -1 15 -1 -1 -1 -1 -1 -1 14 -1 -1 -1 -1 22 -1 -1 17 -1 16 -1 -1 -1 -1 -1 29 8 -1 -1 27 -1 -1 23 -1 -1 -1 -1 -1 25 -1 -1 -1 -1 -1 -1 26 -1 -1 -1 -1 -1 21 20 19 18 -1 -1 
-1 1 -1 3 4 5 6 -1 -1 -1 -1 -1 -1 -1 -1 -1 -1 -1 -1 -1 9 10 2 -1 7 -1 -1 11 -1 -1 -1 13 -1 -1 -1 15 -1 -1 -1 -1 -1 -1 14 -1 -1 -1 -1 22 -1 -1 17 -1 16 -1 -1 -1 -1 -1 29 8 -1 -1 27 -1 -1 23 -1 -1 -1 -1 -1 25 -1 -1 -1 -1 -1 -1 26 -1 -1 -1 -1 -1 21 20 19 18 -1 -1 
-1 1 -1 3 4 5 6 -1 -1 -1 -1 -1 -1 -1 -1 -1 -1 -1 -1 -1 9 10 2 -1 7 -1 -1 11 -1 -1 -1 13 -1 -1 -1 15 -1 -1 -1 -1 -1 -1 14 -1 -1 -1 -1 22 -1 -1 17 -1 16 -1 -1 -1 -1 -1 29 8 -1 -1 27 -1 -1 23 -1 -1 -1 -1 -1 25 -1 -1 -1 -1 21 -1 26 -1 -1 -1 -1 -1 -1 20 19 18 -1 -1 
-1 1 -1 3 4 5 6 -1 -1 -1 -1 -1 -1 -1 -1 -1 -1 -1 -1 -1 9 10 2 -1 7 -1 -1 11 -1 -1 -1 13 -1 -1 -1 15 -1 -1 -1 -1 -1 -1 14 -1 -1 -1 -1 22 -1 -1 17 -1 16 -1 -1 -1 -1 -1 29 -1 -1 -1 27 -1 -1 23 -1 -1 -1 -1 -1 25 -1 -1 -1 -1 21 8 26 -1 -1 -1 -1 -1 -1 20 19 18 -1 -1 
-1 1 -1 3 4 5 6 -1 -1 -1 -1 -1 -1 -1 -1 -1 -1 -1 -1 -1 9 10 2 -1 7 -1 -1 11 -1 -1 -1 13 -1 -1 -1 15 -1 -1 -1 -1 -1 -1 14 -1 -1 -1 -1 22 -1 -1 17 -1 16 -1 -1 -1 -1 -1 29 -1 -1 -1 27 -1 -1 23 -1 -1 -1 26 -1 25 -1 -1 -1 -1 21 8 -1 -1 -1 -1 -1 -1 -1 20 19 18 -1 -1 
-1 1 -1 3 4 5 6 -1 -1 -1 -1 9 -1 -1 -1 -1 -1 -1 -1 -1 -1 10 2 -1 7 -1 -1 11 -1 -1 -1 13 -1 -1 -1 15 -1 -1 -1 -1 -1 -1 14 -1 -1 -1 -1 22 -1 -1 17 -1 16 -1 -1 -1 -1 -1 29 -1 -1 -1 27 -1 -1 23 -1 -1 -1 26 -1 25 -1 -1 -1 -1 21 8 -1 -1 -1 -1 -1 -1 -1 20 19 18 -1 -1 
-1 1 -1 3 4 5 6 -1 -1 -1 -1 9 -1 -1 -1 -1 -1 -1 -1 -1 -1 10 2 -1 7 -1 -1 11 -1 -1 -1 13 -1 -1 -1 15 -1 -1 -1 17 -1 -1 14 -1 -1 -1 -1 22 -1 -1 -1 -1 16 -1 -1 -1 -1 -1 29 -1 -1 -1 27 -1 -1 23 -1 -1 -1 26 -1 25 -1 -1 -1 -1 21 8 -1 -1 -1 -1 -1 -1 -1 20 19 18 -1 -1 
-1 1 -1 3 4 5 6 -1 -1 -1 -1 9 -1 -1 -1 -1 -1 -1 -1 -1 -1 10 2 -1 7 -1 -1 11 -1 -1 -1 13 -1 -1 -1 15 -1 -1 -1 17 -1 -1 -1 -1 -1 -1 -1 22 -1 -1 -1 14 16 -1 -1 -1 -1 -1 29 -1 -1 -1 27 -1 -1 23 -1 -1 -1 26 -1 25 -1 -1 -1 -1 21 8 -1 -1 -1 -1 -1 -1 -1 20 19 18 -1 -1 
-1 1 -1 3 4 5 6 -1 -1 -1 -1 9 -1 -1 -1 -1 -1 -1 -1 -1 -1 10 2 -1 7 -1 -1 11 -1 -1 -1 13 -1 -1 -1 15 -1 -1 -1 17 -1 -1 -1 -1 -1 -1 -1 22 -1 -1 -1 16 -1 -1 -1 -1 -1 -1 29 -1 -1 -1 27 -1 -1 23 -1 -1 -1 26 -1 25 -1 -1 -1 -1 21 8 -1 -1 -1 -1 -1 -1 -1 20 19 18 -1 -1 
-1 1 -1 3 4 5 6 -1 -1 -1 -1 -1 -1 -1 -1 9 -1 -1 -1 -1 -1 10 2 -1 7 -1 -1 11 -1 -1 -1 13 -1 -1 -1 15 -1 -1 -1 17 -1 -1 -1 -1 -1 -1 -1 22 -1 -1 -1 16 -1 -1 -1 -1 -1 -1 29 -1 -1 -1 27 -1 -1 23 -1 -1 -1 26 -1 25 -1 -1 -1 -1 21 8 -1 -1 -1 -1 -1 -1 -1 20 19 18 -1 -1 
-1 1 -1 3 4 5 6 -1 -1 -1 -1 -1 -1 -1 -1 9 -1 -1 -1 -1 -1 10 2 -1 7 -1 -1 11 -1 -1 -1 13 -1 -1 -1 15 -1 -1 -1 17 -1 -1 -1 -1 -1 -1 -1 22 -1 -1 16 -1 -1 -1 -1 -1 -1 -1 29 -1 -1 -1 27 -1 -1 23 -1 -1 -1 26 -1 25 -1 -1 -1 -1 21 8 -1 -1 -1 -1 -1 -1 -1 20 19 18 -1 -1 
-1 1 -1 3 4 5 6 -1 -1 -1 -1 -1 -1 -1 -1 9 -1 -1 -1 -1 -1 10 2 -1 7 -1 -1 11 -1 -1 -1 13 -1 -1 -1 15 -1 -1 -1 17 -1 -1 -1 -1 -1 -1 -1 22 -1 -1 8 -1 -1 -1 -1 -1 -1 -1 29 -1 -1 -1 27 -1 -1 23 -1 -1 -1 26 -1 25 -1 -1 -1 -1 21 -1 -1 -1 -1 -1 -1 -1 -1 20 19 18 -1 -1 
-1 1 -1 3 4 5 6 -1 -1 -1 -1 -1 -1 -1 -1 9 -1 -1 -1 -1 -1 10 2 -1 7 -1 -1 11 -1 -1 -1 13 -1 -1 -1 15 -1 -1 -1 -1 -1 -1 -1 -1 -1 -1 -1 22 -1 -1 17 -1 -1 -1 -1 -1 -1 -1 29 -1 -1 -1 27 -1 -1 23 -1 -1 -1 26 -1 25 -1 -1 -1 -1 21 -1 -1 -1 -1 -1 -1 -1 -1 20 19 18 -1 -1 
-1 1 -1 3 4 5 6 -1 -1 -1 -1 -1 -1 -1 -1 -1 -1 -1 -1 -1 -1 10 2 -1 7 -1 -1 11 -1 -1 -1 13 -1 -1 -1 15 -1 -1 -1 -1 -1 -1 -1 -1 -1 -1 -1 22 -1 -1 17 -1 -1 -1 -1 -1 -1 -1 29 -1 -1 -1 27 -1 -1 23 -1 -1 -1 9 -1 25 -1 -1 -1 -1 21 -1 -1 -1 -1 -1 -1 -1 -1 20 19 18 -1 -1 
-1 1 -1 3 4 5 6 -1 -1 -1 -1 -1 -1 -1 -1 -1 -1 -1 -1 -1 -1 10 2 -1 7 -1 -1 11 -1 -1 -1 13 -1 -1 -1 15 -1 -1 -1 -1 -1 -1 -1 -1 -1 -1 -1 22 -1 -1 -1 -1 -1 -1 -1 -1 -1 -1 29 -1 -1 -1 27 -1 -1 23 -1 -1 -1 17 -1 25 -1 -1 -1 -1 21 -1 -1 -1 -1 -1 -1 -1 -1 20 19 18 -1 -1 
-1 1 -1 3 4 5 6 -1 -1 -1 -1 -1 -1 -1 -1 -1 -1 -1 -1 -1 10 -1 2 -1 7 -1 -1 11 -1 -1 -1 13 -1 -1 -1 15 -1 -1 -1 -1 -1 -1 -1 -1 -1 -1 -1 22 -1 -1 -1 -1 -1 -1 -1 -1 -1 -1 29 -1 -1 -1 27 -1 -1 23 -1 -1 -1 17 -1 25 -1 -1 -1 -1 21 -1 -1 -1 -1 -1 -1 -1 -1 20 19 18 -1 -1 
-1 1 -1 3 4 5 6 -1 -1 -1 -1 -1 -1 -1 -1 -1 -1 -1 -1 -1 10 -1 2 -1 7 -1 -1 11 -1 -1 -1 13 -1 -1 -1 15 -1 -1 -1 -1 -1 -1 -1 -1 -1 -1 -1 -1 -1 -1 -1 -1 -1 -1 -1 -1 -1 -1 29 -1 -1 -1 27 22 -1 23 -1 -1 -1 17 -1 25 -1 -1 -1 -1 21 -1 -1 -1 -1 -1 -1 -1 -1 20 19 18 -1 -1 
-1 1 -1 3 4 5 6 -1 -1 -1 -1 10 -1 -1 -1 -1 -1 -1 -1 -1 -1 -1 2 -1 7 -1 -1 11 -1 -1 -1 13 -1 -1 -1 15 -1 -1 -1 -1 -1 -1 -1 -1 -1 -1 -1 -1 -1 -1 -1 -1 -1 -1 -1 -1 -1 -1 29 -1 -1 -1 27 22 -1 23 -1 -1 -1 17 -1 25 -1 -1 -1 -1 21 -1 -1 -1 -1 -1 -1 -1 -1 20 19 18 -1 -1 
-1 1 -1 3 4 5 6 -1 -1 -1 -1 10 -1 -1 -1 -1 -1 -1 -1 -1 -1 -1 2 -1 7 -1 -1 11 -1 -1 -1 13 -1 -1 -1 15 -1 -1 -1 -1 -1 -1 -1 -1 -1 -1 -1 30 -1 -1 -1 -1 -1 -1 -1 -1 -1 -1 29 -1 -1 -1 27 22 -1 23 -1 -1 -1 17 -1 25 -1 -1 -1 -1 21 -1 -1 -1 -1 -1 -1 -1 -1 20 19 18 -1 -1 
-1 1 -1 3 4 5 6 -1 -1 -1 -1 -1 -1 -1 -1 10 -1 -1 -1 -1 -1 -1 2 -1 7 -1 -1 11 -1 -1 -1 13 -1 -1 -1 15 -1 -1 -1 -1 -1 -1 -1 -1 -1 -1 -1 30 -1 -1 -1 -1 -1 -1 -1 -1 -1 -1 29 -1 -1 -1 27 22 -1 23 -1 -1 -1 17 -1 25 -1 -1 -1 -1 21 -1 -1 -1 -1 -1 -1 -1 -1 20 19 18 -1 -1 
-1 1 -1 3 4 5 6 -1 -1 -1 -1 -1 -1 -1 -1 10 -1 -1 -1 -1 -1 -1 2 -1 7 -1 -1 11 -1 -1 -1 13 -1 -1 -1 15 -1 -1 -1 -1 -1 -1 -1 -1 -1 -1 -1 30 -1 -1 -1 -1 -1 -1 -1 -1 -1 -1 29 -1 -1 -1 27 22 -1 23 -1 -1 -1 -1 -1 25 -1 -1 -1 -1 21 -1 -1 -1 17 -1 -1 -1 -1 20 19 18 -1 -1 
-1 -1 -1 3 4 5 6 -1 -1 -1 -1 -1 -1 -1 -1 10 -1 -1 -1 -1 1 -1 2 -1 7 -1 -1 11 -1 -1 -1 13 -1 -1 -1 15 -1 -1 -1 -1 -1 -1 -1 -1 -1 -1 -1 30 -1 -1 -1 -1 -1 -1 -1 -1 -1 -1 29 -1 -1 -1 27 22 -1 23 -1 -1 -1 -1 -1 25 -1 -1 -1 -1 21 -1 -1 -1 17 -1 -1 -1 -1 20 19 18 -1 -1 
-1 -1 -1 3 4 5 6 -1 -1 -1 -1 -1 -1 -1 -1 10 -1 -1 -1 -1 1 -1 2 -1 7 -1 -1 11 -1 -1 -1 13 -1 -1 -1 15 -1 -1 -1 -1 -1 -1 -1 -1 -1 -1 -1 30 23 -1 -1 -1 -1 -1 -1 -1 -1 -1 29 -1 -1 -1 27 22 -1 -1 -1 -1 -1 -1 -1 25 -1 -1 -1 -1 21 -1 -1 -1 17 -1 -1 -1 -1 20 19 18 -1 -1 
-1 -1 -1 3 4 5 6 -1 -1 -1 -1 -1 -1 -1 -1 10 -1 -1 -1 -1 -1 -1 2 -1 7 -1 -1 11 -1 -1 -1 13 -1 -1 -1 15 -1 -1 -1 1 -1 -1 -1 -1 -1 -1 -1 30 23 -1 -1 -1 -1 -1 -1 -1 -1 -1 29 -1 -1 -1 27 22 -1 -1 -1 -1 -1 -1 -1 25 -1 -1 -1 -1 21 -1 -1 -1 17 -1 -1 -1 -1 20 19 18 -1 -1 
-1 -1 -1 3 4 5 6 -1 -1 -1 -1 -1 -1 -1 -1 10 -1 -1 -1 -1 -1 -1 2 -1 7 -1 -1 11 -1 -1 -1 13 -1 -1 -1 15 -1 -1 -1 1 -1 -1 -1 -1 -1 -1 -1 30 23 -1 -1 -1 -1 -1 -1 -1 -1 -1 29 -1 -1 -1 27 -1 -1 -1 -1 -1 -1 -1 -1 25 -1 -1 -1 -1 21 -1 -1 -1 17 -1 -1 22 -1 20 19 18 -1 -1 
-1 -1 -1 3 4 5 6 -1 -1 -1 -1 -1 -1 -1 -1 10 -1 -1 -1 -1 -1 -1 2 -1 7 -1 -1 11 -1 -1 -1 13 -1 -1 -1 15 -1 -1 -1 -1 -1 -1 -1 -1 -1 -1 -1 30 23 -1 1 -1 -1 -1 -1 -1 -1 -1 29 -1 -1 -1 27 -1 -1 -1 -1 -1 -1 -1 -1 25 -1 -1 -1 -1 21 -1 -1 -1 17 -1 -1 22 -1 20 19 18 -1 -1 
-1 -1 -1 3 4 5 6 -1 -1 -1 -1 -1 -1 -1 -1 10 -1 -1 -1 -1 -1 -1 2 -1 7 -1 -1 11 -1 -1 -1 13 -1 -1 -1 15 -1 -1 -1 -1 -1 -1 -1 -1 -1 -1 -1 30 23 -1 1 -1 -1 -1 -1 -1 -1 -1 29 -1 -1 -1 27 25 -1 -1 -1 -1 -1 -1 -1 -1 -1 -1 -1 -1 21 -1 -1 -1 17 -1 -1 22 -1 20 19 18 -1 -1 
-1 -1 -1 3 4 5 6 -1 -1 -1 -1 -1 -1 -1 -1 10 -1 -1 -1 -1 -1 -1 2 -1 7 -1 -1 11 -1 -1 -1 13 -1 -1 -1 15 -1 -1 -1 -1 -1 -1 -1 -1 -1 -1 -1 30 23 -1 1 -1 -1 -1 -1 -1 -1 -1 29 -1 -1 -1 27 9 -1 -1 -1 -1 -1 -1 -1 -1 -1 -1 -1 -1 21 -1 -1 -1 17 -1 -1 22 -1 20 19 18 -1 -1 
-1 -1 -1 3 4 5 6 -1 -1 -1 -1 -1 -1 -1 -1 10 -1 -1 -1 -1 -1 -1 2 -1 7 -1 -1 11 -1 -1 -1 13 -1 -1 -1 15 -1 -1 -1 -1 -1 -1 -1 -1 -1 -1 -1 30 23 -1 1 -1 -1 -1 -1 -1 -1 -1 29 -1 -1 -1 27 9 -1 -1 -1 22 -1 -1 -1 -1 -1 -1 -1 -1 21 -1 -1 -1 17 -1 -1 -1 -1 20 19 18 -1 -1 
-1 -1 -1 3 4 5 6 -1 -1 -1 -1 -1 -1 -1 -1 10 -1 -1 -1 -1 -1 -1 2 -1 -1 -1 -1 11 -1 -1 -1 13 -1 -1 -1 15 -1 -1 -1 -1 -1 -1 -1 7 -1 -1 -1 30 23 -1 1 -1 -1 -1 -1 -1 -1 -1 29 -1 -1 -1 27 9 -1 -1 -1 22 -1 -1 -1 -1 -1 -1 -1 -1 21 -1 -1 -1 17 -1 -1 -1 -1 20 19 18 -1 -1 
-1 -1 -1 3 4 5 6 -1 -1 -1 -1 -1 -1 -1 -1 10 -1 -1 -1 -1 -1 -1 2 -1 -1 -1 -1 25 -1 -1 -1 13 -1 -1 -1 15 -1 -1 -1 -1 -1 -1 -1 7 -1 -1 -1 30 23 -1 1 -1 -1 -1 -1 -1 -1 -1 29 -1 -1 -1 27 -1 -1 -1 -1 22 -1 -1 -1 -1 -1 -1 -1 -1 21 -1 -1 -1 17 -1 -1 -1 -1 20 19 18 -1 -1 
-1 -1 -1 3 4 5 6 -1 -1 -1 -1 -1 -1 -1 -1 10 -1 -1 -1 -1 -1 -1 2 -1 -1 -1 -1 25 -1 -1 -1 13 -1 -1 -1 15 -1 -1 -1 -1 -1 -1 -1 7 -1 -1 -1 30 23 -1 1 -1 -1 -1 -1 -1 -1 -1 29 -1 -1 -1 27 -1 -1 -1 -1 22 -1 -1 -1 -1 -1 -1 -1 -1 21 -1 -1 -1 17 -1 -1 -1 -1 20 19 18 -1 -1 
-1 -1 -1 3 4 5 6 -1 -1 -1 -1 -1 -1 -1 -1 10 -1 -1 -1 -1 -1 -1 2 -1 -1 -1 -1 25 -1 -1 -1 13 -1 -1 -1 15 -1 -1 -1 -1 -1 -1 -1 7 -1 -1 -1 30 23 -1 1 -1 -1 27 -1 -1 -1 -1 29 -1 -1 -1 -1 -1 -1 -1 -1 22 -1 -1 -1 -1 -1 -1 -1 -1 21 -1 -1 -1 17 -1 -1 -1 -1 20 19 18 -1 -1 
-1 -1 -1 3 4 5 6 -1 -1 -1 -1 -1 -1 -1 -1 10 -1 -1 -1 -1 -1 -1 2 -1 -1 -1 -1 25 -1 -1 -1 13 -1 -1 -1 15 -1 -1 -1 -1 -1 -1 -1 -1 -1 -1 -1 30 23 -1 1 -1 -1 27 -1 -1 -1 -1 29 -1 7 -1 -1 -1 -1 -1 -1 22 -1 -1 -1 -1 -1 -1 -1 -1 21 -1 -1 -1 17 -1 -1 -1 -1 20 19 18 -1 -1 
-1 -1 -1 3 4 5 6 -1 -1 -1 -1 -1 -1 -1 -1 10 -1 -1 -1 -1 -1 -1 2 -1 -1 -1 -1 -1 -1 -1 -1 13 -1 -1 -1 15 -1 -1 -1 -1 -1 -1 -1 -1 -1 25 -1 30 23 -1 1 -1 -1 27 -1 -1 -1 -1 29 -1 7 -1 -1 -1 -1 -1 -1 22 -1 -1 -1 -1 -1 -1 -1 -1 21 -1 -1 -1 17 -1 -1 -1 -1 20 19 18 -1 -1 
-1 -1 -1 3 4 5 6 -1 -1 -1 -1 -1 -1 -1 -1 10 -1 -1 -1 -1 -1 -1 2 -1 -1 -1 -1 -1 -1 -1 -1 13 -1 -1 -1 15 -1 -1 -1 -1 -1 -1 -1 -1 -1 25 -1 30 23 -1 1 -1 -1 27 -1 -1 -1 -1 29 -1 7 -1 -1 -1 -1 -1 -1 22 -1 -1 -1 -1 -1 -1 -1 -1 21 -1 -1 -1 17 -1 -1 -1 -1 20 19 18 -1 -1 
-1 -1 -1 3 4 5 6 -1 -1 -1 -1 -1 -1 -1 -1 10 -1 -1 -1 -1 -1 -1 2 -1 -1 -1 -1 -1 -1 -1 -1 13 -1 -1 -1 15 -1 -1 -1 -1 -1 -1 -1 -1 -1 25 -1 30 23 -1 1 -1 -1 27 -1 -1 -1 -1 29 -1 7 -1 -1 -1 -1 -1 -1 22 21 -1 -1 -1 -1 -1 -1 -1 -1 -1 -1 -1 17 -1 -1 -1 -1 20 19 18 -1 -1 
-1 -1 -1 3 4 5 6 -1 -1 -1 -1 -1 -1 -1 -1 10 -1 -1 -1 -1 -1 -1 2 -1 -1 -1 -1 -1 -1 -1 -1 13 -1 -1 -1 15 -1 -1 -1 -1 -1 -1 -1 -1 -1 25 -1 30 23 -1 1 -1 -1 27 -1 -1 -1 -1 29 -1 7 -1 -1 -1 -1 -1 -1 22 21 -1 -1 -1 -1 -1 -1 -1 -1 -1 -1 -1 17 -1 -1 -1 -1 20 19 18 -1 -1 
-1 -1 -1 3 4 5 6 -1 -1 -1 -1 -1 -1 -1 -1 10 -1 -1 -1 -1 -1 -1 2 -1 -1 -1 -1 -1 -1 -1 -1 13 -1 -1 -1 15 -1 -1 -1 -1 -1 -1 -1 -1 -1 25 -1 30 23 -1 1 22 -1 27 -1 -1 -1 -1 29 -1 7 -1 -1 -1 -1 -1 -1 -1 21 -1 -1 -1 -1 -1 -1 -1 -1 -1 -1 -1 17 -1 -1 -1 -1 20 19 18 -1 -1 
-1 -1 -1 3 4 5 6 -1 -1 -1 -1 -1 -1 -1 -1 10 -1 -1 -1 -1 -1 -1 2 -1 -1 -1 -1 -1 -1 -1 -1 13 -1 -1 -1 15 -1 -1 -1 -1 -1 -1 -1 -1 -1 25 -1 30 23 -1 1 22 -1 7 -1 -1 -1 -1 29 -1 -1 -1 -1 -1 -1 -1 -1 -1 21 -1 -1 -1 -1 -1 -1 -1 -1 -1 -1 -1 17 -1 -1 -1 -1 20 19 18 -1 -1 
-1 -1 -1 3 4 5 6 -1 -1 -1 -1 -1 -1 -1 -1 10 -1 -1 -1 -1 -1 -1 2 -1 -1 -1 -1 -1 -1 -1 -1 13 -1 -1 -1 15 -1 -1 -1 -1 -1 -1 -1 -1 -1 25 -1 30 23 -1 1 22 -1 7 -1 -1 -1 -1 29 -1 -1 17 -1 -1 -1 -1 -1 -1 21 -1 -1 -1 -1 -1 -1 -1 -1 -1 -1 -1 -1 -1 -1 -1 -1 20 19 18 -1 -1 
-1 -1 -1 3 4 5 6 -1 -1 -1 -1 -1 -1 -1 -1 10 -1 -1 -1 -1 -1 -1 2 -1 -1 -1 -1 -1 -1 -1 -1 13 -1 -1 -1 15 -1 -1 -1 1 -1 -1 -1 -1 -1 25 -1 30 23 -1 -1 22 -1 7 -1 -1 -1 -1 29 -1 -1 17 -1 -1 -1 -1 -1 -1 21 -1 -1 -1 -1 -1 -1 -1 -1 -1 -1 -1 -1 -1 -1 -1 -1 20 19 18 -1 -1 
-1 -1 -1 3 4 5 6 -1 -1 -1 -1 -1 -1 -1 -1 10 -1 -1 -1 -1 -1 -1 2 -1 -1 -1 -1 -1 -1 -1 -1 13 -1 -1 -1 15 25 -1 -1 1 -1 -1 -1 -1 -1 -1 -1 30 23 -1 -1 22 -1 7 -1 -1 -1 -1 29 -1 -1 17 -1 -1 -1 -1 -1 -1 21 -1 -1 -1 -1 -1 -1 -1 -1 -1 -1 -1 -1 -1 -1 -1 -1 20 19 18 -1 -1 
-1 -1 -1 3 4 5 6 -1 -1 -1 -1 -1 -1 -1 -1 10 -1 -1 -1 -1 1 -1 2 -1 -1 -1 -1 -1 -1 -1 -1 13 -1 -1 -1 15 25 -1 -1 -1 -1 -1 -1 -1 -1 -1 -1 30 23 -1 -1 22 -1 7 -1 -1 -1 -1 29 -1 -1 17 -1 -1 -1 -1 -1 -1 21 -1 -1 -1 -1 -1 -1 -1 -1 -1 -1 -1 -1 -1 -1 -1 -1 20 19 18 -1 -1 
-1 -1 -1 3 4 5 6 -1 -1 -1 -1 -1 -1 -1 -1 10 -1 -1 -1 -1 1 -1 2 -1 -1 -1 -1 -1 -1 -1 -1 13 -1 -1 -1 15 25 -1 -1 -1 -1 -1 -1 -1 -1 -1 -1 30 23 -1 -1 22 -1 7 -1 -1 -1 -1 29 -1 -1 17 -1 -1 -1 -1 -1 -1 21 -1 -1 -1 -1 -1 -1 -1 -1 -1 -1 -1 -1 -1 -1 -1 -1 20 -1 18 -1 -1 
-1 -1 -1 3 4 5 6 -1 -1 -1 -1 -1 -1 -1 -1 10 -1 -1 -1 -1 1 -1 2 -1 -1 -1 -1 -1 -1 -1 -1 13 -1 -1 7 15 25 -1 -1 -1 -1 -1 -1 -1 -1 -1 -1 30 23 -1 -1 22 -1 -1 -1 -1 -1 -1 29 -1 -1 17 -1 -1 -1 -1 -1 -1 21 -1 -1 -1 -1 -1 -1 -1 -1 -1 -1 -1 -1 -1 -1 -1 -1 20 -1 18 -1 -1 
-1 -1 -1 3 4 5 6 -1 -1 -1 -1 -1 -1 -1 -1 10 -1 -1 -1 -1 1 -1 2 -1 -1 -1 -1 -1 -1 -1 -1 13 -1 -1 7 15 25 -1 -1 -1 -1 -1 -1 -1 -1 -1 -1 30 23 -1 -1 22 -1 -1 -1 -1 -1 -1 29 -1 -1 17 -1 -1 -1 -1 -1 -1 21 -1 -1 -1 -1 -1 -1 -1 -1 -1 -1 -1 -1 -1 -1 -1 -1 20 -1 -1 -1 -1 
-1 -1 -1 3 4 5 6 -1 -1 -1 -1 -1 -1 -1 -1 10 -1 -1 -1 -1 1 -1 2 -1 -1 -1 -1 -1 -1 -1 -1 13 -1 -1 7 15 25 -1 -1 -1 -1 -1 -1 -1 -1 -1 -1 30 23 -1 -1 22 -1 -1 -1 -1 -1 -1 29 -1 -1 17 -1 -1 -1 -1 -1 -1 9 -1 -1 -1 -1 -1 -1 -1 -1 -1 -1 -1 -1 -1 -1 -1 -1 20 -1 -1 -1 -1 
25 -1 -1 3 4 5 6 -1 -1 -1 -1 -1 -1 -1 -1 10 -1 -1 -1 -1 1 -1 2 -1 -1 -1 -1 -1 -1 -1 -1 13 -1 -1 7 15 -1 -1 -1 -1 -1 -1 -1 -1 -1 -1 -1 30 23 -1 -1 22 -1 -1 -1 -1 -1 -1 29 -1 -1 17 -1 -1 -1 -1 -1 -1 9 -1 -1 -1 -1 -1 -1 -1 -1 -1 -1 -1 -1 -1 -1 -1 -1 20 -1 -1 -1 -1 
25 -1 -1 -1 4 5 6 -1 -1 -1 -1 -1 -1 3 -1 10 -1 -1 -1 -1 1 -1 2 -1 -1 -1 -1 -1 -1 -1 -1 13 -1 -1 7 15 -1 -1 -1 -1 -1 -1 -1 -1 -1 -1 -1 30 23 -1 -1 22 -1 -1 -1 -1 -1 -1 29 -1 -1 17 -1 -1 -1 -1 -1 -1 9 -1 -1 -1 -1 -1 -1 -1 -1 -1 -1 -1 -1 -1 -1 -1 -1 20 -1 -1 -1 -1 
-1 -1 -1 -1 4 5 6 -1 -1 -1 -1 -1 -1 3 -1 10 -1 -1 -1 -1 1 -1 2 -1 -1 -1 -1 -1 -1 -1 -1 13 -1 -1 7 15 -1 -1 -1 -1 -1 -1 -1 -1 -1 -1 -1 30 23 -1 -1 22 -1 -1 -1 -1 -1 -1 29 -1 -1 17 -1 -1 -1 -1 -1 -1 9 -1 -1 -1 25 -1 -1 -1 -1 -1 -1 -1 -1 -1 -1 -1 -1 20 -1 -1 -1 -1 
-1 -1 -1 -1 4 5 6 -1 -1 -1 -1 -1 -1 -1 -1 10 -1 -1 -1 -1 1 -1 2 3 -1 -1 -1 -1 -1 -1 -1 13 -1 -1 7 15 -1 -1 -1 -1 -1 -1 -1 -1 -1 -1 -1 30 23 -1 -1 22 -1 -1 -1 -1 -1 -1 29 -1 -1 17 -1 -1 -1 -1 -1 -1 9 -1 -1 -1 25 -1 -1 -1 -1 -1 -1 -1 -1 -1 -1 -1 -1 20 -1 -1 -1 -1 
-1 -1 -1 -1 4 5 6 -1 -1 -1 -1 -1 -1 -1 -1 10 -1 -1 -1 -1 1 -1 2 3 -1 -1 -1 -1 -1 23 -1 13 -1 -1 7 15 -1 -1 -1 -1 -1 -1 -1 -1 -1 -1 -1 30 -1 -1 -1 22 -1 -1 -1 -1 -1 -1 29 -1 -1 17 -1 -1 -1 -1 -1 -1 9 -1 -1 -1 25 -1 -1 -1 -1 -1 -1 -1 -1 -1 -1 -1 -1 20 -1 -1 -1 -1 
-1 -1 -1 -1 4 5 6 -1 -1 -1 -1 -1 -1 -1 -1 10 -1 -1 -1 -1 1 -1 2 3 -1 -1 -1 -1 -1 23 -1 13 -1 -1 -1 15 -1 -1 -1 -1 -1 7 -1 -1 -1 -1 -1 30 -1 -1 -1 22 -1 -1 -1 -1 -1 -1 29 -1 -1 17 -1 -1 -1 -1 -1 -1 9 -1 -1 -1 25 -1 -1 -1 -1 -1 -1 -1 -1 -1 -1 -1 -1 20 -1 -1 -1 -1 
-1 -1 -1 -1 4 5 6 -1 -1 -1 -1 -1 -1 -1 -1 10 -1 -1 -1 -1 1 -1 2 3 -1 -1 -1 -1 -1 23 -1 13 -1 -1 -1 15 -1 -1 -1 -1 -1 7 -1 -1 -1 -1 -1 30 -1 -1 17 22 -1 -1 -1 -1 -1 -1 29 -1 -1 -1 -1 -1 -1 -1 -1 -1 9 -1 -1 -1 25 -1 -1 -1 -1 -1 -1 -1 -1 -1 -1 -1 -1 20 -1 -1 -1 -1 
-1 -1 -1 -1 4 5 6 -1 -1 -1 -1 -1 -1 -1 -1 10 -1 -1 -1 -1 1 -1 2 3 -1 -1 -1 -1 -1 23 -1 13 -1 -1 -1 15 -1 -1 -1 -1 -1 7 -1 -1 -1 -1 -1 30 -1 -1 17 22 -1 -1 -1 -1 -1 -1 29 -1 -1 -1 -1 -1 -1 9 -1 -1 -1 -1 -1 -1 25 -1 -1 -1 -1 -1 -1 -1 -1 -1 -1 -1 -1 20 -1 -1 -1 -1 
-1 -1 -1 -1 4 5 6 -1 -1 -1 -1 -1 -1 -1 -1 10 -1 -1 23 -1 1 -1 2 3 -1 -1 -1 -1 -1 -1 -1 13 -1 -1 -1 15 -1 -1 -1 -1 -1 7 -1 -1 -1 -1 -1 30 -1 -1 17 22 -1 -1 -1 -1 -1 -1 29 -1 -1 -1 -1 -1 -1 9 -1 -1 -1 -1 -1 -1 25 -1 -1 -1 -1 -1 -1 -1 -1 -1 -1 -1 -1 20 -1 -1 -1 -1 
-1 -1 -1 -1 4 5 6 -1 -1 -1 -1 -1 -1 -1 -1 10 -1 -1 23 -1 1 -1 2 3 -1 -1 -1 -1 -1 -1 -1 13 -1 -1 -1 15 -1 -1 -1 -1 -1 7 -1 -1 -1 -1 -1 30 -1 -1 17 22 -1 -1 -1 -1 -1 -1 29 -1 -1 -1 -1 -1 -1 -1 -1 -1 9 -1 -1 -1 25 -1 -1 -1 -1 -1 -1 -1 -1 -1 -1 -1 -1 20 -1 -1 -1 -1 
-1 -1 -1 -1 4 5 6 -1 -1 -1 -1 23 -1 -1 -1 10 -1 -1 -1 -1 1 -1 2 3 -1 -1 -1 -1 -1 -1 -1 13 -1 -1 -1 15 -1 -1 -1 -1 -1 7 -1 -1 -1 -1 -1 30 -1 -1 17 22 -1 -1 -1 -1 -1 -1 29 -1 -1 -1 -1 -1 -1 -1 -1 -1 9 -1 -1 -1 25 -1 -1 -1 -1 -1 -1 -1 -1 -1 -1 -1 -1 20 -1 -1 -1 -1 
-1 -1 -1 -1 -1 5 6 -1 -1 -1 -1 23 -1 4 -1 10 -1 -1 -1 -1 1 -1 2 3 -1 -1 -1 -1 -1 -1 -1 13 -1 -1 -1 15 -1 -1 -1 -1 -1 7 -1 -1 -1 -1 -1 30 -1 -1 17 22 -1 -1 -1 -1 -1 -1 29 -1 -1 -1 -1 -1 -1 -1 -1 -1 9 -1 -1 -1 25 -1 -1 -1 -1 -1 -1 -1 -1 -1 -1 -1 -1 20 -1 -1 -1 -1 
-1 -1 -1 -1 -1 5 6 -1 -1 -1 -1 23 -1 4 -1 10 -1 -1 -1 -1 1 -1 2 3 -1 -1 -1 -1 -1 -1 -1 13 -1 -1 -1 15 -1 -1 -1 -1 -1 7 -1 -1 -1 -1 -1 30 -1 -1 17 22 -1 -1 -1 -1 -1 -1 29 -1 -1 -1 -1 -1 -1 -1 -1 -1 9 -1 -1 -1 -1 -1 25 -1 -1 -1 -1 -1 -1 -1 -1 -1 -1 20 -1 -1 -1 -1 
-1 -1 -1 -1 -1 5 6 -1 -1 -1 -1 23 -1 4 -1 10 -1 -1 -1 -1 1 -1 2 3 -1 -1 -1 -1 -1 -1 -1 13 -1 -1 -1 15 -1 -1 -1 -1 -1 7 -1 -1 -1 -1 -1 30 -1 -1 17 22 -1 -1 -1 -1 -1 -1 29 -1 -1 -1 -1 -1 -1 9 -1 -1 -1 -1 -1 -1 -1 -1 25 -1 -1 -1 -1 -1 -1 -1 -1 -1 -1 20 -1 -1 -1 -1 
-1 -1 -1 -1 -1 5 6 -1 -1 -1 -1 23 -1 4 -1 10 -1 -1 -1 -1 25 -1 2 3 -1 -1 -1 -1 -1 -1 -1 13 -1 -1 -1 15 -1 -1 -1 -1 -1 7 -1 -1 -1 -1 -1 30 -1 -1 17 22 -1 -1 -1 -1 -1 -1 29 -1 -1 -1 -1 -1 -1 9 -1 -1 -1 -1 -1 -1 -1 -1 -1 -1 -1 -1 -1 -1 -1 -1 -1 -1 -1 20 -1 -1 -1 -1 
-1 -1 -1 -1 -1 5 6 -1 -1 -1 -1 23 -1 4 -1 10 -1 -1 -1 -1 25 -1 -1 3 -1 -1 -1 -1 -1 -1 -1 13 -1 -1 -1 15 -1 -1 2 -1 -1 7 -1 -1 -1 -1 -1 30 -1 -1 17 22 -1 -1 -1 -1 -1 -1 29 -1 -1 -1 -1 -1 -1 9 -1 -1 -1 -1 -1 -1 -1 -1 -1 -1 -1 -1 -1 -1 -1 -1 -1 -1 -1 20 -1 -1 -1 -1 
-1 -1 -1 -1 -1 5 6 -1 -1 -1 -1 23 -1 4 -1 10 -1 -1 -1 25 -1 -1 -1 3 -1 -1 -1 -1 -1 -1 -1 13 -1 -1 -1 15 -1 -1 2 -1 -1 7 -1 -1 -1 -1 -1 30 -1 -1 17 22 -1 -1 -1 -1 -1 -1 29 -1 -1 -1 -1 -1 -1 9 -1 -1 -1 -1 -1 -1 -1 -1 -1 -1 -1 -1 -1 -1 -1 -1 -1 -1 -1 20 -1 -1 -1 -1 
-1 -1 -1 -1 -1 5 6 -1 -1 -1 -1 23 -1 4 -1 10 -1 -1 2 25 -1 -1 -1 3 -1 -1 -1 -1 -1 -1 -1 13 -1 -1 -1 15 -1 -1 -1 -1 -1 7 -1 -1 -1 -1 -1 30 -1 -1 17 22 -1 -1 -1 -1 -1 -1 29 -1 -1 -1 -1 -1 -1 9 -1 -1 -1 -1 -1 -1 -1 -1 -1 -1 -1 -1 -1 -1 -1 -1 -1 -1 -1 20 -1 -1 -1 -1 
-1 -1 -1 -1 -1 5 6 -1 -1 -1 -1 23 -1 4 -1 10 -1 -1 2 25 -1 -1 -1 3 -1 -1 -1 -1 -1 -1 -1 13 -1 -1 -1 15 -1 -1 -1 17 -1 7 -1 -1 -1 -1 -1 30 -1 -1 -1 22 -1 -1 -1 -1 -1 -1 29 -1 -1 -1 -1 -1 -1 9 -1 -1 -1 -1 -1 -1 -1 -1 -1 -1 -1 -1 -1 -1 -1 -1 -1 -1 -1 20 -1 -1 -1 -1 
-1 -1 -1 -1 4 5 6 -1 -1 -1 -1 23 -1 -1 -1 10 -1 -1 2 25 -1 -1 -1 3 -1 -1 -1 -1 -1 -1 -1 13 -1 -1 -1 15 -1 -1 -1 17 -1 7 -1 -1 -1 -1 -1 30 -1 -1 -1 22 -1 -1 -1 -1 -1 -1 29 -1 -1 -1 -1 -1 -1 9 -1 -1 -1 -1 -1 -1 -1 -1 -1 -1 -1 -1 -1 -1 -1 -1 -1 -1 -1 20 -1 -1 -1 -1 
-1 -1 -1 -1 4 5 6 -1 -1 -1 -1 23 -1 -1 -1 10 -1 -1 2 25 17 -1 -1 3 -1 -1 -1 -1 -1 -1 -1 13 -1 -1 -1 15 -1 -1 -1 -1 -1 7 -1 -1 -1 -1 -1 30 -1 -1 -1 22 -1 -1 -1 -1 -1 -1 29 -1 -1 -1 -1 -1 -1 9 -1 -1 -1 -1 -1 -1 -1 -1 -1 -1 -1 -1 -1 -1 -1 -1 -1 -1 -1 20 -1 -1 -1 -1 
-1 -1 -1 -1 4 5 6 -1 -1 -1 -1 23 -1 -1 -1 10 -1 -1 2 25 17 -1 -1 -1 -1 -1 -1 -1 -1 -1 -1 3 -1 -1 -1 15 -1 -1 -1 -1 -1 7 -1 -1 -1 -1 -1 30 -1 -1 -1 22 -1 -1 -1 -1 -1 -1 29 -1 -1 -1 -1 -1 -1 9 -1 -1 -1 -1 -1 -1 -1 -1 -1 -1 -1 -1 -1 -1 -1 -1 -1 -1 -1 20 -1 -1 -1 -1 
-1 -1 -1 -1 4 5 6 -1 -1 -1 -1 23 -1 -1 -1 10 -1 -1 2 25 17 -1 -1 -1 -1 -1 -1 -1 -1 -1 -1 3 -1 -1 -1 15 -1 -1 -1 -1 -1 7 -1 -1 -1 -1 -1 30 -1 29 -1 22 -1 -1 -1 -1 -1 -1 -1 -1 -1 -1 -1 -1 -1 9 -1 -1 -1 -1 -1 -1 -1 -1 -1 -1 -1 -1 -1 -1 -1 -1 -1 -1 -1 20 -1 -1 -1 -1 
-1 -1 -1 -1 4 5 6 -1 -1 -1 -1 23 -1 -1 -1 10 -1 -1 2 25 17 -1 -1 -1 -1 -1 -1 -1 -1 -1 7 3 -1 -1 -1 15 -1 -1 -1 -1 -1 -1 -1 -1 -1 -1 -1 30 -1 29 -1 22 -1 -1 -1 -1 -1 -1 -1 -1 -1 -1 -1 -1 -1 9 -1 -1 -1 -1 -1 -1 -1 -1 -1 -1 -1 -1 -1 -1 -1 -1 -1 -1 -1 20 -1 -1 -1 -1 
-1 -1 -1 -1 4 5 6 -1 -1 -1 -1 23 -1 -1 -1 10 -1 -1 2 -1 17 -1 -1 -1 -1 -1 -1 -1 -1 -1 7 3 -1 -1 -1 15 -1 -1 -1 -1 -1 -1 -1 -1 -1 -1 25 30 -1 29 -1 22 -1 -1 -1 -1 -1 -1 -1 -1 -1 -1 -1 -1 -1 9 -1 -1 -1 -1 -1 -1 -1 -1 -1 -1 -1 -1 -1 -1 -1 -1 -1 -1 -1 20 -1 -1 -1 -1 
-1 -1 -1 -1 4 5 6 -1 -1 -1 -1 23 -1 -1 -1 10 -1 -1 2 -1 17 -1 -1 -1 -1 -1 -1 -1 -1 -1 7 -1 -1 -1 -1 15 -1 -1 -1 3 -1 -1 -1 -1 -1 -1 25 30 -1 29 -1 22 -1 -1 -1 -1 -1 -1 -1 -1 -1 -1 -1 -1 -1 9 -1 -1 -1 -1 -1 -1 -1 -1 -1 -1 -1 -1 -1 -1 -1 -1 -1 -1 -1 20 -1 -1 -1 -1 
-1 -1 -1 -1 4 5 6 -1 -1 -1 -1 23 -1 -1 -1 10 -1 -1 2 -1 -1 -1 -1 -1 -1 -1 -1 -1 -1 -1 7 -1 -1 -1 -1 15 -1 -1 -1 17 -1 -1 -1 -1 -1 -1 25 30 -1 29 -1 22 -1 -1 -1 -1 -1 -1 -1 -1 -1 -1 -1 -1 -1 9 -1 -1 -1 -1 -1 -1 -1 -1 -1 -1 -1 -1 -1 -1 -1 -1 -1 -1 -1 20 -1 -1 -1 -1 
-1 -1 -1 -1 4 5 6 -1 -1 -1 -1 23 -1 -1 -1 10 -1 -1 2 -1 -1 -1 -1 -1 -1 -1 -1 -1 -1 -1 7 -1 -1 -1 -1 15 -1 -1 -1 17 -1 -1 -1 -1 -1 -1 25 30 -1 29 -1 22 -1 -1 -1 -1 -1 -1 -1 -1 -1 -1 -1 -1 -1 -1 -1 9 -1 -1 -1 -1 -1 -1 -1 -1 -1 -1 -1 -1 -1 -1 -1 -1 -1 20 -1 -1 -1 -1 
-1 -1 -1 -1 4 5 6 -1 -1 -1 -1 23 -1 -1 -1 10 -1 -1 2 -1 -1 -1 -1 -1 -1 -1 -1 -1 17 -1 7 -1 -1 -1 -1 15 -1 -1 -1 -1 -1 -1 -1 -1 -1 -1 25 30 -1 29 -1 22 -1 -1 -1 -1 -1 -1 -1 -1 -1 -1 -1 -1 -1 -1 -1 9 -1 -1 -1 -1 -1 -1 -1 -1 -1 -1 -1 -1 -1 -1 -1 -1 -1 20 -1 -1 -1 -1 
-1 -1 -1 -1 4 5 6 -1 -1 -1 -1 23 -1 -1 -1 10 -1 -1 2 -1 -1 -1 -1 -1 -1 -1 -1 -1 17 -1 7 -1 -1 -1 -1 15 -1 -1 -1 -1 -1 -1 -1 -1 -1 -1 25 30 -1 29 -1 22 -1 -1 -1 -1 -1 -1 -1 -1 -1 -1 -1 -1 -1 -1 -1 -1 -1 -1 -1 -1 -1 -1 -1 -1 -1 -1 -1 -1 -1 -1 -1 -1 -1 20 -1 -1 -1 -1 
-1 -1 -1 -1 4 5 6 -1 -1 -1 -1 23 -1 -1 -1 10 -1 -1 2 -1 -1 -1 -1 -1 -1 -1 -1 -1 17 -1 7 -1 -1 -1 -1 15 -1 -1 30 -1 -1 -1 -1 -1 -1 -1 25 -1 -1 29 -1 22 -1 -1 -1 -1 -1 -1 -1 -1 -1 -1 -1 -1 -1 -1 -1 -1 -1 -1 -1 -1 -1 -1 -1 -1 -1 -1 -1 -1 -1 -1 -1 -1 -1 20 -1 -1 -1 -1 
