0 1 2 3 4 5 6 7 8 -1 -1 -1 -1 -1 -1 -1 -1 -1 -1 9 -1 -1 -1 -1 -1 10 -1 11 -1 12 -1 13 -1 14 -1 15 -1 -1 -1 -1 -1 -1 -1 -1 -1 -1 -1 -1 -1 -1 -1 -1 -1 -1 -1 -1 -1 -1 29 -1 28 -1 27 -1 26 -1 -1 25 -1 -1 -1 -1 -1 -1 -1 -1 -1 -1 -1 -1 -1 24 23 22 21 20 19 18 17 16 
0 -1 2 3 4 5 6 7 8 -1 -1 -1 -1 -1 -1 -1 -1 -1 -1 9 1 -1 -1 -1 -1 10 -1 11 -1 12 -1 13 -1 14 -1 15 -1 -1 -1 -1 -1 -1 -1 -1 -1 -1 -1 -1 -1 -1 -1 -1 -1 -1 -1 -1 -1 -1 29 -1 28 -1 27 -1 26 -1 -1 25 -1 -1 -1 -1 -1 -1 -1 -1 -1 -1 -1 -1 -1 24 23 22 21 20 19 18 17 16 
0 -1 2 3 4 5 6 7 8 -1 -1 -1 -1 -1 -1 -1 -1 -1 -1 9 1 -1 -1 -1 -1 10 -1 11 -1 12 -1 13 -1 14 -1 15 -1 -1 -1 -1 -1 -1 -1 -1 -1 -1 -1 -1 -1 -1 -1 -1 -1 -1 -1 -1 -1 -1 29 -1 28 -1 27 -1 26 -1 -1 25 -1 17 -1 -1 -1 -1 -1 -1 -1 -1 -1 -1 -1 24 23 22 21 20 19 18 -1 16 
0 -1 2 3 4 5 6 7 8 -1 -1 -1 -1 -1 -1 -1 -1 -1 -1 9 1 -1 -1 -1 -1 10 -1 11 -1 12 -1 13 -1 -1 -1 15 -1 -1 -1 -1 -1 -1 14 -1 -1 -1 -1 -1 -1 -1 -1 -1 -1 -1 -1 -1 -1 -1 29 -1 28 -1 27 -1 26 -1 -1 25 -1 17 -1 -1 -1 -1 -1 -1 -1 -1 -1 -1 -1 24 23 22 21 20 19 18 -1 16 
0 -1 2 3 4 5 6 7 8 -1 -1 -1 -1 -1 -1 -1 -1 -1 -1 9 1 -1 -1 -1 -1 10 -1 11 -1 12 -1 13 -1 -1 -1 15 -1 -1 -1 -1 -1 -1 14 -1 -1 -1 -1 -1 -1 -1 -1 -1 -1 -1 -1 -1 -1 -1 29 -1 28 -1 27 -1 26 -1 -1 25 -1 17 -1 -1 -1 -1 -1 -1 -1 -1 -1 -1 -1 24 23 22 21 20 19 18 16 -1 
0 -1 2 -1 4 5 6 7 8 -1 -1 -1 -1 3 -1 -1 -1 -1 -1 9 1 -1 -1 -1 -1 10 -1 11 -1 12 -1 13 -1 -1 -1 15 -1 -1 -1 -1 -1 -1 14 -1 -1 -1 -1 -1 -1 -1 -1 -1 -1 -1 -1 -1 -1 -1 29 -1 28 -1 27 -1 26 -1 -1 25 -1 17 -1 -1 -1 -1 -1 -1 -1 -1 -1 -1 -1 24 23 22 21 20 19 18 16 -1 
0 -1 2 -1 4 5 6 7 8 -1 -1 -1 -1 3 -1 -1 -1 -1 -1 9 1 -1 -1 -1 -1 10 -1 11 -1 12 -1 13 -1 -1 -1 15 -1 -1 -1 -1 -1 -1 14 -1 -1 -1 -1 30 -1 -1 -1 -1 -1 -1 -1 -1 -1 -1 29 -1 28 -1 27 -1 26 -1 -1 25 -1 17 -1 -1 -1 -1 -1 -1 -1 -1 -1 -1 -1 24 23 22 21 20 19 18 16 -1 
0 -1 2 -1 4 5 6 7 8 -1 -1 -1 -1 3 -1 -1 -1 -1 -1 9 1 -1 -1 10 -1 -1 -1 11 -1 12 -1 13 -1 -1 -1 15 -1 -1 -1 -1 -1 -1 14 -1 -1 -1 -1 30 -1 -1 -1 -1 -1 -1 -1 -1 -1 -1 29 -1 28 -1 27 -1 26 -1 -1 25 -1 17 -1 -1 -1 -1 -1 -1 -1 -1 -1 -1 -1 24 23 22 21 20 19 18 16 -1 
0 -1 2 -1 4 5 6 7 8 -1 -1 -1 -1 3 -1 -1 -1 -1 -1 9 1 -1 -1 10 -1 -1 -1 11 -1 12 -1 13 -1 -1 -1 15 -1 -1 -1 -1 -1 -1 14 -1 -1 -1 -1 30 -1 -1 -1 -1 -1 -1 -1 -1 -1 -1 29 -1 28 -1 27 -1 26 23 -1 25 -1 17 -1 -1 -1 -1 -1 -1 -1 -1 -1 -1 -1 24 -1 22 21 20 19 18 16 -1 
0 -1 2 -1 4 5 6 -1 8 -1 -1 -1 -1 3 -1 -1 -1 -1 -1 9 1 -1 -1 10 7 -1 -1 11 -1 12 -1 13 -1 -1 -1 15 -1 -1 -1 -1 -1 -1 14 -1 -1 -1 -1 30 -1 -1 -1 -1 -1 -1 -1 -1 -1 -1 29 -1 28 -1 27 -1 26 23 -1 25 -1 17 -1 -1 -1 -1 -1 -1 -1 -1 -1 -1 -1 24 -1 22 21 20 19 18 16 -1 
0 -1 2 -1 4 5 6 -1 8 -1 -1 -1 -1 3 -1 -1 -1 -1 -1 9 1 -1 -1 10 7 -1 -1 11 -1 12 -1 13 -1 -1 -1 15 -1 -1 -1 -1 -1 -1 14 -1 -1 -1 -1 30 23 -1 -1 -1 -1 -1 -1 -1 -1 -1 29 -1 28 -1 27 -1 26 -1 -1 25 -1 17 -1 -1 -1 -1 -1 -1 -1 -1 -1 -1 -1 24 -1 22 21 20 19 18 16 -1 
0 -1 -1 -1 4 5 6 -1 8 -1 -1 -1 -1 3 -1 -1 -1 -1 -1 9 1 -1 2 10 7 -1 -1 11 -1 12 -1 13 -1 -1 -1 15 -1 -1 -1 -1 -1 -1 14 -1 -1 -1 -1 30 23 -1 -1 -1 -1 -1 -1 -1 -1 -1 29 -1 28 -1 27 -1 26 -1 -1 25 -1 17 -1 -1 -1 -1 -1 -1 -1 -1 -1 -1 -1 24 -1 22 21 20 19 18 16 -1 
0 -1 -1 -1 4 5 6 -1 8 -1 -1 -1 -1 3 -1 -1 -1 -1 -1 9 1 -1 2 10 7 -1 -1 11 -1 12 -1 13 -1 -1 -1 15 -1 -1 -1 -1 -1 -1 14 -1 -1 -1 26 30 23 -1 -1 -1 -1 -1 -1 -1 -1 -1 29 -1 28 -1 27 -1 -1 -1 -1 25 -1 17 -1 -1 -1 -1 -1 -1 -1 -1 -1 -1 -1 24 -1 22 21 20 19 18 16 -1 
0 -1 -1 -1 4 5 6 -1 8 -1 -1 -1 -1 3 -1 -1 -1 -1 -1 9 1 -1 2 10 7 -1 -1 -1 -1 12 -1 13 -1 -1 -1 15 11 -1 -1 -1 -1 -1 14 -1 -1 -1 26 30 23 -1 -1 -1 -1 -1 -1 -1 -1 -1 29 -1 28 -1 27 -1 -1 -1 -1 25 -1 17 -1 -1 -1 -1 -1 -1 -1 -1 -1 -1 -1 24 -1 22 21 20 19 18 16 -1 
0 -1 -1 -1 4 5 6 -1 8 -1 -1 -1 -1 3 -1 -1 -1 -1 -1 9 1 -1 2 10 7 -1 -1 -1 -1 12 -1 13 -1 -1 16 15 11 -1 -1 -1 -1 -1 14 -1 -1 -1 26 30 23 -1 -1 -1 -1 -1 -1 -1 -1 -1 29 -1 28 -1 27 -1 -1 -1 -1 25 -1 17 -1 -1 -1 -1 -1 -1 -1 -1 -1 -1 -1 24 -1 22 21 20 19 18 -1 -1 
0 -1 -1 -1 4 5 6 -1 8 -1 -1 -1 -1 3 -1 -1 -1 -1 -1 -1 1 -1 2 10 7 -1 -1 -1 9 12 -1 13 -1 -1 16 15 11 -1 -1 -1 -1 -1 14 -1 -1 -1 26 30 23 -1 -1 -1 -1 -1 -1 -1 -1 -1 29 -1 28 -1 27 -1 -1 -1 -1 25 -1 17 -1 -1 -1 -1 -1 -1 -1 -1 -1 -1 -1 24 -1 22 21 20 19 18 -1 -1 
0 -1 -1 -1 4 5 6 -1 8 -1 -1 -1 -1 3 -1 -1 -1 -1 -1 -1 1 -1 2 10 7 -1 -1 -1 9 12 -1 13 -1 -1 -1 15 11 -1 -1 -1 -1 -1 14 -1 -1 -1 26 30 23 -1 -1 -1 16 -1 -1 -1 -1 -1 29 -1 28 -1 27 -1 -1 -1 -1 25 -1 17 -1 -1 -1 -1 -1 -1 -1 -1 -1 -1 -1 24 -1 22 21 20 19 18 -1 -1 
0 -1 -1 -1 4 5 6 8 -1 -1 -1 -1 -1 3 -1 -1 -1 -1 -1 -1 1 -1 2 10 7 -1 -1 -1 9 12 -1 13 -1 -1 -1 15 11 -1 -1 -1 -1 -1 14 -1 -1 -1 26 30 23 -1 -1 -1 16 -1 -1 -1 -1 -1 29 -1 28 -1 27 -1 -1 -1 -1 25 -1 17 -1 -1 -1 -1 -1 -1 -1 -1 -1 -1 -1 24 -1 22 21 20 19 18 -1 -1 
0 -1 -1 -1 4 5 6 8 -1 -1 -1 -1 -1 3 -1 -1 -1 -1 -1 -1 1 -1 2 10 7 -1 -1 -1 9 12 -1 13 -1 -1 -1 15 11 -1 -1 -1 -1 -1 14 -1 -1 -1 26 30 23 -1 16 -1 -1 -1 -1 -1 -1 -1 29 -1 28 -1 27 -1 -1 -1 -1 25 -1 17 -1 -1 -1 -1 -1 -1 -1 -1 -1 -1 -1 24 -1 22 21 20 19 18 -1 -1 
0 -1 -1 -1 4 5 6 -1 -1 -1 -1 -1 -1 3 -1 -1 -1 -1 -1 -1 1 -1 2 10 7 -1 -1 -1 9 12 -1 13 -1 -1 -1 15 11 -1 -1 -1 -1 -1 14 -1 -1 -1 26 30 23 -1 16 -1 -1 -1 -1 -1 -1 -1 29 -1 28 -1 27 -1 -1 -1 -1 25 -1 17 -1 -1 -1 -1 -1 -1 -1 -1 -1 8 -1 24 -1 22 21 20 19 18 -1 -1 
0 -1 -1 -1 4 5 6 -1 -1 -1 -1 -1 -1 3 -1 -1 -1 -1 -1 -1 1 -1 2 10 7 -1 -1 -1 9 12 -1 13 -1 -1 -1 15 11 -1 -1 -1 -1 -1 14 -1 -1 -1 26 30 23 -1 16 -1 -1 -1 -1 -1 -1 -1 29 -1 28 -1 27 -1 -1 -1 -1 25 -1 -1 -1 -1 -1 -1 -1 -1 17 -1 -1 8 -1 24 -1 22 21 20 19 18 -1 -1 
0 -1 -1 -1 4 5 6 -1 -1 -1 -1 -1 -1 3 -1 -1 -1 -1 -1 -1 1 -1 2 10 7 -1 -1 -1 -1 12 -1 13 -1 -1 -1 15 11 9 -1 -1 -1 -1 14 -1 -1 -1 26 30 23 -1 16 -1 -1 -1 -1 -1 -1 -1 29 -1 28 -1 27 -1 -1 -1 -1 25 -1 -1 -1 -1 -1 -1 -1 -1 17 -1 -1 8 -1 24 -1 22 21 20 19 18 -1 -1 
0 -1 -1 -1 4 5 6 -1 -1 -1 -1 -1 -1 3 -1 -1 -1 -1 -1 -1 1 -1 2 10 7 -1 -1 -1 -1 12 -1 13 16 -1 -1 15 11 9 -1 -1 -1 -1 14 -1 -1 -1 26 30 23 -1 -1 -1 -1 -1 -1 -1 -1 -1 29 -1 28 -1 27 -1 -1 -1 -1 25 -1 -1 -1 -1 -1 -1 -1 -1 17 -1 -1 8 -1 24 -1 22 21 20 19 18 -1 -1 
0 -1 -1 -1 4 5 6 -1 -1 -1 -1 -1 -1 3 -1 -1 -1 -1 -1 -1 1 -1 2 10 7 -1 -1 -1 9 12 -1 13 16 -1 -1 15 11 -1 -1 -1 -1 -1 14 -1 -1 -1 26 30 23 -1 -1 -1 -1 -1 -1 -1 -1 -1 29 -1 28 -1 27 -1 -1 -1 -1 25 -1 -1 -1 -1 -1 -1 -1 -1 17 -1 -1 8 -1 24 -1 22 21 20 19 18 -1 -1 
0 -1 -1 -1 4 5 6 -1 -1 -1 -1 -1 -1 3 -1 -1 -1 -1 -1 -1 1 -1 2 10 7 -1 -1 -1 9 12 -1 13 -1 -1 -1 15 11 -1 -1 -1 -1 -1 14 -1 -1 -1 26 30 23 -1 16 -1 -1 -1 -1 -1 -1 -1 29 -1 28 -1 27 -1 -1 -1 -1 25 -1 -1 -1 -1 -1 -1 -1 -1 17 -1 -1 8 -1 24 -1 22 21 20 19 18 -1 -1 
0 -1 -1 -1 4 5 6 -1 -1 -1 -1 -1 -1 3 -1 -1 -1 -1 -1 -1 1 -1 2 10 7 -1 -1 -1 -1 12 -1 13 -1 -1 -1 15 11 9 -1 -1 -1 -1 14 -1 -1 -1 26 30 23 -1 16 -1 -1 -1 -1 -1 -1 -1 29 -1 28 -1 27 -1 -1 -1 -1 25 -1 -1 -1 -1 -1 -1 -1 -1 17 -1 -1 8 -1 24 -1 22 21 20 19 18 -1 -1 
0 -1 -1 -1 4 5 6 -1 -1 -1 -1 -1 -1 3 -1 -1 -1 -1 -1 -1 1 -1 2 10 7 -1 -1 -1 -1 12 -1 13 -1 -1 -1 15 11 9 -1 -1 -1 -1 14 -1 -1 -1 -1 30 23 -1 16 -1 -1 -1 -1 -1 -1 -1 29 -1 28 -1 27 -1 -1 -1 -1 25 -1 -1 -1 -1 -1 26 -1 -1 17 -1 -1 8 -1 24 -1 22 21 20 19 18 -1 -1 
0 -1 -1 -1 4 5 6 -1 -1 -1 -1 -1 -1 3 -1 -1 -1 -1 -1 -1 1 -1 2 10 7 -1 -1 -1 -1 12 -1 13 -1 -1 8 15 11 9 -1 -1 -1 -1 14 -1 -1 -1 -1 30 23 -1 16 -1 -1 -1 -1 -1 -1 -1 29 -1 28 -1 27 -1 -1 -1 -1 25 -1 -1 -1 -1 -1 26 -1 -1 17 -1 -1 -1 -1 24 -1 22 21 20 19 18 -1 -1 
0 -1 -1 -1 4 5 6 -1 -1 -1 -1 -1 -1 3 -1 -1 -1 -1 -1 -1 1 -1 2 10 7 -1 -1 -1 -1 12 -1 13 -1 -1 8 15 11 9 -1 -1 -1 -1 14 -1 -1 -1 -1 30 23 -1 16 -1 -1 -1 -1 -1 -1 -1 29 -1 28 -1 27 -1 -1 17 -1 25 -1 -1 -1 -1 -1 26 -1 -1 -1 -1 -1 -1 -1 24 -1 22 21 20 19 18 -1 -1 
0 -1 -1 -1 4 5 6 -1 -1 -1 -1 -1 -1 3 -1 -1 -1 -1 -1 -1 1 -1 2 10 7 -1 -1 -1 -1 12 -1 13 -1 -1 8 15 11 -1 -1 -1 -1 9 14 -1 -1 -1 -1 30 23 -1 16 -1 -1 -1 -1 -1 -1 -1 29 -1 28 -1 27 -1 -1 17 -1 25 -1 -1 -1 -1 -1 26 -1 -1 -1 -1 -1 -1 -1 24 -1 22 21 20 19 18 -1 -1 
0 -1 -1 -1 4 5 6 -1 -1 -1 -1 -1 -1 3 -1 -1 -1 -1 -1 -1 1 -1 2 10 7 -1 -1 -1 -1 12 -1 13 -1 -1 8 15 11 -1 -1 -1 -1 9 14 -1 -1 -1 -1 30 23 16 -1 -1 -1 -1 -1 -1 -1 -1 29 -1 28 -1 27 -1 -1 17 -1 25 -1 -1 -1 -1 -1 26 -1 -1 -1 -1 -1 -1 -1 24 -1 22 21 20 19 18 -1 -1 
0 -1 -1 -1 4 5 6 -1 -1 -1 -1 -1 -1 3 -1 -1 -1 -1 -1 -1 1 -1 2 10 7 -1 -1 -1 -1 12 -1 13 -1 -1 -1 15 11 -1 -1 -1 -1 9 14 -1 -1 -1 -1 30 23 16 -1 -1 -1 -1 -1 -1 -1 -1 29 -1 28 -1 27 -1 -1 17 -1 25 -1 -1 -1 -1 -1 26 -1 -1 -1 -1 -1 -1 -1 24 -1 22 21 20 19 18 8 -1 
0 -1 -1 -1 4 5 6 -1 -1 -1 -1 -1 -1 3 -1 -1 -1 -1 -1 -1 1 -1 2 10 7 -1 -1 -1 -1 12 -1 13 -1 -1 -1 15 11 -1 -1 -1 -1 9 14 -1 -1 -1 -1 30 23 16 -1 -1 -1 -1 -1 -1 -1 -1 29 -1 28 -1 27 -1 -1 17 -1 25 -1 -1 -1 -1 -1 26 -1 -1 21 -1 -1 -1 -1 24 -1 22 -1 20 19 18 8 -1 
0 -1 -1 -1 4 5 6 -1 -1 -1 -1 -1 -1 3 -1 -1 -1 -1 -1 -1 1 -1 2 10 7 -1 -1 -1 -1 12 -1 13 -1 -1 -1 15 11 -1 -1 -1 -1 9 14 -1 -1 -1 -1 30 23 16 -1 -1 -1 -1 -1 -1 -1 -1 29 -1 28 -1 27 -1 -1 17 -1 25 -1 -1 -1 -1 -1 26 -1 -1 21 -1 -1 -1 -1 24 -1 22 -1 20 19 8 -1 -1 
0 -1 -1 -1 4 5 6 -1 -1 -1 -1 -1 -1 3 -1 -1 -1 -1 -1 -1 1 -1 2 10 7 -1 -1 -1 -1 12 -1 13 -1 -1 -1 15 11 -1 -1 -1 -1 9 14 -1 -1 -1 -1 30 23 -1 -1 -1 16 -1 -1 -1 -1 -1 29 -1 28 -1 27 -1 -1 17 -1 25 -1 -1 -1 -1 -1 26 -1 -1 21 -1 -1 -1 -1 24 -1 22 -1 20 19 8 -1 -1 
0 -1 -1 -1 4 5 6 -1 -1 -1 -1 -1 -1 3 -1 -1 -1 -1 -1 -1 1 -1 2 10 7 -1 -1 -1 -1 12 -1 13 -1 -1 -1 15 11 -1 -1 -1 -1 9 14 -1 -1 -1 -1 30 23 -1 -1 -1 16 -1 -1 -1 -1 -1 29 -1 8 -1 27 -1 -1 17 -1 25 -1 -1 -1 -1 -1 26 -1 -1 21 -1 -1 -1 -1 24 -1 22 -1 20 19 -1 -1 -1 
0 -1 -1 -1 4 5 6 -1 -1 -1 -1 -1 -1 3 -1 -1 -1 -1 -1 -1 1 -1 2 10 7 -1 -1 -1 -1 12 -1 13 -1 -1 -1 15 11 -1 -1 -1 -1 9 14 -1 -1 -1 -1 30 23 -1 -1 -1 16 -1 -1 26 -1 -1 29 -1 8 -1 27 -1 -1 17 -1 25 -1 -1 -1 -1 -1 -1 -1 -1 21 -1 -1 -1 -1 24 -1 22 -1 20 19 -1 -1 -1 
0 -1 -1 -1 4 5 6 -1 -1 -1 -1 -1 -1 3 -1 -1 -1 -1 -1 -1 1 -1 2 10 7 -1 -1 -1 -1 12 -1 13 -1 -1 -1 15 11 -1 -1 -1 -1 9 14 -1 -1 -1 -1 30 23 -1 -1 8 16 -1 -1 26 -1 -1 29 -1 -1 -1 27 -1 -1 17 -1 25 -1 -1 -1 -1 -1 -1 -1 -1 21 -1 -1 -1 -1 24 -1 22 -1 20 19 -1 -1 -1 
0 -1 -1 -1 4 5 6 -1 -1 -1 -1 -1 -1 3 -1 -1 -1 -1 -1 -1 1 -1 2 10 7 -1 -1 -1 -1 12 -1 13 -1 -1 -1 15 11 -1 -1 -1 -1 9 14 -1 -1 -1 -1 30 23 -1 -1 8 -1 -1 -1 26 -1 -1 29 -1 -1 -1 27 -1 -1 17 -1 25 -1 -1 -1 -1 -1 -1 -1 -1 21 -1 -1 16 -1 24 -1 22 -1 20 19 -1 -1 -1 
0 -1 -1 -1 4 5 6 -1 -1 -1 -1 -1 -1 3 -1 -1 -1 -1 -1 -1 1 -1 2 10 7 -1 -1 -1 -1 12 -1 13 -1 -1 -1 15 11 -1 -1 9 -1 -1 14 -1 -1 -1 -1 30 23 -1 -1 8 -1 -1 -1 26 -1 -1 29 -1 -1 -1 27 -1 -1 17 -1 25 -1 -1 -1 -1 -1 -1 -1 -1 21 -1 -1 16 -1 24 -1 22 -1 20 19 -1 -1 -1 
0 -1 -1 -1 4 5 6 -1 -1 -1 -1 -1 -1 3 -1 -1 -1 -1 -1 -1 1 -1 2 10 7 -1 -1 -1 -1 12 -1 13 -1 -1 -1 15 11 -1 -1 9 -1 -1 14 -1 -1 -1 -1 30 23 -1 -1 8 -1 -1 -1 26 -1 -1 29 -1 -1 -1 27 -1 -1 17 -1 -1 25 -1 -1 -1 -1 -1 -1 -1 21 -1 -1 16 -1 24 -1 22 -1 20 19 -1 -1 -1 
-1 0 -1 -1 4 5 6 -1 -1 -1 -1 -1 -1 3 -1 -1 -1 -1 -1 -1 1 -1 2 10 7 -1 -1 -1 -1 12 -1 13 -1 -1 -1 15 11 -1 -1 9 -1 -1 14 -1 -1 -1 -1 30 23 -1 -1 8 -1 -1 -1 26 -1 -1 29 -1 -1 -1 27 -1 -1 17 -1 -1 25 -1 -1 -1 -1 -1 -1 -1 21 -1 -1 16 -1 24 -1 22 -1 20 19 -1 -1 -1 
-1 0 -1 -1 4 5 6 -1 -1 -1 -1 -1 -1 3 -1 -1 -1 -1 -1 -1 1 -1 2 10 7 -1 -1 -1 -1 12 -1 13 -1 -1 -1 15 11 -1 -1 9 -1 -1 14 -1 -1 -1 -1 30 23 -1 -1 8 -1 -1 -1 26 -1 -1 29 -1 -1 -1 27 -1 -1 17 -1 -1 25 -1 -1 -1 -1 -1 -1 -1 21 -1 -1 16 -1 -1 24 22 -1 20 19 -1 -1 -1 
-1 0 -1 -1 4 5 6 -1 -1 -1 -1 -1 -1 3 -1 -1 -1 -1 -1 -1 1 -1 2 10 -1 -1 -1 -1 -1 12 -1 13 -1 -1 -1 15 11 -1 -1 9 -1 -1 14 7 -1 -1 -1 30 23 -1 -1 8 -1 -1 -1 26 -1 -1 29 -1 -1 -1 27 -1 -1 17 -1 -1 25 -1 -1 -1 -1 -1 -1 -1 21 -1 -1 16 -1 -1 24 22 -1 20 19 -1 -1 -1 
-1 0 -1 -1 4 5 6 -1 -1 -1 -1 -1 -1 3 -1 -1 -1 -1 -1 -1 1 -1 2 10 -1 -1 -1 -1 -1 12 -1 13 -1 -1 -1 15 11 -1 -1 9 -1 25 14 7 -1 -1 -1 30 23 -1 -1 8 -1 -1 -1 26 -1 -1 29 -1 -1 -1 27 -1 -1 17 -1 -1 -1 -1 -1 -1 -1 -1 -1 -1 21 -1 -1 16 -1 -1 24 22 -1 20 19 -1 -1 -1 
-1 0 -1 -1 4 5 6 -1 -1 -1 -1 -1 -1 3 -1 -1 -1 -1 -1 -1 1 -1 2 10 -1 -1 -1 -1 -1 12 -1 13 -1 -1 -1 15 11 -1 -1 9 -1 25 14 -1 -1 -1 -1 30 23 -1 -1 8 -1 -1 -1 26 -1 -1 29 -1 7 -1 27 -1 -1 17 -1 -1 -1 -1 -1 -1 -1 -1 -1 -1 21 -1 -1 16 -1 -1 24 22 -1 20 19 -1 -1 -1 
-1 0 -1 -1 4 5 6 -1 -1 -1 -1 -1 -1 3 -1 -1 -1 -1 -1 -1 1 -1 2 10 -1 -1 -1 -1 -1 12 -1 13 -1 -1 -1 15 11 -1 -1 9 -1 25 14 -1 -1 -1 -1 30 23 -1 -1 8 -1 -1 -1 26 -1 -1 29 -1 7 16 27 -1 -1 17 -1 -1 -1 -1 -1 -1 -1 -1 -1 -1 21 -1 -1 -1 -1 -1 24 22 -1 20 19 -1 -1 -1 
-1 0 -1 -1 4 5 6 -1 -1 -1 -1 -1 -1 3 -1 -1 -1 -1 -1 -1 1 -1 2 -1 10 -1 -1 -1 -1 12 -1 13 -1 -1 -1 15 11 -1 -1 9 -1 25 14 -1 -1 -1 -1 30 23 -1 -1 8 -1 -1 -1 26 -1 -1 29 -1 7 16 27 -1 -1 17 -1 -1 -1 -1 -1 -1 -1 -1 -1 -1 21 -1 -1 -1 -1 -1 24 22 -1 20 19 -1 -1 -1 
-1 0 -1 -1 4 5 6 -1 -1 -1 -1 -1 -1 3 -1 -1 -1 -1 -1 -1 1 -1 2 -1 10 -1 -1 -1 -1 12 -1 13 -1 -1 -1 15 25 -1 -1 9 -1 -1 14 -1 -1 -1 -1 30 23 -1 -1 8 -1 -1 -1 26 -1 -1 29 -1 7 16 27 -1 -1 17 -1 -1 -1 -1 -1 -1 -1 -1 -1 -1 21 -1 -1 -1 -1 -1 24 22 -1 20 19 -1 -1 -1 
-1 0 -1 -1 4 5 6 -1 -1 -1 -1 -1 -1 3 -1 -1 -1 -1 -1 -1 1 -1 2 -1 10 -1 -1 -1 -1 12 -1 13 -1 -1 -1 15 25 -1 -1 9 -1 -1 14 -1 -1 -1 -1 30 23 -1 8 -1 -1 -1 -1 26 -1 -1 29 -1 7 16 27 -1 -1 17 -1 -1 -1 -1 -1 -1 -1 -1 -1 -1 21 -1 -1 -1 -1 -1 24 22 -1 20 19 -1 -1 -1 
-1 0 -1 -1 4 5 6 -1 -1 -1 -1 -1 -1 3 -1 -1 -1 -1 -1 -1 1 -1 2 -1 10 -1 -1 -1 -1 12 -1 13 -1 -1 -1 15 -1 -1 -1 9 -1 -1 14 -1 -1 25 -1 30 23 -1 8 -1 -1 -1 -1 26 -1 -1 29 -1 7 16 27 -1 -1 17 -1 -1 -1 -1 -1 -1 -1 -1 -1 -1 21 -1 -1 -1 -1 -1 24 22 -1 20 19 -1 -1 -1 
-1 0 -1 -1 4 5 6 -1 -1 -1 -1 -1 -1 3 -1 -1 -1 -1 -1 -1 1 -1 2 -1 10 -1 -1 -1 -1 12 -1 13 -1 -1 -1 15 -1 -1 -1 9 -1 7 14 -1 -1 25 -1 30 23 -1 8 -1 -1 -1 -1 26 -1 -1 29 -1 -1 16 27 -1 -1 17 -1 -1 -1 -1 -1 -1 -1 -1 -1 -1 21 -1 -1 -1 -1 -1 24 22 -1 20 19 -1 -1 -1 
-1 0 -1 -1 4 5 6 -1 -1 -1 -1 -1 -1 3 -1 -1 -1 -1 -1 -1 1 -1 2 -1 10 -1 -1 -1 -1 12 -1 13 -1 -1 -1 15 -1 -1 -1 9 -1 7 14 -1 -1 -1 25 30 23 -1 8 -1 -1 -1 -1 26 -1 -1 29 -1 -1 16 27 -1 -1 17 -1 -1 -1 -1 -1 -1 -1 -1 -1 -1 21 -1 -1 -1 -1 -1 24 22 -1 20 19 -1 -1 -1 
-1 -1 -1 -1 4 5 6 -1 -1 -1 -1 -1 -1 3 -1 -1 -1 -1 -1 -1 1 -1 2 -1 10 -1 -1 -1 -1 12 -1 13 -1 -1 -1 15 -1 -1 -1 9 -1 7 14 -1 -1 -1 0 30 23 -1 8 -1 -1 -1 -1 26 -1 -1 29 -1 -1 16 27 -1 -1 17 -1 -1 -1 -1 -1 -1 -1 -1 -1 -1 21 -1 -1 -1 -1 -1 24 22 -1 20 19 -1 -1 -1 
-1 -1 -1 -1 4 5 6 -1 -1 -1 -1 -1 -1 3 -1 -1 -1 -1 -1 -1 1 -1 2 -1 10 -1 -1 -1 -1 12 -1 13 -1 -1 -1 15 -1 -1 -1 9 -1 7 14 -1 -1 -1 17 30 23 -1 8 -1 -1 -1 -1 26 -1 -1 29 -1 -1 16 27 -1 -1 -1 -1 -1 -1 -1 -1 -1 -1 -1 -1 -1 21 -1 -1 -1 -1 -1 24 22 -1 20 19 -1 -1 -1 
-1 -1 -1 -1 4 5 6 -1 -1 -1 -1 -1 -1 3 -1 -1 -1 -1 -1 -1 1 -1 2 -1 10 -1 -1 -1 -1 12 -1 13 -1 -1 -1 15 -1 -1 -1 9 -1 7 14 -1 -1 -1 17 30 8 -1 -1 -1 -1 -1 -1 26 -1 -1 29 -1 -1 16 27 -1 -1 -1 -1 -1 -1 -1 -1 -1 -1 -1 -1 -1 21 -1 -1 -1 -1 -1 24 22 -1 20 19 -1 -1 -1 
-1 -1 -1 -1 4 5 6 -1 -1 -1 -1 -1 -1 3 -1 -1 -1 -1 -1 -1 1 -1 2 -1 10 -1 -1 -1 -1 12 -1 13 -1 -1 -1 15 -1 -1 -1 9 -1 7 14 -1 -1 -1 17 30 8 -1 -1 -1 -1 -1 -1 26 -1 -1 29 -1 -1 16 27 -1 -1 -1 -1 22 -1 -1 -1 -1 -1 -1 -1 -1 21 -1 -1 -1 -1 -1 24 -1 -1 20 19 -1 -1 -1 
-1 -1 -1 -1 4 5 6 -1 -1 -1 -1 -1 -1 3 -1 -1 -1 -1 -1 -1 1 -1 2 -1 10 -1 -1 -1 -1 12 -1 13 -1 -1 -1 15 -1 -1 -1 -1 9 7 14 -1 -1 -1 17 30 8 -1 -1 -1 -1 -1 -1 26 -1 -1 29 -1 -1 16 27 -1 -1 -1 -1 22 -1 -1 -1 -1 -1 -1 -1 -1 21 -1 -1 -1 -1 -1 24 -1 -1 20 19 -1 -1 -1 
-1 -1 -1 -1 4 5 6 -1 -1 -1 -1 -1 -1 3 -1 -1 -1 -1 -1 -1 1 -1 2 -1 10 -1 -1 -1 -1 12 -1 13 -1 -1 -1 15 -1 -1 -1 -1 9 7 14 -1 -1 -1 17 30 8 -1 -1 -1 -1 -1 -1 26 -1 -1 29 -1 -1 16 27 -1 24 -1 -1 22 -1 -1 -1 -1 -1 -1 -1 -1 21 -1 -1 -1 -1 -1 -1 -1 -1 20 19 -1 -1 -1 
-1 -1 -1 -1 4 5 6 -1 -1 -1 -1 -1 -1 3 -1 -1 -1 -1 -1 -1 1 -1 2 -1 10 -1 -1 -1 -1 12 -1 13 -1 -1 -1 15 -1 -1 -1 -1 9 7 -1 -1 -1 -1 17 30 8 -1 -1 14 -1 -1 -1 26 -1 -1 29 -1 -1 16 27 -1 24 -1 -1 22 -1 -1 -1 -1 -1 -1 -1 -1 21 -1 -1 -1 -1 -1 -1 -1 -1 20 19 -1 -1 -1 
