0 1 2 3 4 5 6 7 8 -1 -1 -1 -1 -1 -1 -1 -1 -1 -1 9 -1 -1 -1 -1 -1 10 -1 11 -1 12 -1 13 -1 14 -1 15 -1 -1 -1 -1 -1 -1 -1 -1 -1 -1 -1 -1 -1 -1 -1 -1 -1 -1 -1 -1 -1 -1 29 -1 28 -1 27 -1 26 -1 -1 25 -1 -1 -1 -1 -1 -1 -1 -1 -1 -1 -1 -1 -1 24 23 22 21 20 19 18 17 16 
0 1 2 3 4 5 6 -1 8 -1 -1 -1 -1 -1 -1 -1 -1 -1 -1 9 -1 -1 -1 -1 7 10 -1 11 -1 12 -1 13 -1 14 -1 15 -1 -1 -1 -1 -1 -1 -1 -1 -1 -1 -1 -1 -1 -1 -1 -1 -1 -1 -1 -1 -1 -1 29 -1 28 -1 27 -1 26 -1 -1 25 -1 -1 -1 -1 -1 -1 -1 -1 -1 -1 -1 -1 -1 24 23 22 21 20 19 18 17 16 
0 1 2 3 4 5 6 -1 8 -1 -1 -1 -1 -1 -1 -1 -1 -1 -1 9 -1 -1 -1 -1 7 10 -1 11 -1 12 -1 13 -1 14 -1 15 -1 -1 -1 -1 -1 -1 -1 -1 -1 -1 -1 -1 -1 -1 -1 -1 -1 -1 -1 -1 -1 -1 29 -1 28 -1 27 -1 26 -1 -1 25 -1 17 -1 -1 -1 -1 -1 -1 -1 -1 -1 -1 -1 24 23 22 21 20 19 18 -1 16 
0 1 2 3 4 5 6 8 -1 -1 -1 -1 -1 -1 -1 -1 -1 -1 -1 9 -1 -1 -1 -1 7 10 -1 11 -1 12 -1 13 -1 14 -1 15 -1 -1 -1 -1 -1 -1 -1 -1 -1 -1 -1 -1 -1 -1 -1 -1 -1 -1 -1 -1 -1 -1 29 -1 28 -1 27 -1 26 -1 -1 25 -1 17 -1 -1 -1 -1 -1 -1 -1 -1 -1 -1 -1 24 23 22 21 20 19 18 -1 16 
0 1 2 3 4 5 6 8 -1 -1 -1 -1 -1 -1 -1 -1 -1 -1 -1 9 -1 -1 -1 -1 7 10 -1 11 -1 12 -1 13 -1 14 -1 15 -1 -1 -1 -1 -1 -1 -1 -1 -1 -1 -1 30 -1 -1 -1 -1 -1 -1 -1 -1 -1 -1 29 -1 28 -1 27 -1 26 -1 -1 25 -1 17 -1 -1 -1 -1 -1 -1 -1 -1 -1 -1 -1 24 23 22 21 20 19 18 -1 16 
0 1 2 3 4 5 6 8 -1 -1 -1 -1 -1 -1 -1 -1 -1 -1 -1 9 -1 -1 -1 -1 7 10 -1 11 -1 12 -1 13 -1 -1 -1 15 -1 -1 -1 -1 -1 -1 14 -1 -1 -1 -1 30 -1 -1 -1 -1 -1 -1 -1 -1 -1 -1 29 -1 28 -1 27 -1 26 -1 -1 25 -1 17 -1 -1 -1 -1 -1 -1 -1 -1 -1 -1 -1 24 23 22 21 20 19 18 -1 16 
0 1 2 3 4 5 6 8 -1 -1 -1 -1 -1 -1 -1 -1 -1 -1 -1 9 -1 -1 -1 -1 7 10 -1 11 -1 12 -1 13 -1 -1 -1 15 -1 -1 -1 -1 -1 -1 14 -1 -1 -1 -1 30 -1 -1 -1 -1 -1 -1 -1 -1 -1 -1 29 -1 28 -1 27 -1 26 23 -1 25 -1 17 -1 -1 -1 -1 -1 -1 -1 -1 -1 -1 -1 24 -1 22 21 20 19 18 -1 16 
0 1 -1 3 4 5 6 8 -1 -1 -1 -1 -1 -1 -1 -1 -1 -1 -1 9 -1 -1 2 -1 7 10 -1 11 -1 12 -1 13 -1 -1 -1 15 -1 -1 -1 -1 -1 -1 14 -1 -1 -1 -1 30 -1 -1 -1 -1 -1 -1 -1 -1 -1 -1 29 -1 28 -1 27 -1 26 23 -1 25 -1 17 -1 -1 -1 -1 -1 -1 -1 -1 -1 -1 -1 24 -1 22 21 20 19 18 -1 16 
0 1 -1 3 4 5 6 8 -1 -1 -1 -1 -1 -1 -1 -1 -1 -1 -1 9 -1 -1 2 -1 7 10 -1 11 -1 12 -1 13 -1 -1 -1 15 -1 -1 -1 -1 -1 -1 14 -1 -1 -1 -1 30 -1 -1 -1 -1 -1 -1 -1 -1 -1 -1 29 -1 28 -1 27 -1 26 23 -1 25 -1 17 -1 -1 -1 -1 -1 -1 -1 -1 -1 -1 16 24 -1 22 21 20 19 18 -1 -1 
0 -1 -1 3 4 5 6 8 -1 -1 -1 -1 -1 -1 -1 -1 -1 -1 -1 9 1 -1 2 -1 7 10 -1 11 -1 12 -1 13 -1 -1 -1 15 -1 -1 -1 -1 -1 -1 14 -1 -1 -1 -1 30 -1 -1 -1 -1 -1 -1 -1 -1 -1 -1 29 -1 28 -1 27 -1 26 23 -1 25 -1 17 -1 -1 -1 -1 -1 -1 -1 -1 -1 -1 16 24 -1 22 21 20 19 18 -1 -1 
0 -1 -1 3 4 5 6 8 -1 -1 -1 -1 -1 -1 -1 -1 -1 -1 -1 9 1 -1 2 -1 7 10 -1 11 -1 12 -1 13 -1 -1 -1 15 -1 -1 -1 -1 -1 -1 14 -1 -1 -1 -1 30 -1 -1 -1 -1 -1 -1 -1 -1 -1 -1 29 -1 28 -1 27 -1 26 23 -1 25 -1 17 -1 -1 -1 -1 -1 -1 -1 16 -1 -1 -1 24 -1 22 21 20 19 18 -1 -1 
0 -1 -1 -1 4 5 6 8 -1 -1 -1 -1 -1 3 -1 -1 -1 -1 -1 9 1 -1 2 -1 7 10 -1 11 -1 12 -1 13 -1 -1 -1 15 -1 -1 -1 -1 -1 -1 14 -1 -1 -1 -1 30 -1 -1 -1 -1 -1 -1 -1 -1 -1 -1 29 -1 28 -1 27 -1 26 23 -1 25 -1 17 -1 -1 -1 -1 -1 -1 -1 16 -1 -1 -1 24 -1 22 21 20 19 18 -1 -1 
0 -1 -1 -1 4 5 6 8 -1 -1 -1 -1 -1 3 -1 -1 -1 -1 -1 9 1 -1 2 -1 7 10 -1 11 -1 12 -1 13 -1 -1 -1 15 -1 -1 -1 -1 -1 -1 14 -1 -1 -1 -1 30 -1 -1 -1 -1 -1 -1 -1 -1 -1 -1 29 -1 28 -1 27 26 -1 23 -1 25 -1 17 -1 -1 -1 -1 -1 -1 -1 16 -1 -1 -1 24 -1 22 21 20 19 18 -1 -1 
0 -1 -1 -1 4 5 6 8 -1 -1 -1 -1 -1 3 -1 -1 -1 -1 -1 -1 1 -1 2 -1 7 10 -1 11 -1 12 -1 13 -1 -1 -1 15 -1 -1 -1 -1 -1 -1 14 -1 -1 -1 -1 30 -1 -1 -1 -1 -1 -1 -1 9 -1 -1 29 -1 28 -1 27 26 -1 23 -1 25 -1 17 -1 -1 -1 -1 -1 -1 -1 16 -1 -1 -1 24 -1 22 21 20 19 18 -1 -1 
0 -1 -1 -1 4 5 6 8 -1 -1 -1 -1 -1 3 -1 -1 -1 -1 -1 -1 1 -1 2 -1 7 10 -1 11 -1 12 -1 13 -1 -1 -1 15 -1 -1 -1 -1 -1 -1 14 -1 -1 -1 -1 30 -1 29 -1 -1 -1 -1 -1 9 -1 -1 -1 -1 28 -1 27 26 -1 23 -1 25 -1 17 -1 -1 -1 -1 -1 -1 -1 16 -1 -1 -1 24 -1 22 21 20 19 18 -1 -1 
0 -1 -1 -1 4 5 6 8 -1 -1 -1 -1 -1 3 -1 -1 -1 -1 -1 -1 1 -1 2 -1 7 -1 10 11 -1 12 -1 13 -1 -1 -1 15 -1 -1 -1 -1 -1 -1 14 -1 -1 -1 -1 30 -1 29 -1 -1 -1 -1 -1 9 -1 -1 -1 -1 28 -1 27 26 -1 23 -1 25 -1 17 -1 -1 -1 -1 -1 -1 -1 16 -1 -1 -1 24 -1 22 21 20 19 18 -1 -1 
0 -1 -1 -1 4 5 6 8 -1 -1 -1 -1 -1 3 -1 -1 -1 -1 -1 -1 1 -1 2 -1 7 -1 10 11 -1 12 -1 13 -1 -1 -1 15 -1 -1 -1 -1 -1 -1 14 -1 -1 -1 -1 30 -1 29 -1 -1 -1 -1 -1 9 -1 -1 -1 -1 28 -1 27 26 -1 23 -1 25 -1 17 -1 -1 -1 -1 -1 -1 -1 16 -1 -1 -1 -1 24 22 21 20 19 18 -1 -1 
-1 0 -1 -1 4 5 6 8 -1 -1 -1 -1 -1 3 -1 -1 -1 -1 -1 -1 1 -1 2 -1 7 -1 10 11 -1 12 -1 13 -1 -1 -1 15 -1 -1 -1 -1 -1 -1 14 -1 -1 -1 -1 30 -1 29 -1 -1 -1 -1 -1 9 -1 -1 -1 -1 28 -1 27 26 -1 23 -1 25 -1 17 -1 -1 -1 -1 -1 -1 -1 16 -1 -1 -1 -1 24 22 21 20 19 18 -1 -1 
-1 0 -1 -1 4 5 6 8 -1 -1 -1 -1 -1 3 -1 -1 -1 -1 -1 -1 1 -1 2 -1 7 -1 10 11 -1 12 -1 13 -1 -1 -1 15 -1 -1 -1 -1 -1 -1 14 -1 -1 31 -1 30 -1 29 -1 -1 -1 -1 -1 9 -1 -1 -1 -1 28 -1 27 26 -1 23 -1 25 -1 17 -1 -1 -1 -1 -1 -1 -1 16 -1 -1 -1 -1 24 22 21 20 19 18 -1 -1 
-1 0 -1 -1 4 5 6 8 -1 -1 -1 -1 -1 3 -1 -1 -1 -1 -1 -1 1 -1 2 -1 7 -1 -1 11 -1 12 -1 13 -1 -1 -1 15 -1 -1 -1 -1 -1 -1 14 -1 -1 31 -1 30 -1 29 -1 -1 -1 -1 -1 9 -1 -1 -1 -1 28 -1 10 26 -1 23 -1 25 -1 17 -1 -1 -1 -1 -1 -1 -1 16 -1 -1 -1 -1 24 22 21 20 19 18 -1 -1 
-1 0 -1 -1 4 5 6 8 -1 -1 -1 -1 -1 3 -1 -1 -1 -1 -1 -1 1 -1 2 -1 7 -1 -1 11 -1 12 -1 13 -1 -1 -1 15 -1 -1 -1 -1 -1 -1 14 -1 -1 31 -1 30 -1 29 -1 28 -1 -1 -1 9 -1 -1 -1 -1 -1 -1 10 26 -1 23 -1 25 -1 17 -1 -1 -1 -1 -1 -1 -1 16 -1 -1 -1 -1 24 22 21 20 19 18 -1 -1 
-1 0 -1 -1 4 5 6 8 -1 -1 -1 -1 -1 3 -1 -1 -1 -1 -1 -1 1 -1 2 -1 7 -1 -1 11 -1 12 -1 13 -1 -1 -1 15 -1 -1 -1 -1 -1 -1 14 -1 -1 31 -1 30 -1 29 -1 28 -1 -1 -1 9 10 -1 -1 -1 -1 -1 -1 26 -1 23 -1 25 -1 17 -1 -1 -1 -1 -1 -1 -1 16 -1 -1 -1 -1 24 22 21 20 19 18 -1 -1 
-1 0 -1 -1 4 5 6 8 -1 -1 -1 -1 -1 3 -1 -1 -1 -1 -1 -1 1 -1 2 -1 7 -1 -1 11 -1 12 -1 13 -1 -1 -1 15 -1 -1 -1 -1 -1 -1 28 -1 -1 31 -1 30 -1 29 -1 -1 -1 -1 -1 9 10 -1 -1 -1 -1 -1 -1 26 -1 23 -1 25 -1 17 -1 -1 -1 -1 -1 -1 -1 16 -1 -1 -1 -1 24 22 21 20 19 18 -1 -1 
-1 0 -1 -1 4 5 6 8 -1 -1 -1 -1 -1 3 -1 -1 -1 -1 -1 -1 1 -1 -1 -1 7 -1 -1 11 -1 12 -1 13 -1 -1 -1 15 -1 -1 -1 -1 -1 -1 2 -1 -1 31 -1 30 -1 29 -1 -1 -1 -1 -1 9 10 -1 -1 -1 -1 -1 -1 26 -1 23 -1 25 -1 17 -1 -1 -1 -1 -1 -1 -1 16 -1 -1 -1 -1 24 22 21 20 19 18 -1 -1 
-1 0 -1 -1 4 5 6 8 -1 -1 -1 -1 -1 3 -1 -1 -1 -1 -1 -1 1 -1 -1 -1 7 -1 -1 11 -1 12 -1 13 -1 -1 -1 15 -1 -1 -1 -1 -1 -1 2 -1 -1 31 -1 30 -1 29 17 -1 -1 -1 -1 9 10 -1 -1 -1 -1 -1 -1 26 -1 23 -1 25 -1 -1 -1 -1 -1 -1 -1 -1 -1 16 -1 -1 -1 -1 24 22 21 20 19 18 -1 -1 
-1 0 -1 -1 4 5 6 8 -1 -1 -1 -1 -1 3 -1 -1 -1 -1 -1 -1 1 -1 2 -1 7 -1 -1 11 -1 12 -1 13 -1 -1 -1 15 -1 -1 -1 -1 -1 -1 -1 -1 -1 31 -1 30 -1 29 17 -1 -1 -1 -1 9 10 -1 -1 -1 -1 -1 -1 26 -1 23 -1 25 -1 -1 -1 -1 -1 -1 -1 -1 -1 16 -1 -1 -1 -1 24 22 21 20 19 18 -1 -1 
-1 0 -1 -1 4 5 6 8 -1 -1 -1 -1 -1 3 -1 -1 -1 -1 -1 -1 1 -1 2 -1 7 -1 -1 11 -1 12 -1 13 -1 -1 -1 15 -1 -1 -1 -1 29 -1 -1 -1 -1 31 -1 30 -1 -1 17 -1 -1 -1 -1 9 10 -1 -1 -1 -1 -1 -1 26 -1 23 -1 25 -1 -1 -1 -1 -1 -1 -1 -1 -1 16 -1 -1 -1 -1 24 22 21 20 19 18 -1 -1 
-1 0 -1 -1 4 5 6 8 -1 -1 -1 -1 -1 3 -1 -1 -1 -1 -1 -1 1 -1 2 -1 7 -1 -1 11 -1 -1 -1 13 -1 -1 -1 15 -1 -1 12 -1 29 -1 -1 -1 -1 31 -1 30 -1 -1 17 -1 -1 -1 -1 9 10 -1 -1 -1 -1 -1 -1 26 -1 23 -1 25 -1 -1 -1 -1 -1 -1 -1 -1 -1 16 -1 -1 -1 -1 24 22 21 20 19 18 -1 -1 
-1 0 -1 -1 4 5 6 8 -1 -1 -1 -1 -1 3 -1 -1 -1 -1 -1 -1 1 -1 2 -1 7 -1 -1 11 -1 -1 -1 13 -1 -1 -1 15 -1 -1 30 -1 29 -1 -1 -1 -1 31 -1 -1 -1 -1 17 -1 -1 -1 -1 9 10 -1 -1 -1 -1 -1 -1 26 -1 23 -1 25 -1 -1 -1 -1 -1 -1 -1 -1 -1 16 -1 -1 -1 -1 24 22 21 20 19 18 -1 -1 
-1 0 -1 -1 4 5 6 8 -1 -1 -1 -1 -1 3 -1 -1 -1 -1 -1 -1 1 -1 2 -1 7 -1 -1 11 -1 -1 -1 -1 -1 -1 -1 15 -1 -1 30 -1 13 -1 -1 -1 -1 31 -1 -1 -1 -1 17 -1 -1 -1 -1 9 10 -1 -1 -1 -1 -1 -1 26 -1 23 -1 25 -1 -1 -1 -1 -1 -1 -1 -1 -1 16 -1 -1 -1 -1 24 22 21 20 19 18 -1 -1 
-1 0 -1 -1 4 5 6 8 -1 -1 -1 -1 -1 3 -1 -1 -1 -1 -1 -1 1 -1 2 -1 7 -1 -1 11 -1 30 -1 -1 -1 -1 -1 15 -1 -1 -1 -1 13 -1 -1 -1 -1 31 -1 -1 -1 -1 17 -1 -1 -1 -1 9 10 -1 -1 -1 -1 -1 -1 26 -1 23 -1 25 -1 -1 -1 -1 -1 -1 -1 -1 -1 16 -1 -1 -1 -1 24 22 21 20 19 18 -1 -1 
-1 0 -1 1 4 5 6 8 -1 -1 -1 -1 -1 3 -1 -1 -1 -1 -1 -1 -1 -1 2 -1 7 -1 -1 11 -1 30 -1 -1 -1 -1 -1 15 -1 -1 -1 -1 13 -1 -1 -1 -1 31 -1 -1 -1 -1 17 -1 -1 -1 -1 9 10 -1 -1 -1 -1 -1 -1 26 -1 23 -1 25 -1 -1 -1 -1 -1 -1 -1 -1 -1 16 -1 -1 -1 -1 24 22 21 20 19 18 -1 -1 
-1 0 -1 1 4 5 6 8 -1 -1 -1 -1 -1 3 -1 -1 -1 -1 -1 -1 -1 -1 2 -1 7 -1 -1 11 -1 30 -1 -1 -1 -1 -1 15 -1 -1 -1 17 13 -1 -1 -1 -1 31 -1 -1 -1 -1 -1 -1 -1 -1 -1 9 10 -1 -1 -1 -1 -1 -1 26 -1 23 -1 25 -1 -1 -1 -1 -1 -1 -1 -1 -1 16 -1 -1 -1 -1 24 22 21 20 19 18 -1 -1 
-1 0 -1 1 4 5 6 -1 -1 -1 -1 -1 -1 3 -1 -1 -1 -1 -1 -1 -1 -1 2 -1 7 -1 -1 11 -1 30 -1 -1 -1 -1 -1 15 -1 -1 -1 17 13 -1 -1 -1 -1 31 -1 -1 -1 -1 -1 -1 -1 -1 -1 9 10 -1 -1 -1 -1 8 -1 26 -1 23 -1 25 -1 -1 -1 -1 -1 -1 -1 -1 -1 16 -1 -1 -1 -1 24 22 21 20 19 18 -1 -1 
-1 0 -1 1 4 5 6 -1 -1 -1 -1 -1 -1 3 -1 -1 -1 -1 -1 -1 -1 -1 2 -1 7 -1 -1 11 17 30 -1 -1 -1 -1 -1 15 -1 -1 -1 -1 13 -1 -1 -1 -1 31 -1 -1 -1 -1 -1 -1 -1 -1 -1 9 10 -1 -1 -1 -1 8 -1 26 -1 23 -1 25 -1 -1 -1 -1 -1 -1 -1 -1 -1 16 -1 -1 -1 -1 24 22 21 20 19 18 -1 -1 
-1 0 -1 -1 4 5 6 -1 -1 -1 1 -1 -1 3 -1 -1 -1 -1 -1 -1 -1 -1 2 -1 7 -1 -1 11 17 30 -1 -1 -1 -1 -1 15 -1 -1 -1 -1 13 -1 -1 -1 -1 31 -1 -1 -1 -1 -1 -1 -1 -1 -1 9 10 -1 -1 -1 -1 8 -1 26 -1 23 -1 25 -1 -1 -1 -1 -1 -1 -1 -1 -1 16 -1 -1 -1 -1 24 22 21 20 19 18 -1 -1 
-1 0 -1 -1 4 5 6 -1 -1 -1 1 -1 -1 3 -1 -1 -1 -1 -1 -1 -1 -1 2 -1 7 -1 -1 11 17 30 -1 -1 -1 -1 -1 15 -1 -1 -1 -1 13 -1 -1 -1 -1 31 -1 -1 -1 -1 -1 -1 -1 -1 -1 9 10 -1 -1 -1 -1 8 -1 26 -1 23 -1 25 -1 -1 -1 -1 -1 -1 -1 -1 21 16 -1 -1 -1 -1 24 22 -1 20 19 18 -1 -1 
-1 0 -1 -1 4 5 6 -1 -1 -1 1 -1 -1 3 -1 -1 -1 -1 -1 -1 -1 -1 2 -1 7 -1 -1 11 17 30 -1 -1 -1 -1 -1 15 -1 -1 10 -1 13 -1 -1 -1 -1 31 -1 -1 -1 -1 -1 -1 -1 -1 -1 9 -1 -1 -1 -1 -1 8 -1 26 -1 23 -1 25 -1 -1 -1 -1 -1 -1 -1 -1 21 16 -1 -1 -1 -1 24 22 -1 20 19 18 -1 -1 
-1 0 -1 -1 4 5 6 -1 -1 -1 1 -1 -1 3 -1 -1 -1 -1 -1 -1 -1 -1 2 -1 7 -1 -1 11 17 30 -1 -1 -1 -1 -1 15 -1 -1 10 -1 13 -1 -1 -1 -1 31 -1 -1 -1 -1 -1 -1 -1 -1 26 9 -1 -1 -1 -1 -1 8 -1 -1 -1 23 -1 25 -1 -1 -1 -1 -1 -1 -1 -1 21 16 -1 -1 -1 -1 24 22 -1 20 19 18 -1 -1 
-1 0 -1 -1 4 5 6 -1 -1 -1 1 -1 -1 3 -1 -1 -1 -1 -1 -1 -1 -1 2 -1 7 -1 -1 11 17 30 -1 -1 -1 -1 8 15 -1 -1 10 -1 13 -1 -1 -1 -1 31 -1 -1 -1 -1 -1 -1 -1 -1 26 9 -1 -1 -1 -1 -1 -1 -1 -1 -1 23 -1 25 -1 -1 -1 -1 -1 -1 -1 -1 21 16 -1 -1 -1 -1 24 22 -1 20 19 18 -1 -1 
-1 0 -1 -1 4 5 6 -1 -1 -1 1 -1 -1 3 -1 -1 -1 -1 -1 -1 -1 -1 2 -1 7 -1 -1 11 17 30 -1 -1 -1 -1 8 15 -1 -1 10 -1 13 -1 -1 -1 -1 31 -1 -1 -1 -1 -1 -1 -1 -1 26 24 -1 -1 -1 -1 -1 -1 -1 -1 -1 23 -1 25 -1 -1 -1 -1 -1 -1 -1 -1 21 16 -1 -1 -1 -1 -1 22 -1 20 19 18 -1 -1 
-1 0 -1 -1 4 5 6 -1 -1 -1 1 -1 -1 3 -1 -1 -1 -1 -1 -1 -1 -1 2 -1 7 -1 -1 11 17 8 -1 -1 -1 -1 -1 15 -1 -1 10 -1 13 -1 -1 -1 -1 31 -1 -1 -1 -1 -1 -1 -1 -1 26 24 -1 -1 -1 -1 -1 -1 -1 -1 -1 23 -1 25 -1 -1 -1 -1 -1 -1 -1 -1 21 16 -1 -1 -1 -1 -1 22 -1 20 19 18 -1 -1 
-1 0 -1 -1 4 5 6 -1 -1 -1 1 -1 -1 3 -1 -1 -1 -1 -1 -1 -1 -1 2 -1 7 -1 -1 11 17 8 -1 -1 -1 -1 -1 15 -1 -1 10 -1 13 -1 -1 -1 -1 31 -1 -1 -1 -1 -1 -1 -1 -1 26 24 -1 -1 23 -1 -1 -1 -1 -1 -1 -1 -1 25 -1 -1 -1 -1 -1 -1 -1 -1 21 16 -1 -1 -1 -1 -1 22 -1 20 19 18 -1 -1 
-1 -1 -1 0 4 5 6 -1 -1 -1 1 -1 -1 3 -1 -1 -1 -1 -1 -1 -1 -1 2 -1 7 -1 -1 11 17 8 -1 -1 -1 -1 -1 15 -1 -1 10 -1 13 -1 -1 -1 -1 31 -1 -1 -1 -1 -1 -1 -1 -1 26 24 -1 -1 23 -1 -1 -1 -1 -1 -1 -1 -1 25 -1 -1 -1 -1 -1 -1 -1 -1 21 16 -1 -1 -1 -1 -1 22 -1 20 19 18 -1 -1 
-1 -1 -1 0 4 5 6 -1 -1 -1 1 -1 -1 3 -1 -1 -1 -1 -1 -1 -1 -1 2 -1 7 -1 -1 11 -1 8 -1 -1 -1 -1 -1 15 -1 -1 10 -1 13 -1 -1 -1 -1 31 -1 17 -1 -1 -1 -1 -1 -1 26 24 -1 -1 23 -1 -1 -1 -1 -1 -1 -1 -1 25 -1 -1 -1 -1 -1 -1 -1 -1 21 16 -1 -1 -1 -1 -1 22 -1 20 19 18 -1 -1 
-1 -1 -1 0 4 5 6 -1 -1 -1 -1 -1 -1 3 -1 -1 -1 -1 -1 -1 -1 1 2 -1 7 -1 -1 11 -1 8 -1 -1 -1 -1 -1 15 -1 -1 10 -1 13 -1 -1 -1 -1 31 -1 17 -1 -1 -1 -1 -1 -1 26 24 -1 -1 23 -1 -1 -1 -1 -1 -1 -1 -1 25 -1 -1 -1 -1 -1 -1 -1 -1 21 16 -1 -1 -1 -1 -1 22 -1 20 19 18 -1 -1 
-1 -1 -1 0 4 5 6 -1 -1 -1 -1 -1 -1 3 -1 -1 -1 -1 -1 -1 -1 1 2 -1 7 -1 -1 11 -1 8 -1 -1 -1 -1 -1 15 -1 -1 10 -1 17 -1 -1 -1 -1 31 -1 -1 -1 -1 -1 -1 -1 -1 26 24 -1 -1 23 -1 -1 -1 -1 -1 -1 -1 -1 25 -1 -1 -1 -1 -1 -1 -1 -1 21 16 -1 -1 -1 -1 -1 22 -1 20 19 18 -1 -1 
-1 -1 -1 0 4 5 6 -1 -1 -1 -1 -1 -1 3 -1 -1 -1 -1 -1 -1 -1 -1 2 -1 7 -1 -1 11 -1 8 -1 -1 -1 -1 -1 15 -1 -1 10 -1 1 -1 -1 -1 -1 31 -1 -1 -1 -1 -1 -1 -1 -1 26 24 -1 -1 23 -1 -1 -1 -1 -1 -1 -1 -1 25 -1 -1 -1 -1 -1 -1 -1 -1 21 16 -1 -1 -1 -1 -1 22 -1 20 19 18 -1 -1 
-1 -1 -1 0 4 5 6 -1 -1 -1 -1 -1 -1 3 -1 -1 -1 -1 -1 -1 -1 -1 2 -1 7 -1 -1 11 -1 8 -1 -1 -1 -1 -1 15 -1 -1 10 -1 25 -1 -1 -1 -1 31 -1 -1 -1 -1 -1 -1 -1 -1 26 24 -1 -1 23 -1 -1 -1 -1 -1 -1 -1 -1 -1 -1 -1 -1 -1 -1 -1 -1 -1 21 16 -1 -1 -1 -1 -1 22 -1 20 19 18 -1 -1 
-1 -1 -1 0 4 5 6 -1 -1 -1 -1 -1 -1 3 -1 -1 -1 -1 -1 -1 -1 -1 2 -1 -1 -1 -1 11 -1 8 -1 7 -1 -1 -1 15 -1 -1 10 -1 25 -1 -1 -1 -1 31 -1 -1 -1 -1 -1 -1 -1 -1 26 24 -1 -1 23 -1 -1 -1 -1 -1 -1 -1 -1 -1 -1 -1 -1 -1 -1 -1 -1 -1 21 16 -1 -1 -1 -1 -1 22 -1 20 19 18 -1 -1 
-1 -1 -1 0 4 5 6 -1 -1 -1 -1 -1 -1 3 -1 -1 -1 -1 -1 -1 -1 -1 2 -1 -1 -1 -1 11 -1 8 -1 7 16 -1 -1 15 -1 -1 10 -1 25 -1 -1 -1 -1 31 -1 -1 -1 -1 -1 -1 -1 -1 26 24 -1 -1 23 -1 -1 -1 -1 -1 -1 -1 -1 -1 -1 -1 -1 -1 -1 -1 -1 -1 21 -1 -1 -1 -1 -1 -1 22 -1 20 19 18 -1 -1 
-1 -1 -1 0 4 5 6 -1 -1 -1 -1 -1 -1 3 -1 -1 -1 -1 -1 -1 -1 -1 2 -1 -1 -1 -1 11 -1 8 -1 7 16 -1 -1 15 -1 -1 -1 -1 25 -1 -1 -1 -1 31 -1 -1 -1 -1 -1 -1 -1 -1 26 24 -1 -1 23 -1 -1 -1 -1 -1 -1 -1 -1 -1 -1 -1 -1 -1 -1 -1 10 -1 21 -1 -1 -1 -1 -1 -1 22 -1 20 19 18 -1 -1 
-1 -1 -1 0 4 5 6 -1 -1 -1 -1 -1 -1 3 -1 -1 -1 -1 -1 -1 -1 -1 2 -1 -1 -1 -1 11 -1 8 -1 7 16 -1 -1 15 -1 -1 -1 -1 25 -1 -1 -1 -1 31 -1 -1 -1 -1 -1 -1 -1 -1 26 24 -1 -1 23 -1 -1 -1 -1 -1 -1 -1 -1 22 -1 -1 -1 -1 -1 -1 10 -1 21 -1 -1 -1 -1 -1 -1 -1 -1 20 19 18 -1 -1 
-1 -1 -1 0 4 5 6 -1 -1 -1 -1 -1 -1 3 -1 -1 -1 -1 -1 -1 -1 -1 2 -1 -1 -1 -1 11 -1 8 -1 7 16 -1 -1 15 -1 -1 -1 -1 -1 -1 -1 -1 -1 31 -1 1 -1 -1 -1 -1 -1 -1 26 24 -1 -1 23 -1 -1 -1 -1 -1 -1 -1 -1 22 -1 -1 -1 -1 -1 -1 10 -1 21 -1 -1 -1 -1 -1 -1 -1 -1 20 19 18 -1 -1 
-1 -1 -1 0 4 5 6 -1 -1 -1 -1 -1 -1 3 -1 -1 -1 -1 -1 -1 -1 -1 2 -1 -1 -1 -1 11 -1 16 -1 7 -1 -1 -1 15 -1 -1 -1 -1 -1 -1 -1 -1 -1 31 -1 1 -1 -1 -1 -1 -1 -1 26 24 -1 -1 23 -1 -1 -1 -1 -1 -1 -1 -1 22 -1 -1 -1 -1 -1 -1 10 -1 21 -1 -1 -1 -1 -1 -1 -1 -1 20 19 18 -1 -1 
-1 -1 -1 0 4 5 6 -1 -1 -1 -1 -1 -1 3 -1 -1 -1 -1 -1 -1 -1 -1 2 -1 -1 -1 -1 11 -1 10 -1 7 -1 -1 -1 15 -1 -1 -1 -1 -1 -1 -1 -1 -1 31 -1 1 -1 -1 -1 -1 -1 -1 26 24 -1 -1 23 -1 -1 -1 -1 -1 -1 -1 -1 22 -1 -1 -1 -1 -1 -1 -1 -1 21 -1 -1 -1 -1 -1 -1 -1 -1 20 19 18 -1 -1 
-1 -1 -1 0 4 5 6 -1 -1 -1 -1 -1 -1 3 -1 -1 -1 -1 -1 -1 -1 -1 2 -1 -1 -1 -1 11 24 10 -1 7 -1 -1 -1 15 -1 -1 -1 -1 -1 -1 -1 -1 -1 31 -1 1 -1 -1 -1 -1 -1 -1 26 -1 -1 -1 23 -1 -1 -1 -1 -1 -1 -1 -1 22 -1 -1 -1 -1 -1 -1 -1 -1 21 -1 -1 -1 -1 -1 -1 -1 -1 20 19 18 -1 -1 
-1 -1 -1 0 4 5 6 -1 -1 -1 -1 -1 -1 3 -1 -1 -1 -1 -1 -1 -1 -1 2 -1 -1 -1 -1 11 24 10 -1 7 -1 -1 -1 15 -1 -1 -1 -1 -1 -1 -1 -1 -1 31 -1 -1 -1 -1 -1 -1 -1 -1 26 -1 -1 -1 23 -1 -1 -1 -1 -1 -1 -1 1 22 -1 -1 -1 -1 -1 -1 -1 -1 21 -1 -1 -1 -1 -1 -1 -1 -1 20 19 18 -1 -1 
-1 -1 -1 0 4 5 6 -1 -1 -1 -1 -1 -1 3 -1 -1 -1 -1 -1 -1 -1 -1 2 -1 -1 -1 -1 11 -1 24 -1 7 -1 -1 -1 15 -1 -1 -1 -1 -1 -1 -1 -1 -1 31 -1 -1 -1 -1 -1 -1 -1 -1 26 -1 -1 -1 23 -1 -1 -1 -1 -1 -1 -1 1 22 -1 -1 -1 -1 -1 -1 -1 -1 21 -1 -1 -1 -1 -1 -1 -1 -1 20 19 18 -1 -1 
-1 -1 -1 0 4 5 6 -1 -1 -1 -1 -1 -1 3 -1 -1 -1 -1 -1 -1 -1 -1 2 -1 -1 -1 -1 11 -1 24 -1 7 -1 -1 -1 15 -1 -1 -1 -1 -1 -1 -1 -1 -1 31 -1 -1 -1 1 -1 -1 -1 -1 26 -1 -1 -1 23 -1 -1 -1 -1 -1 -1 -1 -1 22 -1 -1 -1 -1 -1 -1 -1 -1 21 -1 -1 -1 -1 -1 -1 -1 -1 20 19 18 -1 -1 
-1 -1 -1 0 4 5 6 -1 -1 -1 -1 -1 -1 3 -1 -1 -1 -1 -1 -1 -1 -1 2 -1 -1 -1 -1 11 -1 -1 -1 7 -1 -1 -1 15 -1 -1 -1 -1 -1 -1 -1 -1 -1 31 -1 -1 -1 1 -1 -1 -1 -1 26 -1 16 -1 23 -1 -1 -1 -1 -1 -1 -1 -1 22 -1 -1 -1 -1 -1 -1 -1 -1 21 -1 -1 -1 -1 -1 -1 -1 -1 20 19 18 -1 -1 
-1 -1 -1 -1 4 5 6 -1 -1 -1 -1 -1 -1 3 -1 -1 -1 -1 -1 -1 -1 -1 2 -1 -1 -1 -1 11 -1 -1 -1 7 -1 -1 -1 15 -1 -1 -1 -1 -1 -1 -1 -1 -1 31 -1 -1 0 1 -1 -1 -1 -1 26 -1 16 -1 23 -1 -1 -1 -1 -1 -1 -1 -1 22 -1 -1 -1 -1 -1 -1 -1 -1 21 -1 -1 -1 -1 -1 -1 -1 -1 20 19 18 -1 -1 
-1 -1 -1 -1 4 5 6 -1 -1 -1 -1 -1 -1 3 -1 -1 -1 -1 -1 -1 -1 -1 2 -1 -1 -1 -1 11 -1 17 -1 7 -1 -1 -1 15 -1 -1 -1 -1 -1 -1 -1 -1 -1 31 -1 -1 0 1 -1 -1 -1 -1 26 -1 16 -1 23 -1 -1 -1 -1 -1 -1 -1 -1 22 -1 -1 -1 -1 -1 -1 -1 -1 21 -1 -1 -1 -1 -1 -1 -1 -1 20 19 18 -1 -1 
-1 -1 -1 -1 4 5 6 -1 -1 -1 -1 -1 -1 3 -1 -1 -1 -1 -1 -1 -1 -1 2 -1 -1 -1 -1 11 -1 17 -1 7 -1 -1 -1 15 -1 -1 -1 -1 -1 -1 -1 -1 -1 31 -1 -1 0 -1 -1 -1 -1 -1 26 -1 1 -1 23 -1 -1 -1 -1 -1 -1 -1 -1 22 -1 -1 -1 -1 -1 -1 -1 -1 21 -1 -1 -1 -1 -1 -1 -1 -1 20 19 18 -1 -1 
-1 -1 -1 -1 4 5 6 -1 -1 -1 -1 -1 -1 3 -1 -1 -1 -1 -1 -1 -1 -1 2 -1 -1 -1 -1 11 -1 17 -1 7 -1 -1 -1 15 -1 -1 -1 -1 -1 -1 -1 -1 -1 31 -1 22 0 -1 -1 -1 -1 -1 26 -1 1 -1 23 -1 -1 -1 -1 -1 -1 -1 -1 -1 -1 -1 -1 -1 -1 -1 -1 -1 21 -1 -1 -1 -1 -1 -1 -1 -1 20 19 18 -1 -1 
-1 -1 -1 -1 4 5 6 -1 -1 -1 -1 -1 -1 3 -1 -1 -1 -1 -1 -1 -1 -1 2 -1 -1 -1 -1 11 -1 17 0 7 -1 -1 -1 15 -1 -1 -1 -1 -1 -1 -1 -1 -1 31 -1 22 -1 -1 -1 -1 -1 -1 26 -1 1 -1 23 -1 -1 -1 -1 -1 -1 -1 -1 -1 -1 -1 -1 -1 -1 -1 -1 -1 21 -1 -1 -1 -1 -1 -1 -1 -1 20 19 18 -1 -1 
-1 -1 -1 -1 4 5 6 -1 -1 -1 -1 -1 -1 3 -1 -1 -1 -1 -1 -1 -1 -1 2 -1 -1 -1 -1 11 -1 17 0 7 -1 -1 -1 15 -1 -1 -1 -1 -1 -1 -1 -1 -1 31 -1 22 -1 -1 -1 -1 -1 -1 26 16 -1 -1 23 -1 -1 -1 -1 -1 -1 -1 -1 -1 -1 -1 -1 -1 -1 -1 -1 -1 21 -1 -1 -1 -1 -1 -1 -1 -1 20 19 18 -1 -1 
-1 -1 -1 -1 4 5 6 -1 -1 -1 -1 -1 -1 3 -1 -1 -1 -1 -1 -1 -1 -1 2 -1 -1 -1 -1 11 -1 17 0 7 -1 -1 -1 -1 -1 -1 -1 -1 -1 -1 -1 -1 15 31 -1 22 -1 -1 -1 -1 -1 -1 26 16 -1 -1 23 -1 -1 -1 -1 -1 -1 -1 -1 -1 -1 -1 -1 -1 -1 -1 -1 -1 21 -1 -1 -1 -1 -1 -1 -1 -1 20 19 18 -1 -1 
-1 -1 -1 -1 4 5 6 -1 -1 -1 -1 -1 -1 3 -1 -1 -1 -1 -1 -1 -1 -1 2 -1 -1 -1 -1 11 -1 17 0 7 -1 -1 -1 -1 -1 -1 -1 -1 -1 -1 -1 -1 15 31 -1 22 -1 -1 -1 -1 -1 -1 26 16 -1 -1 23 -1 -1 -1 -1 -1 -1 -1 -1 18 -1 -1 -1 -1 -1 -1 -1 -1 21 -1 -1 -1 -1 -1 -1 -1 -1 20 19 -1 -1 -1 
-1 -1 -1 -1 4 5 6 -1 -1 -1 -1 -1 -1 3 -1 -1 -1 -1 -1 -1 -1 -1 2 -1 -1 -1 -1 11 -1 17 0 7 -1 -1 -1 -1 -1 -1 -1 -1 -1 -1 -1 -1 -1 31 -1 22 -1 -1 -1 -1 -1 15 26 16 -1 -1 23 -1 -1 -1 -1 -1 -1 -1 -1 18 -1 -1 -1 -1 -1 -1 -1 -1 21 -1 -1 -1 -1 -1 -1 -1 -1 20 19 -1 -1 -1 
-1 16 -1 -1 4 5 6 -1 -1 -1 -1 -1 -1 3 -1 -1 -1 -1 -1 -1 -1 -1 2 -1 -1 -1 -1 11 -1 17 0 7 -1 -1 -1 -1 -1 -1 -1 -1 -1 -1 -1 -1 -1 31 -1 22 -1 -1 -1 -1 -1 15 26 -1 -1 -1 23 -1 -1 -1 -1 -1 -1 -1 -1 18 -1 -1 -1 -1 -1 -1 -1 -1 21 -1 -1 -1 -1 -1 -1 -1 -1 20 19 -1 -1 -1 
-1 16 -1 3 4 5 6 -1 -1 -1 -1 -1 -1 -1 -1 -1 -1 -1 -1 -1 -1 -1 2 -1 -1 -1 -1 11 -1 17 0 7 -1 -1 -1 -1 -1 -1 -1 -1 -1 -1 -1 -1 -1 31 -1 22 -1 -1 -1 -1 -1 15 26 -1 -1 -1 23 -1 -1 -1 -1 -1 -1 -1 -1 18 -1 -1 -1 -1 -1 -1 -1 -1 21 -1 -1 -1 -1 -1 -1 -1 -1 20 19 -1 -1 -1 
16 -1 -1 3 4 5 6 -1 -1 -1 -1 -1 -1 -1 -1 -1 -1 -1 -1 -1 -1 -1 2 -1 -1 -1 -1 11 -1 17 0 7 -1 -1 -1 -1 -1 -1 -1 -1 -1 -1 -1 -1 -1 31 -1 22 -1 -1 -1 -1 -1 15 26 -1 -1 -1 23 -1 -1 -1 -1 -1 -1 -1 -1 18 -1 -1 -1 -1 -1 -1 -1 -1 21 -1 -1 -1 -1 -1 -1 -1 -1 20 19 -1 -1 -1 
16 -1 -1 3 4 5 6 -1 -1 -1 -1 -1 -1 -1 -1 -1 -1 -1 -1 -1 -1 -1 2 -1 -1 -1 -1 11 0 17 -1 7 -1 -1 -1 -1 -1 -1 -1 -1 -1 -1 -1 -1 -1 31 -1 22 -1 -1 -1 -1 -1 15 26 -1 -1 -1 23 -1 -1 -1 -1 -1 -1 -1 -1 18 -1 -1 -1 -1 -1 -1 -1 -1 21 -1 -1 -1 -1 -1 -1 -1 -1 20 19 -1 -1 -1 
16 -1 -1 3 4 5 6 -1 -1 -1 -1 -1 -1 -1 -1 -1 -1 -1 -1 -1 -1 -1 2 -1 -1 -1 -1 26 0 17 -1 7 -1 -1 -1 -1 -1 -1 -1 -1 -1 -1 -1 -1 -1 31 -1 22 -1 -1 -1 -1 -1 15 -1 -1 -1 -1 23 -1 -1 -1 -1 -1 -1 -1 -1 18 -1 -1 -1 -1 -1 -1 -1 -1 21 -1 -1 -1 -1 -1 -1 -1 -1 20 19 -1 -1 -1 
16 -1 2 3 4 5 6 -1 -1 -1 -1 -1 -1 -1 -1 -1 -1 -1 -1 -1 -1 -1 -1 -1 -1 -1 -1 26 0 17 -1 7 -1 -1 -1 -1 -1 -1 -1 -1 -1 -1 -1 -1 -1 31 -1 22 -1 -1 -1 -1 -1 15 -1 -1 -1 -1 23 -1 -1 -1 -1 -1 -1 -1 -1 18 -1 -1 -1 -1 -1 -1 -1 -1 21 -1 -1 -1 -1 -1 -1 -1 -1 20 19 -1 -1 -1 
16 -1 2 3 4 5 6 -1 -1 -1 -1 -1 -1 -1 -1 -1 -1 -1 -1 -1 -1 -1 -1 -1 -1 -1 -1 -1 0 17 -1 7 -1 -1 -1 -1 26 -1 -1 -1 -1 -1 -1 -1 -1 31 -1 22 -1 -1 -1 -1 -1 15 -1 -1 -1 -1 23 -1 -1 -1 -1 -1 -1 -1 -1 18 -1 -1 -1 -1 -1 -1 -1 -1 21 -1 -1 -1 -1 -1 -1 -1 -1 20 19 -1 -1 -1 
16 -1 2 3 4 5 -1 -1 -1 -1 -1 -1 -1 -1 -1 -1 -1 -1 -1 -1 -1 -1 6 -1 -1 -1 -1 -1 0 17 -1 7 -1 -1 -1 -1 26 -1 -1 -1 -1 -1 -1 -1 -1 31 -1 22 -1 -1 -1 -1 -1 15 -1 -1 -1 -1 23 -1 -1 -1 -1 -1 -1 -1 -1 18 -1 -1 -1 -1 -1 -1 -1 -1 21 -1 -1 -1 -1 -1 -1 -1 -1 20 19 -1 -1 -1 
16 -1 2 3 4 5 -1 -1 -1 -1 -1 -1 -1 -1 -1 -1 -1 -1 -1 -1 -1 -1 6 -1 -1 -1 -1 -1 0 17 -1 7 -1 -1 -1 -1 -1 -1 -1 -1 26 -1 -1 -1 -1 31 -1 22 -1 -1 -1 -1 -1 15 -1 -1 -1 -1 23 -1 -1 -1 -1 -1 -1 -1 -1 18 -1 -1 -1 -1 -1 -1 -1 -1 21 -1 -1 -1 -1 -1 -1 -1 -1 20 19 -1 -1 -1 
16 -1 2 3 4 -1 -1 -1 -1 -1 -1 -1 -1 5 -1 -1 -1 -1 -1 -1 -1 -1 6 -1 -1 -1 -1 -1 0 17 -1 7 -1 -1 -1 -1 -1 -1 -1 -1 26 -1 -1 -1 -1 31 -1 22 -1 -1 -1 -1 -1 15 -1 -1 -1 -1 23 -1 -1 -1 -1 -1 -1 -1 -1 18 -1 -1 -1 -1 -1 -1 -1 -1 21 -1 -1 -1 -1 -1 -1 -1 -1 20 19 -1 -1 -1 
-1 -1 2 3 4 -1 -1 -1 -1 -1 -1 -1 -1 5 -1 -1 -1 -1 -1 -1 -1 -1 6 -1 -1 -1 -1 -1 0 17 -1 7 -1 -1 -1 -1 16 -1 -1 -1 26 -1 -1 -1 -1 31 -1 22 -1 -1 -1 -1 -1 15 -1 -1 -1 -1 23 -1 -1 -1 -1 -1 -1 -1 -1 18 -1 -1 -1 -1 -1 -1 -1 -1 21 -1 -1 -1 -1 -1 -1 -1 -1 20 19 -1 -1 -1 
-1 -1 2 3 4 -1 -1 -1 -1 -1 -1 -1 -1 5 -1 -1 -1 -1 -1 -1 -1 -1 6 -1 -1 -1 -1 -1 -1 17 -1 0 -1 -1 -1 -1 16 -1 -1 -1 26 -1 -1 -1 -1 31 -1 22 -1 -1 -1 -1 -1 15 -1 -1 -1 -1 23 -1 -1 -1 -1 -1 -1 -1 -1 18 -1 -1 -1 -1 -1 -1 -1 -1 21 -1 -1 -1 -1 -1 -1 -1 -1 20 19 -1 -1 -1 
-1 -1 2 3 4 -1 -1 -1 -1 -1 -1 -1 -1 5 -1 -1 -1 -1 -1 -1 -1 -1 6 -1 -1 -1 -1 -1 -1 17 -1 0 -1 -1 -1 -1 -1 -1 -1 16 26 -1 -1 -1 -1 31 -1 22 -1 -1 -1 -1 -1 15 -1 -1 -1 -1 23 -1 -1 -1 -1 -1 -1 -1 -1 18 -1 -1 -1 -1 -1 -1 -1 -1 21 -1 -1 -1 -1 -1 -1 -1 -1 20 19 -1 -1 -1 
-1 -1 2 3 4 -1 -1 -1 -1 -1 -1 -1 -1 5 -1 -1 -1 -1 -1 -1 -1 -1 6 -1 -1 -1 -1 -1 -1 17 -1 0 -1 -1 -1 -1 -1 -1 -1 16 26 -1 -1 -1 -1 31 -1 22 -1 -1 -1 -1 15 -1 -1 -1 -1 -1 23 -1 -1 -1 -1 -1 -1 -1 -1 18 -1 -1 -1 -1 -1 -1 -1 -1 21 -1 -1 -1 -1 -1 -1 -1 -1 20 19 -1 -1 -1 
-1 -1 2 3 4 -1 -1 -1 -1 -1 -1 -1 -1 5 -1 -1 -1 -1 -1 -1 -1 -1 6 -1 -1 -1 -1 -1 -1 17 -1 0 -1 -1 -1 -1 31 -1 -1 16 26 -1 -1 -1 -1 -1 -1 22 -1 -1 -1 -1 15 -1 -1 -1 -1 -1 23 -1 -1 -1 -1 -1 -1 -1 -1 18 -1 -1 -1 -1 -1 -1 -1 -1 21 -1 -1 -1 -1 -1 -1 -1 -1 20 19 -1 -1 -1 
-1 -1 2 3 4 -1 -1 -1 -1 -1 -1 -1 -1 5 -1 -1 -1 -1 -1 -1 -1 -1 6 -1 -1 -1 -1 -1 -1 17 -1 0 -1 -1 -1 -1 31 -1 -1 16 26 -1 -1 -1 -1 -1 -1 22 -1 -1 -1 -1 -1 -1 -1 -1 -1 -1 23 -1 -1 15 -1 -1 -1 -1 -1 18 -1 -1 -1 -1 -1 -1 -1 -1 21 -1 -1 -1 -1 -1 -1 -1 -1 20 19 -1 -1 -1 
-1 -1 2 3 4 -1 -1 -1 -1 -1 -1 -1 -1 5 -1 -1 -1 -1 -1 -1 -1 -1 6 -1 -1 -1 -1 -1 -1 17 -1 0 -1 -1 -1 -1 31 -1 -1 16 26 -1 -1 -1 -1 -1 -1 22 -1 -1 -1 -1 -1 -1 -1 -1 -1 -1 23 -1 -1 15 -1 -1 -1 -1 -1 -1 -1 -1 -1 -1 -1 -1 -1 -1 21 -1 -1 -1 -1 -1 -1 18 -1 20 19 -1 -1 -1 
-1 -1 2 3 4 -1 -1 -1 -1 -1 -1 -1 -1 5 -1 -1 -1 -1 -1 -1 -1 -1 6 -1 -1 -1 -1 -1 -1 17 -1 0 -1 -1 -1 -1 31 -1 -1 16 26 -1 -1 -1 -1 -1 -1 22 -1 -1 -1 -1 -1 -1 -1 -1 -1 -1 23 -1 15 -1 -1 -1 -1 -1 -1 -1 -1 -1 -1 -1 -1 -1 -1 -1 21 -1 -1 -1 -1 -1 -1 18 -1 20 19 -1 -1 -1 
-1 -1 2 3 4 -1 -1 -1 -1 -1 -1 -1 -1 5 -1 -1 -1 -1 -1 -1 -1 -1 6 -1 -1 -1 -1 -1 -1 17 -1 0 -1 -1 -1 -1 31 -1 -1 16 -1 -1 -1 -1 -1 -1 -1 22 -1 -1 -1 -1 -1 -1 -1 -1 -1 -1 23 -1 15 -1 -1 -1 -1 -1 -1 25 -1 -1 -1 -1 -1 -1 -1 -1 21 -1 -1 -1 -1 -1 -1 18 -1 20 19 -1 -1 -1 
-1 -1 2 3 4 -1 -1 -1 -1 -1 -1 -1 -1 5 -1 -1 -1 -1 -1 -1 -1 -1 6 -1 -1 -1 -1 -1 -1 17 -1 0 -1 -1 -1 -1 31 -1 -1 16 -1 14 -1 -1 -1 -1 -1 22 -1 -1 -1 -1 -1 -1 -1 -1 -1 -1 23 -1 15 -1 -1 -1 -1 -1 -1 25 -1 -1 -1 -1 -1 -1 -1 -1 21 -1 -1 -1 -1 -1 -1 18 -1 20 19 -1 -1 -1 
-1 -1 2 3 4 -1 -1 -1 -1 -1 -1 -1 -1 5 -1 -1 -1 -1 -1 -1 -1 -1 6 -1 -1 -1 -1 -1 -1 17 -1 0 -1 -1 -1 -1 31 -1 -1 -1 -1 16 -1 -1 -1 -1 -1 22 -1 -1 -1 -1 -1 -1 -1 -1 -1 -1 23 -1 15 -1 -1 -1 -1 -1 -1 25 -1 -1 -1 -1 -1 -1 -1 -1 21 -1 -1 -1 -1 -1 -1 18 -1 20 19 -1 -1 -1 
-1 -1 2 3 4 -1 -1 -1 -1 -1 -1 -1 -1 5 -1 -1 -1 -1 -1 -1 -1 -1 6 -1 -1 -1 -1 -1 -1 17 -1 -1 -1 -1 -1 -1 31 -1 -1 -1 -1 16 -1 -1 -1 -1 -1 22 -1 -1 -1 -1 -1 -1 -1 -1 -1 -1 0 -1 15 -1 -1 -1 -1 -1 -1 25 -1 -1 -1 -1 -1 -1 -1 -1 21 -1 -1 -1 -1 -1 -1 18 -1 20 19 -1 -1 -1 
-1 -1 2 3 4 -1 -1 -1 -1 -1 -1 -1 -1 5 -1 -1 -1 -1 -1 -1 -1 -1 6 -1 -1 -1 -1 -1 -1 17 -1 -1 -1 -1 -1 -1 31 -1 -1 -1 -1 -1 -1 16 -1 -1 -1 22 -1 -1 -1 -1 -1 -1 -1 -1 -1 -1 0 -1 15 -1 -1 -1 -1 -1 -1 25 -1 -1 -1 -1 -1 -1 -1 -1 21 -1 -1 -1 -1 -1 -1 18 -1 20 19 -1 -1 -1 
-1 -1 2 3 4 -1 6 -1 -1 -1 -1 -1 -1 5 -1 -1 -1 -1 -1 -1 -1 -1 -1 -1 -1 -1 -1 -1 -1 17 -1 -1 -1 -1 -1 -1 31 -1 -1 -1 -1 -1 -1 16 -1 -1 -1 22 -1 -1 -1 -1 -1 -1 -1 -1 -1 -1 0 -1 15 -1 -1 -1 -1 -1 -1 25 -1 -1 -1 -1 -1 -1 -1 -1 21 -1 -1 -1 -1 -1 -1 18 -1 20 19 -1 -1 -1 
-1 -1 2 3 4 -1 6 -1 -1 -1 -1 -1 -1 5 -1 -1 -1 -1 -1 -1 -1 -1 -1 -1 -1 -1 -1 -1 -1 17 -1 -1 -1 -1 -1 -1 -1 31 -1 -1 -1 -1 -1 16 -1 -1 -1 22 -1 -1 -1 -1 -1 -1 -1 -1 -1 -1 0 -1 15 -1 -1 -1 -1 -1 -1 25 -1 -1 -1 -1 -1 -1 -1 -1 21 -1 -1 -1 -1 -1 -1 18 -1 20 19 -1 -1 -1 
-1 -1 -1 3 4 -1 6 -1 -1 -1 -1 -1 -1 5 -1 -1 -1 -1 -1 -1 -1 -1 2 -1 -1 -1 -1 -1 -1 17 -1 -1 -1 -1 -1 -1 -1 31 -1 -1 -1 -1 -1 16 -1 -1 -1 22 -1 -1 -1 -1 -1 -1 -1 -1 -1 -1 0 -1 15 -1 -1 -1 -1 -1 -1 25 -1 -1 -1 -1 -1 -1 -1 -1 21 -1 -1 -1 -1 -1 -1 18 -1 20 19 -1 -1 -1 
-1 -1 -1 3 4 -1 6 -1 -1 -1 -1 -1 -1 5 -1 -1 -1 -1 -1 -1 -1 -1 2 -1 -1 -1 -1 -1 -1 17 -1 -1 -1 -1 16 -1 -1 31 -1 -1 -1 -1 -1 -1 -1 -1 -1 22 -1 -1 -1 -1 -1 -1 -1 -1 -1 -1 0 -1 15 -1 -1 -1 -1 -1 -1 25 -1 -1 -1 -1 -1 -1 -1 -1 21 -1 -1 -1 -1 -1 -1 18 -1 20 19 -1 -1 -1 
-1 -1 -1 3 4 -1 6 -1 -1 -1 -1 -1 -1 5 -1 -1 -1 -1 -1 -1 -1 -1 2 -1 -1 -1 -1 -1 -1 17 -1 -1 -1 -1 16 -1 -1 31 -1 -1 -1 -1 -1 -1 -1 -1 -1 22 -1 -1 -1 -1 -1 -1 -1 -1 0 -1 -1 -1 15 -1 -1 -1 -1 -1 -1 25 -1 -1 -1 -1 -1 -1 -1 -1 21 -1 -1 -1 -1 -1 -1 18 -1 20 19 -1 -1 -1 
-1 -1 -1 3 4 -1 6 -1 -1 -1 -1 -1 -1 5 -1 -1 -1 -1 -1 -1 -1 -1 2 -1 -1 -1 -1 -1 -1 17 -1 -1 -1 -1 16 -1 -1 31 -1 -1 -1 -1 -1 -1 -1 -1 -1 22 -1 -1 -1 -1 -1 -1 -1 -1 0 -1 -1 -1 15 -1 -1 18 -1 -1 -1 25 -1 -1 -1 -1 -1 -1 -1 -1 21 -1 -1 -1 -1 -1 -1 -1 -1 20 19 -1 -1 -1 
-1 -1 -1 3 4 -1 6 -1 -1 -1 -1 -1 -1 5 -1 -1 -1 -1 -1 -1 -1 -1 2 -1 -1 -1 -1 -1 -1 17 -1 -1 -1 -1 16 -1 -1 31 -1 -1 -1 -1 -1 -1 -1 -1 -1 22 -1 -1 -1 -1 -1 -1 -1 0 -1 -1 -1 -1 15 -1 -1 18 -1 -1 -1 25 -1 -1 -1 -1 -1 -1 -1 -1 21 -1 -1 -1 -1 -1 -1 -1 -1 20 19 -1 -1 -1 
-1 -1 -1 3 4 -1 6 -1 -1 -1 -1 -1 -1 5 -1 -1 -1 -1 -1 -1 -1 -1 2 -1 -1 -1 -1 -1 31 17 -1 -1 -1 -1 16 -1 -1 -1 -1 -1 -1 -1 -1 -1 -1 -1 -1 22 -1 -1 -1 -1 -1 -1 -1 0 -1 -1 -1 -1 15 -1 -1 18 -1 -1 -1 25 -1 -1 -1 -1 -1 -1 -1 -1 21 -1 -1 -1 -1 -1 -1 -1 -1 20 19 -1 -1 -1 
-1 -1 -1 3 4 -1 6 -1 -1 -1 -1 -1 -1 5 -1 -1 -1 -1 -1 -1 -1 -1 2 -1 -1 -1 -1 -1 31 17 -1 -1 -1 -1 16 -1 -1 -1 -1 -1 -1 -1 -1 -1 -1 -1 -1 22 -1 -1 -1 -1 -1 -1 -1 -1 -1 -1 -1 -1 15 -1 -1 18 -1 -1 -1 25 -1 -1 -1 -1 -1 -1 -1 -1 21 -1 -1 -1 -1 -1 0 -1 -1 20 19 -1 -1 -1 
-1 -1 -1 3 4 -1 6 -1 -1 -1 -1 -1 -1 5 -1 -1 -1 -1 -1 -1 -1 -1 2 -1 -1 -1 -1 -1 31 17 -1 -1 -1 -1 16 -1 -1 -1 -1 -1 -1 -1 -1 -1 -1 -1 -1 22 -1 -1 -1 -1 -1 -1 -1 -1 -1 -1 -1 -1 15 -1 -1 18 -1 -1 -1 25 -1 -1 -1 -1 -1 -1 -1 -1 -1 -1 -1 -1 -1 -1 0 -1 21 20 19 -1 -1 -1 
