0 1 2 3 4 5 6 7 8 -1 -1 -1 -1 -1 -1 -1 -1 -1 -1 9 -1 -1 -1 -1 -1 10 -1 11 -1 12 -1 13 -1 14 -1 15 -1 -1 -1 -1 -1 -1 -1 -1 -1 -1 -1 -1 -1 -1 -1 -1 -1 -1 -1 -1 -1 -1 29 -1 28 -1 27 -1 26 -1 -1 25 -1 -1 -1 -1 -1 -1 -1 -1 -1 -1 -1 -1 -1 24 23 22 21 20 19 18 17 16 
0 1 2 3 4 5 6 -1 8 -1 -1 -1 -1 -1 -1 -1 -1 -1 -1 9 -1 -1 -1 -1 7 10 -1 11 -1 12 -1 13 -1 14 -1 15 -1 -1 -1 -1 -1 -1 -1 -1 -1 -1 -1 -1 -1 -1 -1 -1 -1 -1 -1 -1 -1 -1 29 -1 28 -1 27 -1 26 -1 -1 25 -1 -1 -1 -1 -1 -1 -1 -1 -1 -1 -1 -1 -1 24 23 22 21 20 19 18 17 16 
0 1 2 3 4 5 6 -1 8 -1 -1 -1 -1 -1 -1 -1 -1 -1 -1 9 -1 -1 -1 -1 7 10 -1 11 -1 12 -1 13 -1 14 -1 15 -1 -1 -1 -1 -1 -1 -1 -1 -1 -1 -1 -1 -1 -1 -1 -1 -1 -1 -1 -1 -1 -1 29 -1 28 -1 27 -1 26 -1 -1 25 -1 17 -1 -1 -1 -1 -1 -1 -1 -1 -1 -1 -1 24 23 22 21 20 19 18 -1 16 
0 1 2 3 4 5 6 8 -1 -1 -1 -1 -1 -1 -1 -1 -1 -1 -1 9 -1 -1 -1 -1 7 10 -1 11 -1 12 -1 13 -1 14 -1 15 -1 -1 -1 -1 -1 -1 -1 -1 -1 -1 -1 -1 -1 -1 -1 -1 -1 -1 -1 -1 -1 -1 29 -1 28 -1 27 -1 26 -1 -1 25 -1 17 -1 -1 -1 -1 -1 -1 -1 -1 -1 -1 -1 24 23 22 21 20 19 18 -1 16 
0 1 2 3 4 5 6 8 -1 -1 -1 -1 -1 -1 -1 -1 -1 -1 -1 9 -1 -1 -1 -1 7 10 -1 11 -1 12 -1 13 -1 14 -1 15 -1 -1 -1 -1 -1 -1 -1 -1 -1 -1 -1 30 -1 -1 -1 -1 -1 -1 -1 -1 -1 -1 29 -1 28 -1 27 -1 26 -1 -1 25 -1 17 -1 -1 -1 -1 -1 -1 -1 -1 -1 -1 -1 24 23 22 21 20 19 18 -1 16 
0 1 2 3 4 5 6 8 -1 -1 -1 -1 -1 -1 -1 -1 -1 -1 -1 9 -1 -1 -1 -1 7 10 -1 11 -1 12 -1 13 -1 -1 -1 15 -1 -1 -1 -1 -1 -1 14 -1 -1 -1 -1 30 -1 -1 -1 -1 -1 -1 -1 -1 -1 -1 29 -1 28 -1 27 -1 26 -1 -1 25 -1 17 -1 -1 -1 -1 -1 -1 -1 -1 -1 -1 -1 24 23 22 21 20 19 18 -1 16 
0 1 2 3 4 5 6 8 -1 -1 -1 -1 -1 -1 -1 -1 -1 -1 -1 9 -1 -1 -1 -1 7 10 -1 11 -1 12 -1 13 -1 -1 -1 15 -1 -1 -1 -1 -1 -1 14 -1 -1 -1 -1 30 -1 -1 -1 -1 -1 -1 -1 -1 -1 -1 29 -1 28 -1 27 -1 26 23 -1 25 -1 17 -1 -1 -1 -1 -1 -1 -1 -1 -1 -1 -1 24 -1 22 21 20 19 18 -1 16 
0 1 -1 3 4 5 6 8 -1 -1 -1 -1 -1 -1 -1 -1 -1 -1 -1 9 -1 -1 2 -1 7 10 -1 11 -1 12 -1 13 -1 -1 -1 15 -1 -1 -1 -1 -1 -1 14 -1 -1 -1 -1 30 -1 -1 -1 -1 -1 -1 -1 -1 -1 -1 29 -1 28 -1 27 -1 26 23 -1 25 -1 17 -1 -1 -1 -1 -1 -1 -1 -1 -1 -1 -1 24 -1 22 21 20 19 18 -1 16 
0 1 -1 3 4 5 6 8 -1 -1 -1 -1 -1 -1 -1 -1 -1 -1 -1 9 -1 -1 2 -1 7 10 -1 11 -1 12 -1 13 -1 -1 -1 15 -1 -1 -1 -1 -1 -1 14 -1 -1 -1 -1 30 -1 -1 -1 -1 -1 -1 -1 -1 -1 -1 29 -1 28 -1 27 -1 26 23 -1 25 -1 17 -1 -1 -1 -1 -1 -1 -1 -1 -1 -1 16 24 -1 22 21 20 19 18 -1 -1 
0 -1 -1 3 4 5 6 8 -1 -1 -1 -1 -1 -1 -1 -1 -1 -1 -1 9 1 -1 2 -1 7 10 -1 11 -1 12 -1 13 -1 -1 -1 15 -1 -1 -1 -1 -1 -1 14 -1 -1 -1 -1 30 -1 -1 -1 -1 -1 -1 -1 -1 -1 -1 29 -1 28 -1 27 -1 26 23 -1 25 -1 17 -1 -1 -1 -1 -1 -1 -1 -1 -1 -1 16 24 -1 22 21 20 19 18 -1 -1 
0 -1 -1 3 4 5 6 8 -1 -1 -1 -1 -1 -1 -1 -1 -1 -1 -1 9 1 -1 2 -1 7 10 -1 11 -1 12 -1 13 -1 -1 -1 15 -1 -1 -1 -1 -1 -1 14 -1 -1 -1 -1 30 -1 -1 -1 -1 -1 -1 -1 -1 -1 -1 29 -1 28 -1 27 -1 26 23 -1 25 -1 17 -1 -1 -1 -1 -1 -1 -1 16 -1 -1 -1 24 -1 22 21 20 19 18 -1 -1 
0 -1 -1 3 4 5 6 8 -1 -1 -1 -1 -1 -1 -1 -1 -1 -1 -1 9 1 -1 2 -1 7 -1 10 11 -1 12 -1 13 -1 -1 -1 15 -1 -1 -1 -1 -1 -1 14 -1 -1 -1 -1 30 -1 -1 -1 -1 -1 -1 -1 -1 -1 -1 29 -1 28 -1 27 -1 26 23 -1 25 -1 17 -1 -1 -1 -1 -1 -1 -1 16 -1 -1 -1 24 -1 22 21 20 19 18 -1 -1 
0 -1 -1 3 4 5 6 8 -1 -1 -1 -1 -1 -1 -1 -1 -1 -1 -1 9 1 -1 2 -1 7 -1 10 11 -1 12 -1 13 -1 -1 -1 15 -1 -1 -1 -1 -1 -1 14 -1 -1 -1 26 30 -1 -1 -1 -1 -1 -1 -1 -1 -1 -1 29 -1 28 -1 27 -1 -1 23 -1 25 -1 17 -1 -1 -1 -1 -1 -1 -1 16 -1 -1 -1 24 -1 22 21 20 19 18 -1 -1 
0 -1 -1 3 4 5 6 8 -1 -1 -1 -1 -1 -1 -1 -1 -1 -1 -1 9 1 -1 2 -1 -1 -1 10 11 -1 12 -1 13 -1 -1 -1 15 -1 -1 -1 -1 -1 -1 14 7 -1 -1 26 30 -1 -1 -1 -1 -1 -1 -1 -1 -1 -1 29 -1 28 -1 27 -1 -1 23 -1 25 -1 17 -1 -1 -1 -1 -1 -1 -1 16 -1 -1 -1 24 -1 22 21 20 19 18 -1 -1 
0 -1 -1 3 4 5 6 8 -1 -1 -1 -1 -1 -1 -1 -1 -1 -1 -1 9 1 -1 2 -1 -1 -1 10 11 -1 12 -1 13 -1 -1 -1 15 -1 -1 -1 -1 -1 -1 14 7 -1 -1 26 30 -1 -1 -1 -1 -1 -1 -1 -1 -1 -1 29 -1 28 -1 27 -1 -1 23 -1 25 -1 17 -1 -1 -1 -1 -1 -1 -1 -1 -1 16 -1 24 -1 22 21 20 19 18 -1 -1 
0 -1 -1 3 4 5 6 8 -1 -1 -1 -1 -1 -1 -1 -1 -1 -1 -1 -1 1 -1 2 -1 -1 -1 10 11 -1 12 -1 13 -1 -1 -1 15 -1 9 -1 -1 -1 -1 14 7 -1 -1 26 30 -1 -1 -1 -1 -1 -1 -1 -1 -1 -1 29 -1 28 -1 27 -1 -1 23 -1 25 -1 17 -1 -1 -1 -1 -1 -1 -1 -1 -1 16 -1 24 -1 22 21 20 19 18 -1 -1 
0 -1 -1 3 4 5 6 8 -1 -1 -1 -1 -1 -1 -1 -1 -1 -1 -1 -1 1 -1 2 -1 -1 -1 10 11 -1 12 -1 13 -1 -1 -1 15 -1 9 -1 -1 -1 -1 14 7 -1 -1 26 30 23 -1 -1 -1 -1 -1 -1 -1 -1 -1 29 -1 28 -1 27 -1 -1 -1 -1 25 -1 17 -1 -1 -1 -1 -1 -1 -1 -1 -1 16 -1 24 -1 22 21 20 19 18 -1 -1 
0 -1 -1 -1 4 5 6 8 -1 -1 -1 -1 -1 3 -1 -1 -1 -1 -1 -1 1 -1 2 -1 -1 -1 10 11 -1 12 -1 13 -1 -1 -1 15 -1 9 -1 -1 -1 -1 14 7 -1 -1 26 30 23 -1 -1 -1 -1 -1 -1 -1 -1 -1 29 -1 28 -1 27 -1 -1 -1 -1 25 -1 17 -1 -1 -1 -1 -1 -1 -1 -1 -1 16 -1 24 -1 22 21 20 19 18 -1 -1 
0 -1 -1 -1 4 5 6 8 -1 -1 -1 -1 -1 3 -1 -1 -1 -1 -1 -1 1 -1 2 -1 -1 -1 10 11 -1 12 -1 13 -1 -1 -1 15 -1 9 -1 -1 -1 -1 14 7 -1 -1 26 30 23 -1 -1 -1 -1 -1 -1 -1 -1 -1 29 -1 28 -1 27 -1 -1 -1 25 -1 -1 17 -1 -1 -1 -1 -1 -1 -1 -1 -1 16 -1 24 -1 22 21 20 19 18 -1 -1 
0 -1 -1 -1 4 5 6 8 -1 -1 -1 -1 -1 3 -1 -1 -1 -1 -1 -1 1 -1 2 -1 -1 10 -1 11 -1 12 -1 13 -1 -1 -1 15 -1 9 -1 -1 -1 -1 14 7 -1 -1 26 30 23 -1 -1 -1 -1 -1 -1 -1 -1 -1 29 -1 28 -1 27 -1 -1 -1 25 -1 -1 17 -1 -1 -1 -1 -1 -1 -1 -1 -1 16 -1 24 -1 22 21 20 19 18 -1 -1 
0 -1 -1 -1 4 5 6 8 -1 -1 -1 -1 -1 3 -1 -1 -1 -1 -1 -1 1 -1 2 -1 -1 10 -1 11 -1 12 -1 13 -1 -1 -1 15 -1 9 -1 -1 -1 -1 14 7 -1 -1 26 30 23 -1 -1 -1 -1 -1 -1 -1 -1 -1 29 -1 28 -1 27 -1 -1 -1 25 -1 -1 17 -1 -1 -1 -1 -1 -1 -1 16 -1 -1 -1 24 -1 22 21 20 19 18 -1 -1 
0 -1 -1 -1 4 5 6 8 -1 -1 -1 -1 -1 3 -1 -1 -1 -1 -1 -1 1 -1 2 -1 -1 10 -1 11 -1 12 -1 13 -1 -1 -1 15 -1 9 -1 -1 -1 -1 14 -1 -1 -1 26 30 23 -1 -1 -1 -1 -1 -1 -1 -1 -1 29 -1 7 -1 27 -1 -1 -1 25 -1 -1 17 -1 -1 -1 -1 -1 -1 -1 16 -1 -1 -1 24 -1 22 21 20 19 18 -1 -1 
0 -1 -1 -1 4 5 6 8 -1 -1 -1 -1 -1 3 -1 -1 -1 -1 -1 -1 1 -1 2 -1 -1 10 -1 11 -1 12 -1 13 -1 -1 -1 15 -1 9 -1 -1 -1 -1 14 -1 -1 -1 26 30 23 -1 -1 -1 -1 -1 -1 -1 -1 -1 29 -1 7 -1 27 -1 -1 -1 25 22 -1 17 -1 -1 -1 -1 -1 -1 -1 16 -1 -1 -1 24 -1 -1 21 20 19 18 -1 -1 
0 -1 -1 -1 4 5 6 8 -1 -1 -1 -1 -1 3 -1 -1 -1 -1 -1 -1 1 -1 2 -1 10 -1 -1 11 -1 12 -1 13 -1 -1 -1 15 -1 9 -1 -1 -1 -1 14 -1 -1 -1 26 30 23 -1 -1 -1 -1 -1 -1 -1 -1 -1 29 -1 7 -1 27 -1 -1 -1 25 22 -1 17 -1 -1 -1 -1 -1 -1 -1 16 -1 -1 -1 24 -1 -1 21 20 19 18 -1 -1 
0 -1 -1 -1 4 5 6 8 -1 -1 -1 -1 -1 3 -1 -1 -1 -1 -1 -1 1 -1 2 -1 10 -1 -1 11 -1 12 -1 13 16 -1 -1 15 -1 9 -1 -1 -1 -1 14 -1 -1 -1 26 30 23 -1 -1 -1 -1 -1 -1 -1 -1 -1 29 -1 7 -1 27 -1 -1 -1 25 22 -1 17 -1 -1 -1 -1 -1 -1 -1 -1 -1 -1 -1 24 -1 -1 21 20 19 18 -1 -1 
0 -1 -1 -1 4 5 6 8 -1 -1 -1 -1 -1 3 -1 -1 -1 -1 -1 -1 1 -1 2 -1 10 -1 -1 11 9 12 -1 13 16 -1 -1 15 -1 -1 -1 -1 -1 -1 14 -1 -1 -1 26 30 23 -1 -1 -1 -1 -1 -1 -1 -1 -1 29 -1 7 -1 27 -1 -1 -1 25 22 -1 17 -1 -1 -1 -1 -1 -1 -1 -1 -1 -1 -1 24 -1 -1 21 20 19 18 -1 -1 
0 -1 -1 -1 4 5 6 8 -1 -1 -1 -1 -1 3 -1 -1 -1 -1 -1 -1 1 -1 2 -1 10 -1 -1 11 9 12 -1 13 -1 -1 -1 15 -1 -1 -1 -1 -1 -1 14 -1 -1 -1 26 30 23 -1 -1 -1 -1 -1 -1 -1 -1 -1 29 16 7 -1 27 -1 -1 -1 25 22 -1 17 -1 -1 -1 -1 -1 -1 -1 -1 -1 -1 -1 24 -1 -1 21 20 19 18 -1 -1 
0 -1 -1 -1 4 5 6 8 -1 -1 9 -1 -1 3 -1 -1 -1 -1 -1 -1 1 -1 2 -1 10 -1 -1 11 -1 12 -1 13 -1 -1 -1 15 -1 -1 -1 -1 -1 -1 14 -1 -1 -1 26 30 23 -1 -1 -1 -1 -1 -1 -1 -1 -1 29 16 7 -1 27 -1 -1 -1 25 22 -1 17 -1 -1 -1 -1 -1 -1 -1 -1 -1 -1 -1 24 -1 -1 21 20 19 18 -1 -1 
0 -1 -1 -1 4 5 6 8 -1 -1 9 -1 -1 3 -1 -1 -1 -1 -1 -1 1 -1 2 -1 10 -1 -1 11 26 12 -1 13 -1 -1 -1 15 -1 -1 -1 -1 -1 -1 14 -1 -1 -1 -1 30 23 -1 -1 -1 -1 -1 -1 -1 -1 -1 29 16 7 -1 27 -1 -1 -1 25 22 -1 17 -1 -1 -1 -1 -1 -1 -1 -1 -1 -1 -1 24 -1 -1 21 20 19 18 -1 -1 
0 -1 -1 -1 4 5 6 -1 -1 -1 9 -1 -1 3 -1 -1 8 -1 -1 -1 1 -1 2 -1 10 -1 -1 11 26 12 -1 13 -1 -1 -1 15 -1 -1 -1 -1 -1 -1 14 -1 -1 -1 -1 30 23 -1 -1 -1 -1 -1 -1 -1 -1 -1 29 16 7 -1 27 -1 -1 -1 25 22 -1 17 -1 -1 -1 -1 -1 -1 -1 -1 -1 -1 -1 24 -1 -1 21 20 19 18 -1 -1 
0 -1 -1 -1 4 5 6 -1 -1 -1 9 -1 -1 3 -1 -1 8 -1 -1 -1 1 -1 2 -1 10 -1 -1 11 26 12 -1 13 16 -1 -1 15 -1 -1 -1 -1 -1 -1 14 -1 -1 -1 -1 30 23 -1 -1 -1 -1 -1 -1 -1 -1 -1 29 -1 7 -1 27 -1 -1 -1 25 22 -1 17 -1 -1 -1 -1 -1 -1 -1 -1 -1 -1 -1 24 -1 -1 21 20 19 18 -1 -1 
0 -1 -1 -1 4 5 6 -1 -1 -1 -1 9 -1 3 -1 -1 8 -1 -1 -1 1 -1 2 -1 10 -1 -1 11 26 12 -1 13 16 -1 -1 15 -1 -1 -1 -1 -1 -1 14 -1 -1 -1 -1 30 23 -1 -1 -1 -1 -1 -1 -1 -1 -1 29 -1 7 -1 27 -1 -1 -1 25 22 -1 17 -1 -1 -1 -1 -1 -1 -1 -1 -1 -1 -1 24 -1 -1 21 20 19 18 -1 -1 
0 -1 -1 -1 4 5 6 -1 -1 -1 -1 9 -1 3 -1 -1 8 -1 -1 -1 1 -1 2 -1 10 -1 -1 11 26 12 -1 23 16 -1 -1 15 -1 -1 -1 -1 -1 -1 14 -1 -1 -1 -1 30 -1 -1 -1 -1 -1 -1 -1 -1 -1 -1 29 -1 7 -1 27 -1 -1 -1 25 22 -1 17 -1 -1 -1 -1 -1 -1 -1 -1 -1 -1 -1 24 -1 -1 21 20 19 18 -1 -1 
-1 0 -1 -1 4 5 6 -1 -1 -1 -1 9 -1 3 -1 -1 8 -1 -1 -1 1 -1 2 -1 10 -1 -1 11 26 12 -1 23 16 -1 -1 15 -1 -1 -1 -1 -1 -1 14 -1 -1 -1 -1 30 -1 -1 -1 -1 -1 -1 -1 -1 -1 -1 29 -1 7 -1 27 -1 -1 -1 25 22 -1 17 -1 -1 -1 -1 -1 -1 -1 -1 -1 -1 -1 24 -1 -1 21 20 19 18 -1 -1 
-1 0 -1 -1 4 5 6 -1 -1 -1 -1 9 -1 3 -1 -1 8 -1 -1 -1 1 -1 2 -1 10 -1 -1 11 26 12 -1 23 16 -1 -1 15 -1 -1 -1 -1 -1 -1 14 -1 -1 -1 -1 30 -1 -1 -1 -1 -1 -1 -1 -1 -1 -1 29 -1 7 -1 27 -1 -1 -1 25 22 -1 17 -1 -1 -1 -1 -1 -1 -1 -1 -1 -1 -1 -1 24 -1 21 20 19 18 -1 -1 
-1 0 -1 -1 4 5 6 -1 -1 -1 -1 9 -1 3 -1 -1 8 -1 -1 -1 -1 -1 2 -1 10 -1 -1 11 26 12 -1 1 16 -1 -1 15 -1 -1 -1 -1 -1 -1 14 -1 -1 -1 -1 30 -1 -1 -1 -1 -1 -1 -1 -1 -1 -1 29 -1 7 -1 27 -1 -1 -1 25 22 -1 17 -1 -1 -1 -1 -1 -1 -1 -1 -1 -1 -1 -1 24 -1 21 20 19 18 -1 -1 
-1 0 -1 -1 4 5 6 -1 -1 -1 -1 9 -1 3 -1 -1 8 -1 -1 -1 -1 -1 2 -1 10 -1 -1 11 26 12 -1 16 -1 -1 -1 15 -1 -1 -1 -1 -1 -1 14 -1 -1 -1 -1 30 -1 -1 -1 -1 -1 -1 -1 -1 -1 -1 29 -1 7 -1 27 -1 -1 -1 25 22 -1 17 -1 -1 -1 -1 -1 -1 -1 -1 -1 -1 -1 -1 24 -1 21 20 19 18 -1 -1 
-1 0 -1 -1 4 5 6 -1 -1 -1 -1 9 -1 3 -1 -1 -1 -1 -1 -1 -1 -1 2 -1 10 -1 -1 11 26 12 -1 16 -1 -1 -1 15 -1 -1 -1 -1 -1 -1 14 -1 -1 -1 -1 30 -1 -1 -1 -1 -1 -1 -1 -1 -1 -1 29 -1 7 -1 27 -1 -1 -1 25 22 -1 17 -1 -1 -1 -1 -1 -1 -1 -1 -1 8 -1 -1 24 -1 21 20 19 18 -1 -1 
-1 0 -1 -1 4 5 6 -1 -1 -1 -1 9 -1 3 -1 -1 -1 -1 -1 -1 -1 -1 2 -1 10 -1 -1 11 26 16 -1 -1 -1 -1 -1 15 -1 -1 -1 -1 -1 -1 14 -1 -1 -1 -1 30 -1 -1 -1 -1 -1 -1 -1 -1 -1 -1 29 -1 7 -1 27 -1 -1 -1 25 22 -1 17 -1 -1 -1 -1 -1 -1 -1 -1 -1 8 -1 -1 24 -1 21 20 19 18 -1 -1 
-1 0 -1 -1 4 5 6 -1 -1 -1 -1 9 -1 3 -1 10 -1 -1 -1 -1 -1 -1 2 -1 -1 -1 -1 11 26 16 -1 -1 -1 -1 -1 15 -1 -1 -1 -1 -1 -1 14 -1 -1 -1 -1 30 -1 -1 -1 -1 -1 -1 -1 -1 -1 -1 29 -1 7 -1 27 -1 -1 -1 25 22 -1 17 -1 -1 -1 -1 -1 -1 -1 -1 -1 8 -1 -1 24 -1 21 20 19 18 -1 -1 
-1 0 -1 -1 4 5 6 -1 -1 -1 -1 9 -1 3 -1 10 -1 -1 -1 -1 -1 -1 2 -1 -1 -1 -1 11 26 -1 -1 -1 16 -1 -1 15 -1 -1 -1 -1 -1 -1 14 -1 -1 -1 -1 30 -1 -1 -1 -1 -1 -1 -1 -1 -1 -1 29 -1 7 -1 27 -1 -1 -1 25 22 -1 17 -1 -1 -1 -1 -1 -1 -1 -1 -1 8 -1 -1 24 -1 21 20 19 18 -1 -1 
-1 0 -1 -1 4 5 6 -1 -1 -1 -1 9 -1 3 -1 10 -1 -1 -1 -1 -1 -1 2 -1 -1 -1 -1 11 26 -1 -1 -1 16 -1 -1 15 -1 -1 -1 -1 -1 -1 14 -1 -1 -1 -1 30 -1 -1 -1 -1 -1 -1 -1 -1 -1 -1 29 -1 -1 -1 27 -1 -1 -1 25 22 -1 17 -1 7 -1 -1 -1 -1 -1 -1 -1 8 -1 -1 24 -1 21 20 19 18 -1 -1 
-1 0 -1 -1 4 5 6 -1 -1 -1 -1 9 -1 3 -1 10 -1 -1 -1 -1 -1 -1 2 -1 -1 -1 -1 11 26 -1 -1 -1 16 -1 -1 15 -1 -1 -1 -1 -1 -1 14 -1 -1 -1 -1 30 -1 -1 -1 -1 -1 -1 -1 -1 -1 -1 29 -1 -1 -1 27 -1 -1 -1 25 22 -1 17 -1 7 -1 -1 -1 -1 19 -1 -1 8 -1 -1 24 -1 21 20 -1 18 -1 -1 
-1 0 -1 -1 4 5 6 -1 -1 -1 -1 9 -1 3 -1 10 -1 -1 -1 -1 -1 -1 2 -1 -1 -1 -1 11 26 -1 -1 -1 16 -1 -1 15 -1 -1 -1 -1 -1 -1 14 -1 -1 -1 -1 30 -1 -1 -1 -1 -1 -1 -1 -1 -1 -1 29 -1 -1 -1 27 -1 -1 -1 25 22 -1 17 -1 -1 -1 -1 -1 -1 19 -1 7 8 -1 -1 24 -1 21 20 -1 18 -1 -1 
-1 0 -1 -1 4 5 6 -1 -1 -1 -1 9 -1 3 -1 10 -1 -1 -1 -1 -1 -1 2 -1 -1 -1 -1 11 26 -1 -1 -1 -1 -1 -1 15 -1 -1 -1 -1 -1 -1 14 -1 -1 -1 -1 30 -1 -1 -1 -1 -1 -1 -1 -1 -1 -1 29 -1 -1 -1 27 -1 -1 -1 25 22 -1 17 -1 -1 -1 -1 -1 -1 19 16 7 8 -1 -1 24 -1 21 20 -1 18 -1 -1 
-1 0 -1 -1 4 5 6 -1 -1 -1 -1 9 -1 3 -1 10 -1 -1 -1 -1 -1 -1 2 -1 -1 -1 -1 11 26 -1 -1 -1 -1 -1 -1 15 -1 -1 -1 -1 -1 -1 -1 -1 -1 -1 -1 30 -1 -1 -1 14 -1 -1 -1 -1 -1 -1 29 -1 -1 -1 27 -1 -1 -1 25 22 -1 17 -1 -1 -1 -1 -1 -1 19 16 7 8 -1 -1 24 -1 21 20 -1 18 -1 -1 
-1 0 -1 -1 4 5 6 -1 -1 -1 -1 9 -1 3 -1 10 -1 -1 -1 -1 -1 -1 2 -1 -1 -1 -1 11 26 -1 -1 -1 -1 -1 -1 15 -1 -1 -1 -1 -1 -1 -1 -1 -1 -1 -1 30 -1 -1 -1 14 -1 -1 -1 -1 -1 -1 29 -1 -1 -1 27 -1 -1 -1 -1 22 -1 17 -1 -1 -1 -1 -1 25 19 16 7 8 -1 -1 24 -1 21 20 -1 18 -1 -1 
-1 0 -1 -1 4 5 6 -1 -1 -1 -1 9 -1 3 -1 10 -1 -1 -1 -1 -1 -1 2 -1 -1 -1 -1 11 26 -1 -1 -1 -1 -1 -1 15 -1 -1 -1 -1 -1 -1 -1 -1 -1 -1 -1 30 -1 -1 -1 -1 -1 -1 -1 -1 -1 -1 29 -1 14 -1 27 -1 -1 -1 -1 22 -1 17 -1 -1 -1 -1 -1 25 19 16 7 8 -1 -1 24 -1 21 20 -1 18 -1 -1 
-1 0 -1 -1 4 5 6 -1 -1 -1 -1 9 -1 3 -1 10 -1 -1 -1 -1 -1 -1 2 -1 -1 -1 -1 11 26 -1 -1 -1 -1 -1 -1 15 -1 -1 -1 -1 -1 -1 -1 -1 -1 -1 -1 30 -1 -1 -1 -1 -1 -1 -1 -1 -1 -1 29 -1 14 -1 27 -1 -1 -1 -1 22 -1 17 -1 -1 -1 -1 -1 25 19 -1 16 8 -1 -1 24 -1 21 20 -1 18 -1 -1 
-1 0 -1 -1 4 5 6 -1 -1 -1 -1 9 -1 3 -1 10 -1 -1 -1 -1 -1 -1 2 -1 -1 -1 -1 11 26 -1 -1 -1 -1 -1 8 15 -1 -1 -1 -1 -1 -1 -1 -1 -1 -1 -1 30 -1 -1 -1 -1 -1 -1 -1 -1 -1 -1 29 -1 14 -1 27 -1 -1 -1 -1 22 -1 17 -1 -1 -1 -1 -1 25 19 -1 16 -1 -1 -1 24 -1 21 20 -1 18 -1 -1 
-1 0 -1 -1 4 5 6 -1 -1 -1 -1 9 -1 3 -1 10 -1 -1 -1 26 -1 -1 2 -1 -1 -1 -1 11 -1 -1 -1 -1 -1 -1 8 15 -1 -1 -1 -1 -1 -1 -1 -1 -1 -1 -1 30 -1 -1 -1 -1 -1 -1 -1 -1 -1 -1 29 -1 14 -1 27 -1 -1 -1 -1 22 -1 17 -1 -1 -1 -1 -1 25 19 -1 16 -1 -1 -1 24 -1 21 20 -1 18 -1 -1 
-1 0 -1 -1 4 5 6 -1 -1 9 -1 -1 -1 3 -1 10 -1 -1 -1 26 -1 -1 2 -1 -1 -1 -1 11 -1 -1 -1 -1 -1 -1 8 15 -1 -1 -1 -1 -1 -1 -1 -1 -1 -1 -1 30 -1 -1 -1 -1 -1 -1 -1 -1 -1 -1 29 -1 14 -1 27 -1 -1 -1 -1 22 -1 17 -1 -1 -1 -1 -1 25 19 -1 16 -1 -1 -1 24 -1 21 20 -1 18 -1 -1 
-1 0 -1 -1 4 5 6 -1 -1 9 -1 -1 -1 3 -1 10 -1 -1 -1 26 -1 -1 2 -1 -1 -1 -1 11 -1 -1 -1 -1 -1 -1 8 15 -1 -1 -1 -1 -1 -1 -1 -1 -1 -1 -1 30 -1 -1 -1 -1 -1 -1 -1 24 -1 -1 29 -1 14 -1 27 -1 -1 -1 -1 22 -1 17 -1 -1 -1 -1 -1 25 19 -1 16 -1 -1 -1 -1 -1 21 20 -1 18 -1 -1 
-1 0 -1 -1 4 5 6 -1 -1 9 -1 -1 -1 3 -1 -1 -1 -1 -1 26 -1 -1 2 -1 10 -1 -1 11 -1 -1 -1 -1 -1 -1 8 15 -1 -1 -1 -1 -1 -1 -1 -1 -1 -1 -1 30 -1 -1 -1 -1 -1 -1 -1 24 -1 -1 29 -1 14 -1 27 -1 -1 -1 -1 22 -1 17 -1 -1 -1 -1 -1 25 19 -1 16 -1 -1 -1 -1 -1 21 20 -1 18 -1 -1 
-1 0 -1 -1 4 5 6 -1 -1 9 26 -1 -1 3 -1 -1 -1 -1 -1 -1 -1 -1 2 -1 10 -1 -1 11 -1 -1 -1 -1 -1 -1 8 15 -1 -1 -1 -1 -1 -1 -1 -1 -1 -1 -1 30 -1 -1 -1 -1 -1 -1 -1 24 -1 -1 29 -1 14 -1 27 -1 -1 -1 -1 22 -1 17 -1 -1 -1 -1 -1 25 19 -1 16 -1 -1 -1 -1 -1 21 20 -1 18 -1 -1 
-1 0 -1 -1 4 5 6 -1 -1 9 26 -1 -1 3 -1 10 -1 -1 -1 -1 -1 -1 2 -1 -1 -1 -1 11 -1 -1 -1 -1 -1 -1 8 15 -1 -1 -1 -1 -1 -1 -1 -1 -1 -1 -1 30 -1 -1 -1 -1 -1 -1 -1 24 -1 -1 29 -1 14 -1 27 -1 -1 -1 -1 22 -1 17 -1 -1 -1 -1 -1 25 19 -1 16 -1 -1 -1 -1 -1 21 20 -1 18 -1 -1 
-1 0 -1 -1 4 5 6 -1 -1 9 -1 -1 -1 3 -1 10 -1 -1 -1 26 -1 -1 2 -1 -1 -1 -1 11 -1 -1 -1 -1 -1 -1 8 15 -1 -1 -1 -1 -1 -1 -1 -1 -1 -1 -1 30 -1 -1 -1 -1 -1 -1 -1 24 -1 -1 29 -1 14 -1 27 -1 -1 -1 -1 22 -1 17 -1 -1 -1 -1 -1 25 19 -1 16 -1 -1 -1 -1 -1 21 20 -1 18 -1 -1 
-1 0 -1 -1 4 5 6 -1 -1 9 -1 -1 -1 3 -1 -1 -1 -1 -1 26 -1 -1 2 -1 10 -1 -1 11 -1 -1 -1 -1 -1 -1 8 15 -1 -1 -1 -1 -1 -1 -1 -1 -1 -1 -1 30 -1 -1 -1 -1 -1 -1 -1 24 -1 -1 29 -1 14 -1 27 -1 -1 -1 -1 22 -1 17 -1 -1 -1 -1 -1 25 19 -1 16 -1 -1 -1 -1 -1 21 20 -1 18 -1 -1 
-1 0 -1 -1 4 5 6 -1 -1 9 26 -1 -1 3 -1 -1 -1 -1 -1 -1 -1 -1 2 -1 10 -1 -1 11 -1 -1 -1 -1 -1 -1 8 15 -1 -1 -1 -1 -1 -1 -1 -1 -1 -1 -1 30 -1 -1 -1 -1 -1 -1 -1 24 -1 -1 29 -1 14 -1 27 -1 -1 -1 -1 22 -1 17 -1 -1 -1 -1 -1 25 19 -1 16 -1 -1 -1 -1 -1 21 20 -1 18 -1 -1 
-1 0 -1 -1 4 5 6 -1 -1 9 26 -1 -1 3 -1 10 -1 -1 -1 -1 -1 -1 2 -1 -1 -1 -1 11 -1 -1 -1 -1 -1 -1 8 15 -1 -1 -1 -1 -1 -1 -1 -1 -1 -1 -1 30 -1 -1 -1 -1 -1 -1 -1 24 -1 -1 29 -1 14 -1 27 -1 -1 -1 -1 22 -1 17 -1 -1 -1 -1 -1 25 19 -1 16 -1 -1 -1 -1 -1 21 20 -1 18 -1 -1 
-1 0 -1 -1 4 5 6 -1 -1 9 -1 -1 -1 3 -1 10 -1 -1 -1 26 -1 -1 2 -1 -1 -1 -1 11 -1 -1 -1 -1 -1 -1 8 15 -1 -1 -1 -1 -1 -1 -1 -1 -1 -1 -1 30 -1 -1 -1 -1 -1 -1 -1 24 -1 -1 29 -1 14 -1 27 -1 -1 -1 -1 22 -1 17 -1 -1 -1 -1 -1 25 19 -1 16 -1 -1 -1 -1 -1 21 20 -1 18 -1 -1 
-1 0 -1 -1 4 5 6 -1 -1 9 -1 -1 -1 3 -1 -1 -1 -1 -1 26 -1 -1 2 -1 10 -1 -1 11 -1 -1 -1 -1 -1 -1 8 15 -1 -1 -1 -1 -1 -1 -1 -1 -1 -1 -1 30 -1 -1 -1 -1 -1 -1 -1 24 -1 -1 29 -1 14 -1 27 -1 -1 -1 -1 22 -1 17 -1 -1 -1 -1 -1 25 19 -1 16 -1 -1 -1 -1 -1 21 20 -1 18 -1 -1 
-1 0 -1 -1 4 5 6 -1 -1 9 26 -1 -1 3 -1 -1 -1 -1 -1 -1 -1 -1 2 -1 10 -1 -1 11 -1 -1 -1 -1 -1 -1 8 15 -1 -1 -1 -1 -1 -1 -1 -1 -1 -1 -1 30 -1 -1 -1 -1 -1 -1 -1 24 -1 -1 29 -1 14 -1 27 -1 -1 -1 -1 22 -1 17 -1 -1 -1 -1 -1 25 19 -1 16 -1 -1 -1 -1 -1 21 20 -1 18 -1 -1 
-1 0 -1 -1 4 5 6 -1 -1 9 26 -1 -1 3 -1 -1 -1 -1 -1 -1 -1 -1 2 -1 10 -1 -1 11 -1 -1 -1 8 -1 -1 -1 15 -1 -1 -1 -1 -1 -1 -1 -1 -1 -1 -1 30 -1 -1 -1 -1 -1 -1 -1 24 -1 -1 29 -1 14 -1 27 -1 -1 -1 -1 22 -1 17 -1 -1 -1 -1 -1 25 19 -1 16 -1 -1 -1 -1 -1 21 20 -1 18 -1 -1 
-1 0 -1 -1 4 5 6 -1 -1 9 26 -1 -1 3 -1 -1 -1 -1 -1 -1 -1 -1 2 -1 10 -1 -1 11 -1 -1 -1 8 -1 -1 -1 15 -1 -1 -1 -1 -1 -1 -1 -1 -1 -1 -1 30 -1 29 -1 -1 -1 -1 -1 24 -1 -1 -1 -1 14 -1 27 -1 -1 -1 -1 22 -1 17 -1 -1 -1 -1 -1 25 19 -1 16 -1 -1 -1 -1 -1 21 20 -1 18 -1 -1 
-1 0 -1 -1 4 5 6 -1 -1 9 26 -1 -1 3 -1 -1 -1 -1 -1 -1 -1 -1 2 -1 -1 -1 -1 11 -1 -1 -1 8 -1 -1 -1 15 -1 -1 -1 -1 -1 -1 -1 -1 -1 -1 -1 30 -1 29 -1 -1 -1 -1 -1 24 -1 -1 -1 -1 14 -1 27 -1 -1 -1 -1 22 -1 10 -1 -1 -1 -1 -1 25 19 -1 16 -1 -1 -1 -1 -1 21 20 -1 18 -1 -1 
-1 0 -1 -1 4 5 6 -1 -1 9 26 -1 -1 3 -1 -1 -1 -1 -1 -1 -1 -1 2 -1 -1 -1 -1 11 -1 -1 -1 8 -1 -1 -1 15 -1 -1 -1 -1 -1 -1 -1 -1 -1 -1 -1 30 -1 29 -1 -1 -1 -1 -1 -1 -1 -1 -1 -1 24 -1 27 -1 -1 -1 -1 22 -1 10 -1 -1 -1 -1 -1 25 19 -1 16 -1 -1 -1 -1 -1 21 20 -1 18 -1 -1 
-1 -1 -1 -1 4 5 6 -1 -1 9 0 -1 -1 3 -1 -1 -1 -1 -1 -1 -1 -1 2 -1 -1 -1 -1 11 -1 -1 -1 8 -1 -1 -1 15 -1 -1 -1 -1 -1 -1 -1 -1 -1 -1 -1 30 -1 29 -1 -1 -1 -1 -1 -1 -1 -1 -1 -1 24 -1 27 -1 -1 -1 -1 22 -1 10 -1 -1 -1 -1 -1 25 19 -1 16 -1 -1 -1 -1 -1 21 20 -1 18 -1 -1 
-1 -1 -1 -1 4 5 6 -1 -1 9 0 -1 -1 3 -1 -1 -1 -1 -1 -1 -1 -1 2 -1 -1 -1 -1 11 -1 -1 -1 8 -1 -1 -1 15 -1 -1 -1 -1 -1 -1 -1 -1 -1 -1 -1 30 -1 29 -1 -1 -1 -1 -1 -1 -1 -1 -1 -1 24 -1 27 -1 -1 -1 -1 22 -1 16 -1 -1 -1 -1 -1 25 19 -1 -1 -1 -1 -1 -1 -1 21 20 -1 18 -1 -1 
-1 -1 -1 -1 4 5 6 -1 -1 9 0 -1 -1 3 -1 -1 -1 -1 -1 -1 -1 -1 2 -1 -1 -1 -1 11 -1 -1 -1 -1 -1 -1 -1 15 -1 -1 -1 -1 -1 -1 -1 -1 -1 -1 -1 30 -1 8 -1 -1 -1 -1 -1 -1 -1 -1 -1 -1 24 -1 27 -1 -1 -1 -1 22 -1 16 -1 -1 -1 -1 -1 25 19 -1 -1 -1 -1 -1 -1 -1 21 20 -1 18 -1 -1 
-1 -1 -1 -1 4 5 6 -1 -1 9 0 -1 -1 3 -1 -1 -1 -1 -1 -1 -1 -1 2 -1 -1 -1 -1 11 -1 -1 -1 -1 -1 -1 -1 15 -1 -1 -1 -1 -1 -1 -1 -1 -1 -1 -1 30 -1 8 -1 -1 -1 -1 -1 -1 24 -1 -1 -1 -1 -1 27 -1 -1 -1 -1 22 -1 16 -1 -1 -1 -1 -1 25 19 -1 -1 -1 -1 -1 -1 -1 21 20 -1 18 -1 -1 
-1 -1 -1 -1 4 5 6 -1 -1 9 0 -1 -1 3 -1 -1 -1 -1 -1 -1 -1 -1 2 -1 -1 -1 -1 11 -1 -1 -1 -1 -1 -1 -1 15 -1 -1 -1 -1 -1 -1 -1 -1 -1 -1 -1 30 8 -1 -1 -1 -1 -1 -1 -1 24 -1 -1 -1 -1 -1 27 -1 -1 -1 -1 22 -1 16 -1 -1 -1 -1 -1 25 19 -1 -1 -1 -1 -1 -1 -1 21 20 -1 18 -1 -1 
-1 -1 -1 -1 4 5 6 -1 -1 9 0 -1 -1 3 -1 -1 -1 -1 -1 -1 -1 -1 2 -1 -1 -1 -1 11 -1 -1 -1 -1 -1 -1 -1 15 -1 -1 -1 -1 -1 -1 -1 -1 -1 -1 -1 30 8 -1 -1 -1 -1 -1 -1 -1 24 -1 -1 -1 -1 -1 27 -1 -1 -1 25 22 -1 16 -1 -1 -1 -1 -1 -1 19 -1 -1 -1 -1 -1 -1 -1 21 20 -1 18 -1 -1 
-1 -1 -1 -1 4 5 6 -1 -1 9 -1 -1 -1 3 -1 -1 -1 -1 -1 -1 -1 -1 2 -1 -1 -1 -1 11 0 -1 -1 -1 -1 -1 -1 15 -1 -1 -1 -1 -1 -1 -1 -1 -1 -1 -1 30 8 -1 -1 -1 -1 -1 -1 -1 24 -1 -1 -1 -1 -1 27 -1 -1 -1 25 22 -1 16 -1 -1 -1 -1 -1 -1 19 -1 -1 -1 -1 -1 -1 -1 21 20 -1 18 -1 -1 
-1 -1 -1 -1 4 5 6 -1 -1 9 -1 -1 -1 3 -1 -1 -1 -1 -1 -1 -1 -1 2 -1 -1 -1 -1 11 0 -1 -1 -1 -1 -1 -1 15 -1 -1 30 -1 -1 -1 -1 -1 -1 -1 -1 -1 8 -1 -1 -1 -1 -1 -1 -1 24 -1 -1 -1 -1 -1 27 -1 -1 -1 25 22 -1 16 -1 -1 -1 -1 -1 -1 19 -1 -1 -1 -1 -1 -1 -1 21 20 -1 18 -1 -1 
-1 -1 -1 -1 4 5 6 -1 -1 -1 -1 -1 9 3 -1 -1 -1 -1 -1 -1 -1 -1 2 -1 -1 -1 -1 11 0 -1 -1 -1 -1 -1 -1 15 -1 -1 30 -1 -1 -1 -1 -1 -1 -1 -1 -1 8 -1 -1 -1 -1 -1 -1 -1 24 -1 -1 -1 -1 -1 27 -1 -1 -1 25 22 -1 16 -1 -1 -1 -1 -1 -1 19 -1 -1 -1 -1 -1 -1 -1 21 20 -1 18 -1 -1 
-1 -1 -1 -1 4 5 6 -1 -1 -1 -1 -1 9 3 -1 -1 -1 -1 -1 -1 -1 -1 2 -1 -1 -1 -1 11 0 -1 -1 -1 -1 -1 -1 15 -1 -1 30 -1 -1 -1 -1 -1 -1 -1 -1 -1 8 -1 -1 -1 -1 -1 -1 -1 24 -1 -1 -1 -1 -1 27 25 -1 -1 -1 22 -1 16 -1 -1 -1 -1 -1 -1 19 -1 -1 -1 -1 -1 -1 -1 21 20 -1 18 -1 -1 
-1 -1 -1 -1 4 5 6 -1 -1 -1 -1 -1 9 3 -1 -1 -1 -1 -1 -1 -1 -1 2 -1 -1 -1 -1 11 0 -1 8 -1 -1 -1 -1 15 -1 -1 30 -1 -1 -1 -1 -1 -1 -1 -1 -1 -1 -1 -1 -1 -1 -1 -1 -1 24 -1 -1 -1 -1 -1 27 25 -1 -1 -1 22 -1 16 -1 -1 -1 -1 -1 -1 19 -1 -1 -1 -1 -1 -1 -1 21 20 -1 18 -1 -1 
-1 -1 -1 -1 4 5 6 -1 -1 -1 -1 -1 9 3 -1 -1 -1 -1 -1 -1 -1 -1 2 -1 -1 -1 -1 11 0 -1 8 -1 -1 -1 -1 15 -1 -1 30 -1 -1 -1 -1 -1 -1 -1 -1 -1 -1 -1 -1 -1 -1 -1 -1 -1 24 -1 -1 -1 16 -1 27 25 -1 -1 -1 22 -1 -1 -1 -1 -1 -1 -1 -1 19 -1 -1 -1 -1 -1 -1 -1 21 20 -1 18 -1 -1 
-1 -1 -1 9 4 5 6 -1 -1 -1 -1 -1 -1 3 -1 -1 -1 -1 -1 -1 -1 -1 2 -1 -1 -1 -1 11 0 -1 8 -1 -1 -1 -1 15 -1 -1 30 -1 -1 -1 -1 -1 -1 -1 -1 -1 -1 -1 -1 -1 -1 -1 -1 -1 24 -1 -1 -1 16 -1 27 25 -1 -1 -1 22 -1 -1 -1 -1 -1 -1 -1 -1 19 -1 -1 -1 -1 -1 -1 -1 21 20 -1 18 -1 -1 
-1 -1 -1 9 4 5 6 -1 -1 -1 -1 -1 -1 3 -1 -1 -1 -1 -1 -1 -1 -1 2 -1 -1 -1 -1 11 0 -1 8 -1 -1 -1 -1 15 -1 -1 30 -1 -1 -1 -1 -1 -1 -1 -1 -1 -1 -1 -1 -1 -1 -1 -1 -1 24 -1 -1 -1 16 -1 27 -1 -1 25 -1 22 -1 -1 -1 -1 -1 -1 -1 -1 19 -1 -1 -1 -1 -1 -1 -1 21 20 -1 18 -1 -1 
-1 -1 -1 9 4 5 6 -1 -1 -1 -1 -1 -1 3 -1 -1 -1 -1 -1 -1 -1 -1 2 -1 -1 -1 -1 11 0 -1 -1 -1 -1 8 -1 15 -1 -1 30 -1 -1 -1 -1 -1 -1 -1 -1 -1 -1 -1 -1 -1 -1 -1 -1 -1 24 -1 -1 -1 16 -1 27 -1 -1 25 -1 22 -1 -1 -1 -1 -1 -1 -1 -1 19 -1 -1 -1 -1 -1 -1 -1 21 20 -1 18 -1 -1 
-1 -1 -1 9 4 5 6 -1 -1 -1 -1 -1 -1 3 -1 -1 -1 -1 -1 -1 -1 -1 2 -1 -1 -1 -1 11 0 -1 -1 -1 -1 8 -1 15 -1 -1 30 -1 -1 -1 -1 -1 -1 -1 -1 -1 -1 -1 -1 -1 -1 -1 -1 -1 24 16 -1 -1 -1 -1 27 -1 -1 25 -1 22 -1 -1 -1 -1 -1 -1 -1 -1 19 -1 -1 -1 -1 -1 -1 -1 21 20 -1 18 -1 -1 
-1 -1 9 -1 4 5 6 -1 -1 -1 -1 -1 -1 3 -1 -1 -1 -1 -1 -1 -1 -1 2 -1 -1 -1 -1 11 0 -1 -1 -1 -1 8 -1 15 -1 -1 30 -1 -1 -1 -1 -1 -1 -1 -1 -1 -1 -1 -1 -1 -1 -1 -1 -1 24 16 -1 -1 -1 -1 27 -1 -1 25 -1 22 -1 -1 -1 -1 -1 -1 -1 -1 19 -1 -1 -1 -1 -1 -1 -1 21 20 -1 18 -1 -1 
-1 -1 9 -1 4 5 6 -1 -1 -1 -1 -1 -1 3 -1 -1 -1 -1 -1 -1 -1 -1 2 -1 -1 -1 -1 11 0 -1 -1 -1 -1 8 -1 15 -1 30 -1 -1 -1 -1 -1 -1 -1 -1 -1 -1 -1 -1 -1 -1 -1 -1 -1 -1 24 16 -1 -1 -1 -1 27 -1 -1 25 -1 22 -1 -1 -1 -1 -1 -1 -1 -1 19 -1 -1 -1 -1 -1 -1 -1 21 20 -1 18 -1 -1 
-1 0 9 -1 4 5 6 -1 -1 -1 -1 -1 -1 3 -1 -1 -1 -1 -1 -1 -1 -1 2 -1 -1 -1 -1 11 -1 -1 -1 -1 -1 8 -1 15 -1 30 -1 -1 -1 -1 -1 -1 -1 -1 -1 -1 -1 -1 -1 -1 -1 -1 -1 -1 24 16 -1 -1 -1 -1 27 -1 -1 25 -1 22 -1 -1 -1 -1 -1 -1 -1 -1 19 -1 -1 -1 -1 -1 -1 -1 21 20 -1 18 -1 -1 
-1 0 9 -1 4 5 6 -1 -1 -1 -1 -1 -1 3 -1 -1 -1 -1 -1 -1 -1 -1 2 -1 -1 -1 -1 11 -1 -1 -1 -1 -1 8 -1 15 -1 30 -1 -1 -1 -1 -1 -1 -1 -1 -1 -1 -1 -1 -1 -1 -1 -1 -1 24 -1 16 -1 -1 -1 -1 27 -1 -1 25 -1 22 -1 -1 -1 -1 -1 -1 -1 -1 19 -1 -1 -1 -1 -1 -1 -1 21 20 -1 18 -1 -1 
-1 -1 9 -1 4 5 6 -1 -1 -1 0 -1 -1 3 -1 -1 -1 -1 -1 -1 -1 -1 2 -1 -1 -1 -1 11 -1 -1 -1 -1 -1 8 -1 15 -1 30 -1 -1 -1 -1 -1 -1 -1 -1 -1 -1 -1 -1 -1 -1 -1 -1 -1 24 -1 16 -1 -1 -1 -1 27 -1 -1 25 -1 22 -1 -1 -1 -1 -1 -1 -1 -1 19 -1 -1 -1 -1 -1 -1 -1 21 20 -1 18 -1 -1 
-1 -1 9 -1 4 5 6 -1 -1 -1 0 -1 -1 3 -1 -1 -1 -1 -1 -1 -1 -1 2 -1 -1 -1 -1 11 -1 -1 -1 -1 -1 8 -1 15 -1 30 -1 -1 -1 -1 -1 -1 -1 -1 -1 25 -1 -1 -1 -1 -1 -1 -1 24 -1 16 -1 -1 -1 -1 27 -1 -1 -1 -1 22 -1 -1 -1 -1 -1 -1 -1 -1 19 -1 -1 -1 -1 -1 -1 -1 21 20 -1 18 -1 -1 
-1 -1 9 -1 4 5 6 -1 -1 -1 0 -1 -1 3 -1 -1 -1 -1 -1 -1 -1 -1 2 -1 -1 -1 -1 11 -1 8 -1 -1 -1 -1 -1 15 -1 30 -1 -1 -1 -1 -1 -1 -1 -1 -1 25 -1 -1 -1 -1 -1 -1 -1 24 -1 16 -1 -1 -1 -1 27 -1 -1 -1 -1 22 -1 -1 -1 -1 -1 -1 -1 -1 19 -1 -1 -1 -1 -1 -1 -1 21 20 -1 18 -1 -1 
-1 -1 9 -1 4 5 6 -1 -1 -1 0 -1 -1 3 -1 -1 -1 -1 -1 -1 -1 -1 2 -1 -1 -1 -1 11 -1 8 -1 -1 -1 -1 -1 15 -1 30 -1 -1 -1 -1 -1 -1 -1 -1 -1 -1 -1 -1 -1 -1 25 -1 -1 24 -1 16 -1 -1 -1 -1 27 -1 -1 -1 -1 22 -1 -1 -1 -1 -1 -1 -1 -1 19 -1 -1 -1 -1 -1 -1 -1 21 20 -1 18 -1 -1 
-1 -1 9 -1 4 5 6 -1 -1 -1 0 -1 -1 3 -1 -1 -1 -1 -1 -1 -1 -1 2 -1 -1 -1 -1 11 -1 -1 -1 -1 -1 -1 8 15 -1 30 -1 -1 -1 -1 -1 -1 -1 -1 -1 -1 -1 -1 -1 -1 25 -1 -1 24 -1 16 -1 -1 -1 -1 27 -1 -1 -1 -1 22 -1 -1 -1 -1 -1 -1 -1 -1 19 -1 -1 -1 -1 -1 -1 -1 21 20 -1 18 -1 -1 
-1 -1 9 -1 4 5 6 -1 -1 -1 0 -1 -1 3 -1 -1 -1 -1 -1 -1 -1 -1 2 -1 -1 -1 -1 11 -1 -1 -1 -1 -1 -1 8 15 -1 30 -1 -1 -1 -1 -1 -1 -1 -1 -1 -1 -1 -1 25 -1 -1 -1 -1 24 -1 16 -1 -1 -1 -1 27 -1 -1 -1 -1 22 -1 -1 -1 -1 -1 -1 -1 -1 19 -1 -1 -1 -1 -1 -1 -1 21 20 -1 18 -1 -1 
-1 -1 9 -1 4 5 6 -1 -1 -1 0 -1 -1 3 -1 -1 -1 -1 -1 -1 -1 -1 2 -1 -1 -1 -1 11 -1 -1 -1 -1 8 -1 -1 15 -1 30 -1 -1 -1 -1 -1 -1 -1 -1 -1 -1 -1 -1 25 -1 -1 -1 -1 24 -1 16 -1 -1 -1 -1 27 -1 -1 -1 -1 22 -1 -1 -1 -1 -1 -1 -1 -1 19 -1 -1 -1 -1 -1 -1 -1 21 20 -1 18 -1 -1 
-1 -1 9 -1 4 5 6 -1 -1 -1 0 -1 -1 3 -1 -1 -1 -1 -1 -1 -1 -1 2 -1 -1 -1 -1 11 -1 -1 -1 -1 8 -1 -1 15 -1 30 -1 -1 -1 -1 -1 -1 -1 -1 -1 -1 -1 -1 -1 -1 25 -1 -1 24 -1 16 -1 -1 -1 -1 27 -1 -1 -1 -1 22 -1 -1 -1 -1 -1 -1 -1 -1 19 -1 -1 -1 -1 -1 -1 -1 21 20 -1 18 -1 -1 
-1 -1 9 -1 4 5 6 -1 -1 -1 0 -1 -1 3 -1 -1 -1 -1 -1 -1 -1 -1 2 -1 -1 -1 -1 11 -1 -1 -1 -1 -1 -1 8 15 -1 30 -1 -1 -1 -1 -1 -1 -1 -1 -1 -1 -1 -1 -1 -1 25 -1 -1 24 -1 16 -1 -1 -1 -1 27 -1 -1 -1 -1 22 -1 -1 -1 -1 -1 -1 -1 -1 19 -1 -1 -1 -1 -1 -1 -1 21 20 -1 18 -1 -1 
-1 -1 9 -1 4 5 6 -1 -1 -1 0 -1 -1 3 -1 -1 -1 -1 -1 -1 -1 -1 2 -1 -1 -1 -1 11 -1 -1 -1 -1 -1 -1 8 15 -1 30 -1 -1 -1 -1 -1 -1 -1 -1 -1 -1 -1 -1 25 -1 -1 -1 -1 24 -1 16 -1 -1 -1 -1 27 -1 -1 -1 -1 22 -1 -1 -1 -1 -1 -1 -1 -1 19 -1 -1 -1 -1 -1 -1 -1 21 20 -1 18 -1 -1 
-1 -1 9 -1 4 5 6 -1 -1 -1 0 -1 -1 3 -1 -1 -1 -1 -1 -1 -1 -1 2 -1 -1 -1 -1 11 -1 -1 -1 -1 8 -1 -1 15 -1 30 -1 -1 -1 -1 -1 -1 -1 -1 -1 -1 -1 -1 25 -1 -1 -1 -1 24 -1 16 -1 -1 -1 -1 27 -1 -1 -1 -1 22 -1 -1 -1 -1 -1 -1 -1 -1 19 -1 -1 -1 -1 -1 -1 -1 21 20 -1 18 -1 -1 
-1 -1 9 -1 4 5 6 -1 -1 -1 0 -1 -1 3 -1 -1 -1 -1 -1 -1 -1 -1 2 -1 -1 -1 -1 11 -1 -1 -1 -1 8 -1 -1 15 -1 30 -1 -1 -1 -1 -1 -1 -1 -1 -1 -1 -1 -1 -1 -1 25 -1 -1 24 -1 16 -1 -1 -1 -1 27 -1 -1 -1 -1 22 -1 -1 -1 -1 -1 -1 -1 -1 19 -1 -1 -1 -1 -1 -1 -1 21 20 -1 18 -1 -1 
-1 -1 9 -1 4 5 6 -1 -1 -1 0 -1 -1 3 -1 -1 -1 -1 -1 -1 -1 -1 2 -1 -1 -1 -1 11 -1 -1 -1 -1 -1 -1 8 15 -1 30 -1 -1 -1 -1 -1 -1 -1 -1 -1 -1 -1 -1 -1 -1 25 -1 -1 24 -1 16 -1 -1 -1 -1 27 -1 -1 -1 -1 22 -1 -1 -1 -1 -1 -1 -1 -1 19 -1 -1 -1 -1 -1 -1 -1 21 20 -1 18 -1 -1 
-1 -1 9 -1 4 5 6 -1 -1 -1 0 -1 -1 3 -1 -1 -1 -1 -1 -1 -1 -1 2 -1 -1 -1 -1 11 -1 -1 -1 -1 -1 -1 8 15 -1 30 -1 -1 -1 -1 -1 -1 -1 -1 -1 -1 -1 -1 25 -1 -1 -1 -1 24 -1 16 -1 -1 -1 -1 27 -1 -1 -1 -1 22 -1 -1 -1 -1 -1 -1 -1 -1 19 -1 -1 -1 -1 -1 -1 -1 21 20 -1 18 -1 -1 
-1 -1 9 -1 4 5 6 -1 -1 -1 0 -1 -1 3 -1 -1 -1 -1 -1 -1 -1 -1 2 -1 -1 -1 -1 11 -1 -1 -1 -1 8 -1 -1 15 -1 30 -1 -1 -1 -1 -1 -1 -1 -1 -1 -1 -1 -1 25 -1 -1 -1 -1 24 -1 16 -1 -1 -1 -1 27 -1 -1 -1 -1 22 -1 -1 -1 -1 -1 -1 -1 -1 19 -1 -1 -1 -1 -1 -1 -1 21 20 -1 18 -1 -1 
-1 -1 9 -1 4 5 6 -1 -1 -1 0 -1 -1 3 -1 -1 -1 -1 -1 -1 -1 -1 2 -1 -1 -1 -1 11 -1 -1 -1 -1 8 -1 -1 15 -1 30 -1 -1 -1 -1 -1 -1 -1 -1 -1 -1 -1 -1 -1 -1 25 -1 -1 24 -1 16 -1 -1 -1 -1 27 -1 -1 -1 -1 22 -1 -1 -1 -1 -1 -1 -1 -1 19 -1 -1 -1 -1 -1 -1 -1 21 20 -1 18 -1 -1 
-1 -1 9 -1 4 5 6 -1 -1 -1 0 -1 -1 3 -1 -1 -1 -1 -1 -1 -1 -1 2 -1 -1 -1 -1 11 -1 -1 -1 8 -1 -1 -1 15 -1 30 -1 -1 -1 -1 -1 -1 -1 -1 -1 -1 -1 -1 -1 -1 25 -1 -1 24 -1 16 -1 -1 -1 -1 27 -1 -1 -1 -1 22 -1 -1 -1 -1 -1 -1 -1 -1 19 -1 -1 -1 -1 -1 -1 -1 21 20 -1 18 -1 -1 
-1 -1 9 -1 4 5 6 -1 -1 -1 0 -1 -1 3 -1 -1 -1 -1 -1 -1 -1 -1 2 -1 -1 -1 -1 11 -1 -1 -1 8 -1 -1 -1 15 -1 30 -1 16 -1 -1 -1 -1 -1 -1 -1 -1 -1 -1 -1 -1 25 -1 -1 24 -1 -1 -1 -1 -1 -1 27 -1 -1 -1 -1 22 -1 -1 -1 -1 -1 -1 -1 -1 19 -1 -1 -1 -1 -1 -1 -1 21 20 -1 18 -1 -1 
-1 -1 9 -1 4 5 6 -1 -1 -1 0 -1 -1 3 -1 -1 -1 -1 -1 -1 -1 -1 2 -1 -1 -1 -1 11 -1 -1 -1 -1 -1 -1 -1 15 -1 30 -1 16 -1 -1 -1 -1 -1 -1 -1 -1 -1 8 -1 -1 25 -1 -1 24 -1 -1 -1 -1 -1 -1 27 -1 -1 -1 -1 22 -1 -1 -1 -1 -1 -1 -1 -1 19 -1 -1 -1 -1 -1 -1 -1 21 20 -1 18 -1 -1 
-1 -1 9 -1 4 5 6 -1 -1 -1 0 -1 -1 3 -1 -1 -1 -1 -1 -1 -1 -1 2 -1 -1 -1 -1 11 -1 -1 -1 -1 -1 -1 25 15 -1 30 -1 16 -1 -1 -1 -1 -1 -1 -1 -1 -1 8 -1 -1 -1 -1 -1 24 -1 -1 -1 -1 -1 -1 27 -1 -1 -1 -1 22 -1 -1 -1 -1 -1 -1 -1 -1 19 -1 -1 -1 -1 -1 -1 -1 21 20 -1 18 -1 -1 
-1 -1 9 -1 4 5 6 -1 -1 -1 0 -1 -1 3 -1 -1 -1 -1 -1 -1 -1 -1 2 -1 -1 -1 -1 11 -1 -1 -1 8 -1 -1 25 15 -1 30 -1 16 -1 -1 -1 -1 -1 -1 -1 -1 -1 -1 -1 -1 -1 -1 -1 24 -1 -1 -1 -1 -1 -1 27 -1 -1 -1 -1 22 -1 -1 -1 -1 -1 -1 -1 -1 19 -1 -1 -1 -1 -1 -1 -1 21 20 -1 18 -1 -1 
-1 -1 9 -1 4 5 6 -1 -1 -1 0 -1 -1 3 -1 -1 -1 -1 -1 -1 -1 -1 2 -1 -1 -1 -1 11 -1 -1 -1 8 -1 -1 -1 15 -1 30 -1 16 -1 -1 -1 -1 -1 -1 -1 -1 -1 -1 -1 -1 25 -1 -1 24 -1 -1 -1 -1 -1 -1 27 -1 -1 -1 -1 22 -1 -1 -1 -1 -1 -1 -1 -1 19 -1 -1 -1 -1 -1 -1 -1 21 20 -1 18 -1 -1 
-1 -1 9 -1 4 5 6 -1 -1 -1 0 -1 -1 3 -1 -1 -1 -1 -1 -1 -1 -1 2 -1 -1 -1 -1 11 -1 8 -1 -1 -1 -1 -1 15 -1 30 -1 16 -1 -1 -1 -1 -1 -1 -1 -1 -1 -1 -1 -1 25 -1 -1 24 -1 -1 -1 -1 -1 -1 27 -1 -1 -1 -1 22 -1 -1 -1 -1 -1 -1 -1 -1 19 -1 -1 -1 -1 -1 -1 -1 21 20 -1 18 -1 -1 
-1 -1 9 -1 4 5 6 -1 -1 -1 0 -1 -1 3 -1 -1 -1 -1 -1 -1 -1 -1 2 -1 -1 -1 -1 11 -1 8 -1 -1 -1 -1 -1 15 -1 30 -1 16 -1 -1 -1 -1 -1 -1 -1 -1 -1 -1 -1 -1 25 -1 -1 24 -1 -1 -1 -1 -1 -1 27 -1 -1 -1 -1 22 -1 -1 -1 -1 -1 -1 -1 -1 -1 -1 -1 -1 -1 -1 -1 -1 21 20 19 18 -1 -1 
-1 -1 9 -1 4 5 6 -1 -1 -1 0 -1 -1 3 -1 -1 -1 -1 -1 -1 -1 -1 2 -1 -1 -1 -1 11 -1 -1 -1 -1 -1 -1 8 15 -1 30 -1 16 -1 -1 -1 -1 -1 -1 -1 -1 -1 -1 -1 -1 25 -1 -1 24 -1 -1 -1 -1 -1 -1 27 -1 -1 -1 -1 22 -1 -1 -1 -1 -1 -1 -1 -1 -1 -1 -1 -1 -1 -1 -1 -1 21 20 19 18 -1 -1 
-1 -1 9 -1 4 5 6 -1 -1 -1 0 -1 -1 3 -1 -1 -1 -1 -1 -1 -1 -1 2 -1 -1 -1 -1 11 -1 -1 -1 -1 -1 -1 8 15 -1 30 -1 16 -1 -1 -1 -1 -1 -1 -1 -1 -1 -1 -1 25 -1 -1 -1 24 -1 -1 -1 -1 -1 -1 27 -1 -1 -1 -1 22 -1 -1 -1 -1 -1 -1 -1 -1 -1 -1 -1 -1 -1 -1 -1 -1 21 20 19 18 -1 -1 
-1 -1 9 -1 4 5 6 -1 -1 -1 0 -1 -1 3 -1 -1 -1 -1 -1 -1 -1 -1 2 -1 -1 -1 -1 11 -1 8 -1 -1 -1 -1 -1 15 -1 30 -1 16 -1 -1 -1 -1 -1 -1 -1 -1 -1 -1 -1 25 -1 -1 -1 24 -1 -1 -1 -1 -1 -1 27 -1 -1 -1 -1 22 -1 -1 -1 -1 -1 -1 -1 -1 -1 -1 -1 -1 -1 -1 -1 -1 21 20 19 18 -1 -1 
-1 -1 9 -1 4 5 6 -1 -1 -1 0 -1 -1 3 -1 -1 -1 -1 -1 -1 -1 -1 2 -1 -1 -1 -1 11 -1 8 -1 -1 -1 -1 -1 15 -1 30 -1 16 -1 -1 -1 -1 -1 -1 -1 -1 -1 -1 -1 25 -1 -1 -1 24 -1 -1 -1 -1 -1 -1 27 -1 -1 -1 -1 22 -1 -1 -1 -1 -1 -1 -1 -1 21 -1 -1 -1 -1 -1 -1 -1 -1 20 19 18 -1 -1 
-1 -1 -1 9 4 5 6 -1 -1 -1 0 -1 -1 3 -1 -1 -1 -1 -1 -1 -1 -1 2 -1 -1 -1 -1 11 -1 8 -1 -1 -1 -1 -1 15 -1 30 -1 16 -1 -1 -1 -1 -1 -1 -1 -1 -1 -1 -1 25 -1 -1 -1 24 -1 -1 -1 -1 -1 -1 27 -1 -1 -1 -1 22 -1 -1 -1 -1 -1 -1 -1 -1 21 -1 -1 -1 -1 -1 -1 -1 -1 20 19 18 -1 -1 
-1 -1 -1 9 4 5 6 -1 -1 -1 0 -1 -1 3 -1 -1 -1 -1 -1 -1 -1 -1 2 -1 -1 -1 -1 11 -1 8 -1 -1 -1 -1 -1 15 -1 30 -1 16 -1 -1 -1 -1 -1 -1 25 -1 -1 -1 -1 -1 -1 -1 -1 24 -1 -1 -1 -1 -1 -1 27 -1 -1 -1 -1 22 -1 -1 -1 -1 -1 -1 -1 -1 21 -1 -1 -1 -1 -1 -1 -1 -1 20 19 18 -1 -1 
-1 -1 -1 9 4 5 6 -1 -1 -1 -1 0 -1 3 -1 -1 -1 -1 -1 -1 -1 -1 2 -1 -1 -1 -1 11 -1 8 -1 -1 -1 -1 -1 15 -1 30 -1 16 -1 -1 -1 -1 -1 -1 25 -1 -1 -1 -1 -1 -1 -1 -1 24 -1 -1 -1 -1 -1 -1 27 -1 -1 -1 -1 22 -1 -1 -1 -1 -1 -1 -1 -1 21 -1 -1 -1 -1 -1 -1 -1 -1 20 19 18 -1 -1 
-1 -1 -1 9 4 5 6 -1 -1 -1 -1 0 -1 3 -1 -1 -1 -1 -1 -1 -1 -1 2 -1 -1 -1 -1 11 -1 8 -1 -1 -1 -1 -1 15 -1 30 -1 16 -1 -1 -1 -1 -1 -1 -1 25 -1 -1 -1 -1 -1 -1 -1 24 -1 -1 -1 -1 -1 -1 27 -1 -1 -1 -1 22 -1 -1 -1 -1 -1 -1 -1 -1 21 -1 -1 -1 -1 -1 -1 -1 -1 20 19 18 -1 -1 
-1 -1 -1 9 4 5 6 -1 -1 -1 0 -1 -1 3 -1 -1 -1 -1 -1 -1 -1 -1 2 -1 -1 -1 -1 11 -1 8 -1 -1 -1 -1 -1 15 -1 30 -1 16 -1 -1 -1 -1 -1 -1 -1 25 -1 -1 -1 -1 -1 -1 -1 24 -1 -1 -1 -1 -1 -1 27 -1 -1 -1 -1 22 -1 -1 -1 -1 -1 -1 -1 -1 21 -1 -1 -1 -1 -1 -1 -1 -1 20 19 18 -1 -1 
-1 -1 -1 9 4 5 6 -1 -1 -1 0 -1 -1 3 -1 -1 -1 -1 -1 -1 -1 -1 2 -1 -1 -1 -1 11 -1 8 -1 -1 -1 -1 -1 15 -1 30 -1 16 -1 -1 -1 -1 -1 -1 -1 -1 -1 -1 -1 -1 -1 -1 -1 24 -1 -1 -1 -1 -1 -1 27 -1 -1 -1 -1 22 -1 -1 -1 -1 -1 -1 -1 -1 21 -1 -1 -1 -1 -1 -1 25 -1 20 19 18 -1 -1 
-1 -1 9 -1 4 5 6 -1 -1 -1 0 -1 -1 3 -1 -1 -1 -1 -1 -1 -1 -1 2 -1 -1 -1 -1 11 -1 8 -1 -1 -1 -1 -1 15 -1 30 -1 16 -1 -1 -1 -1 -1 -1 -1 -1 -1 -1 -1 -1 -1 -1 -1 24 -1 -1 -1 -1 -1 -1 27 -1 -1 -1 -1 22 -1 -1 -1 -1 -1 -1 -1 -1 21 -1 -1 -1 -1 -1 -1 25 -1 20 19 18 -1 -1 
-1 -1 9 -1 4 5 6 -1 -1 -1 0 -1 -1 3 -1 -1 -1 -1 -1 -1 -1 -1 2 -1 -1 -1 -1 11 -1 8 -1 -1 -1 -1 -1 15 -1 30 -1 16 -1 -1 -1 -1 -1 -1 -1 -1 -1 -1 -1 -1 -1 -1 -1 24 -1 -1 -1 -1 -1 -1 27 -1 -1 -1 -1 22 -1 -1 -1 -1 -1 -1 -1 -1 21 -1 -1 -1 -1 -1 25 -1 -1 20 19 18 -1 -1 
-1 -1 9 -1 4 5 6 -1 -1 -1 -1 0 -1 3 -1 -1 -1 -1 -1 -1 -1 -1 2 -1 -1 -1 -1 11 -1 8 -1 -1 -1 -1 -1 15 -1 30 -1 16 -1 -1 -1 -1 -1 -1 -1 -1 -1 -1 -1 -1 -1 -1 -1 24 -1 -1 -1 -1 -1 -1 27 -1 -1 -1 -1 22 -1 -1 -1 -1 -1 -1 -1 -1 21 -1 -1 -1 -1 -1 25 -1 -1 20 19 18 -1 -1 
-1 -1 9 -1 4 5 6 -1 -1 -1 -1 0 -1 3 -1 -1 -1 -1 -1 -1 -1 -1 2 -1 -1 -1 -1 11 -1 8 -1 -1 -1 -1 -1 15 -1 30 -1 16 -1 -1 -1 -1 -1 -1 -1 -1 -1 -1 -1 -1 -1 -1 -1 24 -1 -1 -1 -1 -1 -1 27 -1 -1 -1 -1 22 -1 -1 -1 -1 -1 -1 -1 -1 21 -1 -1 -1 -1 -1 -1 25 -1 20 19 18 -1 -1 
-1 -1 9 -1 4 5 6 -1 -1 -1 0 -1 -1 3 -1 -1 -1 -1 -1 -1 -1 -1 2 -1 -1 -1 -1 11 -1 8 -1 -1 -1 -1 -1 15 -1 30 -1 16 -1 -1 -1 -1 -1 -1 -1 -1 -1 -1 -1 -1 -1 -1 -1 24 -1 -1 -1 -1 -1 -1 27 -1 -1 -1 -1 22 -1 -1 -1 -1 -1 -1 -1 -1 21 -1 -1 -1 -1 -1 -1 25 -1 20 19 18 -1 -1 
-1 -1 9 -1 4 5 6 -1 -1 -1 0 -1 -1 3 -1 -1 -1 -1 -1 -1 -1 -1 2 -1 -1 -1 -1 11 -1 8 -1 -1 -1 -1 -1 15 -1 30 -1 16 -1 -1 -1 -1 -1 -1 -1 -1 -1 -1 -1 -1 -1 -1 -1 24 -1 -1 -1 -1 -1 -1 27 -1 -1 -1 -1 22 -1 -1 -1 -1 -1 -1 -1 -1 21 -1 -1 -1 -1 25 -1 -1 -1 20 19 18 -1 -1 
-1 -1 -1 9 4 5 6 -1 -1 -1 0 -1 -1 3 -1 -1 -1 -1 -1 -1 -1 -1 2 -1 -1 -1 -1 11 -1 8 -1 -1 -1 -1 -1 15 -1 30 -1 16 -1 -1 -1 -1 -1 -1 -1 -1 -1 -1 -1 -1 -1 -1 -1 24 -1 -1 -1 -1 -1 -1 27 -1 -1 -1 -1 22 -1 -1 -1 -1 -1 -1 -1 -1 21 -1 -1 -1 -1 25 -1 -1 -1 20 19 18 -1 -1 
-1 -1 -1 9 4 5 6 -1 -1 -1 0 -1 -1 3 -1 -1 -1 -1 -1 -1 -1 -1 2 -1 -1 -1 -1 11 -1 8 -1 -1 -1 -1 -1 15 -1 30 -1 16 -1 -1 -1 -1 -1 31 -1 -1 -1 -1 -1 -1 -1 -1 -1 24 -1 -1 -1 -1 -1 -1 27 -1 -1 -1 -1 22 -1 -1 -1 -1 -1 -1 -1 -1 21 -1 -1 -1 -1 25 -1 -1 -1 20 19 18 -1 -1 
9 -1 -1 -1 4 5 6 -1 -1 -1 0 -1 -1 3 -1 -1 -1 -1 -1 -1 -1 -1 2 -1 -1 -1 -1 11 -1 8 -1 -1 -1 -1 -1 15 -1 30 -1 16 -1 -1 -1 -1 -1 31 -1 -1 -1 -1 -1 -1 -1 -1 -1 24 -1 -1 -1 -1 -1 -1 27 -1 -1 -1 -1 22 -1 -1 -1 -1 -1 -1 -1 -1 21 -1 -1 -1 -1 25 -1 -1 -1 20 19 18 -1 -1 
9 -1 -1 -1 4 5 6 -1 -1 -1 0 -1 -1 3 -1 -1 -1 -1 -1 -1 -1 -1 2 -1 -1 -1 -1 11 -1 8 -1 -1 -1 -1 -1 15 -1 30 -1 16 -1 -1 -1 -1 -1 31 24 -1 -1 -1 -1 -1 -1 -1 -1 -1 -1 -1 -1 -1 -1 -1 27 -1 -1 -1 -1 22 -1 -1 -1 -1 -1 -1 -1 -1 21 -1 -1 -1 -1 25 -1 -1 -1 20 19 18 -1 -1 
9 -1 -1 -1 4 5 6 -1 -1 -1 0 -1 -1 3 -1 -1 -1 -1 -1 -1 -1 -1 2 -1 -1 -1 -1 11 -1 -1 -1 -1 -1 -1 -1 15 -1 30 -1 16 -1 -1 -1 -1 -1 31 24 -1 -1 -1 -1 -1 -1 -1 -1 -1 8 -1 -1 -1 -1 -1 27 -1 -1 -1 -1 22 -1 -1 -1 -1 -1 -1 -1 -1 21 -1 -1 -1 -1 25 -1 -1 -1 20 19 18 -1 -1 
9 -1 -1 -1 4 5 6 -1 -1 -1 0 -1 -1 3 -1 -1 -1 -1 -1 -1 -1 -1 2 -1 -1 -1 -1 11 30 -1 -1 -1 -1 -1 -1 15 -1 -1 -1 16 -1 -1 -1 -1 -1 31 24 -1 -1 -1 -1 -1 -1 -1 -1 -1 8 -1 -1 -1 -1 -1 27 -1 -1 -1 -1 22 -1 -1 -1 -1 -1 -1 -1 -1 21 -1 -1 -1 -1 25 -1 -1 -1 20 19 18 -1 -1 
9 -1 -1 -1 4 5 6 -1 -1 -1 0 -1 -1 3 -1 -1 -1 -1 -1 -1 -1 -1 2 -1 -1 -1 -1 11 30 -1 -1 -1 -1 -1 -1 15 -1 -1 -1 16 -1 -1 -1 -1 -1 31 24 -1 -1 -1 -1 -1 -1 -1 8 -1 -1 -1 -1 -1 -1 -1 27 -1 -1 -1 -1 22 -1 -1 -1 -1 -1 -1 -1 -1 21 -1 -1 -1 -1 25 -1 -1 -1 20 19 18 -1 -1 
9 -1 -1 -1 4 5 6 -1 -1 -1 0 -1 -1 3 -1 -1 -1 -1 -1 -1 -1 -1 2 -1 -1 -1 -1 11 30 -1 -1 -1 -1 -1 -1 15 -1 -1 -1 16 -1 -1 -1 -1 -1 31 24 -1 -1 -1 -1 -1 -1 -1 8 -1 -1 -1 -1 -1 -1 -1 27 -1 -1 -1 -1 22 -1 -1 -1 -1 -1 -1 -1 -1 21 -1 -1 -1 -1 -1 25 -1 -1 20 19 18 -1 -1 
9 -1 -1 -1 4 5 6 -1 -1 -1 0 -1 -1 3 -1 -1 -1 -1 -1 -1 -1 -1 2 -1 -1 -1 -1 11 30 -1 -1 -1 -1 -1 -1 15 -1 -1 -1 16 -1 -1 -1 -1 -1 8 24 -1 -1 -1 -1 -1 -1 -1 -1 -1 -1 -1 -1 -1 -1 -1 27 -1 -1 -1 -1 22 -1 -1 -1 -1 -1 -1 -1 -1 21 -1 -1 -1 -1 -1 25 -1 -1 20 19 18 -1 -1 
9 -1 -1 -1 4 5 6 -1 -1 -1 0 -1 -1 3 -1 -1 -1 -1 -1 -1 -1 -1 2 -1 -1 -1 -1 11 30 -1 -1 -1 -1 -1 -1 15 -1 24 -1 16 -1 -1 -1 -1 -1 8 -1 -1 -1 -1 -1 -1 -1 -1 -1 -1 -1 -1 -1 -1 -1 -1 27 -1 -1 -1 -1 22 -1 -1 -1 -1 -1 -1 -1 -1 21 -1 -1 -1 -1 -1 25 -1 -1 20 19 18 -1 -1 
9 -1 -1 -1 4 5 6 -1 -1 -1 -1 0 -1 3 -1 -1 -1 -1 -1 -1 -1 -1 2 -1 -1 -1 -1 11 30 -1 -1 -1 -1 -1 -1 15 -1 24 -1 16 -1 -1 -1 -1 -1 8 -1 -1 -1 -1 -1 -1 -1 -1 -1 -1 -1 -1 -1 -1 -1 -1 27 -1 -1 -1 -1 22 -1 -1 -1 -1 -1 -1 -1 -1 21 -1 -1 -1 -1 -1 25 -1 -1 20 19 18 -1 -1 
9 -1 -1 -1 4 5 6 -1 -1 -1 -1 0 -1 3 -1 -1 -1 -1 -1 30 -1 -1 2 -1 -1 -1 -1 11 -1 -1 -1 -1 -1 -1 -1 15 -1 24 -1 16 -1 -1 -1 -1 -1 8 -1 -1 -1 -1 -1 -1 -1 -1 -1 -1 -1 -1 -1 -1 -1 -1 27 -1 -1 -1 -1 22 -1 -1 -1 -1 -1 -1 -1 -1 21 -1 -1 -1 -1 -1 25 -1 -1 20 19 18 -1 -1 
9 -1 -1 -1 4 5 6 -1 -1 -1 -1 0 -1 3 -1 -1 -1 -1 -1 30 -1 -1 2 -1 -1 -1 -1 11 -1 -1 -1 -1 -1 -1 -1 15 8 24 -1 16 -1 -1 -1 -1 -1 -1 -1 -1 -1 -1 -1 -1 -1 -1 -1 -1 -1 -1 -1 -1 -1 -1 27 -1 -1 -1 -1 22 -1 -1 -1 -1 -1 -1 -1 -1 21 -1 -1 -1 -1 -1 25 -1 -1 20 19 18 -1 -1 
9 -1 -1 -1 4 5 6 -1 -1 -1 30 0 -1 3 -1 -1 -1 -1 -1 -1 -1 -1 2 -1 -1 -1 -1 11 -1 -1 -1 -1 -1 -1 -1 15 8 24 -1 16 -1 -1 -1 -1 -1 -1 -1 -1 -1 -1 -1 -1 -1 -1 -1 -1 -1 -1 -1 -1 -1 -1 27 -1 -1 -1 -1 22 -1 -1 -1 -1 -1 -1 -1 -1 21 -1 -1 -1 -1 -1 25 -1 -1 20 19 18 -1 -1 
9 -1 -1 -1 4 5 6 -1 -1 -1 30 -1 -1 3 -1 -1 -1 -1 -1 -1 -1 -1 2 -1 -1 -1 -1 11 -1 0 -1 -1 -1 -1 -1 15 8 24 -1 16 -1 -1 -1 -1 -1 -1 -1 -1 -1 -1 -1 -1 -1 -1 -1 -1 -1 -1 -1 -1 -1 -1 27 -1 -1 -1 -1 22 -1 -1 -1 -1 -1 -1 -1 -1 21 -1 -1 -1 -1 -1 25 -1 -1 20 19 18 -1 -1 
9 -1 -1 -1 4 5 6 -1 -1 -1 30 -1 -1 3 -1 -1 -1 -1 -1 -1 -1 -1 2 -1 -1 -1 -1 11 -1 0 -1 -1 -1 -1 -1 15 8 24 -1 16 -1 -1 -1 -1 -1 -1 25 -1 -1 -1 -1 -1 -1 -1 -1 -1 -1 -1 -1 -1 -1 -1 27 -1 -1 -1 -1 22 -1 -1 -1 -1 -1 -1 -1 -1 21 -1 -1 -1 -1 -1 -1 -1 -1 20 19 18 -1 -1 
-1 -1 -1 9 4 5 6 -1 -1 -1 30 -1 -1 3 -1 -1 -1 -1 -1 -1 -1 -1 2 -1 -1 -1 -1 11 -1 0 -1 -1 -1 -1 -1 15 8 24 -1 16 -1 -1 -1 -1 -1 -1 25 -1 -1 -1 -1 -1 -1 -1 -1 -1 -1 -1 -1 -1 -1 -1 27 -1 -1 -1 -1 22 -1 -1 -1 -1 -1 -1 -1 -1 21 -1 -1 -1 -1 -1 -1 -1 -1 20 19 18 -1 -1 
-1 -1 -1 9 4 5 6 -1 -1 -1 30 -1 -1 3 -1 -1 -1 -1 -1 -1 -1 -1 2 -1 -1 -1 -1 11 -1 0 -1 -1 -1 -1 -1 15 24 -1 -1 16 -1 -1 -1 -1 -1 -1 25 -1 -1 -1 -1 -1 -1 -1 -1 -1 -1 -1 -1 -1 -1 -1 27 -1 -1 -1 -1 22 -1 -1 -1 -1 -1 -1 -1 -1 21 -1 -1 -1 -1 -1 -1 -1 -1 20 19 18 -1 -1 
-1 -1 -1 9 4 5 6 -1 -1 -1 30 -1 -1 3 -1 -1 -1 -1 -1 -1 -1 -1 2 -1 -1 -1 -1 -1 -1 0 -1 -1 -1 -1 -1 15 11 -1 -1 16 -1 -1 -1 -1 -1 -1 25 -1 -1 -1 -1 -1 -1 -1 -1 -1 -1 -1 -1 -1 -1 -1 27 -1 -1 -1 -1 22 -1 -1 -1 -1 -1 -1 -1 -1 21 -1 -1 -1 -1 -1 -1 -1 -1 20 19 18 -1 -1 
-1 -1 -1 9 4 5 6 -1 -1 -1 30 -1 -1 3 -1 -1 -1 -1 -1 -1 -1 -1 2 -1 -1 -1 -1 -1 -1 0 -1 -1 -1 -1 -1 15 11 -1 -1 16 -1 -1 -1 -1 -1 -1 -1 -1 -1 -1 -1 -1 25 -1 -1 -1 -1 -1 -1 -1 -1 -1 27 -1 -1 -1 -1 22 -1 -1 -1 -1 -1 -1 -1 -1 21 -1 -1 -1 -1 -1 -1 -1 -1 20 19 18 -1 -1 
-1 -1 -1 9 4 5 6 -1 -1 -1 30 -1 -1 3 -1 -1 -1 -1 -1 -1 -1 -1 2 -1 -1 -1 -1 -1 -1 0 -1 -1 -1 -1 -1 15 -1 -1 -1 16 -1 -1 -1 -1 -1 11 -1 -1 -1 -1 -1 -1 25 -1 -1 -1 -1 -1 -1 -1 -1 -1 27 -1 -1 -1 -1 22 -1 -1 -1 -1 -1 -1 -1 -1 21 -1 -1 -1 -1 -1 -1 -1 -1 20 19 18 -1 -1 
-1 -1 -1 9 4 5 6 -1 -1 -1 30 -1 -1 3 -1 -1 25 -1 -1 -1 -1 -1 2 -1 -1 -1 -1 -1 -1 0 -1 -1 -1 -1 -1 15 -1 -1 -1 16 -1 -1 -1 -1 -1 11 -1 -1 -1 -1 -1 -1 -1 -1 -1 -1 -1 -1 -1 -1 -1 -1 27 -1 -1 -1 -1 22 -1 -1 -1 -1 -1 -1 -1 -1 21 -1 -1 -1 -1 -1 -1 -1 -1 20 19 18 -1 -1 
-1 -1 -1 9 4 5 6 -1 -1 -1 30 -1 -1 3 -1 -1 25 -1 -1 -1 -1 -1 2 -1 -1 -1 -1 -1 -1 -1 -1 -1 -1 -1 0 15 -1 -1 -1 16 -1 -1 -1 -1 -1 11 -1 -1 -1 -1 -1 -1 -1 -1 -1 -1 -1 -1 -1 -1 -1 -1 27 -1 -1 -1 -1 22 -1 -1 -1 -1 -1 -1 -1 -1 21 -1 -1 -1 -1 -1 -1 -1 -1 20 19 18 -1 -1 
-1 -1 -1 9 4 5 6 -1 -1 -1 30 -1 -1 3 -1 25 -1 -1 -1 -1 -1 -1 2 -1 -1 -1 -1 -1 -1 -1 -1 -1 -1 -1 0 15 -1 -1 -1 16 -1 -1 -1 -1 -1 11 -1 -1 -1 -1 -1 -1 -1 -1 -1 -1 -1 -1 -1 -1 -1 -1 27 -1 -1 -1 -1 22 -1 -1 -1 -1 -1 -1 -1 -1 21 -1 -1 -1 -1 -1 -1 -1 -1 20 19 18 -1 -1 
-1 -1 -1 9 4 5 6 -1 -1 -1 30 -1 -1 3 -1 25 -1 -1 -1 -1 -1 -1 2 -1 -1 -1 -1 -1 -1 -1 -1 -1 -1 0 -1 15 -1 -1 -1 16 -1 -1 -1 -1 -1 11 -1 -1 -1 -1 -1 -1 -1 -1 -1 -1 -1 -1 -1 -1 -1 -1 27 -1 -1 -1 -1 22 -1 -1 -1 -1 -1 -1 -1 -1 21 -1 -1 -1 -1 -1 -1 -1 -1 20 19 18 -1 -1 
-1 -1 -1 9 4 5 6 -1 -1 -1 30 -1 -1 3 -1 -1 25 -1 -1 -1 -1 -1 2 -1 -1 -1 -1 -1 -1 -1 -1 -1 -1 0 -1 15 -1 -1 -1 16 -1 -1 -1 -1 -1 11 -1 -1 -1 -1 -1 -1 -1 -1 -1 -1 -1 -1 -1 -1 -1 -1 27 -1 -1 -1 -1 22 -1 -1 -1 -1 -1 -1 -1 -1 21 -1 -1 -1 -1 -1 -1 -1 -1 20 19 18 -1 -1 
-1 -1 -1 9 4 5 6 -1 -1 -1 30 -1 -1 3 -1 -1 25 -1 -1 -1 -1 -1 2 -1 -1 -1 -1 -1 -1 -1 -1 -1 -1 -1 0 15 -1 -1 -1 16 -1 -1 -1 -1 -1 11 -1 -1 -1 -1 -1 -1 -1 -1 -1 -1 -1 -1 -1 -1 -1 -1 27 -1 -1 -1 -1 22 -1 -1 -1 -1 -1 -1 -1 -1 21 -1 -1 -1 -1 -1 -1 -1 -1 20 19 18 -1 -1 
-1 -1 -1 9 4 5 6 -1 -1 -1 30 -1 -1 3 -1 25 -1 -1 -1 -1 -1 -1 2 -1 -1 -1 -1 -1 -1 -1 -1 -1 -1 -1 0 15 -1 -1 -1 16 -1 -1 -1 -1 -1 11 -1 -1 -1 -1 -1 -1 -1 -1 -1 -1 -1 -1 -1 -1 -1 -1 27 -1 -1 -1 -1 22 -1 -1 -1 -1 -1 -1 -1 -1 21 -1 -1 -1 -1 -1 -1 -1 -1 20 19 18 -1 -1 
-1 -1 -1 9 4 5 6 -1 -1 -1 30 -1 -1 3 -1 25 -1 -1 -1 -1 -1 -1 2 -1 -1 -1 -1 -1 -1 -1 -1 -1 -1 0 -1 15 -1 -1 -1 16 -1 -1 -1 -1 -1 11 -1 -1 -1 -1 -1 -1 -1 -1 -1 -1 -1 -1 -1 -1 -1 -1 27 -1 -1 -1 -1 22 -1 -1 -1 -1 -1 -1 -1 -1 21 -1 -1 -1 -1 -1 -1 -1 -1 20 19 18 -1 -1 
-1 -1 -1 9 4 5 6 -1 -1 -1 30 -1 -1 3 -1 -1 25 -1 -1 -1 -1 -1 2 -1 -1 -1 -1 -1 -1 -1 -1 -1 -1 0 -1 15 -1 -1 -1 16 -1 -1 -1 -1 -1 11 -1 -1 -1 -1 -1 -1 -1 -1 -1 -1 -1 -1 -1 -1 -1 -1 27 -1 -1 -1 -1 22 -1 -1 -1 -1 -1 -1 -1 -1 21 -1 -1 -1 -1 -1 -1 -1 -1 20 19 18 -1 -1 
-1 -1 -1 9 4 5 6 -1 -1 -1 30 -1 -1 3 -1 0 25 -1 -1 -1 -1 -1 2 -1 -1 -1 -1 -1 -1 -1 -1 -1 -1 -1 -1 15 -1 -1 -1 16 -1 -1 -1 -1 -1 11 -1 -1 -1 -1 -1 -1 -1 -1 -1 -1 -1 -1 -1 -1 -1 -1 27 -1 -1 -1 -1 22 -1 -1 -1 -1 -1 -1 -1 -1 21 -1 -1 -1 -1 -1 -1 -1 -1 20 19 18 -1 -1 
-1 -1 -1 9 4 5 6 -1 -1 -1 30 -1 -1 3 -1 0 -1 -1 -1 -1 -1 -1 2 -1 -1 -1 -1 -1 -1 -1 -1 -1 -1 -1 -1 15 -1 -1 -1 16 -1 -1 -1 -1 -1 11 -1 -1 -1 -1 -1 -1 25 -1 -1 -1 -1 -1 -1 -1 -1 -1 27 -1 -1 -1 -1 22 -1 -1 -1 -1 -1 -1 -1 -1 21 -1 -1 -1 -1 -1 -1 -1 -1 20 19 18 -1 -1 
-1 -1 -1 9 4 5 6 -1 -1 -1 30 -1 -1 3 -1 -1 -1 -1 -1 -1 -1 -1 2 -1 -1 -1 -1 -1 -1 -1 -1 -1 -1 -1 -1 15 -1 -1 -1 16 -1 -1 -1 -1 -1 11 -1 -1 -1 -1 -1 -1 25 -1 -1 -1 -1 -1 -1 -1 0 -1 27 -1 -1 -1 -1 22 -1 -1 -1 -1 -1 -1 -1 -1 21 -1 -1 -1 -1 -1 -1 -1 -1 20 19 18 -1 -1 
-1 -1 -1 9 4 5 6 -1 -1 -1 -1 30 -1 3 -1 -1 -1 -1 -1 -1 -1 -1 2 -1 -1 -1 -1 -1 -1 -1 -1 -1 -1 -1 -1 15 -1 -1 -1 16 -1 -1 -1 -1 -1 11 -1 -1 -1 -1 -1 -1 25 -1 -1 -1 -1 -1 -1 -1 0 -1 27 -1 -1 -1 -1 22 -1 -1 -1 -1 -1 -1 -1 -1 21 -1 -1 -1 -1 -1 -1 -1 -1 20 19 18 -1 -1 
-1 -1 -1 9 4 5 6 -1 -1 -1 -1 30 -1 3 -1 -1 -1 -1 -1 -1 -1 -1 2 -1 -1 -1 -1 -1 -1 -1 -1 -1 -1 -1 -1 15 -1 -1 -1 16 -1 -1 -1 -1 -1 11 -1 -1 -1 -1 -1 -1 25 -1 -1 -1 -1 -1 -1 -1 -1 -1 0 -1 -1 -1 -1 22 -1 -1 -1 -1 -1 -1 -1 -1 21 -1 -1 -1 -1 -1 -1 -1 -1 20 19 18 -1 -1 
-1 -1 -1 9 4 5 6 -1 -1 -1 -1 30 -1 3 -1 -1 -1 -1 -1 -1 -1 -1 2 -1 -1 -1 -1 -1 -1 -1 -1 -1 -1 -1 -1 15 16 -1 -1 -1 -1 -1 -1 -1 -1 11 -1 -1 -1 -1 -1 -1 25 -1 -1 -1 -1 -1 -1 -1 -1 -1 0 -1 -1 -1 -1 22 -1 -1 -1 -1 -1 -1 -1 -1 21 -1 -1 -1 -1 -1 -1 -1 -1 20 19 18 -1 -1 
-1 -1 -1 9 4 5 6 -1 -1 -1 -1 30 -1 3 -1 -1 -1 -1 -1 -1 -1 -1 2 -1 -1 -1 -1 -1 -1 -1 -1 -1 -1 -1 -1 15 16 -1 -1 -1 -1 -1 -1 -1 -1 11 -1 -1 -1 -1 -1 -1 25 -1 -1 -1 -1 -1 -1 -1 -1 0 -1 -1 -1 -1 -1 22 -1 -1 -1 -1 -1 -1 -1 -1 21 -1 -1 -1 -1 -1 -1 -1 -1 20 19 18 -1 -1 
-1 -1 -1 9 4 5 6 -1 -1 -1 -1 30 -1 3 -1 -1 -1 -1 -1 -1 -1 -1 2 -1 -1 -1 -1 -1 -1 -1 -1 -1 -1 -1 -1 15 16 -1 -1 -1 -1 -1 -1 -1 -1 11 -1 -1 -1 25 -1 -1 -1 -1 -1 -1 -1 -1 -1 -1 -1 0 -1 -1 -1 -1 -1 22 -1 -1 -1 -1 -1 -1 -1 -1 21 -1 -1 -1 -1 -1 -1 -1 -1 20 19 18 -1 -1 
-1 -1 -1 9 4 5 6 -1 -1 -1 -1 30 -1 3 -1 -1 -1 -1 -1 -1 -1 -1 2 -1 -1 -1 -1 -1 -1 -1 -1 -1 -1 -1 -1 15 16 -1 -1 -1 -1 -1 -1 -1 -1 11 -1 -1 -1 25 -1 -1 -1 -1 -1 -1 -1 -1 0 -1 -1 -1 -1 -1 -1 -1 -1 22 -1 -1 -1 -1 -1 -1 -1 -1 21 -1 -1 -1 -1 -1 -1 -1 -1 20 19 18 -1 -1 
-1 -1 -1 9 4 5 6 -1 -1 -1 -1 30 -1 3 -1 -1 -1 -1 -1 -1 -1 -1 2 -1 -1 -1 -1 -1 -1 -1 -1 -1 -1 -1 -1 15 16 -1 -1 -1 -1 -1 -1 -1 -1 11 -1 -1 -1 -1 -1 -1 25 -1 -1 -1 -1 -1 0 -1 -1 -1 -1 -1 -1 -1 -1 22 -1 -1 -1 -1 -1 -1 -1 -1 21 -1 -1 -1 -1 -1 -1 -1 -1 20 19 18 -1 -1 
-1 -1 -1 9 4 5 6 -1 -1 -1 -1 30 -1 3 -1 -1 -1 -1 -1 -1 -1 -1 2 -1 -1 -1 -1 -1 -1 -1 -1 -1 -1 -1 -1 15 16 -1 -1 -1 -1 -1 -1 -1 -1 11 -1 -1 -1 -1 -1 -1 25 -1 -1 -1 -1 -1 -1 -1 -1 0 -1 -1 -1 -1 -1 22 -1 -1 -1 -1 -1 -1 -1 -1 21 -1 -1 -1 -1 -1 -1 -1 -1 20 19 18 -1 -1 
-1 -1 -1 9 4 5 6 -1 -1 -1 -1 30 -1 3 -1 -1 -1 -1 -1 -1 -1 -1 2 -1 -1 -1 -1 -1 -1 -1 -1 -1 -1 -1 -1 15 16 -1 -1 -1 -1 -1 -1 -1 -1 11 -1 -1 -1 25 -1 -1 -1 -1 -1 -1 -1 -1 -1 -1 -1 0 -1 -1 -1 -1 -1 22 -1 -1 -1 -1 -1 -1 -1 -1 21 -1 -1 -1 -1 -1 -1 -1 -1 20 19 18 -1 -1 
-1 -1 -1 9 4 5 6 -1 -1 -1 -1 30 -1 3 -1 -1 -1 -1 -1 -1 -1 -1 2 -1 -1 -1 -1 -1 -1 -1 -1 -1 -1 -1 -1 15 16 -1 -1 -1 -1 -1 -1 -1 -1 11 -1 -1 -1 25 -1 -1 -1 -1 -1 -1 -1 -1 0 -1 -1 -1 -1 -1 -1 -1 -1 22 -1 -1 -1 -1 -1 -1 -1 -1 21 -1 -1 -1 -1 -1 -1 -1 -1 20 19 18 -1 -1 
-1 -1 -1 9 4 5 6 -1 -1 -1 -1 30 -1 3 -1 -1 -1 -1 -1 -1 -1 -1 2 -1 -1 -1 -1 -1 -1 -1 -1 -1 -1 -1 -1 15 16 -1 -1 -1 -1 -1 -1 -1 -1 11 -1 -1 -1 -1 -1 -1 25 -1 -1 -1 -1 -1 0 -1 -1 -1 -1 -1 -1 -1 -1 22 -1 -1 -1 -1 -1 -1 -1 -1 21 -1 -1 -1 -1 -1 -1 -1 -1 20 19 18 -1 -1 
-1 -1 -1 9 4 5 6 -1 -1 -1 -1 30 -1 3 -1 -1 -1 -1 -1 -1 -1 -1 2 -1 -1 -1 -1 -1 -1 -1 -1 -1 -1 -1 -1 15 16 -1 -1 -1 -1 -1 -1 -1 -1 11 -1 -1 -1 -1 -1 -1 25 -1 -1 0 -1 -1 -1 -1 -1 -1 -1 -1 -1 -1 -1 22 -1 -1 -1 -1 -1 -1 -1 -1 21 -1 -1 -1 -1 -1 -1 -1 -1 20 19 18 -1 -1 
-1 -1 -1 9 4 5 6 -1 -1 -1 -1 30 -1 3 -1 -1 -1 -1 -1 -1 -1 -1 2 -1 -1 -1 -1 -1 -1 -1 -1 -1 -1 -1 -1 15 16 -1 -1 -1 -1 -1 -1 -1 -1 11 -1 -1 -1 -1 -1 -1 25 -1 -1 0 -1 -1 -1 -1 -1 -1 -1 -1 -1 -1 -1 22 -1 -1 -1 -1 -1 -1 -1 -1 -1 -1 -1 -1 -1 -1 -1 -1 21 20 19 18 -1 -1 
-1 -1 -1 9 4 5 6 -1 -1 -1 -1 30 -1 3 -1 -1 -1 -1 -1 -1 -1 -1 2 -1 -1 -1 -1 -1 -1 -1 -1 -1 -1 -1 -1 15 16 -1 -1 -1 -1 -1 -1 -1 -1 11 -1 -1 -1 -1 -1 -1 25 -1 -1 -1 -1 -1 -1 -1 -1 0 -1 -1 -1 -1 -1 22 -1 -1 -1 -1 -1 -1 -1 -1 -1 -1 -1 -1 -1 -1 -1 -1 21 20 19 18 -1 -1 
-1 -1 -1 9 4 5 6 -1 -1 -1 -1 30 -1 3 -1 -1 -1 -1 -1 -1 -1 -1 2 -1 -1 -1 -1 -1 -1 -1 -1 -1 -1 -1 -1 15 16 -1 -1 -1 -1 -1 -1 -1 -1 11 -1 -1 -1 25 -1 -1 -1 -1 -1 -1 -1 -1 -1 -1 -1 0 -1 -1 -1 -1 -1 22 -1 -1 -1 -1 -1 -1 -1 -1 -1 -1 -1 -1 -1 -1 -1 -1 21 20 19 18 -1 -1 
-1 -1 -1 9 4 5 6 -1 -1 -1 -1 30 -1 3 -1 -1 -1 -1 -1 -1 -1 -1 2 -1 -1 -1 -1 -1 -1 -1 -1 -1 -1 -1 -1 15 16 -1 -1 -1 -1 -1 -1 -1 -1 11 -1 -1 -1 25 -1 -1 -1 -1 -1 -1 -1 -1 0 -1 -1 -1 -1 -1 -1 -1 -1 22 -1 -1 -1 -1 -1 -1 -1 -1 -1 -1 -1 -1 -1 -1 -1 -1 21 20 19 18 -1 -1 
-1 -1 -1 9 4 5 6 -1 -1 -1 -1 30 -1 3 -1 -1 -1 -1 -1 -1 -1 -1 2 -1 -1 -1 -1 -1 -1 -1 -1 -1 -1 -1 -1 15 16 -1 -1 -1 -1 -1 -1 -1 -1 11 -1 -1 -1 -1 -1 -1 25 -1 -1 -1 -1 -1 0 -1 -1 -1 -1 -1 -1 -1 -1 22 -1 -1 -1 -1 -1 -1 -1 -1 -1 -1 -1 -1 -1 -1 -1 -1 21 20 19 18 -1 -1 
-1 -1 -1 9 4 5 6 -1 -1 -1 -1 30 -1 3 -1 -1 -1 -1 -1 -1 -1 -1 2 -1 -1 -1 -1 -1 -1 -1 -1 -1 -1 -1 -1 15 16 -1 -1 -1 -1 -1 -1 -1 -1 11 -1 -1 -1 -1 -1 -1 25 -1 -1 -1 -1 -1 -1 -1 -1 0 -1 -1 -1 -1 -1 22 -1 -1 -1 -1 -1 -1 -1 -1 -1 -1 -1 -1 -1 -1 -1 -1 21 20 19 18 -1 -1 
-1 -1 -1 9 4 5 6 -1 -1 -1 -1 30 -1 3 -1 -1 -1 -1 -1 -1 -1 -1 2 -1 -1 -1 -1 -1 -1 -1 -1 -1 -1 -1 -1 15 16 -1 -1 -1 -1 -1 -1 -1 -1 11 -1 -1 -1 25 -1 -1 -1 -1 -1 -1 -1 -1 -1 -1 -1 0 -1 -1 -1 -1 -1 22 -1 -1 -1 -1 -1 -1 -1 -1 -1 -1 -1 -1 -1 -1 -1 -1 21 20 19 18 -1 -1 
-1 -1 -1 9 4 5 6 -1 -1 -1 -1 30 -1 3 -1 -1 -1 -1 -1 -1 -1 -1 2 -1 -1 -1 -1 -1 -1 -1 -1 -1 -1 -1 -1 15 16 -1 -1 -1 -1 -1 -1 -1 -1 11 -1 -1 -1 25 -1 -1 -1 -1 -1 -1 -1 -1 0 -1 -1 -1 -1 -1 -1 -1 -1 22 -1 -1 -1 -1 -1 -1 -1 -1 -1 -1 -1 -1 -1 -1 -1 -1 21 20 19 18 -1 -1 
-1 -1 -1 9 4 5 6 -1 -1 -1 -1 30 -1 3 -1 -1 -1 -1 -1 -1 -1 -1 2 -1 -1 -1 -1 -1 -1 -1 -1 -1 -1 -1 -1 15 16 -1 -1 -1 -1 -1 -1 -1 -1 11 -1 -1 -1 -1 -1 -1 25 -1 -1 -1 -1 -1 0 -1 -1 -1 -1 -1 -1 -1 -1 22 -1 -1 -1 -1 -1 -1 -1 -1 -1 -1 -1 -1 -1 -1 -1 -1 21 20 19 18 -1 -1 
-1 -1 -1 9 4 5 6 -1 -1 -1 -1 30 -1 3 -1 -1 -1 -1 -1 -1 -1 -1 2 -1 -1 -1 -1 -1 -1 -1 -1 -1 -1 -1 -1 15 16 -1 -1 -1 -1 -1 -1 -1 -1 11 -1 -1 -1 -1 -1 -1 25 -1 -1 -1 -1 -1 -1 -1 -1 0 -1 -1 -1 -1 -1 22 -1 -1 -1 -1 -1 -1 -1 -1 -1 -1 -1 -1 -1 -1 -1 -1 21 20 19 18 -1 -1 
-1 -1 -1 9 4 5 6 -1 -1 -1 -1 30 -1 3 -1 -1 -1 -1 -1 -1 -1 -1 2 -1 -1 -1 -1 -1 -1 -1 -1 -1 -1 -1 -1 15 16 -1 -1 -1 -1 -1 -1 -1 -1 11 -1 -1 -1 25 -1 -1 -1 -1 -1 -1 -1 -1 -1 -1 -1 0 -1 -1 -1 -1 -1 22 -1 -1 -1 -1 -1 -1 -1 -1 -1 -1 -1 -1 -1 -1 -1 -1 21 20 19 18 -1 -1 
-1 -1 -1 9 4 5 6 -1 -1 -1 -1 30 -1 3 -1 -1 -1 -1 -1 -1 -1 -1 2 -1 -1 -1 -1 -1 -1 -1 -1 -1 -1 -1 -1 15 16 -1 -1 -1 -1 -1 -1 -1 -1 11 -1 -1 -1 25 -1 -1 -1 -1 -1 -1 -1 0 -1 -1 -1 -1 -1 -1 -1 -1 -1 22 -1 -1 -1 -1 -1 -1 -1 -1 -1 -1 -1 -1 -1 -1 -1 -1 21 20 19 18 -1 -1 
-1 -1 -1 9 4 5 6 -1 -1 -1 -1 30 -1 3 -1 -1 -1 -1 -1 -1 -1 -1 2 -1 -1 -1 -1 -1 -1 -1 -1 -1 -1 -1 -1 15 16 -1 -1 -1 -1 -1 -1 -1 -1 11 -1 -1 -1 25 -1 -1 -1 -1 -1 -1 -1 0 -1 -1 -1 -1 -1 -1 -1 -1 -1 22 -1 -1 -1 -1 -1 -1 -1 -1 19 -1 -1 -1 -1 -1 -1 -1 21 20 -1 18 -1 -1 
-1 -1 -1 9 4 5 6 -1 -1 -1 -1 30 -1 3 -1 -1 -1 -1 -1 -1 -1 -1 2 -1 -1 -1 -1 -1 -1 -1 0 -1 -1 -1 -1 15 16 -1 -1 -1 -1 -1 -1 -1 -1 11 -1 -1 -1 25 -1 -1 -1 -1 -1 -1 -1 -1 -1 -1 -1 -1 -1 -1 -1 -1 -1 22 -1 -1 -1 -1 -1 -1 -1 -1 19 -1 -1 -1 -1 -1 -1 -1 21 20 -1 18 -1 -1 
-1 -1 -1 9 4 5 6 -1 -1 16 -1 30 -1 3 -1 -1 -1 -1 -1 -1 -1 -1 2 -1 -1 -1 -1 -1 -1 -1 0 -1 -1 -1 -1 15 -1 -1 -1 -1 -1 -1 -1 -1 -1 11 -1 -1 -1 25 -1 -1 -1 -1 -1 -1 -1 -1 -1 -1 -1 -1 -1 -1 -1 -1 -1 22 -1 -1 -1 -1 -1 -1 -1 -1 19 -1 -1 -1 -1 -1 -1 -1 21 20 -1 18 -1 -1 
-1 -1 -1 9 4 5 6 -1 -1 16 -1 30 -1 3 -1 -1 -1 -1 -1 -1 -1 -1 2 -1 -1 -1 -1 -1 -1 -1 -1 -1 -1 -1 -1 15 -1 -1 -1 -1 -1 -1 -1 -1 -1 11 -1 -1 0 25 -1 -1 -1 -1 -1 -1 -1 -1 -1 -1 -1 -1 -1 -1 -1 -1 -1 22 -1 -1 -1 -1 -1 -1 -1 -1 19 -1 -1 -1 -1 -1 -1 -1 21 20 -1 18 -1 -1 
-1 -1 -1 9 4 5 6 -1 -1 16 -1 30 -1 3 -1 -1 -1 -1 -1 -1 -1 -1 2 -1 -1 -1 -1 -1 -1 -1 -1 25 -1 -1 -1 15 -1 -1 -1 -1 -1 -1 -1 -1 -1 11 -1 -1 0 -1 -1 -1 -1 -1 -1 -1 -1 -1 -1 -1 -1 -1 -1 -1 -1 -1 -1 22 -1 -1 -1 -1 -1 -1 -1 -1 19 -1 -1 -1 -1 -1 -1 -1 21 20 -1 18 -1 -1 
-1 -1 -1 9 4 5 6 -1 -1 16 -1 30 -1 3 -1 -1 -1 -1 -1 -1 -1 -1 2 -1 -1 -1 -1 -1 -1 -1 0 25 -1 -1 -1 15 -1 -1 -1 -1 -1 -1 -1 -1 -1 11 -1 -1 -1 -1 -1 -1 -1 -1 -1 -1 -1 -1 -1 -1 -1 -1 -1 -1 -1 -1 -1 22 -1 -1 -1 -1 -1 -1 -1 -1 19 -1 -1 -1 -1 -1 -1 -1 21 20 -1 18 -1 -1 
-1 -1 -1 9 4 5 6 -1 -1 16 -1 30 -1 3 -1 -1 -1 -1 -1 -1 -1 -1 2 -1 -1 -1 -1 -1 -1 -1 0 -1 -1 -1 -1 15 -1 -1 -1 -1 25 -1 -1 -1 -1 11 -1 -1 -1 -1 -1 -1 -1 -1 -1 -1 -1 -1 -1 -1 -1 -1 -1 -1 -1 -1 -1 22 -1 -1 -1 -1 -1 -1 -1 -1 19 -1 -1 -1 -1 -1 -1 -1 21 20 -1 18 -1 -1 
-1 -1 -1 9 4 5 6 -1 -1 16 -1 30 -1 3 -1 -1 -1 -1 -1 -1 -1 -1 2 -1 -1 -1 -1 -1 -1 -1 -1 -1 -1 -1 -1 15 -1 -1 -1 0 25 -1 -1 -1 -1 11 -1 -1 -1 -1 -1 -1 -1 -1 -1 -1 -1 -1 -1 -1 -1 -1 -1 -1 -1 -1 -1 22 -1 -1 -1 -1 -1 -1 -1 -1 19 -1 -1 -1 -1 -1 -1 -1 21 20 -1 18 -1 -1 
-1 -1 -1 9 4 5 6 -1 -1 16 -1 30 -1 3 -1 -1 -1 -1 -1 -1 -1 -1 2 -1 -1 -1 -1 -1 -1 -1 -1 25 -1 -1 -1 15 -1 -1 -1 0 -1 -1 -1 -1 -1 11 -1 -1 -1 -1 -1 -1 -1 -1 -1 -1 -1 -1 -1 -1 -1 -1 -1 -1 -1 -1 -1 22 -1 -1 -1 -1 -1 -1 -1 -1 19 -1 -1 -1 -1 -1 -1 -1 21 20 -1 18 -1 -1 
-1 -1 -1 9 4 5 6 -1 -1 16 -1 30 -1 3 -1 -1 -1 -1 -1 -1 -1 -1 2 -1 -1 -1 -1 -1 -1 -1 0 25 -1 -1 -1 15 -1 -1 -1 -1 -1 -1 -1 -1 -1 11 -1 -1 -1 -1 -1 -1 -1 -1 -1 -1 -1 -1 -1 -1 -1 -1 -1 -1 -1 -1 -1 22 -1 -1 -1 -1 -1 -1 -1 -1 19 -1 -1 -1 -1 -1 -1 -1 21 20 -1 18 -1 -1 
-1 -1 -1 9 4 5 6 -1 -1 16 -1 30 -1 3 -1 -1 -1 -1 -1 -1 -1 -1 2 -1 -1 -1 -1 -1 -1 -1 0 -1 -1 -1 -1 15 -1 -1 -1 -1 25 -1 -1 -1 -1 11 -1 -1 -1 -1 -1 -1 -1 -1 -1 -1 -1 -1 -1 -1 -1 -1 -1 -1 -1 -1 -1 22 -1 -1 -1 -1 -1 -1 -1 -1 19 -1 -1 -1 -1 -1 -1 -1 21 20 -1 18 -1 -1 
-1 -1 -1 9 4 5 6 -1 -1 16 -1 30 -1 3 -1 -1 -1 -1 -1 -1 -1 -1 2 -1 -1 -1 -1 -1 -1 -1 -1 0 -1 -1 -1 15 -1 -1 -1 -1 25 -1 -1 -1 -1 11 -1 -1 -1 -1 -1 -1 -1 -1 -1 -1 -1 -1 -1 -1 -1 -1 -1 -1 -1 -1 -1 22 -1 -1 -1 -1 -1 -1 -1 -1 19 -1 -1 -1 -1 -1 -1 -1 21 20 -1 18 -1 -1 
-1 -1 -1 9 4 5 6 -1 -1 16 -1 30 -1 3 -1 -1 -1 -1 -1 -1 -1 -1 2 -1 -1 -1 -1 -1 -1 -1 -1 0 -1 -1 -1 15 -1 25 -1 -1 -1 -1 -1 -1 -1 11 -1 -1 -1 -1 -1 -1 -1 -1 -1 -1 -1 -1 -1 -1 -1 -1 -1 -1 -1 -1 -1 22 -1 -1 -1 -1 -1 -1 -1 -1 19 -1 -1 -1 -1 -1 -1 -1 21 20 -1 18 -1 -1 
-1 -1 -1 9 4 5 6 -1 -1 16 -1 30 -1 3 -1 -1 -1 -1 -1 -1 -1 -1 2 -1 -1 -1 -1 -1 0 -1 -1 -1 -1 -1 -1 15 -1 25 -1 -1 -1 -1 -1 -1 -1 11 -1 -1 -1 -1 -1 -1 -1 -1 -1 -1 -1 -1 -1 -1 -1 -1 -1 -1 -1 -1 -1 22 -1 -1 -1 -1 -1 -1 -1 -1 19 -1 -1 -1 -1 -1 -1 -1 21 20 -1 18 -1 -1 
-1 -1 -1 9 4 5 6 -1 -1 16 -1 30 -1 3 -1 -1 -1 -1 -1 -1 -1 -1 2 -1 -1 -1 -1 -1 0 -1 -1 -1 -1 -1 -1 15 -1 -1 -1 -1 25 -1 -1 -1 -1 11 -1 -1 -1 -1 -1 -1 -1 -1 -1 -1 -1 -1 -1 -1 -1 -1 -1 -1 -1 -1 -1 22 -1 -1 -1 -1 -1 -1 -1 -1 19 -1 -1 -1 -1 -1 -1 -1 21 20 -1 18 -1 -1 
-1 -1 -1 9 4 5 6 -1 -1 16 -1 30 -1 3 -1 -1 -1 -1 -1 -1 -1 -1 2 -1 -1 -1 -1 -1 -1 -1 -1 0 -1 -1 -1 15 -1 -1 -1 -1 25 -1 -1 -1 -1 11 -1 -1 -1 -1 -1 -1 -1 -1 -1 -1 -1 -1 -1 -1 -1 -1 -1 -1 -1 -1 -1 22 -1 -1 -1 -1 -1 -1 -1 -1 19 -1 -1 -1 -1 -1 -1 -1 21 20 -1 18 -1 -1 
-1 -1 -1 9 4 5 6 -1 -1 16 -1 30 -1 3 -1 -1 -1 -1 -1 -1 -1 -1 2 -1 -1 -1 -1 -1 -1 -1 -1 0 -1 -1 -1 15 -1 25 -1 -1 -1 -1 -1 -1 -1 11 -1 -1 -1 -1 -1 -1 -1 -1 -1 -1 -1 -1 -1 -1 -1 -1 -1 -1 -1 -1 -1 22 -1 -1 -1 -1 -1 -1 -1 -1 19 -1 -1 -1 -1 -1 -1 -1 21 20 -1 18 -1 -1 
-1 -1 -1 9 4 5 6 -1 -1 16 -1 30 -1 3 -1 -1 -1 -1 -1 -1 -1 -1 2 -1 -1 -1 -1 -1 0 -1 -1 -1 -1 -1 -1 15 -1 25 -1 -1 -1 -1 -1 -1 -1 11 -1 -1 -1 -1 -1 -1 -1 -1 -1 -1 -1 -1 -1 -1 -1 -1 -1 -1 -1 -1 -1 22 -1 -1 -1 -1 -1 -1 -1 -1 19 -1 -1 -1 -1 -1 -1 -1 21 20 -1 18 -1 -1 
-1 -1 -1 9 4 5 6 -1 -1 16 -1 30 -1 3 -1 -1 -1 -1 -1 -1 -1 -1 2 -1 -1 -1 -1 -1 0 -1 -1 -1 -1 -1 -1 15 -1 -1 -1 -1 25 -1 -1 -1 -1 11 -1 -1 -1 -1 -1 -1 -1 -1 -1 -1 -1 -1 -1 -1 -1 -1 -1 -1 -1 -1 -1 22 -1 -1 -1 -1 -1 -1 -1 -1 19 -1 -1 -1 -1 -1 -1 -1 21 20 -1 18 -1 -1 
-1 -1 -1 9 4 5 6 -1 -1 16 -1 30 -1 3 -1 -1 -1 -1 -1 -1 -1 -1 2 -1 -1 -1 -1 -1 0 -1 -1 -1 -1 -1 -1 15 -1 -1 -1 -1 25 -1 -1 -1 -1 -1 11 -1 -1 -1 -1 -1 -1 -1 -1 -1 -1 -1 -1 -1 -1 -1 -1 -1 -1 -1 -1 22 -1 -1 -1 -1 -1 -1 -1 -1 19 -1 -1 -1 -1 -1 -1 -1 21 20 -1 18 -1 -1 
-1 -1 -1 9 4 5 6 -1 -1 16 -1 -1 30 3 -1 -1 -1 -1 -1 -1 -1 -1 2 -1 -1 -1 -1 -1 0 -1 -1 -1 -1 -1 -1 15 -1 -1 -1 -1 25 -1 -1 -1 -1 -1 11 -1 -1 -1 -1 -1 -1 -1 -1 -1 -1 -1 -1 -1 -1 -1 -1 -1 -1 -1 -1 22 -1 -1 -1 -1 -1 -1 -1 -1 19 -1 -1 -1 -1 -1 -1 -1 21 20 -1 18 -1 -1 
-1 -1 -1 9 4 5 6 -1 -1 16 -1 -1 30 3 -1 -1 -1 -1 -1 -1 -1 -1 2 -1 -1 -1 -1 -1 -1 -1 -1 0 -1 -1 -1 15 -1 -1 -1 -1 25 -1 -1 -1 -1 -1 11 -1 -1 -1 -1 -1 -1 -1 -1 -1 -1 -1 -1 -1 -1 -1 -1 -1 -1 -1 -1 22 -1 -1 -1 -1 -1 -1 -1 -1 19 -1 -1 -1 -1 -1 -1 -1 21 20 -1 18 -1 -1 
-1 -1 -1 9 4 5 6 -1 -1 16 -1 -1 30 3 -1 -1 -1 -1 -1 -1 -1 -1 2 -1 -1 -1 -1 -1 -1 -1 -1 0 -1 -1 -1 15 -1 25 -1 -1 -1 -1 -1 -1 -1 -1 11 -1 -1 -1 -1 -1 -1 -1 -1 -1 -1 -1 -1 -1 -1 -1 -1 -1 -1 -1 -1 22 -1 -1 -1 -1 -1 -1 -1 -1 19 -1 -1 -1 -1 -1 -1 -1 21 20 -1 18 -1 -1 
-1 -1 -1 9 4 5 6 -1 -1 16 -1 -1 30 3 -1 -1 -1 -1 -1 -1 -1 -1 2 -1 -1 -1 -1 -1 0 -1 -1 -1 -1 -1 -1 15 -1 25 -1 -1 -1 -1 -1 -1 -1 -1 11 -1 -1 -1 -1 -1 -1 -1 -1 -1 -1 -1 -1 -1 -1 -1 -1 -1 -1 -1 -1 22 -1 -1 -1 -1 -1 -1 -1 -1 19 -1 -1 -1 -1 -1 -1 -1 21 20 -1 18 -1 -1 
-1 -1 -1 9 4 5 6 -1 -1 16 -1 -1 30 3 -1 -1 -1 -1 -1 -1 -1 -1 2 -1 -1 -1 -1 -1 0 -1 -1 -1 -1 -1 -1 15 -1 -1 -1 -1 25 -1 -1 -1 -1 -1 11 -1 -1 -1 -1 -1 -1 -1 -1 -1 -1 -1 -1 -1 -1 -1 -1 -1 -1 -1 -1 22 -1 -1 -1 -1 -1 -1 -1 -1 19 -1 -1 -1 -1 -1 -1 -1 21 20 -1 18 -1 -1 
-1 -1 -1 9 4 5 6 -1 -1 16 -1 -1 30 3 -1 -1 -1 -1 -1 -1 -1 -1 2 -1 -1 -1 -1 -1 -1 -1 -1 0 -1 -1 -1 15 -1 -1 -1 -1 25 -1 -1 -1 -1 -1 11 -1 -1 -1 -1 -1 -1 -1 -1 -1 -1 -1 -1 -1 -1 -1 -1 -1 -1 -1 -1 22 -1 -1 -1 -1 -1 -1 -1 -1 19 -1 -1 -1 -1 -1 -1 -1 21 20 -1 18 -1 -1 
-1 -1 -1 9 4 5 6 -1 -1 16 -1 -1 30 3 -1 -1 -1 -1 -1 -1 -1 -1 2 -1 -1 -1 -1 -1 -1 -1 -1 0 -1 -1 -1 15 -1 25 -1 -1 -1 -1 -1 -1 -1 -1 11 -1 -1 -1 -1 -1 -1 -1 -1 -1 -1 -1 -1 -1 -1 -1 -1 -1 -1 -1 -1 22 -1 -1 -1 -1 -1 -1 -1 -1 19 -1 -1 -1 -1 -1 -1 -1 21 20 -1 18 -1 -1 
-1 -1 -1 9 4 5 6 -1 -1 16 -1 -1 30 3 -1 -1 -1 -1 -1 -1 -1 -1 2 -1 -1 -1 -1 -1 0 -1 -1 -1 -1 -1 -1 15 -1 25 -1 -1 -1 -1 -1 -1 -1 -1 11 -1 -1 -1 -1 -1 -1 -1 -1 -1 -1 -1 -1 -1 -1 -1 -1 -1 -1 -1 -1 22 -1 -1 -1 -1 -1 -1 -1 -1 19 -1 -1 -1 -1 -1 -1 -1 21 20 -1 18 -1 -1 
-1 -1 -1 9 4 5 6 -1 -1 16 -1 -1 30 3 -1 -1 -1 -1 -1 -1 -1 -1 2 -1 -1 -1 -1 -1 0 -1 -1 -1 -1 -1 -1 15 -1 -1 -1 -1 25 -1 -1 -1 -1 -1 11 -1 -1 -1 -1 -1 -1 -1 -1 -1 -1 -1 -1 -1 -1 -1 -1 -1 -1 -1 -1 22 -1 -1 -1 -1 -1 -1 -1 -1 19 -1 -1 -1 -1 -1 -1 -1 21 20 -1 18 -1 -1 
-1 -1 -1 9 4 5 6 -1 -1 16 -1 -1 30 3 -1 -1 -1 -1 -1 -1 -1 -1 2 -1 -1 -1 -1 -1 -1 -1 -1 0 -1 -1 -1 15 -1 -1 -1 -1 25 -1 -1 -1 -1 -1 11 -1 -1 -1 -1 -1 -1 -1 -1 -1 -1 -1 -1 -1 -1 -1 -1 -1 -1 -1 -1 22 -1 -1 -1 -1 -1 -1 -1 -1 19 -1 -1 -1 -1 -1 -1 -1 21 20 -1 18 -1 -1 
-1 -1 -1 9 4 5 6 -1 -1 16 -1 -1 30 3 -1 -1 -1 -1 -1 -1 -1 -1 2 -1 -1 -1 -1 -1 -1 -1 -1 0 -1 -1 -1 15 -1 25 -1 -1 -1 -1 -1 -1 -1 -1 11 -1 -1 -1 -1 -1 -1 -1 -1 -1 -1 -1 -1 -1 -1 -1 -1 -1 -1 -1 -1 22 -1 -1 -1 -1 -1 -1 -1 -1 19 -1 -1 -1 -1 -1 -1 -1 21 20 -1 18 -1 -1 
-1 -1 -1 9 4 5 6 -1 -1 16 -1 -1 30 3 -1 -1 -1 -1 -1 -1 -1 -1 2 -1 -1 -1 -1 -1 0 -1 -1 -1 -1 -1 -1 15 -1 25 -1 -1 -1 -1 -1 -1 -1 -1 11 -1 -1 -1 -1 -1 -1 -1 -1 -1 -1 -1 -1 -1 -1 -1 -1 -1 -1 -1 -1 22 -1 -1 -1 -1 -1 -1 -1 -1 19 -1 -1 -1 -1 -1 -1 -1 21 20 -1 18 -1 -1 
-1 -1 -1 9 4 5 6 -1 -1 16 -1 -1 30 3 -1 -1 -1 -1 -1 -1 -1 -1 2 -1 -1 -1 -1 -1 0 -1 -1 -1 -1 -1 -1 15 -1 -1 -1 -1 25 -1 -1 -1 -1 -1 11 -1 -1 -1 -1 -1 -1 -1 -1 -1 -1 -1 -1 -1 -1 -1 -1 -1 -1 -1 -1 22 -1 -1 -1 -1 -1 -1 -1 -1 19 -1 -1 -1 -1 -1 -1 -1 21 20 -1 18 -1 -1 
