0 1 2 3 4 5 6 7 8 -1 -1 -1 -1 -1 -1 -1 -1 -1 -1 9 -1 -1 -1 -1 -1 10 -1 11 -1 12 -1 13 -1 14 -1 15 -1 -1 -1 -1 -1 -1 -1 -1 -1 -1 -1 -1 -1 -1 -1 -1 -1 -1 -1 -1 -1 -1 29 -1 28 -1 27 -1 26 -1 -1 25 -1 -1 -1 -1 -1 -1 -1 -1 -1 -1 -1 -1 -1 24 23 22 21 20 19 18 17 16 
0 1 2 3 4 5 6 -1 8 -1 -1 -1 -1 -1 -1 -1 -1 -1 -1 9 -1 -1 -1 -1 7 10 -1 11 -1 12 -1 13 -1 14 -1 15 -1 -1 -1 -1 -1 -1 -1 -1 -1 -1 -1 -1 -1 -1 -1 -1 -1 -1 -1 -1 -1 -1 29 -1 28 -1 27 -1 26 -1 -1 25 -1 -1 -1 -1 -1 -1 -1 -1 -1 -1 -1 -1 -1 24 23 22 21 20 19 18 17 16 
0 1 2 3 4 5 6 -1 8 -1 -1 -1 -1 -1 -1 -1 -1 -1 -1 9 -1 -1 -1 -1 7 10 -1 11 -1 12 -1 13 -1 14 -1 15 -1 -1 -1 -1 -1 -1 -1 -1 -1 -1 -1 -1 -1 -1 -1 -1 -1 -1 -1 -1 -1 -1 29 -1 28 -1 27 -1 26 -1 -1 25 -1 17 -1 -1 -1 -1 -1 -1 -1 -1 -1 -1 -1 24 23 22 21 20 19 18 -1 16 
0 1 2 3 4 5 6 8 -1 -1 -1 -1 -1 -1 -1 -1 -1 -1 -1 9 -1 -1 -1 -1 7 10 -1 11 -1 12 -1 13 -1 14 -1 15 -1 -1 -1 -1 -1 -1 -1 -1 -1 -1 -1 -1 -1 -1 -1 -1 -1 -1 -1 -1 -1 -1 29 -1 28 -1 27 -1 26 -1 -1 25 -1 17 -1 -1 -1 -1 -1 -1 -1 -1 -1 -1 -1 24 23 22 21 20 19 18 -1 16 
0 1 2 3 4 5 6 8 -1 -1 -1 -1 -1 -1 -1 -1 -1 -1 -1 9 -1 -1 -1 -1 7 10 -1 11 -1 12 -1 13 -1 14 -1 15 -1 -1 -1 -1 -1 -1 -1 -1 -1 -1 -1 -1 -1 -1 -1 -1 -1 -1 -1 -1 -1 -1 29 -1 28 -1 27 -1 26 -1 -1 25 -1 17 -1 -1 -1 -1 -1 -1 -1 -1 -1 -1 -1 24 23 22 21 20 19 18 16 -1 
0 1 2 3 4 5 6 8 -1 -1 -1 -1 -1 -1 -1 -1 -1 -1 -1 9 -1 -1 -1 -1 7 10 -1 11 -1 12 -1 13 -1 -1 -1 15 -1 -1 -1 -1 -1 -1 14 -1 -1 -1 -1 -1 -1 -1 -1 -1 -1 -1 -1 -1 -1 -1 29 -1 28 -1 27 -1 26 -1 -1 25 -1 17 -1 -1 -1 -1 -1 -1 -1 -1 -1 -1 -1 24 23 22 21 20 19 18 16 -1 
0 1 2 3 4 5 6 8 -1 -1 -1 -1 -1 -1 -1 -1 -1 -1 -1 9 -1 -1 -1 -1 7 10 -1 11 -1 12 -1 13 -1 -1 -1 15 -1 -1 -1 -1 -1 -1 14 -1 -1 -1 -1 -1 -1 -1 -1 -1 -1 -1 -1 -1 -1 -1 29 -1 28 -1 27 -1 -1 -1 26 25 -1 17 -1 -1 -1 -1 -1 -1 -1 -1 -1 -1 -1 24 23 22 21 20 19 18 16 -1 
0 1 2 3 4 5 6 8 -1 -1 -1 -1 -1 -1 -1 -1 -1 -1 -1 9 -1 -1 -1 -1 7 -1 -1 11 -1 12 -1 13 -1 -1 -1 15 -1 -1 -1 -1 -1 -1 14 -1 -1 -1 -1 -1 -1 -1 -1 -1 -1 -1 -1 -1 -1 -1 29 -1 28 10 27 -1 -1 -1 26 25 -1 17 -1 -1 -1 -1 -1 -1 -1 -1 -1 -1 -1 24 23 22 21 20 19 18 16 -1 
0 1 2 3 4 5 6 8 -1 -1 -1 -1 -1 -1 -1 -1 -1 -1 -1 9 -1 -1 -1 -1 7 -1 -1 11 -1 12 -1 13 -1 -1 -1 15 -1 -1 -1 -1 -1 -1 14 -1 -1 -1 -1 -1 -1 -1 -1 -1 -1 -1 -1 -1 -1 -1 29 -1 28 10 27 -1 -1 23 26 25 -1 17 -1 -1 -1 -1 -1 -1 -1 -1 -1 -1 -1 24 -1 22 21 20 19 18 16 -1 
0 -1 2 3 4 5 6 8 -1 -1 -1 -1 -1 -1 -1 -1 -1 -1 1 9 -1 -1 -1 -1 7 -1 -1 11 -1 12 -1 13 -1 -1 -1 15 -1 -1 -1 -1 -1 -1 14 -1 -1 -1 -1 -1 -1 -1 -1 -1 -1 -1 -1 -1 -1 -1 29 -1 28 10 27 -1 -1 23 26 25 -1 17 -1 -1 -1 -1 -1 -1 -1 -1 -1 -1 -1 24 -1 22 21 20 19 18 16 -1 
0 -1 2 3 4 5 6 8 -1 -1 -1 -1 -1 -1 -1 -1 -1 -1 1 9 -1 -1 -1 -1 7 -1 -1 11 -1 12 -1 13 -1 -1 -1 15 -1 -1 -1 -1 -1 -1 14 -1 -1 -1 -1 -1 -1 -1 -1 -1 -1 -1 -1 -1 -1 -1 29 -1 28 10 27 -1 -1 23 26 25 -1 17 -1 -1 -1 -1 -1 -1 -1 -1 -1 -1 -1 -1 24 22 21 20 19 18 16 -1 
-1 0 2 3 4 5 6 8 -1 -1 -1 -1 -1 -1 -1 -1 -1 -1 1 9 -1 -1 -1 -1 7 -1 -1 11 -1 12 -1 13 -1 -1 -1 15 -1 -1 -1 -1 -1 -1 14 -1 -1 -1 -1 -1 -1 -1 -1 -1 -1 -1 -1 -1 -1 -1 29 -1 28 10 27 -1 -1 23 26 25 -1 17 -1 -1 -1 -1 -1 -1 -1 -1 -1 -1 -1 -1 24 22 21 20 19 18 16 -1 
-1 0 2 3 4 5 6 8 -1 -1 -1 -1 -1 -1 -1 -1 -1 -1 1 9 -1 -1 -1 -1 7 -1 -1 11 -1 12 -1 13 -1 -1 -1 15 -1 -1 -1 -1 -1 -1 14 -1 -1 -1 -1 -1 -1 -1 -1 28 -1 -1 -1 -1 -1 -1 29 -1 -1 10 27 -1 -1 23 26 25 -1 17 -1 -1 -1 -1 -1 -1 -1 -1 -1 -1 -1 -1 24 22 21 20 19 18 16 -1 
-1 0 2 3 4 5 6 8 -1 -1 -1 -1 -1 -1 -1 -1 -1 -1 1 9 -1 -1 -1 -1 7 -1 -1 11 -1 12 -1 13 -1 -1 -1 15 -1 -1 -1 -1 -1 -1 -1 -1 -1 -1 -1 -1 -1 -1 -1 14 -1 -1 -1 -1 -1 -1 29 -1 -1 10 27 -1 -1 23 26 25 -1 17 -1 -1 -1 -1 -1 -1 -1 -1 -1 -1 -1 -1 24 22 21 20 19 18 16 -1 
-1 0 2 3 4 5 6 8 -1 -1 -1 -1 -1 -1 -1 -1 -1 -1 1 9 -1 -1 -1 -1 7 -1 -1 11 -1 12 -1 13 -1 -1 -1 15 -1 -1 -1 -1 -1 -1 -1 -1 -1 -1 24 -1 -1 -1 -1 14 -1 -1 -1 -1 -1 -1 29 -1 -1 10 27 -1 -1 23 26 25 -1 17 -1 -1 -1 -1 -1 -1 -1 -1 -1 -1 -1 -1 -1 22 21 20 19 18 16 -1 
-1 0 -1 3 4 5 6 8 -1 -1 -1 -1 -1 -1 -1 -1 -1 -1 1 9 -1 -1 2 -1 7 -1 -1 11 -1 12 -1 13 -1 -1 -1 15 -1 -1 -1 -1 -1 -1 -1 -1 -1 -1 24 -1 -1 -1 -1 14 -1 -1 -1 -1 -1 -1 29 -1 -1 10 27 -1 -1 23 26 25 -1 17 -1 -1 -1 -1 -1 -1 -1 -1 -1 -1 -1 -1 -1 22 21 20 19 18 16 -1 
-1 0 -1 3 4 5 6 8 -1 -1 -1 -1 -1 -1 -1 -1 -1 -1 1 9 -1 -1 2 -1 7 -1 -1 11 -1 12 -1 13 -1 -1 -1 15 -1 -1 -1 -1 -1 -1 -1 -1 -1 -1 -1 -1 -1 -1 -1 24 -1 -1 -1 -1 -1 -1 29 -1 -1 10 27 -1 -1 23 26 25 -1 17 -1 -1 -1 -1 -1 -1 -1 -1 -1 -1 -1 -1 -1 22 21 20 19 18 16 -1 
-1 0 -1 3 4 5 6 8 -1 -1 -1 -1 -1 -1 -1 -1 -1 -1 1 9 -1 -1 2 -1 7 -1 -1 11 -1 12 -1 13 -1 -1 -1 15 -1 -1 -1 -1 -1 -1 -1 -1 -1 -1 -1 -1 -1 -1 -1 24 -1 -1 -1 -1 10 -1 29 -1 -1 -1 27 -1 -1 23 26 25 -1 17 -1 -1 -1 -1 -1 -1 -1 -1 -1 -1 -1 -1 -1 22 21 20 19 18 16 -1 
-1 0 -1 3 4 5 6 16 -1 -1 -1 -1 -1 -1 -1 -1 -1 -1 1 9 -1 -1 2 -1 7 -1 -1 11 -1 12 -1 13 -1 -1 -1 15 -1 -1 -1 -1 -1 -1 -1 -1 -1 -1 -1 -1 -1 -1 -1 24 -1 -1 -1 -1 10 -1 29 -1 -1 -1 27 -1 -1 23 26 25 -1 17 -1 -1 -1 -1 -1 -1 -1 -1 -1 -1 -1 -1 -1 22 21 20 19 18 -1 -1 
-1 0 -1 3 4 5 6 16 -1 -1 -1 -1 -1 -1 -1 -1 -1 -1 1 9 -1 -1 2 -1 7 -1 -1 11 -1 12 -1 13 -1 -1 -1 15 -1 -1 -1 -1 -1 -1 -1 -1 -1 -1 -1 -1 -1 -1 -1 24 -1 -1 -1 -1 -1 -1 29 -1 -1 -1 27 -1 -1 23 26 25 -1 17 -1 -1 -1 -1 -1 -1 -1 -1 -1 -1 -1 -1 -1 10 21 20 19 18 -1 -1 
-1 0 -1 3 4 5 6 16 -1 -1 -1 -1 -1 -1 -1 -1 -1 -1 1 9 -1 -1 2 -1 7 -1 -1 11 -1 12 -1 13 -1 -1 -1 15 -1 -1 -1 -1 -1 -1 -1 -1 -1 -1 -1 -1 -1 -1 -1 24 -1 -1 -1 -1 -1 -1 29 -1 -1 -1 27 -1 -1 23 26 25 -1 17 -1 -1 -1 -1 -1 -1 21 -1 -1 -1 -1 -1 -1 10 -1 20 19 18 -1 -1 
-1 0 -1 3 4 5 6 7 -1 -1 -1 -1 -1 -1 -1 -1 -1 -1 1 9 -1 -1 2 -1 -1 -1 -1 11 -1 12 -1 13 -1 -1 -1 15 -1 -1 -1 -1 -1 -1 -1 -1 -1 -1 -1 -1 -1 -1 -1 24 -1 -1 -1 -1 -1 -1 29 -1 -1 -1 27 -1 -1 23 26 25 -1 17 -1 -1 -1 -1 -1 -1 21 -1 -1 -1 -1 -1 -1 10 -1 20 19 18 -1 -1 
-1 0 -1 3 4 5 6 7 -1 -1 -1 -1 -1 -1 -1 -1 -1 -1 1 9 -1 -1 2 -1 -1 -1 -1 11 -1 12 -1 13 -1 -1 -1 15 -1 -1 -1 -1 -1 -1 -1 -1 -1 -1 23 -1 -1 -1 -1 24 -1 -1 -1 -1 -1 -1 29 -1 -1 -1 27 -1 -1 -1 26 25 -1 17 -1 -1 -1 -1 -1 -1 21 -1 -1 -1 -1 -1 -1 10 -1 20 19 18 -1 -1 
-1 0 -1 3 4 5 6 -1 -1 -1 -1 -1 -1 -1 -1 -1 -1 -1 1 9 -1 -1 2 -1 7 -1 -1 11 -1 12 -1 13 -1 -1 -1 15 -1 -1 -1 -1 -1 -1 -1 -1 -1 -1 23 -1 -1 -1 -1 24 -1 -1 -1 -1 -1 -1 29 -1 -1 -1 27 -1 -1 -1 26 25 -1 17 -1 -1 -1 -1 -1 -1 21 -1 -1 -1 -1 -1 -1 10 -1 20 19 18 -1 -1 
-1 0 -1 3 4 5 6 -1 -1 -1 -1 -1 -1 -1 -1 -1 -1 -1 1 9 -1 -1 2 -1 7 -1 -1 11 -1 12 -1 13 -1 -1 -1 15 -1 -1 -1 -1 -1 -1 -1 -1 -1 -1 23 -1 -1 -1 17 24 -1 -1 -1 -1 -1 -1 29 -1 -1 -1 27 -1 -1 -1 26 25 -1 -1 -1 -1 -1 -1 -1 -1 21 -1 -1 -1 -1 -1 -1 10 -1 20 19 18 -1 -1 
-1 0 -1 3 4 5 6 -1 -1 -1 -1 -1 -1 -1 -1 -1 -1 -1 1 9 -1 -1 2 -1 7 -1 -1 11 -1 -1 -1 13 -1 -1 -1 15 -1 -1 12 -1 -1 -1 -1 -1 -1 -1 23 -1 -1 -1 17 24 -1 -1 -1 -1 -1 -1 29 -1 -1 -1 27 -1 -1 -1 26 25 -1 -1 -1 -1 -1 -1 -1 -1 21 -1 -1 -1 -1 -1 -1 10 -1 20 19 18 -1 -1 
-1 0 -1 3 4 5 6 -1 -1 -1 -1 -1 -1 -1 -1 -1 -1 -1 1 9 -1 -1 2 -1 7 -1 -1 11 -1 -1 -1 13 -1 -1 -1 15 -1 -1 12 17 -1 -1 -1 -1 -1 -1 23 -1 -1 -1 -1 24 -1 -1 -1 -1 -1 -1 29 -1 -1 -1 27 -1 -1 -1 26 25 -1 -1 -1 -1 -1 -1 -1 -1 21 -1 -1 -1 -1 -1 -1 10 -1 20 19 18 -1 -1 
-1 -1 -1 3 4 5 6 -1 -1 -1 0 -1 -1 -1 -1 -1 -1 -1 1 9 -1 -1 2 -1 7 -1 -1 11 -1 -1 -1 13 -1 -1 -1 15 -1 -1 12 17 -1 -1 -1 -1 -1 -1 23 -1 -1 -1 -1 24 -1 -1 -1 -1 -1 -1 29 -1 -1 -1 27 -1 -1 -1 26 25 -1 -1 -1 -1 -1 -1 -1 -1 21 -1 -1 -1 -1 -1 -1 10 -1 20 19 18 -1 -1 
-1 -1 -1 3 4 5 6 -1 -1 -1 0 -1 -1 -1 -1 -1 -1 -1 1 9 -1 -1 2 -1 7 -1 -1 11 -1 -1 -1 13 -1 -1 -1 15 -1 -1 12 17 -1 -1 -1 -1 -1 31 23 -1 -1 -1 -1 24 -1 -1 -1 -1 -1 -1 29 -1 -1 -1 27 -1 -1 -1 26 25 -1 -1 -1 -1 -1 -1 -1 -1 21 -1 -1 -1 -1 -1 -1 10 -1 20 19 18 -1 -1 
-1 -1 -1 3 4 5 6 -1 -1 -1 -1 0 -1 -1 -1 -1 -1 -1 1 9 -1 -1 2 -1 7 -1 -1 11 -1 -1 -1 13 -1 -1 -1 15 -1 -1 12 17 -1 -1 -1 -1 -1 31 23 -1 -1 -1 -1 24 -1 -1 -1 -1 -1 -1 29 -1 -1 -1 27 -1 -1 -1 26 25 -1 -1 -1 -1 -1 -1 -1 -1 21 -1 -1 -1 -1 -1 -1 10 -1 20 19 18 -1 -1 
-1 -1 -1 3 4 5 6 -1 -1 -1 -1 0 -1 -1 -1 -1 -1 -1 1 9 -1 -1 2 -1 7 -1 -1 11 -1 -1 -1 13 -1 -1 -1 15 -1 -1 12 17 -1 -1 -1 -1 -1 31 23 -1 -1 -1 -1 24 -1 -1 -1 -1 -1 -1 29 -1 -1 -1 27 -1 -1 26 -1 25 -1 -1 -1 -1 -1 -1 -1 -1 21 -1 -1 -1 -1 -1 -1 10 -1 20 19 18 -1 -1 
-1 -1 -1 3 4 5 6 -1 -1 -1 -1 -1 0 -1 -1 -1 -1 -1 1 9 -1 -1 2 -1 7 -1 -1 11 -1 -1 -1 13 -1 -1 -1 15 -1 -1 12 17 -1 -1 -1 -1 -1 31 23 -1 -1 -1 -1 24 -1 -1 -1 -1 -1 -1 29 -1 -1 -1 27 -1 -1 26 -1 25 -1 -1 -1 -1 -1 -1 -1 -1 21 -1 -1 -1 -1 -1 -1 10 -1 20 19 18 -1 -1 
-1 -1 -1 3 4 5 6 -1 -1 -1 -1 -1 0 -1 -1 -1 -1 -1 1 9 17 -1 2 -1 7 -1 -1 11 -1 -1 -1 13 -1 -1 -1 15 -1 -1 12 -1 -1 -1 -1 -1 -1 31 23 -1 -1 -1 -1 24 -1 -1 -1 -1 -1 -1 29 -1 -1 -1 27 -1 -1 26 -1 25 -1 -1 -1 -1 -1 -1 -1 -1 21 -1 -1 -1 -1 -1 -1 10 -1 20 19 18 -1 -1 
-1 1 -1 3 4 5 6 -1 -1 -1 -1 -1 0 -1 -1 -1 -1 -1 -1 9 17 -1 2 -1 7 -1 -1 11 -1 -1 -1 13 -1 -1 -1 15 -1 -1 12 -1 -1 -1 -1 -1 -1 31 23 -1 -1 -1 -1 24 -1 -1 -1 -1 -1 -1 29 -1 -1 -1 27 -1 -1 26 -1 25 -1 -1 -1 -1 -1 -1 -1 -1 21 -1 -1 -1 -1 -1 -1 10 -1 20 19 18 -1 -1 
-1 1 -1 3 4 5 6 -1 -1 -1 -1 -1 0 -1 -1 -1 -1 -1 -1 9 -1 -1 2 -1 7 -1 -1 11 -1 -1 -1 17 -1 -1 -1 15 -1 -1 12 -1 -1 -1 -1 -1 -1 31 23 -1 -1 -1 -1 24 -1 -1 -1 -1 -1 -1 29 -1 -1 -1 27 -1 -1 26 -1 25 -1 -1 -1 -1 -1 -1 -1 -1 21 -1 -1 -1 -1 -1 -1 10 -1 20 19 18 -1 -1 
-1 1 -1 3 4 5 6 -1 -1 -1 -1 -1 0 -1 -1 -1 -1 -1 -1 9 -1 -1 2 -1 7 -1 -1 11 -1 -1 -1 17 -1 -1 -1 15 -1 -1 -1 -1 -1 -1 -1 -1 -1 31 23 12 -1 -1 -1 24 -1 -1 -1 -1 -1 -1 29 -1 -1 -1 27 -1 -1 26 -1 25 -1 -1 -1 -1 -1 -1 -1 -1 21 -1 -1 -1 -1 -1 -1 10 -1 20 19 18 -1 -1 
-1 1 -1 3 4 5 6 -1 -1 -1 -1 -1 0 -1 -1 -1 -1 -1 -1 9 -1 -1 2 -1 17 -1 -1 11 -1 -1 -1 -1 -1 -1 -1 15 -1 -1 -1 -1 -1 -1 -1 -1 -1 31 23 12 -1 -1 -1 24 -1 -1 -1 -1 -1 -1 29 -1 -1 -1 27 -1 -1 26 -1 25 -1 -1 -1 -1 -1 -1 -1 -1 21 -1 -1 -1 -1 -1 -1 10 -1 20 19 18 -1 -1 
-1 1 -1 3 4 5 6 -1 -1 -1 -1 -1 -1 -1 -1 0 -1 -1 -1 9 -1 -1 2 -1 17 -1 -1 11 -1 -1 -1 -1 -1 -1 -1 15 -1 -1 -1 -1 -1 -1 -1 -1 -1 31 23 12 -1 -1 -1 24 -1 -1 -1 -1 -1 -1 29 -1 -1 -1 27 -1 -1 26 -1 25 -1 -1 -1 -1 -1 -1 -1 -1 21 -1 -1 -1 -1 -1 -1 10 -1 20 19 18 -1 -1 
-1 1 -1 3 4 5 6 -1 -1 -1 -1 -1 -1 -1 -1 0 -1 -1 -1 9 -1 -1 2 -1 17 -1 -1 11 -1 -1 -1 -1 -1 -1 -1 15 -1 -1 -1 -1 -1 -1 -1 -1 -1 31 23 12 -1 -1 -1 24 -1 -1 -1 -1 -1 -1 29 -1 -1 -1 27 26 -1 -1 -1 25 -1 -1 -1 -1 -1 -1 -1 -1 21 -1 -1 -1 -1 -1 -1 10 -1 20 19 18 -1 -1 
-1 1 -1 3 4 5 6 -1 -1 -1 -1 -1 -1 -1 -1 0 -1 -1 -1 9 -1 -1 2 -1 17 -1 -1 11 -1 -1 -1 -1 -1 -1 -1 15 -1 -1 -1 -1 -1 -1 -1 -1 -1 31 12 -1 -1 -1 -1 24 -1 -1 -1 -1 -1 -1 29 -1 -1 -1 27 26 -1 -1 -1 25 -1 -1 -1 -1 -1 -1 -1 -1 21 -1 -1 -1 -1 -1 -1 10 -1 20 19 18 -1 -1 
-1 1 -1 3 4 5 6 -1 -1 -1 -1 -1 -1 -1 -1 0 -1 -1 -1 9 -1 -1 2 -1 17 -1 -1 11 -1 -1 -1 -1 -1 -1 -1 15 -1 -1 -1 -1 -1 -1 -1 -1 -1 31 24 -1 -1 -1 -1 -1 -1 -1 -1 -1 -1 -1 29 -1 -1 -1 27 26 -1 -1 -1 25 -1 -1 -1 -1 -1 -1 -1 -1 21 -1 -1 -1 -1 -1 -1 10 -1 20 19 18 -1 -1 
-1 1 -1 3 4 5 6 -1 -1 -1 -1 -1 -1 -1 -1 0 -1 -1 -1 -1 -1 -1 2 -1 9 -1 -1 11 -1 -1 -1 -1 -1 -1 -1 15 -1 -1 -1 -1 -1 -1 -1 -1 -1 31 24 -1 -1 -1 -1 -1 -1 -1 -1 -1 -1 -1 29 -1 -1 -1 27 26 -1 -1 -1 25 -1 -1 -1 -1 -1 -1 -1 -1 21 -1 -1 -1 -1 -1 -1 10 -1 20 19 18 -1 -1 
-1 1 -1 3 4 5 6 -1 -1 -1 -1 -1 -1 -1 -1 0 -1 -1 -1 -1 -1 -1 2 -1 9 -1 -1 26 -1 -1 -1 -1 -1 -1 -1 15 -1 -1 -1 -1 -1 -1 -1 -1 -1 31 24 -1 -1 -1 -1 -1 -1 -1 -1 -1 -1 -1 29 -1 -1 -1 27 -1 -1 -1 -1 25 -1 -1 -1 -1 -1 -1 -1 -1 21 -1 -1 -1 -1 -1 -1 10 -1 20 19 18 -1 -1 
-1 -1 -1 3 4 5 6 -1 -1 -1 -1 -1 -1 -1 -1 0 -1 -1 1 -1 -1 -1 2 -1 9 -1 -1 26 -1 -1 -1 -1 -1 -1 -1 15 -1 -1 -1 -1 -1 -1 -1 -1 -1 31 24 -1 -1 -1 -1 -1 -1 -1 -1 -1 -1 -1 29 -1 -1 -1 27 -1 -1 -1 -1 25 -1 -1 -1 -1 -1 -1 -1 -1 21 -1 -1 -1 -1 -1 -1 10 -1 20 19 18 -1 -1 
-1 -1 -1 3 4 5 6 -1 -1 -1 -1 -1 -1 -1 -1 0 -1 -1 1 -1 -1 -1 2 -1 9 -1 -1 -1 -1 -1 -1 26 -1 -1 -1 15 -1 -1 -1 -1 -1 -1 -1 -1 -1 31 24 -1 -1 -1 -1 -1 -1 -1 -1 -1 -1 -1 29 -1 -1 -1 27 -1 -1 -1 -1 25 -1 -1 -1 -1 -1 -1 -1 -1 21 -1 -1 -1 -1 -1 -1 10 -1 20 19 18 -1 -1 
-1 -1 -1 3 4 -1 6 -1 -1 -1 -1 -1 -1 5 -1 0 -1 -1 1 -1 -1 -1 2 -1 9 -1 -1 -1 -1 -1 -1 26 -1 -1 -1 15 -1 -1 -1 -1 -1 -1 -1 -1 -1 31 24 -1 -1 -1 -1 -1 -1 -1 -1 -1 -1 -1 29 -1 -1 -1 27 -1 -1 -1 -1 25 -1 -1 -1 -1 -1 -1 -1 -1 21 -1 -1 -1 -1 -1 -1 10 -1 20 19 18 -1 -1 
-1 -1 -1 3 4 -1 6 -1 -1 -1 -1 -1 -1 5 -1 0 -1 -1 1 -1 -1 -1 2 -1 9 -1 -1 -1 -1 -1 -1 26 -1 -1 -1 15 -1 -1 -1 -1 -1 -1 -1 -1 -1 31 -1 24 -1 -1 -1 -1 -1 -1 -1 -1 -1 -1 29 -1 -1 -1 27 -1 -1 -1 -1 25 -1 -1 -1 -1 -1 -1 -1 -1 21 -1 -1 -1 -1 -1 -1 10 -1 20 19 18 -1 -1 
-1 -1 -1 3 4 -1 6 -1 -1 -1 -1 -1 -1 5 -1 0 -1 -1 1 -1 -1 -1 2 -1 -1 9 -1 -1 -1 -1 -1 26 -1 -1 -1 15 -1 -1 -1 -1 -1 -1 -1 -1 -1 31 -1 24 -1 -1 -1 -1 -1 -1 -1 -1 -1 -1 29 -1 -1 -1 27 -1 -1 -1 -1 25 -1 -1 -1 -1 -1 -1 -1 -1 21 -1 -1 -1 -1 -1 -1 10 -1 20 19 18 -1 -1 
-1 -1 -1 3 4 -1 6 -1 -1 -1 -1 -1 -1 5 -1 0 -1 -1 1 -1 -1 -1 2 -1 -1 9 -1 -1 -1 -1 -1 26 -1 -1 -1 15 -1 -1 -1 -1 -1 -1 -1 -1 -1 31 -1 -1 -1 -1 -1 -1 -1 -1 -1 -1 -1 -1 29 -1 -1 -1 27 -1 -1 -1 -1 25 -1 -1 -1 -1 -1 -1 -1 -1 21 -1 -1 -1 -1 -1 -1 24 -1 20 19 18 -1 -1 
-1 -1 -1 3 4 -1 6 -1 -1 -1 -1 -1 -1 5 -1 -1 -1 -1 1 -1 -1 -1 2 -1 -1 9 -1 -1 -1 -1 -1 26 -1 -1 -1 15 -1 -1 -1 -1 -1 -1 -1 -1 -1 31 -1 -1 -1 -1 -1 -1 -1 -1 -1 -1 -1 -1 29 -1 -1 -1 27 -1 -1 -1 -1 25 -1 -1 -1 -1 -1 -1 -1 -1 21 -1 -1 -1 -1 -1 -1 24 -1 20 19 0 -1 -1 
-1 -1 -1 3 4 -1 6 -1 -1 -1 -1 -1 -1 5 -1 -1 -1 -1 1 -1 -1 -1 2 -1 -1 9 -1 -1 -1 -1 -1 26 -1 -1 -1 15 -1 -1 -1 -1 -1 -1 -1 -1 -1 31 -1 -1 -1 -1 -1 -1 -1 -1 -1 -1 -1 -1 29 -1 -1 -1 27 -1 -1 25 -1 -1 -1 -1 -1 -1 -1 -1 -1 -1 21 -1 -1 -1 -1 -1 -1 24 -1 20 19 0 -1 -1 
-1 -1 -1 3 -1 4 6 -1 -1 -1 -1 -1 -1 5 -1 -1 -1 -1 1 -1 -1 -1 2 -1 -1 9 -1 -1 -1 -1 -1 26 -1 -1 -1 15 -1 -1 -1 -1 -1 -1 -1 -1 -1 31 -1 -1 -1 -1 -1 -1 -1 -1 -1 -1 -1 -1 29 -1 -1 -1 27 -1 -1 25 -1 -1 -1 -1 -1 -1 -1 -1 -1 -1 21 -1 -1 -1 -1 -1 -1 24 -1 20 19 0 -1 -1 
-1 -1 -1 3 -1 4 6 -1 -1 -1 -1 -1 -1 5 -1 -1 -1 -1 1 -1 -1 -1 2 -1 -1 9 -1 -1 -1 -1 -1 26 -1 -1 -1 15 -1 -1 -1 -1 -1 -1 -1 -1 -1 31 -1 -1 -1 -1 -1 -1 -1 -1 -1 -1 -1 -1 29 -1 -1 -1 27 -1 -1 -1 -1 -1 -1 -1 25 -1 -1 -1 -1 -1 21 -1 -1 -1 -1 -1 -1 24 -1 20 19 0 -1 -1 
-1 -1 -1 3 -1 4 6 -1 -1 -1 -1 -1 -1 5 -1 -1 -1 -1 1 -1 -1 -1 2 -1 -1 9 -1 -1 -1 -1 -1 26 -1 -1 -1 15 -1 -1 -1 -1 -1 -1 -1 -1 -1 31 -1 -1 -1 -1 -1 -1 -1 -1 -1 -1 -1 -1 29 -1 -1 -1 27 -1 -1 -1 -1 -1 -1 0 25 -1 -1 -1 -1 -1 21 -1 -1 -1 -1 -1 -1 24 -1 20 19 -1 -1 -1 
-1 -1 -1 3 -1 4 6 -1 -1 -1 -1 -1 -1 5 -1 -1 -1 -1 1 -1 -1 -1 2 -1 -1 9 -1 -1 -1 -1 -1 26 -1 -1 -1 15 -1 -1 -1 -1 -1 -1 -1 -1 -1 31 -1 -1 -1 -1 -1 -1 -1 -1 -1 -1 -1 -1 29 -1 -1 -1 27 -1 -1 -1 -1 -1 -1 0 -1 -1 -1 -1 -1 -1 21 -1 -1 25 -1 -1 -1 24 -1 20 19 -1 -1 -1 
-1 -1 -1 3 -1 4 6 -1 -1 -1 -1 -1 -1 5 -1 -1 -1 -1 1 -1 -1 -1 2 -1 -1 9 -1 -1 -1 -1 -1 26 -1 0 -1 15 -1 -1 -1 -1 -1 -1 -1 -1 -1 31 -1 -1 -1 -1 -1 -1 -1 -1 -1 -1 -1 -1 29 -1 -1 -1 27 -1 -1 -1 -1 -1 -1 -1 -1 -1 -1 -1 -1 -1 21 -1 -1 25 -1 -1 -1 24 -1 20 19 -1 -1 -1 
-1 -1 -1 3 -1 4 6 -1 -1 -1 -1 -1 -1 5 -1 -1 -1 -1 1 -1 -1 -1 2 -1 -1 9 -1 -1 -1 -1 -1 -1 -1 0 -1 15 -1 -1 -1 -1 26 -1 -1 -1 -1 31 -1 -1 -1 -1 -1 -1 -1 -1 -1 -1 -1 -1 29 -1 -1 -1 27 -1 -1 -1 -1 -1 -1 -1 -1 -1 -1 -1 -1 -1 21 -1 -1 25 -1 -1 -1 24 -1 20 19 -1 -1 -1 
-1 -1 -1 3 -1 4 6 -1 -1 -1 -1 -1 -1 5 -1 -1 -1 -1 1 -1 -1 -1 2 -1 -1 9 -1 -1 -1 -1 -1 -1 -1 -1 -1 15 -1 -1 -1 -1 26 -1 -1 -1 -1 31 -1 -1 -1 -1 -1 -1 -1 -1 -1 -1 -1 -1 29 -1 0 -1 27 -1 -1 -1 -1 -1 -1 -1 -1 -1 -1 -1 -1 -1 21 -1 -1 25 -1 -1 -1 24 -1 20 19 -1 -1 -1 
-1 -1 -1 3 -1 4 6 -1 -1 -1 -1 -1 -1 5 -1 -1 -1 -1 1 -1 -1 -1 2 -1 -1 9 -1 -1 -1 -1 -1 -1 -1 -1 -1 15 -1 -1 -1 -1 26 -1 -1 -1 -1 31 -1 -1 -1 -1 -1 -1 -1 -1 -1 -1 24 -1 29 -1 0 -1 27 -1 -1 -1 -1 -1 -1 -1 -1 -1 -1 -1 -1 -1 21 -1 -1 25 -1 -1 -1 -1 -1 20 19 -1 -1 -1 
-1 -1 -1 3 -1 4 6 -1 -1 -1 -1 -1 -1 5 -1 -1 -1 -1 1 -1 -1 -1 2 -1 -1 -1 -1 -1 -1 -1 -1 -1 -1 -1 -1 15 -1 -1 -1 -1 26 -1 -1 -1 -1 31 -1 -1 -1 -1 -1 -1 -1 -1 -1 -1 24 -1 29 -1 0 9 27 -1 -1 -1 -1 -1 -1 -1 -1 -1 -1 -1 -1 -1 21 -1 -1 25 -1 -1 -1 -1 -1 20 19 -1 -1 -1 
-1 -1 -1 3 -1 4 6 -1 -1 -1 -1 -1 -1 5 -1 -1 -1 -1 1 -1 -1 -1 2 -1 -1 -1 -1 -1 -1 -1 -1 -1 -1 -1 -1 15 -1 -1 -1 -1 26 -1 -1 -1 -1 31 -1 -1 -1 -1 -1 -1 -1 -1 -1 -1 24 -1 29 -1 0 9 27 -1 -1 -1 -1 -1 -1 -1 -1 -1 -1 -1 -1 -1 21 -1 -1 25 -1 -1 -1 -1 20 -1 19 -1 -1 -1 
-1 -1 -1 3 -1 4 6 -1 -1 -1 -1 -1 -1 5 -1 -1 -1 -1 1 -1 -1 -1 2 -1 -1 -1 -1 -1 -1 -1 -1 -1 -1 -1 -1 15 -1 -1 -1 -1 26 -1 -1 -1 -1 31 -1 -1 -1 -1 -1 -1 -1 -1 -1 -1 24 -1 29 -1 -1 9 27 -1 -1 -1 -1 -1 -1 -1 -1 -1 -1 -1 -1 -1 21 -1 0 25 -1 -1 -1 -1 20 -1 19 -1 -1 -1 
-1 -1 -1 3 -1 4 6 -1 -1 -1 -1 -1 -1 5 -1 -1 -1 -1 1 -1 -1 -1 2 -1 -1 -1 -1 -1 -1 -1 -1 -1 -1 -1 -1 15 -1 -1 -1 -1 26 -1 -1 -1 -1 31 -1 -1 -1 29 -1 -1 -1 -1 -1 -1 24 -1 -1 -1 -1 9 27 -1 -1 -1 -1 -1 -1 -1 -1 -1 -1 -1 -1 -1 21 -1 0 25 -1 -1 -1 -1 20 -1 19 -1 -1 -1 
-1 -1 -1 3 -1 4 6 -1 -1 -1 -1 -1 -1 5 -1 -1 -1 -1 1 -1 -1 -1 2 -1 -1 -1 -1 -1 -1 -1 -1 -1 -1 -1 -1 15 -1 -1 -1 -1 26 -1 -1 -1 -1 31 -1 -1 -1 29 -1 -1 -1 -1 -1 -1 24 -1 -1 -1 -1 -1 27 -1 -1 -1 -1 -1 -1 -1 9 -1 -1 -1 -1 -1 21 -1 0 25 -1 -1 -1 -1 20 -1 19 -1 -1 -1 
-1 -1 -1 3 -1 4 6 -1 -1 -1 -1 -1 -1 5 -1 -1 -1 -1 1 -1 -1 -1 2 -1 -1 -1 -1 -1 -1 -1 -1 -1 -1 -1 -1 15 -1 -1 -1 -1 -1 -1 -1 26 -1 31 -1 -1 -1 29 -1 -1 -1 -1 -1 -1 24 -1 -1 -1 -1 -1 27 -1 -1 -1 -1 -1 -1 -1 9 -1 -1 -1 -1 -1 21 -1 0 25 -1 -1 -1 -1 20 -1 19 -1 -1 -1 
-1 -1 -1 3 -1 4 6 -1 -1 -1 -1 -1 -1 5 -1 -1 -1 -1 -1 -1 -1 -1 2 -1 -1 -1 -1 -1 -1 -1 -1 -1 -1 -1 -1 15 -1 1 -1 -1 -1 -1 -1 26 -1 31 -1 -1 -1 29 -1 -1 -1 -1 -1 -1 24 -1 -1 -1 -1 -1 27 -1 -1 -1 -1 -1 -1 -1 9 -1 -1 -1 -1 -1 21 -1 0 25 -1 -1 -1 -1 20 -1 19 -1 -1 -1 
-1 -1 -1 3 -1 4 6 -1 -1 -1 -1 -1 -1 5 -1 -1 -1 -1 -1 -1 -1 -1 2 -1 -1 -1 -1 -1 -1 -1 -1 -1 -1 -1 -1 15 -1 1 -1 -1 -1 -1 -1 26 -1 31 -1 -1 -1 29 -1 -1 -1 -1 -1 -1 -1 -1 -1 24 -1 -1 27 -1 -1 -1 -1 -1 -1 -1 9 -1 -1 -1 -1 -1 21 -1 0 25 -1 -1 -1 -1 20 -1 19 -1 -1 -1 
-1 -1 -1 3 4 -1 6 -1 -1 -1 -1 -1 -1 5 -1 -1 -1 -1 -1 -1 -1 -1 2 -1 -1 -1 -1 -1 -1 -1 -1 -1 -1 -1 -1 15 -1 1 -1 -1 -1 -1 -1 26 -1 31 -1 -1 -1 29 -1 -1 -1 -1 -1 -1 -1 -1 -1 24 -1 -1 27 -1 -1 -1 -1 -1 -1 -1 9 -1 -1 -1 -1 -1 21 -1 0 25 -1 -1 -1 -1 20 -1 19 -1 -1 -1 
-1 -1 -1 3 4 -1 6 -1 -1 -1 -1 -1 -1 5 -1 -1 -1 -1 -1 -1 -1 -1 2 -1 -1 -1 -1 -1 -1 -1 -1 -1 -1 -1 -1 15 -1 1 -1 -1 29 -1 -1 26 -1 31 -1 -1 -1 -1 -1 -1 -1 -1 -1 -1 -1 -1 -1 24 -1 -1 27 -1 -1 -1 -1 -1 -1 -1 9 -1 -1 -1 -1 -1 21 -1 0 25 -1 -1 -1 -1 20 -1 19 -1 -1 -1 
-1 -1 -1 3 4 -1 6 -1 -1 -1 -1 -1 -1 5 -1 -1 -1 -1 -1 -1 -1 -1 2 -1 -1 -1 -1 -1 -1 -1 -1 -1 -1 -1 -1 15 -1 -1 -1 -1 29 -1 -1 26 -1 31 -1 -1 1 -1 -1 -1 -1 -1 -1 -1 -1 -1 -1 24 -1 -1 27 -1 -1 -1 -1 -1 -1 -1 9 -1 -1 -1 -1 -1 21 -1 0 25 -1 -1 -1 -1 20 -1 19 -1 -1 -1 
-1 -1 -1 3 4 -1 6 -1 -1 -1 -1 -1 -1 5 -1 -1 -1 -1 -1 -1 -1 -1 2 -1 -1 -1 -1 -1 -1 -1 -1 -1 -1 -1 -1 15 -1 -1 -1 -1 29 -1 -1 26 -1 31 -1 -1 1 -1 -1 -1 -1 -1 -1 -1 -1 24 -1 -1 -1 -1 27 -1 -1 -1 -1 -1 -1 -1 9 -1 -1 -1 -1 -1 21 -1 0 25 -1 -1 -1 -1 20 -1 19 -1 -1 -1 
-1 -1 -1 3 4 -1 6 -1 -1 -1 -1 -1 -1 5 -1 -1 -1 -1 -1 -1 -1 -1 2 -1 -1 -1 -1 -1 -1 1 -1 -1 -1 -1 -1 15 -1 -1 -1 -1 29 -1 -1 26 -1 31 -1 -1 -1 -1 -1 -1 -1 -1 -1 -1 -1 24 -1 -1 -1 -1 27 -1 -1 -1 -1 -1 -1 -1 9 -1 -1 -1 -1 -1 21 -1 0 25 -1 -1 -1 -1 20 -1 19 -1 -1 -1 
-1 -1 -1 3 4 -1 6 -1 -1 -1 -1 -1 -1 5 -1 -1 -1 -1 -1 -1 -1 -1 2 -1 -1 -1 -1 -1 -1 1 -1 29 -1 -1 -1 15 -1 -1 -1 -1 -1 -1 -1 26 -1 31 -1 -1 -1 -1 -1 -1 -1 -1 -1 -1 -1 24 -1 -1 -1 -1 27 -1 -1 -1 -1 -1 -1 -1 9 -1 -1 -1 -1 -1 21 -1 0 25 -1 -1 -1 -1 20 -1 19 -1 -1 -1 
-1 -1 -1 3 4 -1 6 -1 -1 -1 -1 -1 -1 5 -1 -1 -1 -1 -1 -1 -1 -1 2 -1 -1 -1 -1 -1 -1 1 -1 29 -1 -1 -1 15 -1 -1 -1 -1 -1 -1 -1 26 -1 31 -1 -1 -1 -1 -1 -1 -1 -1 -1 -1 -1 24 -1 -1 -1 -1 27 -1 -1 -1 -1 -1 -1 -1 -1 9 -1 -1 -1 -1 21 -1 0 25 -1 -1 -1 -1 20 -1 19 -1 -1 -1 
-1 -1 -1 3 4 -1 6 26 -1 -1 -1 -1 -1 5 -1 -1 -1 -1 -1 -1 -1 -1 2 -1 -1 -1 -1 -1 -1 1 -1 29 -1 -1 -1 15 -1 -1 -1 -1 -1 -1 -1 -1 -1 31 -1 -1 -1 -1 -1 -1 -1 -1 -1 -1 -1 24 -1 -1 -1 -1 27 -1 -1 -1 -1 -1 -1 -1 -1 9 -1 -1 -1 -1 21 -1 0 25 -1 -1 -1 -1 20 -1 19 -1 -1 -1 
-1 -1 -1 3 4 -1 -1 26 -1 -1 -1 -1 -1 5 -1 -1 -1 -1 -1 -1 -1 -1 2 -1 -1 -1 6 -1 -1 1 -1 29 -1 -1 -1 15 -1 -1 -1 -1 -1 -1 -1 -1 -1 31 -1 -1 -1 -1 -1 -1 -1 -1 -1 -1 -1 24 -1 -1 -1 -1 27 -1 -1 -1 -1 -1 -1 -1 -1 9 -1 -1 -1 -1 21 -1 0 25 -1 -1 -1 -1 20 -1 19 -1 -1 -1 
-1 -1 -1 3 4 -1 -1 26 -1 -1 -1 -1 -1 5 -1 -1 25 -1 -1 -1 -1 -1 2 -1 -1 -1 6 -1 -1 1 -1 29 -1 -1 -1 15 -1 -1 -1 -1 -1 -1 -1 -1 -1 31 -1 -1 -1 -1 -1 -1 -1 -1 -1 -1 -1 24 -1 -1 -1 -1 27 -1 -1 -1 -1 -1 -1 -1 -1 9 -1 -1 -1 -1 21 -1 0 -1 -1 -1 -1 -1 20 -1 19 -1 -1 -1 
-1 -1 -1 3 4 -1 -1 26 -1 -1 -1 -1 -1 5 -1 -1 25 -1 -1 -1 -1 -1 2 -1 -1 -1 6 -1 -1 1 -1 29 -1 -1 -1 15 -1 -1 -1 -1 -1 -1 -1 -1 -1 31 -1 -1 -1 -1 -1 -1 -1 -1 -1 -1 -1 24 -1 -1 -1 -1 27 -1 -1 -1 -1 -1 -1 -1 -1 -1 -1 -1 -1 -1 21 -1 0 -1 -1 -1 -1 -1 20 -1 19 -1 -1 9 
-1 -1 -1 3 4 -1 -1 26 -1 -1 -1 -1 -1 5 -1 -1 25 -1 -1 -1 -1 -1 2 -1 -1 -1 6 -1 -1 1 -1 29 -1 -1 -1 15 -1 -1 -1 -1 -1 -1 -1 -1 -1 31 -1 -1 -1 -1 -1 -1 -1 -1 -1 -1 -1 24 -1 -1 -1 -1 27 -1 -1 -1 -1 -1 -1 -1 -1 -1 -1 -1 -1 20 21 -1 0 -1 -1 -1 -1 -1 -1 -1 19 -1 -1 9 
-1 -1 -1 3 4 -1 -1 26 -1 -1 -1 -1 -1 5 -1 -1 25 -1 -1 -1 -1 -1 2 -1 -1 -1 6 -1 -1 1 -1 29 -1 -1 -1 15 -1 -1 -1 -1 -1 -1 -1 -1 -1 31 -1 -1 -1 -1 -1 -1 -1 -1 -1 -1 -1 24 -1 -1 -1 -1 27 -1 -1 -1 -1 -1 -1 -1 -1 -1 -1 -1 -1 20 21 -1 0 -1 9 -1 -1 -1 -1 -1 19 -1 -1 -1 
-1 -1 -1 3 4 -1 -1 26 -1 -1 -1 -1 -1 5 -1 -1 25 -1 -1 -1 -1 -1 2 -1 -1 -1 6 -1 -1 1 -1 29 -1 -1 -1 15 -1 -1 -1 -1 -1 -1 -1 -1 -1 31 -1 -1 -1 -1 -1 -1 -1 -1 -1 -1 -1 24 -1 -1 -1 -1 27 -1 -1 -1 -1 -1 -1 -1 -1 -1 -1 -1 -1 -1 21 -1 0 -1 9 -1 -1 -1 20 -1 19 -1 -1 -1 
-1 -1 -1 3 4 -1 -1 26 -1 -1 -1 -1 -1 5 -1 -1 25 -1 -1 -1 -1 -1 2 -1 -1 -1 6 -1 -1 -1 -1 29 -1 -1 -1 15 -1 -1 -1 -1 -1 -1 -1 -1 -1 31 1 -1 -1 -1 -1 -1 -1 -1 -1 -1 -1 24 -1 -1 -1 -1 27 -1 -1 -1 -1 -1 -1 -1 -1 -1 -1 -1 -1 -1 21 -1 0 -1 9 -1 -1 -1 20 -1 19 -1 -1 -1 
-1 -1 -1 3 4 -1 -1 26 -1 -1 -1 -1 -1 5 -1 -1 25 -1 -1 -1 -1 -1 2 -1 -1 -1 6 -1 -1 -1 -1 29 -1 -1 -1 15 -1 -1 -1 -1 -1 -1 -1 -1 -1 31 1 -1 -1 -1 -1 -1 -1 -1 -1 24 -1 -1 -1 -1 -1 -1 27 -1 -1 -1 -1 -1 -1 -1 -1 -1 -1 -1 -1 -1 21 -1 0 -1 9 -1 -1 -1 20 -1 19 -1 -1 -1 
-1 -1 -1 3 4 -1 -1 26 -1 -1 -1 -1 -1 5 -1 -1 25 -1 -1 -1 -1 -1 2 -1 -1 -1 6 -1 -1 -1 -1 29 -1 -1 -1 15 -1 -1 -1 -1 -1 -1 -1 -1 -1 31 1 -1 -1 -1 -1 0 -1 -1 -1 24 -1 -1 -1 -1 -1 -1 27 -1 -1 -1 -1 -1 -1 -1 -1 -1 -1 -1 -1 -1 21 -1 -1 -1 9 -1 -1 -1 20 -1 19 -1 -1 -1 
-1 -1 -1 3 4 -1 -1 -1 26 -1 -1 -1 -1 5 -1 -1 25 -1 -1 -1 -1 -1 2 -1 -1 -1 6 -1 -1 -1 -1 29 -1 -1 -1 15 -1 -1 -1 -1 -1 -1 -1 -1 -1 31 1 -1 -1 -1 -1 0 -1 -1 -1 24 -1 -1 -1 -1 -1 -1 27 -1 -1 -1 -1 -1 -1 -1 -1 -1 -1 -1 -1 -1 21 -1 -1 -1 9 -1 -1 -1 20 -1 19 -1 -1 -1 
