0 1 2 3 4 5 6 7 8 -1 -1 -1 -1 -1 -1 -1 -1 -1 -1 9 -1 -1 -1 -1 -1 10 -1 11 -1 12 -1 13 -1 14 -1 15 -1 -1 -1 -1 -1 -1 -1 -1 -1 -1 -1 -1 -1 -1 -1 -1 -1 -1 -1 -1 -1 -1 29 -1 28 -1 27 -1 26 -1 -1 25 -1 -1 -1 -1 -1 -1 -1 -1 -1 -1 -1 -1 -1 24 23 22 21 20 19 18 17 16 
0 -1 2 3 4 5 6 7 8 -1 -1 -1 -1 -1 -1 -1 -1 -1 -1 9 1 -1 -1 -1 -1 10 -1 11 -1 12 -1 13 -1 14 -1 15 -1 -1 -1 -1 -1 -1 -1 -1 -1 -1 -1 -1 -1 -1 -1 -1 -1 -1 -1 -1 -1 -1 29 -1 28 -1 27 -1 26 -1 -1 25 -1 -1 -1 -1 -1 -1 -1 -1 -1 -1 -1 -1 -1 24 23 22 21 20 19 18 17 16 
0 -1 2 3 4 5 6 7 8 -1 -1 -1 -1 -1 -1 -1 -1 -1 -1 9 1 -1 -1 -1 -1 10 -1 11 -1 12 -1 13 -1 14 -1 15 -1 -1 -1 -1 -1 -1 -1 -1 -1 -1 -1 -1 -1 -1 -1 -1 -1 -1 -1 -1 -1 -1 29 -1 28 -1 27 -1 26 -1 -1 25 -1 17 -1 -1 -1 -1 -1 -1 -1 -1 -1 -1 -1 24 23 22 21 20 19 18 -1 16 
0 -1 2 3 4 5 6 -1 8 -1 -1 -1 -1 -1 -1 -1 -1 -1 -1 9 1 -1 -1 -1 -1 10 7 11 -1 12 -1 13 -1 14 -1 15 -1 -1 -1 -1 -1 -1 -1 -1 -1 -1 -1 -1 -1 -1 -1 -1 -1 -1 -1 -1 -1 -1 29 -1 28 -1 27 -1 26 -1 -1 25 -1 17 -1 -1 -1 -1 -1 -1 -1 -1 -1 -1 -1 24 23 22 21 20 19 18 -1 16 
0 -1 2 3 4 5 6 -1 8 -1 -1 -1 -1 -1 -1 -1 -1 -1 -1 9 1 -1 -1 -1 -1 10 7 11 -1 12 -1 13 -1 14 -1 15 -1 -1 -1 -1 -1 -1 -1 -1 -1 -1 -1 -1 -1 -1 -1 -1 -1 -1 -1 -1 -1 -1 29 -1 28 -1 27 -1 26 -1 -1 25 -1 17 -1 -1 -1 -1 -1 -1 -1 -1 -1 -1 -1 24 23 22 21 20 19 18 16 -1 
0 -1 2 3 4 5 6 -1 -1 -1 -1 -1 -1 -1 -1 -1 -1 8 -1 9 1 -1 -1 -1 -1 10 7 11 -1 12 -1 13 -1 14 -1 15 -1 -1 -1 -1 -1 -1 -1 -1 -1 -1 -1 -1 -1 -1 -1 -1 -1 -1 -1 -1 -1 -1 29 -1 28 -1 27 -1 26 -1 -1 25 -1 17 -1 -1 -1 -1 -1 -1 -1 -1 -1 -1 -1 24 23 22 21 20 19 18 16 -1 
0 -1 2 3 4 5 6 -1 -1 -1 -1 -1 -1 -1 -1 -1 -1 8 -1 9 1 -1 -1 -1 -1 10 7 11 -1 12 -1 13 -1 14 -1 15 -1 -1 -1 -1 -1 -1 -1 -1 -1 -1 26 -1 -1 -1 -1 -1 -1 -1 -1 -1 -1 -1 29 -1 28 -1 27 -1 -1 -1 -1 25 -1 17 -1 -1 -1 -1 -1 -1 -1 -1 -1 -1 -1 24 23 22 21 20 19 18 16 -1 
0 -1 2 3 4 5 6 -1 -1 -1 -1 -1 8 -1 -1 -1 -1 -1 -1 9 1 -1 -1 -1 -1 10 7 11 -1 12 -1 13 -1 14 -1 15 -1 -1 -1 -1 -1 -1 -1 -1 -1 -1 26 -1 -1 -1 -1 -1 -1 -1 -1 -1 -1 -1 29 -1 28 -1 27 -1 -1 -1 -1 25 -1 17 -1 -1 -1 -1 -1 -1 -1 -1 -1 -1 -1 24 23 22 21 20 19 18 16 -1 
0 -1 2 3 4 5 6 -1 -1 -1 -1 -1 8 -1 -1 -1 -1 -1 -1 9 1 -1 -1 -1 -1 10 7 11 -1 12 -1 13 -1 14 -1 15 -1 -1 -1 -1 -1 -1 -1 -1 -1 -1 -1 -1 -1 -1 -1 26 -1 -1 -1 -1 -1 -1 29 -1 28 -1 27 -1 -1 -1 -1 25 -1 17 -1 -1 -1 -1 -1 -1 -1 -1 -1 -1 -1 24 23 22 21 20 19 18 16 -1 
0 -1 2 3 4 5 6 -1 -1 -1 -1 -1 8 -1 -1 -1 -1 -1 -1 9 1 -1 -1 -1 10 -1 7 11 -1 12 -1 13 -1 14 -1 15 -1 -1 -1 -1 -1 -1 -1 -1 -1 -1 -1 -1 -1 -1 -1 26 -1 -1 -1 -1 -1 -1 29 -1 28 -1 27 -1 -1 -1 -1 25 -1 17 -1 -1 -1 -1 -1 -1 -1 -1 -1 -1 -1 24 23 22 21 20 19 18 16 -1 
0 -1 2 3 4 5 6 -1 -1 -1 -1 -1 8 -1 -1 -1 -1 -1 -1 9 1 -1 -1 -1 10 -1 7 11 -1 12 -1 13 -1 14 -1 15 -1 -1 -1 -1 -1 -1 -1 -1 -1 -1 -1 -1 -1 -1 -1 26 -1 -1 -1 -1 -1 -1 29 -1 28 -1 27 -1 -1 23 -1 25 -1 17 -1 -1 -1 -1 -1 -1 -1 -1 -1 -1 -1 24 -1 22 21 20 19 18 16 -1 
0 -1 2 3 4 5 6 -1 -1 -1 -1 -1 8 -1 -1 -1 -1 -1 -1 9 1 -1 -1 -1 10 -1 7 11 -1 -1 -1 13 -1 14 -1 15 -1 -1 12 -1 -1 -1 -1 -1 -1 -1 -1 -1 -1 -1 -1 26 -1 -1 -1 -1 -1 -1 29 -1 28 -1 27 -1 -1 23 -1 25 -1 17 -1 -1 -1 -1 -1 -1 -1 -1 -1 -1 -1 24 -1 22 21 20 19 18 16 -1 
0 -1 2 3 4 5 6 -1 -1 -1 -1 -1 8 -1 -1 -1 -1 -1 -1 9 1 -1 -1 -1 10 -1 7 11 -1 -1 -1 13 -1 14 -1 15 -1 -1 12 -1 -1 -1 -1 -1 -1 -1 -1 -1 -1 -1 -1 26 -1 -1 -1 -1 -1 -1 29 -1 28 -1 27 -1 -1 23 -1 25 -1 17 -1 -1 -1 -1 -1 -1 -1 -1 -1 -1 -1 -1 24 22 21 20 19 18 16 -1 
0 -1 2 3 4 5 6 -1 -1 -1 -1 -1 8 -1 -1 -1 -1 -1 -1 9 1 -1 -1 -1 10 -1 7 11 -1 -1 -1 13 -1 -1 -1 15 -1 -1 12 -1 -1 -1 14 -1 -1 -1 -1 -1 -1 -1 -1 26 -1 -1 -1 -1 -1 -1 29 -1 28 -1 27 -1 -1 23 -1 25 -1 17 -1 -1 -1 -1 -1 -1 -1 -1 -1 -1 -1 -1 24 22 21 20 19 18 16 -1 
0 -1 2 3 4 5 6 -1 -1 -1 -1 -1 8 -1 -1 -1 -1 -1 -1 9 1 -1 -1 -1 26 -1 7 11 -1 -1 -1 13 -1 -1 -1 15 -1 -1 12 -1 -1 -1 14 -1 -1 -1 -1 -1 -1 -1 -1 -1 -1 -1 -1 -1 -1 -1 29 -1 28 -1 27 -1 -1 23 -1 25 -1 17 -1 -1 -1 -1 -1 -1 -1 -1 -1 -1 -1 -1 24 22 21 20 19 18 16 -1 
0 -1 2 3 4 5 6 -1 -1 -1 -1 -1 8 -1 -1 -1 -1 -1 -1 -1 1 -1 -1 -1 9 -1 7 11 -1 -1 -1 13 -1 -1 -1 15 -1 -1 12 -1 -1 -1 14 -1 -1 -1 -1 -1 -1 -1 -1 -1 -1 -1 -1 -1 -1 -1 29 -1 28 -1 27 -1 -1 23 -1 25 -1 17 -1 -1 -1 -1 -1 -1 -1 -1 -1 -1 -1 -1 24 22 21 20 19 18 16 -1 
0 -1 2 3 4 5 6 -1 -1 -1 -1 -1 8 -1 -1 -1 -1 -1 -1 -1 1 -1 -1 -1 9 16 7 11 -1 -1 -1 13 -1 -1 -1 15 -1 -1 12 -1 -1 -1 14 -1 -1 -1 -1 -1 -1 -1 -1 -1 -1 -1 -1 -1 -1 -1 29 -1 28 -1 27 -1 -1 23 -1 25 -1 17 -1 -1 -1 -1 -1 -1 -1 -1 -1 -1 -1 -1 24 22 21 20 19 18 -1 -1 
0 -1 2 3 4 5 6 -1 -1 -1 -1 -1 8 -1 -1 -1 -1 -1 -1 -1 1 -1 9 -1 -1 16 7 11 -1 -1 -1 13 -1 -1 -1 15 -1 -1 12 -1 -1 -1 14 -1 -1 -1 -1 -1 -1 -1 -1 -1 -1 -1 -1 -1 -1 -1 29 -1 28 -1 27 -1 -1 23 -1 25 -1 17 -1 -1 -1 -1 -1 -1 -1 -1 -1 -1 -1 -1 24 22 21 20 19 18 -1 -1 
0 -1 2 3 4 5 6 -1 -1 -1 -1 -1 8 -1 -1 -1 -1 -1 -1 -1 1 -1 9 -1 -1 16 7 11 -1 -1 -1 13 -1 -1 -1 15 -1 -1 12 -1 -1 -1 14 -1 -1 -1 -1 -1 -1 -1 -1 -1 -1 -1 -1 -1 -1 -1 29 -1 28 -1 27 -1 -1 23 -1 25 -1 17 -1 -1 -1 -1 -1 -1 19 -1 -1 -1 -1 -1 24 22 21 20 -1 18 -1 -1 
0 -1 2 3 4 5 6 -1 -1 -1 -1 -1 -1 -1 -1 -1 -1 -1 -1 -1 1 -1 9 -1 -1 16 7 11 -1 -1 -1 13 -1 -1 -1 15 -1 -1 12 -1 -1 -1 14 -1 -1 -1 -1 -1 -1 -1 -1 -1 -1 -1 -1 -1 -1 8 29 -1 28 -1 27 -1 -1 23 -1 25 -1 17 -1 -1 -1 -1 -1 -1 19 -1 -1 -1 -1 -1 24 22 21 20 -1 18 -1 -1 
0 -1 2 3 4 5 6 -1 -1 -1 -1 -1 -1 -1 -1 -1 -1 -1 -1 -1 1 -1 9 -1 -1 16 7 11 -1 -1 -1 13 -1 -1 -1 15 -1 -1 12 -1 -1 -1 14 -1 -1 -1 -1 -1 -1 -1 -1 -1 -1 -1 -1 -1 -1 8 29 -1 28 -1 27 -1 -1 23 -1 -1 25 17 -1 -1 -1 -1 -1 -1 19 -1 -1 -1 -1 -1 24 22 21 20 -1 18 -1 -1 
-1 -1 2 3 4 5 6 -1 -1 0 -1 -1 -1 -1 -1 -1 -1 -1 -1 -1 1 -1 9 -1 -1 16 7 11 -1 -1 -1 13 -1 -1 -1 15 -1 -1 12 -1 -1 -1 14 -1 -1 -1 -1 -1 -1 -1 -1 -1 -1 -1 -1 -1 -1 8 29 -1 28 -1 27 -1 -1 23 -1 -1 25 17 -1 -1 -1 -1 -1 -1 19 -1 -1 -1 -1 -1 24 22 21 20 -1 18 -1 -1 
-1 -1 2 3 4 5 6 -1 -1 0 -1 -1 -1 -1 -1 -1 -1 -1 -1 -1 1 -1 9 -1 -1 16 7 11 -1 -1 -1 13 -1 -1 -1 15 -1 -1 12 -1 -1 -1 14 -1 -1 -1 -1 -1 -1 -1 -1 -1 -1 -1 -1 -1 -1 8 29 -1 28 -1 27 -1 -1 23 -1 22 25 17 -1 -1 -1 -1 -1 -1 19 -1 -1 -1 -1 -1 24 -1 21 20 -1 18 -1 -1 
-1 -1 2 3 4 5 6 -1 -1 0 -1 -1 -1 -1 -1 -1 -1 -1 -1 -1 1 -1 9 -1 -1 16 7 11 -1 -1 -1 13 -1 -1 -1 15 -1 -1 12 -1 -1 -1 14 -1 -1 -1 -1 -1 -1 -1 -1 -1 -1 -1 -1 -1 8 -1 29 -1 28 -1 27 -1 -1 23 -1 22 25 17 -1 -1 -1 -1 -1 -1 19 -1 -1 -1 -1 -1 24 -1 21 20 -1 18 -1 -1 
-1 -1 2 3 4 5 6 -1 -1 0 -1 -1 -1 -1 -1 -1 -1 -1 -1 -1 1 -1 9 -1 -1 16 7 11 24 -1 -1 13 -1 -1 -1 15 -1 -1 12 -1 -1 -1 14 -1 -1 -1 -1 -1 -1 -1 -1 -1 -1 -1 -1 -1 8 -1 29 -1 28 -1 27 -1 -1 23 -1 22 25 17 -1 -1 -1 -1 -1 -1 19 -1 -1 -1 -1 -1 -1 -1 21 20 -1 18 -1 -1 
-1 -1 2 3 4 5 6 -1 -1 -1 -1 -1 -1 -1 0 -1 -1 -1 -1 -1 1 -1 9 -1 -1 16 7 11 24 -1 -1 13 -1 -1 -1 15 -1 -1 12 -1 -1 -1 14 -1 -1 -1 -1 -1 -1 -1 -1 -1 -1 -1 -1 -1 8 -1 29 -1 28 -1 27 -1 -1 23 -1 22 25 17 -1 -1 -1 -1 -1 -1 19 -1 -1 -1 -1 -1 -1 -1 21 20 -1 18 -1 -1 
-1 -1 2 3 4 5 6 -1 -1 -1 -1 -1 -1 -1 0 -1 -1 -1 -1 -1 1 -1 9 -1 -1 -1 7 11 24 -1 -1 13 -1 -1 -1 15 -1 -1 12 -1 -1 -1 14 -1 -1 -1 -1 -1 -1 -1 -1 -1 16 -1 -1 -1 8 -1 29 -1 28 -1 27 -1 -1 23 -1 22 25 17 -1 -1 -1 -1 -1 -1 19 -1 -1 -1 -1 -1 -1 -1 21 20 -1 18 -1 -1 
-1 -1 2 3 4 5 6 -1 -1 -1 -1 -1 -1 -1 0 -1 -1 -1 -1 -1 1 -1 -1 -1 9 -1 7 11 24 -1 -1 13 -1 -1 -1 15 -1 -1 12 -1 -1 -1 14 -1 -1 -1 -1 -1 -1 -1 -1 -1 16 -1 -1 -1 8 -1 29 -1 28 -1 27 -1 -1 23 -1 22 25 17 -1 -1 -1 -1 -1 -1 19 -1 -1 -1 -1 -1 -1 -1 21 20 -1 18 -1 -1 
-1 -1 2 3 4 5 6 -1 -1 -1 -1 -1 -1 -1 0 -1 -1 -1 -1 -1 1 -1 -1 -1 9 -1 7 11 -1 24 -1 13 -1 -1 -1 15 -1 -1 12 -1 -1 -1 14 -1 -1 -1 -1 -1 -1 -1 -1 -1 16 -1 -1 -1 8 -1 29 -1 28 -1 27 -1 -1 23 -1 22 25 17 -1 -1 -1 -1 -1 -1 19 -1 -1 -1 -1 -1 -1 -1 21 20 -1 18 -1 -1 
-1 -1 2 3 4 5 6 -1 -1 -1 -1 -1 -1 -1 -1 -1 -1 -1 -1 -1 1 -1 -1 0 9 -1 7 11 -1 24 -1 13 -1 -1 -1 15 -1 -1 12 -1 -1 -1 14 -1 -1 -1 -1 -1 -1 -1 -1 -1 16 -1 -1 -1 8 -1 29 -1 28 -1 27 -1 -1 23 -1 22 25 17 -1 -1 -1 -1 -1 -1 19 -1 -1 -1 -1 -1 -1 -1 21 20 -1 18 -1 -1 
-1 -1 2 3 4 5 6 -1 -1 -1 -1 -1 -1 -1 -1 -1 -1 -1 -1 -1 1 -1 -1 0 9 16 7 11 -1 24 -1 13 -1 -1 -1 15 -1 -1 12 -1 -1 -1 14 -1 -1 -1 -1 -1 -1 -1 -1 -1 -1 -1 -1 -1 8 -1 29 -1 28 -1 27 -1 -1 23 -1 22 25 17 -1 -1 -1 -1 -1 -1 19 -1 -1 -1 -1 -1 -1 -1 21 20 -1 18 -1 -1 
-1 -1 2 -1 4 5 6 -1 -1 -1 -1 -1 -1 3 -1 -1 -1 -1 -1 -1 1 -1 -1 0 9 16 7 11 -1 24 -1 13 -1 -1 -1 15 -1 -1 12 -1 -1 -1 14 -1 -1 -1 -1 -1 -1 -1 -1 -1 -1 -1 -1 -1 8 -1 29 -1 28 -1 27 -1 -1 23 -1 22 25 17 -1 -1 -1 -1 -1 -1 19 -1 -1 -1 -1 -1 -1 -1 21 20 -1 18 -1 -1 
-1 -1 2 -1 4 5 6 -1 -1 -1 -1 -1 -1 3 -1 -1 -1 -1 -1 -1 1 -1 -1 0 9 16 7 11 -1 24 -1 13 -1 -1 -1 15 -1 -1 12 -1 -1 -1 14 -1 -1 -1 -1 -1 -1 -1 -1 28 -1 -1 -1 -1 8 -1 29 -1 -1 -1 27 -1 -1 23 -1 22 25 17 -1 -1 -1 -1 -1 -1 19 -1 -1 -1 -1 -1 -1 -1 21 20 -1 18 -1 -1 
-1 -1 -1 -1 4 5 6 -1 -1 -1 -1 -1 -1 3 -1 -1 -1 -1 -1 -1 1 -1 2 0 9 16 7 11 -1 24 -1 13 -1 -1 -1 15 -1 -1 12 -1 -1 -1 14 -1 -1 -1 -1 -1 -1 -1 -1 28 -1 -1 -1 -1 8 -1 29 -1 -1 -1 27 -1 -1 23 -1 22 25 17 -1 -1 -1 -1 -1 -1 19 -1 -1 -1 -1 -1 -1 -1 21 20 -1 18 -1 -1 
-1 -1 -1 -1 4 5 6 -1 -1 -1 -1 -1 -1 3 -1 -1 -1 -1 -1 -1 1 -1 2 0 9 16 7 11 -1 24 -1 13 -1 -1 -1 15 -1 -1 12 -1 -1 -1 14 -1 -1 -1 -1 -1 -1 -1 17 28 -1 -1 -1 -1 8 -1 29 -1 -1 -1 27 -1 -1 23 -1 22 25 -1 -1 -1 -1 -1 -1 -1 19 -1 -1 -1 -1 -1 -1 -1 21 20 -1 18 -1 -1 
-1 -1 -1 -1 4 5 6 -1 -1 -1 -1 -1 -1 3 -1 -1 -1 -1 -1 -1 1 -1 2 -1 9 16 7 11 -1 24 -1 13 -1 -1 -1 15 -1 -1 12 -1 -1 -1 14 -1 -1 -1 -1 -1 -1 -1 0 28 -1 -1 -1 -1 8 -1 29 -1 -1 -1 27 -1 -1 23 -1 22 25 -1 -1 -1 -1 -1 -1 -1 19 -1 -1 -1 -1 -1 -1 -1 21 20 -1 18 -1 -1 
-1 -1 -1 -1 4 5 6 -1 -1 -1 -1 -1 -1 3 -1 -1 -1 -1 -1 -1 1 -1 2 -1 16 -1 7 11 -1 24 -1 13 -1 -1 -1 15 -1 -1 12 -1 -1 -1 14 -1 -1 -1 -1 -1 -1 -1 0 28 -1 -1 -1 -1 8 -1 29 -1 -1 -1 27 -1 -1 23 -1 22 25 -1 -1 -1 -1 -1 -1 -1 19 -1 -1 -1 -1 -1 -1 -1 21 20 -1 18 -1 -1 
-1 -1 -1 1 4 5 6 -1 -1 -1 -1 -1 -1 3 -1 -1 -1 -1 -1 -1 -1 -1 2 -1 16 -1 7 11 -1 24 -1 13 -1 -1 -1 15 -1 -1 12 -1 -1 -1 14 -1 -1 -1 -1 -1 -1 -1 0 28 -1 -1 -1 -1 8 -1 29 -1 -1 -1 27 -1 -1 23 -1 22 25 -1 -1 -1 -1 -1 -1 -1 19 -1 -1 -1 -1 -1 -1 -1 21 20 -1 18 -1 -1 
-1 -1 -1 1 4 5 6 -1 -1 -1 -1 -1 -1 3 -1 -1 -1 -1 -1 -1 -1 -1 2 -1 16 -1 7 11 -1 24 -1 13 -1 -1 -1 15 -1 -1 12 -1 -1 -1 28 -1 -1 -1 -1 -1 -1 -1 0 -1 -1 -1 -1 -1 8 -1 29 -1 -1 -1 27 -1 -1 23 -1 22 25 -1 -1 -1 -1 -1 -1 -1 19 -1 -1 -1 -1 -1 -1 -1 21 20 -1 18 -1 -1 
-1 -1 -1 1 4 5 6 -1 -1 -1 -1 -1 -1 3 -1 -1 -1 -1 -1 -1 -1 -1 2 -1 16 -1 7 11 -1 24 -1 13 -1 -1 -1 -1 -1 -1 12 -1 -1 -1 28 -1 15 -1 -1 -1 -1 -1 0 -1 -1 -1 -1 -1 8 -1 29 -1 -1 -1 27 -1 -1 23 -1 22 25 -1 -1 -1 -1 -1 -1 -1 19 -1 -1 -1 -1 -1 -1 -1 21 20 -1 18 -1 -1 
-1 -1 -1 1 4 5 6 -1 -1 -1 -1 -1 -1 3 -1 -1 -1 -1 -1 -1 -1 -1 2 -1 16 -1 7 11 -1 -1 -1 24 -1 -1 -1 -1 -1 -1 12 -1 -1 -1 28 -1 15 -1 -1 -1 -1 -1 0 -1 -1 -1 -1 -1 8 -1 29 -1 -1 -1 27 -1 -1 23 -1 22 25 -1 -1 -1 -1 -1 -1 -1 19 -1 -1 -1 -1 -1 -1 -1 21 20 -1 18 -1 -1 
-1 -1 -1 1 4 5 6 -1 -1 -1 -1 -1 -1 3 -1 -1 -1 -1 -1 -1 -1 -1 2 -1 16 -1 7 11 -1 -1 -1 24 -1 -1 -1 -1 -1 -1 -1 -1 -1 -1 28 -1 15 -1 -1 12 -1 -1 0 -1 -1 -1 -1 -1 8 -1 29 -1 -1 -1 27 -1 -1 23 -1 22 25 -1 -1 -1 -1 -1 -1 -1 19 -1 -1 -1 -1 -1 -1 -1 21 20 -1 18 -1 -1 
-1 -1 -1 1 4 5 6 -1 -1 -1 -1 -1 -1 3 -1 -1 -1 -1 -1 -1 -1 -1 2 -1 16 -1 7 11 -1 -1 -1 24 -1 -1 -1 -1 -1 -1 -1 -1 -1 -1 28 -1 15 -1 -1 12 -1 -1 0 -1 -1 -1 -1 -1 8 -1 29 -1 -1 -1 27 -1 -1 23 -1 22 -1 25 -1 -1 -1 -1 -1 -1 19 -1 -1 -1 -1 -1 -1 -1 21 20 -1 18 -1 -1 
-1 -1 -1 1 4 5 6 -1 -1 -1 -1 -1 -1 3 -1 -1 -1 -1 -1 -1 -1 -1 2 -1 16 -1 7 11 -1 -1 -1 24 -1 -1 -1 -1 -1 -1 -1 -1 -1 -1 28 -1 15 -1 -1 12 -1 -1 -1 -1 -1 -1 -1 -1 8 -1 29 0 -1 -1 27 -1 -1 23 -1 22 -1 25 -1 -1 -1 -1 -1 -1 19 -1 -1 -1 -1 -1 -1 -1 21 20 -1 18 -1 -1 
-1 -1 -1 1 4 5 6 -1 -1 -1 -1 -1 -1 3 -1 -1 -1 -1 -1 -1 -1 -1 2 -1 16 -1 7 11 -1 24 -1 -1 -1 -1 -1 -1 -1 -1 -1 -1 -1 -1 28 -1 15 -1 -1 12 -1 -1 -1 -1 -1 -1 -1 -1 8 -1 29 0 -1 -1 27 -1 -1 23 -1 22 -1 25 -1 -1 -1 -1 -1 -1 19 -1 -1 -1 -1 -1 -1 -1 21 20 -1 18 -1 -1 
-1 -1 -1 1 4 5 6 -1 -1 -1 -1 -1 -1 3 -1 -1 -1 -1 -1 -1 -1 -1 2 -1 16 -1 7 11 -1 24 -1 -1 -1 -1 -1 -1 -1 -1 -1 -1 -1 -1 28 -1 15 -1 -1 12 -1 -1 -1 -1 -1 -1 -1 -1 8 -1 29 -1 0 -1 27 -1 -1 23 -1 22 -1 25 -1 -1 -1 -1 -1 -1 19 -1 -1 -1 -1 -1 -1 -1 21 20 -1 18 -1 -1 
-1 -1 -1 1 4 5 6 -1 -1 -1 -1 -1 -1 3 -1 -1 -1 -1 -1 -1 -1 -1 2 -1 16 -1 7 11 -1 24 -1 -1 -1 -1 -1 -1 -1 -1 -1 -1 -1 -1 28 -1 15 -1 -1 12 -1 -1 -1 -1 -1 -1 -1 -1 8 -1 29 -1 0 -1 27 -1 -1 23 -1 22 25 -1 -1 -1 -1 -1 -1 -1 19 -1 -1 -1 -1 -1 -1 -1 21 20 -1 18 -1 -1 
-1 -1 -1 1 4 5 6 -1 -1 -1 -1 -1 -1 3 -1 -1 -1 -1 -1 -1 -1 -1 2 -1 16 -1 -1 11 -1 24 -1 -1 -1 -1 -1 -1 -1 -1 -1 -1 -1 -1 28 7 15 -1 -1 12 -1 -1 -1 -1 -1 -1 -1 -1 8 -1 29 -1 0 -1 27 -1 -1 23 -1 22 25 -1 -1 -1 -1 -1 -1 -1 19 -1 -1 -1 -1 -1 -1 -1 21 20 -1 18 -1 -1 
-1 -1 -1 1 4 5 6 -1 -1 -1 -1 -1 -1 3 -1 -1 -1 -1 -1 -1 -1 -1 2 -1 -1 -1 -1 11 -1 24 -1 -1 -1 16 -1 -1 -1 -1 -1 -1 -1 -1 28 7 15 -1 -1 12 -1 -1 -1 -1 -1 -1 -1 -1 8 -1 29 -1 0 -1 27 -1 -1 23 -1 22 25 -1 -1 -1 -1 -1 -1 -1 19 -1 -1 -1 -1 -1 -1 -1 21 20 -1 18 -1 -1 
-1 -1 -1 1 4 5 6 -1 -1 -1 -1 -1 -1 3 -1 -1 -1 -1 -1 -1 -1 -1 2 -1 -1 -1 -1 11 -1 24 -1 -1 -1 16 -1 -1 -1 -1 -1 -1 -1 -1 0 7 15 -1 -1 12 -1 -1 -1 -1 -1 -1 -1 -1 8 -1 29 -1 -1 -1 27 -1 -1 23 -1 22 25 -1 -1 -1 -1 -1 -1 -1 19 -1 -1 -1 -1 -1 -1 -1 21 20 -1 18 -1 -1 
-1 -1 -1 1 4 5 6 -1 -1 -1 -1 -1 -1 3 -1 -1 -1 -1 -1 -1 -1 -1 2 -1 -1 -1 -1 11 -1 24 -1 -1 -1 -1 -1 -1 -1 -1 -1 -1 -1 -1 16 7 15 -1 -1 12 -1 -1 -1 -1 -1 -1 -1 -1 8 -1 29 -1 -1 -1 27 -1 -1 23 -1 22 25 -1 -1 -1 -1 -1 -1 -1 19 -1 -1 -1 -1 -1 -1 -1 21 20 -1 18 -1 -1 
-1 -1 -1 1 4 5 6 -1 -1 -1 -1 -1 -1 3 -1 -1 -1 -1 -1 -1 -1 -1 -1 -1 -1 -1 -1 11 -1 24 -1 -1 -1 -1 -1 -1 -1 -1 -1 -1 -1 -1 2 7 15 -1 -1 12 -1 -1 -1 -1 -1 -1 -1 -1 8 -1 29 -1 -1 -1 27 -1 -1 23 -1 22 25 -1 -1 -1 -1 -1 -1 -1 19 -1 -1 -1 -1 -1 -1 -1 21 20 -1 18 -1 -1 
-1 -1 -1 1 4 5 6 -1 -1 -1 -1 -1 -1 3 -1 -1 -1 -1 -1 -1 -1 -1 -1 -1 -1 -1 -1 11 -1 -1 -1 -1 -1 -1 -1 -1 -1 -1 -1 -1 -1 -1 2 7 15 -1 -1 24 -1 -1 -1 -1 -1 -1 -1 -1 8 -1 29 -1 -1 -1 27 -1 -1 23 -1 22 25 -1 -1 -1 -1 -1 -1 -1 19 -1 -1 -1 -1 -1 -1 -1 21 20 -1 18 -1 -1 
-1 -1 -1 1 4 5 6 -1 -1 -1 -1 -1 -1 3 -1 -1 -1 -1 -1 -1 -1 -1 -1 -1 -1 -1 -1 11 -1 -1 -1 -1 -1 -1 -1 -1 -1 -1 -1 -1 -1 -1 2 7 15 -1 -1 8 -1 -1 -1 -1 -1 -1 -1 -1 -1 -1 29 -1 -1 -1 27 -1 -1 23 -1 22 25 -1 -1 -1 -1 -1 -1 -1 19 -1 -1 -1 -1 -1 -1 -1 21 20 -1 18 -1 -1 
-1 -1 -1 1 4 5 6 -1 -1 -1 -1 -1 -1 3 -1 -1 -1 -1 -1 -1 -1 -1 -1 -1 -1 -1 -1 11 -1 -1 -1 -1 -1 -1 -1 -1 -1 -1 -1 -1 -1 -1 2 7 15 -1 -1 22 -1 -1 -1 -1 -1 -1 -1 -1 -1 -1 29 -1 -1 -1 27 -1 -1 23 -1 -1 25 -1 -1 -1 -1 -1 -1 -1 19 -1 -1 -1 -1 -1 -1 -1 21 20 -1 18 -1 -1 
-1 -1 -1 1 4 5 6 -1 -1 -1 -1 -1 -1 3 -1 -1 -1 -1 -1 -1 -1 -1 -1 -1 -1 -1 -1 11 -1 -1 -1 -1 -1 -1 -1 -1 -1 -1 -1 -1 -1 -1 2 -1 15 -1 -1 22 -1 -1 -1 -1 -1 -1 -1 -1 -1 -1 29 -1 -1 -1 7 -1 -1 23 -1 -1 25 -1 -1 -1 -1 -1 -1 -1 19 -1 -1 -1 -1 -1 -1 -1 21 20 -1 18 -1 -1 
-1 -1 -1 1 4 5 6 -1 -1 -1 -1 -1 -1 3 -1 -1 -1 -1 -1 -1 -1 -1 -1 -1 -1 -1 -1 11 -1 -1 -1 -1 -1 -1 -1 -1 -1 -1 -1 -1 -1 -1 2 -1 15 -1 -1 22 -1 29 -1 -1 -1 -1 -1 -1 -1 -1 -1 -1 -1 -1 7 -1 -1 23 -1 -1 25 -1 -1 -1 -1 -1 -1 -1 19 -1 -1 -1 -1 -1 -1 -1 21 20 -1 18 -1 -1 
-1 -1 -1 1 4 5 6 -1 -1 -1 -1 -1 -1 3 -1 -1 -1 -1 -1 -1 -1 -1 2 -1 -1 -1 -1 11 -1 -1 -1 -1 -1 -1 -1 -1 -1 -1 -1 -1 -1 -1 -1 -1 15 -1 -1 22 -1 29 -1 -1 -1 -1 -1 -1 -1 -1 -1 -1 -1 -1 7 -1 -1 23 -1 -1 25 -1 -1 -1 -1 -1 -1 -1 19 -1 -1 -1 -1 -1 -1 -1 21 20 -1 18 -1 -1 
-1 -1 -1 1 4 5 6 -1 -1 -1 -1 -1 -1 3 -1 -1 -1 -1 -1 -1 -1 -1 2 -1 -1 -1 -1 11 -1 -1 -1 -1 -1 -1 -1 -1 -1 -1 -1 -1 -1 -1 -1 -1 15 -1 -1 22 -1 29 -1 -1 -1 -1 -1 -1 -1 -1 23 -1 -1 -1 7 -1 -1 -1 -1 -1 25 -1 -1 -1 -1 -1 -1 -1 19 -1 -1 -1 -1 -1 -1 -1 21 20 -1 18 -1 -1 
-1 -1 -1 -1 4 5 6 -1 -1 -1 -1 -1 -1 3 -1 -1 -1 -1 -1 -1 1 -1 2 -1 -1 -1 -1 11 -1 -1 -1 -1 -1 -1 -1 -1 -1 -1 -1 -1 -1 -1 -1 -1 15 -1 -1 22 -1 29 -1 -1 -1 -1 -1 -1 -1 -1 23 -1 -1 -1 7 -1 -1 -1 -1 -1 25 -1 -1 -1 -1 -1 -1 -1 19 -1 -1 -1 -1 -1 -1 -1 21 20 -1 18 -1 -1 
-1 -1 -1 -1 4 5 6 -1 -1 -1 -1 -1 -1 3 -1 -1 -1 -1 -1 -1 1 -1 2 -1 -1 -1 -1 11 -1 -1 -1 -1 -1 -1 -1 -1 -1 -1 -1 -1 -1 -1 -1 -1 15 -1 -1 -1 -1 29 -1 -1 -1 -1 -1 -1 -1 -1 23 -1 -1 -1 7 -1 -1 -1 -1 22 25 -1 -1 -1 -1 -1 -1 -1 19 -1 -1 -1 -1 -1 -1 -1 21 20 -1 18 -1 -1 
-1 -1 -1 -1 4 5 6 -1 -1 -1 -1 -1 -1 3 -1 -1 -1 -1 -1 -1 -1 -1 2 -1 -1 -1 -1 11 -1 -1 -1 -1 -1 -1 -1 -1 -1 1 -1 -1 -1 -1 -1 -1 15 -1 -1 -1 -1 29 -1 -1 -1 -1 -1 -1 -1 -1 23 -1 -1 -1 7 -1 -1 -1 -1 22 25 -1 -1 -1 -1 -1 -1 -1 19 -1 -1 -1 -1 -1 -1 -1 21 20 -1 18 -1 -1 
-1 -1 -1 -1 4 5 6 -1 -1 -1 -1 -1 -1 3 -1 -1 -1 -1 -1 -1 -1 -1 2 -1 -1 -1 -1 11 -1 -1 -1 -1 -1 -1 -1 -1 -1 1 -1 -1 -1 -1 -1 -1 15 -1 -1 23 -1 29 -1 -1 -1 -1 -1 -1 -1 -1 -1 -1 -1 -1 7 -1 -1 -1 -1 22 25 -1 -1 -1 -1 -1 -1 -1 19 -1 -1 -1 -1 -1 -1 -1 21 20 -1 18 -1 -1 
-1 -1 -1 -1 4 5 6 -1 -1 -1 -1 -1 -1 3 -1 -1 -1 -1 -1 -1 -1 -1 2 -1 -1 -1 -1 11 -1 -1 -1 -1 -1 -1 -1 -1 -1 1 -1 -1 -1 -1 -1 -1 15 -1 -1 23 -1 29 -1 -1 -1 -1 -1 -1 -1 -1 -1 -1 -1 -1 -1 -1 -1 -1 -1 22 25 7 -1 -1 -1 -1 -1 -1 19 -1 -1 -1 -1 -1 -1 -1 21 20 -1 18 -1 -1 
-1 -1 -1 -1 4 5 6 -1 -1 -1 -1 -1 -1 3 -1 -1 -1 -1 -1 -1 -1 -1 2 -1 -1 -1 -1 11 -1 -1 -1 -1 -1 -1 -1 -1 -1 1 -1 -1 -1 -1 -1 -1 15 -1 -1 23 -1 29 -1 22 -1 -1 -1 -1 -1 -1 -1 -1 -1 -1 -1 -1 -1 -1 -1 -1 25 7 -1 -1 -1 -1 -1 -1 19 -1 -1 -1 -1 -1 -1 -1 21 20 -1 18 -1 -1 
-1 -1 -1 -1 4 5 6 -1 -1 -1 -1 -1 -1 3 -1 -1 -1 -1 -1 -1 -1 -1 -1 -1 -1 -1 -1 11 -1 -1 -1 -1 -1 -1 -1 -1 -1 1 2 -1 -1 -1 -1 -1 15 -1 -1 23 -1 29 -1 22 -1 -1 -1 -1 -1 -1 -1 -1 -1 -1 -1 -1 -1 -1 -1 -1 25 7 -1 -1 -1 -1 -1 -1 19 -1 -1 -1 -1 -1 -1 -1 21 20 -1 18 -1 -1 
-1 -1 -1 -1 4 5 6 -1 -1 -1 -1 -1 -1 3 -1 -1 -1 -1 -1 -1 -1 -1 -1 -1 -1 -1 -1 11 -1 -1 -1 -1 -1 -1 -1 -1 -1 1 2 -1 -1 -1 -1 -1 15 -1 -1 23 -1 29 -1 22 -1 -1 -1 -1 -1 -1 -1 -1 -1 -1 -1 -1 25 -1 -1 -1 -1 7 -1 -1 -1 -1 -1 -1 19 -1 -1 -1 -1 -1 -1 -1 21 20 -1 18 -1 -1 
-1 -1 -1 -1 4 5 6 -1 -1 -1 -1 -1 -1 3 -1 -1 -1 -1 -1 -1 -1 -1 -1 -1 -1 -1 -1 11 -1 -1 -1 -1 -1 -1 -1 -1 -1 1 2 -1 -1 -1 -1 -1 15 -1 -1 23 -1 29 7 22 -1 -1 -1 -1 -1 -1 -1 -1 -1 -1 -1 -1 25 -1 -1 -1 -1 -1 -1 -1 -1 -1 -1 -1 19 -1 -1 -1 -1 -1 -1 -1 21 20 -1 18 -1 -1 
-1 -1 -1 -1 4 5 6 -1 -1 -1 -1 -1 -1 3 -1 -1 -1 -1 -1 -1 -1 -1 -1 -1 -1 -1 -1 11 -1 -1 -1 -1 -1 -1 -1 -1 -1 1 2 -1 -1 -1 -1 -1 15 -1 25 23 -1 29 7 22 -1 -1 -1 -1 -1 -1 -1 -1 -1 -1 -1 -1 -1 -1 -1 -1 -1 -1 -1 -1 -1 -1 -1 -1 19 -1 -1 -1 -1 -1 -1 -1 21 20 -1 18 -1 -1 
-1 -1 -1 -1 4 5 6 -1 -1 -1 -1 -1 -1 3 -1 -1 -1 -1 -1 -1 -1 -1 -1 -1 -1 -1 -1 11 -1 -1 -1 -1 -1 -1 -1 -1 -1 1 2 -1 -1 -1 -1 -1 -1 -1 25 23 -1 29 7 22 -1 15 -1 -1 -1 -1 -1 -1 -1 -1 -1 -1 -1 -1 -1 -1 -1 -1 -1 -1 -1 -1 -1 -1 19 -1 -1 -1 -1 -1 -1 -1 21 20 -1 18 -1 -1 
-1 -1 -1 -1 4 5 6 -1 -1 -1 -1 -1 -1 3 -1 -1 -1 -1 -1 -1 -1 -1 -1 -1 -1 -1 -1 11 -1 -1 -1 -1 -1 -1 -1 -1 -1 1 2 -1 -1 -1 -1 -1 -1 -1 25 23 -1 29 7 22 -1 15 -1 -1 -1 -1 -1 -1 -1 -1 -1 -1 -1 -1 -1 18 -1 -1 -1 -1 -1 -1 -1 -1 19 -1 -1 -1 -1 -1 -1 -1 21 20 -1 -1 -1 -1 
-1 -1 -1 -1 4 5 6 -1 -1 -1 -1 -1 -1 3 -1 -1 -1 -1 -1 -1 -1 -1 -1 -1 -1 -1 -1 11 -1 -1 -1 -1 -1 -1 -1 -1 -1 1 2 -1 -1 -1 -1 -1 -1 -1 25 23 -1 29 7 22 -1 -1 -1 -1 -1 -1 -1 -1 -1 -1 15 -1 -1 -1 -1 18 -1 -1 -1 -1 -1 -1 -1 -1 19 -1 -1 -1 -1 -1 -1 -1 21 20 -1 -1 -1 -1 
-1 -1 -1 -1 4 5 6 -1 -1 -1 -1 -1 -1 3 -1 -1 -1 -1 -1 -1 -1 -1 -1 -1 -1 -1 -1 11 -1 -1 -1 -1 -1 -1 -1 -1 -1 1 2 -1 -1 -1 -1 -1 -1 -1 25 -1 -1 29 7 22 -1 -1 -1 -1 -1 -1 -1 -1 -1 -1 15 -1 -1 -1 23 18 -1 -1 -1 -1 -1 -1 -1 -1 19 -1 -1 -1 -1 -1 -1 -1 21 20 -1 -1 -1 -1 
-1 -1 -1 -1 4 5 6 -1 -1 -1 -1 -1 -1 3 -1 -1 -1 -1 -1 -1 -1 -1 -1 -1 -1 -1 -1 11 -1 -1 -1 -1 -1 7 -1 -1 -1 1 2 -1 -1 -1 -1 -1 -1 -1 25 -1 -1 29 -1 22 -1 -1 -1 -1 -1 -1 -1 -1 -1 -1 15 -1 -1 -1 23 18 -1 -1 -1 -1 -1 -1 -1 -1 19 -1 -1 -1 -1 -1 -1 -1 21 20 -1 -1 -1 -1 
-1 -1 -1 -1 4 5 6 -1 -1 -1 -1 -1 -1 3 -1 -1 -1 -1 -1 -1 -1 -1 -1 -1 -1 -1 -1 11 -1 -1 -1 -1 -1 7 -1 -1 -1 1 2 -1 -1 -1 -1 -1 -1 -1 25 -1 -1 29 -1 22 -1 -1 -1 -1 -1 -1 -1 -1 -1 -1 15 -1 -1 -1 -1 18 -1 -1 -1 -1 -1 23 -1 -1 19 -1 -1 -1 -1 -1 -1 -1 21 20 -1 -1 -1 -1 
-1 -1 -1 -1 4 5 6 -1 -1 -1 -1 -1 -1 3 -1 -1 -1 -1 -1 -1 -1 -1 2 -1 -1 -1 -1 11 -1 -1 -1 -1 -1 7 -1 -1 -1 1 -1 -1 -1 -1 -1 -1 -1 -1 25 -1 -1 29 -1 22 -1 -1 -1 -1 -1 -1 -1 -1 -1 -1 15 -1 -1 -1 -1 18 -1 -1 -1 -1 -1 23 -1 -1 19 -1 -1 -1 -1 -1 -1 -1 21 20 -1 -1 -1 -1 
-1 -1 -1 -1 4 5 6 -1 -1 -1 -1 -1 -1 3 -1 -1 -1 -1 -1 -1 -1 -1 2 -1 -1 -1 -1 11 -1 -1 -1 -1 -1 7 -1 -1 -1 1 -1 -1 -1 -1 -1 -1 -1 -1 25 -1 -1 29 -1 22 -1 -1 -1 -1 23 -1 -1 -1 -1 -1 15 -1 -1 -1 -1 18 -1 -1 -1 -1 -1 -1 -1 -1 19 -1 -1 -1 -1 -1 -1 -1 21 20 -1 -1 -1 -1 
-1 -1 -1 -1 4 5 6 -1 -1 -1 -1 -1 -1 3 -1 -1 -1 -1 -1 -1 -1 -1 2 -1 -1 -1 -1 11 -1 -1 -1 -1 -1 7 -1 -1 -1 -1 -1 -1 -1 -1 -1 -1 -1 -1 25 -1 1 29 -1 22 -1 -1 -1 -1 23 -1 -1 -1 -1 -1 15 -1 -1 -1 -1 18 -1 -1 -1 -1 -1 -1 -1 -1 19 -1 -1 -1 -1 -1 -1 -1 21 20 -1 -1 -1 -1 
-1 -1 -1 -1 4 5 6 -1 -1 -1 -1 -1 -1 3 -1 -1 -1 -1 -1 -1 -1 -1 2 -1 -1 -1 -1 11 -1 -1 -1 -1 -1 7 -1 -1 -1 -1 -1 -1 -1 -1 -1 -1 -1 -1 25 18 1 29 -1 22 -1 -1 -1 -1 23 -1 -1 -1 -1 -1 15 -1 -1 -1 -1 -1 -1 -1 -1 -1 -1 -1 -1 -1 19 -1 -1 -1 -1 -1 -1 -1 21 20 -1 -1 -1 -1 
-1 -1 -1 -1 4 5 6 -1 -1 -1 -1 -1 -1 3 -1 -1 -1 -1 -1 -1 -1 -1 2 -1 -1 -1 -1 11 -1 1 -1 -1 -1 7 -1 -1 -1 -1 -1 -1 -1 -1 -1 -1 -1 -1 25 18 -1 29 -1 22 -1 -1 -1 -1 23 -1 -1 -1 -1 -1 15 -1 -1 -1 -1 -1 -1 -1 -1 -1 -1 -1 -1 -1 19 -1 -1 -1 -1 -1 -1 -1 21 20 -1 -1 -1 -1 
-1 -1 -1 -1 4 5 6 -1 -1 -1 -1 -1 -1 3 -1 -1 -1 -1 -1 -1 -1 -1 2 -1 -1 -1 -1 11 -1 1 -1 -1 -1 7 -1 -1 -1 -1 -1 -1 -1 -1 -1 -1 -1 -1 -1 18 -1 29 -1 22 -1 -1 -1 25 23 -1 -1 -1 -1 -1 15 -1 -1 -1 -1 -1 -1 -1 -1 -1 -1 -1 -1 -1 19 -1 -1 -1 -1 -1 -1 -1 21 20 -1 -1 -1 -1 
-1 -1 -1 -1 4 5 6 -1 -1 -1 -1 -1 -1 3 -1 -1 -1 -1 -1 -1 -1 -1 2 -1 -1 -1 -1 -1 -1 1 -1 -1 -1 7 -1 -1 11 -1 -1 -1 -1 -1 -1 -1 -1 -1 -1 18 -1 29 -1 22 -1 -1 -1 25 23 -1 -1 -1 -1 -1 15 -1 -1 -1 -1 -1 -1 -1 -1 -1 -1 -1 -1 -1 19 -1 -1 -1 -1 -1 -1 -1 21 20 -1 -1 -1 -1 
-1 -1 -1 -1 4 5 6 -1 -1 -1 -1 -1 -1 3 -1 -1 -1 -1 -1 -1 -1 -1 2 -1 -1 -1 -1 -1 -1 1 -1 -1 -1 7 -1 -1 11 -1 -1 -1 -1 -1 -1 -1 -1 -1 -1 18 -1 29 -1 22 -1 -1 -1 -1 23 -1 -1 -1 -1 -1 25 -1 -1 -1 -1 -1 -1 -1 -1 -1 -1 -1 -1 -1 19 -1 -1 -1 -1 -1 -1 -1 21 20 -1 -1 -1 -1 
-1 -1 -1 -1 4 5 6 -1 -1 -1 -1 -1 -1 3 -1 -1 -1 -1 -1 -1 -1 -1 2 -1 -1 -1 -1 -1 -1 -1 -1 -1 -1 7 -1 -1 11 -1 -1 -1 -1 -1 -1 -1 -1 -1 1 18 -1 29 -1 22 -1 -1 -1 -1 23 -1 -1 -1 -1 -1 25 -1 -1 -1 -1 -1 -1 -1 -1 -1 -1 -1 -1 -1 19 -1 -1 -1 -1 -1 -1 -1 21 20 -1 -1 -1 -1 
-1 -1 -1 -1 4 5 6 -1 -1 -1 -1 -1 -1 3 -1 -1 -1 -1 -1 -1 -1 -1 2 -1 -1 -1 -1 -1 -1 -1 -1 -1 -1 7 -1 -1 11 -1 -1 -1 -1 -1 -1 -1 -1 -1 1 18 -1 29 -1 22 -1 -1 -1 -1 23 -1 -1 -1 -1 -1 25 -1 -1 -1 19 -1 -1 -1 -1 -1 -1 -1 -1 -1 -1 -1 -1 -1 -1 -1 -1 -1 21 20 -1 -1 -1 -1 
-1 -1 -1 -1 4 5 6 -1 -1 -1 -1 -1 -1 3 -1 -1 -1 -1 -1 -1 -1 -1 2 -1 -1 -1 -1 -1 -1 -1 -1 -1 -1 -1 -1 -1 11 -1 -1 -1 -1 -1 -1 -1 7 -1 1 18 -1 29 -1 22 -1 -1 -1 -1 23 -1 -1 -1 -1 -1 25 -1 -1 -1 19 -1 -1 -1 -1 -1 -1 -1 -1 -1 -1 -1 -1 -1 -1 -1 -1 -1 21 20 -1 -1 -1 -1 
-1 -1 -1 -1 4 5 6 -1 -1 -1 -1 -1 -1 3 -1 -1 -1 -1 -1 -1 -1 -1 2 -1 -1 -1 -1 -1 -1 -1 -1 -1 -1 -1 -1 -1 11 -1 -1 -1 -1 -1 -1 -1 7 -1 1 -1 -1 29 -1 22 -1 -1 -1 -1 23 -1 -1 -1 -1 -1 25 -1 -1 -1 19 18 -1 -1 -1 -1 -1 -1 -1 -1 -1 -1 -1 -1 -1 -1 -1 -1 21 20 -1 -1 -1 -1 
-1 -1 -1 -1 4 5 6 -1 -1 -1 -1 -1 -1 3 -1 -1 -1 -1 -1 -1 -1 -1 2 -1 -1 -1 -1 -1 -1 -1 -1 -1 -1 -1 -1 -1 11 -1 -1 -1 -1 -1 -1 -1 -1 -1 1 -1 -1 29 -1 22 -1 -1 -1 -1 23 -1 -1 -1 -1 7 25 -1 -1 -1 19 18 -1 -1 -1 -1 -1 -1 -1 -1 -1 -1 -1 -1 -1 -1 -1 -1 21 20 -1 -1 -1 -1 
-1 -1 -1 -1 4 5 6 -1 -1 -1 -1 -1 -1 3 -1 -1 -1 -1 -1 -1 -1 -1 2 -1 -1 -1 -1 -1 -1 -1 -1 -1 -1 -1 -1 -1 11 -1 -1 -1 -1 -1 -1 -1 -1 -1 1 -1 -1 29 -1 22 -1 -1 -1 -1 23 -1 19 -1 -1 7 25 -1 -1 -1 -1 18 -1 -1 -1 -1 -1 -1 -1 -1 -1 -1 -1 -1 -1 -1 -1 -1 21 20 -1 -1 -1 -1 
-1 -1 -1 -1 4 5 6 -1 -1 -1 -1 -1 -1 3 -1 -1 -1 -1 -1 -1 -1 -1 2 -1 -1 -1 -1 -1 -1 -1 -1 -1 -1 -1 -1 -1 11 -1 -1 -1 -1 -1 -1 -1 -1 -1 1 -1 -1 29 -1 22 -1 -1 -1 -1 23 -1 19 -1 -1 -1 25 -1 -1 -1 -1 18 -1 -1 -1 -1 -1 -1 -1 -1 -1 -1 7 -1 -1 -1 -1 -1 21 20 -1 -1 -1 -1 
-1 -1 -1 -1 4 5 6 -1 -1 -1 -1 -1 -1 3 -1 -1 -1 -1 -1 -1 -1 -1 2 -1 -1 -1 -1 -1 -1 -1 -1 -1 -1 -1 -1 -1 11 -1 -1 -1 -1 -1 -1 -1 -1 -1 1 -1 -1 29 -1 22 -1 -1 -1 -1 23 -1 19 -1 -1 -1 25 -1 -1 -1 -1 18 -1 -1 -1 -1 -1 -1 -1 -1 -1 -1 7 -1 -1 -1 -1 -1 21 -1 20 -1 -1 -1 
-1 -1 -1 -1 4 5 6 -1 -1 -1 -1 -1 -1 3 -1 -1 -1 -1 -1 -1 -1 -1 2 -1 -1 -1 -1 -1 -1 -1 -1 -1 -1 -1 -1 -1 11 -1 -1 -1 -1 -1 -1 -1 -1 -1 1 -1 -1 29 -1 22 -1 -1 -1 -1 23 -1 19 7 -1 -1 25 -1 -1 -1 -1 18 -1 -1 -1 -1 -1 -1 -1 -1 -1 -1 -1 -1 -1 -1 -1 -1 21 -1 20 -1 -1 -1 
-1 -1 -1 -1 4 5 6 -1 -1 -1 -1 -1 -1 3 -1 -1 -1 -1 -1 -1 -1 -1 2 -1 -1 -1 -1 -1 -1 -1 -1 -1 -1 -1 -1 -1 11 -1 -1 -1 -1 -1 -1 -1 -1 -1 1 -1 -1 29 -1 22 -1 -1 -1 -1 23 -1 19 7 25 -1 -1 -1 -1 -1 -1 18 -1 -1 -1 -1 -1 -1 -1 -1 -1 -1 -1 -1 -1 -1 -1 -1 21 -1 20 -1 -1 -1 
-1 -1 -1 -1 4 5 6 -1 -1 -1 -1 -1 -1 3 -1 -1 -1 -1 -1 -1 -1 -1 2 -1 -1 -1 -1 -1 -1 -1 -1 -1 -1 -1 -1 -1 11 -1 -1 -1 -1 -1 -1 -1 -1 -1 -1 -1 -1 29 -1 22 -1 -1 -1 -1 23 -1 19 7 25 -1 -1 -1 -1 1 -1 18 -1 -1 -1 -1 -1 -1 -1 -1 -1 -1 -1 -1 -1 -1 -1 -1 21 -1 20 -1 -1 -1 
-1 -1 -1 -1 4 5 6 -1 -1 -1 -1 -1 -1 3 -1 -1 -1 -1 -1 -1 -1 -1 2 -1 -1 -1 -1 -1 -1 -1 -1 -1 -1 -1 -1 -1 11 23 -1 -1 -1 -1 -1 -1 -1 -1 -1 -1 -1 29 -1 22 -1 -1 -1 -1 -1 -1 19 7 25 -1 -1 -1 -1 1 -1 18 -1 -1 -1 -1 -1 -1 -1 -1 -1 -1 -1 -1 -1 -1 -1 -1 21 -1 20 -1 -1 -1 
-1 -1 -1 -1 4 5 6 -1 -1 -1 -1 -1 -1 3 -1 -1 -1 -1 -1 -1 -1 -1 2 -1 -1 -1 -1 -1 -1 -1 -1 -1 -1 -1 -1 -1 11 23 -1 -1 -1 -1 -1 -1 -1 -1 -1 -1 7 29 -1 22 -1 -1 -1 -1 -1 -1 19 -1 25 -1 -1 -1 -1 1 -1 18 -1 -1 -1 -1 -1 -1 -1 -1 -1 -1 -1 -1 -1 -1 -1 -1 21 -1 20 -1 -1 -1 
-1 -1 -1 -1 4 5 6 -1 -1 -1 -1 -1 -1 3 -1 -1 -1 -1 -1 -1 -1 -1 2 -1 -1 -1 -1 -1 -1 -1 -1 -1 -1 -1 -1 -1 11 23 -1 -1 -1 -1 -1 -1 -1 -1 -1 18 7 29 -1 22 -1 -1 -1 -1 -1 -1 19 -1 25 -1 -1 -1 -1 1 -1 -1 -1 -1 -1 -1 -1 -1 -1 -1 -1 -1 -1 -1 -1 -1 -1 -1 21 -1 20 -1 -1 -1 
-1 -1 -1 -1 4 5 6 -1 -1 -1 -1 -1 -1 3 -1 -1 -1 -1 -1 -1 -1 -1 2 -1 -1 -1 -1 -1 -1 7 -1 -1 -1 -1 -1 -1 11 23 -1 -1 -1 -1 -1 -1 -1 -1 -1 18 -1 29 -1 22 -1 -1 -1 -1 -1 -1 19 -1 25 -1 -1 -1 -1 1 -1 -1 -1 -1 -1 -1 -1 -1 -1 -1 -1 -1 -1 -1 -1 -1 -1 -1 21 -1 20 -1 -1 -1 
-1 -1 -1 -1 4 5 6 -1 -1 -1 -1 -1 -1 3 -1 -1 -1 -1 -1 -1 -1 -1 2 -1 -1 -1 -1 -1 -1 7 -1 -1 -1 -1 -1 -1 11 23 -1 -1 -1 -1 -1 -1 -1 -1 -1 18 -1 29 -1 22 -1 -1 -1 25 -1 -1 19 -1 -1 -1 -1 -1 -1 1 -1 -1 -1 -1 -1 -1 -1 -1 -1 -1 -1 -1 -1 -1 -1 -1 -1 -1 21 -1 20 -1 -1 -1 
-1 -1 -1 -1 4 5 6 -1 -1 -1 -1 -1 -1 3 -1 -1 -1 -1 -1 -1 -1 -1 -1 -1 -1 -1 -1 -1 -1 7 -1 -1 -1 -1 -1 -1 11 23 2 -1 -1 -1 -1 -1 -1 -1 -1 18 -1 29 -1 22 -1 -1 -1 25 -1 -1 19 -1 -1 -1 -1 -1 -1 1 -1 -1 -1 -1 -1 -1 -1 -1 -1 -1 -1 -1 -1 -1 -1 -1 -1 -1 21 -1 20 -1 -1 -1 
-1 -1 -1 -1 4 5 6 -1 -1 -1 -1 -1 -1 3 -1 -1 -1 -1 -1 -1 -1 -1 -1 -1 -1 -1 -1 -1 -1 7 -1 -1 -1 -1 -1 -1 11 23 2 -1 -1 -1 -1 -1 -1 -1 -1 18 -1 29 -1 22 -1 -1 -1 -1 -1 -1 19 -1 -1 -1 -1 -1 25 1 -1 -1 -1 -1 -1 -1 -1 -1 -1 -1 -1 -1 -1 -1 -1 -1 -1 -1 21 -1 20 -1 -1 -1 
-1 -1 -1 -1 4 5 6 -1 -1 -1 -1 -1 -1 3 -1 -1 -1 -1 7 -1 -1 -1 -1 -1 -1 -1 -1 -1 -1 -1 -1 -1 -1 -1 -1 -1 11 23 2 -1 -1 -1 -1 -1 -1 -1 -1 18 -1 29 -1 22 -1 -1 -1 -1 -1 -1 19 -1 -1 -1 -1 -1 25 1 -1 -1 -1 -1 -1 -1 -1 -1 -1 -1 -1 -1 -1 -1 -1 -1 -1 -1 21 -1 20 -1 -1 -1 
-1 -1 -1 -1 4 5 6 -1 -1 -1 -1 -1 -1 3 -1 -1 -1 -1 7 -1 23 -1 -1 -1 -1 -1 -1 -1 -1 -1 -1 -1 -1 -1 -1 -1 11 -1 2 -1 -1 -1 -1 -1 -1 -1 -1 18 -1 29 -1 22 -1 -1 -1 -1 -1 -1 19 -1 -1 -1 -1 -1 25 1 -1 -1 -1 -1 -1 -1 -1 -1 -1 -1 -1 -1 -1 -1 -1 -1 -1 -1 21 -1 20 -1 -1 -1 
-1 -1 -1 -1 4 5 6 -1 -1 -1 -1 -1 -1 3 -1 -1 -1 -1 -1 -1 23 -1 -1 -1 -1 -1 -1 -1 -1 7 -1 -1 -1 -1 -1 -1 11 -1 2 -1 -1 -1 -1 -1 -1 -1 -1 18 -1 29 -1 22 -1 -1 -1 -1 -1 -1 19 -1 -1 -1 -1 -1 25 1 -1 -1 -1 -1 -1 -1 -1 -1 -1 -1 -1 -1 -1 -1 -1 -1 -1 -1 21 -1 20 -1 -1 -1 
-1 25 -1 -1 4 5 6 -1 -1 -1 -1 -1 -1 3 -1 -1 -1 -1 -1 -1 23 -1 -1 -1 -1 -1 -1 -1 -1 7 -1 -1 -1 -1 -1 -1 11 -1 2 -1 -1 -1 -1 -1 -1 -1 -1 18 -1 29 -1 22 -1 -1 -1 -1 -1 -1 19 -1 -1 -1 -1 -1 -1 1 -1 -1 -1 -1 -1 -1 -1 -1 -1 -1 -1 -1 -1 -1 -1 -1 -1 -1 21 -1 20 -1 -1 -1 
-1 25 -1 -1 4 5 6 -1 -1 -1 -1 -1 -1 3 -1 -1 -1 -1 -1 -1 23 -1 2 -1 -1 -1 -1 -1 -1 7 -1 -1 -1 -1 -1 -1 11 -1 -1 -1 -1 -1 -1 -1 -1 -1 -1 18 -1 29 -1 22 -1 -1 -1 -1 -1 -1 19 -1 -1 -1 -1 -1 -1 1 -1 -1 -1 -1 -1 -1 -1 -1 -1 -1 -1 -1 -1 -1 -1 -1 -1 -1 21 -1 20 -1 -1 -1 
-1 -1 -1 -1 4 5 6 -1 -1 -1 -1 -1 -1 3 -1 -1 -1 -1 -1 -1 23 -1 2 -1 -1 -1 -1 -1 -1 7 -1 -1 -1 -1 -1 -1 11 -1 -1 -1 -1 -1 -1 -1 -1 -1 -1 18 -1 29 -1 22 -1 -1 -1 -1 -1 -1 19 -1 -1 -1 -1 -1 25 1 -1 -1 -1 -1 -1 -1 -1 -1 -1 -1 -1 -1 -1 -1 -1 -1 -1 -1 21 -1 20 -1 -1 -1 
-1 -1 -1 -1 4 5 6 -1 -1 -1 -1 -1 -1 3 -1 -1 -1 -1 -1 -1 23 -1 -1 -1 -1 -1 -1 -1 -1 7 -1 -1 -1 -1 -1 -1 11 -1 2 -1 -1 -1 -1 -1 -1 -1 -1 18 -1 29 -1 22 -1 -1 -1 -1 -1 -1 19 -1 -1 -1 -1 -1 25 1 -1 -1 -1 -1 -1 -1 -1 -1 -1 -1 -1 -1 -1 -1 -1 -1 -1 -1 21 -1 20 -1 -1 -1 
-1 -1 -1 -1 4 5 6 -1 -1 -1 -1 -1 -1 3 -1 -1 -1 -1 -1 -1 -1 -1 -1 -1 -1 -1 -1 -1 -1 7 -1 23 -1 -1 -1 -1 11 -1 2 -1 -1 -1 -1 -1 -1 -1 -1 18 -1 29 -1 22 -1 -1 -1 -1 -1 -1 19 -1 -1 -1 -1 -1 25 1 -1 -1 -1 -1 -1 -1 -1 -1 -1 -1 -1 -1 -1 -1 -1 -1 -1 -1 21 -1 20 -1 -1 -1 
-1 -1 -1 -1 4 5 6 -1 -1 -1 -1 -1 -1 3 -1 -1 -1 -1 -1 -1 -1 -1 2 -1 -1 -1 -1 -1 -1 7 -1 23 -1 -1 -1 -1 11 -1 -1 -1 -1 -1 -1 -1 -1 -1 -1 18 -1 29 -1 22 -1 -1 -1 -1 -1 -1 19 -1 -1 -1 -1 -1 25 1 -1 -1 -1 -1 -1 -1 -1 -1 -1 -1 -1 -1 -1 -1 -1 -1 -1 -1 21 -1 20 -1 -1 -1 
-1 -1 -1 -1 4 5 6 -1 -1 -1 -1 -1 -1 3 -1 -1 -1 -1 -1 -1 -1 -1 2 -1 -1 -1 -1 -1 -1 7 -1 23 -1 -1 -1 -1 11 -1 -1 -1 -1 -1 -1 -1 -1 -1 -1 18 -1 29 -1 -1 -1 -1 -1 -1 -1 -1 19 -1 -1 -1 -1 -1 25 1 -1 22 -1 -1 -1 -1 -1 -1 -1 -1 -1 -1 -1 -1 -1 -1 -1 -1 21 -1 20 -1 -1 -1 
-1 -1 -1 -1 4 5 6 -1 -1 -1 -1 -1 -1 -1 -1 -1 -1 -1 -1 -1 -1 -1 2 3 -1 -1 -1 -1 -1 7 -1 23 -1 -1 -1 -1 11 -1 -1 -1 -1 -1 -1 -1 -1 -1 -1 18 -1 29 -1 -1 -1 -1 -1 -1 -1 -1 19 -1 -1 -1 -1 -1 25 1 -1 22 -1 -1 -1 -1 -1 -1 -1 -1 -1 -1 -1 -1 -1 -1 -1 -1 21 -1 20 -1 -1 -1 
-1 -1 -1 -1 4 5 6 -1 -1 -1 -1 -1 -1 -1 -1 -1 -1 -1 -1 -1 -1 -1 2 3 23 -1 -1 -1 -1 7 -1 -1 -1 -1 -1 -1 11 -1 -1 -1 -1 -1 -1 -1 -1 -1 -1 18 -1 29 -1 -1 -1 -1 -1 -1 -1 -1 19 -1 -1 -1 -1 -1 25 1 -1 22 -1 -1 -1 -1 -1 -1 -1 -1 -1 -1 -1 -1 -1 -1 -1 -1 21 -1 20 -1 -1 -1 
-1 -1 -1 -1 4 5 6 -1 -1 -1 -1 -1 -1 -1 -1 -1 -1 -1 7 -1 -1 -1 2 3 23 -1 -1 -1 -1 -1 -1 -1 -1 -1 -1 -1 11 -1 -1 -1 -1 -1 -1 -1 -1 -1 -1 18 -1 29 -1 -1 -1 -1 -1 -1 -1 -1 19 -1 -1 -1 -1 -1 25 1 -1 22 -1 -1 -1 -1 -1 -1 -1 -1 -1 -1 -1 -1 -1 -1 -1 -1 21 -1 20 -1 -1 -1 
-1 -1 -1 -1 4 5 6 -1 -1 -1 -1 -1 -1 -1 -1 -1 -1 -1 7 -1 -1 -1 2 3 -1 -1 -1 -1 -1 -1 -1 -1 -1 -1 -1 -1 11 -1 -1 -1 -1 23 -1 -1 -1 -1 -1 18 -1 29 -1 -1 -1 -1 -1 -1 -1 -1 19 -1 -1 -1 -1 -1 25 1 -1 22 -1 -1 -1 -1 -1 -1 -1 -1 -1 -1 -1 -1 -1 -1 -1 -1 21 -1 20 -1 -1 -1 
-1 -1 -1 -1 4 5 6 -1 -1 -1 -1 -1 -1 -1 -1 -1 -1 -1 -1 -1 -1 -1 2 3 -1 -1 -1 -1 -1 -1 -1 -1 -1 -1 -1 -1 11 7 -1 -1 -1 23 -1 -1 -1 -1 -1 18 -1 29 -1 -1 -1 -1 -1 -1 -1 -1 19 -1 -1 -1 -1 -1 25 1 -1 22 -1 -1 -1 -1 -1 -1 -1 -1 -1 -1 -1 -1 -1 -1 -1 -1 21 -1 20 -1 -1 -1 
-1 -1 -1 -1 4 5 6 -1 -1 -1 -1 -1 -1 -1 -1 -1 -1 -1 -1 -1 -1 -1 2 3 -1 -1 -1 -1 -1 -1 -1 -1 -1 -1 -1 -1 11 7 -1 -1 -1 23 -1 17 -1 -1 -1 18 -1 29 -1 -1 -1 -1 -1 -1 -1 -1 19 -1 -1 -1 -1 -1 25 1 -1 22 -1 -1 -1 -1 -1 -1 -1 -1 -1 -1 -1 -1 -1 -1 -1 -1 21 -1 20 -1 -1 -1 
-1 -1 -1 -1 4 5 6 -1 -1 -1 -1 -1 -1 3 -1 -1 -1 -1 -1 -1 -1 -1 2 -1 -1 -1 -1 -1 -1 -1 -1 -1 -1 -1 -1 -1 11 7 -1 -1 -1 23 -1 17 -1 -1 -1 18 -1 29 -1 -1 -1 -1 -1 -1 -1 -1 19 -1 -1 -1 -1 -1 25 1 -1 22 -1 -1 -1 -1 -1 -1 -1 -1 -1 -1 -1 -1 -1 -1 -1 -1 21 -1 20 -1 -1 -1 
-1 -1 -1 -1 4 5 6 -1 -1 -1 -1 -1 -1 3 -1 -1 -1 -1 -1 -1 -1 -1 2 -1 -1 -1 -1 -1 -1 -1 -1 -1 -1 -1 -1 -1 11 7 -1 -1 -1 23 -1 17 -1 -1 -1 18 -1 29 -1 -1 -1 -1 -1 -1 -1 -1 19 -1 -1 -1 -1 -1 -1 1 -1 22 -1 -1 -1 -1 -1 25 -1 -1 -1 -1 -1 -1 -1 -1 -1 -1 21 -1 20 -1 -1 -1 
-1 -1 -1 -1 4 5 6 -1 -1 -1 -1 -1 -1 -1 -1 -1 -1 -1 -1 -1 -1 3 2 -1 -1 -1 -1 -1 -1 -1 -1 -1 -1 -1 -1 -1 11 7 -1 -1 -1 23 -1 17 -1 -1 -1 18 -1 29 -1 -1 -1 -1 -1 -1 -1 -1 19 -1 -1 -1 -1 -1 -1 1 -1 22 -1 -1 -1 -1 -1 25 -1 -1 -1 -1 -1 -1 -1 -1 -1 -1 21 -1 20 -1 -1 -1 
-1 -1 -1 -1 4 5 6 -1 -1 -1 -1 -1 -1 -1 -1 -1 -1 -1 -1 -1 -1 3 2 -1 17 -1 -1 -1 -1 -1 -1 -1 -1 -1 -1 -1 11 7 -1 -1 -1 23 -1 -1 -1 -1 -1 18 -1 29 -1 -1 -1 -1 -1 -1 -1 -1 19 -1 -1 -1 -1 -1 -1 1 -1 22 -1 -1 -1 -1 -1 25 -1 -1 -1 -1 -1 -1 -1 -1 -1 -1 21 -1 20 -1 -1 -1 
-1 -1 -1 4 -1 5 6 -1 -1 -1 -1 -1 -1 -1 -1 -1 -1 -1 -1 -1 -1 3 2 -1 17 -1 -1 -1 -1 -1 -1 -1 -1 -1 -1 -1 11 7 -1 -1 -1 23 -1 -1 -1 -1 -1 18 -1 29 -1 -1 -1 -1 -1 -1 -1 -1 19 -1 -1 -1 -1 -1 -1 1 -1 22 -1 -1 -1 -1 -1 25 -1 -1 -1 -1 -1 -1 -1 -1 -1 -1 21 -1 20 -1 -1 -1 
-1 -1 -1 4 -1 5 6 -1 -1 -1 -1 -1 -1 -1 -1 -1 -1 -1 -1 -1 -1 3 2 -1 -1 -1 -1 -1 -1 -1 -1 -1 -1 -1 -1 -1 11 7 -1 -1 -1 17 -1 -1 -1 -1 -1 18 -1 29 -1 -1 -1 -1 -1 -1 -1 -1 19 -1 -1 -1 -1 -1 -1 1 -1 22 -1 -1 -1 -1 -1 25 -1 -1 -1 -1 -1 -1 -1 -1 -1 -1 21 -1 20 -1 -1 -1 
-1 -1 -1 4 -1 -1 6 -1 -1 -1 -1 -1 -1 5 -1 -1 -1 -1 -1 -1 -1 3 2 -1 -1 -1 -1 -1 -1 -1 -1 -1 -1 -1 -1 -1 11 7 -1 -1 -1 17 -1 -1 -1 -1 -1 18 -1 29 -1 -1 -1 -1 -1 -1 -1 -1 19 -1 -1 -1 -1 -1 -1 1 -1 22 -1 -1 -1 -1 -1 25 -1 -1 -1 -1 -1 -1 -1 -1 -1 -1 21 -1 20 -1 -1 -1 
-1 -1 -1 4 -1 -1 6 -1 -1 -1 -1 -1 -1 5 -1 -1 -1 -1 -1 -1 -1 3 2 -1 -1 -1 -1 -1 -1 -1 -1 -1 -1 -1 -1 -1 11 7 -1 -1 -1 17 -1 -1 -1 -1 -1 18 -1 29 -1 -1 -1 -1 -1 25 -1 -1 19 -1 -1 -1 -1 -1 -1 1 -1 22 -1 -1 -1 -1 -1 -1 -1 -1 -1 -1 -1 -1 -1 -1 -1 -1 21 -1 20 -1 -1 -1 
-1 -1 -1 4 -1 -1 6 -1 -1 -1 -1 -1 -1 5 -1 -1 -1 -1 -1 -1 -1 3 2 -1 -1 -1 -1 -1 -1 -1 -1 -1 -1 -1 -1 -1 11 7 -1 -1 -1 17 -1 -1 -1 -1 -1 18 1 29 -1 -1 -1 -1 -1 25 -1 -1 19 -1 -1 -1 -1 -1 -1 -1 -1 22 -1 -1 -1 -1 -1 -1 -1 -1 -1 -1 -1 -1 -1 -1 -1 -1 21 -1 20 -1 -1 -1 
-1 -1 -1 4 -1 -1 6 -1 -1 -1 -1 -1 -1 5 -1 -1 -1 -1 -1 -1 -1 3 2 -1 -1 -1 -1 -1 -1 -1 -1 -1 -1 -1 -1 -1 11 7 -1 -1 -1 17 -1 -1 -1 -1 -1 18 1 29 -1 -1 -1 -1 -1 -1 -1 25 19 -1 -1 -1 -1 -1 -1 -1 -1 22 -1 -1 -1 -1 -1 -1 -1 -1 -1 -1 -1 -1 -1 -1 -1 -1 21 -1 20 -1 -1 -1 
-1 -1 -1 -1 -1 -1 6 -1 -1 -1 -1 -1 4 5 -1 -1 -1 -1 -1 -1 -1 3 2 -1 -1 -1 -1 -1 -1 -1 -1 -1 -1 -1 -1 -1 11 7 -1 -1 -1 17 -1 -1 -1 -1 -1 18 1 29 -1 -1 -1 -1 -1 -1 -1 25 19 -1 -1 -1 -1 -1 -1 -1 -1 22 -1 -1 -1 -1 -1 -1 -1 -1 -1 -1 -1 -1 -1 -1 -1 -1 21 -1 20 -1 -1 -1 
-1 -1 -1 -1 -1 -1 6 -1 -1 -1 -1 -1 4 5 -1 -1 -1 -1 -1 -1 -1 3 2 -1 -1 -1 -1 -1 -1 -1 -1 -1 -1 -1 -1 -1 11 7 -1 -1 -1 17 -1 -1 -1 -1 -1 18 1 29 -1 -1 -1 -1 -1 -1 -1 -1 19 25 -1 -1 -1 -1 -1 -1 -1 22 -1 -1 -1 -1 -1 -1 -1 -1 -1 -1 -1 -1 -1 -1 -1 -1 21 -1 20 -1 -1 -1 
-1 -1 -1 -1 -1 -1 6 -1 -1 -1 -1 -1 4 5 -1 -1 -1 -1 -1 -1 -1 3 2 -1 -1 -1 -1 -1 -1 -1 7 -1 -1 -1 -1 -1 11 -1 -1 -1 -1 17 -1 -1 -1 -1 -1 18 1 29 -1 -1 -1 -1 -1 -1 -1 -1 19 25 -1 -1 -1 -1 -1 -1 -1 22 -1 -1 -1 -1 -1 -1 -1 -1 -1 -1 -1 -1 -1 -1 -1 -1 21 -1 20 -1 -1 -1 
-1 -1 -1 -1 -1 -1 6 -1 -1 -1 -1 -1 4 5 -1 -1 -1 -1 -1 -1 -1 3 2 -1 -1 -1 -1 -1 -1 -1 7 -1 -1 -1 -1 -1 11 -1 -1 -1 -1 17 -1 -1 -1 -1 -1 18 1 29 25 -1 -1 -1 -1 -1 -1 -1 19 -1 -1 -1 -1 -1 -1 -1 -1 22 -1 -1 -1 -1 -1 -1 -1 -1 -1 -1 -1 -1 -1 -1 -1 -1 21 -1 20 -1 -1 -1 
-1 -1 -1 -1 -1 -1 6 -1 -1 -1 -1 -1 4 5 -1 -1 -1 -1 -1 -1 -1 3 2 -1 -1 -1 -1 -1 -1 -1 7 -1 -1 -1 -1 -1 11 -1 -1 -1 -1 17 -1 -1 -1 -1 -1 18 -1 29 25 -1 -1 -1 -1 -1 -1 -1 19 -1 -1 -1 -1 -1 -1 1 -1 22 -1 -1 -1 -1 -1 -1 -1 -1 -1 -1 -1 -1 -1 -1 -1 -1 21 -1 20 -1 -1 -1 
-1 -1 -1 -1 -1 -1 6 -1 -1 -1 -1 -1 4 5 -1 -1 -1 -1 -1 -1 -1 3 2 -1 -1 -1 -1 -1 -1 -1 7 -1 -1 -1 -1 -1 11 -1 -1 -1 29 17 -1 -1 -1 -1 -1 18 -1 -1 25 -1 -1 -1 -1 -1 -1 -1 19 -1 -1 -1 -1 -1 -1 1 -1 22 -1 -1 -1 -1 -1 -1 -1 -1 -1 -1 -1 -1 -1 -1 -1 -1 21 -1 20 -1 -1 -1 
-1 -1 -1 -1 -1 -1 6 -1 -1 -1 -1 -1 4 5 -1 -1 -1 -1 -1 -1 -1 3 2 7 -1 -1 -1 -1 -1 -1 -1 -1 -1 -1 -1 -1 11 -1 -1 -1 29 17 -1 -1 -1 -1 -1 18 -1 -1 25 -1 -1 -1 -1 -1 -1 -1 19 -1 -1 -1 -1 -1 -1 1 -1 22 -1 -1 -1 -1 -1 -1 -1 -1 -1 -1 -1 -1 -1 -1 -1 -1 21 -1 20 -1 -1 -1 
-1 -1 -1 -1 -1 -1 6 -1 -1 -1 -1 -1 4 5 -1 -1 -1 -1 -1 -1 -1 3 2 7 -1 -1 -1 -1 -1 -1 -1 -1 -1 -1 -1 -1 11 -1 -1 -1 29 -1 -1 -1 -1 -1 -1 18 -1 -1 25 -1 -1 -1 -1 -1 -1 -1 19 -1 17 -1 -1 -1 -1 1 -1 22 -1 -1 -1 -1 -1 -1 -1 -1 -1 -1 -1 -1 -1 -1 -1 -1 21 -1 20 -1 -1 -1 
-1 -1 -1 4 -1 -1 6 -1 -1 -1 -1 -1 -1 5 -1 -1 -1 -1 -1 -1 -1 3 2 7 -1 -1 -1 -1 -1 -1 -1 -1 -1 -1 -1 -1 11 -1 -1 -1 29 -1 -1 -1 -1 -1 -1 18 -1 -1 25 -1 -1 -1 -1 -1 -1 -1 19 -1 17 -1 -1 -1 -1 1 -1 22 -1 -1 -1 -1 -1 -1 -1 -1 -1 -1 -1 -1 -1 -1 -1 -1 21 -1 20 -1 -1 -1 
-1 -1 -1 4 -1 -1 6 -1 -1 -1 -1 -1 -1 5 -1 -1 -1 -1 -1 -1 -1 3 2 7 -1 -1 -1 -1 -1 -1 -1 -1 -1 -1 -1 -1 11 -1 -1 -1 -1 29 -1 -1 -1 -1 -1 18 -1 -1 25 -1 -1 -1 -1 -1 -1 -1 19 -1 17 -1 -1 -1 -1 1 -1 22 -1 -1 -1 -1 -1 -1 -1 -1 -1 -1 -1 -1 -1 -1 -1 -1 21 -1 20 -1 -1 -1 
-1 -1 -1 4 -1 -1 6 -1 -1 -1 -1 -1 -1 5 -1 -1 -1 -1 -1 -1 -1 3 -1 7 -1 -1 -1 -1 -1 -1 -1 -1 -1 -1 -1 -1 11 -1 -1 -1 -1 29 2 -1 -1 -1 -1 18 -1 -1 25 -1 -1 -1 -1 -1 -1 -1 19 -1 17 -1 -1 -1 -1 1 -1 22 -1 -1 -1 -1 -1 -1 -1 -1 -1 -1 -1 -1 -1 -1 -1 -1 21 -1 20 -1 -1 -1 
-1 -1 -1 4 -1 -1 6 -1 -1 -1 -1 -1 -1 5 -1 -1 -1 -1 -1 -1 -1 3 -1 7 -1 -1 -1 -1 -1 -1 -1 -1 -1 -1 -1 -1 11 -1 -1 -1 -1 29 2 -1 -1 -1 -1 18 -1 -1 25 -1 -1 17 -1 -1 -1 -1 19 -1 -1 -1 -1 -1 -1 1 -1 22 -1 -1 -1 -1 -1 -1 -1 -1 -1 -1 -1 -1 -1 -1 -1 -1 21 -1 20 -1 -1 -1 
-1 -1 -1 4 -1 -1 6 -1 -1 -1 -1 -1 -1 5 -1 -1 -1 -1 -1 -1 -1 3 -1 7 -1 -1 -1 -1 -1 -1 -1 -1 -1 -1 -1 -1 11 -1 -1 -1 -1 29 2 -1 -1 -1 -1 18 -1 -1 25 -1 -1 17 1 -1 -1 -1 19 -1 -1 -1 -1 -1 -1 -1 -1 22 -1 -1 -1 -1 -1 -1 -1 -1 -1 -1 -1 -1 -1 -1 -1 -1 21 -1 20 -1 -1 -1 
-1 -1 -1 4 -1 -1 6 -1 -1 -1 -1 -1 -1 5 -1 -1 -1 -1 -1 -1 -1 3 -1 7 -1 -1 -1 -1 -1 -1 -1 -1 -1 -1 17 -1 11 -1 -1 -1 -1 29 2 -1 -1 -1 -1 18 -1 -1 25 -1 -1 -1 1 -1 -1 -1 19 -1 -1 -1 -1 -1 -1 -1 -1 22 -1 -1 -1 -1 -1 -1 -1 -1 -1 -1 -1 -1 -1 -1 -1 -1 21 -1 20 -1 -1 -1 
-1 -1 -1 4 -1 -1 6 -1 -1 -1 -1 -1 -1 5 -1 -1 -1 -1 -1 -1 -1 3 -1 7 -1 -1 -1 -1 -1 -1 -1 -1 -1 -1 17 -1 11 -1 -1 -1 -1 29 -1 -1 -1 -1 -1 18 -1 -1 25 -1 -1 -1 1 -1 -1 -1 19 -1 -1 -1 2 -1 -1 -1 -1 22 -1 -1 -1 -1 -1 -1 -1 -1 -1 -1 -1 -1 -1 -1 -1 -1 21 -1 20 -1 -1 -1 
-1 -1 -1 4 -1 -1 6 -1 -1 -1 -1 -1 -1 5 -1 -1 -1 -1 -1 -1 -1 3 -1 7 -1 -1 -1 -1 -1 -1 -1 -1 29 -1 17 -1 11 -1 -1 -1 -1 -1 -1 -1 -1 -1 -1 18 -1 -1 25 -1 -1 -1 1 -1 -1 -1 19 -1 -1 -1 2 -1 -1 -1 -1 22 -1 -1 -1 -1 -1 -1 -1 -1 -1 -1 -1 -1 -1 -1 -1 -1 21 -1 20 -1 -1 -1 
-1 -1 -1 4 -1 -1 6 -1 -1 -1 -1 -1 7 5 -1 -1 -1 -1 -1 -1 -1 3 -1 -1 -1 -1 -1 -1 -1 -1 -1 -1 29 -1 17 -1 11 -1 -1 -1 -1 -1 -1 -1 -1 -1 -1 18 -1 -1 25 -1 -1 -1 1 -1 -1 -1 19 -1 -1 -1 2 -1 -1 -1 -1 22 -1 -1 -1 -1 -1 -1 -1 -1 -1 -1 -1 -1 -1 -1 -1 -1 21 -1 20 -1 -1 -1 
-1 -1 -1 4 -1 -1 6 -1 -1 -1 -1 -1 7 5 -1 -1 -1 -1 -1 -1 -1 3 -1 -1 -1 -1 -1 -1 -1 -1 -1 -1 29 -1 17 -1 11 -1 -1 -1 -1 -1 -1 -1 -1 -1 -1 18 25 -1 -1 -1 -1 -1 1 -1 -1 -1 19 -1 -1 -1 2 -1 -1 -1 -1 22 -1 -1 -1 -1 -1 -1 -1 -1 -1 -1 -1 -1 -1 -1 -1 -1 21 -1 20 -1 -1 -1 
-1 -1 -1 4 -1 -1 6 -1 -1 -1 -1 -1 7 5 -1 -1 -1 -1 -1 -1 -1 3 -1 -1 -1 -1 -1 -1 -1 -1 -1 -1 29 -1 17 -1 11 1 -1 -1 -1 -1 -1 -1 -1 -1 -1 18 25 -1 -1 -1 -1 -1 -1 -1 -1 -1 19 -1 -1 -1 2 -1 -1 -1 -1 22 -1 -1 -1 -1 -1 -1 -1 -1 -1 -1 -1 -1 -1 -1 -1 -1 21 -1 20 -1 -1 -1 
-1 -1 -1 4 -1 -1 6 -1 -1 -1 -1 -1 7 5 -1 -1 -1 -1 -1 -1 -1 3 -1 -1 -1 -1 -1 -1 -1 -1 -1 -1 29 -1 17 -1 11 1 -1 25 -1 -1 -1 -1 -1 -1 -1 18 -1 -1 -1 -1 -1 -1 -1 -1 -1 -1 19 -1 -1 -1 2 -1 -1 -1 -1 22 -1 -1 -1 -1 -1 -1 -1 -1 -1 -1 -1 -1 -1 -1 -1 -1 21 -1 20 -1 -1 -1 
-1 -1 -1 4 -1 -1 6 -1 -1 -1 -1 -1 7 5 -1 -1 -1 -1 -1 -1 1 3 -1 -1 -1 -1 -1 -1 -1 -1 -1 -1 29 -1 17 -1 11 -1 -1 25 -1 -1 -1 -1 -1 -1 -1 18 -1 -1 -1 -1 -1 -1 -1 -1 -1 -1 19 -1 -1 -1 2 -1 -1 -1 -1 22 -1 -1 -1 -1 -1 -1 -1 -1 -1 -1 -1 -1 -1 -1 -1 -1 21 -1 20 -1 -1 -1 
-1 -1 -1 4 -1 -1 6 -1 -1 -1 -1 -1 7 5 -1 -1 -1 -1 -1 -1 1 3 -1 -1 -1 -1 -1 -1 -1 -1 -1 -1 29 -1 17 -1 11 -1 -1 -1 -1 -1 -1 -1 -1 -1 -1 18 25 -1 -1 -1 -1 -1 -1 -1 -1 -1 19 -1 -1 -1 2 -1 -1 -1 -1 22 -1 -1 -1 -1 -1 -1 -1 -1 -1 -1 -1 -1 -1 -1 -1 -1 21 -1 20 -1 -1 -1 
-1 -1 -1 4 -1 -1 6 -1 -1 -1 -1 -1 7 5 -1 -1 -1 -1 -1 -1 -1 3 -1 -1 -1 -1 -1 -1 -1 -1 -1 -1 29 -1 17 -1 11 1 -1 -1 -1 -1 -1 -1 -1 -1 -1 18 25 -1 -1 -1 -1 -1 -1 -1 -1 -1 19 -1 -1 -1 2 -1 -1 -1 -1 22 -1 -1 -1 -1 -1 -1 -1 -1 -1 -1 -1 -1 -1 -1 -1 -1 21 -1 20 -1 -1 -1 
-1 -1 -1 4 -1 -1 6 -1 -1 -1 -1 -1 7 5 -1 -1 -1 -1 -1 -1 -1 3 -1 -1 -1 -1 -1 -1 -1 -1 -1 -1 29 -1 17 -1 11 1 -1 25 -1 -1 -1 -1 -1 -1 -1 18 -1 -1 -1 -1 -1 -1 -1 -1 -1 -1 19 -1 -1 -1 2 -1 -1 -1 -1 22 -1 -1 -1 -1 -1 -1 -1 -1 -1 -1 -1 -1 -1 -1 -1 -1 21 -1 20 -1 -1 -1 
-1 -1 -1 4 -1 -1 6 -1 -1 -1 -1 -1 7 5 -1 -1 -1 -1 -1 -1 1 3 -1 -1 -1 -1 -1 -1 -1 -1 -1 -1 29 -1 17 -1 11 -1 -1 25 -1 -1 -1 -1 -1 -1 -1 18 -1 -1 -1 -1 -1 -1 -1 -1 -1 -1 19 -1 -1 -1 2 -1 -1 -1 -1 22 -1 -1 -1 -1 -1 -1 -1 -1 -1 -1 -1 -1 -1 -1 -1 -1 21 -1 20 -1 -1 -1 
-1 -1 -1 4 -1 -1 6 -1 -1 -1 -1 -1 7 5 -1 -1 -1 -1 -1 -1 1 3 -1 -1 -1 -1 -1 -1 -1 -1 25 -1 29 -1 17 -1 11 -1 -1 -1 -1 -1 -1 -1 -1 -1 -1 18 -1 -1 -1 -1 -1 -1 -1 -1 -1 -1 19 -1 -1 -1 2 -1 -1 -1 -1 22 -1 -1 -1 -1 -1 -1 -1 -1 -1 -1 -1 -1 -1 -1 -1 -1 21 -1 20 -1 -1 -1 
-1 -1 -1 4 -1 -1 6 -1 -1 -1 -1 -1 7 5 -1 -1 -1 -1 -1 -1 -1 3 -1 -1 -1 -1 -1 -1 -1 -1 25 -1 29 -1 17 -1 11 -1 -1 1 -1 -1 -1 -1 -1 -1 -1 18 -1 -1 -1 -1 -1 -1 -1 -1 -1 -1 19 -1 -1 -1 2 -1 -1 -1 -1 22 -1 -1 -1 -1 -1 -1 -1 -1 -1 -1 -1 -1 -1 -1 -1 -1 21 -1 20 -1 -1 -1 
-1 -1 -1 4 -1 -1 6 -1 -1 -1 -1 -1 7 5 -1 -1 -1 -1 -1 -1 -1 3 -1 -1 -1 -1 -1 -1 -1 -1 25 -1 -1 29 17 -1 11 -1 -1 1 -1 -1 -1 -1 -1 -1 -1 18 -1 -1 -1 -1 -1 -1 -1 -1 -1 -1 19 -1 -1 -1 2 -1 -1 -1 -1 22 -1 -1 -1 -1 -1 -1 -1 -1 -1 -1 -1 -1 -1 -1 -1 -1 21 -1 20 -1 -1 -1 
-1 -1 -1 4 -1 -1 6 -1 -1 -1 -1 -1 7 5 -1 -1 -1 -1 -1 -1 -1 3 -1 -1 -1 -1 -1 -1 -1 -1 25 -1 -1 29 17 -1 -1 -1 -1 1 -1 -1 -1 -1 -1 11 -1 18 -1 -1 -1 -1 -1 -1 -1 -1 -1 -1 19 -1 -1 -1 2 -1 -1 -1 -1 22 -1 -1 -1 -1 -1 -1 -1 -1 -1 -1 -1 -1 -1 -1 -1 -1 21 -1 20 -1 -1 -1 
-1 -1 -1 4 -1 -1 6 -1 -1 -1 -1 -1 7 5 -1 -1 -1 -1 -1 -1 -1 3 -1 -1 -1 -1 -1 -1 -1 -1 25 -1 -1 29 -1 -1 -1 -1 -1 1 -1 -1 -1 -1 -1 11 -1 18 -1 -1 -1 -1 -1 17 -1 -1 -1 -1 19 -1 -1 -1 2 -1 -1 -1 -1 22 -1 -1 -1 -1 -1 -1 -1 -1 -1 -1 -1 -1 -1 -1 -1 -1 21 -1 20 -1 -1 -1 
-1 -1 -1 4 -1 -1 6 -1 -1 -1 -1 -1 7 5 -1 -1 -1 -1 -1 -1 -1 3 -1 -1 -1 -1 -1 -1 -1 -1 25 -1 -1 29 -1 -1 -1 -1 -1 -1 -1 -1 -1 -1 -1 11 -1 18 -1 -1 1 -1 -1 17 -1 -1 -1 -1 19 -1 -1 -1 2 -1 -1 -1 -1 22 -1 -1 -1 -1 -1 -1 -1 -1 -1 -1 -1 -1 -1 -1 -1 -1 21 -1 20 -1 -1 -1 
-1 -1 -1 4 -1 -1 6 -1 -1 -1 -1 -1 7 5 -1 -1 -1 -1 -1 -1 -1 3 -1 -1 -1 -1 -1 -1 -1 -1 25 -1 -1 29 -1 -1 -1 -1 -1 -1 -1 -1 -1 28 -1 11 -1 18 -1 -1 1 -1 -1 17 -1 -1 -1 -1 19 -1 -1 -1 2 -1 -1 -1 -1 22 -1 -1 -1 -1 -1 -1 -1 -1 -1 -1 -1 -1 -1 -1 -1 -1 21 -1 20 -1 -1 -1 
-1 -1 -1 4 -1 -1 6 -1 -1 -1 -1 -1 7 5 -1 -1 -1 -1 -1 -1 -1 3 -1 -1 -1 -1 -1 -1 -1 -1 25 1 -1 29 -1 -1 -1 -1 -1 -1 -1 -1 -1 28 -1 11 -1 18 -1 -1 -1 -1 -1 17 -1 -1 -1 -1 19 -1 -1 -1 2 -1 -1 -1 -1 22 -1 -1 -1 -1 -1 -1 -1 -1 -1 -1 -1 -1 -1 -1 -1 -1 21 -1 20 -1 -1 -1 
-1 -1 -1 4 -1 -1 6 -1 -1 -1 -1 -1 7 5 -1 -1 -1 -1 -1 -1 -1 3 -1 -1 -1 -1 -1 -1 -1 -1 25 1 -1 29 17 -1 -1 -1 -1 -1 -1 -1 -1 28 -1 11 -1 18 -1 -1 -1 -1 -1 -1 -1 -1 -1 -1 19 -1 -1 -1 2 -1 -1 -1 -1 22 -1 -1 -1 -1 -1 -1 -1 -1 -1 -1 -1 -1 -1 -1 -1 -1 21 -1 20 -1 -1 -1 
-1 -1 -1 -1 4 -1 6 -1 -1 -1 -1 -1 7 5 -1 -1 -1 -1 -1 -1 -1 3 -1 -1 -1 -1 -1 -1 -1 -1 25 1 -1 29 17 -1 -1 -1 -1 -1 -1 -1 -1 28 -1 11 -1 18 -1 -1 -1 -1 -1 -1 -1 -1 -1 -1 19 -1 -1 -1 2 -1 -1 -1 -1 22 -1 -1 -1 -1 -1 -1 -1 -1 -1 -1 -1 -1 -1 -1 -1 -1 21 -1 20 -1 -1 -1 
-1 -1 -1 -1 4 -1 6 -1 -1 -1 -1 -1 7 5 -1 -1 -1 17 -1 -1 -1 3 -1 -1 -1 -1 -1 -1 -1 -1 25 1 -1 29 -1 -1 -1 -1 -1 -1 -1 -1 -1 28 -1 11 -1 18 -1 -1 -1 -1 -1 -1 -1 -1 -1 -1 19 -1 -1 -1 2 -1 -1 -1 -1 22 -1 -1 -1 -1 -1 -1 -1 -1 -1 -1 -1 -1 -1 -1 -1 -1 21 -1 20 -1 -1 -1 
-1 -1 -1 -1 4 -1 6 -1 -1 -1 -1 -1 -1 5 -1 -1 -1 17 -1 7 -1 3 -1 -1 -1 -1 -1 -1 -1 -1 25 1 -1 29 -1 -1 -1 -1 -1 -1 -1 -1 -1 28 -1 11 -1 18 -1 -1 -1 -1 -1 -1 -1 -1 -1 -1 19 -1 -1 -1 2 -1 -1 -1 -1 22 -1 -1 -1 -1 -1 -1 -1 -1 -1 -1 -1 -1 -1 -1 -1 -1 21 -1 20 -1 -1 -1 
-1 -1 -1 -1 4 -1 6 -1 -1 -1 -1 -1 -1 5 -1 -1 -1 -1 -1 7 -1 3 -1 -1 17 -1 -1 -1 -1 -1 25 1 -1 29 -1 -1 -1 -1 -1 -1 -1 -1 -1 28 -1 11 -1 18 -1 -1 -1 -1 -1 -1 -1 -1 -1 -1 19 -1 -1 -1 2 -1 -1 -1 -1 22 -1 -1 -1 -1 -1 -1 -1 -1 -1 -1 -1 -1 -1 -1 -1 -1 21 -1 20 -1 -1 -1 
-1 -1 -1 -1 4 -1 6 -1 -1 -1 -1 -1 -1 5 1 -1 -1 -1 -1 7 -1 3 -1 -1 17 -1 -1 -1 -1 -1 25 -1 -1 29 -1 -1 -1 -1 -1 -1 -1 -1 -1 28 -1 11 -1 18 -1 -1 -1 -1 -1 -1 -1 -1 -1 -1 19 -1 -1 -1 2 -1 -1 -1 -1 22 -1 -1 -1 -1 -1 -1 -1 -1 -1 -1 -1 -1 -1 -1 -1 -1 21 -1 20 -1 -1 -1 
-1 -1 -1 -1 4 -1 6 -1 -1 -1 -1 -1 -1 5 1 -1 -1 -1 -1 7 -1 3 -1 -1 17 -1 -1 -1 -1 -1 -1 -1 -1 29 -1 -1 -1 -1 -1 -1 -1 -1 -1 28 -1 11 -1 18 25 -1 -1 -1 -1 -1 -1 -1 -1 -1 19 -1 -1 -1 2 -1 -1 -1 -1 22 -1 -1 -1 -1 -1 -1 -1 -1 -1 -1 -1 -1 -1 -1 -1 -1 21 -1 20 -1 -1 -1 
-1 -1 -1 -1 4 -1 6 -1 -1 -1 -1 -1 -1 5 1 -1 -1 -1 -1 -1 -1 3 -1 -1 17 -1 -1 -1 -1 -1 7 -1 -1 29 -1 -1 -1 -1 -1 -1 -1 -1 -1 28 -1 11 -1 18 25 -1 -1 -1 -1 -1 -1 -1 -1 -1 19 -1 -1 -1 2 -1 -1 -1 -1 22 -1 -1 -1 -1 -1 -1 -1 -1 -1 -1 -1 -1 -1 -1 -1 -1 21 -1 20 -1 -1 -1 
-1 -1 -1 -1 4 -1 6 -1 -1 -1 -1 -1 -1 5 1 -1 -1 -1 -1 -1 -1 3 -1 -1 -1 -1 -1 -1 -1 -1 7 -1 -1 29 -1 17 -1 -1 -1 -1 -1 -1 -1 28 -1 11 -1 18 25 -1 -1 -1 -1 -1 -1 -1 -1 -1 19 -1 -1 -1 2 -1 -1 -1 -1 22 -1 -1 -1 -1 -1 -1 -1 -1 -1 -1 -1 -1 -1 -1 -1 -1 21 -1 20 -1 -1 -1 
-1 -1 -1 -1 4 -1 6 -1 -1 -1 -1 -1 -1 5 1 -1 -1 -1 -1 -1 -1 3 -1 -1 -1 -1 -1 -1 -1 -1 7 -1 -1 29 -1 17 -1 -1 -1 -1 -1 -1 -1 28 -1 -1 -1 18 25 -1 -1 -1 -1 -1 11 -1 -1 -1 19 -1 -1 -1 2 -1 -1 -1 -1 22 -1 -1 -1 -1 -1 -1 -1 -1 -1 -1 -1 -1 -1 -1 -1 -1 21 -1 20 -1 -1 -1 
-1 -1 -1 -1 4 -1 6 -1 -1 -1 -1 -1 -1 5 1 -1 -1 -1 -1 -1 -1 3 -1 -1 17 -1 -1 -1 -1 -1 7 -1 -1 29 -1 -1 -1 -1 -1 -1 -1 -1 -1 28 -1 -1 -1 18 25 -1 -1 -1 -1 -1 11 -1 -1 -1 19 -1 -1 -1 2 -1 -1 -1 -1 22 -1 -1 -1 -1 -1 -1 -1 -1 -1 -1 -1 -1 -1 -1 -1 -1 21 -1 20 -1 -1 -1 
-1 -1 -1 -1 4 -1 6 -1 -1 -1 -1 -1 -1 5 1 -1 -1 -1 -1 -1 -1 3 -1 -1 17 -1 -1 -1 -1 -1 -1 -1 -1 29 -1 -1 -1 -1 -1 -1 -1 7 -1 28 -1 -1 -1 18 25 -1 -1 -1 -1 -1 11 -1 -1 -1 19 -1 -1 -1 2 -1 -1 -1 -1 22 -1 -1 -1 -1 -1 -1 -1 -1 -1 -1 -1 -1 -1 -1 -1 -1 21 -1 20 -1 -1 -1 
-1 -1 -1 -1 4 -1 6 -1 -1 -1 -1 -1 -1 5 1 -1 -1 -1 -1 -1 -1 3 -1 -1 17 -1 -1 -1 -1 -1 -1 -1 -1 29 -1 -1 -1 -1 -1 -1 -1 7 -1 28 -1 -1 -1 18 -1 -1 25 -1 -1 -1 11 -1 -1 -1 19 -1 -1 -1 2 -1 -1 -1 -1 22 -1 -1 -1 -1 -1 -1 -1 -1 -1 -1 -1 -1 -1 -1 -1 -1 21 -1 20 -1 -1 -1 
-1 -1 -1 -1 4 -1 6 -1 -1 -1 -1 -1 -1 5 1 -1 -1 -1 -1 -1 -1 3 7 -1 17 -1 -1 -1 -1 -1 -1 -1 -1 29 -1 -1 -1 -1 -1 -1 -1 -1 -1 28 -1 -1 -1 18 -1 -1 25 -1 -1 -1 11 -1 -1 -1 19 -1 -1 -1 2 -1 -1 -1 -1 22 -1 -1 -1 -1 -1 -1 -1 -1 -1 -1 -1 -1 -1 -1 -1 -1 21 -1 20 -1 -1 -1 
-1 -1 -1 -1 4 -1 6 -1 -1 -1 -1 -1 -1 5 1 -1 -1 -1 -1 -1 -1 3 7 -1 -1 -1 -1 -1 -1 -1 -1 -1 -1 29 -1 -1 -1 -1 -1 -1 -1 17 -1 28 -1 -1 -1 18 -1 -1 25 -1 -1 -1 11 -1 -1 -1 19 -1 -1 -1 2 -1 -1 -1 -1 22 -1 -1 -1 -1 -1 -1 -1 -1 -1 -1 -1 -1 -1 -1 -1 -1 21 -1 20 -1 -1 -1 
-1 -1 -1 -1 4 -1 6 -1 -1 -1 -1 -1 -1 5 1 -1 -1 -1 -1 -1 -1 3 -1 -1 -1 -1 -1 -1 -1 -1 -1 -1 -1 29 -1 -1 -1 -1 -1 -1 -1 7 -1 28 -1 -1 -1 18 -1 -1 25 -1 -1 -1 11 -1 -1 -1 19 -1 -1 -1 2 -1 -1 -1 -1 22 -1 -1 -1 -1 -1 -1 -1 -1 -1 -1 -1 -1 -1 -1 -1 -1 21 -1 20 -1 -1 -1 
-1 -1 -1 -1 4 -1 6 -1 -1 -1 -1 -1 -1 5 1 -1 -1 -1 -1 -1 -1 3 -1 -1 -1 -1 -1 -1 -1 -1 -1 -1 -1 29 -1 -1 -1 -1 -1 -1 -1 7 -1 28 -1 -1 -1 18 -1 25 -1 -1 -1 -1 11 -1 -1 -1 19 -1 -1 -1 2 -1 -1 -1 -1 22 -1 -1 -1 -1 -1 -1 -1 -1 -1 -1 -1 -1 -1 -1 -1 -1 21 -1 20 -1 -1 -1 
-1 -1 -1 4 -1 -1 6 -1 -1 -1 -1 -1 -1 5 1 -1 -1 -1 -1 -1 -1 3 -1 -1 -1 -1 -1 -1 -1 -1 -1 -1 -1 29 -1 -1 -1 -1 -1 -1 -1 7 -1 28 -1 -1 -1 18 -1 25 -1 -1 -1 -1 11 -1 -1 -1 19 -1 -1 -1 2 -1 -1 -1 -1 22 -1 -1 -1 -1 -1 -1 -1 -1 -1 -1 -1 -1 -1 -1 -1 -1 21 -1 20 -1 -1 -1 
-1 -1 -1 4 -1 -1 6 -1 -1 -1 -1 -1 -1 5 1 -1 -1 -1 -1 -1 -1 3 -1 -1 -1 -1 -1 -1 -1 -1 -1 -1 -1 29 -1 -1 -1 -1 -1 -1 -1 -1 -1 28 -1 -1 -1 18 17 25 -1 -1 -1 -1 11 -1 -1 -1 19 -1 -1 -1 2 -1 -1 -1 -1 22 -1 -1 -1 -1 -1 -1 -1 -1 -1 -1 -1 -1 -1 -1 -1 -1 21 -1 20 -1 -1 -1 
-1 -1 -1 4 -1 -1 -1 -1 -1 -1 -1 -1 -1 5 1 -1 -1 -1 -1 -1 -1 3 -1 -1 -1 -1 -1 -1 -1 -1 -1 -1 -1 29 -1 -1 -1 -1 -1 -1 -1 -1 -1 28 -1 -1 -1 18 17 25 -1 -1 -1 -1 11 -1 -1 -1 19 -1 -1 -1 2 -1 -1 -1 -1 22 -1 -1 -1 -1 -1 -1 -1 -1 -1 -1 -1 -1 -1 -1 -1 -1 21 -1 20 -1 -1 -1 
-1 -1 -1 4 -1 -1 -1 -1 -1 -1 -1 -1 -1 5 1 -1 -1 -1 -1 -1 -1 3 -1 -1 -1 -1 -1 -1 -1 -1 -1 -1 -1 29 -1 -1 -1 -1 -1 -1 -1 -1 -1 -1 28 -1 -1 18 17 25 -1 -1 -1 -1 11 -1 -1 -1 19 -1 -1 -1 2 -1 -1 -1 -1 22 -1 -1 -1 -1 -1 -1 -1 -1 -1 -1 -1 -1 -1 -1 -1 -1 21 -1 20 -1 -1 -1 
-1 -1 -1 4 -1 -1 -1 -1 -1 -1 -1 -1 -1 5 1 -1 -1 -1 -1 -1 -1 3 -1 -1 -1 -1 -1 -1 -1 -1 -1 -1 -1 29 -1 -1 -1 -1 -1 -1 -1 -1 -1 -1 28 -1 -1 18 17 25 -1 -1 -1 -1 -1 11 -1 -1 19 -1 -1 -1 2 -1 -1 -1 -1 22 -1 -1 -1 -1 -1 -1 -1 -1 -1 -1 -1 -1 -1 -1 -1 -1 21 -1 20 -1 -1 -1 
-1 -1 -1 4 -1 -1 -1 -1 -1 -1 -1 -1 -1 5 1 -1 -1 -1 -1 -1 -1 3 -1 -1 -1 -1 -1 -1 -1 -1 -1 -1 -1 29 -1 -1 -1 17 -1 -1 -1 -1 -1 -1 28 -1 -1 18 -1 25 -1 -1 -1 -1 -1 11 -1 -1 19 -1 -1 -1 2 -1 -1 -1 -1 22 -1 -1 -1 -1 -1 -1 -1 -1 -1 -1 -1 -1 -1 -1 -1 -1 21 -1 20 -1 -1 -1 
-1 -1 -1 4 -1 -1 -1 -1 -1 -1 -1 -1 -1 5 -1 -1 -1 -1 -1 -1 -1 3 -1 -1 -1 -1 -1 -1 -1 -1 -1 -1 -1 1 -1 -1 -1 17 -1 -1 -1 -1 -1 -1 28 -1 -1 18 -1 25 -1 -1 -1 -1 -1 11 -1 -1 19 -1 -1 -1 2 -1 -1 -1 -1 22 -1 -1 -1 -1 -1 -1 -1 -1 -1 -1 -1 -1 -1 -1 -1 -1 21 -1 20 -1 -1 -1 
-1 -1 -1 4 -1 -1 -1 -1 -1 -1 -1 -1 -1 5 -1 -1 -1 -1 -1 -1 -1 3 -1 -1 -1 -1 -1 -1 -1 -1 -1 -1 -1 1 -1 -1 -1 17 -1 -1 -1 -1 -1 -1 28 -1 -1 18 -1 25 -1 22 -1 -1 -1 11 -1 -1 19 -1 -1 -1 2 -1 -1 -1 -1 -1 -1 -1 -1 -1 -1 -1 -1 -1 -1 -1 -1 -1 -1 -1 -1 -1 21 -1 20 -1 -1 -1 
-1 -1 -1 4 -1 -1 -1 -1 -1 -1 -1 -1 -1 5 -1 -1 -1 -1 -1 -1 -1 3 -1 -1 -1 -1 -1 -1 -1 -1 -1 -1 -1 1 -1 -1 -1 17 -1 -1 -1 -1 -1 -1 28 -1 -1 18 -1 25 -1 22 -1 -1 -1 -1 11 -1 19 -1 -1 -1 2 -1 -1 -1 -1 -1 -1 -1 -1 -1 -1 -1 -1 -1 -1 -1 -1 -1 -1 -1 -1 -1 21 -1 20 -1 -1 -1 
-1 -1 -1 4 -1 -1 -1 -1 -1 -1 -1 -1 -1 5 -1 -1 -1 -1 -1 -1 -1 3 -1 -1 -1 -1 -1 -1 -1 -1 -1 -1 -1 1 -1 -1 -1 17 -1 -1 -1 -1 -1 -1 28 -1 -1 -1 -1 25 -1 22 -1 -1 -1 -1 11 -1 19 -1 -1 -1 2 -1 -1 -1 -1 18 -1 -1 -1 -1 -1 -1 -1 -1 -1 -1 -1 -1 -1 -1 -1 -1 21 -1 20 -1 -1 -1 
-1 -1 -1 4 -1 -1 -1 -1 -1 -1 -1 -1 -1 5 -1 -1 -1 -1 -1 -1 -1 3 -1 -1 -1 -1 -1 -1 -1 -1 -1 -1 -1 1 -1 -1 -1 17 -1 -1 -1 -1 -1 -1 28 -1 -1 -1 -1 25 -1 22 -1 -1 -1 -1 -1 11 19 -1 -1 -1 2 -1 -1 -1 -1 18 -1 -1 -1 -1 -1 -1 -1 -1 -1 -1 -1 -1 -1 -1 -1 -1 21 -1 20 -1 -1 -1 
-1 -1 -1 4 -1 -1 -1 -1 -1 -1 -1 -1 -1 5 -1 -1 -1 -1 -1 -1 -1 3 -1 -1 -1 -1 -1 -1 -1 -1 -1 -1 -1 1 -1 -1 -1 17 -1 -1 -1 -1 -1 -1 28 25 -1 -1 -1 -1 -1 22 -1 -1 -1 -1 -1 11 19 -1 -1 -1 2 -1 -1 -1 -1 18 -1 -1 -1 -1 -1 -1 -1 -1 -1 -1 -1 -1 -1 -1 -1 -1 21 -1 20 -1 -1 -1 
