0 1 2 3 4 5 6 7 8 -1 -1 -1 -1 -1 -1 -1 -1 -1 -1 9 -1 -1 -1 -1 -1 10 -1 11 -1 12 -1 13 -1 14 -1 15 -1 -1 -1 -1 -1 -1 -1 -1 -1 -1 -1 -1 -1 -1 -1 -1 -1 -1 -1 -1 -1 -1 29 -1 28 -1 27 -1 26 -1 -1 25 -1 -1 -1 -1 -1 -1 -1 -1 -1 -1 -1 -1 -1 24 23 22 21 20 19 18 17 16 
0 -1 2 3 4 5 6 7 8 -1 -1 -1 -1 -1 -1 -1 -1 -1 -1 9 1 -1 -1 -1 -1 10 -1 11 -1 12 -1 13 -1 14 -1 15 -1 -1 -1 -1 -1 -1 -1 -1 -1 -1 -1 -1 -1 -1 -1 -1 -1 -1 -1 -1 -1 -1 29 -1 28 -1 27 -1 26 -1 -1 25 -1 -1 -1 -1 -1 -1 -1 -1 -1 -1 -1 -1 -1 24 23 22 21 20 19 18 17 16 
0 -1 2 3 4 5 6 7 8 -1 -1 -1 -1 -1 -1 -1 -1 -1 -1 9 1 -1 -1 -1 -1 10 -1 11 -1 12 -1 13 -1 14 -1 15 -1 -1 -1 -1 -1 -1 -1 -1 -1 -1 -1 -1 -1 -1 -1 -1 -1 -1 -1 -1 -1 -1 29 -1 28 -1 27 -1 26 -1 -1 25 -1 17 -1 -1 -1 -1 -1 -1 -1 -1 -1 -1 -1 24 23 22 21 20 19 18 -1 16 
0 -1 2 3 4 5 6 7 -1 -1 -1 -1 -1 -1 -1 -1 -1 8 -1 9 1 -1 -1 -1 -1 10 -1 11 -1 12 -1 13 -1 14 -1 15 -1 -1 -1 -1 -1 -1 -1 -1 -1 -1 -1 -1 -1 -1 -1 -1 -1 -1 -1 -1 -1 -1 29 -1 28 -1 27 -1 26 -1 -1 25 -1 17 -1 -1 -1 -1 -1 -1 -1 -1 -1 -1 -1 24 23 22 21 20 19 18 -1 16 
0 -1 2 3 4 5 6 7 -1 -1 -1 -1 -1 -1 -1 -1 -1 8 -1 9 1 -1 -1 -1 -1 10 -1 11 -1 12 -1 13 -1 14 -1 15 -1 -1 -1 -1 -1 -1 -1 -1 -1 -1 -1 -1 -1 -1 -1 -1 -1 -1 -1 -1 -1 -1 29 -1 28 -1 27 -1 26 -1 -1 25 -1 17 -1 -1 -1 -1 -1 -1 -1 -1 -1 -1 -1 24 23 22 21 20 19 18 16 -1 
0 -1 2 3 4 5 6 7 -1 -1 -1 -1 8 -1 -1 -1 -1 -1 -1 9 1 -1 -1 -1 -1 10 -1 11 -1 12 -1 13 -1 14 -1 15 -1 -1 -1 -1 -1 -1 -1 -1 -1 -1 -1 -1 -1 -1 -1 -1 -1 -1 -1 -1 -1 -1 29 -1 28 -1 27 -1 26 -1 -1 25 -1 17 -1 -1 -1 -1 -1 -1 -1 -1 -1 -1 -1 24 23 22 21 20 19 18 16 -1 
0 -1 2 3 4 5 6 7 -1 -1 -1 -1 8 -1 -1 -1 -1 -1 -1 9 1 -1 -1 -1 -1 10 -1 11 -1 12 -1 13 -1 14 -1 15 -1 -1 -1 -1 -1 -1 -1 -1 -1 -1 -1 30 -1 -1 -1 -1 -1 -1 -1 -1 -1 -1 29 -1 28 -1 27 -1 26 -1 -1 25 -1 17 -1 -1 -1 -1 -1 -1 -1 -1 -1 -1 -1 24 23 22 21 20 19 18 16 -1 
0 -1 2 -1 4 5 6 7 -1 -1 -1 -1 8 3 -1 -1 -1 -1 -1 9 1 -1 -1 -1 -1 10 -1 11 -1 12 -1 13 -1 14 -1 15 -1 -1 -1 -1 -1 -1 -1 -1 -1 -1 -1 30 -1 -1 -1 -1 -1 -1 -1 -1 -1 -1 29 -1 28 -1 27 -1 26 -1 -1 25 -1 17 -1 -1 -1 -1 -1 -1 -1 -1 -1 -1 -1 24 23 22 21 20 19 18 16 -1 
0 -1 2 -1 4 5 6 7 -1 -1 -1 -1 8 3 -1 -1 -1 -1 -1 9 1 -1 -1 -1 -1 10 -1 11 -1 12 -1 13 -1 14 -1 15 -1 -1 -1 -1 -1 -1 -1 -1 -1 -1 -1 30 -1 -1 -1 -1 -1 -1 -1 -1 -1 -1 29 -1 28 -1 27 -1 -1 26 -1 25 -1 17 -1 -1 -1 -1 -1 -1 -1 -1 -1 -1 -1 24 23 22 21 20 19 18 16 -1 
0 -1 -1 -1 4 5 6 7 -1 -1 -1 -1 8 3 -1 -1 -1 -1 2 9 1 -1 -1 -1 -1 10 -1 11 -1 12 -1 13 -1 14 -1 15 -1 -1 -1 -1 -1 -1 -1 -1 -1 -1 -1 30 -1 -1 -1 -1 -1 -1 -1 -1 -1 -1 29 -1 28 -1 27 -1 -1 26 -1 25 -1 17 -1 -1 -1 -1 -1 -1 -1 -1 -1 -1 -1 24 23 22 21 20 19 18 16 -1 
0 -1 -1 -1 4 5 6 7 -1 -1 -1 -1 8 3 -1 -1 -1 -1 2 9 1 -1 -1 -1 -1 10 -1 11 -1 12 -1 13 -1 14 -1 15 -1 -1 -1 -1 -1 -1 -1 -1 -1 -1 -1 30 -1 -1 -1 -1 -1 -1 -1 -1 -1 -1 29 -1 28 -1 27 23 -1 26 -1 25 -1 17 -1 -1 -1 -1 -1 -1 -1 -1 -1 -1 -1 24 -1 22 21 20 19 18 16 -1 
0 -1 -1 -1 4 5 6 7 -1 -1 -1 -1 -1 3 -1 -1 -1 -1 2 9 1 -1 -1 -1 -1 10 -1 11 -1 12 -1 13 -1 14 -1 15 -1 -1 -1 -1 -1 -1 -1 -1 -1 -1 -1 30 -1 -1 -1 -1 -1 -1 -1 -1 -1 -1 29 -1 28 -1 27 23 -1 26 8 25 -1 17 -1 -1 -1 -1 -1 -1 -1 -1 -1 -1 -1 24 -1 22 21 20 19 18 16 -1 
0 -1 -1 -1 4 5 6 7 -1 -1 -1 -1 -1 3 -1 -1 -1 -1 2 9 1 -1 -1 -1 -1 10 -1 11 -1 12 -1 13 -1 14 -1 15 -1 -1 -1 -1 -1 -1 -1 -1 -1 -1 -1 30 -1 -1 -1 -1 -1 -1 -1 -1 -1 -1 29 -1 28 -1 27 23 -1 -1 8 25 -1 17 -1 -1 -1 -1 26 -1 -1 -1 -1 -1 -1 24 -1 22 21 20 19 18 16 -1 
-1 -1 -1 0 4 5 6 7 -1 -1 -1 -1 -1 3 -1 -1 -1 -1 2 9 1 -1 -1 -1 -1 10 -1 11 -1 12 -1 13 -1 14 -1 15 -1 -1 -1 -1 -1 -1 -1 -1 -1 -1 -1 30 -1 -1 -1 -1 -1 -1 -1 -1 -1 -1 29 -1 28 -1 27 23 -1 -1 8 25 -1 17 -1 -1 -1 -1 26 -1 -1 -1 -1 -1 -1 24 -1 22 21 20 19 18 16 -1 
-1 -1 -1 0 4 5 6 7 -1 -1 -1 -1 -1 3 -1 -1 -1 -1 2 9 1 -1 -1 -1 -1 10 -1 11 -1 12 -1 13 -1 14 -1 15 -1 -1 -1 -1 -1 -1 -1 -1 -1 -1 -1 30 -1 -1 -1 -1 -1 -1 -1 -1 -1 -1 29 -1 28 -1 27 23 -1 -1 8 25 -1 17 -1 -1 -1 -1 26 -1 21 -1 -1 -1 -1 24 -1 22 -1 20 19 18 16 -1 
-1 -1 -1 0 4 5 6 7 -1 -1 -1 -1 -1 3 -1 -1 -1 -1 2 9 1 -1 -1 -1 -1 10 -1 11 -1 12 -1 13 -1 14 -1 15 -1 -1 -1 -1 -1 -1 -1 -1 -1 -1 -1 30 -1 -1 -1 -1 -1 -1 -1 -1 -1 -1 29 -1 28 -1 27 23 8 -1 -1 25 -1 17 -1 -1 -1 -1 26 -1 21 -1 -1 -1 -1 24 -1 22 -1 20 19 18 16 -1 
-1 -1 -1 0 4 5 6 7 -1 -1 -1 -1 -1 3 -1 -1 -1 -1 2 9 1 -1 -1 -1 -1 10 -1 11 -1 12 -1 13 -1 14 -1 15 -1 -1 -1 -1 -1 -1 -1 16 -1 -1 -1 30 -1 -1 -1 -1 -1 -1 -1 -1 -1 -1 29 -1 28 -1 27 23 8 -1 -1 25 -1 17 -1 -1 -1 -1 26 -1 21 -1 -1 -1 -1 24 -1 22 -1 20 19 18 -1 -1 
-1 -1 -1 0 4 5 6 -1 -1 -1 -1 -1 -1 3 -1 -1 -1 -1 2 9 1 -1 -1 -1 -1 10 7 11 -1 12 -1 13 -1 14 -1 15 -1 -1 -1 -1 -1 -1 -1 16 -1 -1 -1 30 -1 -1 -1 -1 -1 -1 -1 -1 -1 -1 29 -1 28 -1 27 23 8 -1 -1 25 -1 17 -1 -1 -1 -1 26 -1 21 -1 -1 -1 -1 24 -1 22 -1 20 19 18 -1 -1 
-1 -1 -1 0 4 5 6 -1 -1 -1 -1 -1 -1 3 -1 -1 -1 -1 2 9 1 -1 -1 -1 -1 10 7 11 -1 12 -1 13 -1 14 -1 15 -1 -1 -1 -1 -1 -1 -1 16 -1 -1 -1 30 -1 -1 -1 -1 -1 -1 -1 -1 -1 -1 29 -1 28 -1 27 23 8 -1 -1 -1 25 17 -1 -1 -1 -1 26 -1 21 -1 -1 -1 -1 24 -1 22 -1 20 19 18 -1 -1 
-1 -1 -1 -1 4 5 6 -1 -1 -1 -1 -1 -1 3 -1 -1 -1 -1 2 9 1 -1 -1 -1 -1 10 7 11 -1 12 -1 13 -1 14 -1 15 -1 -1 -1 -1 -1 -1 -1 16 -1 -1 -1 30 -1 -1 -1 -1 -1 -1 -1 -1 -1 -1 29 -1 28 -1 27 23 8 -1 -1 -1 25 17 -1 -1 -1 -1 26 0 21 -1 -1 -1 -1 24 -1 22 -1 20 19 18 -1 -1 
-1 -1 -1 -1 4 5 6 -1 -1 -1 -1 -1 -1 3 -1 -1 -1 -1 2 9 1 -1 -1 -1 -1 10 7 11 -1 12 -1 13 -1 14 -1 15 -1 -1 -1 -1 -1 -1 -1 16 -1 -1 -1 30 -1 -1 -1 -1 -1 -1 -1 -1 -1 -1 29 -1 28 -1 27 23 8 -1 -1 18 25 17 -1 -1 -1 -1 26 0 21 -1 -1 -1 -1 24 -1 22 -1 20 19 -1 -1 -1 
-1 -1 -1 -1 4 5 6 -1 -1 -1 -1 -1 -1 3 -1 -1 -1 -1 2 9 1 -1 -1 -1 -1 10 7 11 -1 12 -1 13 -1 14 -1 15 -1 -1 -1 -1 -1 -1 -1 16 -1 -1 -1 30 -1 -1 -1 -1 -1 -1 -1 8 -1 -1 29 -1 28 -1 27 23 -1 -1 -1 18 25 17 -1 -1 -1 -1 26 0 21 -1 -1 -1 -1 24 -1 22 -1 20 19 -1 -1 -1 
-1 -1 -1 -1 4 5 6 -1 -1 -1 -1 -1 -1 3 -1 -1 -1 -1 2 9 1 -1 -1 -1 -1 10 7 11 -1 12 -1 13 -1 14 -1 15 -1 -1 -1 -1 -1 -1 -1 16 -1 -1 -1 30 -1 -1 -1 -1 -1 -1 -1 8 -1 -1 29 25 28 -1 27 23 -1 -1 -1 18 -1 17 -1 -1 -1 -1 26 0 21 -1 -1 -1 -1 24 -1 22 -1 20 19 -1 -1 -1 
-1 -1 -1 -1 4 5 6 -1 -1 -1 -1 -1 -1 3 -1 -1 -1 -1 2 9 1 -1 -1 -1 -1 10 7 11 -1 12 -1 13 -1 14 -1 15 -1 -1 -1 -1 -1 -1 -1 16 -1 -1 -1 30 -1 -1 -1 -1 -1 -1 -1 -1 -1 -1 29 25 28 -1 27 23 8 -1 -1 18 -1 17 -1 -1 -1 -1 26 0 21 -1 -1 -1 -1 24 -1 22 -1 20 19 -1 -1 -1 
-1 -1 -1 -1 4 5 6 -1 -1 -1 -1 -1 -1 3 -1 -1 -1 -1 2 9 1 -1 -1 -1 -1 10 7 11 -1 12 -1 13 -1 14 -1 15 -1 -1 -1 -1 -1 -1 -1 16 -1 -1 -1 30 -1 -1 -1 -1 -1 -1 -1 -1 -1 -1 29 -1 28 -1 27 23 8 -1 -1 18 25 17 -1 -1 -1 -1 26 0 21 -1 -1 -1 -1 24 -1 22 -1 20 19 -1 -1 -1 
-1 -1 -1 -1 4 5 6 -1 -1 -1 -1 -1 -1 3 -1 -1 -1 -1 2 9 1 -1 -1 -1 -1 10 7 11 -1 12 -1 13 -1 14 -1 15 -1 -1 -1 -1 -1 -1 -1 16 -1 -1 -1 30 -1 -1 -1 -1 -1 -1 -1 8 -1 -1 29 -1 28 -1 27 23 -1 -1 -1 18 25 17 -1 -1 -1 -1 26 0 21 -1 -1 -1 -1 24 -1 22 -1 20 19 -1 -1 -1 
-1 -1 -1 -1 4 5 6 -1 -1 -1 -1 -1 -1 3 -1 -1 -1 -1 2 9 1 -1 -1 -1 -1 10 7 11 -1 12 -1 13 -1 14 -1 15 -1 -1 -1 -1 -1 -1 -1 16 -1 -1 -1 30 -1 -1 -1 28 -1 -1 -1 8 -1 -1 29 -1 -1 -1 27 23 -1 -1 -1 18 25 17 -1 -1 -1 -1 26 0 21 -1 -1 -1 -1 24 -1 22 -1 20 19 -1 -1 -1 
-1 -1 -1 -1 4 5 6 -1 -1 -1 -1 -1 -1 3 -1 -1 -1 -1 2 9 1 -1 -1 -1 -1 10 7 11 -1 12 -1 13 -1 14 -1 -1 -1 -1 -1 -1 -1 -1 -1 16 15 -1 -1 30 -1 -1 -1 28 -1 -1 -1 8 -1 -1 29 -1 -1 -1 27 23 -1 -1 -1 18 25 17 -1 -1 -1 -1 26 0 21 -1 -1 -1 -1 24 -1 22 -1 20 19 -1 -1 -1 
-1 -1 -1 -1 4 5 6 -1 -1 -1 -1 -1 -1 3 -1 -1 -1 -1 2 9 1 -1 -1 -1 -1 10 7 11 -1 12 -1 13 -1 14 -1 -1 -1 -1 -1 -1 -1 -1 -1 -1 16 -1 -1 30 -1 -1 -1 28 -1 -1 -1 8 -1 -1 29 -1 -1 -1 27 23 -1 -1 -1 18 25 17 -1 -1 -1 -1 26 0 21 -1 -1 -1 -1 24 -1 22 -1 20 19 -1 -1 -1 
-1 -1 -1 -1 4 5 6 -1 -1 -1 -1 -1 -1 3 -1 -1 -1 -1 2 9 1 -1 -1 -1 -1 10 7 11 -1 12 -1 13 -1 14 -1 -1 -1 -1 -1 -1 -1 -1 -1 -1 16 -1 -1 30 -1 -1 -1 28 -1 -1 -1 -1 -1 -1 8 -1 -1 -1 27 23 -1 -1 -1 18 25 17 -1 -1 -1 -1 26 0 21 -1 -1 -1 -1 24 -1 22 -1 20 19 -1 -1 -1 
-1 -1 -1 -1 4 5 6 -1 -1 -1 -1 -1 -1 3 -1 -1 -1 -1 2 9 1 -1 -1 -1 -1 10 7 11 -1 12 -1 13 -1 14 -1 -1 -1 -1 -1 -1 -1 -1 -1 -1 16 -1 -1 30 -1 -1 -1 28 -1 -1 -1 -1 -1 -1 8 -1 -1 -1 27 23 -1 -1 -1 18 -1 17 -1 -1 -1 -1 26 0 21 25 -1 -1 -1 24 -1 22 -1 20 19 -1 -1 -1 
-1 -1 -1 -1 4 5 6 -1 -1 -1 -1 -1 -1 3 -1 -1 -1 -1 2 9 1 -1 -1 -1 -1 10 7 11 -1 12 -1 13 -1 14 -1 -1 -1 -1 -1 -1 -1 -1 -1 -1 16 -1 -1 30 -1 -1 -1 28 -1 -1 -1 -1 -1 0 8 -1 -1 -1 27 23 -1 -1 -1 18 -1 17 -1 -1 -1 -1 26 -1 21 25 -1 -1 -1 24 -1 22 -1 20 19 -1 -1 -1 
-1 -1 -1 -1 4 5 6 -1 -1 -1 -1 -1 -1 3 -1 -1 -1 -1 2 9 1 -1 -1 -1 -1 10 7 11 -1 12 -1 13 -1 14 -1 -1 -1 -1 -1 -1 -1 -1 -1 -1 16 -1 -1 30 -1 -1 -1 28 -1 -1 -1 -1 -1 0 8 -1 -1 -1 27 23 -1 -1 -1 18 -1 17 -1 -1 -1 -1 26 -1 21 25 -1 -1 -1 -1 24 22 -1 20 19 -1 -1 -1 
-1 -1 -1 -1 4 5 6 -1 -1 -1 -1 -1 -1 3 -1 -1 -1 -1 2 9 1 -1 -1 -1 -1 10 7 11 -1 12 -1 13 -1 14 -1 -1 -1 -1 -1 -1 -1 -1 -1 -1 16 -1 -1 30 -1 -1 -1 28 -1 -1 -1 -1 -1 0 -1 -1 8 -1 27 23 -1 -1 -1 18 -1 17 -1 -1 -1 -1 26 -1 21 25 -1 -1 -1 -1 24 22 -1 20 19 -1 -1 -1 
-1 -1 -1 -1 4 5 6 -1 -1 -1 -1 -1 -1 3 -1 -1 -1 -1 2 9 1 -1 -1 -1 -1 10 7 11 -1 12 -1 13 -1 14 -1 -1 -1 -1 -1 -1 -1 -1 -1 -1 16 -1 -1 30 -1 -1 -1 28 -1 -1 -1 -1 -1 0 -1 -1 8 -1 27 23 -1 26 -1 18 -1 17 -1 -1 -1 -1 -1 -1 21 25 -1 -1 -1 -1 24 22 -1 20 19 -1 -1 -1 
-1 -1 -1 -1 4 5 6 -1 -1 -1 -1 -1 -1 3 -1 -1 -1 -1 2 -1 1 -1 -1 -1 -1 10 7 11 -1 12 -1 13 -1 14 -1 -1 -1 -1 -1 -1 -1 -1 -1 -1 16 -1 -1 30 -1 -1 -1 28 -1 -1 -1 9 -1 0 -1 -1 8 -1 27 23 -1 26 -1 18 -1 17 -1 -1 -1 -1 -1 -1 21 25 -1 -1 -1 -1 24 22 -1 20 19 -1 -1 -1 
-1 -1 -1 -1 4 5 6 -1 -1 -1 -1 -1 -1 3 -1 -1 -1 -1 2 -1 1 -1 -1 -1 -1 10 7 11 -1 12 -1 13 -1 14 -1 -1 -1 -1 -1 -1 -1 -1 -1 -1 16 -1 -1 30 -1 -1 -1 28 -1 -1 -1 9 -1 0 -1 -1 8 -1 27 23 -1 26 -1 18 -1 17 -1 -1 -1 -1 -1 -1 21 -1 25 -1 -1 -1 24 22 -1 20 19 -1 -1 -1 
-1 -1 -1 -1 4 5 6 -1 -1 -1 -1 -1 -1 3 -1 -1 -1 -1 2 -1 1 -1 -1 -1 -1 10 7 11 -1 12 -1 13 -1 14 -1 -1 -1 -1 -1 -1 -1 -1 -1 -1 16 -1 -1 30 -1 -1 -1 28 -1 -1 -1 9 -1 0 -1 8 -1 -1 27 23 -1 26 -1 18 -1 17 -1 -1 -1 -1 -1 -1 21 -1 25 -1 -1 -1 24 22 -1 20 19 -1 -1 -1 
-1 -1 -1 -1 4 5 6 -1 -1 -1 -1 -1 -1 3 -1 -1 -1 -1 2 -1 1 -1 -1 -1 -1 10 7 11 -1 12 -1 13 -1 14 -1 -1 -1 -1 -1 -1 -1 -1 -1 -1 16 -1 -1 30 -1 -1 -1 28 -1 -1 -1 9 -1 0 -1 8 -1 -1 27 23 -1 26 -1 18 -1 17 -1 -1 -1 -1 -1 -1 21 -1 -1 -1 -1 -1 24 22 -1 20 19 25 -1 -1 
-1 -1 -1 -1 4 5 6 -1 -1 -1 -1 -1 -1 3 -1 -1 -1 -1 2 -1 1 -1 -1 -1 -1 10 7 11 -1 12 -1 13 -1 14 -1 -1 -1 -1 -1 -1 -1 -1 -1 -1 16 -1 -1 30 -1 -1 -1 28 -1 -1 -1 9 -1 -1 -1 8 -1 -1 27 23 -1 26 -1 18 -1 17 -1 -1 -1 -1 -1 0 21 -1 -1 -1 -1 -1 24 22 -1 20 19 25 -1 -1 
-1 -1 -1 -1 4 5 6 -1 -1 -1 -1 -1 -1 3 -1 -1 -1 -1 2 -1 1 -1 -1 -1 -1 10 7 11 -1 26 -1 13 -1 14 -1 -1 -1 -1 -1 -1 -1 -1 -1 -1 16 -1 -1 30 -1 -1 -1 28 -1 -1 -1 9 -1 -1 -1 8 -1 -1 27 23 -1 -1 -1 18 -1 17 -1 -1 -1 -1 -1 0 21 -1 -1 -1 -1 -1 24 22 -1 20 19 25 -1 -1 
-1 -1 -1 -1 4 5 6 -1 -1 -1 -1 -1 -1 3 -1 -1 -1 -1 2 -1 1 -1 -1 -1 -1 10 7 11 -1 26 -1 13 -1 14 -1 -1 -1 -1 -1 -1 -1 -1 -1 -1 16 -1 -1 30 -1 -1 -1 28 -1 -1 -1 -1 -1 -1 9 8 -1 -1 27 23 -1 -1 -1 18 -1 17 -1 -1 -1 -1 -1 0 21 -1 -1 -1 -1 -1 24 22 -1 20 19 25 -1 -1 
-1 -1 -1 -1 4 5 6 -1 -1 -1 -1 -1 -1 3 -1 -1 -1 -1 2 -1 1 -1 -1 -1 -1 10 7 11 -1 26 -1 13 -1 14 -1 -1 -1 -1 -1 -1 -1 -1 -1 -1 16 -1 -1 30 -1 -1 -1 28 -1 -1 -1 -1 -1 -1 17 8 -1 -1 27 23 -1 -1 -1 18 -1 -1 -1 -1 -1 -1 -1 0 21 -1 -1 -1 -1 -1 24 22 -1 20 19 25 -1 -1 
-1 -1 -1 -1 4 5 6 -1 -1 -1 -1 -1 -1 3 -1 -1 -1 -1 2 -1 1 -1 -1 -1 -1 10 7 11 -1 26 -1 13 -1 14 -1 -1 -1 -1 -1 -1 -1 -1 -1 -1 16 -1 -1 30 -1 -1 -1 28 -1 -1 -1 -1 -1 -1 8 -1 -1 -1 27 23 -1 -1 -1 18 -1 -1 -1 -1 -1 -1 -1 0 21 -1 -1 -1 -1 -1 24 22 -1 20 19 25 -1 -1 
-1 -1 -1 -1 4 5 6 -1 -1 -1 -1 -1 -1 3 -1 -1 -1 -1 2 -1 1 -1 -1 -1 -1 10 7 11 -1 26 -1 13 -1 14 -1 -1 -1 -1 -1 -1 -1 -1 -1 -1 16 -1 -1 30 -1 -1 -1 28 -1 -1 -1 -1 23 -1 8 -1 -1 -1 27 -1 -1 -1 -1 18 -1 -1 -1 -1 -1 -1 -1 0 21 -1 -1 -1 -1 -1 24 22 -1 20 19 25 -1 -1 
-1 -1 -1 -1 4 5 6 -1 -1 -1 -1 -1 -1 3 -1 -1 -1 -1 2 -1 1 -1 -1 -1 -1 10 7 11 -1 26 0 13 -1 14 -1 -1 -1 -1 -1 -1 -1 -1 -1 -1 16 -1 -1 30 -1 -1 -1 28 -1 -1 -1 -1 23 -1 8 -1 -1 -1 27 -1 -1 -1 -1 18 -1 -1 -1 -1 -1 -1 -1 -1 21 -1 -1 -1 -1 -1 24 22 -1 20 19 25 -1 -1 
-1 -1 -1 -1 4 5 6 -1 -1 -1 -1 -1 -1 3 -1 -1 -1 -1 2 -1 1 -1 -1 -1 -1 10 7 11 -1 26 0 13 -1 14 -1 -1 -1 -1 30 -1 -1 -1 -1 -1 16 -1 -1 -1 -1 -1 -1 28 -1 -1 -1 -1 23 -1 8 -1 -1 -1 27 -1 -1 -1 -1 18 -1 -1 -1 -1 -1 -1 -1 -1 21 -1 -1 -1 -1 -1 24 22 -1 20 19 25 -1 -1 
-1 -1 -1 -1 4 5 6 -1 -1 -1 -1 -1 -1 3 -1 -1 -1 -1 2 -1 1 -1 -1 -1 -1 10 7 11 -1 26 0 -1 -1 14 -1 -1 -1 -1 30 -1 13 -1 -1 -1 16 -1 -1 -1 -1 -1 -1 28 -1 -1 -1 -1 23 -1 8 -1 -1 -1 27 -1 -1 -1 -1 18 -1 -1 -1 -1 -1 -1 -1 -1 21 -1 -1 -1 -1 -1 24 22 -1 20 19 25 -1 -1 
-1 -1 -1 -1 4 5 6 -1 -1 -1 -1 -1 -1 3 -1 -1 -1 -1 2 -1 1 -1 -1 -1 -1 10 7 11 24 26 0 -1 -1 14 -1 -1 -1 -1 30 -1 13 -1 -1 -1 16 -1 -1 -1 -1 -1 -1 28 -1 -1 -1 -1 23 -1 8 -1 -1 -1 27 -1 -1 -1 -1 18 -1 -1 -1 -1 -1 -1 -1 -1 21 -1 -1 -1 -1 -1 -1 22 -1 20 19 25 -1 -1 
-1 -1 -1 -1 4 5 6 -1 -1 -1 -1 -1 -1 3 -1 -1 -1 -1 2 -1 1 -1 -1 -1 -1 10 7 11 24 26 0 -1 -1 14 -1 -1 -1 -1 30 -1 13 -1 -1 -1 16 -1 -1 -1 -1 -1 -1 28 -1 -1 -1 -1 23 8 -1 -1 -1 -1 27 -1 -1 -1 -1 18 -1 -1 -1 -1 -1 -1 -1 -1 21 -1 -1 -1 -1 -1 -1 22 -1 20 19 25 -1 -1 
-1 -1 -1 -1 4 5 6 -1 -1 -1 -1 -1 -1 3 -1 -1 -1 -1 2 -1 1 -1 -1 -1 -1 10 7 11 24 26 0 -1 -1 14 -1 -1 -1 -1 30 -1 16 -1 -1 -1 -1 -1 -1 -1 -1 -1 -1 28 -1 -1 -1 -1 23 8 -1 -1 -1 -1 27 -1 -1 -1 -1 18 -1 -1 -1 -1 -1 -1 -1 -1 21 -1 -1 -1 -1 -1 -1 22 -1 20 19 25 -1 -1 
-1 -1 -1 -1 4 5 6 -1 -1 -1 -1 -1 -1 3 -1 -1 -1 -1 2 -1 1 -1 10 -1 -1 -1 7 11 24 26 0 -1 -1 14 -1 -1 -1 -1 30 -1 16 -1 -1 -1 -1 -1 -1 -1 -1 -1 -1 28 -1 -1 -1 -1 23 8 -1 -1 -1 -1 27 -1 -1 -1 -1 18 -1 -1 -1 -1 -1 -1 -1 -1 21 -1 -1 -1 -1 -1 -1 22 -1 20 19 25 -1 -1 
-1 -1 -1 -1 4 5 6 -1 -1 -1 -1 -1 -1 3 -1 -1 -1 -1 2 -1 1 -1 10 -1 -1 -1 7 11 24 26 0 -1 -1 14 -1 -1 -1 -1 30 -1 16 -1 28 -1 -1 -1 -1 -1 -1 -1 -1 -1 -1 -1 -1 -1 23 8 -1 -1 -1 -1 27 -1 -1 -1 -1 18 -1 -1 -1 -1 -1 -1 -1 -1 21 -1 -1 -1 -1 -1 -1 22 -1 20 19 25 -1 -1 
-1 -1 -1 -1 4 5 6 -1 -1 -1 -1 -1 -1 3 -1 -1 -1 -1 2 -1 -1 -1 10 -1 -1 -1 7 11 24 26 0 1 -1 14 -1 -1 -1 -1 30 -1 16 -1 28 -1 -1 -1 -1 -1 -1 -1 -1 -1 -1 -1 -1 -1 23 8 -1 -1 -1 -1 27 -1 -1 -1 -1 18 -1 -1 -1 -1 -1 -1 -1 -1 21 -1 -1 -1 -1 -1 -1 22 -1 20 19 25 -1 -1 
-1 -1 -1 -1 4 5 6 -1 -1 -1 -1 -1 -1 3 -1 -1 -1 -1 2 -1 -1 -1 10 -1 -1 -1 7 11 24 26 0 1 -1 14 -1 -1 -1 -1 30 -1 16 28 -1 -1 -1 -1 -1 -1 -1 -1 -1 -1 -1 -1 -1 -1 23 8 -1 -1 -1 -1 27 -1 -1 -1 -1 18 -1 -1 -1 -1 -1 -1 -1 -1 21 -1 -1 -1 -1 -1 -1 22 -1 20 19 25 -1 -1 
-1 -1 -1 3 4 5 6 -1 -1 -1 -1 -1 -1 -1 -1 -1 -1 -1 2 -1 -1 -1 10 -1 -1 -1 7 11 24 26 0 1 -1 14 -1 -1 -1 -1 30 -1 16 28 -1 -1 -1 -1 -1 -1 -1 -1 -1 -1 -1 -1 -1 -1 23 8 -1 -1 -1 -1 27 -1 -1 -1 -1 18 -1 -1 -1 -1 -1 -1 -1 -1 21 -1 -1 -1 -1 -1 -1 22 -1 20 19 25 -1 -1 
-1 -1 -1 3 4 5 6 -1 -1 -1 -1 -1 -1 -1 -1 -1 -1 -1 2 -1 -1 -1 10 -1 -1 -1 7 11 24 26 0 1 -1 14 -1 -1 -1 -1 30 16 -1 28 -1 -1 -1 -1 -1 -1 -1 -1 -1 -1 -1 -1 -1 -1 23 8 -1 -1 -1 -1 27 -1 -1 -1 -1 18 -1 -1 -1 -1 -1 -1 -1 -1 21 -1 -1 -1 -1 -1 -1 22 -1 20 19 25 -1 -1 
-1 -1 -1 3 4 5 6 -1 -1 -1 -1 -1 -1 -1 -1 -1 -1 -1 2 -1 -1 -1 10 -1 -1 -1 7 11 24 26 -1 1 -1 14 -1 -1 -1 -1 30 0 -1 28 -1 -1 -1 -1 -1 -1 -1 -1 -1 -1 -1 -1 -1 -1 23 8 -1 -1 -1 -1 27 -1 -1 -1 -1 18 -1 -1 -1 -1 -1 -1 -1 -1 21 -1 -1 -1 -1 -1 -1 22 -1 20 19 25 -1 -1 
-1 -1 -1 3 4 5 25 -1 -1 -1 -1 -1 -1 -1 -1 -1 -1 -1 2 -1 -1 -1 10 -1 -1 -1 7 11 24 26 -1 1 -1 14 -1 -1 -1 -1 30 0 -1 28 -1 -1 -1 -1 -1 -1 -1 -1 -1 -1 -1 -1 -1 -1 23 8 -1 -1 -1 -1 27 -1 -1 -1 -1 18 -1 -1 -1 -1 -1 -1 -1 -1 21 -1 -1 -1 -1 -1 -1 22 -1 20 19 -1 -1 -1 
-1 -1 -1 3 4 -1 25 -1 -1 -1 -1 -1 -1 5 -1 -1 -1 -1 2 -1 -1 -1 10 -1 -1 -1 7 11 24 26 -1 1 -1 14 -1 -1 -1 -1 30 0 -1 28 -1 -1 -1 -1 -1 -1 -1 -1 -1 -1 -1 -1 -1 -1 23 8 -1 -1 -1 -1 27 -1 -1 -1 -1 18 -1 -1 -1 -1 -1 -1 -1 -1 21 -1 -1 -1 -1 -1 -1 22 -1 20 19 -1 -1 -1 
-1 -1 -1 3 4 -1 25 -1 -1 -1 -1 -1 -1 5 -1 -1 -1 -1 2 -1 -1 -1 10 -1 -1 -1 7 11 24 26 -1 1 -1 14 -1 -1 -1 -1 30 23 -1 28 -1 -1 -1 -1 -1 -1 -1 -1 -1 -1 -1 -1 -1 -1 -1 8 -1 -1 -1 -1 27 -1 -1 -1 -1 18 -1 -1 -1 -1 -1 -1 -1 -1 21 -1 -1 -1 -1 -1 -1 22 -1 20 19 -1 -1 -1 
-1 -1 -1 3 4 -1 25 -1 -1 -1 -1 -1 -1 5 -1 -1 -1 -1 2 -1 -1 -1 10 -1 -1 -1 7 11 24 26 -1 1 -1 14 -1 -1 -1 -1 30 23 -1 28 -1 -1 -1 -1 -1 -1 -1 -1 -1 -1 -1 -1 -1 -1 -1 9 -1 -1 -1 -1 27 -1 -1 -1 -1 18 -1 -1 -1 -1 -1 -1 -1 -1 21 -1 -1 -1 -1 -1 -1 22 -1 20 19 -1 -1 -1 
-1 -1 -1 3 4 -1 25 -1 -1 -1 -1 -1 -1 5 -1 -1 -1 -1 2 -1 -1 -1 10 -1 -1 -1 7 11 24 -1 26 1 -1 14 -1 -1 -1 -1 30 23 -1 28 -1 -1 -1 -1 -1 -1 -1 -1 -1 -1 -1 -1 -1 -1 -1 9 -1 -1 -1 -1 27 -1 -1 -1 -1 18 -1 -1 -1 -1 -1 -1 -1 -1 21 -1 -1 -1 -1 -1 -1 22 -1 20 19 -1 -1 -1 
-1 -1 -1 3 4 -1 25 -1 -1 -1 -1 -1 -1 5 -1 -1 -1 -1 2 -1 -1 -1 10 -1 -1 -1 7 11 24 -1 26 1 -1 14 -1 -1 -1 -1 30 -1 -1 28 -1 -1 0 -1 -1 -1 -1 -1 -1 -1 -1 -1 -1 -1 -1 9 -1 -1 -1 -1 27 -1 -1 -1 -1 18 -1 -1 -1 -1 -1 -1 -1 -1 21 -1 -1 -1 -1 -1 -1 22 -1 20 19 -1 -1 -1 
-1 -1 -1 3 4 -1 25 -1 -1 -1 -1 -1 -1 5 -1 -1 -1 -1 2 -1 -1 -1 10 -1 -1 -1 7 11 24 -1 26 1 -1 14 -1 -1 -1 -1 30 -1 28 -1 -1 -1 0 -1 -1 -1 -1 -1 -1 -1 -1 -1 -1 -1 -1 9 -1 -1 -1 -1 27 -1 -1 -1 -1 18 -1 -1 -1 -1 -1 -1 -1 -1 21 -1 -1 -1 -1 -1 -1 22 -1 20 19 -1 -1 -1 
-1 -1 -1 3 4 -1 25 -1 -1 -1 -1 -1 -1 5 1 -1 -1 -1 2 -1 -1 -1 10 -1 -1 -1 7 11 24 -1 26 -1 -1 14 -1 -1 -1 -1 30 -1 28 -1 -1 -1 0 -1 -1 -1 -1 -1 -1 -1 -1 -1 -1 -1 -1 9 -1 -1 -1 -1 27 -1 -1 -1 -1 18 -1 -1 -1 -1 -1 -1 -1 -1 21 -1 -1 -1 -1 -1 -1 22 -1 20 19 -1 -1 -1 
-1 -1 -1 3 4 -1 25 -1 -1 -1 -1 -1 -1 5 1 -1 -1 -1 2 -1 -1 -1 10 -1 -1 -1 7 11 24 -1 -1 26 -1 14 -1 -1 -1 -1 30 -1 28 -1 -1 -1 0 -1 -1 -1 -1 -1 -1 -1 -1 -1 -1 -1 -1 9 -1 -1 -1 -1 27 -1 -1 -1 -1 18 -1 -1 -1 -1 -1 -1 -1 -1 21 -1 -1 -1 -1 -1 -1 22 -1 20 19 -1 -1 -1 
-1 -1 -1 3 -1 4 25 -1 -1 -1 -1 -1 -1 5 1 -1 -1 -1 2 -1 -1 -1 10 -1 -1 -1 7 11 24 -1 -1 26 -1 14 -1 -1 -1 -1 30 -1 28 -1 -1 -1 0 -1 -1 -1 -1 -1 -1 -1 -1 -1 -1 -1 -1 9 -1 -1 -1 -1 27 -1 -1 -1 -1 18 -1 -1 -1 -1 -1 -1 -1 -1 21 -1 -1 -1 -1 -1 -1 22 -1 20 19 -1 -1 -1 
-1 -1 -1 25 -1 4 -1 -1 -1 -1 -1 -1 -1 5 1 -1 -1 -1 2 -1 -1 -1 10 -1 -1 -1 7 11 24 -1 -1 26 -1 14 -1 -1 -1 -1 30 -1 28 -1 -1 -1 0 -1 -1 -1 -1 -1 -1 -1 -1 -1 -1 -1 -1 9 -1 -1 -1 -1 27 -1 -1 -1 -1 18 -1 -1 -1 -1 -1 -1 -1 -1 21 -1 -1 -1 -1 -1 -1 22 -1 20 19 -1 -1 -1 
-1 -1 -1 25 -1 4 -1 -1 -1 -1 -1 -1 -1 5 -1 -1 -1 -1 2 -1 -1 -1 10 -1 -1 -1 7 11 24 -1 -1 1 -1 14 -1 -1 -1 -1 30 -1 28 -1 -1 -1 0 -1 -1 -1 -1 -1 -1 -1 -1 -1 -1 -1 -1 9 -1 -1 -1 -1 27 -1 -1 -1 -1 18 -1 -1 -1 -1 -1 -1 -1 -1 21 -1 -1 -1 -1 -1 -1 22 -1 20 19 -1 -1 -1 
-1 -1 -1 25 -1 4 -1 -1 -1 -1 -1 -1 -1 5 -1 -1 -1 -1 2 -1 -1 -1 10 -1 -1 -1 7 11 24 -1 -1 28 -1 14 -1 -1 -1 -1 30 -1 -1 -1 -1 -1 0 -1 -1 -1 -1 -1 -1 -1 -1 -1 -1 -1 -1 9 -1 -1 -1 -1 27 -1 -1 -1 -1 18 -1 -1 -1 -1 -1 -1 -1 -1 21 -1 -1 -1 -1 -1 -1 22 -1 20 19 -1 -1 -1 
-1 -1 -1 5 -1 4 -1 -1 -1 -1 -1 -1 -1 -1 -1 -1 -1 -1 2 -1 -1 -1 10 -1 -1 -1 7 11 24 -1 -1 28 -1 14 -1 -1 -1 -1 30 -1 -1 -1 -1 -1 0 -1 -1 -1 -1 -1 -1 -1 -1 -1 -1 -1 -1 9 -1 -1 -1 -1 27 -1 -1 -1 -1 18 -1 -1 -1 -1 -1 -1 -1 -1 21 -1 -1 -1 -1 -1 -1 22 -1 20 19 -1 -1 -1 
-1 -1 -1 5 -1 4 -1 -1 -1 -1 -1 -1 -1 -1 -1 -1 -1 -1 2 -1 -1 -1 28 -1 -1 -1 7 11 24 -1 -1 -1 -1 14 -1 -1 -1 -1 30 -1 -1 -1 -1 -1 0 -1 -1 -1 -1 -1 -1 -1 -1 -1 -1 -1 -1 9 -1 -1 -1 -1 27 -1 -1 -1 -1 18 -1 -1 -1 -1 -1 -1 -1 -1 21 -1 -1 -1 -1 -1 -1 22 -1 20 19 -1 -1 -1 
-1 -1 -1 5 -1 4 -1 -1 -1 -1 -1 -1 -1 -1 -1 -1 -1 -1 2 -1 -1 -1 28 -1 -1 -1 7 11 24 -1 -1 -1 -1 14 -1 -1 -1 -1 30 -1 -1 -1 -1 -1 0 -1 -1 -1 9 -1 -1 -1 -1 -1 -1 -1 -1 -1 -1 -1 -1 -1 27 -1 -1 -1 -1 18 -1 -1 -1 -1 -1 -1 -1 -1 21 -1 -1 -1 -1 -1 -1 22 -1 20 19 -1 -1 -1 
-1 24 -1 5 -1 4 -1 -1 -1 -1 -1 -1 -1 -1 -1 -1 -1 -1 2 -1 -1 -1 28 -1 -1 -1 7 11 -1 -1 -1 -1 -1 14 -1 -1 -1 -1 30 -1 -1 -1 -1 -1 0 -1 -1 -1 9 -1 -1 -1 -1 -1 -1 -1 -1 -1 -1 -1 -1 -1 27 -1 -1 -1 -1 18 -1 -1 -1 -1 -1 -1 -1 -1 21 -1 -1 -1 -1 -1 -1 22 -1 20 19 -1 -1 -1 
-1 24 -1 5 -1 4 -1 -1 -1 -1 -1 -1 -1 -1 -1 -1 -1 -1 2 -1 -1 -1 28 -1 -1 -1 7 11 -1 -1 -1 -1 -1 14 -1 -1 -1 -1 30 -1 -1 -1 -1 -1 0 -1 -1 -1 -1 -1 -1 -1 9 -1 -1 -1 -1 -1 -1 -1 -1 -1 27 -1 -1 -1 -1 18 -1 -1 -1 -1 -1 -1 -1 -1 21 -1 -1 -1 -1 -1 -1 22 -1 20 19 -1 -1 -1 
-1 -1 -1 24 -1 4 -1 -1 -1 -1 -1 -1 -1 -1 -1 -1 -1 -1 2 -1 -1 -1 28 -1 -1 -1 7 11 -1 -1 -1 -1 -1 14 -1 -1 -1 -1 30 -1 -1 -1 -1 -1 0 -1 -1 -1 -1 -1 -1 -1 9 -1 -1 -1 -1 -1 -1 -1 -1 -1 27 -1 -1 -1 -1 18 -1 -1 -1 -1 -1 -1 -1 -1 21 -1 -1 -1 -1 -1 -1 22 -1 20 19 -1 -1 -1 
-1 -1 -1 24 -1 -1 -1 -1 -1 -1 -1 -1 -1 -1 4 -1 -1 -1 2 -1 -1 -1 28 -1 -1 -1 7 11 -1 -1 -1 -1 -1 14 -1 -1 -1 -1 30 -1 -1 -1 -1 -1 0 -1 -1 -1 -1 -1 -1 -1 9 -1 -1 -1 -1 -1 -1 -1 -1 -1 27 -1 -1 -1 -1 18 -1 -1 -1 -1 -1 -1 -1 -1 21 -1 -1 -1 -1 -1 -1 22 -1 20 19 -1 -1 -1 
-1 -1 -1 24 -1 -1 -1 -1 -1 -1 -1 -1 -1 -1 4 -1 -1 -1 2 -1 -1 -1 28 -1 -1 -1 7 11 -1 -1 -1 -1 -1 14 -1 -1 -1 -1 30 -1 -1 -1 -1 -1 0 -1 -1 -1 -1 -1 -1 -1 9 -1 -1 -1 -1 -1 -1 -1 -1 -1 27 -1 -1 -1 16 18 -1 -1 -1 -1 -1 -1 -1 -1 21 -1 -1 -1 -1 -1 -1 22 -1 20 19 -1 -1 -1 
-1 -1 -1 24 -1 -1 -1 -1 -1 -1 -1 -1 -1 -1 4 -1 -1 -1 2 -1 -1 -1 28 -1 -1 -1 7 11 -1 -1 -1 -1 -1 14 -1 -1 -1 -1 30 -1 -1 0 -1 -1 -1 -1 -1 -1 -1 -1 -1 -1 9 -1 -1 -1 -1 -1 -1 -1 -1 -1 27 -1 -1 -1 16 18 -1 -1 -1 -1 -1 -1 -1 -1 21 -1 -1 -1 -1 -1 -1 22 -1 20 19 -1 -1 -1 
-1 -1 -1 24 -1 -1 -1 -1 -1 -1 -1 -1 -1 -1 4 -1 -1 -1 2 -1 -1 -1 28 -1 -1 -1 7 11 -1 30 -1 -1 -1 14 -1 -1 -1 -1 -1 -1 -1 0 -1 -1 -1 -1 -1 -1 -1 -1 -1 -1 9 -1 -1 -1 -1 -1 -1 -1 -1 -1 27 -1 -1 -1 16 18 -1 -1 -1 -1 -1 -1 -1 -1 21 -1 -1 -1 -1 -1 -1 22 -1 20 19 -1 -1 -1 
-1 -1 2 24 -1 -1 -1 -1 -1 -1 -1 -1 -1 -1 4 -1 -1 -1 -1 -1 -1 -1 28 -1 -1 -1 7 11 -1 30 -1 -1 -1 14 -1 -1 -1 -1 -1 -1 -1 0 -1 -1 -1 -1 -1 -1 -1 -1 -1 -1 9 -1 -1 -1 -1 -1 -1 -1 -1 -1 27 -1 -1 -1 16 18 -1 -1 -1 -1 -1 -1 -1 -1 21 -1 -1 -1 -1 -1 -1 22 -1 20 19 -1 -1 -1 
-1 -1 2 24 -1 -1 -1 -1 -1 -1 -1 -1 -1 -1 4 -1 -1 -1 -1 -1 -1 -1 28 -1 -1 -1 7 11 -1 30 -1 -1 -1 14 -1 -1 -1 -1 -1 -1 -1 0 -1 -1 -1 -1 -1 -1 -1 -1 -1 -1 9 -1 -1 -1 -1 -1 -1 -1 -1 -1 27 -1 -1 -1 -1 16 -1 -1 -1 -1 -1 -1 -1 -1 21 -1 -1 -1 -1 -1 -1 22 -1 20 19 -1 -1 -1 
-1 -1 -1 24 -1 -1 -1 -1 -1 -1 -1 -1 -1 -1 4 -1 -1 -1 -1 -1 -1 -1 2 -1 -1 -1 7 11 -1 30 -1 -1 -1 14 -1 -1 -1 -1 -1 -1 -1 0 -1 -1 -1 -1 -1 -1 -1 -1 -1 -1 9 -1 -1 -1 -1 -1 -1 -1 -1 -1 27 -1 -1 -1 -1 16 -1 -1 -1 -1 -1 -1 -1 -1 21 -1 -1 -1 -1 -1 -1 22 -1 20 19 -1 -1 -1 
-1 -1 -1 24 -1 -1 -1 -1 -1 -1 -1 -1 -1 -1 4 -1 -1 -1 -1 -1 -1 -1 2 -1 -1 -1 7 11 -1 30 -1 -1 -1 14 -1 -1 -1 -1 -1 -1 -1 0 -1 -1 -1 -1 -1 -1 -1 -1 -1 -1 9 -1 -1 -1 -1 -1 16 -1 -1 -1 27 -1 -1 -1 -1 -1 -1 -1 -1 -1 -1 -1 -1 -1 21 -1 -1 -1 -1 -1 -1 22 -1 20 19 -1 -1 -1 
-1 -1 -1 24 -1 -1 -1 -1 -1 -1 -1 -1 -1 -1 4 -1 -1 -1 -1 -1 -1 -1 2 -1 -1 -1 7 11 -1 30 -1 -1 -1 14 -1 -1 -1 -1 -1 -1 -1 0 -1 -1 -1 -1 -1 -1 -1 -1 -1 -1 -1 -1 -1 -1 -1 -1 16 -1 -1 -1 27 -1 -1 -1 -1 -1 -1 -1 -1 -1 -1 -1 -1 -1 21 -1 -1 -1 -1 -1 -1 22 -1 20 19 -1 -1 -1 
-1 -1 -1 24 -1 -1 -1 -1 -1 -1 -1 -1 -1 -1 4 -1 -1 -1 -1 -1 -1 -1 2 -1 -1 -1 7 11 -1 30 -1 -1 -1 14 -1 -1 -1 -1 -1 -1 -1 0 -1 -1 -1 -1 -1 -1 -1 -1 -1 -1 -1 -1 -1 -1 -1 -1 16 -1 -1 -1 27 -1 -1 -1 -1 -1 -1 -1 -1 -1 -1 -1 -1 -1 21 -1 -1 -1 -1 -1 -1 22 -1 20 19 18 -1 -1 
-1 -1 -1 24 -1 -1 -1 -1 -1 -1 -1 -1 -1 -1 4 -1 -1 -1 -1 -1 -1 -1 2 -1 -1 -1 -1 11 -1 30 -1 -1 -1 14 -1 -1 -1 -1 -1 -1 -1 0 -1 7 -1 -1 -1 -1 -1 -1 -1 -1 -1 -1 -1 -1 -1 -1 16 -1 -1 -1 27 -1 -1 -1 -1 -1 -1 -1 -1 -1 -1 -1 -1 -1 21 -1 -1 -1 -1 -1 -1 22 -1 20 19 18 -1 -1 
-1 -1 -1 24 -1 -1 -1 -1 -1 -1 -1 -1 -1 -1 4 -1 -1 -1 -1 -1 23 -1 2 -1 -1 -1 -1 11 -1 30 -1 -1 -1 14 -1 -1 -1 -1 -1 -1 -1 0 -1 7 -1 -1 -1 -1 -1 -1 -1 -1 -1 -1 -1 -1 -1 -1 16 -1 -1 -1 27 -1 -1 -1 -1 -1 -1 -1 -1 -1 -1 -1 -1 -1 21 -1 -1 -1 -1 -1 -1 22 -1 20 19 18 -1 -1 
-1 -1 -1 24 -1 -1 -1 -1 -1 -1 -1 -1 -1 -1 4 -1 -1 -1 -1 -1 23 -1 2 -1 -1 -1 -1 11 -1 30 -1 -1 -1 14 -1 -1 -1 -1 -1 -1 -1 0 -1 -1 -1 -1 -1 -1 -1 -1 7 -1 -1 -1 -1 -1 -1 -1 16 -1 -1 -1 27 -1 -1 -1 -1 -1 -1 -1 -1 -1 -1 -1 -1 -1 21 -1 -1 -1 -1 -1 -1 22 -1 20 19 18 -1 -1 
-1 -1 -1 23 -1 -1 -1 -1 -1 -1 -1 -1 -1 -1 4 -1 -1 -1 -1 -1 -1 -1 2 -1 -1 -1 -1 11 -1 30 -1 -1 -1 14 -1 -1 -1 -1 -1 -1 -1 0 -1 -1 -1 -1 -1 -1 -1 -1 7 -1 -1 -1 -1 -1 -1 -1 16 -1 -1 -1 27 -1 -1 -1 -1 -1 -1 -1 -1 -1 -1 -1 -1 -1 21 -1 -1 -1 -1 -1 -1 22 -1 20 19 18 -1 -1 
-1 -1 -1 23 -1 4 -1 -1 -1 -1 -1 -1 -1 -1 -1 -1 -1 -1 -1 -1 -1 -1 2 -1 -1 -1 -1 11 -1 30 -1 -1 -1 14 -1 -1 -1 -1 -1 -1 -1 0 -1 -1 -1 -1 -1 -1 -1 -1 7 -1 -1 -1 -1 -1 -1 -1 16 -1 -1 -1 27 -1 -1 -1 -1 -1 -1 -1 -1 -1 -1 -1 -1 -1 21 -1 -1 -1 -1 -1 -1 22 -1 20 19 18 -1 -1 
-1 -1 -1 23 -1 4 -1 -1 -1 -1 -1 -1 -1 -1 -1 -1 -1 -1 -1 -1 -1 -1 2 -1 -1 -1 -1 11 -1 30 -1 -1 -1 14 -1 -1 -1 -1 -1 -1 -1 0 -1 -1 -1 -1 -1 -1 -1 -1 7 -1 -1 -1 -1 -1 -1 -1 16 -1 -1 -1 27 -1 -1 -1 -1 -1 21 -1 -1 -1 -1 -1 -1 -1 -1 -1 -1 -1 -1 -1 -1 22 -1 20 19 18 -1 -1 
