0 1 2 3 4 5 6 7 8 30 -1 -1 -1 -1 -1 -1 -1 -1 -1 9 -1 -1 -1 -1 -1 10 -1 11 -1 12 -1 13 -1 14 -1 15 -1 -1 -1 -1 -1 -1 -1 -1 -1 -1 -1 -1 -1 -1 -1 -1 -1 -1 -1 -1 -1 -1 29 -1 28 -1 27 -1 26 -1 -1 25 -1 -1 -1 -1 -1 -1 -1 -1 -1 -1 -1 -1 -1 24 23 22 21 20 19 18 17 16 
0 1 2 3 4 5 6 -1 8 30 -1 -1 -1 -1 -1 -1 -1 -1 -1 9 -1 -1 -1 -1 7 10 -1 11 -1 12 -1 13 -1 14 -1 15 -1 -1 -1 -1 -1 -1 -1 -1 -1 -1 -1 -1 -1 -1 -1 -1 -1 -1 -1 -1 -1 -1 29 -1 28 -1 27 -1 26 -1 -1 25 -1 -1 -1 -1 -1 -1 -1 -1 -1 -1 -1 -1 -1 24 23 22 21 20 19 18 17 16 
0 1 2 3 4 5 6 -1 8 30 -1 -1 -1 -1 -1 -1 -1 -1 -1 9 -1 -1 -1 -1 7 10 -1 11 -1 12 -1 13 -1 14 -1 15 -1 -1 -1 -1 -1 -1 -1 -1 -1 -1 -1 -1 -1 -1 -1 28 -1 -1 -1 -1 -1 -1 29 -1 -1 -1 27 -1 26 -1 -1 25 -1 -1 -1 -1 -1 -1 -1 -1 -1 -1 -1 -1 -1 24 23 22 21 20 19 18 17 16 
0 1 2 3 4 5 6 8 -1 30 -1 -1 -1 -1 -1 -1 -1 -1 -1 9 -1 -1 -1 -1 7 10 -1 11 -1 12 -1 13 -1 14 -1 15 -1 -1 -1 -1 -1 -1 -1 -1 -1 -1 -1 -1 -1 -1 -1 28 -1 -1 -1 -1 -1 -1 29 -1 -1 -1 27 -1 26 -1 -1 25 -1 -1 -1 -1 -1 -1 -1 -1 -1 -1 -1 -1 -1 24 23 22 21 20 19 18 17 16 
0 1 2 3 4 5 6 8 -1 30 -1 -1 -1 -1 -1 -1 -1 -1 -1 9 -1 -1 -1 -1 7 10 -1 11 -1 12 -1 13 -1 14 -1 15 -1 -1 -1 -1 -1 -1 -1 -1 -1 -1 -1 -1 -1 -1 -1 28 -1 -1 -1 -1 -1 -1 29 -1 -1 -1 27 -1 26 -1 -1 25 -1 17 -1 -1 -1 -1 -1 -1 -1 -1 -1 -1 -1 24 23 22 21 20 19 18 -1 16 
0 1 2 3 4 5 6 8 -1 30 -1 -1 -1 -1 -1 -1 -1 -1 -1 9 -1 -1 -1 -1 7 -1 10 11 -1 12 -1 13 -1 14 -1 15 -1 -1 -1 -1 -1 -1 -1 -1 -1 -1 -1 -1 -1 -1 -1 28 -1 -1 -1 -1 -1 -1 29 -1 -1 -1 27 -1 26 -1 -1 25 -1 17 -1 -1 -1 -1 -1 -1 -1 -1 -1 -1 -1 24 23 22 21 20 19 18 -1 16 
0 1 2 3 4 5 6 8 -1 30 -1 -1 -1 -1 -1 -1 -1 -1 -1 9 -1 -1 -1 -1 7 -1 10 11 -1 12 -1 13 -1 14 -1 15 -1 -1 -1 -1 -1 -1 -1 -1 -1 -1 -1 -1 -1 -1 -1 28 -1 -1 -1 -1 -1 -1 29 -1 -1 -1 27 -1 26 23 -1 25 -1 17 -1 -1 -1 -1 -1 -1 -1 -1 -1 -1 -1 24 -1 22 21 20 19 18 -1 16 
0 1 2 3 4 5 6 8 -1 30 -1 -1 -1 -1 -1 -1 -1 -1 -1 9 -1 -1 -1 -1 7 -1 10 11 -1 -1 -1 13 -1 14 -1 15 -1 -1 12 -1 -1 -1 -1 -1 -1 -1 -1 -1 -1 -1 -1 28 -1 -1 -1 -1 -1 -1 29 -1 -1 -1 27 -1 26 23 -1 25 -1 17 -1 -1 -1 -1 -1 -1 -1 -1 -1 -1 -1 24 -1 22 21 20 19 18 -1 16 
0 1 2 3 4 5 6 8 -1 30 -1 -1 -1 -1 -1 -1 -1 -1 -1 9 -1 -1 -1 -1 7 -1 10 11 26 -1 -1 13 -1 14 -1 15 -1 -1 12 -1 -1 -1 -1 -1 -1 -1 -1 -1 -1 -1 -1 28 -1 -1 -1 -1 -1 -1 29 -1 -1 -1 27 -1 -1 23 -1 25 -1 17 -1 -1 -1 -1 -1 -1 -1 -1 -1 -1 -1 24 -1 22 21 20 19 18 -1 16 
0 -1 2 3 4 5 6 8 -1 30 -1 -1 -1 -1 -1 -1 -1 -1 -1 9 1 -1 -1 -1 7 -1 10 11 26 -1 -1 13 -1 14 -1 15 -1 -1 12 -1 -1 -1 -1 -1 -1 -1 -1 -1 -1 -1 -1 28 -1 -1 -1 -1 -1 -1 29 -1 -1 -1 27 -1 -1 23 -1 25 -1 17 -1 -1 -1 -1 -1 -1 -1 -1 -1 -1 -1 24 -1 22 21 20 19 18 -1 16 
0 -1 2 3 4 5 6 8 -1 30 -1 -1 -1 -1 -1 -1 -1 -1 -1 9 1 -1 -1 -1 7 -1 10 11 -1 26 -1 13 -1 14 -1 15 -1 -1 12 -1 -1 -1 -1 -1 -1 -1 -1 -1 -1 -1 -1 28 -1 -1 -1 -1 -1 -1 29 -1 -1 -1 27 -1 -1 23 -1 25 -1 17 -1 -1 -1 -1 -1 -1 -1 -1 -1 -1 -1 24 -1 22 21 20 19 18 -1 16 
-1 0 2 3 4 5 6 8 -1 30 -1 -1 -1 -1 -1 -1 -1 -1 -1 9 1 -1 -1 -1 7 -1 10 11 -1 26 -1 13 -1 14 -1 15 -1 -1 12 -1 -1 -1 -1 -1 -1 -1 -1 -1 -1 -1 -1 28 -1 -1 -1 -1 -1 -1 29 -1 -1 -1 27 -1 -1 23 -1 25 -1 17 -1 -1 -1 -1 -1 -1 -1 -1 -1 -1 -1 24 -1 22 21 20 19 18 -1 16 
-1 0 2 3 4 5 6 8 -1 30 -1 -1 -1 -1 -1 -1 -1 -1 -1 9 1 -1 -1 -1 7 -1 10 11 -1 26 -1 13 -1 14 -1 15 -1 -1 12 -1 -1 -1 -1 -1 -1 -1 -1 -1 -1 -1 -1 28 -1 -1 -1 -1 -1 -1 29 -1 -1 -1 27 -1 -1 23 -1 25 -1 17 -1 -1 -1 -1 -1 -1 -1 -1 -1 -1 -1 -1 24 22 21 20 19 18 -1 16 
-1 0 2 3 4 5 6 -1 -1 30 -1 -1 -1 -1 -1 -1 -1 -1 -1 9 1 -1 -1 -1 7 -1 10 11 -1 26 -1 13 -1 14 -1 15 -1 -1 12 -1 -1 -1 -1 8 -1 -1 -1 -1 -1 -1 -1 28 -1 -1 -1 -1 -1 -1 29 -1 -1 -1 27 -1 -1 23 -1 25 -1 17 -1 -1 -1 -1 -1 -1 -1 -1 -1 -1 -1 -1 24 22 21 20 19 18 -1 16 
-1 0 2 3 4 5 6 -1 -1 30 -1 -1 -1 -1 -1 -1 -1 -1 -1 9 1 -1 -1 -1 7 -1 10 11 -1 26 -1 13 -1 14 -1 15 -1 -1 12 -1 -1 -1 -1 8 -1 -1 -1 -1 -1 -1 -1 28 -1 -1 -1 -1 -1 -1 29 -1 -1 -1 27 -1 -1 23 -1 25 -1 17 -1 -1 -1 -1 -1 -1 -1 -1 -1 -1 -1 -1 24 22 21 20 19 18 16 -1 
-1 0 2 3 4 5 6 -1 -1 30 -1 -1 -1 -1 -1 -1 -1 -1 -1 9 1 -1 -1 -1 7 -1 10 11 -1 26 -1 13 -1 14 -1 15 -1 -1 12 -1 -1 -1 -1 -1 -1 -1 -1 -1 -1 -1 -1 28 -1 -1 -1 -1 -1 -1 29 -1 -1 -1 27 -1 -1 23 -1 25 -1 17 -1 -1 -1 -1 -1 -1 -1 -1 -1 -1 -1 -1 24 22 21 20 19 18 8 -1 
-1 0 2 3 4 5 6 -1 -1 30 -1 -1 -1 -1 -1 -1 -1 -1 -1 9 1 -1 -1 -1 7 -1 10 11 -1 26 -1 13 -1 14 -1 15 -1 -1 12 -1 -1 -1 -1 -1 -1 -1 -1 -1 -1 -1 -1 28 -1 -1 -1 -1 -1 -1 29 -1 -1 -1 27 -1 -1 23 -1 25 -1 -1 -1 -1 -1 -1 -1 -1 -1 -1 -1 -1 -1 -1 24 22 21 20 19 18 17 -1 
-1 0 -1 3 4 5 6 -1 -1 30 -1 -1 -1 -1 -1 -1 -1 -1 -1 9 1 -1 2 -1 7 -1 10 11 -1 26 -1 13 -1 14 -1 15 -1 -1 12 -1 -1 -1 -1 -1 -1 -1 -1 -1 -1 -1 -1 28 -1 -1 -1 -1 -1 -1 29 -1 -1 -1 27 -1 -1 23 -1 25 -1 -1 -1 -1 -1 -1 -1 -1 -1 -1 -1 -1 -1 -1 24 22 21 20 19 18 17 -1 
-1 0 -1 3 4 5 6 -1 -1 30 -1 -1 -1 -1 -1 -1 -1 -1 -1 9 1 -1 2 -1 7 -1 10 11 -1 26 -1 13 -1 14 -1 15 -1 -1 12 -1 -1 -1 -1 -1 -1 -1 -1 -1 -1 -1 -1 28 -1 -1 -1 -1 -1 -1 29 -1 -1 -1 27 -1 -1 23 -1 -1 -1 25 -1 -1 -1 -1 -1 -1 -1 -1 -1 -1 -1 -1 24 22 21 20 19 18 17 -1 
-1 0 -1 3 4 5 6 -1 -1 30 -1 -1 -1 -1 -1 -1 -1 -1 -1 -1 1 -1 2 -1 7 -1 10 11 -1 26 -1 13 -1 14 -1 15 -1 -1 12 -1 -1 -1 -1 -1 -1 -1 -1 -1 -1 -1 -1 28 -1 -1 -1 9 -1 -1 29 -1 -1 -1 27 -1 -1 23 -1 -1 -1 25 -1 -1 -1 -1 -1 -1 -1 -1 -1 -1 -1 -1 24 22 21 20 19 18 17 -1 
-1 0 -1 3 4 5 6 -1 -1 30 -1 -1 -1 -1 -1 -1 -1 -1 -1 -1 1 -1 2 -1 7 -1 10 11 -1 26 -1 13 -1 25 -1 15 -1 -1 12 -1 -1 -1 -1 -1 -1 -1 -1 -1 -1 -1 -1 28 -1 -1 -1 9 -1 -1 29 -1 -1 -1 27 -1 -1 23 -1 -1 -1 -1 -1 -1 -1 -1 -1 -1 -1 -1 -1 -1 -1 -1 24 22 21 20 19 18 17 -1 
-1 0 -1 3 4 5 6 -1 -1 30 -1 -1 -1 -1 -1 -1 -1 -1 -1 -1 1 -1 2 -1 7 -1 -1 11 -1 26 -1 13 -1 25 -1 15 -1 -1 12 -1 -1 -1 -1 -1 -1 -1 -1 -1 -1 -1 -1 28 -1 -1 -1 9 -1 -1 29 -1 -1 -1 10 -1 -1 23 -1 -1 -1 -1 -1 -1 -1 -1 -1 -1 -1 -1 -1 -1 -1 -1 24 22 21 20 19 18 17 -1 
-1 0 -1 3 4 5 6 -1 -1 30 -1 -1 -1 -1 -1 -1 -1 -1 -1 -1 1 -1 2 -1 7 -1 -1 11 -1 26 -1 13 -1 25 -1 15 -1 -1 12 -1 -1 -1 -1 -1 -1 -1 -1 -1 -1 -1 -1 28 -1 -1 -1 9 -1 -1 29 -1 -1 -1 10 -1 -1 23 -1 -1 -1 17 -1 -1 -1 -1 -1 -1 -1 -1 -1 -1 -1 -1 24 22 21 20 19 18 -1 -1 
-1 0 -1 3 4 5 6 -1 -1 30 -1 -1 -1 -1 -1 -1 -1 -1 -1 -1 1 -1 2 -1 7 -1 -1 11 -1 26 -1 13 -1 25 -1 15 -1 -1 12 -1 -1 -1 -1 -1 -1 -1 -1 -1 -1 -1 -1 28 -1 10 -1 9 -1 -1 29 -1 -1 -1 -1 -1 -1 23 -1 -1 -1 17 -1 -1 -1 -1 -1 -1 -1 -1 -1 -1 -1 -1 24 22 21 20 19 18 -1 -1 
-1 0 -1 3 4 5 6 -1 -1 30 -1 -1 -1 -1 -1 -1 -1 -1 -1 -1 1 -1 2 -1 7 -1 -1 11 -1 26 -1 13 -1 25 -1 15 -1 -1 12 -1 -1 -1 -1 -1 -1 -1 -1 -1 -1 -1 -1 28 -1 10 -1 9 -1 -1 29 -1 -1 -1 -1 -1 -1 23 -1 22 -1 17 -1 -1 -1 -1 -1 -1 -1 -1 -1 -1 -1 -1 24 -1 21 20 19 18 -1 -1 
-1 0 -1 3 4 5 6 -1 -1 30 -1 -1 -1 -1 -1 -1 -1 -1 -1 -1 1 -1 2 -1 7 -1 -1 11 -1 26 -1 -1 -1 25 -1 15 -1 -1 12 -1 13 -1 -1 -1 -1 -1 -1 -1 -1 -1 -1 28 -1 10 -1 9 -1 -1 29 -1 -1 -1 -1 -1 -1 23 -1 22 -1 17 -1 -1 -1 -1 -1 -1 -1 -1 -1 -1 -1 -1 24 -1 21 20 19 18 -1 -1 
-1 0 -1 3 4 5 6 -1 -1 30 -1 -1 -1 -1 -1 -1 -1 -1 -1 -1 1 -1 2 -1 7 -1 -1 11 -1 26 -1 -1 -1 25 -1 15 -1 -1 12 -1 13 -1 28 -1 -1 -1 -1 -1 -1 -1 -1 -1 -1 10 -1 9 -1 -1 29 -1 -1 -1 -1 -1 -1 23 -1 22 -1 17 -1 -1 -1 -1 -1 -1 -1 -1 -1 -1 -1 -1 24 -1 21 20 19 18 -1 -1 
-1 0 -1 3 4 5 6 -1 -1 30 -1 -1 -1 -1 -1 -1 -1 -1 -1 -1 1 -1 2 -1 -1 -1 -1 11 -1 26 -1 7 -1 25 -1 15 -1 -1 12 -1 13 -1 28 -1 -1 -1 -1 -1 -1 -1 -1 -1 -1 10 -1 9 -1 -1 29 -1 -1 -1 -1 -1 -1 23 -1 22 -1 17 -1 -1 -1 -1 -1 -1 -1 -1 -1 -1 -1 -1 24 -1 21 20 19 18 -1 -1 
-1 0 -1 3 4 5 6 -1 -1 30 -1 -1 -1 -1 -1 -1 -1 -1 -1 -1 1 -1 2 -1 -1 -1 -1 11 -1 26 -1 7 -1 25 -1 15 -1 -1 12 -1 13 28 -1 -1 -1 -1 -1 -1 -1 -1 -1 -1 -1 10 -1 9 -1 -1 29 -1 -1 -1 -1 -1 -1 23 -1 22 -1 17 -1 -1 -1 -1 -1 -1 -1 -1 -1 -1 -1 -1 24 -1 21 20 19 18 -1 -1 
-1 0 -1 3 4 5 6 -1 -1 30 -1 -1 -1 -1 -1 -1 -1 -1 -1 -1 1 -1 2 -1 -1 -1 -1 11 -1 26 -1 7 -1 25 -1 15 -1 -1 12 -1 -1 28 -1 -1 -1 -1 -1 -1 -1 13 -1 -1 -1 10 -1 9 -1 -1 29 -1 -1 -1 -1 -1 -1 23 -1 22 -1 17 -1 -1 -1 -1 -1 -1 -1 -1 -1 -1 -1 -1 24 -1 21 20 19 18 -1 -1 
-1 0 -1 3 4 5 6 -1 -1 30 -1 -1 -1 -1 -1 -1 -1 -1 -1 -1 1 -1 2 -1 -1 -1 -1 11 -1 26 -1 7 -1 25 -1 15 -1 -1 12 -1 28 -1 -1 -1 -1 -1 -1 -1 -1 13 -1 -1 -1 10 -1 9 -1 -1 29 -1 -1 -1 -1 -1 -1 23 -1 22 -1 17 -1 -1 -1 -1 -1 -1 -1 -1 -1 -1 -1 -1 24 -1 21 20 19 18 -1 -1 
-1 0 -1 3 4 5 6 -1 -1 30 -1 -1 -1 -1 -1 -1 -1 -1 -1 -1 1 -1 2 -1 -1 -1 -1 11 -1 26 -1 -1 -1 25 -1 15 -1 -1 12 -1 28 -1 7 -1 -1 -1 -1 -1 -1 13 -1 -1 -1 10 -1 9 -1 -1 29 -1 -1 -1 -1 -1 -1 23 -1 22 -1 17 -1 -1 -1 -1 -1 -1 -1 -1 -1 -1 -1 -1 24 -1 21 20 19 18 -1 -1 
-1 0 -1 3 4 5 6 -1 -1 30 -1 -1 -1 -1 -1 -1 -1 -1 -1 -1 1 -1 2 -1 -1 -1 -1 11 -1 26 -1 -1 -1 25 -1 15 -1 -1 12 -1 28 -1 7 -1 -1 -1 -1 -1 -1 13 -1 -1 -1 27 -1 9 -1 -1 29 -1 -1 -1 -1 -1 -1 23 -1 22 -1 17 -1 -1 -1 -1 -1 -1 -1 -1 -1 -1 -1 -1 24 -1 21 20 19 18 -1 -1 
-1 0 -1 3 4 5 6 -1 -1 30 -1 -1 -1 -1 -1 -1 -1 -1 -1 -1 1 -1 2 -1 -1 -1 -1 11 -1 26 -1 -1 -1 25 -1 15 -1 -1 12 -1 28 -1 -1 -1 -1 -1 -1 -1 -1 7 -1 -1 -1 27 -1 9 -1 -1 29 -1 -1 -1 -1 -1 -1 23 -1 22 -1 17 -1 -1 -1 -1 -1 -1 -1 -1 -1 -1 -1 -1 24 -1 21 20 19 18 -1 -1 
-1 0 -1 3 4 5 6 -1 -1 30 -1 -1 -1 -1 -1 -1 -1 -1 -1 -1 1 -1 2 -1 -1 -1 -1 11 -1 26 -1 -1 -1 25 -1 15 -1 -1 12 -1 28 -1 -1 -1 -1 -1 -1 -1 -1 7 -1 -1 -1 27 -1 9 -1 -1 29 -1 -1 -1 -1 -1 -1 23 -1 22 -1 17 -1 -1 -1 -1 -1 -1 21 -1 -1 -1 -1 -1 24 -1 -1 20 19 18 -1 -1 
-1 0 -1 3 4 5 6 -1 -1 30 -1 -1 -1 -1 -1 -1 -1 -1 -1 -1 1 -1 2 -1 -1 -1 -1 11 -1 26 -1 -1 -1 25 -1 15 -1 -1 12 -1 28 -1 7 -1 -1 -1 -1 -1 -1 -1 -1 -1 -1 27 -1 9 -1 -1 29 -1 -1 -1 -1 -1 -1 23 -1 22 -1 17 -1 -1 -1 -1 -1 -1 21 -1 -1 -1 -1 -1 24 -1 -1 20 19 18 -1 -1 
-1 0 -1 3 4 5 6 -1 -1 30 -1 -1 -1 -1 -1 -1 -1 -1 -1 -1 1 -1 2 -1 -1 -1 -1 11 -1 26 -1 -1 -1 25 -1 15 -1 -1 12 -1 28 -1 7 -1 -1 -1 -1 -1 -1 -1 -1 -1 -1 27 -1 9 -1 -1 23 -1 -1 -1 -1 -1 -1 -1 -1 22 -1 17 -1 -1 -1 -1 -1 -1 21 -1 -1 -1 -1 -1 24 -1 -1 20 19 18 -1 -1 
-1 0 -1 3 4 5 6 -1 -1 30 -1 -1 -1 -1 -1 -1 -1 -1 -1 -1 1 -1 2 -1 -1 -1 -1 11 -1 26 -1 -1 -1 25 -1 15 -1 -1 12 -1 28 -1 7 -1 -1 -1 -1 -1 -1 -1 -1 -1 -1 27 -1 -1 -1 -1 9 -1 -1 -1 -1 -1 -1 -1 -1 22 -1 17 -1 -1 -1 -1 -1 -1 21 -1 -1 -1 -1 -1 24 -1 -1 20 19 18 -1 -1 
-1 24 -1 3 4 5 6 -1 -1 30 -1 -1 -1 -1 -1 -1 -1 -1 -1 -1 1 -1 2 -1 -1 -1 -1 11 -1 26 -1 -1 -1 25 -1 15 -1 -1 12 -1 28 -1 7 -1 -1 -1 -1 -1 -1 -1 -1 -1 -1 27 -1 -1 -1 -1 9 -1 -1 -1 -1 -1 -1 -1 -1 22 -1 17 -1 -1 -1 -1 -1 -1 21 -1 -1 -1 -1 -1 -1 -1 -1 20 19 18 -1 -1 
-1 1 -1 3 4 5 6 -1 -1 30 -1 -1 -1 -1 -1 -1 -1 -1 -1 -1 -1 -1 2 -1 -1 -1 -1 11 -1 26 -1 -1 -1 25 -1 15 -1 -1 12 -1 28 -1 7 -1 -1 -1 -1 -1 -1 -1 -1 -1 -1 27 -1 -1 -1 -1 9 -1 -1 -1 -1 -1 -1 -1 -1 22 -1 17 -1 -1 -1 -1 -1 -1 21 -1 -1 -1 -1 -1 -1 -1 -1 20 19 18 -1 -1 
-1 1 -1 3 4 5 6 -1 -1 30 -1 -1 -1 -1 -1 -1 -1 -1 -1 -1 -1 -1 2 -1 -1 -1 -1 11 -1 26 -1 -1 -1 25 -1 15 -1 -1 12 -1 28 -1 7 -1 -1 -1 -1 -1 -1 -1 -1 -1 -1 27 -1 -1 -1 -1 17 -1 -1 -1 -1 -1 -1 -1 -1 22 -1 -1 -1 -1 -1 -1 -1 -1 21 -1 -1 -1 -1 -1 -1 -1 -1 20 19 18 -1 -1 
-1 -1 -1 3 4 5 6 -1 -1 30 -1 -1 1 -1 -1 -1 -1 -1 -1 -1 -1 -1 2 -1 -1 -1 -1 11 -1 26 -1 -1 -1 25 -1 15 -1 -1 12 -1 28 -1 7 -1 -1 -1 -1 -1 -1 -1 -1 -1 -1 27 -1 -1 -1 -1 17 -1 -1 -1 -1 -1 -1 -1 -1 22 -1 -1 -1 -1 -1 -1 -1 -1 21 -1 -1 -1 -1 -1 -1 -1 -1 20 19 18 -1 -1 
-1 -1 -1 3 4 5 6 -1 -1 30 -1 -1 1 -1 -1 -1 -1 -1 -1 -1 -1 -1 2 -1 -1 -1 -1 11 -1 -1 -1 -1 26 25 -1 15 -1 -1 12 -1 28 -1 7 -1 -1 -1 -1 -1 -1 -1 -1 -1 -1 27 -1 -1 -1 -1 17 -1 -1 -1 -1 -1 -1 -1 -1 22 -1 -1 -1 -1 -1 -1 -1 -1 21 -1 -1 -1 -1 -1 -1 -1 -1 20 19 18 -1 -1 
-1 -1 -1 3 4 5 6 -1 -1 30 -1 -1 1 -1 -1 -1 -1 -1 -1 -1 -1 -1 2 -1 -1 -1 -1 11 -1 -1 -1 -1 26 25 -1 15 -1 -1 12 -1 28 -1 -1 -1 -1 -1 -1 -1 -1 -1 -1 -1 -1 27 -1 -1 -1 -1 17 7 -1 -1 -1 -1 -1 -1 -1 22 -1 -1 -1 -1 -1 -1 -1 -1 21 -1 -1 -1 -1 -1 -1 -1 -1 20 19 18 -1 -1 
-1 -1 -1 3 4 5 6 -1 -1 30 -1 -1 1 -1 -1 -1 -1 -1 -1 -1 -1 -1 2 -1 -1 -1 -1 11 -1 -1 -1 -1 26 25 -1 15 -1 -1 12 -1 -1 28 -1 -1 -1 -1 -1 -1 -1 -1 -1 -1 -1 27 -1 -1 -1 -1 17 7 -1 -1 -1 -1 -1 -1 -1 22 -1 -1 -1 -1 -1 -1 -1 -1 21 -1 -1 -1 -1 -1 -1 -1 -1 20 19 18 -1 -1 
-1 -1 -1 3 4 5 6 -1 -1 30 -1 -1 1 -1 -1 -1 -1 -1 -1 -1 -1 -1 2 -1 -1 -1 -1 11 -1 -1 -1 -1 26 25 -1 15 -1 -1 12 -1 -1 28 -1 -1 -1 -1 -1 -1 -1 -1 -1 -1 -1 -1 -1 -1 -1 -1 17 7 -1 -1 10 -1 -1 -1 -1 22 -1 -1 -1 -1 -1 -1 -1 -1 21 -1 -1 -1 -1 -1 -1 -1 -1 20 19 18 -1 -1 
-1 -1 -1 3 4 5 6 -1 -1 30 -1 -1 1 -1 -1 -1 -1 -1 -1 -1 -1 -1 2 -1 -1 -1 -1 11 -1 -1 -1 -1 26 25 -1 15 -1 -1 12 17 -1 28 -1 -1 -1 -1 -1 -1 -1 -1 -1 -1 -1 -1 -1 -1 -1 -1 -1 7 -1 -1 10 -1 -1 -1 -1 22 -1 -1 -1 -1 -1 -1 -1 -1 21 -1 -1 -1 -1 -1 -1 -1 -1 20 19 18 -1 -1 
-1 -1 -1 3 4 5 6 -1 -1 30 -1 -1 1 -1 -1 -1 -1 -1 -1 -1 -1 -1 2 -1 -1 -1 -1 11 -1 -1 -1 -1 26 25 -1 15 -1 -1 12 17 -1 28 -1 -1 -1 -1 -1 -1 7 -1 -1 -1 -1 -1 -1 -1 -1 -1 -1 -1 -1 -1 10 -1 -1 -1 -1 22 -1 -1 -1 -1 -1 -1 -1 -1 21 -1 -1 -1 -1 -1 -1 -1 -1 20 19 18 -1 -1 
-1 -1 -1 3 4 5 6 -1 -1 30 -1 -1 1 -1 -1 -1 -1 -1 -1 -1 -1 -1 2 -1 -1 -1 -1 11 -1 -1 -1 -1 26 25 -1 15 -1 -1 12 17 28 -1 -1 -1 -1 -1 -1 -1 7 -1 -1 -1 -1 -1 -1 -1 -1 -1 -1 -1 -1 -1 10 -1 -1 -1 -1 22 -1 -1 -1 -1 -1 -1 -1 -1 21 -1 -1 -1 -1 -1 -1 -1 -1 20 19 18 -1 -1 
-1 -1 -1 3 4 5 6 -1 -1 30 -1 -1 1 -1 -1 -1 -1 -1 -1 -1 -1 -1 2 -1 -1 -1 -1 11 -1 -1 -1 -1 26 25 -1 15 -1 -1 12 17 28 -1 -1 -1 -1 -1 -1 -1 7 -1 -1 -1 -1 -1 10 -1 -1 -1 -1 -1 -1 -1 -1 -1 -1 -1 -1 22 -1 -1 -1 -1 -1 -1 -1 -1 21 -1 -1 -1 -1 -1 -1 -1 -1 20 19 18 -1 -1 
-1 -1 -1 3 4 5 6 -1 -1 30 -1 -1 1 -1 -1 -1 -1 -1 -1 -1 -1 -1 2 -1 -1 -1 -1 11 -1 -1 -1 28 26 25 -1 15 -1 -1 12 17 -1 -1 -1 -1 -1 -1 -1 -1 7 -1 -1 -1 -1 -1 10 -1 -1 -1 -1 -1 -1 -1 -1 -1 -1 -1 -1 22 -1 -1 -1 -1 -1 -1 -1 -1 21 -1 -1 -1 -1 -1 -1 -1 -1 20 19 18 -1 -1 
-1 -1 -1 3 4 5 6 -1 -1 30 -1 -1 1 -1 -1 -1 -1 -1 -1 -1 -1 -1 2 -1 -1 -1 -1 11 -1 -1 -1 28 26 25 -1 -1 -1 -1 12 17 -1 -1 -1 -1 15 -1 -1 -1 7 -1 -1 -1 -1 -1 10 -1 -1 -1 -1 -1 -1 -1 -1 -1 -1 -1 -1 22 -1 -1 -1 -1 -1 -1 -1 -1 21 -1 -1 -1 -1 -1 -1 -1 -1 20 19 18 -1 -1 
-1 -1 -1 3 4 5 6 -1 -1 30 -1 -1 1 -1 -1 -1 -1 -1 -1 -1 17 -1 2 -1 -1 -1 -1 11 -1 -1 -1 28 26 25 -1 -1 -1 -1 12 -1 -1 -1 -1 -1 15 -1 -1 -1 7 -1 -1 -1 -1 -1 10 -1 -1 -1 -1 -1 -1 -1 -1 -1 -1 -1 -1 22 -1 -1 -1 -1 -1 -1 -1 -1 21 -1 -1 -1 -1 -1 -1 -1 -1 20 19 18 -1 -1 
-1 -1 -1 -1 4 5 6 -1 -1 30 -1 -1 1 3 -1 -1 -1 -1 -1 -1 17 -1 2 -1 -1 -1 -1 11 -1 -1 -1 28 26 25 -1 -1 -1 -1 12 -1 -1 -1 -1 -1 15 -1 -1 -1 7 -1 -1 -1 -1 -1 10 -1 -1 -1 -1 -1 -1 -1 -1 -1 -1 -1 -1 22 -1 -1 -1 -1 -1 -1 -1 -1 21 -1 -1 -1 -1 -1 -1 -1 -1 20 19 18 -1 -1 
-1 -1 -1 -1 4 5 6 -1 -1 30 -1 -1 1 3 -1 -1 -1 -1 -1 -1 17 -1 2 -1 -1 -1 -1 11 -1 -1 28 -1 26 25 -1 -1 -1 -1 12 -1 -1 -1 -1 -1 15 -1 -1 -1 7 -1 -1 -1 -1 -1 10 -1 -1 -1 -1 -1 -1 -1 -1 -1 -1 -1 -1 22 -1 -1 -1 -1 -1 -1 -1 -1 21 -1 -1 -1 -1 -1 -1 -1 -1 20 19 18 -1 -1 
-1 -1 -1 -1 4 5 6 -1 -1 30 -1 -1 -1 3 -1 -1 -1 -1 -1 1 17 -1 2 -1 -1 -1 -1 11 -1 -1 28 -1 26 25 -1 -1 -1 -1 12 -1 -1 -1 -1 -1 15 -1 -1 -1 7 -1 -1 -1 -1 -1 10 -1 -1 -1 -1 -1 -1 -1 -1 -1 -1 -1 -1 22 -1 -1 -1 -1 -1 -1 -1 -1 21 -1 -1 -1 -1 -1 -1 -1 -1 20 19 18 -1 -1 
-1 -1 -1 -1 4 5 6 -1 -1 30 -1 -1 -1 3 -1 -1 -1 -1 -1 1 17 -1 2 -1 -1 -1 -1 26 -1 -1 28 -1 -1 25 -1 -1 -1 -1 12 -1 -1 -1 -1 -1 15 -1 -1 -1 7 -1 -1 -1 -1 -1 10 -1 -1 -1 -1 -1 -1 -1 -1 -1 -1 -1 -1 22 -1 -1 -1 -1 -1 -1 -1 -1 21 -1 -1 -1 -1 -1 -1 -1 -1 20 19 18 -1 -1 
-1 -1 -1 -1 4 5 6 -1 -1 30 -1 -1 -1 3 -1 -1 -1 -1 -1 1 17 -1 2 -1 -1 -1 -1 26 -1 -1 28 -1 -1 25 -1 -1 -1 -1 12 -1 -1 -1 -1 -1 15 -1 -1 -1 -1 -1 -1 -1 -1 -1 10 7 -1 -1 -1 -1 -1 -1 -1 -1 -1 -1 -1 22 -1 -1 -1 -1 -1 -1 -1 -1 21 -1 -1 -1 -1 -1 -1 -1 -1 20 19 18 -1 -1 
-1 -1 -1 -1 4 5 6 -1 -1 30 -1 -1 -1 3 -1 -1 -1 -1 -1 1 -1 -1 2 -1 -1 -1 -1 26 -1 -1 28 -1 -1 25 -1 -1 -1 17 12 -1 -1 -1 -1 -1 15 -1 -1 -1 -1 -1 -1 -1 -1 -1 10 7 -1 -1 -1 -1 -1 -1 -1 -1 -1 -1 -1 22 -1 -1 -1 -1 -1 -1 -1 -1 21 -1 -1 -1 -1 -1 -1 -1 -1 20 19 18 -1 -1 
-1 -1 -1 -1 4 5 6 -1 -1 30 -1 -1 -1 3 -1 -1 -1 -1 -1 1 -1 -1 2 -1 -1 -1 -1 26 -1 -1 28 -1 -1 25 -1 -1 -1 17 12 -1 -1 -1 -1 -1 15 10 -1 -1 -1 -1 -1 -1 -1 -1 -1 7 -1 -1 -1 -1 -1 -1 -1 -1 -1 -1 -1 22 -1 -1 -1 -1 -1 -1 -1 -1 21 -1 -1 -1 -1 -1 -1 -1 -1 20 19 18 -1 -1 
-1 -1 -1 -1 4 5 6 -1 -1 30 -1 -1 -1 3 -1 -1 -1 -1 -1 1 -1 -1 2 -1 -1 -1 -1 26 -1 28 -1 -1 -1 25 -1 -1 -1 17 12 -1 -1 -1 -1 -1 15 10 -1 -1 -1 -1 -1 -1 -1 -1 -1 7 -1 -1 -1 -1 -1 -1 -1 -1 -1 -1 -1 22 -1 -1 -1 -1 -1 -1 -1 -1 21 -1 -1 -1 -1 -1 -1 -1 -1 20 19 18 -1 -1 
-1 -1 -1 -1 4 5 6 -1 -1 30 -1 -1 -1 3 -1 -1 -1 -1 -1 1 -1 -1 2 -1 -1 -1 -1 26 -1 28 -1 -1 -1 25 -1 -1 -1 17 12 -1 -1 -1 -1 -1 15 10 -1 -1 -1 -1 -1 -1 -1 -1 -1 -1 -1 -1 -1 -1 -1 -1 -1 -1 -1 -1 -1 22 -1 -1 -1 -1 -1 -1 7 -1 21 -1 -1 -1 -1 -1 -1 -1 -1 20 19 18 -1 -1 
-1 -1 -1 -1 4 5 6 -1 -1 30 -1 -1 -1 3 -1 -1 -1 -1 -1 1 -1 -1 2 -1 -1 -1 -1 26 -1 28 -1 -1 -1 25 -1 -1 -1 17 12 -1 -1 -1 -1 -1 15 10 -1 -1 -1 -1 -1 -1 -1 -1 -1 -1 -1 -1 -1 -1 -1 -1 -1 -1 -1 -1 -1 22 -1 -1 -1 -1 -1 -1 7 -1 21 -1 -1 -1 -1 -1 -1 -1 20 -1 19 18 -1 -1 
-1 -1 -1 -1 4 5 6 -1 -1 30 -1 -1 -1 3 -1 -1 -1 -1 -1 1 -1 -1 2 -1 -1 -1 -1 26 -1 28 -1 -1 -1 25 -1 -1 -1 17 12 -1 -1 -1 -1 -1 15 -1 -1 -1 10 -1 -1 -1 -1 -1 -1 -1 -1 -1 -1 -1 -1 -1 -1 -1 -1 -1 -1 22 -1 -1 -1 -1 -1 -1 7 -1 21 -1 -1 -1 -1 -1 -1 -1 20 -1 19 18 -1 -1 
-1 -1 -1 -1 4 5 6 -1 -1 30 -1 -1 -1 3 -1 -1 -1 -1 -1 1 28 -1 2 -1 -1 -1 -1 26 -1 -1 -1 -1 -1 25 -1 -1 -1 17 12 -1 -1 -1 -1 -1 15 -1 -1 -1 10 -1 -1 -1 -1 -1 -1 -1 -1 -1 -1 -1 -1 -1 -1 -1 -1 -1 -1 22 -1 -1 -1 -1 -1 -1 7 -1 21 -1 -1 -1 -1 -1 -1 -1 20 -1 19 18 -1 -1 
-1 -1 -1 -1 4 5 6 -1 -1 30 -1 -1 -1 3 -1 -1 -1 -1 -1 1 28 -1 2 -1 -1 -1 -1 26 -1 -1 -1 -1 -1 25 -1 -1 -1 17 12 -1 -1 -1 -1 -1 15 -1 -1 -1 10 -1 -1 -1 -1 -1 -1 -1 -1 7 -1 -1 -1 -1 -1 -1 -1 -1 -1 22 -1 -1 -1 -1 -1 -1 -1 -1 21 -1 -1 -1 -1 -1 -1 -1 20 -1 19 18 -1 -1 
-1 -1 -1 -1 4 5 6 -1 -1 30 -1 -1 -1 3 -1 -1 -1 -1 -1 1 28 -1 2 -1 -1 -1 -1 26 -1 -1 -1 -1 -1 25 -1 -1 -1 17 12 -1 -1 -1 -1 -1 15 -1 -1 -1 10 -1 -1 -1 -1 -1 -1 -1 -1 7 -1 -1 -1 -1 -1 -1 -1 -1 -1 22 -1 -1 -1 -1 -1 -1 -1 -1 21 -1 -1 -1 -1 -1 -1 -1 -1 20 19 18 -1 -1 
-1 -1 -1 -1 4 5 6 -1 -1 30 -1 -1 -1 3 -1 -1 -1 -1 -1 1 28 -1 2 -1 -1 -1 -1 26 -1 -1 -1 -1 -1 25 -1 -1 -1 17 12 10 -1 -1 -1 -1 15 -1 -1 -1 -1 -1 -1 -1 -1 -1 -1 -1 -1 7 -1 -1 -1 -1 -1 -1 -1 -1 -1 22 -1 -1 -1 -1 -1 -1 -1 -1 21 -1 -1 -1 -1 -1 -1 -1 -1 20 19 18 -1 -1 
-1 -1 -1 -1 4 5 6 -1 -1 30 -1 -1 -1 3 -1 -1 -1 -1 17 1 28 -1 2 -1 -1 -1 -1 26 -1 -1 -1 -1 -1 25 -1 -1 -1 -1 12 10 -1 -1 -1 -1 15 -1 -1 -1 -1 -1 -1 -1 -1 -1 -1 -1 -1 7 -1 -1 -1 -1 -1 -1 -1 -1 -1 22 -1 -1 -1 -1 -1 -1 -1 -1 21 -1 -1 -1 -1 -1 -1 -1 -1 20 19 18 -1 -1 
-1 -1 2 -1 4 5 6 -1 -1 30 -1 -1 -1 3 -1 -1 -1 -1 17 1 28 -1 -1 -1 -1 -1 -1 26 -1 -1 -1 -1 -1 25 -1 -1 -1 -1 12 10 -1 -1 -1 -1 15 -1 -1 -1 -1 -1 -1 -1 -1 -1 -1 -1 -1 7 -1 -1 -1 -1 -1 -1 -1 -1 -1 22 -1 -1 -1 -1 -1 -1 -1 -1 21 -1 -1 -1 -1 -1 -1 -1 -1 20 19 18 -1 -1 
-1 17 2 -1 4 5 6 -1 -1 30 -1 -1 -1 3 -1 -1 -1 -1 -1 1 28 -1 -1 -1 -1 -1 -1 26 -1 -1 -1 -1 -1 25 -1 -1 -1 -1 12 10 -1 -1 -1 -1 15 -1 -1 -1 -1 -1 -1 -1 -1 -1 -1 -1 -1 7 -1 -1 -1 -1 -1 -1 -1 -1 -1 22 -1 -1 -1 -1 -1 -1 -1 -1 21 -1 -1 -1 -1 -1 -1 -1 -1 20 19 18 -1 -1 
-1 17 2 -1 4 5 6 -1 -1 30 -1 -1 -1 3 -1 -1 -1 -1 -1 -1 28 -1 -1 -1 -1 -1 -1 26 -1 -1 -1 -1 -1 25 -1 -1 1 -1 12 10 -1 -1 -1 -1 15 -1 -1 -1 -1 -1 -1 -1 -1 -1 -1 -1 -1 7 -1 -1 -1 -1 -1 -1 -1 -1 -1 22 -1 -1 -1 -1 -1 -1 -1 -1 21 -1 -1 -1 -1 -1 -1 -1 -1 20 19 18 -1 -1 
-1 17 2 -1 4 5 6 -1 -1 30 -1 28 -1 3 -1 -1 -1 -1 -1 -1 -1 -1 -1 -1 -1 -1 -1 26 -1 -1 -1 -1 -1 25 -1 -1 1 -1 12 10 -1 -1 -1 -1 15 -1 -1 -1 -1 -1 -1 -1 -1 -1 -1 -1 -1 7 -1 -1 -1 -1 -1 -1 -1 -1 -1 22 -1 -1 -1 -1 -1 -1 -1 -1 21 -1 -1 -1 -1 -1 -1 -1 -1 20 19 18 -1 -1 
-1 17 2 -1 4 5 6 -1 -1 30 -1 28 -1 3 -1 -1 -1 -1 -1 -1 -1 -1 -1 -1 -1 -1 -1 26 -1 -1 -1 -1 -1 25 -1 -1 -1 -1 12 10 -1 -1 -1 -1 15 -1 -1 -1 -1 -1 -1 -1 -1 -1 -1 1 -1 7 -1 -1 -1 -1 -1 -1 -1 -1 -1 22 -1 -1 -1 -1 -1 -1 -1 -1 21 -1 -1 -1 -1 -1 -1 -1 -1 20 19 18 -1 -1 
-1 17 2 -1 4 5 6 -1 -1 30 -1 28 -1 3 -1 -1 -1 -1 -1 -1 -1 -1 -1 -1 -1 -1 -1 26 -1 -1 -1 -1 -1 25 -1 -1 -1 -1 12 10 -1 -1 -1 -1 15 -1 -1 -1 -1 -1 -1 -1 -1 -1 -1 1 -1 7 -1 -1 -1 -1 -1 -1 -1 -1 21 22 -1 -1 -1 -1 -1 -1 -1 -1 -1 -1 -1 -1 -1 -1 -1 -1 -1 20 19 18 -1 -1 
-1 17 2 -1 4 5 6 -1 -1 30 -1 28 -1 3 -1 -1 -1 -1 -1 -1 -1 -1 -1 -1 -1 -1 -1 26 -1 -1 -1 -1 -1 25 -1 -1 -1 -1 12 10 -1 -1 -1 -1 15 -1 -1 -1 -1 -1 -1 -1 -1 -1 -1 -1 -1 7 -1 -1 -1 -1 -1 -1 -1 -1 21 22 -1 -1 -1 -1 -1 -1 1 -1 -1 -1 -1 -1 -1 -1 -1 -1 -1 20 19 18 -1 -1 
-1 17 2 -1 4 5 6 -1 -1 30 -1 28 -1 3 -1 -1 -1 -1 -1 -1 -1 -1 -1 -1 -1 -1 -1 26 -1 -1 -1 -1 -1 25 -1 -1 -1 -1 12 10 -1 -1 -1 -1 15 -1 -1 -1 -1 -1 -1 -1 -1 -1 -1 -1 -1 7 -1 -1 -1 -1 -1 -1 -1 -1 21 22 -1 -1 -1 -1 -1 -1 1 -1 20 -1 -1 -1 -1 -1 -1 -1 -1 -1 19 18 -1 -1 
-1 17 2 -1 4 5 6 -1 -1 30 -1 28 -1 3 -1 -1 -1 -1 -1 -1 -1 -1 -1 -1 -1 -1 -1 26 -1 -1 -1 -1 -1 25 -1 -1 -1 -1 12 10 -1 -1 -1 -1 15 -1 -1 -1 -1 -1 7 -1 -1 -1 -1 -1 -1 -1 -1 -1 -1 -1 -1 -1 -1 -1 21 22 -1 -1 -1 -1 -1 -1 1 -1 20 -1 -1 -1 -1 -1 -1 -1 -1 -1 19 18 -1 -1 
-1 -1 2 -1 4 5 6 -1 -1 30 -1 28 -1 3 -1 -1 -1 -1 -1 -1 17 -1 -1 -1 -1 -1 -1 26 -1 -1 -1 -1 -1 25 -1 -1 -1 -1 12 10 -1 -1 -1 -1 15 -1 -1 -1 -1 -1 7 -1 -1 -1 -1 -1 -1 -1 -1 -1 -1 -1 -1 -1 -1 -1 21 22 -1 -1 -1 -1 -1 -1 1 -1 20 -1 -1 -1 -1 -1 -1 -1 -1 -1 19 18 -1 -1 
-1 -1 -1 -1 4 5 6 -1 -1 30 -1 28 -1 3 -1 -1 -1 -1 2 -1 17 -1 -1 -1 -1 -1 -1 26 -1 -1 -1 -1 -1 25 -1 -1 -1 -1 12 10 -1 -1 -1 -1 15 -1 -1 -1 -1 -1 7 -1 -1 -1 -1 -1 -1 -1 -1 -1 -1 -1 -1 -1 -1 -1 21 22 -1 -1 -1 -1 -1 -1 1 -1 20 -1 -1 -1 -1 -1 -1 -1 -1 -1 19 18 -1 -1 
-1 -1 -1 -1 4 5 6 -1 -1 30 -1 28 -1 3 -1 -1 -1 -1 2 -1 17 -1 -1 -1 -1 -1 -1 26 -1 -1 -1 -1 -1 -1 -1 -1 -1 -1 12 10 -1 -1 -1 -1 15 -1 -1 -1 -1 -1 7 -1 -1 -1 -1 -1 -1 -1 -1 -1 -1 -1 -1 -1 -1 -1 21 22 -1 -1 -1 -1 -1 -1 1 -1 20 -1 25 -1 -1 -1 -1 -1 -1 -1 19 18 -1 -1 
-1 -1 -1 -1 4 5 6 -1 -1 30 -1 28 -1 3 -1 -1 -1 -1 2 -1 17 -1 -1 -1 -1 -1 -1 26 -1 -1 -1 -1 -1 -1 -1 -1 -1 -1 12 -1 10 -1 -1 -1 15 -1 -1 -1 -1 -1 7 -1 -1 -1 -1 -1 -1 -1 -1 -1 -1 -1 -1 -1 -1 -1 21 22 -1 -1 -1 -1 -1 -1 1 -1 20 -1 25 -1 -1 -1 -1 -1 -1 -1 19 18 -1 -1 
-1 -1 -1 -1 4 5 6 -1 -1 30 -1 28 -1 3 -1 -1 -1 -1 2 -1 17 -1 -1 -1 -1 -1 -1 26 -1 -1 -1 -1 -1 -1 -1 -1 -1 -1 12 -1 10 -1 -1 -1 15 -1 -1 -1 -1 -1 7 -1 -1 -1 -1 -1 -1 -1 -1 -1 -1 -1 -1 -1 -1 -1 21 22 -1 -1 -1 -1 -1 -1 1 20 -1 -1 25 -1 -1 -1 -1 -1 -1 -1 19 18 -1 -1 
-1 -1 -1 -1 4 5 6 -1 -1 30 -1 28 -1 3 -1 -1 -1 -1 2 -1 17 -1 -1 -1 -1 -1 -1 26 -1 -1 -1 -1 -1 -1 -1 -1 -1 -1 12 -1 10 -1 -1 -1 15 -1 -1 -1 -1 -1 7 -1 -1 -1 -1 -1 -1 -1 -1 -1 -1 -1 -1 1 -1 -1 21 22 -1 -1 -1 -1 -1 -1 -1 20 -1 -1 25 -1 -1 -1 -1 -1 -1 -1 19 18 -1 -1 
-1 -1 -1 -1 4 5 6 -1 -1 30 -1 28 -1 3 -1 -1 -1 -1 2 -1 17 -1 -1 -1 -1 -1 -1 -1 -1 26 -1 -1 -1 -1 -1 -1 -1 -1 12 -1 10 -1 -1 -1 15 -1 -1 -1 -1 -1 7 -1 -1 -1 -1 -1 -1 -1 -1 -1 -1 -1 -1 1 -1 -1 21 22 -1 -1 -1 -1 -1 -1 -1 20 -1 -1 25 -1 -1 -1 -1 -1 -1 -1 19 18 -1 -1 
-1 -1 -1 -1 4 5 6 -1 -1 30 -1 28 -1 3 -1 -1 -1 -1 2 -1 17 -1 -1 -1 -1 -1 -1 -1 -1 26 -1 -1 -1 -1 -1 -1 -1 -1 12 -1 10 -1 -1 -1 15 -1 -1 -1 -1 -1 7 -1 -1 -1 -1 -1 -1 9 -1 -1 -1 -1 -1 1 -1 -1 21 22 -1 -1 -1 -1 -1 -1 -1 20 -1 -1 25 -1 -1 -1 -1 -1 -1 -1 19 18 -1 -1 
-1 -1 -1 -1 4 5 6 -1 -1 30 -1 28 -1 3 -1 -1 -1 -1 2 -1 17 -1 -1 -1 -1 -1 -1 -1 -1 26 -1 -1 -1 -1 -1 -1 -1 -1 12 -1 10 -1 -1 -1 15 -1 -1 -1 -1 -1 7 -1 -1 -1 -1 -1 -1 9 -1 -1 -1 -1 -1 1 -1 -1 21 22 -1 -1 -1 -1 -1 -1 -1 -1 20 -1 25 -1 -1 -1 -1 -1 -1 -1 19 18 -1 -1 
-1 -1 -1 -1 4 5 6 -1 -1 30 -1 28 -1 -1 -1 -1 -1 -1 2 -1 17 3 -1 -1 -1 -1 -1 -1 -1 26 -1 -1 -1 -1 -1 -1 -1 -1 12 -1 10 -1 -1 -1 15 -1 -1 -1 -1 -1 7 -1 -1 -1 -1 -1 -1 9 -1 -1 -1 -1 -1 1 -1 -1 21 22 -1 -1 -1 -1 -1 -1 -1 -1 20 -1 25 -1 -1 -1 -1 -1 -1 -1 19 18 -1 -1 
-1 -1 -1 -1 4 5 6 -1 -1 30 -1 28 -1 -1 -1 -1 -1 -1 2 -1 17 3 -1 -1 -1 -1 -1 -1 26 -1 -1 -1 -1 -1 -1 -1 -1 -1 12 -1 10 -1 -1 -1 15 -1 -1 -1 -1 -1 7 -1 -1 -1 -1 -1 -1 9 -1 -1 -1 -1 -1 1 -1 -1 21 22 -1 -1 -1 -1 -1 -1 -1 -1 20 -1 25 -1 -1 -1 -1 -1 -1 -1 19 18 -1 -1 
-1 -1 -1 -1 4 5 6 -1 -1 30 -1 28 -1 -1 -1 -1 -1 -1 2 -1 17 3 -1 -1 -1 -1 -1 -1 26 -1 -1 -1 -1 -1 -1 -1 -1 -1 12 -1 10 -1 -1 -1 15 -1 -1 -1 -1 -1 7 -1 -1 -1 -1 -1 1 9 -1 -1 -1 -1 -1 -1 -1 -1 21 22 -1 -1 -1 -1 -1 -1 -1 -1 20 -1 25 -1 -1 -1 -1 -1 -1 -1 19 18 -1 -1 
-1 -1 -1 -1 4 5 6 -1 -1 30 -1 28 -1 -1 -1 -1 -1 -1 2 -1 17 3 -1 -1 -1 -1 -1 -1 26 -1 -1 -1 -1 -1 -1 -1 -1 -1 12 -1 10 -1 -1 -1 15 -1 -1 -1 -1 -1 7 -1 -1 -1 -1 -1 1 9 -1 -1 -1 -1 -1 -1 -1 -1 21 22 -1 -1 -1 -1 -1 -1 -1 -1 -1 -1 25 -1 -1 -1 -1 -1 -1 20 19 18 -1 -1 
-1 -1 -1 -1 4 5 6 -1 -1 30 -1 28 -1 -1 -1 -1 -1 -1 2 -1 17 3 -1 -1 -1 -1 -1 -1 26 -1 -1 -1 -1 -1 -1 -1 -1 -1 12 -1 10 -1 -1 -1 15 -1 -1 -1 -1 -1 7 -1 -1 -1 -1 -1 1 -1 9 -1 -1 -1 -1 -1 -1 -1 21 22 -1 -1 -1 -1 -1 -1 -1 -1 -1 -1 25 -1 -1 -1 -1 -1 -1 20 19 18 -1 -1 
-1 -1 -1 -1 4 5 6 -1 -1 30 -1 28 -1 -1 -1 -1 -1 -1 2 -1 17 3 -1 -1 -1 -1 -1 -1 26 -1 -1 -1 -1 -1 -1 -1 -1 -1 12 -1 10 -1 -1 -1 15 -1 -1 -1 -1 -1 7 -1 -1 -1 -1 -1 1 -1 9 -1 -1 -1 -1 -1 -1 -1 21 22 -1 -1 -1 -1 -1 -1 -1 -1 25 -1 -1 -1 -1 -1 -1 -1 -1 20 19 18 -1 -1 
-1 -1 -1 -1 4 5 6 -1 -1 30 -1 28 -1 -1 -1 -1 -1 -1 2 -1 17 3 -1 -1 -1 -1 -1 -1 26 -1 -1 -1 -1 -1 -1 -1 -1 -1 12 -1 10 -1 -1 -1 15 -1 -1 -1 -1 -1 7 -1 -1 -1 -1 -1 1 -1 -1 -1 -1 -1 -1 -1 -1 -1 21 22 -1 -1 -1 -1 -1 -1 -1 -1 25 -1 -1 -1 -1 -1 -1 -1 -1 20 19 18 -1 -1 
-1 -1 -1 -1 4 5 6 -1 -1 30 -1 28 -1 -1 -1 -1 -1 -1 2 -1 17 3 -1 -1 -1 -1 -1 -1 26 -1 -1 -1 -1 -1 -1 -1 -1 -1 12 -1 10 -1 -1 -1 15 -1 -1 -1 -1 -1 7 -1 -1 -1 -1 -1 1 -1 -1 -1 -1 -1 -1 -1 -1 -1 21 22 -1 -1 -1 -1 -1 -1 -1 -1 19 -1 -1 -1 -1 -1 -1 -1 -1 20 -1 18 -1 -1 
-1 -1 -1 -1 4 5 6 -1 -1 30 -1 28 -1 -1 -1 -1 -1 -1 2 -1 17 3 -1 -1 -1 -1 -1 -1 26 -1 -1 -1 -1 -1 -1 -1 -1 -1 12 7 10 -1 -1 -1 15 -1 -1 -1 -1 -1 -1 -1 -1 -1 -1 -1 1 -1 -1 -1 -1 -1 -1 -1 -1 -1 21 22 -1 -1 -1 -1 -1 -1 -1 -1 19 -1 -1 -1 -1 -1 -1 -1 -1 20 -1 18 -1 -1 
-1 -1 -1 -1 4 5 6 -1 -1 17 -1 28 -1 -1 -1 -1 -1 -1 2 -1 -1 3 -1 -1 -1 -1 -1 -1 26 -1 -1 -1 -1 -1 -1 -1 -1 -1 12 7 10 -1 -1 -1 15 -1 -1 -1 -1 -1 -1 -1 -1 -1 -1 -1 1 -1 -1 -1 -1 -1 -1 -1 -1 -1 21 22 -1 -1 -1 -1 -1 -1 -1 -1 19 -1 -1 -1 -1 -1 -1 -1 -1 20 -1 18 -1 -1 
-1 -1 -1 -1 4 5 6 -1 -1 17 -1 28 -1 -1 -1 -1 -1 -1 2 -1 -1 3 -1 -1 -1 -1 -1 -1 26 -1 -1 -1 -1 -1 -1 -1 -1 -1 12 7 10 -1 -1 -1 15 1 -1 -1 -1 -1 -1 -1 -1 -1 -1 -1 -1 -1 -1 -1 -1 -1 -1 -1 -1 -1 21 22 -1 -1 -1 -1 -1 -1 -1 -1 19 -1 -1 -1 -1 -1 -1 -1 -1 20 -1 18 -1 -1 
-1 26 -1 -1 4 5 6 -1 -1 17 -1 28 -1 -1 -1 -1 -1 -1 2 -1 -1 3 -1 -1 -1 -1 -1 -1 -1 -1 -1 -1 -1 -1 -1 -1 -1 -1 12 7 10 -1 -1 -1 15 1 -1 -1 -1 -1 -1 -1 -1 -1 -1 -1 -1 -1 -1 -1 -1 -1 -1 -1 -1 -1 21 22 -1 -1 -1 -1 -1 -1 -1 -1 19 -1 -1 -1 -1 -1 -1 -1 -1 20 -1 18 -1 -1 
-1 26 -1 -1 -1 5 6 -1 -1 17 -1 28 -1 4 -1 -1 -1 -1 2 -1 -1 3 -1 -1 -1 -1 -1 -1 -1 -1 -1 -1 -1 -1 -1 -1 -1 -1 12 7 10 -1 -1 -1 15 1 -1 -1 -1 -1 -1 -1 -1 -1 -1 -1 -1 -1 -1 -1 -1 -1 -1 -1 -1 -1 21 22 -1 -1 -1 -1 -1 -1 -1 -1 19 -1 -1 -1 -1 -1 -1 -1 -1 20 -1 18 -1 -1 
