0 1 2 3 4 5 6 7 8 30 -1 -1 -1 -1 -1 -1 -1 -1 -1 9 -1 -1 -1 -1 -1 10 -1 11 -1 12 -1 13 -1 14 -1 15 -1 -1 -1 -1 -1 -1 -1 -1 -1 -1 -1 -1 -1 -1 -1 -1 -1 -1 -1 -1 -1 -1 29 -1 28 -1 27 -1 26 -1 -1 25 -1 -1 -1 -1 -1 -1 -1 -1 -1 -1 -1 -1 -1 24 23 22 21 20 19 18 17 16 
0 -1 2 3 4 5 6 7 8 30 -1 -1 -1 -1 -1 -1 -1 -1 -1 9 1 -1 -1 -1 -1 10 -1 11 -1 12 -1 13 -1 14 -1 15 -1 -1 -1 -1 -1 -1 -1 -1 -1 -1 -1 -1 -1 -1 -1 -1 -1 -1 -1 -1 -1 -1 29 -1 28 -1 27 -1 26 -1 -1 25 -1 -1 -1 -1 -1 -1 -1 -1 -1 -1 -1 -1 -1 24 23 22 21 20 19 18 17 16 
0 -1 2 3 4 5 6 7 8 30 -1 -1 -1 -1 -1 -1 -1 -1 -1 9 1 -1 -1 -1 -1 10 -1 11 -1 12 -1 13 -1 14 -1 15 -1 -1 -1 -1 -1 -1 -1 -1 -1 -1 -1 -1 -1 -1 -1 -1 -1 -1 -1 -1 -1 -1 29 -1 28 -1 27 -1 26 -1 -1 25 -1 17 -1 -1 -1 -1 -1 -1 -1 -1 -1 -1 -1 24 23 22 21 20 19 18 -1 16 
0 -1 2 3 4 5 6 7 8 30 -1 -1 -1 -1 -1 -1 -1 -1 -1 9 1 -1 -1 10 -1 -1 -1 11 -1 12 -1 13 -1 14 -1 15 -1 -1 -1 -1 -1 -1 -1 -1 -1 -1 -1 -1 -1 -1 -1 -1 -1 -1 -1 -1 -1 -1 29 -1 28 -1 27 -1 26 -1 -1 25 -1 17 -1 -1 -1 -1 -1 -1 -1 -1 -1 -1 -1 24 23 22 21 20 19 18 -1 16 
0 -1 2 3 4 5 6 7 8 30 -1 -1 -1 -1 -1 -1 -1 -1 -1 9 1 -1 -1 10 -1 -1 -1 11 -1 12 -1 13 -1 14 -1 15 -1 -1 -1 -1 -1 -1 -1 -1 -1 -1 -1 -1 -1 -1 -1 28 -1 -1 -1 -1 -1 -1 29 -1 -1 -1 27 -1 26 -1 -1 25 -1 17 -1 -1 -1 -1 -1 -1 -1 -1 -1 -1 -1 24 23 22 21 20 19 18 -1 16 
0 -1 2 3 4 5 6 7 8 30 -1 -1 -1 -1 -1 -1 -1 -1 -1 9 1 -1 -1 10 -1 -1 -1 11 -1 -1 -1 13 -1 14 -1 15 -1 -1 12 -1 -1 -1 -1 -1 -1 -1 -1 -1 -1 -1 -1 28 -1 -1 -1 -1 -1 -1 29 -1 -1 -1 27 -1 26 -1 -1 25 -1 17 -1 -1 -1 -1 -1 -1 -1 -1 -1 -1 -1 24 23 22 21 20 19 18 -1 16 
0 -1 2 3 4 5 6 7 8 30 -1 -1 -1 -1 -1 -1 -1 -1 -1 9 1 -1 -1 10 -1 -1 -1 11 -1 -1 -1 13 -1 14 -1 15 -1 -1 12 -1 -1 -1 -1 -1 -1 -1 -1 -1 -1 -1 -1 28 -1 -1 -1 -1 -1 -1 29 -1 -1 -1 27 23 26 -1 -1 25 -1 17 -1 -1 -1 -1 -1 -1 -1 -1 -1 -1 -1 24 -1 22 21 20 19 18 -1 16 
0 -1 2 3 4 5 6 7 -1 30 -1 -1 -1 -1 -1 -1 -1 8 -1 9 1 -1 -1 10 -1 -1 -1 11 -1 -1 -1 13 -1 14 -1 15 -1 -1 12 -1 -1 -1 -1 -1 -1 -1 -1 -1 -1 -1 -1 28 -1 -1 -1 -1 -1 -1 29 -1 -1 -1 27 23 26 -1 -1 25 -1 17 -1 -1 -1 -1 -1 -1 -1 -1 -1 -1 -1 24 -1 22 21 20 19 18 -1 16 
0 -1 2 3 4 5 6 7 -1 30 -1 -1 -1 -1 -1 -1 -1 8 -1 9 1 -1 -1 10 -1 -1 -1 11 -1 -1 -1 13 -1 14 -1 15 -1 -1 12 -1 -1 -1 -1 -1 -1 -1 -1 -1 -1 -1 -1 28 -1 -1 -1 -1 -1 -1 29 -1 -1 -1 27 23 -1 26 -1 25 -1 17 -1 -1 -1 -1 -1 -1 -1 -1 -1 -1 -1 24 -1 22 21 20 19 18 -1 16 
0 -1 -1 3 4 5 6 7 -1 30 -1 -1 -1 -1 -1 -1 -1 8 -1 9 1 -1 2 10 -1 -1 -1 11 -1 -1 -1 13 -1 14 -1 15 -1 -1 12 -1 -1 -1 -1 -1 -1 -1 -1 -1 -1 -1 -1 28 -1 -1 -1 -1 -1 -1 29 -1 -1 -1 27 23 -1 26 -1 25 -1 17 -1 -1 -1 -1 -1 -1 -1 -1 -1 -1 -1 24 -1 22 21 20 19 18 -1 16 
0 -1 -1 3 4 5 6 7 -1 30 -1 -1 -1 -1 -1 -1 -1 8 -1 9 1 -1 2 10 -1 -1 -1 11 -1 -1 -1 13 -1 14 -1 15 -1 -1 12 -1 -1 -1 -1 -1 -1 -1 -1 -1 -1 -1 -1 28 -1 -1 -1 -1 -1 -1 29 -1 -1 -1 27 23 -1 26 -1 25 -1 17 -1 -1 -1 -1 -1 -1 -1 -1 -1 -1 -1 -1 24 22 21 20 19 18 -1 16 
-1 0 -1 3 4 5 6 7 -1 30 -1 -1 -1 -1 -1 -1 -1 8 -1 9 1 -1 2 10 -1 -1 -1 11 -1 -1 -1 13 -1 14 -1 15 -1 -1 12 -1 -1 -1 -1 -1 -1 -1 -1 -1 -1 -1 -1 28 -1 -1 -1 -1 -1 -1 29 -1 -1 -1 27 23 -1 26 -1 25 -1 17 -1 -1 -1 -1 -1 -1 -1 -1 -1 -1 -1 -1 24 22 21 20 19 18 -1 16 
-1 0 -1 3 4 5 6 7 -1 30 -1 -1 -1 -1 -1 -1 -1 8 -1 9 1 -1 2 10 -1 -1 -1 11 -1 -1 -1 13 -1 14 -1 15 -1 -1 12 -1 -1 -1 -1 -1 -1 -1 24 -1 -1 -1 -1 28 -1 -1 -1 -1 -1 -1 29 -1 -1 -1 27 23 -1 26 -1 25 -1 17 -1 -1 -1 -1 -1 -1 -1 -1 -1 -1 -1 -1 -1 22 21 20 19 18 -1 16 
-1 0 -1 3 4 5 6 7 -1 30 -1 -1 8 -1 -1 -1 -1 -1 -1 9 1 -1 2 10 -1 -1 -1 11 -1 -1 -1 13 -1 14 -1 15 -1 -1 12 -1 -1 -1 -1 -1 -1 -1 24 -1 -1 -1 -1 28 -1 -1 -1 -1 -1 -1 29 -1 -1 -1 27 23 -1 26 -1 25 -1 17 -1 -1 -1 -1 -1 -1 -1 -1 -1 -1 -1 -1 -1 22 21 20 19 18 -1 16 
-1 0 -1 3 4 5 6 7 -1 30 -1 -1 8 -1 -1 -1 -1 -1 -1 9 1 -1 2 10 -1 -1 -1 11 -1 -1 -1 13 -1 14 -1 15 -1 -1 12 -1 -1 -1 -1 -1 -1 -1 24 -1 -1 -1 -1 28 -1 -1 -1 -1 -1 -1 29 -1 -1 -1 27 23 -1 26 -1 25 -1 17 -1 -1 -1 -1 -1 -1 19 -1 -1 -1 -1 -1 -1 22 21 20 -1 18 -1 16 
-1 0 -1 -1 4 5 6 7 -1 30 -1 -1 8 3 -1 -1 -1 -1 -1 9 1 -1 2 10 -1 -1 -1 11 -1 -1 -1 13 -1 14 -1 15 -1 -1 12 -1 -1 -1 -1 -1 -1 -1 24 -1 -1 -1 -1 28 -1 -1 -1 -1 -1 -1 29 -1 -1 -1 27 23 -1 26 -1 25 -1 17 -1 -1 -1 -1 -1 -1 19 -1 -1 -1 -1 -1 -1 22 21 20 -1 18 -1 16 
-1 0 -1 -1 4 5 6 7 -1 30 -1 -1 8 3 -1 -1 -1 -1 -1 9 1 -1 2 10 -1 -1 -1 11 -1 -1 -1 13 -1 14 -1 15 -1 -1 12 -1 -1 -1 -1 -1 -1 31 24 -1 -1 -1 -1 28 -1 -1 -1 -1 -1 -1 29 -1 -1 -1 27 23 -1 26 -1 25 -1 17 -1 -1 -1 -1 -1 -1 19 -1 -1 -1 -1 -1 -1 22 21 20 -1 18 -1 16 
-1 0 -1 -1 4 5 6 -1 -1 30 -1 -1 8 3 -1 -1 -1 -1 -1 9 1 -1 2 10 -1 -1 7 11 -1 -1 -1 13 -1 14 -1 15 -1 -1 12 -1 -1 -1 -1 -1 -1 31 24 -1 -1 -1 -1 28 -1 -1 -1 -1 -1 -1 29 -1 -1 -1 27 23 -1 26 -1 25 -1 17 -1 -1 -1 -1 -1 -1 19 -1 -1 -1 -1 -1 -1 22 21 20 -1 18 -1 16 
-1 0 -1 -1 4 5 6 -1 -1 30 -1 -1 8 3 -1 -1 -1 -1 -1 9 1 -1 2 10 -1 -1 7 11 -1 -1 -1 13 -1 14 -1 15 -1 -1 12 -1 -1 -1 -1 -1 -1 31 24 -1 -1 -1 -1 28 -1 -1 -1 -1 -1 -1 29 -1 -1 -1 27 23 -1 26 -1 25 -1 17 -1 -1 -1 -1 -1 -1 19 -1 -1 -1 -1 -1 -1 22 21 20 -1 18 16 -1 
-1 0 -1 -1 4 5 6 -1 -1 30 -1 -1 8 3 -1 -1 -1 -1 -1 9 1 -1 2 10 -1 -1 7 11 -1 -1 -1 13 -1 14 -1 -1 -1 -1 12 -1 -1 -1 -1 -1 15 31 24 -1 -1 -1 -1 28 -1 -1 -1 -1 -1 -1 29 -1 -1 -1 27 23 -1 26 -1 25 -1 17 -1 -1 -1 -1 -1 -1 19 -1 -1 -1 -1 -1 -1 22 21 20 -1 18 16 -1 
-1 0 -1 -1 4 5 6 -1 -1 30 -1 -1 8 3 -1 -1 -1 -1 -1 9 1 -1 2 10 -1 -1 7 11 -1 -1 -1 13 -1 14 -1 -1 -1 -1 12 -1 -1 -1 -1 -1 15 31 24 -1 -1 -1 -1 28 -1 -1 -1 -1 -1 -1 29 -1 -1 16 27 23 -1 26 -1 25 -1 17 -1 -1 -1 -1 -1 -1 19 -1 -1 -1 -1 -1 -1 22 21 20 -1 18 -1 -1 
-1 0 -1 -1 4 5 6 -1 -1 30 -1 -1 -1 3 -1 -1 -1 -1 -1 9 1 -1 2 10 -1 -1 7 11 -1 -1 8 13 -1 14 -1 -1 -1 -1 12 -1 -1 -1 -1 -1 15 31 24 -1 -1 -1 -1 28 -1 -1 -1 -1 -1 -1 29 -1 -1 16 27 23 -1 26 -1 25 -1 17 -1 -1 -1 -1 -1 -1 19 -1 -1 -1 -1 -1 -1 22 21 20 -1 18 -1 -1 
-1 0 -1 -1 4 5 6 -1 -1 30 -1 -1 -1 3 -1 -1 -1 -1 -1 9 1 -1 2 10 -1 -1 7 11 -1 -1 8 13 -1 14 -1 -1 -1 -1 12 -1 -1 -1 -1 -1 15 31 24 30 -1 -1 -1 28 -1 -1 -1 -1 -1 -1 29 -1 -1 16 27 23 -1 26 -1 25 -1 17 -1 -1 -1 -1 -1 -1 19 -1 -1 -1 -1 -1 -1 22 21 20 -1 18 -1 -1 
-1 0 -1 -1 4 5 6 -1 -1 30 -1 -1 -1 3 -1 -1 -1 -1 -1 9 1 -1 2 10 -1 -1 7 11 -1 -1 8 13 -1 14 -1 -1 -1 -1 -1 -1 -1 -1 -1 -1 15 31 24 12 -1 -1 -1 28 -1 -1 -1 -1 -1 -1 29 -1 -1 16 27 23 -1 26 -1 25 -1 17 -1 -1 -1 -1 -1 -1 19 -1 -1 -1 -1 -1 -1 22 21 20 -1 18 -1 -1 
-1 0 -1 -1 4 5 6 -1 -1 30 -1 -1 -1 3 -1 -1 -1 -1 -1 9 1 -1 2 10 -1 -1 7 11 -1 -1 8 13 -1 14 -1 -1 -1 -1 -1 -1 -1 -1 -1 -1 15 31 -1 24 -1 -1 -1 28 -1 -1 -1 -1 -1 -1 29 -1 -1 16 27 23 -1 26 -1 25 -1 17 -1 -1 -1 -1 -1 -1 19 -1 -1 -1 -1 -1 -1 22 21 20 -1 18 -1 -1 
-1 0 -1 -1 4 5 6 -1 -1 30 -1 -1 -1 3 -1 -1 -1 -1 -1 9 -1 -1 2 10 -1 -1 7 11 -1 -1 8 13 -1 14 -1 -1 -1 1 -1 -1 -1 -1 -1 -1 15 31 -1 24 -1 -1 -1 28 -1 -1 -1 -1 -1 -1 29 -1 -1 16 27 23 -1 26 -1 25 -1 17 -1 -1 -1 -1 -1 -1 19 -1 -1 -1 -1 -1 -1 22 21 20 -1 18 -1 -1 
-1 0 -1 -1 4 5 6 -1 -1 30 -1 -1 -1 3 -1 -1 -1 -1 -1 9 -1 -1 2 10 -1 -1 7 11 -1 -1 8 13 -1 14 -1 -1 -1 1 -1 -1 -1 -1 -1 -1 15 31 -1 24 -1 29 -1 28 -1 -1 -1 -1 -1 -1 -1 -1 -1 16 27 23 -1 26 -1 25 -1 17 -1 -1 -1 -1 -1 -1 19 -1 -1 -1 -1 -1 -1 22 21 20 -1 18 -1 -1 
-1 -1 -1 0 4 5 6 -1 -1 30 -1 -1 -1 3 -1 -1 -1 -1 -1 9 -1 -1 2 10 -1 -1 7 11 -1 -1 8 13 -1 14 -1 -1 -1 1 -1 -1 -1 -1 -1 -1 15 31 -1 24 -1 29 -1 28 -1 -1 -1 -1 -1 -1 -1 -1 -1 16 27 23 -1 26 -1 25 -1 17 -1 -1 -1 -1 -1 -1 19 -1 -1 -1 -1 -1 -1 22 21 20 -1 18 -1 -1 
-1 -1 -1 0 4 5 6 -1 -1 30 -1 -1 -1 3 -1 -1 -1 -1 -1 9 -1 -1 2 10 -1 -1 7 11 -1 -1 8 13 -1 14 -1 -1 -1 1 -1 -1 -1 -1 -1 -1 15 31 -1 24 -1 29 -1 28 -1 -1 -1 -1 -1 -1 -1 -1 -1 16 27 23 -1 -1 26 25 -1 17 -1 -1 -1 -1 -1 -1 19 -1 -1 -1 -1 -1 -1 22 21 20 -1 18 -1 -1 
-1 -1 -1 0 4 5 6 -1 -1 30 -1 -1 -1 3 -1 -1 -1 -1 -1 9 -1 -1 2 10 -1 -1 7 11 8 -1 -1 13 -1 14 -1 -1 -1 1 -1 -1 -1 -1 -1 -1 15 31 -1 24 -1 29 -1 28 -1 -1 -1 -1 -1 -1 -1 -1 -1 16 27 23 -1 -1 26 25 -1 17 -1 -1 -1 -1 -1 -1 19 -1 -1 -1 -1 -1 -1 22 21 20 -1 18 -1 -1 
-1 -1 -1 0 4 5 6 -1 -1 30 -1 -1 -1 3 -1 -1 -1 -1 -1 9 -1 -1 2 10 -1 -1 7 11 8 -1 -1 13 -1 14 -1 -1 -1 1 -1 -1 -1 -1 -1 -1 15 31 -1 24 -1 29 -1 28 -1 -1 -1 -1 -1 -1 -1 -1 -1 16 27 -1 -1 -1 26 25 -1 17 -1 -1 -1 -1 23 -1 19 -1 -1 -1 -1 -1 -1 22 21 20 -1 18 -1 -1 
-1 -1 -1 0 4 5 6 -1 -1 30 -1 -1 -1 3 -1 -1 -1 -1 -1 9 -1 -1 2 10 -1 -1 7 11 8 -1 1 13 -1 14 -1 -1 -1 -1 -1 -1 -1 -1 -1 -1 15 31 -1 24 -1 29 -1 28 -1 -1 -1 -1 -1 -1 -1 -1 -1 16 27 -1 -1 -1 26 25 -1 17 -1 -1 -1 -1 23 -1 19 -1 -1 -1 -1 -1 -1 22 21 20 -1 18 -1 -1 
-1 -1 -1 26 4 5 6 -1 -1 30 -1 -1 -1 3 -1 -1 -1 -1 -1 9 -1 -1 2 10 -1 -1 7 11 8 -1 1 13 -1 14 -1 -1 -1 -1 -1 -1 -1 -1 -1 -1 15 31 -1 24 -1 29 -1 28 -1 -1 -1 -1 -1 -1 -1 -1 -1 16 27 -1 -1 -1 -1 25 -1 17 -1 -1 -1 -1 23 -1 19 -1 -1 -1 -1 -1 -1 22 21 20 -1 18 -1 -1 
-1 -1 -1 26 4 5 6 -1 -1 30 -1 -1 -1 3 -1 -1 -1 -1 -1 9 -1 -1 2 10 -1 -1 7 11 8 -1 -1 13 -1 14 -1 -1 -1 -1 -1 -1 -1 -1 -1 -1 15 31 -1 1 -1 29 -1 28 -1 -1 -1 -1 -1 -1 -1 -1 -1 16 27 -1 -1 -1 -1 25 -1 17 -1 -1 -1 -1 23 -1 19 -1 -1 -1 -1 -1 -1 22 21 20 -1 18 -1 -1 
-1 -1 -1 26 4 5 6 -1 -1 30 -1 -1 -1 3 -1 -1 -1 -1 -1 9 -1 -1 2 10 -1 -1 7 11 8 -1 -1 13 -1 14 -1 -1 -1 -1 -1 -1 -1 -1 -1 -1 15 31 -1 1 -1 29 -1 28 -1 -1 -1 -1 16 -1 -1 -1 -1 -1 27 -1 -1 -1 -1 25 -1 17 -1 -1 -1 -1 23 -1 19 -1 -1 -1 -1 -1 -1 22 21 20 -1 18 -1 -1 
-1 -1 -1 26 4 5 6 -1 -1 30 -1 -1 -1 3 -1 -1 -1 -1 -1 9 -1 -1 2 10 -1 -1 7 11 8 -1 1 13 -1 14 -1 -1 -1 -1 -1 -1 -1 -1 -1 -1 15 31 -1 -1 -1 29 -1 28 -1 -1 -1 -1 16 -1 -1 -1 -1 -1 27 -1 -1 -1 -1 25 -1 17 -1 -1 -1 -1 23 -1 19 -1 -1 -1 -1 -1 -1 22 21 20 -1 18 -1 -1 
-1 -1 -1 -1 4 5 6 -1 -1 30 -1 -1 26 3 -1 -1 -1 -1 -1 9 -1 -1 2 10 -1 -1 7 11 8 -1 1 13 -1 14 -1 -1 -1 -1 -1 -1 -1 -1 -1 -1 15 31 -1 -1 -1 29 -1 28 -1 -1 -1 -1 16 -1 -1 -1 -1 -1 27 -1 -1 -1 -1 25 -1 17 -1 -1 -1 -1 23 -1 19 -1 -1 -1 -1 -1 -1 22 21 20 -1 18 -1 -1 
-1 -1 -1 -1 4 5 6 -1 -1 30 -1 -1 26 3 -1 -1 -1 -1 -1 -1 9 -1 2 10 -1 -1 7 11 8 -1 1 13 -1 14 -1 -1 -1 -1 -1 -1 -1 -1 -1 -1 15 31 -1 -1 -1 29 -1 28 -1 -1 -1 -1 16 -1 -1 -1 -1 -1 27 -1 -1 -1 -1 25 -1 17 -1 -1 -1 -1 23 -1 19 -1 -1 -1 -1 -1 -1 22 21 20 -1 18 -1 -1 
-1 -1 -1 -1 4 5 6 -1 -1 30 -1 -1 -1 3 -1 -1 -1 -1 -1 -1 9 26 2 10 -1 -1 7 11 8 -1 1 13 -1 14 -1 -1 -1 -1 -1 -1 -1 -1 -1 -1 15 31 -1 -1 -1 29 -1 28 -1 -1 -1 -1 16 -1 -1 -1 -1 -1 27 -1 -1 -1 -1 25 -1 17 -1 -1 -1 -1 23 -1 19 -1 -1 -1 -1 -1 -1 22 21 20 -1 18 -1 -1 
-1 -1 -1 -1 4 5 6 -1 -1 30 -1 -1 -1 3 -1 -1 -1 -1 -1 -1 -1 26 2 10 -1 -1 7 11 8 9 1 13 -1 14 -1 -1 -1 -1 -1 -1 -1 -1 -1 -1 15 31 -1 -1 -1 29 -1 28 -1 -1 -1 -1 16 -1 -1 -1 -1 -1 27 -1 -1 -1 -1 25 -1 17 -1 -1 -1 -1 23 -1 19 -1 -1 -1 -1 -1 -1 22 21 20 -1 18 -1 -1 
-1 -1 -1 -1 4 5 6 -1 -1 30 -1 -1 -1 3 -1 -1 -1 -1 -1 -1 -1 -1 2 26 -1 -1 7 11 8 9 1 13 -1 14 -1 -1 -1 -1 -1 -1 -1 -1 -1 -1 15 31 -1 -1 -1 29 -1 28 -1 -1 -1 -1 16 -1 -1 -1 -1 -1 27 -1 -1 -1 -1 25 -1 17 -1 -1 -1 -1 23 -1 19 -1 -1 -1 -1 -1 -1 22 21 20 -1 18 -1 -1 
-1 -1 -1 -1 4 5 6 -1 -1 30 -1 -1 -1 3 -1 -1 -1 -1 -1 -1 -1 -1 2 26 -1 -1 7 11 8 9 -1 13 -1 14 -1 -1 -1 -1 -1 -1 -1 -1 -1 -1 15 31 -1 -1 -1 1 -1 28 -1 -1 -1 -1 16 -1 -1 -1 -1 -1 27 -1 -1 -1 -1 25 -1 17 -1 -1 -1 -1 23 -1 19 -1 -1 -1 -1 -1 -1 22 21 20 -1 18 -1 -1 
-1 -1 -1 -1 4 5 6 -1 -1 30 -1 -1 -1 3 -1 -1 -1 -1 -1 -1 -1 -1 2 26 -1 -1 7 11 8 9 -1 13 -1 14 -1 -1 -1 -1 -1 -1 -1 -1 -1 -1 15 31 -1 16 -1 1 -1 28 -1 -1 -1 -1 -1 -1 -1 -1 -1 -1 27 -1 -1 -1 -1 25 -1 17 -1 -1 -1 -1 23 -1 19 -1 -1 -1 -1 -1 -1 22 21 20 -1 18 -1 -1 
-1 -1 -1 -1 4 5 6 -1 -1 30 -1 -1 -1 3 -1 -1 -1 -1 -1 -1 -1 -1 2 26 -1 -1 7 11 8 9 -1 13 -1 14 -1 -1 -1 -1 1 -1 -1 -1 -1 -1 15 31 -1 16 -1 -1 -1 28 -1 -1 -1 -1 -1 -1 -1 -1 -1 -1 27 -1 -1 -1 -1 25 -1 17 -1 -1 -1 -1 23 -1 19 -1 -1 -1 -1 -1 -1 22 21 20 -1 18 -1 -1 
-1 -1 -1 -1 4 5 6 -1 -1 30 -1 -1 -1 3 -1 -1 -1 -1 -1 -1 -1 -1 2 26 -1 -1 7 11 8 9 -1 13 -1 14 -1 -1 -1 -1 1 -1 -1 -1 -1 -1 15 31 -1 -1 16 -1 -1 28 -1 -1 -1 -1 -1 -1 -1 -1 -1 -1 27 -1 -1 -1 -1 25 -1 17 -1 -1 -1 -1 23 -1 19 -1 -1 -1 -1 -1 -1 22 21 20 -1 18 -1 -1 
-1 -1 -1 -1 4 5 6 -1 -1 30 -1 -1 -1 -1 -1 -1 -1 -1 -1 -1 -1 -1 2 3 -1 -1 7 11 8 9 -1 13 -1 14 -1 -1 -1 -1 1 -1 -1 -1 -1 -1 15 31 -1 -1 16 -1 -1 28 -1 -1 -1 -1 -1 -1 -1 -1 -1 -1 27 -1 -1 -1 -1 25 -1 17 -1 -1 -1 -1 23 -1 19 -1 -1 -1 -1 -1 -1 22 21 20 -1 18 -1 -1 
-1 -1 -1 -1 4 5 6 -1 -1 30 -1 -1 -1 -1 -1 -1 -1 -1 -1 -1 -1 -1 2 3 -1 -1 7 11 8 9 -1 13 -1 14 -1 -1 -1 -1 1 -1 -1 -1 -1 -1 15 31 -1 -1 16 -1 -1 28 -1 -1 -1 -1 -1 -1 -1 -1 -1 -1 27 -1 -1 -1 -1 25 -1 17 -1 -1 -1 -1 23 -1 19 -1 -1 -1 -1 -1 -1 22 21 -1 20 18 -1 -1 
-1 -1 -1 -1 4 5 6 -1 -1 30 -1 -1 -1 -1 -1 -1 -1 -1 -1 -1 -1 -1 2 3 -1 -1 7 11 -1 9 -1 13 -1 14 -1 -1 -1 -1 1 -1 -1 -1 -1 -1 15 31 -1 -1 16 -1 -1 28 -1 -1 -1 -1 -1 -1 -1 -1 -1 -1 27 -1 -1 -1 -1 25 -1 17 -1 -1 -1 8 23 -1 19 -1 -1 -1 -1 -1 -1 22 21 -1 20 18 -1 -1 
-1 -1 -1 -1 4 5 6 -1 -1 30 -1 -1 -1 -1 -1 -1 -1 -1 -1 -1 -1 -1 2 3 -1 -1 7 11 -1 9 -1 13 -1 14 -1 -1 -1 -1 1 -1 -1 -1 -1 -1 15 31 -1 -1 16 -1 -1 28 -1 -1 -1 -1 -1 23 -1 -1 -1 -1 27 -1 -1 -1 -1 25 -1 17 -1 -1 -1 8 -1 -1 19 -1 -1 -1 -1 -1 -1 22 21 -1 20 18 -1 -1 
-1 -1 -1 -1 4 5 6 -1 -1 30 -1 -1 -1 -1 -1 -1 -1 -1 -1 -1 -1 -1 2 3 -1 -1 7 11 -1 9 -1 13 -1 14 -1 -1 -1 -1 1 -1 -1 -1 -1 -1 15 31 -1 -1 16 -1 -1 28 -1 -1 -1 8 -1 23 -1 -1 -1 -1 27 -1 -1 -1 -1 25 -1 17 -1 -1 -1 -1 -1 -1 19 -1 -1 -1 -1 -1 -1 22 21 -1 20 18 -1 -1 
-1 -1 -1 -1 4 5 6 -1 -1 30 -1 -1 -1 -1 -1 -1 -1 -1 -1 -1 -1 -1 2 3 -1 -1 7 11 -1 9 -1 13 -1 14 -1 -1 -1 -1 1 -1 -1 -1 -1 -1 15 31 -1 -1 16 -1 17 28 -1 -1 -1 8 -1 23 -1 -1 -1 -1 27 -1 -1 -1 -1 25 -1 -1 -1 -1 -1 -1 -1 -1 19 -1 -1 -1 -1 -1 -1 22 21 -1 20 18 -1 -1 
-1 -1 -1 -1 4 5 6 -1 -1 30 -1 -1 -1 -1 -1 -1 -1 -1 -1 -1 -1 -1 2 3 -1 -1 7 11 -1 -1 -1 13 -1 14 -1 -1 -1 -1 1 -1 -1 -1 -1 -1 15 31 -1 -1 16 -1 17 28 -1 -1 -1 8 -1 23 -1 -1 -1 -1 27 -1 -1 -1 -1 25 -1 -1 -1 -1 -1 -1 -1 -1 19 -1 -1 -1 -1 -1 -1 9 21 -1 20 18 -1 -1 
-1 -1 -1 -1 4 5 6 -1 -1 30 -1 -1 -1 -1 -1 -1 -1 -1 -1 -1 -1 -1 2 3 -1 -1 7 11 -1 -1 -1 13 -1 14 -1 -1 -1 -1 1 -1 -1 -1 -1 -1 15 31 -1 -1 16 -1 17 28 -1 -1 -1 8 -1 23 -1 -1 -1 -1 27 -1 -1 -1 -1 25 -1 -1 -1 -1 -1 -1 -1 -1 19 20 -1 -1 -1 -1 -1 9 21 -1 -1 18 -1 -1 
-1 -1 -1 -1 4 5 6 -1 -1 30 -1 -1 -1 -1 -1 -1 -1 -1 -1 -1 -1 -1 2 3 -1 -1 -1 11 -1 -1 -1 13 -1 14 -1 -1 -1 -1 1 -1 -1 -1 -1 7 15 31 -1 -1 16 -1 17 28 -1 -1 -1 8 -1 23 -1 -1 -1 -1 27 -1 -1 -1 -1 25 -1 -1 -1 -1 -1 -1 -1 -1 19 20 -1 -1 -1 -1 -1 9 21 -1 -1 18 -1 -1 
-1 -1 -1 -1 4 5 6 -1 -1 30 -1 -1 -1 -1 -1 -1 -1 -1 -1 -1 -1 -1 2 3 -1 -1 -1 11 -1 -1 -1 13 -1 14 -1 -1 -1 -1 1 -1 -1 -1 -1 7 15 31 -1 16 -1 -1 17 28 -1 -1 -1 8 -1 23 -1 -1 -1 -1 27 -1 -1 -1 -1 25 -1 -1 -1 -1 -1 -1 -1 -1 19 20 -1 -1 -1 -1 -1 9 21 -1 -1 18 -1 -1 
-1 -1 -1 -1 4 5 6 -1 -1 30 -1 -1 -1 -1 -1 -1 -1 -1 -1 -1 -1 -1 2 3 -1 -1 -1 11 -1 -1 -1 13 -1 14 -1 -1 -1 -1 1 -1 -1 -1 -1 -1 15 31 -1 16 -1 -1 17 28 -1 -1 -1 8 -1 23 -1 -1 7 -1 27 -1 -1 -1 -1 25 -1 -1 -1 -1 -1 -1 -1 -1 19 20 -1 -1 -1 -1 -1 9 21 -1 -1 18 -1 -1 
-1 -1 -1 -1 4 5 6 -1 -1 30 -1 -1 -1 -1 -1 -1 -1 -1 -1 -1 -1 -1 2 3 -1 -1 -1 11 -1 -1 -1 13 -1 14 -1 -1 -1 -1 1 -1 -1 -1 -1 -1 15 31 -1 16 -1 -1 17 28 -1 -1 -1 8 -1 23 -1 -1 7 -1 27 -1 -1 -1 -1 -1 -1 25 -1 -1 -1 -1 -1 -1 19 20 -1 -1 -1 -1 -1 9 21 -1 -1 18 -1 -1 
-1 -1 -1 -1 4 5 6 -1 -1 30 -1 -1 -1 -1 -1 -1 -1 -1 -1 -1 -1 -1 2 3 -1 -1 -1 11 -1 -1 -1 13 -1 14 -1 -1 -1 -1 -1 -1 -1 -1 -1 -1 15 31 -1 16 -1 1 17 28 -1 -1 -1 8 -1 23 -1 -1 7 -1 27 -1 -1 -1 -1 -1 -1 25 -1 -1 -1 -1 -1 -1 19 20 -1 -1 -1 -1 -1 9 21 -1 -1 18 -1 -1 
-1 -1 -1 -1 4 5 6 -1 -1 30 -1 -1 -1 -1 -1 -1 -1 -1 -1 -1 -1 -1 2 3 -1 -1 -1 11 -1 -1 -1 13 -1 14 -1 -1 -1 -1 -1 -1 -1 -1 -1 -1 15 31 -1 16 -1 1 17 28 -1 -1 -1 8 -1 -1 -1 -1 7 -1 27 -1 -1 -1 -1 -1 23 25 -1 -1 -1 -1 -1 -1 19 20 -1 -1 -1 -1 -1 9 21 -1 -1 18 -1 -1 
-1 -1 -1 -1 4 5 6 -1 -1 30 -1 -1 -1 -1 -1 -1 -1 -1 -1 -1 -1 -1 2 3 -1 -1 -1 11 -1 -1 -1 13 -1 14 -1 -1 -1 -1 -1 -1 -1 -1 -1 -1 15 31 -1 16 -1 -1 17 28 -1 -1 -1 8 1 -1 -1 -1 7 -1 27 -1 -1 -1 -1 -1 23 25 -1 -1 -1 -1 -1 -1 19 20 -1 -1 -1 -1 -1 9 21 -1 -1 18 -1 -1 
-1 -1 -1 -1 4 5 6 -1 -1 30 -1 -1 -1 -1 -1 -1 -1 -1 -1 -1 -1 -1 2 3 -1 -1 -1 11 -1 -1 -1 13 -1 14 -1 -1 -1 -1 -1 -1 -1 -1 -1 -1 15 31 -1 -1 16 -1 17 28 -1 -1 -1 8 1 -1 -1 -1 7 -1 27 -1 -1 -1 -1 -1 23 25 -1 -1 -1 -1 -1 -1 19 20 -1 -1 -1 -1 -1 9 21 -1 -1 18 -1 -1 
-1 -1 -1 -1 4 5 6 -1 -1 30 -1 -1 -1 -1 -1 -1 -1 -1 -1 -1 -1 -1 2 3 -1 -1 -1 11 -1 -1 -1 13 -1 14 -1 -1 -1 -1 -1 -1 -1 -1 -1 -1 15 31 -1 -1 16 -1 17 28 -1 -1 -1 8 1 -1 -1 -1 7 -1 27 -1 -1 -1 -1 -1 23 25 -1 -1 -1 -1 9 -1 19 20 -1 -1 -1 -1 -1 -1 21 -1 -1 18 -1 -1 
-1 -1 -1 -1 4 5 6 -1 -1 30 -1 -1 -1 -1 -1 -1 -1 -1 -1 -1 -1 -1 2 3 -1 -1 -1 11 -1 -1 -1 13 -1 14 -1 -1 -1 -1 -1 -1 -1 -1 -1 -1 15 31 -1 -1 16 -1 17 28 -1 -1 -1 8 1 -1 -1 -1 7 -1 27 -1 -1 -1 -1 -1 23 25 -1 -1 -1 -1 9 -1 19 -1 -1 -1 -1 -1 -1 -1 21 -1 20 18 -1 -1 
-1 -1 -1 -1 4 5 6 -1 -1 30 -1 -1 -1 -1 -1 -1 -1 -1 -1 -1 -1 -1 2 3 -1 -1 -1 11 -1 -1 -1 13 -1 14 -1 -1 -1 -1 -1 -1 -1 -1 -1 -1 15 31 -1 -1 16 -1 17 28 -1 -1 -1 8 1 -1 -1 -1 7 -1 27 -1 -1 -1 -1 -1 23 25 -1 -1 -1 -1 -1 -1 19 -1 -1 -1 -1 -1 -1 9 21 -1 20 18 -1 -1 
-1 -1 -1 -1 4 5 6 -1 -1 30 -1 -1 -1 -1 -1 -1 -1 -1 -1 -1 -1 -1 2 3 -1 -1 -1 11 -1 -1 -1 13 -1 14 -1 -1 -1 -1 -1 -1 -1 -1 -1 -1 15 31 -1 -1 16 -1 17 28 -1 -1 -1 8 1 -1 -1 -1 7 -1 27 -1 -1 -1 -1 -1 23 25 -1 -1 -1 -1 -1 -1 19 20 -1 -1 -1 -1 -1 9 21 -1 -1 18 -1 -1 
-1 -1 -1 -1 4 5 6 -1 -1 30 -1 -1 -1 -1 -1 -1 -1 -1 -1 -1 -1 -1 2 3 -1 -1 -1 11 -1 -1 -1 13 -1 14 -1 -1 -1 -1 -1 -1 -1 -1 -1 -1 15 31 -1 -1 16 -1 17 28 -1 -1 -1 8 1 -1 -1 -1 7 -1 27 -1 -1 -1 -1 -1 23 25 -1 -1 -1 -1 -1 -1 19 20 -1 -1 -1 -1 -1 -1 21 -1 -1 9 -1 -1 
-1 -1 -1 -1 4 5 6 -1 -1 30 -1 -1 -1 -1 -1 -1 -1 -1 -1 -1 -1 -1 2 3 -1 -1 -1 11 -1 -1 -1 13 -1 14 -1 -1 -1 -1 -1 -1 -1 -1 -1 -1 15 31 -1 -1 -1 -1 17 28 -1 -1 -1 8 1 16 -1 -1 7 -1 27 -1 -1 -1 -1 -1 23 25 -1 -1 -1 -1 -1 -1 19 20 -1 -1 -1 -1 -1 -1 21 -1 -1 9 -1 -1 
-1 -1 -1 -1 4 5 6 -1 -1 30 -1 -1 -1 -1 -1 -1 -1 -1 -1 -1 -1 -1 2 3 -1 -1 -1 11 -1 -1 -1 13 -1 14 -1 -1 -1 -1 -1 -1 -1 -1 -1 -1 15 31 8 -1 -1 -1 17 28 -1 -1 -1 -1 1 16 -1 -1 7 -1 27 -1 -1 -1 -1 -1 23 25 -1 -1 -1 -1 -1 -1 19 20 -1 -1 -1 -1 -1 -1 21 -1 -1 9 -1 -1 
-1 -1 -1 -1 4 5 6 -1 -1 30 -1 -1 -1 -1 -1 -1 -1 -1 -1 -1 -1 -1 2 3 -1 -1 -1 11 -1 -1 -1 17 -1 14 -1 -1 -1 -1 -1 -1 -1 -1 -1 -1 15 31 8 -1 -1 -1 -1 28 -1 -1 -1 -1 1 16 -1 -1 7 -1 27 -1 -1 -1 -1 -1 23 25 -1 -1 -1 -1 -1 -1 19 20 -1 -1 -1 -1 -1 -1 21 -1 -1 9 -1 -1 
-1 -1 -1 -1 4 5 6 -1 -1 30 -1 -1 -1 -1 -1 -1 -1 -1 -1 -1 -1 -1 2 3 -1 -1 -1 11 -1 -1 -1 17 -1 14 -1 -1 -1 -1 -1 -1 -1 -1 -1 -1 15 1 8 -1 -1 -1 -1 28 -1 -1 -1 -1 -1 16 -1 -1 7 -1 27 -1 -1 -1 -1 -1 23 25 -1 -1 -1 -1 -1 -1 19 20 -1 -1 -1 -1 -1 -1 21 -1 -1 9 -1 -1 
-1 -1 -1 -1 4 5 6 -1 -1 30 -1 -1 -1 -1 -1 -1 -1 -1 -1 -1 -1 -1 2 3 -1 -1 -1 11 -1 -1 -1 17 -1 14 -1 -1 -1 -1 -1 -1 -1 -1 -1 -1 15 1 8 -1 -1 -1 -1 28 -1 -1 -1 -1 -1 16 -1 -1 7 -1 27 -1 -1 -1 -1 -1 23 25 -1 -1 -1 -1 -1 -1 19 -1 -1 -1 -1 -1 -1 -1 21 -1 20 9 -1 -1 
-1 -1 -1 -1 4 5 6 -1 -1 30 -1 -1 -1 -1 -1 -1 -1 -1 -1 -1 -1 -1 2 3 -1 -1 -1 11 -1 -1 -1 17 -1 14 -1 -1 -1 -1 -1 -1 -1 -1 -1 -1 15 1 8 -1 -1 -1 -1 28 -1 -1 -1 -1 -1 16 -1 -1 7 -1 27 -1 -1 -1 -1 -1 23 25 -1 -1 -1 -1 -1 -1 19 -1 9 -1 -1 -1 -1 -1 21 -1 20 -1 -1 -1 
-1 -1 -1 -1 4 5 6 -1 -1 30 -1 -1 -1 -1 -1 -1 -1 -1 -1 -1 -1 -1 2 3 -1 -1 -1 11 -1 -1 -1 17 -1 14 -1 -1 -1 -1 -1 -1 -1 -1 -1 -1 15 1 8 -1 -1 -1 -1 28 -1 -1 -1 -1 -1 16 -1 -1 7 -1 27 -1 -1 -1 -1 -1 23 -1 25 -1 -1 -1 -1 -1 19 -1 9 -1 -1 -1 -1 -1 21 -1 20 -1 -1 -1 
-1 -1 -1 -1 4 5 6 -1 -1 30 -1 -1 -1 -1 -1 -1 -1 -1 -1 -1 -1 -1 2 3 -1 -1 -1 11 -1 -1 -1 17 -1 14 -1 -1 -1 -1 -1 -1 -1 -1 -1 -1 15 1 8 -1 -1 7 -1 28 -1 -1 -1 -1 -1 16 -1 -1 -1 -1 27 -1 -1 -1 -1 -1 23 -1 25 -1 -1 -1 -1 -1 19 -1 9 -1 -1 -1 -1 -1 21 -1 20 -1 -1 -1 
-1 -1 -1 -1 4 5 6 -1 -1 30 -1 -1 -1 -1 -1 -1 -1 -1 -1 -1 -1 -1 2 3 -1 -1 -1 11 -1 -1 -1 17 -1 14 -1 -1 -1 -1 -1 -1 -1 -1 -1 -1 15 1 8 -1 -1 7 -1 28 -1 -1 -1 -1 -1 -1 16 -1 -1 -1 27 -1 -1 -1 -1 -1 23 -1 25 -1 -1 -1 -1 -1 19 -1 9 -1 -1 -1 -1 -1 21 -1 20 -1 -1 -1 
-1 -1 -1 -1 4 5 6 -1 -1 30 -1 -1 -1 -1 -1 -1 -1 -1 -1 -1 -1 -1 2 3 -1 -1 -1 11 -1 -1 -1 17 7 14 -1 -1 -1 -1 -1 -1 -1 -1 -1 -1 15 1 8 -1 -1 -1 -1 28 -1 -1 -1 -1 -1 -1 16 -1 -1 -1 27 -1 -1 -1 -1 -1 23 -1 25 -1 -1 -1 -1 -1 19 -1 9 -1 -1 -1 -1 -1 21 -1 20 -1 -1 -1 
-1 -1 -1 -1 4 5 6 -1 -1 30 -1 -1 -1 -1 -1 -1 -1 -1 -1 -1 -1 -1 2 3 -1 -1 -1 11 -1 -1 -1 17 7 14 -1 -1 -1 -1 -1 -1 -1 -1 -1 -1 15 1 8 -1 -1 -1 -1 28 25 -1 -1 -1 -1 -1 16 -1 -1 -1 27 -1 -1 -1 -1 -1 23 -1 -1 -1 -1 -1 -1 -1 19 -1 9 -1 -1 -1 -1 -1 21 -1 20 -1 -1 -1 
-1 -1 -1 -1 4 5 6 -1 -1 30 -1 -1 -1 -1 -1 -1 -1 -1 -1 -1 -1 -1 2 3 -1 -1 -1 11 -1 -1 -1 17 -1 14 -1 -1 -1 -1 -1 -1 -1 -1 -1 -1 15 1 8 -1 -1 -1 -1 7 25 -1 -1 -1 -1 -1 16 -1 -1 -1 27 -1 -1 -1 -1 -1 23 -1 -1 -1 -1 -1 -1 -1 19 -1 9 -1 -1 -1 -1 -1 21 -1 20 -1 -1 -1 
-1 -1 -1 -1 4 5 6 -1 -1 30 -1 -1 -1 -1 -1 -1 -1 -1 -1 -1 -1 -1 2 3 -1 -1 -1 11 -1 -1 -1 17 -1 14 -1 -1 -1 -1 -1 -1 -1 -1 -1 -1 15 1 8 -1 -1 -1 -1 7 25 -1 -1 -1 -1 -1 -1 -1 16 -1 27 -1 -1 -1 -1 -1 23 -1 -1 -1 -1 -1 -1 -1 19 -1 9 -1 -1 -1 -1 -1 21 -1 20 -1 -1 -1 
-1 -1 -1 -1 4 5 6 -1 -1 30 -1 -1 -1 -1 -1 -1 -1 -1 -1 -1 -1 -1 2 3 -1 -1 -1 11 -1 -1 -1 17 -1 14 -1 -1 -1 -1 -1 -1 7 -1 -1 -1 15 1 8 -1 -1 -1 -1 -1 25 -1 -1 -1 -1 -1 -1 -1 16 -1 27 -1 -1 -1 -1 -1 23 -1 -1 -1 -1 -1 -1 -1 19 -1 9 -1 -1 -1 -1 -1 21 -1 20 -1 -1 -1 
-1 -1 -1 -1 4 5 6 -1 -1 30 -1 -1 -1 -1 -1 -1 -1 -1 -1 -1 -1 -1 2 3 -1 -1 -1 11 -1 -1 -1 17 -1 14 -1 -1 -1 -1 -1 -1 7 -1 -1 -1 15 25 8 -1 -1 -1 -1 -1 -1 -1 -1 -1 -1 -1 -1 -1 16 -1 27 -1 -1 -1 -1 -1 23 -1 -1 -1 -1 -1 -1 -1 19 -1 9 -1 -1 -1 -1 -1 21 -1 20 -1 -1 -1 
-1 -1 -1 -1 4 5 6 -1 -1 30 -1 -1 -1 -1 -1 -1 -1 -1 -1 -1 -1 -1 2 3 -1 -1 -1 11 -1 -1 -1 17 -1 14 -1 -1 -1 -1 -1 -1 7 -1 -1 -1 15 8 -1 -1 -1 -1 -1 -1 -1 -1 -1 -1 -1 -1 -1 -1 16 -1 27 -1 -1 -1 -1 -1 23 -1 -1 -1 -1 -1 -1 -1 19 -1 9 -1 -1 -1 -1 -1 21 -1 20 -1 -1 -1 
-1 -1 -1 -1 4 5 6 -1 -1 30 -1 -1 -1 -1 -1 -1 -1 -1 -1 -1 -1 -1 2 3 -1 -1 -1 11 -1 -1 -1 17 -1 14 -1 -1 -1 -1 -1 -1 7 -1 -1 -1 15 8 -1 -1 -1 -1 -1 -1 -1 -1 -1 -1 -1 -1 -1 -1 -1 -1 27 -1 -1 -1 -1 -1 23 -1 -1 -1 -1 -1 -1 -1 19 -1 16 -1 -1 -1 -1 -1 21 -1 20 -1 -1 -1 
-1 -1 -1 -1 4 5 6 -1 -1 30 -1 -1 -1 -1 -1 -1 -1 -1 -1 -1 -1 -1 2 3 -1 -1 -1 11 -1 -1 -1 17 -1 14 -1 -1 -1 -1 -1 -1 7 -1 -1 -1 15 -1 -1 -1 -1 -1 -1 -1 -1 -1 8 -1 -1 -1 -1 -1 -1 -1 27 -1 -1 -1 -1 -1 23 -1 -1 -1 -1 -1 -1 -1 19 -1 16 -1 -1 -1 -1 -1 21 -1 20 -1 -1 -1 
