0 1 2 3 4 5 6 7 8 30 -1 -1 -1 -1 -1 -1 -1 -1 -1 9 -1 -1 -1 -1 -1 10 -1 11 -1 12 -1 13 -1 14 -1 15 -1 -1 -1 -1 -1 -1 -1 -1 -1 -1 -1 -1 -1 -1 -1 -1 -1 -1 -1 -1 -1 -1 29 -1 28 -1 27 -1 26 -1 -1 25 -1 -1 -1 -1 -1 -1 -1 -1 -1 -1 -1 -1 -1 24 23 22 21 20 19 18 17 16 
0 -1 2 3 4 5 6 7 8 30 -1 -1 -1 -1 -1 -1 -1 -1 -1 9 1 -1 -1 -1 -1 10 -1 11 -1 12 -1 13 -1 14 -1 15 -1 -1 -1 -1 -1 -1 -1 -1 -1 -1 -1 -1 -1 -1 -1 -1 -1 -1 -1 -1 -1 -1 29 -1 28 -1 27 -1 26 -1 -1 25 -1 -1 -1 -1 -1 -1 -1 -1 -1 -1 -1 -1 -1 24 23 22 21 20 19 18 17 16 
0 -1 2 3 4 5 6 7 8 30 -1 -1 -1 -1 -1 -1 -1 -1 -1 9 1 -1 -1 -1 -1 10 -1 11 -1 12 -1 13 -1 14 -1 15 -1 -1 -1 -1 -1 -1 -1 -1 -1 -1 -1 -1 -1 -1 -1 -1 -1 -1 -1 -1 -1 -1 29 -1 28 -1 27 -1 26 -1 -1 25 -1 17 -1 -1 -1 -1 -1 -1 -1 -1 -1 -1 -1 24 23 22 21 20 19 18 -1 16 
0 -1 2 3 4 5 6 7 8 30 -1 -1 -1 -1 -1 -1 -1 -1 -1 9 1 -1 -1 10 -1 -1 -1 11 -1 12 -1 13 -1 14 -1 15 -1 -1 -1 -1 -1 -1 -1 -1 -1 -1 -1 -1 -1 -1 -1 -1 -1 -1 -1 -1 -1 -1 29 -1 28 -1 27 -1 26 -1 -1 25 -1 17 -1 -1 -1 -1 -1 -1 -1 -1 -1 -1 -1 24 23 22 21 20 19 18 -1 16 
0 -1 2 3 4 5 6 7 8 30 -1 -1 -1 -1 -1 -1 -1 -1 -1 9 1 -1 -1 10 -1 -1 -1 11 -1 12 -1 13 -1 14 -1 15 -1 -1 -1 -1 -1 -1 -1 -1 -1 -1 -1 -1 -1 -1 -1 28 -1 -1 -1 -1 -1 -1 29 -1 -1 -1 27 -1 26 -1 -1 25 -1 17 -1 -1 -1 -1 -1 -1 -1 -1 -1 -1 -1 24 23 22 21 20 19 18 -1 16 
0 -1 2 3 4 5 6 7 8 30 -1 -1 -1 -1 -1 -1 -1 -1 -1 9 1 -1 -1 10 -1 -1 -1 11 -1 -1 -1 13 -1 14 -1 15 -1 -1 12 -1 -1 -1 -1 -1 -1 -1 -1 -1 -1 -1 -1 28 -1 -1 -1 -1 -1 -1 29 -1 -1 -1 27 -1 26 -1 -1 25 -1 17 -1 -1 -1 -1 -1 -1 -1 -1 -1 -1 -1 24 23 22 21 20 19 18 -1 16 
0 -1 2 3 4 5 6 7 8 30 -1 -1 -1 -1 -1 -1 -1 -1 -1 9 1 -1 -1 10 -1 -1 -1 11 -1 -1 -1 13 -1 14 -1 15 -1 -1 12 -1 -1 -1 -1 -1 -1 -1 -1 -1 -1 -1 -1 28 -1 -1 -1 -1 -1 -1 29 -1 -1 -1 27 23 26 -1 -1 25 -1 17 -1 -1 -1 -1 -1 -1 -1 -1 -1 -1 -1 24 -1 22 21 20 19 18 -1 16 
0 -1 2 3 4 5 -1 7 8 30 -1 -1 -1 -1 -1 -1 -1 -1 -1 9 1 -1 6 10 -1 -1 -1 11 -1 -1 -1 13 -1 14 -1 15 -1 -1 12 -1 -1 -1 -1 -1 -1 -1 -1 -1 -1 -1 -1 28 -1 -1 -1 -1 -1 -1 29 -1 -1 -1 27 23 26 -1 -1 25 -1 17 -1 -1 -1 -1 -1 -1 -1 -1 -1 -1 -1 24 -1 22 21 20 19 18 -1 16 
0 -1 2 3 4 5 -1 7 8 30 -1 -1 -1 -1 -1 -1 -1 -1 -1 9 1 -1 6 10 -1 -1 -1 11 -1 -1 -1 13 -1 14 -1 15 -1 -1 12 -1 -1 -1 -1 -1 -1 -1 -1 -1 -1 -1 -1 28 -1 -1 -1 -1 -1 -1 29 -1 -1 -1 27 23 -1 26 -1 25 -1 17 -1 -1 -1 -1 -1 -1 -1 -1 -1 -1 -1 24 -1 22 21 20 19 18 -1 16 
-1 0 2 3 4 5 -1 7 8 30 -1 -1 -1 -1 -1 -1 -1 -1 -1 9 1 -1 6 10 -1 -1 -1 11 -1 -1 -1 13 -1 14 -1 15 -1 -1 12 -1 -1 -1 -1 -1 -1 -1 -1 -1 -1 -1 -1 28 -1 -1 -1 -1 -1 -1 29 -1 -1 -1 27 23 -1 26 -1 25 -1 17 -1 -1 -1 -1 -1 -1 -1 -1 -1 -1 -1 24 -1 22 21 20 19 18 -1 16 
-1 0 2 3 4 5 -1 7 8 30 -1 -1 -1 -1 -1 -1 -1 -1 -1 9 1 -1 6 10 -1 -1 -1 11 -1 -1 -1 13 -1 14 -1 15 -1 -1 12 -1 -1 -1 -1 -1 -1 -1 -1 -1 -1 -1 -1 28 -1 -1 -1 -1 -1 -1 29 -1 -1 -1 27 23 -1 26 -1 25 -1 17 -1 -1 -1 -1 -1 -1 -1 -1 -1 -1 -1 -1 24 22 21 20 19 18 -1 16 
-1 0 2 3 4 5 -1 7 8 30 -1 -1 -1 -1 -1 -1 -1 -1 -1 -1 1 -1 6 10 -1 -1 -1 11 -1 -1 -1 13 -1 14 -1 15 -1 -1 12 -1 -1 -1 -1 -1 -1 -1 -1 -1 -1 -1 -1 28 -1 -1 -1 9 -1 -1 29 -1 -1 -1 27 23 -1 26 -1 25 -1 17 -1 -1 -1 -1 -1 -1 -1 -1 -1 -1 -1 -1 24 22 21 20 19 18 -1 16 
-1 0 2 3 4 5 -1 7 8 30 -1 -1 -1 -1 -1 -1 -1 -1 -1 -1 1 -1 6 10 -1 -1 -1 11 -1 -1 -1 13 -1 14 -1 15 -1 -1 12 -1 -1 -1 -1 -1 -1 -1 -1 -1 -1 -1 -1 28 -1 -1 -1 9 -1 -1 29 -1 -1 -1 27 23 -1 26 -1 25 -1 17 -1 -1 -1 -1 -1 -1 -1 -1 -1 -1 16 -1 24 22 21 20 19 18 -1 -1 
-1 0 2 3 4 5 -1 -1 8 30 -1 -1 -1 -1 -1 -1 -1 -1 -1 -1 1 -1 6 10 7 -1 -1 11 -1 -1 -1 13 -1 14 -1 15 -1 -1 12 -1 -1 -1 -1 -1 -1 -1 -1 -1 -1 -1 -1 28 -1 -1 -1 9 -1 -1 29 -1 -1 -1 27 23 -1 26 -1 25 -1 17 -1 -1 -1 -1 -1 -1 -1 -1 -1 -1 16 -1 24 22 21 20 19 18 -1 -1 
-1 0 2 3 4 5 -1 -1 8 30 -1 -1 -1 -1 -1 -1 -1 -1 -1 -1 1 -1 6 10 7 -1 -1 11 -1 -1 -1 13 -1 14 -1 15 -1 -1 12 -1 -1 -1 -1 -1 -1 -1 -1 -1 -1 -1 -1 28 -1 -1 -1 9 -1 -1 29 -1 -1 -1 27 23 -1 26 -1 25 -1 17 -1 -1 -1 -1 -1 -1 -1 16 -1 -1 -1 -1 24 22 21 20 19 18 -1 -1 
-1 0 2 3 4 -1 -1 -1 8 30 -1 -1 -1 5 -1 -1 -1 -1 -1 -1 1 -1 6 10 7 -1 -1 11 -1 -1 -1 13 -1 14 -1 15 -1 -1 12 -1 -1 -1 -1 -1 -1 -1 -1 -1 -1 -1 -1 28 -1 -1 -1 9 -1 -1 29 -1 -1 -1 27 23 -1 26 -1 25 -1 17 -1 -1 -1 -1 -1 -1 -1 16 -1 -1 -1 -1 24 22 21 20 19 18 -1 -1 
-1 0 2 3 4 -1 -1 -1 8 30 -1 -1 -1 5 -1 -1 -1 -1 -1 -1 1 -1 6 10 7 -1 -1 11 -1 -1 -1 13 -1 14 -1 15 -1 -1 12 -1 -1 -1 -1 -1 -1 -1 -1 -1 -1 -1 16 28 -1 -1 -1 9 -1 -1 29 -1 -1 -1 27 23 -1 26 -1 25 -1 17 -1 -1 -1 -1 -1 -1 -1 -1 -1 -1 -1 -1 24 22 21 20 19 18 -1 -1 
-1 0 2 3 4 -1 -1 8 -1 30 -1 -1 -1 5 -1 -1 -1 -1 -1 -1 1 -1 6 10 7 -1 -1 11 -1 -1 -1 13 -1 14 -1 15 -1 -1 12 -1 -1 -1 -1 -1 -1 -1 -1 -1 -1 -1 16 28 -1 -1 -1 9 -1 -1 29 -1 -1 -1 27 23 -1 26 -1 25 -1 17 -1 -1 -1 -1 -1 -1 -1 -1 -1 -1 -1 -1 24 22 21 20 19 18 -1 -1 
-1 0 2 3 4 -1 -1 8 -1 30 -1 -1 -1 5 -1 -1 -1 -1 -1 -1 1 -1 6 10 7 -1 -1 11 -1 -1 -1 13 -1 14 -1 15 -1 -1 12 -1 -1 -1 -1 -1 -1 31 -1 -1 -1 -1 16 28 -1 -1 -1 9 -1 -1 29 -1 -1 -1 27 23 -1 26 -1 25 -1 17 -1 -1 -1 -1 -1 -1 -1 -1 -1 -1 -1 -1 24 22 21 20 19 18 -1 -1 
-1 0 2 3 4 -1 -1 8 -1 30 -1 -1 -1 5 -1 -1 -1 -1 -1 -1 1 -1 6 10 7 -1 -1 11 9 -1 -1 13 -1 14 -1 15 -1 -1 12 -1 -1 -1 -1 -1 -1 31 -1 -1 -1 -1 16 28 -1 -1 -1 -1 -1 -1 29 -1 -1 -1 27 23 -1 26 -1 25 -1 17 -1 -1 -1 -1 -1 -1 -1 -1 -1 -1 -1 -1 24 22 21 20 19 18 -1 -1 
-1 0 2 3 4 -1 -1 8 -1 30 -1 -1 -1 5 -1 -1 -1 -1 -1 -1 1 -1 6 10 7 -1 -1 11 9 -1 -1 13 -1 14 -1 15 -1 -1 12 -1 -1 -1 -1 -1 -1 31 -1 30 -1 -1 16 28 -1 -1 -1 -1 -1 -1 29 -1 -1 -1 27 23 -1 26 -1 25 -1 17 -1 -1 -1 -1 -1 -1 -1 -1 -1 -1 -1 -1 24 22 21 20 19 18 -1 -1 
-1 0 2 3 4 -1 -1 -1 -1 30 -1 -1 -1 5 -1 -1 -1 -1 -1 -1 1 -1 6 10 7 -1 -1 11 9 -1 -1 13 -1 14 -1 15 -1 -1 12 -1 -1 -1 -1 8 -1 31 -1 30 -1 -1 16 28 -1 -1 -1 -1 -1 -1 29 -1 -1 -1 27 23 -1 26 -1 25 -1 17 -1 -1 -1 -1 -1 -1 -1 -1 -1 -1 -1 -1 24 22 21 20 19 18 -1 -1 
-1 0 2 3 4 -1 -1 -1 -1 30 -1 -1 -1 5 -1 -1 -1 -1 -1 -1 1 -1 6 10 7 -1 -1 11 9 -1 -1 13 -1 14 -1 15 -1 -1 12 -1 -1 -1 -1 8 -1 31 -1 30 -1 -1 16 28 -1 -1 -1 24 -1 -1 29 -1 -1 -1 27 23 -1 26 -1 25 -1 17 -1 -1 -1 -1 -1 -1 -1 -1 -1 -1 -1 -1 -1 22 21 20 19 18 -1 -1 
-1 0 2 3 4 -1 -1 -1 -1 30 -1 -1 -1 5 -1 -1 -1 -1 -1 -1 1 -1 6 10 7 -1 -1 11 9 -1 -1 13 -1 14 -1 15 -1 -1 -1 -1 -1 -1 -1 8 -1 31 -1 12 -1 -1 16 28 -1 -1 -1 24 -1 -1 29 -1 -1 -1 27 23 -1 26 -1 25 -1 17 -1 -1 -1 -1 -1 -1 -1 -1 -1 -1 -1 -1 -1 22 21 20 19 18 -1 -1 
-1 0 2 3 4 -1 -1 -1 -1 30 -1 -1 -1 5 -1 -1 -1 -1 -1 -1 1 -1 6 10 7 -1 -1 11 9 -1 -1 13 -1 14 -1 15 -1 -1 -1 -1 -1 -1 -1 8 -1 31 -1 16 -1 -1 -1 28 -1 -1 -1 24 -1 -1 29 -1 -1 -1 27 23 -1 26 -1 25 -1 17 -1 -1 -1 -1 -1 -1 -1 -1 -1 -1 -1 -1 -1 22 21 20 19 18 -1 -1 
-1 0 2 3 4 -1 -1 -1 -1 30 -1 -1 -1 5 -1 -1 -1 -1 -1 -1 -1 -1 6 10 7 -1 -1 11 9 -1 -1 13 -1 14 -1 15 -1 1 -1 -1 -1 -1 -1 8 -1 31 -1 16 -1 -1 -1 28 -1 -1 -1 24 -1 -1 29 -1 -1 -1 27 23 -1 26 -1 25 -1 17 -1 -1 -1 -1 -1 -1 -1 -1 -1 -1 -1 -1 -1 22 21 20 19 18 -1 -1 
-1 0 2 3 4 -1 -1 -1 -1 30 -1 -1 -1 5 -1 -1 -1 -1 -1 -1 -1 -1 6 10 7 -1 -1 11 9 -1 -1 13 -1 14 -1 15 -1 1 -1 -1 -1 -1 -1 8 -1 31 -1 16 -1 -1 -1 28 -1 -1 -1 -1 -1 24 29 -1 -1 -1 27 23 -1 26 -1 25 -1 17 -1 -1 -1 -1 -1 -1 -1 -1 -1 -1 -1 -1 -1 22 21 20 19 18 -1 -1 
-1 0 2 3 4 -1 -1 -1 -1 30 -1 -1 -1 5 -1 -1 -1 -1 -1 9 -1 -1 6 10 7 -1 -1 11 -1 -1 -1 13 -1 14 -1 15 -1 1 -1 -1 -1 -1 -1 8 -1 31 -1 16 -1 -1 -1 28 -1 -1 -1 -1 -1 24 29 -1 -1 -1 27 23 -1 26 -1 25 -1 17 -1 -1 -1 -1 -1 -1 -1 -1 -1 -1 -1 -1 -1 22 21 20 19 18 -1 -1 
-1 0 2 3 4 -1 -1 -1 -1 30 -1 -1 -1 5 -1 -1 -1 -1 -1 9 -1 -1 6 10 7 -1 -1 11 -1 -1 -1 13 -1 14 -1 15 -1 1 -1 -1 -1 -1 -1 8 -1 31 -1 16 -1 -1 17 28 -1 -1 -1 -1 -1 24 29 -1 -1 -1 27 23 -1 26 -1 25 -1 -1 -1 -1 -1 -1 -1 -1 -1 -1 -1 -1 -1 -1 -1 22 21 20 19 18 -1 -1 
-1 0 2 3 4 -1 -1 -1 -1 30 -1 -1 -1 5 -1 -1 -1 -1 -1 -1 -1 9 6 10 7 -1 -1 11 -1 -1 -1 13 -1 14 -1 15 -1 1 -1 -1 -1 -1 -1 8 -1 31 -1 16 -1 -1 17 28 -1 -1 -1 -1 -1 24 29 -1 -1 -1 27 23 -1 26 -1 25 -1 -1 -1 -1 -1 -1 -1 -1 -1 -1 -1 -1 -1 -1 -1 22 21 20 19 18 -1 -1 
-1 0 2 3 4 -1 -1 -1 -1 30 -1 -1 -1 5 -1 -1 -1 -1 -1 -1 -1 9 6 10 7 -1 -1 11 -1 -1 -1 17 -1 14 -1 15 -1 1 -1 -1 -1 -1 -1 8 -1 31 -1 16 -1 -1 -1 28 -1 -1 -1 -1 -1 24 29 -1 -1 -1 27 23 -1 26 -1 25 -1 -1 -1 -1 -1 -1 -1 -1 -1 -1 -1 -1 -1 -1 -1 22 21 20 19 18 -1 -1 
-1 0 2 3 4 -1 -1 -1 -1 30 -1 -1 -1 5 -1 -1 -1 -1 -1 -1 -1 9 6 -1 7 -1 -1 11 -1 -1 -1 17 10 14 -1 15 -1 1 -1 -1 -1 -1 -1 8 -1 31 -1 16 -1 -1 -1 28 -1 -1 -1 -1 -1 24 29 -1 -1 -1 27 23 -1 26 -1 25 -1 -1 -1 -1 -1 -1 -1 -1 -1 -1 -1 -1 -1 -1 -1 22 21 20 19 18 -1 -1 
-1 0 2 3 4 -1 -1 -1 -1 30 -1 -1 -1 5 -1 -1 -1 -1 -1 -1 -1 9 6 -1 7 -1 -1 11 -1 -1 -1 -1 10 14 -1 15 -1 1 17 -1 -1 -1 -1 8 -1 31 -1 16 -1 -1 -1 28 -1 -1 -1 -1 -1 24 29 -1 -1 -1 27 23 -1 26 -1 25 -1 -1 -1 -1 -1 -1 -1 -1 -1 -1 -1 -1 -1 -1 -1 22 21 20 19 18 -1 -1 
-1 0 2 3 4 -1 -1 -1 -1 30 -1 -1 -1 5 -1 -1 -1 -1 -1 -1 -1 -1 6 -1 7 -1 -1 11 -1 -1 -1 -1 10 14 -1 15 -1 1 17 9 -1 -1 -1 8 -1 31 -1 16 -1 -1 -1 28 -1 -1 -1 -1 -1 24 29 -1 -1 -1 27 23 -1 26 -1 25 -1 -1 -1 -1 -1 -1 -1 -1 -1 -1 -1 -1 -1 -1 -1 22 21 20 19 18 -1 -1 
-1 0 2 3 4 -1 -1 -1 -1 30 -1 -1 -1 5 -1 -1 -1 -1 -1 -1 -1 -1 6 -1 7 -1 -1 11 -1 -1 -1 -1 10 14 -1 15 -1 1 17 9 -1 -1 -1 8 -1 31 -1 -1 -1 -1 16 28 -1 -1 -1 -1 -1 24 29 -1 -1 -1 27 23 -1 26 -1 25 -1 -1 -1 -1 -1 -1 -1 -1 -1 -1 -1 -1 -1 -1 -1 22 21 20 19 18 -1 -1 
-1 0 2 3 4 -1 -1 -1 -1 30 -1 -1 -1 5 -1 -1 -1 -1 -1 -1 -1 -1 6 -1 7 -1 -1 11 -1 -1 -1 -1 10 14 -1 15 -1 1 17 -1 -1 9 -1 8 -1 31 -1 -1 -1 -1 16 28 -1 -1 -1 -1 -1 24 29 -1 -1 -1 27 23 -1 26 -1 25 -1 -1 -1 -1 -1 -1 -1 -1 -1 -1 -1 -1 -1 -1 -1 22 21 20 19 18 -1 -1 
-1 0 2 3 4 -1 -1 -1 -1 30 -1 -1 -1 5 -1 -1 -1 -1 -1 -1 -1 -1 6 -1 7 -1 -1 11 -1 -1 -1 -1 10 14 -1 15 -1 1 17 -1 -1 9 -1 8 -1 31 -1 -1 16 -1 -1 28 -1 -1 -1 -1 -1 24 29 -1 -1 -1 27 23 -1 26 -1 25 -1 -1 -1 -1 -1 -1 -1 -1 -1 -1 -1 -1 -1 -1 -1 22 21 20 19 18 -1 -1 
-1 0 2 3 4 -1 -1 -1 -1 30 -1 -1 -1 5 -1 -1 -1 -1 -1 -1 -1 -1 6 -1 7 -1 -1 11 -1 -1 -1 -1 10 14 -1 15 -1 1 17 -1 -1 -1 -1 8 -1 31 -1 -1 16 -1 -1 28 -1 -1 -1 -1 -1 24 29 9 -1 -1 27 23 -1 26 -1 25 -1 -1 -1 -1 -1 -1 -1 -1 -1 -1 -1 -1 -1 -1 -1 22 21 20 19 18 -1 -1 
-1 0 26 3 4 -1 -1 -1 -1 30 -1 -1 -1 5 -1 -1 -1 -1 -1 -1 -1 -1 6 -1 7 -1 -1 11 -1 -1 -1 -1 10 14 -1 15 -1 1 17 -1 -1 -1 -1 8 -1 31 -1 -1 16 -1 -1 28 -1 -1 -1 -1 -1 24 29 9 -1 -1 27 23 -1 -1 -1 25 -1 -1 -1 -1 -1 -1 -1 -1 -1 -1 -1 -1 -1 -1 -1 22 21 20 19 18 -1 -1 
-1 -1 0 3 4 -1 -1 -1 -1 30 -1 -1 -1 5 -1 -1 -1 -1 -1 -1 -1 -1 6 -1 7 -1 -1 11 -1 -1 -1 -1 10 14 -1 15 -1 1 17 -1 -1 -1 -1 8 -1 31 -1 -1 16 -1 -1 28 -1 -1 -1 -1 -1 24 29 9 -1 -1 27 23 -1 -1 -1 25 -1 -1 -1 -1 -1 -1 -1 -1 -1 -1 -1 -1 -1 -1 -1 22 21 20 19 18 -1 -1 
-1 -1 0 3 4 -1 -1 -1 -1 30 -1 -1 -1 5 -1 -1 -1 -1 -1 -1 -1 -1 25 -1 7 -1 -1 11 -1 -1 -1 -1 10 14 -1 15 -1 1 17 -1 -1 -1 -1 8 -1 31 -1 -1 16 -1 -1 28 -1 -1 -1 -1 -1 24 29 9 -1 -1 27 23 -1 -1 -1 -1 -1 -1 -1 -1 -1 -1 -1 -1 -1 -1 -1 -1 -1 -1 -1 22 21 20 19 18 -1 -1 
-1 -1 0 3 -1 4 -1 -1 -1 30 -1 -1 -1 5 -1 -1 -1 -1 -1 -1 -1 -1 25 -1 7 -1 -1 11 -1 -1 -1 -1 10 14 -1 15 -1 1 17 -1 -1 -1 -1 8 -1 31 -1 -1 16 -1 -1 28 -1 -1 -1 -1 -1 24 29 9 -1 -1 27 23 -1 -1 -1 -1 -1 -1 -1 -1 -1 -1 -1 -1 -1 -1 -1 -1 -1 -1 -1 22 21 20 19 18 -1 -1 
-1 -1 0 3 -1 4 -1 -1 -1 30 -1 -1 -1 5 -1 -1 -1 -1 -1 -1 -1 -1 25 -1 7 -1 -1 11 -1 -1 -1 -1 10 14 -1 15 -1 1 17 -1 -1 -1 -1 8 -1 31 -1 -1 -1 -1 16 28 -1 -1 -1 -1 -1 24 29 9 -1 -1 27 23 -1 -1 -1 -1 -1 -1 -1 -1 -1 -1 -1 -1 -1 -1 -1 -1 -1 -1 -1 22 21 20 19 18 -1 -1 
-1 -1 0 3 -1 4 -1 -1 -1 30 -1 -1 -1 5 10 -1 -1 -1 -1 -1 -1 -1 25 -1 7 -1 -1 11 -1 -1 -1 -1 -1 14 -1 15 -1 1 17 -1 -1 -1 -1 8 -1 31 -1 -1 -1 -1 16 28 -1 -1 -1 -1 -1 24 29 9 -1 -1 27 23 -1 -1 -1 -1 -1 -1 -1 -1 -1 -1 -1 -1 -1 -1 -1 -1 -1 -1 -1 22 21 20 19 18 -1 -1 
-1 -1 0 3 -1 4 -1 -1 -1 30 -1 -1 -1 5 10 -1 -1 -1 -1 -1 -1 -1 25 -1 7 -1 -1 11 -1 -1 -1 -1 -1 14 -1 15 -1 1 17 -1 -1 -1 -1 8 -1 31 -1 -1 -1 29 16 28 -1 -1 -1 -1 -1 24 -1 9 -1 -1 27 23 -1 -1 -1 -1 -1 -1 -1 -1 -1 -1 -1 -1 -1 -1 -1 -1 -1 -1 -1 22 21 20 19 18 -1 -1 
-1 -1 -1 3 -1 4 -1 -1 -1 30 -1 -1 -1 5 10 -1 -1 -1 -1 -1 -1 -1 25 -1 7 -1 -1 11 -1 -1 -1 -1 -1 14 -1 15 -1 1 0 -1 -1 -1 -1 8 -1 31 -1 -1 -1 29 16 28 -1 -1 -1 -1 -1 24 -1 9 -1 -1 27 23 -1 -1 -1 -1 -1 -1 -1 -1 -1 -1 -1 -1 -1 -1 -1 -1 -1 -1 -1 22 21 20 19 18 -1 -1 
-1 -1 -1 3 -1 4 -1 -1 -1 30 -1 -1 -1 5 10 -1 -1 -1 -1 -1 -1 -1 25 -1 7 -1 -1 11 -1 -1 -1 -1 -1 14 -1 15 -1 1 0 -1 -1 -1 -1 8 -1 31 -1 -1 -1 29 16 28 -1 -1 -1 -1 -1 -1 -1 24 -1 -1 27 23 -1 -1 -1 -1 -1 -1 -1 -1 -1 -1 -1 -1 -1 -1 -1 -1 -1 -1 -1 22 21 20 19 18 -1 -1 
-1 -1 -1 3 -1 4 -1 7 -1 30 -1 -1 -1 5 10 -1 -1 -1 -1 -1 -1 -1 25 -1 -1 -1 -1 11 -1 -1 -1 -1 -1 14 -1 15 -1 1 0 -1 -1 -1 -1 8 -1 31 -1 -1 -1 29 16 28 -1 -1 -1 -1 -1 -1 -1 24 -1 -1 27 23 -1 -1 -1 -1 -1 -1 -1 -1 -1 -1 -1 -1 -1 -1 -1 -1 -1 -1 -1 22 21 20 19 18 -1 -1 
-1 -1 -1 3 -1 4 -1 7 -1 30 -1 -1 -1 5 10 -1 -1 -1 -1 -1 -1 -1 25 -1 -1 -1 -1 11 -1 -1 -1 -1 16 14 -1 15 -1 1 0 -1 -1 -1 -1 8 -1 31 -1 -1 -1 29 -1 28 -1 -1 -1 -1 -1 -1 -1 24 -1 -1 27 23 -1 -1 -1 -1 -1 -1 -1 -1 -1 -1 -1 -1 -1 -1 -1 -1 -1 -1 -1 22 21 20 19 18 -1 -1 
-1 -1 -1 3 -1 4 -1 7 -1 30 -1 -1 -1 -1 10 -1 -1 -1 -1 -1 -1 -1 25 5 -1 -1 -1 11 -1 -1 -1 -1 16 14 -1 15 -1 1 0 -1 -1 -1 -1 8 -1 31 -1 -1 -1 29 -1 28 -1 -1 -1 -1 -1 -1 -1 24 -1 -1 27 23 -1 -1 -1 -1 -1 -1 -1 -1 -1 -1 -1 -1 -1 -1 -1 -1 -1 -1 -1 22 21 20 19 18 -1 -1 
-1 -1 -1 3 -1 4 -1 7 -1 30 -1 -1 -1 -1 10 -1 -1 -1 -1 -1 -1 -1 25 16 -1 -1 -1 11 -1 -1 -1 -1 -1 14 -1 15 -1 1 0 -1 -1 -1 -1 8 -1 31 -1 -1 -1 29 -1 28 -1 -1 -1 -1 -1 -1 -1 24 -1 -1 27 23 -1 -1 -1 -1 -1 -1 -1 -1 -1 -1 -1 -1 -1 -1 -1 -1 -1 -1 -1 22 21 20 19 18 -1 -1 
-1 -1 -1 3 4 -1 -1 7 -1 30 -1 -1 -1 -1 10 -1 -1 -1 -1 -1 -1 -1 25 16 -1 -1 -1 11 -1 -1 -1 -1 -1 14 -1 15 -1 1 0 -1 -1 -1 -1 8 -1 31 -1 -1 -1 29 -1 28 -1 -1 -1 -1 -1 -1 -1 24 -1 -1 27 23 -1 -1 -1 -1 -1 -1 -1 -1 -1 -1 -1 -1 -1 -1 -1 -1 -1 -1 -1 22 21 20 19 18 -1 -1 
-1 -1 -1 3 4 -1 -1 7 -1 30 -1 -1 -1 -1 10 -1 -1 -1 -1 -1 -1 -1 25 16 -1 -1 -1 11 -1 -1 -1 -1 -1 14 -1 15 -1 1 0 -1 -1 -1 -1 8 -1 31 -1 -1 -1 29 -1 28 -1 -1 -1 -1 -1 -1 24 -1 -1 -1 27 23 -1 -1 -1 -1 -1 -1 -1 -1 -1 -1 -1 -1 -1 -1 -1 -1 -1 -1 -1 22 21 20 19 18 -1 -1 
-1 -1 -1 3 4 -1 -1 7 -1 30 -1 -1 -1 -1 10 -1 -1 -1 -1 -1 -1 -1 25 16 -1 -1 -1 11 -1 -1 -1 -1 -1 14 -1 15 -1 1 -1 -1 -1 0 -1 8 -1 31 -1 -1 -1 29 -1 28 -1 -1 -1 -1 -1 -1 24 -1 -1 -1 27 23 -1 -1 -1 -1 -1 -1 -1 -1 -1 -1 -1 -1 -1 -1 -1 -1 -1 -1 -1 22 21 20 19 18 -1 -1 
-1 -1 -1 3 4 -1 -1 7 -1 30 -1 -1 -1 -1 10 -1 -1 -1 -1 -1 -1 -1 25 -1 -1 -1 -1 11 -1 -1 -1 -1 -1 14 -1 15 -1 1 -1 -1 -1 16 -1 8 -1 31 -1 -1 -1 29 -1 28 -1 -1 -1 -1 -1 -1 24 -1 -1 -1 27 23 -1 -1 -1 -1 -1 -1 -1 -1 -1 -1 -1 -1 -1 -1 -1 -1 -1 -1 -1 22 21 20 19 18 -1 -1 
-1 -1 -1 3 4 -1 -1 7 -1 30 -1 -1 -1 -1 10 -1 -1 -1 -1 -1 -1 -1 25 -1 -1 -1 -1 11 -1 -1 -1 -1 -1 14 -1 15 -1 1 -1 -1 -1 8 -1 -1 -1 31 -1 -1 -1 29 -1 28 -1 -1 -1 -1 -1 -1 24 -1 -1 -1 27 23 -1 -1 -1 -1 -1 -1 -1 -1 -1 -1 -1 -1 -1 -1 -1 -1 -1 -1 -1 22 21 20 19 18 -1 -1 
-1 -1 -1 3 4 -1 -1 7 -1 30 -1 -1 -1 -1 10 -1 -1 -1 -1 -1 -1 -1 25 -1 -1 -1 -1 11 -1 -1 -1 -1 -1 14 -1 15 -1 1 -1 -1 29 8 -1 -1 -1 31 -1 -1 -1 -1 -1 28 -1 -1 -1 -1 -1 -1 24 -1 -1 -1 27 23 -1 -1 -1 -1 -1 -1 -1 -1 -1 -1 -1 -1 -1 -1 -1 -1 -1 -1 -1 22 21 20 19 18 -1 -1 
-1 -1 -1 3 4 -1 -1 7 -1 30 -1 -1 -1 -1 10 -1 -1 -1 -1 -1 -1 -1 25 0 -1 -1 -1 11 -1 -1 -1 -1 -1 14 -1 15 -1 1 -1 -1 29 -1 -1 -1 -1 31 -1 -1 -1 -1 -1 28 -1 -1 -1 -1 -1 -1 24 -1 -1 -1 27 23 -1 -1 -1 -1 -1 -1 -1 -1 -1 -1 -1 -1 -1 -1 -1 -1 -1 -1 -1 22 21 20 19 18 -1 -1 
-1 -1 -1 3 4 -1 -1 7 -1 30 -1 -1 -1 -1 10 -1 -1 -1 -1 -1 -1 -1 -1 0 -1 -1 -1 11 -1 -1 -1 25 -1 14 -1 15 -1 1 -1 -1 29 -1 -1 -1 -1 31 -1 -1 -1 -1 -1 28 -1 -1 -1 -1 -1 -1 24 -1 -1 -1 27 23 -1 -1 -1 -1 -1 -1 -1 -1 -1 -1 -1 -1 -1 -1 -1 -1 -1 -1 -1 22 21 20 19 18 -1 -1 
-1 -1 -1 3 4 -1 -1 -1 -1 30 -1 -1 -1 -1 10 -1 -1 -1 -1 -1 -1 -1 -1 0 7 -1 -1 11 -1 -1 -1 25 -1 14 -1 15 -1 1 -1 -1 29 -1 -1 -1 -1 31 -1 -1 -1 -1 -1 28 -1 -1 -1 -1 -1 -1 24 -1 -1 -1 27 23 -1 -1 -1 -1 -1 -1 -1 -1 -1 -1 -1 -1 -1 -1 -1 -1 -1 -1 -1 22 21 20 19 18 -1 -1 
-1 -1 -1 3 4 -1 -1 -1 -1 30 -1 -1 -1 -1 10 -1 -1 -1 -1 -1 -1 -1 -1 0 7 -1 -1 11 -1 -1 -1 25 -1 14 -1 15 -1 1 -1 -1 29 -1 -1 -1 -1 31 -1 -1 -1 -1 -1 28 -1 -1 -1 -1 -1 -1 24 -1 -1 -1 27 23 -1 -1 -1 -1 -1 -1 -1 -1 -1 -1 -1 -1 21 -1 -1 -1 -1 -1 -1 22 -1 20 19 18 -1 -1 
-1 -1 -1 3 4 -1 -1 -1 -1 30 -1 -1 -1 -1 10 -1 -1 -1 -1 -1 0 -1 -1 -1 7 -1 -1 11 -1 -1 -1 25 -1 14 -1 15 -1 1 -1 -1 29 -1 -1 -1 -1 31 -1 -1 -1 -1 -1 28 -1 -1 -1 -1 -1 -1 24 -1 -1 -1 27 23 -1 -1 -1 -1 -1 -1 -1 -1 -1 -1 -1 -1 21 -1 -1 -1 -1 -1 -1 22 -1 20 19 18 -1 -1 
-1 -1 -1 3 4 -1 -1 -1 -1 30 -1 -1 -1 -1 10 -1 -1 -1 -1 -1 0 -1 -1 -1 7 -1 -1 11 -1 -1 -1 25 -1 14 -1 15 -1 1 -1 -1 29 -1 -1 -1 -1 31 -1 -1 -1 -1 -1 28 -1 -1 -1 -1 -1 -1 24 -1 -1 -1 27 23 -1 -1 -1 18 -1 -1 -1 -1 -1 -1 -1 -1 21 -1 -1 -1 -1 -1 -1 22 -1 20 19 -1 -1 -1 
-1 -1 -1 3 4 -1 -1 -1 -1 30 -1 -1 -1 -1 10 -1 -1 -1 -1 -1 0 -1 -1 -1 7 -1 -1 11 -1 -1 -1 25 -1 14 -1 15 -1 -1 -1 -1 29 -1 -1 -1 -1 31 -1 -1 1 -1 -1 28 -1 -1 -1 -1 -1 -1 24 -1 -1 -1 27 23 -1 -1 -1 18 -1 -1 -1 -1 -1 -1 -1 -1 21 -1 -1 -1 -1 -1 -1 22 -1 20 19 -1 -1 -1 
-1 -1 -1 3 4 -1 -1 -1 -1 30 -1 -1 -1 -1 10 -1 -1 -1 -1 -1 0 -1 -1 -1 7 -1 -1 11 -1 -1 -1 25 -1 14 -1 15 -1 -1 -1 29 -1 -1 -1 -1 -1 31 -1 -1 1 -1 -1 28 -1 -1 -1 -1 -1 -1 24 -1 -1 -1 27 23 -1 -1 -1 18 -1 -1 -1 -1 -1 -1 -1 -1 21 -1 -1 -1 -1 -1 -1 22 -1 20 19 -1 -1 -1 
-1 -1 -1 3 4 -1 -1 -1 -1 30 -1 -1 -1 -1 10 -1 -1 -1 -1 -1 -1 0 -1 -1 7 -1 -1 11 -1 -1 -1 25 -1 14 -1 15 -1 -1 -1 29 -1 -1 -1 -1 -1 31 -1 -1 1 -1 -1 28 -1 -1 -1 -1 -1 -1 24 -1 -1 -1 27 23 -1 -1 -1 18 -1 -1 -1 -1 -1 -1 -1 -1 21 -1 -1 -1 -1 -1 -1 22 -1 20 19 -1 -1 -1 
-1 -1 -1 3 4 -1 -1 -1 -1 30 -1 -1 -1 -1 10 -1 -1 -1 -1 -1 -1 0 -1 -1 7 -1 -1 11 -1 -1 25 -1 -1 14 -1 15 -1 -1 -1 29 -1 -1 -1 -1 -1 31 -1 -1 1 -1 -1 28 -1 -1 -1 -1 -1 -1 24 -1 -1 -1 27 23 -1 -1 -1 18 -1 -1 -1 -1 -1 -1 -1 -1 21 -1 -1 -1 -1 -1 -1 22 -1 20 19 -1 -1 -1 
-1 -1 -1 3 4 -1 -1 -1 -1 30 -1 -1 -1 -1 10 -1 -1 -1 -1 -1 -1 0 -1 -1 7 -1 -1 11 -1 -1 25 -1 -1 14 -1 15 -1 -1 -1 29 -1 -1 -1 -1 -1 31 -1 -1 1 -1 -1 28 -1 -1 -1 -1 -1 -1 9 -1 -1 -1 27 23 -1 -1 -1 18 -1 -1 -1 -1 -1 -1 -1 -1 21 -1 -1 -1 -1 -1 -1 22 -1 20 19 -1 -1 -1 
-1 -1 -1 3 4 -1 -1 -1 -1 30 -1 -1 -1 -1 10 -1 -1 -1 -1 -1 -1 0 -1 -1 7 -1 -1 11 -1 -1 -1 -1 -1 14 -1 15 -1 -1 -1 29 -1 -1 -1 -1 -1 31 -1 -1 25 -1 -1 28 -1 -1 -1 -1 -1 -1 9 -1 -1 -1 27 23 -1 -1 -1 18 -1 -1 -1 -1 -1 -1 -1 -1 21 -1 -1 -1 -1 -1 -1 22 -1 20 19 -1 -1 -1 
-1 -1 -1 3 4 -1 -1 -1 -1 30 -1 -1 -1 -1 10 -1 -1 -1 -1 -1 -1 -1 -1 -1 7 -1 -1 11 -1 -1 -1 -1 -1 14 -1 15 -1 -1 -1 0 -1 -1 -1 -1 -1 31 -1 -1 25 -1 -1 28 -1 -1 -1 -1 -1 -1 9 -1 -1 -1 27 23 -1 -1 -1 18 -1 -1 -1 -1 -1 -1 -1 -1 21 -1 -1 -1 -1 -1 -1 22 -1 20 19 -1 -1 -1 
-1 -1 -1 3 4 -1 -1 -1 -1 30 -1 -1 -1 -1 10 -1 -1 -1 -1 -1 -1 -1 -1 -1 7 -1 -1 11 -1 -1 -1 -1 -1 14 -1 15 -1 -1 -1 0 -1 -1 -1 -1 -1 31 -1 25 -1 -1 -1 28 -1 -1 -1 -1 -1 -1 9 -1 -1 -1 27 23 -1 -1 -1 18 -1 -1 -1 -1 -1 -1 -1 -1 21 -1 -1 -1 -1 -1 -1 22 -1 20 19 -1 -1 -1 
-1 -1 -1 3 4 -1 -1 -1 -1 30 -1 -1 -1 -1 10 -1 -1 -1 -1 -1 -1 -1 -1 -1 7 -1 -1 11 -1 -1 -1 -1 -1 14 -1 15 -1 -1 -1 0 -1 -1 -1 -1 -1 31 -1 25 -1 -1 -1 28 -1 -1 -1 -1 -1 -1 -1 -1 -1 -1 27 23 -1 -1 -1 18 -1 -1 -1 -1 -1 -1 -1 -1 9 -1 -1 -1 -1 -1 -1 22 -1 20 19 -1 -1 -1 
-1 -1 -1 3 4 -1 -1 -1 -1 30 -1 -1 -1 -1 10 -1 -1 -1 -1 -1 -1 -1 -1 -1 7 -1 -1 11 -1 -1 -1 -1 -1 14 -1 15 -1 -1 -1 0 -1 -1 -1 -1 -1 31 -1 -1 -1 -1 -1 28 -1 -1 -1 -1 -1 -1 -1 -1 -1 -1 27 23 -1 25 -1 18 -1 -1 -1 -1 -1 -1 -1 -1 9 -1 -1 -1 -1 -1 -1 22 -1 20 19 -1 -1 -1 
-1 -1 -1 -1 4 -1 -1 -1 -1 30 -1 -1 -1 3 10 -1 -1 -1 -1 -1 -1 -1 -1 -1 7 -1 -1 11 -1 -1 -1 -1 -1 14 -1 15 -1 -1 -1 0 -1 -1 -1 -1 -1 31 -1 -1 -1 -1 -1 28 -1 -1 -1 -1 -1 -1 -1 -1 -1 -1 27 23 -1 25 -1 18 -1 -1 -1 -1 -1 -1 -1 -1 9 -1 -1 -1 -1 -1 -1 22 -1 20 19 -1 -1 -1 
-1 -1 -1 -1 4 -1 -1 -1 -1 30 -1 -1 -1 3 10 -1 -1 -1 -1 -1 -1 -1 -1 -1 7 -1 -1 11 -1 -1 -1 -1 -1 14 -1 15 -1 -1 -1 0 -1 -1 -1 -1 -1 31 -1 -1 -1 -1 -1 28 -1 -1 -1 -1 23 -1 -1 -1 -1 -1 27 -1 -1 25 -1 18 -1 -1 -1 -1 -1 -1 -1 -1 9 -1 -1 -1 -1 -1 -1 22 -1 20 19 -1 -1 -1 
-1 -1 -1 -1 4 -1 -1 -1 -1 30 -1 -1 -1 3 10 -1 -1 -1 -1 -1 -1 -1 -1 -1 7 -1 -1 11 -1 -1 -1 -1 -1 14 -1 15 -1 -1 -1 -1 -1 0 -1 -1 -1 31 -1 -1 -1 -1 -1 28 -1 -1 -1 -1 23 -1 -1 -1 -1 -1 27 -1 -1 25 -1 18 -1 -1 -1 -1 -1 -1 -1 -1 9 -1 -1 -1 -1 -1 -1 22 -1 20 19 -1 -1 -1 
-1 -1 -1 -1 4 -1 -1 -1 -1 30 -1 -1 -1 3 10 -1 -1 -1 -1 -1 -1 -1 -1 -1 7 -1 -1 11 -1 -1 -1 -1 -1 14 -1 15 -1 -1 -1 -1 -1 0 -1 -1 -1 31 -1 -1 -1 -1 -1 28 -1 -1 -1 -1 23 -1 -1 -1 -1 -1 27 25 -1 -1 -1 18 -1 -1 -1 -1 -1 -1 -1 -1 9 -1 -1 -1 -1 -1 -1 22 -1 20 19 -1 -1 -1 
-1 -1 -1 -1 4 -1 -1 -1 -1 30 -1 -1 -1 3 10 -1 -1 -1 -1 -1 -1 -1 -1 -1 7 -1 -1 11 -1 -1 -1 -1 -1 -1 -1 15 -1 -1 -1 -1 -1 0 14 -1 -1 31 -1 -1 -1 -1 -1 28 -1 -1 -1 -1 23 -1 -1 -1 -1 -1 27 25 -1 -1 -1 18 -1 -1 -1 -1 -1 -1 -1 -1 9 -1 -1 -1 -1 -1 -1 22 -1 20 19 -1 -1 -1 
-1 -1 -1 -1 4 -1 -1 -1 -1 30 -1 -1 -1 3 10 -1 -1 -1 -1 -1 -1 -1 -1 -1 7 -1 -1 11 -1 -1 -1 -1 -1 -1 -1 15 -1 -1 -1 -1 -1 0 28 -1 -1 31 -1 -1 -1 -1 -1 -1 -1 -1 -1 -1 23 -1 -1 -1 -1 -1 27 25 -1 -1 -1 18 -1 -1 -1 -1 -1 -1 -1 -1 9 -1 -1 -1 -1 -1 -1 22 -1 20 19 -1 -1 -1 
-1 -1 -1 -1 4 -1 -1 -1 -1 30 -1 -1 -1 3 10 -1 -1 -1 -1 -1 -1 -1 -1 -1 7 -1 -1 11 -1 -1 -1 -1 -1 -1 -1 15 -1 -1 -1 -1 -1 -1 0 -1 -1 31 -1 -1 -1 -1 -1 -1 -1 -1 -1 -1 23 -1 -1 -1 -1 -1 27 25 -1 -1 -1 18 -1 -1 -1 -1 -1 -1 -1 -1 9 -1 -1 -1 -1 -1 -1 22 -1 20 19 -1 -1 -1 
-1 -1 -1 -1 4 -1 -1 -1 -1 30 -1 -1 -1 3 10 -1 -1 -1 -1 -1 -1 -1 -1 -1 7 -1 -1 11 -1 -1 -1 -1 -1 -1 -1 15 -1 -1 -1 -1 -1 -1 0 -1 -1 31 -1 -1 -1 -1 -1 -1 -1 -1 -1 -1 23 -1 -1 -1 -1 24 27 25 -1 -1 -1 18 -1 -1 -1 -1 -1 -1 -1 -1 9 -1 -1 -1 -1 -1 -1 22 -1 20 19 -1 -1 -1 
-1 -1 -1 -1 4 -1 -1 -1 -1 30 -1 -1 -1 3 10 -1 -1 -1 -1 -1 -1 -1 -1 -1 7 -1 -1 11 -1 -1 -1 -1 -1 -1 -1 15 -1 -1 0 -1 -1 -1 -1 -1 -1 31 -1 -1 -1 -1 -1 -1 -1 -1 -1 -1 23 -1 -1 -1 -1 24 27 25 -1 -1 -1 18 -1 -1 -1 -1 -1 -1 -1 -1 9 -1 -1 -1 -1 -1 -1 22 -1 20 19 -1 -1 -1 
-1 -1 -1 -1 4 -1 -1 -1 -1 30 -1 -1 -1 3 10 -1 -1 -1 -1 -1 -1 -1 -1 -1 7 -1 -1 25 -1 -1 -1 -1 -1 -1 -1 15 -1 -1 0 -1 -1 -1 -1 -1 -1 31 -1 -1 -1 -1 -1 -1 -1 -1 -1 -1 23 -1 -1 -1 -1 24 27 -1 -1 -1 -1 18 -1 -1 -1 -1 -1 -1 -1 -1 9 -1 -1 -1 -1 -1 -1 22 -1 20 19 -1 -1 -1 
-1 -1 -1 -1 4 -1 -1 -1 -1 30 -1 -1 -1 3 10 -1 -1 -1 -1 -1 -1 -1 -1 -1 7 -1 -1 25 -1 -1 -1 -1 -1 -1 -1 -1 -1 -1 0 -1 -1 -1 -1 -1 15 31 -1 -1 -1 -1 -1 -1 -1 -1 -1 -1 23 -1 -1 -1 -1 24 27 -1 -1 -1 -1 18 -1 -1 -1 -1 -1 -1 -1 -1 9 -1 -1 -1 -1 -1 -1 22 -1 20 19 -1 -1 -1 
-1 -1 -1 -1 4 -1 -1 -1 -1 30 -1 -1 -1 3 10 -1 -1 -1 -1 -1 -1 -1 -1 -1 7 -1 -1 -1 25 -1 -1 -1 -1 -1 -1 -1 -1 -1 0 -1 -1 -1 -1 -1 15 31 -1 -1 -1 -1 -1 -1 -1 -1 -1 -1 23 -1 -1 -1 -1 24 27 -1 -1 -1 -1 18 -1 -1 -1 -1 -1 -1 -1 -1 9 -1 -1 -1 -1 -1 -1 22 -1 20 19 -1 -1 -1 
-1 -1 -1 -1 4 -1 -1 -1 -1 30 -1 -1 -1 3 10 -1 -1 -1 -1 -1 -1 -1 -1 -1 7 -1 -1 -1 25 -1 -1 -1 -1 -1 -1 -1 -1 -1 0 -1 -1 -1 -1 -1 15 31 -1 -1 -1 -1 -1 -1 -1 -1 -1 -1 23 -1 -1 -1 -1 24 27 -1 -1 -1 -1 18 -1 -1 -1 -1 -1 -1 9 -1 -1 -1 -1 -1 -1 -1 -1 22 -1 20 19 -1 -1 -1 
-1 -1 -1 -1 4 -1 -1 -1 -1 30 -1 -1 -1 3 10 -1 -1 -1 -1 -1 -1 -1 -1 -1 7 -1 -1 -1 25 -1 -1 17 -1 -1 -1 -1 -1 -1 -1 -1 -1 -1 -1 -1 15 31 -1 -1 -1 -1 -1 -1 -1 -1 -1 -1 23 -1 -1 -1 -1 24 27 -1 -1 -1 -1 18 -1 -1 -1 -1 -1 -1 9 -1 -1 -1 -1 -1 -1 -1 -1 22 -1 20 19 -1 -1 -1 
-1 -1 -1 -1 4 -1 -1 -1 -1 30 -1 -1 -1 3 10 -1 -1 -1 -1 -1 -1 -1 -1 -1 7 -1 -1 -1 25 -1 -1 17 -1 -1 -1 -1 -1 -1 -1 -1 0 -1 -1 -1 15 31 -1 -1 -1 -1 -1 -1 -1 -1 -1 -1 23 -1 -1 -1 -1 24 27 -1 -1 -1 -1 18 -1 -1 -1 -1 -1 -1 9 -1 -1 -1 -1 -1 -1 -1 -1 22 -1 20 19 -1 -1 -1 
-1 -1 -1 -1 4 -1 -1 -1 -1 30 -1 -1 -1 3 10 -1 -1 -1 -1 -1 -1 -1 -1 -1 7 -1 -1 -1 25 -1 -1 -1 -1 -1 -1 -1 -1 -1 -1 -1 0 -1 -1 -1 15 31 -1 -1 17 -1 -1 -1 -1 -1 -1 -1 23 -1 -1 -1 -1 24 27 -1 -1 -1 -1 18 -1 -1 -1 -1 -1 -1 9 -1 -1 -1 -1 -1 -1 -1 -1 22 -1 20 19 -1 -1 -1 
-1 -1 -1 -1 4 -1 -1 -1 -1 30 -1 -1 -1 3 10 -1 -1 -1 -1 -1 -1 -1 -1 -1 7 -1 -1 -1 25 -1 -1 -1 -1 -1 -1 -1 -1 0 -1 -1 -1 -1 -1 -1 15 31 -1 -1 17 -1 -1 -1 -1 -1 -1 -1 23 -1 -1 -1 -1 24 27 -1 -1 -1 -1 18 -1 -1 -1 -1 -1 -1 9 -1 -1 -1 -1 -1 -1 -1 -1 22 -1 20 19 -1 -1 -1 
-1 -1 -1 -1 4 -1 -1 -1 -1 30 -1 -1 -1 3 10 -1 -1 -1 -1 -1 -1 -1 -1 -1 7 -1 -1 -1 25 17 -1 -1 -1 -1 -1 -1 -1 0 -1 -1 -1 -1 -1 -1 15 31 -1 -1 -1 -1 -1 -1 -1 -1 -1 -1 23 -1 -1 -1 -1 24 27 -1 -1 -1 -1 18 -1 -1 -1 -1 -1 -1 9 -1 -1 -1 -1 -1 -1 -1 -1 22 -1 20 19 -1 -1 -1 
-1 -1 -1 -1 4 -1 -1 -1 -1 30 -1 -1 -1 3 10 -1 -1 -1 -1 -1 -1 -1 -1 -1 7 -1 -1 -1 25 17 -1 -1 -1 -1 -1 -1 -1 -1 0 -1 -1 -1 -1 -1 15 31 -1 -1 -1 -1 -1 -1 -1 -1 -1 -1 23 -1 -1 -1 -1 24 27 -1 -1 -1 -1 18 -1 -1 -1 -1 -1 -1 9 -1 -1 -1 -1 -1 -1 -1 -1 22 -1 20 19 -1 -1 -1 
-1 -1 -1 -1 4 -1 -1 -1 -1 30 -1 -1 -1 3 10 -1 -1 -1 -1 -1 -1 -1 -1 -1 7 -1 -1 -1 25 17 -1 -1 -1 -1 -1 -1 -1 -1 0 -1 -1 -1 -1 -1 15 31 -1 -1 -1 -1 -1 -1 -1 -1 -1 -1 23 -1 -1 -1 -1 24 27 22 -1 -1 -1 18 -1 -1 -1 -1 -1 -1 9 -1 -1 -1 -1 -1 -1 -1 -1 -1 -1 20 19 -1 -1 -1 
-1 -1 -1 -1 4 -1 -1 -1 -1 30 -1 -1 -1 3 10 -1 -1 -1 -1 -1 -1 -1 -1 -1 -1 -1 -1 -1 25 17 -1 -1 -1 -1 -1 -1 -1 -1 0 -1 -1 -1 -1 7 15 31 -1 -1 -1 -1 -1 -1 -1 -1 -1 -1 23 -1 -1 -1 -1 24 27 22 -1 -1 -1 18 -1 -1 -1 -1 -1 -1 9 -1 -1 -1 -1 -1 -1 -1 -1 -1 -1 20 19 -1 -1 -1 
-1 -1 -1 -1 4 -1 -1 -1 -1 30 -1 -1 -1 3 10 -1 -1 -1 -1 -1 -1 -1 -1 -1 -1 -1 -1 -1 -1 17 -1 -1 -1 -1 -1 -1 -1 -1 0 -1 -1 -1 -1 7 15 31 -1 -1 -1 -1 -1 -1 -1 -1 -1 -1 23 -1 -1 -1 -1 24 27 22 25 -1 -1 18 -1 -1 -1 -1 -1 -1 9 -1 -1 -1 -1 -1 -1 -1 -1 -1 -1 20 19 -1 -1 -1 
-1 -1 -1 -1 4 -1 -1 -1 -1 30 -1 -1 -1 3 10 -1 -1 -1 -1 -1 -1 -1 -1 -1 -1 -1 -1 -1 -1 17 -1 -1 -1 -1 -1 -1 -1 -1 -1 0 -1 -1 -1 7 15 31 -1 -1 -1 -1 -1 -1 -1 -1 -1 -1 23 -1 -1 -1 -1 24 27 22 25 -1 -1 18 -1 -1 -1 -1 -1 -1 9 -1 -1 -1 -1 -1 -1 -1 -1 -1 -1 20 19 -1 -1 -1 
-1 -1 -1 -1 4 -1 -1 -1 -1 30 -1 -1 -1 3 10 -1 -1 -1 -1 -1 -1 -1 -1 -1 -1 -1 -1 -1 -1 17 -1 -1 -1 -1 -1 -1 -1 -1 -1 0 -1 -1 -1 7 15 31 -1 -1 -1 -1 -1 -1 -1 -1 -1 -1 23 -1 -1 -1 -1 24 27 22 25 -1 -1 -1 -1 -1 -1 -1 -1 -1 9 -1 -1 -1 -1 -1 -1 -1 -1 -1 -1 20 19 18 -1 -1 
-1 -1 -1 -1 4 -1 -1 -1 -1 30 -1 -1 -1 3 10 -1 -1 -1 -1 -1 -1 -1 -1 -1 -1 -1 -1 -1 -1 17 -1 -1 -1 -1 -1 -1 -1 -1 -1 0 -1 -1 -1 -1 15 31 -1 -1 -1 -1 7 -1 -1 -1 -1 -1 23 -1 -1 -1 -1 24 27 22 25 -1 -1 -1 -1 -1 -1 -1 -1 -1 9 -1 -1 -1 -1 -1 -1 -1 -1 -1 -1 20 19 18 -1 -1 
-1 -1 -1 -1 4 -1 -1 -1 -1 30 -1 -1 -1 3 10 -1 -1 -1 -1 -1 -1 -1 -1 -1 -1 -1 -1 -1 -1 17 -1 -1 -1 -1 -1 -1 -1 -1 -1 0 -1 -1 -1 -1 15 31 -1 -1 -1 -1 7 -1 -1 -1 -1 -1 23 -1 24 -1 -1 -1 27 22 25 -1 -1 -1 -1 -1 -1 -1 -1 -1 9 -1 -1 -1 -1 -1 -1 -1 -1 -1 -1 20 19 18 -1 -1 
-1 -1 -1 -1 4 -1 -1 -1 -1 30 -1 -1 -1 3 10 -1 -1 -1 -1 -1 -1 -1 -1 -1 -1 -1 -1 -1 -1 17 -1 -1 -1 -1 -1 -1 -1 -1 -1 -1 -1 -1 -1 -1 15 31 -1 -1 -1 -1 7 -1 -1 -1 -1 -1 23 0 24 -1 -1 -1 27 22 25 -1 -1 -1 -1 -1 -1 -1 -1 -1 9 -1 -1 -1 -1 -1 -1 -1 -1 -1 -1 20 19 18 -1 -1 
-1 -1 -1 -1 4 -1 -1 -1 -1 30 -1 -1 -1 3 10 -1 -1 -1 -1 -1 -1 -1 -1 -1 -1 -1 -1 -1 -1 17 -1 -1 -1 -1 -1 -1 -1 -1 -1 -1 -1 -1 -1 -1 15 31 -1 -1 -1 -1 7 -1 -1 -1 -1 -1 23 24 -1 -1 -1 -1 27 22 25 -1 -1 -1 -1 -1 -1 -1 -1 -1 9 -1 -1 -1 -1 -1 -1 -1 -1 -1 -1 20 19 18 -1 -1 
-1 -1 -1 -1 4 -1 -1 -1 -1 30 -1 -1 -1 3 10 -1 -1 -1 -1 -1 -1 -1 -1 -1 -1 -1 -1 -1 -1 17 -1 -1 -1 -1 -1 -1 -1 -1 -1 -1 -1 -1 -1 -1 15 31 -1 -1 -1 -1 -1 -1 -1 -1 -1 -1 23 7 -1 -1 -1 -1 27 22 25 -1 -1 -1 -1 -1 -1 -1 -1 -1 9 -1 -1 -1 -1 -1 -1 -1 -1 -1 -1 20 19 18 -1 -1 
-1 -1 -1 -1 4 -1 -1 -1 -1 30 -1 -1 -1 3 10 -1 -1 -1 -1 -1 -1 -1 -1 -1 -1 -1 -1 -1 -1 17 -1 -1 -1 -1 -1 -1 -1 -1 -1 -1 -1 -1 -1 -1 15 31 -1 -1 -1 -1 -1 -1 -1 -1 -1 -1 23 7 -1 -1 -1 -1 27 22 -1 -1 -1 -1 -1 -1 -1 25 -1 -1 9 -1 -1 -1 -1 -1 -1 -1 -1 -1 -1 20 19 18 -1 -1 
-1 -1 -1 -1 4 -1 -1 -1 -1 30 -1 -1 -1 3 10 -1 -1 -1 -1 -1 -1 -1 -1 -1 -1 -1 -1 -1 -1 17 -1 -1 -1 -1 -1 -1 -1 -1 -1 -1 -1 -1 -1 -1 15 31 -1 -1 -1 -1 -1 -1 -1 -1 -1 -1 23 7 -1 -1 -1 -1 27 22 -1 -1 -1 -1 -1 -1 -1 25 -1 -1 -1 -1 -1 -1 -1 -1 9 -1 -1 -1 -1 20 19 18 -1 -1 
-1 -1 -1 -1 4 -1 -1 -1 -1 30 -1 -1 -1 3 10 -1 -1 -1 -1 -1 -1 -1 -1 -1 -1 -1 -1 -1 -1 17 -1 -1 -1 -1 -1 -1 -1 -1 -1 -1 -1 -1 -1 -1 25 31 -1 -1 -1 -1 -1 -1 -1 -1 -1 -1 23 7 -1 -1 -1 -1 27 22 -1 -1 -1 -1 -1 -1 -1 -1 -1 -1 -1 -1 -1 -1 -1 -1 9 -1 -1 -1 -1 20 19 18 -1 -1 
-1 -1 -1 -1 4 -1 -1 -1 -1 30 -1 -1 -1 3 10 -1 -1 -1 -1 -1 -1 -1 -1 -1 -1 -1 -1 -1 -1 17 -1 -1 -1 -1 -1 -1 -1 -1 -1 -1 -1 -1 -1 -1 25 31 -1 -1 -1 -1 -1 -1 -1 -1 -1 -1 23 7 -1 -1 -1 -1 27 22 -1 -1 -1 -1 -1 -1 -1 -1 -1 -1 -1 -1 -1 -1 -1 -1 -1 -1 -1 -1 -1 20 19 18 -1 -1 
-1 -1 -1 -1 4 -1 -1 -1 -1 30 -1 -1 -1 3 10 -1 -1 -1 -1 -1 -1 -1 -1 -1 -1 -1 -1 -1 -1 17 -1 -1 -1 -1 -1 -1 31 -1 -1 -1 -1 -1 -1 -1 25 -1 -1 -1 -1 -1 -1 -1 -1 -1 -1 -1 23 7 -1 -1 -1 -1 27 22 -1 -1 -1 -1 -1 -1 -1 -1 -1 -1 -1 -1 -1 -1 -1 -1 -1 -1 -1 -1 -1 20 19 18 -1 -1 
-1 -1 -1 -1 4 -1 -1 -1 -1 30 -1 -1 -1 3 10 -1 -1 -1 -1 -1 -1 -1 -1 -1 -1 -1 -1 -1 -1 17 -1 -1 -1 -1 -1 -1 31 -1 -1 -1 -1 -1 -1 -1 25 -1 -1 -1 -1 -1 -1 -1 -1 -1 -1 -1 23 7 -1 -1 -1 -1 27 22 -1 1 -1 -1 -1 -1 -1 -1 -1 -1 -1 -1 -1 -1 -1 -1 -1 -1 -1 -1 -1 20 19 18 -1 -1 
-1 -1 -1 -1 4 -1 -1 -1 -1 30 -1 -1 -1 3 10 -1 -1 -1 -1 -1 -1 -1 -1 -1 -1 -1 -1 -1 -1 17 -1 -1 -1 -1 -1 -1 31 -1 -1 -1 -1 -1 -1 -1 25 -1 -1 -1 -1 -1 -1 -1 -1 -1 -1 -1 23 7 -1 -1 -1 -1 27 22 -1 1 -1 -1 -1 -1 -1 -1 -1 -1 -1 -1 -1 -1 -1 -1 -1 -1 -1 -1 20 -1 19 18 -1 -1 
-1 -1 -1 -1 4 -1 -1 -1 -1 30 -1 -1 -1 3 10 -1 -1 -1 -1 -1 -1 -1 -1 -1 -1 -1 -1 -1 -1 17 -1 -1 -1 -1 -1 -1 31 -1 -1 -1 -1 -1 -1 -1 25 -1 -1 -1 -1 -1 -1 -1 -1 -1 1 -1 23 7 -1 -1 -1 -1 27 22 -1 -1 -1 -1 -1 -1 -1 -1 -1 -1 -1 -1 -1 -1 -1 -1 -1 -1 -1 -1 20 -1 19 18 -1 -1 
-1 -1 -1 -1 4 -1 -1 -1 -1 30 -1 -1 -1 3 10 -1 -1 -1 -1 -1 -1 -1 -1 -1 -1 -1 -1 -1 -1 17 -1 -1 -1 -1 -1 -1 31 -1 -1 -1 25 -1 -1 -1 -1 -1 -1 -1 -1 -1 -1 -1 -1 -1 1 -1 23 7 -1 -1 -1 -1 27 22 -1 -1 -1 -1 -1 -1 -1 -1 -1 -1 -1 -1 -1 -1 -1 -1 -1 -1 -1 -1 20 -1 19 18 -1 -1 
-1 -1 -1 -1 -1 4 -1 -1 -1 30 -1 -1 -1 3 10 -1 -1 -1 -1 -1 -1 -1 -1 -1 -1 -1 -1 -1 -1 17 -1 -1 -1 -1 -1 -1 31 -1 -1 -1 25 -1 -1 -1 -1 -1 -1 -1 -1 -1 -1 -1 -1 -1 1 -1 23 7 -1 -1 -1 -1 27 22 -1 -1 -1 -1 -1 -1 -1 -1 -1 -1 -1 -1 -1 -1 -1 -1 -1 -1 -1 -1 20 -1 19 18 -1 -1 
-1 -1 -1 -1 -1 4 -1 -1 -1 30 -1 -1 -1 3 10 -1 -1 -1 -1 -1 -1 -1 -1 -1 -1 -1 -1 -1 -1 17 -1 -1 -1 -1 -1 -1 31 -1 -1 -1 -1 25 -1 -1 -1 -1 -1 -1 -1 -1 -1 -1 -1 -1 1 -1 23 7 -1 -1 -1 -1 27 22 -1 -1 -1 -1 -1 -1 -1 -1 -1 -1 -1 -1 -1 -1 -1 -1 -1 -1 -1 -1 20 -1 19 18 -1 -1 
-1 -1 -1 -1 -1 4 -1 -1 -1 30 -1 -1 -1 3 10 -1 -1 -1 -1 -1 -1 -1 -1 -1 -1 -1 -1 -1 -1 17 -1 -1 -1 -1 -1 -1 31 -1 -1 -1 -1 25 -1 -1 -1 -1 -1 1 -1 -1 -1 -1 -1 -1 -1 -1 23 7 -1 -1 -1 -1 27 22 -1 -1 -1 -1 -1 -1 -1 -1 -1 -1 -1 -1 -1 -1 -1 -1 -1 -1 -1 -1 20 -1 19 18 -1 -1 
-1 -1 -1 -1 -1 4 -1 -1 -1 30 -1 -1 -1 3 10 -1 -1 -1 -1 -1 -1 -1 -1 -1 -1 -1 -1 -1 -1 17 -1 -1 -1 -1 -1 -1 31 -1 -1 -1 -1 -1 -1 -1 -1 -1 -1 1 -1 -1 -1 -1 -1 -1 -1 -1 23 7 -1 25 -1 -1 27 22 -1 -1 -1 -1 -1 -1 -1 -1 -1 -1 -1 -1 -1 -1 -1 -1 -1 -1 -1 -1 20 -1 19 18 -1 -1 
