0 1 2 3 4 5 6 7 8 30 -1 -1 -1 -1 -1 -1 -1 -1 -1 9 -1 -1 -1 -1 -1 10 -1 11 -1 12 -1 13 -1 14 -1 15 -1 -1 -1 -1 -1 -1 -1 -1 -1 -1 -1 -1 -1 -1 -1 -1 -1 -1 -1 -1 -1 -1 29 -1 28 -1 27 -1 26 -1 -1 25 -1 -1 -1 -1 -1 -1 -1 -1 -1 -1 -1 -1 -1 24 23 22 21 20 19 18 17 16 
0 -1 2 3 4 5 6 7 8 30 -1 -1 -1 -1 -1 -1 -1 -1 -1 9 1 -1 -1 -1 -1 10 -1 11 -1 12 -1 13 -1 14 -1 15 -1 -1 -1 -1 -1 -1 -1 -1 -1 -1 -1 -1 -1 -1 -1 -1 -1 -1 -1 -1 -1 -1 29 -1 28 -1 27 -1 26 -1 -1 25 -1 -1 -1 -1 -1 -1 -1 -1 -1 -1 -1 -1 -1 24 23 22 21 20 19 18 17 16 
0 -1 2 3 4 5 6 7 8 30 -1 -1 -1 -1 -1 -1 -1 -1 -1 9 1 -1 -1 -1 -1 10 -1 11 -1 12 -1 13 -1 14 -1 15 -1 -1 -1 -1 -1 -1 -1 -1 -1 -1 -1 -1 -1 -1 -1 -1 -1 -1 -1 -1 -1 -1 29 -1 28 -1 27 -1 26 -1 -1 25 -1 17 -1 -1 -1 -1 -1 -1 -1 -1 -1 -1 -1 24 23 22 21 20 19 18 -1 16 
0 -1 2 3 4 5 6 7 8 30 -1 -1 -1 -1 -1 -1 -1 -1 -1 9 1 -1 -1 10 -1 -1 -1 11 -1 12 -1 13 -1 14 -1 15 -1 -1 -1 -1 -1 -1 -1 -1 -1 -1 -1 -1 -1 -1 -1 -1 -1 -1 -1 -1 -1 -1 29 -1 28 -1 27 -1 26 -1 -1 25 -1 17 -1 -1 -1 -1 -1 -1 -1 -1 -1 -1 -1 24 23 22 21 20 19 18 -1 16 
0 -1 2 3 4 5 6 7 8 30 -1 -1 -1 -1 -1 -1 -1 -1 -1 9 1 -1 -1 10 -1 -1 -1 11 -1 12 -1 13 -1 14 -1 15 -1 -1 -1 -1 -1 -1 -1 -1 -1 -1 -1 -1 -1 -1 -1 -1 -1 -1 -1 -1 -1 -1 29 -1 28 -1 27 -1 26 -1 -1 25 -1 17 -1 -1 -1 -1 -1 -1 -1 -1 -1 -1 16 24 23 22 21 20 19 18 -1 -1 
0 -1 2 3 4 5 6 -1 8 30 -1 -1 -1 -1 -1 -1 -1 -1 -1 9 1 -1 -1 10 7 -1 -1 11 -1 12 -1 13 -1 14 -1 15 -1 -1 -1 -1 -1 -1 -1 -1 -1 -1 -1 -1 -1 -1 -1 -1 -1 -1 -1 -1 -1 -1 29 -1 28 -1 27 -1 26 -1 -1 25 -1 17 -1 -1 -1 -1 -1 -1 -1 -1 -1 -1 16 24 23 22 21 20 19 18 -1 -1 
0 -1 2 3 4 5 6 -1 8 30 -1 -1 -1 -1 -1 -1 -1 -1 -1 9 1 -1 -1 10 7 -1 -1 11 -1 12 -1 13 -1 14 -1 15 -1 -1 -1 -1 -1 -1 -1 -1 -1 -1 -1 -1 -1 -1 -1 -1 -1 -1 -1 -1 -1 -1 29 -1 28 -1 27 -1 26 -1 -1 25 -1 17 -1 -1 -1 -1 -1 -1 -1 16 -1 -1 -1 24 23 22 21 20 19 18 -1 -1 
0 -1 2 -1 4 5 6 -1 8 30 -1 -1 -1 3 -1 -1 -1 -1 -1 9 1 -1 -1 10 7 -1 -1 11 -1 12 -1 13 -1 14 -1 15 -1 -1 -1 -1 -1 -1 -1 -1 -1 -1 -1 -1 -1 -1 -1 -1 -1 -1 -1 -1 -1 -1 29 -1 28 -1 27 -1 26 -1 -1 25 -1 17 -1 -1 -1 -1 -1 -1 -1 16 -1 -1 -1 24 23 22 21 20 19 18 -1 -1 
0 -1 2 -1 4 5 6 -1 8 30 -1 -1 -1 3 -1 -1 -1 -1 -1 9 1 -1 -1 10 7 -1 -1 11 -1 12 -1 13 -1 14 -1 15 -1 -1 -1 -1 -1 -1 -1 -1 -1 -1 -1 -1 -1 -1 -1 -1 -1 -1 -1 -1 -1 -1 29 -1 28 -1 27 -1 26 23 -1 25 -1 17 -1 -1 -1 -1 -1 -1 -1 16 -1 -1 -1 24 -1 22 21 20 19 18 -1 -1 
0 -1 2 -1 4 5 6 8 -1 30 -1 -1 -1 3 -1 -1 -1 -1 -1 9 1 -1 -1 10 7 -1 -1 11 -1 12 -1 13 -1 14 -1 15 -1 -1 -1 -1 -1 -1 -1 -1 -1 -1 -1 -1 -1 -1 -1 -1 -1 -1 -1 -1 -1 -1 29 -1 28 -1 27 -1 26 23 -1 25 -1 17 -1 -1 -1 -1 -1 -1 -1 16 -1 -1 -1 24 -1 22 21 20 19 18 -1 -1 
0 -1 2 -1 4 5 6 8 -1 30 -1 -1 -1 3 -1 -1 -1 -1 -1 9 1 -1 -1 10 7 -1 -1 11 -1 12 -1 13 -1 14 -1 15 -1 -1 -1 -1 -1 -1 -1 -1 -1 -1 -1 -1 -1 29 -1 -1 -1 -1 -1 -1 -1 -1 -1 -1 28 -1 27 -1 26 23 -1 25 -1 17 -1 -1 -1 -1 -1 -1 -1 16 -1 -1 -1 24 -1 22 21 20 19 18 -1 -1 
0 -1 2 -1 4 5 6 8 -1 30 -1 -1 -1 3 -1 -1 -1 -1 -1 9 1 -1 -1 10 7 -1 -1 11 -1 -1 -1 13 -1 14 -1 15 -1 -1 12 -1 -1 -1 -1 -1 -1 -1 -1 -1 -1 29 -1 -1 -1 -1 -1 -1 -1 -1 -1 -1 28 -1 27 -1 26 23 -1 25 -1 17 -1 -1 -1 -1 -1 -1 -1 16 -1 -1 -1 24 -1 22 21 20 19 18 -1 -1 
0 -1 2 -1 4 5 6 8 -1 30 -1 -1 -1 3 -1 -1 -1 -1 -1 9 1 -1 -1 10 7 -1 -1 11 -1 -1 -1 13 -1 14 -1 15 -1 -1 12 -1 -1 -1 -1 -1 -1 -1 -1 -1 -1 29 -1 -1 -1 -1 -1 -1 -1 -1 23 -1 28 -1 27 -1 26 -1 -1 25 -1 17 -1 -1 -1 -1 -1 -1 -1 16 -1 -1 -1 24 -1 22 21 20 19 18 -1 -1 
0 -1 2 -1 4 5 6 -1 -1 30 -1 -1 -1 3 -1 -1 -1 -1 -1 9 1 -1 -1 10 7 -1 -1 11 -1 -1 -1 13 -1 14 -1 15 -1 -1 12 -1 -1 -1 -1 8 -1 -1 -1 -1 -1 29 -1 -1 -1 -1 -1 -1 -1 -1 23 -1 28 -1 27 -1 26 -1 -1 25 -1 17 -1 -1 -1 -1 -1 -1 -1 16 -1 -1 -1 24 -1 22 21 20 19 18 -1 -1 
0 -1 2 -1 4 5 6 -1 -1 30 -1 -1 -1 3 -1 -1 -1 -1 -1 9 1 -1 -1 10 7 -1 -1 11 -1 -1 -1 13 -1 14 -1 15 -1 -1 12 -1 -1 -1 -1 8 -1 -1 -1 30 -1 29 -1 -1 -1 -1 -1 -1 -1 -1 23 -1 28 -1 27 -1 26 -1 -1 25 -1 17 -1 -1 -1 -1 -1 -1 -1 16 -1 -1 -1 24 -1 22 21 20 19 18 -1 -1 
0 -1 -1 -1 4 5 6 -1 -1 30 -1 -1 -1 3 -1 -1 -1 -1 -1 9 1 -1 2 10 7 -1 -1 11 -1 -1 -1 13 -1 14 -1 15 -1 -1 12 -1 -1 -1 -1 8 -1 -1 -1 30 -1 29 -1 -1 -1 -1 -1 -1 -1 -1 23 -1 28 -1 27 -1 26 -1 -1 25 -1 17 -1 -1 -1 -1 -1 -1 -1 16 -1 -1 -1 24 -1 22 21 20 19 18 -1 -1 
0 -1 -1 -1 4 5 6 -1 -1 30 -1 -1 -1 3 -1 -1 -1 -1 -1 9 1 -1 2 10 7 -1 -1 11 -1 -1 -1 13 -1 14 -1 15 -1 -1 12 -1 -1 -1 -1 8 -1 -1 -1 30 -1 29 -1 -1 -1 -1 -1 -1 -1 -1 23 -1 28 -1 27 -1 -1 26 -1 25 -1 17 -1 -1 -1 -1 -1 -1 -1 16 -1 -1 -1 24 -1 22 21 20 19 18 -1 -1 
0 -1 -1 -1 4 5 6 -1 -1 30 -1 -1 -1 3 -1 -1 -1 -1 -1 9 -1 -1 2 10 7 -1 -1 11 -1 -1 -1 13 -1 14 -1 15 -1 1 12 -1 -1 -1 -1 8 -1 -1 -1 30 -1 29 -1 -1 -1 -1 -1 -1 -1 -1 23 -1 28 -1 27 -1 -1 26 -1 25 -1 17 -1 -1 -1 -1 -1 -1 -1 16 -1 -1 -1 24 -1 22 21 20 19 18 -1 -1 
0 -1 -1 -1 4 5 6 -1 -1 30 -1 -1 -1 3 -1 -1 -1 -1 -1 9 -1 -1 2 10 7 -1 -1 11 -1 -1 -1 13 -1 14 -1 15 -1 1 12 -1 29 -1 -1 8 -1 -1 -1 30 -1 -1 -1 -1 -1 -1 -1 -1 -1 -1 23 -1 28 -1 27 -1 -1 26 -1 25 -1 17 -1 -1 -1 -1 -1 -1 -1 16 -1 -1 -1 24 -1 22 21 20 19 18 -1 -1 
0 -1 -1 -1 4 5 6 -1 -1 30 -1 -1 -1 3 -1 -1 -1 -1 -1 9 -1 -1 2 10 7 -1 -1 11 -1 -1 -1 -1 -1 14 -1 15 -1 1 12 -1 13 -1 -1 8 -1 -1 -1 30 -1 -1 -1 -1 -1 -1 -1 -1 -1 -1 23 -1 28 -1 27 -1 -1 26 -1 25 -1 17 -1 -1 -1 -1 -1 -1 -1 16 -1 -1 -1 24 -1 22 21 20 19 18 -1 -1 
0 -1 -1 -1 4 5 6 -1 -1 30 -1 -1 -1 3 -1 -1 -1 -1 -1 9 -1 -1 2 10 7 -1 -1 11 -1 -1 -1 -1 -1 14 -1 15 -1 1 30 -1 13 -1 -1 8 -1 -1 -1 -1 -1 -1 -1 -1 -1 -1 -1 -1 -1 -1 23 -1 28 -1 27 -1 -1 26 -1 25 -1 17 -1 -1 -1 -1 -1 -1 -1 16 -1 -1 -1 24 -1 22 21 20 19 18 -1 -1 
0 -1 -1 -1 4 5 6 -1 -1 30 -1 -1 -1 3 -1 -1 -1 -1 -1 9 -1 -1 2 10 7 -1 -1 11 -1 -1 -1 -1 -1 14 -1 15 -1 1 30 -1 -1 -1 -1 8 -1 -1 -1 -1 -1 13 -1 -1 -1 -1 -1 -1 -1 -1 23 -1 28 -1 27 -1 -1 26 -1 25 -1 17 -1 -1 -1 -1 -1 -1 -1 16 -1 -1 -1 24 -1 22 21 20 19 18 -1 -1 
0 -1 -1 -1 4 5 6 -1 -1 30 -1 -1 -1 3 -1 -1 -1 -1 -1 9 -1 -1 2 10 7 -1 -1 11 -1 -1 -1 -1 -1 14 -1 15 -1 30 -1 -1 -1 -1 -1 8 -1 -1 -1 -1 -1 13 -1 -1 -1 -1 -1 -1 -1 -1 23 -1 28 -1 27 -1 -1 26 -1 25 -1 17 -1 -1 -1 -1 -1 -1 -1 16 -1 -1 -1 24 -1 22 21 20 19 18 -1 -1 
0 -1 -1 -1 4 5 6 -1 -1 30 -1 -1 -1 3 -1 -1 -1 -1 -1 9 -1 -1 2 10 7 -1 -1 11 -1 -1 -1 -1 -1 14 -1 15 -1 30 -1 -1 -1 -1 -1 8 -1 -1 -1 -1 -1 -1 -1 -1 -1 -1 -1 -1 -1 -1 13 -1 28 -1 27 -1 -1 26 -1 25 -1 17 -1 -1 -1 -1 -1 -1 -1 16 -1 -1 -1 24 -1 22 21 20 19 18 -1 -1 
0 -1 -1 -1 4 5 6 -1 -1 30 -1 -1 -1 3 -1 -1 -1 -1 -1 9 -1 -1 2 10 7 -1 -1 11 -1 -1 -1 -1 -1 14 -1 15 -1 30 -1 -1 -1 -1 -1 8 -1 -1 -1 -1 -1 -1 -1 -1 -1 -1 -1 -1 -1 -1 17 -1 28 -1 27 -1 -1 26 -1 25 -1 -1 -1 -1 -1 -1 -1 -1 -1 16 -1 -1 -1 24 -1 22 21 20 19 18 -1 -1 
0 -1 -1 -1 4 5 6 -1 -1 30 -1 -1 -1 3 -1 -1 -1 -1 -1 9 -1 -1 2 10 7 -1 -1 11 -1 -1 -1 -1 -1 14 -1 15 -1 8 -1 -1 -1 -1 -1 -1 -1 -1 -1 -1 -1 -1 -1 -1 -1 -1 -1 -1 -1 -1 17 -1 28 -1 27 -1 -1 26 -1 25 -1 -1 -1 -1 -1 -1 -1 -1 -1 16 -1 -1 -1 24 -1 22 21 20 19 18 -1 -1 
0 -1 -1 -1 4 5 6 -1 -1 30 -1 -1 -1 3 -1 -1 -1 -1 -1 9 -1 -1 2 10 7 -1 -1 11 -1 -1 -1 -1 -1 14 -1 15 -1 8 -1 -1 -1 -1 -1 -1 -1 -1 -1 17 -1 -1 -1 -1 -1 -1 -1 -1 -1 -1 -1 -1 28 -1 27 -1 -1 26 -1 25 -1 -1 -1 -1 -1 -1 -1 -1 -1 16 -1 -1 -1 24 -1 22 21 20 19 18 -1 -1 
-1 -1 -1 0 4 5 6 -1 -1 30 -1 -1 -1 3 -1 -1 -1 -1 -1 9 -1 -1 2 10 7 -1 -1 11 -1 -1 -1 -1 -1 14 -1 15 -1 8 -1 -1 -1 -1 -1 -1 -1 -1 -1 17 -1 -1 -1 -1 -1 -1 -1 -1 -1 -1 -1 -1 28 -1 27 -1 -1 26 -1 25 -1 -1 -1 -1 -1 -1 -1 -1 -1 16 -1 -1 -1 24 -1 22 21 20 19 18 -1 -1 
-1 -1 -1 0 4 5 6 -1 -1 30 -1 -1 -1 3 -1 -1 -1 -1 -1 9 -1 -1 2 10 7 -1 -1 11 -1 -1 -1 -1 16 14 -1 15 -1 8 -1 -1 -1 -1 -1 -1 -1 -1 -1 17 -1 -1 -1 -1 -1 -1 -1 -1 -1 -1 -1 -1 28 -1 27 -1 -1 26 -1 25 -1 -1 -1 -1 -1 -1 -1 -1 -1 -1 -1 -1 -1 24 -1 22 21 20 19 18 -1 -1 
-1 -1 -1 0 4 5 6 -1 -1 30 -1 -1 -1 3 -1 -1 -1 -1 -1 9 -1 -1 2 10 7 -1 -1 11 -1 -1 -1 -1 16 14 -1 15 -1 -1 -1 8 -1 -1 -1 -1 -1 -1 -1 17 -1 -1 -1 -1 -1 -1 -1 -1 -1 -1 -1 -1 28 -1 27 -1 -1 26 -1 25 -1 -1 -1 -1 -1 -1 -1 -1 -1 -1 -1 -1 -1 24 -1 22 21 20 19 18 -1 -1 
-1 -1 -1 0 4 5 6 -1 -1 30 -1 -1 -1 3 -1 -1 -1 -1 -1 9 -1 -1 2 10 7 -1 -1 11 -1 -1 -1 -1 16 14 -1 15 -1 -1 -1 8 -1 -1 -1 -1 -1 -1 -1 17 -1 -1 -1 -1 -1 -1 -1 -1 -1 -1 -1 -1 28 -1 27 22 -1 26 -1 25 -1 -1 -1 -1 -1 -1 -1 -1 -1 -1 -1 -1 -1 24 -1 -1 21 20 19 18 -1 -1 
-1 -1 -1 0 4 5 6 -1 -1 30 -1 -1 -1 3 -1 -1 -1 -1 -1 9 -1 -1 2 10 7 -1 -1 11 -1 -1 -1 -1 16 -1 -1 15 -1 -1 -1 8 -1 -1 14 -1 -1 -1 -1 17 -1 -1 -1 -1 -1 -1 -1 -1 -1 -1 -1 -1 28 -1 27 22 -1 26 -1 25 -1 -1 -1 -1 -1 -1 -1 -1 -1 -1 -1 -1 -1 24 -1 -1 21 20 19 18 -1 -1 
-1 -1 -1 0 4 5 6 -1 -1 30 -1 -1 -1 3 -1 -1 -1 -1 -1 9 -1 -1 2 10 7 -1 -1 11 -1 -1 -1 -1 -1 16 -1 15 -1 -1 -1 8 -1 -1 14 -1 -1 -1 -1 17 -1 -1 -1 -1 -1 -1 -1 -1 -1 -1 -1 -1 28 -1 27 22 -1 26 -1 25 -1 -1 -1 -1 -1 -1 -1 -1 -1 -1 -1 -1 -1 24 -1 -1 21 20 19 18 -1 -1 
-1 -1 -1 0 4 5 6 -1 -1 30 -1 -1 -1 3 10 -1 -1 -1 -1 9 -1 -1 2 -1 7 -1 -1 11 -1 -1 -1 -1 -1 16 -1 15 -1 -1 -1 8 -1 -1 14 -1 -1 -1 -1 17 -1 -1 -1 -1 -1 -1 -1 -1 -1 -1 -1 -1 28 -1 27 22 -1 26 -1 25 -1 -1 -1 -1 -1 -1 -1 -1 -1 -1 -1 -1 -1 24 -1 -1 21 20 19 18 -1 -1 
-1 -1 -1 0 4 5 6 -1 -1 30 -1 -1 -1 3 10 -1 -1 -1 -1 9 -1 -1 2 -1 7 -1 -1 11 -1 -1 -1 -1 -1 16 -1 15 -1 -1 -1 8 -1 -1 14 -1 -1 -1 -1 17 -1 -1 -1 -1 -1 -1 -1 -1 -1 -1 -1 -1 28 -1 27 22 -1 -1 26 25 -1 -1 -1 -1 -1 -1 -1 -1 -1 -1 -1 -1 -1 24 -1 -1 21 20 19 18 -1 -1 
-1 -1 -1 0 4 5 6 -1 -1 30 -1 -1 -1 3 10 -1 -1 -1 -1 9 -1 -1 2 -1 7 -1 -1 11 -1 -1 -1 -1 -1 16 -1 15 -1 -1 8 -1 -1 -1 14 -1 -1 -1 -1 17 -1 -1 -1 -1 -1 -1 -1 -1 -1 -1 -1 -1 28 -1 27 22 -1 -1 26 25 -1 -1 -1 -1 -1 -1 -1 -1 -1 -1 -1 -1 -1 24 -1 -1 21 20 19 18 -1 -1 
-1 -1 -1 0 4 5 6 -1 -1 30 -1 -1 -1 3 10 -1 -1 -1 -1 9 -1 -1 2 -1 7 -1 -1 11 -1 -1 -1 -1 -1 16 -1 15 -1 -1 8 -1 -1 -1 14 -1 -1 -1 -1 17 -1 -1 -1 -1 -1 -1 -1 -1 -1 -1 -1 -1 28 -1 27 22 -1 26 -1 25 -1 -1 -1 -1 -1 -1 -1 -1 -1 -1 -1 -1 -1 24 -1 -1 21 20 19 18 -1 -1 
-1 -1 -1 0 4 5 6 -1 -1 30 -1 -1 -1 3 10 -1 -1 -1 -1 9 -1 -1 2 -1 7 -1 -1 11 -1 -1 -1 -1 -1 16 -1 15 -1 -1 -1 8 -1 -1 14 -1 -1 -1 -1 17 -1 -1 -1 -1 -1 -1 -1 -1 -1 -1 -1 -1 28 -1 27 22 -1 26 -1 25 -1 -1 -1 -1 -1 -1 -1 -1 -1 -1 -1 -1 -1 24 -1 -1 21 20 19 18 -1 -1 
-1 -1 -1 0 4 5 6 -1 -1 30 -1 -1 -1 3 10 -1 -1 -1 -1 9 -1 -1 2 -1 7 -1 -1 11 -1 -1 -1 -1 -1 16 -1 15 -1 -1 -1 8 -1 -1 14 -1 -1 -1 -1 17 -1 -1 -1 -1 -1 -1 -1 -1 -1 -1 -1 -1 28 -1 27 22 -1 26 -1 25 -1 -1 -1 -1 -1 -1 -1 -1 -1 -1 -1 -1 -1 -1 24 -1 21 20 19 18 -1 -1 
-1 -1 -1 0 4 5 6 -1 -1 30 -1 -1 -1 3 -1 10 -1 -1 -1 9 -1 -1 2 -1 7 -1 -1 11 -1 -1 -1 -1 -1 16 -1 15 -1 -1 -1 8 -1 -1 14 -1 -1 -1 -1 17 -1 -1 -1 -1 -1 -1 -1 -1 -1 -1 -1 -1 28 -1 27 22 -1 26 -1 25 -1 -1 -1 -1 -1 -1 -1 -1 -1 -1 -1 -1 -1 -1 24 -1 21 20 19 18 -1 -1 
-1 -1 -1 0 4 5 6 -1 -1 30 -1 -1 -1 3 -1 10 -1 -1 -1 9 -1 -1 2 -1 7 -1 -1 11 -1 -1 -1 -1 16 -1 -1 15 -1 -1 -1 8 -1 -1 14 -1 -1 -1 -1 17 -1 -1 -1 -1 -1 -1 -1 -1 -1 -1 -1 -1 28 -1 27 22 -1 26 -1 25 -1 -1 -1 -1 -1 -1 -1 -1 -1 -1 -1 -1 -1 -1 24 -1 21 20 19 18 -1 -1 
-1 -1 -1 0 4 5 6 -1 -1 30 9 -1 -1 3 -1 10 -1 -1 -1 -1 -1 -1 2 -1 7 -1 -1 11 -1 -1 -1 -1 16 -1 -1 15 -1 -1 -1 8 -1 -1 14 -1 -1 -1 -1 17 -1 -1 -1 -1 -1 -1 -1 -1 -1 -1 -1 -1 28 -1 27 22 -1 26 -1 25 -1 -1 -1 -1 -1 -1 -1 -1 -1 -1 -1 -1 -1 -1 24 -1 21 20 19 18 -1 -1 
-1 -1 -1 0 4 5 6 -1 -1 30 9 -1 -1 3 -1 10 -1 -1 -1 -1 -1 -1 2 -1 7 -1 -1 11 -1 -1 -1 -1 16 -1 -1 15 -1 -1 -1 8 25 -1 14 -1 -1 -1 -1 17 -1 -1 -1 -1 -1 -1 -1 -1 -1 -1 -1 -1 28 -1 27 22 -1 26 -1 -1 -1 -1 -1 -1 -1 -1 -1 -1 -1 -1 -1 -1 -1 -1 24 -1 21 20 19 18 -1 -1 
-1 -1 -1 0 4 5 6 -1 -1 30 9 -1 -1 3 -1 10 -1 -1 -1 -1 -1 -1 2 -1 7 -1 -1 11 -1 -1 -1 -1 16 -1 -1 15 -1 -1 -1 -1 25 -1 14 -1 -1 -1 -1 17 8 -1 -1 -1 -1 -1 -1 -1 -1 -1 -1 -1 28 -1 27 22 -1 26 -1 -1 -1 -1 -1 -1 -1 -1 -1 -1 -1 -1 -1 -1 -1 -1 24 -1 21 20 19 18 -1 -1 
-1 -1 -1 0 4 5 6 -1 -1 30 9 -1 -1 3 -1 10 -1 -1 -1 -1 -1 -1 2 -1 7 -1 -1 11 -1 -1 -1 -1 16 -1 -1 15 -1 -1 -1 -1 25 -1 14 -1 -1 -1 -1 17 8 -1 -1 -1 -1 -1 -1 -1 -1 -1 -1 -1 28 -1 27 22 -1 -1 26 -1 -1 -1 -1 -1 -1 -1 -1 -1 -1 -1 -1 -1 -1 -1 24 -1 21 20 19 18 -1 -1 
-1 -1 0 -1 4 5 6 -1 -1 30 9 -1 -1 3 -1 10 -1 -1 -1 -1 -1 -1 2 -1 7 -1 -1 11 -1 -1 -1 -1 16 -1 -1 15 -1 -1 -1 -1 25 -1 14 -1 -1 -1 -1 17 8 -1 -1 -1 -1 -1 -1 -1 -1 -1 -1 -1 28 -1 27 22 -1 -1 26 -1 -1 -1 -1 -1 -1 -1 -1 -1 -1 -1 -1 -1 -1 -1 24 -1 21 20 19 18 -1 -1 
-1 -1 0 -1 4 5 6 -1 -1 30 9 -1 -1 3 -1 10 -1 -1 -1 -1 -1 -1 2 -1 7 -1 -1 11 -1 -1 -1 -1 16 -1 -1 15 -1 24 -1 -1 25 -1 14 -1 -1 -1 -1 17 8 -1 -1 -1 -1 -1 -1 -1 -1 -1 -1 -1 28 -1 27 22 -1 -1 26 -1 -1 -1 -1 -1 -1 -1 -1 -1 -1 -1 -1 -1 -1 -1 -1 -1 21 20 19 18 -1 -1 
-1 -1 0 -1 4 5 6 -1 -1 30 9 -1 -1 3 -1 10 -1 -1 -1 -1 -1 -1 2 -1 7 -1 -1 11 -1 -1 -1 -1 16 -1 -1 15 -1 24 -1 -1 25 -1 -1 -1 -1 -1 -1 17 8 -1 -1 14 -1 -1 -1 -1 -1 -1 -1 -1 28 -1 27 22 -1 -1 26 -1 -1 -1 -1 -1 -1 -1 -1 -1 -1 -1 -1 -1 -1 -1 -1 -1 21 20 19 18 -1 -1 
-1 -1 0 -1 4 5 6 -1 -1 30 9 -1 -1 3 -1 10 -1 -1 -1 -1 -1 -1 2 -1 7 -1 -1 11 -1 -1 -1 -1 16 -1 -1 15 -1 24 -1 -1 25 -1 -1 -1 -1 -1 -1 17 8 -1 -1 14 -1 -1 -1 -1 -1 -1 -1 -1 28 -1 27 22 -1 -1 26 -1 -1 -1 -1 -1 -1 -1 -1 -1 19 -1 -1 -1 -1 -1 -1 -1 21 20 -1 18 -1 -1 
-1 -1 0 -1 4 5 6 -1 -1 30 9 -1 -1 3 -1 10 -1 -1 -1 -1 -1 -1 2 -1 -1 -1 -1 11 -1 -1 -1 -1 16 -1 -1 15 -1 24 -1 -1 25 -1 -1 7 -1 -1 -1 17 8 -1 -1 14 -1 -1 -1 -1 -1 -1 -1 -1 28 -1 27 22 -1 -1 26 -1 -1 -1 -1 -1 -1 -1 -1 -1 19 -1 -1 -1 -1 -1 -1 -1 21 20 -1 18 -1 -1 
-1 -1 0 -1 4 5 6 -1 -1 30 9 -1 -1 3 -1 10 -1 -1 -1 -1 -1 -1 2 -1 -1 -1 -1 11 -1 -1 -1 -1 -1 -1 -1 16 -1 24 -1 -1 25 -1 -1 7 -1 -1 -1 17 8 -1 -1 14 -1 -1 -1 -1 -1 -1 -1 -1 28 -1 27 22 -1 -1 26 -1 -1 -1 -1 -1 -1 -1 -1 -1 19 -1 -1 -1 -1 -1 -1 -1 21 20 -1 18 -1 -1 
-1 -1 0 -1 4 5 6 -1 -1 30 9 -1 -1 3 -1 10 -1 -1 -1 -1 -1 -1 2 -1 -1 -1 -1 11 -1 -1 -1 -1 -1 -1 -1 16 -1 24 -1 -1 25 -1 -1 7 -1 -1 -1 17 8 -1 -1 -1 -1 -1 -1 -1 -1 -1 -1 -1 14 -1 27 22 -1 -1 26 -1 -1 -1 -1 -1 -1 -1 -1 -1 19 -1 -1 -1 -1 -1 -1 -1 21 20 -1 18 -1 -1 
-1 -1 0 -1 4 5 6 -1 -1 30 9 -1 -1 3 -1 10 -1 -1 -1 -1 -1 -1 2 -1 -1 -1 -1 11 -1 -1 17 -1 -1 -1 -1 16 -1 24 -1 -1 25 -1 -1 7 -1 -1 -1 -1 8 -1 -1 -1 -1 -1 -1 -1 -1 -1 -1 -1 14 -1 27 22 -1 -1 26 -1 -1 -1 -1 -1 -1 -1 -1 -1 19 -1 -1 -1 -1 -1 -1 -1 21 20 -1 18 -1 -1 
-1 -1 0 -1 4 5 6 -1 -1 30 9 -1 -1 3 -1 10 -1 -1 -1 -1 -1 -1 2 -1 -1 -1 -1 11 -1 -1 17 -1 -1 -1 -1 16 -1 24 -1 -1 25 -1 -1 7 -1 -1 -1 -1 -1 -1 8 -1 -1 -1 -1 -1 -1 -1 -1 -1 14 -1 27 22 -1 -1 26 -1 -1 -1 -1 -1 -1 -1 -1 -1 19 -1 -1 -1 -1 -1 -1 -1 21 20 -1 18 -1 -1 
-1 -1 0 -1 4 5 6 -1 -1 30 9 -1 -1 3 -1 10 -1 -1 -1 -1 -1 -1 2 -1 -1 -1 -1 11 -1 -1 17 -1 -1 -1 16 -1 -1 24 -1 -1 25 -1 -1 7 -1 -1 -1 -1 -1 -1 8 -1 -1 -1 -1 -1 -1 -1 -1 -1 14 -1 27 22 -1 -1 26 -1 -1 -1 -1 -1 -1 -1 -1 -1 19 -1 -1 -1 -1 -1 -1 -1 21 20 -1 18 -1 -1 
-1 -1 0 -1 4 5 6 -1 -1 30 9 -1 -1 3 -1 10 -1 -1 -1 -1 -1 -1 2 -1 -1 -1 -1 11 -1 -1 17 -1 -1 -1 16 -1 -1 24 -1 -1 25 -1 -1 -1 -1 -1 -1 -1 -1 -1 8 -1 -1 -1 -1 -1 -1 -1 -1 -1 14 -1 7 22 -1 -1 26 -1 -1 -1 -1 -1 -1 -1 -1 -1 19 -1 -1 -1 -1 -1 -1 -1 21 20 -1 18 -1 -1 
-1 -1 0 -1 4 5 6 -1 -1 30 9 -1 -1 3 -1 10 -1 -1 -1 -1 -1 -1 2 -1 -1 16 -1 11 -1 -1 17 -1 -1 -1 -1 -1 -1 24 -1 -1 25 -1 -1 -1 -1 -1 -1 -1 -1 -1 8 -1 -1 -1 -1 -1 -1 -1 -1 -1 14 -1 7 22 -1 -1 26 -1 -1 -1 -1 -1 -1 -1 -1 -1 19 -1 -1 -1 -1 -1 -1 -1 21 20 -1 18 -1 -1 
-1 -1 0 -1 4 5 6 -1 -1 30 -1 -1 9 3 -1 10 -1 -1 -1 -1 -1 -1 2 -1 -1 16 -1 11 -1 -1 17 -1 -1 -1 -1 -1 -1 24 -1 -1 25 -1 -1 -1 -1 -1 -1 -1 -1 -1 8 -1 -1 -1 -1 -1 -1 -1 -1 -1 14 -1 7 22 -1 -1 26 -1 -1 -1 -1 -1 -1 -1 -1 -1 19 -1 -1 -1 -1 -1 -1 -1 21 20 -1 18 -1 -1 
-1 -1 0 -1 4 5 6 -1 -1 30 -1 -1 9 3 -1 10 -1 -1 -1 -1 -1 -1 2 17 -1 16 -1 11 -1 -1 -1 -1 -1 -1 -1 -1 -1 24 -1 -1 25 -1 -1 -1 -1 -1 -1 -1 -1 -1 8 -1 -1 -1 -1 -1 -1 -1 -1 -1 14 -1 7 22 -1 -1 26 -1 -1 -1 -1 -1 -1 -1 -1 -1 19 -1 -1 -1 -1 -1 -1 -1 21 20 -1 18 -1 -1 
-1 -1 0 -1 4 5 6 -1 -1 30 -1 -1 9 3 10 -1 -1 -1 -1 -1 -1 -1 2 17 -1 16 -1 11 -1 -1 -1 -1 -1 -1 -1 -1 -1 24 -1 -1 25 -1 -1 -1 -1 -1 -1 -1 -1 -1 8 -1 -1 -1 -1 -1 -1 -1 -1 -1 14 -1 7 22 -1 -1 26 -1 -1 -1 -1 -1 -1 -1 -1 -1 19 -1 -1 -1 -1 -1 -1 -1 21 20 -1 18 -1 -1 
-1 -1 0 -1 4 5 6 -1 -1 30 -1 -1 9 3 10 -1 -1 -1 -1 -1 -1 -1 2 -1 -1 16 -1 11 -1 -1 -1 -1 -1 -1 17 -1 -1 24 -1 -1 25 -1 -1 -1 -1 -1 -1 -1 -1 -1 8 -1 -1 -1 -1 -1 -1 -1 -1 -1 14 -1 7 22 -1 -1 26 -1 -1 -1 -1 -1 -1 -1 -1 -1 19 -1 -1 -1 -1 -1 -1 -1 21 20 -1 18 -1 -1 
-1 -1 0 -1 4 5 6 -1 -1 30 -1 -1 9 3 -1 -1 10 -1 -1 -1 -1 -1 2 -1 -1 16 -1 11 -1 -1 -1 -1 -1 -1 17 -1 -1 24 -1 -1 25 -1 -1 -1 -1 -1 -1 -1 -1 -1 8 -1 -1 -1 -1 -1 -1 -1 -1 -1 14 -1 7 22 -1 -1 26 -1 -1 -1 -1 -1 -1 -1 -1 -1 19 -1 -1 -1 -1 -1 -1 -1 21 20 -1 18 -1 -1 
-1 -1 0 -1 4 5 6 -1 -1 30 -1 -1 9 3 -1 -1 10 -1 -1 -1 -1 -1 2 16 -1 -1 -1 11 -1 -1 -1 -1 -1 -1 17 -1 -1 24 -1 -1 25 -1 -1 -1 -1 -1 -1 -1 -1 -1 8 -1 -1 -1 -1 -1 -1 -1 -1 -1 14 -1 7 22 -1 -1 26 -1 -1 -1 -1 -1 -1 -1 -1 -1 19 -1 -1 -1 -1 -1 -1 -1 21 20 -1 18 -1 -1 
-1 -1 0 -1 4 5 6 -1 -1 30 -1 -1 9 3 -1 -1 10 -1 -1 -1 -1 -1 2 16 -1 -1 -1 11 -1 -1 -1 -1 -1 -1 17 -1 -1 24 -1 -1 25 -1 -1 -1 -1 -1 -1 -1 -1 -1 -1 -1 8 -1 -1 -1 -1 -1 -1 -1 14 -1 7 22 -1 -1 26 -1 -1 -1 -1 -1 -1 -1 -1 -1 19 -1 -1 -1 -1 -1 -1 -1 21 20 -1 18 -1 -1 
-1 -1 0 -1 4 5 6 -1 -1 30 -1 -1 9 3 -1 -1 10 -1 -1 -1 -1 -1 2 -1 -1 -1 -1 11 -1 -1 -1 -1 16 -1 17 -1 -1 24 -1 -1 25 -1 -1 -1 -1 -1 -1 -1 -1 -1 -1 -1 8 -1 -1 -1 -1 -1 -1 -1 14 -1 7 22 -1 -1 26 -1 -1 -1 -1 -1 -1 -1 -1 -1 19 -1 -1 -1 -1 -1 -1 -1 21 20 -1 18 -1 -1 
-1 -1 0 -1 4 5 6 -1 -1 30 -1 -1 9 3 -1 -1 10 -1 -1 -1 -1 -1 2 -1 -1 -1 -1 11 -1 -1 -1 -1 16 -1 17 -1 -1 24 -1 -1 25 -1 -1 -1 -1 -1 -1 -1 -1 -1 -1 7 8 -1 -1 -1 -1 -1 -1 -1 14 -1 -1 22 -1 -1 26 -1 -1 -1 -1 -1 -1 -1 -1 -1 19 -1 -1 -1 -1 -1 -1 -1 21 20 -1 18 -1 -1 
-1 -1 0 -1 4 5 6 -1 -1 30 -1 -1 9 3 -1 -1 10 -1 -1 -1 -1 -1 2 17 -1 -1 -1 11 -1 -1 -1 -1 16 -1 -1 -1 -1 24 -1 -1 25 -1 -1 -1 -1 -1 -1 -1 -1 -1 -1 7 8 -1 -1 -1 -1 -1 -1 -1 14 -1 -1 22 -1 -1 26 -1 -1 -1 -1 -1 -1 -1 -1 -1 19 -1 -1 -1 -1 -1 -1 -1 21 20 -1 18 -1 -1 
-1 -1 0 -1 4 5 6 -1 -1 30 -1 -1 9 3 10 -1 -1 -1 -1 -1 -1 -1 2 17 -1 -1 -1 11 -1 -1 -1 -1 16 -1 -1 -1 -1 24 -1 -1 25 -1 -1 -1 -1 -1 -1 -1 -1 -1 -1 7 8 -1 -1 -1 -1 -1 -1 -1 14 -1 -1 22 -1 -1 26 -1 -1 -1 -1 -1 -1 -1 -1 -1 19 -1 -1 -1 -1 -1 -1 -1 21 20 -1 18 -1 -1 
-1 -1 0 -1 4 5 6 -1 -1 30 -1 -1 9 3 10 -1 -1 -1 -1 -1 -1 -1 2 17 -1 -1 -1 11 -1 -1 -1 -1 -1 -1 -1 -1 -1 24 -1 -1 25 -1 -1 -1 -1 -1 -1 -1 -1 -1 16 7 8 -1 -1 -1 -1 -1 -1 -1 14 -1 -1 22 -1 -1 26 -1 -1 -1 -1 -1 -1 -1 -1 -1 19 -1 -1 -1 -1 -1 -1 -1 21 20 -1 18 -1 -1 
-1 -1 0 -1 4 5 6 -1 -1 30 -1 -1 9 3 10 -1 -1 -1 -1 -1 -1 -1 2 17 -1 -1 -1 11 -1 -1 -1 -1 -1 -1 -1 -1 -1 24 -1 -1 25 -1 -1 -1 -1 -1 -1 -1 -1 -1 16 7 8 -1 -1 -1 -1 -1 -1 -1 -1 -1 -1 22 -1 -1 26 -1 -1 14 -1 -1 -1 -1 -1 -1 19 -1 -1 -1 -1 -1 -1 -1 21 20 -1 18 -1 -1 
-1 -1 0 -1 4 5 6 -1 -1 30 -1 -1 9 3 10 -1 -1 -1 -1 -1 -1 -1 2 17 -1 -1 -1 11 -1 -1 -1 -1 -1 -1 -1 -1 -1 -1 -1 -1 25 -1 -1 -1 -1 -1 24 -1 -1 -1 16 7 8 -1 -1 -1 -1 -1 -1 -1 -1 -1 -1 22 -1 -1 26 -1 -1 14 -1 -1 -1 -1 -1 -1 19 -1 -1 -1 -1 -1 -1 -1 21 20 -1 18 -1 -1 
-1 -1 0 -1 4 5 6 -1 -1 30 -1 -1 9 3 10 -1 -1 -1 -1 -1 -1 -1 2 17 -1 -1 -1 11 -1 -1 -1 -1 -1 -1 -1 -1 -1 -1 -1 -1 25 -1 -1 -1 -1 -1 24 -1 -1 -1 16 7 -1 -1 -1 -1 -1 -1 -1 -1 -1 -1 -1 22 -1 -1 26 -1 -1 14 -1 -1 -1 -1 -1 -1 19 -1 -1 -1 -1 -1 -1 -1 21 20 -1 18 8 -1 
-1 -1 0 -1 4 5 6 -1 -1 30 -1 -1 9 3 10 -1 -1 -1 -1 -1 -1 -1 2 17 -1 -1 -1 11 -1 -1 -1 25 -1 -1 -1 -1 -1 -1 -1 -1 -1 -1 -1 -1 -1 -1 24 -1 -1 -1 16 7 -1 -1 -1 -1 -1 -1 -1 -1 -1 -1 -1 22 -1 -1 26 -1 -1 14 -1 -1 -1 -1 -1 -1 19 -1 -1 -1 -1 -1 -1 -1 21 20 -1 18 8 -1 
-1 -1 0 -1 4 5 6 -1 -1 30 -1 -1 9 3 10 -1 -1 -1 -1 -1 -1 -1 2 17 -1 -1 -1 11 -1 -1 -1 25 -1 -1 -1 -1 -1 -1 -1 -1 -1 -1 -1 -1 -1 -1 24 -1 -1 -1 16 7 -1 -1 -1 -1 -1 -1 -1 -1 -1 -1 -1 22 -1 -1 26 -1 -1 14 -1 -1 -1 -1 -1 -1 19 -1 -1 -1 -1 -1 -1 -1 21 20 -1 8 -1 -1 
-1 -1 0 -1 4 5 6 -1 -1 30 -1 -1 9 3 10 -1 -1 -1 -1 -1 -1 -1 2 17 -1 -1 -1 11 -1 -1 -1 25 -1 -1 -1 -1 -1 -1 -1 -1 -1 -1 -1 -1 -1 -1 24 -1 -1 -1 -1 7 -1 -1 -1 -1 -1 -1 -1 -1 -1 -1 -1 22 -1 -1 26 -1 -1 14 -1 -1 -1 -1 -1 -1 19 -1 -1 -1 -1 -1 -1 -1 21 20 16 8 -1 -1 
-1 -1 0 -1 4 5 6 -1 -1 30 -1 -1 9 3 10 -1 -1 -1 -1 -1 -1 -1 2 17 -1 -1 -1 11 -1 -1 -1 25 -1 -1 -1 -1 -1 -1 -1 -1 -1 -1 -1 -1 -1 -1 24 -1 -1 -1 -1 7 -1 -1 -1 -1 -1 -1 -1 -1 -1 -1 -1 22 -1 -1 26 -1 -1 14 -1 -1 -1 -1 -1 -1 19 -1 -1 -1 -1 -1 -1 -1 21 20 8 -1 -1 -1 
-1 -1 0 -1 4 5 6 -1 -1 30 -1 -1 9 3 10 -1 -1 -1 -1 -1 -1 -1 2 17 -1 -1 -1 11 -1 -1 -1 25 -1 -1 -1 -1 -1 -1 -1 -1 -1 -1 -1 -1 -1 -1 24 -1 -1 -1 -1 7 -1 -1 -1 -1 -1 -1 -1 -1 -1 -1 -1 22 -1 -1 26 -1 -1 14 -1 -1 -1 -1 -1 -1 -1 -1 -1 -1 -1 -1 -1 -1 21 20 19 -1 -1 -1 
-1 -1 0 -1 4 5 6 -1 -1 30 -1 -1 9 3 10 -1 -1 -1 -1 -1 -1 -1 2 17 -1 -1 -1 11 -1 -1 -1 25 -1 -1 -1 -1 -1 -1 -1 -1 -1 -1 -1 -1 -1 -1 24 -1 -1 -1 -1 -1 -1 -1 -1 -1 -1 -1 -1 -1 -1 -1 -1 22 -1 -1 26 -1 7 14 -1 -1 -1 -1 -1 -1 -1 -1 -1 -1 -1 -1 -1 -1 21 20 19 -1 -1 -1 
-1 -1 0 -1 4 5 6 -1 -1 30 -1 -1 9 3 10 -1 -1 -1 -1 -1 -1 -1 2 17 -1 -1 -1 11 -1 -1 -1 25 -1 -1 -1 -1 -1 -1 -1 -1 -1 -1 -1 -1 -1 -1 24 -1 -1 -1 -1 -1 -1 -1 -1 -1 -1 -1 -1 -1 -1 -1 -1 22 -1 -1 26 -1 7 14 -1 -1 -1 -1 -1 -1 20 -1 -1 -1 -1 -1 -1 -1 21 -1 19 -1 -1 -1 
-1 -1 -1 -1 4 5 6 -1 -1 30 -1 -1 9 3 10 -1 -1 -1 -1 -1 -1 -1 2 17 -1 -1 -1 11 -1 -1 -1 25 -1 -1 -1 -1 -1 -1 -1 -1 -1 -1 -1 -1 -1 -1 24 -1 -1 -1 -1 -1 -1 -1 -1 -1 -1 -1 -1 -1 -1 -1 -1 22 -1 -1 26 -1 7 14 -1 -1 -1 -1 0 -1 20 -1 -1 -1 -1 -1 -1 -1 21 -1 19 -1 -1 -1 
-1 -1 -1 -1 4 5 6 -1 -1 30 -1 -1 9 3 10 -1 -1 -1 -1 -1 -1 -1 2 17 -1 -1 -1 11 -1 -1 -1 25 -1 -1 -1 -1 -1 -1 -1 -1 -1 -1 -1 -1 -1 -1 24 -1 -1 -1 -1 -1 -1 -1 -1 -1 -1 -1 -1 -1 -1 -1 -1 22 -1 -1 26 20 7 14 -1 -1 -1 -1 0 -1 -1 -1 -1 -1 -1 -1 -1 -1 21 -1 19 -1 -1 -1 
-1 -1 -1 -1 4 5 6 -1 -1 30 -1 -1 9 3 10 -1 -1 -1 -1 -1 -1 -1 2 17 -1 -1 -1 11 -1 -1 -1 25 -1 -1 -1 -1 -1 -1 -1 -1 -1 -1 -1 -1 -1 -1 24 -1 -1 -1 -1 -1 -1 -1 -1 -1 0 -1 -1 -1 -1 -1 -1 22 -1 -1 26 20 7 14 -1 -1 -1 -1 -1 -1 -1 -1 -1 -1 -1 -1 -1 -1 21 -1 19 -1 -1 -1 
-1 -1 -1 -1 4 5 6 -1 -1 30 -1 -1 9 3 10 -1 -1 -1 -1 -1 -1 -1 2 -1 -1 -1 -1 11 -1 -1 -1 25 -1 -1 -1 -1 -1 -1 -1 -1 17 -1 -1 -1 -1 -1 24 -1 -1 -1 -1 -1 -1 -1 -1 -1 0 -1 -1 -1 -1 -1 -1 22 -1 -1 26 20 7 14 -1 -1 -1 -1 -1 -1 -1 -1 -1 -1 -1 -1 -1 -1 21 -1 19 -1 -1 -1 
-1 -1 -1 -1 4 5 6 -1 -1 30 -1 -1 9 3 10 -1 -1 -1 -1 -1 -1 -1 2 -1 -1 -1 -1 11 -1 -1 -1 25 -1 -1 -1 -1 -1 -1 -1 -1 17 -1 -1 -1 -1 -1 24 -1 -1 -1 -1 -1 -1 -1 -1 -1 -1 -1 -1 -1 -1 -1 -1 22 -1 0 26 20 7 14 -1 -1 -1 -1 -1 -1 -1 -1 -1 -1 -1 -1 -1 -1 21 -1 19 -1 -1 -1 
-1 -1 -1 -1 4 5 6 -1 -1 30 -1 -1 9 3 10 -1 -1 -1 -1 -1 -1 -1 2 -1 -1 -1 -1 11 -1 -1 -1 25 -1 -1 -1 -1 -1 -1 -1 -1 17 -1 -1 -1 -1 -1 -1 24 -1 -1 -1 -1 -1 -1 -1 -1 -1 -1 -1 -1 -1 -1 -1 22 -1 0 26 20 7 14 -1 -1 -1 -1 -1 -1 -1 -1 -1 -1 -1 -1 -1 -1 21 -1 19 -1 -1 -1 
-1 -1 -1 -1 4 5 6 -1 -1 30 -1 -1 9 3 10 -1 -1 -1 -1 -1 -1 -1 2 -1 -1 -1 -1 11 -1 -1 -1 25 -1 -1 -1 -1 -1 -1 -1 -1 17 -1 -1 -1 -1 -1 -1 24 -1 -1 -1 -1 -1 -1 -1 -1 -1 -1 -1 -1 -1 -1 -1 22 0 -1 26 20 7 14 -1 -1 -1 -1 -1 -1 -1 -1 -1 -1 -1 -1 -1 -1 21 -1 19 -1 -1 -1 
-1 -1 24 -1 4 5 6 -1 -1 30 -1 -1 9 3 10 -1 -1 -1 -1 -1 -1 -1 2 -1 -1 -1 -1 11 -1 -1 -1 25 -1 -1 -1 -1 -1 -1 -1 -1 17 -1 -1 -1 -1 -1 -1 -1 -1 -1 -1 -1 -1 -1 -1 -1 -1 -1 -1 -1 -1 -1 -1 22 0 -1 26 20 7 14 -1 -1 -1 -1 -1 -1 -1 -1 -1 -1 -1 -1 -1 -1 21 -1 19 -1 -1 -1 
-1 -1 24 9 4 5 6 -1 -1 30 -1 -1 -1 3 10 -1 -1 -1 -1 -1 -1 -1 2 -1 -1 -1 -1 11 -1 -1 -1 25 -1 -1 -1 -1 -1 -1 -1 -1 17 -1 -1 -1 -1 -1 -1 -1 -1 -1 -1 -1 -1 -1 -1 -1 -1 -1 -1 -1 -1 -1 -1 22 0 -1 26 20 7 14 -1 -1 -1 -1 -1 -1 -1 -1 -1 -1 -1 -1 -1 -1 21 -1 19 -1 -1 -1 
-1 -1 24 9 4 5 6 -1 -1 30 -1 -1 -1 3 10 -1 -1 -1 -1 -1 -1 -1 2 -1 -1 -1 -1 11 -1 -1 -1 25 -1 -1 -1 -1 -1 -1 -1 -1 17 -1 -1 -1 -1 -1 -1 -1 -1 -1 -1 -1 -1 -1 -1 -1 -1 -1 -1 -1 -1 -1 -1 22 0 -1 26 20 7 14 -1 -1 -1 -1 -1 -1 21 -1 -1 -1 -1 -1 -1 -1 -1 -1 19 -1 -1 -1 
-1 -1 24 9 4 5 6 -1 -1 30 -1 -1 -1 3 10 -1 -1 -1 -1 -1 -1 -1 2 -1 -1 -1 -1 11 0 -1 -1 25 -1 -1 -1 -1 -1 -1 -1 -1 17 -1 -1 -1 -1 -1 -1 -1 -1 -1 -1 -1 -1 -1 -1 -1 -1 -1 -1 -1 -1 -1 -1 22 -1 -1 26 20 7 14 -1 -1 -1 -1 -1 -1 21 -1 -1 -1 -1 -1 -1 -1 -1 -1 19 -1 -1 -1 
-1 -1 -1 9 4 5 6 -1 -1 30 -1 -1 -1 3 10 -1 -1 -1 -1 -1 -1 -1 2 -1 -1 -1 -1 11 0 24 -1 25 -1 -1 -1 -1 -1 -1 -1 -1 17 -1 -1 -1 -1 -1 -1 -1 -1 -1 -1 -1 -1 -1 -1 -1 -1 -1 -1 -1 -1 -1 -1 22 -1 -1 26 20 7 14 -1 -1 -1 -1 -1 -1 21 -1 -1 -1 -1 -1 -1 -1 -1 -1 19 -1 -1 -1 
-1 -1 -1 9 4 5 6 -1 -1 30 -1 -1 -1 3 10 -1 -1 -1 -1 -1 -1 -1 2 -1 -1 -1 -1 11 -1 24 -1 25 -1 -1 -1 -1 -1 0 -1 -1 17 -1 -1 -1 -1 -1 -1 -1 -1 -1 -1 -1 -1 -1 -1 -1 -1 -1 -1 -1 -1 -1 -1 22 -1 -1 26 20 7 14 -1 -1 -1 -1 -1 -1 21 -1 -1 -1 -1 -1 -1 -1 -1 -1 19 -1 -1 -1 
-1 -1 -1 9 4 5 6 -1 -1 30 -1 -1 -1 3 10 -1 -1 -1 -1 -1 -1 -1 2 -1 -1 -1 -1 11 -1 24 -1 25 -1 -1 -1 -1 -1 0 -1 -1 -1 -1 -1 -1 -1 -1 -1 -1 -1 -1 -1 -1 -1 -1 -1 -1 -1 -1 -1 17 -1 -1 -1 22 -1 -1 26 20 7 14 -1 -1 -1 -1 -1 -1 21 -1 -1 -1 -1 -1 -1 -1 -1 -1 19 -1 -1 -1 
-1 -1 -1 9 4 5 6 -1 -1 30 -1 -1 -1 3 10 -1 -1 -1 -1 -1 -1 -1 2 -1 -1 -1 -1 11 -1 24 -1 25 -1 -1 -1 -1 -1 -1 -1 -1 -1 -1 -1 -1 -1 -1 -1 -1 -1 -1 -1 -1 -1 -1 -1 0 -1 -1 -1 17 -1 -1 -1 22 -1 -1 26 20 7 14 -1 -1 -1 -1 -1 -1 21 -1 -1 -1 -1 -1 -1 -1 -1 -1 19 -1 -1 -1 
-1 -1 -1 9 4 5 6 -1 -1 30 -1 -1 -1 3 10 -1 -1 -1 -1 -1 -1 -1 2 -1 -1 -1 -1 11 -1 24 -1 25 -1 -1 -1 -1 -1 -1 -1 -1 17 -1 -1 -1 -1 -1 -1 -1 -1 -1 -1 -1 -1 -1 -1 0 -1 -1 -1 -1 -1 -1 -1 22 -1 -1 26 20 7 14 -1 -1 -1 -1 -1 -1 21 -1 -1 -1 -1 -1 -1 -1 -1 -1 19 -1 -1 -1 
-1 -1 -1 9 4 5 6 -1 -1 30 -1 -1 -1 3 10 -1 -1 -1 -1 -1 -1 -1 2 -1 -1 -1 -1 11 -1 24 -1 25 -1 -1 -1 -1 -1 -1 -1 -1 17 -1 -1 -1 -1 -1 -1 -1 -1 7 -1 -1 -1 -1 -1 0 -1 -1 -1 -1 -1 -1 -1 22 -1 -1 26 20 -1 14 -1 -1 -1 -1 -1 -1 21 -1 -1 -1 -1 -1 -1 -1 -1 -1 19 -1 -1 -1 
-1 -1 -1 9 4 5 6 -1 -1 30 -1 -1 -1 3 10 -1 -1 -1 -1 -1 -1 -1 2 -1 -1 -1 -1 11 -1 24 -1 25 -1 -1 -1 -1 -1 -1 -1 -1 17 -1 -1 -1 -1 -1 -1 -1 -1 7 -1 -1 -1 -1 -1 0 -1 -1 -1 -1 -1 -1 -1 22 -1 -1 -1 20 -1 26 -1 -1 -1 -1 -1 -1 21 -1 -1 -1 -1 -1 -1 -1 -1 -1 19 -1 -1 -1 
-1 -1 -1 9 4 5 6 -1 -1 30 -1 -1 -1 3 10 -1 -1 -1 -1 -1 -1 -1 2 -1 -1 -1 -1 11 -1 24 -1 25 -1 -1 -1 -1 -1 -1 -1 -1 17 -1 -1 -1 -1 -1 -1 -1 -1 -1 -1 -1 -1 -1 -1 0 -1 -1 -1 -1 7 -1 -1 22 -1 -1 -1 20 -1 26 -1 -1 -1 -1 -1 -1 21 -1 -1 -1 -1 -1 -1 -1 -1 -1 19 -1 -1 -1 
-1 -1 -1 9 4 5 6 -1 -1 30 -1 -1 -1 3 10 -1 -1 -1 -1 -1 -1 -1 2 -1 -1 -1 -1 11 -1 24 -1 25 -1 -1 -1 -1 -1 -1 -1 -1 -1 -1 -1 -1 -1 -1 -1 -1 -1 -1 -1 -1 -1 -1 -1 0 -1 -1 -1 17 7 -1 -1 22 -1 -1 -1 20 -1 26 -1 -1 -1 -1 -1 -1 21 -1 -1 -1 -1 -1 -1 -1 -1 -1 19 -1 -1 -1 
-1 -1 -1 9 4 5 -1 -1 -1 30 -1 -1 -1 3 10 -1 -1 -1 -1 -1 -1 -1 2 -1 -1 -1 6 11 -1 24 -1 25 -1 -1 -1 -1 -1 -1 -1 -1 -1 -1 -1 -1 -1 -1 -1 -1 -1 -1 -1 -1 -1 -1 -1 0 -1 -1 -1 17 7 -1 -1 22 -1 -1 -1 20 -1 26 -1 -1 -1 -1 -1 -1 21 -1 -1 -1 -1 -1 -1 -1 -1 -1 19 -1 -1 -1 
