0 1 2 3 4 5 6 7 8 30 -1 -1 -1 -1 -1 -1 -1 -1 -1 9 -1 -1 -1 -1 -1 10 -1 11 -1 12 -1 13 -1 14 -1 15 -1 -1 -1 -1 -1 -1 -1 -1 -1 -1 -1 -1 -1 -1 -1 -1 -1 -1 -1 -1 -1 -1 29 -1 28 -1 27 -1 26 -1 -1 25 -1 -1 -1 -1 -1 -1 -1 -1 -1 -1 -1 -1 -1 24 23 22 21 20 19 18 17 16 
0 -1 2 3 4 5 6 7 8 30 -1 -1 -1 -1 -1 -1 -1 -1 -1 9 1 -1 -1 -1 -1 10 -1 11 -1 12 -1 13 -1 14 -1 15 -1 -1 -1 -1 -1 -1 -1 -1 -1 -1 -1 -1 -1 -1 -1 -1 -1 -1 -1 -1 -1 -1 29 -1 28 -1 27 -1 26 -1 -1 25 -1 -1 -1 -1 -1 -1 -1 -1 -1 -1 -1 -1 -1 24 23 22 21 20 19 18 17 16 
0 -1 2 3 4 5 6 7 8 30 -1 -1 -1 -1 -1 -1 -1 -1 -1 9 1 -1 -1 -1 -1 10 -1 11 -1 12 -1 13 -1 14 -1 15 -1 -1 -1 -1 -1 -1 -1 -1 -1 -1 -1 -1 -1 -1 -1 -1 -1 -1 -1 -1 -1 -1 29 -1 28 -1 27 -1 26 -1 -1 25 -1 17 -1 -1 -1 -1 -1 -1 -1 -1 -1 -1 -1 24 23 22 21 20 19 18 -1 16 
0 -1 2 3 4 5 6 7 8 30 -1 -1 -1 -1 -1 -1 -1 -1 -1 9 1 -1 -1 10 -1 -1 -1 11 -1 12 -1 13 -1 14 -1 15 -1 -1 -1 -1 -1 -1 -1 -1 -1 -1 -1 -1 -1 -1 -1 -1 -1 -1 -1 -1 -1 -1 29 -1 28 -1 27 -1 26 -1 -1 25 -1 17 -1 -1 -1 -1 -1 -1 -1 -1 -1 -1 -1 24 23 22 21 20 19 18 -1 16 
0 -1 2 3 4 5 6 7 8 30 -1 -1 -1 -1 -1 -1 -1 -1 -1 9 1 -1 -1 10 -1 -1 -1 11 -1 12 -1 13 -1 14 -1 15 -1 -1 -1 -1 -1 -1 -1 -1 -1 -1 -1 -1 -1 -1 -1 28 -1 -1 -1 -1 -1 -1 29 -1 -1 -1 27 -1 26 -1 -1 25 -1 17 -1 -1 -1 -1 -1 -1 -1 -1 -1 -1 -1 24 23 22 21 20 19 18 -1 16 
0 -1 2 3 4 5 6 7 8 30 -1 -1 -1 -1 -1 -1 -1 -1 -1 9 1 -1 -1 10 -1 -1 -1 11 -1 -1 -1 13 -1 14 -1 15 -1 -1 12 -1 -1 -1 -1 -1 -1 -1 -1 -1 -1 -1 -1 28 -1 -1 -1 -1 -1 -1 29 -1 -1 -1 27 -1 26 -1 -1 25 -1 17 -1 -1 -1 -1 -1 -1 -1 -1 -1 -1 -1 24 23 22 21 20 19 18 -1 16 
0 -1 2 3 4 5 6 7 8 30 -1 -1 -1 -1 -1 -1 -1 -1 -1 9 1 -1 -1 10 -1 -1 -1 11 -1 -1 -1 13 -1 14 -1 15 -1 -1 12 -1 -1 -1 -1 -1 -1 -1 -1 -1 -1 -1 -1 28 -1 -1 -1 -1 -1 -1 29 -1 -1 -1 27 -1 26 -1 -1 25 -1 17 -1 -1 -1 -1 -1 -1 -1 -1 -1 -1 -1 24 23 22 21 20 19 18 16 -1 
0 -1 2 3 4 5 6 -1 8 30 -1 -1 -1 -1 -1 -1 -1 -1 -1 9 1 -1 -1 10 7 -1 -1 11 -1 -1 -1 13 -1 14 -1 15 -1 -1 12 -1 -1 -1 -1 -1 -1 -1 -1 -1 -1 -1 -1 28 -1 -1 -1 -1 -1 -1 29 -1 -1 -1 27 -1 26 -1 -1 25 -1 17 -1 -1 -1 -1 -1 -1 -1 -1 -1 -1 -1 24 23 22 21 20 19 18 16 -1 
0 -1 2 3 4 5 6 -1 8 30 -1 -1 -1 -1 -1 -1 -1 -1 -1 9 1 -1 -1 10 7 -1 -1 11 -1 -1 -1 13 -1 14 -1 15 -1 -1 12 -1 -1 -1 -1 -1 -1 -1 -1 -1 -1 -1 -1 28 -1 -1 -1 -1 -1 -1 29 -1 -1 -1 27 23 26 -1 -1 25 -1 17 -1 -1 -1 -1 -1 -1 -1 -1 -1 -1 -1 24 -1 22 21 20 19 18 16 -1 
0 -1 2 3 4 5 -1 -1 8 30 -1 -1 -1 -1 -1 -1 -1 -1 -1 9 1 -1 6 10 7 -1 -1 11 -1 -1 -1 13 -1 14 -1 15 -1 -1 12 -1 -1 -1 -1 -1 -1 -1 -1 -1 -1 -1 -1 28 -1 -1 -1 -1 -1 -1 29 -1 -1 -1 27 23 26 -1 -1 25 -1 17 -1 -1 -1 -1 -1 -1 -1 -1 -1 -1 -1 24 -1 22 21 20 19 18 16 -1 
0 -1 2 3 4 5 -1 -1 8 30 -1 -1 -1 -1 -1 -1 -1 -1 -1 9 1 -1 6 10 7 -1 -1 11 -1 -1 -1 13 -1 14 -1 15 -1 -1 12 -1 -1 -1 -1 -1 -1 -1 -1 -1 -1 -1 -1 28 -1 -1 -1 -1 -1 -1 29 -1 -1 -1 27 23 -1 -1 26 25 -1 17 -1 -1 -1 -1 -1 -1 -1 -1 -1 -1 -1 24 -1 22 21 20 19 18 16 -1 
-1 0 2 3 4 5 -1 -1 8 30 -1 -1 -1 -1 -1 -1 -1 -1 -1 9 1 -1 6 10 7 -1 -1 11 -1 -1 -1 13 -1 14 -1 15 -1 -1 12 -1 -1 -1 -1 -1 -1 -1 -1 -1 -1 -1 -1 28 -1 -1 -1 -1 -1 -1 29 -1 -1 -1 27 23 -1 -1 26 25 -1 17 -1 -1 -1 -1 -1 -1 -1 -1 -1 -1 -1 24 -1 22 21 20 19 18 16 -1 
-1 0 2 3 4 5 -1 -1 8 30 -1 -1 -1 -1 -1 -1 -1 -1 -1 9 1 -1 6 10 7 -1 -1 11 -1 -1 -1 13 -1 14 -1 15 -1 -1 12 -1 -1 -1 -1 -1 -1 -1 -1 -1 -1 -1 -1 28 -1 -1 -1 -1 -1 -1 29 -1 -1 -1 27 23 -1 -1 26 25 -1 17 -1 -1 -1 -1 -1 -1 -1 -1 -1 -1 -1 -1 24 22 21 20 19 18 16 -1 
-1 0 2 3 4 5 -1 -1 8 30 -1 -1 -1 -1 -1 -1 -1 -1 -1 -1 1 -1 6 10 7 -1 -1 11 -1 -1 -1 13 -1 14 -1 15 -1 -1 12 -1 -1 -1 -1 -1 -1 -1 -1 -1 -1 -1 -1 28 -1 -1 -1 9 -1 -1 29 -1 -1 -1 27 23 -1 -1 26 25 -1 17 -1 -1 -1 -1 -1 -1 -1 -1 -1 -1 -1 -1 24 22 21 20 19 18 16 -1 
-1 0 2 3 4 5 -1 -1 8 30 -1 -1 -1 -1 -1 -1 -1 -1 -1 -1 1 -1 6 10 7 -1 -1 11 -1 -1 -1 13 -1 14 -1 15 -1 -1 12 -1 -1 -1 -1 -1 -1 31 -1 -1 -1 -1 -1 28 -1 -1 -1 9 -1 -1 29 -1 -1 -1 27 23 -1 -1 26 25 -1 17 -1 -1 -1 -1 -1 -1 -1 -1 -1 -1 -1 -1 24 22 21 20 19 18 16 -1 
-1 0 2 3 4 -1 -1 -1 8 30 -1 -1 -1 5 -1 -1 -1 -1 -1 -1 1 -1 6 10 7 -1 -1 11 -1 -1 -1 13 -1 14 -1 15 -1 -1 12 -1 -1 -1 -1 -1 -1 31 -1 -1 -1 -1 -1 28 -1 -1 -1 9 -1 -1 29 -1 -1 -1 27 23 -1 -1 26 25 -1 17 -1 -1 -1 -1 -1 -1 -1 -1 -1 -1 -1 -1 24 22 21 20 19 18 16 -1 
-1 0 2 3 4 -1 -1 -1 8 30 -1 -1 -1 5 -1 -1 -1 -1 -1 -1 1 -1 6 10 7 -1 -1 11 -1 -1 -1 13 -1 14 -1 15 -1 -1 12 -1 -1 -1 -1 -1 -1 31 -1 -1 -1 -1 -1 28 -1 -1 -1 9 -1 -1 29 -1 -1 -1 27 23 -1 -1 26 25 -1 17 -1 -1 -1 -1 -1 -1 19 -1 -1 -1 -1 -1 24 22 21 20 -1 18 16 -1 
-1 0 2 3 4 -1 -1 8 -1 30 -1 -1 -1 5 -1 -1 -1 -1 -1 -1 1 -1 6 10 7 -1 -1 11 -1 -1 -1 13 -1 14 -1 15 -1 -1 12 -1 -1 -1 -1 -1 -1 31 -1 -1 -1 -1 -1 28 -1 -1 -1 9 -1 -1 29 -1 -1 -1 27 23 -1 -1 26 25 -1 17 -1 -1 -1 -1 -1 -1 19 -1 -1 -1 -1 -1 24 22 21 20 -1 18 16 -1 
-1 0 2 3 4 -1 -1 16 -1 30 -1 -1 -1 5 -1 -1 -1 -1 -1 -1 1 -1 6 10 7 -1 -1 11 -1 -1 -1 13 -1 14 -1 15 -1 -1 12 -1 -1 -1 -1 -1 -1 31 -1 -1 -1 -1 -1 28 -1 -1 -1 9 -1 -1 29 -1 -1 -1 27 23 -1 -1 26 25 -1 17 -1 -1 -1 -1 -1 -1 19 -1 -1 -1 -1 -1 24 22 21 20 -1 18 -1 -1 
-1 0 2 3 4 -1 -1 7 -1 30 -1 -1 -1 5 -1 -1 -1 -1 -1 -1 1 -1 6 10 -1 -1 -1 11 -1 -1 -1 13 -1 14 -1 15 -1 -1 12 -1 -1 -1 -1 -1 -1 31 -1 -1 -1 -1 -1 28 -1 -1 -1 9 -1 -1 29 -1 -1 -1 27 23 -1 -1 26 25 -1 17 -1 -1 -1 -1 -1 -1 19 -1 -1 -1 -1 -1 24 22 21 20 -1 18 -1 -1 
-1 0 2 3 4 -1 -1 7 -1 30 -1 -1 -1 5 -1 -1 -1 -1 -1 -1 1 -1 6 10 -1 -1 -1 11 -1 -1 -1 13 -1 14 -1 15 -1 -1 12 -1 -1 -1 -1 -1 -1 31 -1 -1 -1 -1 -1 28 -1 -1 -1 9 -1 -1 29 -1 -1 -1 27 23 24 -1 26 25 -1 17 -1 -1 -1 -1 -1 -1 19 -1 -1 -1 -1 -1 -1 22 21 20 -1 18 -1 -1 
-1 0 2 3 4 -1 -1 -1 -1 30 -1 -1 -1 5 -1 -1 -1 -1 -1 -1 1 -1 6 10 7 -1 -1 11 -1 -1 -1 13 -1 14 -1 15 -1 -1 12 -1 -1 -1 -1 -1 -1 31 -1 -1 -1 -1 -1 28 -1 -1 -1 9 -1 -1 29 -1 -1 -1 27 23 24 -1 26 25 -1 17 -1 -1 -1 -1 -1 -1 19 -1 -1 -1 -1 -1 -1 22 21 20 -1 18 -1 -1 
-1 0 2 3 4 -1 -1 -1 -1 30 -1 -1 -1 5 -1 -1 -1 -1 -1 -1 1 -1 6 10 7 -1 -1 11 -1 -1 26 13 -1 14 -1 15 -1 -1 12 -1 -1 -1 -1 -1 -1 31 -1 -1 -1 -1 -1 28 -1 -1 -1 9 -1 -1 29 -1 -1 -1 27 23 24 -1 -1 25 -1 17 -1 -1 -1 -1 -1 -1 19 -1 -1 -1 -1 -1 -1 22 21 20 -1 18 -1 -1 
-1 0 2 3 4 -1 -1 -1 -1 30 -1 -1 -1 5 -1 -1 -1 -1 -1 -1 1 -1 6 10 7 -1 -1 11 -1 -1 26 13 -1 -1 -1 15 -1 -1 12 -1 -1 -1 14 -1 -1 31 -1 -1 -1 -1 -1 28 -1 -1 -1 9 -1 -1 29 -1 -1 -1 27 23 24 -1 -1 25 -1 17 -1 -1 -1 -1 -1 -1 19 -1 -1 -1 -1 -1 -1 22 21 20 -1 18 -1 -1 
-1 0 2 3 4 -1 -1 -1 -1 30 -1 -1 -1 5 -1 -1 -1 -1 -1 -1 1 -1 6 10 7 -1 -1 11 -1 -1 26 13 -1 -1 -1 15 -1 -1 12 -1 -1 -1 28 -1 -1 31 -1 -1 -1 -1 -1 -1 -1 -1 -1 9 -1 -1 29 -1 -1 -1 27 23 24 -1 -1 25 -1 17 -1 -1 -1 -1 -1 -1 19 -1 -1 -1 -1 -1 -1 22 21 20 -1 18 -1 -1 
-1 0 2 3 4 -1 -1 -1 -1 30 -1 -1 -1 5 -1 -1 -1 -1 -1 -1 1 -1 -1 10 7 -1 -1 11 -1 -1 26 13 -1 -1 -1 15 -1 -1 12 -1 -1 -1 6 -1 -1 31 -1 -1 -1 -1 -1 -1 -1 -1 -1 9 -1 -1 29 -1 -1 -1 27 23 24 -1 -1 25 -1 17 -1 -1 -1 -1 -1 -1 19 -1 -1 -1 -1 -1 -1 22 21 20 -1 18 -1 -1 
-1 0 2 3 4 -1 -1 -1 -1 30 -1 -1 -1 5 -1 -1 -1 -1 -1 -1 1 -1 -1 10 7 -1 -1 11 -1 -1 26 13 -1 -1 -1 15 -1 -1 12 -1 -1 -1 6 -1 -1 31 -1 -1 -1 -1 -1 -1 -1 -1 -1 9 -1 -1 29 -1 -1 -1 27 23 -1 -1 24 25 -1 17 -1 -1 -1 -1 -1 -1 19 -1 -1 -1 -1 -1 -1 22 21 20 -1 18 -1 -1 
-1 -1 2 3 4 -1 -1 -1 -1 30 -1 -1 -1 5 -1 -1 -1 -1 -1 -1 1 -1 -1 10 7 -1 -1 11 0 -1 26 13 -1 -1 -1 15 -1 -1 12 -1 -1 -1 6 -1 -1 31 -1 -1 -1 -1 -1 -1 -1 -1 -1 9 -1 -1 29 -1 -1 -1 27 23 -1 -1 24 25 -1 17 -1 -1 -1 -1 -1 -1 19 -1 -1 -1 -1 -1 -1 22 21 20 -1 18 -1 -1 
-1 -1 2 3 4 -1 -1 -1 -1 30 -1 -1 26 5 -1 -1 -1 -1 -1 -1 1 -1 -1 10 7 -1 -1 11 0 -1 -1 13 -1 -1 -1 15 -1 -1 12 -1 -1 -1 6 -1 -1 31 -1 -1 -1 -1 -1 -1 -1 -1 -1 9 -1 -1 29 -1 -1 -1 27 23 -1 -1 24 25 -1 17 -1 -1 -1 -1 -1 -1 19 -1 -1 -1 -1 -1 -1 22 21 20 -1 18 -1 -1 
-1 -1 2 3 4 -1 -1 -1 -1 30 -1 -1 26 5 -1 -1 -1 -1 -1 -1 1 -1 6 10 7 -1 -1 11 0 -1 -1 13 -1 -1 -1 15 -1 -1 12 -1 -1 -1 -1 -1 -1 31 -1 -1 -1 -1 -1 -1 -1 -1 -1 9 -1 -1 29 -1 -1 -1 27 23 -1 -1 24 25 -1 17 -1 -1 -1 -1 -1 -1 19 -1 -1 -1 -1 -1 -1 22 21 20 -1 18 -1 -1 
-1 -1 2 3 4 -1 -1 -1 -1 30 -1 -1 26 5 -1 -1 -1 -1 -1 -1 1 -1 6 10 7 -1 -1 11 0 -1 -1 13 -1 -1 -1 15 -1 -1 12 -1 -1 -1 -1 -1 -1 31 -1 -1 -1 -1 -1 -1 17 -1 -1 9 -1 -1 29 -1 -1 -1 27 23 -1 -1 24 25 -1 -1 -1 -1 -1 -1 -1 -1 19 -1 -1 -1 -1 -1 -1 22 21 20 -1 18 -1 -1 
-1 -1 2 3 4 -1 -1 -1 -1 30 -1 -1 26 5 -1 -1 -1 -1 -1 -1 1 -1 6 10 7 -1 -1 11 0 -1 -1 13 -1 -1 -1 15 -1 -1 12 -1 -1 -1 -1 -1 -1 31 -1 -1 -1 -1 -1 -1 17 -1 -1 -1 -1 -1 9 -1 -1 -1 27 23 -1 -1 24 25 -1 -1 -1 -1 -1 -1 -1 -1 19 -1 -1 -1 -1 -1 -1 22 21 20 -1 18 -1 -1 
-1 -1 2 3 4 -1 -1 -1 -1 30 -1 -1 26 5 -1 -1 -1 -1 -1 -1 1 -1 6 10 7 -1 -1 11 0 -1 -1 13 -1 -1 -1 15 -1 -1 12 -1 -1 -1 -1 -1 -1 31 -1 -1 -1 -1 -1 -1 17 -1 -1 -1 -1 24 9 -1 -1 -1 27 23 -1 -1 -1 25 -1 -1 -1 -1 -1 -1 -1 -1 19 -1 -1 -1 -1 -1 -1 22 21 20 -1 18 -1 -1 
-1 -1 2 3 4 -1 -1 -1 -1 30 -1 -1 26 5 -1 -1 -1 -1 -1 -1 1 -1 6 10 7 -1 -1 11 0 -1 -1 13 -1 -1 -1 15 -1 -1 12 -1 -1 -1 -1 -1 -1 31 -1 -1 -1 9 -1 -1 17 -1 -1 -1 -1 24 -1 -1 -1 -1 27 23 -1 -1 -1 25 -1 -1 -1 -1 -1 -1 -1 -1 19 -1 -1 -1 -1 -1 -1 22 21 20 -1 18 -1 -1 
-1 -1 2 3 4 -1 -1 -1 -1 30 -1 -1 26 5 -1 -1 -1 -1 -1 -1 1 -1 6 10 7 -1 -1 11 0 -1 -1 13 -1 17 -1 15 -1 -1 12 -1 -1 -1 -1 -1 -1 31 -1 -1 -1 9 -1 -1 -1 -1 -1 -1 -1 24 -1 -1 -1 -1 27 23 -1 -1 -1 25 -1 -1 -1 -1 -1 -1 -1 -1 19 -1 -1 -1 -1 -1 -1 22 21 20 -1 18 -1 -1 
-1 -1 2 3 4 -1 -1 -1 -1 30 -1 -1 26 5 -1 -1 -1 -1 -1 -1 1 -1 6 10 7 -1 -1 11 0 -1 -1 -1 -1 17 -1 15 -1 -1 12 -1 13 -1 -1 -1 -1 31 -1 -1 -1 9 -1 -1 -1 -1 -1 -1 -1 24 -1 -1 -1 -1 27 23 -1 -1 -1 25 -1 -1 -1 -1 -1 -1 -1 -1 19 -1 -1 -1 -1 -1 -1 22 21 20 -1 18 -1 -1 
-1 -1 2 3 4 -1 -1 -1 -1 30 -1 -1 26 5 -1 -1 -1 -1 -1 -1 1 -1 6 10 7 -1 -1 11 0 -1 -1 -1 -1 -1 -1 15 -1 -1 12 -1 17 -1 -1 -1 -1 31 -1 -1 -1 9 -1 -1 -1 -1 -1 -1 -1 24 -1 -1 -1 -1 27 23 -1 -1 -1 25 -1 -1 -1 -1 -1 -1 -1 -1 19 -1 -1 -1 -1 -1 -1 22 21 20 -1 18 -1 -1 
-1 -1 2 3 4 -1 -1 -1 -1 30 -1 -1 26 5 -1 -1 -1 -1 -1 -1 1 -1 6 10 7 -1 -1 11 -1 -1 -1 0 -1 -1 -1 15 -1 -1 12 -1 17 -1 -1 -1 -1 31 -1 -1 -1 9 -1 -1 -1 -1 -1 -1 -1 24 -1 -1 -1 -1 27 23 -1 -1 -1 25 -1 -1 -1 -1 -1 -1 -1 -1 19 -1 -1 -1 -1 -1 -1 22 21 20 -1 18 -1 -1 
-1 -1 2 3 4 -1 -1 -1 -1 30 -1 -1 26 5 -1 -1 -1 -1 -1 -1 1 -1 6 10 7 -1 -1 11 -1 -1 -1 0 -1 -1 -1 15 -1 -1 12 -1 -1 -1 -1 -1 -1 31 -1 -1 -1 9 -1 17 -1 -1 -1 -1 -1 24 -1 -1 -1 -1 27 23 -1 -1 -1 25 -1 -1 -1 -1 -1 -1 -1 -1 19 -1 -1 -1 -1 -1 -1 22 21 20 -1 18 -1 -1 
-1 -1 2 3 4 -1 -1 -1 -1 30 -1 -1 26 5 -1 -1 -1 -1 -1 -1 1 -1 6 10 -1 -1 -1 11 -1 -1 -1 0 -1 -1 -1 15 -1 -1 12 -1 -1 7 -1 -1 -1 31 -1 -1 -1 9 -1 17 -1 -1 -1 -1 -1 24 -1 -1 -1 -1 27 23 -1 -1 -1 25 -1 -1 -1 -1 -1 -1 -1 -1 19 -1 -1 -1 -1 -1 -1 22 21 20 -1 18 -1 -1 
-1 -1 2 3 4 -1 -1 -1 -1 30 -1 -1 26 5 -1 -1 -1 -1 -1 -1 1 -1 6 10 -1 -1 -1 11 -1 -1 -1 0 -1 -1 -1 15 -1 -1 12 -1 -1 7 -1 -1 -1 31 -1 -1 -1 9 -1 17 -1 -1 -1 -1 -1 24 -1 -1 -1 -1 27 -1 -1 -1 -1 25 -1 -1 -1 -1 -1 -1 23 -1 19 -1 -1 -1 -1 -1 -1 22 21 20 -1 18 -1 -1 
-1 -1 2 3 4 -1 -1 -1 -1 30 -1 -1 26 5 -1 -1 -1 -1 -1 -1 1 -1 6 10 -1 -1 -1 11 -1 -1 -1 -1 -1 0 -1 15 -1 -1 12 -1 -1 7 -1 -1 -1 31 -1 -1 -1 9 -1 17 -1 -1 -1 -1 -1 24 -1 -1 -1 -1 27 -1 -1 -1 -1 25 -1 -1 -1 -1 -1 -1 23 -1 19 -1 -1 -1 -1 -1 -1 22 21 20 -1 18 -1 -1 
-1 -1 2 3 4 -1 -1 -1 -1 30 -1 -1 26 5 -1 -1 -1 -1 -1 -1 1 -1 6 10 -1 -1 -1 11 -1 -1 -1 -1 -1 0 -1 15 -1 -1 12 -1 -1 7 -1 -1 -1 31 -1 -1 -1 9 -1 17 -1 -1 -1 -1 -1 24 -1 -1 -1 -1 27 -1 -1 -1 -1 25 -1 -1 -1 18 -1 -1 23 -1 19 -1 -1 -1 -1 -1 -1 22 21 20 -1 -1 -1 -1 
-1 -1 2 3 4 -1 -1 -1 -1 30 -1 -1 26 5 -1 -1 -1 -1 -1 -1 -1 -1 6 10 -1 -1 -1 11 -1 -1 -1 1 -1 0 -1 15 -1 -1 12 -1 -1 7 -1 -1 -1 31 -1 -1 -1 9 -1 17 -1 -1 -1 -1 -1 24 -1 -1 -1 -1 27 -1 -1 -1 -1 25 -1 -1 -1 18 -1 -1 23 -1 19 -1 -1 -1 -1 -1 -1 22 21 20 -1 -1 -1 -1 
-1 -1 2 3 4 -1 -1 -1 -1 30 -1 -1 -1 5 -1 -1 -1 -1 -1 -1 -1 -1 6 10 -1 -1 -1 11 -1 -1 -1 1 -1 0 -1 15 -1 -1 12 26 -1 7 -1 -1 -1 31 -1 -1 -1 9 -1 17 -1 -1 -1 -1 -1 24 -1 -1 -1 -1 27 -1 -1 -1 -1 25 -1 -1 -1 18 -1 -1 23 -1 19 -1 -1 -1 -1 -1 -1 22 21 20 -1 -1 -1 -1 
-1 -1 2 3 4 -1 -1 -1 -1 30 -1 -1 -1 5 -1 -1 -1 -1 -1 -1 -1 -1 6 10 -1 -1 -1 11 -1 -1 -1 -1 -1 0 -1 15 -1 -1 12 26 -1 7 -1 -1 -1 31 -1 -1 -1 9 1 17 -1 -1 -1 -1 -1 24 -1 -1 -1 -1 27 -1 -1 -1 -1 25 -1 -1 -1 18 -1 -1 23 -1 19 -1 -1 -1 -1 -1 -1 22 21 20 -1 -1 -1 -1 
-1 -1 2 3 4 -1 -1 -1 -1 30 -1 -1 -1 5 -1 -1 -1 -1 -1 -1 -1 -1 6 10 -1 -1 -1 11 -1 -1 -1 -1 -1 0 -1 15 -1 -1 12 26 -1 7 -1 -1 -1 31 -1 -1 -1 9 1 17 -1 -1 -1 -1 -1 -1 -1 24 -1 -1 27 -1 -1 -1 -1 25 -1 -1 -1 18 -1 -1 23 -1 19 -1 -1 -1 -1 -1 -1 22 21 20 -1 -1 -1 -1 
-1 -1 2 3 4 -1 -1 -1 -1 30 -1 -1 -1 5 -1 -1 -1 -1 -1 -1 -1 -1 6 10 -1 -1 -1 11 -1 -1 -1 -1 -1 0 -1 15 -1 -1 12 26 -1 7 -1 -1 -1 31 -1 -1 -1 -1 1 9 -1 -1 -1 -1 -1 -1 -1 24 -1 -1 27 -1 -1 -1 -1 25 -1 -1 -1 18 -1 -1 23 -1 19 -1 -1 -1 -1 -1 -1 22 21 20 -1 -1 -1 -1 
-1 -1 2 3 4 -1 -1 -1 -1 30 -1 -1 -1 5 -1 -1 -1 -1 -1 -1 -1 -1 6 10 -1 -1 -1 11 -1 -1 -1 -1 -1 0 -1 15 -1 -1 12 26 -1 7 -1 -1 -1 31 -1 -1 -1 -1 1 18 -1 -1 -1 -1 -1 -1 -1 24 -1 -1 27 -1 -1 -1 -1 25 -1 -1 -1 -1 -1 -1 23 -1 19 -1 -1 -1 -1 -1 -1 22 21 20 -1 -1 -1 -1 
-1 -1 2 3 4 -1 -1 -1 -1 30 -1 -1 -1 5 -1 -1 -1 -1 -1 -1 -1 -1 6 10 -1 -1 -1 11 -1 -1 -1 -1 -1 -1 -1 15 -1 -1 12 26 -1 7 -1 -1 -1 31 -1 -1 -1 -1 1 0 -1 -1 -1 -1 -1 -1 -1 24 -1 -1 27 -1 -1 -1 -1 25 -1 -1 -1 -1 -1 -1 23 -1 19 -1 -1 -1 -1 -1 -1 22 21 20 -1 -1 -1 -1 
-1 -1 2 3 4 -1 -1 -1 -1 30 -1 -1 -1 5 -1 -1 -1 -1 -1 -1 -1 -1 6 10 -1 -1 -1 11 -1 -1 -1 -1 -1 -1 -1 15 -1 -1 12 26 -1 7 -1 -1 -1 31 -1 -1 -1 25 1 0 -1 -1 -1 -1 -1 -1 -1 24 -1 -1 27 -1 -1 -1 -1 -1 -1 -1 -1 -1 -1 -1 23 -1 19 -1 -1 -1 -1 -1 -1 22 21 20 -1 -1 -1 -1 
-1 -1 2 3 4 -1 -1 -1 -1 30 -1 -1 -1 5 -1 -1 -1 -1 -1 -1 -1 -1 6 10 -1 -1 -1 11 -1 -1 -1 -1 -1 -1 -1 15 -1 -1 12 26 -1 -1 -1 -1 -1 31 -1 -1 7 25 1 0 -1 -1 -1 -1 -1 -1 -1 24 -1 -1 27 -1 -1 -1 -1 -1 -1 -1 -1 -1 -1 -1 23 -1 19 -1 -1 -1 -1 -1 -1 22 21 20 -1 -1 -1 -1 
-1 -1 2 3 4 -1 -1 -1 -1 30 -1 -1 -1 5 -1 -1 -1 -1 -1 -1 -1 -1 6 10 -1 -1 -1 11 -1 -1 -1 -1 -1 -1 -1 15 -1 -1 12 26 -1 -1 -1 -1 -1 31 -1 -1 7 -1 1 25 -1 -1 -1 -1 -1 -1 -1 24 -1 -1 27 -1 -1 -1 -1 -1 -1 -1 -1 -1 -1 -1 23 -1 19 -1 -1 -1 -1 -1 -1 22 21 20 -1 -1 -1 -1 
-1 -1 2 3 4 -1 -1 -1 -1 30 -1 -1 -1 5 -1 -1 -1 -1 -1 -1 -1 -1 6 10 -1 -1 -1 11 -1 -1 -1 -1 -1 -1 -1 15 -1 -1 12 26 -1 -1 -1 -1 -1 31 -1 -1 -1 -1 1 25 -1 -1 -1 -1 -1 -1 -1 7 -1 -1 27 -1 -1 -1 -1 -1 -1 -1 -1 -1 -1 -1 23 -1 19 -1 -1 -1 -1 -1 -1 22 21 20 -1 -1 -1 -1 
-1 -1 2 3 4 -1 -1 -1 -1 30 -1 -1 -1 5 -1 -1 -1 -1 -1 -1 -1 -1 6 10 -1 -1 -1 11 -1 -1 -1 -1 -1 -1 -1 15 -1 -1 12 -1 -1 -1 -1 -1 -1 31 -1 -1 -1 -1 1 25 -1 -1 -1 -1 -1 -1 -1 7 -1 -1 27 -1 -1 -1 -1 -1 -1 -1 -1 -1 -1 -1 23 26 19 -1 -1 -1 -1 -1 -1 22 21 20 -1 -1 -1 -1 
-1 -1 2 3 4 -1 -1 -1 -1 30 -1 -1 -1 5 -1 -1 -1 -1 -1 -1 -1 -1 6 -1 -1 -1 -1 11 -1 -1 -1 -1 10 -1 -1 15 -1 -1 12 -1 -1 -1 -1 -1 -1 31 -1 -1 -1 -1 1 25 -1 -1 -1 -1 -1 -1 -1 7 -1 -1 27 -1 -1 -1 -1 -1 -1 -1 -1 -1 -1 -1 23 26 19 -1 -1 -1 -1 -1 -1 22 21 20 -1 -1 -1 -1 
-1 -1 2 3 4 -1 -1 -1 -1 30 -1 -1 -1 5 -1 -1 -1 -1 -1 -1 -1 -1 6 -1 -1 -1 -1 11 -1 -1 -1 -1 10 -1 -1 15 -1 -1 12 -1 -1 -1 -1 -1 -1 31 -1 -1 -1 -1 1 25 -1 -1 -1 -1 -1 -1 -1 7 -1 -1 27 23 -1 -1 -1 -1 -1 -1 -1 -1 -1 -1 -1 26 19 -1 -1 -1 -1 -1 -1 22 21 20 -1 -1 -1 -1 
-1 -1 2 3 4 -1 -1 -1 -1 30 -1 -1 -1 5 -1 -1 -1 -1 -1 -1 -1 -1 6 -1 -1 -1 -1 11 -1 -1 -1 -1 10 -1 -1 -1 -1 -1 12 -1 -1 -1 -1 -1 15 31 -1 -1 -1 -1 1 25 -1 -1 -1 -1 -1 -1 -1 7 -1 -1 27 23 -1 -1 -1 -1 -1 -1 -1 -1 -1 -1 -1 26 19 -1 -1 -1 -1 -1 -1 22 21 20 -1 -1 -1 -1 
-1 -1 2 3 4 -1 -1 -1 -1 30 -1 -1 -1 5 -1 -1 -1 -1 -1 -1 -1 -1 6 -1 -1 -1 -1 11 -1 -1 -1 -1 10 -1 -1 -1 -1 -1 12 -1 -1 -1 -1 -1 15 31 23 -1 -1 -1 1 25 -1 -1 -1 -1 -1 -1 -1 7 -1 -1 27 -1 -1 -1 -1 -1 -1 -1 -1 -1 -1 -1 -1 26 19 -1 -1 -1 -1 -1 -1 22 21 20 -1 -1 -1 -1 
-1 -1 2 3 4 -1 -1 -1 -1 30 -1 -1 -1 5 -1 -1 -1 -1 -1 -1 -1 -1 6 -1 -1 -1 -1 11 -1 -1 -1 -1 -1 -1 -1 10 -1 -1 12 -1 -1 -1 -1 -1 15 31 23 -1 -1 -1 1 25 -1 -1 -1 -1 -1 -1 -1 7 -1 -1 27 -1 -1 -1 -1 -1 -1 -1 -1 -1 -1 -1 -1 26 19 -1 -1 -1 -1 -1 -1 22 21 20 -1 -1 -1 -1 
-1 -1 2 3 4 -1 -1 -1 -1 30 -1 -1 -1 5 -1 -1 -1 -1 -1 -1 -1 -1 6 -1 -1 -1 -1 23 -1 -1 -1 -1 -1 -1 -1 10 -1 -1 12 -1 -1 -1 -1 -1 15 31 -1 -1 -1 -1 1 25 -1 -1 -1 -1 -1 -1 -1 7 -1 -1 27 -1 -1 -1 -1 -1 -1 -1 -1 -1 -1 -1 -1 26 19 -1 -1 -1 -1 -1 -1 22 21 20 -1 -1 -1 -1 
-1 -1 2 3 4 -1 -1 -1 -1 30 -1 -1 -1 5 -1 -1 -1 -1 -1 -1 -1 -1 6 -1 -1 -1 -1 23 -1 -1 -1 -1 -1 -1 -1 -1 -1 -1 12 -1 -1 -1 -1 -1 15 31 -1 -1 -1 -1 1 25 -1 -1 -1 -1 -1 -1 -1 7 -1 -1 10 -1 -1 -1 -1 -1 -1 -1 -1 -1 -1 -1 -1 26 19 -1 -1 -1 -1 -1 -1 22 21 20 -1 -1 -1 -1 
-1 -1 2 3 4 -1 -1 -1 -1 30 -1 -1 -1 5 -1 -1 -1 -1 -1 -1 -1 -1 6 -1 -1 -1 -1 23 -1 -1 -1 -1 -1 -1 -1 -1 -1 -1 12 -1 -1 -1 -1 -1 15 31 -1 -1 -1 -1 1 -1 -1 -1 -1 -1 -1 -1 -1 7 25 -1 10 -1 -1 -1 -1 -1 -1 -1 -1 -1 -1 -1 -1 26 19 -1 -1 -1 -1 -1 -1 22 21 20 -1 -1 -1 -1 
-1 -1 2 3 4 -1 -1 -1 -1 30 -1 -1 -1 5 -1 -1 -1 -1 -1 -1 -1 -1 6 -1 -1 -1 -1 23 -1 -1 -1 -1 -1 -1 -1 -1 -1 -1 12 -1 -1 -1 -1 -1 15 31 -1 -1 7 -1 1 -1 -1 -1 -1 -1 -1 -1 -1 -1 25 -1 10 -1 -1 -1 -1 -1 -1 -1 -1 -1 -1 -1 -1 26 19 -1 -1 -1 -1 -1 -1 22 21 20 -1 -1 -1 -1 
-1 -1 2 3 4 -1 -1 -1 -1 30 -1 -1 -1 5 -1 -1 -1 -1 -1 -1 -1 -1 6 -1 -1 -1 -1 23 -1 -1 -1 -1 -1 -1 -1 -1 -1 -1 12 -1 -1 -1 -1 -1 15 31 -1 -1 7 -1 1 -1 -1 -1 -1 -1 -1 -1 -1 -1 25 -1 10 -1 -1 -1 19 -1 -1 -1 -1 -1 -1 -1 -1 26 -1 -1 -1 -1 -1 -1 -1 22 21 20 -1 -1 -1 -1 
-1 -1 2 3 4 -1 -1 -1 -1 30 -1 -1 -1 5 -1 -1 -1 -1 -1 -1 -1 -1 6 -1 -1 -1 -1 23 -1 -1 -1 -1 -1 -1 -1 -1 -1 -1 12 -1 -1 -1 -1 -1 15 31 -1 -1 -1 -1 1 -1 -1 -1 -1 -1 -1 -1 -1 -1 25 -1 10 -1 -1 -1 19 7 -1 -1 -1 -1 -1 -1 -1 26 -1 -1 -1 -1 -1 -1 -1 22 21 20 -1 -1 -1 -1 
-1 -1 2 3 4 -1 -1 -1 -1 30 -1 -1 -1 5 -1 -1 -1 -1 -1 -1 -1 -1 6 -1 -1 -1 -1 23 -1 -1 -1 -1 -1 -1 -1 -1 -1 -1 12 -1 -1 -1 -1 -1 15 31 -1 -1 -1 -1 1 -1 -1 -1 -1 -1 -1 -1 25 -1 -1 -1 10 -1 -1 -1 19 7 -1 -1 -1 -1 -1 -1 -1 26 -1 -1 -1 -1 -1 -1 -1 22 21 20 -1 -1 -1 -1 
-1 -1 2 3 4 -1 -1 -1 -1 30 -1 -1 -1 5 -1 -1 -1 -1 -1 -1 -1 -1 6 -1 -1 -1 -1 23 -1 -1 -1 -1 -1 -1 -1 -1 -1 -1 12 -1 -1 -1 -1 -1 15 31 -1 -1 -1 -1 -1 -1 -1 -1 -1 -1 -1 -1 25 -1 -1 -1 10 -1 -1 -1 19 7 -1 1 -1 -1 -1 -1 -1 26 -1 -1 -1 -1 -1 -1 -1 22 21 20 -1 -1 -1 -1 
-1 -1 2 3 4 -1 -1 -1 -1 30 -1 -1 -1 5 -1 -1 -1 -1 -1 -1 -1 -1 6 -1 -1 -1 -1 23 -1 -1 -1 -1 -1 -1 -1 -1 -1 -1 12 -1 -1 -1 -1 -1 15 31 -1 -1 -1 -1 -1 -1 -1 -1 -1 -1 -1 -1 25 -1 -1 -1 10 -1 -1 -1 19 7 -1 1 -1 -1 -1 -1 -1 -1 -1 26 -1 -1 -1 -1 -1 22 21 20 -1 -1 -1 -1 
-1 -1 2 3 4 -1 -1 -1 -1 30 -1 -1 -1 5 -1 -1 -1 -1 -1 -1 -1 -1 6 -1 -1 -1 -1 23 -1 -1 -1 -1 -1 -1 -1 -1 -1 -1 12 -1 -1 -1 -1 -1 15 31 -1 -1 -1 -1 -1 -1 -1 -1 -1 -1 -1 -1 25 -1 -1 -1 10 -1 -1 -1 19 -1 -1 1 -1 -1 -1 -1 -1 -1 -1 26 -1 -1 -1 -1 -1 22 21 20 7 -1 -1 -1 
-1 -1 2 3 4 -1 -1 -1 -1 30 -1 -1 -1 5 -1 -1 -1 -1 -1 -1 -1 -1 6 -1 -1 -1 -1 23 -1 -1 -1 -1 -1 -1 -1 -1 -1 -1 12 -1 -1 -1 -1 -1 15 31 -1 -1 -1 -1 -1 -1 -1 -1 -1 -1 -1 -1 25 -1 -1 -1 10 -1 -1 -1 19 -1 -1 1 -1 -1 -1 -1 -1 -1 -1 -1 26 -1 -1 -1 -1 22 21 20 7 -1 -1 -1 
-1 -1 2 3 4 -1 -1 -1 -1 30 -1 -1 -1 5 -1 -1 -1 -1 -1 -1 -1 -1 6 -1 -1 -1 -1 23 -1 -1 -1 -1 -1 -1 -1 -1 -1 -1 12 -1 -1 -1 -1 -1 15 31 -1 -1 -1 -1 -1 -1 -1 -1 -1 -1 -1 -1 1 -1 -1 -1 10 -1 -1 -1 19 -1 -1 -1 -1 -1 -1 -1 -1 -1 -1 -1 26 -1 -1 -1 -1 22 21 20 7 -1 -1 -1 
-1 -1 2 3 4 -1 -1 -1 -1 30 -1 -1 -1 5 -1 -1 -1 -1 -1 -1 -1 -1 6 -1 -1 -1 -1 23 -1 -1 -1 -1 -1 -1 -1 -1 -1 -1 12 -1 -1 -1 -1 -1 15 31 -1 -1 -1 -1 -1 -1 -1 -1 -1 -1 -1 -1 1 -1 -1 -1 10 -1 -1 -1 19 -1 -1 -1 -1 -1 -1 -1 -1 -1 -1 -1 26 -1 -1 -1 -1 22 21 -1 20 -1 -1 -1 
-1 -1 2 3 4 -1 -1 -1 -1 30 -1 -1 -1 5 -1 -1 -1 -1 -1 -1 -1 -1 6 -1 -1 -1 -1 23 -1 -1 -1 -1 -1 -1 -1 -1 -1 -1 12 -1 -1 -1 -1 -1 15 31 -1 -1 -1 -1 -1 -1 -1 -1 -1 -1 10 -1 1 -1 -1 -1 -1 -1 -1 -1 19 -1 -1 -1 -1 -1 -1 -1 -1 -1 -1 -1 26 -1 -1 -1 -1 22 21 -1 20 -1 -1 -1 
-1 -1 2 3 4 -1 -1 -1 -1 30 -1 -1 -1 5 -1 -1 -1 -1 -1 -1 -1 -1 6 -1 -1 -1 -1 23 -1 -1 -1 -1 -1 -1 -1 -1 -1 -1 12 -1 -1 -1 -1 -1 15 31 -1 -1 -1 -1 -1 -1 -1 -1 -1 -1 10 -1 1 -1 -1 -1 -1 -1 -1 -1 19 22 -1 -1 -1 -1 -1 -1 -1 -1 -1 -1 26 -1 -1 -1 -1 -1 21 -1 20 -1 -1 -1 
-1 -1 2 3 4 -1 -1 -1 -1 30 -1 -1 -1 5 -1 -1 -1 -1 -1 -1 -1 -1 6 -1 -1 -1 -1 23 -1 -1 -1 -1 -1 -1 -1 -1 -1 -1 12 -1 -1 -1 -1 -1 15 31 -1 -1 -1 -1 -1 -1 -1 -1 -1 -1 10 -1 -1 -1 -1 -1 -1 -1 -1 -1 19 22 -1 1 -1 -1 -1 -1 -1 -1 -1 -1 26 -1 -1 -1 -1 -1 21 -1 20 -1 -1 -1 
-1 -1 2 3 4 -1 -1 -1 -1 30 -1 -1 -1 5 -1 -1 -1 -1 -1 -1 -1 -1 6 -1 -1 -1 -1 23 -1 -1 -1 -1 -1 -1 -1 -1 -1 -1 12 -1 -1 -1 -1 -1 15 31 -1 -1 -1 -1 -1 -1 -1 -1 -1 -1 10 -1 -1 -1 -1 -1 -1 -1 -1 -1 19 22 -1 1 -1 -1 -1 -1 -1 -1 -1 -1 26 -1 -1 -1 -1 -1 21 20 -1 -1 -1 -1 
-1 -1 2 3 4 -1 -1 -1 -1 30 -1 -1 -1 5 -1 -1 -1 -1 -1 -1 -1 -1 6 -1 -1 -1 -1 23 -1 -1 -1 -1 -1 -1 -1 -1 -1 -1 12 -1 -1 -1 -1 -1 15 31 -1 -1 -1 -1 1 -1 -1 -1 -1 -1 10 -1 -1 -1 -1 -1 -1 -1 -1 -1 19 22 -1 -1 -1 -1 -1 -1 -1 -1 -1 -1 26 -1 -1 -1 -1 -1 21 20 -1 -1 -1 -1 
-1 -1 2 3 4 -1 -1 -1 -1 30 -1 -1 -1 5 -1 -1 -1 -1 -1 -1 -1 -1 6 -1 -1 -1 -1 23 -1 -1 -1 -1 -1 -1 -1 -1 -1 -1 12 -1 -1 -1 -1 -1 15 31 -1 -1 -1 -1 1 -1 -1 -1 -1 -1 10 -1 -1 -1 -1 -1 -1 -1 -1 -1 19 -1 -1 -1 -1 -1 -1 -1 -1 -1 -1 -1 26 -1 -1 -1 -1 22 21 20 -1 -1 -1 -1 
-1 -1 2 3 4 -1 -1 -1 -1 30 -1 -1 -1 5 -1 -1 -1 -1 -1 -1 -1 -1 6 -1 -1 -1 -1 23 -1 -1 -1 -1 -1 -1 -1 -1 -1 -1 12 -1 -1 -1 -1 -1 15 31 -1 -1 -1 -1 1 -1 -1 -1 -1 -1 -1 -1 10 -1 -1 -1 -1 -1 -1 -1 19 -1 -1 -1 -1 -1 -1 -1 -1 -1 -1 -1 26 -1 -1 -1 -1 22 21 20 -1 -1 -1 -1 
-1 -1 2 3 4 -1 -1 -1 -1 30 -1 -1 -1 5 -1 -1 -1 -1 -1 -1 -1 -1 6 -1 -1 -1 -1 23 -1 -1 -1 -1 -1 -1 -1 -1 -1 -1 12 -1 -1 -1 -1 -1 15 31 -1 -1 -1 -1 1 -1 -1 -1 -1 -1 -1 -1 10 -1 -1 -1 -1 22 -1 -1 19 -1 -1 -1 -1 -1 -1 -1 -1 -1 -1 -1 26 -1 -1 -1 -1 -1 21 20 -1 -1 -1 -1 
-1 -1 2 3 4 -1 -1 -1 -1 30 -1 -1 -1 5 -1 -1 -1 -1 -1 -1 -1 -1 6 -1 -1 -1 -1 23 -1 -1 -1 -1 -1 -1 -1 -1 -1 -1 12 -1 -1 -1 -1 -1 -1 31 -1 -1 -1 -1 1 -1 -1 15 -1 -1 -1 -1 10 -1 -1 -1 -1 22 -1 -1 19 -1 -1 -1 -1 -1 -1 -1 -1 -1 -1 -1 26 -1 -1 -1 -1 -1 21 20 -1 -1 -1 -1 
-1 -1 2 3 4 -1 -1 -1 -1 30 -1 -1 -1 5 -1 -1 -1 -1 -1 -1 -1 -1 6 -1 -1 -1 -1 23 -1 -1 -1 -1 -1 -1 -1 -1 -1 -1 12 -1 -1 -1 -1 -1 -1 31 -1 -1 -1 -1 1 -1 -1 15 -1 -1 -1 -1 10 -1 -1 -1 -1 22 -1 -1 19 -1 -1 -1 -1 -1 26 -1 -1 -1 -1 -1 -1 -1 -1 -1 -1 -1 21 20 -1 -1 -1 -1 
-1 -1 2 3 4 -1 -1 -1 -1 30 -1 -1 -1 5 -1 -1 -1 -1 -1 -1 -1 -1 6 -1 -1 -1 -1 23 -1 -1 -1 -1 -1 -1 -1 -1 -1 -1 12 -1 -1 -1 -1 -1 -1 31 -1 -1 -1 -1 1 -1 -1 15 -1 10 -1 -1 -1 -1 -1 -1 -1 22 -1 -1 19 -1 -1 -1 -1 -1 26 -1 -1 -1 -1 -1 -1 -1 -1 -1 -1 -1 21 20 -1 -1 -1 -1 
-1 -1 2 3 4 -1 -1 -1 -1 30 -1 -1 -1 5 -1 -1 -1 -1 -1 -1 -1 -1 6 -1 -1 -1 -1 23 -1 -1 -1 -1 -1 -1 -1 -1 -1 -1 12 -1 -1 -1 -1 -1 -1 31 -1 -1 -1 -1 1 -1 -1 15 -1 10 -1 -1 19 -1 -1 -1 -1 22 -1 -1 -1 -1 -1 -1 -1 -1 26 -1 -1 -1 -1 -1 -1 -1 -1 -1 -1 -1 21 20 -1 -1 -1 -1 
-1 -1 2 3 4 -1 -1 -1 -1 30 -1 -1 -1 5 -1 -1 -1 -1 -1 -1 -1 -1 6 -1 -1 -1 -1 23 -1 -1 -1 -1 -1 -1 -1 -1 -1 -1 -1 -1 -1 -1 -1 -1 -1 31 -1 12 -1 -1 1 -1 -1 15 -1 10 -1 -1 19 -1 -1 -1 -1 22 -1 -1 -1 -1 -1 -1 -1 -1 26 -1 -1 -1 -1 -1 -1 -1 -1 -1 -1 -1 21 20 -1 -1 -1 -1 
-1 -1 2 3 4 -1 -1 -1 -1 30 -1 -1 -1 5 -1 -1 -1 -1 -1 -1 -1 -1 6 -1 -1 -1 -1 23 -1 -1 -1 -1 -1 -1 -1 -1 31 -1 -1 -1 -1 -1 -1 -1 -1 -1 -1 12 -1 -1 1 -1 -1 15 -1 10 -1 -1 19 -1 -1 -1 -1 22 -1 -1 -1 -1 -1 -1 -1 -1 26 -1 -1 -1 -1 -1 -1 -1 -1 -1 -1 -1 21 20 -1 -1 -1 -1 
-1 -1 2 3 4 -1 -1 -1 -1 30 -1 -1 -1 5 -1 -1 -1 -1 -1 -1 -1 -1 6 -1 -1 -1 -1 23 -1 -1 -1 -1 -1 -1 -1 -1 31 -1 -1 -1 -1 -1 -1 -1 -1 -1 -1 -1 -1 -1 1 -1 -1 15 -1 10 12 -1 19 -1 -1 -1 -1 22 -1 -1 -1 -1 -1 -1 -1 -1 26 -1 -1 -1 -1 -1 -1 -1 -1 -1 -1 -1 21 20 -1 -1 -1 -1 
-1 -1 2 3 4 -1 -1 -1 -1 30 -1 -1 -1 5 -1 -1 -1 -1 -1 -1 -1 -1 6 -1 -1 -1 -1 23 -1 -1 -1 -1 -1 -1 -1 -1 -1 31 -1 -1 -1 -1 -1 -1 -1 -1 -1 -1 -1 -1 1 -1 -1 15 -1 10 12 -1 19 -1 -1 -1 -1 22 -1 -1 -1 -1 -1 -1 -1 -1 26 -1 -1 -1 -1 -1 -1 -1 -1 -1 -1 -1 21 20 -1 -1 -1 -1 
-1 -1 2 3 4 -1 -1 -1 -1 30 -1 -1 -1 5 -1 -1 -1 -1 -1 -1 -1 -1 6 -1 -1 -1 -1 23 -1 -1 -1 -1 -1 -1 -1 -1 -1 31 -1 -1 -1 -1 -1 -1 -1 -1 -1 -1 -1 -1 1 -1 -1 15 -1 10 -1 -1 19 -1 -1 -1 -1 22 -1 12 -1 -1 -1 -1 -1 -1 26 -1 -1 -1 -1 -1 -1 -1 -1 -1 -1 -1 21 20 -1 -1 -1 -1 
-1 -1 2 3 4 -1 -1 -1 -1 30 -1 -1 -1 5 -1 -1 -1 -1 -1 -1 -1 -1 6 -1 -1 -1 -1 23 31 -1 -1 -1 -1 -1 -1 -1 -1 -1 -1 -1 -1 -1 -1 -1 -1 -1 -1 -1 -1 -1 1 -1 -1 15 -1 10 -1 -1 19 -1 -1 -1 -1 22 -1 12 -1 -1 -1 -1 -1 -1 26 -1 -1 -1 -1 -1 -1 -1 -1 -1 -1 -1 21 20 -1 -1 -1 -1 
-1 -1 2 3 4 -1 -1 -1 -1 30 -1 -1 -1 5 -1 -1 -1 -1 -1 -1 -1 -1 6 -1 -1 -1 -1 23 31 -1 -1 -1 -1 -1 -1 -1 -1 -1 -1 -1 -1 -1 -1 -1 -1 -1 -1 -1 -1 -1 1 -1 -1 15 -1 -1 -1 -1 10 -1 -1 -1 -1 22 -1 12 -1 -1 -1 -1 -1 -1 26 -1 -1 -1 -1 -1 -1 -1 -1 -1 -1 -1 21 20 -1 -1 -1 -1 
-1 -1 2 3 4 -1 -1 -1 -1 30 -1 -1 -1 5 -1 -1 -1 -1 -1 -1 -1 -1 6 -1 -1 -1 -1 23 31 -1 -1 -1 -1 -1 -1 -1 -1 -1 -1 -1 -1 -1 -1 -1 -1 -1 -1 -1 -1 -1 1 -1 -1 15 -1 -1 -1 -1 10 -1 -1 -1 -1 22 -1 12 -1 -1 -1 -1 -1 -1 26 -1 -1 -1 -1 -1 -1 -1 -1 -1 -1 -1 20 -1 -1 -1 -1 -1 
-1 -1 2 3 4 -1 -1 -1 -1 30 -1 -1 -1 5 -1 -1 -1 -1 -1 -1 -1 -1 6 -1 -1 -1 -1 23 31 -1 -1 -1 -1 -1 -1 -1 -1 -1 -1 -1 -1 -1 -1 -1 -1 -1 -1 -1 -1 -1 1 -1 -1 15 -1 -1 -1 -1 10 -1 -1 -1 -1 22 -1 -1 -1 -1 -1 -1 -1 -1 26 -1 12 -1 -1 -1 -1 -1 -1 -1 -1 -1 20 -1 -1 -1 -1 -1 
-1 -1 2 3 4 -1 -1 -1 -1 30 -1 -1 -1 5 -1 -1 -1 -1 -1 -1 -1 -1 6 -1 -1 -1 -1 23 31 -1 -1 -1 -1 -1 -1 -1 -1 -1 -1 -1 -1 -1 -1 -1 -1 -1 -1 -1 -1 -1 19 -1 -1 15 -1 -1 -1 -1 -1 -1 -1 -1 -1 22 -1 -1 -1 -1 -1 -1 -1 -1 26 -1 12 -1 -1 -1 -1 -1 -1 -1 -1 -1 20 -1 -1 -1 -1 -1 
-1 -1 2 3 4 -1 -1 -1 -1 30 -1 -1 -1 5 -1 -1 -1 -1 -1 -1 -1 -1 6 -1 -1 -1 -1 23 31 -1 -1 -1 -1 -1 -1 -1 -1 -1 -1 -1 -1 -1 -1 -1 -1 -1 -1 -1 -1 -1 -1 -1 -1 15 -1 -1 -1 -1 -1 -1 -1 -1 -1 22 -1 -1 -1 1 -1 -1 -1 -1 26 -1 12 -1 -1 -1 -1 -1 -1 -1 -1 -1 20 -1 -1 -1 -1 -1 
-1 -1 2 3 4 -1 -1 -1 -1 30 -1 -1 -1 5 -1 -1 -1 -1 -1 -1 -1 -1 6 -1 -1 -1 -1 23 31 -1 -1 -1 -1 -1 -1 -1 -1 -1 -1 -1 -1 -1 -1 -1 -1 -1 -1 -1 -1 -1 -1 -1 -1 15 -1 -1 -1 -1 -1 -1 -1 -1 -1 22 -1 -1 -1 1 -1 -1 -1 -1 26 -1 12 -1 -1 -1 -1 -1 -1 -1 -1 -1 -1 -1 -1 -1 -1 -1 
-1 -1 2 3 4 -1 -1 -1 -1 30 -1 -1 -1 5 -1 -1 -1 -1 -1 -1 -1 -1 6 -1 -1 -1 -1 23 31 -1 -1 -1 -1 -1 -1 -1 -1 -1 -1 -1 -1 -1 -1 -1 -1 -1 -1 -1 -1 -1 -1 -1 -1 15 -1 -1 1 -1 -1 -1 -1 -1 -1 22 -1 -1 -1 -1 -1 -1 -1 -1 26 -1 12 -1 -1 -1 -1 -1 -1 -1 -1 -1 -1 -1 -1 -1 -1 -1 
-1 -1 2 3 4 -1 -1 -1 -1 30 -1 -1 -1 5 -1 -1 -1 -1 -1 -1 -1 -1 6 -1 -1 -1 -1 23 31 -1 -1 -1 -1 -1 -1 -1 -1 -1 -1 -1 -1 -1 -1 -1 -1 -1 -1 -1 -1 -1 -1 -1 -1 15 -1 -1 1 -1 -1 -1 -1 -1 -1 22 -1 -1 -1 -1 -1 -1 -1 -1 26 -1 12 -1 -1 -1 -1 -1 -1 -1 -1 -1 21 -1 -1 -1 -1 -1 
-1 -1 2 3 4 -1 -1 -1 -1 30 -1 -1 -1 5 -1 -1 -1 -1 -1 -1 -1 -1 6 -1 -1 -1 -1 23 31 -1 -1 -1 -1 -1 -1 -1 -1 -1 -1 -1 -1 -1 -1 -1 -1 -1 -1 -1 -1 -1 -1 -1 -1 15 -1 -1 -1 -1 -1 -1 -1 -1 -1 1 -1 -1 -1 -1 -1 -1 -1 -1 26 -1 12 -1 -1 -1 -1 -1 -1 -1 -1 -1 21 -1 -1 -1 -1 -1 
-1 -1 2 3 4 -1 -1 -1 -1 30 -1 -1 -1 5 -1 -1 -1 -1 -1 -1 -1 -1 6 -1 -1 -1 -1 23 31 -1 -1 -1 -1 -1 -1 -1 -1 -1 -1 -1 -1 -1 -1 -1 -1 -1 -1 -1 -1 -1 -1 -1 -1 15 -1 -1 -1 -1 -1 -1 -1 -1 -1 1 -1 -1 -1 -1 -1 -1 -1 -1 26 -1 12 -1 -1 -1 -1 -1 -1 -1 -1 -1 -1 20 -1 -1 -1 -1 
-1 -1 2 3 4 -1 -1 -1 -1 30 -1 -1 -1 5 -1 -1 -1 -1 -1 -1 -1 -1 6 -1 -1 -1 -1 23 31 -1 -1 -1 -1 -1 -1 -1 -1 -1 -1 -1 -1 -1 -1 -1 -1 -1 -1 -1 -1 -1 -1 -1 -1 15 -1 10 -1 -1 -1 -1 -1 -1 -1 1 -1 -1 -1 -1 -1 -1 -1 -1 26 -1 12 -1 -1 -1 -1 -1 -1 -1 -1 -1 -1 20 -1 -1 -1 -1 
-1 -1 2 3 4 -1 -1 -1 -1 30 -1 -1 -1 5 -1 -1 -1 -1 -1 -1 -1 -1 6 -1 -1 -1 -1 23 31 -1 -1 -1 -1 -1 -1 -1 -1 -1 -1 -1 -1 -1 -1 -1 -1 -1 -1 -1 -1 -1 -1 -1 -1 15 -1 10 -1 -1 -1 -1 -1 -1 -1 1 -1 -1 -1 -1 -1 -1 -1 -1 26 -1 12 -1 -1 -1 -1 -1 -1 -1 -1 -1 -1 -1 20 -1 -1 -1 
-1 -1 2 3 4 -1 -1 -1 -1 30 -1 -1 -1 5 -1 -1 -1 -1 -1 -1 -1 -1 6 -1 -1 -1 -1 23 31 -1 -1 -1 -1 -1 -1 -1 -1 -1 -1 -1 -1 -1 -1 -1 -1 -1 -1 -1 -1 -1 -1 -1 15 -1 -1 10 -1 -1 -1 -1 -1 -1 -1 1 -1 -1 -1 -1 -1 -1 -1 -1 26 -1 12 -1 -1 -1 -1 -1 -1 -1 -1 -1 -1 -1 20 -1 -1 -1 
-1 -1 2 3 4 -1 -1 -1 -1 30 -1 -1 -1 5 -1 -1 -1 -1 -1 -1 -1 -1 6 -1 -1 -1 -1 23 31 -1 -1 -1 -1 -1 -1 -1 -1 -1 -1 -1 -1 -1 -1 -1 -1 -1 -1 -1 -1 -1 -1 -1 15 -1 -1 10 -1 -1 -1 -1 -1 -1 -1 1 -1 -1 -1 -1 -1 -1 -1 -1 -1 -1 12 -1 -1 -1 -1 -1 -1 26 -1 -1 -1 -1 20 -1 -1 -1 
-1 -1 2 3 4 -1 -1 -1 -1 30 -1 -1 -1 5 -1 -1 -1 -1 -1 -1 -1 -1 6 -1 -1 -1 -1 23 31 -1 -1 -1 -1 -1 -1 -1 -1 -1 -1 -1 -1 -1 -1 -1 -1 -1 -1 -1 -1 -1 -1 -1 15 -1 -1 -1 -1 -1 -1 -1 -1 -1 -1 1 -1 -1 -1 -1 -1 -1 -1 -1 -1 -1 12 -1 -1 -1 -1 -1 -1 26 10 -1 -1 -1 20 -1 -1 -1 
-1 -1 2 3 4 -1 -1 -1 -1 30 -1 -1 -1 5 -1 -1 -1 -1 -1 -1 -1 -1 6 -1 -1 -1 -1 23 -1 31 -1 -1 -1 -1 -1 -1 -1 -1 -1 -1 -1 -1 -1 -1 -1 -1 -1 -1 -1 -1 -1 -1 15 -1 -1 -1 -1 -1 -1 -1 -1 -1 -1 1 -1 -1 -1 -1 -1 -1 -1 -1 -1 -1 12 -1 -1 -1 -1 -1 -1 26 10 -1 -1 -1 20 -1 -1 -1 
-1 -1 2 3 4 -1 -1 -1 -1 30 -1 -1 -1 5 -1 -1 -1 -1 -1 -1 -1 -1 6 -1 -1 -1 -1 23 -1 31 -1 -1 -1 -1 -1 -1 -1 -1 -1 -1 -1 -1 -1 -1 -1 -1 -1 -1 -1 -1 -1 15 -1 -1 -1 -1 -1 -1 -1 -1 -1 -1 -1 1 -1 -1 -1 -1 -1 -1 -1 -1 -1 -1 12 -1 -1 -1 -1 -1 -1 26 10 -1 -1 -1 20 -1 -1 -1 
-1 -1 2 3 4 -1 -1 -1 -1 30 -1 -1 -1 5 -1 -1 -1 -1 -1 -1 -1 -1 6 -1 -1 -1 -1 23 -1 31 -1 -1 -1 -1 -1 -1 -1 -1 -1 -1 -1 -1 -1 -1 -1 -1 -1 -1 -1 -1 -1 15 -1 -1 -1 -1 -1 30 -1 -1 -1 -1 -1 1 -1 -1 -1 -1 -1 -1 -1 -1 -1 -1 12 -1 -1 -1 -1 -1 -1 26 10 -1 -1 -1 20 -1 -1 -1 
-1 -1 2 3 4 -1 -1 -1 -1 30 -1 -1 -1 5 -1 -1 -1 -1 -1 -1 -1 -1 6 -1 -1 -1 -1 23 -1 31 -1 -1 -1 -1 -1 -1 -1 -1 -1 -1 -1 -1 -1 -1 -1 -1 -1 -1 -1 -1 -1 14 -1 -1 -1 -1 -1 30 -1 -1 -1 -1 -1 1 -1 -1 -1 -1 -1 -1 -1 -1 -1 -1 12 -1 -1 -1 -1 -1 -1 26 10 -1 -1 -1 20 -1 -1 -1 
-1 -1 2 3 4 -1 -1 -1 -1 30 -1 -1 -1 5 -1 -1 -1 -1 -1 -1 -1 -1 6 -1 -1 -1 -1 -1 -1 31 -1 -1 -1 -1 -1 -1 -1 -1 23 -1 -1 -1 -1 -1 -1 -1 -1 -1 -1 -1 -1 14 -1 -1 -1 -1 -1 30 -1 -1 -1 -1 -1 1 -1 -1 -1 -1 -1 -1 -1 -1 -1 -1 12 -1 -1 -1 -1 -1 -1 26 10 -1 -1 -1 20 -1 -1 -1 
-1 -1 2 3 4 -1 -1 -1 -1 30 -1 -1 -1 5 -1 -1 -1 -1 -1 -1 -1 -1 6 -1 -1 -1 -1 -1 -1 31 -1 -1 -1 -1 -1 -1 -1 -1 23 -1 -1 -1 -1 -1 -1 -1 -1 -1 -1 -1 -1 -1 -1 -1 -1 -1 -1 30 -1 -1 14 -1 -1 1 -1 -1 -1 -1 -1 -1 -1 -1 -1 -1 12 -1 -1 -1 -1 -1 -1 26 10 -1 -1 -1 20 -1 -1 -1 
-1 -1 2 3 4 -1 -1 -1 -1 30 -1 -1 -1 5 -1 -1 -1 -1 -1 -1 -1 -1 6 -1 -1 -1 -1 -1 -1 31 -1 -1 -1 -1 -1 -1 -1 -1 -1 -1 -1 -1 -1 -1 -1 -1 -1 -1 -1 23 -1 -1 -1 -1 -1 -1 -1 30 -1 -1 14 -1 -1 1 -1 -1 -1 -1 -1 -1 -1 -1 -1 -1 12 -1 -1 -1 -1 -1 -1 26 10 -1 -1 -1 20 -1 -1 -1 
-1 -1 2 3 4 -1 -1 -1 -1 30 -1 -1 -1 5 -1 -1 -1 -1 -1 -1 -1 -1 6 -1 -1 -1 -1 -1 -1 31 -1 -1 -1 -1 -1 -1 -1 -1 -1 -1 -1 -1 -1 -1 -1 -1 -1 -1 -1 23 -1 -1 -1 -1 -1 -1 -1 30 -1 -1 -1 -1 -1 1 -1 -1 -1 -1 -1 14 -1 -1 -1 -1 12 -1 -1 -1 -1 -1 -1 26 10 -1 -1 -1 20 -1 -1 -1 
-1 -1 2 3 4 -1 -1 -1 -1 30 -1 -1 -1 5 -1 -1 -1 -1 -1 -1 -1 -1 6 -1 -1 -1 -1 -1 -1 31 -1 -1 -1 -1 -1 -1 -1 -1 -1 -1 -1 -1 -1 -1 -1 -1 -1 -1 -1 23 -1 -1 -1 -1 -1 -1 -1 30 -1 -1 -1 -1 -1 1 -1 -1 -1 -1 -1 14 -1 -1 -1 -1 12 -1 -1 -1 -1 -1 -1 26 10 -1 -1 20 -1 -1 -1 -1 
-1 -1 2 3 4 -1 -1 -1 -1 30 -1 -1 -1 5 -1 -1 -1 -1 -1 -1 -1 -1 6 -1 -1 -1 -1 -1 -1 31 -1 -1 -1 -1 -1 -1 -1 -1 -1 -1 -1 -1 -1 -1 -1 -1 -1 -1 -1 23 -1 -1 -1 -1 -1 -1 -1 30 -1 -1 -1 -1 -1 1 -1 -1 -1 -1 -1 14 -1 -1 -1 -1 -1 -1 -1 -1 -1 -1 -1 26 10 12 -1 20 -1 -1 -1 -1 
