0 1 2 3 4 5 6 7 8 30 -1 -1 -1 -1 -1 -1 -1 -1 -1 9 -1 -1 -1 -1 -1 10 -1 11 -1 12 -1 13 -1 14 -1 15 -1 -1 -1 -1 -1 -1 -1 -1 -1 -1 -1 -1 -1 -1 -1 -1 -1 -1 -1 -1 -1 -1 29 -1 28 -1 27 -1 26 -1 -1 25 -1 -1 -1 -1 -1 -1 -1 -1 -1 -1 -1 -1 -1 24 23 22 21 20 19 18 17 16 
0 -1 2 3 4 5 6 7 8 30 -1 -1 -1 -1 -1 -1 -1 -1 -1 9 1 -1 -1 -1 -1 10 -1 11 -1 12 -1 13 -1 14 -1 15 -1 -1 -1 -1 -1 -1 -1 -1 -1 -1 -1 -1 -1 -1 -1 -1 -1 -1 -1 -1 -1 -1 29 -1 28 -1 27 -1 26 -1 -1 25 -1 -1 -1 -1 -1 -1 -1 -1 -1 -1 -1 -1 -1 24 23 22 21 20 19 18 17 16 
0 -1 2 3 4 5 6 7 8 30 -1 -1 -1 -1 -1 -1 -1 -1 -1 9 1 -1 -1 -1 -1 10 -1 11 -1 12 -1 13 -1 14 -1 15 -1 -1 -1 -1 -1 -1 -1 -1 -1 -1 -1 -1 -1 -1 -1 -1 -1 -1 -1 -1 -1 -1 29 -1 28 -1 27 -1 26 -1 -1 25 -1 17 -1 -1 -1 -1 -1 -1 -1 -1 -1 -1 -1 24 23 22 21 20 19 18 -1 16 
0 -1 2 3 4 5 6 7 8 30 -1 -1 -1 -1 -1 -1 -1 -1 -1 9 1 -1 -1 10 -1 -1 -1 11 -1 12 -1 13 -1 14 -1 15 -1 -1 -1 -1 -1 -1 -1 -1 -1 -1 -1 -1 -1 -1 -1 -1 -1 -1 -1 -1 -1 -1 29 -1 28 -1 27 -1 26 -1 -1 25 -1 17 -1 -1 -1 -1 -1 -1 -1 -1 -1 -1 -1 24 23 22 21 20 19 18 -1 16 
0 -1 2 3 4 5 6 7 8 30 -1 -1 -1 -1 -1 -1 -1 -1 -1 9 1 -1 -1 10 -1 -1 -1 11 -1 12 -1 13 -1 14 -1 15 -1 -1 -1 -1 -1 -1 -1 -1 -1 -1 -1 -1 -1 -1 -1 -1 -1 -1 -1 -1 -1 -1 29 -1 28 -1 27 -1 26 -1 -1 25 -1 17 -1 -1 -1 -1 -1 -1 -1 -1 -1 -1 -1 24 23 22 21 20 19 18 16 -1 
0 -1 2 3 4 5 6 -1 8 30 -1 -1 -1 -1 -1 -1 -1 -1 -1 9 1 -1 -1 10 7 -1 -1 11 -1 12 -1 13 -1 14 -1 15 -1 -1 -1 -1 -1 -1 -1 -1 -1 -1 -1 -1 -1 -1 -1 -1 -1 -1 -1 -1 -1 -1 29 -1 28 -1 27 -1 26 -1 -1 25 -1 17 -1 -1 -1 -1 -1 -1 -1 -1 -1 -1 -1 24 23 22 21 20 19 18 16 -1 
0 -1 2 3 4 5 6 -1 8 30 -1 -1 -1 -1 -1 -1 -1 -1 -1 9 1 -1 -1 10 7 -1 -1 11 -1 12 -1 13 -1 14 -1 15 -1 -1 -1 -1 -1 -1 -1 -1 -1 -1 -1 30 -1 -1 -1 -1 -1 -1 -1 -1 -1 -1 29 -1 28 -1 27 -1 26 -1 -1 25 -1 17 -1 -1 -1 -1 -1 -1 -1 -1 -1 -1 -1 24 23 22 21 20 19 18 16 -1 
0 -1 2 3 4 5 6 -1 8 30 -1 -1 -1 -1 -1 -1 -1 -1 -1 9 1 -1 -1 10 7 -1 -1 11 -1 12 -1 13 -1 -1 -1 15 -1 -1 -1 -1 -1 -1 14 -1 -1 -1 -1 30 -1 -1 -1 -1 -1 -1 -1 -1 -1 -1 29 -1 28 -1 27 -1 26 -1 -1 25 -1 17 -1 -1 -1 -1 -1 -1 -1 -1 -1 -1 -1 24 23 22 21 20 19 18 16 -1 
0 -1 2 3 4 5 6 -1 8 30 -1 -1 -1 -1 -1 -1 -1 -1 -1 9 1 -1 -1 10 7 -1 -1 11 -1 12 -1 13 -1 -1 -1 15 -1 -1 -1 -1 -1 -1 14 -1 -1 -1 -1 30 -1 -1 -1 -1 -1 -1 -1 -1 -1 -1 29 -1 28 -1 27 -1 -1 -1 26 25 -1 17 -1 -1 -1 -1 -1 -1 -1 -1 -1 -1 -1 24 23 22 21 20 19 18 16 -1 
-1 -1 2 3 4 5 6 -1 8 0 -1 -1 -1 -1 -1 -1 -1 -1 -1 9 1 -1 -1 10 7 -1 -1 11 -1 12 -1 13 -1 -1 -1 15 -1 -1 -1 -1 -1 -1 14 -1 -1 -1 -1 30 -1 -1 -1 -1 -1 -1 -1 -1 -1 -1 29 -1 28 -1 27 -1 -1 -1 26 25 -1 17 -1 -1 -1 -1 -1 -1 -1 -1 -1 -1 -1 24 23 22 21 20 19 18 16 -1 
-1 -1 2 3 4 5 6 -1 8 0 -1 -1 -1 -1 -1 -1 -1 -1 -1 9 1 -1 -1 10 7 -1 -1 11 -1 12 -1 13 -1 -1 -1 15 -1 -1 -1 -1 -1 -1 14 -1 -1 -1 -1 30 -1 -1 -1 -1 -1 -1 -1 -1 -1 -1 29 -1 28 -1 27 -1 -1 23 26 25 -1 17 -1 -1 -1 -1 -1 -1 -1 -1 -1 -1 -1 24 -1 22 21 20 19 18 16 -1 
-1 -1 2 3 4 5 6 -1 8 -1 -1 -1 0 -1 -1 -1 -1 -1 -1 9 1 -1 -1 10 7 -1 -1 11 -1 12 -1 13 -1 -1 -1 15 -1 -1 -1 -1 -1 -1 14 -1 -1 -1 -1 30 -1 -1 -1 -1 -1 -1 -1 -1 -1 -1 29 -1 28 -1 27 -1 -1 23 26 25 -1 17 -1 -1 -1 -1 -1 -1 -1 -1 -1 -1 -1 24 -1 22 21 20 19 18 16 -1 
-1 -1 2 3 4 5 6 -1 8 -1 -1 -1 0 -1 -1 -1 -1 -1 -1 9 1 -1 -1 10 7 -1 -1 11 -1 12 -1 13 -1 -1 -1 15 -1 -1 -1 -1 -1 -1 14 -1 -1 -1 -1 30 -1 -1 -1 -1 -1 -1 -1 -1 -1 -1 29 -1 28 -1 27 -1 -1 23 26 25 -1 17 -1 -1 -1 -1 -1 -1 21 -1 -1 -1 -1 24 -1 22 -1 20 19 18 16 -1 
-1 -1 2 3 4 5 6 -1 8 -1 -1 -1 0 -1 -1 -1 -1 -1 -1 -1 1 -1 -1 10 7 -1 -1 11 -1 12 -1 13 -1 -1 -1 15 -1 -1 -1 -1 -1 -1 14 -1 -1 -1 -1 30 -1 -1 -1 -1 -1 -1 -1 9 -1 -1 29 -1 28 -1 27 -1 -1 23 26 25 -1 17 -1 -1 -1 -1 -1 -1 21 -1 -1 -1 -1 24 -1 22 -1 20 19 18 16 -1 
-1 -1 2 3 4 5 6 -1 8 -1 -1 -1 0 -1 -1 -1 -1 -1 -1 -1 1 -1 -1 10 7 -1 -1 11 -1 12 -1 13 -1 -1 -1 15 -1 -1 -1 -1 -1 -1 14 -1 -1 -1 -1 30 -1 -1 -1 -1 16 -1 -1 9 -1 -1 29 -1 28 -1 27 -1 -1 23 26 25 -1 17 -1 -1 -1 -1 -1 -1 21 -1 -1 -1 -1 24 -1 22 -1 20 19 18 -1 -1 
-1 -1 2 3 4 5 6 -1 8 -1 -1 -1 0 -1 -1 -1 -1 -1 -1 -1 1 -1 -1 10 7 -1 -1 11 -1 12 -1 13 -1 -1 -1 15 -1 -1 -1 -1 -1 -1 14 -1 -1 -1 -1 30 -1 -1 -1 -1 16 -1 -1 -1 -1 -1 29 -1 9 -1 27 -1 -1 23 26 25 -1 17 -1 -1 -1 -1 -1 -1 21 -1 -1 -1 -1 24 -1 22 -1 20 19 18 -1 -1 
-1 -1 2 3 4 5 6 -1 8 -1 -1 -1 0 -1 -1 -1 -1 -1 -1 -1 1 -1 -1 10 7 -1 -1 11 -1 12 -1 13 -1 -1 -1 15 -1 -1 -1 -1 -1 -1 14 -1 -1 -1 -1 30 -1 -1 -1 -1 16 -1 -1 -1 -1 -1 29 -1 9 -1 27 -1 -1 23 26 25 -1 17 -1 18 -1 -1 -1 -1 21 -1 -1 -1 -1 24 -1 22 -1 20 19 -1 -1 -1 
-1 -1 2 3 4 5 6 -1 8 -1 -1 -1 -1 -1 -1 -1 -1 -1 -1 -1 1 -1 -1 10 7 -1 -1 11 -1 12 -1 13 -1 -1 -1 15 -1 -1 -1 -1 -1 -1 14 -1 -1 -1 -1 30 -1 -1 -1 -1 16 -1 -1 -1 -1 0 29 -1 9 -1 27 -1 -1 23 26 25 -1 17 -1 18 -1 -1 -1 -1 21 -1 -1 -1 -1 24 -1 22 -1 20 19 -1 -1 -1 
-1 -1 2 3 4 5 6 -1 8 -1 -1 -1 -1 -1 -1 -1 -1 -1 -1 -1 1 -1 -1 10 7 -1 -1 11 -1 12 -1 13 -1 -1 -1 15 -1 -1 -1 -1 -1 -1 14 -1 -1 -1 -1 30 -1 -1 -1 -1 16 -1 -1 -1 -1 0 29 -1 9 -1 27 -1 -1 23 26 25 -1 17 -1 18 -1 -1 -1 -1 21 -1 -1 -1 -1 -1 24 22 -1 20 19 -1 -1 -1 
-1 -1 2 3 4 5 6 8 -1 -1 -1 -1 -1 -1 -1 -1 -1 -1 -1 -1 1 -1 -1 10 7 -1 -1 11 -1 12 -1 13 -1 -1 -1 15 -1 -1 -1 -1 -1 -1 14 -1 -1 -1 -1 30 -1 -1 -1 -1 16 -1 -1 -1 -1 0 29 -1 9 -1 27 -1 -1 23 26 25 -1 17 -1 18 -1 -1 -1 -1 21 -1 -1 -1 -1 -1 24 22 -1 20 19 -1 -1 -1 
-1 -1 2 3 4 5 6 8 -1 -1 -1 -1 -1 -1 -1 -1 -1 -1 -1 -1 1 -1 -1 10 7 -1 -1 11 -1 12 -1 13 -1 -1 -1 15 -1 -1 -1 -1 -1 -1 14 -1 -1 -1 -1 30 -1 -1 16 -1 -1 -1 -1 -1 -1 0 29 -1 9 -1 27 -1 -1 23 26 25 -1 17 -1 18 -1 -1 -1 -1 21 -1 -1 -1 -1 -1 24 22 -1 20 19 -1 -1 -1 
-1 -1 2 3 4 -1 6 8 -1 -1 -1 -1 -1 5 -1 -1 -1 -1 -1 -1 1 -1 -1 10 7 -1 -1 11 -1 12 -1 13 -1 -1 -1 15 -1 -1 -1 -1 -1 -1 14 -1 -1 -1 -1 30 -1 -1 16 -1 -1 -1 -1 -1 -1 0 29 -1 9 -1 27 -1 -1 23 26 25 -1 17 -1 18 -1 -1 -1 -1 21 -1 -1 -1 -1 -1 24 22 -1 20 19 -1 -1 -1 
-1 -1 2 3 4 -1 6 8 -1 -1 -1 -1 -1 5 -1 -1 -1 -1 -1 -1 1 -1 -1 10 7 -1 -1 11 -1 12 -1 13 -1 -1 -1 15 -1 -1 -1 -1 -1 -1 14 -1 -1 -1 -1 30 -1 -1 16 -1 -1 -1 -1 -1 -1 0 29 -1 9 -1 27 -1 -1 23 -1 25 -1 17 -1 18 -1 -1 -1 -1 21 -1 -1 -1 -1 -1 24 22 26 20 19 -1 -1 -1 
-1 -1 2 3 4 -1 6 8 -1 -1 -1 -1 -1 5 -1 -1 -1 -1 -1 -1 1 -1 -1 10 7 -1 -1 11 -1 12 -1 13 -1 -1 -1 15 -1 -1 -1 -1 -1 -1 14 -1 -1 -1 -1 30 -1 -1 16 -1 -1 -1 -1 -1 -1 -1 29 -1 9 -1 27 -1 -1 23 -1 25 -1 17 -1 18 -1 -1 -1 0 21 -1 -1 -1 -1 -1 24 22 26 20 19 -1 -1 -1 
-1 -1 2 3 4 -1 6 8 -1 -1 -1 -1 -1 5 -1 -1 -1 -1 -1 -1 1 -1 -1 10 7 -1 -1 11 -1 12 -1 13 -1 -1 -1 15 -1 -1 -1 -1 -1 -1 14 -1 -1 -1 -1 30 -1 29 16 -1 -1 -1 -1 -1 -1 -1 -1 -1 9 -1 27 -1 -1 23 -1 25 -1 17 -1 18 -1 -1 -1 0 21 -1 -1 -1 -1 -1 24 22 26 20 19 -1 -1 -1 
-1 -1 2 3 4 -1 6 8 -1 -1 -1 -1 -1 5 -1 -1 -1 -1 -1 -1 1 -1 10 -1 7 -1 -1 11 -1 12 -1 13 -1 -1 -1 15 -1 -1 -1 -1 -1 -1 14 -1 -1 -1 -1 30 -1 29 16 -1 -1 -1 -1 -1 -1 -1 -1 -1 9 -1 27 -1 -1 23 -1 25 -1 17 -1 18 -1 -1 -1 0 21 -1 -1 -1 -1 -1 24 22 26 20 19 -1 -1 -1 
-1 -1 2 3 4 -1 6 8 -1 -1 -1 -1 -1 5 -1 -1 -1 -1 -1 -1 1 -1 10 -1 7 -1 -1 11 -1 12 -1 13 -1 -1 -1 15 -1 -1 -1 -1 -1 -1 14 -1 -1 -1 -1 30 -1 29 16 -1 -1 -1 -1 24 -1 -1 -1 -1 9 -1 27 -1 -1 23 -1 25 -1 17 -1 18 -1 -1 -1 0 21 -1 -1 -1 -1 -1 -1 22 26 20 19 -1 -1 -1 
-1 -1 2 3 4 -1 6 -1 -1 -1 -1 -1 -1 5 -1 -1 -1 -1 -1 -1 1 -1 10 -1 7 -1 -1 11 -1 12 -1 13 -1 -1 -1 15 -1 -1 -1 -1 -1 -1 14 -1 -1 -1 -1 30 -1 29 16 -1 -1 -1 -1 24 -1 -1 -1 -1 9 8 27 -1 -1 23 -1 25 -1 17 -1 18 -1 -1 -1 0 21 -1 -1 -1 -1 -1 -1 22 26 20 19 -1 -1 -1 
-1 -1 2 3 4 -1 6 -1 -1 -1 -1 -1 -1 5 -1 -1 -1 -1 -1 -1 1 -1 10 -1 7 -1 -1 11 -1 12 -1 13 -1 -1 -1 15 -1 -1 -1 -1 -1 -1 14 -1 -1 -1 23 30 -1 29 16 -1 -1 -1 -1 24 -1 -1 -1 -1 9 8 27 -1 -1 -1 -1 25 -1 17 -1 18 -1 -1 -1 0 21 -1 -1 -1 -1 -1 -1 22 26 20 19 -1 -1 -1 
-1 -1 2 3 4 -1 6 -1 -1 -1 -1 -1 -1 5 -1 -1 -1 -1 -1 -1 1 -1 10 -1 7 -1 -1 11 -1 12 -1 13 -1 -1 -1 15 -1 -1 -1 -1 -1 -1 14 -1 -1 -1 23 30 0 29 16 -1 -1 -1 -1 24 -1 -1 -1 -1 9 8 27 -1 -1 -1 -1 25 -1 17 -1 18 -1 -1 -1 -1 21 -1 -1 -1 -1 -1 -1 22 26 20 19 -1 -1 -1 
-1 -1 2 3 4 -1 6 -1 -1 -1 -1 -1 -1 5 -1 -1 -1 -1 -1 -1 1 -1 10 -1 7 -1 -1 11 -1 23 -1 13 -1 -1 -1 15 -1 -1 -1 -1 -1 -1 14 -1 -1 -1 -1 30 0 29 16 -1 -1 -1 -1 24 -1 -1 -1 -1 9 8 27 -1 -1 -1 -1 25 -1 17 -1 18 -1 -1 -1 -1 21 -1 -1 -1 -1 -1 -1 22 26 20 19 -1 -1 -1 
-1 -1 2 3 4 -1 6 -1 -1 -1 -1 -1 -1 5 -1 -1 -1 -1 -1 -1 1 -1 10 -1 7 -1 -1 11 -1 23 -1 13 -1 -1 -1 15 -1 -1 -1 -1 -1 -1 14 -1 -1 -1 -1 0 -1 29 16 -1 -1 -1 -1 24 -1 -1 -1 -1 9 8 27 -1 -1 -1 -1 25 -1 17 -1 18 -1 -1 -1 -1 21 -1 -1 -1 -1 -1 -1 22 26 20 19 -1 -1 -1 
-1 -1 2 3 4 -1 6 -1 -1 -1 -1 -1 -1 5 -1 -1 -1 -1 -1 -1 1 -1 23 -1 7 -1 -1 11 -1 -1 -1 13 -1 -1 -1 15 -1 -1 -1 -1 -1 -1 14 -1 -1 -1 -1 0 -1 29 16 -1 -1 -1 -1 24 -1 -1 -1 -1 9 8 27 -1 -1 -1 -1 25 -1 17 -1 18 -1 -1 -1 -1 21 -1 -1 -1 -1 -1 -1 22 26 20 19 -1 -1 -1 
-1 -1 2 3 4 -1 -1 -1 -1 -1 -1 -1 -1 5 -1 -1 -1 -1 -1 -1 1 -1 6 -1 7 -1 -1 11 -1 -1 -1 13 -1 -1 -1 15 -1 -1 -1 -1 -1 -1 14 -1 -1 -1 -1 0 -1 29 16 -1 -1 -1 -1 24 -1 -1 -1 -1 9 8 27 -1 -1 -1 -1 25 -1 17 -1 18 -1 -1 -1 -1 21 -1 -1 -1 -1 -1 -1 22 26 20 19 -1 -1 -1 
-1 -1 2 3 4 -1 -1 -1 -1 -1 -1 -1 -1 5 -1 -1 -1 -1 -1 -1 1 -1 6 -1 7 -1 -1 11 -1 -1 -1 13 -1 -1 -1 15 -1 -1 -1 -1 -1 -1 14 -1 -1 -1 -1 0 -1 29 16 -1 -1 -1 -1 24 -1 -1 -1 -1 9 8 27 22 -1 -1 -1 25 -1 17 -1 18 -1 -1 -1 -1 21 -1 -1 -1 -1 -1 -1 -1 26 20 19 -1 -1 -1 
-1 -1 2 3 4 -1 -1 -1 -1 -1 -1 -1 -1 5 -1 -1 -1 -1 -1 -1 -1 -1 6 -1 7 -1 -1 11 -1 -1 -1 13 -1 -1 -1 15 -1 -1 -1 1 -1 -1 14 -1 -1 -1 -1 0 -1 29 16 -1 -1 -1 -1 24 -1 -1 -1 -1 9 8 27 22 -1 -1 -1 25 -1 17 -1 18 -1 -1 -1 -1 21 -1 -1 -1 -1 -1 -1 -1 26 20 19 -1 -1 -1 
-1 -1 2 3 4 -1 -1 -1 -1 -1 -1 -1 -1 5 -1 -1 -1 -1 -1 -1 -1 -1 6 -1 7 -1 -1 11 -1 -1 -1 13 -1 -1 -1 15 -1 -1 -1 1 -1 -1 14 -1 -1 -1 -1 0 -1 29 -1 -1 -1 -1 -1 24 -1 -1 -1 -1 9 8 27 22 -1 -1 -1 25 16 17 -1 18 -1 -1 -1 -1 21 -1 -1 -1 -1 -1 -1 -1 26 20 19 -1 -1 -1 
-1 -1 2 3 4 -1 -1 -1 -1 -1 -1 -1 -1 5 -1 -1 -1 -1 -1 -1 -1 -1 6 -1 7 -1 -1 11 -1 -1 -1 13 -1 -1 -1 15 -1 -1 -1 1 -1 -1 14 -1 -1 -1 -1 -1 -1 0 -1 -1 -1 -1 -1 24 -1 -1 -1 -1 9 8 27 22 -1 -1 -1 25 16 17 -1 18 -1 -1 -1 -1 21 -1 -1 -1 -1 -1 -1 -1 26 20 19 -1 -1 -1 
-1 -1 2 3 4 -1 -1 -1 -1 -1 -1 -1 -1 5 -1 -1 -1 -1 -1 -1 -1 -1 6 -1 7 -1 -1 11 -1 -1 -1 13 -1 -1 -1 15 -1 -1 -1 1 -1 -1 14 -1 -1 -1 -1 -1 -1 0 -1 -1 -1 -1 -1 24 -1 -1 -1 -1 9 8 27 22 -1 -1 25 -1 16 17 -1 18 -1 -1 -1 -1 21 -1 -1 -1 -1 -1 -1 -1 26 20 19 -1 -1 -1 
-1 -1 2 3 4 -1 -1 -1 -1 -1 -1 -1 -1 5 -1 -1 -1 -1 -1 -1 -1 -1 6 -1 7 -1 -1 11 -1 -1 -1 13 -1 -1 -1 15 -1 -1 -1 -1 -1 -1 14 -1 -1 -1 -1 -1 -1 0 1 -1 -1 -1 -1 24 -1 -1 -1 -1 9 8 27 22 -1 -1 25 -1 16 17 -1 18 -1 -1 -1 -1 21 -1 -1 -1 -1 -1 -1 -1 26 20 19 -1 -1 -1 
-1 -1 2 3 4 -1 -1 -1 -1 -1 -1 -1 -1 5 -1 -1 -1 -1 -1 -1 -1 -1 6 -1 7 -1 -1 11 -1 -1 -1 13 -1 -1 -1 15 -1 -1 -1 -1 -1 -1 14 -1 -1 -1 -1 -1 -1 0 1 -1 -1 -1 -1 -1 -1 -1 -1 24 9 8 27 22 -1 -1 25 -1 16 17 -1 18 -1 -1 -1 -1 21 -1 -1 -1 -1 -1 -1 -1 26 20 19 -1 -1 -1 
-1 -1 2 3 4 -1 -1 -1 -1 -1 -1 -1 -1 5 -1 -1 -1 -1 -1 -1 -1 -1 6 -1 7 -1 -1 11 -1 -1 -1 13 -1 -1 -1 15 -1 -1 -1 -1 -1 -1 -1 -1 -1 -1 -1 -1 -1 0 1 14 -1 -1 -1 -1 -1 -1 -1 24 9 8 27 22 -1 -1 25 -1 16 17 -1 18 -1 -1 -1 -1 21 -1 -1 -1 -1 -1 -1 -1 26 20 19 -1 -1 -1 
-1 -1 2 3 4 -1 -1 -1 -1 -1 -1 -1 -1 5 -1 -1 -1 -1 -1 -1 -1 -1 6 -1 7 -1 -1 11 -1 -1 -1 13 -1 -1 -1 15 -1 -1 -1 -1 -1 -1 -1 -1 -1 -1 -1 -1 -1 0 1 14 -1 -1 -1 -1 -1 25 -1 24 9 8 27 22 -1 -1 -1 -1 16 17 -1 18 -1 -1 -1 -1 21 -1 -1 -1 -1 -1 -1 -1 26 20 19 -1 -1 -1 
-1 -1 2 3 4 -1 -1 -1 -1 -1 -1 -1 -1 5 -1 -1 -1 -1 -1 -1 -1 -1 6 -1 -1 -1 -1 11 -1 -1 -1 13 -1 -1 -1 15 -1 -1 -1 -1 -1 -1 -1 7 -1 -1 -1 -1 -1 0 1 14 -1 -1 -1 -1 -1 25 -1 24 9 8 27 22 -1 -1 -1 -1 16 17 -1 18 -1 -1 -1 -1 21 -1 -1 -1 -1 -1 -1 -1 26 20 19 -1 -1 -1 
-1 -1 2 3 4 -1 -1 -1 -1 -1 -1 -1 -1 5 -1 -1 -1 -1 -1 -1 -1 -1 6 -1 -1 -1 -1 11 -1 -1 -1 13 -1 -1 -1 15 -1 -1 -1 -1 -1 -1 -1 7 -1 -1 -1 -1 -1 0 1 14 -1 -1 -1 -1 -1 25 -1 24 9 8 27 22 -1 -1 -1 -1 16 17 -1 18 -1 -1 -1 -1 21 -1 -1 -1 -1 -1 -1 26 -1 20 19 -1 -1 -1 
-1 -1 2 3 4 -1 -1 -1 -1 -1 -1 -1 -1 5 -1 -1 -1 -1 -1 -1 -1 -1 6 -1 -1 -1 -1 11 -1 -1 -1 13 -1 -1 -1 15 -1 -1 -1 -1 -1 -1 -1 7 -1 -1 -1 -1 0 -1 1 14 -1 -1 -1 -1 -1 25 -1 24 9 8 27 22 -1 -1 -1 -1 16 17 -1 18 -1 -1 -1 -1 21 -1 -1 -1 -1 -1 -1 26 -1 20 19 -1 -1 -1 
-1 -1 2 3 4 -1 -1 -1 -1 -1 -1 -1 -1 5 -1 -1 -1 -1 -1 -1 -1 -1 6 -1 -1 -1 -1 11 -1 -1 -1 13 -1 -1 -1 15 -1 -1 -1 -1 -1 -1 -1 7 -1 -1 -1 -1 0 -1 24 14 -1 -1 -1 -1 -1 25 -1 -1 9 8 27 22 -1 -1 -1 -1 16 17 -1 18 -1 -1 -1 -1 21 -1 -1 -1 -1 -1 -1 26 -1 20 19 -1 -1 -1 
-1 -1 2 3 4 -1 -1 -1 -1 -1 -1 -1 -1 5 -1 -1 -1 -1 -1 -1 -1 -1 6 -1 -1 -1 -1 11 -1 -1 -1 13 -1 -1 -1 15 -1 -1 -1 -1 -1 -1 -1 7 -1 -1 -1 -1 -1 -1 24 14 -1 -1 -1 -1 -1 0 -1 -1 9 8 27 22 -1 -1 -1 -1 16 17 -1 18 -1 -1 -1 -1 21 -1 -1 -1 -1 -1 -1 26 -1 20 19 -1 -1 -1 
-1 -1 2 3 4 -1 -1 -1 -1 -1 -1 -1 -1 5 -1 -1 -1 -1 -1 -1 -1 -1 6 -1 -1 -1 -1 11 -1 -1 -1 13 -1 -1 -1 15 -1 -1 -1 -1 -1 -1 -1 7 -1 -1 -1 -1 -1 -1 -1 24 -1 -1 -1 -1 -1 0 -1 -1 9 8 27 22 -1 -1 -1 -1 16 17 -1 18 -1 -1 -1 -1 21 -1 -1 -1 -1 -1 -1 26 -1 20 19 -1 -1 -1 
-1 -1 2 3 4 -1 -1 -1 -1 -1 -1 -1 -1 5 -1 -1 -1 -1 -1 -1 -1 -1 6 -1 -1 -1 -1 11 -1 -1 -1 13 -1 -1 -1 15 -1 -1 -1 -1 -1 -1 -1 7 -1 -1 -1 -1 -1 -1 -1 24 -1 -1 -1 -1 -1 0 9 -1 -1 8 27 22 -1 -1 -1 -1 16 17 -1 18 -1 -1 -1 -1 21 -1 -1 -1 -1 -1 -1 26 -1 20 19 -1 -1 -1 
-1 -1 2 3 4 -1 -1 -1 -1 -1 -1 -1 -1 5 -1 -1 -1 -1 -1 -1 -1 -1 6 -1 -1 -1 -1 11 -1 -1 -1 13 -1 -1 -1 15 -1 -1 -1 -1 -1 -1 -1 7 -1 -1 -1 -1 -1 -1 -1 24 -1 -1 -1 -1 -1 0 9 -1 -1 8 27 22 -1 -1 21 -1 16 17 -1 18 -1 -1 -1 -1 -1 -1 -1 -1 -1 -1 -1 26 -1 20 19 -1 -1 -1 
-1 -1 2 3 4 -1 -1 -1 -1 -1 -1 -1 -1 5 -1 -1 -1 -1 -1 -1 -1 -1 6 -1 -1 -1 -1 11 -1 -1 -1 13 -1 -1 -1 15 -1 -1 -1 -1 9 -1 -1 7 -1 -1 -1 -1 -1 -1 -1 24 -1 -1 -1 -1 -1 0 -1 -1 -1 8 27 22 -1 -1 21 -1 16 17 -1 18 -1 -1 -1 -1 -1 -1 -1 -1 -1 -1 -1 26 -1 20 19 -1 -1 -1 
-1 -1 2 3 4 -1 -1 -1 -1 -1 -1 -1 -1 5 -1 -1 -1 -1 -1 -1 -1 -1 6 -1 -1 -1 -1 11 -1 -1 -1 13 -1 -1 -1 15 -1 -1 -1 -1 9 -1 -1 7 -1 -1 -1 -1 -1 -1 -1 -1 24 -1 -1 -1 -1 0 -1 -1 -1 8 27 22 -1 -1 21 -1 16 17 -1 18 -1 -1 -1 -1 -1 -1 -1 -1 -1 -1 -1 26 -1 20 19 -1 -1 -1 
-1 -1 2 3 4 -1 -1 -1 -1 -1 -1 -1 -1 5 -1 -1 -1 -1 -1 -1 -1 -1 6 -1 -1 -1 -1 11 -1 -1 -1 13 -1 -1 -1 15 -1 -1 -1 -1 9 -1 -1 7 -1 -1 -1 -1 -1 -1 -1 -1 24 -1 -1 -1 -1 0 8 -1 -1 -1 27 22 -1 -1 21 -1 16 17 -1 18 -1 -1 -1 -1 -1 -1 -1 -1 -1 -1 -1 26 -1 20 19 -1 -1 -1 
-1 -1 2 3 4 -1 -1 -1 -1 -1 -1 -1 -1 5 -1 -1 -1 -1 -1 -1 -1 -1 6 -1 -1 -1 -1 11 -1 -1 -1 13 -1 -1 -1 15 -1 -1 -1 -1 9 -1 -1 7 -1 -1 -1 -1 -1 -1 -1 -1 24 -1 -1 -1 -1 0 8 -1 -1 -1 27 22 -1 -1 21 -1 16 17 -1 18 -1 -1 -1 -1 19 -1 -1 -1 -1 -1 -1 26 -1 20 -1 -1 -1 -1 
-1 -1 2 3 4 -1 -1 -1 -1 -1 -1 -1 -1 5 -1 -1 -1 -1 -1 -1 -1 -1 6 -1 -1 -1 -1 11 -1 -1 -1 13 -1 -1 -1 15 -1 -1 -1 -1 9 -1 -1 7 -1 -1 -1 -1 -1 -1 -1 -1 24 -1 -1 -1 -1 0 -1 8 -1 -1 27 22 -1 -1 21 -1 16 17 -1 18 -1 -1 -1 -1 19 -1 -1 -1 -1 -1 -1 26 -1 20 -1 -1 -1 -1 
-1 -1 2 3 4 -1 -1 -1 -1 -1 -1 -1 -1 5 -1 -1 -1 -1 -1 -1 -1 -1 6 -1 -1 -1 -1 11 -1 -1 -1 13 -1 -1 -1 15 -1 -1 -1 -1 9 -1 -1 7 -1 -1 -1 -1 -1 -1 -1 -1 24 -1 -1 -1 -1 0 -1 8 -1 -1 27 22 -1 -1 21 16 -1 17 -1 18 -1 -1 -1 -1 19 -1 -1 -1 -1 -1 -1 26 -1 20 -1 -1 -1 -1 
-1 -1 2 3 4 -1 -1 -1 -1 -1 -1 -1 -1 5 -1 -1 -1 -1 -1 -1 -1 -1 6 -1 7 -1 -1 11 -1 -1 -1 13 -1 -1 -1 15 -1 -1 -1 -1 9 -1 -1 -1 -1 -1 -1 -1 -1 -1 -1 -1 24 -1 -1 -1 -1 0 -1 8 -1 -1 27 22 -1 -1 21 16 -1 17 -1 18 -1 -1 -1 -1 19 -1 -1 -1 -1 -1 -1 26 -1 20 -1 -1 -1 -1 
-1 -1 2 3 4 -1 -1 -1 -1 -1 -1 -1 -1 5 -1 -1 -1 -1 -1 -1 -1 -1 6 -1 7 -1 -1 11 -1 -1 -1 13 -1 -1 -1 15 -1 -1 -1 -1 9 -1 -1 -1 -1 -1 -1 -1 -1 -1 -1 24 -1 -1 -1 -1 -1 0 -1 8 -1 -1 27 22 -1 -1 21 16 -1 17 -1 18 -1 -1 -1 -1 19 -1 -1 -1 -1 -1 -1 26 -1 20 -1 -1 -1 -1 
-1 -1 2 3 4 -1 -1 -1 -1 -1 -1 -1 -1 5 -1 -1 -1 -1 -1 -1 -1 -1 6 -1 7 -1 -1 11 -1 -1 -1 13 -1 -1 -1 15 -1 -1 -1 -1 9 -1 -1 -1 -1 -1 -1 -1 -1 -1 -1 24 -1 -1 -1 -1 -1 0 -1 -1 8 -1 27 22 -1 -1 21 16 -1 17 -1 18 -1 -1 -1 -1 19 -1 -1 -1 -1 -1 -1 26 -1 20 -1 -1 -1 -1 
-1 -1 2 3 4 -1 -1 -1 -1 -1 -1 -1 -1 5 -1 -1 -1 -1 -1 -1 -1 -1 6 -1 7 -1 -1 11 -1 -1 -1 13 -1 -1 -1 15 -1 -1 -1 -1 9 -1 -1 -1 -1 -1 -1 -1 -1 -1 -1 -1 -1 -1 -1 -1 -1 0 -1 -1 24 -1 27 22 -1 -1 21 16 -1 17 -1 18 -1 -1 -1 -1 19 -1 -1 -1 -1 -1 -1 26 -1 20 -1 -1 -1 -1 
-1 -1 2 3 4 -1 -1 -1 -1 -1 -1 -1 -1 5 -1 -1 -1 -1 -1 -1 -1 -1 6 -1 7 -1 -1 11 -1 -1 -1 13 -1 -1 -1 15 -1 -1 -1 -1 9 -1 -1 -1 -1 -1 -1 -1 -1 -1 -1 -1 -1 -1 -1 -1 -1 -1 -1 -1 0 -1 27 22 -1 -1 21 16 -1 17 -1 18 -1 -1 -1 -1 19 -1 -1 -1 -1 -1 -1 26 -1 20 -1 -1 -1 -1 
-1 -1 2 3 4 -1 -1 -1 -1 -1 -1 -1 -1 5 -1 -1 -1 -1 -1 -1 -1 -1 6 -1 7 -1 -1 11 -1 -1 -1 13 -1 -1 -1 15 -1 -1 -1 -1 9 -1 -1 -1 -1 -1 -1 -1 -1 -1 -1 -1 -1 -1 -1 -1 -1 -1 -1 -1 0 -1 27 22 -1 -1 21 16 -1 17 -1 18 -1 -1 -1 -1 19 -1 -1 -1 -1 -1 -1 26 20 -1 -1 -1 -1 -1 
-1 -1 2 3 4 -1 -1 -1 -1 -1 -1 -1 -1 5 -1 -1 -1 -1 -1 -1 -1 -1 6 -1 7 -1 -1 11 -1 -1 -1 13 -1 -1 -1 15 -1 -1 -1 9 -1 -1 -1 -1 -1 -1 -1 -1 -1 -1 -1 -1 -1 -1 -1 -1 -1 -1 -1 -1 0 -1 27 22 -1 -1 21 16 -1 17 -1 18 -1 -1 -1 -1 19 -1 -1 -1 -1 -1 -1 26 20 -1 -1 -1 -1 -1 
-1 -1 2 3 4 -1 -1 -1 -1 -1 -1 -1 -1 5 -1 -1 -1 -1 -1 -1 -1 -1 6 -1 7 -1 -1 11 -1 -1 -1 13 -1 -1 -1 15 -1 -1 -1 9 -1 -1 -1 -1 -1 -1 -1 -1 -1 -1 -1 -1 -1 -1 -1 -1 -1 -1 -1 -1 0 -1 27 22 -1 -1 21 16 -1 17 -1 18 -1 -1 -1 -1 19 -1 -1 -1 -1 -1 -1 26 -1 20 -1 -1 -1 -1 
-1 -1 2 3 4 -1 -1 -1 -1 -1 -1 -1 -1 5 -1 -1 -1 -1 -1 -1 -1 -1 6 -1 7 -1 -1 11 -1 -1 -1 13 -1 -1 -1 15 -1 -1 -1 -1 9 -1 -1 -1 -1 -1 -1 -1 -1 -1 -1 -1 -1 -1 -1 -1 -1 -1 -1 -1 0 -1 27 22 -1 -1 21 16 -1 17 -1 18 -1 -1 -1 -1 19 -1 -1 -1 -1 -1 -1 26 -1 20 -1 -1 -1 -1 
-1 -1 2 3 4 -1 -1 -1 -1 -1 -1 -1 -1 5 -1 -1 -1 -1 -1 -1 -1 -1 6 -1 7 -1 -1 11 -1 -1 -1 13 -1 -1 -1 15 -1 -1 -1 -1 9 -1 -1 -1 -1 -1 -1 -1 -1 -1 -1 -1 -1 -1 -1 -1 -1 -1 -1 -1 0 -1 27 22 -1 -1 21 16 -1 17 -1 18 -1 -1 -1 -1 19 -1 -1 -1 -1 -1 -1 26 20 -1 -1 -1 -1 -1 
-1 -1 2 3 4 -1 -1 -1 -1 -1 -1 -1 -1 5 -1 -1 -1 -1 -1 -1 -1 -1 6 -1 7 -1 -1 11 -1 -1 -1 13 -1 -1 -1 15 -1 -1 -1 9 -1 -1 -1 -1 -1 -1 -1 -1 -1 -1 -1 -1 -1 -1 -1 -1 -1 -1 -1 -1 0 -1 27 22 -1 -1 21 16 -1 17 -1 18 -1 -1 -1 -1 19 -1 -1 -1 -1 -1 -1 26 20 -1 -1 -1 -1 -1 
-1 -1 2 3 4 -1 -1 -1 -1 -1 -1 -1 -1 5 -1 -1 -1 -1 -1 -1 -1 -1 6 -1 7 -1 -1 11 -1 -1 -1 13 -1 -1 -1 15 -1 -1 -1 9 -1 -1 -1 -1 -1 -1 -1 -1 -1 -1 -1 -1 -1 -1 -1 -1 -1 -1 -1 -1 0 -1 27 22 -1 -1 21 16 -1 17 -1 18 -1 -1 -1 -1 19 -1 -1 -1 -1 -1 -1 26 -1 20 -1 -1 -1 -1 
-1 -1 2 3 4 -1 -1 -1 -1 -1 -1 -1 -1 5 -1 -1 -1 -1 -1 -1 -1 -1 6 -1 7 -1 -1 11 -1 -1 -1 13 -1 -1 -1 15 -1 -1 -1 -1 9 -1 -1 -1 -1 -1 -1 -1 -1 -1 -1 -1 -1 -1 -1 -1 -1 -1 -1 -1 0 -1 27 22 -1 -1 21 16 -1 17 -1 18 -1 -1 -1 -1 19 -1 -1 -1 -1 -1 -1 26 -1 20 -1 -1 -1 -1 
-1 -1 2 3 4 -1 -1 -1 -1 -1 -1 -1 -1 5 -1 -1 -1 -1 -1 -1 -1 -1 6 -1 7 -1 -1 11 -1 -1 -1 13 -1 -1 -1 15 -1 -1 -1 -1 9 -1 -1 -1 -1 -1 -1 -1 -1 -1 -1 -1 -1 -1 -1 -1 -1 -1 -1 -1 0 -1 27 22 -1 -1 21 16 -1 17 -1 18 -1 -1 -1 -1 19 -1 -1 -1 -1 -1 -1 26 20 -1 -1 -1 -1 -1 
-1 -1 2 3 4 -1 -1 -1 -1 -1 -1 -1 -1 5 -1 -1 -1 -1 -1 -1 -1 -1 6 -1 -1 -1 -1 11 -1 -1 -1 13 -1 -1 -1 15 -1 -1 -1 -1 9 7 -1 -1 -1 -1 -1 -1 -1 -1 -1 -1 -1 -1 -1 -1 -1 -1 -1 -1 0 -1 27 22 -1 -1 21 16 -1 17 -1 18 -1 -1 -1 -1 19 -1 -1 -1 -1 -1 -1 26 20 -1 -1 -1 -1 -1 
-1 -1 2 3 4 -1 -1 -1 -1 -1 -1 -1 -1 5 -1 -1 -1 -1 -1 -1 -1 -1 6 -1 -1 -1 -1 11 -1 -1 -1 13 -1 -1 -1 15 -1 -1 -1 -1 9 7 -1 -1 -1 -1 -1 -1 -1 -1 -1 -1 -1 -1 -1 -1 -1 -1 -1 -1 0 -1 27 22 -1 -1 21 16 -1 17 -1 -1 -1 -1 -1 -1 19 -1 -1 -1 -1 -1 -1 26 20 -1 -1 18 -1 -1 
-1 -1 2 3 4 -1 -1 -1 -1 -1 -1 -1 -1 5 -1 -1 -1 -1 -1 -1 -1 -1 6 -1 -1 -1 -1 11 -1 -1 -1 13 -1 -1 -1 15 -1 -1 -1 -1 9 7 -1 -1 -1 -1 -1 -1 -1 -1 -1 -1 -1 -1 -1 -1 -1 -1 -1 -1 0 1 27 22 -1 -1 21 16 -1 17 -1 -1 -1 -1 -1 -1 19 -1 -1 -1 -1 -1 -1 26 20 -1 -1 18 -1 -1 
-1 -1 2 3 4 -1 -1 -1 -1 -1 -1 -1 -1 5 -1 -1 -1 -1 -1 -1 -1 -1 6 -1 -1 -1 -1 11 -1 -1 -1 13 -1 -1 -1 15 -1 -1 -1 -1 9 7 -1 -1 -1 -1 -1 -1 -1 -1 -1 -1 -1 -1 -1 -1 -1 -1 -1 -1 0 1 27 22 -1 26 21 16 -1 17 -1 -1 -1 -1 -1 -1 19 -1 -1 -1 -1 -1 -1 -1 20 -1 -1 18 -1 -1 
-1 -1 2 3 4 -1 -1 -1 -1 -1 -1 -1 -1 5 -1 -1 -1 -1 -1 -1 -1 -1 6 -1 -1 -1 -1 11 -1 -1 -1 13 -1 -1 -1 15 -1 -1 -1 9 -1 7 -1 -1 -1 -1 -1 -1 -1 -1 -1 -1 -1 -1 -1 -1 -1 -1 -1 -1 0 1 27 22 -1 26 21 16 -1 17 -1 -1 -1 -1 -1 -1 19 -1 -1 -1 -1 -1 -1 -1 20 -1 -1 18 -1 -1 
-1 -1 2 3 4 -1 -1 -1 -1 -1 -1 -1 -1 5 -1 -1 -1 -1 -1 -1 -1 -1 6 -1 -1 -1 -1 11 -1 -1 -1 13 -1 -1 -1 15 -1 -1 -1 9 -1 7 -1 -1 -1 -1 -1 -1 -1 -1 -1 -1 -1 -1 -1 -1 -1 -1 -1 -1 0 1 27 22 -1 26 21 16 -1 17 -1 -1 -1 -1 -1 -1 19 -1 -1 -1 -1 -1 -1 -1 -1 20 -1 18 -1 -1 
-1 -1 2 3 4 -1 -1 -1 -1 -1 -1 -1 -1 5 -1 -1 -1 -1 -1 -1 -1 -1 6 -1 -1 -1 -1 11 -1 -1 -1 13 -1 -1 -1 15 -1 -1 -1 -1 9 7 -1 -1 -1 -1 -1 -1 -1 -1 -1 -1 -1 -1 -1 -1 -1 -1 -1 -1 0 1 27 22 -1 26 21 16 -1 17 -1 -1 -1 -1 -1 -1 19 -1 -1 -1 -1 -1 -1 -1 -1 20 -1 18 -1 -1 
-1 -1 2 3 4 -1 -1 -1 -1 -1 -1 -1 -1 5 -1 -1 -1 -1 -1 -1 -1 -1 6 -1 -1 -1 -1 11 -1 -1 -1 13 -1 -1 -1 15 -1 -1 -1 -1 9 7 -1 -1 -1 -1 -1 -1 -1 -1 -1 -1 -1 -1 -1 -1 -1 -1 -1 -1 0 1 27 22 -1 26 21 16 -1 17 -1 -1 -1 -1 -1 -1 19 -1 -1 -1 -1 -1 -1 -1 20 -1 -1 18 -1 -1 
-1 -1 2 3 4 -1 -1 -1 -1 -1 -1 -1 -1 5 -1 -1 -1 -1 -1 -1 -1 -1 6 -1 -1 -1 -1 11 -1 -1 -1 13 -1 -1 -1 15 -1 -1 -1 9 -1 7 -1 -1 -1 -1 -1 -1 -1 -1 -1 -1 -1 -1 -1 -1 -1 -1 -1 -1 0 1 27 22 -1 26 21 16 -1 17 -1 -1 -1 -1 -1 -1 19 -1 -1 -1 -1 -1 -1 -1 20 -1 -1 18 -1 -1 
-1 -1 2 3 4 -1 -1 -1 -1 -1 -1 -1 -1 5 -1 -1 -1 -1 -1 -1 -1 -1 6 -1 -1 -1 -1 11 -1 -1 -1 13 -1 -1 -1 15 -1 -1 -1 9 -1 7 -1 -1 -1 -1 -1 -1 -1 -1 -1 -1 -1 -1 -1 -1 -1 -1 -1 -1 0 1 27 22 -1 26 21 16 -1 17 -1 -1 -1 -1 -1 -1 19 -1 -1 -1 -1 -1 -1 -1 -1 20 -1 18 -1 -1 
-1 -1 2 3 4 -1 -1 -1 -1 -1 -1 -1 -1 5 -1 -1 -1 -1 -1 -1 -1 -1 6 -1 -1 -1 -1 11 -1 -1 -1 13 -1 -1 -1 15 -1 -1 -1 -1 9 7 -1 -1 -1 -1 -1 -1 -1 -1 -1 -1 -1 -1 -1 -1 -1 -1 -1 -1 0 1 27 22 -1 26 21 16 -1 17 -1 -1 -1 -1 -1 -1 19 -1 -1 -1 -1 -1 -1 -1 -1 20 -1 18 -1 -1 
-1 -1 2 3 4 -1 -1 -1 -1 -1 -1 -1 -1 5 -1 -1 -1 -1 -1 -1 -1 -1 6 -1 -1 -1 -1 11 -1 -1 -1 13 -1 -1 -1 15 -1 -1 -1 -1 9 7 -1 -1 -1 -1 -1 -1 -1 -1 -1 -1 -1 -1 -1 -1 -1 -1 -1 -1 0 1 27 22 -1 26 21 16 -1 17 -1 -1 -1 -1 -1 -1 19 -1 -1 -1 -1 -1 -1 -1 20 -1 -1 18 -1 -1 
-1 -1 2 3 4 -1 -1 -1 -1 -1 -1 -1 -1 5 -1 -1 -1 -1 -1 -1 -1 -1 6 -1 -1 -1 -1 11 -1 -1 -1 13 -1 -1 -1 15 -1 -1 -1 -1 9 7 -1 -1 -1 -1 -1 -1 -1 -1 -1 -1 -1 -1 -1 -1 -1 -1 -1 -1 0 -1 27 22 -1 26 21 16 1 17 -1 -1 -1 -1 -1 -1 19 -1 -1 -1 -1 -1 -1 -1 20 -1 -1 18 -1 -1 
-1 -1 2 3 4 -1 -1 -1 -1 -1 -1 -1 -1 5 -1 -1 -1 -1 -1 -1 -1 -1 6 -1 -1 -1 -1 11 -1 -1 -1 13 -1 -1 -1 15 -1 -1 -1 -1 9 7 -1 -1 -1 -1 -1 -1 -1 -1 -1 -1 -1 -1 -1 -1 -1 -1 16 -1 0 -1 27 22 -1 26 21 -1 1 17 -1 -1 -1 -1 -1 -1 19 -1 -1 -1 -1 -1 -1 -1 20 -1 -1 18 -1 -1 
-1 -1 2 3 4 -1 -1 -1 -1 -1 -1 -1 -1 5 -1 -1 -1 -1 -1 -1 -1 -1 6 -1 -1 -1 -1 11 -1 -1 -1 13 -1 -1 -1 15 -1 -1 -1 9 -1 7 -1 -1 -1 -1 -1 -1 -1 -1 -1 -1 -1 -1 -1 -1 -1 -1 16 -1 0 -1 27 22 -1 26 21 -1 1 17 -1 -1 -1 -1 -1 -1 19 -1 -1 -1 -1 -1 -1 -1 20 -1 -1 18 -1 -1 
-1 -1 2 3 4 -1 -1 -1 -1 -1 -1 -1 -1 5 -1 -1 -1 -1 -1 -1 -1 -1 6 -1 -1 -1 -1 11 -1 -1 -1 13 -1 -1 -1 15 -1 -1 -1 9 -1 7 -1 -1 -1 -1 -1 -1 -1 -1 -1 -1 -1 -1 -1 -1 -1 -1 16 -1 0 -1 27 22 -1 26 21 -1 1 17 -1 -1 -1 -1 -1 -1 19 -1 -1 -1 -1 -1 -1 -1 -1 20 -1 18 -1 -1 
-1 -1 2 3 4 -1 -1 -1 -1 -1 -1 -1 -1 5 -1 -1 -1 -1 -1 -1 -1 -1 6 -1 -1 -1 -1 11 -1 -1 -1 -1 -1 -1 -1 15 -1 -1 -1 9 13 7 -1 -1 -1 -1 -1 -1 -1 -1 -1 -1 -1 -1 -1 -1 -1 -1 16 -1 0 -1 27 22 -1 26 21 -1 1 17 -1 -1 -1 -1 -1 -1 19 -1 -1 -1 -1 -1 -1 -1 -1 20 -1 18 -1 -1 
-1 -1 2 3 4 -1 -1 -1 -1 -1 -1 -1 -1 5 -1 -1 -1 -1 -1 -1 -1 -1 6 -1 -1 -1 -1 11 -1 -1 -1 -1 -1 -1 -1 15 -1 -1 -1 9 13 7 -1 -1 -1 -1 -1 -1 -1 -1 -1 -1 -1 -1 -1 -1 -1 -1 16 -1 0 -1 27 22 -1 26 21 -1 1 17 -1 -1 -1 -1 -1 -1 19 -1 -1 -1 -1 -1 -1 -1 -1 -1 20 18 -1 -1 
-1 -1 2 3 4 -1 -1 -1 -1 -1 -1 -1 -1 5 -1 -1 -1 -1 -1 -1 -1 -1 6 -1 -1 -1 -1 11 -1 -1 9 -1 -1 -1 -1 15 -1 -1 -1 -1 13 7 -1 -1 -1 -1 -1 -1 -1 -1 -1 -1 -1 -1 -1 -1 -1 -1 16 -1 0 -1 27 22 -1 26 21 -1 1 17 -1 -1 -1 -1 -1 -1 19 -1 -1 -1 -1 -1 -1 -1 -1 -1 20 18 -1 -1 
-1 -1 2 3 4 -1 -1 -1 -1 -1 -1 -1 -1 5 -1 -1 -1 -1 -1 -1 -1 -1 6 -1 -1 -1 -1 11 -1 -1 9 -1 -1 -1 -1 15 -1 -1 -1 -1 13 7 -1 -1 -1 -1 -1 -1 -1 -1 -1 -1 -1 -1 -1 -1 -1 -1 16 -1 0 -1 27 22 -1 26 21 18 1 17 -1 -1 -1 -1 -1 -1 19 -1 -1 -1 -1 -1 -1 -1 -1 -1 20 -1 -1 -1 
-1 -1 2 3 4 -1 -1 -1 -1 -1 -1 -1 -1 5 -1 -1 -1 -1 -1 -1 -1 -1 6 -1 -1 -1 -1 11 -1 -1 -1 -1 9 -1 -1 15 -1 -1 -1 -1 13 7 -1 -1 -1 -1 -1 -1 -1 -1 -1 -1 -1 -1 -1 -1 -1 -1 16 -1 0 -1 27 22 -1 26 21 18 1 17 -1 -1 -1 -1 -1 -1 19 -1 -1 -1 -1 -1 -1 -1 -1 -1 20 -1 -1 -1 
-1 -1 2 3 4 -1 -1 -1 -1 -1 -1 -1 -1 5 -1 -1 -1 -1 -1 -1 -1 -1 6 -1 -1 -1 -1 11 -1 -1 -1 -1 9 -1 -1 15 -1 -1 -1 -1 13 7 -1 -1 -1 -1 -1 -1 -1 -1 -1 -1 -1 -1 -1 -1 -1 -1 16 -1 0 -1 27 22 -1 26 21 18 19 17 -1 -1 -1 -1 -1 -1 -1 -1 -1 -1 -1 -1 -1 -1 -1 -1 20 -1 -1 -1 
-1 -1 2 3 4 -1 -1 -1 -1 -1 -1 -1 -1 5 -1 -1 -1 -1 -1 -1 -1 -1 6 -1 -1 -1 -1 11 -1 -1 -1 -1 9 -1 -1 15 -1 -1 -1 -1 13 7 -1 -1 -1 -1 -1 -1 -1 -1 -1 -1 -1 -1 -1 -1 -1 -1 16 -1 -1 -1 27 22 -1 26 21 18 19 0 -1 -1 -1 -1 -1 -1 -1 -1 -1 -1 -1 -1 -1 -1 -1 -1 20 -1 -1 -1 
