0 1 2 3 4 5 6 7 8 30 -1 -1 -1 -1 -1 -1 -1 -1 -1 9 -1 -1 -1 -1 -1 10 -1 11 -1 12 -1 13 -1 14 -1 15 -1 -1 -1 -1 -1 -1 -1 -1 -1 -1 -1 -1 -1 -1 -1 -1 -1 -1 -1 -1 -1 -1 29 -1 28 -1 27 -1 26 -1 -1 25 -1 -1 -1 -1 -1 -1 -1 -1 -1 -1 -1 -1 -1 24 23 22 21 20 19 18 17 16 
0 -1 2 3 4 5 6 7 8 30 -1 -1 -1 -1 -1 -1 -1 -1 -1 9 1 -1 -1 -1 -1 10 -1 11 -1 12 -1 13 -1 14 -1 15 -1 -1 -1 -1 -1 -1 -1 -1 -1 -1 -1 -1 -1 -1 -1 -1 -1 -1 -1 -1 -1 -1 29 -1 28 -1 27 -1 26 -1 -1 25 -1 -1 -1 -1 -1 -1 -1 -1 -1 -1 -1 -1 -1 24 23 22 21 20 19 18 17 16 
0 -1 2 3 4 5 6 7 8 30 -1 -1 -1 -1 -1 -1 -1 -1 -1 9 1 -1 -1 -1 -1 10 -1 11 -1 12 -1 13 -1 14 -1 15 -1 -1 -1 -1 -1 -1 -1 -1 -1 -1 -1 -1 -1 -1 -1 -1 -1 -1 -1 -1 -1 -1 29 -1 28 -1 27 -1 26 -1 -1 25 -1 17 -1 -1 -1 -1 -1 -1 -1 -1 -1 -1 -1 24 23 22 21 20 19 18 -1 16 
0 -1 2 3 4 5 6 7 8 30 -1 -1 -1 -1 -1 -1 -1 -1 -1 9 1 -1 -1 10 -1 -1 -1 11 -1 12 -1 13 -1 14 -1 15 -1 -1 -1 -1 -1 -1 -1 -1 -1 -1 -1 -1 -1 -1 -1 -1 -1 -1 -1 -1 -1 -1 29 -1 28 -1 27 -1 26 -1 -1 25 -1 17 -1 -1 -1 -1 -1 -1 -1 -1 -1 -1 -1 24 23 22 21 20 19 18 -1 16 
0 -1 2 3 4 5 6 7 8 30 -1 -1 -1 -1 -1 -1 -1 -1 -1 9 1 -1 -1 10 -1 -1 -1 11 -1 12 -1 13 -1 14 -1 15 -1 -1 -1 -1 -1 -1 -1 -1 -1 -1 -1 -1 -1 -1 -1 28 -1 -1 -1 -1 -1 -1 29 -1 -1 -1 27 -1 26 -1 -1 25 -1 17 -1 -1 -1 -1 -1 -1 -1 -1 -1 -1 -1 24 23 22 21 20 19 18 -1 16 
0 -1 2 3 4 5 6 -1 8 30 -1 -1 -1 -1 -1 -1 -1 -1 -1 9 1 -1 -1 10 7 -1 -1 11 -1 12 -1 13 -1 14 -1 15 -1 -1 -1 -1 -1 -1 -1 -1 -1 -1 -1 -1 -1 -1 -1 28 -1 -1 -1 -1 -1 -1 29 -1 -1 -1 27 -1 26 -1 -1 25 -1 17 -1 -1 -1 -1 -1 -1 -1 -1 -1 -1 -1 24 23 22 21 20 19 18 -1 16 
0 -1 2 3 4 5 6 -1 8 30 -1 -1 -1 -1 -1 -1 -1 -1 -1 9 1 -1 -1 10 7 -1 -1 11 -1 12 -1 13 -1 14 -1 15 -1 -1 -1 -1 -1 -1 -1 -1 -1 -1 -1 -1 -1 -1 -1 28 -1 -1 -1 -1 -1 -1 29 -1 -1 -1 27 23 26 -1 -1 25 -1 17 -1 -1 -1 -1 -1 -1 -1 -1 -1 -1 -1 24 -1 22 21 20 19 18 -1 16 
0 -1 2 3 4 5 6 8 -1 30 -1 -1 -1 -1 -1 -1 -1 -1 -1 9 1 -1 -1 10 7 -1 -1 11 -1 12 -1 13 -1 14 -1 15 -1 -1 -1 -1 -1 -1 -1 -1 -1 -1 -1 -1 -1 -1 -1 28 -1 -1 -1 -1 -1 -1 29 -1 -1 -1 27 23 26 -1 -1 25 -1 17 -1 -1 -1 -1 -1 -1 -1 -1 -1 -1 -1 24 -1 22 21 20 19 18 -1 16 
0 -1 2 3 4 5 6 8 -1 30 -1 -1 -1 -1 -1 -1 -1 -1 -1 9 1 -1 -1 10 7 -1 -1 11 -1 12 -1 13 -1 14 -1 15 -1 -1 -1 -1 -1 -1 -1 -1 -1 -1 -1 -1 -1 -1 -1 28 -1 -1 -1 -1 -1 -1 29 -1 -1 -1 27 23 -1 26 -1 25 -1 17 -1 -1 -1 -1 -1 -1 -1 -1 -1 -1 -1 24 -1 22 21 20 19 18 -1 16 
0 -1 -1 3 4 5 6 8 -1 30 -1 -1 -1 -1 -1 -1 -1 -1 -1 9 1 -1 2 10 7 -1 -1 11 -1 12 -1 13 -1 14 -1 15 -1 -1 -1 -1 -1 -1 -1 -1 -1 -1 -1 -1 -1 -1 -1 28 -1 -1 -1 -1 -1 -1 29 -1 -1 -1 27 23 -1 26 -1 25 -1 17 -1 -1 -1 -1 -1 -1 -1 -1 -1 -1 -1 24 -1 22 21 20 19 18 -1 16 
0 -1 -1 3 4 5 6 8 -1 30 -1 -1 -1 -1 -1 -1 -1 -1 -1 9 1 -1 2 10 7 -1 -1 11 -1 12 -1 13 -1 14 -1 15 -1 -1 -1 -1 -1 -1 -1 -1 -1 -1 -1 -1 -1 -1 -1 28 -1 -1 -1 -1 -1 -1 29 -1 -1 -1 27 23 -1 26 -1 25 -1 17 -1 -1 -1 -1 -1 -1 -1 -1 -1 -1 -1 -1 24 22 21 20 19 18 -1 16 
0 -1 -1 3 4 5 6 8 -1 30 -1 -1 -1 -1 -1 -1 -1 -1 9 -1 1 -1 2 10 7 -1 -1 11 -1 12 -1 13 -1 14 -1 15 -1 -1 -1 -1 -1 -1 -1 -1 -1 -1 -1 -1 -1 -1 -1 28 -1 -1 -1 -1 -1 -1 29 -1 -1 -1 27 23 -1 26 -1 25 -1 17 -1 -1 -1 -1 -1 -1 -1 -1 -1 -1 -1 -1 24 22 21 20 19 18 -1 16 
0 -1 -1 3 4 5 6 8 -1 30 -1 -1 -1 -1 -1 -1 -1 -1 9 -1 1 -1 2 10 7 -1 -1 11 -1 12 -1 13 -1 14 -1 15 -1 -1 -1 -1 -1 -1 -1 -1 -1 31 -1 -1 -1 -1 -1 28 -1 -1 -1 -1 -1 -1 29 -1 -1 -1 27 23 -1 26 -1 25 -1 17 -1 -1 -1 -1 -1 -1 -1 -1 -1 -1 -1 -1 24 22 21 20 19 18 -1 16 
0 -1 -1 3 4 5 6 -1 -1 30 -1 -1 -1 -1 -1 -1 -1 -1 9 -1 1 -1 2 10 7 -1 -1 11 -1 12 -1 13 -1 14 -1 15 -1 -1 -1 -1 -1 -1 -1 8 -1 31 -1 -1 -1 -1 -1 28 -1 -1 -1 -1 -1 -1 29 -1 -1 -1 27 23 -1 26 -1 25 -1 17 -1 -1 -1 -1 -1 -1 -1 -1 -1 -1 -1 -1 24 22 21 20 19 18 -1 16 
0 -1 -1 3 4 5 6 -1 -1 30 -1 -1 -1 -1 -1 -1 -1 -1 9 -1 1 -1 2 10 7 -1 -1 11 -1 12 -1 13 -1 14 -1 15 -1 -1 -1 -1 -1 -1 -1 8 -1 31 -1 -1 -1 -1 -1 28 -1 -1 -1 -1 -1 -1 29 -1 -1 -1 27 23 -1 26 -1 25 -1 17 -1 -1 -1 -1 -1 -1 -1 -1 -1 -1 -1 -1 24 22 21 20 19 18 16 -1 
0 -1 -1 3 4 5 6 -1 -1 30 -1 -1 -1 -1 -1 -1 -1 -1 9 -1 1 -1 2 10 7 -1 -1 11 -1 12 -1 13 -1 14 -1 15 -1 -1 -1 -1 -1 -1 -1 -1 -1 31 -1 -1 -1 -1 -1 28 -1 -1 -1 -1 -1 -1 29 -1 -1 -1 27 23 -1 26 -1 25 -1 17 -1 -1 -1 -1 -1 -1 -1 -1 -1 -1 -1 -1 24 22 21 20 19 18 8 -1 
0 -1 -1 3 4 5 6 -1 -1 30 -1 -1 -1 -1 -1 -1 -1 -1 9 -1 1 -1 2 10 7 -1 -1 11 -1 12 -1 13 -1 14 -1 15 -1 -1 -1 -1 -1 -1 -1 -1 -1 31 -1 -1 -1 -1 -1 28 -1 -1 -1 -1 -1 -1 29 -1 -1 -1 27 23 -1 26 -1 25 -1 -1 -1 -1 -1 -1 -1 -1 -1 -1 -1 -1 -1 -1 24 22 21 20 19 18 17 -1 
0 -1 -1 3 4 5 6 -1 -1 30 -1 -1 -1 -1 -1 -1 -1 -1 9 -1 1 -1 2 10 7 -1 -1 11 -1 12 -1 13 -1 -1 -1 15 -1 -1 -1 -1 -1 -1 14 -1 -1 31 -1 -1 -1 -1 -1 28 -1 -1 -1 -1 -1 -1 29 -1 -1 -1 27 23 -1 26 -1 25 -1 -1 -1 -1 -1 -1 -1 -1 -1 -1 -1 -1 -1 -1 24 22 21 20 19 18 17 -1 
0 -1 -1 3 4 5 6 -1 -1 30 -1 -1 -1 -1 -1 -1 -1 -1 9 -1 1 -1 2 10 7 -1 -1 11 -1 12 -1 13 -1 -1 -1 15 -1 -1 -1 -1 -1 -1 28 -1 -1 31 -1 -1 -1 -1 -1 -1 -1 -1 -1 -1 -1 -1 29 -1 -1 -1 27 23 -1 26 -1 25 -1 -1 -1 -1 -1 -1 -1 -1 -1 -1 -1 -1 -1 -1 24 22 21 20 19 18 17 -1 
0 -1 -1 3 4 5 6 -1 -1 30 -1 -1 -1 -1 -1 -1 -1 -1 9 -1 1 -1 -1 10 7 -1 -1 11 -1 12 -1 13 -1 -1 -1 15 -1 -1 -1 -1 -1 -1 2 -1 -1 31 -1 -1 -1 -1 -1 -1 -1 -1 -1 -1 -1 -1 29 -1 -1 -1 27 23 -1 26 -1 25 -1 -1 -1 -1 -1 -1 -1 -1 -1 -1 -1 -1 -1 -1 24 22 21 20 19 18 17 -1 
0 -1 -1 3 4 5 6 -1 -1 30 -1 -1 -1 -1 -1 -1 -1 -1 9 -1 1 -1 -1 10 7 -1 -1 11 -1 12 -1 13 -1 -1 -1 15 -1 -1 -1 -1 -1 -1 2 -1 -1 31 -1 -1 -1 -1 -1 -1 -1 -1 -1 -1 -1 -1 29 -1 -1 -1 27 23 -1 26 -1 25 -1 17 -1 -1 -1 -1 -1 -1 -1 -1 -1 -1 -1 -1 24 22 21 20 19 18 -1 -1 
0 -1 -1 3 4 5 6 -1 -1 30 -1 -1 -1 -1 -1 -1 -1 -1 9 -1 1 -1 2 10 7 -1 -1 11 -1 12 -1 13 -1 -1 -1 15 -1 -1 -1 -1 -1 -1 -1 -1 -1 31 -1 -1 -1 -1 -1 -1 -1 -1 -1 -1 -1 -1 29 -1 -1 -1 27 23 -1 26 -1 25 -1 17 -1 -1 -1 -1 -1 -1 -1 -1 -1 -1 -1 -1 24 22 21 20 19 18 -1 -1 
0 -1 -1 3 4 5 6 -1 -1 30 -1 -1 -1 -1 -1 -1 -1 -1 9 -1 1 -1 2 10 7 -1 -1 11 -1 12 -1 13 -1 -1 -1 15 -1 -1 -1 -1 -1 -1 -1 -1 -1 31 -1 -1 -1 -1 -1 -1 -1 -1 -1 -1 -1 -1 29 -1 -1 -1 27 23 -1 26 -1 -1 25 17 -1 -1 -1 -1 -1 -1 -1 -1 -1 -1 -1 -1 24 22 21 20 19 18 -1 -1 
0 -1 -1 3 4 5 6 -1 -1 30 -1 -1 -1 -1 -1 -1 -1 -1 9 -1 1 -1 2 10 7 -1 -1 11 -1 -1 -1 13 -1 -1 -1 15 -1 -1 12 -1 -1 -1 -1 -1 -1 31 -1 -1 -1 -1 -1 -1 -1 -1 -1 -1 -1 -1 29 -1 -1 -1 27 23 -1 26 -1 -1 25 17 -1 -1 -1 -1 -1 -1 -1 -1 -1 -1 -1 -1 24 22 21 20 19 18 -1 -1 
0 -1 -1 3 4 5 6 -1 -1 30 -1 -1 -1 -1 -1 -1 -1 -1 9 -1 1 -1 2 10 7 -1 -1 11 -1 -1 -1 13 -1 -1 -1 15 -1 -1 12 -1 -1 -1 -1 -1 -1 31 24 -1 -1 -1 -1 -1 -1 -1 -1 -1 -1 -1 29 -1 -1 -1 27 23 -1 26 -1 -1 25 17 -1 -1 -1 -1 -1 -1 -1 -1 -1 -1 -1 -1 -1 22 21 20 19 18 -1 -1 
0 -1 -1 -1 4 5 6 -1 -1 30 -1 -1 -1 3 -1 -1 -1 -1 9 -1 1 -1 2 10 7 -1 -1 11 -1 -1 -1 13 -1 -1 -1 15 -1 -1 12 -1 -1 -1 -1 -1 -1 31 24 -1 -1 -1 -1 -1 -1 -1 -1 -1 -1 -1 29 -1 -1 -1 27 23 -1 26 -1 -1 25 17 -1 -1 -1 -1 -1 -1 -1 -1 -1 -1 -1 -1 -1 22 21 20 19 18 -1 -1 
0 -1 -1 -1 4 5 6 -1 -1 30 -1 -1 -1 3 -1 -1 -1 -1 9 -1 1 -1 2 10 7 -1 -1 11 -1 -1 -1 13 -1 -1 -1 15 -1 -1 12 -1 -1 -1 -1 -1 -1 31 24 -1 -1 -1 -1 -1 -1 -1 -1 -1 -1 -1 29 -1 -1 -1 27 23 -1 26 -1 18 25 17 -1 -1 -1 -1 -1 -1 -1 -1 -1 -1 -1 -1 -1 22 21 20 19 -1 -1 -1 
0 -1 -1 -1 4 5 6 -1 -1 30 -1 -1 -1 3 -1 -1 -1 -1 9 -1 1 -1 2 10 7 -1 -1 -1 -1 -1 -1 13 -1 -1 -1 15 11 -1 12 -1 -1 -1 -1 -1 -1 31 24 -1 -1 -1 -1 -1 -1 -1 -1 -1 -1 -1 29 -1 -1 -1 27 23 -1 26 -1 18 25 17 -1 -1 -1 -1 -1 -1 -1 -1 -1 -1 -1 -1 -1 22 21 20 19 -1 -1 -1 
0 -1 -1 -1 4 5 6 -1 -1 30 -1 -1 -1 3 -1 -1 -1 -1 9 -1 1 -1 2 10 7 -1 -1 -1 -1 -1 -1 13 -1 -1 -1 15 31 -1 12 -1 -1 -1 -1 -1 -1 -1 24 -1 -1 -1 -1 -1 -1 -1 -1 -1 -1 -1 29 -1 -1 -1 27 23 -1 26 -1 18 25 17 -1 -1 -1 -1 -1 -1 -1 -1 -1 -1 -1 -1 -1 22 21 20 19 -1 -1 -1 
0 -1 -1 -1 4 5 6 -1 -1 30 -1 -1 -1 3 -1 -1 -1 -1 -1 -1 1 -1 2 10 7 -1 -1 -1 -1 -1 -1 13 -1 -1 -1 15 31 -1 12 -1 -1 -1 -1 -1 -1 -1 24 -1 -1 -1 -1 -1 -1 -1 -1 -1 -1 -1 29 -1 -1 -1 27 9 -1 26 -1 18 25 17 -1 -1 -1 -1 -1 -1 -1 -1 -1 -1 -1 -1 -1 22 21 20 19 -1 -1 -1 
0 -1 -1 -1 4 5 6 -1 -1 30 -1 -1 -1 3 -1 -1 -1 -1 -1 -1 1 -1 2 10 7 -1 -1 -1 -1 -1 -1 13 -1 -1 -1 15 31 -1 12 -1 -1 -1 -1 -1 -1 -1 24 -1 -1 -1 -1 -1 -1 -1 -1 -1 -1 -1 29 -1 -1 -1 27 22 -1 26 -1 18 25 17 -1 -1 -1 -1 -1 -1 -1 -1 -1 -1 -1 -1 -1 -1 21 20 19 -1 -1 -1 
-1 -1 -1 -1 4 5 6 -1 -1 30 -1 -1 -1 3 -1 -1 -1 -1 -1 -1 1 -1 2 10 7 -1 -1 -1 -1 -1 -1 13 -1 -1 -1 15 0 -1 12 -1 -1 -1 -1 -1 -1 -1 24 -1 -1 -1 -1 -1 -1 -1 -1 -1 -1 -1 29 -1 -1 -1 27 22 -1 26 -1 18 25 17 -1 -1 -1 -1 -1 -1 -1 -1 -1 -1 -1 -1 -1 -1 21 20 19 -1 -1 -1 
-1 -1 -1 -1 4 5 6 -1 -1 30 -1 -1 -1 3 -1 -1 -1 -1 -1 -1 1 -1 2 10 7 -1 -1 -1 -1 -1 -1 13 -1 -1 -1 15 0 -1 12 -1 -1 -1 -1 -1 -1 -1 24 -1 -1 -1 -1 -1 -1 -1 -1 -1 -1 -1 29 -1 -1 -1 27 -1 -1 26 -1 18 25 17 -1 -1 -1 -1 -1 -1 -1 -1 -1 -1 -1 -1 -1 22 21 20 19 -1 -1 -1 
-1 -1 -1 -1 4 5 6 -1 -1 30 -1 -1 -1 3 -1 -1 -1 -1 -1 -1 1 -1 2 10 7 -1 -1 -1 -1 -1 -1 13 -1 -1 -1 15 -1 -1 12 -1 -1 -1 -1 -1 -1 -1 24 -1 -1 -1 -1 -1 -1 -1 0 -1 -1 -1 29 -1 -1 -1 27 -1 -1 26 -1 18 25 17 -1 -1 -1 -1 -1 -1 -1 -1 -1 -1 -1 -1 -1 22 21 20 19 -1 -1 -1 
