0 1 2 3 4 5 6 7 8 30 -1 -1 -1 -1 -1 -1 -1 -1 -1 9 -1 -1 -1 -1 -1 10 -1 11 -1 12 -1 13 -1 14 -1 15 -1 -1 -1 -1 -1 -1 -1 -1 -1 -1 -1 -1 -1 -1 -1 -1 -1 -1 -1 -1 -1 -1 29 -1 28 -1 27 -1 26 -1 -1 25 -1 -1 -1 -1 -1 -1 -1 -1 -1 -1 -1 -1 -1 24 23 22 21 20 19 18 17 16 
0 1 2 3 4 5 6 -1 8 30 -1 -1 -1 -1 -1 -1 -1 -1 -1 9 -1 -1 -1 -1 7 10 -1 11 -1 12 -1 13 -1 14 -1 15 -1 -1 -1 -1 -1 -1 -1 -1 -1 -1 -1 -1 -1 -1 -1 -1 -1 -1 -1 -1 -1 -1 29 -1 28 -1 27 -1 26 -1 -1 25 -1 -1 -1 -1 -1 -1 -1 -1 -1 -1 -1 -1 -1 24 23 22 21 20 19 18 17 16 
0 1 2 3 4 5 6 -1 8 30 -1 -1 -1 -1 -1 -1 -1 -1 -1 9 -1 -1 -1 -1 7 10 -1 11 -1 12 -1 13 -1 14 -1 15 -1 -1 -1 -1 -1 -1 -1 -1 -1 -1 -1 -1 -1 -1 -1 -1 -1 -1 -1 -1 -1 -1 29 -1 28 -1 27 -1 26 -1 -1 25 -1 17 -1 -1 -1 -1 -1 -1 -1 -1 -1 -1 -1 24 23 22 21 20 19 18 -1 16 
0 1 2 3 4 5 6 8 -1 30 -1 -1 -1 -1 -1 -1 -1 -1 -1 9 -1 -1 -1 -1 7 10 -1 11 -1 12 -1 13 -1 14 -1 15 -1 -1 -1 -1 -1 -1 -1 -1 -1 -1 -1 -1 -1 -1 -1 -1 -1 -1 -1 -1 -1 -1 29 -1 28 -1 27 -1 26 -1 -1 25 -1 17 -1 -1 -1 -1 -1 -1 -1 -1 -1 -1 -1 24 23 22 21 20 19 18 -1 16 
0 1 2 3 4 5 6 8 -1 30 -1 -1 -1 -1 -1 -1 -1 -1 -1 9 -1 -1 -1 -1 7 10 -1 11 -1 12 -1 13 -1 14 -1 15 -1 -1 -1 -1 -1 -1 -1 -1 -1 -1 -1 30 -1 -1 -1 -1 -1 -1 -1 -1 -1 -1 29 -1 28 -1 27 -1 26 -1 -1 25 -1 17 -1 -1 -1 -1 -1 -1 -1 -1 -1 -1 -1 24 23 22 21 20 19 18 -1 16 
0 1 2 3 4 5 6 8 -1 30 -1 -1 -1 -1 -1 -1 -1 -1 -1 9 -1 -1 -1 -1 7 10 -1 11 -1 12 -1 13 -1 -1 -1 15 -1 -1 -1 -1 -1 -1 14 -1 -1 -1 -1 30 -1 -1 -1 -1 -1 -1 -1 -1 -1 -1 29 -1 28 -1 27 -1 26 -1 -1 25 -1 17 -1 -1 -1 -1 -1 -1 -1 -1 -1 -1 -1 24 23 22 21 20 19 18 -1 16 
0 1 2 3 4 5 6 8 -1 30 -1 -1 -1 -1 -1 -1 -1 -1 -1 9 -1 -1 -1 -1 7 10 -1 11 -1 12 -1 13 -1 -1 -1 15 -1 -1 -1 -1 -1 -1 14 -1 -1 -1 -1 30 -1 -1 -1 -1 -1 -1 -1 -1 -1 -1 29 -1 28 -1 27 -1 26 23 -1 25 -1 17 -1 -1 -1 -1 -1 -1 -1 -1 -1 -1 -1 24 -1 22 21 20 19 18 -1 16 
0 -1 2 3 4 5 6 8 -1 30 -1 -1 -1 -1 -1 -1 -1 -1 -1 9 1 -1 -1 -1 7 10 -1 11 -1 12 -1 13 -1 -1 -1 15 -1 -1 -1 -1 -1 -1 14 -1 -1 -1 -1 30 -1 -1 -1 -1 -1 -1 -1 -1 -1 -1 29 -1 28 -1 27 -1 26 23 -1 25 -1 17 -1 -1 -1 -1 -1 -1 -1 -1 -1 -1 -1 24 -1 22 21 20 19 18 -1 16 
0 -1 2 3 4 5 6 8 -1 30 -1 -1 -1 -1 -1 -1 -1 -1 -1 9 1 -1 -1 -1 7 10 -1 11 -1 12 -1 13 -1 -1 -1 15 -1 -1 -1 -1 -1 -1 14 -1 -1 -1 -1 30 -1 -1 -1 -1 -1 -1 -1 -1 -1 -1 29 -1 28 -1 27 -1 26 23 -1 25 -1 17 -1 -1 -1 -1 -1 -1 -1 -1 -1 -1 16 24 -1 22 21 20 19 18 -1 -1 
0 -1 -1 3 4 5 6 8 -1 30 -1 -1 -1 -1 -1 -1 -1 -1 -1 9 1 -1 2 -1 7 10 -1 11 -1 12 -1 13 -1 -1 -1 15 -1 -1 -1 -1 -1 -1 14 -1 -1 -1 -1 30 -1 -1 -1 -1 -1 -1 -1 -1 -1 -1 29 -1 28 -1 27 -1 26 23 -1 25 -1 17 -1 -1 -1 -1 -1 -1 -1 -1 -1 -1 16 24 -1 22 21 20 19 18 -1 -1 
0 -1 -1 3 4 5 6 8 -1 30 -1 -1 -1 -1 -1 -1 -1 -1 -1 9 1 -1 2 -1 7 10 -1 11 -1 12 -1 13 -1 -1 -1 15 -1 -1 -1 -1 -1 -1 14 -1 -1 -1 -1 30 -1 -1 -1 -1 -1 -1 -1 -1 -1 -1 29 -1 28 -1 27 -1 26 23 -1 25 -1 17 -1 -1 -1 -1 -1 -1 -1 16 -1 -1 -1 24 -1 22 21 20 19 18 -1 -1 
0 -1 -1 -1 4 5 6 8 -1 30 -1 -1 -1 3 -1 -1 -1 -1 -1 9 1 -1 2 -1 7 10 -1 11 -1 12 -1 13 -1 -1 -1 15 -1 -1 -1 -1 -1 -1 14 -1 -1 -1 -1 30 -1 -1 -1 -1 -1 -1 -1 -1 -1 -1 29 -1 28 -1 27 -1 26 23 -1 25 -1 17 -1 -1 -1 -1 -1 -1 -1 16 -1 -1 -1 24 -1 22 21 20 19 18 -1 -1 
0 -1 -1 -1 4 5 6 8 -1 30 -1 -1 -1 3 -1 -1 -1 -1 -1 9 1 -1 2 -1 7 10 -1 11 -1 12 -1 13 -1 -1 -1 15 -1 -1 -1 -1 -1 -1 14 -1 -1 -1 26 30 -1 -1 -1 -1 -1 -1 -1 -1 -1 -1 29 -1 28 -1 27 -1 -1 23 -1 25 -1 17 -1 -1 -1 -1 -1 -1 -1 16 -1 -1 -1 24 -1 22 21 20 19 18 -1 -1 
0 -1 -1 -1 4 5 6 8 -1 30 -1 -1 -1 3 -1 -1 -1 -1 -1 9 1 -1 2 -1 -1 10 -1 11 -1 12 -1 13 -1 -1 -1 15 -1 -1 -1 -1 -1 -1 14 7 -1 -1 26 30 -1 -1 -1 -1 -1 -1 -1 -1 -1 -1 29 -1 28 -1 27 -1 -1 23 -1 25 -1 17 -1 -1 -1 -1 -1 -1 -1 16 -1 -1 -1 24 -1 22 21 20 19 18 -1 -1 
0 -1 -1 -1 4 5 6 8 -1 30 -1 -1 -1 3 -1 -1 -1 -1 -1 9 1 -1 2 -1 -1 10 -1 11 -1 12 -1 13 -1 -1 -1 15 -1 -1 -1 -1 -1 -1 14 7 -1 -1 26 30 23 -1 -1 -1 -1 -1 -1 -1 -1 -1 29 -1 28 -1 27 -1 -1 -1 -1 25 -1 17 -1 -1 -1 -1 -1 -1 -1 16 -1 -1 -1 24 -1 22 21 20 19 18 -1 -1 
0 -1 -1 -1 4 5 6 8 -1 30 -1 -1 -1 3 -1 -1 -1 -1 -1 9 1 -1 2 -1 -1 10 -1 11 -1 12 -1 13 -1 -1 -1 15 -1 -1 -1 -1 -1 -1 14 -1 -1 -1 26 30 23 -1 -1 -1 -1 -1 -1 -1 -1 -1 29 -1 7 -1 27 -1 -1 -1 -1 25 -1 17 -1 -1 -1 -1 -1 -1 -1 16 -1 -1 -1 24 -1 22 21 20 19 18 -1 -1 
0 -1 -1 -1 4 5 6 8 -1 30 -1 -1 -1 3 -1 -1 -1 -1 -1 9 1 -1 2 -1 -1 10 -1 11 -1 12 -1 13 -1 -1 -1 15 -1 -1 -1 -1 -1 -1 14 -1 -1 -1 26 30 23 -1 -1 -1 -1 -1 -1 -1 -1 -1 29 -1 7 -1 27 -1 -1 -1 25 -1 -1 17 -1 -1 -1 -1 -1 -1 -1 16 -1 -1 -1 24 -1 22 21 20 19 18 -1 -1 
0 -1 -1 -1 4 5 6 8 -1 30 -1 -1 -1 3 -1 -1 -1 -1 -1 9 1 -1 2 -1 10 -1 -1 11 -1 12 -1 13 -1 -1 -1 15 -1 -1 -1 -1 -1 -1 14 -1 -1 -1 26 30 23 -1 -1 -1 -1 -1 -1 -1 -1 -1 29 -1 7 -1 27 -1 -1 -1 25 -1 -1 17 -1 -1 -1 -1 -1 -1 -1 16 -1 -1 -1 24 -1 22 21 20 19 18 -1 -1 
0 -1 -1 -1 4 5 6 8 -1 30 -1 -1 -1 3 -1 -1 -1 -1 -1 9 1 -1 2 -1 10 -1 -1 11 -1 12 -1 13 -1 -1 -1 15 -1 -1 -1 -1 -1 -1 14 -1 -1 -1 26 30 23 -1 -1 -1 -1 -1 -1 -1 -1 -1 29 -1 7 -1 27 -1 -1 -1 25 22 -1 17 -1 -1 -1 -1 -1 -1 -1 16 -1 -1 -1 24 -1 -1 21 20 19 18 -1 -1 
0 -1 -1 -1 4 5 6 -1 -1 30 -1 -1 -1 3 -1 -1 -1 -1 -1 9 1 -1 2 -1 10 -1 -1 11 -1 12 -1 13 -1 -1 8 15 -1 -1 -1 -1 -1 -1 14 -1 -1 -1 26 30 23 -1 -1 -1 -1 -1 -1 -1 -1 -1 29 -1 7 -1 27 -1 -1 -1 25 22 -1 17 -1 -1 -1 -1 -1 -1 -1 16 -1 -1 -1 24 -1 -1 21 20 19 18 -1 -1 
0 -1 -1 -1 4 5 6 -1 -1 30 -1 -1 -1 3 -1 -1 -1 -1 -1 9 1 -1 2 -1 10 -1 -1 11 26 12 -1 13 -1 -1 8 15 -1 -1 -1 -1 -1 -1 14 -1 -1 -1 -1 30 23 -1 -1 -1 -1 -1 -1 -1 -1 -1 29 -1 7 -1 27 -1 -1 -1 25 22 -1 17 -1 -1 -1 -1 -1 -1 -1 16 -1 -1 -1 24 -1 -1 21 20 19 18 -1 -1 
0 -1 -1 -1 4 5 6 -1 -1 30 -1 -1 -1 3 -1 -1 -1 -1 -1 9 1 -1 2 -1 10 -1 -1 11 26 12 -1 13 -1 -1 -1 15 -1 -1 -1 -1 -1 -1 14 -1 -1 -1 -1 30 23 -1 -1 -1 8 -1 -1 -1 -1 -1 29 -1 7 -1 27 -1 -1 -1 25 22 -1 17 -1 -1 -1 -1 -1 -1 -1 16 -1 -1 -1 24 -1 -1 21 20 19 18 -1 -1 
0 -1 -1 -1 4 5 6 -1 -1 30 -1 -1 -1 3 -1 -1 -1 -1 -1 9 1 -1 2 -1 10 -1 -1 11 26 12 -1 13 -1 -1 -1 15 -1 -1 -1 -1 -1 23 14 -1 -1 -1 -1 30 -1 -1 -1 -1 8 -1 -1 -1 -1 -1 29 -1 7 -1 27 -1 -1 -1 25 22 -1 17 -1 -1 -1 -1 -1 -1 -1 16 -1 -1 -1 24 -1 -1 21 20 19 18 -1 -1 
0 -1 -1 -1 4 5 6 -1 -1 30 -1 -1 -1 3 -1 -1 -1 -1 -1 9 1 -1 2 -1 10 8 -1 11 26 12 -1 13 -1 -1 -1 15 -1 -1 -1 -1 -1 23 14 -1 -1 -1 -1 30 -1 -1 -1 -1 -1 -1 -1 -1 -1 -1 29 -1 7 -1 27 -1 -1 -1 25 22 -1 17 -1 -1 -1 -1 -1 -1 -1 16 -1 -1 -1 24 -1 -1 21 20 19 18 -1 -1 
0 -1 -1 -1 4 5 6 -1 -1 30 -1 -1 -1 3 -1 -1 -1 -1 -1 9 1 -1 2 -1 10 8 -1 11 26 12 23 13 -1 -1 -1 15 -1 -1 -1 -1 -1 -1 14 -1 -1 -1 -1 30 -1 -1 -1 -1 -1 -1 -1 -1 -1 -1 29 -1 7 -1 27 -1 -1 -1 25 22 -1 17 -1 -1 -1 -1 -1 -1 -1 16 -1 -1 -1 24 -1 -1 21 20 19 18 -1 -1 
-1 -1 0 -1 4 5 6 -1 -1 30 -1 -1 -1 3 -1 -1 -1 -1 -1 9 1 -1 2 -1 10 8 -1 11 26 12 23 13 -1 -1 -1 15 -1 -1 -1 -1 -1 -1 14 -1 -1 -1 -1 30 -1 -1 -1 -1 -1 -1 -1 -1 -1 -1 29 -1 7 -1 27 -1 -1 -1 25 22 -1 17 -1 -1 -1 -1 -1 -1 -1 16 -1 -1 -1 24 -1 -1 21 20 19 18 -1 -1 
-1 -1 0 -1 4 5 6 -1 -1 30 -1 -1 -1 3 -1 -1 -1 -1 -1 9 1 -1 2 -1 10 8 -1 11 26 12 23 13 -1 -1 -1 15 -1 -1 30 -1 -1 -1 14 -1 -1 -1 -1 -1 -1 -1 -1 -1 -1 -1 -1 -1 -1 -1 29 -1 7 -1 27 -1 -1 -1 25 22 -1 17 -1 -1 -1 -1 -1 -1 -1 16 -1 -1 -1 24 -1 -1 21 20 19 18 -1 -1 
-1 -1 0 -1 4 5 6 -1 -1 30 9 -1 -1 3 -1 -1 -1 -1 -1 -1 1 -1 2 -1 10 8 -1 11 26 12 23 13 -1 -1 -1 15 -1 -1 30 -1 -1 -1 14 -1 -1 -1 -1 -1 -1 -1 -1 -1 -1 -1 -1 -1 -1 -1 29 -1 7 -1 27 -1 -1 -1 25 22 -1 17 -1 -1 -1 -1 -1 -1 -1 16 -1 -1 -1 24 -1 -1 21 20 19 18 -1 -1 
-1 -1 0 -1 4 5 6 -1 -1 30 9 -1 -1 3 -1 -1 -1 -1 -1 -1 1 -1 2 -1 10 8 -1 11 26 30 23 13 -1 -1 -1 15 -1 -1 -1 -1 -1 -1 14 -1 -1 -1 -1 -1 -1 -1 -1 -1 -1 -1 -1 -1 -1 -1 29 -1 7 -1 27 -1 -1 -1 25 22 -1 17 -1 -1 -1 -1 -1 -1 -1 16 -1 -1 -1 24 -1 -1 21 20 19 18 -1 -1 
-1 -1 0 -1 4 5 6 -1 -1 1 9 -1 -1 3 -1 -1 -1 -1 -1 -1 -1 -1 2 -1 10 8 -1 11 26 30 23 13 -1 -1 -1 15 -1 -1 -1 -1 -1 -1 14 -1 -1 -1 -1 -1 -1 -1 -1 -1 -1 -1 -1 -1 -1 -1 29 -1 7 -1 27 -1 -1 -1 25 22 -1 17 -1 -1 -1 -1 -1 -1 -1 16 -1 -1 -1 24 -1 -1 21 20 19 18 -1 -1 
-1 -1 0 -1 4 5 6 -1 -1 1 9 -1 -1 3 -1 -1 -1 -1 -1 -1 -1 -1 2 -1 10 8 -1 11 26 30 23 13 -1 -1 -1 15 -1 -1 -1 -1 -1 -1 14 -1 -1 -1 -1 -1 -1 -1 -1 -1 -1 -1 -1 -1 -1 -1 29 -1 7 -1 27 -1 -1 -1 25 22 -1 17 -1 -1 -1 -1 -1 -1 -1 16 -1 -1 -1 -1 -1 24 21 20 19 18 -1 -1 
-1 -1 0 -1 4 5 6 -1 -1 1 9 -1 -1 3 -1 -1 -1 -1 -1 -1 -1 -1 2 -1 10 8 -1 11 26 30 23 13 -1 -1 -1 15 -1 -1 -1 -1 -1 -1 14 -1 -1 -1 -1 -1 -1 -1 -1 -1 -1 -1 -1 -1 -1 -1 29 -1 -1 -1 27 -1 -1 -1 25 7 -1 17 -1 -1 -1 -1 -1 -1 -1 16 -1 -1 -1 -1 -1 24 21 20 19 18 -1 -1 
-1 -1 0 -1 4 5 6 -1 -1 1 9 -1 -1 3 -1 -1 -1 -1 -1 -1 -1 -1 2 -1 10 8 -1 11 26 30 23 13 -1 -1 -1 15 -1 -1 -1 -1 -1 -1 14 -1 -1 -1 -1 -1 -1 -1 -1 -1 -1 -1 -1 -1 -1 -1 29 -1 -1 -1 27 -1 -1 -1 25 7 16 17 -1 -1 -1 -1 -1 -1 -1 -1 -1 -1 -1 -1 -1 24 21 20 19 18 -1 -1 
-1 -1 0 -1 4 5 6 -1 -1 1 9 -1 -1 3 -1 -1 -1 -1 -1 -1 -1 -1 2 -1 10 8 -1 11 26 30 23 13 -1 -1 -1 15 -1 -1 -1 -1 -1 -1 14 -1 -1 -1 -1 -1 -1 -1 -1 -1 -1 -1 -1 -1 -1 -1 29 -1 -1 -1 27 -1 -1 -1 25 -1 16 17 -1 -1 -1 -1 -1 -1 -1 -1 -1 -1 -1 -1 -1 24 21 20 7 18 -1 -1 
-1 -1 0 -1 4 5 6 -1 -1 1 9 -1 -1 3 -1 -1 -1 -1 -1 26 -1 -1 2 -1 10 8 -1 11 -1 30 23 13 -1 -1 -1 15 -1 -1 -1 -1 -1 -1 14 -1 -1 -1 -1 -1 -1 -1 -1 -1 -1 -1 -1 -1 -1 -1 29 -1 -1 -1 27 -1 -1 -1 25 -1 16 17 -1 -1 -1 -1 -1 -1 -1 -1 -1 -1 -1 -1 -1 24 21 20 7 18 -1 -1 
-1 -1 0 -1 4 5 6 -1 -1 1 9 -1 -1 3 -1 -1 -1 -1 -1 10 -1 -1 2 -1 -1 8 -1 11 -1 30 23 13 -1 -1 -1 15 -1 -1 -1 -1 -1 -1 14 -1 -1 -1 -1 -1 -1 -1 -1 -1 -1 -1 -1 -1 -1 -1 29 -1 -1 -1 27 -1 -1 -1 25 -1 16 17 -1 -1 -1 -1 -1 -1 -1 -1 -1 -1 -1 -1 -1 24 21 20 7 18 -1 -1 
-1 -1 0 -1 4 5 6 -1 -1 1 9 -1 -1 3 -1 -1 -1 -1 -1 10 30 -1 2 -1 -1 8 -1 11 -1 -1 23 13 -1 -1 -1 15 -1 -1 -1 -1 -1 -1 14 -1 -1 -1 -1 -1 -1 -1 -1 -1 -1 -1 -1 -1 -1 -1 29 -1 -1 -1 27 -1 -1 -1 25 -1 16 17 -1 -1 -1 -1 -1 -1 -1 -1 -1 -1 -1 -1 -1 24 21 20 7 18 -1 -1 
-1 -1 0 -1 4 5 6 -1 -1 1 -1 -1 9 3 -1 -1 -1 -1 -1 10 30 -1 2 -1 -1 8 -1 11 -1 -1 23 13 -1 -1 -1 15 -1 -1 -1 -1 -1 -1 14 -1 -1 -1 -1 -1 -1 -1 -1 -1 -1 -1 -1 -1 -1 -1 29 -1 -1 -1 27 -1 -1 -1 25 -1 16 17 -1 -1 -1 -1 -1 -1 -1 -1 -1 -1 -1 -1 -1 24 21 20 7 18 -1 -1 
-1 -1 0 -1 4 5 6 -1 -1 1 -1 30 9 3 -1 -1 -1 -1 -1 10 -1 -1 2 -1 -1 8 -1 11 -1 -1 23 13 -1 -1 -1 15 -1 -1 -1 -1 -1 -1 14 -1 -1 -1 -1 -1 -1 -1 -1 -1 -1 -1 -1 -1 -1 -1 29 -1 -1 -1 27 -1 -1 -1 25 -1 16 17 -1 -1 -1 -1 -1 -1 -1 -1 -1 -1 -1 -1 -1 24 21 20 7 18 -1 -1 
-1 -1 0 -1 4 5 6 -1 -1 1 -1 30 9 3 -1 -1 -1 -1 -1 -1 -1 10 2 -1 -1 8 -1 11 -1 -1 23 13 -1 -1 -1 15 -1 -1 -1 -1 -1 -1 14 -1 -1 -1 -1 -1 -1 -1 -1 -1 -1 -1 -1 -1 -1 -1 29 -1 -1 -1 27 -1 -1 -1 25 -1 16 17 -1 -1 -1 -1 -1 -1 -1 -1 -1 -1 -1 -1 -1 24 21 20 7 18 -1 -1 
-1 -1 0 -1 4 5 6 -1 -1 1 -1 30 9 3 -1 -1 -1 -1 -1 -1 -1 25 2 -1 -1 8 -1 11 -1 -1 23 13 -1 -1 -1 15 -1 -1 -1 -1 -1 -1 14 -1 -1 -1 -1 -1 -1 -1 -1 -1 -1 -1 -1 -1 -1 -1 29 -1 -1 -1 27 -1 -1 -1 -1 -1 16 17 -1 -1 -1 -1 -1 -1 -1 -1 -1 -1 -1 -1 -1 24 21 20 7 18 -1 -1 
-1 -1 0 -1 4 5 6 -1 -1 1 -1 30 9 -1 -1 -1 -1 -1 -1 -1 -1 3 2 -1 -1 8 -1 11 -1 -1 23 13 -1 -1 -1 15 -1 -1 -1 -1 -1 -1 14 -1 -1 -1 -1 -1 -1 -1 -1 -1 -1 -1 -1 -1 -1 -1 29 -1 -1 -1 27 -1 -1 -1 -1 -1 16 17 -1 -1 -1 -1 -1 -1 -1 -1 -1 -1 -1 -1 -1 24 21 20 7 18 -1 -1 
-1 -1 0 -1 4 5 6 -1 -1 1 -1 30 9 -1 -1 -1 -1 -1 -1 23 -1 3 2 -1 -1 8 -1 11 -1 -1 -1 13 -1 -1 -1 15 -1 -1 -1 -1 -1 -1 14 -1 -1 -1 -1 -1 -1 -1 -1 -1 -1 -1 -1 -1 -1 -1 29 -1 -1 -1 27 -1 -1 -1 -1 -1 16 17 -1 -1 -1 -1 -1 -1 -1 -1 -1 -1 -1 -1 -1 24 21 20 7 18 -1 -1 
-1 0 -1 -1 4 5 6 -1 -1 1 -1 30 9 -1 -1 -1 -1 -1 -1 23 -1 3 2 -1 -1 8 -1 11 -1 -1 -1 13 -1 -1 -1 15 -1 -1 -1 -1 -1 -1 14 -1 -1 -1 -1 -1 -1 -1 -1 -1 -1 -1 -1 -1 -1 -1 29 -1 -1 -1 27 -1 -1 -1 -1 -1 16 17 -1 -1 -1 -1 -1 -1 -1 -1 -1 -1 -1 -1 -1 24 21 20 7 18 -1 -1 
-1 0 -1 -1 4 5 6 -1 -1 1 -1 30 23 -1 -1 -1 -1 -1 -1 -1 -1 3 2 -1 -1 8 -1 11 -1 -1 -1 13 -1 -1 -1 15 -1 -1 -1 -1 -1 -1 14 -1 -1 -1 -1 -1 -1 -1 -1 -1 -1 -1 -1 -1 -1 -1 29 -1 -1 -1 27 -1 -1 -1 -1 -1 16 17 -1 -1 -1 -1 -1 -1 -1 -1 -1 -1 -1 -1 -1 24 21 20 7 18 -1 -1 
-1 0 -1 -1 4 5 6 -1 -1 1 -1 30 23 -1 -1 -1 -1 -1 -1 -1 -1 3 2 -1 -1 8 -1 11 -1 -1 -1 13 -1 -1 -1 15 -1 -1 -1 -1 -1 -1 14 -1 -1 -1 -1 -1 -1 -1 -1 -1 -1 -1 -1 -1 -1 -1 29 -1 -1 -1 27 -1 -1 -1 -1 -1 16 7 -1 -1 -1 -1 -1 -1 -1 -1 -1 -1 -1 -1 -1 24 21 20 -1 18 -1 -1 
-1 0 -1 -1 4 5 6 -1 -1 1 30 -1 23 -1 -1 -1 -1 -1 -1 -1 -1 3 2 -1 -1 8 -1 11 -1 -1 -1 13 -1 -1 -1 15 -1 -1 -1 -1 -1 -1 14 -1 -1 -1 -1 -1 -1 -1 -1 -1 -1 -1 -1 -1 -1 -1 29 -1 -1 -1 27 -1 -1 -1 -1 -1 16 7 -1 -1 -1 -1 -1 -1 -1 -1 -1 -1 -1 -1 -1 24 21 20 -1 18 -1 -1 
-1 -1 -1 0 4 5 6 -1 -1 1 30 -1 23 -1 -1 -1 -1 -1 -1 -1 -1 3 2 -1 -1 8 -1 11 -1 -1 -1 13 -1 -1 -1 15 -1 -1 -1 -1 -1 -1 14 -1 -1 -1 -1 -1 -1 -1 -1 -1 -1 -1 -1 -1 -1 -1 29 -1 -1 -1 27 -1 -1 -1 -1 -1 16 7 -1 -1 -1 -1 -1 -1 -1 -1 -1 -1 -1 -1 -1 24 21 20 -1 18 -1 -1 
-1 -1 -1 0 4 5 6 -1 -1 1 30 -1 -1 -1 -1 -1 -1 -1 -1 -1 -1 3 2 23 -1 8 -1 11 -1 -1 -1 13 -1 -1 -1 15 -1 -1 -1 -1 -1 -1 14 -1 -1 -1 -1 -1 -1 -1 -1 -1 -1 -1 -1 -1 -1 -1 29 -1 -1 -1 27 -1 -1 -1 -1 -1 16 7 -1 -1 -1 -1 -1 -1 -1 -1 -1 -1 -1 -1 -1 24 21 20 -1 18 -1 -1 
-1 -1 -1 0 -1 5 6 -1 -1 1 30 -1 -1 4 -1 -1 -1 -1 -1 -1 -1 3 2 23 -1 8 -1 11 -1 -1 -1 13 -1 -1 -1 15 -1 -1 -1 -1 -1 -1 14 -1 -1 -1 -1 -1 -1 -1 -1 -1 -1 -1 -1 -1 -1 -1 29 -1 -1 -1 27 -1 -1 -1 -1 -1 16 7 -1 -1 -1 -1 -1 -1 -1 -1 -1 -1 -1 -1 -1 24 21 20 -1 18 -1 -1 
-1 -1 -1 0 -1 5 6 -1 -1 30 -1 -1 -1 4 -1 -1 -1 -1 -1 -1 -1 3 2 23 -1 8 -1 11 -1 -1 -1 13 -1 -1 -1 15 -1 -1 -1 -1 -1 -1 14 -1 -1 -1 -1 -1 -1 -1 -1 -1 -1 -1 -1 -1 -1 -1 29 -1 -1 -1 27 -1 -1 -1 -1 -1 16 7 -1 -1 -1 -1 -1 -1 -1 -1 -1 -1 -1 -1 -1 24 21 20 -1 18 -1 -1 
-1 -1 -1 0 -1 5 6 -1 -1 30 -1 -1 -1 4 -1 -1 -1 -1 -1 -1 -1 3 2 23 -1 8 -1 11 -1 -1 -1 13 -1 -1 -1 15 -1 -1 -1 -1 -1 -1 -1 -1 -1 -1 -1 -1 -1 -1 -1 14 -1 -1 -1 -1 -1 -1 29 -1 -1 -1 27 -1 -1 -1 -1 -1 16 7 -1 -1 -1 -1 -1 -1 -1 -1 -1 -1 -1 -1 -1 24 21 20 -1 18 -1 -1 
-1 -1 -1 0 -1 5 6 -1 -1 30 -1 24 -1 4 -1 -1 -1 -1 -1 -1 -1 3 2 23 -1 8 -1 11 -1 -1 -1 13 -1 -1 -1 15 -1 -1 -1 -1 -1 -1 -1 -1 -1 -1 -1 -1 -1 -1 -1 14 -1 -1 -1 -1 -1 -1 29 -1 -1 -1 27 -1 -1 -1 -1 -1 16 7 -1 -1 -1 -1 -1 -1 -1 -1 -1 -1 -1 -1 -1 -1 21 20 -1 18 -1 -1 
-1 -1 -1 -1 -1 5 6 -1 -1 30 -1 24 0 4 -1 -1 -1 -1 -1 -1 -1 3 2 23 -1 8 -1 11 -1 -1 -1 13 -1 -1 -1 15 -1 -1 -1 -1 -1 -1 -1 -1 -1 -1 -1 -1 -1 -1 -1 14 -1 -1 -1 -1 -1 -1 29 -1 -1 -1 27 -1 -1 -1 -1 -1 16 7 -1 -1 -1 -1 -1 -1 -1 -1 -1 -1 -1 -1 -1 -1 21 20 -1 18 -1 -1 
-1 -1 24 -1 -1 5 6 -1 -1 30 -1 -1 0 4 -1 -1 -1 -1 -1 -1 -1 3 2 23 -1 8 -1 11 -1 -1 -1 13 -1 -1 -1 15 -1 -1 -1 -1 -1 -1 -1 -1 -1 -1 -1 -1 -1 -1 -1 14 -1 -1 -1 -1 -1 -1 29 -1 -1 -1 27 -1 -1 -1 -1 -1 16 7 -1 -1 -1 -1 -1 -1 -1 -1 -1 -1 -1 -1 -1 -1 21 20 -1 18 -1 -1 
-1 -1 24 -1 -1 5 6 -1 -1 30 -1 -1 0 4 -1 -1 -1 -1 -1 -1 -1 3 2 23 -1 8 -1 11 -1 -1 -1 13 -1 -1 -1 15 -1 -1 -1 -1 -1 -1 -1 -1 -1 -1 -1 -1 -1 -1 7 14 -1 -1 -1 -1 -1 -1 29 -1 -1 -1 27 -1 -1 -1 -1 -1 16 -1 -1 -1 -1 -1 -1 -1 -1 -1 -1 -1 -1 -1 -1 -1 21 20 -1 18 -1 -1 
-1 -1 -1 -1 -1 24 6 -1 -1 30 -1 -1 0 4 -1 -1 -1 -1 -1 -1 -1 3 2 23 -1 8 -1 11 -1 -1 -1 13 -1 -1 -1 15 -1 -1 -1 -1 -1 -1 -1 -1 -1 -1 -1 -1 -1 -1 7 14 -1 -1 -1 -1 -1 -1 29 -1 -1 -1 27 -1 -1 -1 -1 -1 16 -1 -1 -1 -1 -1 -1 -1 -1 -1 -1 -1 -1 -1 -1 -1 21 20 -1 18 -1 -1 
-1 -1 -1 -1 -1 24 6 -1 -1 30 -1 -1 0 4 -1 -1 -1 -1 -1 -1 -1 3 2 23 -1 -1 -1 11 -1 -1 -1 13 -1 -1 -1 15 -1 -1 -1 -1 -1 -1 -1 -1 -1 -1 -1 -1 -1 -1 7 14 -1 -1 -1 -1 -1 -1 29 -1 -1 -1 27 -1 -1 -1 -1 -1 16 -1 -1 -1 -1 -1 -1 -1 -1 -1 -1 -1 -1 -1 -1 -1 21 20 -1 18 8 -1 
-1 -1 -1 -1 24 -1 6 -1 -1 30 -1 -1 0 4 -1 -1 -1 -1 -1 -1 -1 3 2 23 -1 -1 -1 11 -1 -1 -1 13 -1 -1 -1 15 -1 -1 -1 -1 -1 -1 -1 -1 -1 -1 -1 -1 -1 -1 7 14 -1 -1 -1 -1 -1 -1 29 -1 -1 -1 27 -1 -1 -1 -1 -1 16 -1 -1 -1 -1 -1 -1 -1 -1 -1 -1 -1 -1 -1 -1 -1 21 20 -1 18 8 -1 
-1 -1 -1 -1 24 -1 6 -1 -1 30 -1 -1 0 -1 4 -1 -1 -1 -1 -1 -1 3 2 23 -1 -1 -1 11 -1 -1 -1 13 -1 -1 -1 15 -1 -1 -1 -1 -1 -1 -1 -1 -1 -1 -1 -1 -1 -1 7 14 -1 -1 -1 -1 -1 -1 29 -1 -1 -1 27 -1 -1 -1 -1 -1 16 -1 -1 -1 -1 -1 -1 -1 -1 -1 -1 -1 -1 -1 -1 -1 21 20 -1 18 8 -1 
-1 -1 -1 -1 -1 -1 24 -1 -1 30 -1 -1 0 -1 4 -1 -1 -1 -1 -1 -1 3 2 23 -1 -1 -1 11 -1 -1 -1 13 -1 -1 -1 15 -1 -1 -1 -1 -1 -1 -1 -1 -1 -1 -1 -1 -1 -1 7 14 -1 -1 -1 -1 -1 -1 29 -1 -1 -1 27 -1 -1 -1 -1 -1 16 -1 -1 -1 -1 -1 -1 -1 -1 -1 -1 -1 -1 -1 -1 -1 21 20 -1 18 8 -1 
-1 -1 -1 -1 -1 -1 24 -1 -1 30 -1 -1 0 -1 4 -1 -1 -1 -1 -1 -1 3 2 23 -1 -1 -1 11 -1 -1 -1 13 -1 -1 -1 15 -1 -1 -1 -1 -1 -1 -1 -1 -1 -1 -1 -1 -1 -1 7 14 -1 -1 -1 -1 -1 -1 29 -1 -1 -1 27 -1 -1 -1 -1 -1 16 -1 -1 -1 -1 -1 -1 -1 -1 -1 -1 -1 -1 -1 -1 -1 21 20 -1 8 -1 -1 
-1 -1 -1 -1 -1 -1 24 -1 -1 30 -1 -1 0 -1 4 -1 -1 -1 -1 -1 -1 3 2 23 -1 -1 -1 11 -1 -1 -1 13 -1 -1 -1 15 -1 -1 -1 -1 -1 -1 -1 -1 -1 -1 -1 -1 -1 -1 7 14 -1 -1 -1 -1 -1 -1 29 -1 -1 -1 27 -1 -1 -1 -1 -1 16 -1 -1 -1 -1 -1 -1 -1 20 -1 -1 -1 -1 -1 -1 -1 21 -1 -1 8 -1 -1 
-1 -1 -1 -1 -1 -1 24 -1 -1 30 -1 -1 0 3 4 -1 -1 -1 -1 -1 -1 -1 2 23 -1 -1 -1 11 -1 -1 -1 13 -1 -1 -1 15 -1 -1 -1 -1 -1 -1 -1 -1 -1 -1 -1 -1 -1 -1 7 14 -1 -1 -1 -1 -1 -1 29 -1 -1 -1 27 -1 -1 -1 -1 -1 16 -1 -1 -1 -1 -1 -1 -1 20 -1 -1 -1 -1 -1 -1 -1 21 -1 -1 8 -1 -1 
-1 -1 -1 -1 -1 -1 24 -1 -1 30 -1 -1 0 3 4 -1 23 -1 -1 -1 -1 -1 2 -1 -1 -1 -1 11 -1 -1 -1 13 -1 -1 -1 15 -1 -1 -1 -1 -1 -1 -1 -1 -1 -1 -1 -1 -1 -1 7 14 -1 -1 -1 -1 -1 -1 29 -1 -1 -1 27 -1 -1 -1 -1 -1 16 -1 -1 -1 -1 -1 -1 -1 20 -1 -1 -1 -1 -1 -1 -1 21 -1 -1 8 -1 -1 
-1 -1 -1 -1 -1 -1 24 -1 -1 30 -1 -1 0 3 4 -1 23 -1 -1 -1 -1 -1 2 -1 -1 -1 -1 11 -1 -1 -1 13 -1 -1 -1 15 -1 -1 -1 -1 -1 -1 -1 -1 -1 -1 -1 -1 -1 -1 7 14 -1 -1 -1 -1 -1 -1 29 -1 -1 -1 27 -1 -1 -1 -1 -1 16 -1 -1 -1 -1 -1 -1 -1 20 -1 -1 -1 -1 -1 -1 -1 21 -1 -1 -1 8 -1 
-1 -1 -1 -1 -1 -1 24 -1 -1 30 -1 -1 0 3 4 -1 -1 -1 -1 -1 -1 -1 2 -1 -1 -1 -1 11 -1 -1 -1 13 -1 23 -1 15 -1 -1 -1 -1 -1 -1 -1 -1 -1 -1 -1 -1 -1 -1 7 14 -1 -1 -1 -1 -1 -1 29 -1 -1 -1 27 -1 -1 -1 -1 -1 16 -1 -1 -1 -1 -1 -1 -1 20 -1 -1 -1 -1 -1 -1 -1 21 -1 -1 -1 8 -1 
