0 1 2 3 4 5 6 7 8 30 -1 -1 -1 -1 -1 -1 -1 -1 -1 9 -1 -1 -1 -1 -1 10 -1 11 -1 12 -1 13 -1 14 -1 15 -1 -1 -1 -1 -1 -1 -1 -1 -1 -1 -1 -1 -1 -1 -1 -1 -1 -1 -1 -1 -1 -1 29 -1 28 -1 27 -1 26 -1 -1 25 -1 -1 -1 -1 -1 -1 -1 -1 -1 -1 -1 -1 -1 24 23 22 21 20 19 18 17 16 
0 1 2 3 4 5 6 -1 8 30 -1 -1 -1 -1 -1 -1 -1 -1 -1 9 -1 -1 -1 -1 7 10 -1 11 -1 12 -1 13 -1 14 -1 15 -1 -1 -1 -1 -1 -1 -1 -1 -1 -1 -1 -1 -1 -1 -1 -1 -1 -1 -1 -1 -1 -1 29 -1 28 -1 27 -1 26 -1 -1 25 -1 -1 -1 -1 -1 -1 -1 -1 -1 -1 -1 -1 -1 24 23 22 21 20 19 18 17 16 
0 1 2 3 4 5 6 -1 8 30 -1 -1 -1 -1 -1 -1 -1 -1 -1 9 -1 -1 -1 -1 7 10 -1 11 -1 12 -1 13 -1 14 -1 15 -1 -1 -1 -1 -1 -1 -1 -1 -1 -1 -1 -1 -1 -1 -1 -1 -1 -1 -1 -1 -1 -1 29 -1 28 -1 27 -1 26 -1 -1 25 -1 17 -1 -1 -1 -1 -1 -1 -1 -1 -1 -1 -1 24 23 22 21 20 19 18 -1 16 
0 1 2 3 4 5 6 8 -1 30 -1 -1 -1 -1 -1 -1 -1 -1 -1 9 -1 -1 -1 -1 7 10 -1 11 -1 12 -1 13 -1 14 -1 15 -1 -1 -1 -1 -1 -1 -1 -1 -1 -1 -1 -1 -1 -1 -1 -1 -1 -1 -1 -1 -1 -1 29 -1 28 -1 27 -1 26 -1 -1 25 -1 17 -1 -1 -1 -1 -1 -1 -1 -1 -1 -1 -1 24 23 22 21 20 19 18 -1 16 
0 1 2 3 4 5 6 8 -1 30 -1 -1 -1 -1 -1 -1 -1 -1 -1 9 -1 -1 -1 -1 7 10 -1 11 -1 12 -1 13 -1 14 -1 15 -1 -1 -1 -1 -1 -1 -1 -1 -1 -1 -1 30 -1 -1 -1 -1 -1 -1 -1 -1 -1 -1 29 -1 28 -1 27 -1 26 -1 -1 25 -1 17 -1 -1 -1 -1 -1 -1 -1 -1 -1 -1 -1 24 23 22 21 20 19 18 -1 16 
0 1 2 3 4 5 6 8 -1 30 -1 -1 -1 -1 -1 -1 -1 -1 -1 9 -1 -1 -1 -1 7 10 -1 11 -1 12 -1 13 -1 -1 -1 15 -1 -1 -1 -1 -1 -1 14 -1 -1 -1 -1 30 -1 -1 -1 -1 -1 -1 -1 -1 -1 -1 29 -1 28 -1 27 -1 26 -1 -1 25 -1 17 -1 -1 -1 -1 -1 -1 -1 -1 -1 -1 -1 24 23 22 21 20 19 18 -1 16 
0 1 2 3 4 5 6 8 -1 30 -1 -1 -1 -1 -1 -1 -1 -1 -1 9 -1 -1 -1 -1 7 10 -1 11 -1 12 -1 13 -1 -1 -1 15 -1 -1 -1 -1 -1 -1 14 -1 -1 -1 -1 30 -1 -1 -1 -1 -1 -1 -1 -1 -1 -1 29 -1 28 -1 27 -1 26 23 -1 25 -1 17 -1 -1 -1 -1 -1 -1 -1 -1 -1 -1 -1 24 -1 22 21 20 19 18 -1 16 
0 -1 2 3 4 5 6 8 -1 30 -1 -1 -1 -1 -1 -1 -1 -1 -1 9 1 -1 -1 -1 7 10 -1 11 -1 12 -1 13 -1 -1 -1 15 -1 -1 -1 -1 -1 -1 14 -1 -1 -1 -1 30 -1 -1 -1 -1 -1 -1 -1 -1 -1 -1 29 -1 28 -1 27 -1 26 23 -1 25 -1 17 -1 -1 -1 -1 -1 -1 -1 -1 -1 -1 -1 24 -1 22 21 20 19 18 -1 16 
0 -1 2 3 4 5 6 8 -1 30 -1 -1 -1 -1 -1 -1 -1 -1 -1 9 1 -1 -1 -1 7 10 -1 11 -1 12 -1 13 -1 -1 -1 15 -1 -1 -1 -1 -1 -1 14 -1 -1 -1 -1 30 -1 -1 -1 -1 -1 -1 -1 -1 -1 -1 29 -1 28 -1 27 -1 26 23 -1 25 -1 17 -1 -1 -1 -1 -1 -1 -1 -1 -1 -1 16 24 -1 22 21 20 19 18 -1 -1 
0 -1 -1 3 4 5 6 8 -1 30 -1 -1 -1 -1 -1 -1 -1 -1 -1 9 1 -1 2 -1 7 10 -1 11 -1 12 -1 13 -1 -1 -1 15 -1 -1 -1 -1 -1 -1 14 -1 -1 -1 -1 30 -1 -1 -1 -1 -1 -1 -1 -1 -1 -1 29 -1 28 -1 27 -1 26 23 -1 25 -1 17 -1 -1 -1 -1 -1 -1 -1 -1 -1 -1 16 24 -1 22 21 20 19 18 -1 -1 
0 -1 -1 3 4 5 6 8 -1 30 -1 -1 -1 -1 -1 -1 -1 -1 -1 9 1 -1 2 -1 7 10 -1 11 -1 12 -1 13 -1 -1 -1 15 -1 -1 -1 -1 -1 -1 14 -1 -1 -1 -1 30 -1 -1 -1 -1 -1 -1 -1 -1 -1 -1 29 -1 28 -1 27 -1 26 23 -1 25 -1 17 -1 -1 -1 -1 -1 -1 -1 16 -1 -1 -1 24 -1 22 21 20 19 18 -1 -1 
0 -1 -1 3 4 5 6 8 -1 30 -1 -1 -1 -1 -1 -1 -1 -1 -1 9 1 -1 2 -1 7 -1 10 11 -1 12 -1 13 -1 -1 -1 15 -1 -1 -1 -1 -1 -1 14 -1 -1 -1 -1 30 -1 -1 -1 -1 -1 -1 -1 -1 -1 -1 29 -1 28 -1 27 -1 26 23 -1 25 -1 17 -1 -1 -1 -1 -1 -1 -1 16 -1 -1 -1 24 -1 22 21 20 19 18 -1 -1 
0 -1 -1 3 4 5 6 8 -1 30 -1 -1 -1 -1 -1 -1 -1 -1 -1 9 1 -1 2 -1 7 -1 10 11 -1 12 -1 13 -1 -1 -1 15 -1 -1 -1 -1 -1 -1 14 -1 -1 -1 26 30 -1 -1 -1 -1 -1 -1 -1 -1 -1 -1 29 -1 28 -1 27 -1 -1 23 -1 25 -1 17 -1 -1 -1 -1 -1 -1 -1 16 -1 -1 -1 24 -1 22 21 20 19 18 -1 -1 
0 -1 -1 3 4 5 6 8 -1 30 -1 -1 -1 -1 -1 -1 -1 -1 -1 9 1 -1 2 -1 -1 -1 10 11 -1 12 -1 13 -1 -1 -1 15 -1 -1 -1 -1 -1 -1 14 7 -1 -1 26 30 -1 -1 -1 -1 -1 -1 -1 -1 -1 -1 29 -1 28 -1 27 -1 -1 23 -1 25 -1 17 -1 -1 -1 -1 -1 -1 -1 16 -1 -1 -1 24 -1 22 21 20 19 18 -1 -1 
0 -1 -1 3 4 5 6 8 -1 30 -1 -1 -1 -1 -1 -1 -1 -1 -1 9 1 -1 2 -1 -1 -1 10 11 -1 12 -1 13 -1 -1 -1 15 -1 -1 -1 -1 -1 -1 14 7 -1 -1 26 30 -1 -1 -1 -1 -1 -1 -1 -1 -1 -1 29 -1 28 -1 27 -1 -1 23 -1 25 -1 17 -1 -1 -1 -1 -1 -1 -1 -1 -1 16 -1 24 -1 22 21 20 19 18 -1 -1 
0 -1 -1 3 4 5 6 8 -1 30 -1 -1 -1 -1 -1 -1 -1 -1 -1 -1 1 -1 2 -1 -1 -1 10 11 -1 12 -1 13 -1 -1 -1 15 -1 9 -1 -1 -1 -1 14 7 -1 -1 26 30 -1 -1 -1 -1 -1 -1 -1 -1 -1 -1 29 -1 28 -1 27 -1 -1 23 -1 25 -1 17 -1 -1 -1 -1 -1 -1 -1 -1 -1 16 -1 24 -1 22 21 20 19 18 -1 -1 
0 -1 -1 3 4 5 6 8 -1 30 -1 -1 -1 -1 -1 -1 -1 -1 -1 -1 1 -1 2 -1 -1 -1 10 11 -1 12 -1 13 -1 -1 -1 15 -1 9 -1 -1 -1 -1 14 7 -1 -1 26 30 -1 -1 -1 -1 -1 -1 -1 -1 -1 -1 29 -1 28 -1 27 -1 -1 23 -1 25 -1 -1 -1 -1 -1 -1 -1 -1 17 -1 -1 16 -1 24 -1 22 21 20 19 18 -1 -1 
0 -1 -1 3 4 5 6 -1 -1 30 -1 -1 -1 -1 -1 -1 -1 -1 -1 -1 1 -1 2 -1 -1 -1 10 11 -1 12 -1 13 -1 -1 8 15 -1 9 -1 -1 -1 -1 14 7 -1 -1 26 30 -1 -1 -1 -1 -1 -1 -1 -1 -1 -1 29 -1 28 -1 27 -1 -1 23 -1 25 -1 -1 -1 -1 -1 -1 -1 -1 17 -1 -1 16 -1 24 -1 22 21 20 19 18 -1 -1 
0 -1 -1 3 4 5 6 -1 -1 30 -1 -1 -1 -1 -1 -1 -1 -1 -1 -1 1 -1 2 -1 -1 -1 10 11 -1 12 -1 13 -1 -1 8 15 -1 9 -1 -1 -1 -1 14 7 -1 -1 26 30 23 -1 -1 -1 -1 -1 -1 -1 -1 -1 29 -1 28 -1 27 -1 -1 -1 -1 25 -1 -1 -1 -1 -1 -1 -1 -1 17 -1 -1 16 -1 24 -1 22 21 20 19 18 -1 -1 
0 -1 -1 3 4 5 6 -1 -1 30 -1 -1 -1 -1 -1 -1 -1 -1 -1 -1 1 -1 2 -1 -1 -1 10 11 -1 12 -1 13 8 -1 -1 15 -1 9 -1 -1 -1 -1 14 7 -1 -1 26 30 23 -1 -1 -1 -1 -1 -1 -1 -1 -1 29 -1 28 -1 27 -1 -1 -1 -1 25 -1 -1 -1 -1 -1 -1 -1 -1 17 -1 -1 16 -1 24 -1 22 21 20 19 18 -1 -1 
0 -1 -1 3 4 5 6 -1 -1 30 -1 -1 -1 -1 -1 -1 -1 -1 -1 -1 1 -1 2 -1 -1 -1 10 11 -1 12 -1 13 8 -1 -1 15 -1 9 -1 -1 -1 -1 14 7 -1 -1 26 30 23 -1 -1 -1 -1 -1 -1 -1 -1 -1 29 -1 28 -1 27 -1 -1 17 -1 25 -1 -1 -1 -1 -1 -1 -1 -1 -1 -1 -1 16 -1 24 -1 22 21 20 19 18 -1 -1 
0 -1 -1 3 4 5 6 -1 -1 30 -1 -1 -1 -1 -1 -1 -1 -1 -1 -1 1 -1 2 -1 -1 10 -1 11 -1 12 -1 13 8 -1 -1 15 -1 9 -1 -1 -1 -1 14 7 -1 -1 26 30 23 -1 -1 -1 -1 -1 -1 -1 -1 -1 29 -1 28 -1 27 -1 -1 17 -1 25 -1 -1 -1 -1 -1 -1 -1 -1 -1 -1 -1 16 -1 24 -1 22 21 20 19 18 -1 -1 
0 -1 -1 3 4 5 6 -1 -1 30 -1 -1 -1 -1 -1 -1 -1 -1 -1 -1 1 -1 2 -1 -1 10 -1 11 -1 12 -1 13 8 -1 -1 15 -1 9 -1 -1 -1 -1 14 7 -1 -1 26 30 23 -1 -1 -1 -1 -1 -1 -1 -1 -1 29 -1 28 -1 27 -1 -1 17 -1 25 -1 -1 -1 -1 -1 -1 -1 -1 -1 -1 16 -1 -1 24 -1 22 21 20 19 18 -1 -1 
0 -1 -1 3 4 5 6 -1 -1 30 -1 -1 -1 -1 -1 -1 -1 -1 -1 -1 1 -1 2 -1 -1 10 -1 11 -1 12 -1 13 8 -1 -1 15 -1 -1 -1 9 -1 -1 14 7 -1 -1 26 30 23 -1 -1 -1 -1 -1 -1 -1 -1 -1 29 -1 28 -1 27 -1 -1 17 -1 25 -1 -1 -1 -1 -1 -1 -1 -1 -1 -1 16 -1 -1 24 -1 22 21 20 19 18 -1 -1 
0 -1 -1 3 4 5 6 -1 -1 30 -1 -1 -1 -1 -1 -1 -1 -1 -1 -1 1 -1 2 -1 -1 10 -1 11 -1 12 -1 13 8 -1 -1 15 -1 -1 -1 9 -1 -1 14 7 -1 -1 26 30 23 -1 -1 -1 -1 -1 -1 -1 -1 -1 29 -1 28 -1 27 -1 -1 17 -1 25 -1 -1 -1 -1 24 -1 -1 -1 -1 -1 16 -1 -1 -1 -1 22 21 20 19 18 -1 -1 
0 -1 -1 -1 4 5 6 -1 -1 30 -1 -1 -1 3 -1 -1 -1 -1 -1 -1 1 -1 2 -1 -1 10 -1 11 -1 12 -1 13 8 -1 -1 15 -1 -1 -1 9 -1 -1 14 7 -1 -1 26 30 23 -1 -1 -1 -1 -1 -1 -1 -1 -1 29 -1 28 -1 27 -1 -1 17 -1 25 -1 -1 -1 -1 24 -1 -1 -1 -1 -1 16 -1 -1 -1 -1 22 21 20 19 18 -1 -1 
0 -1 -1 -1 4 5 6 -1 -1 30 -1 -1 -1 3 -1 -1 -1 -1 -1 -1 1 -1 2 -1 -1 10 -1 11 -1 12 -1 13 8 -1 -1 15 -1 -1 -1 9 -1 -1 14 7 -1 -1 26 30 23 -1 -1 -1 -1 -1 -1 -1 -1 -1 29 -1 28 -1 27 -1 -1 17 -1 25 -1 -1 -1 -1 -1 -1 -1 -1 -1 24 16 -1 -1 -1 -1 22 21 20 19 18 -1 -1 
0 -1 -1 -1 4 5 6 -1 -1 30 -1 -1 -1 3 -1 -1 -1 -1 -1 -1 1 -1 2 -1 -1 10 -1 11 -1 12 -1 13 -1 -1 -1 15 -1 -1 -1 9 -1 -1 14 7 -1 -1 26 30 23 -1 -1 -1 -1 -1 -1 -1 -1 -1 29 -1 28 -1 27 -1 -1 17 -1 25 -1 -1 -1 -1 -1 -1 -1 -1 -1 8 16 -1 -1 -1 -1 22 21 20 19 18 -1 -1 
0 -1 -1 -1 4 5 6 -1 -1 30 -1 -1 -1 3 -1 -1 -1 -1 -1 -1 1 -1 2 -1 -1 10 -1 11 -1 12 -1 13 -1 -1 -1 15 -1 -1 -1 9 -1 -1 14 7 -1 -1 26 30 23 -1 -1 -1 -1 -1 -1 -1 -1 -1 29 -1 28 -1 27 -1 -1 17 -1 25 -1 -1 -1 -1 -1 -1 -1 -1 -1 16 -1 -1 -1 -1 -1 22 21 20 19 18 -1 -1 
-1 0 -1 -1 4 5 6 -1 -1 30 -1 -1 -1 3 -1 -1 -1 -1 -1 -1 1 -1 2 -1 -1 10 -1 11 -1 12 -1 13 -1 -1 -1 15 -1 -1 -1 9 -1 -1 14 7 -1 -1 26 30 23 -1 -1 -1 -1 -1 -1 -1 -1 -1 29 -1 28 -1 27 -1 -1 17 -1 25 -1 -1 -1 -1 -1 -1 -1 -1 -1 16 -1 -1 -1 -1 -1 22 21 20 19 18 -1 -1 
-1 0 -1 -1 4 5 6 -1 -1 30 -1 -1 -1 3 -1 -1 -1 -1 -1 -1 1 -1 2 -1 -1 10 -1 11 -1 12 -1 13 -1 -1 -1 15 -1 -1 -1 9 -1 -1 14 7 -1 -1 26 30 23 -1 -1 -1 -1 -1 -1 -1 -1 -1 29 -1 28 -1 27 -1 -1 17 -1 -1 -1 -1 -1 -1 -1 -1 -1 -1 25 16 -1 -1 -1 -1 -1 22 21 20 19 18 -1 -1 
-1 0 -1 -1 4 5 6 -1 -1 30 -1 -1 -1 3 -1 -1 -1 -1 -1 -1 1 -1 2 -1 -1 10 -1 11 -1 12 -1 13 -1 -1 -1 15 -1 -1 -1 9 -1 -1 14 -1 -1 -1 26 30 23 -1 -1 -1 -1 -1 -1 -1 -1 -1 29 -1 7 -1 27 -1 -1 17 -1 -1 -1 -1 -1 -1 -1 -1 -1 -1 25 16 -1 -1 -1 -1 -1 22 21 20 19 18 -1 -1 
-1 0 -1 -1 4 5 6 -1 -1 30 -1 -1 -1 3 -1 -1 -1 -1 -1 -1 1 -1 2 -1 -1 10 -1 11 -1 12 -1 13 -1 -1 -1 15 -1 -1 -1 9 -1 -1 14 -1 -1 -1 26 30 23 -1 -1 -1 -1 -1 -1 -1 -1 -1 29 16 7 -1 27 -1 -1 17 -1 -1 -1 -1 -1 -1 -1 -1 -1 -1 25 -1 -1 -1 -1 -1 -1 22 21 20 19 18 -1 -1 
-1 0 -1 -1 4 5 6 -1 -1 30 -1 -1 -1 3 -1 -1 -1 -1 -1 -1 1 -1 2 -1 10 -1 -1 11 -1 12 -1 13 -1 -1 -1 15 -1 -1 -1 9 -1 -1 14 -1 -1 -1 26 30 23 -1 -1 -1 -1 -1 -1 -1 -1 -1 29 16 7 -1 27 -1 -1 17 -1 -1 -1 -1 -1 -1 -1 -1 -1 -1 25 -1 -1 -1 -1 -1 -1 22 21 20 19 18 -1 -1 
-1 0 -1 -1 4 5 6 -1 -1 30 -1 -1 -1 3 -1 -1 -1 -1 -1 -1 1 -1 2 -1 10 -1 -1 11 -1 12 -1 13 -1 -1 -1 15 -1 -1 -1 9 -1 -1 14 -1 -1 -1 26 30 23 -1 -1 -1 -1 -1 -1 -1 -1 -1 29 16 7 -1 27 -1 -1 17 -1 -1 -1 -1 -1 -1 -1 25 -1 -1 -1 -1 -1 -1 -1 -1 -1 22 21 20 19 18 -1 -1 
-1 -1 -1 0 4 5 6 -1 -1 30 -1 -1 -1 3 -1 -1 -1 -1 -1 -1 1 -1 2 -1 10 -1 -1 11 -1 12 -1 13 -1 -1 -1 15 -1 -1 -1 9 -1 -1 14 -1 -1 -1 26 30 23 -1 -1 -1 -1 -1 -1 -1 -1 -1 29 16 7 -1 27 -1 -1 17 -1 -1 -1 -1 -1 -1 -1 25 -1 -1 -1 -1 -1 -1 -1 -1 -1 22 21 20 19 18 -1 -1 
-1 -1 -1 0 4 5 6 -1 -1 30 -1 -1 -1 3 -1 -1 -1 -1 -1 -1 1 -1 2 -1 10 -1 -1 11 -1 12 -1 13 -1 -1 -1 15 -1 -1 -1 9 -1 -1 14 -1 -1 -1 26 30 23 -1 -1 -1 -1 -1 -1 -1 -1 -1 29 16 7 -1 27 -1 -1 17 -1 22 -1 -1 -1 -1 -1 25 -1 -1 -1 -1 -1 -1 -1 -1 -1 -1 21 20 19 18 -1 -1 
-1 -1 -1 0 4 5 6 -1 -1 30 -1 -1 -1 3 -1 -1 -1 -1 -1 -1 1 -1 2 -1 10 -1 -1 11 -1 12 -1 13 -1 -1 -1 -1 -1 -1 -1 9 -1 -1 14 -1 15 -1 26 30 23 -1 -1 -1 -1 -1 -1 -1 -1 -1 29 16 7 -1 27 -1 -1 17 -1 22 -1 -1 -1 -1 -1 25 -1 -1 -1 -1 -1 -1 -1 -1 -1 -1 21 20 19 18 -1 -1 
-1 -1 -1 0 4 5 6 -1 -1 30 -1 -1 -1 3 -1 -1 -1 -1 -1 -1 1 -1 2 -1 10 -1 -1 11 -1 12 -1 13 -1 -1 -1 -1 -1 -1 -1 9 -1 -1 14 -1 15 -1 26 30 23 -1 -1 -1 -1 -1 -1 -1 -1 -1 29 16 7 -1 27 -1 -1 17 -1 22 -1 -1 -1 -1 -1 25 -1 -1 19 -1 -1 -1 -1 -1 -1 -1 21 20 -1 18 -1 -1 
-1 -1 -1 0 4 5 6 -1 -1 30 -1 -1 -1 3 -1 -1 -1 -1 -1 -1 1 -1 2 -1 10 -1 -1 11 -1 12 -1 13 -1 -1 -1 -1 -1 -1 -1 9 -1 -1 14 7 15 -1 26 30 23 -1 -1 -1 -1 -1 -1 -1 -1 -1 29 16 -1 -1 27 -1 -1 17 -1 22 -1 -1 -1 -1 -1 25 -1 -1 19 -1 -1 -1 -1 -1 -1 -1 21 20 -1 18 -1 -1 
-1 -1 -1 0 4 5 6 -1 -1 30 -1 -1 -1 3 -1 -1 -1 -1 -1 -1 1 -1 2 -1 10 -1 -1 11 -1 12 -1 13 -1 -1 -1 -1 -1 -1 -1 9 -1 -1 14 7 15 -1 26 30 23 29 -1 -1 -1 -1 -1 -1 -1 -1 -1 16 -1 -1 27 -1 -1 17 -1 22 -1 -1 -1 -1 -1 25 -1 -1 19 -1 -1 -1 -1 -1 -1 -1 21 20 -1 18 -1 -1 
-1 -1 -1 0 4 5 6 -1 -1 30 -1 -1 -1 3 -1 -1 -1 -1 -1 -1 1 -1 2 -1 10 -1 -1 11 -1 12 -1 13 -1 -1 -1 -1 -1 -1 -1 9 -1 -1 -1 7 15 -1 26 30 23 29 -1 14 -1 -1 -1 -1 -1 -1 -1 16 -1 -1 27 -1 -1 17 -1 22 -1 -1 -1 -1 -1 25 -1 -1 19 -1 -1 -1 -1 -1 -1 -1 21 20 -1 18 -1 -1 
-1 -1 -1 0 4 5 6 -1 -1 30 -1 -1 -1 3 -1 -1 -1 -1 -1 -1 1 -1 2 -1 10 -1 -1 11 -1 12 -1 13 -1 -1 -1 -1 -1 -1 -1 9 -1 16 -1 7 15 -1 26 30 23 29 -1 14 -1 -1 -1 -1 -1 -1 -1 -1 -1 -1 27 -1 -1 17 -1 22 -1 -1 -1 -1 -1 25 -1 -1 19 -1 -1 -1 -1 -1 -1 -1 21 20 -1 18 -1 -1 
-1 -1 -1 0 4 5 6 -1 -1 30 -1 -1 -1 3 -1 -1 -1 -1 -1 -1 1 -1 2 -1 -1 -1 -1 11 -1 12 -1 13 -1 -1 -1 -1 -1 -1 -1 9 -1 16 10 7 15 -1 26 30 23 29 -1 14 -1 -1 -1 -1 -1 -1 -1 -1 -1 -1 27 -1 -1 17 -1 22 -1 -1 -1 -1 -1 25 -1 -1 19 -1 -1 -1 -1 -1 -1 -1 21 20 -1 18 -1 -1 
-1 -1 -1 0 4 5 6 -1 -1 30 -1 -1 -1 3 -1 -1 -1 -1 -1 26 1 -1 2 -1 -1 -1 -1 11 -1 12 -1 13 -1 -1 -1 -1 -1 -1 -1 9 -1 16 10 7 15 -1 -1 30 23 29 -1 14 -1 -1 -1 -1 -1 -1 -1 -1 -1 -1 27 -1 -1 17 -1 22 -1 -1 -1 -1 -1 25 -1 -1 19 -1 -1 -1 -1 -1 -1 -1 21 20 -1 18 -1 -1 
-1 -1 -1 0 4 5 6 -1 -1 30 -1 -1 -1 3 -1 -1 -1 -1 -1 26 1 -1 2 -1 -1 -1 -1 11 -1 12 -1 13 -1 -1 -1 -1 -1 -1 -1 9 -1 16 10 -1 15 -1 -1 30 23 29 -1 14 -1 -1 -1 -1 -1 -1 -1 -1 7 -1 27 -1 -1 17 -1 22 -1 -1 -1 -1 -1 25 -1 -1 19 -1 -1 -1 -1 -1 -1 -1 21 20 -1 18 -1 -1 
-1 -1 -1 0 4 5 6 -1 -1 30 -1 -1 -1 3 -1 -1 -1 -1 -1 26 1 -1 2 -1 -1 -1 -1 11 -1 12 -1 13 -1 -1 -1 -1 -1 -1 -1 9 -1 16 10 -1 15 -1 -1 30 23 29 -1 22 -1 -1 -1 -1 -1 -1 -1 -1 7 -1 27 -1 -1 17 -1 -1 -1 -1 -1 -1 -1 25 -1 -1 19 -1 -1 -1 -1 -1 -1 -1 21 20 -1 18 -1 -1 
-1 -1 -1 0 4 5 6 -1 -1 30 -1 -1 -1 3 -1 -1 -1 -1 -1 26 1 -1 2 -1 -1 -1 -1 11 -1 12 -1 13 -1 -1 -1 -1 -1 -1 -1 9 -1 16 10 -1 15 -1 -1 30 23 7 -1 22 -1 -1 -1 -1 -1 -1 -1 -1 -1 -1 27 -1 -1 17 -1 -1 -1 -1 -1 -1 -1 25 -1 -1 19 -1 -1 -1 -1 -1 -1 -1 21 20 -1 18 -1 -1 
-1 -1 -1 0 4 5 6 -1 -1 30 -1 -1 -1 3 -1 -1 -1 -1 -1 26 1 -1 2 -1 -1 -1 -1 11 -1 12 -1 13 -1 -1 -1 -1 -1 -1 -1 9 -1 16 10 -1 15 -1 -1 30 23 7 -1 22 -1 -1 -1 -1 -1 -1 -1 -1 -1 -1 27 -1 -1 17 -1 18 -1 -1 -1 -1 -1 25 -1 -1 19 -1 -1 -1 -1 -1 -1 -1 21 20 -1 -1 -1 -1 
-1 -1 -1 0 4 5 6 -1 -1 30 -1 -1 -1 3 -1 -1 -1 -1 -1 26 1 -1 2 -1 10 -1 -1 11 -1 12 -1 13 -1 -1 -1 -1 -1 -1 -1 9 -1 16 -1 -1 15 -1 -1 30 23 7 -1 22 -1 -1 -1 -1 -1 -1 -1 -1 -1 -1 27 -1 -1 17 -1 18 -1 -1 -1 -1 -1 25 -1 -1 19 -1 -1 -1 -1 -1 -1 -1 21 20 -1 -1 -1 -1 
-1 -1 -1 0 4 5 6 -1 -1 30 -1 -1 -1 3 -1 -1 -1 -1 -1 26 1 -1 2 -1 10 -1 -1 11 -1 12 -1 13 -1 -1 -1 -1 -1 -1 -1 9 -1 -1 -1 -1 15 -1 -1 30 23 7 16 22 -1 -1 -1 -1 -1 -1 -1 -1 -1 -1 27 -1 -1 17 -1 18 -1 -1 -1 -1 -1 25 -1 -1 19 -1 -1 -1 -1 -1 -1 -1 21 20 -1 -1 -1 -1 
-1 -1 -1 0 4 5 6 -1 -1 30 -1 -1 -1 3 -1 -1 -1 -1 -1 26 1 -1 2 -1 10 -1 -1 11 -1 12 -1 -1 -1 -1 -1 -1 -1 -1 -1 9 13 -1 -1 -1 15 -1 -1 30 23 7 16 22 -1 -1 -1 -1 -1 -1 -1 -1 -1 -1 27 -1 -1 17 -1 18 -1 -1 -1 -1 -1 25 -1 -1 19 -1 -1 -1 -1 -1 -1 -1 21 20 -1 -1 -1 -1 
-1 -1 -1 0 4 5 6 -1 -1 30 -1 -1 -1 3 -1 -1 -1 -1 -1 -1 1 -1 2 -1 10 -1 -1 11 -1 12 -1 -1 -1 -1 -1 -1 -1 -1 -1 9 13 -1 -1 -1 15 -1 -1 30 23 7 16 22 -1 -1 -1 26 -1 -1 -1 -1 -1 -1 27 -1 -1 17 -1 18 -1 -1 -1 -1 -1 25 -1 -1 19 -1 -1 -1 -1 -1 -1 -1 21 20 -1 -1 -1 -1 
-1 -1 -1 0 4 5 6 -1 -1 30 -1 -1 -1 3 -1 -1 -1 -1 -1 -1 -1 -1 2 -1 10 -1 -1 11 -1 12 -1 1 -1 -1 -1 -1 -1 -1 -1 9 13 -1 -1 -1 15 -1 -1 30 23 7 16 22 -1 -1 -1 26 -1 -1 -1 -1 -1 -1 27 -1 -1 17 -1 18 -1 -1 -1 -1 -1 25 -1 -1 19 -1 -1 -1 -1 -1 -1 -1 21 20 -1 -1 -1 -1 
-1 -1 -1 0 4 5 6 -1 -1 30 -1 -1 -1 3 -1 -1 -1 -1 -1 -1 -1 -1 2 -1 10 -1 -1 11 -1 12 -1 1 -1 -1 -1 -1 -1 -1 -1 9 13 -1 -1 -1 15 -1 -1 30 23 7 16 22 -1 -1 -1 -1 -1 -1 26 -1 -1 -1 27 -1 -1 17 -1 18 -1 -1 -1 -1 -1 25 -1 -1 19 -1 -1 -1 -1 -1 -1 -1 21 20 -1 -1 -1 -1 
-1 -1 -1 0 4 5 6 -1 -1 30 -1 -1 -1 3 -1 -1 -1 -1 -1 -1 -1 -1 2 -1 10 -1 -1 11 -1 12 -1 -1 -1 -1 -1 -1 -1 -1 -1 9 13 -1 1 -1 15 -1 -1 30 23 7 16 22 -1 -1 -1 -1 -1 -1 26 -1 -1 -1 27 -1 -1 17 -1 18 -1 -1 -1 -1 -1 25 -1 -1 19 -1 -1 -1 -1 -1 -1 -1 21 20 -1 -1 -1 -1 
-1 -1 -1 0 4 5 6 -1 -1 30 -1 -1 -1 3 -1 -1 -1 -1 -1 -1 -1 -1 2 -1 10 -1 -1 11 -1 12 -1 -1 -1 -1 -1 -1 -1 -1 -1 9 26 -1 1 -1 15 -1 -1 30 23 7 16 22 -1 -1 -1 -1 -1 -1 -1 -1 -1 -1 27 -1 -1 17 -1 18 -1 -1 -1 -1 -1 25 -1 -1 19 -1 -1 -1 -1 -1 -1 -1 21 20 -1 -1 -1 -1 
-1 -1 -1 -1 4 5 6 -1 -1 30 -1 -1 -1 3 -1 -1 -1 -1 -1 -1 -1 -1 2 -1 10 -1 -1 11 -1 12 0 -1 -1 -1 -1 -1 -1 -1 -1 9 26 -1 1 -1 15 -1 -1 30 23 7 16 22 -1 -1 -1 -1 -1 -1 -1 -1 -1 -1 27 -1 -1 17 -1 18 -1 -1 -1 -1 -1 25 -1 -1 19 -1 -1 -1 -1 -1 -1 -1 21 20 -1 -1 -1 -1 
-1 -1 -1 -1 4 5 6 -1 -1 30 -1 -1 -1 3 -1 -1 -1 -1 -1 -1 -1 -1 2 -1 10 -1 -1 11 25 12 0 -1 -1 -1 -1 -1 -1 -1 -1 9 26 -1 1 -1 15 -1 -1 30 23 7 16 22 -1 -1 -1 -1 -1 -1 -1 -1 -1 -1 27 -1 -1 17 -1 18 -1 -1 -1 -1 -1 -1 -1 -1 19 -1 -1 -1 -1 -1 -1 -1 21 20 -1 -1 -1 -1 
-1 -1 -1 -1 4 5 6 -1 -1 30 -1 -1 -1 3 -1 -1 -1 -1 -1 -1 -1 -1 2 -1 10 -1 -1 11 25 -1 0 -1 -1 -1 -1 -1 -1 -1 12 9 26 -1 1 -1 15 -1 -1 30 23 7 16 22 -1 -1 -1 -1 -1 -1 -1 -1 -1 -1 27 -1 -1 17 -1 18 -1 -1 -1 -1 -1 -1 -1 -1 19 -1 -1 -1 -1 -1 -1 -1 21 20 -1 -1 -1 -1 
-1 -1 -1 -1 4 5 6 -1 -1 30 -1 -1 -1 3 -1 -1 -1 -1 -1 -1 -1 -1 2 -1 10 -1 -1 11 25 -1 0 -1 -1 -1 -1 -1 -1 -1 30 9 26 -1 1 -1 15 -1 -1 -1 23 7 16 22 -1 -1 -1 -1 -1 -1 -1 -1 -1 -1 27 -1 -1 17 -1 18 -1 -1 -1 -1 -1 -1 -1 -1 19 -1 -1 -1 -1 -1 -1 -1 21 20 -1 -1 -1 -1 
-1 -1 -1 -1 4 5 6 -1 -1 30 -1 -1 -1 3 -1 -1 -1 -1 -1 -1 -1 -1 2 -1 10 -1 -1 11 0 -1 -1 -1 -1 -1 -1 -1 -1 -1 30 9 26 -1 1 -1 15 -1 -1 -1 23 7 16 22 -1 -1 -1 -1 -1 -1 -1 -1 -1 -1 27 -1 -1 17 -1 18 -1 -1 -1 -1 -1 -1 -1 -1 19 -1 -1 -1 -1 -1 -1 -1 21 20 -1 -1 -1 -1 
-1 -1 -1 -1 4 5 6 -1 -1 30 -1 -1 -1 3 -1 -1 -1 -1 -1 -1 -1 -1 2 -1 10 -1 -1 11 0 -1 -1 -1 -1 -1 -1 -1 -1 -1 -1 30 26 -1 1 -1 15 -1 -1 -1 23 7 16 22 -1 -1 -1 -1 -1 -1 -1 -1 -1 -1 27 -1 -1 17 -1 18 -1 -1 -1 -1 -1 -1 -1 -1 19 -1 -1 -1 -1 -1 -1 -1 21 20 -1 -1 -1 -1 
-1 -1 -1 -1 4 5 6 -1 -1 30 -1 -1 -1 3 -1 -1 -1 -1 -1 -1 -1 -1 2 -1 10 -1 -1 11 -1 -1 -1 -1 -1 -1 0 -1 -1 -1 -1 30 26 -1 1 -1 15 -1 -1 -1 23 7 16 22 -1 -1 -1 -1 -1 -1 -1 -1 -1 -1 27 -1 -1 17 -1 18 -1 -1 -1 -1 -1 -1 -1 -1 19 -1 -1 -1 -1 -1 -1 -1 21 20 -1 -1 -1 -1 
-1 -1 -1 -1 4 5 6 -1 -1 30 -1 -1 -1 3 -1 -1 -1 -1 -1 -1 -1 -1 2 -1 10 -1 -1 11 -1 -1 -1 -1 -1 -1 0 -1 -1 -1 -1 30 26 -1 1 -1 15 -1 -1 -1 23 7 16 22 -1 -1 -1 -1 -1 -1 17 -1 -1 -1 27 -1 -1 -1 -1 18 -1 -1 -1 -1 -1 -1 -1 -1 19 -1 -1 -1 -1 -1 -1 -1 21 20 -1 -1 -1 -1 
-1 -1 -1 -1 4 5 6 -1 -1 30 -1 -1 -1 3 -1 -1 -1 -1 -1 -1 -1 -1 2 -1 -1 -1 10 11 -1 -1 -1 -1 -1 -1 0 -1 -1 -1 -1 30 26 -1 1 -1 15 -1 -1 -1 23 7 16 22 -1 -1 -1 -1 -1 -1 17 -1 -1 -1 27 -1 -1 -1 -1 18 -1 -1 -1 -1 -1 -1 -1 -1 19 -1 -1 -1 -1 -1 -1 -1 21 20 -1 -1 -1 -1 
-1 -1 -1 -1 4 5 6 -1 -1 30 -1 -1 -1 3 -1 -1 -1 -1 -1 -1 -1 -1 2 -1 -1 -1 10 11 -1 -1 -1 -1 -1 -1 0 -1 -1 23 -1 30 26 -1 1 -1 15 -1 -1 -1 -1 7 16 22 -1 -1 -1 -1 -1 -1 17 -1 -1 -1 27 -1 -1 -1 -1 18 -1 -1 -1 -1 -1 -1 -1 -1 19 -1 -1 -1 -1 -1 -1 -1 21 20 -1 -1 -1 -1 
-1 -1 -1 -1 4 5 6 -1 -1 30 -1 -1 -1 3 -1 -1 -1 -1 -1 -1 -1 -1 2 -1 -1 -1 -1 11 -1 -1 -1 -1 -1 -1 0 -1 -1 23 -1 30 26 -1 1 -1 15 -1 -1 -1 -1 7 16 22 -1 -1 -1 -1 -1 -1 17 -1 -1 -1 10 -1 -1 -1 -1 18 -1 -1 -1 -1 -1 -1 -1 -1 19 -1 -1 -1 -1 -1 -1 -1 21 20 -1 -1 -1 -1 
-1 -1 -1 -1 4 5 6 -1 -1 30 -1 -1 -1 3 -1 -1 -1 -1 -1 -1 -1 -1 2 -1 -1 -1 -1 11 -1 -1 -1 -1 -1 -1 0 -1 -1 23 -1 30 26 -1 1 -1 15 -1 -1 -1 -1 7 16 22 -1 -1 -1 -1 -1 -1 17 -1 -1 -1 10 -1 -1 -1 -1 18 -1 -1 -1 -1 -1 -1 -1 -1 19 -1 -1 -1 -1 -1 -1 -1 21 -1 20 -1 -1 -1 
-1 -1 -1 4 -1 5 6 -1 -1 30 -1 -1 -1 3 -1 -1 -1 -1 -1 -1 -1 -1 2 -1 -1 -1 -1 11 -1 -1 -1 -1 -1 -1 0 -1 -1 23 -1 30 26 -1 1 -1 15 -1 -1 -1 -1 7 16 22 -1 -1 -1 -1 -1 -1 17 -1 -1 -1 10 -1 -1 -1 -1 18 -1 -1 -1 -1 -1 -1 -1 -1 19 -1 -1 -1 -1 -1 -1 -1 21 -1 20 -1 -1 -1 
-1 -1 -1 4 -1 5 6 -1 -1 30 -1 -1 -1 3 -1 -1 -1 -1 -1 -1 -1 -1 2 -1 -1 -1 -1 11 -1 -1 30 -1 -1 -1 0 -1 -1 23 -1 -1 26 -1 1 -1 15 -1 -1 -1 -1 7 16 22 -1 -1 -1 -1 -1 -1 17 -1 -1 -1 10 -1 -1 -1 -1 18 -1 -1 -1 -1 -1 -1 -1 -1 19 -1 -1 -1 -1 -1 -1 -1 21 -1 20 -1 -1 -1 
-1 -1 -1 4 -1 5 6 -1 -1 30 -1 -1 -1 3 -1 -1 0 -1 -1 -1 -1 -1 2 -1 -1 -1 -1 11 -1 -1 30 -1 -1 -1 -1 -1 -1 23 -1 -1 26 -1 1 -1 15 -1 -1 -1 -1 7 16 22 -1 -1 -1 -1 -1 -1 17 -1 -1 -1 10 -1 -1 -1 -1 18 -1 -1 -1 -1 -1 -1 -1 -1 19 -1 -1 -1 -1 -1 -1 -1 21 -1 20 -1 -1 -1 
-1 -1 -1 4 -1 5 6 -1 -1 30 -1 -1 -1 3 -1 -1 0 -1 -1 -1 23 -1 2 -1 -1 -1 -1 11 -1 -1 30 -1 -1 -1 -1 -1 -1 -1 -1 -1 26 -1 1 -1 15 -1 -1 -1 -1 7 16 22 -1 -1 -1 -1 -1 -1 17 -1 -1 -1 10 -1 -1 -1 -1 18 -1 -1 -1 -1 -1 -1 -1 -1 19 -1 -1 -1 -1 -1 -1 -1 21 -1 20 -1 -1 -1 
-1 -1 -1 -1 -1 5 6 -1 -1 30 -1 -1 4 3 -1 -1 0 -1 -1 -1 23 -1 2 -1 -1 -1 -1 11 -1 -1 30 -1 -1 -1 -1 -1 -1 -1 -1 -1 26 -1 1 -1 15 -1 -1 -1 -1 7 16 22 -1 -1 -1 -1 -1 -1 17 -1 -1 -1 10 -1 -1 -1 -1 18 -1 -1 -1 -1 -1 -1 -1 -1 19 -1 -1 -1 -1 -1 -1 -1 21 -1 20 -1 -1 -1 
-1 -1 -1 -1 -1 16 6 -1 -1 30 -1 -1 4 3 -1 -1 0 -1 -1 -1 23 -1 2 -1 -1 -1 -1 11 -1 -1 30 -1 -1 -1 -1 -1 -1 -1 -1 -1 26 -1 1 -1 15 -1 -1 -1 -1 7 -1 22 -1 -1 -1 -1 -1 -1 17 -1 -1 -1 10 -1 -1 -1 -1 18 -1 -1 -1 -1 -1 -1 -1 -1 19 -1 -1 -1 -1 -1 -1 -1 21 -1 20 -1 -1 -1 
-1 -1 -1 -1 -1 16 6 -1 -1 30 -1 -1 4 3 -1 -1 -1 -1 -1 -1 23 -1 2 -1 -1 -1 -1 11 -1 -1 30 -1 -1 -1 -1 -1 -1 -1 -1 -1 26 -1 1 -1 15 -1 -1 -1 -1 7 -1 22 -1 -1 -1 -1 -1 -1 17 -1 -1 -1 10 -1 -1 -1 -1 18 -1 -1 -1 -1 -1 -1 -1 -1 19 -1 -1 -1 -1 -1 -1 -1 21 -1 20 -1 0 -1 
-1 -1 -1 -1 -1 16 6 -1 -1 30 -1 -1 4 3 -1 -1 -1 -1 -1 -1 23 -1 2 -1 -1 -1 -1 11 -1 -1 30 -1 -1 -1 -1 -1 -1 -1 -1 -1 26 -1 1 -1 15 -1 -1 -1 -1 7 -1 22 -1 -1 -1 -1 -1 -1 17 -1 -1 -1 10 -1 -1 -1 -1 18 -1 -1 -1 -1 -1 -1 -1 -1 19 20 -1 -1 -1 -1 -1 -1 21 -1 -1 -1 0 -1 
-1 -1 -1 -1 -1 16 6 -1 -1 30 -1 -1 4 3 -1 -1 -1 -1 -1 -1 23 -1 2 -1 -1 -1 -1 11 -1 -1 30 -1 -1 -1 -1 -1 -1 -1 -1 -1 26 -1 1 -1 15 -1 -1 -1 -1 -1 -1 22 -1 -1 -1 -1 -1 -1 17 -1 7 -1 10 -1 -1 -1 -1 18 -1 -1 -1 -1 -1 -1 -1 -1 19 20 -1 -1 -1 -1 -1 -1 21 -1 -1 -1 0 -1 
-1 -1 -1 -1 -1 16 6 -1 -1 30 -1 -1 4 3 -1 -1 -1 -1 -1 -1 23 -1 2 -1 -1 -1 -1 11 -1 -1 30 -1 -1 -1 -1 -1 -1 -1 -1 -1 26 -1 1 -1 15 -1 -1 -1 -1 -1 -1 22 -1 -1 -1 -1 -1 -1 -1 -1 7 -1 10 -1 -1 -1 -1 18 -1 17 -1 -1 -1 -1 -1 -1 19 20 -1 -1 -1 -1 -1 -1 21 -1 -1 -1 0 -1 
