0 1 2 3 4 5 6 7 8 30 -1 -1 -1 -1 -1 -1 -1 -1 -1 9 -1 -1 -1 -1 -1 10 -1 11 -1 12 -1 13 -1 14 -1 15 -1 -1 -1 -1 -1 -1 -1 -1 -1 -1 -1 -1 -1 -1 -1 -1 -1 -1 -1 -1 -1 -1 29 -1 28 -1 27 -1 26 -1 -1 25 -1 -1 -1 -1 -1 -1 -1 -1 -1 -1 -1 -1 -1 24 23 22 21 20 19 18 17 16 
0 1 2 3 4 5 6 -1 8 30 -1 -1 -1 -1 -1 -1 -1 -1 -1 9 -1 -1 -1 -1 7 10 -1 11 -1 12 -1 13 -1 14 -1 15 -1 -1 -1 -1 -1 -1 -1 -1 -1 -1 -1 -1 -1 -1 -1 -1 -1 -1 -1 -1 -1 -1 29 -1 28 -1 27 -1 26 -1 -1 25 -1 -1 -1 -1 -1 -1 -1 -1 -1 -1 -1 -1 -1 24 23 22 21 20 19 18 17 16 
0 1 2 3 4 5 6 -1 8 30 -1 -1 -1 -1 -1 -1 -1 -1 -1 9 -1 -1 -1 -1 7 10 -1 11 -1 12 -1 13 -1 14 -1 15 -1 -1 -1 -1 -1 -1 -1 -1 -1 -1 -1 -1 -1 -1 -1 -1 -1 -1 -1 -1 -1 -1 29 -1 28 -1 27 -1 26 -1 -1 25 -1 17 -1 -1 -1 -1 -1 -1 -1 -1 -1 -1 -1 24 23 22 21 20 19 18 -1 16 
0 1 2 3 4 5 6 -1 8 30 -1 -1 -1 -1 -1 -1 -1 -1 -1 9 -1 -1 -1 -1 7 10 -1 11 -1 12 -1 13 -1 -1 -1 15 -1 -1 -1 -1 -1 -1 14 -1 -1 -1 -1 -1 -1 -1 -1 -1 -1 -1 -1 -1 -1 -1 29 -1 28 -1 27 -1 26 -1 -1 25 -1 17 -1 -1 -1 -1 -1 -1 -1 -1 -1 -1 -1 24 23 22 21 20 19 18 -1 16 
0 1 2 3 4 5 6 -1 8 30 -1 -1 -1 -1 -1 -1 -1 -1 -1 9 -1 -1 -1 -1 7 10 -1 11 -1 12 -1 13 -1 -1 -1 15 -1 -1 -1 -1 -1 -1 14 -1 -1 -1 -1 30 -1 -1 -1 -1 -1 -1 -1 -1 -1 -1 29 -1 28 -1 27 -1 26 -1 -1 25 -1 17 -1 -1 -1 -1 -1 -1 -1 -1 -1 -1 -1 24 23 22 21 20 19 18 -1 16 
0 -1 2 3 4 5 6 -1 8 30 -1 -1 -1 -1 -1 -1 -1 -1 -1 9 1 -1 -1 -1 7 10 -1 11 -1 12 -1 13 -1 -1 -1 15 -1 -1 -1 -1 -1 -1 14 -1 -1 -1 -1 30 -1 -1 -1 -1 -1 -1 -1 -1 -1 -1 29 -1 28 -1 27 -1 26 -1 -1 25 -1 17 -1 -1 -1 -1 -1 -1 -1 -1 -1 -1 -1 24 23 22 21 20 19 18 -1 16 
0 -1 2 3 4 5 6 -1 8 30 -1 -1 -1 -1 -1 -1 -1 -1 -1 9 1 -1 -1 -1 7 10 -1 11 -1 12 -1 13 -1 -1 -1 15 -1 -1 -1 -1 -1 -1 14 -1 -1 -1 -1 30 -1 -1 -1 -1 -1 -1 -1 -1 -1 -1 29 -1 28 -1 27 -1 26 23 -1 25 -1 17 -1 -1 -1 -1 -1 -1 -1 -1 -1 -1 -1 24 -1 22 21 20 19 18 -1 16 
0 -1 2 3 4 5 6 8 -1 30 -1 -1 -1 -1 -1 -1 -1 -1 -1 9 1 -1 -1 -1 7 10 -1 11 -1 12 -1 13 -1 -1 -1 15 -1 -1 -1 -1 -1 -1 14 -1 -1 -1 -1 30 -1 -1 -1 -1 -1 -1 -1 -1 -1 -1 29 -1 28 -1 27 -1 26 23 -1 25 -1 17 -1 -1 -1 -1 -1 -1 -1 -1 -1 -1 -1 24 -1 22 21 20 19 18 -1 16 
0 -1 2 3 4 5 6 8 -1 30 -1 -1 -1 -1 -1 -1 -1 -1 -1 9 1 -1 -1 -1 7 10 -1 11 -1 12 -1 13 -1 -1 -1 15 -1 -1 -1 -1 -1 -1 14 -1 -1 -1 -1 30 -1 -1 -1 -1 -1 -1 -1 -1 -1 -1 29 -1 28 -1 27 -1 26 23 -1 25 -1 17 -1 -1 -1 -1 -1 -1 -1 -1 -1 -1 16 24 -1 22 21 20 19 18 -1 -1 
0 -1 -1 3 4 5 6 8 -1 30 -1 -1 -1 -1 -1 -1 -1 -1 -1 9 1 -1 2 -1 7 10 -1 11 -1 12 -1 13 -1 -1 -1 15 -1 -1 -1 -1 -1 -1 14 -1 -1 -1 -1 30 -1 -1 -1 -1 -1 -1 -1 -1 -1 -1 29 -1 28 -1 27 -1 26 23 -1 25 -1 17 -1 -1 -1 -1 -1 -1 -1 -1 -1 -1 16 24 -1 22 21 20 19 18 -1 -1 
0 -1 -1 3 4 5 6 8 -1 30 -1 -1 -1 -1 -1 -1 -1 -1 -1 9 1 -1 2 -1 7 10 -1 11 -1 12 -1 13 -1 -1 -1 15 -1 -1 -1 -1 -1 -1 14 -1 -1 -1 -1 30 -1 -1 -1 -1 -1 -1 -1 -1 -1 -1 29 -1 28 -1 27 -1 26 23 -1 25 -1 17 -1 -1 -1 -1 -1 -1 -1 16 -1 -1 -1 24 -1 22 21 20 19 18 -1 -1 
0 -1 -1 3 4 5 6 8 -1 30 -1 -1 -1 -1 -1 -1 -1 -1 -1 9 1 -1 2 -1 7 -1 10 11 -1 12 -1 13 -1 -1 -1 15 -1 -1 -1 -1 -1 -1 14 -1 -1 -1 -1 30 -1 -1 -1 -1 -1 -1 -1 -1 -1 -1 29 -1 28 -1 27 -1 26 23 -1 25 -1 17 -1 -1 -1 -1 -1 -1 -1 16 -1 -1 -1 24 -1 22 21 20 19 18 -1 -1 
0 -1 -1 3 4 5 6 8 -1 30 -1 -1 -1 -1 -1 -1 -1 -1 -1 9 1 -1 2 -1 7 -1 10 11 -1 12 -1 13 -1 -1 -1 15 -1 -1 -1 -1 -1 -1 14 -1 -1 -1 26 30 -1 -1 -1 -1 -1 -1 -1 -1 -1 -1 29 -1 28 -1 27 -1 -1 23 -1 25 -1 17 -1 -1 -1 -1 -1 -1 -1 16 -1 -1 -1 24 -1 22 21 20 19 18 -1 -1 
0 -1 -1 3 4 5 6 8 -1 30 -1 -1 -1 -1 -1 -1 -1 -1 -1 9 1 -1 2 -1 -1 -1 10 11 -1 12 -1 13 -1 -1 -1 15 -1 -1 -1 -1 -1 -1 14 7 -1 -1 26 30 -1 -1 -1 -1 -1 -1 -1 -1 -1 -1 29 -1 28 -1 27 -1 -1 23 -1 25 -1 17 -1 -1 -1 -1 -1 -1 -1 16 -1 -1 -1 24 -1 22 21 20 19 18 -1 -1 
0 -1 -1 3 4 5 6 8 -1 30 -1 -1 -1 -1 -1 -1 -1 -1 -1 9 1 -1 2 -1 -1 -1 10 11 -1 12 -1 13 -1 -1 -1 15 -1 -1 -1 -1 -1 -1 14 7 -1 -1 26 30 -1 -1 -1 -1 -1 -1 -1 -1 -1 -1 29 -1 28 -1 27 -1 -1 23 -1 25 -1 17 -1 -1 -1 -1 -1 -1 -1 -1 -1 16 -1 24 -1 22 21 20 19 18 -1 -1 
0 -1 -1 3 4 5 6 8 -1 30 -1 -1 -1 -1 -1 -1 -1 -1 -1 -1 1 -1 2 -1 -1 -1 10 11 -1 12 -1 13 -1 -1 -1 15 -1 9 -1 -1 -1 -1 14 7 -1 -1 26 30 -1 -1 -1 -1 -1 -1 -1 -1 -1 -1 29 -1 28 -1 27 -1 -1 23 -1 25 -1 17 -1 -1 -1 -1 -1 -1 -1 -1 -1 16 -1 24 -1 22 21 20 19 18 -1 -1 
0 -1 -1 3 4 5 6 8 -1 30 -1 -1 -1 -1 -1 -1 -1 -1 -1 -1 1 -1 2 -1 -1 -1 10 11 -1 12 -1 13 -1 -1 -1 15 -1 9 -1 -1 -1 -1 14 7 -1 -1 26 30 23 -1 -1 -1 -1 -1 -1 -1 -1 -1 29 -1 28 -1 27 -1 -1 -1 -1 25 -1 17 -1 -1 -1 -1 -1 -1 -1 -1 -1 16 -1 24 -1 22 21 20 19 18 -1 -1 
0 -1 -1 3 4 5 6 8 -1 30 -1 -1 -1 -1 -1 -1 -1 -1 -1 -1 1 -1 2 -1 -1 10 -1 11 -1 12 -1 13 -1 -1 -1 15 -1 9 -1 -1 -1 -1 14 7 -1 -1 26 30 23 -1 -1 -1 -1 -1 -1 -1 -1 -1 29 -1 28 -1 27 -1 -1 -1 -1 25 -1 17 -1 -1 -1 -1 -1 -1 -1 -1 -1 16 -1 24 -1 22 21 20 19 18 -1 -1 
0 -1 -1 3 4 5 6 8 -1 30 -1 -1 -1 -1 -1 -1 -1 -1 -1 -1 1 -1 2 -1 -1 10 -1 11 -1 12 -1 13 -1 -1 -1 15 -1 9 -1 -1 -1 -1 14 7 -1 -1 26 30 23 -1 -1 -1 -1 -1 -1 -1 -1 -1 29 -1 28 -1 27 -1 -1 -1 -1 25 -1 17 -1 -1 -1 -1 16 -1 -1 -1 -1 -1 -1 24 -1 22 21 20 19 18 -1 -1 
0 -1 -1 3 4 5 6 8 -1 30 -1 -1 -1 -1 -1 -1 -1 -1 -1 -1 1 -1 2 -1 -1 10 -1 11 -1 12 -1 13 -1 -1 -1 15 -1 9 -1 -1 -1 -1 14 -1 -1 -1 26 30 23 -1 -1 -1 -1 -1 -1 -1 -1 -1 29 -1 7 -1 27 -1 -1 -1 -1 25 -1 17 -1 -1 -1 -1 16 -1 -1 -1 -1 -1 -1 24 -1 22 21 20 19 18 -1 -1 
0 -1 -1 3 4 5 6 8 -1 30 -1 -1 -1 -1 -1 -1 -1 -1 -1 -1 1 -1 2 -1 -1 10 -1 11 -1 12 -1 13 -1 -1 -1 15 -1 9 -1 -1 -1 -1 14 -1 -1 -1 26 30 23 -1 -1 -1 -1 -1 -1 -1 -1 -1 29 -1 7 -1 27 -1 -1 -1 25 -1 -1 17 -1 -1 -1 -1 16 -1 -1 -1 -1 -1 -1 24 -1 22 21 20 19 18 -1 -1 
0 -1 -1 3 4 5 6 8 -1 30 -1 -1 -1 -1 -1 -1 -1 -1 -1 -1 1 -1 2 -1 10 -1 -1 11 -1 12 -1 13 -1 -1 -1 15 -1 9 -1 -1 -1 -1 14 -1 -1 -1 26 30 23 -1 -1 -1 -1 -1 -1 -1 -1 -1 29 -1 7 -1 27 -1 -1 -1 25 -1 -1 17 -1 -1 -1 -1 16 -1 -1 -1 -1 -1 -1 24 -1 22 21 20 19 18 -1 -1 
0 -1 -1 3 4 5 6 8 -1 30 -1 -1 -1 -1 -1 -1 -1 -1 -1 -1 1 -1 2 -1 10 -1 -1 11 -1 23 -1 13 -1 -1 -1 15 -1 9 -1 -1 -1 -1 14 -1 -1 -1 26 30 -1 -1 -1 -1 -1 -1 -1 -1 -1 -1 29 -1 7 -1 27 -1 -1 -1 25 -1 -1 17 -1 -1 -1 -1 16 -1 -1 -1 -1 -1 -1 24 -1 22 21 20 19 18 -1 -1 
0 -1 -1 3 4 5 6 8 -1 30 9 -1 -1 -1 -1 -1 -1 -1 -1 -1 1 -1 2 -1 10 -1 -1 11 -1 23 -1 13 -1 -1 -1 15 -1 -1 -1 -1 -1 -1 14 -1 -1 -1 26 30 -1 -1 -1 -1 -1 -1 -1 -1 -1 -1 29 -1 7 -1 27 -1 -1 -1 25 -1 -1 17 -1 -1 -1 -1 16 -1 -1 -1 -1 -1 -1 24 -1 22 21 20 19 18 -1 -1 
0 -1 -1 3 4 5 6 8 -1 30 9 -1 -1 -1 -1 -1 -1 -1 -1 -1 1 -1 2 -1 10 -1 -1 11 -1 23 -1 13 -1 -1 -1 15 -1 -1 -1 -1 -1 -1 14 -1 -1 26 -1 30 -1 -1 -1 -1 -1 -1 -1 -1 -1 -1 29 -1 7 -1 27 -1 -1 -1 25 -1 -1 17 -1 -1 -1 -1 16 -1 -1 -1 -1 -1 -1 24 -1 22 21 20 19 18 -1 -1 
-1 -1 0 3 4 5 6 8 -1 30 9 -1 -1 -1 -1 -1 -1 -1 -1 -1 1 -1 2 -1 10 -1 -1 11 -1 23 -1 13 -1 -1 -1 15 -1 -1 -1 -1 -1 -1 14 -1 -1 26 -1 30 -1 -1 -1 -1 -1 -1 -1 -1 -1 -1 29 -1 7 -1 27 -1 -1 -1 25 -1 -1 17 -1 -1 -1 -1 16 -1 -1 -1 -1 -1 -1 24 -1 22 21 20 19 18 -1 -1 
-1 -1 0 3 4 5 6 8 -1 30 9 -1 -1 -1 -1 -1 -1 -1 -1 -1 1 -1 2 -1 10 -1 -1 11 -1 23 -1 13 -1 -1 -1 15 -1 -1 -1 -1 -1 -1 14 -1 -1 26 -1 30 -1 -1 -1 -1 -1 -1 -1 -1 -1 -1 29 -1 7 -1 27 -1 -1 -1 25 -1 -1 17 -1 -1 -1 -1 16 -1 -1 -1 -1 -1 -1 -1 24 22 21 20 19 18 -1 -1 
-1 -1 0 3 4 5 6 8 -1 30 -1 9 -1 -1 -1 -1 -1 -1 -1 -1 1 -1 2 -1 10 -1 -1 11 -1 23 -1 13 -1 -1 -1 15 -1 -1 -1 -1 -1 -1 14 -1 -1 26 -1 30 -1 -1 -1 -1 -1 -1 -1 -1 -1 -1 29 -1 7 -1 27 -1 -1 -1 25 -1 -1 17 -1 -1 -1 -1 16 -1 -1 -1 -1 -1 -1 -1 24 22 21 20 19 18 -1 -1 
-1 -1 0 3 4 5 6 8 -1 30 -1 9 -1 -1 -1 -1 -1 -1 -1 -1 1 -1 2 -1 10 -1 -1 11 -1 23 -1 13 -1 -1 -1 15 -1 -1 30 -1 -1 -1 14 -1 -1 26 -1 -1 -1 -1 -1 -1 -1 -1 -1 -1 -1 -1 29 -1 7 -1 27 -1 -1 -1 25 -1 -1 17 -1 -1 -1 -1 16 -1 -1 -1 -1 -1 -1 -1 24 22 21 20 19 18 -1 -1 
-1 -1 0 3 4 5 6 -1 -1 30 -1 9 -1 -1 -1 -1 -1 -1 -1 -1 1 -1 2 -1 10 -1 -1 11 -1 23 -1 13 -1 -1 -1 15 -1 -1 30 -1 -1 -1 14 -1 -1 26 -1 -1 -1 -1 -1 -1 8 -1 -1 -1 -1 -1 29 -1 7 -1 27 -1 -1 -1 25 -1 -1 17 -1 -1 -1 -1 16 -1 -1 -1 -1 -1 -1 -1 24 22 21 20 19 18 -1 -1 
-1 -1 0 3 4 5 6 -1 -1 30 -1 9 -1 -1 -1 -1 -1 -1 -1 -1 1 -1 2 -1 10 -1 -1 11 -1 23 -1 13 -1 -1 -1 15 -1 -1 30 -1 -1 -1 14 -1 -1 26 -1 -1 -1 -1 -1 -1 8 -1 -1 -1 -1 -1 29 -1 7 -1 27 -1 -1 -1 25 22 -1 17 -1 -1 -1 -1 16 -1 -1 -1 -1 -1 -1 -1 24 -1 21 20 19 18 -1 -1 
-1 -1 0 3 4 5 6 -1 -1 30 -1 9 -1 -1 -1 -1 -1 -1 -1 -1 1 -1 2 -1 10 -1 -1 11 -1 23 -1 13 -1 -1 -1 15 -1 -1 30 -1 -1 -1 14 -1 -1 26 -1 -1 8 -1 -1 -1 -1 -1 -1 -1 -1 -1 29 -1 7 -1 27 -1 -1 -1 25 22 -1 17 -1 -1 -1 -1 16 -1 -1 -1 -1 -1 -1 -1 24 -1 21 20 19 18 -1 -1 
-1 -1 0 3 4 5 6 -1 -1 30 -1 9 -1 -1 -1 -1 -1 -1 -1 -1 1 -1 2 -1 10 -1 -1 11 -1 23 -1 13 -1 -1 -1 15 -1 -1 30 -1 -1 -1 14 -1 -1 26 -1 -1 8 -1 -1 -1 -1 -1 -1 -1 -1 -1 29 -1 7 -1 27 -1 -1 -1 25 22 -1 17 -1 -1 -1 -1 16 -1 21 -1 -1 -1 -1 -1 24 -1 -1 20 19 18 -1 -1 
-1 -1 0 3 4 5 6 -1 -1 30 -1 9 -1 -1 -1 -1 -1 -1 -1 -1 1 -1 2 -1 10 -1 -1 11 -1 23 -1 13 -1 -1 -1 15 -1 -1 30 -1 -1 -1 14 -1 -1 26 -1 -1 -1 -1 -1 -1 -1 -1 -1 -1 -1 8 29 -1 7 -1 27 -1 -1 -1 25 22 -1 17 -1 -1 -1 -1 16 -1 21 -1 -1 -1 -1 -1 24 -1 -1 20 19 18 -1 -1 
-1 -1 0 3 4 5 6 -1 -1 30 -1 9 -1 -1 -1 -1 -1 -1 23 -1 1 -1 2 -1 10 -1 -1 11 -1 -1 -1 13 -1 -1 -1 15 -1 -1 30 -1 -1 -1 14 -1 -1 26 -1 -1 -1 -1 -1 -1 -1 -1 -1 -1 -1 8 29 -1 7 -1 27 -1 -1 -1 25 22 -1 17 -1 -1 -1 -1 16 -1 21 -1 -1 -1 -1 -1 24 -1 -1 20 19 18 -1 -1 
-1 -1 0 3 4 5 6 -1 -1 30 -1 -1 -1 -1 -1 -1 -1 -1 23 -1 1 -1 2 -1 10 -1 -1 11 -1 -1 -1 13 -1 -1 -1 15 -1 -1 9 -1 -1 -1 14 -1 -1 26 -1 -1 -1 -1 -1 -1 -1 -1 -1 -1 -1 8 29 -1 7 -1 27 -1 -1 -1 25 22 -1 17 -1 -1 -1 -1 16 -1 21 -1 -1 -1 -1 -1 24 -1 -1 20 19 18 -1 -1 
-1 -1 0 3 4 5 6 -1 -1 30 24 -1 -1 -1 -1 -1 -1 -1 23 -1 1 -1 2 -1 10 -1 -1 11 -1 -1 -1 13 -1 -1 -1 15 -1 -1 9 -1 -1 -1 14 -1 -1 26 -1 -1 -1 -1 -1 -1 -1 -1 -1 -1 -1 8 29 -1 7 -1 27 -1 -1 -1 25 22 -1 17 -1 -1 -1 -1 16 -1 21 -1 -1 -1 -1 -1 -1 -1 -1 20 19 18 -1 -1 
-1 -1 0 3 4 -1 6 -1 -1 30 24 -1 -1 5 -1 -1 -1 -1 23 -1 1 -1 2 -1 10 -1 -1 11 -1 -1 -1 13 -1 -1 -1 15 -1 -1 9 -1 -1 -1 14 -1 -1 26 -1 -1 -1 -1 -1 -1 -1 -1 -1 -1 -1 8 29 -1 7 -1 27 -1 -1 -1 25 22 -1 17 -1 -1 -1 -1 16 -1 21 -1 -1 -1 -1 -1 -1 -1 -1 20 19 18 -1 -1 
-1 -1 0 3 4 -1 6 -1 -1 30 24 -1 -1 5 -1 -1 -1 -1 23 -1 1 -1 2 -1 10 -1 -1 11 -1 -1 -1 13 -1 -1 -1 15 -1 -1 9 -1 -1 -1 14 -1 -1 -1 -1 -1 -1 -1 -1 -1 26 -1 -1 -1 -1 8 29 -1 7 -1 27 -1 -1 -1 25 22 -1 17 -1 -1 -1 -1 16 -1 21 -1 -1 -1 -1 -1 -1 -1 -1 20 19 18 -1 -1 
-1 -1 0 3 4 -1 6 -1 -1 30 24 -1 -1 5 -1 -1 -1 -1 23 -1 1 -1 2 -1 -1 10 -1 11 -1 -1 -1 13 -1 -1 -1 15 -1 -1 9 -1 -1 -1 14 -1 -1 -1 -1 -1 -1 -1 -1 -1 26 -1 -1 -1 -1 8 29 -1 7 -1 27 -1 -1 -1 25 22 -1 17 -1 -1 -1 -1 16 -1 21 -1 -1 -1 -1 -1 -1 -1 -1 20 19 18 -1 -1 
-1 -1 0 3 4 -1 6 -1 -1 30 24 -1 -1 5 -1 -1 -1 -1 23 -1 1 -1 2 -1 -1 10 -1 11 -1 -1 -1 13 -1 -1 -1 15 -1 -1 9 -1 -1 -1 14 -1 -1 -1 -1 16 -1 -1 -1 -1 26 -1 -1 -1 -1 8 29 -1 7 -1 27 -1 -1 -1 25 22 -1 17 -1 -1 -1 -1 -1 -1 21 -1 -1 -1 -1 -1 -1 -1 -1 20 19 18 -1 -1 
0 -1 -1 3 4 -1 6 -1 -1 30 24 -1 -1 5 -1 -1 -1 -1 23 -1 1 -1 2 -1 -1 10 -1 11 -1 -1 -1 13 -1 -1 -1 15 -1 -1 9 -1 -1 -1 14 -1 -1 -1 -1 16 -1 -1 -1 -1 26 -1 -1 -1 -1 8 29 -1 7 -1 27 -1 -1 -1 25 22 -1 17 -1 -1 -1 -1 -1 -1 21 -1 -1 -1 -1 -1 -1 -1 -1 20 19 18 -1 -1 
0 -1 -1 3 4 -1 6 -1 -1 30 24 -1 -1 5 -1 -1 -1 -1 -1 -1 1 -1 2 -1 -1 10 -1 11 -1 23 -1 13 -1 -1 -1 15 -1 -1 9 -1 -1 -1 14 -1 -1 -1 -1 16 -1 -1 -1 -1 26 -1 -1 -1 -1 8 29 -1 7 -1 27 -1 -1 -1 25 22 -1 17 -1 -1 -1 -1 -1 -1 21 -1 -1 -1 -1 -1 -1 -1 -1 20 19 18 -1 -1 
0 -1 -1 3 4 -1 6 -1 -1 30 24 -1 -1 5 -1 -1 -1 -1 -1 -1 1 -1 2 -1 -1 -1 -1 11 -1 23 -1 13 -1 -1 10 15 -1 -1 9 -1 -1 -1 14 -1 -1 -1 -1 16 -1 -1 -1 -1 26 -1 -1 -1 -1 8 29 -1 7 -1 27 -1 -1 -1 25 22 -1 17 -1 -1 -1 -1 -1 -1 21 -1 -1 -1 -1 -1 -1 -1 -1 20 19 18 -1 -1 
0 -1 -1 3 4 -1 6 -1 -1 30 24 -1 -1 5 -1 -1 -1 -1 -1 -1 1 -1 2 -1 -1 -1 -1 11 -1 23 -1 13 -1 -1 10 15 -1 -1 9 -1 -1 -1 14 -1 -1 -1 -1 -1 -1 -1 16 -1 26 -1 -1 -1 -1 8 29 -1 7 -1 27 -1 -1 -1 25 22 -1 17 -1 -1 -1 -1 -1 -1 21 -1 -1 -1 -1 -1 -1 -1 -1 20 19 18 -1 -1 
0 -1 -1 3 4 -1 6 -1 -1 30 24 -1 -1 5 -1 -1 -1 -1 -1 -1 1 -1 2 -1 -1 -1 -1 11 -1 23 8 13 -1 -1 10 15 -1 -1 9 -1 -1 -1 14 -1 -1 -1 -1 -1 -1 -1 16 -1 26 -1 -1 -1 -1 -1 29 -1 7 -1 27 -1 -1 -1 25 22 -1 17 -1 -1 -1 -1 -1 -1 21 -1 -1 -1 -1 -1 -1 -1 -1 20 19 18 -1 -1 
0 -1 -1 3 4 -1 6 -1 -1 30 24 -1 -1 5 -1 -1 -1 -1 -1 -1 1 -1 2 -1 -1 -1 -1 11 -1 23 8 13 16 -1 10 15 -1 -1 9 -1 -1 -1 14 -1 -1 -1 -1 -1 -1 -1 -1 -1 26 -1 -1 -1 -1 -1 29 -1 7 -1 27 -1 -1 -1 25 22 -1 17 -1 -1 -1 -1 -1 -1 21 -1 -1 -1 -1 -1 -1 -1 -1 20 19 18 -1 -1 
0 -1 -1 3 4 -1 6 -1 -1 30 24 -1 -1 5 -1 -1 -1 -1 -1 -1 1 -1 2 -1 -1 -1 -1 11 -1 23 8 13 16 -1 -1 15 -1 -1 9 -1 -1 -1 14 10 -1 -1 -1 -1 -1 -1 -1 -1 26 -1 -1 -1 -1 -1 29 -1 7 -1 27 -1 -1 -1 25 22 -1 17 -1 -1 -1 -1 -1 -1 21 -1 -1 -1 -1 -1 -1 -1 -1 20 19 18 -1 -1 
0 -1 -1 3 4 -1 6 -1 -1 30 24 -1 -1 5 -1 -1 -1 -1 -1 -1 1 -1 2 -1 -1 -1 -1 11 -1 23 8 13 16 -1 -1 15 -1 -1 9 -1 -1 -1 14 10 -1 -1 -1 26 -1 -1 -1 -1 -1 -1 -1 -1 -1 -1 29 -1 7 -1 27 -1 -1 -1 25 22 -1 17 -1 -1 -1 -1 -1 -1 21 -1 -1 -1 -1 -1 -1 -1 -1 20 19 18 -1 -1 
-1 0 -1 3 4 -1 6 -1 -1 30 24 -1 -1 5 -1 -1 -1 -1 -1 -1 1 -1 2 -1 -1 -1 -1 11 -1 23 8 13 16 -1 -1 15 -1 -1 9 -1 -1 -1 14 10 -1 -1 -1 26 -1 -1 -1 -1 -1 -1 -1 -1 -1 -1 29 -1 7 -1 27 -1 -1 -1 25 22 -1 17 -1 -1 -1 -1 -1 -1 21 -1 -1 -1 -1 -1 -1 -1 -1 20 19 18 -1 -1 
-1 24 -1 3 4 -1 6 -1 -1 30 -1 -1 -1 5 -1 -1 -1 -1 -1 -1 1 -1 2 -1 -1 -1 -1 11 -1 23 8 13 16 -1 -1 15 -1 -1 9 -1 -1 -1 14 10 -1 -1 -1 26 -1 -1 -1 -1 -1 -1 -1 -1 -1 -1 29 -1 7 -1 27 -1 -1 -1 25 22 -1 17 -1 -1 -1 -1 -1 -1 21 -1 -1 -1 -1 -1 -1 -1 -1 20 19 18 -1 -1 
-1 1 -1 3 4 -1 6 -1 -1 30 -1 -1 -1 5 -1 -1 -1 -1 -1 -1 -1 -1 2 -1 -1 -1 -1 11 -1 23 8 13 16 -1 -1 15 -1 -1 9 -1 -1 -1 14 10 -1 -1 -1 26 -1 -1 -1 -1 -1 -1 -1 -1 -1 -1 29 -1 7 -1 27 -1 -1 -1 25 22 -1 17 -1 -1 -1 -1 -1 -1 21 -1 -1 -1 -1 -1 -1 -1 -1 20 19 18 -1 -1 
-1 1 -1 3 4 -1 6 -1 -1 30 -1 -1 -1 5 -1 -1 -1 -1 -1 -1 -1 -1 2 -1 -1 -1 -1 11 -1 23 8 13 16 -1 -1 15 -1 -1 9 -1 -1 -1 14 10 -1 -1 -1 26 -1 -1 -1 -1 -1 -1 -1 -1 -1 -1 29 -1 7 -1 27 -1 25 -1 -1 22 -1 17 -1 -1 -1 -1 -1 -1 21 -1 -1 -1 -1 -1 -1 -1 -1 20 19 18 -1 -1 
-1 -1 -1 3 4 -1 6 -1 -1 30 -1 -1 -1 5 -1 -1 -1 -1 -1 -1 1 -1 2 -1 -1 -1 -1 11 -1 23 8 13 16 -1 -1 15 -1 -1 9 -1 -1 -1 14 10 -1 -1 -1 26 -1 -1 -1 -1 -1 -1 -1 -1 -1 -1 29 -1 7 -1 27 -1 25 -1 -1 22 -1 17 -1 -1 -1 -1 -1 -1 21 -1 -1 -1 -1 -1 -1 -1 -1 20 19 18 -1 -1 
-1 -1 -1 3 4 -1 6 -1 -1 30 -1 -1 -1 5 -1 -1 -1 -1 -1 -1 1 -1 2 -1 -1 -1 -1 11 25 23 8 13 16 -1 -1 15 -1 -1 9 -1 -1 -1 14 10 -1 -1 -1 26 -1 -1 -1 -1 -1 -1 -1 -1 -1 -1 29 -1 7 -1 27 -1 -1 -1 -1 22 -1 17 -1 -1 -1 -1 -1 -1 21 -1 -1 -1 -1 -1 -1 -1 -1 20 19 18 -1 -1 
-1 -1 -1 3 4 -1 6 -1 -1 30 -1 -1 -1 5 -1 -1 -1 -1 -1 -1 1 -1 2 -1 -1 -1 -1 11 25 23 -1 13 16 -1 -1 15 -1 -1 9 -1 -1 -1 14 10 -1 -1 -1 26 -1 -1 -1 -1 -1 -1 -1 -1 -1 -1 29 -1 7 -1 27 -1 -1 -1 -1 22 -1 17 -1 -1 -1 -1 -1 8 21 -1 -1 -1 -1 -1 -1 -1 -1 20 19 18 -1 -1 
-1 -1 -1 3 4 -1 6 -1 -1 30 -1 -1 -1 5 -1 -1 -1 -1 -1 -1 1 -1 23 -1 -1 -1 -1 11 25 -1 -1 13 16 -1 -1 15 -1 -1 9 -1 -1 -1 14 10 -1 -1 -1 26 -1 -1 -1 -1 -1 -1 -1 -1 -1 -1 29 -1 7 -1 27 -1 -1 -1 -1 22 -1 17 -1 -1 -1 -1 -1 8 21 -1 -1 -1 -1 -1 -1 -1 -1 20 19 18 -1 -1 
-1 -1 -1 3 4 -1 -1 -1 -1 30 -1 -1 -1 5 -1 -1 -1 -1 -1 -1 1 -1 6 -1 -1 -1 -1 11 25 -1 -1 13 16 -1 -1 15 -1 -1 9 -1 -1 -1 14 10 -1 -1 -1 26 -1 -1 -1 -1 -1 -1 -1 -1 -1 -1 29 -1 7 -1 27 -1 -1 -1 -1 22 -1 17 -1 -1 -1 -1 -1 8 21 -1 -1 -1 -1 -1 -1 -1 -1 20 19 18 -1 -1 
-1 -1 -1 3 4 -1 -1 -1 -1 30 -1 -1 -1 5 -1 -1 -1 -1 -1 -1 26 -1 6 -1 -1 -1 -1 11 25 -1 -1 13 16 -1 -1 15 -1 -1 9 -1 -1 -1 14 10 -1 -1 -1 -1 -1 -1 -1 -1 -1 -1 -1 -1 -1 -1 29 -1 7 -1 27 -1 -1 -1 -1 22 -1 17 -1 -1 -1 -1 -1 8 21 -1 -1 -1 -1 -1 -1 -1 -1 20 19 18 -1 -1 
-1 -1 -1 3 4 -1 -1 -1 -1 30 -1 -1 -1 5 -1 -1 -1 -1 -1 -1 26 -1 6 -1 -1 -1 -1 11 25 -1 -1 13 16 -1 -1 15 -1 -1 9 -1 -1 -1 14 -1 -1 -1 -1 -1 -1 -1 -1 -1 -1 -1 -1 -1 -1 -1 29 -1 7 -1 27 -1 -1 -1 -1 22 -1 17 10 -1 -1 -1 -1 8 21 -1 -1 -1 -1 -1 -1 -1 -1 20 19 18 -1 -1 
-1 -1 -1 3 4 -1 -1 -1 -1 30 -1 -1 -1 5 -1 -1 -1 -1 -1 -1 26 -1 6 -1 -1 -1 -1 11 25 -1 -1 13 16 -1 -1 15 -1 -1 9 -1 -1 -1 14 -1 -1 -1 -1 22 -1 -1 -1 -1 -1 -1 -1 -1 -1 -1 29 -1 7 -1 27 -1 -1 -1 -1 -1 -1 17 10 -1 -1 -1 -1 8 21 -1 -1 -1 -1 -1 -1 -1 -1 20 19 18 -1 -1 
-1 -1 -1 3 4 -1 -1 -1 -1 30 -1 -1 -1 5 -1 -1 -1 -1 -1 -1 26 -1 6 -1 -1 -1 -1 11 25 -1 -1 13 16 -1 -1 15 -1 -1 9 -1 -1 -1 14 -1 -1 -1 -1 22 -1 -1 -1 -1 -1 -1 -1 -1 -1 -1 29 -1 7 -1 27 -1 -1 -1 -1 -1 -1 17 -1 -1 -1 -1 -1 8 21 -1 -1 10 -1 -1 -1 -1 -1 20 19 18 -1 -1 
-1 -1 -1 3 4 -1 -1 -1 -1 30 -1 -1 -1 5 -1 -1 -1 -1 -1 -1 26 -1 6 -1 -1 -1 -1 11 25 -1 -1 13 -1 -1 16 15 -1 -1 9 -1 -1 -1 14 -1 -1 -1 -1 22 -1 -1 -1 -1 -1 -1 -1 -1 -1 -1 29 -1 7 -1 27 -1 -1 -1 -1 -1 -1 17 -1 -1 -1 -1 -1 8 21 -1 -1 10 -1 -1 -1 -1 -1 20 19 18 -1 -1 
-1 -1 -1 3 4 -1 -1 -1 -1 30 -1 -1 -1 5 -1 -1 -1 -1 -1 -1 26 -1 6 -1 -1 -1 -1 11 25 -1 -1 13 -1 -1 16 15 -1 -1 9 -1 -1 -1 14 -1 -1 -1 -1 22 -1 -1 -1 -1 -1 -1 -1 -1 -1 -1 29 -1 7 -1 27 -1 -1 -1 -1 -1 -1 17 -1 -1 -1 8 -1 -1 21 -1 -1 10 -1 -1 -1 -1 -1 20 19 18 -1 -1 
-1 -1 -1 3 4 -1 -1 -1 -1 30 -1 -1 -1 5 -1 -1 -1 -1 -1 -1 26 -1 6 -1 -1 -1 -1 11 -1 -1 25 13 -1 -1 16 15 -1 -1 9 -1 -1 -1 14 -1 -1 -1 -1 22 -1 -1 -1 -1 -1 -1 -1 -1 -1 -1 29 -1 7 -1 27 -1 -1 -1 -1 -1 -1 17 -1 -1 -1 8 -1 -1 21 -1 -1 10 -1 -1 -1 -1 -1 20 19 18 -1 -1 
-1 -1 -1 3 4 -1 -1 -1 -1 30 -1 -1 -1 5 -1 -1 -1 -1 -1 -1 26 -1 6 -1 -1 -1 -1 11 -1 -1 25 13 -1 -1 16 15 -1 -1 9 -1 -1 -1 14 -1 -1 -1 -1 22 -1 -1 -1 -1 -1 -1 -1 -1 -1 -1 29 -1 7 -1 27 -1 -1 -1 -1 -1 -1 17 -1 -1 -1 8 -1 -1 21 -1 -1 10 -1 -1 -1 -1 -1 20 19 18 -1 -1 
-1 -1 -1 3 4 -1 -1 -1 -1 30 -1 -1 25 5 -1 -1 -1 -1 -1 -1 26 -1 6 -1 -1 -1 -1 11 -1 -1 -1 13 -1 -1 16 15 -1 -1 9 -1 -1 -1 14 -1 -1 -1 -1 22 -1 -1 -1 -1 -1 -1 -1 -1 -1 -1 29 -1 7 -1 27 -1 -1 -1 -1 -1 -1 17 -1 -1 -1 8 -1 -1 21 -1 -1 10 -1 -1 -1 -1 -1 20 19 18 -1 -1 
