0 1 2 3 4 5 6 7 8 30 -1 -1 -1 -1 -1 -1 -1 -1 -1 9 -1 -1 -1 -1 -1 10 -1 11 -1 12 -1 13 -1 14 -1 15 -1 -1 -1 -1 -1 -1 -1 -1 -1 -1 -1 -1 -1 -1 -1 -1 -1 -1 -1 -1 -1 -1 29 -1 28 -1 27 -1 26 -1 -1 25 -1 -1 -1 -1 -1 -1 -1 -1 -1 -1 -1 -1 -1 24 23 22 21 20 19 18 17 16 
0 1 2 3 4 5 6 -1 8 30 -1 -1 -1 -1 -1 -1 -1 -1 -1 9 -1 -1 -1 -1 7 10 -1 11 -1 12 -1 13 -1 14 -1 15 -1 -1 -1 -1 -1 -1 -1 -1 -1 -1 -1 -1 -1 -1 -1 -1 -1 -1 -1 -1 -1 -1 29 -1 28 -1 27 -1 26 -1 -1 25 -1 -1 -1 -1 -1 -1 -1 -1 -1 -1 -1 -1 -1 24 23 22 21 20 19 18 17 16 
0 1 2 3 4 5 6 -1 8 30 -1 -1 -1 -1 -1 -1 -1 -1 -1 9 -1 -1 -1 -1 7 10 -1 11 -1 12 -1 13 -1 14 -1 15 -1 -1 -1 -1 -1 -1 -1 -1 -1 -1 -1 -1 -1 -1 -1 -1 -1 -1 -1 -1 -1 -1 29 -1 28 -1 27 -1 26 -1 -1 25 -1 17 -1 -1 -1 -1 -1 -1 -1 -1 -1 -1 -1 24 23 22 21 20 19 18 -1 16 
0 1 2 3 4 5 6 8 -1 30 -1 -1 -1 -1 -1 -1 -1 -1 -1 9 -1 -1 -1 -1 7 10 -1 11 -1 12 -1 13 -1 14 -1 15 -1 -1 -1 -1 -1 -1 -1 -1 -1 -1 -1 -1 -1 -1 -1 -1 -1 -1 -1 -1 -1 -1 29 -1 28 -1 27 -1 26 -1 -1 25 -1 17 -1 -1 -1 -1 -1 -1 -1 -1 -1 -1 -1 24 23 22 21 20 19 18 -1 16 
0 1 2 3 4 5 6 8 -1 30 -1 -1 -1 -1 -1 -1 -1 -1 -1 9 -1 -1 -1 -1 7 10 -1 11 -1 12 -1 13 -1 14 -1 15 -1 -1 -1 -1 -1 -1 -1 -1 -1 -1 -1 -1 -1 -1 -1 -1 -1 -1 -1 -1 -1 -1 29 -1 28 -1 27 -1 26 -1 -1 25 -1 17 -1 -1 -1 -1 -1 -1 -1 -1 -1 -1 -1 24 23 22 21 20 19 18 16 -1 
0 1 2 3 4 5 6 8 -1 30 -1 -1 -1 -1 -1 -1 -1 -1 -1 9 -1 -1 -1 -1 7 10 -1 11 -1 12 -1 13 -1 -1 -1 15 -1 -1 -1 -1 -1 -1 14 -1 -1 -1 -1 -1 -1 -1 -1 -1 -1 -1 -1 -1 -1 -1 29 -1 28 -1 27 -1 26 -1 -1 25 -1 17 -1 -1 -1 -1 -1 -1 -1 -1 -1 -1 -1 24 23 22 21 20 19 18 16 -1 
0 1 2 3 4 5 6 8 -1 30 -1 -1 -1 -1 -1 -1 -1 -1 -1 9 -1 -1 -1 -1 7 10 -1 11 -1 12 -1 13 -1 -1 16 15 -1 -1 -1 -1 -1 -1 14 -1 -1 -1 -1 -1 -1 -1 -1 -1 -1 -1 -1 -1 -1 -1 29 -1 28 -1 27 -1 26 -1 -1 25 -1 17 -1 -1 -1 -1 -1 -1 -1 -1 -1 -1 -1 24 23 22 21 20 19 18 -1 -1 
0 -1 2 3 4 5 6 8 -1 30 -1 -1 -1 -1 -1 -1 -1 -1 -1 9 1 -1 -1 -1 7 10 -1 11 -1 12 -1 13 -1 -1 16 15 -1 -1 -1 -1 -1 -1 14 -1 -1 -1 -1 -1 -1 -1 -1 -1 -1 -1 -1 -1 -1 -1 29 -1 28 -1 27 -1 26 -1 -1 25 -1 17 -1 -1 -1 -1 -1 -1 -1 -1 -1 -1 -1 24 23 22 21 20 19 18 -1 -1 
0 -1 2 3 4 5 6 8 -1 30 -1 -1 -1 -1 -1 -1 -1 -1 -1 9 1 -1 -1 -1 7 10 -1 11 -1 12 -1 13 -1 -1 16 15 -1 -1 -1 -1 -1 -1 14 -1 -1 -1 -1 -1 -1 -1 -1 -1 -1 -1 -1 -1 -1 -1 29 -1 28 -1 27 -1 26 23 -1 25 -1 17 -1 -1 -1 -1 -1 -1 -1 -1 -1 -1 -1 24 -1 22 21 20 19 18 -1 -1 
0 -1 2 3 4 5 6 8 -1 30 -1 -1 -1 -1 -1 -1 -1 -1 -1 9 1 -1 -1 -1 7 10 -1 11 -1 -1 -1 13 -1 -1 16 15 -1 -1 12 -1 -1 -1 14 -1 -1 -1 -1 -1 -1 -1 -1 -1 -1 -1 -1 -1 -1 -1 29 -1 28 -1 27 -1 26 23 -1 25 -1 17 -1 -1 -1 -1 -1 -1 -1 -1 -1 -1 -1 24 -1 22 21 20 19 18 -1 -1 
0 -1 2 3 4 5 6 8 -1 30 -1 -1 -1 -1 -1 -1 -1 -1 -1 9 1 -1 -1 -1 7 10 -1 11 -1 -1 -1 13 -1 -1 16 15 -1 -1 12 -1 -1 -1 14 -1 -1 -1 -1 -1 -1 -1 -1 -1 -1 -1 -1 -1 -1 -1 29 -1 28 -1 27 -1 26 23 -1 25 -1 17 -1 -1 24 -1 -1 -1 -1 -1 -1 -1 -1 -1 -1 22 21 20 19 18 -1 -1 
0 -1 2 3 4 5 6 8 -1 30 -1 -1 -1 -1 -1 -1 -1 -1 -1 -1 1 -1 -1 -1 7 10 -1 11 9 -1 -1 13 -1 -1 16 15 -1 -1 12 -1 -1 -1 14 -1 -1 -1 -1 -1 -1 -1 -1 -1 -1 -1 -1 -1 -1 -1 29 -1 28 -1 27 -1 26 23 -1 25 -1 17 -1 -1 24 -1 -1 -1 -1 -1 -1 -1 -1 -1 -1 22 21 20 19 18 -1 -1 
0 -1 2 3 4 5 6 8 -1 30 -1 -1 -1 -1 -1 -1 -1 -1 -1 -1 1 -1 -1 -1 7 10 -1 11 9 -1 -1 13 -1 -1 -1 15 -1 -1 12 -1 -1 -1 14 -1 -1 -1 -1 -1 -1 -1 -1 -1 16 -1 -1 -1 -1 -1 29 -1 28 -1 27 -1 26 23 -1 25 -1 17 -1 -1 24 -1 -1 -1 -1 -1 -1 -1 -1 -1 -1 22 21 20 19 18 -1 -1 
0 -1 -1 3 4 5 6 8 -1 30 -1 -1 -1 -1 -1 -1 -1 -1 -1 -1 1 -1 2 -1 7 10 -1 11 9 -1 -1 13 -1 -1 -1 15 -1 -1 12 -1 -1 -1 14 -1 -1 -1 -1 -1 -1 -1 -1 -1 16 -1 -1 -1 -1 -1 29 -1 28 -1 27 -1 26 23 -1 25 -1 17 -1 -1 24 -1 -1 -1 -1 -1 -1 -1 -1 -1 -1 22 21 20 19 18 -1 -1 
0 -1 -1 3 4 5 6 8 -1 30 -1 -1 -1 -1 -1 -1 -1 -1 -1 -1 1 -1 2 -1 7 10 -1 11 9 -1 -1 13 -1 -1 -1 15 -1 -1 12 -1 -1 -1 14 -1 -1 -1 -1 -1 -1 -1 -1 28 16 -1 -1 -1 -1 -1 29 -1 -1 -1 27 -1 26 23 -1 25 -1 17 -1 -1 24 -1 -1 -1 -1 -1 -1 -1 -1 -1 -1 22 21 20 19 18 -1 -1 
0 -1 -1 3 4 5 6 8 -1 30 -1 -1 -1 -1 -1 -1 -1 -1 -1 -1 1 -1 2 -1 7 10 -1 11 9 -1 -1 13 -1 -1 -1 15 -1 -1 12 -1 -1 -1 -1 -1 -1 -1 -1 -1 -1 -1 -1 14 16 -1 -1 -1 -1 -1 29 -1 -1 -1 27 -1 26 23 -1 25 -1 17 -1 -1 24 -1 -1 -1 -1 -1 -1 -1 -1 -1 -1 22 21 20 19 18 -1 -1 
0 -1 -1 3 4 5 6 8 -1 30 -1 -1 -1 -1 -1 -1 -1 -1 -1 -1 1 -1 2 -1 7 10 -1 11 9 -1 -1 13 -1 -1 -1 15 -1 -1 12 -1 -1 -1 -1 -1 -1 -1 -1 -1 -1 -1 -1 16 -1 -1 -1 -1 -1 -1 29 -1 -1 -1 27 -1 26 23 -1 25 -1 17 -1 -1 24 -1 -1 -1 -1 -1 -1 -1 -1 -1 -1 22 21 20 19 18 -1 -1 
0 -1 -1 3 4 5 6 8 -1 30 -1 -1 -1 -1 -1 -1 -1 -1 -1 -1 1 -1 2 -1 -1 10 -1 11 9 -1 -1 13 -1 -1 -1 15 -1 -1 12 -1 -1 7 -1 -1 -1 -1 -1 -1 -1 -1 -1 16 -1 -1 -1 -1 -1 -1 29 -1 -1 -1 27 -1 26 23 -1 25 -1 17 -1 -1 24 -1 -1 -1 -1 -1 -1 -1 -1 -1 -1 22 21 20 19 18 -1 -1 
0 -1 -1 3 4 5 6 8 -1 30 -1 -1 -1 -1 -1 -1 -1 -1 -1 -1 1 -1 2 -1 -1 10 -1 11 9 -1 -1 13 -1 -1 -1 15 -1 -1 12 -1 -1 7 -1 -1 -1 -1 -1 30 -1 -1 -1 16 -1 -1 -1 -1 -1 -1 29 -1 -1 -1 27 -1 26 23 -1 25 -1 17 -1 -1 24 -1 -1 -1 -1 -1 -1 -1 -1 -1 -1 22 21 20 19 18 -1 -1 
0 -1 -1 3 4 5 6 8 -1 30 -1 -1 -1 -1 -1 -1 -1 -1 -1 -1 1 -1 2 -1 -1 10 -1 11 9 -1 -1 13 -1 -1 -1 15 -1 -1 -1 -1 -1 7 -1 -1 -1 -1 -1 12 -1 -1 -1 16 -1 -1 -1 -1 -1 -1 29 -1 -1 -1 27 -1 26 23 -1 25 -1 17 -1 -1 24 -1 -1 -1 -1 -1 -1 -1 -1 -1 -1 22 21 20 19 18 -1 -1 
0 -1 -1 3 4 5 6 8 -1 30 -1 -1 -1 -1 -1 -1 -1 -1 -1 -1 1 -1 2 -1 -1 10 -1 11 9 -1 -1 13 -1 -1 -1 15 -1 -1 -1 -1 -1 7 -1 -1 -1 -1 -1 16 -1 -1 -1 -1 -1 -1 -1 -1 -1 -1 29 -1 -1 -1 27 -1 26 23 -1 25 -1 17 -1 -1 24 -1 -1 -1 -1 -1 -1 -1 -1 -1 -1 22 21 20 19 18 -1 -1 
0 -1 -1 3 4 5 6 8 -1 30 -1 -1 -1 -1 -1 -1 -1 -1 -1 -1 1 -1 2 -1 10 -1 -1 11 9 -1 -1 13 -1 -1 -1 15 -1 -1 -1 -1 -1 7 -1 -1 -1 -1 -1 16 -1 -1 -1 -1 -1 -1 -1 -1 -1 -1 29 -1 -1 -1 27 -1 26 23 -1 25 -1 17 -1 -1 24 -1 -1 -1 -1 -1 -1 -1 -1 -1 -1 22 21 20 19 18 -1 -1 
0 -1 -1 3 4 5 6 8 -1 30 -1 -1 -1 -1 -1 -1 -1 -1 -1 -1 1 -1 2 -1 10 -1 -1 11 9 -1 -1 13 -1 -1 -1 15 -1 -1 -1 -1 -1 7 -1 -1 -1 -1 -1 16 -1 -1 -1 -1 -1 -1 -1 -1 -1 -1 29 -1 -1 -1 27 -1 26 23 -1 25 -1 17 -1 -1 -1 -1 -1 -1 -1 24 -1 -1 -1 -1 -1 22 21 20 19 18 -1 -1 
0 -1 -1 3 4 5 6 -1 -1 30 -1 -1 -1 -1 -1 -1 -1 -1 -1 -1 1 -1 2 -1 10 -1 -1 11 9 -1 -1 13 -1 -1 -1 15 -1 -1 -1 -1 -1 7 -1 8 -1 -1 -1 16 -1 -1 -1 -1 -1 -1 -1 -1 -1 -1 29 -1 -1 -1 27 -1 26 23 -1 25 -1 17 -1 -1 -1 -1 -1 -1 -1 24 -1 -1 -1 -1 -1 22 21 20 19 18 -1 -1 
0 -1 -1 3 4 5 6 -1 -1 30 -1 -1 -1 -1 -1 -1 -1 -1 -1 -1 1 -1 2 -1 10 -1 -1 11 9 -1 -1 13 -1 -1 -1 15 -1 -1 -1 -1 -1 7 -1 8 -1 -1 -1 16 -1 -1 17 -1 -1 -1 -1 -1 -1 -1 29 -1 -1 -1 27 -1 26 23 -1 25 -1 -1 -1 -1 -1 -1 -1 -1 -1 24 -1 -1 -1 -1 -1 22 21 20 19 18 -1 -1 
0 -1 -1 3 4 5 6 -1 -1 30 -1 -1 -1 -1 -1 -1 -1 -1 -1 -1 1 -1 2 -1 10 -1 -1 11 9 -1 -1 13 -1 -1 -1 15 -1 -1 -1 -1 -1 7 8 -1 -1 -1 -1 16 -1 -1 17 -1 -1 -1 -1 -1 -1 -1 29 -1 -1 -1 27 -1 26 23 -1 25 -1 -1 -1 -1 -1 -1 -1 -1 -1 24 -1 -1 -1 -1 -1 22 21 20 19 18 -1 -1 
0 -1 -1 3 4 5 6 -1 -1 30 -1 -1 -1 -1 -1 -1 -1 -1 -1 -1 1 -1 2 -1 10 -1 -1 11 9 -1 -1 13 -1 -1 -1 15 -1 -1 -1 -1 -1 7 8 -1 -1 -1 -1 16 -1 -1 -1 -1 -1 -1 -1 -1 -1 -1 29 -1 -1 17 27 -1 26 23 -1 25 -1 -1 -1 -1 -1 -1 -1 -1 -1 24 -1 -1 -1 -1 -1 22 21 20 19 18 -1 -1 
0 -1 -1 3 4 5 6 -1 -1 30 -1 -1 -1 -1 -1 -1 -1 -1 -1 -1 1 -1 2 -1 10 -1 -1 11 9 -1 -1 13 -1 -1 -1 15 -1 -1 -1 -1 -1 7 -1 8 -1 -1 -1 16 -1 -1 -1 -1 -1 -1 -1 -1 -1 -1 29 -1 -1 17 27 -1 26 23 -1 25 -1 -1 -1 -1 -1 -1 -1 -1 -1 24 -1 -1 -1 -1 -1 22 21 20 19 18 -1 -1 
0 -1 -1 3 4 5 6 -1 -1 30 -1 -1 -1 -1 -1 -1 -1 -1 -1 -1 1 -1 2 -1 10 -1 -1 11 9 -1 -1 13 -1 -1 -1 15 -1 -1 -1 -1 -1 7 -1 8 -1 -1 -1 16 -1 -1 -1 -1 -1 -1 -1 -1 -1 -1 29 24 -1 17 27 -1 26 23 -1 25 -1 -1 -1 -1 -1 -1 -1 -1 -1 -1 -1 -1 -1 -1 -1 22 21 20 19 18 -1 -1 
0 -1 -1 3 4 5 6 -1 -1 30 -1 -1 -1 -1 -1 -1 -1 -1 -1 -1 1 -1 2 10 -1 -1 -1 11 9 -1 -1 13 -1 -1 -1 15 -1 -1 -1 -1 -1 7 -1 8 -1 -1 -1 16 -1 -1 -1 -1 -1 -1 -1 -1 -1 -1 29 24 -1 17 27 -1 26 23 -1 25 -1 -1 -1 -1 -1 -1 -1 -1 -1 -1 -1 -1 -1 -1 -1 22 21 20 19 18 -1 -1 
0 -1 -1 3 4 5 6 -1 -1 30 -1 -1 -1 -1 -1 -1 -1 -1 -1 -1 1 -1 2 10 -1 -1 -1 11 9 -1 -1 13 -1 -1 -1 15 -1 -1 -1 -1 -1 7 -1 8 -1 -1 -1 16 -1 -1 -1 -1 -1 -1 -1 -1 -1 -1 29 24 -1 17 27 -1 26 23 -1 -1 -1 -1 25 -1 -1 -1 -1 -1 -1 -1 -1 -1 -1 -1 -1 22 21 20 19 18 -1 -1 
0 -1 -1 3 4 5 6 -1 -1 30 -1 -1 -1 -1 -1 -1 -1 -1 -1 -1 1 -1 2 -1 -1 -1 -1 11 9 -1 -1 13 -1 -1 -1 15 -1 -1 -1 -1 -1 7 -1 8 -1 -1 -1 16 -1 -1 -1 -1 -1 -1 -1 -1 -1 -1 29 10 -1 17 27 -1 26 23 -1 -1 -1 -1 25 -1 -1 -1 -1 -1 -1 -1 -1 -1 -1 -1 -1 22 21 20 19 18 -1 -1 
0 -1 -1 3 4 5 6 -1 -1 30 -1 -1 -1 -1 -1 -1 -1 -1 -1 -1 1 -1 2 -1 -1 -1 -1 11 9 -1 -1 13 -1 -1 -1 15 -1 -1 -1 -1 -1 7 -1 25 -1 -1 -1 16 -1 -1 -1 -1 -1 -1 -1 -1 -1 -1 29 10 -1 17 27 -1 26 23 -1 -1 -1 -1 -1 -1 -1 -1 -1 -1 -1 -1 -1 -1 -1 -1 -1 22 21 20 19 18 -1 -1 
-1 -1 0 3 4 5 6 -1 -1 30 -1 -1 -1 -1 -1 -1 -1 -1 -1 -1 1 -1 2 -1 -1 -1 -1 11 9 -1 -1 13 -1 -1 -1 15 -1 -1 -1 -1 -1 7 -1 25 -1 -1 -1 16 -1 -1 -1 -1 -1 -1 -1 -1 -1 -1 29 10 -1 17 27 -1 26 23 -1 -1 -1 -1 -1 -1 -1 -1 -1 -1 -1 -1 -1 -1 -1 -1 -1 22 21 20 19 18 -1 -1 
-1 -1 0 3 4 5 6 -1 -1 30 -1 -1 -1 -1 -1 -1 -1 -1 -1 -1 1 -1 2 -1 -1 -1 -1 11 9 -1 -1 13 -1 -1 -1 15 -1 -1 -1 -1 -1 7 17 25 -1 -1 -1 16 -1 -1 -1 -1 -1 -1 -1 -1 -1 -1 29 10 -1 -1 27 -1 26 23 -1 -1 -1 -1 -1 -1 -1 -1 -1 -1 -1 -1 -1 -1 -1 -1 -1 22 21 20 19 18 -1 -1 
-1 -1 0 3 4 5 6 -1 -1 30 -1 -1 -1 -1 -1 -1 -1 -1 -1 -1 1 -1 -1 -1 -1 -1 -1 11 9 -1 -1 13 -1 -1 -1 15 -1 -1 -1 -1 -1 7 2 25 -1 -1 -1 16 -1 -1 -1 -1 -1 -1 -1 -1 -1 -1 29 10 -1 -1 27 -1 26 23 -1 -1 -1 -1 -1 -1 -1 -1 -1 -1 -1 -1 -1 -1 -1 -1 -1 22 21 20 19 18 -1 -1 
-1 -1 0 3 4 5 6 -1 -1 30 -1 -1 -1 -1 -1 -1 -1 -1 -1 -1 1 -1 -1 -1 -1 -1 -1 11 9 -1 -1 13 -1 -1 -1 15 -1 -1 -1 -1 -1 25 2 -1 -1 -1 -1 16 -1 -1 -1 -1 -1 -1 -1 -1 -1 -1 29 10 -1 -1 27 -1 26 23 -1 -1 -1 -1 -1 -1 -1 -1 -1 -1 -1 -1 -1 -1 -1 -1 -1 22 21 20 19 18 -1 -1 
-1 -1 0 3 4 5 6 -1 -1 30 -1 -1 -1 1 -1 -1 -1 -1 -1 -1 -1 -1 -1 -1 -1 -1 -1 11 9 -1 -1 13 -1 -1 -1 15 -1 -1 -1 -1 -1 25 2 -1 -1 -1 -1 16 -1 -1 -1 -1 -1 -1 -1 -1 -1 -1 29 10 -1 -1 27 -1 26 23 -1 -1 -1 -1 -1 -1 -1 -1 -1 -1 -1 -1 -1 -1 -1 -1 -1 22 21 20 19 18 -1 -1 
-1 -1 16 3 4 5 6 -1 -1 30 -1 -1 -1 1 -1 -1 -1 -1 -1 -1 -1 -1 -1 -1 -1 -1 -1 11 9 -1 -1 13 -1 -1 -1 15 -1 -1 -1 -1 -1 25 2 -1 -1 -1 -1 -1 -1 -1 -1 -1 -1 -1 -1 -1 -1 -1 29 10 -1 -1 27 -1 26 23 -1 -1 -1 -1 -1 -1 -1 -1 -1 -1 -1 -1 -1 -1 -1 -1 -1 22 21 20 19 18 -1 -1 
-1 -1 1 3 4 5 6 -1 -1 30 -1 -1 -1 -1 -1 -1 -1 -1 -1 -1 -1 -1 -1 -1 -1 -1 -1 11 9 -1 -1 13 -1 -1 -1 15 -1 -1 -1 -1 -1 25 2 -1 -1 -1 -1 -1 -1 -1 -1 -1 -1 -1 -1 -1 -1 -1 29 10 -1 -1 27 -1 26 23 -1 -1 -1 -1 -1 -1 -1 -1 -1 -1 -1 -1 -1 -1 -1 -1 -1 22 21 20 19 18 -1 -1 
-1 -1 1 3 4 5 6 -1 -1 30 -1 -1 -1 -1 -1 -1 -1 -1 -1 -1 -1 -1 -1 -1 -1 -1 -1 11 9 -1 -1 13 -1 -1 -1 15 -1 -1 -1 -1 -1 25 2 -1 -1 31 -1 -1 -1 -1 -1 -1 -1 -1 -1 -1 -1 -1 29 10 -1 -1 27 -1 26 23 -1 -1 -1 -1 -1 -1 -1 -1 -1 -1 -1 -1 -1 -1 -1 -1 -1 22 21 20 19 18 -1 -1 
-1 -1 -1 3 4 5 6 -1 -1 30 -1 -1 -1 -1 -1 -1 -1 -1 -1 -1 -1 1 -1 -1 -1 -1 -1 11 9 -1 -1 13 -1 -1 -1 15 -1 -1 -1 -1 -1 25 2 -1 -1 31 -1 -1 -1 -1 -1 -1 -1 -1 -1 -1 -1 -1 29 10 -1 -1 27 -1 26 23 -1 -1 -1 -1 -1 -1 -1 -1 -1 -1 -1 -1 -1 -1 -1 -1 -1 22 21 20 19 18 -1 -1 
-1 -1 -1 3 4 5 6 -1 -1 30 -1 -1 -1 -1 -1 -1 -1 -1 -1 -1 -1 1 -1 -1 -1 -1 -1 11 9 -1 -1 13 -1 -1 -1 15 -1 -1 -1 -1 -1 25 2 -1 -1 31 -1 -1 23 -1 -1 -1 -1 -1 -1 -1 -1 -1 29 10 -1 -1 27 -1 26 -1 -1 -1 -1 -1 -1 -1 -1 -1 -1 -1 -1 -1 -1 -1 -1 -1 -1 22 21 20 19 18 -1 -1 
-1 -1 -1 3 4 5 6 -1 -1 30 -1 -1 -1 -1 -1 -1 -1 -1 -1 -1 -1 1 -1 -1 -1 -1 -1 11 9 -1 -1 13 -1 -1 -1 15 -1 -1 -1 -1 -1 25 2 -1 -1 31 -1 -1 23 -1 -1 -1 -1 -1 -1 -1 -1 -1 29 -1 -1 10 27 -1 26 -1 -1 -1 -1 -1 -1 -1 -1 -1 -1 -1 -1 -1 -1 -1 -1 -1 -1 22 21 20 19 18 -1 -1 
-1 -1 -1 3 4 5 6 -1 -1 30 -1 -1 -1 -1 -1 -1 -1 -1 -1 -1 -1 1 -1 -1 -1 -1 -1 11 9 -1 -1 13 -1 -1 -1 15 -1 -1 -1 -1 -1 25 2 -1 -1 31 -1 -1 23 -1 -1 -1 -1 -1 -1 -1 -1 -1 29 -1 -1 10 27 -1 -1 -1 26 -1 -1 -1 -1 -1 -1 -1 -1 -1 -1 -1 -1 -1 -1 -1 -1 22 21 20 19 18 -1 -1 
-1 -1 -1 3 4 5 6 -1 -1 30 -1 -1 -1 -1 -1 -1 -1 -1 -1 -1 -1 -1 -1 -1 -1 -1 -1 11 9 -1 -1 13 -1 -1 -1 15 -1 -1 1 -1 -1 25 2 -1 -1 31 -1 -1 23 -1 -1 -1 -1 -1 -1 -1 -1 -1 29 -1 -1 10 27 -1 -1 -1 26 -1 -1 -1 -1 -1 -1 -1 -1 -1 -1 -1 -1 -1 -1 -1 -1 22 21 20 19 18 -1 -1 
-1 -1 -1 3 4 5 6 -1 -1 30 -1 -1 -1 -1 -1 -1 -1 -1 -1 -1 -1 -1 -1 -1 -1 -1 -1 11 9 -1 -1 23 -1 -1 -1 15 -1 -1 1 -1 -1 25 2 -1 -1 31 -1 -1 -1 -1 -1 -1 -1 -1 -1 -1 -1 -1 29 -1 -1 10 27 -1 -1 -1 26 -1 -1 -1 -1 -1 -1 -1 -1 -1 -1 -1 -1 -1 -1 -1 -1 22 21 20 19 18 -1 -1 
-1 -1 -1 3 4 5 6 -1 -1 30 -1 -1 -1 -1 -1 -1 -1 -1 -1 -1 -1 -1 -1 -1 -1 -1 -1 11 9 -1 -1 23 -1 -1 -1 15 -1 -1 -1 -1 -1 25 2 -1 -1 31 -1 -1 -1 -1 -1 -1 -1 -1 -1 1 -1 -1 29 -1 -1 10 27 -1 -1 -1 26 -1 -1 -1 -1 -1 -1 -1 -1 -1 -1 -1 -1 -1 -1 -1 -1 22 21 20 19 18 -1 -1 
-1 -1 -1 3 4 5 6 -1 -1 30 -1 -1 -1 -1 -1 -1 -1 -1 -1 -1 -1 -1 -1 -1 -1 -1 -1 11 9 -1 -1 23 -1 -1 -1 15 -1 -1 -1 -1 -1 25 2 -1 -1 31 -1 -1 -1 -1 -1 -1 -1 -1 -1 1 -1 -1 29 -1 -1 10 27 -1 -1 -1 26 -1 -1 -1 -1 -1 -1 -1 -1 -1 19 -1 -1 -1 -1 -1 -1 22 21 20 -1 18 -1 -1 
-1 -1 -1 3 4 5 6 -1 -1 30 -1 -1 -1 -1 -1 -1 -1 -1 -1 -1 -1 -1 2 -1 -1 -1 -1 11 9 -1 -1 23 -1 -1 -1 15 -1 -1 -1 -1 -1 25 -1 -1 -1 31 -1 -1 -1 -1 -1 -1 -1 -1 -1 1 -1 -1 29 -1 -1 10 27 -1 -1 -1 26 -1 -1 -1 -1 -1 -1 -1 -1 -1 19 -1 -1 -1 -1 -1 -1 22 21 20 -1 18 -1 -1 
-1 -1 -1 3 4 5 6 -1 -1 30 -1 -1 -1 -1 -1 -1 -1 -1 -1 -1 -1 -1 2 -1 -1 -1 -1 11 9 -1 -1 23 -1 -1 -1 15 -1 -1 -1 -1 -1 25 -1 -1 -1 31 -1 -1 -1 -1 -1 -1 -1 -1 -1 1 -1 -1 29 -1 -1 10 27 26 -1 -1 -1 -1 -1 -1 -1 -1 -1 -1 -1 -1 19 -1 -1 -1 -1 -1 -1 22 21 20 -1 18 -1 -1 
-1 -1 -1 3 4 5 6 -1 -1 30 -1 -1 -1 -1 -1 -1 10 -1 -1 -1 -1 -1 2 -1 -1 -1 -1 11 9 -1 -1 23 -1 -1 -1 15 -1 -1 -1 -1 -1 25 -1 -1 -1 31 -1 -1 -1 -1 -1 -1 -1 -1 -1 1 -1 -1 29 -1 -1 -1 27 26 -1 -1 -1 -1 -1 -1 -1 -1 -1 -1 -1 -1 19 -1 -1 -1 -1 -1 -1 22 21 20 -1 18 -1 -1 
-1 -1 -1 3 4 5 6 -1 -1 30 -1 -1 -1 -1 -1 -1 10 -1 -1 -1 -1 -1 2 -1 -1 -1 -1 26 9 -1 -1 23 -1 -1 -1 15 -1 -1 -1 -1 -1 25 -1 -1 -1 31 -1 -1 -1 -1 -1 -1 -1 -1 -1 1 -1 -1 29 -1 -1 -1 27 -1 -1 -1 -1 -1 -1 -1 -1 -1 -1 -1 -1 -1 19 -1 -1 -1 -1 -1 -1 22 21 20 -1 18 -1 -1 
-1 -1 -1 -1 4 5 6 -1 -1 30 -1 -1 -1 3 -1 -1 10 -1 -1 -1 -1 -1 2 -1 -1 -1 -1 26 9 -1 -1 23 -1 -1 -1 15 -1 -1 -1 -1 -1 25 -1 -1 -1 31 -1 -1 -1 -1 -1 -1 -1 -1 -1 1 -1 -1 29 -1 -1 -1 27 -1 -1 -1 -1 -1 -1 -1 -1 -1 -1 -1 -1 -1 19 -1 -1 -1 -1 -1 -1 22 21 20 -1 18 -1 -1 
-1 -1 -1 -1 4 5 6 -1 -1 30 -1 -1 -1 3 -1 -1 10 -1 -1 -1 -1 -1 2 -1 -1 -1 -1 26 9 -1 -1 23 -1 -1 -1 15 -1 -1 -1 -1 -1 25 -1 -1 -1 31 -1 -1 -1 -1 -1 -1 -1 -1 -1 1 -1 -1 29 -1 -1 -1 27 -1 -1 -1 -1 18 -1 -1 -1 -1 -1 -1 -1 -1 19 -1 -1 -1 -1 -1 -1 22 21 20 -1 -1 -1 -1 
-1 -1 -1 -1 4 5 6 -1 -1 30 -1 -1 -1 3 -1 -1 10 -1 -1 -1 -1 -1 2 -1 -1 -1 -1 26 -1 -1 9 23 -1 -1 -1 15 -1 -1 -1 -1 -1 25 -1 -1 -1 31 -1 -1 -1 -1 -1 -1 -1 -1 -1 1 -1 -1 29 -1 -1 -1 27 -1 -1 -1 -1 18 -1 -1 -1 -1 -1 -1 -1 -1 19 -1 -1 -1 -1 -1 -1 22 21 20 -1 -1 -1 -1 
-1 -1 -1 -1 4 5 6 -1 -1 30 -1 -1 -1 3 -1 -1 10 -1 -1 -1 -1 -1 2 -1 -1 -1 -1 26 -1 -1 9 23 -1 -1 -1 15 -1 -1 -1 -1 -1 -1 -1 -1 -1 31 -1 -1 -1 -1 -1 -1 -1 -1 -1 1 -1 -1 29 -1 -1 -1 27 -1 -1 -1 -1 18 -1 -1 -1 -1 -1 -1 -1 -1 19 25 -1 -1 -1 -1 -1 22 21 20 -1 -1 -1 -1 
-1 -1 -1 -1 4 5 6 -1 -1 30 -1 -1 -1 3 -1 -1 10 -1 -1 -1 -1 -1 2 -1 -1 -1 -1 26 -1 -1 9 23 -1 -1 -1 15 -1 -1 1 -1 -1 -1 -1 -1 -1 31 -1 -1 -1 -1 -1 -1 -1 -1 -1 -1 -1 -1 29 -1 -1 -1 27 -1 -1 -1 -1 18 -1 -1 -1 -1 -1 -1 -1 -1 19 25 -1 -1 -1 -1 -1 22 21 20 -1 -1 -1 -1 
-1 -1 -1 -1 4 5 6 -1 -1 30 -1 -1 -1 3 -1 -1 10 -1 -1 -1 -1 -1 2 -1 -1 -1 -1 26 -1 -1 9 23 -1 -1 -1 15 31 -1 1 -1 -1 -1 -1 -1 -1 -1 -1 -1 -1 -1 -1 -1 -1 -1 -1 -1 -1 -1 29 -1 -1 -1 27 -1 -1 -1 -1 18 -1 -1 -1 -1 -1 -1 -1 -1 19 25 -1 -1 -1 -1 -1 22 21 20 -1 -1 -1 -1 
-1 -1 -1 -1 4 5 6 -1 -1 30 -1 -1 -1 3 -1 -1 10 -1 -1 -1 -1 -1 2 -1 -1 -1 -1 26 -1 -1 9 1 -1 -1 -1 15 31 -1 -1 -1 -1 -1 -1 -1 -1 -1 -1 -1 -1 -1 -1 -1 -1 -1 -1 -1 -1 -1 29 -1 -1 -1 27 -1 -1 -1 -1 18 -1 -1 -1 -1 -1 -1 -1 -1 19 25 -1 -1 -1 -1 -1 22 21 20 -1 -1 -1 -1 
-1 -1 -1 -1 4 5 6 -1 -1 30 -1 -1 -1 3 -1 -1 10 -1 -1 -1 -1 -1 2 -1 -1 -1 -1 -1 -1 -1 9 26 -1 -1 -1 15 31 -1 -1 -1 -1 -1 -1 -1 -1 -1 -1 -1 -1 -1 -1 -1 -1 -1 -1 -1 -1 -1 29 -1 -1 -1 27 -1 -1 -1 -1 18 -1 -1 -1 -1 -1 -1 -1 -1 19 25 -1 -1 -1 -1 -1 22 21 20 -1 -1 -1 -1 
-1 -1 -1 -1 4 5 6 -1 -1 30 -1 -1 -1 3 -1 -1 -1 10 -1 -1 -1 -1 2 -1 -1 -1 -1 -1 -1 -1 9 26 -1 -1 -1 15 31 -1 -1 -1 -1 -1 -1 -1 -1 -1 -1 -1 -1 -1 -1 -1 -1 -1 -1 -1 -1 -1 29 -1 -1 -1 27 -1 -1 -1 -1 18 -1 -1 -1 -1 -1 -1 -1 -1 19 25 -1 -1 -1 -1 -1 22 21 20 -1 -1 -1 -1 
-1 -1 -1 -1 4 5 6 -1 -1 30 -1 -1 -1 3 -1 -1 -1 10 -1 -1 -1 -1 2 -1 -1 -1 -1 -1 -1 -1 9 26 -1 -1 -1 15 31 -1 -1 -1 -1 -1 -1 -1 -1 -1 -1 -1 -1 -1 -1 -1 -1 -1 -1 -1 -1 -1 29 -1 -1 -1 27 -1 -1 -1 -1 18 -1 -1 -1 -1 -1 -1 -1 -1 19 -1 -1 25 -1 -1 -1 22 21 20 -1 -1 -1 -1 
-1 -1 -1 -1 4 5 6 -1 -1 30 -1 -1 -1 3 -1 -1 -1 -1 -1 -1 -1 -1 2 -1 -1 -1 -1 -1 -1 -1 9 26 -1 -1 -1 15 31 -1 -1 -1 -1 -1 -1 -1 -1 -1 -1 -1 -1 -1 -1 -1 -1 -1 -1 -1 -1 -1 29 -1 -1 -1 10 -1 -1 -1 -1 18 -1 -1 -1 -1 -1 -1 -1 -1 19 -1 -1 25 -1 -1 -1 22 21 20 -1 -1 -1 -1 
-1 -1 -1 -1 4 5 6 25 -1 30 -1 -1 -1 3 -1 -1 -1 -1 -1 -1 -1 -1 2 -1 -1 -1 -1 -1 -1 -1 9 26 -1 -1 -1 15 31 -1 -1 -1 -1 -1 -1 -1 -1 -1 -1 -1 -1 -1 -1 -1 -1 -1 -1 -1 -1 -1 29 -1 -1 -1 10 -1 -1 -1 -1 18 -1 -1 -1 -1 -1 -1 -1 -1 19 -1 -1 -1 -1 -1 -1 22 21 20 -1 -1 -1 -1 
-1 -1 -1 -1 4 5 6 25 -1 30 -1 -1 -1 3 -1 -1 -1 -1 -1 -1 -1 -1 2 -1 -1 -1 -1 -1 -1 -1 9 26 -1 -1 -1 -1 31 -1 -1 -1 -1 -1 -1 -1 15 -1 -1 -1 -1 -1 -1 -1 -1 -1 -1 -1 -1 -1 29 -1 -1 -1 10 -1 -1 -1 -1 18 -1 -1 -1 -1 -1 -1 -1 -1 19 -1 -1 -1 -1 -1 -1 22 21 20 -1 -1 -1 -1 
-1 -1 -1 -1 4 5 6 25 -1 30 -1 -1 -1 3 -1 -1 -1 -1 -1 -1 -1 -1 2 -1 -1 -1 -1 -1 -1 -1 9 26 -1 -1 -1 -1 31 -1 -1 -1 -1 -1 -1 -1 15 -1 -1 -1 -1 29 -1 -1 -1 -1 -1 -1 -1 -1 -1 -1 -1 -1 10 -1 -1 -1 -1 18 -1 -1 -1 -1 -1 -1 -1 -1 19 -1 -1 -1 -1 -1 -1 22 21 20 -1 -1 -1 -1 
-1 -1 -1 -1 4 5 6 25 -1 30 -1 -1 -1 3 -1 -1 -1 -1 -1 -1 -1 -1 2 -1 -1 -1 -1 -1 -1 -1 9 26 -1 -1 -1 -1 31 -1 -1 -1 -1 -1 -1 -1 -1 -1 -1 -1 -1 29 -1 -1 -1 15 -1 -1 -1 -1 -1 -1 -1 -1 10 -1 -1 -1 -1 18 -1 -1 -1 -1 -1 -1 -1 -1 19 -1 -1 -1 -1 -1 -1 22 21 20 -1 -1 -1 -1 
-1 -1 -1 -1 4 5 6 25 -1 30 -1 -1 -1 3 -1 -1 -1 -1 -1 -1 -1 -1 2 -1 -1 -1 -1 -1 -1 -1 9 26 -1 -1 -1 -1 31 -1 -1 -1 -1 -1 -1 -1 -1 -1 -1 -1 -1 29 -1 -1 -1 15 -1 -1 -1 -1 -1 -1 -1 -1 10 -1 -1 -1 -1 18 -1 -1 -1 -1 -1 -1 -1 -1 19 -1 -1 -1 -1 -1 -1 22 21 -1 20 -1 -1 -1 
-1 -1 -1 -1 4 5 6 25 -1 30 -1 -1 -1 3 -1 -1 -1 -1 -1 -1 -1 -1 2 -1 -1 -1 -1 -1 -1 -1 9 26 -1 -1 -1 -1 31 -1 -1 -1 -1 -1 -1 -1 -1 -1 -1 -1 -1 29 -1 -1 -1 15 -1 -1 -1 -1 -1 10 -1 -1 -1 -1 -1 -1 -1 18 -1 -1 -1 -1 -1 -1 -1 -1 19 -1 -1 -1 -1 -1 -1 22 21 -1 20 -1 -1 -1 
-1 -1 -1 -1 4 5 6 25 -1 30 -1 -1 -1 3 -1 -1 -1 -1 -1 -1 -1 -1 2 -1 -1 -1 -1 -1 -1 -1 9 26 -1 -1 -1 -1 -1 31 -1 -1 -1 -1 -1 -1 -1 -1 -1 -1 -1 29 -1 -1 -1 15 -1 -1 -1 -1 -1 10 -1 -1 -1 -1 -1 -1 -1 18 -1 -1 -1 -1 -1 -1 -1 -1 19 -1 -1 -1 -1 -1 -1 22 21 -1 20 -1 -1 -1 
-1 -1 -1 -1 4 5 6 25 -1 30 -1 -1 9 3 -1 -1 -1 -1 -1 -1 -1 -1 2 -1 -1 -1 -1 -1 -1 -1 -1 26 -1 -1 -1 -1 -1 31 -1 -1 -1 -1 -1 -1 -1 -1 -1 -1 -1 29 -1 -1 -1 15 -1 -1 -1 -1 -1 10 -1 -1 -1 -1 -1 -1 -1 18 -1 -1 -1 -1 -1 -1 -1 -1 19 -1 -1 -1 -1 -1 -1 22 21 -1 20 -1 -1 -1 
-1 -1 -1 -1 4 5 6 25 -1 30 -1 -1 9 3 -1 -1 -1 -1 -1 -1 -1 -1 2 -1 -1 -1 -1 -1 -1 -1 -1 26 -1 -1 -1 -1 -1 31 -1 -1 29 -1 -1 -1 -1 -1 -1 -1 -1 -1 -1 -1 -1 15 -1 -1 -1 -1 -1 10 -1 -1 -1 -1 -1 -1 -1 18 -1 -1 -1 -1 -1 -1 -1 -1 19 -1 -1 -1 -1 -1 -1 22 21 -1 20 -1 -1 -1 
-1 -1 -1 -1 4 5 6 25 -1 30 -1 -1 9 3 10 -1 -1 -1 -1 -1 -1 -1 2 -1 -1 -1 -1 -1 -1 -1 -1 26 -1 -1 -1 -1 -1 31 -1 -1 29 -1 -1 -1 -1 -1 -1 -1 -1 -1 -1 -1 -1 15 -1 -1 -1 -1 -1 -1 -1 -1 -1 -1 -1 -1 -1 18 -1 -1 -1 -1 -1 -1 -1 -1 19 -1 -1 -1 -1 -1 -1 22 21 -1 20 -1 -1 -1 
-1 -1 -1 -1 4 5 6 25 -1 30 -1 -1 9 3 10 -1 -1 -1 -1 -1 -1 -1 2 -1 -1 -1 -1 -1 -1 -1 -1 26 -1 -1 -1 -1 -1 31 -1 -1 29 -1 -1 -1 -1 -1 -1 -1 -1 -1 -1 -1 -1 15 -1 -1 -1 -1 -1 -1 -1 -1 -1 -1 -1 -1 -1 18 -1 -1 -1 -1 -1 -1 -1 -1 19 -1 -1 -1 -1 -1 -1 22 21 20 -1 -1 -1 -1 
-1 -1 -1 -1 4 5 6 25 -1 30 -1 -1 -1 3 10 -1 -1 -1 -1 -1 -1 -1 2 -1 -1 -1 -1 -1 -1 -1 -1 26 -1 -1 -1 -1 -1 31 -1 -1 29 -1 -1 -1 -1 -1 -1 -1 -1 -1 -1 -1 -1 15 -1 -1 -1 9 -1 -1 -1 -1 -1 -1 -1 -1 -1 18 -1 -1 -1 -1 -1 -1 -1 -1 19 -1 -1 -1 -1 -1 -1 22 21 20 -1 -1 -1 -1 
-1 -1 -1 -1 4 5 6 25 -1 30 -1 -1 -1 3 10 -1 -1 -1 -1 -1 -1 -1 2 -1 -1 -1 -1 -1 -1 -1 -1 -1 26 -1 -1 -1 -1 31 -1 -1 29 -1 -1 -1 -1 -1 -1 -1 -1 -1 -1 -1 -1 15 -1 -1 -1 9 -1 -1 -1 -1 -1 -1 -1 -1 -1 18 -1 -1 -1 -1 -1 -1 -1 -1 19 -1 -1 -1 -1 -1 -1 22 21 20 -1 -1 -1 -1 
-1 -1 -1 -1 4 5 6 25 -1 30 -1 -1 -1 3 10 -1 -1 -1 -1 -1 -1 -1 2 -1 -1 -1 -1 -1 -1 -1 -1 -1 26 -1 -1 -1 -1 31 -1 -1 29 -1 -1 -1 -1 -1 -1 -1 -1 -1 -1 -1 -1 15 -1 -1 -1 -1 -1 -1 -1 9 -1 -1 -1 -1 -1 18 -1 -1 -1 -1 -1 -1 -1 -1 19 -1 -1 -1 -1 -1 -1 22 21 20 -1 -1 -1 -1 
-1 -1 -1 -1 4 5 6 25 -1 30 -1 -1 -1 3 10 -1 -1 -1 -1 -1 -1 -1 2 -1 -1 -1 -1 -1 -1 -1 -1 29 26 -1 -1 -1 -1 31 -1 -1 -1 -1 -1 -1 -1 -1 -1 -1 -1 -1 -1 -1 -1 15 -1 -1 -1 -1 -1 -1 -1 9 -1 -1 -1 -1 -1 18 -1 -1 -1 -1 -1 -1 -1 -1 19 -1 -1 -1 -1 -1 -1 22 21 20 -1 -1 -1 -1 
-1 -1 -1 -1 4 5 6 25 -1 30 -1 -1 -1 3 10 -1 -1 -1 -1 -1 -1 -1 2 -1 -1 -1 -1 -1 -1 -1 -1 29 26 -1 -1 -1 -1 31 -1 -1 -1 -1 -1 -1 -1 -1 -1 -1 -1 -1 -1 -1 15 -1 -1 -1 -1 -1 -1 -1 -1 9 -1 -1 -1 -1 -1 18 -1 -1 -1 -1 -1 -1 -1 -1 19 -1 -1 -1 -1 -1 -1 22 21 20 -1 -1 -1 -1 
-1 -1 -1 -1 4 5 6 -1 25 30 -1 -1 -1 3 10 -1 -1 -1 -1 -1 -1 -1 2 -1 -1 -1 -1 -1 -1 -1 -1 29 26 -1 -1 -1 -1 31 -1 -1 -1 -1 -1 -1 -1 -1 -1 -1 -1 -1 -1 -1 15 -1 -1 -1 -1 -1 -1 -1 -1 9 -1 -1 -1 -1 -1 18 -1 -1 -1 -1 -1 -1 -1 -1 19 -1 -1 -1 -1 -1 -1 22 21 20 -1 -1 -1 -1 
-1 -1 2 -1 4 5 6 -1 25 30 -1 -1 -1 3 10 -1 -1 -1 -1 -1 -1 -1 -1 -1 -1 -1 -1 -1 -1 -1 -1 29 26 -1 -1 -1 -1 31 -1 -1 -1 -1 -1 -1 -1 -1 -1 -1 -1 -1 -1 -1 15 -1 -1 -1 -1 -1 -1 -1 -1 9 -1 -1 -1 -1 -1 18 -1 -1 -1 -1 -1 -1 -1 -1 19 -1 -1 -1 -1 -1 -1 22 21 20 -1 -1 -1 -1 
-1 -1 2 -1 4 5 6 -1 25 30 -1 -1 -1 3 10 -1 -1 -1 -1 -1 -1 -1 -1 -1 -1 -1 -1 -1 -1 -1 -1 29 26 -1 -1 -1 -1 -1 31 -1 -1 -1 -1 -1 -1 -1 -1 -1 -1 -1 -1 -1 15 -1 -1 -1 -1 -1 -1 -1 -1 9 -1 -1 -1 -1 -1 18 -1 -1 -1 -1 -1 -1 -1 -1 19 -1 -1 -1 -1 -1 -1 22 21 20 -1 -1 -1 -1 
-1 -1 2 -1 4 5 6 -1 25 30 -1 -1 -1 3 -1 -1 -1 10 -1 -1 -1 -1 -1 -1 -1 -1 -1 -1 -1 -1 -1 29 26 -1 -1 -1 -1 -1 31 -1 -1 -1 -1 -1 -1 -1 -1 -1 -1 -1 -1 -1 15 -1 -1 -1 -1 -1 -1 -1 -1 9 -1 -1 -1 -1 -1 18 -1 -1 -1 -1 -1 -1 -1 -1 19 -1 -1 -1 -1 -1 -1 22 21 20 -1 -1 -1 -1 
-1 -1 2 -1 4 5 6 -1 25 30 -1 -1 -1 3 -1 -1 -1 10 -1 -1 -1 -1 -1 -1 -1 -1 -1 -1 -1 -1 -1 29 26 -1 -1 -1 -1 -1 30 -1 -1 -1 -1 -1 -1 -1 -1 -1 -1 -1 -1 -1 15 -1 -1 -1 -1 -1 -1 -1 -1 9 -1 -1 -1 -1 -1 18 -1 -1 -1 -1 -1 -1 -1 -1 19 -1 -1 -1 -1 -1 -1 22 21 20 -1 -1 -1 -1 
-1 -1 2 -1 4 5 6 -1 25 30 -1 -1 -1 3 -1 -1 -1 -1 -1 -1 -1 -1 -1 -1 -1 -1 -1 -1 -1 -1 -1 29 26 -1 -1 -1 -1 -1 30 -1 -1 -1 -1 -1 -1 -1 -1 -1 -1 -1 -1 -1 15 -1 -1 -1 -1 -1 -1 -1 -1 9 10 -1 -1 -1 -1 18 -1 -1 -1 -1 -1 -1 -1 -1 19 -1 -1 -1 -1 -1 -1 22 21 20 -1 -1 -1 -1 
-1 -1 2 -1 4 5 6 -1 -1 30 -1 -1 -1 3 -1 -1 -1 -1 -1 -1 -1 -1 -1 -1 -1 -1 -1 -1 -1 -1 -1 29 26 -1 -1 -1 -1 -1 30 -1 -1 -1 -1 -1 25 -1 -1 -1 -1 -1 -1 -1 15 -1 -1 -1 -1 -1 -1 -1 -1 9 10 -1 -1 -1 -1 18 -1 -1 -1 -1 -1 -1 -1 -1 19 -1 -1 -1 -1 -1 -1 22 21 20 -1 -1 -1 -1 
-1 -1 -1 -1 4 5 6 -1 -1 30 -1 -1 -1 3 -1 -1 -1 -1 -1 -1 -1 -1 2 -1 -1 -1 -1 -1 -1 -1 -1 29 26 -1 -1 -1 -1 -1 30 -1 -1 -1 -1 -1 25 -1 -1 -1 -1 -1 -1 -1 15 -1 -1 -1 -1 -1 -1 -1 -1 9 10 -1 -1 -1 -1 18 -1 -1 -1 -1 -1 -1 -1 -1 19 -1 -1 -1 -1 -1 -1 22 21 20 -1 -1 -1 -1 
-1 -1 -1 -1 4 5 6 -1 -1 30 -1 -1 -1 3 -1 -1 -1 -1 -1 -1 -1 -1 2 -1 -1 -1 -1 -1 -1 -1 -1 29 26 -1 -1 -1 -1 -1 30 -1 -1 -1 -1 -1 25 -1 -1 -1 -1 -1 -1 -1 15 -1 -1 -1 -1 -1 -1 -1 -1 9 10 -1 -1 -1 -1 18 19 -1 -1 -1 -1 -1 -1 -1 -1 -1 -1 -1 -1 -1 -1 22 21 20 -1 -1 -1 -1 
-1 -1 -1 -1 4 5 6 -1 -1 30 -1 -1 -1 3 -1 -1 -1 -1 -1 -1 -1 -1 2 -1 -1 -1 -1 -1 -1 -1 -1 29 26 -1 -1 -1 -1 -1 30 -1 -1 -1 -1 -1 25 -1 -1 -1 -1 -1 -1 -1 -1 15 -1 -1 -1 -1 -1 -1 -1 9 10 -1 -1 -1 -1 18 19 -1 -1 -1 -1 -1 -1 -1 -1 -1 -1 -1 -1 -1 -1 22 21 20 -1 -1 -1 -1 
-1 -1 -1 -1 4 5 6 -1 -1 30 -1 -1 -1 3 -1 -1 -1 -1 -1 -1 -1 -1 2 -1 -1 -1 -1 -1 -1 -1 -1 29 26 -1 -1 -1 -1 25 30 -1 -1 -1 -1 -1 -1 -1 -1 -1 -1 -1 -1 -1 -1 15 -1 -1 -1 -1 -1 -1 -1 9 10 -1 -1 -1 -1 18 19 -1 -1 -1 -1 -1 -1 -1 -1 -1 -1 -1 -1 -1 -1 22 21 20 -1 -1 -1 -1 
-1 -1 -1 -1 4 5 6 -1 -1 30 -1 -1 -1 3 -1 -1 -1 -1 -1 -1 -1 -1 2 -1 -1 -1 -1 -1 -1 -1 -1 29 26 -1 9 -1 -1 25 30 -1 -1 -1 -1 -1 -1 -1 -1 -1 -1 -1 -1 -1 -1 15 -1 -1 -1 -1 -1 -1 -1 -1 10 -1 -1 -1 -1 18 19 -1 -1 -1 -1 -1 -1 -1 -1 -1 -1 -1 -1 -1 -1 22 21 20 -1 -1 -1 -1 
-1 -1 -1 -1 4 5 6 -1 -1 30 -1 -1 -1 3 -1 -1 -1 -1 -1 -1 -1 -1 2 -1 -1 -1 -1 -1 -1 -1 29 -1 26 -1 9 -1 -1 25 30 -1 -1 -1 -1 -1 -1 -1 -1 -1 -1 -1 -1 -1 -1 15 -1 -1 -1 -1 -1 -1 -1 -1 10 -1 -1 -1 -1 18 19 -1 -1 -1 -1 -1 -1 -1 -1 -1 -1 -1 -1 -1 -1 22 21 20 -1 -1 -1 -1 
-1 -1 -1 -1 4 5 6 -1 -1 30 -1 -1 -1 3 -1 -1 -1 -1 -1 -1 -1 -1 2 -1 -1 -1 -1 -1 -1 -1 29 -1 26 -1 9 -1 -1 25 30 -1 -1 -1 -1 -1 -1 -1 -1 -1 -1 -1 -1 -1 -1 15 10 -1 -1 -1 -1 -1 -1 -1 -1 -1 -1 -1 -1 18 19 -1 -1 -1 -1 -1 -1 -1 -1 -1 -1 -1 -1 -1 -1 22 21 20 -1 -1 -1 -1 
-1 -1 -1 -1 4 5 6 -1 -1 30 -1 -1 -1 3 -1 -1 -1 -1 -1 -1 -1 -1 2 -1 -1 -1 -1 -1 -1 -1 29 -1 -1 -1 9 -1 -1 25 30 -1 -1 -1 -1 -1 -1 -1 -1 -1 -1 -1 26 -1 -1 15 10 -1 -1 -1 -1 -1 -1 -1 -1 -1 -1 -1 -1 18 19 -1 -1 -1 -1 -1 -1 -1 -1 -1 -1 -1 -1 -1 -1 22 21 20 -1 -1 -1 -1 
-1 -1 -1 -1 4 5 6 -1 -1 10 -1 -1 -1 3 -1 -1 -1 -1 -1 -1 -1 -1 2 -1 -1 -1 -1 -1 -1 -1 29 -1 -1 -1 9 -1 -1 25 30 -1 -1 -1 -1 -1 -1 -1 -1 -1 -1 -1 26 -1 -1 15 -1 -1 -1 -1 -1 -1 -1 -1 -1 -1 -1 -1 -1 18 19 -1 -1 -1 -1 -1 -1 -1 -1 -1 -1 -1 -1 -1 -1 22 21 20 -1 -1 -1 -1 
-1 -1 -1 -1 4 5 6 -1 -1 10 -1 -1 -1 3 -1 -1 -1 -1 -1 -1 -1 -1 2 -1 -1 -1 -1 -1 -1 -1 29 -1 -1 -1 9 -1 -1 -1 30 -1 -1 -1 -1 -1 -1 -1 25 -1 -1 -1 26 -1 -1 15 -1 -1 -1 -1 -1 -1 -1 -1 -1 -1 -1 -1 -1 18 19 -1 -1 -1 -1 -1 -1 -1 -1 -1 -1 -1 -1 -1 -1 22 21 20 -1 -1 -1 -1 
-1 -1 -1 -1 4 5 6 -1 -1 10 -1 -1 -1 3 -1 -1 -1 -1 -1 -1 -1 -1 2 -1 -1 -1 -1 -1 -1 -1 29 -1 -1 -1 9 -1 -1 -1 30 -1 -1 -1 -1 -1 -1 -1 25 -1 -1 -1 26 -1 -1 -1 -1 -1 -1 -1 -1 -1 -1 -1 15 -1 -1 -1 -1 18 19 -1 -1 -1 -1 -1 -1 -1 -1 -1 -1 -1 -1 -1 -1 22 21 20 -1 -1 -1 -1 
-1 -1 -1 -1 4 5 6 -1 -1 10 -1 -1 -1 3 -1 -1 -1 -1 -1 -1 -1 -1 2 -1 -1 -1 -1 -1 -1 -1 29 -1 -1 -1 9 -1 -1 -1 30 -1 -1 -1 -1 -1 -1 -1 -1 -1 -1 -1 26 -1 -1 -1 -1 25 -1 -1 -1 -1 -1 -1 15 -1 -1 -1 -1 18 19 -1 -1 -1 -1 -1 -1 -1 -1 -1 -1 -1 -1 -1 -1 22 21 20 -1 -1 -1 -1 
-1 -1 -1 -1 4 5 6 -1 -1 10 -1 -1 -1 -1 -1 -1 -1 -1 -1 -1 -1 -1 2 3 -1 -1 -1 -1 -1 -1 29 -1 -1 -1 9 -1 -1 -1 30 -1 -1 -1 -1 -1 -1 -1 -1 -1 -1 -1 26 -1 -1 -1 -1 25 -1 -1 -1 -1 -1 -1 15 -1 -1 -1 -1 18 19 -1 -1 -1 -1 -1 -1 -1 -1 -1 -1 -1 -1 -1 -1 22 21 20 -1 -1 -1 -1 
-1 -1 -1 -1 4 5 6 -1 -1 10 -1 -1 -1 -1 -1 -1 -1 -1 -1 -1 -1 -1 2 3 -1 -1 -1 -1 -1 -1 29 -1 -1 -1 9 -1 -1 -1 30 -1 -1 -1 -1 -1 -1 -1 -1 -1 -1 -1 -1 -1 -1 -1 -1 25 -1 -1 -1 26 -1 -1 15 -1 -1 -1 -1 18 19 -1 -1 -1 -1 -1 -1 -1 -1 -1 -1 -1 -1 -1 -1 22 21 20 -1 -1 -1 -1 
-1 -1 -1 -1 4 5 6 -1 -1 10 -1 -1 -1 -1 -1 -1 -1 -1 -1 -1 -1 -1 2 3 -1 -1 -1 -1 -1 -1 29 -1 -1 -1 9 -1 -1 -1 30 -1 -1 -1 -1 -1 -1 -1 -1 -1 -1 -1 -1 -1 -1 -1 -1 25 -1 -1 -1 26 -1 -1 -1 -1 -1 -1 -1 18 19 -1 -1 15 -1 -1 -1 -1 -1 -1 -1 -1 -1 -1 -1 22 21 20 -1 -1 -1 -1 
-1 -1 -1 -1 4 5 6 -1 -1 10 -1 -1 -1 -1 -1 -1 -1 -1 -1 -1 -1 -1 2 3 -1 -1 -1 -1 -1 -1 29 -1 -1 -1 9 -1 -1 -1 30 -1 -1 -1 -1 -1 -1 -1 -1 -1 -1 -1 -1 -1 -1 -1 -1 25 -1 -1 -1 26 -1 -1 -1 -1 -1 -1 -1 18 -1 -1 -1 15 -1 -1 -1 -1 19 -1 -1 -1 -1 -1 -1 22 21 20 -1 -1 -1 -1 
-1 -1 -1 -1 4 5 6 -1 -1 -1 -1 -1 -1 -1 -1 -1 10 -1 -1 -1 -1 -1 2 3 -1 -1 -1 -1 -1 -1 29 -1 -1 -1 9 -1 -1 -1 30 -1 -1 -1 -1 -1 -1 -1 -1 -1 -1 -1 -1 -1 -1 -1 -1 25 -1 -1 -1 26 -1 -1 -1 -1 -1 -1 -1 18 -1 -1 -1 15 -1 -1 -1 -1 19 -1 -1 -1 -1 -1 -1 22 21 20 -1 -1 -1 -1 
-1 25 -1 -1 4 5 6 -1 -1 -1 -1 -1 -1 -1 -1 -1 10 -1 -1 -1 -1 -1 2 3 -1 -1 -1 -1 -1 -1 29 -1 -1 -1 9 -1 -1 -1 30 -1 -1 -1 -1 -1 -1 -1 -1 -1 -1 -1 -1 -1 -1 -1 -1 -1 -1 -1 -1 26 -1 -1 -1 -1 -1 -1 -1 18 -1 -1 -1 15 -1 -1 -1 -1 19 -1 -1 -1 -1 -1 -1 22 21 20 -1 -1 -1 -1 
-1 25 -1 -1 4 5 6 -1 -1 -1 -1 -1 -1 -1 -1 -1 10 -1 -1 -1 -1 -1 2 3 -1 -1 -1 -1 -1 -1 29 -1 -1 -1 9 -1 -1 -1 30 -1 -1 -1 -1 -1 -1 -1 -1 -1 -1 -1 -1 -1 -1 -1 -1 -1 -1 -1 -1 26 -1 -1 -1 -1 -1 -1 -1 18 -1 -1 15 -1 -1 -1 -1 -1 19 -1 -1 -1 -1 -1 -1 22 21 20 -1 -1 -1 -1 
-1 25 -1 -1 4 5 6 -1 -1 -1 -1 -1 -1 -1 -1 -1 10 -1 -1 -1 -1 -1 2 3 -1 -1 -1 -1 -1 -1 29 -1 -1 -1 9 -1 -1 -1 30 -1 -1 -1 -1 -1 -1 -1 -1 -1 -1 -1 -1 -1 -1 -1 -1 -1 -1 -1 26 -1 -1 -1 -1 -1 -1 -1 -1 18 -1 -1 15 -1 -1 -1 -1 -1 19 -1 -1 -1 -1 -1 -1 22 21 20 -1 -1 -1 -1 
-1 25 -1 -1 4 5 6 -1 -1 -1 -1 -1 -1 10 -1 -1 -1 -1 -1 -1 -1 -1 2 3 -1 -1 -1 -1 -1 -1 29 -1 -1 -1 9 -1 -1 -1 30 -1 -1 -1 -1 -1 -1 -1 -1 -1 -1 -1 -1 -1 -1 -1 -1 -1 -1 -1 26 -1 -1 -1 -1 -1 -1 -1 -1 18 -1 -1 15 -1 -1 -1 -1 -1 19 -1 -1 -1 -1 -1 -1 22 21 20 -1 -1 -1 -1 
-1 25 -1 -1 4 5 6 -1 -1 -1 -1 -1 -1 10 -1 -1 -1 -1 -1 -1 -1 -1 2 3 -1 -1 -1 -1 -1 -1 29 -1 -1 -1 9 -1 -1 -1 30 -1 -1 -1 -1 -1 -1 -1 -1 -1 -1 -1 -1 -1 -1 -1 26 -1 -1 -1 -1 -1 -1 -1 -1 -1 -1 -1 -1 18 -1 -1 15 -1 -1 -1 -1 -1 19 -1 -1 -1 -1 -1 -1 22 21 20 -1 -1 -1 -1 
-1 25 -1 -1 4 5 6 -1 -1 -1 -1 -1 -1 -1 -1 -1 -1 10 -1 -1 -1 -1 2 3 -1 -1 -1 -1 -1 -1 29 -1 -1 -1 9 -1 -1 -1 30 -1 -1 -1 -1 -1 -1 -1 -1 -1 -1 -1 -1 -1 -1 -1 26 -1 -1 -1 -1 -1 -1 -1 -1 -1 -1 -1 -1 18 -1 -1 15 -1 -1 -1 -1 -1 19 -1 -1 -1 -1 -1 -1 22 21 20 -1 -1 -1 -1 
-1 25 -1 -1 4 5 6 -1 -1 -1 -1 -1 -1 -1 -1 -1 -1 10 -1 -1 -1 -1 2 3 -1 -1 -1 -1 -1 -1 29 -1 -1 -1 9 -1 -1 -1 30 -1 -1 -1 -1 -1 -1 -1 -1 -1 -1 -1 -1 -1 -1 -1 -1 -1 -1 -1 -1 -1 -1 -1 -1 26 -1 -1 -1 18 -1 -1 15 -1 -1 -1 -1 -1 19 -1 -1 -1 -1 -1 -1 22 21 20 -1 -1 -1 -1 
-1 25 -1 -1 4 5 6 -1 -1 -1 -1 -1 -1 -1 -1 -1 10 -1 -1 -1 -1 -1 2 3 -1 -1 -1 -1 -1 -1 29 -1 -1 -1 9 -1 -1 -1 30 -1 -1 -1 -1 -1 -1 -1 -1 -1 -1 -1 -1 -1 -1 -1 -1 -1 -1 -1 -1 -1 -1 -1 -1 26 -1 -1 -1 18 -1 -1 15 -1 -1 -1 -1 -1 19 -1 -1 -1 -1 -1 -1 22 21 20 -1 -1 -1 -1 
-1 -1 -1 -1 4 5 6 -1 -1 -1 25 -1 -1 -1 -1 -1 10 -1 -1 -1 -1 -1 2 3 -1 -1 -1 -1 -1 -1 29 -1 -1 -1 9 -1 -1 -1 30 -1 -1 -1 -1 -1 -1 -1 -1 -1 -1 -1 -1 -1 -1 -1 -1 -1 -1 -1 -1 -1 -1 -1 -1 26 -1 -1 -1 18 -1 -1 15 -1 -1 -1 -1 -1 19 -1 -1 -1 -1 -1 -1 22 21 20 -1 -1 -1 -1 
-1 -1 -1 -1 4 5 6 -1 -1 -1 25 -1 -1 -1 -1 -1 10 -1 -1 -1 -1 -1 -1 3 -1 -1 -1 -1 -1 -1 29 -1 -1 -1 9 -1 -1 -1 30 -1 -1 -1 2 -1 -1 -1 -1 -1 -1 -1 -1 -1 -1 -1 -1 -1 -1 -1 -1 -1 -1 -1 -1 26 -1 -1 -1 18 -1 -1 15 -1 -1 -1 -1 -1 19 -1 -1 -1 -1 -1 -1 22 21 20 -1 -1 -1 -1 
26 -1 -1 -1 4 5 6 -1 -1 -1 25 -1 -1 -1 -1 -1 10 -1 -1 -1 -1 -1 -1 3 -1 -1 -1 -1 -1 -1 29 -1 -1 -1 9 -1 -1 -1 30 -1 -1 -1 2 -1 -1 -1 -1 -1 -1 -1 -1 -1 -1 -1 -1 -1 -1 -1 -1 -1 -1 -1 -1 -1 -1 -1 -1 18 -1 -1 15 -1 -1 -1 -1 -1 19 -1 -1 -1 -1 -1 -1 22 21 20 -1 -1 -1 -1 
26 -1 -1 -1 4 5 6 -1 -1 -1 25 -1 -1 -1 -1 -1 10 -1 -1 -1 -1 -1 2 3 -1 -1 -1 -1 -1 -1 29 -1 -1 -1 9 -1 -1 -1 30 -1 -1 -1 -1 -1 -1 -1 -1 -1 -1 -1 -1 -1 -1 -1 -1 -1 -1 -1 -1 -1 -1 -1 -1 -1 -1 -1 -1 18 -1 -1 15 -1 -1 -1 -1 -1 19 -1 -1 -1 -1 -1 -1 22 21 20 -1 -1 -1 -1 
26 -1 -1 -1 4 5 6 -1 -1 -1 25 -1 -1 -1 -1 -1 10 -1 -1 -1 -1 29 2 3 -1 -1 -1 -1 -1 -1 -1 -1 -1 -1 9 -1 -1 -1 30 -1 -1 -1 -1 -1 -1 -1 -1 -1 -1 -1 -1 -1 -1 -1 -1 -1 -1 -1 -1 -1 -1 -1 -1 -1 -1 -1 -1 18 -1 -1 15 -1 -1 -1 -1 -1 19 -1 -1 -1 -1 -1 -1 22 21 20 -1 -1 -1 -1 
26 -1 -1 -1 4 5 6 -1 -1 -1 25 -1 -1 -1 -1 -1 10 -1 -1 -1 -1 29 2 3 -1 9 -1 -1 -1 -1 -1 -1 -1 -1 -1 -1 -1 -1 30 -1 -1 -1 -1 -1 -1 -1 -1 -1 -1 -1 -1 -1 -1 -1 -1 -1 -1 -1 -1 -1 -1 -1 -1 -1 -1 -1 -1 18 -1 -1 15 -1 -1 -1 -1 -1 19 -1 -1 -1 -1 -1 -1 22 21 20 -1 -1 -1 -1 
26 -1 -1 -1 4 5 6 -1 -1 -1 25 -1 -1 -1 -1 -1 10 -1 -1 -1 -1 29 2 3 -1 9 -1 -1 -1 30 -1 -1 -1 -1 -1 -1 -1 -1 -1 -1 -1 -1 -1 -1 -1 -1 -1 -1 -1 -1 -1 -1 -1 -1 -1 -1 -1 -1 -1 -1 -1 -1 -1 -1 -1 -1 -1 18 -1 -1 15 -1 -1 -1 -1 -1 19 -1 -1 -1 -1 -1 -1 22 21 20 -1 -1 -1 -1 
26 -1 -1 -1 4 5 6 -1 -1 -1 25 -1 -1 -1 -1 -1 10 -1 -1 -1 -1 29 -1 3 -1 9 -1 -1 -1 30 -1 -1 -1 -1 -1 -1 -1 -1 2 -1 -1 -1 -1 -1 -1 -1 -1 -1 -1 -1 -1 -1 -1 -1 -1 -1 -1 -1 -1 -1 -1 -1 -1 -1 -1 -1 -1 18 -1 -1 15 -1 -1 -1 -1 -1 19 -1 -1 -1 -1 -1 -1 22 21 20 -1 -1 -1 -1 
26 -1 -1 -1 4 5 6 -1 -1 -1 -1 25 -1 -1 -1 -1 10 -1 -1 -1 -1 29 -1 3 -1 9 -1 -1 -1 30 -1 -1 -1 -1 -1 -1 -1 -1 2 -1 -1 -1 -1 -1 -1 -1 -1 -1 -1 -1 -1 -1 -1 -1 -1 -1 -1 -1 -1 -1 -1 -1 -1 -1 -1 -1 -1 18 -1 -1 15 -1 -1 -1 -1 -1 19 -1 -1 -1 -1 -1 -1 22 21 20 -1 -1 -1 -1 
26 -1 -1 -1 4 5 6 -1 -1 -1 -1 25 -1 -1 -1 -1 10 -1 -1 -1 -1 9 -1 3 -1 -1 -1 -1 -1 30 -1 -1 -1 -1 -1 -1 -1 -1 2 -1 -1 -1 -1 -1 -1 -1 -1 -1 -1 -1 -1 -1 -1 -1 -1 -1 -1 -1 -1 -1 -1 -1 -1 -1 -1 -1 -1 18 -1 -1 15 -1 -1 -1 -1 -1 19 -1 -1 -1 -1 -1 -1 22 21 20 -1 -1 -1 -1 
26 -1 -1 -1 4 5 6 -1 -1 -1 -1 25 -1 -1 -1 -1 10 -1 -1 -1 -1 9 -1 3 -1 -1 -1 -1 -1 -1 30 -1 -1 -1 -1 -1 -1 -1 2 -1 -1 -1 -1 -1 -1 -1 -1 -1 -1 -1 -1 -1 -1 -1 -1 -1 -1 -1 -1 -1 -1 -1 -1 -1 -1 -1 -1 18 -1 -1 15 -1 -1 -1 -1 -1 19 -1 -1 -1 -1 -1 -1 22 21 20 -1 -1 -1 -1 
26 -1 -1 -1 4 5 -1 -1 -1 -1 -1 25 -1 -1 -1 -1 10 -1 -1 -1 -1 9 6 3 -1 -1 -1 -1 -1 -1 30 -1 -1 -1 -1 -1 -1 -1 2 -1 -1 -1 -1 -1 -1 -1 -1 -1 -1 -1 -1 -1 -1 -1 -1 -1 -1 -1 -1 -1 -1 -1 -1 -1 -1 -1 -1 18 -1 -1 15 -1 -1 -1 -1 -1 19 -1 -1 -1 -1 -1 -1 22 21 20 -1 -1 -1 -1 
26 -1 -1 -1 4 5 -1 -1 -1 -1 -1 -1 -1 -1 -1 -1 10 -1 -1 -1 -1 9 6 3 -1 -1 -1 -1 -1 25 30 -1 -1 -1 -1 -1 -1 -1 2 -1 -1 -1 -1 -1 -1 -1 -1 -1 -1 -1 -1 -1 -1 -1 -1 -1 -1 -1 -1 -1 -1 -1 -1 -1 -1 -1 -1 18 -1 -1 15 -1 -1 -1 -1 -1 19 -1 -1 -1 -1 -1 -1 22 21 20 -1 -1 -1 -1 
26 -1 -1 -1 -1 5 -1 -1 -1 -1 -1 -1 -1 4 -1 -1 10 -1 -1 -1 -1 9 6 3 -1 -1 -1 -1 -1 25 30 -1 -1 -1 -1 -1 -1 -1 2 -1 -1 -1 -1 -1 -1 -1 -1 -1 -1 -1 -1 -1 -1 -1 -1 -1 -1 -1 -1 -1 -1 -1 -1 -1 -1 -1 -1 18 -1 -1 15 -1 -1 -1 -1 -1 19 -1 -1 -1 -1 -1 -1 22 21 20 -1 -1 -1 -1 
-1 -1 -1 -1 -1 5 -1 -1 -1 -1 -1 -1 -1 4 -1 -1 10 -1 -1 -1 -1 9 6 3 -1 -1 -1 -1 -1 25 30 -1 -1 -1 -1 -1 -1 -1 2 -1 -1 -1 -1 -1 -1 26 -1 -1 -1 -1 -1 -1 -1 -1 -1 -1 -1 -1 -1 -1 -1 -1 -1 -1 -1 -1 -1 18 -1 -1 15 -1 -1 -1 -1 -1 19 -1 -1 -1 -1 -1 -1 22 21 20 -1 -1 -1 -1 
-1 -1 6 -1 -1 5 -1 -1 -1 -1 -1 -1 -1 4 -1 -1 10 -1 -1 -1 -1 9 -1 3 -1 -1 -1 -1 -1 25 30 -1 -1 -1 -1 -1 -1 -1 2 -1 -1 -1 -1 -1 -1 26 -1 -1 -1 -1 -1 -1 -1 -1 -1 -1 -1 -1 -1 -1 -1 -1 -1 -1 -1 -1 -1 18 -1 -1 15 -1 -1 -1 -1 -1 19 -1 -1 -1 -1 -1 -1 22 21 20 -1 -1 -1 -1 
-1 -1 6 -1 -1 5 -1 -1 -1 -1 -1 -1 -1 4 -1 -1 10 -1 -1 -1 -1 9 -1 3 -1 -1 -1 -1 -1 25 30 -1 -1 -1 -1 -1 -1 -1 2 -1 -1 -1 -1 -1 -1 -1 -1 -1 -1 26 -1 -1 -1 -1 -1 -1 -1 -1 -1 -1 -1 -1 -1 -1 -1 -1 -1 18 -1 -1 15 -1 -1 -1 -1 -1 19 -1 -1 -1 -1 -1 -1 22 21 20 -1 -1 -1 -1 
-1 -1 6 -1 -1 5 -1 -1 -1 -1 -1 -1 -1 4 -1 -1 -1 -1 -1 -1 -1 9 -1 3 -1 -1 -1 -1 -1 25 30 -1 -1 -1 -1 -1 -1 -1 2 -1 -1 -1 -1 10 -1 -1 -1 -1 -1 26 -1 -1 -1 -1 -1 -1 -1 -1 -1 -1 -1 -1 -1 -1 -1 -1 -1 18 -1 -1 15 -1 -1 -1 -1 -1 19 -1 -1 -1 -1 -1 -1 22 21 20 -1 -1 -1 -1 
-1 -1 6 -1 -1 5 -1 -1 -1 -1 -1 -1 -1 4 -1 -1 -1 -1 -1 -1 -1 9 -1 3 -1 -1 -1 -1 -1 -1 30 -1 25 -1 -1 -1 -1 -1 2 -1 -1 -1 -1 10 -1 -1 -1 -1 -1 26 -1 -1 -1 -1 -1 -1 -1 -1 -1 -1 -1 -1 -1 -1 -1 -1 -1 18 -1 -1 15 -1 -1 -1 -1 -1 19 -1 -1 -1 -1 -1 -1 22 21 20 -1 -1 -1 -1 
-1 -1 6 -1 -1 5 -1 -1 -1 -1 -1 -1 -1 4 -1 -1 -1 -1 -1 -1 -1 9 -1 3 -1 -1 -1 -1 -1 -1 30 -1 25 -1 -1 -1 -1 -1 2 -1 -1 -1 -1 10 -1 -1 -1 -1 -1 26 -1 -1 -1 -1 -1 -1 -1 -1 -1 -1 -1 -1 -1 -1 -1 -1 -1 18 -1 15 -1 -1 -1 -1 -1 -1 19 -1 -1 -1 -1 -1 -1 22 21 20 -1 -1 -1 -1 
-1 -1 6 -1 -1 5 -1 -1 -1 -1 -1 -1 -1 4 -1 -1 -1 -1 -1 -1 -1 9 -1 3 -1 -1 -1 -1 -1 -1 30 -1 25 -1 -1 -1 -1 -1 2 -1 -1 -1 -1 10 -1 -1 -1 -1 -1 26 -1 -1 -1 -1 -1 -1 -1 -1 -1 -1 -1 -1 -1 -1 -1 -1 -1 18 19 15 -1 -1 -1 -1 -1 -1 -1 -1 -1 -1 -1 -1 -1 22 21 20 -1 -1 -1 -1 
-1 -1 6 -1 -1 5 -1 -1 -1 -1 -1 -1 -1 4 -1 -1 -1 -1 -1 -1 -1 9 -1 3 -1 -1 -1 -1 -1 -1 30 -1 25 -1 -1 -1 -1 -1 2 -1 -1 -1 -1 10 -1 -1 -1 -1 -1 26 14 -1 -1 -1 -1 -1 -1 -1 -1 -1 -1 -1 -1 -1 -1 -1 -1 18 19 15 -1 -1 -1 -1 -1 -1 -1 -1 -1 -1 -1 -1 -1 22 21 20 -1 -1 -1 -1 
-1 -1 6 -1 -1 5 -1 -1 -1 -1 -1 -1 -1 4 -1 -1 -1 -1 -1 -1 -1 9 -1 3 -1 -1 -1 -1 -1 -1 30 -1 25 -1 -1 -1 -1 -1 2 -1 -1 -1 -1 10 -1 -1 -1 -1 -1 26 14 -1 -1 -1 -1 -1 -1 -1 -1 -1 -1 -1 -1 -1 -1 -1 -1 18 19 15 -1 -1 -1 -1 -1 -1 21 -1 -1 -1 -1 -1 -1 22 -1 20 -1 -1 -1 -1 
-1 -1 6 -1 -1 5 -1 -1 -1 -1 -1 -1 -1 4 -1 -1 -1 -1 -1 -1 -1 9 -1 3 -1 -1 -1 -1 -1 -1 30 -1 25 -1 -1 -1 -1 -1 2 -1 -1 -1 -1 10 -1 -1 -1 -1 -1 26 -1 -1 -1 -1 -1 -1 -1 -1 -1 14 -1 -1 -1 -1 -1 -1 -1 18 19 15 -1 -1 -1 -1 -1 -1 21 -1 -1 -1 -1 -1 -1 22 -1 20 -1 -1 -1 -1 
-1 -1 6 -1 -1 5 -1 -1 -1 -1 -1 -1 -1 4 -1 -1 -1 -1 -1 -1 -1 9 -1 3 -1 -1 -1 -1 -1 -1 30 -1 25 -1 -1 -1 -1 -1 2 -1 -1 -1 -1 10 -1 -1 -1 -1 -1 26 -1 -1 -1 -1 -1 -1 -1 -1 -1 14 -1 -1 -1 -1 -1 -1 -1 18 21 15 -1 -1 -1 -1 -1 -1 -1 -1 -1 -1 -1 -1 -1 22 -1 20 -1 -1 -1 -1 
-1 -1 6 -1 -1 5 -1 -1 -1 -1 -1 -1 -1 4 -1 -1 -1 -1 -1 -1 -1 9 -1 3 -1 -1 -1 -1 -1 -1 30 -1 25 -1 -1 -1 -1 -1 2 -1 -1 -1 -1 10 -1 -1 -1 -1 -1 26 -1 -1 -1 -1 -1 -1 -1 -1 -1 -1 14 -1 -1 -1 -1 -1 -1 18 21 15 -1 -1 -1 -1 -1 -1 -1 -1 -1 -1 -1 -1 -1 22 -1 20 -1 -1 -1 -1 
-1 -1 6 -1 -1 5 -1 -1 -1 -1 -1 -1 -1 4 -1 -1 -1 -1 -1 -1 -1 9 -1 3 -1 -1 -1 -1 -1 -1 30 -1 25 -1 -1 -1 -1 -1 2 -1 -1 -1 -1 10 -1 -1 -1 -1 -1 26 -1 -1 -1 -1 -1 -1 -1 -1 -1 -1 14 -1 -1 -1 -1 -1 -1 18 21 15 -1 -1 -1 -1 -1 -1 -1 -1 -1 -1 -1 -1 -1 22 20 -1 -1 -1 -1 -1 
-1 -1 6 -1 -1 5 -1 -1 -1 -1 -1 -1 -1 4 -1 -1 -1 -1 -1 -1 -1 9 -1 3 -1 -1 -1 -1 -1 -1 30 -1 25 -1 -1 -1 -1 -1 2 10 -1 -1 -1 -1 -1 -1 -1 -1 -1 26 -1 -1 -1 -1 -1 -1 -1 -1 -1 -1 14 -1 -1 -1 -1 -1 -1 18 21 15 -1 -1 -1 -1 -1 -1 -1 -1 -1 -1 -1 -1 -1 22 20 -1 -1 -1 -1 -1 
-1 -1 6 -1 -1 5 -1 -1 -1 -1 -1 -1 -1 4 -1 -1 -1 -1 -1 -1 -1 9 -1 3 -1 -1 -1 -1 -1 -1 30 -1 25 -1 -1 -1 -1 -1 2 10 26 -1 -1 -1 -1 -1 -1 -1 -1 -1 -1 -1 -1 -1 -1 -1 -1 -1 -1 -1 14 -1 -1 -1 -1 -1 -1 18 21 15 -1 -1 -1 -1 -1 -1 -1 -1 -1 -1 -1 -1 -1 22 20 -1 -1 -1 -1 -1 
