0 1 2 3 4 5 6 7 8 -1 -1 -1 -1 -1 -1 -1 -1 -1 -1 9 -1 -1 -1 -1 -1 10 -1 11 -1 12 -1 13 -1 14 -1 15 -1 -1 -1 -1 -1 -1 -1 -1 -1 -1 -1 -1 -1 -1 -1 -1 -1 -1 -1 -1 -1 -1 29 -1 28 -1 27 -1 26 -1 -1 25 -1 -1 -1 -1 -1 -1 -1 -1 -1 -1 -1 -1 -1 24 23 22 21 20 19 18 17 16 
0 1 2 3 4 5 6 -1 8 -1 -1 -1 -1 -1 -1 -1 -1 -1 -1 9 -1 -1 -1 -1 7 10 -1 11 -1 12 -1 13 -1 14 -1 15 -1 -1 -1 -1 -1 -1 -1 -1 -1 -1 -1 -1 -1 -1 -1 -1 -1 -1 -1 -1 -1 -1 29 -1 28 -1 27 -1 26 -1 -1 25 -1 -1 -1 -1 -1 -1 -1 -1 -1 -1 -1 -1 -1 24 23 22 21 20 19 18 17 16 
0 1 2 3 4 5 6 -1 8 -1 -1 -1 -1 -1 -1 -1 -1 -1 -1 9 -1 -1 -1 -1 7 10 -1 11 -1 12 -1 13 -1 14 -1 15 -1 -1 -1 -1 -1 -1 -1 -1 -1 -1 -1 -1 -1 -1 -1 -1 -1 -1 -1 -1 -1 -1 29 -1 28 -1 27 -1 26 -1 -1 25 -1 17 -1 -1 -1 -1 -1 -1 -1 -1 -1 -1 -1 24 23 22 21 20 19 18 -1 16 
0 1 2 3 4 5 6 8 -1 -1 -1 -1 -1 -1 -1 -1 -1 -1 -1 9 -1 -1 -1 -1 7 10 -1 11 -1 12 -1 13 -1 14 -1 15 -1 -1 -1 -1 -1 -1 -1 -1 -1 -1 -1 -1 -1 -1 -1 -1 -1 -1 -1 -1 -1 -1 29 -1 28 -1 27 -1 26 -1 -1 25 -1 17 -1 -1 -1 -1 -1 -1 -1 -1 -1 -1 -1 24 23 22 21 20 19 18 -1 16 
0 1 2 3 4 5 6 8 -1 -1 -1 -1 -1 -1 -1 -1 -1 -1 -1 9 -1 -1 -1 -1 7 10 -1 11 -1 12 -1 13 -1 14 -1 15 -1 -1 -1 -1 -1 -1 -1 -1 -1 -1 -1 -1 -1 -1 -1 -1 -1 -1 -1 -1 -1 -1 29 -1 28 -1 27 -1 26 -1 -1 25 -1 17 -1 -1 -1 -1 -1 -1 -1 -1 -1 -1 -1 24 23 22 21 20 19 18 16 -1 
0 1 2 3 4 5 6 8 -1 -1 -1 -1 -1 -1 -1 -1 -1 -1 -1 9 -1 -1 -1 -1 7 10 -1 11 -1 12 -1 13 -1 -1 -1 15 -1 -1 -1 -1 -1 -1 14 -1 -1 -1 -1 -1 -1 -1 -1 -1 -1 -1 -1 -1 -1 -1 29 -1 28 -1 27 -1 26 -1 -1 25 -1 17 -1 -1 -1 -1 -1 -1 -1 -1 -1 -1 -1 24 23 22 21 20 19 18 16 -1 
0 1 2 3 4 5 6 8 -1 -1 -1 -1 -1 -1 -1 -1 -1 -1 -1 9 -1 -1 -1 -1 7 10 -1 11 -1 12 -1 13 -1 -1 16 15 -1 -1 -1 -1 -1 -1 14 -1 -1 -1 -1 -1 -1 -1 -1 -1 -1 -1 -1 -1 -1 -1 29 -1 28 -1 27 -1 26 -1 -1 25 -1 17 -1 -1 -1 -1 -1 -1 -1 -1 -1 -1 -1 24 23 22 21 20 19 18 -1 -1 
0 -1 2 3 4 5 6 8 -1 -1 -1 -1 -1 -1 -1 -1 -1 -1 -1 9 1 -1 -1 -1 7 10 -1 11 -1 12 -1 13 -1 -1 16 15 -1 -1 -1 -1 -1 -1 14 -1 -1 -1 -1 -1 -1 -1 -1 -1 -1 -1 -1 -1 -1 -1 29 -1 28 -1 27 -1 26 -1 -1 25 -1 17 -1 -1 -1 -1 -1 -1 -1 -1 -1 -1 -1 24 23 22 21 20 19 18 -1 -1 
0 -1 2 3 4 5 6 8 -1 -1 -1 -1 -1 -1 -1 -1 -1 -1 -1 9 1 -1 -1 -1 7 10 -1 11 -1 12 -1 13 -1 -1 16 15 -1 -1 -1 -1 -1 -1 14 -1 -1 -1 -1 -1 -1 -1 -1 -1 -1 -1 -1 -1 -1 -1 29 -1 28 -1 27 -1 26 23 -1 25 -1 17 -1 -1 -1 -1 -1 -1 -1 -1 -1 -1 -1 24 -1 22 21 20 19 18 -1 -1 
0 -1 2 3 4 5 6 8 -1 -1 -1 -1 -1 -1 -1 -1 -1 -1 -1 9 1 -1 -1 -1 7 10 -1 11 -1 -1 -1 13 -1 -1 16 15 -1 -1 12 -1 -1 -1 14 -1 -1 -1 -1 -1 -1 -1 -1 -1 -1 -1 -1 -1 -1 -1 29 -1 28 -1 27 -1 26 23 -1 25 -1 17 -1 -1 -1 -1 -1 -1 -1 -1 -1 -1 -1 24 -1 22 21 20 19 18 -1 -1 
0 -1 2 3 4 5 6 8 -1 -1 -1 -1 -1 -1 -1 -1 -1 -1 -1 9 1 -1 -1 -1 7 10 -1 11 -1 -1 -1 13 -1 -1 16 15 -1 -1 12 -1 -1 -1 14 -1 -1 -1 -1 -1 -1 -1 -1 -1 -1 -1 -1 -1 -1 -1 29 -1 28 -1 27 -1 26 23 -1 25 -1 17 -1 -1 24 -1 -1 -1 -1 -1 -1 -1 -1 -1 -1 22 21 20 19 18 -1 -1 
0 -1 2 3 4 5 6 8 -1 -1 -1 -1 -1 -1 -1 -1 -1 -1 -1 -1 1 -1 -1 -1 7 10 -1 11 9 -1 -1 13 -1 -1 16 15 -1 -1 12 -1 -1 -1 14 -1 -1 -1 -1 -1 -1 -1 -1 -1 -1 -1 -1 -1 -1 -1 29 -1 28 -1 27 -1 26 23 -1 25 -1 17 -1 -1 24 -1 -1 -1 -1 -1 -1 -1 -1 -1 -1 22 21 20 19 18 -1 -1 
0 -1 2 3 4 5 6 8 -1 -1 -1 -1 -1 -1 -1 -1 -1 -1 -1 -1 1 -1 -1 -1 7 10 -1 11 9 -1 -1 13 -1 -1 -1 15 -1 -1 12 -1 -1 -1 14 -1 -1 -1 -1 -1 -1 -1 -1 -1 16 -1 -1 -1 -1 -1 29 -1 28 -1 27 -1 26 23 -1 25 -1 17 -1 -1 24 -1 -1 -1 -1 -1 -1 -1 -1 -1 -1 22 21 20 19 18 -1 -1 
0 -1 -1 3 4 5 6 8 -1 -1 -1 -1 -1 -1 -1 -1 -1 -1 -1 -1 1 -1 2 -1 7 10 -1 11 9 -1 -1 13 -1 -1 -1 15 -1 -1 12 -1 -1 -1 14 -1 -1 -1 -1 -1 -1 -1 -1 -1 16 -1 -1 -1 -1 -1 29 -1 28 -1 27 -1 26 23 -1 25 -1 17 -1 -1 24 -1 -1 -1 -1 -1 -1 -1 -1 -1 -1 22 21 20 19 18 -1 -1 
0 -1 -1 3 4 5 6 8 -1 -1 -1 -1 -1 -1 -1 -1 -1 -1 -1 -1 1 -1 2 -1 7 10 -1 11 9 -1 -1 13 -1 -1 -1 15 -1 -1 12 -1 -1 -1 14 -1 -1 -1 -1 30 -1 -1 -1 -1 16 -1 -1 -1 -1 -1 29 -1 28 -1 27 -1 26 23 -1 25 -1 17 -1 -1 24 -1 -1 -1 -1 -1 -1 -1 -1 -1 -1 22 21 20 19 18 -1 -1 
0 -1 -1 3 4 5 6 8 -1 -1 -1 -1 -1 -1 -1 -1 -1 -1 -1 -1 1 -1 2 -1 7 -1 -1 11 9 -1 -1 13 -1 -1 -1 15 -1 -1 12 -1 -1 -1 14 10 -1 -1 -1 30 -1 -1 -1 -1 16 -1 -1 -1 -1 -1 29 -1 28 -1 27 -1 26 23 -1 25 -1 17 -1 -1 24 -1 -1 -1 -1 -1 -1 -1 -1 -1 -1 22 21 20 19 18 -1 -1 
0 -1 -1 3 4 5 6 8 -1 -1 -1 -1 -1 -1 -1 -1 -1 -1 -1 -1 1 -1 2 -1 7 -1 -1 11 9 -1 -1 13 -1 -1 -1 15 -1 -1 12 -1 -1 -1 14 10 -1 -1 -1 30 -1 -1 -1 -1 16 -1 -1 -1 -1 -1 29 -1 28 -1 27 -1 26 23 -1 25 -1 17 -1 -1 -1 -1 -1 24 -1 -1 -1 -1 -1 -1 -1 22 21 20 19 18 -1 -1 
0 -1 -1 -1 4 5 6 8 -1 -1 -1 -1 -1 3 -1 -1 -1 -1 -1 -1 1 -1 2 -1 7 -1 -1 11 9 -1 -1 13 -1 -1 -1 15 -1 -1 12 -1 -1 -1 14 10 -1 -1 -1 30 -1 -1 -1 -1 16 -1 -1 -1 -1 -1 29 -1 28 -1 27 -1 26 23 -1 25 -1 17 -1 -1 -1 -1 -1 24 -1 -1 -1 -1 -1 -1 -1 22 21 20 19 18 -1 -1 
0 -1 -1 -1 4 5 6 8 -1 -1 -1 -1 24 3 -1 -1 -1 -1 -1 -1 1 -1 2 -1 7 -1 -1 11 9 -1 -1 13 -1 -1 -1 15 -1 -1 12 -1 -1 -1 14 10 -1 -1 -1 30 -1 -1 -1 -1 16 -1 -1 -1 -1 -1 29 -1 28 -1 27 -1 26 23 -1 25 -1 17 -1 -1 -1 -1 -1 -1 -1 -1 -1 -1 -1 -1 -1 22 21 20 19 18 -1 -1 
0 -1 -1 -1 4 5 6 8 -1 -1 -1 -1 24 3 -1 -1 -1 -1 -1 -1 1 -1 2 -1 7 -1 -1 11 -1 -1 -1 13 -1 -1 -1 15 -1 -1 12 -1 -1 -1 14 10 -1 -1 -1 30 -1 -1 -1 -1 16 -1 -1 9 -1 -1 29 -1 28 -1 27 -1 26 23 -1 25 -1 17 -1 -1 -1 -1 -1 -1 -1 -1 -1 -1 -1 -1 -1 22 21 20 19 18 -1 -1 
0 -1 -1 -1 4 5 6 8 -1 -1 -1 -1 24 3 -1 -1 -1 -1 -1 -1 1 -1 2 -1 7 -1 -1 11 -1 -1 -1 13 -1 -1 -1 15 -1 -1 12 -1 -1 -1 14 10 -1 -1 -1 30 -1 -1 -1 -1 16 -1 -1 9 -1 -1 29 -1 28 -1 27 -1 26 23 25 -1 -1 17 -1 -1 -1 -1 -1 -1 -1 -1 -1 -1 -1 -1 -1 22 21 20 19 18 -1 -1 
-1 -1 0 -1 4 5 6 8 -1 -1 -1 -1 24 3 -1 -1 -1 -1 -1 -1 1 -1 2 -1 7 -1 -1 11 -1 -1 -1 13 -1 -1 -1 15 -1 -1 12 -1 -1 -1 14 10 -1 -1 -1 30 -1 -1 -1 -1 16 -1 -1 9 -1 -1 29 -1 28 -1 27 -1 26 23 25 -1 -1 17 -1 -1 -1 -1 -1 -1 -1 -1 -1 -1 -1 -1 -1 22 21 20 19 18 -1 -1 
-1 -1 0 -1 4 5 6 8 -1 -1 -1 -1 24 3 -1 -1 -1 -1 -1 -1 1 -1 2 -1 7 -1 -1 11 -1 -1 -1 13 -1 -1 -1 15 -1 -1 12 -1 -1 -1 14 10 -1 -1 23 30 -1 -1 -1 -1 16 -1 -1 9 -1 -1 29 -1 28 -1 27 -1 26 -1 25 -1 -1 17 -1 -1 -1 -1 -1 -1 -1 -1 -1 -1 -1 -1 -1 22 21 20 19 18 -1 -1 
-1 -1 0 -1 4 5 6 8 -1 -1 -1 -1 24 3 -1 -1 -1 -1 -1 -1 1 -1 2 -1 7 -1 -1 11 -1 -1 -1 13 -1 -1 -1 15 -1 -1 12 -1 -1 -1 14 10 -1 -1 23 30 -1 -1 -1 -1 16 -1 -1 -1 -1 -1 29 -1 9 -1 27 -1 26 -1 25 -1 -1 17 -1 -1 -1 -1 -1 -1 -1 -1 -1 -1 -1 -1 -1 22 21 20 19 18 -1 -1 
-1 -1 0 -1 4 5 6 8 -1 -1 -1 -1 24 3 -1 -1 -1 -1 -1 -1 1 -1 2 -1 7 -1 -1 11 -1 -1 -1 13 -1 -1 -1 15 -1 -1 12 -1 -1 -1 14 10 -1 -1 23 30 -1 -1 -1 -1 16 -1 -1 -1 -1 -1 29 -1 9 -1 27 -1 26 -1 25 18 -1 17 -1 -1 -1 -1 -1 -1 -1 -1 -1 -1 -1 -1 -1 22 21 20 19 -1 -1 -1 
-1 -1 0 -1 4 5 6 8 -1 -1 -1 -1 24 3 -1 -1 -1 -1 -1 -1 1 -1 2 -1 -1 -1 -1 11 -1 -1 -1 13 -1 -1 -1 15 -1 -1 12 -1 -1 7 14 10 -1 -1 23 30 -1 -1 -1 -1 16 -1 -1 -1 -1 -1 29 -1 9 -1 27 -1 26 -1 25 18 -1 17 -1 -1 -1 -1 -1 -1 -1 -1 -1 -1 -1 -1 -1 22 21 20 19 -1 -1 -1 
-1 -1 0 -1 4 5 6 8 -1 -1 -1 -1 24 3 -1 -1 -1 -1 -1 -1 1 -1 2 -1 -1 -1 -1 11 -1 -1 -1 13 -1 -1 -1 15 -1 -1 12 -1 -1 7 14 10 -1 -1 23 30 -1 -1 -1 -1 16 -1 -1 -1 -1 -1 29 -1 9 -1 27 -1 26 25 -1 18 -1 17 -1 -1 -1 -1 -1 -1 -1 -1 -1 -1 -1 -1 -1 22 21 20 19 -1 -1 -1 
-1 -1 0 -1 4 5 6 8 -1 -1 -1 -1 24 3 -1 -1 -1 -1 -1 -1 1 -1 2 -1 -1 -1 -1 11 -1 -1 -1 13 -1 -1 -1 15 -1 -1 12 -1 -1 7 -1 10 -1 -1 23 30 -1 -1 -1 14 16 -1 -1 -1 -1 -1 29 -1 9 -1 27 -1 26 25 -1 18 -1 17 -1 -1 -1 -1 -1 -1 -1 -1 -1 -1 -1 -1 -1 22 21 20 19 -1 -1 -1 
-1 -1 0 -1 4 5 6 8 -1 -1 -1 -1 24 3 -1 -1 -1 -1 -1 -1 1 -1 2 -1 -1 -1 -1 11 -1 -1 -1 13 -1 -1 -1 15 -1 -1 12 -1 -1 7 -1 10 -1 -1 23 30 -1 -1 -1 16 -1 -1 -1 -1 -1 -1 29 -1 9 -1 27 -1 26 25 -1 18 -1 17 -1 -1 -1 -1 -1 -1 -1 -1 -1 -1 -1 -1 -1 22 21 20 19 -1 -1 -1 
-1 -1 0 -1 4 5 6 8 -1 -1 -1 -1 24 3 -1 -1 -1 -1 -1 -1 1 -1 2 -1 -1 -1 -1 11 -1 -1 -1 13 -1 -1 -1 15 -1 -1 12 -1 -1 7 -1 -1 -1 -1 23 30 -1 -1 -1 16 -1 -1 -1 -1 -1 -1 29 -1 9 -1 27 -1 26 25 -1 18 -1 17 10 -1 -1 -1 -1 -1 -1 -1 -1 -1 -1 -1 -1 22 21 20 19 -1 -1 -1 
-1 -1 0 -1 4 5 6 8 -1 -1 -1 -1 -1 3 -1 -1 -1 -1 -1 -1 1 -1 2 -1 -1 -1 -1 11 -1 -1 -1 13 -1 -1 -1 15 -1 -1 12 -1 -1 7 -1 -1 -1 -1 23 30 -1 -1 -1 16 -1 -1 -1 -1 -1 -1 29 -1 9 -1 27 -1 26 25 -1 18 -1 17 10 -1 -1 -1 -1 24 -1 -1 -1 -1 -1 -1 -1 22 21 20 19 -1 -1 -1 
-1 -1 0 -1 4 5 6 -1 -1 -1 -1 -1 -1 3 -1 -1 -1 -1 -1 -1 1 -1 2 -1 -1 -1 -1 11 -1 -1 -1 13 -1 -1 -1 15 -1 -1 12 -1 -1 7 -1 -1 -1 -1 23 30 -1 -1 -1 16 -1 -1 -1 -1 -1 -1 29 -1 9 8 27 -1 26 25 -1 18 -1 17 10 -1 -1 -1 -1 24 -1 -1 -1 -1 -1 -1 -1 22 21 20 19 -1 -1 -1 
-1 -1 0 -1 4 5 6 -1 -1 -1 -1 -1 -1 3 -1 -1 -1 -1 -1 -1 1 -1 2 -1 -1 -1 -1 11 -1 -1 -1 13 -1 -1 -1 15 -1 -1 30 -1 -1 7 -1 -1 -1 -1 23 -1 -1 -1 -1 16 -1 -1 -1 -1 -1 -1 29 -1 9 8 27 -1 26 25 -1 18 -1 17 10 -1 -1 -1 -1 24 -1 -1 -1 -1 -1 -1 -1 22 21 20 19 -1 -1 -1 
-1 -1 0 -1 4 5 6 -1 -1 -1 -1 -1 -1 3 -1 -1 -1 -1 -1 -1 1 -1 2 -1 -1 -1 -1 11 -1 -1 -1 13 -1 -1 -1 15 -1 -1 30 -1 -1 7 -1 -1 -1 -1 23 -1 -1 -1 -1 16 -1 -1 -1 -1 -1 -1 29 -1 -1 8 9 -1 26 25 -1 18 -1 17 10 -1 -1 -1 -1 24 -1 -1 -1 -1 -1 -1 -1 22 21 20 19 -1 -1 -1 
-1 -1 0 -1 4 5 6 -1 -1 -1 -1 -1 -1 3 -1 -1 -1 -1 -1 -1 1 -1 2 -1 -1 -1 -1 11 -1 -1 -1 13 -1 -1 -1 15 -1 -1 30 -1 -1 7 -1 -1 -1 -1 23 -1 -1 -1 16 -1 -1 -1 -1 -1 -1 -1 29 -1 -1 8 9 -1 26 25 -1 18 -1 17 10 -1 -1 -1 -1 24 -1 -1 -1 -1 -1 -1 -1 22 21 20 19 -1 -1 -1 
-1 -1 0 -1 4 5 6 -1 -1 -1 -1 -1 -1 3 -1 -1 -1 -1 -1 -1 1 -1 2 -1 -1 -1 -1 11 -1 -1 -1 13 -1 -1 -1 15 -1 -1 30 -1 -1 7 -1 -1 -1 -1 23 -1 -1 -1 16 -1 -1 -1 -1 -1 -1 -1 29 -1 -1 8 -1 -1 26 25 -1 18 -1 17 10 -1 -1 -1 -1 24 -1 -1 -1 -1 -1 -1 -1 22 21 20 19 -1 -1 9 
-1 -1 0 -1 4 5 6 -1 -1 -1 -1 -1 -1 3 -1 -1 -1 -1 -1 -1 1 -1 2 -1 -1 -1 -1 11 -1 -1 -1 13 -1 -1 -1 15 -1 -1 30 -1 -1 7 -1 -1 -1 -1 23 -1 -1 -1 16 -1 -1 -1 -1 -1 -1 -1 29 -1 -1 8 -1 -1 26 25 -1 -1 -1 17 10 -1 -1 -1 -1 24 -1 -1 -1 -1 -1 -1 -1 22 21 20 19 18 -1 9 
-1 -1 0 -1 4 5 6 -1 -1 -1 -1 -1 -1 3 -1 -1 -1 -1 -1 -1 1 -1 2 -1 -1 -1 -1 11 -1 -1 -1 13 -1 -1 -1 15 -1 -1 30 -1 -1 7 -1 -1 -1 -1 23 -1 -1 -1 16 -1 -1 -1 -1 -1 -1 -1 29 -1 -1 8 -1 -1 26 25 -1 -1 -1 17 -1 -1 -1 -1 -1 24 -1 -1 -1 -1 -1 -1 -1 22 21 20 19 18 10 9 
-1 -1 0 -1 4 5 6 -1 -1 -1 -1 -1 -1 3 -1 -1 -1 -1 -1 -1 1 -1 2 -1 -1 -1 -1 11 -1 -1 -1 13 -1 -1 -1 15 -1 -1 30 -1 -1 16 -1 -1 -1 -1 23 -1 -1 -1 -1 -1 -1 -1 -1 -1 -1 -1 29 -1 -1 8 -1 -1 26 25 -1 -1 -1 17 -1 -1 -1 -1 -1 24 -1 -1 -1 -1 -1 -1 -1 22 21 20 19 18 10 9 
-1 -1 0 -1 4 5 6 -1 -1 -1 -1 -1 -1 3 -1 -1 -1 -1 -1 -1 1 -1 2 -1 -1 -1 -1 11 -1 -1 -1 13 -1 -1 -1 15 -1 -1 30 -1 -1 16 -1 -1 -1 -1 23 -1 -1 -1 -1 -1 -1 -1 -1 -1 -1 -1 29 -1 -1 8 -1 -1 26 25 -1 -1 -1 17 -1 -1 -1 -1 -1 24 -1 -1 -1 -1 -1 -1 -1 22 21 20 19 9 10 -1 
-1 -1 0 -1 4 5 6 -1 -1 -1 -1 -1 -1 3 -1 -1 -1 -1 -1 -1 1 -1 2 -1 -1 -1 -1 11 -1 -1 -1 13 -1 -1 -1 15 -1 -1 30 -1 -1 16 -1 -1 -1 -1 23 -1 -1 -1 -1 -1 -1 -1 -1 -1 -1 -1 29 -1 -1 8 -1 -1 26 25 -1 -1 -1 17 -1 -1 -1 -1 -1 24 20 -1 -1 -1 -1 -1 -1 22 21 -1 19 9 10 -1 
-1 -1 0 -1 4 5 6 -1 -1 -1 -1 -1 -1 3 -1 -1 -1 -1 -1 -1 1 -1 2 -1 -1 -1 -1 11 -1 -1 -1 13 -1 -1 -1 15 -1 -1 30 -1 -1 16 -1 -1 -1 -1 23 -1 -1 -1 -1 -1 -1 -1 -1 -1 -1 -1 29 -1 -1 8 -1 -1 26 25 -1 -1 -1 17 -1 -1 -1 -1 -1 24 20 -1 -1 -1 -1 -1 -1 22 21 -1 19 9 -1 10 
-1 -1 0 -1 4 5 6 -1 -1 -1 -1 -1 -1 3 -1 -1 -1 -1 -1 -1 1 -1 2 -1 -1 -1 -1 11 -1 -1 -1 13 -1 -1 -1 15 -1 -1 30 -1 -1 16 -1 -1 -1 -1 23 -1 24 -1 -1 -1 -1 -1 -1 -1 -1 -1 29 -1 -1 8 -1 -1 26 25 -1 -1 -1 17 -1 -1 -1 -1 -1 -1 20 -1 -1 -1 -1 -1 -1 22 21 -1 19 9 -1 10 
-1 -1 0 -1 4 5 6 -1 -1 -1 -1 -1 -1 3 -1 -1 -1 -1 -1 -1 1 -1 2 -1 -1 -1 -1 11 -1 -1 -1 13 -1 -1 -1 15 -1 -1 30 -1 -1 16 -1 -1 -1 -1 23 -1 24 -1 -1 -1 -1 -1 -1 -1 -1 -1 29 -1 -1 -1 -1 -1 26 25 -1 -1 -1 17 -1 -1 -1 -1 -1 -1 20 -1 -1 8 -1 -1 -1 22 21 -1 19 9 -1 10 
-1 -1 0 -1 4 5 6 -1 -1 -1 -1 -1 -1 3 -1 -1 -1 -1 -1 -1 1 -1 2 -1 -1 -1 -1 11 -1 -1 -1 13 -1 -1 -1 15 -1 -1 30 -1 -1 -1 -1 -1 -1 -1 23 -1 24 -1 -1 -1 -1 -1 -1 -1 -1 -1 29 -1 -1 -1 -1 -1 26 25 -1 -1 -1 17 -1 -1 -1 -1 -1 -1 20 16 -1 8 -1 -1 -1 22 21 -1 19 9 -1 10 
-1 -1 0 -1 4 5 6 -1 -1 -1 -1 -1 -1 3 -1 -1 -1 -1 -1 -1 1 -1 2 -1 -1 -1 -1 11 -1 -1 -1 13 -1 -1 -1 15 -1 -1 30 -1 -1 -1 -1 -1 -1 -1 23 -1 24 -1 -1 -1 -1 -1 -1 -1 -1 -1 29 -1 -1 -1 -1 -1 26 25 -1 -1 -1 17 -1 -1 -1 -1 -1 -1 20 16 9 8 -1 -1 -1 22 21 -1 19 -1 -1 10 
-1 -1 0 -1 4 5 6 -1 -1 -1 -1 -1 -1 3 -1 -1 -1 -1 -1 -1 1 -1 2 -1 -1 -1 -1 11 -1 -1 -1 13 -1 -1 -1 15 -1 -1 30 -1 -1 -1 -1 -1 -1 -1 23 -1 24 -1 16 -1 -1 -1 -1 -1 -1 -1 29 -1 -1 -1 -1 -1 26 25 -1 -1 -1 17 -1 -1 -1 -1 -1 -1 20 -1 9 8 -1 -1 -1 22 21 -1 19 -1 -1 10 
-1 -1 0 -1 4 5 6 -1 -1 -1 -1 -1 -1 3 -1 -1 -1 -1 -1 -1 1 -1 2 -1 -1 -1 -1 11 -1 -1 -1 13 -1 -1 -1 15 -1 -1 30 -1 -1 -1 -1 -1 -1 -1 23 -1 24 -1 16 -1 -1 -1 -1 -1 -1 -1 29 -1 -1 -1 -1 -1 26 25 -1 -1 -1 17 -1 -1 -1 -1 -1 -1 20 -1 9 8 10 -1 -1 22 21 -1 19 -1 -1 -1 
-1 -1 0 -1 4 5 6 -1 -1 -1 -1 -1 -1 3 -1 -1 -1 -1 -1 -1 1 -1 2 -1 -1 -1 -1 11 -1 -1 -1 13 -1 -1 -1 15 -1 -1 30 -1 -1 -1 -1 -1 -1 -1 23 -1 24 -1 16 -1 -1 -1 -1 -1 -1 -1 29 -1 -1 -1 -1 -1 26 25 -1 -1 -1 -1 -1 -1 -1 -1 -1 -1 20 -1 9 8 17 -1 -1 22 21 -1 19 -1 -1 -1 
-1 -1 0 -1 4 5 6 -1 -1 -1 -1 -1 -1 3 -1 -1 -1 -1 -1 -1 1 -1 2 -1 -1 -1 -1 11 -1 -1 -1 13 -1 -1 -1 15 -1 -1 30 -1 -1 -1 -1 -1 -1 -1 23 -1 24 -1 16 -1 -1 -1 -1 -1 -1 -1 29 -1 -1 -1 -1 -1 26 25 -1 -1 -1 -1 -1 -1 -1 -1 -1 -1 20 -1 -1 8 9 -1 -1 22 21 -1 19 -1 -1 -1 
-1 -1 0 -1 4 5 6 -1 -1 -1 -1 -1 -1 3 -1 -1 -1 -1 -1 -1 1 -1 2 -1 -1 -1 -1 11 -1 -1 -1 13 -1 -1 -1 15 -1 -1 30 -1 -1 -1 -1 -1 -1 -1 23 -1 24 -1 16 -1 -1 -1 -1 -1 -1 -1 29 -1 -1 -1 -1 -1 26 25 -1 20 -1 -1 -1 -1 -1 -1 -1 -1 -1 -1 -1 8 9 -1 -1 22 21 -1 19 -1 -1 -1 
-1 -1 0 -1 4 5 6 -1 -1 -1 -1 -1 -1 3 -1 -1 -1 -1 -1 -1 1 -1 2 -1 -1 -1 -1 11 -1 -1 -1 13 -1 -1 -1 15 -1 -1 30 -1 -1 -1 -1 -1 -1 -1 23 -1 24 -1 16 -1 -1 -1 -1 -1 -1 -1 29 -1 -1 -1 -1 -1 26 25 -1 20 -1 -1 -1 -1 -1 8 -1 -1 -1 -1 -1 -1 9 -1 -1 22 21 -1 19 -1 -1 -1 
-1 -1 0 -1 4 5 6 -1 -1 -1 -1 -1 -1 3 -1 -1 -1 -1 -1 -1 1 -1 2 -1 -1 -1 -1 11 -1 -1 -1 13 -1 -1 -1 15 -1 -1 30 -1 -1 -1 -1 -1 -1 -1 23 -1 24 -1 16 -1 -1 -1 -1 -1 -1 -1 29 -1 -1 -1 -1 26 -1 25 -1 20 -1 -1 -1 -1 -1 8 -1 -1 -1 -1 -1 -1 9 -1 -1 22 21 -1 19 -1 -1 -1 
-1 -1 0 -1 4 5 6 -1 -1 -1 -1 -1 -1 3 -1 -1 -1 -1 -1 -1 1 -1 2 -1 -1 -1 -1 11 -1 -1 -1 13 -1 -1 -1 -1 -1 -1 30 -1 -1 -1 -1 -1 15 -1 23 -1 24 -1 16 -1 -1 -1 -1 -1 -1 -1 29 -1 -1 -1 -1 26 -1 25 -1 20 -1 -1 -1 -1 -1 8 -1 -1 -1 -1 -1 -1 9 -1 -1 22 21 -1 19 -1 -1 -1 
-1 -1 0 -1 4 5 6 -1 -1 -1 -1 -1 -1 3 -1 -1 -1 -1 -1 -1 1 -1 2 -1 -1 -1 -1 11 -1 30 -1 13 -1 -1 -1 -1 -1 -1 -1 -1 -1 -1 -1 -1 15 -1 23 -1 24 -1 16 -1 -1 -1 -1 -1 -1 -1 29 -1 -1 -1 -1 26 -1 25 -1 20 -1 -1 -1 -1 -1 8 -1 -1 -1 -1 -1 -1 9 -1 -1 22 21 -1 19 -1 -1 -1 
-1 -1 0 -1 4 5 6 -1 -1 -1 -1 -1 -1 3 -1 -1 -1 -1 -1 -1 1 -1 2 -1 -1 -1 -1 11 -1 30 -1 13 -1 -1 -1 -1 -1 -1 -1 -1 -1 -1 -1 -1 15 -1 23 -1 24 -1 16 -1 -1 9 -1 -1 -1 -1 29 -1 -1 -1 -1 26 -1 25 -1 20 -1 -1 -1 -1 -1 8 -1 -1 -1 -1 -1 -1 -1 -1 -1 22 21 -1 19 -1 -1 -1 
-1 -1 0 -1 4 5 6 -1 -1 -1 -1 -1 -1 3 -1 -1 -1 -1 -1 -1 1 -1 2 -1 -1 -1 -1 11 -1 30 -1 13 -1 -1 -1 -1 -1 -1 -1 -1 -1 -1 -1 -1 15 -1 23 -1 -1 -1 16 -1 -1 9 -1 -1 -1 24 29 -1 -1 -1 -1 26 -1 25 -1 20 -1 -1 -1 -1 -1 8 -1 -1 -1 -1 -1 -1 -1 -1 -1 22 21 -1 19 -1 -1 -1 
-1 -1 0 -1 4 5 6 -1 -1 -1 -1 -1 -1 3 -1 -1 -1 -1 -1 -1 1 -1 2 -1 -1 -1 -1 11 -1 30 -1 13 -1 -1 -1 -1 -1 -1 -1 -1 -1 -1 -1 -1 15 -1 9 -1 -1 -1 16 -1 -1 -1 -1 -1 -1 24 29 -1 -1 -1 -1 26 -1 25 -1 20 -1 -1 -1 -1 -1 8 -1 -1 -1 -1 -1 -1 -1 -1 -1 22 21 -1 19 -1 -1 -1 
-1 -1 0 -1 4 5 6 -1 -1 -1 -1 -1 -1 3 -1 -1 -1 -1 -1 -1 25 -1 2 -1 -1 -1 -1 11 -1 30 -1 13 -1 -1 -1 -1 -1 -1 -1 -1 -1 -1 -1 -1 15 -1 9 -1 -1 -1 16 -1 -1 -1 -1 -1 -1 24 29 -1 -1 -1 -1 26 -1 -1 -1 20 -1 -1 -1 -1 -1 8 -1 -1 -1 -1 -1 -1 -1 -1 -1 22 21 -1 19 -1 -1 -1 
-1 -1 0 -1 4 5 6 -1 -1 -1 -1 -1 -1 3 -1 -1 -1 -1 -1 -1 25 -1 2 -1 -1 -1 -1 11 -1 30 -1 13 -1 -1 -1 -1 -1 9 -1 -1 -1 -1 -1 -1 15 -1 -1 -1 -1 -1 16 -1 -1 -1 -1 -1 -1 24 29 -1 -1 -1 -1 26 -1 -1 -1 20 -1 -1 -1 -1 -1 8 -1 -1 -1 -1 -1 -1 -1 -1 -1 22 21 -1 19 -1 -1 -1 
-1 -1 0 -1 4 5 6 -1 -1 -1 -1 -1 -1 3 -1 -1 -1 -1 -1 -1 25 -1 2 -1 -1 -1 -1 26 -1 30 -1 13 -1 -1 -1 -1 -1 9 -1 -1 -1 -1 -1 -1 15 -1 -1 -1 -1 -1 16 -1 -1 -1 -1 -1 -1 24 29 -1 -1 -1 -1 -1 -1 -1 -1 20 -1 -1 -1 -1 -1 8 -1 -1 -1 -1 -1 -1 -1 -1 -1 22 21 -1 19 -1 -1 -1 
-1 -1 0 -1 4 5 6 -1 -1 -1 -1 -1 -1 3 -1 -1 -1 -1 -1 -1 25 -1 2 -1 -1 -1 -1 26 -1 30 -1 -1 -1 -1 -1 -1 -1 9 -1 -1 13 -1 -1 -1 15 -1 -1 -1 -1 -1 16 -1 -1 -1 -1 -1 -1 24 29 -1 -1 -1 -1 -1 -1 -1 -1 20 -1 -1 -1 -1 -1 8 -1 -1 -1 -1 -1 -1 -1 -1 -1 22 21 -1 19 -1 -1 -1 
-1 -1 0 -1 4 5 6 -1 -1 -1 -1 -1 -1 3 -1 -1 -1 -1 -1 -1 25 -1 2 -1 -1 -1 -1 -1 -1 30 -1 -1 -1 -1 -1 -1 26 9 -1 -1 13 -1 -1 -1 15 -1 -1 -1 -1 -1 16 -1 -1 -1 -1 -1 -1 24 29 -1 -1 -1 -1 -1 -1 -1 -1 20 -1 -1 -1 -1 -1 8 -1 -1 -1 -1 -1 -1 -1 -1 -1 22 21 -1 19 -1 -1 -1 
-1 -1 0 -1 4 5 6 -1 -1 -1 9 -1 -1 3 -1 -1 -1 -1 -1 -1 25 -1 2 -1 -1 -1 -1 -1 -1 30 -1 -1 -1 -1 -1 -1 26 -1 -1 -1 13 -1 -1 -1 15 -1 -1 -1 -1 -1 16 -1 -1 -1 -1 -1 -1 24 29 -1 -1 -1 -1 -1 -1 -1 -1 20 -1 -1 -1 -1 -1 8 -1 -1 -1 -1 -1 -1 -1 -1 -1 22 21 -1 19 -1 -1 -1 
-1 -1 0 -1 4 5 6 -1 -1 -1 9 -1 -1 3 -1 -1 -1 -1 -1 -1 25 -1 2 -1 -1 -1 -1 -1 -1 30 -1 -1 -1 -1 -1 -1 26 -1 -1 24 13 -1 -1 -1 15 -1 -1 -1 -1 -1 16 -1 -1 -1 -1 -1 -1 -1 29 -1 -1 -1 -1 -1 -1 -1 -1 20 -1 -1 -1 -1 -1 8 -1 -1 -1 -1 -1 -1 -1 -1 -1 22 21 -1 19 -1 -1 -1 
-1 -1 0 -1 4 5 6 -1 -1 -1 -1 -1 -1 3 -1 -1 -1 -1 -1 -1 25 -1 2 -1 -1 -1 -1 -1 -1 30 -1 -1 -1 -1 -1 -1 26 9 -1 24 13 -1 -1 -1 15 -1 -1 -1 -1 -1 16 -1 -1 -1 -1 -1 -1 -1 29 -1 -1 -1 -1 -1 -1 -1 -1 20 -1 -1 -1 -1 -1 8 -1 -1 -1 -1 -1 -1 -1 -1 -1 22 21 -1 19 -1 -1 -1 
-1 -1 0 -1 4 5 6 -1 -1 -1 -1 -1 -1 3 -1 -1 -1 -1 -1 -1 25 -1 2 -1 -1 -1 -1 -1 -1 30 -1 -1 -1 -1 -1 -1 26 9 -1 -1 13 -1 -1 -1 15 -1 -1 -1 24 -1 16 -1 -1 -1 -1 -1 -1 -1 29 -1 -1 -1 -1 -1 -1 -1 -1 20 -1 -1 -1 -1 -1 8 -1 -1 -1 -1 -1 -1 -1 -1 -1 22 21 -1 19 -1 -1 -1 
-1 -1 0 -1 4 5 6 -1 -1 -1 -1 -1 -1 3 -1 -1 -1 -1 -1 -1 25 -1 2 -1 -1 -1 -1 -1 -1 30 -1 -1 -1 -1 -1 -1 26 9 -1 -1 13 -1 -1 -1 15 -1 -1 -1 24 -1 16 -1 -1 -1 -1 8 -1 -1 29 -1 -1 -1 -1 -1 -1 -1 -1 20 -1 -1 -1 -1 -1 -1 -1 -1 -1 -1 -1 -1 -1 -1 -1 22 21 -1 19 -1 -1 -1 
-1 -1 0 -1 4 5 6 -1 -1 -1 -1 -1 -1 3 -1 -1 -1 -1 -1 -1 25 -1 2 -1 -1 -1 -1 -1 -1 30 -1 -1 -1 -1 -1 -1 26 9 -1 -1 13 -1 -1 -1 15 -1 -1 -1 24 -1 16 -1 -1 -1 -1 8 -1 -1 29 -1 -1 -1 -1 -1 -1 -1 -1 -1 20 -1 -1 -1 -1 -1 -1 -1 -1 -1 -1 -1 -1 -1 -1 22 21 -1 19 -1 -1 -1 
-1 -1 0 -1 4 5 6 -1 -1 -1 -1 -1 -1 3 -1 -1 -1 -1 -1 -1 25 -1 2 -1 -1 -1 -1 -1 -1 30 -1 -1 -1 -1 -1 -1 26 9 -1 -1 13 -1 -1 -1 15 -1 -1 -1 24 -1 16 -1 -1 -1 -1 -1 -1 -1 8 -1 -1 -1 -1 -1 -1 -1 -1 -1 20 -1 -1 -1 -1 -1 -1 -1 -1 -1 -1 -1 -1 -1 -1 22 21 -1 19 -1 -1 -1 
-1 -1 0 -1 4 5 6 -1 -1 -1 -1 -1 -1 3 -1 -1 -1 -1 -1 -1 25 -1 2 -1 -1 -1 -1 -1 -1 30 -1 -1 -1 -1 -1 -1 26 9 -1 -1 13 -1 -1 -1 15 31 -1 -1 24 -1 16 -1 -1 -1 -1 -1 -1 -1 8 -1 -1 -1 -1 -1 -1 -1 -1 -1 20 -1 -1 -1 -1 -1 -1 -1 -1 -1 -1 -1 -1 -1 -1 22 21 -1 19 -1 -1 -1 
-1 -1 0 -1 4 5 6 -1 -1 -1 -1 -1 -1 3 -1 -1 -1 -1 -1 -1 25 -1 2 -1 -1 -1 -1 -1 -1 30 -1 -1 -1 -1 -1 -1 26 9 -1 -1 13 -1 -1 -1 -1 31 -1 -1 24 -1 16 -1 -1 15 -1 -1 -1 -1 8 -1 -1 -1 -1 -1 -1 -1 -1 -1 20 -1 -1 -1 -1 -1 -1 -1 -1 -1 -1 -1 -1 -1 -1 22 21 -1 19 -1 -1 -1 
-1 -1 0 -1 4 5 6 -1 -1 -1 -1 -1 -1 3 -1 -1 -1 -1 -1 -1 25 -1 2 -1 -1 -1 -1 -1 -1 30 -1 -1 -1 -1 -1 -1 26 9 -1 -1 13 -1 -1 -1 -1 31 -1 -1 24 -1 16 -1 -1 15 -1 -1 -1 -1 8 -1 -1 -1 -1 -1 -1 -1 -1 -1 -1 -1 -1 -1 -1 -1 -1 -1 -1 20 -1 -1 -1 -1 -1 22 21 -1 19 -1 -1 -1 
-1 -1 0 -1 4 5 6 -1 -1 -1 -1 -1 -1 3 -1 -1 -1 -1 -1 -1 25 -1 2 -1 -1 -1 -1 -1 -1 30 -1 -1 -1 -1 -1 -1 26 9 -1 -1 13 -1 -1 -1 -1 31 -1 -1 24 -1 16 -1 -1 -1 -1 -1 -1 -1 8 -1 -1 -1 15 -1 -1 -1 -1 -1 -1 -1 -1 -1 -1 -1 -1 -1 -1 20 -1 -1 -1 -1 -1 22 21 -1 19 -1 -1 -1 
-1 -1 0 -1 4 5 6 -1 -1 26 -1 -1 -1 3 -1 -1 -1 -1 -1 -1 25 -1 2 -1 -1 -1 -1 -1 -1 30 -1 -1 -1 -1 -1 -1 -1 9 -1 -1 13 -1 -1 -1 -1 31 -1 -1 24 -1 16 -1 -1 -1 -1 -1 -1 -1 8 -1 -1 -1 15 -1 -1 -1 -1 -1 -1 -1 -1 -1 -1 -1 -1 -1 -1 20 -1 -1 -1 -1 -1 22 21 -1 19 -1 -1 -1 
-1 -1 0 -1 4 5 6 -1 -1 26 -1 -1 -1 3 -1 -1 -1 -1 -1 -1 25 -1 2 -1 -1 -1 -1 -1 -1 30 -1 -1 -1 -1 -1 -1 -1 9 -1 -1 13 -1 -1 -1 -1 31 -1 -1 24 -1 16 -1 -1 -1 -1 -1 -1 -1 8 -1 -1 15 -1 -1 -1 -1 -1 -1 -1 -1 -1 -1 -1 -1 -1 -1 -1 20 -1 -1 -1 -1 -1 22 21 -1 19 -1 -1 -1 
-1 -1 0 -1 4 5 6 -1 -1 26 -1 -1 -1 3 -1 -1 -1 -1 -1 -1 25 -1 2 -1 -1 -1 -1 -1 -1 30 -1 -1 -1 -1 -1 -1 -1 9 -1 -1 13 -1 -1 -1 -1 31 -1 -1 24 -1 16 -1 -1 -1 -1 -1 -1 -1 8 -1 -1 15 -1 -1 -1 -1 -1 -1 -1 -1 -1 -1 -1 -1 -1 -1 19 20 -1 -1 -1 -1 -1 22 21 -1 -1 -1 -1 -1 
-1 -1 0 -1 4 5 6 -1 -1 26 -1 -1 -1 3 -1 -1 -1 -1 -1 -1 25 -1 2 -1 -1 -1 -1 -1 -1 30 -1 -1 -1 -1 -1 -1 -1 9 -1 -1 13 -1 -1 -1 -1 31 -1 -1 24 -1 16 -1 -1 -1 -1 -1 -1 -1 8 -1 15 -1 -1 -1 -1 -1 -1 -1 -1 -1 -1 -1 -1 -1 -1 -1 19 20 -1 -1 -1 -1 -1 22 21 -1 -1 -1 -1 -1 
-1 -1 0 -1 4 5 6 -1 -1 26 -1 -1 -1 3 -1 -1 -1 -1 -1 -1 25 -1 2 -1 -1 -1 -1 -1 -1 30 -1 -1 -1 -1 -1 -1 -1 9 -1 -1 13 -1 -1 -1 -1 31 -1 -1 24 -1 16 -1 -1 -1 -1 -1 -1 -1 8 -1 15 -1 -1 -1 -1 -1 -1 -1 -1 -1 -1 -1 -1 -1 -1 -1 19 -1 -1 -1 -1 -1 -1 22 21 -1 20 -1 -1 -1 
-1 -1 0 -1 4 5 6 -1 -1 26 -1 -1 -1 3 -1 -1 -1 -1 -1 -1 25 -1 2 -1 -1 -1 -1 -1 -1 30 -1 -1 -1 -1 -1 -1 -1 9 -1 -1 13 -1 -1 -1 -1 31 -1 -1 24 -1 16 -1 -1 -1 -1 -1 -1 -1 8 -1 14 -1 -1 -1 -1 -1 -1 -1 -1 -1 -1 -1 -1 -1 -1 -1 19 -1 -1 -1 -1 -1 -1 22 21 -1 20 -1 -1 -1 
-1 -1 0 -1 4 5 6 -1 -1 26 -1 -1 -1 3 -1 -1 -1 -1 -1 -1 25 -1 2 -1 -1 -1 -1 -1 -1 30 -1 -1 -1 -1 -1 -1 -1 9 -1 -1 13 -1 -1 -1 -1 31 -1 -1 24 -1 -1 16 -1 -1 -1 -1 -1 -1 8 -1 14 -1 -1 -1 -1 -1 -1 -1 -1 -1 -1 -1 -1 -1 -1 -1 19 -1 -1 -1 -1 -1 -1 22 21 -1 20 -1 -1 -1 
-1 -1 0 -1 4 5 6 -1 -1 26 -1 -1 -1 3 -1 -1 -1 -1 -1 -1 25 -1 2 -1 -1 -1 -1 -1 -1 30 -1 -1 -1 -1 -1 -1 -1 9 -1 -1 13 -1 -1 -1 -1 31 -1 -1 24 -1 -1 16 -1 -1 -1 -1 -1 -1 8 -1 -1 14 -1 -1 -1 -1 -1 -1 -1 -1 -1 -1 -1 -1 -1 -1 19 -1 -1 -1 -1 -1 -1 22 21 -1 20 -1 -1 -1 
-1 -1 0 -1 4 5 6 -1 -1 26 -1 -1 -1 3 -1 -1 -1 -1 -1 -1 25 -1 2 -1 -1 -1 -1 -1 -1 30 -1 -1 -1 -1 -1 -1 -1 9 -1 -1 13 -1 -1 -1 -1 31 24 -1 -1 -1 -1 16 -1 -1 -1 -1 -1 -1 8 -1 -1 14 -1 -1 -1 -1 -1 -1 -1 -1 -1 -1 -1 -1 -1 -1 19 -1 -1 -1 -1 -1 -1 22 21 -1 20 -1 -1 -1 
-1 -1 0 -1 4 5 6 -1 -1 26 -1 -1 -1 3 -1 -1 -1 -1 -1 -1 25 -1 2 -1 -1 -1 -1 -1 -1 30 -1 -1 -1 -1 -1 -1 -1 -1 -1 9 13 -1 -1 -1 -1 31 24 -1 -1 -1 -1 16 -1 -1 -1 -1 -1 -1 8 -1 -1 14 -1 -1 -1 -1 -1 -1 -1 -1 -1 -1 -1 -1 -1 -1 19 -1 -1 -1 -1 -1 -1 22 21 -1 20 -1 -1 -1 
-1 -1 0 -1 4 5 6 -1 -1 26 -1 -1 -1 3 -1 -1 -1 -1 -1 -1 25 -1 2 -1 -1 -1 -1 -1 -1 30 -1 -1 -1 -1 -1 -1 -1 -1 -1 9 13 -1 -1 -1 -1 31 24 -1 16 -1 -1 -1 -1 -1 -1 -1 -1 -1 8 -1 -1 14 -1 -1 -1 -1 -1 -1 -1 -1 -1 -1 -1 -1 -1 -1 19 -1 -1 -1 -1 -1 -1 22 21 -1 20 -1 -1 -1 
-1 -1 0 -1 4 5 6 -1 -1 26 -1 -1 -1 3 -1 -1 -1 -1 -1 -1 25 9 2 -1 -1 -1 -1 -1 -1 30 -1 -1 -1 -1 -1 -1 -1 -1 -1 -1 13 -1 -1 -1 -1 31 24 -1 16 -1 -1 -1 -1 -1 -1 -1 -1 -1 8 -1 -1 14 -1 -1 -1 -1 -1 -1 -1 -1 -1 -1 -1 -1 -1 -1 19 -1 -1 -1 -1 -1 -1 22 21 -1 20 -1 -1 -1 
-1 -1 0 -1 4 5 6 -1 -1 26 -1 -1 -1 3 -1 -1 -1 -1 -1 -1 25 9 2 -1 -1 -1 -1 -1 -1 30 -1 -1 -1 -1 -1 -1 -1 -1 -1 -1 13 -1 -1 -1 -1 31 24 -1 16 -1 -1 -1 -1 -1 -1 -1 -1 -1 8 -1 -1 14 -1 -1 -1 -1 -1 -1 -1 -1 -1 -1 -1 -1 -1 -1 19 -1 -1 -1 -1 -1 -1 22 21 20 -1 -1 -1 -1 
-1 -1 0 -1 4 5 6 -1 -1 26 -1 -1 -1 3 -1 -1 -1 -1 -1 -1 25 9 2 -1 -1 -1 -1 -1 -1 30 -1 -1 -1 -1 -1 -1 -1 -1 -1 -1 13 -1 -1 -1 -1 31 24 -1 16 -1 -1 -1 -1 -1 -1 -1 -1 -1 -1 -1 -1 14 8 -1 -1 -1 -1 -1 -1 -1 -1 -1 -1 -1 -1 -1 19 -1 -1 -1 -1 -1 -1 22 21 20 -1 -1 -1 -1 
-1 -1 0 -1 4 5 6 -1 -1 26 -1 -1 -1 3 -1 -1 -1 -1 -1 -1 25 9 2 -1 -1 -1 -1 -1 -1 30 -1 -1 -1 -1 -1 -1 -1 -1 -1 -1 13 -1 -1 -1 -1 31 24 -1 -1 -1 -1 -1 -1 16 -1 -1 -1 -1 -1 -1 -1 14 8 -1 -1 -1 -1 -1 -1 -1 -1 -1 -1 -1 -1 -1 19 -1 -1 -1 -1 -1 -1 22 21 20 -1 -1 -1 -1 
-1 -1 0 -1 4 5 6 -1 -1 26 -1 -1 -1 3 -1 -1 -1 -1 -1 -1 25 9 2 -1 -1 -1 -1 -1 -1 30 -1 -1 -1 -1 -1 -1 -1 -1 -1 -1 13 -1 -1 -1 -1 31 24 -1 -1 -1 -1 -1 -1 16 -1 -1 -1 -1 -1 -1 8 14 -1 -1 -1 -1 -1 -1 -1 -1 -1 -1 -1 -1 -1 -1 19 -1 -1 -1 -1 -1 -1 22 21 20 -1 -1 -1 -1 
-1 -1 0 -1 4 5 6 -1 -1 26 -1 -1 -1 3 -1 -1 -1 -1 -1 -1 25 9 2 -1 -1 -1 -1 -1 -1 30 -1 -1 -1 -1 -1 -1 -1 -1 -1 -1 13 -1 -1 -1 -1 31 24 -1 -1 -1 -1 16 -1 -1 -1 -1 -1 -1 -1 -1 8 14 -1 -1 -1 -1 -1 -1 -1 -1 -1 -1 -1 -1 -1 -1 19 -1 -1 -1 -1 -1 -1 22 21 20 -1 -1 -1 -1 
-1 -1 0 -1 4 5 6 -1 -1 26 -1 -1 -1 3 -1 -1 -1 -1 -1 -1 25 9 2 -1 -1 -1 -1 -1 -1 30 -1 -1 -1 -1 -1 -1 -1 -1 -1 -1 13 -1 -1 -1 -1 31 24 -1 -1 -1 -1 16 -1 -1 -1 -1 -1 -1 -1 -1 -1 14 8 -1 -1 -1 -1 -1 -1 -1 -1 -1 -1 -1 -1 -1 19 -1 -1 -1 -1 -1 -1 22 21 20 -1 -1 -1 -1 
-1 -1 0 -1 4 5 6 -1 -1 26 -1 -1 -1 3 -1 -1 -1 -1 -1 -1 25 9 2 -1 -1 -1 -1 -1 -1 30 -1 -1 -1 -1 -1 -1 -1 -1 -1 -1 13 -1 -1 -1 -1 31 24 -1 -1 -1 -1 -1 -1 16 -1 -1 -1 -1 -1 -1 -1 14 8 -1 -1 -1 -1 -1 -1 -1 -1 -1 -1 -1 -1 -1 19 -1 -1 -1 -1 -1 -1 22 21 20 -1 -1 -1 -1 
-1 -1 0 -1 4 5 6 -1 -1 26 -1 -1 -1 3 -1 -1 -1 -1 -1 -1 25 9 2 -1 -1 -1 -1 -1 -1 30 -1 -1 -1 -1 -1 -1 -1 -1 -1 -1 13 -1 -1 -1 -1 31 24 -1 -1 -1 -1 -1 -1 16 -1 -1 -1 -1 -1 -1 8 14 -1 -1 -1 -1 -1 -1 -1 -1 -1 -1 -1 -1 -1 -1 19 -1 -1 -1 -1 -1 -1 22 21 20 -1 -1 -1 -1 
-1 -1 0 -1 4 5 6 -1 -1 26 -1 -1 -1 3 -1 -1 -1 -1 -1 -1 25 9 2 -1 -1 -1 -1 -1 -1 30 -1 -1 -1 -1 -1 -1 -1 -1 -1 -1 13 -1 -1 -1 -1 31 24 -1 -1 -1 -1 16 -1 -1 -1 -1 -1 -1 -1 -1 8 14 -1 -1 -1 -1 -1 -1 -1 -1 -1 -1 -1 -1 -1 -1 19 -1 -1 -1 -1 -1 -1 22 21 20 -1 -1 -1 -1 
-1 -1 0 -1 4 5 6 -1 -1 26 -1 -1 -1 3 -1 -1 -1 -1 -1 -1 25 9 2 -1 -1 -1 -1 -1 -1 30 -1 -1 -1 -1 -1 -1 -1 -1 -1 -1 13 -1 -1 -1 -1 31 24 -1 -1 -1 -1 16 -1 -1 -1 -1 -1 -1 -1 -1 -1 14 8 -1 -1 -1 -1 -1 -1 -1 -1 -1 -1 -1 -1 -1 19 -1 -1 -1 -1 -1 -1 22 21 20 -1 -1 -1 -1 
-1 -1 0 -1 4 5 6 -1 -1 26 -1 -1 -1 3 -1 -1 -1 -1 -1 -1 25 9 2 -1 -1 -1 -1 -1 -1 30 -1 -1 -1 -1 -1 -1 -1 24 -1 -1 13 -1 -1 -1 -1 31 -1 -1 -1 -1 -1 16 -1 -1 -1 -1 -1 -1 -1 -1 -1 14 8 -1 -1 -1 -1 -1 -1 -1 -1 -1 -1 -1 -1 -1 19 -1 -1 -1 -1 -1 -1 22 21 20 -1 -1 -1 -1 
-1 -1 0 -1 4 5 6 -1 -1 26 -1 -1 -1 3 -1 -1 -1 -1 -1 -1 25 9 2 -1 -1 -1 -1 -1 -1 30 -1 -1 -1 -1 -1 8 -1 24 -1 -1 13 -1 -1 -1 -1 31 -1 -1 -1 -1 -1 16 -1 -1 -1 -1 -1 -1 -1 -1 -1 14 -1 -1 -1 -1 -1 -1 -1 -1 -1 -1 -1 -1 -1 -1 19 -1 -1 -1 -1 -1 -1 22 21 20 -1 -1 -1 -1 
-1 -1 0 -1 4 5 6 -1 -1 26 -1 -1 -1 3 -1 -1 -1 -1 -1 -1 25 9 2 -1 -1 -1 -1 -1 -1 30 -1 -1 -1 -1 -1 8 -1 24 -1 -1 13 -1 -1 -1 -1 31 -1 16 -1 -1 -1 -1 -1 -1 -1 -1 -1 -1 -1 -1 -1 14 -1 -1 -1 -1 -1 -1 -1 -1 -1 -1 -1 -1 -1 -1 19 -1 -1 -1 -1 -1 -1 22 21 20 -1 -1 -1 -1 
-1 -1 0 -1 4 5 6 -1 -1 26 -1 -1 -1 3 -1 -1 -1 -1 -1 -1 25 9 2 -1 -1 -1 -1 -1 -1 30 -1 -1 -1 -1 -1 8 -1 24 -1 -1 -1 -1 -1 -1 -1 31 -1 16 -1 13 -1 -1 -1 -1 -1 -1 -1 -1 -1 -1 -1 14 -1 -1 -1 -1 -1 -1 -1 -1 -1 -1 -1 -1 -1 -1 19 -1 -1 -1 -1 -1 -1 22 21 20 -1 -1 -1 -1 
-1 -1 0 -1 4 5 6 -1 -1 -1 -1 -1 -1 3 -1 -1 -1 -1 -1 -1 25 9 2 -1 -1 -1 -1 26 -1 30 -1 -1 -1 -1 -1 8 -1 24 -1 -1 -1 -1 -1 -1 -1 31 -1 16 -1 13 -1 -1 -1 -1 -1 -1 -1 -1 -1 -1 -1 14 -1 -1 -1 -1 -1 -1 -1 -1 -1 -1 -1 -1 -1 -1 19 -1 -1 -1 -1 -1 -1 22 21 20 -1 -1 -1 -1 
-1 -1 0 -1 4 5 6 -1 -1 -1 -1 -1 -1 3 -1 -1 -1 -1 -1 -1 25 9 2 -1 -1 -1 -1 26 -1 30 -1 -1 -1 -1 -1 -1 -1 24 -1 -1 -1 -1 -1 -1 -1 31 -1 16 -1 13 -1 -1 -1 8 -1 -1 -1 -1 -1 -1 -1 14 -1 -1 -1 -1 -1 -1 -1 -1 -1 -1 -1 -1 -1 -1 19 -1 -1 -1 -1 -1 -1 22 21 20 -1 -1 -1 -1 
-1 -1 0 -1 4 5 6 -1 -1 -1 -1 -1 -1 3 -1 -1 -1 -1 -1 25 -1 9 2 -1 -1 -1 -1 26 -1 30 -1 -1 -1 -1 -1 -1 -1 24 -1 -1 -1 -1 -1 -1 -1 31 -1 16 -1 13 -1 -1 -1 8 -1 -1 -1 -1 -1 -1 -1 14 -1 -1 -1 -1 -1 -1 -1 -1 -1 -1 -1 -1 -1 -1 19 -1 -1 -1 -1 -1 -1 22 21 20 -1 -1 -1 -1 
0 -1 -1 -1 4 5 6 -1 -1 -1 -1 -1 -1 3 -1 -1 -1 -1 -1 25 -1 9 2 -1 -1 -1 -1 26 -1 30 -1 -1 -1 -1 -1 -1 -1 24 -1 -1 -1 -1 -1 -1 -1 31 -1 16 -1 13 -1 -1 -1 8 -1 -1 -1 -1 -1 -1 -1 14 -1 -1 -1 -1 -1 -1 -1 -1 -1 -1 -1 -1 -1 -1 19 -1 -1 -1 -1 -1 -1 22 21 20 -1 -1 -1 -1 
0 -1 -1 -1 4 5 6 -1 -1 -1 -1 -1 -1 3 -1 -1 -1 -1 -1 25 -1 9 2 -1 -1 -1 -1 26 -1 -1 30 -1 -1 -1 -1 -1 -1 24 -1 -1 -1 -1 -1 -1 -1 31 -1 16 -1 13 -1 -1 -1 8 -1 -1 -1 -1 -1 -1 -1 14 -1 -1 -1 -1 -1 -1 -1 -1 -1 -1 -1 -1 -1 -1 19 -1 -1 -1 -1 -1 -1 22 21 20 -1 -1 -1 -1 
0 -1 -1 -1 4 5 6 -1 -1 -1 -1 -1 -1 3 -1 -1 -1 -1 -1 25 -1 9 2 -1 -1 -1 -1 26 -1 -1 30 -1 -1 -1 -1 -1 -1 24 -1 -1 -1 -1 -1 -1 -1 31 -1 16 -1 13 -1 -1 -1 -1 -1 -1 -1 -1 -1 -1 -1 14 -1 -1 -1 -1 -1 -1 -1 -1 -1 -1 -1 -1 -1 -1 19 -1 -1 -1 -1 -1 -1 22 21 20 -1 -1 -1 8 
0 -1 -1 -1 4 5 6 -1 -1 -1 -1 -1 -1 3 -1 -1 -1 -1 -1 25 -1 9 2 -1 -1 -1 -1 26 -1 -1 30 -1 -1 -1 -1 -1 -1 24 -1 -1 -1 -1 -1 -1 -1 31 -1 16 -1 13 -1 -1 -1 -1 -1 -1 -1 -1 -1 -1 -1 14 -1 -1 -1 -1 -1 -1 -1 -1 -1 -1 -1 -1 -1 -1 -1 -1 -1 -1 -1 -1 -1 22 21 20 19 -1 -1 8 
0 -1 -1 -1 4 5 6 -1 -1 -1 -1 -1 -1 3 -1 -1 -1 -1 -1 25 -1 -1 2 -1 -1 -1 -1 26 -1 -1 30 -1 -1 -1 -1 -1 -1 24 -1 -1 -1 -1 -1 -1 -1 31 -1 16 -1 13 -1 -1 -1 -1 -1 -1 -1 -1 -1 -1 -1 14 -1 -1 -1 -1 -1 -1 -1 -1 -1 -1 -1 -1 -1 -1 -1 -1 -1 -1 -1 -1 -1 22 9 20 19 -1 -1 8 
0 -1 -1 -1 4 5 6 -1 -1 -1 -1 -1 -1 3 -1 -1 -1 -1 -1 25 -1 -1 2 -1 -1 -1 -1 26 -1 -1 30 -1 -1 -1 -1 -1 -1 24 -1 -1 -1 -1 -1 -1 -1 31 -1 16 -1 13 -1 -1 -1 -1 -1 -1 -1 -1 -1 -1 -1 14 -1 -1 -1 -1 -1 -1 -1 -1 -1 -1 -1 -1 -1 -1 20 -1 -1 -1 -1 -1 -1 22 9 -1 19 -1 -1 8 
-1 -1 -1 -1 4 5 6 -1 -1 -1 -1 -1 -1 3 -1 -1 -1 -1 -1 25 -1 -1 2 -1 -1 -1 -1 0 -1 -1 30 -1 -1 -1 -1 -1 -1 24 -1 -1 -1 -1 -1 -1 -1 31 -1 16 -1 13 -1 -1 -1 -1 -1 -1 -1 -1 -1 -1 -1 14 -1 -1 -1 -1 -1 -1 -1 -1 -1 -1 -1 -1 -1 -1 20 -1 -1 -1 -1 -1 -1 22 9 -1 19 -1 -1 8 
-1 25 -1 -1 4 5 6 -1 -1 -1 -1 -1 -1 3 -1 -1 -1 -1 -1 -1 -1 -1 2 -1 -1 -1 -1 0 -1 -1 30 -1 -1 -1 -1 -1 -1 24 -1 -1 -1 -1 -1 -1 -1 31 -1 16 -1 13 -1 -1 -1 -1 -1 -1 -1 -1 -1 -1 -1 14 -1 -1 -1 -1 -1 -1 -1 -1 -1 -1 -1 -1 -1 -1 20 -1 -1 -1 -1 -1 -1 22 9 -1 19 -1 -1 8 
-1 25 -1 -1 4 5 6 -1 -1 -1 -1 -1 -1 3 -1 -1 -1 -1 -1 -1 -1 -1 2 -1 -1 -1 -1 -1 -1 -1 0 -1 -1 -1 -1 -1 -1 24 -1 -1 -1 -1 -1 -1 -1 31 -1 16 -1 13 -1 -1 -1 -1 -1 -1 -1 -1 -1 -1 -1 14 -1 -1 -1 -1 -1 -1 -1 -1 -1 -1 -1 -1 -1 -1 20 -1 -1 -1 -1 -1 -1 22 9 -1 19 -1 -1 8 
25 -1 -1 -1 4 5 6 -1 -1 -1 -1 -1 -1 3 -1 -1 -1 -1 -1 -1 -1 -1 2 -1 -1 -1 -1 -1 -1 -1 0 -1 -1 -1 -1 -1 -1 24 -1 -1 -1 -1 -1 -1 -1 31 -1 16 -1 13 -1 -1 -1 -1 -1 -1 -1 -1 -1 -1 -1 14 -1 -1 -1 -1 -1 -1 -1 -1 -1 -1 -1 -1 -1 -1 20 -1 -1 -1 -1 -1 -1 22 9 -1 19 -1 -1 8 
25 -1 -1 -1 4 5 6 -1 -1 -1 -1 -1 -1 3 -1 -1 -1 -1 -1 -1 -1 -1 2 -1 -1 -1 -1 0 -1 -1 -1 -1 -1 -1 -1 -1 -1 24 -1 -1 -1 -1 -1 -1 -1 31 -1 16 -1 13 -1 -1 -1 -1 -1 -1 -1 -1 -1 -1 -1 14 -1 -1 -1 -1 -1 -1 -1 -1 -1 -1 -1 -1 -1 -1 20 -1 -1 -1 -1 -1 -1 22 9 -1 19 -1 -1 8 
25 24 -1 -1 4 5 6 -1 -1 -1 -1 -1 -1 3 -1 -1 -1 -1 -1 -1 -1 -1 2 -1 -1 -1 -1 0 -1 -1 -1 -1 -1 -1 -1 -1 -1 -1 -1 -1 -1 -1 -1 -1 -1 31 -1 16 -1 13 -1 -1 -1 -1 -1 -1 -1 -1 -1 -1 -1 14 -1 -1 -1 -1 -1 -1 -1 -1 -1 -1 -1 -1 -1 -1 20 -1 -1 -1 -1 -1 -1 22 9 -1 19 -1 -1 8 
25 24 -1 9 4 5 6 -1 -1 -1 -1 -1 -1 3 -1 -1 -1 -1 -1 -1 -1 -1 2 -1 -1 -1 -1 0 -1 -1 -1 -1 -1 -1 -1 -1 -1 -1 -1 -1 -1 -1 -1 -1 -1 31 -1 16 -1 13 -1 -1 -1 -1 -1 -1 -1 -1 -1 -1 -1 14 -1 -1 -1 -1 -1 -1 -1 -1 -1 -1 -1 -1 -1 -1 20 -1 -1 -1 -1 -1 -1 22 -1 -1 19 -1 -1 8 
25 24 -1 9 4 5 6 -1 -1 -1 -1 -1 -1 3 -1 -1 -1 -1 -1 -1 -1 -1 2 -1 -1 -1 -1 0 -1 -1 -1 -1 -1 -1 -1 -1 -1 -1 -1 -1 -1 -1 -1 -1 -1 31 -1 -1 -1 16 -1 -1 -1 -1 -1 -1 -1 -1 -1 -1 -1 14 -1 -1 -1 -1 -1 -1 -1 -1 -1 -1 -1 -1 -1 -1 20 -1 -1 -1 -1 -1 -1 22 -1 -1 19 -1 -1 8 
25 24 -1 9 4 5 6 -1 -1 -1 -1 -1 -1 3 -1 -1 -1 -1 -1 -1 -1 -1 2 -1 -1 -1 -1 0 -1 -1 -1 -1 -1 -1 -1 -1 -1 -1 -1 -1 -1 -1 -1 -1 -1 31 -1 -1 -1 16 -1 -1 -1 -1 -1 -1 -1 -1 -1 -1 -1 14 -1 -1 -1 -1 -1 -1 -1 -1 -1 -1 -1 -1 -1 -1 20 -1 -1 -1 8 -1 -1 22 -1 -1 19 -1 -1 -1 
25 24 -1 9 4 5 6 -1 -1 -1 -1 -1 -1 3 -1 -1 -1 -1 -1 -1 -1 -1 2 -1 -1 -1 -1 0 -1 -1 -1 -1 -1 -1 -1 -1 -1 -1 -1 -1 -1 -1 -1 -1 -1 31 -1 -1 -1 16 -1 -1 -1 -1 -1 -1 -1 -1 -1 -1 -1 14 -1 -1 -1 -1 -1 -1 -1 -1 -1 -1 -1 -1 -1 -1 -1 -1 -1 -1 8 -1 -1 22 -1 20 19 -1 -1 -1 
25 24 -1 9 4 5 6 -1 -1 -1 -1 -1 -1 3 -1 -1 -1 -1 -1 -1 -1 -1 2 -1 -1 -1 -1 0 -1 -1 -1 -1 -1 -1 -1 -1 -1 -1 -1 -1 -1 -1 -1 -1 -1 31 -1 -1 -1 16 -1 -1 -1 -1 -1 -1 -1 -1 -1 -1 -1 14 -1 -1 -1 -1 -1 -1 -1 -1 -1 -1 -1 -1 8 -1 -1 -1 -1 -1 -1 -1 -1 22 -1 20 19 -1 -1 -1 
25 24 -1 9 4 5 6 -1 -1 -1 -1 -1 -1 3 -1 -1 -1 -1 -1 -1 -1 -1 2 -1 -1 -1 -1 0 -1 -1 -1 -1 -1 -1 -1 -1 -1 -1 -1 -1 -1 -1 -1 -1 -1 31 -1 -1 16 -1 -1 -1 -1 -1 -1 -1 -1 -1 -1 -1 -1 14 -1 -1 -1 -1 -1 -1 -1 -1 -1 -1 -1 -1 8 -1 -1 -1 -1 -1 -1 -1 -1 22 -1 20 19 -1 -1 -1 
25 24 -1 9 4 5 6 -1 -1 -1 -1 -1 -1 3 -1 -1 -1 -1 -1 -1 -1 -1 2 -1 -1 -1 -1 -1 -1 -1 -1 0 -1 -1 -1 -1 -1 -1 -1 -1 -1 -1 -1 -1 -1 31 -1 -1 16 -1 -1 -1 -1 -1 -1 -1 -1 -1 -1 -1 -1 14 -1 -1 -1 -1 -1 -1 -1 -1 -1 -1 -1 -1 8 -1 -1 -1 -1 -1 -1 -1 -1 22 -1 20 19 -1 -1 -1 
