0 1 2 3 4 5 6 7 8 -1 -1 -1 -1 -1 -1 -1 -1 -1 -1 9 -1 -1 -1 -1 -1 10 -1 11 -1 12 -1 13 -1 14 -1 15 -1 -1 -1 -1 -1 -1 -1 -1 -1 -1 -1 -1 -1 -1 -1 -1 -1 -1 -1 -1 -1 -1 29 -1 28 -1 27 -1 26 -1 -1 25 -1 -1 -1 -1 -1 -1 -1 -1 -1 -1 -1 -1 -1 24 23 22 21 20 19 18 17 16 
0 1 2 3 4 5 6 -1 8 -1 -1 -1 -1 -1 -1 -1 -1 -1 -1 9 -1 -1 -1 -1 7 10 -1 11 -1 12 -1 13 -1 14 -1 15 -1 -1 -1 -1 -1 -1 -1 -1 -1 -1 -1 -1 -1 -1 -1 -1 -1 -1 -1 -1 -1 -1 29 -1 28 -1 27 -1 26 -1 -1 25 -1 -1 -1 -1 -1 -1 -1 -1 -1 -1 -1 -1 -1 24 23 22 21 20 19 18 17 16 
0 1 2 3 4 5 6 -1 8 -1 -1 -1 -1 -1 -1 -1 -1 -1 -1 9 -1 -1 -1 -1 7 10 -1 11 -1 12 -1 13 -1 14 -1 15 -1 -1 -1 -1 -1 -1 -1 -1 -1 -1 -1 -1 -1 -1 -1 -1 -1 -1 -1 -1 -1 -1 29 -1 28 -1 27 -1 26 -1 -1 25 -1 17 -1 -1 -1 -1 -1 -1 -1 -1 -1 -1 -1 24 23 22 21 20 19 18 -1 16 
0 1 2 3 4 5 6 8 -1 -1 -1 -1 -1 -1 -1 -1 -1 -1 -1 9 -1 -1 -1 -1 7 10 -1 11 -1 12 -1 13 -1 14 -1 15 -1 -1 -1 -1 -1 -1 -1 -1 -1 -1 -1 -1 -1 -1 -1 -1 -1 -1 -1 -1 -1 -1 29 -1 28 -1 27 -1 26 -1 -1 25 -1 17 -1 -1 -1 -1 -1 -1 -1 -1 -1 -1 -1 24 23 22 21 20 19 18 -1 16 
0 1 2 3 4 5 6 8 -1 -1 -1 -1 -1 -1 -1 -1 -1 -1 -1 9 -1 -1 -1 -1 7 10 -1 11 -1 12 -1 13 -1 14 -1 15 -1 -1 -1 -1 -1 -1 -1 -1 -1 -1 -1 -1 -1 -1 -1 -1 -1 -1 -1 -1 -1 -1 29 -1 28 -1 27 -1 26 -1 -1 25 -1 17 -1 -1 -1 -1 -1 -1 -1 -1 -1 -1 -1 24 23 22 21 20 19 18 16 -1 
0 -1 2 3 4 5 6 8 -1 -1 -1 -1 -1 -1 -1 -1 -1 -1 -1 9 1 -1 -1 -1 7 10 -1 11 -1 12 -1 13 -1 14 -1 15 -1 -1 -1 -1 -1 -1 -1 -1 -1 -1 -1 -1 -1 -1 -1 -1 -1 -1 -1 -1 -1 -1 29 -1 28 -1 27 -1 26 -1 -1 25 -1 17 -1 -1 -1 -1 -1 -1 -1 -1 -1 -1 -1 24 23 22 21 20 19 18 16 -1 
0 -1 2 3 4 5 6 8 -1 -1 -1 -1 -1 -1 -1 -1 -1 -1 -1 9 1 -1 -1 -1 7 10 -1 11 -1 12 -1 13 -1 14 -1 15 -1 -1 -1 -1 -1 -1 -1 -1 -1 -1 -1 30 -1 -1 -1 -1 -1 -1 -1 -1 -1 -1 29 -1 28 -1 27 -1 26 -1 -1 25 -1 17 -1 -1 -1 -1 -1 -1 -1 -1 -1 -1 -1 24 23 22 21 20 19 18 16 -1 
0 -1 2 3 4 5 6 8 -1 -1 -1 -1 -1 -1 -1 -1 -1 -1 -1 9 1 -1 -1 -1 7 10 -1 11 -1 12 -1 13 -1 -1 -1 15 -1 -1 -1 -1 -1 -1 14 -1 -1 -1 -1 30 -1 -1 -1 -1 -1 -1 -1 -1 -1 -1 29 -1 28 -1 27 -1 26 -1 -1 25 -1 17 -1 -1 -1 -1 -1 -1 -1 -1 -1 -1 -1 24 23 22 21 20 19 18 16 -1 
0 -1 2 3 4 5 6 8 -1 -1 -1 -1 -1 -1 -1 -1 -1 -1 -1 9 1 -1 -1 -1 7 10 -1 11 -1 12 -1 13 -1 -1 16 15 -1 -1 -1 -1 -1 -1 14 -1 -1 -1 -1 30 -1 -1 -1 -1 -1 -1 -1 -1 -1 -1 29 -1 28 -1 27 -1 26 -1 -1 25 -1 17 -1 -1 -1 -1 -1 -1 -1 -1 -1 -1 -1 24 23 22 21 20 19 18 -1 -1 
0 -1 2 3 4 5 6 8 -1 -1 -1 -1 -1 -1 -1 -1 -1 -1 -1 9 1 -1 -1 -1 7 -1 10 11 -1 12 -1 13 -1 -1 16 15 -1 -1 -1 -1 -1 -1 14 -1 -1 -1 -1 30 -1 -1 -1 -1 -1 -1 -1 -1 -1 -1 29 -1 28 -1 27 -1 26 -1 -1 25 -1 17 -1 -1 -1 -1 -1 -1 -1 -1 -1 -1 -1 24 23 22 21 20 19 18 -1 -1 
0 -1 2 3 4 5 6 8 -1 -1 -1 -1 -1 -1 -1 -1 -1 -1 -1 9 1 -1 -1 -1 7 -1 10 11 -1 12 -1 13 -1 16 -1 15 -1 -1 -1 -1 -1 -1 14 -1 -1 -1 -1 30 -1 -1 -1 -1 -1 -1 -1 -1 -1 -1 29 -1 28 -1 27 -1 26 -1 -1 25 -1 17 -1 -1 -1 -1 -1 -1 -1 -1 -1 -1 -1 24 23 22 21 20 19 18 -1 -1 
0 -1 2 3 4 5 6 8 -1 -1 -1 -1 -1 -1 -1 -1 -1 10 -1 9 1 -1 -1 -1 7 -1 -1 11 -1 12 -1 13 -1 16 -1 15 -1 -1 -1 -1 -1 -1 14 -1 -1 -1 -1 30 -1 -1 -1 -1 -1 -1 -1 -1 -1 -1 29 -1 28 -1 27 -1 26 -1 -1 25 -1 17 -1 -1 -1 -1 -1 -1 -1 -1 -1 -1 -1 24 23 22 21 20 19 18 -1 -1 
0 -1 2 3 4 5 6 8 -1 -1 -1 -1 -1 -1 -1 -1 -1 10 -1 9 1 -1 -1 -1 7 -1 -1 11 -1 12 -1 13 -1 16 -1 15 -1 -1 -1 -1 -1 -1 14 -1 -1 -1 -1 30 -1 -1 -1 -1 -1 -1 -1 -1 -1 -1 29 -1 28 -1 27 -1 26 23 -1 25 -1 17 -1 -1 -1 -1 -1 -1 -1 -1 -1 -1 -1 24 -1 22 21 20 19 18 -1 -1 
0 -1 2 -1 4 5 6 8 -1 -1 -1 -1 -1 3 -1 -1 -1 10 -1 9 1 -1 -1 -1 7 -1 -1 11 -1 12 -1 13 -1 16 -1 15 -1 -1 -1 -1 -1 -1 14 -1 -1 -1 -1 30 -1 -1 -1 -1 -1 -1 -1 -1 -1 -1 29 -1 28 -1 27 -1 26 23 -1 25 -1 17 -1 -1 -1 -1 -1 -1 -1 -1 -1 -1 -1 24 -1 22 21 20 19 18 -1 -1 
0 -1 2 -1 4 5 6 8 -1 -1 -1 -1 -1 3 -1 -1 -1 10 -1 9 1 -1 -1 -1 7 -1 -1 11 -1 12 -1 13 -1 16 -1 15 -1 -1 -1 -1 -1 -1 14 -1 -1 -1 -1 30 -1 -1 -1 -1 -1 -1 -1 -1 -1 -1 29 -1 28 -1 27 26 -1 23 -1 25 -1 17 -1 -1 -1 -1 -1 -1 -1 -1 -1 -1 -1 24 -1 22 21 20 19 18 -1 -1 
-1 0 2 -1 4 5 6 8 -1 -1 -1 -1 -1 3 -1 -1 -1 10 -1 9 1 -1 -1 -1 7 -1 -1 11 -1 12 -1 13 -1 16 -1 15 -1 -1 -1 -1 -1 -1 14 -1 -1 -1 -1 30 -1 -1 -1 -1 -1 -1 -1 -1 -1 -1 29 -1 28 -1 27 26 -1 23 -1 25 -1 17 -1 -1 -1 -1 -1 -1 -1 -1 -1 -1 -1 24 -1 22 21 20 19 18 -1 -1 
-1 0 2 -1 4 5 6 8 -1 -1 -1 -1 -1 3 -1 -1 -1 10 -1 9 1 -1 -1 -1 7 -1 -1 11 -1 12 -1 13 -1 16 -1 15 -1 -1 -1 -1 -1 -1 14 -1 -1 -1 -1 30 -1 -1 -1 -1 -1 -1 -1 -1 -1 -1 29 -1 28 -1 27 26 -1 23 -1 25 -1 17 -1 -1 -1 -1 -1 -1 -1 -1 -1 -1 -1 -1 24 22 21 20 19 18 -1 -1 
-1 0 2 -1 4 5 6 8 -1 -1 -1 -1 -1 3 -1 10 -1 -1 -1 9 1 -1 -1 -1 7 -1 -1 11 -1 12 -1 13 -1 16 -1 15 -1 -1 -1 -1 -1 -1 14 -1 -1 -1 -1 30 -1 -1 -1 -1 -1 -1 -1 -1 -1 -1 29 -1 28 -1 27 26 -1 23 -1 25 -1 17 -1 -1 -1 -1 -1 -1 -1 -1 -1 -1 -1 -1 24 22 21 20 19 18 -1 -1 
-1 0 2 -1 4 5 6 8 -1 -1 -1 -1 -1 3 -1 10 -1 -1 -1 9 1 -1 -1 -1 7 -1 -1 11 -1 12 -1 13 16 -1 -1 15 -1 -1 -1 -1 -1 -1 14 -1 -1 -1 -1 30 -1 -1 -1 -1 -1 -1 -1 -1 -1 -1 29 -1 28 -1 27 26 -1 23 -1 25 -1 17 -1 -1 -1 -1 -1 -1 -1 -1 -1 -1 -1 -1 24 22 21 20 19 18 -1 -1 
-1 0 2 -1 4 5 6 8 -1 -1 -1 -1 -1 3 -1 10 -1 -1 -1 9 1 -1 -1 -1 -1 -1 -1 11 -1 12 -1 13 16 -1 -1 15 -1 -1 -1 -1 -1 -1 14 7 -1 -1 -1 30 -1 -1 -1 -1 -1 -1 -1 -1 -1 -1 29 -1 28 -1 27 26 -1 23 -1 25 -1 17 -1 -1 -1 -1 -1 -1 -1 -1 -1 -1 -1 -1 24 22 21 20 19 18 -1 -1 
-1 0 2 -1 4 5 6 8 -1 -1 -1 -1 -1 3 -1 10 -1 -1 -1 9 1 -1 -1 -1 -1 -1 -1 11 -1 12 -1 25 16 -1 -1 15 -1 -1 -1 -1 -1 -1 14 7 -1 -1 -1 30 -1 -1 -1 -1 -1 -1 -1 -1 -1 -1 29 -1 28 -1 27 26 -1 23 -1 -1 -1 17 -1 -1 -1 -1 -1 -1 -1 -1 -1 -1 -1 -1 24 22 21 20 19 18 -1 -1 
-1 0 2 -1 4 5 6 8 -1 -1 -1 -1 -1 3 -1 10 -1 -1 -1 9 -1 -1 -1 -1 -1 -1 -1 11 -1 12 -1 1 16 -1 -1 15 -1 -1 -1 -1 -1 -1 14 7 -1 -1 -1 30 -1 -1 -1 -1 -1 -1 -1 -1 -1 -1 29 -1 28 -1 27 26 -1 23 -1 -1 -1 17 -1 -1 -1 -1 -1 -1 -1 -1 -1 -1 -1 -1 24 22 21 20 19 18 -1 -1 
-1 0 2 -1 4 5 6 8 -1 -1 -1 -1 -1 3 -1 10 -1 -1 -1 9 -1 -1 -1 -1 -1 -1 -1 11 -1 12 -1 16 -1 -1 -1 15 -1 -1 -1 -1 -1 -1 14 7 -1 -1 -1 30 -1 -1 -1 -1 -1 -1 -1 -1 -1 -1 29 -1 28 -1 27 26 -1 23 -1 -1 -1 17 -1 -1 -1 -1 -1 -1 -1 -1 -1 -1 -1 -1 24 22 21 20 19 18 -1 -1 
-1 0 2 -1 4 5 6 8 -1 -1 -1 -1 -1 3 -1 -1 -1 -1 -1 9 -1 -1 -1 -1 -1 -1 -1 11 -1 12 -1 16 -1 -1 -1 15 -1 -1 -1 -1 -1 -1 14 7 -1 -1 -1 30 -1 -1 -1 -1 -1 -1 -1 -1 -1 -1 29 -1 10 -1 27 26 -1 23 -1 -1 -1 17 -1 -1 -1 -1 -1 -1 -1 -1 -1 -1 -1 -1 24 22 21 20 19 18 -1 -1 
-1 0 2 -1 4 5 6 8 -1 -1 -1 -1 -1 3 -1 -1 -1 -1 -1 9 -1 -1 -1 -1 -1 -1 -1 11 -1 12 -1 16 -1 -1 -1 15 -1 -1 -1 -1 -1 -1 14 7 -1 -1 -1 30 -1 -1 -1 -1 -1 -1 -1 -1 -1 -1 29 -1 10 -1 27 26 -1 23 -1 -1 -1 -1 -1 -1 -1 -1 -1 -1 17 -1 -1 -1 -1 -1 24 22 21 20 19 18 -1 -1 
-1 0 2 -1 4 5 6 8 -1 -1 -1 -1 -1 3 -1 -1 -1 -1 -1 -1 -1 -1 -1 -1 -1 -1 -1 11 -1 12 -1 16 -1 -1 -1 15 -1 -1 -1 -1 -1 -1 14 7 -1 -1 -1 30 -1 -1 -1 -1 -1 -1 -1 -1 -1 -1 29 -1 10 -1 27 26 9 23 -1 -1 -1 -1 -1 -1 -1 -1 -1 -1 17 -1 -1 -1 -1 -1 24 22 21 20 19 18 -1 -1 
-1 0 2 -1 4 5 6 8 -1 -1 -1 -1 -1 3 -1 -1 -1 -1 -1 -1 -1 -1 -1 -1 -1 -1 -1 11 -1 12 -1 16 -1 -1 -1 15 -1 -1 -1 -1 -1 -1 14 7 -1 -1 -1 30 -1 -1 -1 -1 -1 -1 -1 -1 -1 -1 29 -1 10 -1 27 26 9 23 -1 22 -1 -1 -1 -1 -1 -1 -1 -1 17 -1 -1 -1 -1 -1 24 -1 21 20 19 18 -1 -1 
-1 0 2 -1 4 5 6 -1 -1 -1 -1 -1 -1 3 -1 -1 -1 -1 -1 -1 -1 -1 -1 -1 -1 8 -1 11 -1 12 -1 16 -1 -1 -1 15 -1 -1 -1 -1 -1 -1 14 7 -1 -1 -1 30 -1 -1 -1 -1 -1 -1 -1 -1 -1 -1 29 -1 10 -1 27 26 9 23 -1 22 -1 -1 -1 -1 -1 -1 -1 -1 17 -1 -1 -1 -1 -1 24 -1 21 20 19 18 -1 -1 
-1 0 2 -1 4 5 6 -1 -1 -1 -1 -1 -1 3 -1 -1 -1 -1 -1 -1 -1 -1 -1 -1 -1 8 -1 11 -1 12 -1 16 -1 -1 -1 15 -1 -1 -1 -1 -1 -1 14 7 -1 -1 -1 30 -1 -1 -1 -1 -1 -1 -1 -1 -1 -1 29 -1 10 -1 27 26 9 23 -1 22 -1 -1 -1 -1 -1 -1 -1 -1 -1 -1 -1 -1 -1 -1 24 17 21 20 19 18 -1 -1 
-1 0 2 -1 4 5 6 -1 -1 -1 -1 -1 -1 3 -1 -1 -1 -1 -1 -1 -1 -1 -1 -1 -1 8 -1 11 -1 12 -1 16 -1 -1 -1 15 -1 -1 -1 -1 -1 -1 14 7 -1 -1 -1 30 -1 -1 -1 -1 -1 -1 -1 9 -1 -1 29 -1 10 -1 27 26 -1 23 -1 22 -1 -1 -1 -1 -1 -1 -1 -1 -1 -1 -1 -1 -1 -1 24 17 21 20 19 18 -1 -1 
-1 0 2 -1 4 5 6 -1 -1 -1 -1 -1 -1 3 -1 -1 -1 -1 -1 -1 -1 -1 -1 -1 -1 8 -1 11 -1 12 -1 16 -1 -1 -1 15 -1 -1 -1 -1 -1 -1 14 7 -1 -1 -1 30 23 -1 -1 -1 -1 -1 -1 9 -1 -1 29 -1 10 -1 27 26 -1 -1 -1 22 -1 -1 -1 -1 -1 -1 -1 -1 -1 -1 -1 -1 -1 -1 24 17 21 20 19 18 -1 -1 
-1 0 2 -1 4 5 6 -1 -1 -1 -1 -1 -1 3 -1 -1 -1 -1 -1 -1 -1 8 -1 -1 -1 -1 -1 11 -1 12 -1 16 -1 -1 -1 15 -1 -1 -1 -1 -1 -1 14 7 -1 -1 -1 30 23 -1 -1 -1 -1 -1 -1 9 -1 -1 29 -1 10 -1 27 26 -1 -1 -1 22 -1 -1 -1 -1 -1 -1 -1 -1 -1 -1 -1 -1 -1 -1 24 17 21 20 19 18 -1 -1 
-1 0 2 -1 4 5 6 -1 -1 -1 -1 -1 -1 3 -1 -1 -1 -1 -1 -1 -1 8 -1 -1 -1 -1 -1 11 -1 12 -1 -1 -1 -1 -1 15 -1 -1 -1 -1 -1 -1 14 7 -1 -1 -1 30 23 16 -1 -1 -1 -1 -1 9 -1 -1 29 -1 10 -1 27 26 -1 -1 -1 22 -1 -1 -1 -1 -1 -1 -1 -1 -1 -1 -1 -1 -1 -1 24 17 21 20 19 18 -1 -1 
-1 0 -1 -1 4 5 6 -1 -1 -1 -1 -1 -1 3 -1 -1 -1 -1 -1 -1 -1 8 2 -1 -1 -1 -1 11 -1 12 -1 -1 -1 -1 -1 15 -1 -1 -1 -1 -1 -1 14 7 -1 -1 -1 30 23 16 -1 -1 -1 -1 -1 9 -1 -1 29 -1 10 -1 27 26 -1 -1 -1 22 -1 -1 -1 -1 -1 -1 -1 -1 -1 -1 -1 -1 -1 -1 24 17 21 20 19 18 -1 -1 
-1 0 -1 -1 4 5 6 -1 -1 -1 -1 -1 -1 3 -1 -1 -1 -1 -1 -1 -1 8 2 -1 -1 -1 -1 11 -1 12 -1 -1 -1 -1 -1 15 -1 -1 -1 -1 -1 -1 14 7 -1 -1 -1 30 23 16 -1 -1 -1 -1 -1 9 -1 -1 29 -1 10 -1 27 26 -1 -1 -1 22 -1 -1 -1 -1 -1 -1 -1 -1 21 -1 -1 -1 -1 -1 24 17 -1 20 19 18 -1 -1 
-1 0 -1 -1 4 5 6 -1 -1 -1 -1 -1 -1 3 -1 -1 -1 -1 -1 -1 -1 8 2 -1 7 -1 -1 11 -1 12 -1 -1 -1 -1 -1 15 -1 -1 -1 -1 -1 -1 14 -1 -1 -1 -1 30 23 16 -1 -1 -1 -1 -1 9 -1 -1 29 -1 10 -1 27 26 -1 -1 -1 22 -1 -1 -1 -1 -1 -1 -1 -1 21 -1 -1 -1 -1 -1 24 17 -1 20 19 18 -1 -1 
-1 0 -1 -1 4 5 6 -1 -1 -1 -1 -1 -1 3 -1 -1 -1 -1 -1 -1 -1 8 2 -1 7 -1 -1 11 -1 12 -1 -1 -1 -1 -1 15 -1 -1 -1 -1 -1 -1 14 -1 -1 -1 -1 30 23 16 -1 -1 -1 -1 -1 9 -1 -1 29 -1 10 -1 27 -1 -1 -1 26 22 -1 -1 -1 -1 -1 -1 -1 -1 21 -1 -1 -1 -1 -1 24 17 -1 20 19 18 -1 -1 
-1 0 -1 -1 4 5 6 -1 -1 -1 -1 -1 -1 3 -1 -1 -1 -1 -1 8 -1 -1 2 -1 7 -1 -1 11 -1 12 -1 -1 -1 -1 -1 15 -1 -1 -1 -1 -1 -1 14 -1 -1 -1 -1 30 23 16 -1 -1 -1 -1 -1 9 -1 -1 29 -1 10 -1 27 -1 -1 -1 26 22 -1 -1 -1 -1 -1 -1 -1 -1 21 -1 -1 -1 -1 -1 24 17 -1 20 19 18 -1 -1 
-1 0 -1 -1 4 5 6 -1 -1 -1 -1 -1 -1 3 -1 -1 -1 -1 -1 8 -1 -1 2 -1 7 -1 -1 11 -1 23 -1 -1 -1 -1 -1 15 -1 -1 -1 -1 -1 -1 14 -1 -1 -1 -1 30 -1 16 -1 -1 -1 -1 -1 9 -1 -1 29 -1 10 -1 27 -1 -1 -1 26 22 -1 -1 -1 -1 -1 -1 -1 -1 21 -1 -1 -1 -1 -1 24 17 -1 20 19 18 -1 -1 
-1 0 -1 -1 4 5 6 -1 -1 -1 -1 -1 -1 3 -1 -1 -1 -1 -1 8 -1 -1 2 -1 7 -1 -1 11 -1 23 -1 -1 -1 -1 -1 15 -1 -1 -1 -1 -1 -1 14 -1 -1 -1 -1 30 -1 16 -1 -1 -1 -1 -1 -1 9 -1 29 -1 10 -1 27 -1 -1 -1 26 22 -1 -1 -1 -1 -1 -1 -1 -1 21 -1 -1 -1 -1 -1 24 17 -1 20 19 18 -1 -1 
-1 0 -1 -1 4 5 6 -1 -1 -1 -1 -1 -1 3 -1 -1 -1 -1 -1 24 -1 -1 2 -1 7 -1 -1 11 -1 23 -1 -1 -1 -1 -1 15 -1 -1 -1 -1 -1 -1 14 -1 -1 -1 -1 30 -1 16 -1 -1 -1 -1 -1 -1 9 -1 29 -1 10 -1 27 -1 -1 -1 26 22 -1 -1 -1 -1 -1 -1 -1 -1 21 -1 -1 -1 -1 -1 -1 17 -1 20 19 18 -1 -1 
-1 -1 -1 -1 4 5 6 -1 -1 -1 -1 -1 -1 3 -1 -1 -1 -1 -1 0 -1 -1 2 -1 7 -1 -1 11 -1 23 -1 -1 -1 -1 -1 15 -1 -1 -1 -1 -1 -1 14 -1 -1 -1 -1 30 -1 16 -1 -1 -1 -1 -1 -1 9 -1 29 -1 10 -1 27 -1 -1 -1 26 22 -1 -1 -1 -1 -1 -1 -1 -1 21 -1 -1 -1 -1 -1 -1 17 -1 20 19 18 -1 -1 
-1 -1 -1 -1 4 5 6 -1 -1 -1 -1 -1 -1 3 -1 -1 -1 -1 -1 0 -1 -1 2 -1 7 -1 -1 11 -1 -1 -1 -1 -1 -1 -1 15 -1 -1 -1 -1 23 -1 14 -1 -1 -1 -1 30 -1 16 -1 -1 -1 -1 -1 -1 9 -1 29 -1 10 -1 27 -1 -1 -1 26 22 -1 -1 -1 -1 -1 -1 -1 -1 21 -1 -1 -1 -1 -1 -1 17 -1 20 19 18 -1 -1 
-1 -1 -1 -1 4 5 6 -1 -1 -1 -1 -1 -1 3 -1 -1 -1 -1 -1 -1 -1 -1 2 -1 7 -1 -1 11 -1 -1 -1 -1 -1 -1 -1 15 -1 0 -1 -1 23 -1 14 -1 -1 -1 -1 30 -1 16 -1 -1 -1 -1 -1 -1 9 -1 29 -1 10 -1 27 -1 -1 -1 26 22 -1 -1 -1 -1 -1 -1 -1 -1 21 -1 -1 -1 -1 -1 -1 17 -1 20 19 18 -1 -1 
-1 -1 -1 -1 4 5 6 -1 -1 -1 -1 -1 -1 3 -1 -1 -1 -1 -1 -1 -1 -1 2 -1 7 -1 -1 11 -1 -1 -1 -1 -1 -1 -1 15 -1 0 -1 -1 23 -1 14 -1 -1 -1 -1 30 -1 16 -1 -1 -1 -1 -1 -1 9 -1 29 -1 10 -1 27 -1 -1 -1 -1 22 -1 -1 -1 -1 -1 -1 -1 -1 21 -1 -1 -1 -1 -1 -1 17 26 20 19 18 -1 -1 
-1 -1 -1 -1 4 5 6 -1 -1 -1 -1 -1 -1 3 -1 -1 -1 -1 -1 -1 -1 -1 2 -1 7 -1 -1 11 -1 -1 -1 -1 -1 -1 -1 15 -1 0 -1 -1 23 -1 14 -1 -1 -1 -1 30 -1 16 -1 -1 -1 -1 -1 -1 9 -1 29 -1 -1 -1 27 -1 -1 -1 -1 22 -1 10 -1 -1 -1 -1 -1 -1 21 -1 -1 -1 -1 -1 -1 17 26 20 19 18 -1 -1 
-1 -1 -1 -1 4 5 6 -1 -1 -1 -1 -1 -1 3 -1 -1 -1 -1 -1 -1 -1 -1 2 -1 7 -1 -1 11 -1 -1 -1 -1 -1 -1 -1 15 -1 0 30 -1 23 -1 14 -1 -1 -1 -1 -1 -1 16 -1 -1 -1 -1 -1 -1 9 -1 29 -1 -1 -1 27 -1 -1 -1 -1 22 -1 10 -1 -1 -1 -1 -1 -1 21 -1 -1 -1 -1 -1 -1 17 26 20 19 18 -1 -1 
-1 -1 -1 -1 4 5 6 -1 -1 -1 -1 -1 -1 3 -1 -1 -1 -1 -1 -1 -1 -1 2 -1 7 -1 -1 11 -1 -1 -1 -1 -1 -1 -1 15 -1 -1 0 -1 23 -1 14 -1 -1 -1 -1 -1 -1 16 -1 -1 -1 -1 -1 -1 9 -1 29 -1 -1 -1 27 -1 -1 -1 -1 22 -1 10 -1 -1 -1 -1 -1 -1 21 -1 -1 -1 -1 -1 -1 17 26 20 19 18 -1 -1 
-1 -1 -1 -1 4 5 6 -1 -1 -1 -1 -1 -1 3 -1 -1 -1 -1 -1 -1 -1 -1 2 -1 7 -1 -1 11 -1 -1 -1 -1 -1 -1 -1 15 -1 -1 0 -1 -1 -1 14 -1 -1 -1 -1 23 -1 16 -1 -1 -1 -1 -1 -1 9 -1 29 -1 -1 -1 27 -1 -1 -1 -1 22 -1 10 -1 -1 -1 -1 -1 -1 21 -1 -1 -1 -1 -1 -1 17 26 20 19 18 -1 -1 
-1 -1 -1 -1 4 5 6 -1 -1 -1 -1 -1 -1 3 -1 -1 -1 -1 -1 -1 -1 -1 2 -1 -1 -1 -1 11 -1 -1 -1 -1 -1 -1 -1 15 -1 -1 0 -1 -1 7 14 -1 -1 -1 -1 23 -1 16 -1 -1 -1 -1 -1 -1 9 -1 29 -1 -1 -1 27 -1 -1 -1 -1 22 -1 10 -1 -1 -1 -1 -1 -1 21 -1 -1 -1 -1 -1 -1 17 26 20 19 18 -1 -1 
-1 -1 -1 -1 4 5 6 -1 -1 -1 -1 -1 -1 3 -1 -1 -1 -1 -1 -1 -1 -1 2 -1 -1 -1 -1 11 -1 -1 -1 -1 -1 -1 -1 15 -1 -1 0 -1 -1 7 14 -1 -1 -1 -1 23 -1 16 -1 -1 -1 -1 -1 -1 9 -1 29 -1 -1 -1 27 -1 -1 -1 17 22 -1 10 -1 -1 -1 -1 -1 -1 21 -1 -1 -1 -1 -1 -1 -1 26 20 19 18 -1 -1 
-1 -1 -1 -1 4 5 6 -1 -1 -1 -1 -1 -1 3 -1 -1 -1 -1 -1 -1 -1 -1 2 -1 -1 -1 -1 11 -1 -1 -1 -1 -1 -1 -1 15 -1 -1 0 -1 -1 7 14 -1 -1 -1 -1 23 -1 16 -1 -1 -1 -1 -1 -1 9 -1 29 -1 -1 -1 27 -1 -1 -1 10 22 -1 -1 -1 -1 -1 -1 -1 -1 21 -1 -1 -1 -1 -1 -1 -1 26 20 19 18 -1 -1 
-1 -1 -1 -1 4 5 6 -1 -1 -1 -1 -1 -1 3 -1 -1 -1 -1 -1 -1 -1 -1 2 -1 -1 -1 -1 11 -1 -1 -1 -1 -1 -1 -1 15 -1 -1 0 -1 -1 7 14 -1 -1 -1 -1 23 -1 16 -1 -1 -1 -1 -1 -1 9 -1 29 -1 -1 -1 27 -1 -1 -1 21 22 -1 -1 -1 -1 -1 -1 -1 -1 -1 -1 -1 -1 -1 -1 -1 -1 26 20 19 18 -1 -1 
-1 -1 -1 -1 4 5 6 -1 -1 -1 -1 -1 -1 3 -1 -1 -1 -1 -1 -1 -1 -1 2 -1 -1 -1 -1 11 -1 -1 -1 -1 -1 -1 -1 -1 -1 -1 0 -1 -1 7 14 -1 15 -1 -1 23 -1 16 -1 -1 -1 -1 -1 -1 9 -1 29 -1 -1 -1 27 -1 -1 -1 21 22 -1 -1 -1 -1 -1 -1 -1 -1 -1 -1 -1 -1 -1 -1 -1 -1 26 20 19 18 -1 -1 
-1 -1 -1 -1 4 5 6 -1 -1 -1 -1 -1 -1 3 -1 -1 -1 -1 -1 -1 -1 -1 2 -1 -1 -1 -1 11 -1 -1 -1 -1 -1 -1 -1 -1 -1 -1 0 -1 -1 7 14 -1 15 31 -1 23 -1 16 -1 -1 -1 -1 -1 -1 9 -1 29 -1 -1 -1 27 -1 -1 -1 21 22 -1 -1 -1 -1 -1 -1 -1 -1 -1 -1 -1 -1 -1 -1 -1 -1 26 20 19 18 -1 -1 
-1 -1 -1 -1 4 5 6 -1 -1 -1 -1 -1 -1 3 -1 -1 -1 -1 -1 -1 -1 -1 2 -1 -1 -1 -1 11 -1 -1 -1 -1 -1 -1 -1 -1 -1 -1 0 -1 -1 7 14 -1 15 31 -1 23 -1 16 -1 -1 -1 -1 -1 9 -1 -1 29 -1 -1 -1 27 -1 -1 -1 21 22 -1 -1 -1 -1 -1 -1 -1 -1 -1 -1 -1 -1 -1 -1 -1 -1 26 20 19 18 -1 -1 
-1 -1 -1 -1 4 5 6 -1 -1 -1 -1 -1 -1 3 -1 -1 -1 -1 -1 -1 -1 -1 2 -1 -1 -1 -1 11 -1 -1 -1 -1 -1 -1 -1 -1 -1 -1 0 -1 -1 7 14 -1 15 31 -1 23 -1 16 -1 -1 -1 -1 -1 9 -1 -1 29 -1 -1 -1 27 -1 -1 -1 21 22 -1 -1 -1 -1 -1 -1 -1 26 -1 -1 -1 -1 -1 -1 -1 -1 -1 20 19 18 -1 -1 
-1 -1 -1 -1 4 5 6 -1 -1 -1 -1 -1 -1 3 -1 -1 -1 -1 -1 9 -1 -1 2 -1 -1 -1 -1 11 -1 -1 -1 -1 -1 -1 -1 -1 -1 -1 0 -1 -1 7 14 -1 15 31 -1 23 -1 16 -1 -1 -1 -1 -1 -1 -1 -1 29 -1 -1 -1 27 -1 -1 -1 21 22 -1 -1 -1 -1 -1 -1 -1 26 -1 -1 -1 -1 -1 -1 -1 -1 -1 20 19 18 -1 -1 
-1 -1 -1 -1 4 5 6 -1 -1 -1 -1 -1 -1 3 -1 -1 -1 -1 -1 9 -1 -1 2 -1 -1 -1 -1 11 -1 -1 -1 16 -1 -1 -1 -1 -1 -1 0 -1 -1 7 14 -1 15 31 -1 23 -1 -1 -1 -1 -1 -1 -1 -1 -1 -1 29 -1 -1 -1 27 -1 -1 -1 21 22 -1 -1 -1 -1 -1 -1 -1 26 -1 -1 -1 -1 -1 -1 -1 -1 -1 20 19 18 -1 -1 
-1 -1 -1 -1 4 5 6 -1 -1 -1 -1 -1 -1 3 -1 -1 -1 -1 -1 -1 9 -1 2 -1 -1 -1 -1 11 -1 -1 -1 16 -1 -1 -1 -1 -1 -1 0 -1 -1 7 14 -1 15 31 -1 23 -1 -1 -1 -1 -1 -1 -1 -1 -1 -1 29 -1 -1 -1 27 -1 -1 -1 21 22 -1 -1 -1 -1 -1 -1 -1 26 -1 -1 -1 -1 -1 -1 -1 -1 -1 20 19 18 -1 -1 
-1 -1 -1 -1 4 5 6 -1 -1 -1 -1 -1 -1 3 -1 -1 -1 -1 -1 -1 9 -1 2 -1 -1 -1 -1 11 -1 -1 -1 16 -1 -1 -1 -1 -1 -1 0 -1 -1 7 14 -1 15 31 -1 23 -1 -1 -1 -1 -1 -1 -1 -1 -1 -1 29 -1 -1 -1 27 -1 -1 -1 21 22 -1 -1 -1 -1 -1 -1 26 -1 -1 -1 -1 -1 -1 -1 -1 -1 -1 20 19 18 -1 -1 
-1 -1 -1 -1 4 5 6 -1 -1 -1 -1 -1 -1 3 -1 -1 -1 -1 -1 -1 9 -1 2 -1 -1 -1 -1 11 -1 -1 -1 16 -1 -1 -1 -1 -1 -1 -1 -1 -1 7 14 -1 15 31 -1 0 -1 -1 -1 -1 -1 -1 -1 -1 -1 -1 29 -1 -1 -1 27 -1 -1 -1 21 22 -1 -1 -1 -1 -1 -1 26 -1 -1 -1 -1 -1 -1 -1 -1 -1 -1 20 19 18 -1 -1 
-1 -1 -1 -1 4 5 6 -1 -1 -1 -1 -1 -1 3 -1 -1 -1 -1 -1 -1 9 -1 2 -1 -1 -1 -1 11 -1 -1 -1 16 -1 -1 -1 -1 -1 -1 -1 -1 -1 7 14 -1 15 31 -1 22 -1 -1 -1 -1 -1 -1 -1 -1 -1 -1 29 -1 -1 -1 27 -1 -1 -1 21 -1 -1 -1 -1 -1 -1 -1 26 -1 -1 -1 -1 -1 -1 -1 -1 -1 -1 20 19 18 -1 -1 
-1 -1 -1 -1 4 5 6 -1 -1 -1 -1 -1 -1 3 -1 -1 -1 -1 -1 -1 -1 -1 2 -1 -1 -1 -1 11 -1 -1 -1 16 -1 -1 -1 -1 -1 -1 -1 -1 -1 7 14 -1 15 31 -1 22 -1 -1 -1 -1 -1 -1 -1 -1 -1 -1 29 -1 -1 -1 27 -1 -1 -1 21 -1 -1 -1 -1 -1 -1 -1 9 -1 -1 -1 -1 -1 -1 -1 -1 -1 -1 20 19 18 -1 -1 
-1 -1 -1 -1 4 5 6 -1 -1 -1 -1 -1 -1 3 -1 -1 -1 -1 -1 -1 -1 -1 2 -1 -1 -1 -1 11 -1 -1 -1 16 -1 -1 -1 -1 -1 -1 -1 -1 -1 7 14 -1 15 31 -1 22 -1 29 -1 -1 -1 -1 -1 -1 -1 -1 -1 -1 -1 -1 27 -1 -1 -1 21 -1 -1 -1 -1 -1 -1 -1 9 -1 -1 -1 -1 -1 -1 -1 -1 -1 -1 20 19 18 -1 -1 
-1 -1 -1 -1 4 5 6 -1 -1 -1 -1 -1 -1 3 -1 -1 -1 -1 -1 -1 -1 -1 2 -1 -1 -1 -1 11 -1 -1 -1 16 -1 -1 -1 -1 -1 -1 -1 -1 -1 -1 14 -1 15 31 -1 22 -1 29 -1 -1 -1 -1 -1 -1 -1 -1 -1 -1 7 -1 27 -1 -1 -1 21 -1 -1 -1 -1 -1 -1 -1 9 -1 -1 -1 -1 -1 -1 -1 -1 -1 -1 20 19 18 -1 -1 
-1 -1 -1 -1 4 5 6 -1 -1 -1 -1 -1 -1 3 -1 -1 -1 -1 -1 -1 -1 -1 2 -1 -1 -1 -1 11 -1 -1 -1 16 -1 -1 -1 -1 -1 -1 -1 -1 29 -1 14 -1 15 31 -1 22 -1 -1 -1 -1 -1 -1 -1 -1 -1 -1 -1 -1 7 -1 27 -1 -1 -1 21 -1 -1 -1 -1 -1 -1 -1 9 -1 -1 -1 -1 -1 -1 -1 -1 -1 -1 20 19 18 -1 -1 
-1 -1 -1 -1 4 5 6 -1 -1 -1 -1 -1 -1 3 -1 -1 -1 -1 -1 -1 -1 -1 2 -1 -1 -1 -1 11 -1 -1 -1 16 -1 -1 -1 -1 -1 -1 -1 -1 29 -1 14 -1 15 31 -1 22 -1 -1 -1 -1 -1 -1 -1 -1 -1 -1 -1 -1 7 -1 27 -1 -1 -1 21 -1 -1 -1 -1 -1 9 -1 -1 -1 -1 -1 -1 -1 -1 -1 -1 -1 -1 20 19 18 -1 -1 
-1 -1 -1 -1 4 5 6 -1 -1 -1 -1 -1 -1 3 -1 -1 -1 -1 -1 -1 -1 -1 2 -1 -1 -1 -1 11 -1 -1 -1 16 -1 -1 -1 -1 -1 -1 -1 29 -1 -1 14 -1 15 31 -1 22 -1 -1 -1 -1 -1 -1 -1 -1 -1 -1 -1 -1 7 -1 27 -1 -1 -1 21 -1 -1 -1 -1 -1 9 -1 -1 -1 -1 -1 -1 -1 -1 -1 -1 -1 -1 20 19 18 -1 -1 
-1 -1 -1 -1 4 5 6 -1 -1 -1 -1 -1 -1 3 -1 -1 -1 -1 -1 -1 -1 -1 2 -1 -1 -1 -1 11 -1 -1 -1 16 -1 -1 -1 -1 -1 -1 -1 29 -1 -1 14 -1 -1 31 -1 22 -1 -1 -1 -1 -1 15 -1 -1 -1 -1 -1 -1 7 -1 27 -1 -1 -1 21 -1 -1 -1 -1 -1 9 -1 -1 -1 -1 -1 -1 -1 -1 -1 -1 -1 -1 20 19 18 -1 -1 
-1 -1 -1 -1 4 5 6 -1 -1 -1 -1 -1 -1 3 -1 -1 -1 -1 -1 -1 -1 -1 2 -1 -1 -1 -1 11 -1 -1 -1 -1 -1 -1 -1 -1 -1 -1 -1 29 -1 -1 14 -1 -1 31 -1 22 -1 -1 -1 -1 -1 15 -1 -1 -1 -1 -1 -1 7 -1 27 -1 -1 -1 21 -1 -1 -1 -1 -1 9 -1 -1 -1 16 -1 -1 -1 -1 -1 -1 -1 -1 20 19 18 -1 -1 
-1 -1 -1 -1 4 5 6 -1 -1 -1 -1 -1 -1 3 -1 -1 -1 -1 -1 -1 -1 -1 2 -1 -1 -1 -1 11 -1 -1 -1 -1 -1 -1 -1 -1 -1 -1 -1 29 -1 -1 14 -1 -1 31 -1 22 -1 -1 -1 -1 -1 15 -1 -1 -1 -1 -1 -1 7 -1 27 -1 -1 -1 21 -1 -1 -1 -1 -1 -1 -1 -1 -1 16 -1 -1 -1 -1 9 -1 -1 -1 20 19 18 -1 -1 
-1 -1 -1 -1 4 5 6 -1 -1 -1 -1 -1 -1 3 -1 -1 -1 -1 -1 -1 -1 -1 2 -1 -1 -1 -1 11 -1 -1 -1 -1 -1 -1 -1 -1 -1 -1 -1 29 -1 -1 14 -1 -1 31 -1 22 -1 -1 -1 -1 -1 15 -1 -1 -1 -1 16 -1 7 -1 27 -1 -1 -1 21 -1 -1 -1 -1 -1 -1 -1 -1 -1 -1 -1 -1 -1 -1 9 -1 -1 -1 20 19 18 -1 -1 
-1 -1 -1 -1 4 5 6 -1 -1 -1 -1 -1 -1 3 -1 -1 -1 -1 -1 -1 -1 -1 2 -1 -1 -1 -1 11 -1 -1 -1 -1 -1 -1 -1 -1 -1 -1 -1 29 -1 -1 -1 -1 -1 31 -1 22 -1 -1 -1 14 -1 15 -1 -1 -1 -1 16 -1 7 -1 27 -1 -1 -1 21 -1 -1 -1 -1 -1 -1 -1 -1 -1 -1 -1 -1 -1 -1 9 -1 -1 -1 20 19 18 -1 -1 
-1 -1 -1 -1 4 5 6 -1 -1 -1 -1 -1 -1 3 -1 -1 -1 -1 -1 -1 -1 -1 2 -1 -1 -1 -1 11 -1 -1 -1 -1 -1 -1 -1 -1 -1 -1 -1 29 -1 -1 -1 -1 -1 31 -1 22 -1 -1 -1 14 -1 15 -1 -1 -1 -1 16 -1 7 -1 27 -1 -1 -1 21 18 -1 -1 -1 -1 -1 -1 -1 -1 -1 -1 -1 -1 -1 9 -1 -1 -1 20 19 -1 -1 -1 
-1 -1 -1 -1 4 5 6 -1 -1 -1 -1 -1 -1 3 -1 -1 -1 -1 -1 -1 -1 -1 2 -1 -1 -1 -1 11 -1 -1 -1 -1 -1 -1 -1 -1 -1 -1 -1 29 -1 -1 -1 -1 -1 31 -1 22 -1 -1 -1 14 -1 -1 -1 -1 -1 -1 16 -1 7 -1 15 -1 -1 -1 21 18 -1 -1 -1 -1 -1 -1 -1 -1 -1 -1 -1 -1 -1 9 -1 -1 -1 20 19 -1 -1 -1 
-1 -1 -1 -1 4 5 6 -1 -1 -1 -1 -1 -1 3 -1 -1 -1 -1 -1 -1 -1 -1 2 -1 -1 -1 -1 11 -1 -1 -1 -1 -1 -1 -1 -1 -1 -1 -1 29 -1 -1 -1 -1 -1 31 -1 22 -1 -1 -1 18 -1 -1 -1 -1 -1 -1 16 -1 7 -1 15 -1 -1 -1 21 -1 -1 -1 -1 -1 -1 -1 -1 -1 -1 -1 -1 -1 -1 9 -1 -1 -1 20 19 -1 -1 -1 
-1 -1 -1 -1 4 5 6 -1 -1 -1 -1 -1 -1 3 -1 -1 -1 -1 -1 -1 -1 -1 2 -1 -1 -1 -1 11 -1 -1 -1 -1 -1 -1 -1 -1 -1 -1 -1 29 -1 -1 -1 -1 -1 31 -1 22 -1 -1 -1 18 -1 7 -1 -1 -1 -1 16 -1 -1 -1 15 -1 -1 -1 21 -1 -1 -1 -1 -1 -1 -1 -1 -1 -1 -1 -1 -1 -1 9 -1 -1 -1 20 19 -1 -1 -1 
-1 -1 -1 -1 4 5 6 -1 -1 -1 -1 -1 -1 3 -1 -1 -1 -1 -1 -1 -1 -1 2 -1 -1 -1 -1 11 -1 -1 29 -1 -1 -1 -1 -1 -1 -1 -1 -1 -1 -1 -1 -1 -1 31 -1 22 -1 -1 -1 18 -1 7 -1 -1 -1 -1 16 -1 -1 -1 15 -1 -1 -1 21 -1 -1 -1 -1 -1 -1 -1 -1 -1 -1 -1 -1 -1 -1 9 -1 -1 -1 20 19 -1 -1 -1 
-1 -1 -1 -1 4 5 6 -1 -1 -1 -1 -1 -1 3 -1 -1 -1 -1 -1 -1 -1 -1 2 -1 -1 -1 -1 11 -1 -1 29 -1 -1 -1 -1 -1 -1 -1 -1 -1 -1 -1 7 -1 -1 31 -1 22 -1 -1 -1 18 -1 -1 -1 -1 -1 -1 16 -1 -1 -1 15 -1 -1 -1 21 -1 -1 -1 -1 -1 -1 -1 -1 -1 -1 -1 -1 -1 -1 9 -1 -1 -1 20 19 -1 -1 -1 
-1 -1 -1 -1 4 5 6 -1 -1 -1 -1 -1 -1 3 -1 -1 -1 -1 -1 -1 -1 -1 2 -1 -1 -1 -1 11 -1 29 -1 -1 -1 -1 -1 -1 -1 -1 -1 -1 -1 -1 7 -1 -1 31 -1 22 -1 -1 -1 18 -1 -1 -1 -1 -1 -1 16 -1 -1 -1 15 -1 -1 -1 21 -1 -1 -1 -1 -1 -1 -1 -1 -1 -1 -1 -1 -1 -1 9 -1 -1 -1 20 19 -1 -1 -1 
-1 -1 -1 3 4 5 6 -1 -1 -1 -1 -1 -1 -1 -1 -1 -1 -1 -1 -1 -1 -1 2 -1 -1 -1 -1 11 -1 29 -1 -1 -1 -1 -1 -1 -1 -1 -1 -1 -1 -1 7 -1 -1 31 -1 22 -1 -1 -1 18 -1 -1 -1 -1 -1 -1 16 -1 -1 -1 15 -1 -1 -1 21 -1 -1 -1 -1 -1 -1 -1 -1 -1 -1 -1 -1 -1 -1 9 -1 -1 -1 20 19 -1 -1 -1 
-1 -1 -1 3 4 5 6 -1 -1 -1 -1 -1 -1 -1 -1 -1 -1 -1 -1 -1 -1 -1 2 -1 -1 -1 -1 11 29 -1 -1 -1 -1 -1 -1 -1 -1 -1 -1 -1 -1 -1 7 -1 -1 31 -1 22 -1 -1 -1 18 -1 -1 -1 -1 -1 -1 16 -1 -1 -1 15 -1 -1 -1 21 -1 -1 -1 -1 -1 -1 -1 -1 -1 -1 -1 -1 -1 -1 9 -1 -1 -1 20 19 -1 -1 -1 
-1 -1 -1 3 4 5 6 -1 -1 -1 -1 -1 -1 -1 -1 -1 -1 -1 -1 -1 -1 -1 2 -1 -1 -1 -1 11 29 -1 -1 -1 -1 -1 -1 -1 -1 -1 -1 -1 -1 -1 7 -1 -1 31 -1 22 -1 -1 -1 18 -1 -1 -1 -1 -1 -1 16 -1 -1 15 -1 -1 -1 -1 21 -1 -1 -1 -1 -1 -1 -1 -1 -1 -1 -1 -1 -1 -1 9 -1 -1 -1 20 19 -1 -1 -1 
-1 -1 -1 3 4 5 6 -1 -1 -1 -1 -1 -1 -1 -1 -1 -1 -1 -1 -1 -1 -1 2 -1 -1 -1 -1 11 29 -1 -1 -1 -1 -1 -1 -1 -1 -1 -1 -1 -1 -1 7 -1 -1 31 -1 22 -1 -1 -1 18 -1 -1 -1 -1 -1 -1 16 -1 -1 15 -1 -1 -1 -1 21 -1 -1 -1 -1 -1 -1 -1 -1 -1 19 -1 -1 -1 -1 9 -1 -1 -1 20 -1 -1 -1 -1 
-1 -1 -1 3 4 5 6 -1 -1 -1 -1 -1 -1 -1 -1 -1 -1 -1 -1 -1 -1 -1 2 -1 -1 -1 -1 11 29 -1 -1 -1 -1 -1 -1 -1 -1 -1 -1 -1 -1 -1 7 -1 -1 31 -1 22 -1 -1 -1 18 -1 -1 -1 -1 -1 -1 16 -1 -1 -1 -1 -1 -1 -1 21 -1 -1 -1 15 -1 -1 -1 -1 -1 19 -1 -1 -1 -1 9 -1 -1 -1 20 -1 -1 -1 -1 
-1 -1 -1 3 4 5 6 -1 -1 -1 -1 -1 -1 -1 -1 -1 -1 -1 -1 -1 -1 -1 2 -1 -1 -1 -1 11 29 -1 -1 -1 -1 -1 -1 -1 -1 -1 -1 -1 -1 -1 7 -1 -1 31 -1 22 -1 -1 -1 18 -1 -1 16 -1 -1 -1 -1 -1 -1 -1 -1 -1 -1 -1 21 -1 -1 -1 15 -1 -1 -1 -1 -1 19 -1 -1 -1 -1 9 -1 -1 -1 20 -1 -1 -1 -1 
-1 -1 -1 3 4 5 6 -1 -1 -1 -1 -1 -1 -1 -1 -1 -1 -1 -1 -1 -1 -1 2 -1 -1 -1 -1 11 29 -1 -1 -1 -1 -1 -1 -1 -1 -1 -1 -1 -1 -1 7 -1 -1 31 -1 22 -1 -1 -1 18 -1 -1 16 -1 -1 -1 -1 -1 -1 -1 -1 -1 -1 -1 21 -1 -1 -1 15 -1 -1 -1 -1 -1 19 -1 -1 -1 -1 -1 9 -1 -1 20 -1 -1 -1 -1 
-1 -1 -1 3 4 5 6 -1 -1 -1 -1 -1 -1 -1 -1 -1 -1 -1 -1 -1 -1 -1 2 -1 -1 -1 -1 29 -1 -1 -1 -1 -1 -1 -1 -1 -1 -1 -1 -1 -1 -1 7 -1 -1 31 -1 22 -1 -1 -1 18 -1 -1 16 -1 -1 -1 -1 -1 -1 -1 -1 -1 -1 -1 21 -1 -1 -1 15 -1 -1 -1 -1 -1 19 -1 -1 -1 -1 -1 9 -1 -1 20 -1 -1 -1 -1 
-1 -1 -1 3 4 5 6 -1 -1 -1 9 -1 -1 -1 -1 -1 -1 -1 -1 -1 -1 -1 2 -1 -1 -1 -1 29 -1 -1 -1 -1 -1 -1 -1 -1 -1 -1 -1 -1 -1 -1 7 -1 -1 31 -1 22 -1 -1 -1 18 -1 -1 16 -1 -1 -1 -1 -1 -1 -1 -1 -1 -1 -1 21 -1 -1 -1 15 -1 -1 -1 -1 -1 19 -1 -1 -1 -1 -1 -1 -1 -1 20 -1 -1 -1 -1 
-1 -1 -1 3 4 5 6 -1 -1 -1 9 -1 -1 -1 -1 -1 -1 -1 -1 -1 -1 -1 2 -1 -1 -1 -1 29 -1 -1 -1 -1 -1 -1 -1 -1 -1 -1 -1 -1 -1 -1 7 -1 -1 31 -1 22 -1 -1 -1 18 -1 -1 -1 -1 -1 -1 -1 -1 -1 16 -1 -1 -1 -1 21 -1 -1 -1 15 -1 -1 -1 -1 -1 19 -1 -1 -1 -1 -1 -1 -1 -1 20 -1 -1 -1 -1 
-1 -1 -1 3 4 5 6 -1 -1 -1 9 -1 -1 -1 -1 -1 -1 -1 -1 -1 -1 -1 2 -1 -1 -1 -1 29 -1 -1 -1 -1 -1 -1 -1 -1 -1 -1 -1 -1 -1 -1 7 -1 -1 31 -1 22 -1 -1 -1 18 -1 -1 -1 -1 -1 -1 -1 -1 -1 16 -1 -1 -1 -1 21 -1 -1 15 -1 -1 -1 -1 -1 -1 19 -1 -1 -1 -1 -1 -1 -1 -1 20 -1 -1 -1 -1 
-1 -1 -1 3 4 5 6 -1 -1 -1 9 -1 -1 -1 -1 -1 -1 -1 -1 -1 -1 -1 2 -1 -1 -1 -1 29 -1 -1 -1 -1 -1 -1 -1 -1 -1 -1 -1 -1 -1 -1 7 -1 -1 31 -1 22 -1 -1 -1 18 -1 27 -1 -1 -1 -1 -1 -1 -1 16 -1 -1 -1 -1 21 -1 -1 15 -1 -1 -1 -1 -1 -1 19 -1 -1 -1 -1 -1 -1 -1 -1 20 -1 -1 -1 -1 
-1 -1 -1 3 4 5 6 -1 -1 -1 -1 -1 -1 -1 -1 -1 -1 9 -1 -1 -1 -1 2 -1 -1 -1 -1 29 -1 -1 -1 -1 -1 -1 -1 -1 -1 -1 -1 -1 -1 -1 7 -1 -1 31 -1 22 -1 -1 -1 18 -1 27 -1 -1 -1 -1 -1 -1 -1 16 -1 -1 -1 -1 21 -1 -1 15 -1 -1 -1 -1 -1 -1 19 -1 -1 -1 -1 -1 -1 -1 -1 20 -1 -1 -1 -1 
-1 -1 -1 3 4 5 6 -1 -1 -1 -1 -1 -1 -1 -1 -1 -1 9 -1 -1 -1 -1 2 -1 -1 -1 -1 29 -1 -1 -1 -1 -1 -1 -1 -1 -1 -1 -1 -1 -1 -1 7 -1 -1 31 -1 22 -1 -1 -1 18 -1 27 -1 28 -1 -1 -1 -1 -1 16 -1 -1 -1 -1 21 -1 -1 15 -1 -1 -1 -1 -1 -1 19 -1 -1 -1 -1 -1 -1 -1 -1 20 -1 -1 -1 -1 
-1 -1 -1 3 4 -1 6 -1 -1 -1 -1 -1 -1 5 -1 -1 -1 9 -1 -1 -1 -1 2 -1 -1 -1 -1 29 -1 -1 -1 -1 -1 -1 -1 -1 -1 -1 -1 -1 -1 -1 7 -1 -1 31 -1 22 -1 -1 -1 18 -1 27 -1 28 -1 -1 -1 -1 -1 16 -1 -1 -1 -1 21 -1 -1 15 -1 -1 -1 -1 -1 -1 19 -1 -1 -1 -1 -1 -1 -1 -1 20 -1 -1 -1 -1 
-1 -1 -1 3 4 -1 6 -1 -1 -1 -1 -1 -1 5 -1 -1 -1 9 -1 -1 -1 -1 2 -1 -1 -1 -1 29 -1 -1 -1 -1 -1 -1 -1 -1 -1 -1 -1 -1 -1 -1 7 -1 -1 31 -1 -1 -1 -1 -1 18 -1 27 -1 28 -1 -1 -1 -1 -1 16 -1 -1 -1 -1 21 22 -1 15 -1 -1 -1 -1 -1 -1 19 -1 -1 -1 -1 -1 -1 -1 -1 20 -1 -1 -1 -1 
-1 -1 -1 3 4 -1 6 -1 -1 -1 -1 -1 -1 5 -1 -1 -1 -1 -1 -1 -1 -1 2 -1 -1 -1 -1 29 -1 -1 -1 -1 -1 -1 -1 -1 -1 -1 -1 -1 -1 -1 7 -1 9 31 -1 -1 -1 -1 -1 18 -1 27 -1 28 -1 -1 -1 -1 -1 16 -1 -1 -1 -1 21 22 -1 15 -1 -1 -1 -1 -1 -1 19 -1 -1 -1 -1 -1 -1 -1 -1 20 -1 -1 -1 -1 
-1 -1 -1 3 4 -1 6 -1 -1 -1 -1 -1 -1 5 -1 -1 -1 -1 -1 -1 -1 -1 2 -1 -1 -1 -1 29 -1 -1 -1 -1 -1 -1 -1 -1 -1 -1 -1 -1 -1 -1 7 16 9 31 -1 -1 -1 -1 -1 18 -1 27 -1 28 -1 -1 -1 -1 -1 -1 -1 -1 -1 -1 21 22 -1 15 -1 -1 -1 -1 -1 -1 19 -1 -1 -1 -1 -1 -1 -1 -1 20 -1 -1 -1 -1 
-1 -1 -1 3 4 -1 6 -1 -1 -1 -1 -1 -1 5 -1 -1 -1 -1 -1 -1 -1 -1 2 -1 -1 -1 9 29 -1 -1 -1 -1 -1 -1 -1 -1 -1 -1 -1 -1 -1 -1 7 16 -1 31 -1 -1 -1 -1 -1 18 -1 27 -1 28 -1 -1 -1 -1 -1 -1 -1 -1 -1 -1 21 22 -1 15 -1 -1 -1 -1 -1 -1 19 -1 -1 -1 -1 -1 -1 -1 -1 20 -1 -1 -1 -1 
-1 -1 -1 3 4 -1 6 -1 -1 -1 -1 -1 -1 5 -1 -1 -1 -1 -1 -1 -1 -1 2 -1 -1 -1 9 -1 29 -1 -1 -1 -1 -1 -1 -1 -1 -1 -1 -1 -1 -1 7 16 -1 31 -1 -1 -1 -1 -1 18 -1 27 -1 28 -1 -1 -1 -1 -1 -1 -1 -1 -1 -1 21 22 -1 15 -1 -1 -1 -1 -1 -1 19 -1 -1 -1 -1 -1 -1 -1 -1 20 -1 -1 -1 -1 
-1 -1 -1 3 4 -1 6 -1 -1 -1 -1 -1 -1 5 -1 -1 -1 -1 -1 -1 -1 -1 2 -1 -1 -1 9 -1 29 -1 -1 7 -1 -1 -1 -1 -1 -1 -1 -1 -1 -1 -1 16 -1 31 -1 -1 -1 -1 -1 18 -1 27 -1 28 -1 -1 -1 -1 -1 -1 -1 -1 -1 -1 21 22 -1 15 -1 -1 -1 -1 -1 -1 19 -1 -1 -1 -1 -1 -1 -1 -1 20 -1 -1 -1 -1 
-1 -1 -1 3 4 -1 6 -1 -1 -1 -1 -1 -1 5 -1 -1 -1 -1 -1 -1 -1 -1 2 -1 -1 -1 9 -1 29 -1 -1 7 -1 -1 16 -1 -1 -1 -1 -1 -1 -1 -1 -1 -1 31 -1 -1 -1 -1 -1 18 -1 27 -1 28 -1 -1 -1 -1 -1 -1 -1 -1 -1 -1 21 22 -1 15 -1 -1 -1 -1 -1 -1 19 -1 -1 -1 -1 -1 -1 -1 -1 20 -1 -1 -1 -1 
-1 -1 -1 3 4 -1 6 -1 -1 -1 -1 -1 -1 5 -1 -1 -1 -1 -1 -1 -1 -1 2 -1 -1 -1 9 -1 29 -1 -1 -1 -1 -1 16 -1 -1 -1 -1 -1 -1 -1 1 -1 -1 31 -1 -1 -1 -1 -1 18 -1 27 -1 28 -1 -1 -1 -1 -1 -1 -1 -1 -1 -1 21 22 -1 15 -1 -1 -1 -1 -1 -1 19 -1 -1 -1 -1 -1 -1 -1 -1 20 -1 -1 -1 -1 
-1 -1 -1 3 4 -1 6 -1 -1 -1 -1 -1 -1 5 -1 -1 -1 -1 -1 -1 -1 -1 2 -1 -1 -1 9 -1 -1 29 -1 -1 -1 -1 16 -1 -1 -1 -1 -1 -1 -1 1 -1 -1 31 -1 -1 -1 -1 -1 18 -1 27 -1 28 -1 -1 -1 -1 -1 -1 -1 -1 -1 -1 21 22 -1 15 -1 -1 -1 -1 -1 -1 19 -1 -1 -1 -1 -1 -1 -1 -1 20 -1 -1 -1 -1 
-1 -1 -1 3 4 -1 6 -1 -1 -1 -1 -1 -1 5 -1 -1 -1 -1 -1 -1 -1 -1 2 -1 -1 -1 -1 -1 -1 29 -1 -1 -1 -1 16 -1 -1 -1 -1 -1 -1 -1 1 -1 9 31 -1 -1 -1 -1 -1 18 -1 27 -1 28 -1 -1 -1 -1 -1 -1 -1 -1 -1 -1 21 22 -1 15 -1 -1 -1 -1 -1 -1 19 -1 -1 -1 -1 -1 -1 -1 -1 20 -1 -1 -1 -1 
-1 -1 -1 3 4 -1 6 -1 -1 -1 -1 -1 -1 5 -1 -1 -1 -1 -1 -1 -1 -1 2 -1 -1 -1 -1 -1 -1 29 -1 -1 -1 -1 -1 -1 -1 -1 -1 -1 -1 -1 1 16 9 31 -1 -1 -1 -1 -1 18 -1 27 -1 28 -1 -1 -1 -1 -1 -1 -1 -1 -1 -1 21 22 -1 15 -1 -1 -1 -1 -1 -1 19 -1 -1 -1 -1 -1 -1 -1 -1 20 -1 -1 -1 -1 
-1 -1 -1 3 4 -1 6 -1 -1 -1 -1 -1 -1 5 -1 -1 -1 -1 -1 -1 -1 -1 2 -1 -1 -1 9 -1 -1 29 -1 -1 -1 -1 -1 -1 -1 -1 -1 -1 -1 -1 1 16 -1 31 -1 -1 -1 -1 -1 18 -1 27 -1 28 -1 -1 -1 -1 -1 -1 -1 -1 -1 -1 21 22 -1 15 -1 -1 -1 -1 -1 -1 19 -1 -1 -1 -1 -1 -1 -1 -1 20 -1 -1 -1 -1 
-1 -1 -1 3 4 -1 6 -1 -1 -1 -1 -1 -1 5 -1 -1 -1 -1 -1 -1 -1 -1 2 -1 -1 -1 9 -1 -1 -1 29 -1 -1 -1 -1 -1 -1 -1 -1 -1 -1 -1 1 16 -1 31 -1 -1 -1 -1 -1 18 -1 27 -1 28 -1 -1 -1 -1 -1 -1 -1 -1 -1 -1 21 22 -1 15 -1 -1 -1 -1 -1 -1 19 -1 -1 -1 -1 -1 -1 -1 -1 20 -1 -1 -1 -1 
-1 -1 -1 3 4 -1 6 -1 -1 -1 -1 -1 -1 5 -1 -1 -1 -1 -1 -1 -1 -1 2 -1 -1 -1 9 -1 -1 -1 29 -1 -1 -1 -1 -1 -1 -1 -1 -1 -1 -1 1 16 -1 31 -1 -1 -1 -1 -1 -1 -1 27 -1 28 -1 -1 -1 -1 14 -1 -1 -1 -1 -1 21 22 -1 15 -1 -1 -1 -1 -1 -1 19 -1 -1 -1 -1 -1 -1 -1 -1 20 -1 -1 -1 -1 
-1 -1 -1 3 4 -1 6 -1 -1 -1 -1 -1 -1 5 -1 -1 -1 -1 -1 -1 -1 -1 2 -1 -1 -1 9 -1 -1 -1 29 -1 -1 -1 -1 -1 -1 -1 -1 -1 -1 -1 1 -1 -1 31 -1 -1 -1 -1 -1 -1 -1 27 -1 28 -1 -1 -1 -1 14 16 -1 -1 -1 -1 21 22 -1 15 -1 -1 -1 -1 -1 -1 19 -1 -1 -1 -1 -1 -1 -1 -1 20 -1 -1 -1 -1 
-1 -1 -1 3 4 -1 6 -1 -1 -1 -1 -1 -1 5 -1 -1 -1 -1 -1 -1 -1 -1 2 -1 -1 -1 -1 -1 -1 -1 29 -1 -1 -1 -1 9 -1 -1 -1 -1 -1 -1 1 -1 -1 31 -1 -1 -1 -1 -1 -1 -1 27 -1 28 -1 -1 -1 -1 14 16 -1 -1 -1 -1 21 22 -1 15 -1 -1 -1 -1 -1 -1 19 -1 -1 -1 -1 -1 -1 -1 -1 20 -1 -1 -1 -1 
-1 -1 -1 3 4 -1 6 -1 -1 -1 -1 -1 -1 5 -1 -1 -1 -1 -1 -1 -1 -1 2 -1 -1 -1 -1 -1 -1 -1 29 -1 -1 -1 -1 9 -1 -1 -1 -1 -1 -1 1 -1 -1 31 -1 -1 -1 -1 -1 -1 -1 27 -1 28 -1 -1 -1 -1 14 -1 16 -1 -1 -1 21 22 -1 15 -1 -1 -1 -1 -1 -1 19 -1 -1 -1 -1 -1 -1 -1 -1 20 -1 -1 -1 -1 
-1 -1 -1 3 4 -1 6 -1 -1 -1 -1 -1 -1 5 -1 -1 -1 -1 -1 -1 -1 -1 2 -1 -1 -1 -1 -1 -1 -1 29 -1 -1 -1 9 -1 -1 -1 -1 -1 -1 -1 1 -1 -1 31 -1 -1 -1 -1 -1 -1 -1 27 -1 28 -1 -1 -1 -1 14 -1 16 -1 -1 -1 21 22 -1 15 -1 -1 -1 -1 -1 -1 19 -1 -1 -1 -1 -1 -1 -1 -1 20 -1 -1 -1 -1 
-1 -1 -1 3 4 -1 6 -1 -1 -1 -1 -1 -1 5 -1 -1 -1 -1 -1 -1 -1 -1 2 -1 -1 -1 -1 -1 -1 -1 29 -1 -1 -1 9 -1 -1 -1 -1 -1 -1 -1 1 -1 -1 31 -1 -1 -1 -1 -1 -1 -1 27 -1 28 -1 -1 -1 -1 14 -1 -1 -1 -1 -1 21 22 -1 15 -1 -1 -1 -1 -1 -1 19 -1 -1 -1 16 -1 -1 -1 -1 20 -1 -1 -1 -1 
-1 -1 -1 3 4 -1 6 -1 -1 -1 -1 -1 -1 5 -1 -1 -1 -1 -1 -1 -1 -1 2 -1 -1 -1 -1 -1 -1 -1 29 -1 -1 -1 -1 -1 -1 -1 -1 -1 -1 -1 1 -1 -1 31 -1 -1 -1 -1 -1 -1 -1 27 -1 28 -1 -1 -1 -1 14 -1 -1 -1 -1 -1 21 22 -1 15 -1 -1 -1 -1 -1 -1 19 -1 -1 9 16 -1 -1 -1 -1 20 -1 -1 -1 -1 
-1 -1 -1 3 4 -1 6 -1 -1 -1 -1 -1 -1 5 -1 -1 -1 -1 -1 -1 -1 -1 2 -1 -1 -1 -1 -1 -1 -1 29 -1 -1 -1 -1 -1 -1 -1 -1 -1 -1 -1 1 -1 -1 31 28 -1 -1 -1 -1 -1 -1 27 -1 -1 -1 -1 -1 -1 14 -1 -1 -1 -1 -1 21 22 -1 15 -1 -1 -1 -1 -1 -1 19 -1 -1 9 16 -1 -1 -1 -1 20 -1 -1 -1 -1 
-1 -1 -1 3 -1 4 6 -1 -1 -1 -1 -1 -1 5 -1 -1 -1 -1 -1 -1 -1 -1 2 -1 -1 -1 -1 -1 -1 -1 29 -1 -1 -1 -1 -1 -1 -1 -1 -1 -1 -1 1 -1 -1 31 28 -1 -1 -1 -1 -1 -1 27 -1 -1 -1 -1 -1 -1 14 -1 -1 -1 -1 -1 21 22 -1 15 -1 -1 -1 -1 -1 -1 19 -1 -1 9 16 -1 -1 -1 -1 20 -1 -1 -1 -1 
-1 -1 -1 3 -1 4 6 -1 -1 -1 -1 -1 -1 5 -1 -1 -1 -1 -1 -1 -1 -1 2 -1 -1 -1 -1 -1 -1 29 -1 -1 -1 -1 -1 -1 -1 -1 -1 -1 -1 -1 1 -1 -1 31 28 -1 -1 -1 -1 -1 -1 27 -1 -1 -1 -1 -1 -1 14 -1 -1 -1 -1 -1 21 22 -1 15 -1 -1 -1 -1 -1 -1 19 -1 -1 9 16 -1 -1 -1 -1 20 -1 -1 -1 -1 
-1 -1 -1 3 4 -1 6 -1 -1 -1 -1 -1 -1 5 -1 -1 -1 -1 -1 -1 -1 -1 2 -1 -1 -1 -1 -1 -1 29 -1 -1 -1 -1 -1 -1 -1 -1 -1 -1 -1 -1 1 -1 -1 31 28 -1 -1 -1 -1 -1 -1 27 -1 -1 -1 -1 -1 -1 14 -1 -1 -1 -1 -1 21 22 -1 15 -1 -1 -1 -1 -1 -1 19 -1 -1 9 16 -1 -1 -1 -1 20 -1 -1 -1 -1 
-1 -1 -1 3 4 -1 6 -1 -1 -1 -1 -1 -1 5 -1 -1 -1 -1 -1 -1 -1 -1 2 -1 -1 -1 -1 -1 -1 29 -1 -1 -1 -1 -1 -1 -1 -1 -1 -1 -1 -1 1 -1 -1 31 28 -1 -1 -1 -1 -1 -1 27 -1 -1 -1 -1 -1 -1 14 -1 -1 -1 -1 -1 21 22 -1 15 -1 -1 -1 -1 -1 -1 19 -1 -1 9 16 -1 -1 -1 -1 -1 20 -1 -1 -1 
-1 -1 -1 3 4 -1 6 -1 -1 -1 -1 -1 -1 5 -1 -1 -1 -1 -1 -1 -1 -1 2 1 -1 -1 -1 -1 -1 29 -1 -1 -1 -1 -1 -1 -1 -1 -1 -1 -1 -1 -1 -1 -1 31 28 -1 -1 -1 -1 -1 -1 27 -1 -1 -1 -1 -1 -1 14 -1 -1 -1 -1 -1 21 22 -1 15 -1 -1 -1 -1 -1 -1 19 -1 -1 9 16 -1 -1 -1 -1 -1 20 -1 -1 -1 
-1 -1 -1 3 4 -1 6 -1 -1 -1 -1 -1 -1 5 -1 -1 -1 -1 -1 -1 -1 -1 2 1 -1 -1 -1 -1 -1 29 -1 -1 -1 -1 -1 16 -1 -1 -1 -1 -1 -1 -1 -1 -1 31 28 -1 -1 -1 -1 -1 -1 27 -1 -1 -1 -1 -1 -1 14 -1 -1 -1 -1 -1 21 22 -1 15 -1 -1 -1 -1 -1 -1 19 -1 -1 9 -1 -1 -1 -1 -1 -1 20 -1 -1 -1 
-1 -1 -1 3 4 -1 6 -1 -1 -1 -1 -1 -1 5 -1 -1 -1 -1 -1 -1 -1 -1 2 1 -1 -1 -1 -1 -1 29 -1 -1 -1 -1 9 16 -1 -1 -1 -1 -1 -1 -1 -1 -1 31 28 -1 -1 -1 -1 -1 -1 27 -1 -1 -1 -1 -1 -1 14 -1 -1 -1 -1 -1 21 22 -1 15 -1 -1 -1 -1 -1 -1 19 -1 -1 -1 -1 -1 -1 -1 -1 -1 20 -1 -1 -1 
-1 -1 -1 3 4 -1 6 -1 -1 -1 -1 -1 -1 5 -1 -1 -1 -1 -1 -1 -1 -1 2 1 -1 -1 -1 -1 -1 29 -1 -1 -1 -1 9 16 -1 -1 -1 -1 -1 -1 -1 -1 -1 31 28 -1 -1 -1 -1 -1 -1 27 -1 -1 -1 -1 -1 -1 14 -1 -1 -1 -1 -1 21 22 -1 15 -1 -1 -1 -1 -1 -1 19 -1 -1 -1 -1 -1 -1 -1 -1 20 -1 -1 -1 -1 
-1 -1 -1 3 4 -1 6 -1 -1 -1 -1 -1 -1 5 -1 -1 -1 -1 -1 -1 -1 -1 2 1 -1 -1 -1 -1 -1 29 -1 -1 -1 -1 9 16 -1 -1 -1 -1 -1 -1 -1 -1 -1 31 28 -1 -1 -1 -1 -1 -1 27 -1 -1 -1 -1 -1 -1 -1 14 -1 -1 -1 -1 21 22 -1 15 -1 -1 -1 -1 -1 -1 19 -1 -1 -1 -1 -1 -1 -1 -1 20 -1 -1 -1 -1 
-1 -1 -1 3 4 -1 6 -1 -1 -1 -1 -1 -1 5 -1 -1 -1 -1 -1 -1 29 -1 2 1 -1 -1 -1 -1 -1 -1 -1 -1 -1 -1 9 16 -1 -1 -1 -1 -1 -1 -1 -1 -1 31 28 -1 -1 -1 -1 -1 -1 27 -1 -1 -1 -1 -1 -1 -1 14 -1 -1 -1 -1 21 22 -1 15 -1 -1 -1 -1 -1 -1 19 -1 -1 -1 -1 -1 -1 -1 -1 20 -1 -1 -1 -1 
-1 -1 -1 3 4 -1 6 -1 -1 -1 -1 -1 -1 5 -1 -1 -1 -1 -1 -1 29 -1 -1 1 -1 -1 -1 -1 -1 -1 -1 -1 -1 -1 9 16 -1 -1 -1 -1 -1 -1 2 -1 -1 31 28 -1 -1 -1 -1 -1 -1 27 -1 -1 -1 -1 -1 -1 -1 14 -1 -1 -1 -1 21 22 -1 15 -1 -1 -1 -1 -1 -1 19 -1 -1 -1 -1 -1 -1 -1 -1 20 -1 -1 -1 -1 
-1 -1 -1 3 4 -1 6 -1 -1 -1 -1 -1 -1 5 -1 -1 -1 -1 -1 -1 29 -1 -1 1 -1 -1 -1 -1 -1 -1 -1 -1 -1 -1 9 16 -1 -1 -1 -1 -1 -1 2 -1 -1 31 -1 28 -1 -1 -1 -1 -1 27 -1 -1 -1 -1 -1 -1 -1 14 -1 -1 -1 -1 21 22 -1 15 -1 -1 -1 -1 -1 -1 19 -1 -1 -1 -1 -1 -1 -1 -1 20 -1 -1 -1 -1 
-1 -1 -1 3 4 -1 6 -1 -1 -1 -1 -1 -1 5 -1 -1 -1 -1 -1 -1 29 -1 -1 1 -1 -1 -1 -1 -1 -1 -1 -1 -1 -1 9 16 -1 -1 -1 -1 -1 -1 2 -1 -1 31 -1 28 -1 -1 -1 -1 -1 27 -1 -1 -1 -1 -1 -1 14 -1 -1 -1 -1 -1 21 22 -1 15 -1 -1 -1 -1 -1 -1 19 -1 -1 -1 -1 -1 -1 -1 -1 20 -1 -1 -1 -1 
-1 -1 -1 3 4 -1 6 -1 16 -1 -1 -1 -1 5 -1 -1 -1 -1 -1 -1 29 -1 -1 1 -1 -1 -1 -1 -1 -1 -1 -1 -1 -1 9 -1 -1 -1 -1 -1 -1 -1 2 -1 -1 31 -1 28 -1 -1 -1 -1 -1 27 -1 -1 -1 -1 -1 -1 14 -1 -1 -1 -1 -1 21 22 -1 15 -1 -1 -1 -1 -1 -1 19 -1 -1 -1 -1 -1 -1 -1 -1 20 -1 -1 -1 -1 
-1 -1 -1 3 4 -1 6 -1 16 -1 -1 -1 -1 5 -1 -1 -1 -1 -1 -1 29 -1 -1 1 -1 9 -1 -1 -1 -1 -1 -1 -1 -1 -1 -1 -1 -1 -1 -1 -1 -1 2 -1 -1 31 -1 28 -1 -1 -1 -1 -1 27 -1 -1 -1 -1 -1 -1 14 -1 -1 -1 -1 -1 21 22 -1 15 -1 -1 -1 -1 -1 -1 19 -1 -1 -1 -1 -1 -1 -1 -1 20 -1 -1 -1 -1 
-1 -1 -1 3 4 -1 6 16 -1 -1 -1 -1 -1 5 -1 -1 -1 -1 -1 -1 29 -1 -1 1 -1 9 -1 -1 -1 -1 -1 -1 -1 -1 -1 -1 -1 -1 -1 -1 -1 -1 2 -1 -1 31 -1 28 -1 -1 -1 -1 -1 27 -1 -1 -1 -1 -1 -1 14 -1 -1 -1 -1 -1 21 22 -1 15 -1 -1 -1 -1 -1 -1 19 -1 -1 -1 -1 -1 -1 -1 -1 20 -1 -1 -1 -1 
-1 -1 -1 3 4 -1 6 16 -1 -1 -1 -1 -1 5 -1 -1 -1 -1 -1 -1 29 -1 -1 1 -1 -1 9 -1 -1 -1 -1 -1 -1 -1 -1 -1 -1 -1 -1 -1 -1 -1 2 -1 -1 31 -1 28 -1 -1 -1 -1 -1 27 -1 -1 -1 -1 -1 -1 14 -1 -1 -1 -1 -1 21 22 -1 15 -1 -1 -1 -1 -1 -1 19 -1 -1 -1 -1 -1 -1 -1 -1 20 -1 -1 -1 -1 
-1 -1 -1 3 4 -1 6 -1 -1 -1 -1 -1 -1 5 -1 -1 -1 -1 -1 -1 29 -1 -1 1 -1 16 9 -1 -1 -1 -1 -1 -1 -1 -1 -1 -1 -1 -1 -1 -1 -1 2 -1 -1 31 -1 28 -1 -1 -1 -1 -1 27 -1 -1 -1 -1 -1 -1 14 -1 -1 -1 -1 -1 21 22 -1 15 -1 -1 -1 -1 -1 -1 19 -1 -1 -1 -1 -1 -1 -1 -1 20 -1 -1 -1 -1 
-1 -1 -1 3 4 -1 6 -1 -1 -1 -1 -1 -1 5 -1 -1 -1 -1 -1 -1 29 -1 2 1 -1 16 9 -1 -1 -1 -1 -1 -1 -1 -1 -1 -1 -1 -1 -1 -1 -1 -1 -1 -1 31 -1 28 -1 -1 -1 -1 -1 27 -1 -1 -1 -1 -1 -1 14 -1 -1 -1 -1 -1 21 22 -1 15 -1 -1 -1 -1 -1 -1 19 -1 -1 -1 -1 -1 -1 -1 -1 20 -1 -1 -1 -1 
-1 -1 -1 3 4 -1 6 -1 -1 -1 -1 -1 -1 5 -1 -1 -1 -1 -1 -1 29 -1 2 1 16 -1 9 -1 -1 -1 -1 -1 -1 -1 -1 -1 -1 -1 -1 -1 -1 -1 -1 -1 -1 31 -1 28 -1 -1 -1 -1 -1 27 -1 -1 -1 -1 -1 -1 14 -1 -1 -1 -1 -1 21 22 -1 15 -1 -1 -1 -1 -1 -1 19 -1 -1 -1 -1 -1 -1 -1 -1 20 -1 -1 -1 -1 
-1 -1 -1 3 4 -1 6 -1 -1 -1 -1 -1 -1 5 -1 -1 -1 -1 -1 -1 29 -1 2 -1 16 -1 9 -1 -1 -1 -1 -1 -1 -1 -1 -1 -1 -1 -1 -1 -1 -1 1 -1 -1 31 -1 28 -1 -1 -1 -1 -1 27 -1 -1 -1 -1 -1 -1 14 -1 -1 -1 -1 -1 21 22 -1 15 -1 -1 -1 -1 -1 -1 19 -1 -1 -1 -1 -1 -1 -1 -1 20 -1 -1 -1 -1 
-1 -1 -1 3 4 -1 6 -1 -1 -1 -1 29 -1 5 -1 -1 -1 -1 -1 -1 -1 -1 2 -1 16 -1 9 -1 -1 -1 -1 -1 -1 -1 -1 -1 -1 -1 -1 -1 -1 -1 1 -1 -1 31 -1 28 -1 -1 -1 -1 -1 27 -1 -1 -1 -1 -1 -1 14 -1 -1 -1 -1 -1 21 22 -1 15 -1 -1 -1 -1 -1 -1 19 -1 -1 -1 -1 -1 -1 -1 -1 20 -1 -1 -1 -1 
-1 -1 -1 3 4 -1 6 -1 -1 -1 -1 29 -1 5 -1 -1 -1 -1 -1 -1 -1 -1 2 -1 16 -1 -1 -1 -1 -1 -1 -1 -1 -1 -1 -1 -1 -1 -1 -1 -1 -1 1 -1 -1 31 -1 28 -1 -1 -1 -1 -1 27 -1 -1 -1 -1 -1 -1 14 -1 9 -1 -1 -1 21 22 -1 15 -1 -1 -1 -1 -1 -1 19 -1 -1 -1 -1 -1 -1 -1 -1 20 -1 -1 -1 -1 
-1 -1 -1 3 4 -1 6 -1 -1 -1 -1 -1 29 5 -1 -1 -1 -1 -1 -1 -1 -1 2 -1 16 -1 -1 -1 -1 -1 -1 -1 -1 -1 -1 -1 -1 -1 -1 -1 -1 -1 1 -1 -1 31 -1 28 -1 -1 -1 -1 -1 27 -1 -1 -1 -1 -1 -1 14 -1 9 -1 -1 -1 21 22 -1 15 -1 -1 -1 -1 -1 -1 19 -1 -1 -1 -1 -1 -1 -1 -1 20 -1 -1 -1 -1 
-1 -1 -1 3 4 -1 6 -1 -1 -1 -1 -1 29 5 -1 -1 -1 -1 -1 -1 -1 -1 2 1 16 -1 -1 -1 -1 -1 -1 -1 -1 -1 -1 -1 -1 -1 -1 -1 -1 -1 -1 -1 -1 31 -1 28 -1 -1 -1 -1 -1 27 -1 -1 -1 -1 -1 -1 14 -1 9 -1 -1 -1 21 22 -1 15 -1 -1 -1 -1 -1 -1 19 -1 -1 -1 -1 -1 -1 -1 -1 20 -1 -1 -1 -1 
-1 -1 -1 3 4 -1 6 -1 -1 -1 -1 -1 29 5 -1 -1 -1 -1 -1 -1 -1 -1 2 1 16 -1 -1 -1 -1 -1 -1 -1 -1 -1 -1 -1 -1 -1 -1 -1 -1 -1 -1 -1 -1 31 -1 -1 28 -1 -1 -1 -1 27 -1 -1 -1 -1 -1 -1 14 -1 9 -1 -1 -1 21 22 -1 15 -1 -1 -1 -1 -1 -1 19 -1 -1 -1 -1 -1 -1 -1 -1 20 -1 -1 -1 -1 
-1 -1 -1 3 4 -1 6 -1 -1 -1 -1 -1 29 5 -1 -1 -1 -1 -1 -1 -1 -1 2 -1 16 -1 -1 -1 -1 -1 -1 -1 -1 -1 -1 -1 -1 -1 -1 -1 -1 -1 1 -1 -1 31 -1 -1 28 -1 -1 -1 -1 27 -1 -1 -1 -1 -1 -1 14 -1 9 -1 -1 -1 21 22 -1 15 -1 -1 -1 -1 -1 -1 19 -1 -1 -1 -1 -1 -1 -1 -1 20 -1 -1 -1 -1 
-1 -1 -1 3 4 -1 6 -1 -1 -1 -1 -1 29 5 -1 -1 -1 -1 -1 -1 -1 -1 2 -1 -1 -1 -1 -1 -1 -1 -1 -1 -1 16 -1 -1 -1 -1 -1 -1 -1 -1 1 -1 -1 31 -1 -1 28 -1 -1 -1 -1 27 -1 -1 -1 -1 -1 -1 14 -1 9 -1 -1 -1 21 22 -1 15 -1 -1 -1 -1 -1 -1 19 -1 -1 -1 -1 -1 -1 -1 -1 20 -1 -1 -1 -1 
-1 -1 -1 3 4 -1 6 -1 -1 -1 -1 -1 29 5 -1 -1 -1 -1 -1 -1 -1 -1 2 -1 -1 -1 -1 -1 -1 -1 -1 -1 -1 16 -1 9 -1 -1 -1 -1 -1 -1 1 -1 -1 31 -1 -1 28 -1 -1 -1 -1 27 -1 -1 -1 -1 -1 -1 14 -1 -1 -1 -1 -1 21 22 -1 15 -1 -1 -1 -1 -1 -1 19 -1 -1 -1 -1 -1 -1 -1 -1 20 -1 -1 -1 -1 
-1 -1 -1 3 4 -1 6 -1 -1 -1 -1 -1 29 5 -1 -1 -1 -1 -1 -1 -1 -1 2 -1 -1 -1 -1 -1 -1 -1 -1 -1 -1 16 -1 9 -1 -1 -1 -1 -1 -1 1 -1 -1 31 -1 -1 28 -1 -1 -1 -1 27 -1 -1 -1 -1 -1 -1 14 -1 -1 -1 -1 -1 21 22 19 15 -1 -1 -1 -1 -1 -1 -1 -1 -1 -1 -1 -1 -1 -1 -1 20 -1 -1 -1 -1 
-1 -1 -1 3 4 -1 6 -1 -1 -1 -1 -1 29 5 -1 -1 -1 9 -1 -1 -1 -1 2 -1 -1 -1 -1 -1 -1 -1 -1 -1 -1 16 -1 -1 -1 -1 -1 -1 -1 -1 1 -1 -1 31 -1 -1 28 -1 -1 -1 -1 27 -1 -1 -1 -1 -1 -1 14 -1 -1 -1 -1 -1 21 22 19 15 -1 -1 -1 -1 -1 -1 -1 -1 -1 -1 -1 -1 -1 -1 -1 20 -1 -1 -1 -1 
-1 -1 -1 3 4 -1 6 -1 -1 -1 -1 -1 29 5 -1 16 -1 9 -1 -1 -1 -1 2 -1 -1 -1 -1 -1 -1 -1 -1 -1 -1 -1 -1 -1 -1 -1 -1 -1 -1 -1 1 -1 -1 31 -1 -1 28 -1 -1 -1 -1 27 -1 -1 -1 -1 -1 -1 14 -1 -1 -1 -1 -1 21 22 19 15 -1 -1 -1 -1 -1 -1 -1 -1 -1 -1 -1 -1 -1 -1 -1 20 -1 -1 -1 -1 
-1 -1 -1 3 4 -1 6 -1 -1 -1 -1 -1 29 5 -1 16 -1 -1 -1 -1 -1 -1 2 -1 -1 -1 -1 -1 -1 -1 -1 -1 -1 -1 -1 -1 -1 -1 -1 -1 -1 -1 1 -1 -1 31 -1 -1 28 -1 -1 -1 -1 27 -1 -1 -1 -1 -1 -1 14 -1 9 -1 -1 -1 21 22 19 15 -1 -1 -1 -1 -1 -1 -1 -1 -1 -1 -1 -1 -1 -1 -1 20 -1 -1 -1 -1 
-1 -1 -1 3 4 -1 6 -1 -1 -1 -1 -1 29 5 -1 16 -1 -1 -1 -1 -1 -1 2 -1 -1 -1 -1 -1 -1 -1 -1 -1 -1 -1 -1 -1 -1 -1 -1 -1 -1 -1 1 -1 -1 31 -1 -1 28 -1 -1 -1 -1 27 -1 -1 -1 -1 -1 -1 14 -1 9 -1 -1 -1 -1 22 19 15 -1 -1 -1 -1 -1 -1 21 -1 -1 -1 -1 -1 -1 -1 -1 20 -1 -1 -1 -1 
-1 -1 -1 3 4 -1 6 -1 -1 -1 -1 -1 29 5 -1 16 -1 -1 -1 -1 -1 -1 2 -1 -1 -1 -1 -1 -1 -1 -1 -1 -1 -1 -1 -1 -1 -1 -1 -1 -1 -1 1 -1 -1 31 -1 -1 28 -1 -1 -1 -1 27 -1 -1 -1 9 -1 -1 14 -1 -1 -1 -1 -1 -1 22 19 15 -1 -1 -1 -1 -1 -1 21 -1 -1 -1 -1 -1 -1 -1 -1 20 -1 -1 -1 -1 
-1 -1 -1 3 4 -1 6 -1 -1 -1 -1 29 -1 5 -1 16 -1 -1 -1 -1 -1 -1 2 -1 -1 -1 -1 -1 -1 -1 -1 -1 -1 -1 -1 -1 -1 -1 -1 -1 -1 -1 1 -1 -1 31 -1 -1 28 -1 -1 -1 -1 27 -1 -1 -1 9 -1 -1 14 -1 -1 -1 -1 -1 -1 22 19 15 -1 -1 -1 -1 -1 -1 21 -1 -1 -1 -1 -1 -1 -1 -1 20 -1 -1 -1 -1 
-1 -1 -1 3 4 -1 6 -1 -1 -1 -1 29 -1 5 -1 16 -1 -1 -1 -1 -1 -1 2 -1 -1 -1 -1 -1 -1 -1 -1 -1 -1 -1 -1 -1 -1 -1 -1 -1 -1 -1 1 -1 -1 31 -1 -1 28 -1 -1 -1 -1 27 -1 -1 -1 9 -1 14 -1 -1 -1 -1 -1 -1 -1 22 19 15 -1 -1 -1 -1 -1 -1 21 -1 -1 -1 -1 -1 -1 -1 -1 20 -1 -1 -1 -1 
-1 -1 -1 3 4 -1 6 -1 -1 -1 -1 29 -1 5 -1 -1 -1 -1 -1 -1 -1 -1 2 -1 -1 -1 -1 -1 -1 -1 -1 -1 -1 16 -1 -1 -1 -1 -1 -1 -1 -1 1 -1 -1 31 -1 -1 28 -1 -1 -1 -1 27 -1 -1 -1 9 -1 14 -1 -1 -1 -1 -1 -1 -1 22 19 15 -1 -1 -1 -1 -1 -1 21 -1 -1 -1 -1 -1 -1 -1 -1 20 -1 -1 -1 -1 
-1 -1 -1 3 4 -1 6 -1 -1 -1 -1 29 -1 5 -1 -1 -1 -1 -1 -1 -1 -1 2 -1 -1 -1 -1 -1 -1 -1 -1 -1 -1 16 -1 -1 -1 -1 -1 -1 -1 -1 1 -1 -1 31 -1 -1 28 -1 -1 -1 -1 27 -1 -1 -1 9 -1 -1 14 -1 -1 -1 -1 -1 -1 22 19 15 -1 -1 -1 -1 -1 -1 21 -1 -1 -1 -1 -1 -1 -1 -1 20 -1 -1 -1 -1 
-1 -1 -1 3 4 -1 6 -1 -1 -1 -1 29 -1 5 -1 -1 -1 -1 -1 -1 -1 -1 2 -1 -1 -1 -1 -1 -1 -1 -1 -1 -1 16 -1 -1 -1 -1 -1 -1 -1 -1 1 -1 -1 31 -1 28 -1 -1 -1 -1 -1 27 -1 -1 -1 9 -1 -1 14 -1 -1 -1 -1 -1 -1 22 19 15 -1 -1 -1 -1 -1 -1 21 -1 -1 -1 -1 -1 -1 -1 -1 20 -1 -1 -1 -1 
-1 -1 -1 3 4 -1 6 -1 -1 -1 -1 29 -1 5 -1 -1 -1 -1 -1 -1 -1 -1 2 -1 -1 -1 -1 -1 -1 -1 -1 -1 -1 16 -1 -1 -1 -1 -1 -1 -1 -1 1 -1 -1 31 -1 28 -1 -1 -1 -1 -1 27 -1 -1 -1 -1 -1 9 14 -1 -1 -1 -1 -1 -1 22 19 15 -1 -1 -1 -1 -1 -1 21 -1 -1 -1 -1 -1 -1 -1 -1 20 -1 -1 -1 -1 
-1 -1 -1 3 4 -1 6 -1 -1 -1 -1 -1 29 5 -1 -1 -1 -1 -1 -1 -1 -1 2 -1 -1 -1 -1 -1 -1 -1 -1 -1 -1 16 -1 -1 -1 -1 -1 -1 -1 -1 1 -1 -1 31 -1 28 -1 -1 -1 -1 -1 27 -1 -1 -1 -1 -1 9 14 -1 -1 -1 -1 -1 -1 22 19 15 -1 -1 -1 -1 -1 -1 21 -1 -1 -1 -1 -1 -1 -1 -1 20 -1 -1 -1 -1 
-1 -1 -1 3 4 -1 6 -1 -1 -1 -1 -1 29 5 -1 -1 -1 -1 -1 -1 -1 -1 2 -1 -1 -1 -1 -1 -1 -1 -1 -1 -1 16 -1 -1 -1 -1 -1 -1 -1 -1 -1 -1 -1 31 -1 28 -1 1 -1 -1 -1 27 -1 -1 -1 -1 -1 9 14 -1 -1 -1 -1 -1 -1 22 19 15 -1 -1 -1 -1 -1 -1 21 -1 -1 -1 -1 -1 -1 -1 -1 20 -1 -1 -1 -1 
-1 -1 -1 3 4 -1 6 -1 -1 -1 -1 -1 29 5 -1 -1 -1 -1 -1 -1 -1 -1 2 -1 -1 -1 -1 -1 -1 -1 -1 16 -1 -1 -1 -1 -1 -1 -1 -1 -1 -1 -1 -1 -1 31 -1 28 -1 1 -1 -1 -1 27 -1 -1 -1 -1 -1 9 14 -1 -1 -1 -1 -1 -1 22 19 15 -1 -1 -1 -1 -1 -1 21 -1 -1 -1 -1 -1 -1 -1 -1 20 -1 -1 -1 -1 
-1 -1 -1 3 4 -1 6 -1 -1 -1 -1 -1 29 5 -1 -1 -1 -1 -1 -1 -1 -1 2 -1 -1 -1 -1 -1 -1 -1 -1 16 -1 -1 -1 -1 -1 -1 1 -1 -1 -1 -1 -1 -1 31 -1 28 -1 -1 -1 -1 -1 27 -1 -1 -1 -1 -1 9 14 -1 -1 -1 -1 -1 -1 22 19 15 -1 -1 -1 -1 -1 -1 21 -1 -1 -1 -1 -1 -1 -1 -1 20 -1 -1 -1 -1 
-1 -1 -1 3 4 -1 6 -1 -1 -1 -1 -1 29 5 -1 -1 -1 -1 -1 -1 -1 -1 2 -1 -1 -1 -1 -1 -1 -1 16 -1 -1 -1 -1 -1 -1 -1 1 -1 -1 -1 -1 -1 -1 31 -1 28 -1 -1 -1 -1 -1 27 -1 -1 -1 -1 -1 9 14 -1 -1 -1 -1 -1 -1 22 19 15 -1 -1 -1 -1 -1 -1 21 -1 -1 -1 -1 -1 -1 -1 -1 20 -1 -1 -1 -1 
-1 -1 -1 3 4 9 6 -1 -1 -1 -1 -1 29 5 -1 -1 -1 -1 -1 -1 -1 -1 2 -1 -1 -1 -1 -1 -1 -1 16 -1 -1 -1 -1 -1 -1 -1 1 -1 -1 -1 -1 -1 -1 31 -1 28 -1 -1 -1 -1 -1 27 -1 -1 -1 -1 -1 -1 14 -1 -1 -1 -1 -1 -1 22 19 15 -1 -1 -1 -1 -1 -1 21 -1 -1 -1 -1 -1 -1 -1 -1 20 -1 -1 -1 -1 
-1 -1 -1 3 4 9 6 -1 -1 -1 -1 -1 29 5 -1 -1 -1 -1 -1 -1 -1 -1 2 -1 -1 -1 -1 -1 -1 -1 16 -1 -1 -1 -1 -1 -1 -1 1 -1 -1 -1 -1 -1 -1 31 -1 28 -1 -1 -1 -1 -1 27 -1 -1 -1 -1 -1 -1 14 -1 -1 -1 -1 -1 -1 22 19 15 -1 -1 -1 -1 -1 -1 21 -1 -1 -1 -1 -1 -1 -1 20 -1 -1 -1 -1 -1 
-1 -1 -1 3 4 9 6 -1 -1 -1 -1 -1 29 5 -1 -1 -1 -1 -1 -1 -1 -1 2 -1 -1 -1 -1 -1 -1 -1 16 -1 -1 -1 -1 -1 -1 -1 -1 -1 -1 -1 -1 -1 -1 31 -1 28 -1 1 -1 -1 -1 27 -1 -1 -1 -1 -1 -1 14 -1 -1 -1 -1 -1 -1 22 19 15 -1 -1 -1 -1 -1 -1 21 -1 -1 -1 -1 -1 -1 -1 20 -1 -1 -1 -1 -1 
-1 -1 -1 3 4 9 6 -1 -1 -1 -1 -1 29 5 -1 -1 -1 -1 -1 -1 -1 -1 2 -1 -1 -1 -1 -1 -1 -1 -1 -1 -1 -1 -1 -1 -1 -1 -1 -1 -1 -1 -1 -1 -1 31 -1 28 16 1 -1 -1 -1 27 -1 -1 -1 -1 -1 -1 14 -1 -1 -1 -1 -1 -1 22 19 15 -1 -1 -1 -1 -1 -1 21 -1 -1 -1 -1 -1 -1 -1 20 -1 -1 -1 -1 -1 
-1 -1 -1 3 4 9 6 -1 -1 -1 -1 -1 29 5 -1 -1 -1 -1 -1 -1 -1 -1 2 -1 -1 -1 -1 -1 -1 -1 -1 -1 -1 -1 -1 -1 -1 -1 -1 -1 -1 -1 1 -1 -1 31 -1 28 16 -1 -1 -1 -1 27 -1 -1 -1 -1 -1 -1 14 -1 -1 -1 -1 -1 -1 22 19 15 -1 -1 -1 -1 -1 -1 21 -1 -1 -1 -1 -1 -1 -1 20 -1 -1 -1 -1 -1 
-1 -1 -1 3 4 9 6 -1 -1 -1 -1 -1 29 5 -1 -1 -1 -1 -1 -1 -1 -1 2 -1 -1 -1 -1 -1 -1 -1 -1 -1 -1 -1 -1 -1 -1 -1 -1 -1 -1 -1 1 -1 -1 31 16 28 -1 -1 -1 -1 -1 27 -1 -1 -1 -1 -1 -1 14 -1 -1 -1 -1 -1 -1 22 19 15 -1 -1 -1 -1 -1 -1 21 -1 -1 -1 -1 -1 -1 -1 20 -1 -1 -1 -1 -1 
-1 -1 -1 3 4 9 6 -1 -1 -1 -1 -1 29 5 -1 -1 -1 -1 -1 -1 -1 -1 2 -1 -1 -1 -1 -1 -1 -1 -1 1 -1 -1 -1 -1 -1 -1 -1 -1 -1 -1 -1 -1 -1 31 16 28 -1 -1 -1 -1 -1 27 -1 -1 -1 -1 -1 -1 14 -1 -1 -1 -1 -1 -1 22 19 15 -1 -1 -1 -1 -1 -1 21 -1 -1 -1 -1 -1 -1 -1 20 -1 -1 -1 -1 -1 
-1 16 -1 3 4 9 6 -1 -1 -1 -1 -1 29 5 -1 -1 -1 -1 -1 -1 -1 -1 2 -1 -1 -1 -1 -1 -1 -1 -1 1 -1 -1 -1 -1 -1 -1 -1 -1 -1 -1 -1 -1 -1 31 -1 28 -1 -1 -1 -1 -1 27 -1 -1 -1 -1 -1 -1 14 -1 -1 -1 -1 -1 -1 22 19 15 -1 -1 -1 -1 -1 -1 21 -1 -1 -1 -1 -1 -1 -1 20 -1 -1 -1 -1 -1 
-1 16 -1 3 4 9 6 -1 -1 -1 -1 -1 29 5 -1 -1 -1 -1 -1 -1 -1 -1 2 -1 1 -1 -1 -1 -1 -1 -1 -1 -1 -1 -1 -1 -1 -1 -1 -1 -1 -1 -1 -1 -1 31 -1 28 -1 -1 -1 -1 -1 27 -1 -1 -1 -1 -1 -1 14 -1 -1 -1 -1 -1 -1 22 19 15 -1 -1 -1 -1 -1 -1 21 -1 -1 -1 -1 -1 -1 -1 20 -1 -1 -1 -1 -1 
-1 16 -1 3 4 9 6 -1 -1 -1 -1 -1 29 5 -1 -1 -1 -1 -1 -1 -1 -1 2 -1 1 -1 -1 -1 -1 -1 -1 -1 -1 -1 -1 -1 -1 -1 28 -1 -1 -1 -1 -1 -1 31 -1 -1 -1 -1 -1 -1 -1 27 -1 -1 -1 -1 -1 -1 14 -1 -1 -1 -1 -1 -1 22 19 15 -1 -1 -1 -1 -1 -1 21 -1 -1 -1 -1 -1 -1 -1 20 -1 -1 -1 -1 -1 
-1 16 -1 3 4 9 -1 -1 -1 -1 -1 -1 29 5 -1 -1 -1 -1 -1 -1 -1 -1 2 -1 1 -1 6 -1 -1 -1 -1 -1 -1 -1 -1 -1 -1 -1 28 -1 -1 -1 -1 -1 -1 31 -1 -1 -1 -1 -1 -1 -1 27 -1 -1 -1 -1 -1 -1 14 -1 -1 -1 -1 -1 -1 22 19 15 -1 -1 -1 -1 -1 -1 21 -1 -1 -1 -1 -1 -1 -1 20 -1 -1 -1 -1 -1 
-1 16 -1 3 4 9 -1 -1 -1 -1 -1 -1 29 5 -1 -1 -1 -1 -1 -1 -1 -1 2 -1 1 -1 6 -1 -1 28 -1 -1 -1 -1 -1 -1 -1 -1 -1 -1 -1 -1 -1 -1 -1 31 -1 -1 -1 -1 -1 -1 -1 27 -1 -1 -1 -1 -1 -1 14 -1 -1 -1 -1 -1 -1 22 19 15 -1 -1 -1 -1 -1 -1 21 -1 -1 -1 -1 -1 -1 -1 20 -1 -1 -1 -1 -1 
-1 16 -1 3 4 -1 9 -1 -1 -1 -1 -1 29 5 -1 -1 -1 -1 -1 -1 -1 -1 2 -1 1 -1 6 -1 -1 28 -1 -1 -1 -1 -1 -1 -1 -1 -1 -1 -1 -1 -1 -1 -1 31 -1 -1 -1 -1 -1 -1 -1 27 -1 -1 -1 -1 -1 -1 14 -1 -1 -1 -1 -1 -1 22 19 15 -1 -1 -1 -1 -1 -1 21 -1 -1 -1 -1 -1 -1 -1 20 -1 -1 -1 -1 -1 
-1 -1 -1 3 4 -1 9 -1 -1 -1 -1 -1 29 5 -1 -1 -1 -1 -1 -1 -1 -1 2 -1 1 -1 6 -1 -1 28 -1 -1 -1 -1 -1 -1 -1 -1 -1 -1 -1 -1 -1 -1 -1 31 -1 -1 -1 -1 -1 -1 -1 27 -1 16 -1 -1 -1 -1 14 -1 -1 -1 -1 -1 -1 22 19 15 -1 -1 -1 -1 -1 -1 21 -1 -1 -1 -1 -1 -1 -1 20 -1 -1 -1 -1 -1 
-1 -1 -1 3 4 -1 9 -1 -1 -1 -1 -1 29 5 -1 -1 -1 -1 -1 -1 -1 -1 2 -1 1 -1 -1 -1 -1 28 -1 -1 -1 -1 -1 -1 -1 -1 -1 -1 -1 -1 6 -1 -1 31 -1 -1 -1 -1 -1 -1 -1 27 -1 16 -1 -1 -1 -1 14 -1 -1 -1 -1 -1 -1 22 19 15 -1 -1 -1 -1 -1 -1 21 -1 -1 -1 -1 -1 -1 -1 20 -1 -1 -1 -1 -1 
-1 -1 -1 3 4 -1 9 -1 -1 -1 -1 -1 29 5 -1 -1 -1 -1 -1 -1 -1 -1 2 -1 1 -1 -1 -1 -1 28 -1 -1 -1 -1 -1 -1 -1 -1 -1 -1 -1 -1 6 -1 -1 31 -1 -1 -1 -1 -1 -1 -1 27 -1 -1 -1 16 -1 -1 14 -1 -1 -1 -1 -1 -1 22 19 15 -1 -1 -1 -1 -1 -1 21 -1 -1 -1 -1 -1 -1 -1 20 -1 -1 -1 -1 -1 
-1 -1 -1 3 4 -1 9 -1 -1 -1 -1 -1 29 5 -1 -1 -1 -1 -1 -1 -1 -1 2 -1 -1 -1 -1 -1 -1 28 -1 1 -1 -1 -1 -1 -1 -1 -1 -1 -1 -1 6 -1 -1 31 -1 -1 -1 -1 -1 -1 -1 27 -1 -1 -1 16 -1 -1 14 -1 -1 -1 -1 -1 -1 22 19 15 -1 -1 -1 -1 -1 -1 21 -1 -1 -1 -1 -1 -1 -1 20 -1 -1 -1 -1 -1 
-1 -1 -1 3 4 -1 9 -1 -1 -1 -1 -1 29 5 -1 -1 -1 -1 -1 -1 -1 -1 2 -1 -1 -1 -1 -1 -1 28 16 1 -1 -1 -1 -1 -1 -1 -1 -1 -1 -1 6 -1 -1 31 -1 -1 -1 -1 -1 -1 -1 27 -1 -1 -1 -1 -1 -1 14 -1 -1 -1 -1 -1 -1 22 19 15 -1 -1 -1 -1 -1 -1 21 -1 -1 -1 -1 -1 -1 -1 20 -1 -1 -1 -1 -1 
-1 -1 -1 3 4 -1 9 -1 -1 -1 -1 -1 29 5 -1 -1 -1 -1 -1 -1 -1 -1 2 -1 1 -1 -1 -1 -1 28 16 -1 -1 -1 -1 -1 -1 -1 -1 -1 -1 -1 6 -1 -1 31 -1 -1 -1 -1 -1 -1 -1 27 -1 -1 -1 -1 -1 -1 14 -1 -1 -1 -1 -1 -1 22 19 15 -1 -1 -1 -1 -1 -1 21 -1 -1 -1 -1 -1 -1 -1 20 -1 -1 -1 -1 -1 
-1 -1 -1 3 4 -1 9 -1 -1 -1 -1 -1 29 5 -1 -1 -1 -1 -1 -1 28 -1 2 -1 1 -1 -1 -1 -1 -1 16 -1 -1 -1 -1 -1 -1 -1 -1 -1 -1 -1 6 -1 -1 31 -1 -1 -1 -1 -1 -1 -1 27 -1 -1 -1 -1 -1 -1 14 -1 -1 -1 -1 -1 -1 22 19 15 -1 -1 -1 -1 -1 -1 21 -1 -1 -1 -1 -1 -1 -1 20 -1 -1 -1 -1 -1 
-1 -1 -1 3 -1 4 9 -1 -1 -1 -1 -1 29 5 -1 -1 -1 -1 -1 -1 28 -1 2 -1 1 -1 -1 -1 -1 -1 16 -1 -1 -1 -1 -1 -1 -1 -1 -1 -1 -1 6 -1 -1 31 -1 -1 -1 -1 -1 -1 -1 27 -1 -1 -1 -1 -1 -1 14 -1 -1 -1 -1 -1 -1 22 19 15 -1 -1 -1 -1 -1 -1 21 -1 -1 -1 -1 -1 -1 -1 20 -1 -1 -1 -1 -1 
-1 -1 -1 3 -1 4 9 -1 -1 -1 -1 -1 29 5 -1 -1 -1 -1 -1 -1 -1 28 2 -1 1 -1 -1 -1 -1 -1 16 -1 -1 -1 -1 -1 -1 -1 -1 -1 -1 -1 6 -1 -1 31 -1 -1 -1 -1 -1 -1 -1 27 -1 -1 -1 -1 -1 -1 14 -1 -1 -1 -1 -1 -1 22 19 15 -1 -1 -1 -1 -1 -1 21 -1 -1 -1 -1 -1 -1 -1 20 -1 -1 -1 -1 -1 
-1 -1 -1 5 -1 4 9 -1 -1 -1 -1 -1 29 -1 -1 -1 -1 -1 -1 -1 -1 28 2 -1 1 -1 -1 -1 -1 -1 16 -1 -1 -1 -1 -1 -1 -1 -1 -1 -1 -1 6 -1 -1 31 -1 -1 -1 -1 -1 -1 -1 27 -1 -1 -1 -1 -1 -1 14 -1 -1 -1 -1 -1 -1 22 19 15 -1 -1 -1 -1 -1 -1 21 -1 -1 -1 -1 -1 -1 -1 20 -1 -1 -1 -1 -1 
-1 -1 -1 5 -1 4 9 -1 -1 -1 -1 -1 28 -1 -1 -1 -1 -1 -1 -1 -1 -1 2 -1 1 -1 -1 -1 -1 -1 16 -1 -1 -1 -1 -1 -1 -1 -1 -1 -1 -1 6 -1 -1 31 -1 -1 -1 -1 -1 -1 -1 27 -1 -1 -1 -1 -1 -1 14 -1 -1 -1 -1 -1 -1 22 19 15 -1 -1 -1 -1 -1 -1 21 -1 -1 -1 -1 -1 -1 -1 20 -1 -1 -1 -1 -1 
-1 -1 -1 5 -1 -1 9 -1 -1 -1 -1 -1 28 -1 4 -1 -1 -1 -1 -1 -1 -1 2 -1 1 -1 -1 -1 -1 -1 16 -1 -1 -1 -1 -1 -1 -1 -1 -1 -1 -1 6 -1 -1 31 -1 -1 -1 -1 -1 -1 -1 27 -1 -1 -1 -1 -1 -1 14 -1 -1 -1 -1 -1 -1 22 19 15 -1 -1 -1 -1 -1 -1 21 -1 -1 -1 -1 -1 -1 -1 20 -1 -1 -1 -1 -1 
-1 -1 -1 5 -1 -1 9 -1 -1 -1 -1 -1 28 -1 4 -1 -1 -1 -1 -1 -1 -1 2 -1 1 -1 -1 -1 -1 -1 -1 -1 16 -1 -1 -1 -1 -1 -1 -1 -1 -1 6 -1 -1 31 -1 -1 -1 -1 -1 -1 -1 27 -1 -1 -1 -1 -1 -1 14 -1 -1 -1 -1 -1 -1 22 19 15 -1 -1 -1 -1 -1 -1 21 -1 -1 -1 -1 -1 -1 -1 20 -1 -1 -1 -1 -1 
-1 -1 -1 5 -1 -1 9 -1 -1 -1 -1 -1 28 4 -1 -1 -1 -1 -1 -1 -1 -1 2 -1 1 -1 -1 -1 -1 -1 -1 -1 16 -1 -1 -1 -1 -1 -1 -1 -1 -1 6 -1 -1 31 -1 -1 -1 -1 -1 -1 -1 27 -1 -1 -1 -1 -1 -1 14 -1 -1 -1 -1 -1 -1 22 19 15 -1 -1 -1 -1 -1 -1 21 -1 -1 -1 -1 -1 -1 -1 20 -1 -1 -1 -1 -1 
-1 -1 -1 5 -1 -1 9 -1 -1 -1 -1 -1 28 4 -1 -1 -1 -1 -1 -1 -1 -1 2 16 1 -1 -1 -1 -1 -1 -1 -1 -1 -1 -1 -1 -1 -1 -1 -1 -1 -1 6 -1 -1 31 -1 -1 -1 -1 -1 -1 -1 27 -1 -1 -1 -1 -1 -1 14 -1 -1 -1 -1 -1 -1 22 19 15 -1 -1 -1 -1 -1 -1 21 -1 -1 -1 -1 -1 -1 -1 20 -1 -1 -1 -1 -1 
-1 -1 -1 5 -1 -1 9 -1 -1 -1 -1 -1 28 4 -1 -1 -1 -1 -1 -1 -1 -1 2 16 -1 -1 -1 -1 -1 -1 -1 -1 -1 -1 -1 -1 -1 -1 -1 -1 -1 -1 6 1 -1 31 -1 -1 -1 -1 -1 -1 -1 27 -1 -1 -1 -1 -1 -1 14 -1 -1 -1 -1 -1 -1 22 19 15 -1 -1 -1 -1 -1 -1 21 -1 -1 -1 -1 -1 -1 -1 20 -1 -1 -1 -1 -1 
-1 -1 -1 5 -1 -1 9 -1 -1 -1 -1 -1 28 4 -1 -1 -1 -1 -1 -1 -1 -1 2 16 -1 -1 -1 -1 -1 -1 -1 -1 -1 -1 -1 -1 -1 -1 -1 -1 -1 -1 6 1 -1 31 -1 -1 -1 -1 -1 -1 -1 27 -1 -1 -1 -1 -1 -1 14 -1 -1 -1 -1 -1 -1 22 19 15 -1 -1 -1 -1 -1 -1 -1 -1 -1 -1 -1 -1 -1 -1 20 -1 21 -1 -1 -1 
-1 -1 -1 5 -1 -1 9 -1 -1 -1 -1 -1 28 4 -1 -1 -1 -1 -1 -1 -1 -1 2 16 -1 -1 1 -1 -1 -1 -1 -1 -1 -1 -1 -1 -1 -1 -1 -1 -1 -1 6 -1 -1 31 -1 -1 -1 -1 -1 -1 -1 27 -1 -1 -1 -1 -1 -1 14 -1 -1 -1 -1 -1 -1 22 19 15 -1 -1 -1 -1 -1 -1 -1 -1 -1 -1 -1 -1 -1 -1 20 -1 21 -1 -1 -1 
-1 -1 -1 5 -1 -1 9 -1 -1 -1 -1 -1 28 4 -1 -1 -1 -1 -1 -1 -1 -1 2 16 -1 -1 1 -1 -1 -1 -1 -1 -1 -1 -1 -1 -1 -1 -1 -1 -1 -1 6 -1 -1 31 -1 -1 -1 -1 -1 -1 -1 27 -1 -1 -1 -1 -1 -1 14 -1 -1 -1 -1 -1 -1 22 19 15 -1 18 -1 -1 -1 -1 -1 -1 -1 -1 -1 -1 -1 -1 20 -1 21 -1 -1 -1 
-1 -1 -1 5 -1 -1 -1 -1 9 -1 -1 -1 28 4 -1 -1 -1 -1 -1 -1 -1 -1 2 16 -1 -1 1 -1 -1 -1 -1 -1 -1 -1 -1 -1 -1 -1 -1 -1 -1 -1 6 -1 -1 31 -1 -1 -1 -1 -1 -1 -1 27 -1 -1 -1 -1 -1 -1 14 -1 -1 -1 -1 -1 -1 22 19 15 -1 18 -1 -1 -1 -1 -1 -1 -1 -1 -1 -1 -1 -1 20 -1 21 -1 -1 -1 
-1 -1 -1 5 -1 16 -1 -1 9 -1 -1 -1 28 4 -1 -1 -1 -1 -1 -1 -1 -1 2 -1 -1 -1 1 -1 -1 -1 -1 -1 -1 -1 -1 -1 -1 -1 -1 -1 -1 -1 6 -1 -1 31 -1 -1 -1 -1 -1 -1 -1 27 -1 -1 -1 -1 -1 -1 14 -1 -1 -1 -1 -1 -1 22 19 15 -1 18 -1 -1 -1 -1 -1 -1 -1 -1 -1 -1 -1 -1 20 -1 21 -1 -1 -1 
-1 -1 -1 5 -1 16 -1 9 -1 -1 -1 -1 28 4 -1 -1 -1 -1 -1 -1 -1 -1 2 -1 -1 -1 1 -1 -1 -1 -1 -1 -1 -1 -1 -1 -1 -1 -1 -1 -1 -1 6 -1 -1 31 -1 -1 -1 -1 -1 -1 -1 27 -1 -1 -1 -1 -1 -1 14 -1 -1 -1 -1 -1 -1 22 19 15 -1 18 -1 -1 -1 -1 -1 -1 -1 -1 -1 -1 -1 -1 20 -1 21 -1 -1 -1 
-1 -1 -1 5 -1 16 -1 9 -1 -1 -1 -1 28 4 -1 -1 -1 -1 -1 -1 -1 -1 2 -1 -1 -1 1 -1 -1 -1 -1 -1 -1 -1 -1 -1 -1 -1 -1 -1 -1 -1 6 -1 -1 31 -1 -1 -1 -1 -1 -1 -1 27 -1 -1 -1 -1 -1 -1 14 -1 -1 -1 -1 -1 -1 -1 19 15 -1 18 -1 -1 -1 -1 -1 -1 -1 -1 -1 -1 -1 -1 20 -1 21 22 -1 -1 
-1 -1 -1 5 -1 16 -1 9 -1 -1 -1 -1 28 4 -1 -1 -1 -1 -1 -1 -1 -1 2 -1 -1 -1 1 -1 -1 -1 -1 -1 -1 -1 -1 -1 -1 -1 -1 -1 -1 -1 6 -1 -1 31 -1 -1 -1 -1 -1 -1 -1 27 -1 -1 -1 -1 -1 14 -1 -1 -1 -1 -1 -1 -1 -1 19 15 -1 18 -1 -1 -1 -1 -1 -1 -1 -1 -1 -1 -1 -1 20 -1 21 22 -1 -1 
-1 -1 -1 5 -1 16 -1 9 -1 -1 -1 -1 28 4 -1 -1 -1 -1 -1 -1 -1 -1 2 -1 -1 -1 1 -1 -1 -1 -1 -1 -1 -1 -1 -1 -1 -1 -1 -1 -1 -1 6 -1 -1 31 -1 -1 -1 -1 -1 -1 -1 27 -1 -1 -1 -1 -1 14 -1 -1 -1 -1 -1 -1 -1 -1 19 15 -1 18 -1 -1 -1 -1 -1 -1 -1 -1 -1 -1 -1 -1 -1 20 21 22 -1 -1 
-1 -1 -1 5 -1 16 -1 9 -1 -1 -1 -1 4 -1 -1 -1 -1 -1 -1 -1 -1 -1 2 -1 -1 -1 1 -1 -1 -1 -1 -1 -1 -1 -1 -1 -1 -1 -1 -1 -1 -1 6 -1 -1 31 -1 -1 -1 -1 -1 -1 -1 27 -1 -1 -1 -1 -1 14 -1 -1 -1 -1 -1 -1 -1 -1 19 15 -1 18 -1 -1 -1 -1 -1 -1 -1 -1 -1 -1 -1 -1 -1 20 21 22 -1 -1 
-1 -1 -1 5 -1 16 -1 9 -1 -1 -1 -1 -1 28 -1 -1 -1 -1 -1 -1 -1 -1 2 -1 -1 -1 1 -1 -1 -1 -1 -1 -1 -1 -1 -1 -1 -1 -1 -1 -1 -1 6 -1 -1 31 -1 -1 -1 -1 -1 -1 -1 27 -1 -1 -1 -1 -1 14 -1 -1 -1 -1 -1 -1 -1 -1 19 15 -1 18 -1 -1 -1 -1 -1 -1 -1 -1 -1 -1 -1 -1 -1 20 21 22 -1 -1 
-1 -1 -1 5 -1 16 -1 -1 -1 -1 -1 -1 -1 28 -1 -1 -1 -1 -1 -1 -1 -1 2 -1 -1 -1 1 -1 -1 -1 -1 -1 -1 -1 -1 -1 -1 -1 -1 -1 -1 -1 6 9 -1 31 -1 -1 -1 -1 -1 -1 -1 27 -1 -1 -1 -1 -1 14 -1 -1 -1 -1 -1 -1 -1 -1 19 15 -1 18 -1 -1 -1 -1 -1 -1 -1 -1 -1 -1 -1 -1 -1 20 21 22 -1 -1 
-1 -1 -1 5 -1 -1 -1 -1 -1 -1 -1 -1 -1 28 16 -1 -1 -1 -1 -1 -1 -1 2 -1 -1 -1 1 -1 -1 -1 -1 -1 -1 -1 -1 -1 -1 -1 -1 -1 -1 -1 6 9 -1 31 -1 -1 -1 -1 -1 -1 -1 27 -1 -1 -1 -1 -1 14 -1 -1 -1 -1 -1 -1 -1 -1 19 15 -1 18 -1 -1 -1 -1 -1 -1 -1 -1 -1 -1 -1 -1 -1 20 21 22 -1 -1 
-1 -1 -1 5 -1 -1 -1 -1 -1 -1 -1 -1 -1 28 16 -1 -1 -1 -1 -1 -1 4 2 -1 -1 -1 1 -1 -1 -1 -1 -1 -1 -1 -1 -1 -1 -1 -1 -1 -1 -1 6 9 -1 31 -1 -1 -1 -1 -1 -1 -1 27 -1 -1 -1 -1 -1 14 -1 -1 -1 -1 -1 -1 -1 -1 19 15 -1 18 -1 -1 -1 -1 -1 -1 -1 -1 -1 -1 -1 -1 -1 20 21 22 -1 -1 
-1 -1 -1 5 -1 -1 -1 -1 -1 -1 16 -1 -1 28 -1 -1 -1 -1 -1 -1 -1 4 2 -1 -1 -1 1 -1 -1 -1 -1 -1 -1 -1 -1 -1 -1 -1 -1 -1 -1 -1 6 9 -1 31 -1 -1 -1 -1 -1 -1 -1 27 -1 -1 -1 -1 -1 14 -1 -1 -1 -1 -1 -1 -1 -1 19 15 -1 18 -1 -1 -1 -1 -1 -1 -1 -1 -1 -1 -1 -1 -1 20 21 22 -1 -1 
-1 -1 -1 5 -1 -1 -1 -1 -1 -1 16 -1 -1 28 -1 -1 -1 -1 -1 -1 -1 4 2 -1 -1 -1 1 -1 -1 -1 -1 -1 -1 -1 -1 -1 -1 -1 -1 -1 -1 -1 6 9 -1 31 -1 -1 -1 -1 -1 -1 -1 27 -1 -1 -1 -1 -1 -1 14 -1 -1 -1 -1 -1 -1 -1 19 15 -1 18 -1 -1 -1 -1 -1 -1 -1 -1 -1 -1 -1 -1 -1 20 21 22 -1 -1 
-1 -1 -1 5 -1 -1 -1 -1 -1 -1 -1 -1 -1 28 -1 -1 -1 -1 -1 -1 -1 4 2 -1 -1 -1 1 -1 -1 -1 -1 -1 -1 -1 -1 -1 -1 -1 -1 -1 -1 -1 6 9 -1 31 -1 -1 -1 -1 -1 -1 -1 27 -1 -1 -1 -1 -1 -1 14 -1 -1 -1 -1 -1 -1 -1 19 15 -1 18 -1 16 -1 -1 -1 -1 -1 -1 -1 -1 -1 -1 -1 20 21 22 -1 -1 
-1 -1 -1 5 -1 -1 -1 -1 -1 -1 -1 -1 4 28 -1 -1 -1 -1 -1 -1 -1 -1 2 -1 -1 -1 1 -1 -1 -1 -1 -1 -1 -1 -1 -1 -1 -1 -1 -1 -1 -1 6 9 -1 31 -1 -1 -1 -1 -1 -1 -1 27 -1 -1 -1 -1 -1 -1 14 -1 -1 -1 -1 -1 -1 -1 19 15 -1 18 -1 16 -1 -1 -1 -1 -1 -1 -1 -1 -1 -1 -1 20 21 22 -1 -1 
-1 -1 -1 5 -1 -1 -1 -1 -1 -1 -1 -1 4 28 -1 -1 -1 -1 -1 -1 -1 -1 2 -1 -1 -1 1 -1 -1 -1 -1 -1 -1 -1 -1 -1 -1 -1 -1 -1 -1 -1 6 9 -1 31 -1 -1 -1 -1 -1 -1 -1 27 -1 -1 -1 -1 -1 -1 14 -1 -1 -1 -1 -1 -1 -1 19 15 -1 18 -1 -1 -1 16 -1 -1 -1 -1 -1 -1 -1 -1 -1 20 21 22 -1 -1 
-1 -1 -1 5 -1 -1 -1 -1 -1 -1 -1 -1 -1 4 -1 -1 -1 -1 -1 -1 -1 -1 2 -1 -1 -1 1 -1 -1 -1 -1 -1 -1 -1 -1 -1 -1 -1 -1 -1 -1 -1 6 9 -1 31 -1 -1 -1 -1 -1 -1 -1 27 -1 -1 -1 -1 -1 -1 14 -1 -1 -1 -1 -1 -1 -1 19 15 -1 18 -1 -1 -1 16 -1 -1 -1 -1 -1 -1 -1 -1 -1 20 21 22 -1 -1 
-1 -1 -1 5 -1 -1 -1 -1 -1 -1 -1 -1 -1 4 -1 -1 -1 -1 -1 -1 -1 -1 2 -1 -1 -1 1 -1 -1 -1 -1 -1 -1 -1 -1 -1 -1 -1 -1 -1 -1 -1 6 9 -1 31 -1 -1 -1 -1 -1 -1 -1 27 -1 -1 -1 -1 -1 -1 14 -1 -1 -1 -1 -1 -1 -1 19 15 -1 18 -1 -1 -1 -1 -1 -1 16 -1 -1 -1 -1 -1 -1 20 21 22 -1 -1 
-1 -1 -1 5 -1 -1 -1 -1 -1 -1 -1 -1 -1 -1 4 -1 -1 -1 -1 -1 -1 -1 2 -1 -1 -1 1 -1 -1 -1 -1 -1 -1 -1 -1 -1 -1 -1 -1 -1 -1 -1 6 9 -1 31 -1 -1 -1 -1 -1 -1 -1 27 -1 -1 -1 -1 -1 -1 14 -1 -1 -1 -1 -1 -1 -1 19 15 -1 18 -1 -1 -1 -1 -1 -1 16 -1 -1 -1 -1 -1 -1 20 21 22 -1 -1 
-1 -1 -1 5 -1 -1 -1 -1 -1 -1 -1 -1 -1 -1 4 -1 -1 -1 -1 -1 -1 -1 2 -1 -1 -1 1 -1 -1 -1 -1 -1 -1 -1 -1 -1 -1 -1 -1 -1 -1 -1 6 9 -1 31 -1 -1 -1 -1 -1 16 -1 27 -1 -1 -1 -1 -1 -1 14 -1 -1 -1 -1 -1 -1 -1 19 15 -1 18 -1 -1 -1 -1 -1 -1 -1 -1 -1 -1 -1 -1 -1 20 21 22 -1 -1 
-1 -1 -1 5 -1 -1 -1 -1 -1 -1 -1 -1 -1 -1 4 -1 -1 -1 -1 -1 -1 -1 2 -1 -1 -1 1 -1 -1 -1 -1 -1 -1 -1 9 -1 -1 -1 -1 -1 -1 -1 6 -1 -1 31 -1 -1 -1 -1 -1 16 -1 27 -1 -1 -1 -1 -1 -1 14 -1 -1 -1 -1 -1 -1 -1 19 15 -1 18 -1 -1 -1 -1 -1 -1 -1 -1 -1 -1 -1 -1 -1 20 21 22 -1 -1 
-1 -1 -1 5 -1 -1 -1 -1 -1 -1 -1 -1 -1 -1 4 -1 -1 -1 -1 -1 -1 -1 2 -1 -1 -1 1 -1 -1 -1 -1 -1 -1 -1 9 -1 -1 -1 -1 -1 -1 -1 6 -1 -1 31 -1 -1 -1 -1 16 -1 -1 27 -1 -1 -1 -1 -1 -1 14 -1 -1 -1 -1 -1 -1 -1 19 15 -1 18 -1 -1 -1 -1 -1 -1 -1 -1 -1 -1 -1 -1 -1 20 21 22 -1 -1 
-1 -1 -1 5 -1 -1 -1 -1 -1 -1 -1 -1 -1 4 -1 -1 -1 -1 -1 -1 -1 -1 2 -1 -1 -1 1 -1 -1 -1 -1 -1 -1 -1 9 -1 -1 -1 -1 -1 -1 -1 6 -1 -1 31 -1 -1 -1 -1 16 -1 -1 27 -1 -1 -1 -1 -1 -1 14 -1 -1 -1 -1 -1 -1 -1 19 15 -1 18 -1 -1 -1 -1 -1 -1 -1 -1 -1 -1 -1 -1 -1 20 21 22 -1 -1 
-1 -1 -1 5 -1 -1 -1 -1 -1 -1 -1 -1 -1 4 -1 -1 -1 -1 -1 -1 -1 -1 2 -1 -1 -1 1 -1 -1 -1 -1 -1 -1 -1 9 -1 -1 -1 -1 -1 -1 16 6 -1 -1 31 -1 -1 -1 -1 -1 -1 -1 27 -1 -1 -1 -1 -1 -1 14 -1 -1 -1 -1 -1 -1 -1 19 15 -1 18 -1 -1 -1 -1 -1 -1 -1 -1 -1 -1 -1 -1 -1 20 21 22 -1 -1 
-1 -1 -1 5 -1 -1 -1 -1 -1 -1 -1 -1 -1 4 -1 -1 -1 -1 -1 -1 -1 -1 2 -1 -1 -1 1 -1 -1 -1 -1 9 -1 -1 -1 -1 -1 -1 -1 -1 -1 16 6 -1 -1 31 -1 -1 -1 -1 -1 -1 -1 27 -1 -1 -1 -1 -1 -1 14 -1 -1 -1 -1 -1 -1 -1 19 15 -1 18 -1 -1 -1 -1 -1 -1 -1 -1 -1 -1 -1 -1 -1 20 21 22 -1 -1 
-1 -1 -1 5 -1 -1 -1 -1 -1 -1 -1 -1 -1 4 -1 -1 -1 -1 -1 -1 -1 -1 2 -1 -1 -1 1 -1 -1 -1 -1 9 16 -1 -1 -1 -1 -1 -1 -1 -1 -1 6 -1 -1 31 -1 -1 -1 -1 -1 -1 -1 27 -1 -1 -1 -1 -1 -1 14 -1 -1 -1 -1 -1 -1 -1 19 15 -1 18 -1 -1 -1 -1 -1 -1 -1 -1 -1 -1 -1 -1 -1 20 21 22 -1 -1 
-1 -1 -1 5 -1 -1 -1 -1 -1 -1 -1 -1 -1 4 -1 -1 -1 -1 -1 -1 -1 -1 2 -1 -1 -1 1 -1 -1 -1 -1 -1 16 -1 -1 -1 -1 -1 -1 -1 9 -1 6 -1 -1 31 -1 -1 -1 -1 -1 -1 -1 27 -1 -1 -1 -1 -1 -1 14 -1 -1 -1 -1 -1 -1 -1 19 15 -1 18 -1 -1 -1 -1 -1 -1 -1 -1 -1 -1 -1 -1 -1 20 21 22 -1 -1 
-1 -1 -1 5 -1 -1 -1 -1 -1 -1 -1 -1 -1 4 -1 -1 -1 -1 -1 -1 -1 -1 2 -1 -1 -1 1 -1 -1 -1 -1 16 -1 -1 -1 -1 -1 -1 -1 -1 9 -1 6 -1 -1 31 -1 -1 -1 -1 -1 -1 -1 27 -1 -1 -1 -1 -1 -1 14 -1 -1 -1 -1 -1 -1 -1 19 15 -1 18 -1 -1 -1 -1 -1 -1 -1 -1 -1 -1 -1 -1 -1 20 21 22 -1 -1 
-1 -1 -1 5 -1 -1 -1 -1 -1 -1 -1 -1 -1 4 -1 -1 -1 -1 -1 -1 -1 -1 2 -1 -1 -1 1 -1 -1 -1 -1 16 -1 -1 -1 -1 -1 -1 -1 9 -1 -1 6 -1 -1 31 -1 -1 -1 -1 -1 -1 -1 27 -1 -1 -1 -1 -1 -1 14 -1 -1 -1 -1 -1 -1 -1 19 15 -1 18 -1 -1 -1 -1 -1 -1 -1 -1 -1 -1 -1 -1 -1 20 21 22 -1 -1 
-1 -1 -1 5 -1 -1 -1 -1 -1 -1 -1 -1 -1 4 -1 -1 -1 -1 -1 -1 -1 -1 2 -1 -1 -1 1 -1 -1 -1 -1 -1 -1 -1 -1 -1 -1 -1 -1 9 16 -1 6 -1 -1 31 -1 -1 -1 -1 -1 -1 -1 27 -1 -1 -1 -1 -1 -1 14 -1 -1 -1 -1 -1 -1 -1 19 15 -1 18 -1 -1 -1 -1 -1 -1 -1 -1 -1 -1 -1 -1 -1 20 21 22 -1 -1 
-1 -1 -1 5 -1 -1 -1 -1 -1 -1 -1 -1 -1 4 -1 -1 -1 -1 -1 -1 -1 9 2 -1 -1 -1 1 -1 -1 -1 -1 -1 -1 -1 -1 -1 -1 -1 -1 -1 16 -1 6 -1 -1 31 -1 -1 -1 -1 -1 -1 -1 27 -1 -1 -1 -1 -1 -1 14 -1 -1 -1 -1 -1 -1 -1 19 15 -1 18 -1 -1 -1 -1 -1 -1 -1 -1 -1 -1 -1 -1 -1 20 21 22 -1 -1 
-1 -1 -1 5 -1 -1 -1 -1 -1 -1 -1 -1 -1 4 -1 -1 -1 -1 -1 -1 -1 9 2 -1 -1 -1 1 -1 -1 -1 -1 -1 -1 -1 -1 -1 -1 -1 -1 16 -1 -1 6 -1 -1 31 -1 -1 -1 -1 -1 -1 -1 27 -1 -1 -1 -1 -1 -1 14 -1 -1 -1 -1 -1 -1 -1 19 15 -1 18 -1 -1 -1 -1 -1 -1 -1 -1 -1 -1 -1 -1 -1 20 21 22 -1 -1 
-1 -1 -1 5 -1 -1 -1 -1 -1 -1 -1 -1 9 4 -1 -1 -1 -1 -1 -1 -1 -1 2 -1 -1 -1 1 -1 -1 -1 -1 -1 -1 -1 -1 -1 -1 -1 -1 16 -1 -1 6 -1 -1 31 -1 -1 -1 -1 -1 -1 -1 27 -1 -1 -1 -1 -1 -1 14 -1 -1 -1 -1 -1 -1 -1 19 15 -1 18 -1 -1 -1 -1 -1 -1 -1 -1 -1 -1 -1 -1 -1 20 21 22 -1 -1 
-1 -1 -1 5 -1 -1 -1 -1 -1 -1 -1 -1 28 -1 -1 -1 -1 -1 -1 -1 -1 -1 2 -1 -1 -1 1 -1 -1 -1 -1 -1 -1 -1 -1 -1 -1 -1 -1 16 -1 -1 6 -1 -1 31 -1 -1 -1 -1 -1 -1 -1 27 -1 -1 -1 -1 -1 -1 14 -1 -1 -1 -1 -1 -1 -1 19 15 -1 18 -1 -1 -1 -1 -1 -1 -1 -1 -1 -1 -1 -1 -1 20 21 22 -1 -1 
-1 -1 -1 5 -1 -1 -1 -1 -1 -1 -1 -1 28 -1 -1 1 -1 -1 -1 -1 -1 -1 2 -1 -1 -1 -1 -1 -1 -1 -1 -1 -1 -1 -1 -1 -1 -1 -1 16 -1 -1 6 -1 -1 31 -1 -1 -1 -1 -1 -1 -1 27 -1 -1 -1 -1 -1 -1 14 -1 -1 -1 -1 -1 -1 -1 19 15 -1 18 -1 -1 -1 -1 -1 -1 -1 -1 -1 -1 -1 -1 -1 20 21 22 -1 -1 
-1 -1 -1 5 -1 -1 -1 -1 -1 -1 -1 -1 28 -1 -1 1 -1 -1 -1 -1 -1 -1 2 -1 -1 -1 -1 -1 -1 -1 -1 -1 -1 -1 -1 -1 -1 -1 -1 -1 -1 -1 16 -1 -1 31 -1 -1 -1 -1 -1 -1 -1 27 -1 -1 -1 -1 -1 -1 14 -1 -1 -1 -1 -1 -1 -1 19 15 -1 18 -1 -1 -1 -1 -1 -1 -1 -1 -1 -1 -1 -1 -1 20 21 22 -1 -1 
-1 -1 -1 5 -1 -1 -1 -1 -1 -1 -1 -1 28 -1 -1 -1 -1 -1 -1 -1 -1 -1 2 -1 -1 -1 -1 -1 -1 -1 -1 -1 1 -1 -1 -1 -1 -1 -1 -1 -1 -1 16 -1 -1 31 -1 -1 -1 -1 -1 -1 -1 27 -1 -1 -1 -1 -1 -1 14 -1 -1 -1 -1 -1 -1 -1 19 15 -1 18 -1 -1 -1 -1 -1 -1 -1 -1 -1 -1 -1 -1 -1 20 21 22 -1 -1 
-1 -1 -1 5 -1 -1 -1 -1 -1 -1 -1 -1 28 -1 -1 -1 -1 -1 -1 -1 -1 -1 2 -1 -1 -1 -1 -1 -1 -1 -1 -1 1 -1 -1 -1 -1 -1 -1 -1 16 -1 -1 -1 -1 31 -1 -1 -1 -1 -1 -1 -1 27 -1 -1 -1 -1 -1 -1 14 -1 -1 -1 -1 -1 -1 -1 19 15 -1 18 -1 -1 -1 -1 -1 -1 -1 -1 -1 -1 -1 -1 -1 20 21 22 -1 -1 
-1 -1 -1 5 -1 -1 -1 -1 -1 -1 -1 -1 28 -1 -1 1 -1 -1 -1 -1 -1 -1 2 -1 -1 -1 -1 -1 -1 -1 -1 -1 -1 -1 -1 -1 -1 -1 -1 -1 16 -1 -1 -1 -1 31 -1 -1 -1 -1 -1 -1 -1 27 -1 -1 -1 -1 -1 -1 14 -1 -1 -1 -1 -1 -1 -1 19 15 -1 18 -1 -1 -1 -1 -1 -1 -1 -1 -1 -1 -1 -1 -1 20 21 22 -1 -1 
-1 -1 -1 5 -1 -1 -1 -1 -1 -1 -1 -1 28 -1 -1 1 -1 -1 -1 -1 -1 -1 2 -1 -1 -1 -1 -1 -1 -1 -1 16 -1 -1 -1 -1 -1 -1 -1 -1 -1 -1 -1 -1 -1 31 -1 -1 -1 -1 -1 -1 -1 27 -1 -1 -1 -1 -1 -1 14 -1 -1 -1 -1 -1 -1 -1 19 15 -1 18 -1 -1 -1 -1 -1 -1 -1 -1 -1 -1 -1 -1 -1 20 21 22 -1 -1 
