0 1 2 3 4 5 6 7 8 -1 -1 -1 -1 -1 -1 -1 -1 -1 -1 9 -1 -1 -1 -1 -1 10 -1 11 -1 12 -1 13 -1 14 -1 15 -1 -1 -1 -1 -1 -1 -1 -1 -1 -1 -1 -1 -1 -1 -1 -1 -1 -1 -1 -1 -1 -1 29 -1 28 -1 27 -1 26 -1 -1 25 -1 -1 -1 -1 -1 -1 -1 -1 -1 -1 -1 -1 -1 24 23 22 21 20 19 18 17 16 
0 1 2 3 4 5 6 -1 8 -1 -1 -1 -1 -1 -1 -1 -1 -1 -1 9 -1 -1 -1 -1 7 10 -1 11 -1 12 -1 13 -1 14 -1 15 -1 -1 -1 -1 -1 -1 -1 -1 -1 -1 -1 -1 -1 -1 -1 -1 -1 -1 -1 -1 -1 -1 29 -1 28 -1 27 -1 26 -1 -1 25 -1 -1 -1 -1 -1 -1 -1 -1 -1 -1 -1 -1 -1 24 23 22 21 20 19 18 17 16 
0 1 2 3 4 5 6 -1 8 -1 -1 -1 -1 -1 -1 -1 -1 -1 -1 9 -1 -1 -1 -1 7 10 -1 11 -1 12 -1 13 -1 14 -1 15 -1 -1 -1 -1 -1 -1 -1 -1 -1 -1 -1 -1 -1 -1 -1 -1 -1 -1 -1 -1 -1 -1 29 -1 28 -1 27 -1 26 -1 -1 25 -1 17 -1 -1 -1 -1 -1 -1 -1 -1 -1 -1 -1 24 23 22 21 20 19 18 -1 16 
0 1 2 3 4 5 6 -1 8 -1 -1 -1 -1 -1 -1 -1 -1 -1 -1 9 -1 -1 -1 -1 7 10 -1 11 -1 12 -1 13 -1 -1 -1 15 -1 -1 -1 -1 -1 -1 14 -1 -1 -1 -1 -1 -1 -1 -1 -1 -1 -1 -1 -1 -1 -1 29 -1 28 -1 27 -1 26 -1 -1 25 -1 17 -1 -1 -1 -1 -1 -1 -1 -1 -1 -1 -1 24 23 22 21 20 19 18 -1 16 
0 1 2 3 4 5 6 -1 8 -1 -1 -1 -1 -1 -1 -1 -1 -1 -1 9 -1 -1 -1 -1 7 10 -1 11 -1 12 -1 13 -1 -1 -1 15 -1 -1 -1 -1 -1 -1 14 -1 -1 -1 -1 -1 -1 -1 -1 -1 -1 -1 -1 -1 -1 -1 29 -1 28 -1 27 -1 26 -1 -1 25 -1 17 -1 -1 -1 -1 -1 -1 -1 -1 -1 -1 -1 24 23 22 21 20 19 18 16 -1 
0 1 2 3 4 5 6 8 -1 -1 -1 -1 -1 -1 -1 -1 -1 -1 -1 9 -1 -1 -1 -1 7 10 -1 11 -1 12 -1 13 -1 -1 -1 15 -1 -1 -1 -1 -1 -1 14 -1 -1 -1 -1 -1 -1 -1 -1 -1 -1 -1 -1 -1 -1 -1 29 -1 28 -1 27 -1 26 -1 -1 25 -1 17 -1 -1 -1 -1 -1 -1 -1 -1 -1 -1 -1 24 23 22 21 20 19 18 16 -1 
0 1 2 3 4 5 6 8 -1 -1 -1 -1 -1 -1 -1 -1 -1 -1 -1 9 -1 -1 -1 -1 7 10 -1 11 -1 12 -1 13 -1 -1 16 15 -1 -1 -1 -1 -1 -1 14 -1 -1 -1 -1 -1 -1 -1 -1 -1 -1 -1 -1 -1 -1 -1 29 -1 28 -1 27 -1 26 -1 -1 25 -1 17 -1 -1 -1 -1 -1 -1 -1 -1 -1 -1 -1 24 23 22 21 20 19 18 -1 -1 
0 -1 2 3 4 5 6 8 -1 -1 -1 -1 -1 -1 -1 -1 -1 -1 -1 9 1 -1 -1 -1 7 10 -1 11 -1 12 -1 13 -1 -1 16 15 -1 -1 -1 -1 -1 -1 14 -1 -1 -1 -1 -1 -1 -1 -1 -1 -1 -1 -1 -1 -1 -1 29 -1 28 -1 27 -1 26 -1 -1 25 -1 17 -1 -1 -1 -1 -1 -1 -1 -1 -1 -1 -1 24 23 22 21 20 19 18 -1 -1 
0 -1 2 3 4 5 6 8 -1 -1 -1 -1 -1 -1 -1 -1 -1 -1 -1 9 1 -1 -1 -1 7 10 -1 11 -1 12 -1 13 -1 -1 16 15 -1 -1 -1 -1 -1 -1 14 -1 -1 -1 -1 -1 -1 -1 -1 -1 -1 -1 -1 -1 -1 -1 29 -1 28 -1 27 -1 -1 -1 26 25 -1 17 -1 -1 -1 -1 -1 -1 -1 -1 -1 -1 -1 24 23 22 21 20 19 18 -1 -1 
0 -1 2 3 4 5 6 8 -1 -1 -1 -1 -1 -1 -1 -1 -1 -1 -1 9 1 -1 -1 -1 7 10 -1 11 -1 -1 -1 13 -1 -1 16 15 -1 -1 12 -1 -1 -1 14 -1 -1 -1 -1 -1 -1 -1 -1 -1 -1 -1 -1 -1 -1 -1 29 -1 28 -1 27 -1 -1 -1 26 25 -1 17 -1 -1 -1 -1 -1 -1 -1 -1 -1 -1 -1 24 23 22 21 20 19 18 -1 -1 
0 -1 2 3 4 5 6 8 -1 -1 -1 -1 -1 -1 -1 -1 -1 -1 -1 9 1 -1 -1 -1 7 10 -1 11 -1 -1 -1 13 -1 -1 16 15 -1 -1 12 -1 -1 -1 14 -1 -1 -1 -1 -1 -1 -1 -1 -1 -1 -1 -1 -1 -1 -1 29 -1 28 -1 27 -1 -1 23 26 25 -1 17 -1 -1 -1 -1 -1 -1 -1 -1 -1 -1 -1 24 -1 22 21 20 19 18 -1 -1 
0 -1 2 3 4 5 6 8 -1 -1 -1 -1 -1 -1 -1 -1 -1 -1 -1 -1 1 -1 -1 -1 7 10 -1 11 9 -1 -1 13 -1 -1 16 15 -1 -1 12 -1 -1 -1 14 -1 -1 -1 -1 -1 -1 -1 -1 -1 -1 -1 -1 -1 -1 -1 29 -1 28 -1 27 -1 -1 23 26 25 -1 17 -1 -1 -1 -1 -1 -1 -1 -1 -1 -1 -1 24 -1 22 21 20 19 18 -1 -1 
0 -1 2 3 4 5 6 8 -1 -1 -1 -1 -1 -1 -1 -1 -1 -1 -1 -1 1 -1 -1 -1 7 10 -1 11 9 -1 -1 13 -1 -1 -1 15 -1 -1 12 -1 -1 -1 14 -1 -1 -1 -1 -1 -1 -1 -1 -1 16 -1 -1 -1 -1 -1 29 -1 28 -1 27 -1 -1 23 26 25 -1 17 -1 -1 -1 -1 -1 -1 -1 -1 -1 -1 -1 24 -1 22 21 20 19 18 -1 -1 
0 -1 2 3 4 5 6 8 -1 -1 -1 -1 -1 -1 -1 -1 -1 -1 -1 -1 1 -1 -1 -1 7 -1 10 11 9 -1 -1 13 -1 -1 -1 15 -1 -1 12 -1 -1 -1 14 -1 -1 -1 -1 -1 -1 -1 -1 -1 16 -1 -1 -1 -1 -1 29 -1 28 -1 27 -1 -1 23 26 25 -1 17 -1 -1 -1 -1 -1 -1 -1 -1 -1 -1 -1 24 -1 22 21 20 19 18 -1 -1 
0 -1 2 3 4 5 6 8 -1 -1 -1 -1 -1 -1 -1 -1 -1 -1 -1 -1 1 -1 -1 -1 7 -1 10 11 9 -1 -1 13 -1 -1 -1 15 -1 -1 12 -1 -1 -1 14 -1 -1 -1 -1 -1 16 -1 -1 -1 -1 -1 -1 -1 -1 -1 29 -1 28 -1 27 -1 -1 23 26 25 -1 17 -1 -1 -1 -1 -1 -1 -1 -1 -1 -1 -1 24 -1 22 21 20 19 18 -1 -1 
0 -1 2 3 4 5 6 8 -1 -1 -1 -1 -1 -1 -1 -1 -1 -1 -1 -1 1 -1 -1 -1 -1 -1 10 11 9 -1 -1 13 -1 -1 -1 15 -1 -1 12 -1 -1 7 14 -1 -1 -1 -1 -1 16 -1 -1 -1 -1 -1 -1 -1 -1 -1 29 -1 28 -1 27 -1 -1 23 26 25 -1 17 -1 -1 -1 -1 -1 -1 -1 -1 -1 -1 -1 24 -1 22 21 20 19 18 -1 -1 
0 -1 2 3 4 5 6 8 -1 -1 -1 -1 -1 -1 -1 -1 -1 -1 -1 -1 1 -1 -1 -1 -1 -1 10 11 9 -1 -1 13 -1 -1 -1 15 -1 -1 12 -1 -1 7 14 -1 -1 -1 16 -1 -1 -1 -1 -1 -1 -1 -1 -1 -1 -1 29 -1 28 -1 27 -1 -1 23 26 25 -1 17 -1 -1 -1 -1 -1 -1 -1 -1 -1 -1 -1 24 -1 22 21 20 19 18 -1 -1 
0 -1 2 3 4 5 6 8 -1 -1 -1 -1 -1 -1 -1 -1 -1 -1 -1 -1 1 -1 -1 -1 -1 -1 10 11 -1 -1 -1 13 -1 -1 -1 15 -1 9 12 -1 -1 7 14 -1 -1 -1 16 -1 -1 -1 -1 -1 -1 -1 -1 -1 -1 -1 29 -1 28 -1 27 -1 -1 23 26 25 -1 17 -1 -1 -1 -1 -1 -1 -1 -1 -1 -1 -1 24 -1 22 21 20 19 18 -1 -1 
0 -1 2 3 4 5 6 8 -1 -1 -1 -1 -1 -1 -1 -1 -1 -1 -1 -1 1 -1 -1 -1 -1 -1 10 11 -1 -1 -1 13 -1 -1 -1 15 -1 9 12 -1 -1 7 14 -1 -1 -1 16 30 -1 -1 -1 -1 -1 -1 -1 -1 -1 -1 29 -1 28 -1 27 -1 -1 23 26 25 -1 17 -1 -1 -1 -1 -1 -1 -1 -1 -1 -1 -1 24 -1 22 21 20 19 18 -1 -1 
0 -1 2 3 4 5 6 8 -1 -1 -1 -1 -1 -1 -1 -1 -1 -1 -1 -1 1 -1 -1 -1 -1 -1 10 11 -1 -1 -1 13 -1 -1 -1 15 -1 9 -1 -1 -1 7 14 -1 -1 -1 16 12 -1 -1 -1 -1 -1 -1 -1 -1 -1 -1 29 -1 28 -1 27 -1 -1 23 26 25 -1 17 -1 -1 -1 -1 -1 -1 -1 -1 -1 -1 -1 24 -1 22 21 20 19 18 -1 -1 
0 -1 2 3 4 5 6 8 -1 -1 -1 -1 -1 -1 -1 -1 -1 -1 -1 -1 1 -1 -1 -1 -1 -1 10 11 -1 -1 -1 13 -1 -1 -1 15 -1 9 -1 -1 -1 7 14 -1 -1 -1 -1 16 -1 -1 -1 -1 -1 -1 -1 -1 -1 -1 29 -1 28 -1 27 -1 -1 23 26 25 -1 17 -1 -1 -1 -1 -1 -1 -1 -1 -1 -1 -1 24 -1 22 21 20 19 18 -1 -1 
0 -1 -1 3 4 5 6 8 -1 -1 -1 -1 -1 -1 -1 -1 -1 -1 -1 -1 1 -1 2 -1 -1 -1 10 11 -1 -1 -1 13 -1 -1 -1 15 -1 9 -1 -1 -1 7 14 -1 -1 -1 -1 16 -1 -1 -1 -1 -1 -1 -1 -1 -1 -1 29 -1 28 -1 27 -1 -1 23 26 25 -1 17 -1 -1 -1 -1 -1 -1 -1 -1 -1 -1 -1 24 -1 22 21 20 19 18 -1 -1 
0 -1 -1 3 4 5 6 8 -1 -1 -1 -1 -1 -1 -1 -1 -1 -1 -1 -1 1 -1 2 -1 -1 -1 10 11 -1 -1 -1 13 -1 -1 -1 15 -1 9 -1 -1 -1 7 14 -1 -1 -1 -1 16 -1 -1 -1 -1 -1 -1 -1 -1 -1 -1 29 -1 28 -1 27 -1 -1 23 26 25 -1 17 -1 -1 -1 -1 -1 -1 -1 -1 -1 -1 -1 -1 24 22 21 20 19 18 -1 -1 
0 -1 -1 -1 4 5 6 8 -1 -1 -1 -1 -1 3 -1 -1 -1 -1 -1 -1 1 -1 2 -1 -1 -1 10 11 -1 -1 -1 13 -1 -1 -1 15 -1 9 -1 -1 -1 7 14 -1 -1 -1 -1 16 -1 -1 -1 -1 -1 -1 -1 -1 -1 -1 29 -1 28 -1 27 -1 -1 23 26 25 -1 17 -1 -1 -1 -1 -1 -1 -1 -1 -1 -1 -1 -1 24 22 21 20 19 18 -1 -1 
0 -1 -1 -1 4 5 6 8 -1 -1 -1 -1 -1 3 -1 -1 -1 -1 -1 -1 1 -1 2 -1 -1 -1 10 11 -1 -1 -1 13 -1 -1 -1 15 -1 9 -1 -1 -1 7 14 -1 -1 -1 -1 16 -1 -1 -1 -1 -1 -1 -1 -1 -1 26 29 -1 28 -1 27 -1 -1 23 -1 25 -1 17 -1 -1 -1 -1 -1 -1 -1 -1 -1 -1 -1 -1 24 22 21 20 19 18 -1 -1 
0 -1 -1 -1 4 5 6 8 -1 -1 -1 -1 -1 3 -1 -1 -1 -1 -1 -1 1 -1 2 -1 -1 -1 10 11 -1 -1 -1 13 -1 -1 -1 15 -1 -1 9 -1 -1 7 14 -1 -1 -1 -1 16 -1 -1 -1 -1 -1 -1 -1 -1 -1 26 29 -1 28 -1 27 -1 -1 23 -1 25 -1 17 -1 -1 -1 -1 -1 -1 -1 -1 -1 -1 -1 -1 24 22 21 20 19 18 -1 -1 
0 -1 -1 -1 4 5 6 8 -1 -1 -1 -1 -1 3 -1 -1 -1 -1 -1 -1 1 -1 2 -1 -1 -1 10 11 -1 -1 -1 13 -1 -1 -1 15 -1 -1 9 -1 -1 7 14 -1 -1 -1 -1 16 -1 -1 -1 -1 -1 -1 -1 -1 -1 26 29 -1 28 -1 27 -1 -1 23 25 -1 -1 17 -1 -1 -1 -1 -1 -1 -1 -1 -1 -1 -1 -1 24 22 21 20 19 18 -1 -1 
0 -1 -1 -1 4 5 6 -1 -1 -1 -1 -1 -1 3 -1 -1 -1 -1 -1 -1 1 -1 2 -1 -1 -1 10 11 -1 -1 -1 13 -1 -1 8 15 -1 -1 9 -1 -1 7 14 -1 -1 -1 -1 16 -1 -1 -1 -1 -1 -1 -1 -1 -1 26 29 -1 28 -1 27 -1 -1 23 25 -1 -1 17 -1 -1 -1 -1 -1 -1 -1 -1 -1 -1 -1 -1 24 22 21 20 19 18 -1 -1 
0 -1 -1 -1 4 5 6 -1 -1 -1 -1 -1 -1 3 -1 -1 -1 -1 -1 -1 1 -1 2 -1 -1 -1 10 11 -1 -1 -1 13 -1 -1 8 15 -1 -1 9 -1 -1 7 14 -1 -1 -1 -1 16 -1 -1 -1 -1 -1 -1 -1 -1 -1 26 29 -1 28 -1 27 -1 -1 23 25 22 -1 17 -1 -1 -1 -1 -1 -1 -1 -1 -1 -1 -1 -1 24 -1 21 20 19 18 -1 -1 
0 -1 -1 -1 4 5 6 -1 -1 -1 -1 -1 -1 3 -1 -1 -1 -1 -1 -1 1 -1 2 -1 -1 -1 10 11 -1 -1 -1 13 -1 -1 8 15 -1 -1 -1 -1 -1 7 14 -1 -1 -1 -1 16 -1 -1 -1 -1 -1 -1 -1 -1 -1 26 29 -1 28 -1 27 -1 -1 9 25 22 -1 17 -1 -1 -1 -1 -1 -1 -1 -1 -1 -1 -1 -1 24 -1 21 20 19 18 -1 -1 
0 -1 -1 -1 4 5 6 -1 -1 -1 -1 -1 -1 3 -1 -1 -1 -1 -1 -1 1 -1 2 -1 -1 -1 10 11 -1 -1 -1 13 -1 -1 8 15 -1 -1 -1 -1 -1 7 14 -1 -1 -1 -1 -1 -1 -1 -1 -1 -1 -1 -1 -1 -1 26 29 -1 28 -1 27 -1 -1 16 25 22 -1 17 -1 -1 -1 -1 -1 -1 -1 -1 -1 -1 -1 -1 24 -1 21 20 19 18 -1 -1 
0 -1 -1 -1 4 5 6 -1 -1 -1 -1 -1 -1 3 -1 -1 -1 -1 -1 -1 1 -1 2 -1 -1 -1 10 11 -1 -1 -1 -1 -1 -1 8 15 -1 -1 -1 -1 13 7 14 -1 -1 -1 -1 -1 -1 -1 -1 -1 -1 -1 -1 -1 -1 26 29 -1 28 -1 27 -1 -1 16 25 22 -1 17 -1 -1 -1 -1 -1 -1 -1 -1 -1 -1 -1 -1 24 -1 21 20 19 18 -1 -1 
0 -1 -1 -1 4 5 6 -1 -1 -1 -1 -1 -1 3 -1 -1 -1 -1 -1 -1 1 -1 2 -1 -1 -1 10 11 -1 -1 -1 -1 -1 -1 8 15 -1 -1 -1 -1 13 7 14 -1 -1 -1 -1 16 -1 -1 -1 -1 -1 -1 -1 -1 -1 26 29 -1 28 -1 27 -1 -1 -1 25 22 -1 17 -1 -1 -1 -1 -1 -1 -1 -1 -1 -1 -1 -1 24 -1 21 20 19 18 -1 -1 
0 -1 -1 -1 4 5 6 -1 -1 -1 -1 -1 -1 3 -1 -1 -1 -1 -1 -1 1 -1 2 10 -1 -1 -1 11 -1 -1 -1 -1 -1 -1 8 15 -1 -1 -1 -1 13 7 14 -1 -1 -1 -1 16 -1 -1 -1 -1 -1 -1 -1 -1 -1 26 29 -1 28 -1 27 -1 -1 -1 25 22 -1 17 -1 -1 -1 -1 -1 -1 -1 -1 -1 -1 -1 -1 24 -1 21 20 19 18 -1 -1 
0 -1 -1 -1 4 5 6 -1 -1 -1 -1 -1 -1 3 -1 -1 -1 -1 -1 -1 1 -1 2 10 -1 -1 -1 11 -1 -1 -1 -1 -1 -1 8 15 -1 -1 -1 -1 13 7 14 -1 -1 -1 -1 16 -1 -1 -1 -1 -1 -1 -1 -1 -1 26 29 -1 28 -1 27 -1 -1 -1 25 22 -1 17 -1 -1 -1 -1 -1 -1 21 -1 -1 -1 -1 -1 24 -1 -1 20 19 18 -1 -1 
-1 0 -1 -1 4 5 6 -1 -1 -1 -1 -1 -1 3 -1 -1 -1 -1 -1 -1 1 -1 2 10 -1 -1 -1 11 -1 -1 -1 -1 -1 -1 8 15 -1 -1 -1 -1 13 7 14 -1 -1 -1 -1 16 -1 -1 -1 -1 -1 -1 -1 -1 -1 26 29 -1 28 -1 27 -1 -1 -1 25 22 -1 17 -1 -1 -1 -1 -1 -1 21 -1 -1 -1 -1 -1 24 -1 -1 20 19 18 -1 -1 
-1 24 -1 -1 4 5 6 -1 -1 -1 -1 -1 -1 3 -1 -1 -1 -1 -1 -1 1 -1 2 10 -1 -1 -1 11 -1 -1 -1 -1 -1 -1 8 15 -1 -1 -1 -1 13 7 14 -1 -1 -1 -1 16 -1 -1 -1 -1 -1 -1 -1 -1 -1 26 29 -1 28 -1 27 -1 -1 -1 25 22 -1 17 -1 -1 -1 -1 -1 -1 21 -1 -1 -1 -1 -1 -1 -1 -1 20 19 18 -1 -1 
-1 1 -1 -1 4 5 6 -1 -1 -1 -1 -1 -1 3 -1 -1 -1 -1 -1 -1 -1 -1 2 10 -1 -1 -1 11 -1 -1 -1 -1 -1 -1 8 15 -1 -1 -1 -1 13 7 14 -1 -1 -1 -1 16 -1 -1 -1 -1 -1 -1 -1 -1 -1 26 29 -1 28 -1 27 -1 -1 -1 25 22 -1 17 -1 -1 -1 -1 -1 -1 21 -1 -1 -1 -1 -1 -1 -1 -1 20 19 18 -1 -1 
-1 1 -1 -1 4 5 6 -1 -1 -1 -1 -1 -1 3 -1 -1 -1 -1 -1 -1 -1 -1 2 10 -1 -1 -1 11 -1 -1 -1 -1 -1 -1 8 15 -1 -1 -1 -1 13 7 14 -1 -1 -1 -1 16 -1 -1 -1 28 -1 -1 -1 -1 -1 26 29 -1 -1 -1 27 -1 -1 -1 25 22 -1 17 -1 -1 -1 -1 -1 -1 21 -1 -1 -1 -1 -1 -1 -1 -1 20 19 18 -1 -1 
-1 1 -1 -1 4 5 6 -1 -1 -1 -1 -1 -1 3 -1 -1 -1 -1 -1 -1 -1 -1 2 10 -1 -1 -1 11 -1 -1 -1 -1 -1 -1 8 15 -1 -1 -1 -1 13 7 -1 -1 -1 -1 -1 16 -1 -1 -1 14 -1 -1 -1 -1 -1 26 29 -1 -1 -1 27 -1 -1 -1 25 22 -1 17 -1 -1 -1 -1 -1 -1 21 -1 -1 -1 -1 -1 -1 -1 -1 20 19 18 -1 -1 
-1 1 -1 -1 4 5 6 -1 -1 -1 -1 -1 -1 3 -1 -1 -1 -1 -1 -1 -1 -1 2 10 -1 -1 -1 11 -1 -1 -1 -1 -1 -1 8 15 -1 -1 -1 -1 13 7 -1 -1 -1 -1 -1 -1 -1 -1 -1 16 -1 -1 -1 -1 -1 26 29 -1 -1 -1 27 -1 -1 -1 25 22 -1 17 -1 -1 -1 -1 -1 -1 21 -1 -1 -1 -1 -1 -1 -1 -1 20 19 18 -1 -1 
-1 1 -1 -1 4 5 6 -1 -1 -1 -1 -1 -1 3 -1 -1 -1 -1 -1 -1 -1 -1 2 10 -1 -1 -1 11 8 -1 -1 -1 -1 -1 -1 15 -1 -1 -1 -1 13 7 -1 -1 -1 -1 -1 -1 -1 -1 -1 16 -1 -1 -1 -1 -1 26 29 -1 -1 -1 27 -1 -1 -1 25 22 -1 17 -1 -1 -1 -1 -1 -1 21 -1 -1 -1 -1 -1 -1 -1 -1 20 19 18 -1 -1 
-1 1 -1 -1 4 5 6 -1 -1 -1 -1 -1 -1 3 -1 -1 -1 -1 -1 -1 -1 -1 2 10 -1 -1 -1 11 8 -1 -1 -1 -1 -1 -1 15 -1 -1 -1 26 13 7 -1 -1 -1 -1 -1 -1 -1 -1 -1 16 -1 -1 -1 -1 -1 -1 29 -1 -1 -1 27 -1 -1 -1 25 22 -1 17 -1 -1 -1 -1 -1 -1 21 -1 -1 -1 -1 -1 -1 -1 -1 20 19 18 -1 -1 
-1 1 -1 -1 4 5 6 -1 -1 -1 -1 -1 -1 3 -1 -1 -1 -1 -1 -1 -1 -1 2 10 -1 -1 -1 11 8 -1 -1 -1 -1 -1 7 15 -1 -1 -1 26 13 -1 -1 -1 -1 -1 -1 -1 -1 -1 -1 16 -1 -1 -1 -1 -1 -1 29 -1 -1 -1 27 -1 -1 -1 25 22 -1 17 -1 -1 -1 -1 -1 -1 21 -1 -1 -1 -1 -1 -1 -1 -1 20 19 18 -1 -1 
-1 1 -1 -1 4 5 6 -1 -1 -1 -1 -1 -1 3 -1 -1 -1 -1 -1 -1 -1 -1 2 10 -1 -1 -1 11 8 -1 -1 -1 -1 -1 7 15 -1 -1 -1 26 13 -1 -1 -1 -1 -1 -1 16 -1 -1 -1 -1 -1 -1 -1 -1 -1 -1 29 -1 -1 -1 27 -1 -1 -1 25 22 -1 17 -1 -1 -1 -1 -1 -1 21 -1 -1 -1 -1 -1 -1 -1 -1 20 19 18 -1 -1 
-1 -1 -1 -1 4 5 6 -1 -1 -1 -1 -1 -1 3 -1 -1 -1 -1 -1 -1 1 -1 2 10 -1 -1 -1 11 8 -1 -1 -1 -1 -1 7 15 -1 -1 -1 26 13 -1 -1 -1 -1 -1 -1 16 -1 -1 -1 -1 -1 -1 -1 -1 -1 -1 29 -1 -1 -1 27 -1 -1 -1 25 22 -1 17 -1 -1 -1 -1 -1 -1 21 -1 -1 -1 -1 -1 -1 -1 -1 20 19 18 -1 -1 
-1 -1 -1 -1 4 5 6 -1 -1 -1 -1 -1 -1 3 -1 -1 -1 -1 -1 -1 1 26 2 10 -1 -1 -1 11 8 -1 -1 -1 -1 -1 7 15 -1 -1 -1 -1 13 -1 -1 -1 -1 -1 -1 16 -1 -1 -1 -1 -1 -1 -1 -1 -1 -1 29 -1 -1 -1 27 -1 -1 -1 25 22 -1 17 -1 -1 -1 -1 -1 -1 21 -1 -1 -1 -1 -1 -1 -1 -1 20 19 18 -1 -1 
-1 -1 -1 -1 4 5 6 -1 -1 -1 -1 -1 -1 3 -1 -1 -1 -1 -1 -1 1 10 2 -1 -1 -1 -1 11 8 -1 -1 -1 -1 -1 7 15 -1 -1 -1 -1 13 -1 -1 -1 -1 -1 -1 16 -1 -1 -1 -1 -1 -1 -1 -1 -1 -1 29 -1 -1 -1 27 -1 -1 -1 25 22 -1 17 -1 -1 -1 -1 -1 -1 21 -1 -1 -1 -1 -1 -1 -1 -1 20 19 18 -1 -1 
-1 -1 -1 -1 4 5 6 -1 -1 -1 -1 -1 -1 3 -1 -1 -1 -1 -1 -1 16 10 2 -1 -1 -1 -1 11 8 -1 -1 -1 -1 -1 7 15 -1 -1 -1 -1 13 -1 -1 -1 -1 -1 -1 -1 -1 -1 -1 -1 -1 -1 -1 -1 -1 -1 29 -1 -1 -1 27 -1 -1 -1 25 22 -1 17 -1 -1 -1 -1 -1 -1 21 -1 -1 -1 -1 -1 -1 -1 -1 20 19 18 -1 -1 
-1 -1 -1 -1 4 5 6 -1 -1 -1 -1 -1 -1 3 -1 -1 -1 -1 -1 -1 16 10 2 7 -1 -1 -1 11 8 -1 -1 -1 -1 -1 -1 15 -1 -1 -1 -1 13 -1 -1 -1 -1 -1 -1 -1 -1 -1 -1 -1 -1 -1 -1 -1 -1 -1 29 -1 -1 -1 27 -1 -1 -1 25 22 -1 17 -1 -1 -1 -1 -1 -1 21 -1 -1 -1 -1 -1 -1 -1 -1 20 19 18 -1 -1 
-1 -1 -1 -1 4 5 6 -1 -1 -1 -1 -1 -1 3 -1 -1 -1 -1 -1 -1 -1 10 2 7 -1 -1 -1 11 8 -1 -1 -1 -1 -1 -1 15 -1 -1 -1 -1 13 -1 -1 -1 -1 -1 -1 16 -1 -1 -1 -1 -1 -1 -1 -1 -1 -1 29 -1 -1 -1 27 -1 -1 -1 25 22 -1 17 -1 -1 -1 -1 -1 -1 21 -1 -1 -1 -1 -1 -1 -1 -1 20 19 18 -1 -1 
-1 -1 -1 -1 4 5 6 -1 -1 -1 -1 -1 -1 3 -1 -1 -1 -1 -1 -1 -1 10 2 -1 -1 -1 -1 11 8 -1 -1 -1 -1 -1 -1 15 -1 -1 -1 -1 13 -1 7 -1 -1 -1 -1 16 -1 -1 -1 -1 -1 -1 -1 -1 -1 -1 29 -1 -1 -1 27 -1 -1 -1 25 22 -1 17 -1 -1 -1 -1 -1 -1 21 -1 -1 -1 -1 -1 -1 -1 -1 20 19 18 -1 -1 
-1 -1 -1 -1 4 5 6 -1 -1 -1 -1 -1 -1 3 -1 -1 -1 -1 -1 -1 -1 10 2 -1 -1 -1 -1 11 8 -1 -1 -1 -1 -1 -1 15 -1 -1 -1 -1 13 -1 7 -1 -1 -1 -1 16 -1 -1 -1 22 -1 -1 -1 -1 -1 -1 29 -1 -1 -1 27 -1 -1 -1 25 -1 -1 17 -1 -1 -1 -1 -1 -1 21 -1 -1 -1 -1 -1 -1 -1 -1 20 19 18 -1 -1 
-1 -1 -1 -1 4 5 6 -1 -1 -1 -1 -1 -1 3 -1 -1 -1 -1 -1 -1 -1 10 2 -1 -1 -1 -1 11 8 -1 -1 -1 -1 -1 -1 15 -1 -1 -1 -1 13 -1 7 -1 -1 -1 -1 16 -1 -1 -1 22 -1 -1 -1 0 -1 -1 29 -1 -1 -1 27 -1 -1 -1 25 -1 -1 17 -1 -1 -1 -1 -1 -1 21 -1 -1 -1 -1 -1 -1 -1 -1 20 19 18 -1 -1 
-1 -1 -1 -1 4 5 6 -1 -1 -1 -1 -1 -1 3 -1 -1 -1 -1 -1 -1 -1 10 2 -1 -1 -1 -1 11 8 -1 -1 -1 -1 -1 -1 15 -1 -1 -1 -1 13 -1 7 -1 -1 -1 -1 16 -1 -1 -1 22 -1 -1 -1 0 -1 -1 29 -1 -1 -1 27 -1 -1 -1 -1 -1 -1 17 -1 -1 -1 -1 -1 -1 21 -1 -1 -1 -1 -1 -1 -1 25 20 19 18 -1 -1 
-1 -1 -1 -1 4 5 6 -1 -1 -1 -1 -1 -1 3 -1 -1 -1 -1 10 -1 -1 -1 2 -1 -1 -1 -1 11 8 -1 -1 -1 -1 -1 -1 15 -1 -1 -1 -1 13 -1 7 -1 -1 -1 -1 16 -1 -1 -1 22 -1 -1 -1 0 -1 -1 29 -1 -1 -1 27 -1 -1 -1 -1 -1 -1 17 -1 -1 -1 -1 -1 -1 21 -1 -1 -1 -1 -1 -1 -1 25 20 19 18 -1 -1 
-1 -1 -1 -1 4 5 6 -1 -1 -1 -1 -1 -1 3 -1 -1 -1 -1 10 -1 -1 -1 2 -1 -1 -1 -1 11 8 16 -1 -1 -1 -1 -1 15 -1 -1 -1 -1 13 -1 7 -1 -1 -1 -1 -1 -1 -1 -1 22 -1 -1 -1 0 -1 -1 29 -1 -1 -1 27 -1 -1 -1 -1 -1 -1 17 -1 -1 -1 -1 -1 -1 21 -1 -1 -1 -1 -1 -1 -1 25 20 19 18 -1 -1 
-1 -1 -1 -1 4 5 6 -1 -1 -1 -1 -1 -1 3 -1 -1 -1 -1 -1 -1 -1 -1 2 -1 -1 -1 -1 11 8 16 -1 -1 -1 -1 -1 15 -1 -1 -1 -1 13 -1 7 -1 -1 -1 -1 -1 -1 -1 -1 22 -1 -1 10 0 -1 -1 29 -1 -1 -1 27 -1 -1 -1 -1 -1 -1 17 -1 -1 -1 -1 -1 -1 21 -1 -1 -1 -1 -1 -1 -1 25 20 19 18 -1 -1 
-1 -1 -1 -1 4 5 6 -1 -1 -1 -1 -1 -1 3 -1 -1 -1 -1 -1 -1 -1 -1 2 -1 -1 -1 -1 16 8 -1 -1 -1 -1 -1 -1 15 -1 -1 -1 -1 13 -1 7 -1 -1 -1 -1 -1 -1 -1 -1 22 -1 -1 10 0 -1 -1 29 -1 -1 -1 27 -1 -1 -1 -1 -1 -1 17 -1 -1 -1 -1 -1 -1 21 -1 -1 -1 -1 -1 -1 -1 25 20 19 18 -1 -1 
-1 -1 -1 -1 4 5 6 -1 -1 -1 -1 -1 -1 3 -1 -1 -1 -1 -1 -1 -1 -1 2 -1 -1 -1 -1 16 8 -1 -1 -1 -1 -1 -1 15 -1 -1 -1 -1 13 -1 7 -1 -1 -1 -1 -1 -1 -1 -1 22 -1 -1 -1 0 -1 -1 29 -1 -1 -1 27 -1 -1 -1 -1 -1 -1 17 -1 -1 -1 -1 -1 -1 21 -1 -1 -1 -1 10 -1 -1 25 20 19 18 -1 -1 
-1 -1 -1 -1 4 5 6 -1 -1 -1 -1 -1 -1 3 -1 -1 -1 -1 -1 -1 -1 -1 2 -1 -1 -1 -1 -1 8 -1 -1 -1 -1 -1 -1 15 -1 -1 -1 -1 13 -1 7 -1 -1 16 -1 -1 -1 -1 -1 22 -1 -1 -1 0 -1 -1 29 -1 -1 -1 27 -1 -1 -1 -1 -1 -1 17 -1 -1 -1 -1 -1 -1 21 -1 -1 -1 -1 10 -1 -1 25 20 19 18 -1 -1 
-1 -1 -1 -1 4 5 6 -1 -1 -1 -1 -1 -1 3 -1 -1 -1 -1 -1 -1 -1 -1 2 -1 -1 -1 -1 -1 8 -1 -1 7 -1 -1 -1 15 -1 -1 -1 -1 13 -1 -1 -1 -1 16 -1 -1 -1 -1 -1 22 -1 -1 -1 0 -1 -1 29 -1 -1 -1 27 -1 -1 -1 -1 -1 -1 17 -1 -1 -1 -1 -1 -1 21 -1 -1 -1 -1 10 -1 -1 25 20 19 18 -1 -1 
-1 -1 -1 -1 4 5 6 -1 -1 -1 -1 -1 -1 3 -1 -1 -1 -1 -1 -1 -1 -1 2 -1 -1 -1 -1 -1 8 -1 -1 7 -1 -1 -1 15 -1 -1 -1 -1 13 -1 -1 -1 -1 16 -1 -1 -1 -1 -1 22 -1 -1 -1 0 -1 -1 29 -1 -1 -1 27 -1 -1 -1 -1 18 -1 17 -1 -1 -1 -1 -1 -1 21 -1 -1 -1 -1 10 -1 -1 25 20 19 -1 -1 -1 
-1 -1 -1 -1 4 5 6 -1 -1 -1 -1 -1 -1 3 -1 -1 -1 -1 -1 -1 -1 -1 2 -1 -1 -1 -1 -1 8 -1 -1 -1 -1 -1 -1 15 -1 -1 7 -1 13 -1 -1 -1 -1 16 -1 -1 -1 -1 -1 22 -1 -1 -1 0 -1 -1 29 -1 -1 -1 27 -1 -1 -1 -1 18 -1 17 -1 -1 -1 -1 -1 -1 21 -1 -1 -1 -1 10 -1 -1 25 20 19 -1 -1 -1 
-1 -1 -1 -1 4 5 6 -1 -1 -1 -1 -1 -1 3 -1 -1 -1 -1 -1 -1 -1 -1 2 -1 -1 -1 -1 -1 8 -1 -1 -1 -1 -1 -1 15 -1 -1 7 -1 13 -1 -1 -1 -1 -1 -1 16 -1 -1 -1 22 -1 -1 -1 0 -1 -1 29 -1 -1 -1 27 -1 -1 -1 -1 18 -1 17 -1 -1 -1 -1 -1 -1 21 -1 -1 -1 -1 10 -1 -1 25 20 19 -1 -1 -1 
-1 -1 -1 -1 4 5 6 -1 -1 -1 -1 -1 -1 3 -1 -1 -1 -1 -1 0 -1 -1 2 -1 -1 -1 -1 -1 8 -1 -1 -1 -1 -1 -1 15 -1 -1 7 -1 13 -1 -1 -1 -1 -1 -1 16 -1 -1 -1 22 -1 -1 -1 -1 -1 -1 29 -1 -1 -1 27 -1 -1 -1 -1 18 -1 17 -1 -1 -1 -1 -1 -1 21 -1 -1 -1 -1 10 -1 -1 25 20 19 -1 -1 -1 
-1 -1 -1 -1 4 5 6 -1 -1 -1 -1 -1 -1 3 -1 -1 -1 -1 -1 0 -1 -1 2 -1 -1 -1 -1 -1 8 -1 25 -1 -1 -1 -1 15 -1 -1 7 -1 13 -1 -1 -1 -1 -1 -1 16 -1 -1 -1 22 -1 -1 -1 -1 -1 -1 29 -1 -1 -1 27 -1 -1 -1 -1 18 -1 17 -1 -1 -1 -1 -1 -1 21 -1 -1 -1 -1 10 -1 -1 -1 20 19 -1 -1 -1 
-1 -1 -1 -1 4 5 6 -1 -1 -1 0 -1 -1 3 -1 -1 -1 -1 -1 -1 -1 -1 2 -1 -1 -1 -1 -1 8 -1 25 -1 -1 -1 -1 15 -1 -1 7 -1 13 -1 -1 -1 -1 -1 -1 16 -1 -1 -1 22 -1 -1 -1 -1 -1 -1 29 -1 -1 -1 27 -1 -1 -1 -1 18 -1 17 -1 -1 -1 -1 -1 -1 21 -1 -1 -1 -1 10 -1 -1 -1 20 19 -1 -1 -1 
-1 -1 -1 -1 4 5 6 -1 -1 -1 0 -1 -1 3 -1 -1 -1 -1 -1 -1 -1 -1 2 -1 -1 -1 -1 -1 8 -1 25 -1 -1 -1 -1 15 -1 -1 7 -1 13 -1 -1 -1 -1 -1 -1 16 -1 -1 17 22 -1 -1 -1 -1 -1 -1 29 -1 -1 -1 27 -1 -1 -1 -1 18 -1 -1 -1 -1 -1 -1 -1 -1 21 -1 -1 -1 -1 10 -1 -1 -1 20 19 -1 -1 -1 
-1 -1 -1 4 -1 5 6 -1 -1 -1 0 -1 -1 3 -1 -1 -1 -1 -1 -1 -1 -1 2 -1 -1 -1 -1 -1 8 -1 25 -1 -1 -1 -1 15 -1 -1 7 -1 13 -1 -1 -1 -1 -1 -1 16 -1 -1 17 22 -1 -1 -1 -1 -1 -1 29 -1 -1 -1 27 -1 -1 -1 -1 18 -1 -1 -1 -1 -1 -1 -1 -1 21 -1 -1 -1 -1 10 -1 -1 -1 20 19 -1 -1 -1 
-1 -1 -1 4 -1 5 6 -1 -1 -1 0 -1 -1 3 -1 -1 -1 -1 -1 -1 -1 -1 2 -1 -1 -1 -1 -1 8 -1 25 -1 -1 -1 -1 15 -1 -1 7 -1 13 -1 -1 -1 -1 -1 -1 16 -1 -1 17 22 -1 -1 -1 -1 -1 -1 29 -1 -1 -1 27 -1 -1 -1 -1 18 -1 -1 -1 -1 -1 -1 -1 -1 21 -1 -1 -1 -1 10 -1 -1 20 -1 19 -1 -1 -1 
-1 -1 -1 -1 4 5 6 -1 -1 -1 0 -1 -1 3 -1 -1 -1 -1 -1 -1 -1 -1 2 -1 -1 -1 -1 -1 8 -1 25 -1 -1 -1 -1 15 -1 -1 7 -1 13 -1 -1 -1 -1 -1 -1 16 -1 -1 17 22 -1 -1 -1 -1 -1 -1 29 -1 -1 -1 27 -1 -1 -1 -1 18 -1 -1 -1 -1 -1 -1 -1 -1 21 -1 -1 -1 -1 10 -1 -1 20 -1 19 -1 -1 -1 
-1 -1 -1 -1 4 5 6 -1 -1 -1 0 -1 -1 3 -1 -1 -1 -1 -1 -1 -1 -1 2 -1 -1 -1 -1 -1 8 -1 25 -1 -1 -1 -1 15 -1 -1 7 -1 13 -1 -1 -1 -1 -1 -1 16 -1 -1 17 22 -1 -1 -1 -1 -1 -1 29 -1 -1 -1 27 -1 -1 -1 -1 18 -1 -1 -1 -1 -1 -1 -1 -1 21 -1 -1 -1 -1 10 -1 -1 -1 20 19 -1 -1 -1 
-1 -1 -1 -1 4 5 6 -1 -1 -1 -1 -1 -1 3 -1 -1 -1 -1 -1 -1 -1 -1 2 -1 -1 -1 -1 -1 8 -1 25 -1 -1 -1 -1 15 -1 -1 7 -1 13 -1 -1 -1 -1 -1 -1 16 -1 -1 17 22 -1 -1 -1 0 -1 -1 29 -1 -1 -1 27 -1 -1 -1 -1 18 -1 -1 -1 -1 -1 -1 -1 -1 21 -1 -1 -1 -1 10 -1 -1 -1 20 19 -1 -1 -1 
-1 -1 -1 -1 4 5 6 -1 -1 -1 -1 -1 -1 3 -1 -1 -1 -1 -1 -1 -1 -1 2 -1 -1 -1 -1 -1 8 -1 -1 -1 -1 -1 -1 15 -1 -1 7 -1 13 -1 -1 -1 -1 -1 -1 16 -1 -1 17 22 -1 -1 -1 0 -1 -1 29 -1 -1 -1 27 -1 -1 -1 -1 18 -1 -1 -1 -1 -1 -1 -1 -1 21 -1 -1 -1 -1 10 -1 -1 25 20 19 -1 -1 -1 
-1 -1 -1 -1 4 5 6 -1 -1 -1 -1 -1 -1 3 -1 -1 -1 -1 -1 0 -1 -1 2 -1 -1 -1 -1 -1 8 -1 -1 -1 -1 -1 -1 15 -1 -1 7 -1 13 -1 -1 -1 -1 -1 -1 16 -1 -1 17 22 -1 -1 -1 -1 -1 -1 29 -1 -1 -1 27 -1 -1 -1 -1 18 -1 -1 -1 -1 -1 -1 -1 -1 21 -1 -1 -1 -1 10 -1 -1 25 20 19 -1 -1 -1 
-1 -1 -1 -1 4 5 6 -1 -1 -1 -1 -1 -1 3 -1 -1 -1 -1 -1 0 -1 -1 2 -1 -1 -1 -1 -1 8 -1 25 -1 -1 -1 -1 15 -1 -1 7 -1 13 -1 -1 -1 -1 -1 -1 16 -1 -1 17 22 -1 -1 -1 -1 -1 -1 29 -1 -1 -1 27 -1 -1 -1 -1 18 -1 -1 -1 -1 -1 -1 -1 -1 21 -1 -1 -1 -1 10 -1 -1 -1 20 19 -1 -1 -1 
-1 -1 -1 -1 4 5 6 -1 -1 -1 -1 -1 -1 3 -1 -1 -1 -1 -1 -1 0 -1 2 -1 -1 -1 -1 -1 8 -1 25 -1 -1 -1 -1 15 -1 -1 7 -1 13 -1 -1 -1 -1 -1 -1 16 -1 -1 17 22 -1 -1 -1 -1 -1 -1 29 -1 -1 -1 27 -1 -1 -1 -1 18 -1 -1 -1 -1 -1 -1 -1 -1 21 -1 -1 -1 -1 10 -1 -1 -1 20 19 -1 -1 -1 
-1 -1 -1 -1 4 5 6 -1 -1 -1 -1 -1 -1 3 -1 -1 -1 -1 -1 -1 0 -1 2 -1 -1 -1 -1 -1 8 -1 25 -1 -1 -1 -1 15 -1 -1 7 -1 13 -1 -1 -1 -1 -1 -1 18 -1 -1 17 22 -1 -1 -1 -1 -1 -1 29 -1 -1 -1 27 -1 -1 -1 -1 -1 -1 -1 -1 -1 -1 -1 -1 -1 21 -1 -1 -1 -1 10 -1 -1 -1 20 19 -1 -1 -1 
-1 -1 -1 -1 4 5 6 -1 -1 -1 -1 -1 -1 3 -1 -1 -1 -1 -1 -1 0 -1 2 -1 -1 -1 -1 -1 8 -1 25 -1 -1 -1 -1 15 -1 -1 7 -1 13 -1 -1 -1 -1 10 -1 18 -1 -1 17 22 -1 -1 -1 -1 -1 -1 29 -1 -1 -1 27 -1 -1 -1 -1 -1 -1 -1 -1 -1 -1 -1 -1 -1 21 -1 -1 -1 -1 -1 -1 -1 -1 20 19 -1 -1 -1 
-1 -1 -1 -1 4 5 6 -1 -1 -1 -1 -1 -1 3 -1 -1 -1 -1 -1 -1 0 -1 2 -1 -1 -1 -1 -1 8 -1 25 -1 -1 17 -1 15 -1 -1 7 -1 13 -1 -1 -1 -1 10 -1 18 -1 -1 -1 22 -1 -1 -1 -1 -1 -1 29 -1 -1 -1 27 -1 -1 -1 -1 -1 -1 -1 -1 -1 -1 -1 -1 -1 21 -1 -1 -1 -1 -1 -1 -1 -1 20 19 -1 -1 -1 
