0 1 2 3 4 5 6 7 8 -1 -1 -1 -1 -1 -1 -1 -1 -1 -1 9 -1 -1 -1 -1 -1 10 -1 11 -1 12 -1 13 -1 14 -1 15 -1 -1 -1 -1 -1 -1 -1 -1 -1 -1 -1 -1 -1 -1 -1 -1 -1 -1 -1 -1 -1 -1 29 -1 28 -1 27 -1 26 -1 -1 25 -1 -1 -1 -1 -1 -1 -1 -1 -1 -1 -1 -1 -1 24 23 22 21 20 19 18 17 16 
0 1 2 3 4 5 6 -1 8 -1 -1 -1 -1 -1 -1 -1 -1 -1 -1 9 -1 -1 -1 -1 7 10 -1 11 -1 12 -1 13 -1 14 -1 15 -1 -1 -1 -1 -1 -1 -1 -1 -1 -1 -1 -1 -1 -1 -1 -1 -1 -1 -1 -1 -1 -1 29 -1 28 -1 27 -1 26 -1 -1 25 -1 -1 -1 -1 -1 -1 -1 -1 -1 -1 -1 -1 -1 24 23 22 21 20 19 18 17 16 
0 1 2 3 4 5 6 -1 8 -1 -1 -1 -1 -1 -1 -1 -1 -1 -1 9 -1 -1 -1 -1 7 10 -1 11 -1 12 -1 13 -1 14 -1 15 -1 -1 -1 -1 -1 -1 -1 -1 -1 -1 -1 -1 -1 -1 -1 -1 -1 -1 -1 -1 -1 -1 29 -1 28 -1 27 -1 26 -1 -1 25 -1 17 -1 -1 -1 -1 -1 -1 -1 -1 -1 -1 -1 24 23 22 21 20 19 18 -1 16 
0 1 2 3 4 5 6 8 -1 -1 -1 -1 -1 -1 -1 -1 -1 -1 -1 9 -1 -1 -1 -1 7 10 -1 11 -1 12 -1 13 -1 14 -1 15 -1 -1 -1 -1 -1 -1 -1 -1 -1 -1 -1 -1 -1 -1 -1 -1 -1 -1 -1 -1 -1 -1 29 -1 28 -1 27 -1 26 -1 -1 25 -1 17 -1 -1 -1 -1 -1 -1 -1 -1 -1 -1 -1 24 23 22 21 20 19 18 -1 16 
0 1 2 3 4 5 6 8 -1 -1 -1 -1 -1 -1 -1 -1 -1 -1 -1 9 -1 -1 -1 -1 7 10 -1 11 -1 12 -1 13 -1 14 -1 15 -1 -1 -1 -1 -1 -1 -1 -1 -1 -1 -1 -1 -1 -1 -1 -1 -1 -1 -1 -1 -1 -1 29 -1 28 -1 27 -1 26 -1 -1 25 -1 17 -1 -1 -1 -1 -1 -1 -1 -1 -1 -1 -1 24 23 22 21 20 19 18 16 -1 
0 -1 2 3 4 5 6 8 -1 -1 -1 -1 -1 -1 -1 -1 -1 -1 -1 9 1 -1 -1 -1 7 10 -1 11 -1 12 -1 13 -1 14 -1 15 -1 -1 -1 -1 -1 -1 -1 -1 -1 -1 -1 -1 -1 -1 -1 -1 -1 -1 -1 -1 -1 -1 29 -1 28 -1 27 -1 26 -1 -1 25 -1 17 -1 -1 -1 -1 -1 -1 -1 -1 -1 -1 -1 24 23 22 21 20 19 18 16 -1 
0 -1 2 3 4 5 6 8 -1 -1 -1 -1 -1 -1 -1 -1 -1 -1 -1 9 1 -1 -1 -1 7 10 -1 11 -1 12 -1 13 -1 14 -1 15 -1 -1 -1 -1 -1 -1 -1 -1 -1 -1 -1 -1 -1 -1 -1 -1 -1 -1 -1 -1 -1 -1 29 -1 28 -1 27 23 26 -1 -1 25 -1 17 -1 -1 -1 -1 -1 -1 -1 -1 -1 -1 -1 24 -1 22 21 20 19 18 16 -1 
0 -1 2 3 4 5 6 8 -1 -1 -1 -1 -1 -1 -1 -1 -1 -1 -1 9 1 -1 -1 -1 7 10 -1 11 -1 12 -1 13 -1 -1 -1 15 -1 -1 -1 -1 -1 -1 14 -1 -1 -1 -1 -1 -1 -1 -1 -1 -1 -1 -1 -1 -1 -1 29 -1 28 -1 27 23 26 -1 -1 25 -1 17 -1 -1 -1 -1 -1 -1 -1 -1 -1 -1 -1 24 -1 22 21 20 19 18 16 -1 
0 -1 2 3 4 5 6 8 -1 -1 -1 -1 -1 -1 -1 -1 -1 -1 -1 9 1 -1 -1 -1 7 10 -1 11 -1 12 -1 13 -1 -1 -1 15 -1 -1 -1 -1 -1 -1 14 -1 -1 -1 -1 -1 -1 -1 -1 -1 -1 -1 -1 -1 -1 -1 29 -1 28 -1 27 23 -1 26 -1 25 -1 17 -1 -1 -1 -1 -1 -1 -1 -1 -1 -1 -1 24 -1 22 21 20 19 18 16 -1 
-1 0 2 3 4 5 6 8 -1 -1 -1 -1 -1 -1 -1 -1 -1 -1 -1 9 1 -1 -1 -1 7 10 -1 11 -1 12 -1 13 -1 -1 -1 15 -1 -1 -1 -1 -1 -1 14 -1 -1 -1 -1 -1 -1 -1 -1 -1 -1 -1 -1 -1 -1 -1 29 -1 28 -1 27 23 -1 26 -1 25 -1 17 -1 -1 -1 -1 -1 -1 -1 -1 -1 -1 -1 24 -1 22 21 20 19 18 16 -1 
-1 0 2 3 4 5 6 8 -1 -1 -1 -1 -1 -1 -1 -1 -1 -1 -1 9 1 -1 -1 -1 7 10 -1 11 -1 12 -1 13 -1 -1 -1 15 -1 -1 -1 -1 -1 -1 14 -1 -1 -1 -1 -1 -1 -1 -1 -1 -1 -1 -1 -1 -1 -1 29 -1 28 -1 27 23 -1 26 -1 25 -1 17 -1 -1 -1 -1 -1 -1 -1 -1 -1 -1 -1 -1 24 22 21 20 19 18 16 -1 
-1 0 2 3 4 5 6 8 -1 -1 -1 -1 -1 -1 -1 -1 -1 -1 -1 9 1 -1 -1 -1 7 -1 -1 11 -1 12 -1 13 -1 -1 -1 15 -1 -1 -1 -1 -1 -1 14 -1 -1 -1 -1 -1 -1 -1 -1 -1 -1 -1 -1 -1 -1 -1 29 -1 28 10 27 23 -1 26 -1 25 -1 17 -1 -1 -1 -1 -1 -1 -1 -1 -1 -1 -1 -1 24 22 21 20 19 18 16 -1 
-1 0 2 3 4 5 6 8 -1 -1 -1 -1 -1 -1 -1 -1 -1 -1 -1 9 1 -1 -1 -1 7 -1 -1 11 24 12 -1 13 -1 -1 -1 15 -1 -1 -1 -1 -1 -1 14 -1 -1 -1 -1 -1 -1 -1 -1 -1 -1 -1 -1 -1 -1 -1 29 -1 28 10 27 23 -1 26 -1 25 -1 17 -1 -1 -1 -1 -1 -1 -1 -1 -1 -1 -1 -1 -1 22 21 20 19 18 16 -1 
-1 0 2 3 4 5 6 8 -1 -1 -1 -1 -1 -1 -1 -1 -1 -1 9 -1 1 -1 -1 -1 7 -1 -1 11 24 12 -1 13 -1 -1 -1 15 -1 -1 -1 -1 -1 -1 14 -1 -1 -1 -1 -1 -1 -1 -1 -1 -1 -1 -1 -1 -1 -1 29 -1 28 10 27 23 -1 26 -1 25 -1 17 -1 -1 -1 -1 -1 -1 -1 -1 -1 -1 -1 -1 -1 22 21 20 19 18 16 -1 
-1 0 2 3 4 5 6 8 -1 -1 -1 -1 -1 -1 -1 -1 -1 -1 9 -1 1 -1 -1 -1 7 -1 -1 11 -1 24 -1 13 -1 -1 -1 15 -1 -1 -1 -1 -1 -1 14 -1 -1 -1 -1 -1 -1 -1 -1 -1 -1 -1 -1 -1 -1 -1 29 -1 28 10 27 23 -1 26 -1 25 -1 17 -1 -1 -1 -1 -1 -1 -1 -1 -1 -1 -1 -1 -1 22 21 20 19 18 16 -1 
-1 -1 2 3 4 5 6 8 -1 -1 -1 -1 -1 -1 -1 -1 -1 -1 9 0 1 -1 -1 -1 7 -1 -1 11 -1 24 -1 13 -1 -1 -1 15 -1 -1 -1 -1 -1 -1 14 -1 -1 -1 -1 -1 -1 -1 -1 -1 -1 -1 -1 -1 -1 -1 29 -1 28 10 27 23 -1 26 -1 25 -1 17 -1 -1 -1 -1 -1 -1 -1 -1 -1 -1 -1 -1 -1 22 21 20 19 18 16 -1 
-1 -1 2 3 4 5 6 8 -1 -1 -1 -1 -1 -1 -1 -1 -1 -1 9 0 1 -1 -1 -1 7 -1 -1 11 -1 -1 -1 13 -1 -1 -1 15 -1 -1 -1 -1 -1 -1 14 -1 -1 -1 -1 24 -1 -1 -1 -1 -1 -1 -1 -1 -1 -1 29 -1 28 10 27 23 -1 26 -1 25 -1 17 -1 -1 -1 -1 -1 -1 -1 -1 -1 -1 -1 -1 -1 22 21 20 19 18 16 -1 
-1 -1 -1 3 4 5 6 8 -1 -1 -1 -1 -1 -1 -1 -1 -1 -1 9 0 1 -1 2 -1 7 -1 -1 11 -1 -1 -1 13 -1 -1 -1 15 -1 -1 -1 -1 -1 -1 14 -1 -1 -1 -1 24 -1 -1 -1 -1 -1 -1 -1 -1 -1 -1 29 -1 28 10 27 23 -1 26 -1 25 -1 17 -1 -1 -1 -1 -1 -1 -1 -1 -1 -1 -1 -1 -1 22 21 20 19 18 16 -1 
-1 -1 -1 3 4 5 6 8 -1 -1 -1 -1 -1 -1 -1 -1 -1 -1 9 0 1 -1 2 -1 7 -1 -1 11 -1 -1 -1 13 -1 -1 -1 15 -1 -1 -1 -1 -1 -1 14 -1 -1 -1 -1 24 -1 -1 -1 28 -1 -1 -1 -1 -1 -1 29 -1 -1 10 27 23 -1 26 -1 25 -1 17 -1 -1 -1 -1 -1 -1 -1 -1 -1 -1 -1 -1 -1 22 21 20 19 18 16 -1 
-1 -1 -1 3 4 5 6 8 -1 -1 -1 -1 -1 -1 -1 -1 -1 -1 9 0 -1 -1 2 -1 7 -1 -1 11 -1 -1 -1 13 -1 -1 -1 15 -1 1 -1 -1 -1 -1 14 -1 -1 -1 -1 24 -1 -1 -1 28 -1 -1 -1 -1 -1 -1 29 -1 -1 10 27 23 -1 26 -1 25 -1 17 -1 -1 -1 -1 -1 -1 -1 -1 -1 -1 -1 -1 -1 22 21 20 19 18 16 -1 
-1 -1 -1 3 4 5 6 8 -1 -1 -1 -1 -1 -1 -1 -1 -1 -1 9 0 -1 -1 2 -1 7 -1 -1 11 -1 -1 -1 13 -1 -1 -1 15 -1 1 -1 -1 -1 -1 14 -1 -1 -1 24 -1 -1 -1 -1 28 -1 -1 -1 -1 -1 -1 29 -1 -1 10 27 23 -1 26 -1 25 -1 17 -1 -1 -1 -1 -1 -1 -1 -1 -1 -1 -1 -1 -1 22 21 20 19 18 16 -1 
-1 -1 -1 3 4 5 6 8 -1 -1 -1 -1 -1 -1 -1 -1 -1 -1 9 0 -1 -1 2 -1 7 -1 -1 11 -1 -1 -1 13 -1 -1 -1 15 -1 1 -1 -1 -1 -1 -1 -1 -1 -1 24 -1 -1 -1 -1 14 -1 -1 -1 -1 -1 -1 29 -1 -1 10 27 23 -1 26 -1 25 -1 17 -1 -1 -1 -1 -1 -1 -1 -1 -1 -1 -1 -1 -1 22 21 20 19 18 16 -1 
-1 -1 -1 3 4 5 6 8 -1 -1 -1 -1 -1 -1 -1 -1 -1 -1 9 0 -1 -1 2 -1 7 -1 -1 11 -1 -1 -1 13 -1 -1 -1 15 -1 1 -1 -1 -1 -1 -1 -1 -1 -1 -1 -1 -1 -1 -1 24 -1 -1 -1 -1 -1 -1 29 -1 -1 10 27 23 -1 26 -1 25 -1 17 -1 -1 -1 -1 -1 -1 -1 -1 -1 -1 -1 -1 -1 22 21 20 19 18 16 -1 
-1 -1 -1 3 4 5 6 8 -1 -1 -1 -1 -1 -1 -1 -1 -1 -1 9 0 -1 -1 2 -1 7 -1 -1 11 -1 -1 -1 13 -1 -1 -1 15 -1 -1 -1 -1 -1 -1 -1 -1 -1 -1 -1 -1 -1 -1 -1 24 -1 -1 1 -1 -1 -1 29 -1 -1 10 27 23 -1 26 -1 25 -1 17 -1 -1 -1 -1 -1 -1 -1 -1 -1 -1 -1 -1 -1 22 21 20 19 18 16 -1 
-1 -1 -1 3 4 5 6 8 -1 -1 -1 -1 -1 -1 -1 -1 -1 -1 9 0 -1 -1 2 -1 24 -1 -1 11 -1 -1 -1 13 -1 -1 -1 15 -1 -1 -1 -1 -1 -1 -1 -1 -1 -1 -1 -1 -1 -1 -1 -1 -1 -1 1 -1 -1 -1 29 -1 -1 10 27 23 -1 26 -1 25 -1 17 -1 -1 -1 -1 -1 -1 -1 -1 -1 -1 -1 -1 -1 22 21 20 19 18 16 -1 
-1 -1 -1 3 4 5 6 8 -1 -1 -1 -1 -1 -1 -1 -1 -1 -1 9 0 -1 -1 2 -1 24 -1 -1 11 -1 -1 -1 13 -1 -1 -1 15 -1 -1 -1 -1 -1 -1 -1 -1 -1 -1 -1 -1 -1 -1 -1 -1 -1 -1 -1 -1 -1 -1 29 -1 -1 10 27 23 -1 1 -1 25 -1 17 -1 -1 -1 -1 -1 -1 -1 -1 -1 -1 -1 -1 -1 22 21 20 19 18 16 -1 
-1 -1 -1 3 4 5 6 8 -1 -1 -1 -1 -1 -1 -1 -1 -1 -1 9 0 -1 -1 2 -1 -1 -1 -1 11 -1 -1 -1 13 -1 -1 -1 15 -1 -1 -1 -1 -1 -1 -1 -1 -1 -1 -1 -1 -1 -1 -1 24 -1 -1 -1 -1 -1 -1 29 -1 -1 10 27 23 -1 1 -1 25 -1 17 -1 -1 -1 -1 -1 -1 -1 -1 -1 -1 -1 -1 -1 22 21 20 19 18 16 -1 
-1 -1 -1 3 4 5 6 8 -1 -1 -1 -1 -1 -1 -1 -1 -1 -1 9 -1 -1 0 2 -1 -1 -1 -1 11 -1 -1 -1 13 -1 -1 -1 15 -1 -1 -1 -1 -1 -1 -1 -1 -1 -1 -1 -1 -1 -1 -1 24 -1 -1 -1 -1 -1 -1 29 -1 -1 10 27 23 -1 1 -1 25 -1 17 -1 -1 -1 -1 -1 -1 -1 -1 -1 -1 -1 -1 -1 22 21 20 19 18 16 -1 
-1 -1 -1 3 4 5 6 8 -1 -1 -1 -1 -1 -1 -1 -1 -1 -1 9 -1 -1 0 2 -1 -1 -1 -1 11 -1 -1 -1 13 -1 -1 -1 15 -1 -1 -1 -1 -1 -1 -1 -1 -1 -1 -1 -1 -1 -1 -1 24 -1 -1 -1 -1 -1 -1 29 -1 -1 10 27 23 -1 1 -1 25 -1 17 -1 -1 -1 -1 -1 -1 19 -1 -1 -1 -1 -1 -1 22 21 20 -1 18 16 -1 
-1 -1 -1 3 4 5 6 8 -1 -1 -1 -1 -1 -1 -1 -1 -1 -1 9 -1 -1 -1 2 -1 -1 -1 -1 11 -1 -1 0 13 -1 -1 -1 15 -1 -1 -1 -1 -1 -1 -1 -1 -1 -1 -1 -1 -1 -1 -1 24 -1 -1 -1 -1 -1 -1 29 -1 -1 10 27 23 -1 1 -1 25 -1 17 -1 -1 -1 -1 -1 -1 19 -1 -1 -1 -1 -1 -1 22 21 20 -1 18 16 -1 
-1 -1 -1 3 4 5 6 8 -1 -1 -1 -1 -1 -1 -1 -1 -1 -1 9 -1 -1 -1 2 -1 -1 -1 -1 11 -1 -1 0 13 -1 -1 -1 15 -1 -1 -1 -1 -1 -1 -1 -1 -1 -1 -1 -1 -1 -1 -1 24 -1 -1 -1 -1 -1 -1 29 -1 -1 10 27 23 -1 1 25 -1 -1 17 -1 -1 -1 -1 -1 -1 19 -1 -1 -1 -1 -1 -1 22 21 20 -1 18 16 -1 
-1 -1 -1 3 4 5 6 -1 -1 -1 -1 -1 -1 -1 -1 -1 -1 -1 9 -1 -1 -1 2 -1 -1 -1 -1 11 -1 -1 0 13 -1 -1 8 15 -1 -1 -1 -1 -1 -1 -1 -1 -1 -1 -1 -1 -1 -1 -1 24 -1 -1 -1 -1 -1 -1 29 -1 -1 10 27 23 -1 1 25 -1 -1 17 -1 -1 -1 -1 -1 -1 19 -1 -1 -1 -1 -1 -1 22 21 20 -1 18 16 -1 
-1 -1 -1 3 4 5 6 -1 -1 -1 -1 -1 -1 -1 -1 -1 -1 -1 9 -1 -1 -1 2 -1 -1 -1 -1 11 -1 -1 0 13 -1 -1 8 15 -1 -1 -1 -1 -1 -1 -1 -1 -1 -1 -1 -1 -1 -1 -1 24 -1 -1 -1 -1 -1 -1 29 -1 -1 10 27 23 -1 1 25 18 -1 17 -1 -1 -1 -1 -1 -1 19 -1 -1 -1 -1 -1 -1 22 21 20 -1 -1 16 -1 
-1 -1 -1 3 4 5 6 -1 -1 -1 -1 -1 -1 -1 -1 -1 -1 -1 9 -1 -1 -1 2 -1 -1 -1 -1 11 -1 -1 0 -1 -1 -1 8 15 -1 -1 -1 -1 13 -1 -1 -1 -1 -1 -1 -1 -1 -1 -1 24 -1 -1 -1 -1 -1 -1 29 -1 -1 10 27 23 -1 1 25 18 -1 17 -1 -1 -1 -1 -1 -1 19 -1 -1 -1 -1 -1 -1 22 21 20 -1 -1 16 -1 
-1 -1 -1 3 4 5 6 -1 -1 -1 -1 -1 -1 -1 -1 -1 -1 -1 9 -1 -1 -1 2 -1 -1 -1 -1 11 -1 -1 0 -1 -1 -1 8 15 -1 -1 -1 -1 13 -1 -1 -1 -1 -1 24 -1 -1 -1 -1 -1 -1 -1 -1 -1 -1 -1 29 -1 -1 10 27 23 -1 1 25 18 -1 17 -1 -1 -1 -1 -1 -1 19 -1 -1 -1 -1 -1 -1 22 21 20 -1 -1 16 -1 
-1 -1 -1 3 4 5 6 -1 -1 -1 -1 -1 -1 -1 -1 -1 -1 -1 -1 -1 9 -1 2 -1 -1 -1 -1 11 -1 -1 0 -1 -1 -1 8 15 -1 -1 -1 -1 13 -1 -1 -1 -1 -1 24 -1 -1 -1 -1 -1 -1 -1 -1 -1 -1 -1 29 -1 -1 10 27 23 -1 1 25 18 -1 17 -1 -1 -1 -1 -1 -1 19 -1 -1 -1 -1 -1 -1 22 21 20 -1 -1 16 -1 
-1 -1 -1 3 4 5 6 -1 -1 -1 -1 -1 -1 -1 -1 -1 -1 -1 -1 -1 9 -1 2 -1 -1 -1 -1 11 -1 -1 0 -1 -1 -1 8 15 -1 -1 -1 -1 13 -1 -1 -1 -1 -1 -1 24 -1 -1 -1 -1 -1 -1 -1 -1 -1 -1 29 -1 -1 10 27 23 -1 1 25 18 -1 17 -1 -1 -1 -1 -1 -1 19 -1 -1 -1 -1 -1 -1 22 21 20 -1 -1 16 -1 
-1 -1 9 3 4 5 6 -1 -1 -1 -1 -1 -1 -1 -1 -1 -1 -1 -1 -1 -1 -1 2 -1 -1 -1 -1 11 -1 -1 0 -1 -1 -1 8 15 -1 -1 -1 -1 13 -1 -1 -1 -1 -1 -1 24 -1 -1 -1 -1 -1 -1 -1 -1 -1 -1 29 -1 -1 10 27 23 -1 1 25 18 -1 17 -1 -1 -1 -1 -1 -1 19 -1 -1 -1 -1 -1 -1 22 21 20 -1 -1 16 -1 
-1 -1 9 3 4 5 6 -1 -1 -1 -1 -1 -1 -1 -1 -1 -1 -1 -1 -1 -1 -1 2 -1 -1 -1 -1 11 -1 -1 0 -1 -1 -1 8 15 -1 -1 -1 -1 13 -1 -1 -1 -1 -1 -1 24 -1 -1 -1 -1 17 -1 -1 -1 -1 -1 29 -1 -1 10 27 23 -1 1 25 18 -1 -1 -1 -1 -1 -1 -1 -1 19 -1 -1 -1 -1 -1 -1 22 21 20 -1 -1 16 -1 
-1 -1 9 3 4 5 6 -1 -1 -1 -1 -1 -1 -1 -1 -1 -1 -1 -1 -1 -1 -1 2 -1 -1 -1 -1 11 -1 -1 0 -1 -1 -1 8 15 -1 -1 -1 -1 13 -1 -1 -1 -1 -1 -1 24 -1 -1 -1 -1 17 -1 -1 -1 -1 -1 29 -1 10 -1 27 23 -1 1 25 18 -1 -1 -1 -1 -1 -1 -1 -1 19 -1 -1 -1 -1 -1 -1 22 21 20 -1 -1 16 -1 
-1 -1 9 3 4 5 6 -1 -1 -1 -1 -1 -1 -1 -1 -1 -1 -1 -1 -1 -1 -1 2 -1 -1 -1 -1 11 -1 -1 0 -1 -1 -1 8 15 -1 -1 -1 -1 13 -1 -1 -1 -1 -1 -1 24 -1 -1 -1 -1 17 -1 -1 -1 -1 -1 29 -1 10 -1 27 23 -1 1 25 18 -1 -1 -1 -1 -1 -1 -1 -1 19 -1 -1 -1 -1 -1 -1 22 21 20 -1 16 -1 -1 
-1 -1 9 3 4 5 6 -1 -1 -1 -1 -1 -1 -1 -1 -1 -1 -1 -1 -1 -1 -1 2 -1 -1 -1 -1 11 -1 -1 0 -1 -1 -1 8 15 -1 -1 -1 -1 13 -1 -1 -1 -1 -1 -1 24 -1 -1 -1 -1 17 -1 -1 -1 -1 -1 29 -1 -1 10 27 23 -1 1 25 18 -1 -1 -1 -1 -1 -1 -1 -1 19 -1 -1 -1 -1 -1 -1 22 21 20 -1 16 -1 -1 
-1 -1 9 3 4 5 6 -1 -1 -1 -1 -1 -1 -1 -1 -1 -1 -1 -1 -1 -1 -1 2 -1 -1 -1 -1 11 -1 -1 0 -1 -1 -1 8 15 -1 -1 -1 -1 13 -1 -1 -1 -1 -1 -1 24 -1 -1 -1 -1 17 -1 -1 -1 -1 -1 29 -1 -1 10 27 23 -1 1 25 18 -1 -1 -1 -1 -1 -1 -1 -1 19 -1 -1 -1 -1 -1 -1 22 21 20 -1 -1 16 -1 
-1 -1 9 3 4 5 6 -1 -1 -1 -1 -1 -1 -1 -1 -1 -1 -1 -1 -1 -1 -1 2 -1 -1 -1 -1 11 -1 -1 0 -1 -1 -1 8 15 -1 -1 -1 -1 13 -1 -1 -1 -1 -1 -1 24 -1 -1 -1 -1 17 -1 -1 -1 -1 -1 29 -1 10 -1 27 23 -1 1 25 18 -1 -1 -1 -1 -1 -1 -1 -1 19 -1 -1 -1 -1 -1 -1 22 21 20 -1 -1 16 -1 
-1 -1 9 3 4 5 6 -1 -1 -1 -1 -1 -1 -1 -1 -1 -1 -1 -1 -1 -1 -1 2 -1 -1 -1 -1 11 -1 -1 0 -1 -1 -1 8 15 -1 -1 -1 -1 13 -1 -1 -1 -1 -1 -1 24 -1 -1 -1 -1 17 -1 -1 -1 -1 -1 29 -1 10 -1 27 23 -1 1 25 18 -1 -1 -1 -1 -1 -1 -1 -1 19 -1 -1 -1 -1 -1 -1 22 21 20 16 -1 -1 -1 
-1 -1 9 -1 4 5 6 -1 -1 -1 -1 -1 -1 3 -1 -1 -1 -1 -1 -1 -1 -1 2 -1 -1 -1 -1 11 -1 -1 0 -1 -1 -1 8 15 -1 -1 -1 -1 13 -1 -1 -1 -1 -1 -1 24 -1 -1 -1 -1 17 -1 -1 -1 -1 -1 29 -1 10 -1 27 23 -1 1 25 18 -1 -1 -1 -1 -1 -1 -1 -1 19 -1 -1 -1 -1 -1 -1 22 21 20 16 -1 -1 -1 
-1 -1 9 -1 4 5 6 -1 -1 -1 -1 -1 -1 3 -1 -1 -1 -1 -1 -1 -1 -1 2 -1 -1 -1 -1 11 -1 -1 0 -1 -1 -1 8 15 -1 -1 -1 -1 13 -1 -1 -1 -1 -1 -1 24 -1 -1 -1 -1 17 -1 -1 -1 -1 -1 29 -1 10 -1 27 23 -1 1 25 18 -1 -1 -1 -1 -1 -1 -1 -1 19 -1 -1 -1 -1 -1 -1 22 21 20 -1 16 -1 -1 
-1 -1 9 -1 4 5 6 -1 -1 -1 -1 -1 -1 3 -1 -1 -1 -1 -1 -1 -1 -1 2 -1 -1 -1 -1 11 -1 -1 0 -1 -1 -1 8 15 -1 -1 -1 -1 13 -1 -1 -1 -1 -1 -1 24 -1 -1 -1 -1 17 -1 -1 -1 -1 -1 29 -1 -1 10 27 23 -1 1 25 18 -1 -1 -1 -1 -1 -1 -1 -1 19 -1 -1 -1 -1 -1 -1 22 21 20 -1 16 -1 -1 
-1 -1 9 -1 4 5 6 -1 -1 -1 -1 -1 -1 3 -1 -1 -1 -1 -1 -1 -1 -1 2 -1 -1 -1 -1 11 -1 -1 0 -1 -1 -1 8 15 -1 -1 -1 -1 13 -1 -1 -1 -1 -1 -1 24 -1 -1 -1 -1 17 -1 -1 -1 -1 -1 29 -1 -1 10 27 23 -1 1 25 18 -1 -1 -1 -1 -1 -1 -1 -1 19 -1 -1 -1 -1 -1 -1 22 21 20 -1 -1 16 -1 
-1 -1 9 -1 4 5 6 -1 -1 -1 -1 -1 -1 3 -1 -1 -1 -1 -1 -1 -1 -1 2 -1 -1 -1 -1 11 -1 -1 0 -1 -1 -1 8 15 -1 -1 -1 -1 13 -1 -1 -1 -1 -1 -1 24 -1 -1 -1 -1 17 -1 -1 -1 -1 -1 29 -1 10 -1 27 23 -1 1 25 18 -1 -1 -1 -1 -1 -1 -1 -1 19 -1 -1 -1 -1 -1 -1 22 21 20 -1 -1 16 -1 
-1 -1 9 -1 4 5 6 -1 -1 -1 -1 -1 -1 3 -1 -1 -1 -1 -1 -1 -1 -1 2 -1 -1 -1 -1 11 -1 -1 0 -1 -1 -1 8 15 -1 -1 -1 -1 13 -1 -1 -1 -1 -1 -1 24 -1 -1 -1 -1 -1 -1 -1 -1 -1 -1 29 -1 10 -1 27 23 -1 1 25 18 -1 17 -1 -1 -1 -1 -1 -1 19 -1 -1 -1 -1 -1 -1 22 21 20 -1 -1 16 -1 
-1 -1 9 -1 4 5 6 -1 -1 -1 -1 -1 -1 3 -1 -1 -1 -1 -1 -1 -1 -1 2 -1 -1 -1 -1 11 -1 -1 0 -1 -1 -1 -1 15 -1 -1 -1 -1 13 -1 -1 -1 -1 -1 -1 24 -1 -1 -1 -1 -1 -1 -1 -1 -1 -1 29 -1 10 -1 27 23 -1 1 25 18 -1 17 -1 -1 -1 -1 -1 -1 19 -1 -1 -1 -1 -1 -1 22 21 20 -1 -1 8 -1 
-1 -1 9 -1 4 5 6 -1 -1 -1 -1 -1 -1 3 -1 -1 -1 -1 -1 -1 -1 -1 2 -1 -1 -1 -1 11 -1 -1 0 -1 -1 -1 -1 15 -1 -1 -1 -1 13 -1 -1 -1 -1 -1 -1 24 -1 -1 -1 -1 -1 -1 -1 -1 -1 -1 29 -1 10 -1 27 23 -1 1 25 18 -1 -1 -1 -1 -1 -1 -1 -1 19 -1 -1 -1 -1 -1 -1 22 21 20 -1 -1 17 -1 
-1 -1 9 -1 4 5 6 -1 -1 -1 -1 -1 -1 3 -1 -1 -1 -1 -1 -1 -1 -1 2 -1 -1 -1 -1 -1 -1 -1 0 -1 -1 -1 -1 15 11 -1 -1 -1 13 -1 -1 -1 -1 -1 -1 24 -1 -1 -1 -1 -1 -1 -1 -1 -1 -1 29 -1 10 -1 27 23 -1 1 25 18 -1 -1 -1 -1 -1 -1 -1 -1 19 -1 -1 -1 -1 -1 -1 22 21 20 -1 -1 17 -1 
-1 -1 9 -1 4 5 6 -1 -1 -1 -1 -1 -1 3 -1 -1 -1 -1 -1 -1 -1 -1 2 -1 -1 -1 -1 -1 -1 -1 0 -1 -1 -1 -1 15 11 -1 -1 -1 13 -1 -1 -1 -1 -1 -1 24 -1 -1 -1 -1 -1 -1 -1 -1 -1 -1 29 -1 10 -1 27 23 -1 1 25 18 -1 -1 -1 -1 -1 -1 -1 -1 19 17 -1 -1 -1 -1 -1 22 21 20 -1 -1 -1 -1 
-1 -1 9 -1 4 5 6 -1 -1 -1 -1 -1 -1 3 -1 -1 -1 -1 -1 -1 -1 -1 2 -1 -1 -1 -1 -1 -1 -1 0 -1 -1 -1 -1 15 11 -1 -1 -1 13 -1 10 -1 -1 -1 -1 24 -1 -1 -1 -1 -1 -1 -1 -1 -1 -1 29 -1 -1 -1 27 23 -1 1 25 18 -1 -1 -1 -1 -1 -1 -1 -1 19 17 -1 -1 -1 -1 -1 22 21 20 -1 -1 -1 -1 
-1 -1 9 -1 4 5 6 -1 -1 -1 -1 -1 -1 3 -1 -1 -1 -1 -1 -1 -1 -1 2 -1 -1 -1 -1 -1 -1 -1 0 -1 -1 -1 -1 15 11 -1 -1 -1 13 -1 10 -1 -1 -1 -1 24 -1 -1 -1 -1 -1 -1 -1 -1 -1 -1 29 -1 -1 -1 27 23 -1 1 25 18 -1 -1 17 -1 -1 -1 -1 -1 19 -1 -1 -1 -1 -1 -1 22 21 20 -1 -1 -1 -1 
-1 -1 9 -1 4 5 6 -1 -1 -1 -1 -1 -1 3 -1 -1 -1 -1 -1 -1 -1 -1 2 -1 -1 -1 -1 -1 -1 -1 0 -1 -1 -1 -1 15 11 -1 -1 -1 13 -1 -1 -1 -1 -1 -1 24 -1 -1 -1 -1 -1 -1 -1 -1 -1 -1 29 -1 -1 -1 27 23 -1 1 25 18 -1 10 17 -1 -1 -1 -1 -1 19 -1 -1 -1 -1 -1 -1 22 21 20 -1 -1 -1 -1 
-1 -1 9 -1 4 5 6 -1 -1 -1 -1 -1 -1 3 -1 -1 -1 -1 -1 -1 -1 -1 2 -1 -1 -1 -1 -1 -1 -1 0 -1 -1 -1 -1 15 11 -1 -1 -1 13 -1 -1 -1 -1 -1 -1 24 -1 -1 -1 -1 -1 -1 -1 -1 -1 -1 29 -1 -1 -1 27 23 -1 1 25 -1 -1 10 17 -1 -1 -1 -1 -1 19 -1 -1 -1 -1 -1 -1 22 21 20 -1 18 -1 -1 
-1 -1 9 -1 4 5 6 -1 -1 -1 -1 -1 -1 3 -1 -1 -1 -1 -1 -1 -1 -1 2 -1 -1 -1 -1 -1 -1 -1 0 -1 -1 -1 -1 15 11 -1 -1 -1 13 -1 -1 -1 -1 -1 -1 24 -1 -1 -1 -1 -1 -1 -1 -1 -1 -1 29 -1 -1 -1 27 23 -1 -1 25 -1 -1 10 17 -1 1 -1 -1 -1 19 -1 -1 -1 -1 -1 -1 22 21 20 -1 18 -1 -1 
-1 -1 9 -1 4 5 6 -1 -1 -1 -1 -1 -1 3 -1 -1 -1 -1 -1 -1 -1 -1 2 -1 -1 -1 -1 -1 -1 -1 0 -1 -1 -1 -1 15 11 -1 -1 -1 13 -1 -1 -1 -1 -1 -1 24 -1 -1 -1 -1 -1 -1 -1 -1 -1 -1 29 -1 -1 -1 27 23 -1 -1 -1 25 -1 10 17 -1 1 -1 -1 -1 19 -1 -1 -1 -1 -1 -1 22 21 20 -1 18 -1 -1 
-1 -1 9 -1 4 5 6 -1 -1 -1 -1 -1 -1 3 -1 -1 -1 -1 -1 -1 -1 -1 2 -1 -1 -1 -1 -1 -1 -1 0 -1 -1 -1 -1 15 -1 -1 -1 -1 13 -1 -1 -1 -1 11 -1 24 -1 -1 -1 -1 -1 -1 -1 -1 -1 -1 29 -1 -1 -1 27 23 -1 -1 -1 25 -1 10 17 -1 1 -1 -1 -1 19 -1 -1 -1 -1 -1 -1 22 21 20 -1 18 -1 -1 
-1 -1 9 -1 4 5 6 -1 -1 -1 -1 -1 -1 3 -1 -1 -1 -1 -1 -1 -1 -1 2 -1 -1 -1 -1 -1 -1 -1 0 -1 -1 -1 -1 15 -1 -1 -1 -1 25 -1 -1 -1 -1 11 -1 24 -1 -1 -1 -1 -1 -1 -1 -1 -1 -1 29 -1 -1 -1 27 23 -1 -1 -1 -1 -1 10 17 -1 1 -1 -1 -1 19 -1 -1 -1 -1 -1 -1 22 21 20 -1 18 -1 -1 
-1 -1 9 4 -1 5 6 -1 -1 -1 -1 -1 -1 3 -1 -1 -1 -1 -1 -1 -1 -1 2 -1 -1 -1 -1 -1 -1 -1 0 -1 -1 -1 -1 15 -1 -1 -1 -1 25 -1 -1 -1 -1 11 -1 24 -1 -1 -1 -1 -1 -1 -1 -1 -1 -1 29 -1 -1 -1 27 23 -1 -1 -1 -1 -1 10 17 -1 1 -1 -1 -1 19 -1 -1 -1 -1 -1 -1 22 21 20 -1 18 -1 -1 
-1 -1 9 4 -1 5 6 -1 -1 -1 -1 -1 -1 3 -1 -1 -1 -1 -1 -1 -1 -1 2 -1 -1 -1 -1 -1 -1 -1 0 -1 -1 -1 -1 15 -1 -1 -1 -1 25 -1 -1 -1 -1 11 -1 24 -1 -1 -1 -1 -1 -1 -1 -1 -1 -1 29 -1 -1 -1 27 23 -1 -1 -1 18 -1 10 17 -1 1 -1 -1 -1 19 -1 -1 -1 -1 -1 -1 22 21 20 -1 -1 -1 -1 
-1 -1 9 4 -1 5 6 -1 -1 -1 -1 -1 -1 3 -1 -1 -1 -1 -1 -1 -1 -1 2 -1 -1 -1 -1 -1 -1 -1 0 -1 -1 -1 -1 15 -1 -1 -1 -1 25 -1 -1 -1 -1 -1 -1 24 -1 -1 -1 -1 -1 -1 11 -1 -1 -1 29 -1 -1 -1 27 23 -1 -1 -1 18 -1 10 17 -1 1 -1 -1 -1 19 -1 -1 -1 -1 -1 -1 22 21 20 -1 -1 -1 -1 
-1 -1 9 4 -1 5 6 -1 -1 -1 -1 -1 -1 3 -1 -1 -1 -1 -1 -1 -1 -1 2 -1 -1 -1 -1 -1 -1 -1 0 -1 -1 -1 -1 15 -1 -1 -1 -1 25 -1 -1 -1 -1 -1 -1 -1 -1 -1 -1 24 -1 -1 11 -1 -1 -1 29 -1 -1 -1 27 23 -1 -1 -1 18 -1 10 17 -1 1 -1 -1 -1 19 -1 -1 -1 -1 -1 -1 22 21 20 -1 -1 -1 -1 
-1 -1 9 4 -1 5 6 -1 -1 -1 -1 -1 -1 3 -1 -1 -1 -1 -1 -1 -1 -1 2 -1 -1 -1 -1 -1 -1 -1 -1 -1 -1 -1 -1 15 -1 -1 -1 -1 25 -1 -1 -1 -1 -1 -1 -1 -1 -1 -1 24 -1 -1 11 -1 -1 -1 29 -1 -1 -1 27 23 -1 -1 -1 18 -1 10 17 -1 1 -1 -1 0 19 -1 -1 -1 -1 -1 -1 22 21 20 -1 -1 -1 -1 
-1 -1 9 4 -1 5 6 -1 -1 -1 -1 -1 -1 3 -1 -1 -1 -1 -1 -1 -1 -1 2 -1 -1 -1 -1 -1 -1 -1 -1 -1 -1 -1 -1 15 -1 -1 -1 -1 25 -1 -1 -1 -1 -1 -1 -1 -1 -1 -1 24 -1 -1 11 -1 -1 -1 29 -1 -1 -1 27 -1 -1 -1 -1 18 -1 10 17 -1 1 -1 23 0 19 -1 -1 -1 -1 -1 -1 22 21 20 -1 -1 -1 -1 
-1 -1 -1 4 -1 5 6 -1 -1 -1 -1 -1 -1 3 -1 -1 -1 -1 -1 -1 -1 -1 2 -1 -1 -1 -1 -1 -1 -1 -1 -1 -1 -1 -1 15 -1 -1 -1 -1 25 -1 -1 -1 -1 -1 -1 -1 -1 -1 -1 24 -1 -1 11 -1 -1 -1 29 -1 -1 -1 27 -1 -1 -1 -1 18 -1 10 17 -1 1 -1 9 0 19 -1 -1 -1 -1 -1 -1 22 21 20 -1 -1 -1 -1 
-1 -1 -1 4 -1 5 6 -1 -1 -1 -1 -1 -1 3 -1 -1 -1 -1 -1 -1 -1 -1 2 -1 -1 -1 -1 -1 -1 -1 -1 -1 -1 -1 -1 15 -1 -1 -1 -1 25 -1 -1 -1 -1 -1 -1 -1 -1 -1 -1 -1 -1 -1 11 -1 -1 -1 29 -1 -1 -1 27 -1 -1 -1 -1 18 -1 24 17 -1 1 -1 9 0 19 -1 -1 -1 -1 -1 -1 22 21 20 -1 -1 -1 -1 
-1 -1 -1 4 -1 5 6 -1 -1 -1 -1 -1 -1 3 -1 -1 -1 -1 -1 -1 -1 -1 2 -1 -1 -1 -1 -1 -1 -1 -1 -1 -1 -1 -1 15 -1 -1 -1 -1 25 -1 -1 -1 -1 -1 -1 -1 -1 -1 -1 -1 -1 -1 11 -1 -1 -1 29 -1 -1 -1 27 -1 -1 -1 -1 18 -1 24 17 -1 -1 -1 9 0 19 -1 -1 -1 -1 -1 -1 1 21 20 -1 -1 -1 -1 
-1 -1 -1 4 -1 5 6 -1 -1 -1 -1 -1 -1 3 -1 -1 -1 -1 -1 -1 -1 -1 2 -1 -1 -1 -1 -1 -1 -1 -1 -1 -1 -1 -1 15 -1 -1 -1 -1 25 -1 -1 -1 -1 -1 -1 -1 -1 -1 -1 -1 -1 -1 11 -1 -1 -1 29 -1 -1 -1 27 -1 -1 -1 -1 18 -1 24 17 -1 -1 -1 9 0 19 -1 -1 -1 -1 -1 -1 1 21 -1 20 -1 -1 -1 
-1 -1 -1 4 -1 5 6 -1 -1 -1 -1 -1 -1 3 -1 -1 -1 -1 -1 -1 -1 -1 2 -1 -1 -1 -1 -1 -1 -1 -1 -1 -1 -1 -1 15 -1 -1 -1 -1 25 -1 -1 -1 -1 -1 -1 -1 -1 -1 -1 -1 -1 -1 11 -1 -1 -1 29 -1 -1 -1 27 -1 -1 -1 -1 18 -1 24 17 -1 9 -1 -1 0 19 -1 -1 -1 -1 -1 -1 1 21 -1 20 -1 -1 -1 
-1 -1 -1 4 -1 5 6 -1 -1 -1 -1 -1 -1 3 -1 -1 -1 -1 -1 -1 -1 -1 2 -1 -1 -1 -1 -1 -1 -1 -1 -1 -1 24 -1 15 -1 -1 -1 -1 25 -1 -1 -1 -1 -1 -1 -1 -1 -1 -1 -1 -1 -1 11 -1 -1 -1 29 -1 -1 -1 27 -1 -1 -1 -1 18 -1 -1 17 -1 9 -1 -1 0 19 -1 -1 -1 -1 -1 -1 1 21 -1 20 -1 -1 -1 
-1 -1 -1 4 -1 5 6 -1 -1 -1 -1 -1 -1 3 -1 -1 -1 -1 -1 -1 -1 -1 2 -1 -1 -1 -1 -1 -1 -1 -1 -1 -1 24 -1 15 -1 -1 -1 -1 25 -1 -1 -1 -1 -1 -1 -1 -1 -1 -1 -1 -1 -1 11 -1 -1 -1 29 -1 -1 -1 27 -1 -1 -1 -1 18 -1 -1 17 -1 -1 -1 -1 0 19 -1 -1 -1 -1 9 -1 1 21 -1 20 -1 -1 -1 
-1 -1 -1 4 -1 5 6 -1 -1 -1 -1 -1 -1 3 -1 -1 -1 -1 -1 -1 -1 -1 2 -1 -1 -1 -1 -1 24 -1 -1 -1 -1 -1 -1 15 -1 -1 -1 -1 25 -1 -1 -1 -1 -1 -1 -1 -1 -1 -1 -1 -1 -1 11 -1 -1 -1 29 -1 -1 -1 27 -1 -1 -1 -1 18 -1 -1 17 -1 -1 -1 -1 0 19 -1 -1 -1 -1 9 -1 1 21 -1 20 -1 -1 -1 
-1 -1 -1 4 -1 5 6 -1 -1 -1 -1 -1 -1 3 -1 -1 -1 -1 -1 -1 -1 -1 2 -1 -1 -1 -1 -1 24 -1 -1 -1 -1 -1 -1 15 -1 -1 -1 -1 25 -1 -1 -1 -1 -1 -1 -1 -1 -1 -1 -1 -1 -1 -1 -1 -1 -1 29 -1 -1 -1 27 11 -1 -1 -1 18 -1 -1 17 -1 -1 -1 -1 0 19 -1 -1 -1 -1 9 -1 1 21 -1 20 -1 -1 -1 
-1 -1 -1 4 -1 5 6 -1 -1 -1 -1 -1 -1 3 -1 -1 -1 -1 -1 -1 -1 -1 2 -1 -1 -1 -1 -1 24 -1 -1 -1 -1 -1 -1 15 -1 -1 -1 -1 25 -1 -1 -1 -1 -1 -1 -1 -1 -1 -1 17 -1 -1 -1 -1 -1 -1 29 -1 -1 -1 27 11 -1 -1 -1 18 -1 -1 -1 -1 -1 -1 -1 0 19 -1 -1 -1 -1 9 -1 1 21 -1 20 -1 -1 -1 
-1 -1 -1 4 -1 5 6 -1 -1 -1 -1 -1 -1 3 -1 -1 -1 -1 -1 -1 -1 -1 2 -1 -1 -1 -1 -1 24 -1 -1 -1 -1 -1 -1 15 -1 -1 -1 -1 25 -1 -1 -1 -1 -1 -1 -1 -1 -1 -1 17 -1 -1 -1 -1 -1 -1 29 -1 -1 -1 27 11 -1 -1 1 18 -1 -1 -1 -1 -1 -1 -1 0 19 -1 -1 -1 -1 9 -1 -1 21 -1 20 -1 -1 -1 
-1 -1 -1 4 -1 5 6 -1 -1 -1 -1 -1 -1 3 -1 -1 -1 -1 -1 -1 -1 -1 2 -1 -1 -1 -1 -1 24 -1 -1 -1 -1 -1 -1 15 -1 -1 -1 -1 25 -1 -1 -1 -1 -1 -1 -1 -1 -1 -1 17 -1 -1 -1 -1 -1 -1 29 -1 -1 -1 27 11 -1 -1 1 18 -1 -1 -1 -1 -1 -1 -1 0 19 20 -1 -1 -1 9 -1 -1 21 -1 -1 -1 -1 -1 
-1 -1 -1 4 -1 5 6 -1 -1 -1 -1 -1 -1 3 -1 -1 -1 -1 -1 -1 -1 -1 2 -1 -1 -1 -1 -1 24 -1 -1 -1 -1 -1 -1 15 -1 -1 -1 -1 25 -1 -1 -1 -1 -1 -1 -1 -1 -1 -1 17 -1 -1 -1 -1 -1 -1 29 -1 -1 -1 27 11 -1 -1 -1 18 -1 -1 -1 -1 -1 1 -1 0 19 20 -1 -1 -1 9 -1 -1 21 -1 -1 -1 -1 -1 
-1 -1 -1 4 -1 5 6 -1 -1 -1 -1 -1 -1 3 -1 -1 -1 -1 -1 -1 -1 -1 2 -1 -1 -1 -1 -1 24 -1 -1 -1 17 -1 -1 15 -1 -1 -1 -1 25 -1 -1 -1 -1 -1 -1 -1 -1 -1 -1 -1 -1 -1 -1 -1 -1 -1 29 -1 -1 -1 27 11 -1 -1 -1 18 -1 -1 -1 -1 -1 1 -1 0 19 20 -1 -1 -1 9 -1 -1 21 -1 -1 -1 -1 -1 
-1 -1 -1 4 -1 5 6 -1 -1 -1 -1 -1 -1 3 -1 -1 -1 -1 -1 -1 -1 -1 2 -1 -1 -1 -1 -1 24 -1 -1 -1 17 -1 -1 15 -1 -1 -1 -1 25 -1 -1 -1 -1 -1 -1 -1 -1 -1 -1 -1 -1 -1 -1 -1 -1 -1 29 -1 -1 -1 27 11 -1 -1 -1 18 -1 -1 -1 -1 -1 1 -1 0 19 20 -1 -1 -1 -1 9 -1 21 -1 -1 -1 -1 -1 
