0 1 2 3 4 5 6 7 8 -1 -1 -1 -1 -1 -1 -1 -1 -1 -1 9 -1 -1 -1 -1 -1 10 -1 11 -1 12 -1 28 -1 14 -1 15 -1 -1 -1 -1 -1 -1 -1 -1 -1 -1 -1 -1 -1 -1 -1 -1 -1 -1 -1 -1 -1 -1 29 -1 -1 -1 27 -1 26 -1 -1 25 -1 -1 -1 -1 -1 -1 -1 -1 -1 -1 -1 -1 -1 24 23 22 21 20 19 18 17 16 
0 1 2 3 4 5 6 -1 8 -1 -1 -1 -1 -1 -1 -1 -1 -1 -1 9 -1 -1 -1 -1 7 10 -1 11 -1 12 -1 28 -1 14 -1 15 -1 -1 -1 -1 -1 -1 -1 -1 -1 -1 -1 -1 -1 -1 -1 -1 -1 -1 -1 -1 -1 -1 29 -1 -1 -1 27 -1 26 -1 -1 25 -1 -1 -1 -1 -1 -1 -1 -1 -1 -1 -1 -1 -1 24 23 22 21 20 19 18 17 16 
0 1 2 3 4 5 6 -1 8 -1 -1 -1 -1 -1 -1 -1 -1 -1 -1 9 -1 -1 -1 -1 7 10 -1 11 -1 12 -1 28 -1 14 -1 15 -1 -1 -1 -1 -1 -1 -1 -1 -1 -1 -1 -1 -1 -1 -1 -1 -1 -1 -1 -1 -1 -1 29 -1 -1 -1 27 -1 26 -1 -1 25 -1 17 -1 -1 -1 -1 -1 -1 -1 -1 -1 -1 -1 24 23 22 21 20 19 18 -1 16 
0 1 2 3 4 5 6 8 -1 -1 -1 -1 -1 -1 -1 -1 -1 -1 -1 9 -1 -1 -1 -1 7 10 -1 11 -1 12 -1 28 -1 14 -1 15 -1 -1 -1 -1 -1 -1 -1 -1 -1 -1 -1 -1 -1 -1 -1 -1 -1 -1 -1 -1 -1 -1 29 -1 -1 -1 27 -1 26 -1 -1 25 -1 17 -1 -1 -1 -1 -1 -1 -1 -1 -1 -1 -1 24 23 22 21 20 19 18 -1 16 
0 1 2 3 4 5 6 8 -1 -1 -1 -1 -1 -1 -1 -1 -1 -1 -1 9 -1 -1 -1 -1 7 10 -1 11 -1 12 -1 28 -1 14 -1 15 -1 -1 -1 -1 -1 -1 -1 -1 -1 -1 -1 -1 -1 -1 -1 -1 -1 -1 -1 -1 -1 -1 29 -1 -1 -1 27 -1 26 -1 -1 25 -1 17 -1 -1 -1 -1 -1 -1 -1 -1 -1 -1 -1 24 23 22 21 20 19 18 16 -1 
0 -1 2 3 4 5 6 8 -1 -1 -1 -1 -1 -1 -1 -1 -1 -1 -1 9 1 -1 -1 -1 7 10 -1 11 -1 12 -1 28 -1 14 -1 15 -1 -1 -1 -1 -1 -1 -1 -1 -1 -1 -1 -1 -1 -1 -1 -1 -1 -1 -1 -1 -1 -1 29 -1 -1 -1 27 -1 26 -1 -1 25 -1 17 -1 -1 -1 -1 -1 -1 -1 -1 -1 -1 -1 24 23 22 21 20 19 18 16 -1 
0 -1 2 3 4 5 6 8 -1 -1 -1 -1 -1 -1 -1 -1 -1 -1 -1 9 1 -1 -1 -1 7 10 -1 11 -1 12 -1 28 -1 14 -1 15 -1 -1 -1 -1 -1 -1 -1 -1 -1 -1 -1 -1 -1 -1 -1 -1 -1 -1 -1 -1 -1 -1 29 -1 -1 -1 27 23 26 -1 -1 25 -1 17 -1 -1 -1 -1 -1 -1 -1 -1 -1 -1 -1 24 -1 22 21 20 19 18 16 -1 
0 -1 2 3 4 5 6 8 -1 -1 -1 -1 -1 -1 -1 -1 -1 -1 -1 9 1 -1 -1 -1 7 10 -1 11 -1 12 -1 28 -1 -1 -1 15 -1 -1 -1 -1 -1 -1 14 -1 -1 -1 -1 -1 -1 -1 -1 -1 -1 -1 -1 -1 -1 -1 29 -1 -1 -1 27 23 26 -1 -1 25 -1 17 -1 -1 -1 -1 -1 -1 -1 -1 -1 -1 -1 24 -1 22 21 20 19 18 16 -1 
0 -1 2 3 4 5 6 8 -1 -1 -1 -1 -1 -1 -1 -1 -1 -1 -1 9 1 -1 -1 -1 7 10 -1 11 -1 12 -1 28 -1 -1 -1 15 -1 -1 -1 -1 -1 -1 14 -1 -1 -1 -1 -1 -1 -1 -1 -1 -1 -1 -1 -1 -1 -1 29 -1 -1 -1 27 23 -1 26 -1 25 -1 17 -1 -1 -1 -1 -1 -1 -1 -1 -1 -1 -1 24 -1 22 21 20 19 18 16 -1 
-1 0 2 3 4 5 6 8 -1 -1 -1 -1 -1 -1 -1 -1 -1 -1 -1 9 1 -1 -1 -1 7 10 -1 11 -1 12 -1 28 -1 -1 -1 15 -1 -1 -1 -1 -1 -1 14 -1 -1 -1 -1 -1 -1 -1 -1 -1 -1 -1 -1 -1 -1 -1 29 -1 -1 -1 27 23 -1 26 -1 25 -1 17 -1 -1 -1 -1 -1 -1 -1 -1 -1 -1 -1 24 -1 22 21 20 19 18 16 -1 
-1 0 2 3 4 5 6 8 -1 -1 -1 -1 -1 -1 -1 -1 -1 -1 -1 9 1 -1 -1 -1 7 10 -1 11 -1 12 -1 28 -1 -1 -1 15 -1 -1 -1 -1 -1 -1 14 -1 -1 -1 -1 -1 -1 -1 -1 -1 -1 -1 -1 -1 -1 -1 29 -1 -1 -1 27 23 -1 26 -1 25 -1 17 -1 -1 -1 -1 -1 -1 -1 -1 -1 -1 -1 -1 24 22 21 20 19 18 16 -1 
-1 0 2 3 4 5 6 8 -1 -1 -1 -1 -1 -1 -1 -1 -1 -1 -1 -1 1 -1 -1 -1 7 10 -1 11 -1 12 -1 28 -1 -1 -1 15 -1 -1 -1 -1 -1 -1 14 -1 -1 -1 -1 -1 -1 -1 -1 -1 -1 -1 -1 9 -1 -1 29 -1 -1 -1 27 23 -1 26 -1 25 -1 17 -1 -1 -1 -1 -1 -1 -1 -1 -1 -1 -1 -1 24 22 21 20 19 18 16 -1 
-1 0 2 3 4 5 6 8 -1 -1 -1 -1 -1 -1 -1 -1 -1 -1 -1 -1 1 -1 -1 -1 7 10 -1 11 -1 12 -1 28 -1 -1 -1 15 -1 -1 -1 -1 -1 -1 14 -1 -1 -1 -1 -1 -1 -1 -1 -1 16 -1 -1 9 -1 -1 29 -1 -1 -1 27 23 -1 26 -1 25 -1 17 -1 -1 -1 -1 -1 -1 -1 -1 -1 -1 -1 -1 24 22 21 20 19 18 -1 -1 
-1 0 2 3 4 5 6 8 -1 -1 -1 -1 -1 -1 -1 -1 -1 -1 -1 -1 1 -1 -1 -1 7 -1 10 11 -1 12 -1 28 -1 -1 -1 15 -1 -1 -1 -1 -1 -1 14 -1 -1 -1 -1 -1 -1 -1 -1 -1 16 -1 -1 9 -1 -1 29 -1 -1 -1 27 23 -1 26 -1 25 -1 17 -1 -1 -1 -1 -1 -1 -1 -1 -1 -1 -1 -1 24 22 21 20 19 18 -1 -1 
-1 0 2 3 4 5 6 8 -1 -1 -1 -1 -1 -1 -1 -1 -1 -1 -1 -1 1 -1 -1 -1 7 -1 10 11 -1 12 -1 28 -1 -1 -1 15 -1 -1 -1 -1 -1 -1 14 -1 -1 -1 -1 -1 -1 -1 16 -1 -1 -1 -1 9 -1 -1 29 -1 -1 -1 27 23 -1 26 -1 25 -1 17 -1 -1 -1 -1 -1 -1 -1 -1 -1 -1 -1 -1 24 22 21 20 19 18 -1 -1 
-1 0 2 3 4 5 6 -1 -1 -1 -1 -1 -1 -1 -1 -1 8 -1 -1 -1 1 -1 -1 -1 7 -1 10 11 -1 12 -1 28 -1 -1 -1 15 -1 -1 -1 -1 -1 -1 14 -1 -1 -1 -1 -1 -1 -1 16 -1 -1 -1 -1 9 -1 -1 29 -1 -1 -1 27 23 -1 26 -1 25 -1 17 -1 -1 -1 -1 -1 -1 -1 -1 -1 -1 -1 -1 24 22 21 20 19 18 -1 -1 
-1 0 2 3 4 5 6 -1 -1 -1 -1 -1 -1 -1 -1 -1 8 -1 -1 -1 1 -1 -1 -1 7 -1 10 11 -1 12 -1 28 -1 -1 -1 15 -1 -1 -1 -1 -1 -1 14 -1 -1 31 -1 -1 -1 -1 16 -1 -1 -1 -1 9 -1 -1 29 -1 -1 -1 27 23 -1 26 -1 25 -1 17 -1 -1 -1 -1 -1 -1 -1 -1 -1 -1 -1 -1 24 22 21 20 19 18 -1 -1 
-1 0 2 3 4 5 6 -1 -1 -1 8 -1 -1 -1 -1 -1 -1 -1 -1 -1 1 -1 -1 -1 7 -1 10 11 -1 12 -1 28 -1 -1 -1 15 -1 -1 -1 -1 -1 -1 14 -1 -1 31 -1 -1 -1 -1 16 -1 -1 -1 -1 9 -1 -1 29 -1 -1 -1 27 23 -1 26 -1 25 -1 17 -1 -1 -1 -1 -1 -1 -1 -1 -1 -1 -1 -1 24 22 21 20 19 18 -1 -1 
-1 0 2 3 4 5 6 -1 -1 -1 8 -1 -1 -1 -1 -1 -1 -1 -1 -1 1 -1 -1 -1 7 -1 10 11 -1 12 -1 28 -1 -1 -1 15 -1 -1 -1 -1 -1 -1 14 -1 -1 31 -1 -1 -1 -1 16 -1 -1 -1 -1 9 -1 -1 29 -1 -1 -1 27 23 -1 26 -1 25 -1 17 -1 -1 -1 24 -1 -1 -1 -1 -1 -1 -1 -1 -1 22 21 20 19 18 -1 -1 
-1 0 2 3 4 5 6 -1 -1 -1 -1 -1 -1 -1 -1 -1 -1 -1 -1 -1 1 -1 -1 -1 7 -1 10 11 -1 12 -1 28 -1 -1 -1 15 -1 8 -1 -1 -1 -1 14 -1 -1 31 -1 -1 -1 -1 16 -1 -1 -1 -1 9 -1 -1 29 -1 -1 -1 27 23 -1 26 -1 25 -1 17 -1 -1 -1 24 -1 -1 -1 -1 -1 -1 -1 -1 -1 22 21 20 19 18 -1 -1 
-1 0 2 3 4 5 6 -1 -1 -1 -1 -1 -1 -1 -1 -1 -1 -1 -1 -1 1 -1 -1 -1 7 -1 10 11 -1 12 -1 28 -1 -1 -1 15 -1 8 -1 -1 -1 -1 14 -1 -1 31 -1 -1 -1 -1 16 -1 -1 -1 -1 9 -1 -1 29 -1 -1 -1 27 23 -1 26 -1 25 -1 17 -1 -1 -1 -1 -1 -1 -1 24 -1 -1 -1 -1 -1 22 21 20 19 18 -1 -1 
-1 0 2 3 4 5 6 -1 -1 -1 -1 -1 -1 -1 -1 -1 -1 -1 -1 -1 1 -1 -1 -1 7 -1 10 11 -1 12 -1 28 -1 -1 -1 15 -1 -1 -1 8 -1 -1 14 -1 -1 31 -1 -1 -1 -1 16 -1 -1 -1 -1 9 -1 -1 29 -1 -1 -1 27 23 -1 26 -1 25 -1 17 -1 -1 -1 -1 -1 -1 -1 24 -1 -1 -1 -1 -1 22 21 20 19 18 -1 -1 
-1 0 2 3 4 5 6 -1 -1 -1 -1 -1 -1 -1 -1 -1 -1 -1 -1 -1 1 -1 -1 -1 7 -1 10 11 -1 12 -1 28 -1 -1 -1 15 -1 -1 -1 8 -1 -1 14 -1 -1 31 23 -1 -1 -1 16 -1 -1 -1 -1 9 -1 -1 29 -1 -1 -1 27 -1 -1 26 -1 25 -1 17 -1 -1 -1 -1 -1 -1 -1 24 -1 -1 -1 -1 -1 22 21 20 19 18 -1 -1 
-1 0 2 3 4 5 6 -1 -1 -1 -1 -1 -1 -1 -1 -1 -1 -1 -1 -1 1 -1 -1 -1 7 -1 10 11 -1 12 -1 28 -1 -1 -1 15 -1 -1 -1 -1 -1 -1 14 -1 -1 31 23 -1 -1 -1 16 -1 -1 -1 -1 9 -1 -1 29 -1 -1 -1 27 -1 -1 26 8 25 -1 17 -1 -1 -1 -1 -1 -1 -1 24 -1 -1 -1 -1 -1 22 21 20 19 18 -1 -1 
-1 0 2 3 4 5 6 -1 -1 -1 -1 -1 -1 -1 -1 -1 -1 -1 -1 -1 1 -1 -1 -1 7 -1 10 11 -1 12 -1 28 -1 -1 -1 15 -1 -1 -1 -1 -1 -1 14 -1 -1 31 23 -1 -1 -1 16 -1 -1 -1 -1 9 -1 -1 29 -1 -1 -1 27 -1 -1 26 8 25 -1 17 -1 -1 -1 -1 24 -1 -1 -1 -1 -1 -1 -1 -1 22 21 20 19 18 -1 -1 
-1 0 2 3 4 5 6 -1 -1 -1 -1 -1 -1 -1 -1 -1 -1 -1 -1 -1 1 -1 -1 -1 7 -1 10 11 -1 12 -1 28 -1 -1 -1 15 -1 -1 -1 -1 -1 -1 14 -1 -1 31 23 -1 -1 -1 16 -1 -1 -1 -1 -1 -1 -1 29 -1 -1 -1 27 -1 -1 26 8 25 -1 17 -1 -1 -1 -1 24 -1 -1 -1 -1 -1 -1 -1 9 22 21 20 19 18 -1 -1 
-1 0 2 3 4 5 6 -1 -1 -1 -1 -1 -1 -1 -1 -1 -1 -1 -1 -1 1 -1 -1 -1 7 -1 10 11 -1 12 -1 28 -1 -1 -1 15 -1 -1 -1 -1 -1 -1 14 -1 -1 31 23 -1 -1 -1 16 -1 -1 -1 -1 -1 -1 -1 29 -1 -1 -1 27 -1 -1 26 8 25 -1 17 -1 -1 -1 -1 24 -1 19 -1 -1 -1 -1 -1 9 22 21 20 -1 18 -1 -1 
-1 0 2 3 4 5 6 -1 -1 -1 -1 -1 -1 -1 -1 -1 -1 -1 -1 -1 1 -1 -1 -1 7 -1 10 11 -1 12 8 28 -1 -1 -1 15 -1 -1 -1 -1 -1 -1 14 -1 -1 31 23 -1 -1 -1 16 -1 -1 -1 -1 -1 -1 -1 29 -1 -1 -1 27 -1 -1 26 -1 25 -1 17 -1 -1 -1 -1 24 -1 19 -1 -1 -1 -1 -1 9 22 21 20 -1 18 -1 -1 
-1 0 2 3 4 5 6 -1 -1 -1 -1 -1 -1 -1 -1 -1 -1 -1 -1 -1 1 -1 -1 -1 7 -1 10 11 -1 12 8 28 -1 -1 -1 15 -1 -1 -1 -1 -1 -1 14 -1 -1 31 23 -1 -1 -1 16 -1 -1 -1 -1 -1 -1 -1 29 -1 -1 -1 27 -1 -1 26 -1 25 -1 17 -1 -1 24 -1 -1 -1 19 -1 -1 -1 -1 -1 9 22 21 20 -1 18 -1 -1 
-1 -1 2 3 4 5 6 -1 -1 -1 -1 -1 -1 -1 -1 -1 -1 -1 -1 -1 1 -1 -1 -1 7 -1 10 11 -1 12 8 28 -1 -1 -1 15 -1 0 -1 -1 -1 -1 14 -1 -1 31 23 -1 -1 -1 16 -1 -1 -1 -1 -1 -1 -1 29 -1 -1 -1 27 -1 -1 26 -1 25 -1 17 -1 -1 24 -1 -1 -1 19 -1 -1 -1 -1 -1 9 22 21 20 -1 18 -1 -1 
-1 -1 2 3 4 5 6 -1 -1 -1 -1 -1 -1 -1 -1 -1 -1 -1 -1 -1 1 -1 -1 -1 7 -1 10 11 -1 12 8 28 -1 -1 -1 15 -1 0 -1 -1 -1 -1 14 -1 -1 31 23 -1 -1 -1 16 -1 -1 -1 -1 -1 -1 -1 29 -1 -1 -1 27 -1 -1 26 -1 25 -1 17 -1 -1 -1 -1 -1 -1 19 -1 -1 -1 -1 24 9 22 21 20 -1 18 -1 -1 
-1 -1 2 3 4 5 6 -1 -1 -1 -1 -1 -1 -1 -1 -1 -1 -1 -1 -1 1 -1 -1 -1 7 -1 10 11 -1 12 8 28 -1 -1 -1 15 -1 0 -1 -1 -1 -1 14 -1 -1 31 23 -1 -1 -1 16 -1 -1 -1 -1 -1 -1 -1 29 -1 -1 -1 27 -1 -1 26 -1 25 -1 17 -1 -1 -1 9 -1 -1 19 -1 -1 -1 -1 24 -1 22 21 20 -1 18 -1 -1 
-1 -1 2 3 4 5 6 -1 -1 -1 -1 -1 -1 -1 -1 -1 -1 -1 -1 -1 1 -1 -1 -1 7 -1 10 11 -1 12 8 28 -1 -1 -1 15 -1 0 -1 -1 -1 -1 14 -1 -1 31 23 -1 -1 -1 16 -1 -1 -1 -1 -1 -1 -1 29 -1 -1 -1 27 -1 -1 26 -1 25 -1 17 -1 -1 -1 9 -1 -1 19 -1 -1 -1 -1 -1 24 22 21 20 -1 18 -1 -1 
-1 -1 2 3 4 5 6 -1 -1 -1 -1 -1 -1 -1 -1 -1 -1 -1 -1 -1 1 -1 -1 -1 7 -1 10 11 -1 12 8 28 -1 -1 -1 15 -1 0 -1 -1 -1 -1 14 -1 -1 31 23 -1 -1 -1 16 -1 -1 -1 -1 -1 -1 -1 29 -1 -1 -1 27 -1 -1 26 -1 25 -1 17 -1 -1 -1 -1 -1 9 19 -1 -1 -1 -1 -1 24 22 21 20 -1 18 -1 -1 
-1 -1 2 3 4 5 6 -1 -1 -1 -1 -1 -1 -1 -1 -1 -1 -1 -1 -1 1 -1 -1 -1 7 -1 10 11 -1 12 8 28 -1 -1 -1 15 -1 0 -1 -1 -1 -1 14 -1 -1 31 23 -1 -1 -1 16 -1 -1 -1 -1 -1 -1 -1 29 -1 -1 -1 27 -1 26 -1 -1 25 -1 17 -1 -1 -1 -1 -1 9 19 -1 -1 -1 -1 -1 24 22 21 20 -1 18 -1 -1 
-1 -1 2 3 4 5 6 -1 -1 -1 -1 -1 -1 -1 -1 -1 -1 -1 -1 -1 1 -1 -1 -1 7 -1 10 11 -1 12 8 28 -1 -1 -1 15 -1 -1 -1 -1 -1 0 14 -1 -1 31 23 -1 -1 -1 16 -1 -1 -1 -1 -1 -1 -1 29 -1 -1 -1 27 -1 26 -1 -1 25 -1 17 -1 -1 -1 -1 -1 9 19 -1 -1 -1 -1 -1 24 22 21 20 -1 18 -1 -1 
-1 -1 2 3 4 5 6 -1 -1 -1 -1 -1 -1 -1 -1 -1 -1 -1 -1 -1 1 -1 -1 -1 7 -1 10 11 -1 12 8 28 -1 -1 -1 15 -1 -1 -1 -1 -1 0 14 -1 -1 31 23 -1 -1 -1 -1 -1 16 -1 -1 -1 -1 -1 29 -1 -1 -1 27 -1 26 -1 -1 25 -1 17 -1 -1 -1 -1 -1 9 19 -1 -1 -1 -1 -1 24 22 21 20 -1 18 -1 -1 
-1 -1 2 3 4 5 6 -1 -1 -1 -1 -1 -1 -1 -1 -1 -1 -1 -1 -1 1 -1 -1 -1 7 -1 10 11 -1 12 8 28 -1 -1 -1 15 -1 -1 -1 -1 -1 -1 14 -1 -1 31 23 -1 -1 -1 -1 -1 16 -1 -1 -1 -1 -1 29 -1 -1 -1 27 -1 26 -1 -1 25 -1 17 -1 -1 -1 -1 -1 9 19 0 -1 -1 -1 -1 24 22 21 20 -1 18 -1 -1 
-1 -1 2 3 4 5 6 -1 -1 -1 -1 -1 -1 -1 -1 -1 -1 -1 -1 -1 1 -1 -1 -1 7 16 10 11 -1 12 8 28 -1 -1 -1 15 -1 -1 -1 -1 -1 -1 14 -1 -1 31 23 -1 -1 -1 -1 -1 -1 -1 -1 -1 -1 -1 29 -1 -1 -1 27 -1 26 -1 -1 25 -1 17 -1 -1 -1 -1 -1 9 19 0 -1 -1 -1 -1 24 22 21 20 -1 18 -1 -1 
-1 -1 2 3 4 5 6 -1 -1 -1 -1 -1 -1 1 -1 -1 -1 -1 -1 -1 -1 -1 -1 -1 7 16 10 11 -1 12 8 28 -1 -1 -1 15 -1 -1 -1 -1 -1 -1 14 -1 -1 31 23 -1 -1 -1 -1 -1 -1 -1 -1 -1 -1 -1 29 -1 -1 -1 27 -1 26 -1 -1 25 -1 17 -1 -1 -1 -1 -1 9 19 0 -1 -1 -1 -1 24 22 21 20 -1 18 -1 -1 
-1 -1 2 3 4 5 6 -1 -1 -1 -1 -1 -1 1 -1 -1 -1 -1 -1 -1 -1 -1 -1 -1 7 16 10 11 -1 12 8 28 -1 -1 -1 15 -1 -1 -1 -1 -1 -1 14 -1 -1 31 23 -1 -1 -1 -1 -1 -1 -1 -1 -1 -1 -1 29 -1 -1 -1 27 -1 26 -1 25 -1 -1 17 -1 -1 -1 -1 -1 9 19 0 -1 -1 -1 -1 24 22 21 20 -1 18 -1 -1 
-1 -1 2 3 4 5 6 -1 -1 -1 -1 -1 -1 1 -1 -1 -1 -1 -1 -1 -1 -1 -1 -1 7 16 10 11 -1 -1 8 28 -1 -1 -1 15 -1 -1 12 -1 -1 -1 14 -1 -1 31 23 -1 -1 -1 -1 -1 -1 -1 -1 -1 -1 -1 29 -1 -1 -1 27 -1 26 -1 25 -1 -1 17 -1 -1 -1 -1 -1 9 19 0 -1 -1 -1 -1 24 22 21 20 -1 18 -1 -1 
-1 -1 2 3 4 5 6 -1 -1 -1 -1 -1 -1 1 -1 -1 -1 -1 -1 -1 -1 -1 -1 -1 7 16 10 11 -1 -1 8 28 -1 -1 -1 15 -1 -1 12 -1 -1 -1 14 -1 -1 31 23 -1 -1 -1 -1 -1 -1 -1 -1 -1 -1 -1 29 -1 -1 -1 27 -1 26 -1 25 -1 -1 17 -1 -1 -1 24 -1 9 19 0 -1 -1 -1 -1 -1 22 21 20 -1 18 -1 -1 
-1 -1 2 3 4 5 6 -1 -1 -1 -1 -1 -1 1 -1 -1 -1 -1 -1 -1 -1 -1 -1 -1 7 16 10 11 -1 -1 8 28 -1 -1 -1 15 -1 -1 12 -1 -1 -1 14 -1 -1 31 23 -1 -1 -1 -1 -1 -1 -1 -1 -1 -1 -1 29 -1 -1 -1 27 -1 26 -1 25 -1 -1 17 -1 -1 -1 24 -1 9 19 -1 -1 0 -1 -1 -1 22 21 20 -1 18 -1 -1 
-1 -1 2 3 4 5 6 -1 -1 -1 -1 -1 -1 1 -1 -1 -1 -1 -1 -1 -1 -1 -1 -1 7 -1 10 11 -1 -1 8 28 -1 -1 -1 15 -1 -1 12 -1 -1 -1 14 -1 -1 31 23 -1 -1 -1 -1 -1 -1 -1 -1 -1 -1 -1 29 -1 -1 -1 27 -1 26 -1 25 -1 -1 17 -1 -1 -1 24 -1 9 19 -1 -1 16 -1 -1 -1 22 21 20 -1 18 -1 -1 
-1 -1 2 3 4 5 6 -1 -1 -1 -1 -1 -1 1 -1 -1 -1 -1 -1 -1 -1 -1 -1 -1 7 -1 10 11 -1 -1 8 28 -1 -1 -1 15 -1 -1 12 -1 -1 -1 14 -1 -1 31 23 -1 -1 -1 -1 -1 -1 -1 -1 -1 -1 -1 29 -1 -1 -1 27 -1 26 -1 25 -1 -1 17 -1 -1 -1 24 -1 -1 19 -1 -1 9 -1 -1 -1 22 21 20 -1 18 -1 -1 
-1 -1 2 3 4 5 6 -1 -1 -1 -1 -1 -1 1 -1 -1 -1 -1 -1 -1 -1 -1 -1 -1 7 -1 10 11 -1 -1 8 28 -1 -1 -1 15 -1 -1 12 -1 -1 -1 14 -1 -1 31 23 -1 -1 -1 -1 -1 -1 -1 -1 -1 -1 -1 29 -1 -1 -1 27 -1 26 -1 25 -1 -1 17 -1 -1 -1 -1 -1 -1 19 -1 -1 9 -1 -1 24 22 21 20 -1 18 -1 -1 
-1 -1 2 3 4 5 6 -1 -1 -1 -1 -1 -1 1 -1 -1 -1 -1 -1 -1 -1 -1 -1 -1 -1 -1 10 11 -1 -1 8 28 -1 -1 -1 15 -1 -1 12 -1 -1 7 14 -1 -1 31 23 -1 -1 -1 -1 -1 -1 -1 -1 -1 -1 -1 29 -1 -1 -1 27 -1 26 -1 25 -1 -1 17 -1 -1 -1 -1 -1 -1 19 -1 -1 9 -1 -1 24 22 21 20 -1 18 -1 -1 
-1 -1 2 3 4 5 6 -1 -1 -1 -1 -1 -1 1 -1 -1 -1 -1 -1 -1 -1 -1 -1 -1 -1 -1 10 11 -1 -1 8 28 -1 -1 -1 15 -1 -1 12 -1 -1 7 14 -1 -1 31 23 -1 -1 -1 -1 -1 -1 -1 -1 -1 -1 -1 29 -1 -1 -1 27 26 -1 -1 25 -1 -1 17 -1 -1 -1 -1 -1 -1 19 -1 -1 9 -1 -1 24 22 21 20 -1 18 -1 -1 
-1 -1 2 3 4 5 6 -1 -1 -1 -1 -1 -1 -1 -1 -1 -1 -1 -1 -1 1 -1 -1 -1 -1 -1 10 11 -1 -1 8 28 -1 -1 -1 15 -1 -1 12 -1 -1 7 14 -1 -1 31 23 -1 -1 -1 -1 -1 -1 -1 -1 -1 -1 -1 29 -1 -1 -1 27 26 -1 -1 25 -1 -1 17 -1 -1 -1 -1 -1 -1 19 -1 -1 9 -1 -1 24 22 21 20 -1 18 -1 -1 
-1 -1 2 3 4 5 6 -1 -1 -1 -1 -1 -1 -1 -1 -1 -1 -1 -1 -1 1 -1 -1 -1 -1 -1 10 11 -1 -1 8 28 -1 -1 -1 15 -1 -1 12 -1 -1 7 14 -1 -1 31 23 -1 -1 -1 -1 -1 -1 -1 -1 -1 -1 -1 29 -1 -1 -1 27 -1 -1 26 25 -1 -1 17 -1 -1 -1 -1 -1 -1 19 -1 -1 9 -1 -1 24 22 21 20 -1 18 -1 -1 
-1 -1 2 3 4 5 -1 -1 -1 -1 -1 -1 -1 -1 -1 -1 -1 -1 -1 -1 1 -1 6 -1 -1 -1 10 11 -1 -1 8 28 -1 -1 -1 15 -1 -1 12 -1 -1 7 14 -1 -1 31 23 -1 -1 -1 -1 -1 -1 -1 -1 -1 -1 -1 29 -1 -1 -1 27 -1 -1 26 25 -1 -1 17 -1 -1 -1 -1 -1 -1 19 -1 -1 9 -1 -1 24 22 21 20 -1 18 -1 -1 
-1 -1 2 3 4 5 -1 -1 -1 -1 -1 -1 -1 -1 -1 -1 -1 -1 -1 -1 1 -1 6 -1 -1 -1 10 11 -1 -1 8 28 -1 -1 -1 15 -1 -1 12 -1 -1 7 14 -1 -1 31 -1 -1 -1 -1 -1 -1 -1 -1 -1 -1 -1 -1 29 -1 -1 -1 27 23 -1 26 25 -1 -1 17 -1 -1 -1 -1 -1 -1 19 -1 -1 9 -1 -1 24 22 21 20 -1 18 -1 -1 
-1 -1 2 3 4 5 -1 -1 -1 -1 -1 -1 -1 -1 -1 -1 -1 -1 -1 -1 1 -1 6 -1 10 -1 -1 11 -1 -1 8 28 -1 -1 -1 15 -1 -1 12 -1 -1 7 14 -1 -1 31 -1 -1 -1 -1 -1 -1 -1 -1 -1 -1 -1 -1 29 -1 -1 -1 27 23 -1 26 25 -1 -1 17 -1 -1 -1 -1 -1 -1 19 -1 -1 9 -1 -1 24 22 21 20 -1 18 -1 -1 
-1 -1 2 3 4 5 -1 -1 -1 -1 -1 -1 -1 -1 -1 -1 -1 -1 -1 -1 1 -1 6 -1 10 -1 -1 11 -1 -1 8 28 -1 -1 -1 15 -1 -1 12 -1 -1 7 14 -1 -1 31 24 -1 -1 -1 -1 -1 -1 -1 -1 -1 -1 -1 29 -1 -1 -1 27 23 -1 26 25 -1 -1 17 -1 -1 -1 -1 -1 -1 19 -1 -1 9 -1 -1 -1 22 21 20 -1 18 -1 -1 
-1 -1 2 3 4 5 -1 -1 -1 -1 -1 -1 -1 -1 -1 -1 -1 -1 -1 -1 1 -1 6 -1 10 -1 -1 11 -1 -1 -1 28 -1 -1 -1 15 -1 -1 12 -1 -1 7 14 -1 -1 31 24 -1 8 -1 -1 -1 -1 -1 -1 -1 -1 -1 29 -1 -1 -1 27 23 -1 26 25 -1 -1 17 -1 -1 -1 -1 -1 -1 19 -1 -1 9 -1 -1 -1 22 21 20 -1 18 -1 -1 
-1 -1 2 3 4 5 -1 -1 -1 -1 -1 -1 -1 -1 -1 -1 -1 -1 -1 -1 1 -1 6 -1 10 -1 -1 11 -1 -1 -1 28 -1 -1 -1 15 -1 -1 12 -1 -1 7 14 -1 -1 31 24 -1 8 -1 -1 -1 -1 -1 -1 -1 -1 -1 29 -1 -1 -1 27 23 -1 26 25 22 -1 17 -1 -1 -1 -1 -1 -1 19 -1 -1 9 -1 -1 -1 -1 21 20 -1 18 -1 -1 
-1 -1 2 3 4 5 -1 -1 -1 -1 -1 -1 -1 -1 -1 -1 -1 -1 -1 -1 1 -1 6 -1 10 -1 -1 11 -1 -1 -1 28 -1 -1 -1 15 -1 -1 12 -1 -1 7 14 -1 -1 31 8 -1 -1 -1 -1 -1 -1 -1 -1 -1 -1 -1 29 -1 -1 -1 27 23 -1 26 25 22 -1 17 -1 -1 -1 -1 -1 -1 19 -1 -1 9 -1 -1 -1 -1 21 20 -1 18 -1 -1 
-1 -1 2 3 4 5 -1 -1 -1 -1 -1 -1 -1 -1 -1 -1 -1 -1 -1 -1 1 -1 6 -1 10 -1 -1 11 -1 -1 -1 28 -1 -1 -1 15 -1 -1 12 -1 -1 7 14 -1 -1 31 23 -1 -1 -1 -1 -1 -1 -1 -1 -1 -1 -1 29 -1 -1 -1 27 -1 -1 26 25 22 -1 17 -1 -1 -1 -1 -1 -1 19 -1 -1 9 -1 -1 -1 -1 21 20 -1 18 -1 -1 
-1 -1 2 3 4 5 -1 -1 -1 -1 -1 -1 -1 -1 -1 -1 -1 -1 -1 -1 1 -1 6 -1 10 -1 -1 11 -1 -1 -1 28 -1 -1 -1 15 -1 -1 12 -1 -1 7 14 -1 -1 31 23 -1 -1 -1 -1 -1 9 -1 -1 -1 -1 -1 29 -1 -1 -1 27 -1 -1 26 25 22 -1 17 -1 -1 -1 -1 -1 -1 19 -1 -1 -1 -1 -1 -1 -1 21 20 -1 18 -1 -1 
-1 -1 2 3 4 5 -1 -1 -1 -1 -1 -1 -1 -1 -1 -1 -1 -1 -1 -1 1 -1 6 -1 10 -1 -1 11 -1 -1 -1 28 -1 -1 -1 15 -1 -1 12 -1 -1 7 14 -1 -1 31 -1 -1 -1 -1 -1 -1 9 -1 -1 -1 -1 -1 29 -1 -1 -1 27 23 -1 26 25 22 -1 17 -1 -1 -1 -1 -1 -1 19 -1 -1 -1 -1 -1 -1 -1 21 20 -1 18 -1 -1 
-1 -1 2 3 4 5 -1 -1 -1 -1 -1 -1 -1 -1 -1 -1 -1 -1 -1 -1 1 -1 6 -1 -1 -1 -1 11 -1 -1 -1 28 -1 -1 -1 15 -1 -1 12 -1 -1 7 14 -1 -1 31 -1 -1 -1 -1 -1 -1 9 -1 -1 -1 -1 -1 29 -1 10 -1 27 23 -1 26 25 22 -1 17 -1 -1 -1 -1 -1 -1 19 -1 -1 -1 -1 -1 -1 -1 21 20 -1 18 -1 -1 
-1 -1 2 3 4 5 -1 -1 -1 -1 -1 -1 -1 -1 -1 -1 -1 -1 -1 -1 1 -1 6 -1 -1 -1 -1 11 -1 -1 -1 28 -1 -1 -1 15 -1 -1 12 -1 -1 7 14 -1 -1 31 -1 -1 -1 -1 -1 -1 9 -1 -1 -1 -1 -1 29 -1 10 -1 27 23 -1 -1 25 22 -1 17 -1 -1 -1 -1 26 -1 19 -1 -1 -1 -1 -1 -1 -1 21 20 -1 18 -1 -1 
-1 -1 2 3 4 5 -1 -1 -1 -1 -1 -1 -1 -1 -1 -1 -1 -1 -1 -1 -1 -1 6 -1 -1 -1 -1 11 -1 -1 -1 28 -1 -1 -1 15 -1 -1 12 1 -1 7 14 -1 -1 31 -1 -1 -1 -1 -1 -1 9 -1 -1 -1 -1 -1 29 -1 10 -1 27 23 -1 -1 25 22 -1 17 -1 -1 -1 -1 26 -1 19 -1 -1 -1 -1 -1 -1 -1 21 20 -1 18 -1 -1 
-1 -1 2 3 4 5 -1 -1 -1 -1 -1 -1 -1 -1 -1 -1 -1 -1 -1 -1 -1 -1 6 -1 -1 -1 -1 11 -1 -1 -1 28 -1 -1 -1 15 -1 -1 12 1 -1 7 14 -1 -1 31 -1 -1 -1 -1 -1 -1 9 -1 -1 -1 -1 -1 29 -1 10 -1 27 23 -1 -1 25 22 -1 17 -1 -1 26 -1 -1 -1 19 -1 -1 -1 -1 -1 -1 -1 21 20 -1 18 -1 -1 
-1 -1 2 3 4 5 -1 -1 -1 -1 -1 -1 -1 -1 -1 -1 -1 -1 -1 -1 -1 -1 6 -1 -1 -1 -1 11 -1 -1 -1 28 -1 -1 -1 15 -1 -1 12 -1 -1 7 14 -1 -1 31 -1 -1 -1 -1 1 -1 9 -1 -1 -1 -1 -1 29 -1 10 -1 27 23 -1 -1 25 22 -1 17 -1 -1 26 -1 -1 -1 19 -1 -1 -1 -1 -1 -1 -1 21 20 -1 18 -1 -1 
-1 -1 2 3 4 5 -1 -1 -1 -1 -1 -1 -1 -1 -1 -1 -1 -1 -1 -1 -1 -1 6 -1 -1 -1 -1 11 -1 -1 -1 28 -1 -1 -1 15 -1 -1 12 -1 -1 7 14 -1 -1 31 -1 -1 -1 -1 1 -1 9 -1 -1 -1 -1 -1 29 -1 10 -1 27 23 -1 -1 25 22 -1 -1 -1 -1 26 -1 -1 -1 19 -1 -1 -1 -1 -1 -1 -1 21 20 -1 18 17 -1 
-1 -1 2 3 4 5 -1 -1 -1 -1 -1 -1 -1 -1 -1 -1 -1 -1 -1 -1 -1 -1 6 -1 -1 -1 -1 11 -1 -1 -1 28 -1 -1 -1 15 -1 -1 12 -1 -1 7 14 -1 -1 31 -1 -1 -1 -1 1 -1 -1 -1 -1 -1 -1 -1 29 -1 10 9 27 23 -1 -1 25 22 -1 -1 -1 -1 26 -1 -1 -1 19 -1 -1 -1 -1 -1 -1 -1 21 20 -1 18 17 -1 
-1 -1 2 3 4 5 -1 -1 -1 -1 -1 -1 -1 -1 -1 -1 -1 -1 -1 -1 -1 -1 6 -1 -1 -1 -1 11 -1 -1 -1 28 -1 -1 -1 15 -1 -1 12 -1 -1 7 14 -1 -1 31 -1 -1 -1 -1 1 -1 -1 -1 -1 -1 -1 -1 29 -1 10 9 27 23 -1 -1 25 22 -1 -1 -1 17 26 -1 -1 -1 19 -1 -1 -1 -1 -1 -1 -1 21 20 -1 18 -1 -1 
-1 -1 2 3 4 5 -1 -1 -1 -1 -1 -1 -1 -1 -1 -1 -1 -1 -1 -1 -1 -1 6 -1 -1 -1 -1 11 -1 -1 -1 28 -1 -1 -1 15 -1 -1 12 -1 -1 7 14 -1 -1 31 -1 -1 -1 -1 1 -1 -1 -1 -1 -1 -1 -1 29 -1 -1 9 10 23 -1 -1 25 22 -1 -1 -1 17 26 -1 -1 -1 19 -1 -1 -1 -1 -1 -1 -1 21 20 -1 18 -1 -1 
-1 -1 2 3 4 5 -1 -1 -1 -1 -1 -1 -1 -1 -1 -1 -1 -1 -1 -1 -1 -1 6 -1 -1 -1 -1 11 -1 -1 -1 28 -1 -1 -1 15 -1 -1 12 -1 -1 7 14 -1 -1 31 -1 -1 -1 29 1 -1 -1 -1 -1 -1 -1 -1 -1 -1 -1 9 10 23 -1 -1 25 22 -1 -1 -1 17 26 -1 -1 -1 19 -1 -1 -1 -1 -1 -1 -1 21 20 -1 18 -1 -1 
-1 -1 2 3 4 5 -1 -1 -1 -1 -1 -1 -1 -1 -1 -1 -1 -1 -1 -1 -1 -1 6 -1 -1 -1 -1 11 -1 -1 -1 28 -1 -1 -1 15 -1 -1 12 -1 -1 7 14 -1 -1 31 -1 -1 -1 29 1 -1 9 -1 -1 -1 -1 -1 -1 -1 -1 -1 10 23 -1 -1 25 22 -1 -1 -1 17 26 -1 -1 -1 19 -1 -1 -1 -1 -1 -1 -1 21 20 -1 18 -1 -1 
-1 -1 2 3 4 5 -1 -1 -1 -1 -1 -1 -1 -1 -1 -1 -1 -1 -1 -1 -1 -1 6 -1 -1 -1 -1 11 -1 -1 -1 28 -1 -1 -1 15 -1 -1 12 -1 -1 7 14 -1 -1 31 23 -1 -1 29 1 -1 9 -1 -1 -1 -1 -1 -1 -1 -1 -1 10 -1 -1 -1 25 22 -1 -1 -1 17 26 -1 -1 -1 19 -1 -1 -1 -1 -1 -1 -1 21 20 -1 18 -1 -1 
-1 -1 2 3 4 5 -1 -1 -1 -1 -1 -1 -1 -1 -1 -1 -1 -1 -1 -1 -1 -1 6 -1 -1 -1 -1 11 -1 -1 -1 28 -1 -1 -1 15 -1 -1 12 -1 -1 7 14 -1 -1 31 23 -1 -1 29 -1 -1 9 -1 -1 -1 -1 -1 -1 -1 -1 -1 10 -1 -1 -1 25 1 -1 -1 -1 17 26 -1 -1 -1 19 -1 -1 -1 -1 -1 -1 -1 21 20 -1 18 -1 -1 
-1 -1 2 3 4 5 -1 -1 -1 -1 -1 -1 -1 -1 -1 -1 -1 -1 -1 -1 -1 -1 6 -1 -1 -1 -1 11 -1 -1 -1 28 -1 -1 -1 15 -1 -1 12 23 -1 7 14 -1 -1 31 -1 -1 -1 29 -1 -1 9 -1 -1 -1 -1 -1 -1 -1 -1 -1 10 -1 -1 -1 25 1 -1 -1 -1 17 26 -1 -1 -1 19 -1 -1 -1 -1 -1 -1 -1 21 20 -1 18 -1 -1 
-1 -1 2 3 4 5 -1 -1 -1 -1 -1 -1 -1 -1 -1 -1 -1 -1 -1 -1 -1 -1 6 -1 -1 -1 -1 11 -1 -1 -1 28 -1 -1 -1 15 -1 -1 12 23 -1 7 14 -1 -1 31 -1 -1 -1 29 -1 -1 9 -1 -1 -1 -1 -1 -1 -1 1 -1 10 -1 -1 -1 25 -1 -1 -1 -1 17 26 -1 -1 -1 19 -1 -1 -1 -1 -1 -1 -1 21 20 -1 18 -1 -1 
-1 -1 2 3 4 5 -1 -1 -1 -1 -1 -1 -1 -1 -1 -1 -1 -1 -1 -1 -1 -1 6 -1 -1 -1 -1 26 -1 -1 -1 28 -1 -1 -1 15 -1 -1 12 23 -1 7 14 -1 -1 31 -1 -1 -1 29 -1 -1 9 -1 -1 -1 -1 -1 -1 -1 1 -1 10 -1 -1 -1 25 -1 -1 -1 -1 17 -1 -1 -1 -1 19 -1 -1 -1 -1 -1 -1 -1 21 20 -1 18 -1 -1 
-1 -1 2 3 4 5 -1 -1 -1 -1 -1 -1 -1 -1 -1 -1 -1 -1 -1 -1 -1 -1 6 -1 -1 -1 -1 26 -1 -1 -1 28 -1 -1 -1 15 -1 -1 12 23 -1 7 14 -1 -1 9 -1 -1 -1 29 -1 -1 -1 -1 -1 -1 -1 -1 -1 -1 1 -1 10 -1 -1 -1 25 -1 -1 -1 -1 17 -1 -1 -1 -1 19 -1 -1 -1 -1 -1 -1 -1 21 20 -1 18 -1 -1 
-1 -1 2 3 4 5 -1 -1 -1 -1 -1 -1 -1 -1 -1 -1 -1 -1 -1 -1 -1 -1 6 -1 -1 -1 -1 26 -1 -1 -1 28 -1 -1 -1 15 -1 -1 12 23 -1 7 14 -1 -1 9 -1 -1 -1 29 -1 -1 -1 -1 -1 -1 -1 -1 -1 -1 1 -1 10 -1 -1 -1 25 -1 19 -1 -1 17 -1 -1 -1 -1 -1 -1 -1 -1 -1 -1 -1 -1 21 20 -1 18 -1 -1 
-1 -1 2 3 4 5 -1 -1 -1 -1 -1 -1 -1 -1 -1 -1 -1 -1 -1 -1 -1 -1 6 -1 -1 -1 -1 26 -1 -1 -1 28 -1 -1 -1 15 -1 -1 12 23 -1 7 14 -1 -1 9 -1 -1 -1 1 -1 -1 -1 -1 -1 -1 -1 -1 -1 -1 -1 -1 10 -1 -1 -1 25 -1 19 -1 -1 17 -1 -1 -1 -1 -1 -1 -1 -1 -1 -1 -1 -1 21 20 -1 18 -1 -1 
-1 -1 2 3 4 5 -1 -1 -1 -1 -1 -1 -1 -1 -1 -1 -1 -1 -1 -1 -1 -1 6 -1 -1 -1 -1 26 -1 -1 -1 28 -1 -1 -1 15 -1 -1 12 23 -1 7 14 -1 -1 9 -1 -1 -1 1 -1 -1 -1 -1 -1 -1 -1 -1 -1 -1 -1 -1 10 -1 -1 -1 25 -1 19 -1 -1 17 -1 -1 -1 -1 21 -1 -1 -1 -1 -1 -1 -1 -1 20 -1 18 -1 -1 
-1 -1 2 3 4 5 -1 -1 -1 -1 -1 -1 -1 -1 -1 -1 -1 -1 -1 -1 -1 -1 6 -1 -1 -1 -1 26 -1 -1 -1 28 -1 -1 -1 15 -1 -1 12 23 -1 7 14 -1 -1 9 -1 -1 -1 -1 -1 -1 -1 -1 -1 -1 -1 -1 -1 -1 -1 -1 10 -1 -1 -1 1 -1 19 -1 -1 17 -1 -1 -1 -1 21 -1 -1 -1 -1 -1 -1 -1 -1 20 -1 18 -1 -1 
-1 -1 2 3 4 5 -1 -1 -1 -1 -1 -1 -1 -1 -1 -1 -1 -1 -1 -1 -1 -1 6 -1 -1 -1 -1 26 -1 -1 -1 28 -1 -1 -1 15 -1 -1 12 23 -1 7 14 -1 -1 9 -1 -1 -1 -1 -1 -1 -1 -1 -1 -1 -1 -1 -1 -1 -1 -1 10 -1 -1 -1 21 -1 19 -1 -1 17 -1 -1 -1 -1 -1 -1 -1 -1 -1 -1 -1 -1 -1 20 -1 18 -1 -1 
-1 -1 2 3 4 5 -1 -1 -1 -1 -1 -1 -1 -1 -1 -1 -1 -1 -1 -1 -1 -1 6 -1 -1 -1 -1 26 -1 -1 -1 28 -1 -1 -1 15 9 -1 12 23 -1 7 14 -1 -1 -1 -1 -1 -1 -1 -1 -1 -1 -1 -1 -1 -1 -1 -1 -1 -1 -1 10 -1 -1 -1 21 -1 19 -1 -1 17 -1 -1 -1 -1 -1 -1 -1 -1 -1 -1 -1 -1 -1 20 -1 18 -1 -1 
-1 -1 2 3 4 5 -1 -1 -1 -1 -1 -1 -1 -1 -1 -1 -1 -1 -1 -1 -1 -1 6 -1 -1 -1 -1 26 -1 -1 -1 28 23 -1 -1 15 9 -1 12 -1 -1 7 14 -1 -1 -1 -1 -1 -1 -1 -1 -1 -1 -1 -1 -1 -1 -1 -1 -1 -1 -1 10 -1 -1 -1 21 -1 19 -1 -1 17 -1 -1 -1 -1 -1 -1 -1 -1 -1 -1 -1 -1 -1 20 -1 18 -1 -1 
-1 -1 2 3 4 5 -1 -1 -1 -1 -1 -1 -1 -1 -1 -1 -1 -1 -1 -1 -1 -1 6 -1 -1 -1 -1 26 -1 -1 -1 28 23 -1 -1 -1 9 -1 12 -1 -1 7 14 -1 15 -1 -1 -1 -1 -1 -1 -1 -1 -1 -1 -1 -1 -1 -1 -1 -1 -1 10 -1 -1 -1 21 -1 19 -1 -1 17 -1 -1 -1 -1 -1 -1 -1 -1 -1 -1 -1 -1 -1 20 -1 18 -1 -1 
-1 -1 2 3 4 5 -1 -1 -1 -1 -1 -1 -1 -1 -1 23 -1 -1 -1 -1 -1 -1 6 -1 -1 -1 -1 26 -1 -1 -1 28 -1 -1 -1 -1 9 -1 12 -1 -1 7 14 -1 15 -1 -1 -1 -1 -1 -1 -1 -1 -1 -1 -1 -1 -1 -1 -1 -1 -1 10 -1 -1 -1 21 -1 19 -1 -1 17 -1 -1 -1 -1 -1 -1 -1 -1 -1 -1 -1 -1 -1 20 -1 18 -1 -1 
-1 -1 2 3 -1 5 -1 -1 -1 -1 -1 -1 -1 4 -1 23 -1 -1 -1 -1 -1 -1 6 -1 -1 -1 -1 26 -1 -1 -1 28 -1 -1 -1 -1 9 -1 12 -1 -1 7 14 -1 15 -1 -1 -1 -1 -1 -1 -1 -1 -1 -1 -1 -1 -1 -1 -1 -1 -1 10 -1 -1 -1 21 -1 19 -1 -1 17 -1 -1 -1 -1 -1 -1 -1 -1 -1 -1 -1 -1 -1 20 -1 18 -1 -1 
-1 -1 2 3 -1 5 -1 -1 -1 -1 -1 -1 -1 4 -1 -1 -1 -1 -1 -1 -1 -1 6 -1 -1 -1 -1 26 -1 -1 -1 28 -1 -1 23 -1 9 -1 12 -1 -1 7 14 -1 15 -1 -1 -1 -1 -1 -1 -1 -1 -1 -1 -1 -1 -1 -1 -1 -1 -1 10 -1 -1 -1 21 -1 19 -1 -1 17 -1 -1 -1 -1 -1 -1 -1 -1 -1 -1 -1 -1 -1 20 -1 18 -1 -1 
-1 -1 2 3 -1 5 -1 -1 -1 -1 -1 -1 -1 4 -1 -1 -1 -1 -1 -1 -1 -1 6 -1 -1 -1 -1 26 -1 -1 -1 28 -1 -1 23 -1 9 -1 12 -1 -1 -1 14 -1 15 -1 -1 -1 7 -1 -1 -1 -1 -1 -1 -1 -1 -1 -1 -1 -1 -1 10 -1 -1 -1 21 -1 19 -1 -1 17 -1 -1 -1 -1 -1 -1 -1 -1 -1 -1 -1 -1 -1 20 -1 18 -1 -1 
-1 -1 2 3 -1 5 -1 -1 -1 -1 -1 -1 -1 4 -1 -1 -1 -1 -1 -1 -1 -1 6 -1 -1 -1 -1 26 -1 -1 -1 28 -1 -1 23 -1 9 -1 12 -1 -1 -1 14 -1 15 -1 -1 -1 7 -1 -1 -1 -1 -1 -1 -1 -1 -1 -1 -1 -1 -1 10 -1 -1 -1 21 -1 19 -1 -1 -1 -1 -1 -1 -1 -1 -1 17 -1 -1 -1 -1 -1 -1 20 -1 18 -1 -1 
-1 -1 2 3 -1 5 -1 -1 -1 -1 -1 -1 -1 4 -1 -1 -1 -1 -1 -1 -1 -1 6 -1 -1 -1 -1 26 -1 -1 -1 28 -1 -1 23 -1 9 -1 12 -1 -1 -1 14 -1 15 -1 -1 -1 7 -1 -1 -1 -1 -1 -1 -1 -1 -1 10 -1 -1 -1 -1 -1 -1 -1 21 -1 19 -1 -1 -1 -1 -1 -1 -1 -1 -1 17 -1 -1 -1 -1 -1 -1 20 -1 18 -1 -1 
-1 -1 2 3 -1 5 -1 -1 -1 -1 -1 -1 -1 4 -1 -1 -1 -1 -1 -1 -1 -1 6 -1 -1 -1 -1 26 -1 -1 -1 28 -1 -1 23 -1 9 -1 12 -1 -1 -1 14 -1 15 -1 -1 -1 7 -1 -1 -1 -1 -1 -1 -1 -1 -1 10 -1 -1 -1 -1 -1 -1 -1 21 -1 19 -1 -1 -1 -1 -1 -1 -1 -1 -1 17 -1 -1 -1 -1 -1 -1 -1 20 18 -1 -1 
-1 -1 2 3 -1 5 -1 -1 -1 -1 -1 -1 -1 4 -1 -1 -1 -1 -1 -1 -1 -1 6 -1 -1 -1 -1 26 -1 -1 -1 28 -1 -1 23 -1 9 -1 12 -1 -1 -1 14 -1 15 -1 -1 -1 7 -1 -1 -1 -1 -1 -1 -1 -1 -1 10 1 -1 -1 -1 -1 -1 -1 -1 -1 19 -1 -1 -1 -1 -1 -1 -1 -1 -1 17 -1 -1 -1 -1 -1 -1 -1 20 18 -1 -1 
-1 -1 2 3 -1 5 -1 -1 -1 -1 -1 -1 -1 4 -1 -1 -1 -1 -1 -1 -1 -1 6 -1 -1 -1 -1 26 -1 -1 -1 28 -1 -1 23 -1 9 -1 12 -1 -1 -1 14 -1 15 -1 -1 -1 7 -1 -1 -1 -1 -1 -1 -1 -1 -1 10 1 -1 17 -1 -1 -1 -1 -1 -1 19 -1 -1 -1 -1 -1 -1 -1 -1 -1 -1 -1 -1 -1 -1 -1 -1 -1 20 18 -1 -1 
-1 -1 2 3 -1 5 -1 -1 -1 -1 -1 -1 -1 4 -1 -1 -1 -1 -1 -1 -1 -1 6 -1 -1 -1 -1 26 -1 -1 -1 28 -1 -1 23 -1 9 -1 12 -1 -1 -1 14 -1 15 -1 -1 -1 7 -1 -1 -1 -1 -1 -1 -1 -1 -1 10 -1 -1 17 -1 -1 -1 -1 -1 -1 19 -1 -1 -1 -1 -1 -1 -1 -1 -1 1 -1 -1 -1 -1 -1 -1 -1 20 18 -1 -1 
-1 -1 2 3 -1 5 -1 -1 -1 -1 -1 -1 -1 4 -1 -1 -1 -1 -1 -1 -1 -1 6 -1 -1 -1 -1 26 -1 -1 -1 28 -1 -1 23 -1 9 -1 12 -1 -1 -1 14 -1 17 -1 -1 -1 7 -1 -1 -1 -1 -1 -1 -1 -1 -1 10 -1 -1 -1 -1 -1 -1 -1 -1 -1 19 -1 -1 -1 -1 -1 -1 -1 -1 -1 1 -1 -1 -1 -1 -1 -1 -1 20 18 -1 -1 
-1 -1 2 3 -1 5 -1 -1 -1 -1 -1 -1 -1 4 -1 -1 -1 -1 -1 -1 -1 -1 6 -1 -1 -1 -1 26 -1 -1 -1 28 -1 -1 23 -1 -1 -1 12 -1 -1 -1 14 -1 17 9 -1 -1 7 -1 -1 -1 -1 -1 -1 -1 -1 -1 10 -1 -1 -1 -1 -1 -1 -1 -1 -1 19 -1 -1 -1 -1 -1 -1 -1 -1 -1 1 -1 -1 -1 -1 -1 -1 -1 20 18 -1 -1 
