0 1 2 3 4 5 6 7 8 -1 -1 -1 -1 -1 -1 -1 -1 -1 -1 9 -1 -1 -1 -1 -1 10 -1 11 -1 12 -1 13 -1 14 -1 15 -1 -1 -1 -1 -1 -1 -1 -1 -1 -1 -1 -1 -1 -1 -1 -1 -1 -1 -1 -1 -1 -1 29 -1 28 -1 27 -1 26 -1 -1 25 -1 -1 -1 -1 -1 -1 -1 -1 -1 -1 -1 -1 -1 24 23 22 21 20 19 18 17 16 
0 1 2 3 4 5 6 -1 8 -1 -1 -1 -1 -1 -1 -1 -1 -1 -1 9 -1 -1 -1 -1 7 10 -1 11 -1 12 -1 13 -1 14 -1 15 -1 -1 -1 -1 -1 -1 -1 -1 -1 -1 -1 -1 -1 -1 -1 -1 -1 -1 -1 -1 -1 -1 29 -1 28 -1 27 -1 26 -1 -1 25 -1 -1 -1 -1 -1 -1 -1 -1 -1 -1 -1 -1 -1 24 23 22 21 20 19 18 17 16 
0 1 2 3 4 5 6 -1 8 -1 -1 -1 -1 -1 -1 -1 -1 -1 -1 9 -1 -1 -1 -1 7 10 -1 11 -1 12 -1 13 -1 14 -1 15 -1 -1 -1 -1 -1 -1 -1 -1 -1 -1 -1 -1 -1 -1 -1 -1 -1 -1 -1 -1 -1 -1 29 -1 28 -1 27 -1 26 -1 -1 25 -1 17 -1 -1 -1 -1 -1 -1 -1 -1 -1 -1 -1 24 23 22 21 20 19 18 -1 16 
0 1 2 3 4 5 6 8 -1 -1 -1 -1 -1 -1 -1 -1 -1 -1 -1 9 -1 -1 -1 -1 7 10 -1 11 -1 12 -1 13 -1 14 -1 15 -1 -1 -1 -1 -1 -1 -1 -1 -1 -1 -1 -1 -1 -1 -1 -1 -1 -1 -1 -1 -1 -1 29 -1 28 -1 27 -1 26 -1 -1 25 -1 17 -1 -1 -1 -1 -1 -1 -1 -1 -1 -1 -1 24 23 22 21 20 19 18 -1 16 
0 1 2 3 4 5 6 8 -1 -1 -1 -1 -1 -1 -1 -1 -1 -1 -1 9 -1 -1 -1 -1 7 10 -1 11 -1 12 -1 13 -1 14 -1 15 -1 -1 -1 -1 -1 -1 -1 -1 -1 -1 -1 -1 -1 -1 -1 -1 -1 -1 -1 -1 -1 -1 29 -1 28 -1 27 -1 26 -1 -1 25 -1 17 -1 -1 -1 -1 -1 -1 -1 -1 -1 -1 -1 24 23 22 21 20 19 18 16 -1 
0 -1 2 3 4 5 6 8 -1 -1 -1 -1 -1 -1 -1 -1 -1 -1 -1 9 1 -1 -1 -1 7 10 -1 11 -1 12 -1 13 -1 14 -1 15 -1 -1 -1 -1 -1 -1 -1 -1 -1 -1 -1 -1 -1 -1 -1 -1 -1 -1 -1 -1 -1 -1 29 -1 28 -1 27 -1 26 -1 -1 25 -1 17 -1 -1 -1 -1 -1 -1 -1 -1 -1 -1 -1 24 23 22 21 20 19 18 16 -1 
0 -1 2 3 4 5 6 8 -1 -1 -1 -1 -1 -1 -1 -1 -1 -1 -1 9 1 -1 -1 -1 7 10 -1 11 -1 12 -1 13 -1 14 -1 15 -1 -1 -1 -1 -1 -1 -1 -1 -1 -1 -1 -1 -1 -1 -1 -1 -1 -1 -1 -1 -1 -1 29 -1 28 -1 27 23 26 -1 -1 25 -1 17 -1 -1 -1 -1 -1 -1 -1 -1 -1 -1 -1 24 -1 22 21 20 19 18 16 -1 
0 -1 2 3 4 5 6 8 -1 -1 -1 -1 -1 -1 -1 -1 -1 -1 -1 9 1 -1 -1 -1 7 10 -1 11 -1 12 -1 13 -1 -1 -1 15 -1 -1 -1 -1 -1 -1 14 -1 -1 -1 -1 -1 -1 -1 -1 -1 -1 -1 -1 -1 -1 -1 29 -1 28 -1 27 23 26 -1 -1 25 -1 17 -1 -1 -1 -1 -1 -1 -1 -1 -1 -1 -1 24 -1 22 21 20 19 18 16 -1 
0 -1 2 3 4 5 6 8 -1 -1 -1 -1 -1 -1 -1 -1 -1 -1 -1 9 1 -1 -1 -1 7 10 -1 11 -1 12 -1 13 -1 -1 -1 15 -1 -1 -1 -1 -1 -1 14 -1 -1 -1 -1 -1 -1 -1 -1 -1 -1 -1 -1 -1 -1 -1 29 -1 28 -1 27 23 -1 26 -1 25 -1 17 -1 -1 -1 -1 -1 -1 -1 -1 -1 -1 -1 24 -1 22 21 20 19 18 16 -1 
-1 0 2 3 4 5 6 8 -1 -1 -1 -1 -1 -1 -1 -1 -1 -1 -1 9 1 -1 -1 -1 7 10 -1 11 -1 12 -1 13 -1 -1 -1 15 -1 -1 -1 -1 -1 -1 14 -1 -1 -1 -1 -1 -1 -1 -1 -1 -1 -1 -1 -1 -1 -1 29 -1 28 -1 27 23 -1 26 -1 25 -1 17 -1 -1 -1 -1 -1 -1 -1 -1 -1 -1 -1 24 -1 22 21 20 19 18 16 -1 
-1 0 2 3 4 5 6 8 -1 -1 -1 -1 -1 -1 -1 -1 -1 -1 -1 9 1 -1 -1 -1 7 10 -1 11 -1 12 -1 13 -1 -1 -1 15 -1 -1 -1 -1 -1 -1 14 -1 -1 -1 -1 -1 -1 -1 -1 -1 -1 -1 -1 -1 -1 -1 29 -1 28 -1 27 23 -1 26 -1 25 -1 17 -1 -1 -1 -1 -1 -1 -1 -1 -1 -1 -1 -1 24 22 21 20 19 18 16 -1 
-1 0 2 3 4 5 6 8 -1 -1 -1 -1 -1 -1 -1 -1 -1 -1 -1 -1 1 -1 -1 -1 7 10 -1 11 -1 12 -1 13 -1 -1 -1 15 -1 -1 -1 -1 -1 -1 14 -1 -1 -1 -1 -1 -1 -1 -1 -1 -1 -1 -1 9 -1 -1 29 -1 28 -1 27 23 -1 26 -1 25 -1 17 -1 -1 -1 -1 -1 -1 -1 -1 -1 -1 -1 -1 24 22 21 20 19 18 16 -1 
-1 0 2 3 4 5 6 8 -1 -1 -1 -1 -1 -1 -1 -1 -1 -1 -1 -1 1 -1 -1 -1 7 10 -1 11 -1 12 -1 13 -1 -1 -1 15 -1 -1 -1 -1 -1 -1 14 -1 -1 -1 -1 -1 -1 -1 -1 -1 16 -1 -1 9 -1 -1 29 -1 28 -1 27 23 -1 26 -1 25 -1 17 -1 -1 -1 -1 -1 -1 -1 -1 -1 -1 -1 -1 24 22 21 20 19 18 -1 -1 
-1 0 2 3 4 5 6 8 -1 -1 -1 -1 -1 -1 -1 -1 -1 -1 -1 -1 1 -1 -1 -1 7 -1 10 11 -1 12 -1 13 -1 -1 -1 15 -1 -1 -1 -1 -1 -1 14 -1 -1 -1 -1 -1 -1 -1 -1 -1 16 -1 -1 9 -1 -1 29 -1 28 -1 27 23 -1 26 -1 25 -1 17 -1 -1 -1 -1 -1 -1 -1 -1 -1 -1 -1 -1 24 22 21 20 19 18 -1 -1 
-1 0 2 3 4 5 6 8 -1 -1 -1 -1 -1 -1 -1 -1 -1 -1 -1 -1 1 -1 -1 -1 7 -1 10 11 -1 12 -1 13 -1 -1 -1 15 -1 -1 -1 -1 -1 -1 14 -1 -1 -1 -1 -1 -1 -1 16 -1 -1 -1 -1 9 -1 -1 29 -1 28 -1 27 23 -1 26 -1 25 -1 17 -1 -1 -1 -1 -1 -1 -1 -1 -1 -1 -1 -1 24 22 21 20 19 18 -1 -1 
-1 0 2 3 4 5 6 -1 -1 -1 -1 -1 -1 -1 -1 -1 8 -1 -1 -1 1 -1 -1 -1 7 -1 10 11 -1 12 -1 13 -1 -1 -1 15 -1 -1 -1 -1 -1 -1 14 -1 -1 -1 -1 -1 -1 -1 16 -1 -1 -1 -1 9 -1 -1 29 -1 28 -1 27 23 -1 26 -1 25 -1 17 -1 -1 -1 -1 -1 -1 -1 -1 -1 -1 -1 -1 24 22 21 20 19 18 -1 -1 
-1 0 2 3 4 5 6 -1 -1 -1 -1 -1 -1 -1 -1 -1 8 -1 -1 -1 1 -1 -1 -1 7 -1 10 11 -1 12 -1 13 -1 -1 -1 15 -1 -1 -1 -1 -1 -1 14 -1 -1 31 -1 -1 -1 -1 16 -1 -1 -1 -1 9 -1 -1 29 -1 28 -1 27 23 -1 26 -1 25 -1 17 -1 -1 -1 -1 -1 -1 -1 -1 -1 -1 -1 -1 24 22 21 20 19 18 -1 -1 
-1 0 2 3 4 5 6 -1 -1 -1 8 -1 -1 -1 -1 -1 -1 -1 -1 -1 1 -1 -1 -1 7 -1 10 11 -1 12 -1 13 -1 -1 -1 15 -1 -1 -1 -1 -1 -1 14 -1 -1 31 -1 -1 -1 -1 16 -1 -1 -1 -1 9 -1 -1 29 -1 28 -1 27 23 -1 26 -1 25 -1 17 -1 -1 -1 -1 -1 -1 -1 -1 -1 -1 -1 -1 24 22 21 20 19 18 -1 -1 
-1 0 2 3 4 5 6 -1 -1 -1 8 -1 -1 -1 -1 -1 -1 -1 -1 -1 1 -1 -1 -1 7 -1 10 11 -1 12 -1 13 -1 -1 -1 15 -1 -1 -1 -1 -1 -1 14 -1 -1 31 -1 -1 -1 -1 16 -1 -1 -1 -1 9 -1 -1 29 -1 28 -1 27 23 -1 26 -1 25 -1 17 -1 -1 -1 24 -1 -1 -1 -1 -1 -1 -1 -1 -1 22 21 20 19 18 -1 -1 
-1 0 2 3 4 5 6 -1 -1 -1 -1 -1 -1 -1 -1 -1 -1 -1 -1 -1 1 -1 -1 -1 7 -1 10 11 -1 12 -1 13 -1 -1 -1 15 -1 8 -1 -1 -1 -1 14 -1 -1 31 -1 -1 -1 -1 16 -1 -1 -1 -1 9 -1 -1 29 -1 28 -1 27 23 -1 26 -1 25 -1 17 -1 -1 -1 24 -1 -1 -1 -1 -1 -1 -1 -1 -1 22 21 20 19 18 -1 -1 
-1 0 2 3 4 5 6 -1 -1 -1 -1 -1 -1 -1 -1 -1 -1 -1 -1 -1 1 -1 -1 -1 7 -1 10 11 -1 12 -1 13 -1 -1 -1 15 -1 8 -1 -1 -1 -1 14 -1 -1 31 -1 -1 -1 -1 16 -1 -1 -1 -1 9 -1 -1 29 -1 28 -1 27 23 -1 26 -1 25 -1 17 -1 -1 -1 -1 -1 -1 -1 -1 -1 24 -1 -1 -1 22 21 20 19 18 -1 -1 
-1 0 2 3 4 5 6 -1 -1 -1 -1 -1 -1 -1 -1 -1 -1 -1 -1 -1 1 -1 -1 -1 7 -1 10 11 -1 12 -1 13 -1 -1 -1 15 -1 -1 -1 -1 -1 8 14 -1 -1 31 -1 -1 -1 -1 16 -1 -1 -1 -1 9 -1 -1 29 -1 28 -1 27 23 -1 26 -1 25 -1 17 -1 -1 -1 -1 -1 -1 -1 -1 -1 24 -1 -1 -1 22 21 20 19 18 -1 -1 
-1 0 2 3 4 5 6 -1 -1 -1 -1 -1 -1 -1 -1 -1 -1 -1 -1 -1 1 -1 -1 -1 7 -1 10 11 -1 12 -1 13 -1 -1 -1 15 -1 -1 -1 -1 -1 8 14 -1 -1 31 -1 16 -1 -1 -1 -1 -1 -1 -1 9 -1 -1 29 -1 28 -1 27 23 -1 26 -1 25 -1 17 -1 -1 -1 -1 -1 -1 -1 -1 -1 24 -1 -1 -1 22 21 20 19 18 -1 -1 
-1 0 2 3 4 5 6 -1 -1 -1 -1 -1 -1 -1 -1 -1 -1 -1 -1 -1 1 -1 -1 -1 7 -1 10 11 -1 -1 -1 13 -1 -1 -1 15 -1 -1 12 -1 -1 8 14 -1 -1 31 -1 16 -1 -1 -1 -1 -1 -1 -1 9 -1 -1 29 -1 28 -1 27 23 -1 26 -1 25 -1 17 -1 -1 -1 -1 -1 -1 -1 -1 -1 24 -1 -1 -1 22 21 20 19 18 -1 -1 
-1 0 2 3 4 5 6 -1 -1 -1 -1 -1 -1 -1 -1 -1 -1 -1 -1 -1 1 -1 -1 -1 7 -1 10 11 -1 -1 -1 13 -1 -1 -1 15 -1 -1 12 -1 -1 8 14 -1 -1 31 -1 -1 16 -1 -1 -1 -1 -1 -1 9 -1 -1 29 -1 28 -1 27 23 -1 26 -1 25 -1 17 -1 -1 -1 -1 -1 -1 -1 -1 -1 24 -1 -1 -1 22 21 20 19 18 -1 -1 
-1 0 2 -1 4 5 6 -1 -1 -1 -1 -1 -1 3 -1 -1 -1 -1 -1 -1 1 -1 -1 -1 7 -1 10 11 -1 -1 -1 13 -1 -1 -1 15 -1 -1 12 -1 -1 8 14 -1 -1 31 -1 -1 16 -1 -1 -1 -1 -1 -1 9 -1 -1 29 -1 28 -1 27 23 -1 26 -1 25 -1 17 -1 -1 -1 -1 -1 -1 -1 -1 -1 24 -1 -1 -1 22 21 20 19 18 -1 -1 
-1 0 2 -1 4 5 6 -1 -1 -1 -1 -1 -1 3 -1 -1 -1 -1 -1 -1 1 -1 -1 -1 7 -1 10 11 -1 -1 -1 13 -1 -1 -1 15 -1 -1 12 -1 -1 8 14 -1 -1 31 -1 -1 16 -1 -1 -1 24 -1 -1 9 -1 -1 29 -1 28 -1 27 23 -1 26 -1 25 -1 17 -1 -1 -1 -1 -1 -1 -1 -1 -1 -1 -1 -1 -1 22 21 20 19 18 -1 -1 
-1 0 2 -1 4 5 6 -1 -1 -1 -1 -1 -1 3 -1 -1 -1 -1 -1 9 1 -1 -1 -1 7 -1 10 11 -1 -1 -1 13 -1 -1 -1 15 -1 -1 12 -1 -1 8 14 -1 -1 31 -1 -1 16 -1 -1 -1 24 -1 -1 -1 -1 -1 29 -1 28 -1 27 23 -1 26 -1 25 -1 17 -1 -1 -1 -1 -1 -1 -1 -1 -1 -1 -1 -1 -1 22 21 20 19 18 -1 -1 
-1 0 2 -1 4 5 6 -1 -1 -1 -1 -1 -1 3 -1 -1 -1 -1 -1 9 1 -1 -1 -1 7 -1 10 11 -1 -1 -1 13 -1 -1 -1 15 -1 -1 12 -1 -1 8 14 -1 -1 31 -1 -1 16 -1 -1 -1 24 -1 -1 -1 -1 -1 29 -1 28 -1 27 23 26 -1 -1 25 -1 17 -1 -1 -1 -1 -1 -1 -1 -1 -1 -1 -1 -1 -1 22 21 20 19 18 -1 -1 
0 -1 2 -1 4 5 6 -1 -1 -1 -1 -1 -1 3 -1 -1 -1 -1 -1 9 1 -1 -1 -1 7 -1 10 11 -1 -1 -1 13 -1 -1 -1 15 -1 -1 12 -1 -1 8 14 -1 -1 31 -1 -1 16 -1 -1 -1 24 -1 -1 -1 -1 -1 29 -1 28 -1 27 23 26 -1 -1 25 -1 17 -1 -1 -1 -1 -1 -1 -1 -1 -1 -1 -1 -1 -1 22 21 20 19 18 -1 -1 
0 -1 2 -1 4 5 6 -1 -1 -1 -1 -1 -1 3 -1 -1 -1 -1 -1 9 1 -1 -1 -1 7 -1 10 11 -1 -1 -1 13 -1 -1 -1 15 -1 -1 12 -1 -1 8 14 -1 -1 31 -1 -1 16 -1 -1 -1 24 -1 -1 -1 -1 -1 29 -1 28 -1 27 23 26 -1 25 -1 -1 17 -1 -1 -1 -1 -1 -1 -1 -1 -1 -1 -1 -1 -1 22 21 20 19 18 -1 -1 
0 -1 -1 -1 4 5 6 -1 -1 -1 -1 -1 -1 3 -1 -1 -1 -1 -1 9 1 -1 2 -1 7 -1 10 11 -1 -1 -1 13 -1 -1 -1 15 -1 -1 12 -1 -1 8 14 -1 -1 31 -1 -1 16 -1 -1 -1 24 -1 -1 -1 -1 -1 29 -1 28 -1 27 23 26 -1 25 -1 -1 17 -1 -1 -1 -1 -1 -1 -1 -1 -1 -1 -1 -1 -1 22 21 20 19 18 -1 -1 
0 -1 -1 -1 4 5 6 -1 -1 -1 -1 -1 -1 3 -1 -1 -1 -1 -1 9 1 -1 2 -1 7 -1 10 11 -1 -1 -1 13 -1 -1 -1 15 -1 -1 12 -1 -1 8 14 -1 -1 31 -1 -1 16 -1 -1 -1 24 -1 -1 -1 -1 -1 29 -1 28 -1 27 23 26 -1 25 18 -1 17 -1 -1 -1 -1 -1 -1 -1 -1 -1 -1 -1 -1 -1 22 21 20 19 -1 -1 -1 
0 -1 -1 -1 4 5 6 -1 -1 -1 -1 -1 -1 3 -1 -1 -1 -1 9 -1 1 -1 2 -1 7 -1 10 11 -1 -1 -1 13 -1 -1 -1 15 -1 -1 12 -1 -1 8 14 -1 -1 31 -1 -1 16 -1 -1 -1 24 -1 -1 -1 -1 -1 29 -1 28 -1 27 23 26 -1 25 18 -1 17 -1 -1 -1 -1 -1 -1 -1 -1 -1 -1 -1 -1 -1 22 21 20 19 -1 -1 -1 
0 -1 -1 -1 4 5 6 -1 -1 -1 -1 -1 -1 3 -1 -1 -1 -1 9 -1 1 -1 2 -1 7 -1 10 11 -1 -1 -1 13 -1 -1 -1 15 -1 -1 12 -1 -1 8 14 -1 -1 31 -1 -1 16 -1 -1 -1 24 -1 -1 -1 -1 -1 29 -1 28 -1 27 23 26 -1 25 18 -1 17 -1 -1 -1 -1 -1 -1 19 -1 -1 -1 -1 -1 -1 22 21 20 -1 -1 -1 -1 
0 -1 -1 -1 4 5 6 -1 -1 -1 -1 -1 -1 3 -1 -1 -1 -1 9 -1 1 -1 2 -1 7 -1 10 11 -1 -1 -1 13 -1 -1 -1 -1 -1 -1 12 -1 -1 8 14 -1 15 31 -1 -1 16 -1 -1 -1 24 -1 -1 -1 -1 -1 29 -1 28 -1 27 23 26 -1 25 18 -1 17 -1 -1 -1 -1 -1 -1 19 -1 -1 -1 -1 -1 -1 22 21 20 -1 -1 -1 -1 
0 -1 -1 -1 4 5 6 -1 -1 -1 -1 -1 -1 3 -1 -1 -1 -1 9 -1 1 -1 2 -1 7 -1 10 11 -1 -1 -1 13 -1 -1 -1 -1 -1 -1 12 -1 -1 8 14 -1 15 31 -1 -1 16 -1 -1 28 24 -1 -1 -1 -1 -1 29 -1 -1 -1 27 23 26 -1 25 18 -1 17 -1 -1 -1 -1 -1 -1 19 -1 -1 -1 -1 -1 -1 22 21 20 -1 -1 -1 -1 
0 -1 -1 -1 4 5 6 -1 -1 -1 -1 -1 -1 3 -1 -1 -1 -1 9 -1 1 -1 2 -1 7 -1 10 11 -1 -1 -1 13 -1 -1 -1 -1 -1 -1 12 -1 -1 8 -1 -1 15 31 -1 -1 16 -1 -1 14 24 -1 -1 -1 -1 -1 29 -1 -1 -1 27 23 26 -1 25 18 -1 17 -1 -1 -1 -1 -1 -1 19 -1 -1 -1 -1 -1 -1 22 21 20 -1 -1 -1 -1 
0 -1 -1 -1 4 5 6 -1 -1 -1 -1 -1 -1 3 -1 -1 -1 -1 9 -1 1 -1 2 -1 7 -1 10 11 -1 -1 -1 13 -1 -1 -1 -1 -1 -1 12 -1 -1 8 -1 -1 15 31 -1 -1 -1 -1 -1 16 24 -1 -1 -1 -1 -1 29 -1 -1 -1 27 23 26 -1 25 18 -1 17 -1 -1 -1 -1 -1 -1 19 -1 -1 -1 -1 -1 -1 22 21 20 -1 -1 -1 -1 
0 -1 -1 -1 4 5 6 -1 -1 -1 -1 -1 -1 3 -1 -1 -1 -1 9 -1 1 -1 2 -1 -1 -1 10 11 -1 -1 -1 13 -1 -1 -1 -1 -1 -1 12 -1 -1 8 -1 7 15 31 -1 -1 -1 -1 -1 16 24 -1 -1 -1 -1 -1 29 -1 -1 -1 27 23 26 -1 25 18 -1 17 -1 -1 -1 -1 -1 -1 19 -1 -1 -1 -1 -1 -1 22 21 20 -1 -1 -1 -1 
0 -1 -1 -1 4 5 6 -1 -1 -1 -1 -1 -1 3 -1 -1 -1 -1 9 -1 1 -1 2 -1 -1 -1 10 11 -1 -1 -1 13 -1 16 -1 -1 -1 -1 12 -1 -1 8 -1 7 15 31 -1 -1 -1 -1 -1 -1 24 -1 -1 -1 -1 -1 29 -1 -1 -1 27 23 26 -1 25 18 -1 17 -1 -1 -1 -1 -1 -1 19 -1 -1 -1 -1 -1 -1 22 21 20 -1 -1 -1 -1 
0 -1 -1 -1 4 5 6 -1 -1 -1 -1 -1 -1 3 -1 -1 -1 -1 -1 9 1 -1 2 -1 -1 -1 10 11 -1 -1 -1 13 -1 16 -1 -1 -1 -1 12 -1 -1 8 -1 7 15 31 -1 -1 -1 -1 -1 -1 24 -1 -1 -1 -1 -1 29 -1 -1 -1 27 23 26 -1 25 18 -1 17 -1 -1 -1 -1 -1 -1 19 -1 -1 -1 -1 -1 -1 22 21 20 -1 -1 -1 -1 
0 -1 -1 -1 4 5 6 -1 -1 -1 -1 -1 -1 3 -1 -1 -1 -1 -1 9 1 -1 2 -1 -1 -1 10 11 -1 -1 -1 13 -1 -1 16 -1 -1 -1 12 -1 -1 8 -1 7 15 31 -1 -1 -1 -1 -1 -1 24 -1 -1 -1 -1 -1 29 -1 -1 -1 27 23 26 -1 25 18 -1 17 -1 -1 -1 -1 -1 -1 19 -1 -1 -1 -1 -1 -1 22 21 20 -1 -1 -1 -1 
0 -1 -1 -1 4 5 6 -1 -1 -1 -1 -1 -1 3 -1 -1 -1 -1 -1 -1 1 -1 2 -1 -1 -1 10 11 -1 -1 -1 13 -1 -1 16 -1 -1 9 12 -1 -1 8 -1 7 15 31 -1 -1 -1 -1 -1 -1 24 -1 -1 -1 -1 -1 29 -1 -1 -1 27 23 26 -1 25 18 -1 17 -1 -1 -1 -1 -1 -1 19 -1 -1 -1 -1 -1 -1 22 21 20 -1 -1 -1 -1 
0 -1 -1 -1 4 5 6 -1 -1 -1 -1 -1 -1 3 -1 -1 -1 -1 -1 -1 1 -1 2 -1 -1 -1 10 11 -1 -1 -1 13 -1 -1 16 -1 -1 9 12 -1 -1 8 -1 7 15 31 -1 -1 -1 -1 -1 -1 24 -1 -1 26 -1 -1 29 -1 -1 -1 27 23 -1 -1 25 18 -1 17 -1 -1 -1 -1 -1 -1 19 -1 -1 -1 -1 -1 -1 22 21 20 -1 -1 -1 -1 
0 -1 -1 -1 4 5 6 -1 -1 -1 -1 -1 -1 3 -1 -1 -1 -1 -1 -1 1 -1 2 10 -1 -1 -1 11 -1 -1 -1 13 -1 -1 16 -1 -1 9 12 -1 -1 8 -1 7 15 31 -1 -1 -1 -1 -1 -1 24 -1 -1 26 -1 -1 29 -1 -1 -1 27 23 -1 -1 25 18 -1 17 -1 -1 -1 -1 -1 -1 19 -1 -1 -1 -1 -1 -1 22 21 20 -1 -1 -1 -1 
0 -1 -1 -1 4 5 6 -1 -1 -1 -1 -1 -1 3 -1 -1 -1 -1 -1 -1 1 -1 2 10 -1 -1 -1 11 -1 -1 -1 13 -1 -1 16 -1 -1 9 12 -1 -1 8 -1 7 15 31 -1 -1 -1 29 -1 -1 24 -1 -1 26 -1 -1 -1 -1 -1 -1 27 23 -1 -1 25 18 -1 17 -1 -1 -1 -1 -1 -1 19 -1 -1 -1 -1 -1 -1 22 21 20 -1 -1 -1 -1 
0 -1 -1 -1 4 5 6 -1 -1 -1 -1 -1 -1 3 -1 -1 -1 -1 -1 -1 1 -1 2 10 -1 -1 -1 -1 -1 -1 -1 13 -1 -1 16 -1 11 9 12 -1 -1 8 -1 7 15 31 -1 -1 -1 29 -1 -1 24 -1 -1 26 -1 -1 -1 -1 -1 -1 27 23 -1 -1 25 18 -1 17 -1 -1 -1 -1 -1 -1 19 -1 -1 -1 -1 -1 -1 22 21 20 -1 -1 -1 -1 
0 -1 -1 -1 4 5 6 -1 -1 -1 -1 -1 -1 3 -1 -1 -1 -1 -1 -1 1 -1 2 10 -1 -1 -1 -1 -1 -1 -1 13 -1 -1 16 -1 11 9 12 -1 -1 8 -1 7 15 31 -1 -1 -1 29 -1 -1 24 -1 26 -1 -1 -1 -1 -1 -1 -1 27 23 -1 -1 25 18 -1 17 -1 -1 -1 -1 -1 -1 19 -1 -1 -1 -1 -1 -1 22 21 20 -1 -1 -1 -1 
0 -1 -1 -1 4 5 6 -1 -1 -1 -1 -1 -1 3 -1 -1 -1 -1 -1 -1 1 -1 2 10 -1 -1 -1 -1 -1 -1 -1 13 -1 -1 16 -1 11 9 12 -1 -1 8 -1 -1 15 31 -1 -1 -1 29 7 -1 24 -1 26 -1 -1 -1 -1 -1 -1 -1 27 23 -1 -1 25 18 -1 17 -1 -1 -1 -1 -1 -1 19 -1 -1 -1 -1 -1 -1 22 21 20 -1 -1 -1 -1 
0 -1 -1 -1 4 5 6 -1 -1 -1 -1 -1 -1 3 -1 -1 -1 -1 -1 -1 1 -1 2 10 -1 -1 -1 -1 -1 -1 -1 13 -1 -1 16 -1 11 9 12 -1 -1 8 -1 -1 15 31 -1 -1 -1 29 7 -1 24 -1 26 -1 -1 -1 17 -1 -1 -1 27 23 -1 -1 25 18 -1 -1 -1 -1 -1 -1 -1 -1 19 -1 -1 -1 -1 -1 -1 22 21 20 -1 -1 -1 -1 
0 -1 -1 -1 4 5 6 -1 -1 -1 -1 -1 -1 3 -1 -1 -1 -1 -1 -1 1 -1 2 10 -1 -1 -1 -1 9 -1 -1 13 -1 -1 16 -1 11 -1 12 -1 -1 8 -1 -1 15 31 -1 -1 -1 29 7 -1 24 -1 26 -1 -1 -1 17 -1 -1 -1 27 23 -1 -1 25 18 -1 -1 -1 -1 -1 -1 -1 -1 19 -1 -1 -1 -1 -1 -1 22 21 20 -1 -1 -1 -1 
0 -1 -1 -1 4 5 6 -1 -1 -1 -1 -1 -1 3 -1 -1 -1 -1 -1 -1 1 -1 2 10 -1 16 -1 -1 9 -1 -1 13 -1 -1 -1 -1 11 -1 12 -1 -1 8 -1 -1 15 31 -1 -1 -1 29 7 -1 24 -1 26 -1 -1 -1 17 -1 -1 -1 27 23 -1 -1 25 18 -1 -1 -1 -1 -1 -1 -1 -1 19 -1 -1 -1 -1 -1 -1 22 21 20 -1 -1 -1 -1 
0 -1 -1 -1 4 5 6 -1 -1 -1 -1 -1 -1 3 -1 -1 -1 -1 -1 -1 1 -1 2 10 -1 16 -1 -1 -1 -1 -1 13 -1 -1 -1 -1 11 -1 12 -1 -1 8 -1 -1 15 31 -1 -1 -1 29 7 -1 24 -1 26 9 -1 -1 17 -1 -1 -1 27 23 -1 -1 25 18 -1 -1 -1 -1 -1 -1 -1 -1 19 -1 -1 -1 -1 -1 -1 22 21 20 -1 -1 -1 -1 
0 -1 -1 -1 4 5 6 -1 -1 -1 -1 -1 -1 3 -1 -1 -1 -1 -1 -1 1 -1 2 10 -1 16 -1 -1 -1 -1 -1 13 -1 -1 -1 -1 11 -1 12 -1 -1 8 -1 -1 15 31 -1 -1 -1 29 7 -1 24 -1 26 9 -1 -1 17 -1 -1 -1 27 -1 -1 -1 25 18 -1 -1 -1 -1 -1 -1 23 -1 19 -1 -1 -1 -1 -1 -1 22 21 20 -1 -1 -1 -1 
0 -1 -1 -1 4 5 6 -1 -1 -1 -1 -1 -1 3 -1 -1 -1 -1 -1 -1 -1 -1 2 10 -1 16 -1 -1 -1 -1 -1 13 -1 -1 -1 -1 11 1 12 -1 -1 8 -1 -1 15 31 -1 -1 -1 29 7 -1 24 -1 26 9 -1 -1 17 -1 -1 -1 27 -1 -1 -1 25 18 -1 -1 -1 -1 -1 -1 23 -1 19 -1 -1 -1 -1 -1 -1 22 21 20 -1 -1 -1 -1 
0 -1 -1 -1 4 5 6 -1 -1 -1 -1 -1 -1 3 -1 -1 -1 -1 -1 -1 -1 -1 2 10 -1 16 -1 -1 -1 -1 -1 13 -1 -1 -1 -1 11 1 12 -1 -1 8 -1 -1 15 31 -1 -1 -1 29 7 -1 24 -1 26 23 -1 -1 17 -1 -1 -1 27 -1 -1 -1 25 18 -1 -1 -1 -1 -1 -1 -1 -1 19 -1 -1 -1 -1 -1 -1 22 21 20 -1 -1 -1 -1 
0 -1 -1 -1 4 5 6 -1 -1 -1 -1 -1 -1 3 -1 -1 -1 -1 -1 -1 -1 -1 2 10 -1 16 -1 -1 -1 -1 -1 13 -1 -1 -1 -1 11 -1 12 -1 -1 8 -1 -1 15 31 -1 -1 -1 29 7 -1 24 -1 1 23 -1 -1 17 -1 -1 -1 27 -1 -1 -1 25 18 -1 -1 -1 -1 -1 -1 -1 -1 19 -1 -1 -1 -1 -1 -1 22 21 20 -1 -1 -1 -1 
0 -1 -1 -1 4 5 6 -1 -1 -1 -1 -1 -1 3 -1 -1 -1 -1 -1 -1 -1 -1 2 10 -1 16 -1 -1 -1 -1 -1 13 -1 -1 -1 -1 11 -1 12 -1 -1 8 -1 -1 15 31 -1 -1 -1 29 7 17 24 -1 1 23 -1 -1 -1 -1 -1 -1 27 -1 -1 -1 25 18 -1 -1 -1 -1 -1 -1 -1 -1 19 -1 -1 -1 -1 -1 -1 22 21 20 -1 -1 -1 -1 
0 -1 -1 -1 4 5 6 -1 -1 -1 -1 -1 -1 3 -1 -1 -1 -1 -1 -1 -1 -1 -1 10 -1 16 -1 -1 -1 -1 -1 13 -1 -1 -1 -1 11 -1 12 -1 -1 8 2 -1 15 31 -1 -1 -1 29 7 17 24 -1 1 23 -1 -1 -1 -1 -1 -1 27 -1 -1 -1 25 18 -1 -1 -1 -1 -1 -1 -1 -1 19 -1 -1 -1 -1 -1 -1 22 21 20 -1 -1 -1 -1 
0 -1 -1 -1 4 5 6 -1 -1 -1 -1 -1 -1 3 -1 -1 -1 -1 -1 -1 -1 -1 -1 10 -1 -1 -1 -1 -1 -1 -1 13 -1 -1 16 -1 11 -1 12 -1 -1 8 2 -1 15 31 -1 -1 -1 29 7 17 24 -1 1 23 -1 -1 -1 -1 -1 -1 27 -1 -1 -1 25 18 -1 -1 -1 -1 -1 -1 -1 -1 19 -1 -1 -1 -1 -1 -1 22 21 20 -1 -1 -1 -1 
-1 -1 -1 0 4 5 6 -1 -1 -1 -1 -1 -1 3 -1 -1 -1 -1 -1 -1 -1 -1 -1 10 -1 -1 -1 -1 -1 -1 -1 13 -1 -1 16 -1 11 -1 12 -1 -1 8 2 -1 15 31 -1 -1 -1 29 7 17 24 -1 1 23 -1 -1 -1 -1 -1 -1 27 -1 -1 -1 25 18 -1 -1 -1 -1 -1 -1 -1 -1 19 -1 -1 -1 -1 -1 -1 22 21 20 -1 -1 -1 -1 
-1 -1 -1 0 4 5 6 -1 -1 -1 -1 -1 -1 3 -1 -1 -1 -1 -1 -1 -1 -1 -1 10 -1 -1 -1 -1 -1 -1 -1 13 -1 -1 16 -1 11 -1 12 -1 -1 8 2 -1 15 31 -1 -1 -1 29 7 17 -1 -1 1 23 -1 -1 -1 -1 -1 24 27 -1 -1 -1 25 18 -1 -1 -1 -1 -1 -1 -1 -1 19 -1 -1 -1 -1 -1 -1 22 21 20 -1 -1 -1 -1 
-1 -1 -1 0 4 5 6 -1 -1 -1 -1 -1 -1 3 -1 -1 -1 -1 -1 -1 -1 -1 -1 10 -1 -1 -1 -1 -1 -1 -1 -1 -1 -1 16 -1 11 -1 12 -1 13 8 2 -1 15 31 -1 -1 -1 29 7 17 -1 -1 1 23 -1 -1 -1 -1 -1 24 27 -1 -1 -1 25 18 -1 -1 -1 -1 -1 -1 -1 -1 19 -1 -1 -1 -1 -1 -1 22 21 20 -1 -1 -1 -1 
-1 -1 -1 0 4 5 6 -1 -1 -1 -1 -1 -1 3 -1 -1 -1 -1 -1 -1 -1 -1 -1 10 -1 -1 -1 -1 -1 -1 -1 16 -1 -1 -1 -1 11 -1 12 -1 13 8 2 -1 15 31 -1 -1 -1 29 7 17 -1 -1 1 23 -1 -1 -1 -1 -1 24 27 -1 -1 -1 25 18 -1 -1 -1 -1 -1 -1 -1 -1 19 -1 -1 -1 -1 -1 -1 22 21 20 -1 -1 -1 -1 
-1 -1 -1 -1 4 5 6 -1 -1 -1 -1 -1 -1 3 -1 -1 -1 -1 -1 -1 -1 -1 -1 10 -1 -1 -1 -1 -1 -1 -1 16 -1 -1 -1 -1 11 -1 12 0 13 8 2 -1 15 31 -1 -1 -1 29 7 17 -1 -1 1 23 -1 -1 -1 -1 -1 24 27 -1 -1 -1 25 18 -1 -1 -1 -1 -1 -1 -1 -1 19 -1 -1 -1 -1 -1 -1 22 21 20 -1 -1 -1 -1 
-1 -1 -1 -1 4 5 6 -1 -1 -1 -1 -1 -1 3 -1 -1 -1 -1 -1 -1 -1 -1 -1 10 -1 -1 -1 -1 -1 -1 -1 16 -1 -1 -1 -1 31 -1 12 0 13 8 2 -1 15 -1 -1 -1 -1 29 7 17 -1 -1 1 23 -1 -1 -1 -1 -1 24 27 -1 -1 -1 25 18 -1 -1 -1 -1 -1 -1 -1 -1 19 -1 -1 -1 -1 -1 -1 22 21 20 -1 -1 -1 -1 
-1 -1 -1 -1 4 5 6 -1 -1 -1 -1 -1 -1 3 -1 -1 -1 -1 -1 -1 -1 -1 10 -1 -1 -1 -1 -1 -1 -1 -1 16 -1 -1 -1 -1 31 -1 12 0 13 8 2 -1 15 -1 -1 -1 -1 29 7 17 -1 -1 1 23 -1 -1 -1 -1 -1 24 27 -1 -1 -1 25 18 -1 -1 -1 -1 -1 -1 -1 -1 19 -1 -1 -1 -1 -1 -1 22 21 20 -1 -1 -1 -1 
-1 -1 -1 -1 4 5 6 -1 -1 -1 -1 -1 -1 3 -1 -1 -1 -1 -1 -1 -1 -1 10 -1 -1 -1 -1 -1 -1 -1 -1 16 -1 -1 -1 -1 31 -1 12 0 13 8 2 -1 15 -1 -1 -1 -1 29 7 17 -1 -1 1 23 -1 -1 -1 24 -1 -1 27 -1 -1 -1 25 18 -1 -1 -1 -1 -1 -1 -1 -1 19 -1 -1 -1 -1 -1 -1 22 21 20 -1 -1 -1 -1 
-1 -1 -1 -1 4 5 6 -1 -1 -1 -1 -1 -1 3 -1 -1 -1 -1 -1 -1 -1 -1 10 -1 -1 -1 -1 -1 -1 -1 -1 16 -1 -1 -1 -1 31 -1 12 0 -1 8 2 -1 15 -1 -1 -1 -1 13 7 17 -1 -1 1 23 -1 -1 -1 24 -1 -1 27 -1 -1 -1 25 18 -1 -1 -1 -1 -1 -1 -1 -1 19 -1 -1 -1 -1 -1 -1 22 21 20 -1 -1 -1 -1 
-1 -1 -1 -1 4 5 6 -1 -1 -1 -1 -1 -1 3 -1 -1 -1 -1 -1 -1 -1 -1 10 -1 -1 -1 -1 -1 -1 -1 -1 -1 -1 -1 -1 -1 31 -1 12 0 -1 8 2 -1 15 -1 -1 -1 -1 16 7 17 -1 -1 1 23 -1 -1 -1 24 -1 -1 27 -1 -1 -1 25 18 -1 -1 -1 -1 -1 -1 -1 -1 19 -1 -1 -1 -1 -1 -1 22 21 20 -1 -1 -1 -1 
-1 -1 -1 -1 4 5 6 -1 -1 -1 -1 -1 -1 3 -1 -1 -1 -1 -1 -1 -1 -1 10 8 -1 -1 -1 -1 -1 -1 -1 -1 -1 -1 -1 -1 31 -1 12 0 -1 -1 2 -1 15 -1 -1 -1 -1 16 7 17 -1 -1 1 23 -1 -1 -1 24 -1 -1 27 -1 -1 -1 25 18 -1 -1 -1 -1 -1 -1 -1 -1 19 -1 -1 -1 -1 -1 -1 22 21 20 -1 -1 -1 -1 
-1 -1 -1 -1 4 5 6 -1 -1 -1 -1 -1 -1 3 -1 -1 -1 -1 -1 -1 -1 -1 10 8 -1 -1 -1 -1 -1 -1 -1 -1 -1 -1 -1 -1 31 -1 12 0 -1 -1 2 -1 15 -1 -1 -1 -1 16 24 17 -1 -1 1 23 -1 -1 -1 -1 -1 -1 27 -1 -1 -1 25 18 -1 -1 -1 -1 -1 -1 -1 -1 19 -1 -1 -1 -1 -1 -1 22 21 20 -1 -1 -1 -1 
-1 -1 -1 -1 4 5 6 -1 -1 -1 -1 -1 -1 3 -1 -1 -1 -1 -1 -1 -1 -1 10 -1 -1 -1 -1 -1 -1 -1 -1 -1 -1 -1 -1 -1 31 -1 12 0 -1 -1 2 -1 15 -1 -1 -1 -1 16 8 17 -1 -1 1 23 -1 -1 -1 -1 -1 -1 27 -1 -1 -1 25 18 -1 -1 -1 -1 -1 -1 -1 -1 19 -1 -1 -1 -1 -1 -1 22 21 20 -1 -1 -1 -1 
-1 -1 -1 -1 4 5 6 -1 -1 -1 -1 -1 -1 3 -1 -1 -1 -1 -1 -1 -1 -1 10 -1 -1 -1 -1 -1 -1 -1 -1 -1 -1 -1 -1 -1 31 -1 12 0 -1 -1 2 -1 15 -1 -1 -1 -1 -1 16 17 -1 -1 1 23 -1 -1 -1 -1 -1 -1 27 -1 -1 -1 25 18 -1 -1 -1 -1 -1 -1 -1 -1 19 -1 -1 -1 -1 -1 -1 22 21 20 -1 -1 -1 -1 
-1 -1 -1 -1 4 5 6 -1 -1 -1 -1 -1 -1 3 -1 -1 -1 -1 -1 -1 -1 -1 10 -1 -1 -1 -1 -1 -1 -1 -1 -1 -1 -1 -1 -1 31 -1 12 -1 -1 -1 2 -1 15 -1 -1 -1 -1 -1 16 17 -1 -1 1 23 -1 -1 -1 -1 -1 -1 27 -1 -1 -1 0 18 -1 -1 -1 -1 -1 -1 -1 -1 19 -1 -1 -1 -1 -1 -1 22 21 20 -1 -1 -1 -1 
-1 -1 -1 -1 4 5 6 -1 -1 -1 -1 -1 -1 3 -1 -1 -1 -1 -1 -1 -1 -1 10 -1 -1 -1 -1 -1 -1 -1 -1 -1 -1 -1 -1 -1 31 -1 23 -1 -1 -1 2 -1 15 -1 -1 -1 -1 -1 16 17 -1 -1 1 -1 -1 -1 -1 -1 -1 -1 27 -1 -1 -1 0 18 -1 -1 -1 -1 -1 -1 -1 -1 19 -1 -1 -1 -1 -1 -1 22 21 20 -1 -1 -1 -1 
-1 -1 -1 -1 4 5 6 -1 -1 -1 -1 -1 -1 3 -1 -1 -1 -1 -1 -1 -1 -1 10 -1 -1 -1 -1 -1 -1 -1 -1 -1 -1 -1 -1 -1 31 -1 23 0 -1 -1 2 -1 15 -1 -1 -1 -1 -1 16 17 -1 -1 1 -1 -1 -1 -1 -1 -1 -1 27 -1 -1 -1 -1 18 -1 -1 -1 -1 -1 -1 -1 -1 19 -1 -1 -1 -1 -1 -1 22 21 20 -1 -1 -1 -1 
-1 -1 -1 -1 4 5 6 -1 -1 -1 -1 -1 -1 3 -1 -1 -1 -1 -1 -1 -1 -1 10 -1 -1 -1 -1 -1 -1 -1 -1 -1 -1 -1 -1 -1 31 -1 23 0 -1 -1 2 -1 15 -1 -1 30 -1 -1 16 17 -1 -1 1 -1 -1 -1 -1 -1 -1 -1 27 -1 -1 -1 -1 18 -1 -1 -1 -1 -1 -1 -1 -1 19 -1 -1 -1 -1 -1 -1 22 21 20 -1 -1 -1 -1 
-1 -1 -1 4 -1 5 6 -1 -1 -1 -1 -1 -1 3 -1 -1 -1 -1 -1 -1 -1 -1 10 -1 -1 -1 -1 -1 -1 -1 -1 -1 -1 -1 -1 -1 31 -1 23 0 -1 -1 2 -1 15 -1 -1 30 -1 -1 16 17 -1 -1 1 -1 -1 -1 -1 -1 -1 -1 27 -1 -1 -1 -1 18 -1 -1 -1 -1 -1 -1 -1 -1 19 -1 -1 -1 -1 -1 -1 22 21 20 -1 -1 -1 -1 
-1 -1 -1 4 -1 5 6 -1 -1 -1 -1 -1 -1 3 -1 -1 -1 -1 -1 -1 -1 -1 10 -1 -1 -1 -1 -1 -1 -1 -1 -1 -1 -1 -1 -1 31 -1 23 0 -1 -1 2 -1 15 -1 -1 30 -1 -1 16 17 -1 -1 1 -1 -1 -1 -1 -1 -1 -1 27 -1 -1 -1 -1 18 -1 -1 -1 -1 -1 -1 -1 -1 19 -1 -1 -1 -1 -1 -1 22 21 -1 20 -1 -1 -1 
-1 -1 -1 4 -1 5 6 -1 -1 -1 -1 -1 -1 3 -1 -1 -1 -1 -1 -1 -1 -1 -1 10 -1 -1 -1 -1 -1 -1 -1 -1 -1 -1 -1 -1 31 -1 23 0 -1 -1 2 -1 15 -1 -1 30 -1 -1 16 17 -1 -1 1 -1 -1 -1 -1 -1 -1 -1 27 -1 -1 -1 -1 18 -1 -1 -1 -1 -1 -1 -1 -1 19 -1 -1 -1 -1 -1 -1 22 21 -1 20 -1 -1 -1 
-1 -1 -1 4 -1 5 6 -1 -1 -1 -1 -1 -1 3 -1 -1 -1 -1 -1 -1 -1 -1 -1 10 -1 -1 -1 -1 -1 -1 -1 -1 -1 -1 -1 -1 31 -1 23 0 -1 -1 2 -1 15 -1 -1 30 -1 -1 16 17 -1 -1 1 -1 -1 -1 -1 -1 -1 -1 27 -1 -1 -1 -1 18 -1 -1 -1 -1 -1 -1 -1 -1 19 -1 -1 -1 -1 -1 -1 22 21 20 -1 -1 -1 -1 
-1 -1 -1 4 -1 5 6 -1 -1 -1 -1 -1 -1 3 -1 -1 -1 -1 -1 -1 -1 -1 10 -1 -1 -1 -1 -1 -1 -1 -1 -1 -1 -1 -1 -1 31 -1 23 0 -1 -1 2 -1 15 -1 -1 30 -1 -1 16 17 -1 -1 1 -1 -1 -1 -1 -1 -1 -1 27 -1 -1 -1 -1 18 -1 -1 -1 -1 -1 -1 -1 -1 19 -1 -1 -1 -1 -1 -1 22 21 20 -1 -1 -1 -1 
-1 -1 -1 4 -1 5 6 -1 -1 -1 -1 -1 -1 3 -1 -1 -1 -1 -1 -1 -1 -1 10 -1 -1 -1 -1 -1 -1 -1 -1 -1 -1 -1 -1 -1 31 -1 23 0 -1 -1 2 -1 15 -1 -1 30 -1 -1 16 17 -1 -1 1 -1 -1 -1 -1 -1 -1 -1 27 -1 -1 -1 -1 18 -1 -1 -1 -1 -1 -1 -1 -1 19 -1 -1 -1 -1 -1 -1 22 21 -1 20 -1 -1 -1 
-1 -1 -1 4 -1 5 6 -1 -1 -1 -1 -1 -1 3 -1 -1 -1 -1 -1 -1 -1 -1 -1 -1 10 -1 -1 -1 -1 -1 -1 -1 -1 -1 -1 -1 31 -1 23 0 -1 -1 2 -1 15 -1 -1 30 -1 -1 16 17 -1 -1 1 -1 -1 -1 -1 -1 -1 -1 27 -1 -1 -1 -1 18 -1 -1 -1 -1 -1 -1 -1 -1 19 -1 -1 -1 -1 -1 -1 22 21 -1 20 -1 -1 -1 
