0 1 2 3 4 5 6 7 8 -1 -1 -1 -1 -1 -1 -1 -1 -1 -1 9 -1 -1 -1 -1 -1 10 -1 11 -1 12 -1 28 -1 14 -1 15 -1 -1 -1 -1 -1 -1 -1 -1 -1 -1 -1 -1 -1 -1 -1 -1 -1 -1 -1 -1 -1 -1 29 -1 -1 -1 27 -1 26 -1 -1 25 -1 -1 -1 -1 -1 -1 -1 -1 -1 -1 -1 -1 -1 24 23 22 21 20 19 18 17 16 
0 1 2 3 4 5 6 -1 8 -1 -1 -1 -1 -1 -1 -1 -1 -1 -1 9 -1 -1 -1 -1 7 10 -1 11 -1 12 -1 28 -1 14 -1 15 -1 -1 -1 -1 -1 -1 -1 -1 -1 -1 -1 -1 -1 -1 -1 -1 -1 -1 -1 -1 -1 -1 29 -1 -1 -1 27 -1 26 -1 -1 25 -1 -1 -1 -1 -1 -1 -1 -1 -1 -1 -1 -1 -1 24 23 22 21 20 19 18 17 16 
0 1 2 3 4 5 6 -1 8 -1 -1 -1 -1 -1 -1 -1 -1 -1 -1 9 -1 -1 -1 -1 7 10 -1 11 -1 12 -1 28 -1 14 -1 15 -1 -1 -1 -1 -1 -1 -1 -1 -1 -1 -1 -1 -1 -1 -1 -1 -1 -1 -1 -1 -1 -1 29 -1 -1 -1 27 -1 26 -1 -1 25 -1 17 -1 -1 -1 -1 -1 -1 -1 -1 -1 -1 -1 24 23 22 21 20 19 18 -1 16 
0 1 2 3 4 5 6 8 -1 -1 -1 -1 -1 -1 -1 -1 -1 -1 -1 9 -1 -1 -1 -1 7 10 -1 11 -1 12 -1 28 -1 14 -1 15 -1 -1 -1 -1 -1 -1 -1 -1 -1 -1 -1 -1 -1 -1 -1 -1 -1 -1 -1 -1 -1 -1 29 -1 -1 -1 27 -1 26 -1 -1 25 -1 17 -1 -1 -1 -1 -1 -1 -1 -1 -1 -1 -1 24 23 22 21 20 19 18 -1 16 
0 1 2 3 4 5 6 8 -1 -1 -1 -1 -1 -1 -1 -1 -1 -1 -1 9 -1 -1 -1 -1 7 10 -1 11 -1 12 -1 28 -1 14 -1 15 -1 -1 -1 -1 -1 -1 -1 -1 -1 -1 -1 -1 -1 -1 -1 -1 -1 -1 -1 -1 -1 -1 29 -1 -1 -1 27 -1 26 -1 -1 25 -1 17 -1 -1 -1 -1 -1 -1 -1 -1 -1 -1 -1 24 23 22 21 20 19 18 16 -1 
0 -1 2 3 4 5 6 8 -1 -1 -1 -1 -1 -1 -1 -1 -1 -1 -1 9 1 -1 -1 -1 7 10 -1 11 -1 12 -1 28 -1 14 -1 15 -1 -1 -1 -1 -1 -1 -1 -1 -1 -1 -1 -1 -1 -1 -1 -1 -1 -1 -1 -1 -1 -1 29 -1 -1 -1 27 -1 26 -1 -1 25 -1 17 -1 -1 -1 -1 -1 -1 -1 -1 -1 -1 -1 24 23 22 21 20 19 18 16 -1 
0 -1 2 3 4 5 6 8 -1 -1 -1 -1 -1 -1 -1 -1 -1 -1 -1 9 1 -1 -1 -1 7 10 -1 11 -1 12 -1 28 -1 14 -1 15 -1 -1 -1 -1 -1 -1 -1 -1 -1 -1 -1 -1 -1 -1 -1 28 -1 -1 -1 -1 -1 -1 29 -1 -1 -1 27 -1 26 -1 -1 25 -1 17 -1 -1 -1 -1 -1 -1 -1 -1 -1 -1 -1 24 23 22 21 20 19 18 16 -1 
0 -1 2 3 4 5 6 8 -1 -1 -1 -1 -1 -1 -1 -1 -1 -1 -1 9 1 -1 -1 -1 7 10 -1 11 -1 -1 -1 28 -1 14 -1 15 -1 -1 12 -1 -1 -1 -1 -1 -1 -1 -1 -1 -1 -1 -1 28 -1 -1 -1 -1 -1 -1 29 -1 -1 -1 27 -1 26 -1 -1 25 -1 17 -1 -1 -1 -1 -1 -1 -1 -1 -1 -1 -1 24 23 22 21 20 19 18 16 -1 
0 -1 2 3 4 5 6 8 -1 -1 -1 -1 -1 -1 -1 -1 -1 -1 -1 9 1 -1 -1 -1 7 10 -1 11 -1 -1 -1 28 -1 14 -1 15 -1 -1 12 -1 -1 -1 -1 -1 -1 -1 -1 -1 -1 -1 -1 28 -1 -1 -1 -1 -1 -1 29 -1 -1 -1 27 -1 -1 26 -1 25 -1 17 -1 -1 -1 -1 -1 -1 -1 -1 -1 -1 -1 24 23 22 21 20 19 18 16 -1 
0 -1 2 -1 4 5 6 8 -1 -1 -1 -1 -1 3 -1 -1 -1 -1 -1 9 1 -1 -1 -1 7 10 -1 11 -1 -1 -1 28 -1 14 -1 15 -1 -1 12 -1 -1 -1 -1 -1 -1 -1 -1 -1 -1 -1 -1 28 -1 -1 -1 -1 -1 -1 29 -1 -1 -1 27 -1 -1 26 -1 25 -1 17 -1 -1 -1 -1 -1 -1 -1 -1 -1 -1 -1 24 23 22 21 20 19 18 16 -1 
0 -1 2 -1 4 5 6 8 -1 -1 -1 -1 -1 3 -1 -1 -1 -1 -1 9 1 -1 -1 -1 7 10 -1 11 -1 -1 -1 28 -1 14 -1 15 -1 -1 12 -1 -1 -1 -1 -1 -1 -1 -1 -1 -1 -1 -1 28 -1 -1 -1 -1 -1 -1 29 -1 -1 -1 27 -1 -1 26 -1 25 -1 17 -1 -1 24 -1 -1 -1 -1 -1 -1 -1 -1 -1 23 22 21 20 19 18 16 -1 
0 -1 2 -1 4 5 6 8 -1 -1 -1 -1 -1 3 -1 -1 -1 -1 -1 9 -1 -1 -1 -1 7 10 -1 11 -1 -1 -1 28 -1 14 -1 15 -1 1 12 -1 -1 -1 -1 -1 -1 -1 -1 -1 -1 -1 -1 28 -1 -1 -1 -1 -1 -1 29 -1 -1 -1 27 -1 -1 26 -1 25 -1 17 -1 -1 24 -1 -1 -1 -1 -1 -1 -1 -1 -1 23 22 21 20 19 18 16 -1 
0 -1 2 -1 4 5 6 8 -1 -1 -1 -1 -1 3 -1 -1 -1 -1 -1 9 -1 -1 -1 -1 7 10 -1 11 -1 -1 -1 28 -1 14 16 15 -1 1 12 -1 -1 -1 -1 -1 -1 -1 -1 -1 -1 -1 -1 28 -1 -1 -1 -1 -1 -1 29 -1 -1 -1 27 -1 -1 26 -1 25 -1 17 -1 -1 24 -1 -1 -1 -1 -1 -1 -1 -1 -1 23 22 21 20 19 18 -1 -1 
0 -1 -1 -1 4 5 6 8 -1 -1 -1 -1 -1 3 -1 -1 -1 -1 -1 9 -1 -1 2 -1 7 10 -1 11 -1 -1 -1 28 -1 14 16 15 -1 1 12 -1 -1 -1 -1 -1 -1 -1 -1 -1 -1 -1 -1 28 -1 -1 -1 -1 -1 -1 29 -1 -1 -1 27 -1 -1 26 -1 25 -1 17 -1 -1 24 -1 -1 -1 -1 -1 -1 -1 -1 -1 23 22 21 20 19 18 -1 -1 
0 -1 -1 -1 4 5 6 8 -1 -1 -1 -1 -1 3 -1 -1 -1 -1 -1 9 -1 -1 2 -1 7 10 -1 11 -1 -1 -1 28 -1 14 16 15 -1 1 12 -1 -1 -1 -1 -1 -1 -1 -1 -1 -1 -1 -1 28 -1 -1 -1 -1 -1 -1 29 -1 -1 -1 27 -1 -1 26 -1 25 -1 17 -1 -1 -1 -1 -1 24 -1 -1 -1 -1 -1 -1 23 22 21 20 19 18 -1 -1 
0 -1 -1 -1 4 5 6 8 -1 -1 -1 -1 -1 3 -1 -1 -1 -1 -1 9 -1 -1 2 -1 7 -1 10 11 -1 -1 -1 28 -1 14 16 15 -1 1 12 -1 -1 -1 -1 -1 -1 -1 -1 -1 -1 -1 -1 28 -1 -1 -1 -1 -1 -1 29 -1 -1 -1 27 -1 -1 26 -1 25 -1 17 -1 -1 -1 -1 -1 24 -1 -1 -1 -1 -1 -1 23 22 21 20 19 18 -1 -1 
0 -1 -1 -1 4 5 6 16 -1 -1 -1 -1 -1 3 -1 -1 -1 -1 -1 9 -1 -1 2 -1 7 -1 10 11 -1 -1 -1 28 -1 14 -1 15 -1 1 12 -1 -1 -1 -1 -1 -1 -1 -1 -1 -1 -1 -1 28 -1 -1 -1 -1 -1 -1 29 -1 -1 -1 27 -1 -1 26 -1 25 -1 17 -1 -1 -1 -1 -1 24 -1 -1 -1 -1 -1 -1 23 22 21 20 19 18 -1 -1 
0 -1 -1 -1 4 5 6 7 -1 -1 -1 -1 -1 3 -1 -1 -1 -1 -1 9 -1 -1 2 -1 -1 -1 10 11 -1 -1 -1 28 -1 14 -1 15 -1 1 12 -1 -1 -1 -1 -1 -1 -1 -1 -1 -1 -1 -1 28 -1 -1 -1 -1 -1 -1 29 -1 -1 -1 27 -1 -1 26 -1 25 -1 17 -1 -1 -1 -1 -1 24 -1 -1 -1 -1 -1 -1 23 22 21 20 19 18 -1 -1 
0 -1 -1 -1 4 5 6 7 -1 -1 -1 -1 -1 3 -1 -1 -1 -1 -1 9 -1 -1 2 -1 -1 -1 10 11 -1 -1 -1 28 -1 14 -1 15 -1 1 12 -1 -1 -1 -1 -1 -1 -1 -1 -1 -1 -1 -1 28 -1 -1 -1 -1 -1 -1 29 -1 -1 -1 27 23 -1 26 -1 25 -1 17 -1 -1 -1 -1 -1 24 -1 -1 -1 -1 -1 -1 -1 22 21 20 19 18 -1 -1 
0 -1 -1 -1 4 5 6 7 -1 -1 -1 -1 -1 3 -1 -1 -1 -1 -1 9 -1 -1 2 -1 -1 -1 10 11 -1 -1 -1 28 -1 14 -1 15 -1 -1 12 -1 -1 -1 -1 -1 -1 -1 -1 -1 -1 -1 -1 28 -1 -1 1 -1 -1 -1 29 -1 -1 -1 27 23 -1 26 -1 25 -1 17 -1 -1 -1 -1 -1 24 -1 -1 -1 -1 -1 -1 -1 22 21 20 19 18 -1 -1 
0 -1 -1 -1 4 5 6 7 -1 -1 -1 -1 -1 3 -1 -1 -1 -1 -1 9 -1 -1 2 -1 -1 -1 10 11 -1 -1 -1 28 -1 14 -1 15 -1 -1 12 -1 -1 -1 -1 -1 -1 -1 -1 -1 -1 -1 -1 28 -1 -1 1 -1 -1 -1 29 -1 -1 -1 27 23 -1 -1 -1 25 -1 17 -1 -1 -1 -1 26 24 -1 -1 -1 -1 -1 -1 -1 22 21 20 19 18 -1 -1 
-1 -1 -1 0 4 5 6 7 -1 -1 -1 -1 -1 3 -1 -1 -1 -1 -1 9 -1 -1 2 -1 -1 -1 10 11 -1 -1 -1 28 -1 14 -1 15 -1 -1 12 -1 -1 -1 -1 -1 -1 -1 -1 -1 -1 -1 -1 28 -1 -1 1 -1 -1 -1 29 -1 -1 -1 27 23 -1 -1 -1 25 -1 17 -1 -1 -1 -1 26 24 -1 -1 -1 -1 -1 -1 -1 22 21 20 19 18 -1 -1 
-1 -1 -1 24 4 5 6 7 -1 -1 -1 -1 -1 3 -1 -1 -1 -1 -1 9 -1 -1 2 -1 -1 -1 10 11 -1 -1 -1 28 -1 14 -1 15 -1 -1 12 -1 -1 -1 -1 -1 -1 -1 -1 -1 -1 -1 -1 28 -1 -1 1 -1 -1 -1 29 -1 -1 -1 27 23 -1 -1 -1 25 -1 17 -1 -1 -1 -1 26 -1 -1 -1 -1 -1 -1 -1 -1 22 21 20 19 18 -1 -1 
-1 -1 -1 4 -1 5 6 7 -1 -1 -1 -1 -1 3 -1 -1 -1 -1 -1 9 -1 -1 2 -1 -1 -1 10 11 -1 -1 -1 28 -1 14 -1 15 -1 -1 12 -1 -1 -1 -1 -1 -1 -1 -1 -1 -1 -1 -1 28 -1 -1 1 -1 -1 -1 29 -1 -1 -1 27 23 -1 -1 -1 25 -1 17 -1 -1 -1 -1 26 -1 -1 -1 -1 -1 -1 -1 -1 22 21 20 19 18 -1 -1 
-1 -1 -1 4 -1 5 6 7 -1 -1 -1 -1 -1 3 -1 -1 -1 -1 -1 9 -1 -1 2 -1 -1 -1 10 11 -1 -1 -1 25 -1 14 -1 15 -1 -1 12 -1 -1 -1 -1 -1 -1 -1 -1 -1 -1 -1 -1 28 -1 -1 1 -1 -1 -1 29 -1 -1 -1 27 23 -1 -1 -1 -1 -1 17 -1 -1 -1 -1 26 -1 -1 -1 -1 -1 -1 -1 -1 22 21 20 19 18 -1 -1 
-1 -1 -1 4 -1 5 6 -1 -1 -1 -1 -1 -1 3 -1 -1 -1 -1 -1 9 -1 -1 2 -1 7 -1 10 11 -1 -1 -1 25 -1 14 -1 15 -1 -1 12 -1 -1 -1 -1 -1 -1 -1 -1 -1 -1 -1 -1 28 -1 -1 1 -1 -1 -1 29 -1 -1 -1 27 23 -1 -1 -1 -1 -1 17 -1 -1 -1 -1 26 -1 -1 -1 -1 -1 -1 -1 -1 22 21 20 19 18 -1 -1 
-1 -1 -1 4 -1 5 6 -1 -1 -1 -1 -1 -1 3 -1 -1 -1 -1 -1 9 -1 -1 2 -1 7 -1 10 11 -1 -1 -1 -1 -1 14 -1 15 -1 -1 12 -1 25 -1 -1 -1 -1 -1 -1 -1 -1 -1 -1 28 -1 -1 1 -1 -1 -1 29 -1 -1 -1 27 23 -1 -1 -1 -1 -1 17 -1 -1 -1 -1 26 -1 -1 -1 -1 -1 -1 -1 -1 22 21 20 19 18 -1 -1 
-1 -1 -1 4 -1 5 6 -1 -1 -1 -1 -1 -1 3 -1 -1 -1 -1 -1 9 -1 -1 2 -1 7 -1 10 11 -1 -1 -1 -1 -1 -1 -1 15 -1 -1 12 -1 25 -1 14 -1 -1 -1 -1 -1 -1 -1 -1 28 -1 -1 1 -1 -1 -1 29 -1 -1 -1 27 23 -1 -1 -1 -1 -1 17 -1 -1 -1 -1 26 -1 -1 -1 -1 -1 -1 -1 -1 22 21 20 19 18 -1 -1 
-1 -1 -1 4 -1 5 6 -1 -1 -1 -1 -1 -1 3 -1 -1 -1 -1 -1 9 -1 -1 2 -1 7 -1 10 11 -1 -1 -1 -1 -1 -1 -1 15 -1 -1 12 -1 25 -1 28 -1 -1 -1 -1 -1 -1 -1 -1 -1 -1 -1 1 -1 -1 -1 29 -1 -1 -1 27 23 -1 -1 -1 -1 -1 17 -1 -1 -1 -1 26 -1 -1 -1 -1 -1 -1 -1 -1 22 21 20 19 18 -1 -1 
-1 -1 -1 4 -1 5 6 -1 -1 -1 -1 -1 -1 3 -1 -1 -1 -1 -1 9 -1 -1 -1 -1 7 -1 10 11 -1 -1 -1 -1 -1 -1 -1 15 -1 -1 12 -1 25 -1 2 -1 -1 -1 -1 -1 -1 -1 -1 -1 -1 -1 1 -1 -1 -1 29 -1 -1 -1 27 23 -1 -1 -1 -1 -1 17 -1 -1 -1 -1 26 -1 -1 -1 -1 -1 -1 -1 -1 22 21 20 19 18 -1 -1 
-1 -1 -1 4 -1 5 6 -1 -1 -1 -1 -1 -1 3 -1 -1 -1 -1 -1 9 -1 -1 -1 -1 7 -1 10 11 -1 -1 -1 -1 -1 -1 -1 15 -1 -1 26 -1 25 -1 2 -1 -1 -1 -1 -1 -1 -1 -1 -1 -1 -1 1 -1 -1 -1 29 -1 -1 -1 27 23 -1 -1 -1 -1 -1 17 -1 -1 -1 -1 -1 -1 -1 -1 -1 -1 -1 -1 -1 22 21 20 19 18 -1 -1 
-1 -1 -1 4 -1 5 6 -1 -1 -1 -1 -1 -1 3 -1 -1 -1 -1 -1 9 -1 -1 2 -1 7 -1 10 11 -1 -1 -1 -1 -1 -1 -1 15 -1 -1 26 -1 25 -1 -1 -1 -1 -1 -1 -1 -1 -1 -1 -1 -1 -1 1 -1 -1 -1 29 -1 -1 -1 27 23 -1 -1 -1 -1 -1 17 -1 -1 -1 -1 -1 -1 -1 -1 -1 -1 -1 -1 -1 22 21 20 19 18 -1 -1 
-1 -1 -1 4 -1 5 6 -1 -1 -1 -1 -1 -1 3 -1 -1 -1 -1 -1 9 -1 -1 2 -1 7 -1 10 11 -1 -1 -1 -1 -1 -1 -1 15 -1 -1 -1 26 25 -1 -1 -1 -1 -1 -1 -1 -1 -1 -1 -1 -1 -1 1 -1 -1 -1 29 -1 -1 -1 27 23 -1 -1 -1 -1 -1 17 -1 -1 -1 -1 -1 -1 -1 -1 -1 -1 -1 -1 -1 22 21 20 19 18 -1 -1 
-1 -1 -1 -1 4 5 6 -1 -1 -1 -1 -1 -1 3 -1 -1 -1 -1 -1 9 -1 -1 2 -1 7 -1 10 11 -1 -1 -1 -1 -1 -1 -1 15 -1 -1 -1 26 25 -1 -1 -1 -1 -1 -1 -1 -1 -1 -1 -1 -1 -1 1 -1 -1 -1 29 -1 -1 -1 27 23 -1 -1 -1 -1 -1 17 -1 -1 -1 -1 -1 -1 -1 -1 -1 -1 -1 -1 -1 22 21 20 19 18 -1 -1 
-1 -1 -1 -1 4 5 6 -1 -1 -1 -1 -1 -1 3 -1 -1 -1 -1 -1 9 -1 -1 2 -1 7 -1 10 11 -1 -1 -1 -1 -1 -1 -1 15 -1 -1 -1 -1 25 -1 -1 -1 -1 -1 -1 -1 -1 -1 -1 -1 -1 -1 1 -1 -1 26 29 -1 -1 -1 27 23 -1 -1 -1 -1 -1 17 -1 -1 -1 -1 -1 -1 -1 -1 -1 -1 -1 -1 -1 22 21 20 19 18 -1 -1 
-1 -1 -1 -1 4 5 6 -1 -1 -1 -1 -1 -1 3 -1 -1 -1 -1 -1 9 -1 -1 2 -1 7 -1 10 11 -1 -1 -1 -1 -1 -1 -1 15 -1 1 -1 -1 25 -1 -1 -1 -1 -1 -1 -1 -1 -1 -1 -1 -1 -1 -1 -1 -1 26 29 -1 -1 -1 27 23 -1 -1 -1 -1 -1 17 -1 -1 -1 -1 -1 -1 -1 -1 -1 -1 -1 -1 -1 22 21 20 19 18 -1 -1 
-1 -1 -1 -1 4 5 6 -1 -1 -1 -1 -1 -1 3 -1 -1 -1 -1 -1 9 -1 -1 2 -1 7 -1 10 11 -1 -1 -1 -1 -1 -1 -1 15 -1 1 -1 -1 25 -1 -1 -1 -1 -1 -1 -1 -1 -1 -1 -1 -1 -1 -1 -1 -1 26 29 -1 -1 -1 27 23 -1 -1 -1 18 -1 17 -1 -1 -1 -1 -1 -1 -1 -1 -1 -1 -1 -1 -1 22 21 20 19 -1 -1 -1 
-1 -1 -1 -1 4 5 6 -1 -1 -1 -1 -1 -1 3 -1 -1 -1 10 -1 9 -1 -1 2 -1 7 -1 -1 11 -1 -1 -1 -1 -1 -1 -1 15 -1 1 -1 -1 25 -1 -1 -1 -1 -1 -1 -1 -1 -1 -1 -1 -1 -1 -1 -1 -1 26 29 -1 -1 -1 27 23 -1 -1 -1 18 -1 17 -1 -1 -1 -1 -1 -1 -1 -1 -1 -1 -1 -1 -1 22 21 20 19 -1 -1 -1 
-1 -1 -1 -1 4 5 6 -1 -1 -1 -1 -1 -1 3 -1 -1 -1 10 -1 9 -1 -1 2 -1 7 -1 -1 11 -1 -1 -1 -1 -1 -1 -1 15 -1 1 -1 -1 25 -1 -1 -1 -1 -1 -1 -1 -1 -1 17 -1 -1 -1 -1 -1 -1 26 29 -1 -1 -1 27 23 -1 -1 -1 18 -1 -1 -1 -1 -1 -1 -1 -1 -1 -1 -1 -1 -1 -1 -1 22 21 20 19 -1 -1 -1 
-1 -1 -1 -1 4 5 6 -1 -1 -1 -1 -1 -1 3 -1 -1 -1 10 -1 9 -1 -1 2 -1 7 -1 -1 11 -1 -1 -1 -1 -1 -1 -1 15 -1 -1 -1 -1 25 -1 -1 -1 -1 -1 -1 -1 1 -1 17 -1 -1 -1 -1 -1 -1 26 29 -1 -1 -1 27 23 -1 -1 -1 18 -1 -1 -1 -1 -1 -1 -1 -1 -1 -1 -1 -1 -1 -1 -1 22 21 20 19 -1 -1 -1 
-1 -1 -1 -1 4 5 6 -1 -1 -1 -1 -1 -1 3 -1 -1 -1 10 -1 9 -1 -1 2 -1 7 -1 -1 11 -1 -1 -1 -1 -1 -1 -1 15 -1 -1 -1 -1 25 -1 -1 -1 -1 -1 23 -1 1 -1 17 -1 -1 -1 -1 -1 -1 26 29 -1 -1 -1 27 -1 -1 -1 -1 18 -1 -1 -1 -1 -1 -1 -1 -1 -1 -1 -1 -1 -1 -1 -1 22 21 20 19 -1 -1 -1 
-1 -1 -1 -1 4 5 6 -1 -1 -1 -1 -1 -1 3 -1 -1 -1 10 -1 -1 -1 -1 2 -1 7 -1 -1 11 -1 -1 -1 -1 -1 -1 -1 15 -1 9 -1 -1 25 -1 -1 -1 -1 -1 23 -1 1 -1 17 -1 -1 -1 -1 -1 -1 26 29 -1 -1 -1 27 -1 -1 -1 -1 18 -1 -1 -1 -1 -1 -1 -1 -1 -1 -1 -1 -1 -1 -1 -1 22 21 20 19 -1 -1 -1 
-1 -1 -1 -1 4 5 6 -1 -1 -1 -1 -1 -1 3 -1 -1 -1 10 -1 -1 -1 -1 2 -1 7 -1 -1 11 -1 -1 -1 -1 -1 -1 -1 15 -1 9 -1 -1 25 -1 -1 -1 -1 -1 23 30 1 -1 17 -1 -1 -1 -1 -1 -1 26 29 -1 -1 -1 27 -1 -1 -1 -1 18 -1 -1 -1 -1 -1 -1 -1 -1 -1 -1 -1 -1 -1 -1 -1 22 21 20 19 -1 -1 -1 
-1 -1 -1 -1 4 5 6 -1 -1 -1 -1 -1 -1 3 -1 -1 -1 10 -1 -1 -1 -1 2 -1 7 -1 -1 11 -1 1 -1 -1 -1 -1 -1 15 -1 9 -1 -1 25 -1 -1 -1 -1 -1 23 30 -1 -1 17 -1 -1 -1 -1 -1 -1 26 29 -1 -1 -1 27 -1 -1 -1 -1 18 -1 -1 -1 -1 -1 -1 -1 -1 -1 -1 -1 -1 -1 -1 -1 22 21 20 19 -1 -1 -1 
-1 -1 -1 -1 4 5 6 -1 -1 -1 -1 -1 -1 3 -1 -1 -1 10 -1 -1 -1 -1 2 -1 7 -1 -1 11 -1 1 -1 -1 -1 -1 -1 15 -1 9 -1 -1 -1 -1 -1 -1 -1 -1 23 30 -1 25 17 -1 -1 -1 -1 -1 -1 26 29 -1 -1 -1 27 -1 -1 -1 -1 18 -1 -1 -1 -1 -1 -1 -1 -1 -1 -1 -1 -1 -1 -1 -1 22 21 20 19 -1 -1 -1 
-1 -1 -1 -1 4 5 6 -1 -1 -1 -1 -1 -1 3 -1 -1 -1 10 -1 -1 -1 -1 2 -1 7 -1 -1 11 -1 -1 -1 -1 -1 -1 -1 15 -1 9 -1 -1 -1 -1 -1 -1 -1 -1 1 30 -1 25 17 -1 -1 -1 -1 -1 -1 26 29 -1 -1 -1 27 -1 -1 -1 -1 18 -1 -1 -1 -1 -1 -1 -1 -1 -1 -1 -1 -1 -1 -1 -1 22 21 20 19 -1 -1 -1 
-1 -1 -1 -1 4 5 6 -1 -1 -1 -1 -1 -1 3 -1 -1 -1 10 -1 -1 -1 -1 2 -1 7 -1 -1 11 -1 -1 -1 -1 -1 -1 -1 15 -1 9 -1 -1 -1 -1 -1 -1 -1 -1 25 30 -1 -1 17 -1 -1 -1 -1 -1 -1 26 29 -1 -1 -1 27 -1 -1 -1 -1 18 -1 -1 -1 -1 -1 -1 -1 -1 -1 -1 -1 -1 -1 -1 -1 22 21 20 19 -1 -1 -1 
-1 -1 -1 -1 4 5 6 -1 -1 -1 -1 -1 -1 3 -1 -1 -1 10 -1 -1 -1 -1 2 -1 7 -1 -1 -1 -1 -1 -1 -1 -1 -1 -1 15 11 9 -1 -1 -1 -1 -1 -1 -1 -1 25 30 -1 -1 17 -1 -1 -1 -1 -1 -1 26 29 -1 -1 -1 27 -1 -1 -1 -1 18 -1 -1 -1 -1 -1 -1 -1 -1 -1 -1 -1 -1 -1 -1 -1 22 21 20 19 -1 -1 -1 
-1 -1 -1 -1 4 5 6 -1 -1 -1 -1 -1 -1 3 -1 -1 -1 10 -1 -1 -1 -1 2 -1 7 -1 -1 -1 -1 -1 -1 -1 -1 -1 -1 15 11 9 -1 17 -1 -1 -1 -1 -1 -1 25 30 -1 -1 -1 -1 -1 -1 -1 -1 -1 26 29 -1 -1 -1 27 -1 -1 -1 -1 18 -1 -1 -1 -1 -1 -1 -1 -1 -1 -1 -1 -1 -1 -1 -1 22 21 20 19 -1 -1 -1 
-1 -1 -1 -1 4 5 6 -1 -1 -1 -1 -1 -1 3 -1 -1 -1 10 -1 -1 -1 -1 2 -1 7 -1 -1 -1 -1 -1 -1 -1 -1 -1 -1 15 -1 9 -1 17 -1 -1 -1 -1 -1 11 25 30 -1 -1 -1 -1 -1 -1 -1 -1 -1 26 29 -1 -1 -1 27 -1 -1 -1 -1 18 -1 -1 -1 -1 -1 -1 -1 -1 -1 -1 -1 -1 -1 -1 -1 22 21 20 19 -1 -1 -1 
-1 -1 -1 -1 4 5 6 -1 -1 -1 -1 -1 -1 3 -1 -1 -1 10 -1 -1 -1 -1 2 -1 7 -1 -1 -1 -1 -1 -1 -1 -1 -1 -1 15 -1 9 -1 17 -1 -1 -1 -1 -1 11 -1 30 -1 -1 -1 -1 -1 -1 -1 -1 -1 26 29 -1 -1 -1 27 -1 -1 -1 -1 18 -1 -1 -1 -1 -1 25 -1 -1 -1 -1 -1 -1 -1 -1 -1 22 21 20 19 -1 -1 -1 
-1 -1 -1 -1 4 5 6 -1 -1 -1 -1 -1 -1 3 -1 -1 -1 10 -1 -1 -1 -1 2 -1 -1 -1 -1 -1 -1 -1 -1 7 -1 -1 -1 15 -1 9 -1 17 -1 -1 -1 -1 -1 11 -1 30 -1 -1 -1 -1 -1 -1 -1 -1 -1 26 29 -1 -1 -1 27 -1 -1 -1 -1 18 -1 -1 -1 -1 -1 25 -1 -1 -1 -1 -1 -1 -1 -1 -1 22 21 20 19 -1 -1 -1 
-1 -1 -1 -1 4 5 6 -1 -1 -1 -1 -1 -1 3 -1 -1 -1 10 -1 -1 -1 -1 2 -1 -1 -1 -1 -1 -1 -1 -1 7 -1 -1 -1 15 -1 9 -1 17 -1 -1 -1 -1 -1 11 -1 30 -1 -1 -1 -1 -1 -1 -1 -1 -1 26 29 -1 -1 -1 27 -1 -1 -1 -1 18 -1 -1 -1 -1 -1 -1 -1 -1 -1 -1 -1 25 -1 -1 -1 22 21 20 19 -1 -1 -1 
-1 -1 -1 -1 4 5 6 -1 -1 -1 -1 -1 -1 3 -1 -1 -1 10 -1 -1 -1 -1 2 -1 -1 -1 -1 -1 -1 -1 -1 7 -1 -1 -1 15 -1 -1 -1 17 -1 -1 -1 -1 -1 11 -1 30 -1 -1 -1 -1 -1 -1 -1 9 -1 26 29 -1 -1 -1 27 -1 -1 -1 -1 18 -1 -1 -1 -1 -1 -1 -1 -1 -1 -1 -1 25 -1 -1 -1 22 21 20 19 -1 -1 -1 
-1 -1 -1 -1 4 5 6 25 -1 -1 -1 -1 -1 3 -1 -1 -1 10 -1 -1 -1 -1 2 -1 -1 -1 -1 -1 -1 -1 -1 7 -1 -1 -1 15 -1 -1 -1 17 -1 -1 -1 -1 -1 11 -1 30 -1 -1 -1 -1 -1 -1 -1 9 -1 26 29 -1 -1 -1 27 -1 -1 -1 -1 18 -1 -1 -1 -1 -1 -1 -1 -1 -1 -1 -1 -1 -1 -1 -1 22 21 20 19 -1 -1 -1 
-1 -1 2 -1 4 5 6 25 -1 -1 -1 -1 -1 3 -1 -1 -1 10 -1 -1 -1 -1 -1 -1 -1 -1 -1 -1 -1 -1 -1 7 -1 -1 -1 15 -1 -1 -1 17 -1 -1 -1 -1 -1 11 -1 30 -1 -1 -1 -1 -1 -1 -1 9 -1 26 29 -1 -1 -1 27 -1 -1 -1 -1 18 -1 -1 -1 -1 -1 -1 -1 -1 -1 -1 -1 -1 -1 -1 -1 22 21 20 19 -1 -1 -1 
-1 -1 2 -1 4 5 6 -1 -1 -1 -1 -1 -1 3 -1 -1 -1 10 -1 -1 -1 -1 -1 -1 -1 -1 -1 -1 -1 -1 -1 7 -1 -1 -1 15 -1 -1 -1 17 -1 -1 -1 -1 -1 11 -1 30 -1 -1 -1 -1 25 -1 -1 9 -1 26 29 -1 -1 -1 27 -1 -1 -1 -1 18 -1 -1 -1 -1 -1 -1 -1 -1 -1 -1 -1 -1 -1 -1 -1 22 21 20 19 -1 -1 -1 
-1 -1 2 -1 4 5 6 -1 -1 -1 -1 -1 -1 3 -1 -1 -1 10 -1 -1 -1 -1 -1 -1 -1 -1 -1 -1 -1 -1 -1 7 -1 -1 -1 15 -1 -1 -1 17 -1 -1 -1 -1 -1 11 9 30 -1 -1 -1 -1 25 -1 -1 -1 -1 26 29 -1 -1 -1 27 -1 -1 -1 -1 18 -1 -1 -1 -1 -1 -1 -1 -1 -1 -1 -1 -1 -1 -1 -1 22 21 20 19 -1 -1 -1 
-1 -1 2 -1 4 5 6 -1 -1 -1 -1 -1 -1 3 -1 -1 -1 10 -1 -1 -1 -1 -1 -1 -1 -1 -1 -1 -1 -1 -1 7 -1 -1 -1 15 -1 -1 -1 17 -1 -1 -1 -1 -1 11 25 30 -1 -1 -1 -1 -1 -1 -1 -1 -1 26 29 -1 -1 -1 27 -1 -1 -1 -1 18 -1 -1 -1 -1 -1 -1 -1 -1 -1 -1 -1 -1 -1 -1 -1 22 21 20 19 -1 -1 -1 
-1 -1 2 -1 4 5 6 -1 -1 -1 -1 -1 -1 3 -1 -1 -1 10 -1 -1 -1 -1 -1 -1 -1 -1 -1 -1 -1 -1 -1 7 -1 -1 -1 15 -1 -1 -1 17 -1 -1 -1 -1 -1 -1 11 30 -1 -1 -1 -1 -1 -1 -1 -1 -1 26 29 -1 -1 -1 27 -1 -1 -1 -1 18 -1 -1 -1 -1 -1 -1 -1 -1 -1 -1 -1 -1 -1 -1 -1 22 21 20 19 -1 -1 -1 
-1 -1 2 -1 4 5 6 -1 -1 -1 -1 -1 -1 3 -1 -1 -1 10 -1 -1 -1 -1 -1 -1 -1 -1 -1 -1 -1 -1 -1 7 -1 -1 -1 15 -1 -1 -1 -1 -1 -1 -1 -1 -1 -1 17 30 -1 -1 -1 -1 -1 -1 -1 -1 -1 26 29 -1 -1 -1 27 -1 -1 -1 -1 18 -1 -1 -1 -1 -1 -1 -1 -1 -1 -1 -1 -1 -1 -1 -1 22 21 20 19 -1 -1 -1 
-1 -1 2 -1 4 5 6 -1 -1 -1 -1 -1 -1 3 -1 -1 -1 10 -1 -1 -1 -1 -1 -1 -1 -1 -1 -1 -1 -1 -1 -1 -1 -1 -1 15 -1 -1 -1 -1 -1 -1 -1 -1 -1 -1 17 30 -1 -1 7 -1 -1 -1 -1 -1 -1 26 29 -1 -1 -1 27 -1 -1 -1 -1 18 -1 -1 -1 -1 -1 -1 -1 -1 -1 -1 -1 -1 -1 -1 -1 22 21 20 19 -1 -1 -1 
-1 -1 2 -1 4 5 6 -1 -1 -1 -1 -1 -1 3 -1 -1 -1 10 -1 -1 -1 -1 -1 -1 -1 -1 -1 -1 -1 -1 -1 -1 -1 -1 -1 15 -1 -1 -1 -1 -1 -1 -1 -1 -1 -1 17 30 -1 -1 7 -1 -1 -1 26 -1 -1 -1 29 -1 -1 -1 27 -1 -1 -1 -1 18 -1 -1 -1 -1 -1 -1 -1 -1 -1 -1 -1 -1 -1 -1 -1 22 21 20 19 -1 -1 -1 
-1 -1 2 -1 4 5 6 -1 -1 -1 -1 -1 -1 3 -1 -1 -1 10 -1 -1 -1 -1 -1 -1 -1 -1 -1 -1 -1 -1 -1 -1 -1 -1 -1 15 -1 -1 -1 7 -1 -1 -1 -1 -1 -1 17 30 -1 -1 -1 -1 -1 -1 26 -1 -1 -1 29 -1 -1 -1 27 -1 -1 -1 -1 18 -1 -1 -1 -1 -1 -1 -1 -1 -1 -1 -1 -1 -1 -1 -1 22 21 20 19 -1 -1 -1 
-1 -1 2 -1 4 5 6 -1 -1 -1 -1 -1 -1 3 -1 -1 -1 10 -1 -1 -1 -1 -1 -1 -1 -1 -1 -1 -1 -1 -1 -1 -1 -1 -1 15 -1 -1 -1 7 -1 -1 -1 -1 -1 -1 -1 30 -1 -1 -1 -1 -1 -1 26 -1 -1 -1 29 -1 -1 -1 27 -1 -1 17 -1 18 -1 -1 -1 -1 -1 -1 -1 -1 -1 -1 -1 -1 -1 -1 -1 22 21 20 19 -1 -1 -1 
-1 -1 -1 -1 4 5 6 -1 -1 -1 -1 -1 -1 3 -1 -1 -1 10 -1 -1 -1 -1 2 -1 -1 -1 -1 -1 -1 -1 -1 -1 -1 -1 -1 15 -1 -1 -1 7 -1 -1 -1 -1 -1 -1 -1 30 -1 -1 -1 -1 -1 -1 26 -1 -1 -1 29 -1 -1 -1 27 -1 -1 17 -1 18 -1 -1 -1 -1 -1 -1 -1 -1 -1 -1 -1 -1 -1 -1 -1 22 21 20 19 -1 -1 -1 
-1 -1 -1 -1 4 5 6 -1 -1 -1 -1 -1 -1 3 -1 -1 -1 10 -1 -1 -1 -1 2 -1 -1 -1 -1 -1 -1 -1 -1 -1 -1 -1 -1 15 -1 -1 -1 7 -1 -1 -1 -1 -1 -1 -1 30 -1 29 -1 -1 -1 -1 26 -1 -1 -1 -1 -1 -1 -1 27 -1 -1 17 -1 18 -1 -1 -1 -1 -1 -1 -1 -1 -1 -1 -1 -1 -1 -1 -1 22 21 20 19 -1 -1 -1 
-1 -1 -1 -1 4 5 6 -1 -1 -1 -1 -1 -1 3 -1 -1 -1 -1 -1 -1 -1 -1 2 -1 -1 -1 -1 -1 -1 -1 -1 -1 -1 -1 -1 15 -1 -1 -1 7 -1 -1 -1 -1 -1 -1 -1 30 -1 29 -1 -1 -1 -1 26 -1 -1 -1 -1 -1 -1 -1 10 -1 -1 17 -1 18 -1 -1 -1 -1 -1 -1 -1 -1 -1 -1 -1 -1 -1 -1 -1 22 21 20 19 -1 -1 -1 
-1 -1 -1 -1 4 5 6 -1 -1 -1 -1 -1 -1 3 -1 -1 -1 -1 -1 -1 -1 -1 2 -1 -1 -1 -1 -1 -1 -1 -1 -1 -1 -1 -1 15 -1 -1 -1 7 -1 -1 -1 -1 -1 -1 -1 30 -1 29 -1 -1 -1 -1 -1 -1 -1 -1 -1 -1 -1 26 10 -1 -1 17 -1 18 -1 -1 -1 -1 -1 -1 -1 -1 -1 -1 -1 -1 -1 -1 -1 22 21 20 19 -1 -1 -1 
-1 -1 -1 -1 4 5 6 -1 -1 -1 -1 -1 -1 3 -1 -1 -1 -1 -1 -1 -1 -1 2 -1 -1 -1 -1 -1 -1 -1 -1 -1 7 -1 -1 15 -1 -1 -1 -1 -1 -1 -1 -1 -1 -1 -1 30 -1 29 -1 -1 -1 -1 -1 -1 -1 -1 -1 -1 -1 26 10 -1 -1 17 -1 18 -1 -1 -1 -1 -1 -1 -1 -1 -1 -1 -1 -1 -1 -1 -1 22 21 20 19 -1 -1 -1 
-1 -1 -1 -1 4 5 6 -1 -1 -1 -1 -1 -1 3 -1 -1 -1 -1 -1 -1 -1 -1 2 -1 -1 -1 -1 -1 -1 -1 -1 -1 7 -1 -1 15 -1 -1 -1 -1 29 -1 -1 -1 -1 -1 -1 30 -1 -1 -1 -1 -1 -1 -1 -1 -1 -1 -1 -1 -1 26 10 -1 -1 17 -1 18 -1 -1 -1 -1 -1 -1 -1 -1 -1 -1 -1 -1 -1 -1 -1 22 21 20 19 -1 -1 -1 
-1 -1 -1 -1 4 5 6 -1 -1 -1 -1 -1 -1 3 -1 -1 -1 -1 -1 -1 -1 -1 2 -1 -1 -1 -1 -1 -1 -1 -1 -1 -1 -1 -1 15 -1 -1 -1 -1 29 -1 -1 -1 -1 -1 -1 30 -1 7 -1 -1 -1 -1 -1 -1 -1 -1 -1 -1 -1 26 10 -1 -1 17 -1 18 -1 -1 -1 -1 -1 -1 -1 -1 -1 -1 -1 -1 -1 -1 -1 22 21 20 19 -1 -1 -1 
-1 -1 -1 -1 4 5 6 -1 -1 -1 -1 -1 -1 3 -1 -1 -1 -1 -1 -1 -1 -1 2 -1 -1 -1 -1 -1 -1 -1 -1 -1 -1 -1 -1 15 -1 -1 -1 -1 29 -1 -1 -1 -1 -1 -1 30 -1 7 -1 -1 -1 -1 -1 -1 -1 -1 -1 -1 -1 26 10 -1 -1 17 -1 18 -1 -1 -1 -1 -1 -1 -1 -1 19 -1 -1 -1 -1 -1 -1 22 21 20 -1 -1 -1 -1 
-1 -1 -1 -1 4 5 6 -1 -1 -1 -1 -1 -1 3 -1 -1 -1 -1 -1 -1 -1 -1 2 -1 -1 -1 -1 -1 -1 -1 -1 -1 -1 -1 -1 -1 -1 -1 -1 -1 29 -1 -1 -1 15 -1 -1 30 -1 7 -1 -1 -1 -1 -1 -1 -1 -1 -1 -1 -1 26 10 -1 -1 17 -1 18 -1 -1 -1 -1 -1 -1 -1 -1 19 -1 -1 -1 -1 -1 -1 22 21 20 -1 -1 -1 -1 
-1 -1 -1 -1 4 5 6 -1 -1 -1 -1 -1 -1 3 -1 -1 -1 -1 -1 -1 -1 -1 2 -1 -1 -1 -1 -1 -1 -1 -1 -1 -1 -1 -1 -1 -1 -1 -1 -1 29 -1 -1 -1 15 -1 -1 30 17 7 -1 -1 -1 -1 -1 -1 -1 -1 -1 -1 -1 26 10 -1 -1 -1 -1 18 -1 -1 -1 -1 -1 -1 -1 -1 19 -1 -1 -1 -1 -1 -1 22 21 20 -1 -1 -1 -1 
-1 -1 -1 -1 4 5 6 -1 -1 -1 -1 -1 -1 3 -1 -1 -1 -1 -1 -1 -1 -1 2 -1 -1 -1 -1 -1 -1 -1 -1 -1 -1 -1 -1 -1 -1 -1 -1 -1 29 -1 -1 -1 -1 -1 -1 30 17 7 -1 -1 -1 15 -1 -1 -1 -1 -1 -1 -1 26 10 -1 -1 -1 -1 18 -1 -1 -1 -1 -1 -1 -1 -1 19 -1 -1 -1 -1 -1 -1 22 21 20 -1 -1 -1 -1 
-1 -1 -1 -1 4 5 6 -1 -1 -1 -1 -1 -1 3 -1 -1 -1 -1 -1 -1 -1 -1 2 -1 -1 -1 -1 -1 -1 17 -1 -1 -1 -1 -1 -1 -1 -1 -1 -1 29 -1 -1 -1 -1 -1 -1 30 -1 7 -1 -1 -1 15 -1 -1 -1 -1 -1 -1 -1 26 10 -1 -1 -1 -1 18 -1 -1 -1 -1 -1 -1 -1 -1 19 -1 -1 -1 -1 -1 -1 22 21 20 -1 -1 -1 -1 
-1 -1 -1 -1 4 5 6 -1 -1 -1 -1 -1 -1 3 -1 -1 -1 -1 -1 -1 -1 -1 2 -1 -1 -1 -1 -1 -1 17 -1 -1 -1 -1 -1 -1 -1 -1 -1 -1 29 -1 -1 -1 -1 -1 -1 30 -1 7 -1 -1 15 -1 -1 -1 -1 -1 -1 -1 -1 26 10 -1 -1 -1 -1 18 -1 -1 -1 -1 -1 -1 -1 -1 19 -1 -1 -1 -1 -1 -1 22 21 20 -1 -1 -1 -1 
-1 -1 -1 -1 4 5 6 -1 -1 -1 -1 -1 -1 3 -1 -1 -1 -1 -1 -1 -1 -1 2 -1 -1 -1 -1 -1 -1 17 -1 -1 -1 -1 -1 -1 -1 -1 -1 -1 29 -1 -1 -1 -1 -1 -1 30 -1 7 -1 -1 15 -1 26 -1 -1 -1 -1 -1 -1 -1 10 -1 -1 -1 -1 18 -1 -1 -1 -1 -1 -1 -1 -1 19 -1 -1 -1 -1 -1 -1 22 21 20 -1 -1 -1 -1 
-1 -1 -1 -1 4 5 6 -1 -1 -1 -1 -1 -1 3 -1 -1 -1 -1 -1 -1 -1 -1 2 -1 -1 -1 -1 -1 -1 17 -1 -1 -1 -1 -1 -1 -1 -1 -1 -1 29 -1 -1 -1 -1 -1 -1 30 -1 7 -1 -1 -1 -1 26 -1 -1 -1 -1 -1 -1 15 10 -1 -1 -1 -1 18 -1 -1 -1 -1 -1 -1 -1 -1 19 -1 -1 -1 -1 -1 -1 22 21 20 -1 -1 -1 -1 
26 -1 -1 -1 4 5 6 -1 -1 -1 -1 -1 -1 3 -1 -1 -1 -1 -1 -1 -1 -1 2 -1 -1 -1 -1 -1 -1 17 -1 -1 -1 -1 -1 -1 -1 -1 -1 -1 29 -1 -1 -1 -1 -1 -1 30 -1 7 -1 -1 -1 -1 -1 -1 -1 -1 -1 -1 -1 15 10 -1 -1 -1 -1 18 -1 -1 -1 -1 -1 -1 -1 -1 19 -1 -1 -1 -1 -1 -1 22 21 20 -1 -1 -1 -1 
26 -1 -1 -1 4 5 6 -1 -1 -1 -1 -1 -1 3 -1 -1 -1 -1 -1 -1 -1 -1 2 -1 -1 -1 -1 -1 -1 17 -1 -1 -1 -1 -1 -1 -1 -1 -1 -1 29 -1 -1 -1 -1 -1 -1 30 -1 7 -1 -1 -1 -1 -1 -1 -1 -1 -1 -1 15 -1 10 -1 -1 -1 -1 18 -1 -1 -1 -1 -1 -1 -1 -1 19 -1 -1 -1 -1 -1 -1 22 21 20 -1 -1 -1 -1 
26 -1 -1 -1 4 5 6 -1 -1 -1 -1 -1 -1 3 -1 -1 -1 -1 17 -1 -1 -1 2 -1 -1 -1 -1 -1 -1 -1 -1 -1 -1 -1 -1 -1 -1 -1 -1 -1 29 -1 -1 -1 -1 -1 -1 30 -1 7 -1 -1 -1 -1 -1 -1 -1 -1 -1 -1 15 -1 10 -1 -1 -1 -1 18 -1 -1 -1 -1 -1 -1 -1 -1 19 -1 -1 -1 -1 -1 -1 22 21 20 -1 -1 -1 -1 
26 -1 -1 -1 4 5 6 -1 -1 -1 -1 -1 -1 3 -1 -1 -1 -1 17 -1 -1 -1 2 -1 -1 -1 -1 -1 -1 -1 -1 -1 -1 -1 -1 -1 -1 -1 -1 -1 29 14 -1 -1 -1 -1 -1 30 -1 7 -1 -1 -1 -1 -1 -1 -1 -1 -1 -1 15 -1 10 -1 -1 -1 -1 18 -1 -1 -1 -1 -1 -1 -1 -1 19 -1 -1 -1 -1 -1 -1 22 21 20 -1 -1 -1 -1 
26 -1 -1 -1 4 5 6 -1 -1 -1 -1 17 -1 3 -1 -1 -1 -1 -1 -1 -1 -1 2 -1 -1 -1 -1 -1 -1 -1 -1 -1 -1 -1 -1 -1 -1 -1 -1 -1 29 14 -1 -1 -1 -1 -1 30 -1 7 -1 -1 -1 -1 -1 -1 -1 -1 -1 -1 15 -1 10 -1 -1 -1 -1 18 -1 -1 -1 -1 -1 -1 -1 -1 19 -1 -1 -1 -1 -1 -1 22 21 20 -1 -1 -1 -1 
26 -1 -1 4 -1 5 6 -1 -1 -1 -1 17 -1 3 -1 -1 -1 -1 -1 -1 -1 -1 2 -1 -1 -1 -1 -1 -1 -1 -1 -1 -1 -1 -1 -1 -1 -1 -1 -1 29 14 -1 -1 -1 -1 -1 30 -1 7 -1 -1 -1 -1 -1 -1 -1 -1 -1 -1 15 -1 10 -1 -1 -1 -1 18 -1 -1 -1 -1 -1 -1 -1 -1 19 -1 -1 -1 -1 -1 -1 22 21 20 -1 -1 -1 -1 
26 -1 -1 4 -1 5 6 -1 -1 -1 -1 -1 -1 3 -1 -1 -1 -1 -1 -1 -1 -1 2 -1 -1 -1 -1 -1 -1 -1 17 -1 -1 -1 -1 -1 -1 -1 -1 -1 29 14 -1 -1 -1 -1 -1 30 -1 7 -1 -1 -1 -1 -1 -1 -1 -1 -1 -1 15 -1 10 -1 -1 -1 -1 18 -1 -1 -1 -1 -1 -1 -1 -1 19 -1 -1 -1 -1 -1 -1 22 21 20 -1 -1 -1 -1 
26 -1 -1 4 -1 5 6 -1 -1 -1 -1 -1 -1 3 -1 -1 -1 -1 -1 -1 -1 -1 2 -1 -1 -1 -1 -1 -1 -1 17 -1 -1 -1 -1 -1 -1 -1 -1 -1 29 14 7 -1 -1 -1 -1 30 -1 -1 -1 -1 -1 -1 -1 -1 -1 -1 -1 -1 15 -1 10 -1 -1 -1 -1 18 -1 -1 -1 -1 -1 -1 -1 -1 19 -1 -1 -1 -1 -1 -1 22 21 20 -1 -1 -1 -1 
-1 -1 -1 4 -1 5 6 -1 -1 -1 -1 -1 -1 3 -1 -1 -1 -1 -1 -1 -1 -1 2 -1 -1 -1 -1 -1 -1 -1 17 -1 -1 -1 -1 -1 -1 -1 -1 -1 29 14 7 -1 -1 -1 -1 30 -1 -1 -1 -1 -1 -1 -1 -1 -1 -1 -1 -1 15 -1 10 -1 -1 -1 -1 18 -1 -1 -1 -1 26 -1 -1 -1 19 -1 -1 -1 -1 -1 -1 22 21 20 -1 -1 -1 -1 
-1 -1 -1 4 -1 5 6 -1 -1 -1 -1 -1 -1 3 -1 -1 -1 10 -1 -1 -1 -1 2 -1 -1 -1 -1 -1 -1 -1 17 -1 -1 -1 -1 -1 -1 -1 -1 -1 29 14 7 -1 -1 -1 -1 30 -1 -1 -1 -1 -1 -1 -1 -1 -1 -1 -1 -1 15 -1 -1 -1 -1 -1 -1 18 -1 -1 -1 -1 26 -1 -1 -1 19 -1 -1 -1 -1 -1 -1 22 21 20 -1 -1 -1 -1 
-1 -1 -1 4 -1 5 6 -1 -1 -1 -1 -1 -1 3 -1 -1 -1 10 -1 -1 -1 -1 2 -1 -1 -1 -1 -1 -1 -1 17 -1 -1 -1 -1 -1 -1 -1 30 -1 29 14 7 -1 -1 -1 -1 -1 -1 -1 -1 -1 -1 -1 -1 -1 -1 -1 -1 -1 15 -1 -1 -1 -1 -1 -1 18 -1 -1 -1 -1 26 -1 -1 -1 19 -1 -1 -1 -1 -1 -1 22 21 20 -1 -1 -1 -1 
-1 -1 -1 4 -1 5 6 -1 -1 -1 -1 -1 -1 -1 -1 -1 -1 10 -1 -1 -1 3 2 -1 -1 -1 -1 -1 -1 -1 17 -1 -1 -1 -1 -1 -1 -1 30 -1 29 14 7 -1 -1 -1 -1 -1 -1 -1 -1 -1 -1 -1 -1 -1 -1 -1 -1 -1 15 -1 -1 -1 -1 -1 -1 18 -1 -1 -1 -1 26 -1 -1 -1 19 -1 -1 -1 -1 -1 -1 22 21 20 -1 -1 -1 -1 
-1 -1 -1 4 -1 5 6 -1 -1 -1 -1 -1 -1 -1 -1 -1 -1 10 -1 -1 -1 3 2 -1 -1 -1 -1 -1 -1 30 17 -1 -1 -1 -1 -1 -1 -1 -1 -1 29 14 7 -1 -1 -1 -1 -1 -1 -1 -1 -1 -1 -1 -1 -1 -1 -1 -1 -1 15 -1 -1 -1 -1 -1 -1 18 -1 -1 -1 -1 26 -1 -1 -1 19 -1 -1 -1 -1 -1 -1 22 21 20 -1 -1 -1 -1 
-1 -1 -1 4 -1 -1 6 -1 -1 -1 -1 -1 -1 5 -1 -1 -1 10 -1 -1 -1 3 2 -1 -1 -1 -1 -1 -1 30 17 -1 -1 -1 -1 -1 -1 -1 -1 -1 29 14 7 -1 -1 -1 -1 -1 -1 -1 -1 -1 -1 -1 -1 -1 -1 -1 -1 -1 15 -1 -1 -1 -1 -1 -1 18 -1 -1 -1 -1 26 -1 -1 -1 19 -1 -1 -1 -1 -1 -1 22 21 20 -1 -1 -1 -1 
-1 -1 -1 4 -1 -1 6 -1 -1 -1 -1 -1 -1 5 -1 -1 -1 10 -1 -1 30 3 2 -1 -1 -1 -1 -1 -1 -1 17 -1 -1 -1 -1 -1 -1 -1 -1 -1 29 14 7 -1 -1 -1 -1 -1 -1 -1 -1 -1 -1 -1 -1 -1 -1 -1 -1 -1 15 -1 -1 -1 -1 -1 -1 18 -1 -1 -1 -1 26 -1 -1 -1 19 -1 -1 -1 -1 -1 -1 22 21 20 -1 -1 -1 -1 
-1 -1 -1 -1 4 -1 6 -1 -1 -1 -1 -1 -1 5 -1 -1 -1 10 -1 -1 30 3 2 -1 -1 -1 -1 -1 -1 -1 17 -1 -1 -1 -1 -1 -1 -1 -1 -1 29 14 7 -1 -1 -1 -1 -1 -1 -1 -1 -1 -1 -1 -1 -1 -1 -1 -1 -1 15 -1 -1 -1 -1 -1 -1 18 -1 -1 -1 -1 26 -1 -1 -1 19 -1 -1 -1 -1 -1 -1 22 21 20 -1 -1 -1 -1 
-1 -1 -1 -1 4 -1 6 -1 -1 -1 -1 -1 -1 5 -1 -1 -1 10 -1 -1 30 3 2 -1 -1 -1 -1 -1 -1 -1 17 -1 -1 -1 -1 -1 -1 -1 -1 -1 29 14 7 -1 -1 -1 -1 -1 -1 -1 -1 -1 -1 -1 26 -1 -1 -1 -1 -1 15 -1 -1 -1 -1 -1 -1 18 -1 -1 -1 -1 -1 -1 -1 -1 19 -1 -1 -1 -1 -1 -1 22 21 20 -1 -1 -1 -1 
-1 -1 -1 -1 4 -1 6 -1 -1 -1 -1 -1 -1 5 -1 -1 -1 10 -1 -1 30 3 2 -1 -1 -1 -1 -1 -1 -1 17 -1 -1 -1 -1 -1 -1 -1 -1 -1 29 14 -1 -1 -1 -1 -1 -1 -1 -1 -1 -1 -1 7 26 -1 -1 -1 -1 -1 15 -1 -1 -1 -1 -1 -1 18 -1 -1 -1 -1 -1 -1 -1 -1 19 -1 -1 -1 -1 -1 -1 22 21 20 -1 -1 -1 -1 
-1 -1 -1 -1 4 -1 6 -1 -1 -1 -1 -1 -1 5 -1 -1 -1 10 -1 -1 30 3 2 -1 -1 -1 -1 -1 -1 -1 17 29 -1 -1 -1 -1 -1 -1 -1 -1 -1 14 -1 -1 -1 -1 -1 -1 -1 -1 -1 -1 -1 7 26 -1 -1 -1 -1 -1 15 -1 -1 -1 -1 -1 -1 18 -1 -1 -1 -1 -1 -1 -1 -1 19 -1 -1 -1 -1 -1 -1 22 21 20 -1 -1 -1 -1 
-1 -1 -1 -1 4 -1 6 -1 -1 -1 -1 -1 -1 5 -1 -1 -1 10 -1 -1 30 3 2 -1 -1 -1 -1 -1 -1 -1 17 29 -1 -1 -1 -1 -1 -1 -1 -1 -1 14 -1 -1 -1 -1 -1 -1 -1 -1 -1 -1 -1 -1 26 -1 -1 -1 -1 -1 15 -1 -1 -1 -1 -1 -1 18 -1 -1 7 -1 -1 -1 -1 -1 19 -1 -1 -1 -1 -1 -1 22 21 20 -1 -1 -1 -1 
-1 -1 -1 -1 4 -1 6 -1 -1 -1 -1 -1 -1 5 -1 -1 -1 10 -1 -1 30 3 2 -1 -1 -1 -1 -1 -1 -1 -1 29 -1 -1 -1 -1 -1 -1 -1 -1 -1 14 -1 -1 -1 -1 -1 -1 -1 17 -1 -1 -1 -1 26 -1 -1 -1 -1 -1 15 -1 -1 -1 -1 -1 -1 18 -1 -1 7 -1 -1 -1 -1 -1 19 -1 -1 -1 -1 -1 -1 22 21 20 -1 -1 -1 -1 
-1 -1 -1 -1 4 -1 6 -1 -1 -1 -1 -1 -1 5 -1 -1 -1 10 -1 -1 30 3 2 -1 -1 -1 -1 -1 -1 -1 -1 29 -1 -1 -1 -1 -1 -1 -1 -1 -1 14 -1 -1 -1 -1 -1 -1 -1 17 -1 7 -1 -1 26 -1 -1 -1 -1 -1 15 -1 -1 -1 -1 -1 -1 18 -1 -1 -1 -1 -1 -1 -1 -1 19 -1 -1 -1 -1 -1 -1 22 21 20 -1 -1 -1 -1 
-1 -1 -1 -1 4 -1 6 -1 -1 -1 -1 -1 -1 5 -1 -1 -1 10 -1 -1 30 3 2 -1 -1 -1 -1 -1 -1 -1 29 -1 -1 -1 -1 -1 -1 -1 -1 -1 -1 14 -1 -1 -1 -1 -1 -1 -1 17 -1 7 -1 -1 26 -1 -1 -1 -1 -1 15 -1 -1 -1 -1 -1 -1 18 -1 -1 -1 -1 -1 -1 -1 -1 19 -1 -1 -1 -1 -1 -1 22 21 20 -1 -1 -1 -1 
-1 -1 -1 -1 4 -1 6 -1 -1 -1 -1 -1 -1 5 -1 -1 -1 10 -1 -1 30 3 2 -1 -1 -1 -1 -1 -1 -1 29 -1 -1 -1 -1 -1 -1 -1 -1 -1 7 14 -1 -1 -1 -1 -1 -1 -1 17 -1 -1 -1 -1 26 -1 -1 -1 -1 -1 15 -1 -1 -1 -1 -1 -1 18 -1 -1 -1 -1 -1 -1 -1 -1 19 -1 -1 -1 -1 -1 -1 22 21 20 -1 -1 -1 -1 
-1 -1 -1 -1 4 -1 6 -1 -1 -1 -1 -1 -1 5 -1 -1 -1 10 -1 -1 30 3 2 -1 -1 -1 -1 -1 -1 -1 29 -1 -1 -1 -1 -1 26 -1 -1 -1 7 14 -1 -1 -1 -1 -1 -1 -1 17 -1 -1 -1 -1 -1 -1 -1 -1 -1 -1 15 -1 -1 -1 -1 -1 -1 18 -1 -1 -1 -1 -1 -1 -1 -1 19 -1 -1 -1 -1 -1 -1 22 21 20 -1 -1 -1 -1 
-1 -1 -1 -1 -1 4 6 -1 -1 -1 -1 -1 -1 5 -1 -1 -1 10 -1 -1 30 3 2 -1 -1 -1 -1 -1 -1 -1 29 -1 -1 -1 -1 -1 26 -1 -1 -1 7 14 -1 -1 -1 -1 -1 -1 -1 17 -1 -1 -1 -1 -1 -1 -1 -1 -1 -1 15 -1 -1 -1 -1 -1 -1 18 -1 -1 -1 -1 -1 -1 -1 -1 19 -1 -1 -1 -1 -1 -1 22 21 20 -1 -1 -1 -1 
-1 -1 -1 -1 -1 4 6 -1 -1 -1 -1 -1 -1 5 -1 -1 -1 10 -1 -1 30 3 2 -1 -1 -1 -1 -1 -1 -1 29 -1 -1 -1 -1 -1 26 -1 -1 -1 7 14 -1 -1 -1 -1 -1 -1 -1 17 -1 -1 -1 -1 -1 -1 -1 -1 -1 -1 15 -1 -1 -1 -1 -1 19 18 -1 -1 -1 -1 -1 -1 -1 -1 -1 -1 -1 -1 -1 -1 -1 22 21 20 -1 -1 -1 -1 
-1 -1 -1 -1 -1 4 6 -1 -1 -1 -1 -1 -1 5 -1 -1 -1 -1 -1 -1 30 3 2 -1 -1 -1 10 -1 -1 -1 29 -1 -1 -1 -1 -1 26 -1 -1 -1 7 14 -1 -1 -1 -1 -1 -1 -1 17 -1 -1 -1 -1 -1 -1 -1 -1 -1 -1 15 -1 -1 -1 -1 -1 19 18 -1 -1 -1 -1 -1 -1 -1 -1 -1 -1 -1 -1 -1 -1 -1 22 21 20 -1 -1 -1 -1 
26 -1 -1 -1 -1 4 6 -1 -1 -1 -1 -1 -1 5 -1 -1 -1 -1 -1 -1 30 3 2 -1 -1 -1 10 -1 -1 -1 29 -1 -1 -1 -1 -1 -1 -1 -1 -1 7 14 -1 -1 -1 -1 -1 -1 -1 17 -1 -1 -1 -1 -1 -1 -1 -1 -1 -1 15 -1 -1 -1 -1 -1 19 18 -1 -1 -1 -1 -1 -1 -1 -1 -1 -1 -1 -1 -1 -1 -1 22 21 20 -1 -1 -1 -1 
26 -1 -1 -1 -1 4 6 -1 -1 -1 -1 -1 -1 5 -1 -1 -1 10 -1 -1 30 3 2 -1 -1 -1 -1 -1 -1 -1 29 -1 -1 -1 -1 -1 -1 -1 -1 -1 7 14 -1 -1 -1 -1 -1 -1 -1 17 -1 -1 -1 -1 -1 -1 -1 -1 -1 -1 15 -1 -1 -1 -1 -1 19 18 -1 -1 -1 -1 -1 -1 -1 -1 -1 -1 -1 -1 -1 -1 -1 22 21 20 -1 -1 -1 -1 
26 -1 -1 -1 -1 4 6 -1 -1 -1 -1 -1 -1 5 -1 -1 -1 10 -1 -1 30 3 2 -1 -1 -1 -1 -1 -1 -1 29 -1 -1 -1 -1 -1 -1 -1 -1 -1 7 14 -1 -1 -1 -1 -1 -1 -1 -1 -1 -1 -1 -1 -1 -1 17 -1 -1 -1 15 -1 -1 -1 -1 -1 19 18 -1 -1 -1 -1 -1 -1 -1 -1 -1 -1 -1 -1 -1 -1 -1 22 21 20 -1 -1 -1 -1 
26 -1 -1 -1 -1 4 6 -1 -1 -1 -1 -1 -1 5 -1 -1 -1 10 -1 -1 30 3 2 -1 -1 -1 -1 -1 -1 -1 29 -1 -1 -1 -1 -1 -1 -1 -1 -1 14 -1 -1 -1 -1 -1 -1 -1 -1 -1 -1 -1 -1 -1 -1 -1 17 -1 -1 -1 15 -1 -1 -1 -1 -1 19 18 -1 -1 -1 -1 -1 -1 -1 -1 -1 -1 -1 -1 -1 -1 -1 22 21 20 -1 -1 -1 -1 
26 -1 -1 -1 -1 4 6 -1 -1 -1 -1 -1 -1 5 -1 -1 -1 10 -1 -1 30 3 2 -1 -1 -1 -1 -1 -1 -1 29 -1 -1 -1 -1 -1 -1 -1 -1 17 14 -1 -1 -1 -1 -1 -1 -1 -1 -1 -1 -1 -1 -1 -1 -1 -1 -1 -1 -1 15 -1 -1 -1 -1 -1 19 18 -1 -1 -1 -1 -1 -1 -1 -1 -1 -1 -1 -1 -1 -1 -1 22 21 20 -1 -1 -1 -1 
26 -1 -1 -1 -1 4 6 -1 -1 -1 -1 -1 -1 5 -1 -1 -1 10 -1 -1 30 3 2 -1 -1 -1 -1 -1 -1 -1 13 -1 -1 -1 -1 -1 -1 -1 -1 17 14 -1 -1 -1 -1 -1 -1 -1 -1 -1 -1 -1 -1 -1 -1 -1 -1 -1 -1 -1 15 -1 -1 -1 -1 -1 19 18 -1 -1 -1 -1 -1 -1 -1 -1 -1 -1 -1 -1 -1 -1 -1 22 21 20 -1 -1 -1 -1 
26 -1 -1 -1 -1 4 6 -1 -1 -1 -1 -1 -1 5 -1 -1 -1 10 -1 -1 30 3 2 -1 -1 -1 -1 -1 -1 -1 13 -1 -1 -1 -1 -1 -1 -1 -1 17 14 -1 -1 -1 -1 -1 -1 -1 -1 -1 -1 -1 -1 -1 -1 -1 -1 -1 19 -1 15 -1 -1 -1 -1 -1 -1 18 -1 -1 -1 -1 -1 -1 -1 -1 -1 -1 -1 -1 -1 -1 -1 22 21 20 -1 -1 -1 -1 
26 -1 -1 -1 -1 4 6 -1 -1 -1 -1 -1 -1 5 -1 -1 -1 -1 -1 -1 30 3 2 -1 -1 -1 -1 -1 -1 -1 13 -1 -1 -1 -1 -1 -1 -1 -1 17 14 -1 -1 -1 10 -1 -1 -1 -1 -1 -1 -1 -1 -1 -1 -1 -1 -1 19 -1 15 -1 -1 -1 -1 -1 -1 18 -1 -1 -1 -1 -1 -1 -1 -1 -1 -1 -1 -1 -1 -1 -1 22 21 20 -1 -1 -1 -1 
26 -1 -1 -1 -1 4 6 -1 -1 -1 -1 -1 -1 5 -1 -1 -1 -1 -1 -1 30 3 2 -1 -1 -1 -1 -1 17 -1 13 -1 -1 -1 -1 -1 -1 -1 -1 -1 14 -1 -1 -1 10 -1 -1 -1 -1 -1 -1 -1 -1 -1 -1 -1 -1 -1 19 -1 15 -1 -1 -1 -1 -1 -1 18 -1 -1 -1 -1 -1 -1 -1 -1 -1 -1 -1 -1 -1 -1 -1 22 21 20 -1 -1 -1 -1 
26 -1 -1 -1 -1 4 6 -1 -1 -1 -1 -1 -1 5 -1 -1 -1 -1 -1 -1 30 3 2 -1 -1 -1 -1 -1 17 -1 13 -1 -1 -1 -1 10 -1 -1 -1 -1 14 -1 -1 -1 -1 -1 -1 -1 -1 -1 -1 -1 -1 -1 -1 -1 -1 -1 19 -1 15 -1 -1 -1 -1 -1 -1 18 -1 -1 -1 -1 -1 -1 -1 -1 -1 -1 -1 -1 -1 -1 -1 22 21 20 -1 -1 -1 -1 
26 -1 -1 -1 -1 4 6 -1 -1 -1 -1 -1 -1 5 -1 -1 -1 -1 -1 -1 30 3 2 -1 -1 -1 -1 -1 -1 -1 13 -1 -1 -1 -1 10 -1 -1 -1 17 14 -1 -1 -1 -1 -1 -1 -1 -1 -1 -1 -1 -1 -1 -1 -1 -1 -1 19 -1 15 -1 -1 -1 -1 -1 -1 18 -1 -1 -1 -1 -1 -1 -1 -1 -1 -1 -1 -1 -1 -1 -1 22 21 20 -1 -1 -1 -1 
26 -1 -1 -1 -1 4 6 -1 -1 -1 -1 -1 -1 5 -1 -1 -1 -1 -1 -1 30 3 2 -1 -1 -1 -1 -1 -1 -1 13 -1 -1 -1 -1 -1 -1 -1 -1 17 14 -1 -1 -1 -1 -1 -1 -1 -1 -1 -1 -1 -1 10 -1 -1 -1 -1 19 -1 15 -1 -1 -1 -1 -1 -1 18 -1 -1 -1 -1 -1 -1 -1 -1 -1 -1 -1 -1 -1 -1 -1 22 21 20 -1 -1 -1 -1 
26 -1 -1 -1 -1 4 6 -1 -1 -1 -1 -1 -1 5 -1 -1 -1 -1 -1 -1 30 3 2 -1 -1 -1 -1 -1 17 -1 13 -1 -1 -1 -1 -1 -1 -1 -1 -1 14 -1 -1 -1 -1 -1 -1 -1 -1 -1 -1 -1 -1 10 -1 -1 -1 -1 19 -1 15 -1 -1 -1 -1 -1 -1 18 -1 -1 -1 -1 -1 -1 -1 -1 -1 -1 -1 -1 -1 -1 -1 22 21 20 -1 -1 -1 -1 
26 -1 -1 -1 -1 4 6 -1 -1 -1 -1 -1 -1 5 -1 -1 -1 -1 -1 -1 30 3 2 -1 -1 -1 -1 -1 17 -1 13 -1 -1 -1 -1 -1 -1 -1 -1 -1 14 -1 -1 -1 -1 -1 -1 -1 -1 10 -1 -1 -1 -1 -1 -1 -1 -1 19 -1 15 -1 -1 -1 -1 -1 -1 18 -1 -1 -1 -1 -1 -1 -1 -1 -1 -1 -1 -1 -1 -1 -1 22 21 20 -1 -1 -1 -1 
26 -1 -1 -1 -1 4 6 -1 -1 -1 -1 -1 -1 5 -1 -1 -1 -1 -1 -1 30 3 2 -1 -1 -1 -1 -1 17 -1 13 -1 -1 -1 -1 -1 -1 -1 -1 -1 14 -1 -1 -1 -1 -1 -1 -1 -1 10 -1 -1 -1 -1 -1 -1 -1 -1 19 -1 15 -1 -1 -1 -1 -1 -1 18 -1 -1 -1 -1 -1 -1 -1 -1 -1 -1 -1 -1 -1 -1 -1 22 20 -1 -1 -1 -1 -1 
26 -1 -1 -1 -1 4 6 -1 -1 -1 -1 -1 -1 5 -1 -1 -1 -1 -1 -1 30 3 2 -1 -1 -1 -1 -1 17 -1 13 -1 -1 -1 -1 -1 -1 -1 -1 -1 14 -1 -1 -1 -1 -1 -1 -1 10 -1 -1 -1 -1 -1 -1 -1 -1 -1 19 -1 15 -1 -1 -1 -1 -1 -1 18 -1 -1 -1 -1 -1 -1 -1 -1 -1 -1 -1 -1 -1 -1 -1 22 20 -1 -1 -1 -1 -1 
26 -1 -1 -1 -1 4 6 -1 -1 -1 -1 -1 -1 5 -1 -1 -1 -1 -1 -1 30 3 2 -1 -1 -1 -1 -1 17 -1 13 -1 -1 -1 -1 -1 -1 -1 -1 -1 14 -1 -1 -1 -1 -1 -1 -1 10 -1 -1 -1 -1 -1 -1 -1 -1 -1 19 -1 15 -1 -1 -1 -1 -1 -1 18 -1 -1 -1 -1 -1 -1 -1 -1 -1 -1 -1 -1 -1 -1 -1 22 -1 20 -1 -1 -1 -1 
26 -1 -1 -1 -1 4 6 -1 -1 -1 -1 -1 -1 5 -1 -1 -1 -1 -1 -1 30 3 2 -1 -1 -1 -1 -1 17 -1 13 -1 -1 -1 -1 -1 -1 -1 -1 -1 -1 -1 -1 -1 -1 -1 -1 -1 10 -1 -1 -1 -1 -1 -1 -1 -1 -1 19 7 15 -1 -1 -1 -1 -1 -1 18 -1 -1 -1 -1 -1 -1 -1 -1 -1 -1 -1 -1 -1 -1 -1 22 -1 20 -1 -1 -1 -1 
-1 -1 -1 -1 -1 4 6 -1 -1 -1 -1 -1 -1 5 -1 -1 -1 -1 -1 -1 30 3 2 -1 -1 -1 -1 -1 17 -1 13 -1 -1 -1 -1 -1 -1 -1 -1 -1 -1 -1 -1 -1 -1 -1 -1 -1 10 -1 -1 -1 -1 -1 -1 -1 -1 -1 19 7 15 -1 -1 -1 -1 -1 -1 18 -1 -1 -1 -1 26 -1 -1 -1 -1 -1 -1 -1 -1 -1 -1 22 -1 20 -1 -1 -1 -1 
-1 -1 -1 -1 -1 4 6 -1 -1 -1 -1 -1 -1 5 -1 -1 -1 -1 -1 -1 30 3 2 -1 -1 -1 -1 -1 17 -1 13 -1 -1 -1 -1 -1 -1 -1 -1 -1 -1 -1 -1 -1 -1 -1 -1 -1 -1 10 -1 -1 -1 -1 -1 -1 -1 -1 19 7 15 -1 -1 -1 -1 -1 -1 18 -1 -1 -1 -1 26 -1 -1 -1 -1 -1 -1 -1 -1 -1 -1 22 -1 20 -1 -1 -1 -1 
-1 -1 -1 -1 -1 4 6 -1 -1 -1 -1 -1 -1 5 -1 -1 -1 -1 -1 -1 30 3 2 -1 -1 -1 -1 -1 17 -1 13 -1 -1 -1 -1 -1 -1 -1 -1 -1 -1 -1 -1 -1 -1 -1 -1 -1 -1 10 -1 -1 -1 -1 -1 -1 -1 -1 19 7 15 -1 -1 -1 -1 -1 -1 18 -1 -1 -1 -1 26 -1 -1 -1 -1 -1 -1 -1 -1 -1 -1 22 -1 -1 20 -1 -1 -1 
-1 -1 -1 -1 -1 4 6 -1 -1 -1 -1 -1 -1 5 -1 -1 -1 -1 -1 -1 30 3 2 -1 -1 -1 -1 -1 17 -1 13 -1 -1 -1 -1 -1 -1 -1 -1 -1 -1 -1 -1 -1 -1 -1 -1 -1 -1 -1 10 -1 -1 -1 -1 -1 -1 -1 19 7 15 -1 -1 -1 -1 -1 -1 18 -1 -1 -1 -1 26 -1 -1 -1 -1 -1 -1 -1 -1 -1 -1 22 -1 -1 20 -1 -1 -1 
-1 -1 -1 -1 -1 4 6 -1 -1 -1 -1 -1 -1 5 -1 -1 -1 -1 -1 -1 30 3 2 -1 -1 -1 -1 -1 17 -1 13 -1 -1 -1 -1 -1 -1 -1 -1 -1 -1 -1 -1 -1 -1 -1 -1 -1 -1 -1 10 -1 -1 -1 -1 -1 -1 -1 19 7 15 -1 -1 -1 -1 -1 -1 18 -1 -1 -1 -1 26 -1 -1 -1 -1 -1 -1 -1 -1 -1 -1 22 -1 20 -1 -1 -1 -1 
-1 -1 -1 -1 -1 4 6 -1 -1 -1 -1 -1 -1 5 -1 -1 -1 -1 -1 -1 30 3 2 -1 -1 -1 -1 -1 17 -1 13 -1 -1 -1 -1 -1 -1 -1 -1 -1 -1 -1 -1 -1 -1 -1 10 -1 -1 -1 -1 -1 -1 -1 -1 -1 -1 -1 19 7 15 -1 -1 -1 -1 -1 -1 18 -1 -1 -1 -1 26 -1 -1 -1 -1 -1 -1 -1 -1 -1 -1 22 -1 20 -1 -1 -1 -1 
-1 -1 -1 -1 -1 4 6 -1 -1 -1 -1 -1 -1 5 -1 -1 -1 -1 -1 -1 30 3 2 -1 -1 -1 -1 -1 17 -1 13 -1 -1 -1 -1 -1 -1 -1 -1 -1 -1 -1 -1 -1 -1 -1 10 -1 -1 -1 -1 -1 -1 -1 -1 -1 -1 -1 19 7 15 -1 -1 -1 -1 -1 -1 18 -1 -1 -1 -1 -1 -1 -1 26 -1 -1 -1 -1 -1 -1 -1 22 -1 20 -1 -1 -1 -1 
-1 -1 -1 -1 -1 4 6 -1 -1 -1 -1 -1 -1 5 -1 -1 -1 -1 -1 -1 30 3 2 -1 -1 -1 -1 -1 17 13 -1 -1 -1 -1 -1 -1 -1 -1 -1 -1 -1 -1 -1 -1 -1 -1 10 -1 -1 -1 -1 -1 -1 -1 -1 -1 -1 -1 19 7 15 -1 -1 -1 -1 -1 -1 18 -1 -1 -1 -1 -1 -1 -1 26 -1 -1 -1 -1 -1 -1 -1 22 -1 20 -1 -1 -1 -1 
-1 -1 -1 -1 -1 4 6 -1 -1 -1 -1 -1 -1 5 -1 -1 -1 -1 -1 -1 30 3 2 -1 -1 -1 -1 -1 -1 13 -1 -1 -1 -1 -1 -1 -1 -1 -1 -1 -1 -1 -1 -1 -1 -1 10 17 -1 -1 -1 -1 -1 -1 -1 -1 -1 -1 19 7 15 -1 -1 -1 -1 -1 -1 18 -1 -1 -1 -1 -1 -1 -1 26 -1 -1 -1 -1 -1 -1 -1 22 -1 20 -1 -1 -1 -1 
-1 -1 -1 -1 -1 4 6 -1 -1 -1 -1 -1 -1 5 -1 -1 -1 -1 -1 -1 30 3 2 -1 -1 -1 -1 -1 -1 13 -1 -1 -1 -1 -1 -1 -1 -1 -1 -1 -1 -1 -1 -1 -1 -1 -1 17 -1 -1 -1 -1 -1 -1 -1 -1 -1 -1 19 7 15 -1 -1 -1 -1 -1 -1 18 -1 -1 -1 -1 -1 -1 -1 26 -1 -1 -1 -1 -1 -1 9 22 -1 20 -1 -1 -1 -1 
-1 -1 -1 -1 -1 4 6 -1 -1 -1 -1 -1 -1 5 -1 -1 -1 -1 -1 -1 30 3 2 -1 -1 -1 -1 -1 -1 13 -1 -1 -1 -1 -1 -1 -1 -1 -1 -1 -1 -1 -1 -1 -1 -1 -1 17 -1 -1 -1 -1 -1 -1 -1 -1 -1 -1 -1 7 15 -1 -1 -1 -1 -1 19 18 -1 -1 -1 -1 -1 -1 -1 26 -1 -1 -1 -1 -1 -1 9 22 -1 20 -1 -1 -1 -1 
-1 -1 -1 -1 -1 4 6 -1 -1 -1 -1 -1 -1 5 -1 -1 -1 -1 -1 -1 30 3 2 -1 -1 -1 -1 -1 -1 13 -1 -1 -1 -1 -1 -1 -1 -1 -1 -1 -1 -1 -1 -1 -1 -1 -1 17 -1 -1 -1 -1 -1 -1 -1 -1 -1 -1 -1 -1 15 -1 -1 -1 -1 -1 7 18 -1 -1 -1 -1 -1 -1 -1 26 -1 -1 -1 -1 -1 -1 9 22 -1 20 -1 -1 -1 -1 
-1 -1 -1 -1 -1 4 6 -1 -1 -1 -1 -1 -1 5 -1 -1 -1 -1 -1 -1 30 3 2 -1 -1 -1 -1 -1 -1 13 -1 -1 -1 -1 -1 -1 -1 -1 -1 -1 -1 -1 -1 -1 -1 -1 -1 -1 -1 -1 -1 -1 -1 -1 -1 -1 -1 -1 17 -1 15 -1 -1 -1 -1 -1 7 18 -1 -1 -1 -1 -1 -1 -1 26 -1 -1 -1 -1 -1 -1 9 22 -1 20 -1 -1 -1 -1 
-1 -1 -1 -1 -1 4 6 -1 -1 -1 -1 -1 -1 5 -1 -1 -1 -1 -1 -1 30 3 2 -1 -1 -1 -1 -1 -1 13 -1 -1 -1 -1 -1 -1 -1 -1 -1 12 -1 -1 -1 -1 -1 -1 -1 -1 -1 -1 -1 -1 -1 -1 -1 -1 -1 -1 17 -1 15 -1 -1 -1 -1 -1 7 18 -1 -1 -1 -1 -1 -1 -1 26 -1 -1 -1 -1 -1 -1 9 22 -1 20 -1 -1 -1 -1 
-1 -1 -1 -1 -1 4 6 -1 -1 -1 -1 -1 -1 5 -1 -1 -1 -1 -1 -1 30 3 2 -1 -1 -1 -1 -1 -1 13 -1 -1 -1 -1 -1 -1 -1 -1 -1 12 -1 17 -1 -1 -1 -1 -1 -1 -1 -1 -1 -1 -1 -1 -1 -1 -1 -1 -1 -1 15 -1 -1 -1 -1 -1 7 18 -1 -1 -1 -1 -1 -1 -1 26 -1 -1 -1 -1 -1 -1 9 22 -1 20 -1 -1 -1 -1 
-1 -1 -1 -1 -1 4 6 -1 -1 -1 -1 -1 -1 5 -1 -1 -1 -1 -1 -1 30 3 2 -1 -1 -1 -1 -1 -1 13 -1 -1 -1 -1 -1 -1 -1 -1 -1 12 -1 17 -1 -1 -1 -1 -1 -1 -1 -1 -1 -1 -1 -1 -1 7 -1 -1 -1 -1 15 -1 -1 -1 -1 -1 -1 18 -1 -1 -1 -1 -1 -1 -1 26 -1 -1 -1 -1 -1 -1 9 22 -1 20 -1 -1 -1 -1 
-1 -1 -1 -1 -1 4 6 -1 -1 -1 -1 -1 -1 5 -1 -1 -1 -1 -1 -1 -1 30 2 -1 -1 -1 -1 -1 -1 13 -1 -1 -1 -1 -1 -1 -1 -1 -1 12 -1 17 -1 -1 -1 -1 -1 -1 -1 -1 -1 -1 -1 -1 -1 7 -1 -1 -1 -1 15 -1 -1 -1 -1 -1 -1 18 -1 -1 -1 -1 -1 -1 -1 26 -1 -1 -1 -1 -1 -1 9 22 -1 20 -1 -1 -1 -1 
-1 -1 -1 -1 -1 4 6 -1 -1 -1 -1 -1 -1 -1 -1 -1 -1 -1 -1 -1 -1 5 2 -1 -1 -1 -1 -1 -1 13 -1 -1 -1 -1 -1 -1 -1 -1 -1 12 -1 17 -1 -1 -1 -1 -1 -1 -1 -1 -1 -1 -1 -1 -1 7 -1 -1 -1 -1 15 -1 -1 -1 -1 -1 -1 18 -1 -1 -1 -1 -1 -1 -1 26 -1 -1 -1 -1 -1 -1 9 22 -1 20 -1 -1 -1 -1 
-1 -1 -1 -1 -1 4 6 -1 -1 -1 -1 -1 -1 -1 -1 -1 -1 -1 -1 -1 -1 29 2 -1 -1 -1 -1 -1 -1 13 -1 -1 -1 -1 -1 -1 -1 -1 -1 12 -1 17 -1 -1 -1 -1 -1 -1 -1 -1 -1 -1 -1 -1 -1 7 -1 -1 -1 -1 15 -1 -1 -1 -1 -1 -1 18 -1 -1 -1 -1 -1 -1 -1 26 -1 -1 -1 -1 -1 -1 9 22 -1 20 -1 -1 -1 -1 
-1 -1 -1 -1 -1 4 6 -1 -1 -1 -1 -1 -1 -1 -1 -1 -1 -1 -1 -1 -1 29 2 -1 -1 -1 -1 -1 -1 13 -1 -1 -1 -1 -1 -1 -1 -1 -1 12 -1 17 -1 -1 -1 -1 -1 -1 -1 -1 -1 -1 -1 -1 -1 7 -1 -1 -1 -1 15 -1 -1 -1 -1 1 -1 18 -1 -1 -1 -1 -1 -1 -1 26 -1 -1 -1 -1 -1 -1 9 22 -1 20 -1 -1 -1 -1 
-1 -1 -1 -1 -1 4 6 -1 -1 -1 -1 -1 -1 -1 -1 -1 -1 -1 -1 -1 -1 29 2 -1 -1 -1 -1 -1 -1 13 -1 -1 -1 -1 -1 -1 -1 -1 -1 12 -1 17 -1 -1 -1 -1 -1 -1 -1 -1 -1 -1 -1 -1 -1 7 -1 -1 -1 -1 15 -1 -1 -1 -1 1 -1 18 -1 -1 -1 -1 -1 -1 -1 26 -1 -1 -1 -1 -1 -1 9 22 -1 -1 20 -1 -1 -1 
-1 -1 -1 -1 -1 4 6 -1 -1 -1 -1 -1 -1 -1 -1 -1 -1 -1 -1 -1 -1 29 2 -1 -1 -1 -1 -1 -1 13 -1 -1 -1 -1 -1 -1 -1 -1 -1 -1 -1 17 -1 -1 -1 -1 -1 -1 12 -1 -1 -1 -1 -1 -1 7 -1 -1 -1 -1 15 -1 -1 -1 -1 1 -1 18 -1 -1 -1 -1 -1 -1 -1 26 -1 -1 -1 -1 -1 -1 9 22 -1 -1 20 -1 -1 -1 
-1 -1 -1 -1 -1 4 6 -1 -1 -1 -1 -1 -1 -1 -1 -1 -1 -1 -1 -1 -1 29 2 -1 -1 -1 -1 -1 -1 13 -1 -1 -1 -1 -1 -1 -1 -1 -1 -1 -1 17 -1 -1 -1 -1 -1 -1 12 -1 -1 -1 -1 -1 -1 7 -1 -1 -1 -1 15 -1 -1 -1 -1 1 -1 18 -1 -1 -1 -1 -1 -1 -1 -1 -1 26 -1 -1 -1 -1 9 22 -1 -1 20 -1 -1 -1 
-1 -1 -1 -1 4 -1 6 -1 -1 -1 -1 -1 -1 -1 -1 -1 -1 -1 -1 -1 -1 29 2 -1 -1 -1 -1 -1 -1 13 -1 -1 -1 -1 -1 -1 -1 -1 -1 -1 -1 17 -1 -1 -1 -1 -1 -1 12 -1 -1 -1 -1 -1 -1 7 -1 -1 -1 -1 15 -1 -1 -1 -1 1 -1 18 -1 -1 -1 -1 -1 -1 -1 -1 -1 26 -1 -1 -1 -1 9 22 -1 -1 20 -1 -1 -1 
-1 -1 -1 -1 4 -1 6 -1 -1 -1 -1 -1 -1 -1 -1 -1 -1 -1 -1 -1 -1 29 2 -1 -1 -1 -1 -1 -1 13 -1 -1 -1 -1 17 -1 -1 -1 -1 -1 -1 -1 -1 -1 -1 -1 -1 -1 12 -1 -1 -1 -1 -1 -1 7 -1 -1 -1 -1 15 -1 -1 -1 -1 1 -1 18 -1 -1 -1 -1 -1 -1 -1 -1 -1 26 -1 -1 -1 -1 9 22 -1 -1 20 -1 -1 -1 
-1 -1 -1 -1 4 -1 6 -1 -1 -1 -1 -1 -1 -1 -1 -1 -1 -1 -1 -1 -1 29 2 -1 -1 -1 -1 -1 -1 13 -1 -1 -1 -1 17 -1 -1 -1 -1 -1 -1 -1 -1 -1 -1 -1 -1 -1 12 -1 -1 -1 -1 -1 -1 7 -1 -1 -1 -1 15 -1 -1 -1 -1 1 -1 18 -1 -1 -1 -1 -1 -1 -1 -1 -1 26 -1 -1 -1 -1 -1 22 9 -1 20 -1 -1 -1 
-1 -1 -1 -1 4 -1 6 -1 -1 -1 -1 -1 -1 -1 -1 17 -1 -1 -1 -1 -1 29 2 -1 -1 -1 -1 -1 -1 13 -1 -1 -1 -1 -1 -1 -1 -1 -1 -1 -1 -1 -1 -1 -1 -1 -1 -1 12 -1 -1 -1 -1 -1 -1 7 -1 -1 -1 -1 15 -1 -1 -1 -1 1 -1 18 -1 -1 -1 -1 -1 -1 -1 -1 -1 26 -1 -1 -1 -1 -1 22 9 -1 20 -1 -1 -1 
-1 -1 -1 -1 -1 4 6 -1 -1 -1 -1 -1 -1 -1 -1 17 -1 -1 -1 -1 -1 29 2 -1 -1 -1 -1 -1 -1 13 -1 -1 -1 -1 -1 -1 -1 -1 -1 -1 -1 -1 -1 -1 -1 -1 -1 -1 12 -1 -1 -1 -1 -1 -1 7 -1 -1 -1 -1 15 -1 -1 -1 -1 1 -1 18 -1 -1 -1 -1 -1 -1 -1 -1 -1 26 -1 -1 -1 -1 -1 22 9 -1 20 -1 -1 -1 
-1 -1 -1 -1 -1 4 6 -1 -1 -1 -1 -1 -1 -1 -1 -1 -1 -1 -1 -1 -1 29 2 -1 -1 -1 -1 -1 -1 13 -1 -1 17 -1 -1 -1 -1 -1 -1 -1 -1 -1 -1 -1 -1 -1 -1 -1 12 -1 -1 -1 -1 -1 -1 7 -1 -1 -1 -1 15 -1 -1 -1 -1 1 -1 18 -1 -1 -1 -1 -1 -1 -1 -1 -1 26 -1 -1 -1 -1 -1 22 9 -1 20 -1 -1 -1 
-1 -1 -1 -1 4 -1 6 -1 -1 -1 -1 -1 -1 -1 -1 -1 -1 -1 -1 -1 -1 29 2 -1 -1 -1 -1 -1 -1 13 -1 -1 17 -1 -1 -1 -1 -1 -1 -1 -1 -1 -1 -1 -1 -1 -1 -1 12 -1 -1 -1 -1 -1 -1 7 -1 -1 -1 -1 15 -1 -1 -1 -1 1 -1 18 -1 -1 -1 -1 -1 -1 -1 -1 -1 26 -1 -1 -1 -1 -1 22 9 -1 20 -1 -1 -1 
-1 -1 -1 -1 4 -1 6 -1 -1 -1 -1 -1 -1 -1 -1 -1 -1 -1 -1 -1 -1 29 2 -1 -1 -1 -1 -1 -1 13 -1 -1 17 -1 -1 -1 -1 -1 -1 -1 -1 -1 -1 -1 -1 -1 -1 -1 12 -1 -1 -1 -1 -1 -1 7 -1 -1 -1 -1 15 -1 -1 -1 -1 1 -1 18 -1 -1 -1 -1 -1 -1 -1 -1 -1 -1 -1 -1 26 -1 -1 22 9 -1 20 -1 -1 -1 
-1 -1 -1 -1 -1 4 6 -1 -1 -1 -1 -1 -1 -1 -1 -1 -1 -1 -1 -1 -1 29 2 -1 -1 -1 -1 -1 -1 13 -1 -1 17 -1 -1 -1 -1 -1 -1 -1 -1 -1 -1 -1 -1 -1 -1 -1 12 -1 -1 -1 -1 -1 -1 7 -1 -1 -1 -1 15 -1 -1 -1 -1 1 -1 18 -1 -1 -1 -1 -1 -1 -1 -1 -1 -1 -1 -1 26 -1 -1 22 9 -1 20 -1 -1 -1 
-1 -1 -1 -1 -1 4 6 -1 26 -1 -1 -1 -1 -1 -1 -1 -1 -1 -1 -1 -1 29 2 -1 -1 -1 -1 -1 -1 13 -1 -1 17 -1 -1 -1 -1 -1 -1 -1 -1 -1 -1 -1 -1 -1 -1 -1 12 -1 -1 -1 -1 -1 -1 7 -1 -1 -1 -1 15 -1 -1 -1 -1 1 -1 18 -1 -1 -1 -1 -1 -1 -1 -1 -1 -1 -1 -1 -1 -1 -1 22 9 -1 20 -1 -1 -1 
-1 -1 -1 -1 -1 4 -1 -1 26 -1 -1 -1 -1 -1 -1 -1 -1 -1 -1 -1 -1 29 2 -1 -1 -1 6 -1 -1 13 -1 -1 17 -1 -1 -1 -1 -1 -1 -1 -1 -1 -1 -1 -1 -1 -1 -1 12 -1 -1 -1 -1 -1 -1 7 -1 -1 -1 -1 15 -1 -1 -1 -1 1 -1 18 -1 -1 -1 -1 -1 -1 -1 -1 -1 -1 -1 -1 -1 -1 -1 22 9 -1 20 -1 -1 -1 
-1 -1 -1 -1 -1 4 -1 -1 26 -1 -1 -1 -1 -1 -1 -1 -1 -1 -1 -1 -1 -1 29 -1 -1 -1 6 -1 -1 13 -1 -1 17 -1 -1 -1 -1 -1 -1 -1 -1 -1 -1 -1 -1 -1 -1 -1 12 -1 -1 -1 -1 -1 -1 7 -1 -1 -1 -1 15 -1 -1 -1 -1 1 -1 18 -1 -1 -1 -1 -1 -1 -1 -1 -1 -1 -1 -1 -1 -1 -1 22 9 -1 20 -1 -1 -1 
-1 -1 -1 -1 -1 -1 -1 -1 26 -1 -1 -1 -1 -1 4 -1 -1 -1 -1 -1 -1 -1 29 -1 -1 -1 6 -1 -1 13 -1 -1 17 -1 -1 -1 -1 -1 -1 -1 -1 -1 -1 -1 -1 -1 -1 -1 12 -1 -1 -1 -1 -1 -1 7 -1 -1 -1 -1 15 -1 -1 -1 -1 1 -1 18 -1 -1 -1 -1 -1 -1 -1 -1 -1 -1 -1 -1 -1 -1 -1 22 9 -1 20 -1 -1 -1 
-1 -1 -1 -1 -1 -1 -1 26 -1 -1 -1 -1 -1 -1 4 -1 -1 -1 -1 -1 -1 -1 29 -1 -1 -1 6 -1 -1 13 -1 -1 17 -1 -1 -1 -1 -1 -1 -1 -1 -1 -1 -1 -1 -1 -1 -1 12 -1 -1 -1 -1 -1 -1 7 -1 -1 -1 -1 15 -1 -1 -1 -1 1 -1 18 -1 -1 -1 -1 -1 -1 -1 -1 -1 -1 -1 -1 -1 -1 -1 22 9 -1 20 -1 -1 -1 
-1 -1 -1 -1 -1 -1 -1 26 -1 -1 -1 -1 -1 -1 4 -1 -1 -1 -1 -1 -1 -1 29 -1 -1 -1 6 -1 -1 13 -1 -1 17 -1 -1 -1 -1 -1 -1 -1 -1 -1 -1 -1 -1 -1 -1 -1 12 -1 -1 -1 -1 -1 -1 7 -1 -1 -1 -1 15 -1 -1 -1 -1 1 -1 18 -1 -1 -1 -1 -1 -1 -1 -1 -1 -1 -1 -1 -1 -1 -1 22 -1 9 20 -1 -1 -1 
-1 -1 -1 -1 -1 -1 -1 26 -1 -1 -1 -1 -1 -1 4 -1 -1 -1 -1 -1 -1 29 -1 -1 -1 -1 6 -1 -1 13 -1 -1 17 -1 -1 -1 -1 -1 -1 -1 -1 -1 -1 -1 -1 -1 -1 -1 12 -1 -1 -1 -1 -1 -1 7 -1 -1 -1 -1 15 -1 -1 -1 -1 1 -1 18 -1 -1 -1 -1 -1 -1 -1 -1 -1 -1 -1 -1 -1 -1 -1 22 -1 9 20 -1 -1 -1 
-1 -1 -1 -1 -1 4 -1 26 -1 -1 -1 -1 -1 -1 -1 -1 -1 -1 -1 -1 -1 29 -1 -1 -1 -1 6 -1 -1 13 -1 -1 17 -1 -1 -1 -1 -1 -1 -1 -1 -1 -1 -1 -1 -1 -1 -1 12 -1 -1 -1 -1 -1 -1 7 -1 -1 -1 -1 15 -1 -1 -1 -1 1 -1 18 -1 -1 -1 -1 -1 -1 -1 -1 -1 -1 -1 -1 -1 -1 -1 22 -1 9 20 -1 -1 -1 
-1 -1 -1 -1 -1 4 -1 -1 -1 -1 -1 -1 -1 -1 -1 -1 -1 -1 -1 -1 -1 29 -1 -1 -1 -1 6 -1 -1 13 -1 -1 17 -1 -1 -1 -1 -1 -1 -1 -1 -1 -1 -1 -1 -1 -1 -1 12 -1 -1 -1 -1 -1 -1 7 -1 -1 -1 -1 15 -1 -1 -1 -1 1 -1 18 -1 -1 26 -1 -1 -1 -1 -1 -1 -1 -1 -1 -1 -1 -1 22 -1 9 20 -1 -1 -1 
-1 -1 -1 -1 -1 4 -1 -1 -1 -1 -1 -1 -1 -1 -1 -1 -1 -1 -1 -1 -1 29 -1 -1 -1 -1 6 -1 -1 13 -1 -1 17 -1 -1 -1 -1 -1 -1 -1 -1 -1 -1 -1 -1 -1 -1 -1 12 -1 -1 -1 -1 -1 -1 7 -1 -1 -1 -1 15 -1 -1 -1 -1 1 -1 18 -1 -1 26 -1 -1 -1 -1 -1 -1 -1 -1 -1 -1 -1 -1 22 9 -1 20 -1 -1 -1 
-1 -1 -1 -1 -1 4 -1 -1 -1 -1 -1 -1 -1 -1 -1 -1 -1 -1 -1 -1 -1 -1 29 -1 -1 -1 6 -1 -1 13 -1 -1 17 -1 -1 -1 -1 -1 -1 -1 -1 -1 -1 -1 -1 -1 -1 -1 12 -1 -1 -1 -1 -1 -1 7 -1 -1 -1 -1 15 -1 -1 -1 -1 1 -1 18 -1 -1 26 -1 -1 -1 -1 -1 -1 -1 -1 -1 -1 -1 -1 22 9 -1 20 -1 -1 -1 
-1 -1 -1 -1 -1 4 -1 -1 -1 -1 -1 -1 -1 -1 -1 -1 -1 -1 -1 -1 -1 -1 29 -1 -1 -1 6 -1 -1 13 -1 -1 17 -1 -1 -1 -1 -1 -1 -1 -1 -1 -1 -1 -1 -1 -1 -1 -1 -1 -1 -1 -1 -1 -1 7 -1 12 -1 -1 15 -1 -1 -1 -1 1 -1 18 -1 -1 26 -1 -1 -1 -1 -1 -1 -1 -1 -1 -1 -1 -1 22 9 -1 20 -1 -1 -1 
-1 -1 -1 -1 -1 4 -1 -1 -1 -1 -1 -1 -1 29 -1 -1 -1 -1 -1 -1 -1 -1 -1 -1 -1 -1 6 -1 -1 13 -1 -1 17 -1 -1 -1 -1 -1 -1 -1 -1 -1 -1 -1 -1 -1 -1 -1 -1 -1 -1 -1 -1 -1 -1 7 -1 12 -1 -1 15 -1 -1 -1 -1 1 -1 18 -1 -1 26 -1 -1 -1 -1 -1 -1 -1 -1 -1 -1 -1 -1 22 9 -1 20 -1 -1 -1 
-1 -1 -1 -1 -1 4 -1 -1 -1 -1 -1 -1 -1 29 -1 -1 -1 -1 -1 -1 -1 -1 -1 -1 -1 -1 6 -1 -1 13 -1 -1 17 -1 -1 -1 -1 -1 -1 -1 -1 -1 -1 -1 -1 -1 -1 -1 1 -1 -1 -1 -1 -1 -1 7 -1 12 -1 -1 15 -1 -1 -1 -1 -1 -1 18 -1 -1 26 -1 -1 -1 -1 -1 -1 -1 -1 -1 -1 -1 -1 22 9 -1 20 -1 -1 -1 
-1 -1 -1 -1 -1 4 -1 -1 -1 -1 -1 -1 -1 29 -1 -1 -1 -1 -1 -1 -1 -1 -1 -1 -1 -1 6 -1 -1 13 -1 -1 17 -1 -1 -1 -1 -1 -1 -1 -1 -1 -1 -1 -1 -1 -1 -1 1 -1 -1 -1 -1 -1 -1 7 -1 12 -1 -1 15 -1 -1 -1 -1 -1 -1 18 26 -1 -1 -1 -1 -1 -1 -1 -1 -1 -1 -1 -1 -1 -1 22 9 -1 20 -1 -1 -1 
-1 -1 -1 -1 -1 4 -1 -1 -1 -1 -1 -1 -1 29 -1 -1 -1 -1 -1 -1 -1 -1 -1 -1 -1 -1 6 -1 -1 13 -1 -1 17 -1 -1 -1 -1 -1 -1 -1 -1 1 -1 -1 -1 -1 -1 -1 -1 -1 -1 -1 -1 -1 -1 7 -1 12 -1 -1 15 -1 -1 -1 -1 -1 -1 18 26 -1 -1 -1 -1 -1 -1 -1 -1 -1 -1 -1 -1 -1 -1 22 9 -1 20 -1 -1 -1 
-1 -1 -1 -1 -1 4 -1 -1 -1 -1 -1 -1 -1 29 -1 -1 -1 -1 -1 -1 -1 -1 -1 -1 -1 -1 6 -1 -1 13 -1 -1 17 -1 -1 -1 -1 -1 -1 -1 -1 1 -1 -1 -1 -1 -1 -1 -1 -1 -1 -1 -1 -1 -1 7 -1 12 -1 26 15 -1 -1 -1 -1 -1 -1 18 -1 -1 -1 -1 -1 -1 -1 -1 -1 -1 -1 -1 -1 -1 -1 22 9 -1 20 -1 -1 -1 
