0 1 2 3 4 5 6 7 8 -1 -1 -1 -1 -1 -1 -1 -1 -1 -1 9 -1 -1 -1 -1 -1 10 -1 11 -1 12 -1 28 -1 14 -1 15 -1 -1 -1 -1 -1 -1 -1 -1 -1 -1 -1 -1 -1 -1 -1 -1 -1 -1 -1 -1 -1 -1 29 -1 -1 -1 27 -1 26 -1 -1 25 -1 -1 -1 -1 -1 -1 -1 -1 -1 -1 -1 -1 -1 24 23 22 21 20 19 18 17 16 
0 1 2 3 4 5 6 -1 8 -1 -1 -1 -1 -1 -1 -1 -1 -1 -1 9 -1 -1 -1 -1 7 10 -1 11 -1 12 -1 28 -1 14 -1 15 -1 -1 -1 -1 -1 -1 -1 -1 -1 -1 -1 -1 -1 -1 -1 -1 -1 -1 -1 -1 -1 -1 29 -1 -1 -1 27 -1 26 -1 -1 25 -1 -1 -1 -1 -1 -1 -1 -1 -1 -1 -1 -1 -1 24 23 22 21 20 19 18 17 16 
0 1 2 3 4 5 6 -1 8 -1 -1 -1 -1 -1 -1 -1 -1 -1 -1 9 -1 -1 -1 -1 7 10 -1 11 -1 12 -1 28 -1 14 -1 15 -1 -1 -1 -1 -1 -1 -1 -1 -1 -1 -1 -1 -1 -1 -1 28 -1 -1 -1 -1 -1 -1 29 -1 -1 -1 27 -1 26 -1 -1 25 -1 -1 -1 -1 -1 -1 -1 -1 -1 -1 -1 -1 -1 24 23 22 21 20 19 18 17 16 
0 1 2 3 4 5 6 -1 8 -1 -1 -1 -1 -1 -1 -1 -1 -1 -1 9 -1 -1 -1 -1 7 10 -1 11 -1 -1 -1 28 -1 14 -1 15 -1 -1 12 -1 -1 -1 -1 -1 -1 -1 -1 -1 -1 -1 -1 28 -1 -1 -1 -1 -1 -1 29 -1 -1 -1 27 -1 26 -1 -1 25 -1 -1 -1 -1 -1 -1 -1 -1 -1 -1 -1 -1 -1 24 23 22 21 20 19 18 17 16 
0 1 2 3 4 5 6 -1 8 -1 -1 -1 -1 -1 -1 -1 -1 -1 -1 9 -1 -1 -1 -1 7 10 -1 11 -1 -1 -1 28 -1 14 -1 15 -1 -1 12 -1 -1 -1 -1 -1 -1 -1 -1 -1 -1 -1 -1 28 -1 -1 -1 -1 -1 -1 29 -1 -1 -1 27 -1 26 -1 -1 25 -1 17 -1 -1 -1 -1 -1 -1 -1 -1 -1 -1 -1 24 23 22 21 20 19 18 -1 16 
0 -1 2 3 4 5 6 -1 8 -1 -1 -1 -1 -1 -1 -1 -1 -1 -1 9 1 -1 -1 -1 7 10 -1 11 -1 -1 -1 28 -1 14 -1 15 -1 -1 12 -1 -1 -1 -1 -1 -1 -1 -1 -1 -1 -1 -1 28 -1 -1 -1 -1 -1 -1 29 -1 -1 -1 27 -1 26 -1 -1 25 -1 17 -1 -1 -1 -1 -1 -1 -1 -1 -1 -1 -1 24 23 22 21 20 19 18 -1 16 
0 -1 2 3 4 5 6 -1 8 -1 -1 -1 -1 -1 -1 -1 -1 -1 -1 9 1 -1 -1 -1 7 10 -1 11 -1 -1 -1 28 -1 14 -1 15 -1 -1 12 -1 -1 -1 -1 -1 -1 -1 -1 -1 -1 -1 -1 28 -1 -1 -1 -1 -1 -1 29 -1 -1 -1 27 -1 26 -1 -1 25 -1 17 -1 -1 -1 -1 -1 -1 -1 -1 -1 -1 -1 24 23 22 21 20 19 18 16 -1 
0 -1 2 3 4 5 6 8 -1 -1 -1 -1 -1 -1 -1 -1 -1 -1 -1 9 1 -1 -1 -1 7 10 -1 11 -1 -1 -1 28 -1 14 -1 15 -1 -1 12 -1 -1 -1 -1 -1 -1 -1 -1 -1 -1 -1 -1 28 -1 -1 -1 -1 -1 -1 29 -1 -1 -1 27 -1 26 -1 -1 25 -1 17 -1 -1 -1 -1 -1 -1 -1 -1 -1 -1 -1 24 23 22 21 20 19 18 16 -1 
0 -1 2 3 4 5 6 8 -1 -1 -1 -1 -1 -1 -1 -1 -1 -1 -1 9 1 -1 -1 -1 7 10 -1 11 -1 -1 -1 28 -1 14 -1 15 -1 -1 12 -1 -1 -1 -1 -1 -1 -1 -1 -1 -1 -1 -1 28 -1 -1 -1 -1 -1 -1 29 -1 -1 -1 27 23 26 -1 -1 25 -1 17 -1 -1 -1 -1 -1 -1 -1 -1 -1 -1 -1 24 -1 22 21 20 19 18 16 -1 
0 -1 2 3 4 5 6 8 -1 -1 -1 -1 -1 -1 -1 -1 -1 -1 -1 9 1 -1 -1 -1 7 10 -1 -1 -1 -1 -1 28 -1 14 -1 15 11 -1 12 -1 -1 -1 -1 -1 -1 -1 -1 -1 -1 -1 -1 28 -1 -1 -1 -1 -1 -1 29 -1 -1 -1 27 23 26 -1 -1 25 -1 17 -1 -1 -1 -1 -1 -1 -1 -1 -1 -1 -1 24 -1 22 21 20 19 18 16 -1 
0 -1 2 3 4 5 6 8 -1 -1 -1 -1 -1 -1 -1 -1 -1 -1 -1 9 1 -1 -1 -1 7 10 -1 -1 -1 -1 -1 28 -1 14 -1 15 11 -1 12 -1 -1 -1 -1 -1 -1 -1 -1 -1 -1 -1 -1 28 -1 -1 -1 -1 -1 -1 29 -1 -1 -1 27 23 -1 26 -1 25 -1 17 -1 -1 -1 -1 -1 -1 -1 -1 -1 -1 -1 24 -1 22 21 20 19 18 16 -1 
0 -1 2 3 4 5 6 8 -1 -1 -1 -1 -1 -1 -1 -1 -1 -1 -1 9 -1 -1 -1 -1 7 10 -1 -1 -1 -1 -1 28 -1 14 -1 15 11 1 12 -1 -1 -1 -1 -1 -1 -1 -1 -1 -1 -1 -1 28 -1 -1 -1 -1 -1 -1 29 -1 -1 -1 27 23 -1 26 -1 25 -1 17 -1 -1 -1 -1 -1 -1 -1 -1 -1 -1 -1 24 -1 22 21 20 19 18 16 -1 
0 -1 2 3 4 5 6 8 -1 -1 -1 -1 -1 -1 -1 -1 -1 -1 -1 9 -1 -1 -1 -1 7 10 -1 -1 -1 -1 -1 28 -1 14 -1 15 11 1 12 -1 -1 -1 -1 -1 -1 -1 -1 -1 -1 -1 -1 28 -1 -1 -1 -1 -1 -1 29 -1 -1 -1 27 23 -1 26 -1 25 -1 17 -1 -1 24 -1 -1 -1 -1 -1 -1 -1 -1 -1 -1 22 21 20 19 18 16 -1 
0 -1 2 3 4 5 6 8 -1 -1 -1 -1 -1 -1 -1 -1 -1 -1 -1 9 -1 -1 -1 -1 7 10 -1 -1 -1 -1 -1 28 -1 14 -1 15 11 -1 12 -1 -1 -1 -1 -1 -1 -1 -1 -1 -1 -1 -1 28 -1 -1 1 -1 -1 -1 29 -1 -1 -1 27 23 -1 26 -1 25 -1 17 -1 -1 24 -1 -1 -1 -1 -1 -1 -1 -1 -1 -1 22 21 20 19 18 16 -1 
0 -1 2 3 4 5 6 8 -1 -1 -1 -1 -1 -1 -1 -1 -1 -1 -1 9 -1 -1 -1 -1 7 10 -1 -1 -1 -1 -1 28 -1 14 -1 15 11 -1 26 -1 -1 -1 -1 -1 -1 -1 -1 -1 -1 -1 -1 28 -1 -1 1 -1 -1 -1 29 -1 -1 -1 27 23 -1 -1 -1 25 -1 17 -1 -1 24 -1 -1 -1 -1 -1 -1 -1 -1 -1 -1 22 21 20 19 18 16 -1 
0 -1 2 3 4 5 6 8 -1 -1 -1 -1 -1 -1 -1 -1 -1 -1 -1 9 -1 -1 -1 -1 7 10 -1 -1 -1 -1 -1 28 -1 14 -1 15 11 1 26 -1 -1 -1 -1 -1 -1 -1 -1 -1 -1 -1 -1 28 -1 -1 -1 -1 -1 -1 29 -1 -1 -1 27 23 -1 -1 -1 25 -1 17 -1 -1 24 -1 -1 -1 -1 -1 -1 -1 -1 -1 -1 22 21 20 19 18 16 -1 
0 -1 2 3 4 5 6 8 -1 -1 -1 -1 -1 -1 -1 -1 -1 -1 -1 9 -1 -1 -1 -1 7 10 -1 -1 -1 -1 -1 28 -1 14 -1 15 11 1 26 -1 -1 -1 -1 -1 -1 -1 -1 -1 -1 -1 -1 28 -1 -1 -1 -1 -1 -1 29 -1 -1 -1 27 23 -1 -1 -1 25 -1 17 -1 -1 -1 -1 -1 24 -1 -1 -1 -1 -1 -1 -1 22 21 20 19 18 16 -1 
-1 -1 2 3 4 5 6 8 -1 -1 -1 -1 -1 -1 -1 -1 -1 -1 -1 9 -1 -1 -1 -1 7 10 -1 0 -1 -1 -1 28 -1 14 -1 15 11 1 26 -1 -1 -1 -1 -1 -1 -1 -1 -1 -1 -1 -1 28 -1 -1 -1 -1 -1 -1 29 -1 -1 -1 27 23 -1 -1 -1 25 -1 17 -1 -1 -1 -1 -1 24 -1 -1 -1 -1 -1 -1 -1 22 21 20 19 18 16 -1 
-1 -1 2 3 4 5 6 8 -1 -1 -1 -1 -1 -1 -1 -1 -1 -1 -1 9 -1 -1 -1 -1 7 10 -1 0 -1 -1 -1 28 -1 14 -1 15 11 1 26 24 -1 -1 -1 -1 -1 -1 -1 -1 -1 -1 -1 28 -1 -1 -1 -1 -1 -1 29 -1 -1 -1 27 23 -1 -1 -1 25 -1 17 -1 -1 -1 -1 -1 -1 -1 -1 -1 -1 -1 -1 -1 22 21 20 19 18 16 -1 
-1 -1 2 3 4 5 -1 8 -1 -1 -1 -1 -1 -1 -1 -1 -1 -1 -1 9 -1 -1 6 -1 7 10 -1 0 -1 -1 -1 28 -1 14 -1 15 11 1 26 24 -1 -1 -1 -1 -1 -1 -1 -1 -1 -1 -1 28 -1 -1 -1 -1 -1 -1 29 -1 -1 -1 27 23 -1 -1 -1 25 -1 17 -1 -1 -1 -1 -1 -1 -1 -1 -1 -1 -1 -1 -1 22 21 20 19 18 16 -1 
-1 -1 2 3 4 5 -1 8 -1 -1 -1 -1 -1 -1 -1 -1 -1 -1 -1 9 -1 -1 6 -1 7 10 -1 0 -1 26 -1 28 -1 14 -1 15 11 1 -1 24 -1 -1 -1 -1 -1 -1 -1 -1 -1 -1 -1 28 -1 -1 -1 -1 -1 -1 29 -1 -1 -1 27 23 -1 -1 -1 25 -1 17 -1 -1 -1 -1 -1 -1 -1 -1 -1 -1 -1 -1 -1 22 21 20 19 18 16 -1 
-1 -1 2 3 4 5 -1 8 -1 -1 -1 -1 -1 -1 -1 -1 -1 -1 -1 9 -1 -1 6 -1 7 10 -1 -1 -1 0 -1 28 -1 14 -1 15 11 1 -1 24 -1 -1 -1 -1 -1 -1 -1 -1 -1 -1 -1 28 -1 -1 -1 -1 -1 -1 29 -1 -1 -1 27 23 -1 -1 -1 25 -1 17 -1 -1 -1 -1 -1 -1 -1 -1 -1 -1 -1 -1 -1 22 21 20 19 18 16 -1 
-1 -1 2 3 4 5 -1 8 -1 -1 -1 -1 -1 -1 -1 -1 -1 -1 -1 9 -1 -1 6 -1 7 10 -1 -1 -1 0 -1 28 -1 14 -1 15 11 24 -1 -1 -1 -1 -1 -1 -1 -1 -1 -1 -1 -1 -1 28 -1 -1 -1 -1 -1 -1 29 -1 -1 -1 27 23 -1 -1 -1 25 -1 17 -1 -1 -1 -1 -1 -1 -1 -1 -1 -1 -1 -1 -1 22 21 20 19 18 16 -1 
-1 -1 2 3 4 5 -1 8 -1 -1 -1 -1 -1 -1 -1 -1 -1 -1 -1 -1 -1 9 6 -1 7 10 -1 -1 -1 0 -1 28 -1 14 -1 15 11 24 -1 -1 -1 -1 -1 -1 -1 -1 -1 -1 -1 -1 -1 28 -1 -1 -1 -1 -1 -1 29 -1 -1 -1 27 23 -1 -1 -1 25 -1 17 -1 -1 -1 -1 -1 -1 -1 -1 -1 -1 -1 -1 -1 22 21 20 19 18 16 -1 
-1 -1 2 3 4 5 -1 8 -1 -1 -1 -1 -1 -1 -1 -1 -1 -1 -1 -1 -1 9 6 -1 7 10 -1 -1 -1 0 -1 28 -1 14 -1 15 24 -1 -1 -1 -1 -1 -1 -1 -1 -1 -1 -1 -1 -1 -1 28 -1 -1 -1 -1 -1 -1 29 -1 -1 -1 27 23 -1 -1 -1 25 -1 17 -1 -1 -1 -1 -1 -1 -1 -1 -1 -1 -1 -1 -1 22 21 20 19 18 16 -1 
-1 -1 2 3 4 5 -1 8 -1 -1 -1 -1 -1 -1 -1 -1 -1 -1 -1 -1 -1 9 6 -1 7 10 -1 -1 -1 -1 0 28 -1 14 -1 15 24 -1 -1 -1 -1 -1 -1 -1 -1 -1 -1 -1 -1 -1 -1 28 -1 -1 -1 -1 -1 -1 29 -1 -1 -1 27 23 -1 -1 -1 25 -1 17 -1 -1 -1 -1 -1 -1 -1 -1 -1 -1 -1 -1 -1 22 21 20 19 18 16 -1 
-1 -1 2 3 4 5 -1 8 -1 -1 -1 -1 -1 -1 -1 -1 -1 -1 -1 -1 -1 9 6 -1 7 10 -1 -1 -1 -1 0 28 -1 14 -1 15 24 -1 -1 -1 -1 -1 -1 -1 -1 -1 -1 -1 -1 -1 -1 28 -1 -1 -1 -1 -1 -1 29 -1 -1 -1 27 23 -1 -1 -1 25 -1 17 -1 -1 -1 -1 -1 -1 21 -1 -1 -1 -1 -1 -1 22 -1 20 19 18 16 -1 
-1 -1 2 3 4 5 -1 8 -1 -1 -1 -1 -1 -1 -1 -1 -1 -1 -1 -1 -1 9 6 -1 7 10 -1 -1 -1 -1 -1 28 -1 14 -1 15 24 -1 -1 -1 -1 -1 -1 -1 -1 -1 -1 -1 0 -1 -1 28 -1 -1 -1 -1 -1 -1 29 -1 -1 -1 27 23 -1 -1 -1 25 -1 17 -1 -1 -1 -1 -1 -1 21 -1 -1 -1 -1 -1 -1 22 -1 20 19 18 16 -1 
-1 -1 2 3 4 5 -1 8 -1 -1 -1 -1 -1 -1 -1 -1 -1 -1 -1 -1 -1 9 6 -1 7 10 -1 -1 -1 -1 -1 28 -1 14 -1 15 24 -1 -1 -1 -1 -1 -1 -1 -1 -1 -1 -1 0 -1 -1 28 16 -1 -1 -1 -1 -1 29 -1 -1 -1 27 23 -1 -1 -1 25 -1 17 -1 -1 -1 -1 -1 -1 21 -1 -1 -1 -1 -1 -1 22 -1 20 19 18 -1 -1 
-1 -1 2 3 4 -1 -1 8 -1 -1 -1 -1 -1 5 -1 -1 -1 -1 -1 -1 -1 9 6 -1 7 10 -1 -1 -1 -1 -1 28 -1 14 -1 15 24 -1 -1 -1 -1 -1 -1 -1 -1 -1 -1 -1 0 -1 -1 28 16 -1 -1 -1 -1 -1 29 -1 -1 -1 27 23 -1 -1 -1 25 -1 17 -1 -1 -1 -1 -1 -1 21 -1 -1 -1 -1 -1 -1 22 -1 20 19 18 -1 -1 
-1 -1 2 3 4 -1 -1 8 -1 -1 -1 -1 -1 5 -1 -1 -1 -1 -1 -1 -1 9 6 -1 7 10 -1 -1 -1 -1 -1 28 -1 14 -1 15 24 -1 -1 -1 -1 -1 -1 -1 -1 -1 -1 -1 0 -1 -1 28 16 -1 -1 -1 -1 -1 29 -1 -1 -1 27 23 -1 25 -1 -1 -1 17 -1 -1 -1 -1 -1 -1 21 -1 -1 -1 -1 -1 -1 22 -1 20 19 18 -1 -1 
-1 -1 2 3 4 -1 -1 8 -1 -1 -1 -1 -1 5 -1 -1 -1 -1 -1 -1 -1 9 6 -1 7 -1 10 -1 -1 -1 -1 28 -1 14 -1 15 24 -1 -1 -1 -1 -1 -1 -1 -1 -1 -1 -1 0 -1 -1 28 16 -1 -1 -1 -1 -1 29 -1 -1 -1 27 23 -1 25 -1 -1 -1 17 -1 -1 -1 -1 -1 -1 21 -1 -1 -1 -1 -1 -1 22 -1 20 19 18 -1 -1 
-1 -1 2 3 4 -1 -1 16 -1 -1 -1 -1 -1 5 -1 -1 -1 -1 -1 -1 -1 9 6 -1 7 -1 10 -1 -1 -1 -1 28 -1 14 -1 15 24 -1 -1 -1 -1 -1 -1 -1 -1 -1 -1 -1 0 -1 -1 28 -1 -1 -1 -1 -1 -1 29 -1 -1 -1 27 23 -1 25 -1 -1 -1 17 -1 -1 -1 -1 -1 -1 21 -1 -1 -1 -1 -1 -1 22 -1 20 19 18 -1 -1 
-1 -1 2 3 4 -1 -1 7 -1 -1 -1 -1 -1 5 -1 -1 -1 -1 -1 -1 -1 9 6 -1 -1 -1 10 -1 -1 -1 -1 28 -1 14 -1 15 24 -1 -1 -1 -1 -1 -1 -1 -1 -1 -1 -1 0 -1 -1 28 -1 -1 -1 -1 -1 -1 29 -1 -1 -1 27 23 -1 25 -1 -1 -1 17 -1 -1 -1 -1 -1 -1 21 -1 -1 -1 -1 -1 -1 22 -1 20 19 18 -1 -1 
-1 -1 2 3 4 -1 -1 7 -1 -1 -1 -1 -1 5 -1 -1 -1 -1 -1 -1 -1 9 6 -1 -1 -1 10 -1 -1 -1 -1 28 -1 14 -1 15 24 -1 -1 -1 -1 -1 -1 -1 -1 -1 -1 -1 0 -1 -1 28 -1 -1 -1 -1 -1 -1 29 -1 -1 -1 27 23 -1 25 -1 18 -1 17 -1 -1 -1 -1 -1 -1 21 -1 -1 -1 -1 -1 -1 22 -1 20 19 -1 -1 -1 
-1 -1 2 3 4 -1 -1 7 -1 -1 -1 -1 -1 5 -1 -1 -1 -1 -1 -1 9 -1 6 -1 -1 -1 10 -1 -1 -1 -1 28 -1 14 -1 15 24 -1 -1 -1 -1 -1 -1 -1 -1 -1 -1 -1 0 -1 -1 28 -1 -1 -1 -1 -1 -1 29 -1 -1 -1 27 23 -1 25 -1 18 -1 17 -1 -1 -1 -1 -1 -1 21 -1 -1 -1 -1 -1 -1 22 -1 20 19 -1 -1 -1 
-1 -1 2 3 4 -1 -1 7 -1 -1 -1 -1 -1 5 -1 -1 -1 -1 -1 -1 25 -1 6 -1 -1 -1 10 -1 -1 -1 -1 28 -1 14 -1 15 24 -1 -1 -1 -1 -1 -1 -1 -1 -1 -1 -1 0 -1 -1 28 -1 -1 -1 -1 -1 -1 29 -1 -1 -1 27 23 -1 -1 -1 18 -1 17 -1 -1 -1 -1 -1 -1 21 -1 -1 -1 -1 -1 -1 22 -1 20 19 -1 -1 -1 
-1 -1 2 3 4 -1 -1 7 -1 -1 -1 -1 -1 5 -1 -1 -1 -1 -1 -1 10 -1 6 -1 -1 -1 -1 -1 -1 -1 -1 28 -1 14 -1 15 24 -1 -1 -1 -1 -1 -1 -1 -1 -1 -1 -1 0 -1 -1 28 -1 -1 -1 -1 -1 -1 29 -1 -1 -1 27 23 -1 -1 -1 18 -1 17 -1 -1 -1 -1 -1 -1 21 -1 -1 -1 -1 -1 -1 22 -1 20 19 -1 -1 -1 
-1 -1 2 3 4 -1 -1 7 -1 -1 -1 -1 -1 5 -1 -1 -1 -1 -1 -1 10 -1 6 -1 -1 -1 -1 -1 -1 -1 -1 28 -1 14 -1 15 24 -1 -1 -1 -1 -1 -1 -1 -1 -1 -1 30 0 -1 -1 28 -1 -1 -1 -1 -1 -1 29 -1 -1 -1 27 23 -1 -1 -1 18 -1 17 -1 -1 -1 -1 -1 -1 21 -1 -1 -1 -1 -1 -1 22 -1 20 19 -1 -1 -1 
-1 -1 2 3 4 -1 -1 -1 -1 -1 -1 -1 -1 5 -1 -1 -1 -1 -1 -1 10 -1 6 -1 7 -1 -1 -1 -1 -1 -1 28 -1 14 -1 15 24 -1 -1 -1 -1 -1 -1 -1 -1 -1 -1 30 0 -1 -1 28 -1 -1 -1 -1 -1 -1 29 -1 -1 -1 27 23 -1 -1 -1 18 -1 17 -1 -1 -1 -1 -1 -1 21 -1 -1 -1 -1 -1 -1 22 -1 20 19 -1 -1 -1 
-1 -1 2 3 4 -1 -1 -1 -1 -1 -1 -1 -1 5 -1 -1 -1 -1 -1 -1 10 -1 6 -1 7 -1 -1 -1 -1 -1 -1 28 -1 14 -1 15 24 -1 30 -1 -1 -1 -1 -1 -1 -1 -1 -1 0 -1 -1 28 -1 -1 -1 -1 -1 -1 29 -1 -1 -1 27 23 -1 -1 -1 18 -1 17 -1 -1 -1 -1 -1 -1 21 -1 -1 -1 -1 -1 -1 22 -1 20 19 -1 -1 -1 
-1 -1 2 3 4 -1 -1 -1 -1 -1 -1 -1 -1 5 -1 -1 -1 -1 -1 -1 -1 9 6 -1 7 -1 -1 -1 -1 -1 -1 28 -1 14 -1 15 24 -1 30 -1 -1 -1 -1 -1 -1 -1 -1 -1 0 -1 -1 28 -1 -1 -1 -1 -1 -1 29 -1 -1 -1 27 23 -1 -1 -1 18 -1 17 -1 -1 -1 -1 -1 -1 21 -1 -1 -1 -1 -1 -1 22 -1 20 19 -1 -1 -1 
-1 -1 2 3 4 -1 -1 -1 -1 -1 -1 -1 -1 5 -1 -1 -1 -1 -1 -1 -1 9 6 -1 7 -1 -1 -1 -1 30 -1 28 -1 14 -1 15 24 -1 -1 -1 -1 -1 -1 -1 -1 -1 -1 -1 0 -1 -1 28 -1 -1 -1 -1 -1 -1 29 -1 -1 -1 27 23 -1 -1 -1 18 -1 17 -1 -1 -1 -1 -1 -1 21 -1 -1 -1 -1 -1 -1 22 -1 20 19 -1 -1 -1 
-1 -1 2 3 4 -1 -1 -1 -1 -1 -1 -1 -1 5 -1 -1 -1 -1 -1 -1 -1 -1 6 -1 7 -1 -1 -1 -1 30 -1 28 -1 14 -1 15 24 -1 -1 9 -1 -1 -1 -1 -1 -1 -1 -1 0 -1 -1 28 -1 -1 -1 -1 -1 -1 29 -1 -1 -1 27 23 -1 -1 -1 18 -1 17 -1 -1 -1 -1 -1 -1 21 -1 -1 -1 -1 -1 -1 22 -1 20 19 -1 -1 -1 
-1 -1 2 3 4 -1 -1 -1 -1 -1 -1 -1 -1 5 -1 -1 -1 -1 -1 -1 -1 -1 6 -1 7 -1 -1 -1 -1 -1 30 28 -1 14 -1 15 24 -1 -1 9 -1 -1 -1 -1 -1 -1 -1 -1 0 -1 -1 28 -1 -1 -1 -1 -1 -1 29 -1 -1 -1 27 23 -1 -1 -1 18 -1 17 -1 -1 -1 -1 -1 -1 21 -1 -1 -1 -1 -1 -1 22 -1 20 19 -1 -1 -1 
-1 -1 2 3 4 -1 -1 -1 -1 -1 -1 -1 -1 5 -1 -1 -1 -1 -1 -1 -1 -1 6 -1 7 -1 -1 -1 -1 -1 30 28 -1 -1 -1 15 24 -1 -1 9 -1 -1 14 -1 -1 -1 -1 -1 0 -1 -1 28 -1 -1 -1 -1 -1 -1 29 -1 -1 -1 27 23 -1 -1 -1 18 -1 17 -1 -1 -1 -1 -1 -1 21 -1 -1 -1 -1 -1 -1 22 -1 20 19 -1 -1 -1 
-1 -1 2 3 4 -1 -1 -1 -1 -1 -1 -1 -1 5 -1 -1 -1 -1 -1 -1 -1 -1 6 -1 7 -1 -1 -1 -1 -1 30 28 -1 -1 -1 15 24 -1 -1 9 -1 -1 28 -1 -1 -1 -1 -1 0 -1 -1 -1 -1 -1 -1 -1 -1 -1 29 -1 -1 -1 27 23 -1 -1 -1 18 -1 17 -1 -1 -1 -1 -1 -1 21 -1 -1 -1 -1 -1 -1 22 -1 20 19 -1 -1 -1 
-1 -1 2 3 4 -1 -1 -1 -1 -1 -1 -1 -1 5 -1 -1 -1 -1 -1 -1 -1 -1 -1 -1 7 -1 -1 -1 -1 -1 30 28 -1 -1 -1 15 24 -1 -1 9 -1 -1 6 -1 -1 -1 -1 -1 0 -1 -1 -1 -1 -1 -1 -1 -1 -1 29 -1 -1 -1 27 23 -1 -1 -1 18 -1 17 -1 -1 -1 -1 -1 -1 21 -1 -1 -1 -1 -1 -1 22 -1 20 19 -1 -1 -1 
-1 -1 2 3 4 -1 -1 -1 -1 -1 -1 -1 -1 5 -1 -1 -1 -1 -1 -1 -1 -1 -1 -1 7 -1 -1 -1 -1 -1 30 28 -1 -1 -1 15 24 -1 -1 9 -1 -1 6 -1 -1 -1 -1 -1 0 -1 -1 -1 -1 -1 -1 -1 23 -1 29 -1 -1 -1 27 -1 -1 -1 -1 18 -1 17 -1 -1 -1 -1 -1 -1 21 -1 -1 -1 -1 -1 -1 22 -1 20 19 -1 -1 -1 
-1 -1 2 3 4 -1 -1 -1 -1 -1 -1 -1 -1 5 -1 -1 -1 -1 -1 -1 -1 -1 -1 -1 7 -1 -1 -1 -1 -1 30 28 -1 -1 -1 15 24 -1 -1 -1 -1 9 6 -1 -1 -1 -1 -1 0 -1 -1 -1 -1 -1 -1 -1 23 -1 29 -1 -1 -1 27 -1 -1 -1 -1 18 -1 17 -1 -1 -1 -1 -1 -1 21 -1 -1 -1 -1 -1 -1 22 -1 20 19 -1 -1 -1 
-1 -1 2 3 4 -1 -1 -1 -1 -1 -1 -1 -1 5 -1 -1 -1 -1 -1 -1 -1 -1 -1 -1 7 -1 -1 -1 -1 -1 30 28 -1 -1 -1 15 24 -1 -1 -1 -1 9 6 -1 -1 -1 -1 -1 0 23 -1 -1 -1 -1 -1 -1 -1 -1 29 -1 -1 -1 27 -1 -1 -1 -1 18 -1 17 -1 -1 -1 -1 -1 -1 21 -1 -1 -1 -1 -1 -1 22 -1 20 19 -1 -1 -1 
-1 -1 2 3 4 -1 -1 -1 -1 -1 -1 -1 -1 5 -1 -1 -1 -1 -1 -1 -1 -1 -1 -1 7 -1 -1 -1 -1 -1 30 28 -1 -1 -1 15 24 -1 -1 -1 9 -1 6 -1 -1 -1 -1 -1 0 23 -1 -1 -1 -1 -1 -1 -1 -1 29 -1 -1 -1 27 -1 -1 -1 -1 18 -1 17 -1 -1 -1 -1 -1 -1 21 -1 -1 -1 -1 -1 -1 22 -1 20 19 -1 -1 -1 
-1 -1 2 3 4 -1 -1 -1 -1 -1 -1 -1 -1 5 -1 -1 -1 -1 -1 -1 -1 -1 -1 -1 7 -1 -1 -1 -1 -1 -1 30 -1 -1 -1 15 24 -1 -1 -1 9 -1 6 -1 -1 -1 -1 -1 0 23 -1 -1 -1 -1 -1 -1 -1 -1 29 -1 -1 -1 27 -1 -1 -1 -1 18 -1 17 -1 -1 -1 -1 -1 -1 21 -1 -1 -1 -1 -1 -1 22 -1 20 19 -1 -1 -1 
-1 -1 2 3 4 -1 -1 -1 -1 -1 -1 -1 -1 5 -1 -1 -1 -1 -1 -1 -1 -1 -1 -1 7 -1 -1 -1 -1 -1 -1 30 -1 -1 -1 15 24 -1 -1 -1 -1 -1 6 -1 -1 -1 -1 -1 0 23 -1 -1 -1 -1 -1 -1 -1 -1 9 -1 -1 -1 27 -1 -1 -1 -1 18 -1 17 -1 -1 -1 -1 -1 -1 21 -1 -1 -1 -1 -1 -1 22 -1 20 19 -1 -1 -1 
-1 -1 2 3 4 -1 -1 -1 -1 -1 -1 -1 -1 5 -1 -1 -1 -1 -1 -1 -1 -1 -1 -1 7 -1 -1 -1 -1 -1 -1 30 -1 -1 -1 15 24 -1 -1 -1 -1 -1 23 -1 -1 -1 -1 -1 0 -1 -1 -1 -1 -1 -1 -1 -1 -1 9 -1 -1 -1 27 -1 -1 -1 -1 18 -1 17 -1 -1 -1 -1 -1 -1 21 -1 -1 -1 -1 -1 -1 22 -1 20 19 -1 -1 -1 
-1 -1 2 3 4 -1 -1 -1 -1 -1 -1 -1 -1 5 -1 -1 -1 -1 -1 -1 -1 -1 -1 -1 7 -1 -1 -1 -1 -1 -1 30 -1 -1 -1 15 24 -1 -1 -1 -1 -1 23 -1 -1 -1 -1 -1 0 -1 -1 -1 -1 -1 -1 9 -1 -1 -1 -1 -1 -1 27 -1 -1 -1 -1 18 -1 17 -1 -1 -1 -1 -1 -1 21 -1 -1 -1 -1 -1 -1 22 -1 20 19 -1 -1 -1 
-1 -1 2 3 4 -1 -1 -1 -1 -1 -1 -1 -1 5 -1 -1 -1 -1 -1 -1 -1 -1 -1 -1 7 -1 -1 -1 -1 -1 -1 30 -1 -1 -1 15 -1 24 -1 -1 -1 -1 23 -1 -1 -1 -1 -1 0 -1 -1 -1 -1 -1 -1 9 -1 -1 -1 -1 -1 -1 27 -1 -1 -1 -1 18 -1 17 -1 -1 -1 -1 -1 -1 21 -1 -1 -1 -1 -1 -1 22 -1 20 19 -1 -1 -1 
-1 -1 2 3 4 -1 -1 -1 -1 -1 -1 -1 -1 5 -1 -1 -1 -1 -1 -1 -1 -1 -1 -1 7 -1 -1 -1 -1 -1 -1 30 -1 -1 -1 15 -1 24 -1 -1 -1 -1 23 -1 -1 -1 -1 -1 -1 -1 -1 -1 -1 -1 -1 9 -1 0 -1 -1 -1 -1 27 -1 -1 -1 -1 18 -1 17 -1 -1 -1 -1 -1 -1 21 -1 -1 -1 -1 -1 -1 22 -1 20 19 -1 -1 -1 
-1 -1 2 3 4 -1 -1 -1 -1 -1 -1 -1 -1 5 -1 -1 -1 -1 -1 -1 -1 -1 -1 -1 7 -1 -1 -1 -1 -1 -1 30 -1 -1 -1 15 -1 24 -1 -1 -1 -1 23 -1 -1 -1 -1 -1 -1 -1 17 -1 -1 -1 -1 9 -1 0 -1 -1 -1 -1 27 -1 -1 -1 -1 18 -1 -1 -1 -1 -1 -1 -1 -1 21 -1 -1 -1 -1 -1 -1 22 -1 20 19 -1 -1 -1 
-1 -1 2 3 4 -1 -1 -1 -1 -1 -1 -1 -1 5 -1 -1 -1 -1 -1 -1 -1 -1 -1 -1 7 -1 -1 -1 -1 -1 -1 30 -1 -1 -1 15 -1 24 -1 -1 -1 -1 23 -1 -1 -1 -1 -1 -1 -1 17 -1 -1 -1 -1 9 -1 -1 -1 -1 0 -1 27 -1 -1 -1 -1 18 -1 -1 -1 -1 -1 -1 -1 -1 21 -1 -1 -1 -1 -1 -1 22 -1 20 19 -1 -1 -1 
-1 -1 2 3 4 -1 -1 -1 -1 -1 -1 -1 -1 5 -1 -1 -1 -1 -1 -1 -1 -1 -1 -1 7 -1 -1 -1 -1 -1 -1 30 -1 -1 -1 15 -1 24 -1 -1 -1 -1 23 -1 -1 -1 -1 -1 -1 -1 17 -1 -1 27 -1 9 -1 -1 -1 -1 0 -1 -1 -1 -1 -1 -1 18 -1 -1 -1 -1 -1 -1 -1 -1 21 -1 -1 -1 -1 -1 -1 22 -1 20 19 -1 -1 -1 
-1 -1 2 3 4 -1 -1 -1 -1 -1 -1 -1 -1 5 -1 -1 -1 -1 -1 -1 -1 -1 -1 -1 7 -1 -1 -1 -1 -1 -1 30 -1 -1 -1 15 -1 24 -1 -1 -1 -1 23 -1 -1 -1 -1 -1 -1 -1 17 -1 -1 27 -1 -1 -1 -1 9 -1 0 -1 -1 -1 -1 -1 -1 18 -1 -1 -1 -1 -1 -1 -1 -1 21 -1 -1 -1 -1 -1 -1 22 -1 20 19 -1 -1 -1 
-1 -1 2 3 4 -1 -1 -1 -1 -1 -1 -1 -1 5 -1 -1 -1 -1 -1 -1 -1 -1 -1 -1 7 -1 -1 -1 -1 -1 -1 30 -1 -1 -1 15 -1 24 -1 -1 -1 -1 23 -1 -1 -1 -1 -1 -1 -1 17 -1 -1 27 -1 -1 -1 -1 9 -1 0 -1 -1 -1 -1 -1 -1 18 -1 -1 -1 -1 -1 -1 -1 -1 21 -1 -1 -1 -1 -1 -1 22 20 -1 19 -1 -1 -1 
-1 -1 2 3 4 -1 -1 -1 -1 -1 -1 -1 -1 5 -1 -1 -1 -1 -1 -1 -1 -1 -1 -1 7 -1 -1 -1 -1 -1 -1 30 -1 -1 -1 15 -1 24 -1 -1 -1 -1 23 -1 -1 -1 -1 -1 -1 -1 17 -1 -1 27 -1 -1 9 -1 -1 -1 0 -1 -1 -1 -1 -1 -1 18 -1 -1 -1 -1 -1 -1 -1 -1 21 -1 -1 -1 -1 -1 -1 22 20 -1 19 -1 -1 -1 
-1 -1 2 3 4 -1 -1 -1 -1 -1 -1 -1 -1 5 -1 -1 -1 -1 -1 -1 -1 -1 -1 -1 7 -1 -1 -1 -1 -1 -1 30 -1 -1 -1 15 -1 -1 -1 -1 24 -1 23 -1 -1 -1 -1 -1 -1 -1 17 -1 -1 27 -1 -1 9 -1 -1 -1 0 -1 -1 -1 -1 -1 -1 18 -1 -1 -1 -1 -1 -1 -1 -1 21 -1 -1 -1 -1 -1 -1 22 20 -1 19 -1 -1 -1 
-1 -1 2 3 4 -1 -1 -1 -1 -1 -1 -1 -1 5 -1 -1 -1 -1 -1 -1 9 -1 -1 -1 7 -1 -1 -1 -1 -1 -1 30 -1 -1 -1 15 -1 -1 -1 -1 24 -1 23 -1 -1 -1 -1 -1 -1 -1 17 -1 -1 27 -1 -1 -1 -1 -1 -1 0 -1 -1 -1 -1 -1 -1 18 -1 -1 -1 -1 -1 -1 -1 -1 21 -1 -1 -1 -1 -1 -1 22 20 -1 19 -1 -1 -1 
-1 -1 2 3 4 -1 -1 -1 -1 -1 -1 -1 -1 5 -1 -1 -1 -1 -1 -1 9 -1 -1 -1 7 -1 -1 -1 -1 -1 -1 30 -1 -1 -1 15 -1 -1 -1 -1 24 -1 23 -1 -1 -1 -1 -1 -1 -1 17 -1 -1 27 -1 -1 -1 29 -1 -1 0 -1 -1 -1 -1 -1 -1 18 -1 -1 -1 -1 -1 -1 -1 -1 21 -1 -1 -1 -1 -1 -1 22 20 -1 19 -1 -1 -1 
-1 -1 2 3 4 -1 -1 -1 -1 -1 -1 -1 -1 5 -1 -1 -1 -1 -1 -1 -1 -1 9 -1 7 -1 -1 -1 -1 -1 -1 30 -1 -1 -1 15 -1 -1 -1 -1 24 -1 23 -1 -1 -1 -1 -1 -1 -1 17 -1 -1 27 -1 -1 -1 29 -1 -1 0 -1 -1 -1 -1 -1 -1 18 -1 -1 -1 -1 -1 -1 -1 -1 21 -1 -1 -1 -1 -1 -1 22 20 -1 19 -1 -1 -1 
-1 -1 2 3 4 -1 -1 -1 -1 -1 -1 -1 -1 5 -1 -1 -1 -1 -1 -1 -1 -1 9 -1 7 -1 -1 -1 -1 -1 -1 30 -1 -1 -1 15 -1 -1 -1 -1 24 -1 23 -1 -1 -1 -1 -1 -1 -1 17 -1 -1 27 -1 -1 -1 29 -1 -1 0 -1 -1 -1 -1 -1 -1 18 -1 -1 -1 -1 -1 -1 -1 -1 21 -1 -1 -1 -1 -1 -1 22 -1 20 19 -1 -1 -1 
-1 -1 2 3 -1 4 -1 -1 -1 -1 -1 -1 -1 5 -1 -1 -1 -1 -1 -1 -1 -1 9 -1 7 -1 -1 -1 -1 -1 -1 30 -1 -1 -1 15 -1 -1 -1 -1 24 -1 23 -1 -1 -1 -1 -1 -1 -1 17 -1 -1 27 -1 -1 -1 29 -1 -1 0 -1 -1 -1 -1 -1 -1 18 -1 -1 -1 -1 -1 -1 -1 -1 21 -1 -1 -1 -1 -1 -1 22 -1 20 19 -1 -1 -1 
-1 -1 2 3 -1 4 -1 -1 -1 -1 -1 -1 -1 5 -1 -1 -1 -1 -1 -1 -1 -1 9 -1 7 -1 -1 -1 -1 -1 -1 30 -1 -1 -1 15 -1 -1 24 -1 -1 -1 23 -1 -1 -1 -1 -1 -1 -1 17 -1 -1 27 -1 -1 -1 29 -1 -1 0 -1 -1 -1 -1 -1 -1 18 -1 -1 -1 -1 -1 -1 -1 -1 21 -1 -1 -1 -1 -1 -1 22 -1 20 19 -1 -1 -1 
-1 -1 -1 3 -1 4 -1 -1 -1 -1 -1 -1 -1 5 -1 -1 -1 -1 2 -1 -1 -1 9 -1 7 -1 -1 -1 -1 -1 -1 30 -1 -1 -1 15 -1 -1 24 -1 -1 -1 23 -1 -1 -1 -1 -1 -1 -1 17 -1 -1 27 -1 -1 -1 29 -1 -1 0 -1 -1 -1 -1 -1 -1 18 -1 -1 -1 -1 -1 -1 -1 -1 21 -1 -1 -1 -1 -1 -1 22 -1 20 19 -1 -1 -1 
-1 -1 -1 3 -1 4 -1 -1 -1 -1 -1 -1 -1 5 -1 -1 -1 -1 2 -1 -1 -1 9 -1 7 -1 -1 -1 -1 -1 -1 30 -1 -1 -1 15 -1 -1 -1 24 -1 -1 23 -1 -1 -1 -1 -1 -1 -1 17 -1 -1 27 -1 -1 -1 29 -1 -1 0 -1 -1 -1 -1 -1 -1 18 -1 -1 -1 -1 -1 -1 -1 -1 21 -1 -1 -1 -1 -1 -1 22 -1 20 19 -1 -1 -1 
-1 -1 2 3 -1 4 -1 -1 -1 -1 -1 -1 -1 5 -1 -1 -1 -1 -1 -1 -1 -1 9 -1 7 -1 -1 -1 -1 -1 -1 30 -1 -1 -1 15 -1 -1 -1 24 -1 -1 23 -1 -1 -1 -1 -1 -1 -1 17 -1 -1 27 -1 -1 -1 29 -1 -1 0 -1 -1 -1 -1 -1 -1 18 -1 -1 -1 -1 -1 -1 -1 -1 21 -1 -1 -1 -1 -1 -1 22 -1 20 19 -1 -1 -1 
-1 -1 2 3 -1 4 -1 -1 -1 -1 -1 -1 -1 5 -1 -1 -1 -1 -1 -1 -1 -1 9 -1 7 -1 -1 -1 -1 -1 -1 23 -1 -1 -1 15 -1 -1 -1 24 -1 -1 -1 -1 -1 -1 -1 -1 -1 -1 17 -1 -1 27 -1 -1 -1 29 -1 -1 0 -1 -1 -1 -1 -1 -1 18 -1 -1 -1 -1 -1 -1 -1 -1 21 -1 -1 -1 -1 -1 -1 22 -1 20 19 -1 -1 -1 
-1 -1 2 3 -1 4 -1 -1 -1 -1 -1 -1 -1 5 -1 -1 -1 -1 -1 -1 -1 -1 9 -1 -1 -1 -1 -1 -1 -1 -1 7 -1 -1 -1 15 -1 -1 -1 24 -1 -1 -1 -1 -1 -1 -1 -1 -1 -1 17 -1 -1 27 -1 -1 -1 29 -1 -1 0 -1 -1 -1 -1 -1 -1 18 -1 -1 -1 -1 -1 -1 -1 -1 21 -1 -1 -1 -1 -1 -1 22 -1 20 19 -1 -1 -1 
-1 -1 2 3 -1 4 -1 -1 -1 -1 -1 -1 -1 5 -1 -1 -1 -1 -1 -1 -1 -1 9 -1 -1 -1 -1 -1 -1 -1 -1 7 -1 -1 -1 15 -1 -1 -1 24 -1 -1 -1 -1 -1 -1 -1 -1 -1 -1 17 -1 -1 27 -1 -1 -1 -1 29 -1 0 -1 -1 -1 -1 -1 -1 18 -1 -1 -1 -1 -1 -1 -1 -1 21 -1 -1 -1 -1 -1 -1 22 -1 20 19 -1 -1 -1 
-1 -1 2 3 -1 4 -1 -1 -1 -1 -1 -1 -1 5 -1 -1 -1 -1 9 -1 -1 -1 -1 -1 -1 -1 -1 -1 -1 -1 -1 7 -1 -1 -1 15 -1 -1 -1 24 -1 -1 -1 -1 -1 -1 -1 -1 -1 -1 17 -1 -1 27 -1 -1 -1 -1 29 -1 0 -1 -1 -1 -1 -1 -1 18 -1 -1 -1 -1 -1 -1 -1 -1 21 -1 -1 -1 -1 -1 -1 22 -1 20 19 -1 -1 -1 
-1 -1 2 3 -1 4 -1 -1 -1 -1 -1 -1 -1 5 -1 -1 -1 -1 9 -1 -1 -1 -1 -1 -1 -1 -1 -1 -1 -1 -1 7 -1 -1 -1 15 -1 -1 24 -1 -1 -1 -1 -1 -1 -1 -1 -1 -1 -1 17 -1 -1 27 -1 -1 -1 -1 29 -1 0 -1 -1 -1 -1 -1 -1 18 -1 -1 -1 -1 -1 -1 -1 -1 21 -1 -1 -1 -1 -1 -1 22 -1 20 19 -1 -1 -1 
-1 -1 2 3 -1 4 -1 -1 -1 -1 -1 -1 -1 5 -1 -1 -1 -1 -1 -1 -1 -1 -1 -1 -1 -1 -1 -1 -1 -1 -1 7 -1 -1 -1 15 -1 -1 24 -1 -1 -1 -1 -1 -1 9 -1 -1 -1 -1 17 -1 -1 27 -1 -1 -1 -1 29 -1 0 -1 -1 -1 -1 -1 -1 18 -1 -1 -1 -1 -1 -1 -1 -1 21 -1 -1 -1 -1 -1 -1 22 -1 20 19 -1 -1 -1 
-1 -1 2 3 -1 4 -1 -1 -1 -1 -1 -1 -1 5 -1 -1 -1 -1 -1 -1 -1 -1 -1 -1 -1 -1 -1 -1 -1 -1 -1 7 -1 -1 -1 15 -1 -1 -1 -1 -1 24 -1 -1 -1 9 -1 -1 -1 -1 17 -1 -1 27 -1 -1 -1 -1 29 -1 0 -1 -1 -1 -1 -1 -1 18 -1 -1 -1 -1 -1 -1 -1 -1 21 -1 -1 -1 -1 -1 -1 22 -1 20 19 -1 -1 -1 
-1 -1 2 3 4 -1 -1 -1 -1 -1 -1 -1 -1 5 -1 -1 -1 -1 -1 -1 -1 -1 -1 -1 -1 -1 -1 -1 -1 -1 -1 7 -1 -1 -1 15 -1 -1 -1 -1 -1 24 -1 -1 -1 9 -1 -1 -1 -1 17 -1 -1 27 -1 -1 -1 -1 29 -1 0 -1 -1 -1 -1 -1 -1 18 -1 -1 -1 -1 -1 -1 -1 -1 21 -1 -1 -1 -1 -1 -1 22 -1 20 19 -1 -1 -1 
-1 -1 2 3 4 -1 -1 -1 -1 -1 -1 -1 -1 5 -1 -1 -1 -1 -1 -1 -1 -1 -1 -1 -1 -1 -1 -1 -1 -1 -1 7 -1 -1 -1 15 -1 -1 -1 17 -1 24 -1 -1 -1 9 -1 -1 -1 -1 -1 -1 -1 27 -1 -1 -1 -1 29 -1 0 -1 -1 -1 -1 -1 -1 18 -1 -1 -1 -1 -1 -1 -1 -1 21 -1 -1 -1 -1 -1 -1 22 -1 20 19 -1 -1 -1 
-1 -1 2 3 4 -1 -1 -1 -1 -1 -1 -1 -1 5 -1 -1 -1 -1 -1 -1 -1 -1 -1 -1 -1 -1 -1 -1 -1 -1 -1 7 -1 -1 -1 15 -1 -1 -1 17 -1 24 -1 -1 -1 9 -1 -1 -1 -1 -1 -1 -1 27 -1 0 -1 -1 29 -1 -1 -1 -1 -1 -1 -1 -1 18 -1 -1 -1 -1 -1 -1 -1 -1 21 -1 -1 -1 -1 -1 -1 22 -1 20 19 -1 -1 -1 
-1 -1 2 3 4 -1 -1 -1 -1 -1 -1 -1 -1 5 -1 -1 -1 -1 -1 -1 -1 -1 -1 -1 -1 -1 -1 -1 -1 -1 -1 7 17 -1 -1 15 -1 -1 -1 -1 -1 24 -1 -1 -1 9 -1 -1 -1 -1 -1 -1 -1 27 -1 0 -1 -1 29 -1 -1 -1 -1 -1 -1 -1 -1 18 -1 -1 -1 -1 -1 -1 -1 -1 21 -1 -1 -1 -1 -1 -1 22 -1 20 19 -1 -1 -1 
-1 -1 2 3 4 -1 -1 -1 -1 -1 -1 -1 -1 5 -1 -1 -1 -1 -1 -1 -1 -1 -1 -1 -1 -1 -1 -1 -1 -1 -1 7 17 -1 -1 15 -1 -1 -1 -1 -1 24 -1 -1 -1 9 -1 -1 -1 -1 -1 -1 -1 27 -1 -1 -1 -1 29 -1 0 -1 -1 -1 -1 -1 -1 18 -1 -1 -1 -1 -1 -1 -1 -1 21 -1 -1 -1 -1 -1 -1 22 -1 20 19 -1 -1 -1 
-1 -1 2 3 4 -1 -1 -1 -1 -1 -1 -1 -1 5 -1 -1 -1 -1 -1 -1 -1 -1 -1 -1 -1 -1 -1 -1 -1 -1 -1 7 17 -1 -1 15 -1 -1 24 -1 -1 -1 -1 -1 -1 9 -1 -1 -1 -1 -1 -1 -1 27 -1 -1 -1 -1 29 -1 0 -1 -1 -1 -1 -1 -1 18 -1 -1 -1 -1 -1 -1 -1 -1 21 -1 -1 -1 -1 -1 -1 22 -1 20 19 -1 -1 -1 
-1 -1 2 3 4 -1 -1 -1 -1 -1 -1 -1 -1 5 -1 -1 -1 -1 -1 -1 -1 -1 -1 -1 -1 -1 -1 -1 -1 -1 -1 7 17 0 -1 15 -1 -1 24 -1 -1 -1 -1 -1 -1 9 -1 -1 -1 -1 -1 -1 -1 27 -1 -1 -1 -1 29 -1 -1 -1 -1 -1 -1 -1 -1 18 -1 -1 -1 -1 -1 -1 -1 -1 21 -1 -1 -1 -1 -1 -1 22 -1 20 19 -1 -1 -1 
-1 -1 24 3 4 -1 -1 -1 -1 -1 -1 -1 -1 5 -1 -1 -1 -1 -1 -1 -1 -1 -1 -1 -1 -1 -1 -1 -1 -1 -1 7 17 0 -1 15 -1 -1 -1 -1 -1 -1 -1 -1 -1 9 -1 -1 -1 -1 -1 -1 -1 27 -1 -1 -1 -1 29 -1 -1 -1 -1 -1 -1 -1 -1 18 -1 -1 -1 -1 -1 -1 -1 -1 21 -1 -1 -1 -1 -1 -1 22 -1 20 19 -1 -1 -1 
-1 -1 24 3 4 -1 -1 -1 -1 -1 -1 -1 -1 5 -1 -1 -1 -1 -1 -1 -1 -1 -1 -1 -1 -1 -1 -1 -1 -1 -1 7 17 0 -1 15 -1 -1 -1 -1 -1 -1 -1 -1 -1 -1 -1 -1 -1 -1 -1 -1 9 27 -1 -1 -1 -1 29 -1 -1 -1 -1 -1 -1 -1 -1 18 -1 -1 -1 -1 -1 -1 -1 -1 21 -1 -1 -1 -1 -1 -1 22 -1 20 19 -1 -1 -1 
-1 -1 -1 3 4 -1 -1 -1 -1 -1 -1 -1 -1 5 -1 -1 -1 -1 -1 -1 -1 -1 -1 -1 -1 -1 -1 -1 -1 -1 -1 7 17 0 -1 15 -1 -1 -1 -1 -1 -1 -1 -1 -1 -1 -1 24 -1 -1 -1 -1 9 27 -1 -1 -1 -1 29 -1 -1 -1 -1 -1 -1 -1 -1 18 -1 -1 -1 -1 -1 -1 -1 -1 21 -1 -1 -1 -1 -1 -1 22 -1 20 19 -1 -1 -1 
-1 -1 -1 3 4 -1 -1 -1 -1 -1 -1 -1 -1 5 -1 -1 -1 -1 -1 -1 -1 -1 -1 -1 -1 -1 -1 -1 -1 -1 -1 7 17 0 -1 15 -1 -1 -1 -1 -1 -1 -1 -1 -1 -1 -1 24 -1 -1 -1 -1 -1 27 -1 -1 -1 -1 29 -1 -1 -1 -1 -1 -1 -1 -1 18 -1 -1 -1 -1 -1 -1 -1 -1 21 -1 -1 -1 -1 -1 -1 22 -1 20 19 -1 9 -1 
-1 -1 -1 3 4 -1 -1 -1 -1 -1 -1 -1 -1 5 -1 -1 -1 -1 -1 -1 -1 -1 -1 -1 -1 -1 -1 -1 -1 -1 -1 7 17 0 -1 15 -1 -1 -1 -1 -1 -1 -1 -1 -1 -1 -1 24 -1 -1 -1 -1 -1 27 -1 -1 -1 -1 29 -1 -1 -1 -1 -1 -1 -1 -1 -1 -1 -1 -1 -1 -1 -1 -1 -1 21 -1 -1 -1 -1 -1 -1 22 -1 20 19 18 9 -1 
-1 -1 -1 3 4 -1 -1 -1 -1 -1 -1 -1 -1 5 -1 -1 -1 -1 -1 -1 -1 -1 -1 -1 -1 -1 -1 -1 -1 -1 -1 7 17 -1 -1 15 -1 -1 -1 -1 -1 -1 -1 -1 -1 -1 -1 24 -1 -1 -1 -1 -1 27 -1 -1 -1 -1 29 -1 -1 -1 -1 -1 -1 -1 -1 -1 -1 -1 -1 -1 -1 -1 -1 -1 21 -1 -1 -1 -1 -1 -1 22 -1 20 19 0 9 -1 
-1 -1 -1 3 4 -1 -1 -1 -1 -1 -1 -1 -1 5 -1 -1 -1 -1 -1 -1 -1 -1 -1 -1 -1 -1 -1 -1 -1 -1 -1 7 17 -1 -1 15 -1 -1 -1 -1 -1 -1 -1 -1 -1 -1 -1 -1 -1 -1 -1 -1 24 27 -1 -1 -1 -1 29 -1 -1 -1 -1 -1 -1 -1 -1 -1 -1 -1 -1 -1 -1 -1 -1 -1 21 -1 -1 -1 -1 -1 -1 22 -1 20 19 0 9 -1 
-1 -1 -1 3 4 -1 -1 -1 -1 -1 -1 -1 -1 5 -1 -1 -1 -1 -1 -1 -1 -1 -1 -1 -1 -1 -1 -1 -1 -1 -1 7 17 -1 -1 15 -1 -1 -1 -1 -1 -1 -1 -1 -1 -1 -1 -1 -1 -1 -1 -1 24 27 -1 -1 -1 -1 29 -1 -1 -1 -1 -1 -1 -1 -1 -1 -1 -1 -1 -1 -1 -1 -1 -1 21 -1 -1 -1 -1 -1 -1 22 -1 20 19 0 -1 9 
-1 -1 -1 3 4 -1 -1 -1 -1 -1 -1 -1 -1 5 -1 -1 -1 -1 -1 -1 -1 -1 -1 -1 -1 -1 -1 -1 -1 -1 -1 7 17 -1 -1 15 -1 -1 -1 -1 -1 -1 -1 -1 -1 -1 -1 -1 -1 -1 -1 -1 24 27 -1 -1 -1 -1 29 -1 -1 -1 -1 -1 -1 -1 -1 22 -1 -1 -1 -1 -1 -1 -1 -1 21 -1 -1 -1 -1 -1 -1 -1 -1 20 19 0 -1 9 
-1 -1 -1 3 4 -1 -1 -1 -1 -1 -1 -1 -1 5 -1 -1 -1 -1 -1 -1 -1 -1 -1 -1 -1 -1 -1 -1 -1 -1 -1 7 17 0 -1 15 -1 -1 -1 -1 -1 -1 -1 -1 -1 -1 -1 -1 -1 -1 -1 -1 24 27 -1 -1 -1 -1 29 -1 -1 -1 -1 -1 -1 -1 -1 22 -1 -1 -1 -1 -1 -1 -1 -1 21 -1 -1 -1 -1 -1 -1 -1 -1 20 19 -1 -1 9 
-1 -1 -1 3 4 -1 -1 -1 -1 -1 -1 -1 -1 5 -1 -1 -1 -1 -1 -1 -1 -1 -1 -1 -1 -1 -1 -1 -1 -1 -1 7 17 0 -1 15 -1 -1 -1 -1 -1 -1 -1 16 -1 -1 -1 -1 -1 -1 -1 -1 24 27 -1 -1 -1 -1 29 -1 -1 -1 -1 -1 -1 -1 -1 22 -1 -1 -1 -1 -1 -1 -1 -1 21 -1 -1 -1 -1 -1 -1 -1 -1 20 19 -1 -1 9 
-1 -1 -1 3 4 -1 -1 -1 -1 -1 -1 -1 -1 5 -1 -1 -1 -1 -1 -1 -1 -1 -1 -1 -1 -1 -1 -1 -1 -1 -1 7 17 0 -1 15 -1 -1 -1 -1 -1 -1 -1 16 -1 -1 -1 -1 -1 -1 -1 -1 24 27 -1 -1 -1 -1 29 -1 -1 -1 9 -1 -1 -1 -1 22 -1 -1 -1 -1 -1 -1 -1 -1 21 -1 -1 -1 -1 -1 -1 -1 -1 20 19 -1 -1 -1 
-1 -1 -1 3 4 -1 -1 -1 -1 -1 -1 -1 -1 5 -1 -1 -1 -1 -1 -1 -1 -1 -1 -1 -1 -1 -1 -1 -1 -1 -1 7 17 0 -1 15 -1 -1 -1 -1 -1 -1 16 -1 -1 -1 -1 -1 -1 -1 -1 -1 24 27 -1 -1 -1 -1 29 -1 -1 -1 9 -1 -1 -1 -1 22 -1 -1 -1 -1 -1 -1 -1 -1 21 -1 -1 -1 -1 -1 -1 -1 -1 20 19 -1 -1 -1 
