0 1 2 3 4 5 6 7 8 -1 -1 -1 -1 -1 -1 -1 -1 -1 -1 9 -1 -1 -1 -1 -1 10 -1 11 -1 12 -1 28 -1 14 -1 15 -1 -1 -1 -1 -1 -1 -1 -1 -1 -1 -1 -1 -1 -1 -1 -1 -1 -1 -1 -1 -1 -1 29 -1 -1 -1 27 -1 26 -1 -1 25 -1 -1 -1 -1 -1 -1 -1 -1 -1 -1 -1 -1 -1 31 23 22 21 20 19 18 17 16 
0 1 2 3 4 5 6 -1 8 -1 -1 -1 -1 -1 -1 -1 -1 -1 -1 9 -1 -1 -1 -1 7 10 -1 11 -1 12 -1 28 -1 14 -1 15 -1 -1 -1 -1 -1 -1 -1 -1 -1 -1 -1 -1 -1 -1 -1 -1 -1 -1 -1 -1 -1 -1 29 -1 -1 -1 27 -1 26 -1 -1 25 -1 -1 -1 -1 -1 -1 -1 -1 -1 -1 -1 -1 -1 31 23 22 21 20 19 18 17 16 
0 1 2 3 4 5 6 -1 8 -1 -1 -1 -1 -1 -1 -1 -1 -1 -1 9 -1 -1 -1 -1 7 10 -1 11 -1 12 -1 28 -1 14 -1 15 -1 -1 -1 -1 -1 -1 -1 -1 -1 -1 -1 -1 -1 -1 -1 -1 -1 -1 -1 -1 -1 -1 29 -1 -1 -1 27 -1 26 -1 -1 25 -1 17 -1 -1 -1 -1 -1 -1 -1 -1 -1 -1 -1 31 23 22 21 20 19 18 -1 16 
0 1 2 3 4 5 6 8 -1 -1 -1 -1 -1 -1 -1 -1 -1 -1 -1 9 -1 -1 -1 -1 7 10 -1 11 -1 12 -1 28 -1 14 -1 15 -1 -1 -1 -1 -1 -1 -1 -1 -1 -1 -1 -1 -1 -1 -1 -1 -1 -1 -1 -1 -1 -1 29 -1 -1 -1 27 -1 26 -1 -1 25 -1 17 -1 -1 -1 -1 -1 -1 -1 -1 -1 -1 -1 31 23 22 21 20 19 18 -1 16 
0 1 2 3 4 5 6 8 -1 -1 -1 -1 -1 -1 -1 -1 -1 -1 -1 9 -1 -1 -1 -1 7 10 -1 11 -1 12 -1 28 -1 14 -1 15 -1 -1 -1 -1 -1 -1 -1 -1 -1 -1 -1 -1 -1 -1 -1 -1 -1 -1 -1 -1 -1 -1 29 -1 -1 -1 27 -1 26 -1 -1 25 -1 17 -1 -1 -1 -1 -1 -1 -1 -1 -1 -1 -1 31 23 22 21 20 19 18 16 -1 
0 -1 2 3 4 5 6 8 -1 -1 -1 -1 -1 -1 -1 -1 -1 -1 -1 9 1 -1 -1 -1 7 10 -1 11 -1 12 -1 28 -1 14 -1 15 -1 -1 -1 -1 -1 -1 -1 -1 -1 -1 -1 -1 -1 -1 -1 -1 -1 -1 -1 -1 -1 -1 29 -1 -1 -1 27 -1 26 -1 -1 25 -1 17 -1 -1 -1 -1 -1 -1 -1 -1 -1 -1 -1 31 23 22 21 20 19 18 16 -1 
0 -1 2 3 4 5 6 8 -1 -1 -1 -1 -1 -1 -1 -1 -1 -1 -1 9 1 -1 -1 -1 7 10 -1 11 -1 12 -1 28 -1 14 -1 15 -1 -1 -1 -1 -1 -1 -1 -1 -1 -1 -1 -1 -1 -1 -1 28 -1 -1 -1 -1 -1 -1 29 -1 -1 -1 27 -1 26 -1 -1 25 -1 17 -1 -1 -1 -1 -1 -1 -1 -1 -1 -1 -1 31 23 22 21 20 19 18 16 -1 
0 -1 2 3 4 5 6 8 -1 -1 -1 -1 -1 -1 -1 -1 -1 -1 -1 9 1 -1 -1 -1 7 10 -1 11 -1 -1 -1 28 -1 14 -1 15 -1 -1 12 -1 -1 -1 -1 -1 -1 -1 -1 -1 -1 -1 -1 28 -1 -1 -1 -1 -1 -1 29 -1 -1 -1 27 -1 26 -1 -1 25 -1 17 -1 -1 -1 -1 -1 -1 -1 -1 -1 -1 -1 31 23 22 21 20 19 18 16 -1 
0 -1 2 3 4 5 6 8 -1 -1 -1 -1 -1 -1 -1 -1 -1 -1 -1 9 1 -1 -1 -1 7 10 -1 11 -1 -1 -1 28 -1 14 -1 15 -1 -1 12 -1 -1 -1 -1 -1 -1 -1 -1 -1 -1 -1 -1 28 -1 -1 -1 -1 -1 -1 29 -1 -1 -1 27 23 26 -1 -1 25 -1 17 -1 -1 -1 -1 -1 -1 -1 -1 -1 -1 -1 31 -1 22 21 20 19 18 16 -1 
0 -1 2 3 4 5 6 8 -1 -1 -1 -1 -1 -1 -1 -1 -1 -1 -1 9 1 -1 -1 -1 7 10 -1 -1 -1 -1 -1 28 -1 14 -1 15 11 -1 12 -1 -1 -1 -1 -1 -1 -1 -1 -1 -1 -1 -1 28 -1 -1 -1 -1 -1 -1 29 -1 -1 -1 27 23 26 -1 -1 25 -1 17 -1 -1 -1 -1 -1 -1 -1 -1 -1 -1 -1 31 -1 22 21 20 19 18 16 -1 
0 -1 2 3 4 5 6 8 -1 -1 -1 -1 -1 -1 -1 -1 -1 -1 -1 9 1 -1 -1 -1 7 10 -1 -1 -1 -1 -1 28 -1 14 -1 15 11 -1 12 -1 -1 -1 -1 -1 -1 -1 -1 -1 -1 -1 -1 28 -1 -1 -1 -1 -1 -1 29 -1 -1 -1 27 23 -1 26 -1 25 -1 17 -1 -1 -1 -1 -1 -1 -1 -1 -1 -1 -1 31 -1 22 21 20 19 18 16 -1 
0 -1 2 3 4 5 6 8 -1 -1 -1 -1 -1 -1 -1 -1 -1 -1 -1 9 -1 -1 -1 -1 7 10 -1 -1 -1 -1 -1 28 -1 14 -1 15 11 1 12 -1 -1 -1 -1 -1 -1 -1 -1 -1 -1 -1 -1 28 -1 -1 -1 -1 -1 -1 29 -1 -1 -1 27 23 -1 26 -1 25 -1 17 -1 -1 -1 -1 -1 -1 -1 -1 -1 -1 -1 31 -1 22 21 20 19 18 16 -1 
0 -1 2 3 4 5 6 8 -1 -1 -1 -1 -1 -1 -1 -1 -1 -1 -1 9 -1 -1 -1 -1 7 10 -1 -1 -1 -1 -1 28 -1 14 -1 15 11 1 12 -1 -1 -1 -1 -1 -1 -1 -1 -1 -1 -1 -1 28 -1 -1 -1 -1 -1 -1 29 -1 -1 -1 27 23 -1 26 -1 25 -1 17 -1 -1 24 -1 -1 -1 -1 -1 -1 -1 -1 -1 -1 22 21 20 19 18 16 -1 
0 -1 2 3 4 5 -1 8 -1 -1 -1 -1 -1 -1 -1 -1 -1 -1 -1 9 -1 -1 6 -1 7 10 -1 -1 -1 -1 -1 28 -1 14 -1 15 11 1 12 -1 -1 -1 -1 -1 -1 -1 -1 -1 -1 -1 -1 28 -1 -1 -1 -1 -1 -1 29 -1 -1 -1 27 23 -1 26 -1 25 -1 17 -1 -1 24 -1 -1 -1 -1 -1 -1 -1 -1 -1 -1 22 21 20 19 18 16 -1 
0 -1 2 3 4 5 -1 8 -1 -1 -1 -1 -1 -1 -1 -1 -1 -1 -1 9 -1 -1 6 -1 7 10 -1 -1 -1 -1 -1 28 -1 14 -1 15 11 1 12 -1 -1 -1 -1 -1 -1 -1 -1 -1 -1 -1 17 28 -1 -1 -1 -1 -1 -1 29 -1 -1 -1 27 23 -1 26 -1 25 -1 -1 -1 -1 24 -1 -1 -1 -1 -1 -1 -1 -1 -1 -1 22 21 20 19 18 16 -1 
0 -1 2 3 4 5 -1 8 -1 -1 -1 -1 -1 -1 -1 -1 -1 -1 -1 9 -1 -1 6 -1 7 10 -1 -1 -1 -1 -1 28 -1 14 -1 15 -1 1 12 -1 -1 -1 -1 -1 -1 11 -1 -1 -1 -1 17 28 -1 -1 -1 -1 -1 -1 29 -1 -1 -1 27 23 -1 26 -1 25 -1 -1 -1 -1 24 -1 -1 -1 -1 -1 -1 -1 -1 -1 -1 22 21 20 19 18 16 -1 
0 -1 2 3 4 5 -1 8 -1 -1 -1 -1 -1 -1 -1 -1 -1 -1 -1 9 -1 -1 6 -1 7 10 -1 -1 -1 -1 -1 28 -1 14 -1 15 -1 1 12 -1 -1 -1 -1 -1 -1 31 -1 -1 -1 -1 17 28 -1 -1 -1 -1 -1 -1 29 -1 -1 -1 27 23 -1 26 -1 25 -1 -1 -1 -1 24 -1 -1 -1 -1 -1 -1 -1 -1 -1 -1 22 21 20 19 18 16 -1 
-1 -1 2 3 4 5 -1 8 -1 -1 -1 -1 -1 -1 -1 -1 -1 -1 -1 9 -1 -1 6 -1 7 10 -1 -1 -1 -1 -1 28 -1 14 -1 15 -1 1 12 -1 -1 -1 -1 -1 -1 0 -1 -1 -1 -1 17 28 -1 -1 -1 -1 -1 -1 29 -1 -1 -1 27 23 -1 26 -1 25 -1 -1 -1 -1 24 -1 -1 -1 -1 -1 -1 -1 -1 -1 -1 22 21 20 19 18 16 -1 
-1 -1 2 3 4 5 -1 8 -1 -1 -1 -1 -1 -1 -1 -1 -1 -1 -1 9 -1 -1 6 -1 7 10 -1 -1 -1 -1 -1 28 -1 14 -1 15 -1 1 12 -1 -1 -1 -1 -1 -1 0 -1 -1 -1 -1 17 28 -1 -1 -1 -1 -1 -1 29 -1 -1 -1 27 23 -1 26 -1 25 -1 -1 -1 -1 -1 -1 -1 -1 -1 24 -1 -1 -1 -1 -1 22 21 20 19 18 16 -1 
-1 -1 2 3 4 5 -1 8 -1 -1 -1 -1 -1 -1 -1 -1 -1 -1 -1 9 1 -1 6 -1 7 10 -1 -1 -1 -1 -1 28 -1 14 -1 15 -1 -1 12 -1 -1 -1 -1 -1 -1 0 -1 -1 -1 -1 17 28 -1 -1 -1 -1 -1 -1 29 -1 -1 -1 27 23 -1 26 -1 25 -1 -1 -1 -1 -1 -1 -1 -1 -1 24 -1 -1 -1 -1 -1 22 21 20 19 18 16 -1 
-1 -1 2 3 4 5 -1 8 -1 -1 -1 -1 -1 -1 -1 -1 -1 -1 -1 9 1 -1 6 -1 7 10 -1 -1 -1 -1 -1 28 -1 14 -1 15 -1 -1 12 -1 -1 -1 -1 -1 -1 0 -1 30 -1 -1 17 28 -1 -1 -1 -1 -1 -1 29 -1 -1 -1 27 23 -1 26 -1 25 -1 -1 -1 -1 -1 -1 -1 -1 -1 24 -1 -1 -1 -1 -1 22 21 20 19 18 16 -1 
-1 -1 2 3 4 5 -1 8 -1 -1 -1 -1 -1 -1 -1 -1 -1 -1 -1 9 1 -1 6 -1 7 10 -1 -1 -1 -1 -1 28 -1 14 -1 15 -1 -1 12 -1 -1 -1 -1 -1 -1 -1 -1 0 -1 -1 17 28 -1 -1 -1 -1 -1 -1 29 -1 -1 -1 27 23 -1 26 -1 25 -1 -1 -1 -1 -1 -1 -1 -1 -1 24 -1 -1 -1 -1 -1 22 21 20 19 18 16 -1 
-1 -1 2 3 4 5 -1 8 -1 -1 -1 -1 -1 -1 -1 -1 -1 -1 -1 9 1 -1 6 -1 7 10 -1 -1 -1 -1 -1 28 -1 14 -1 15 -1 -1 12 -1 -1 -1 -1 -1 -1 -1 -1 0 -1 -1 17 28 -1 -1 -1 -1 -1 -1 29 -1 -1 -1 27 23 -1 26 -1 -1 -1 25 -1 -1 -1 -1 -1 -1 -1 24 -1 -1 -1 -1 -1 22 21 20 19 18 16 -1 
-1 -1 2 3 4 5 -1 8 -1 -1 -1 -1 -1 -1 -1 -1 -1 -1 -1 9 1 -1 6 -1 7 -1 -1 -1 -1 -1 -1 28 -1 14 -1 15 -1 -1 12 -1 -1 -1 -1 -1 -1 -1 -1 0 -1 -1 17 28 10 -1 -1 -1 -1 -1 29 -1 -1 -1 27 23 -1 26 -1 -1 -1 25 -1 -1 -1 -1 -1 -1 -1 24 -1 -1 -1 -1 -1 22 21 20 19 18 16 -1 
-1 -1 2 3 4 5 -1 8 -1 -1 -1 -1 -1 -1 -1 -1 -1 -1 -1 9 1 -1 6 -1 7 -1 -1 -1 -1 -1 -1 28 -1 14 -1 15 -1 -1 12 -1 -1 -1 28 -1 -1 -1 -1 0 -1 -1 17 -1 10 -1 -1 -1 -1 -1 29 -1 -1 -1 27 23 -1 26 -1 -1 -1 25 -1 -1 -1 -1 -1 -1 -1 24 -1 -1 -1 -1 -1 22 21 20 19 18 16 -1 
-1 -1 2 3 4 5 -1 8 -1 -1 -1 -1 -1 -1 -1 -1 -1 -1 -1 9 -1 -1 6 -1 7 -1 -1 -1 -1 -1 -1 28 -1 14 -1 15 -1 -1 12 1 -1 -1 28 -1 -1 -1 -1 0 -1 -1 17 -1 10 -1 -1 -1 -1 -1 29 -1 -1 -1 27 23 -1 26 -1 -1 -1 25 -1 -1 -1 -1 -1 -1 -1 24 -1 -1 -1 -1 -1 22 21 20 19 18 16 -1 
-1 -1 2 3 4 5 -1 8 -1 -1 -1 -1 -1 -1 -1 -1 -1 -1 -1 9 -1 -1 6 -1 7 -1 -1 -1 -1 -1 -1 28 -1 14 -1 15 -1 -1 12 17 -1 -1 28 -1 -1 -1 -1 0 -1 -1 -1 -1 10 -1 -1 -1 -1 -1 29 -1 -1 -1 27 23 -1 26 -1 -1 -1 25 -1 -1 -1 -1 -1 -1 -1 24 -1 -1 -1 -1 -1 22 21 20 19 18 16 -1 
-1 -1 2 3 4 5 -1 8 -1 -1 -1 -1 -1 -1 -1 -1 -1 -1 -1 9 -1 -1 6 -1 7 -1 -1 -1 -1 -1 -1 28 -1 14 -1 15 -1 -1 12 17 -1 -1 28 -1 -1 -1 -1 -1 -1 -1 -1 -1 10 -1 -1 -1 -1 -1 29 -1 -1 -1 27 23 -1 0 -1 -1 -1 25 -1 -1 -1 -1 -1 -1 -1 24 -1 -1 -1 -1 -1 22 21 20 19 18 16 -1 
-1 -1 2 3 4 5 -1 8 -1 -1 -1 -1 -1 -1 -1 -1 -1 -1 -1 9 -1 -1 6 -1 7 -1 -1 -1 -1 -1 -1 28 -1 14 -1 15 -1 -1 12 -1 -1 -1 28 -1 -1 -1 -1 -1 -1 -1 17 -1 10 -1 -1 -1 -1 -1 29 -1 -1 -1 27 23 -1 0 -1 -1 -1 25 -1 -1 -1 -1 -1 -1 -1 24 -1 -1 -1 -1 -1 22 21 20 19 18 16 -1 
-1 -1 2 3 4 5 -1 8 -1 -1 -1 -1 -1 -1 -1 -1 -1 -1 -1 9 -1 -1 6 -1 7 -1 -1 -1 -1 -1 -1 28 -1 14 -1 15 -1 -1 12 -1 -1 -1 28 -1 -1 -1 -1 -1 -1 -1 17 -1 10 -1 -1 -1 -1 -1 29 -1 -1 -1 27 23 -1 -1 -1 -1 -1 25 -1 -1 -1 -1 -1 -1 -1 24 -1 -1 -1 -1 -1 0 21 20 19 18 16 -1 
-1 -1 2 3 4 5 -1 8 -1 -1 -1 -1 -1 -1 -1 -1 -1 -1 -1 9 -1 -1 6 -1 7 -1 -1 -1 -1 -1 -1 28 -1 14 -1 15 -1 -1 12 -1 -1 -1 -1 28 -1 -1 -1 -1 -1 -1 17 -1 10 -1 -1 -1 -1 -1 29 -1 -1 -1 27 23 -1 -1 -1 -1 -1 25 -1 -1 -1 -1 -1 -1 -1 24 -1 -1 -1 -1 -1 0 21 20 19 18 16 -1 
-1 -1 2 3 4 5 -1 8 -1 -1 -1 -1 -1 -1 -1 -1 -1 -1 -1 9 -1 -1 6 -1 7 -1 -1 -1 -1 -1 -1 28 -1 14 -1 15 -1 -1 12 -1 -1 -1 -1 28 -1 -1 -1 -1 -1 -1 17 10 -1 -1 -1 -1 -1 -1 29 -1 -1 -1 27 23 -1 -1 -1 -1 -1 25 -1 -1 -1 -1 -1 -1 -1 24 -1 -1 -1 -1 -1 0 21 20 19 18 16 -1 
-1 -1 2 3 4 5 -1 8 -1 -1 -1 -1 -1 -1 -1 -1 -1 -1 -1 9 -1 -1 6 -1 7 -1 -1 -1 -1 -1 -1 28 -1 14 -1 15 -1 -1 12 -1 -1 -1 -1 28 -1 -1 -1 -1 -1 -1 17 10 -1 -1 -1 -1 -1 -1 29 -1 -1 -1 27 23 -1 -1 -1 -1 24 25 -1 -1 -1 -1 -1 -1 -1 -1 -1 -1 -1 -1 -1 0 21 20 19 18 16 -1 
-1 -1 2 3 4 5 -1 8 -1 -1 -1 -1 -1 -1 -1 -1 -1 -1 -1 9 -1 -1 6 -1 7 -1 -1 -1 -1 -1 -1 28 -1 14 -1 15 -1 -1 12 -1 -1 -1 10 28 -1 -1 -1 -1 -1 -1 17 -1 -1 -1 -1 -1 -1 -1 29 -1 -1 -1 27 23 -1 -1 -1 -1 24 25 -1 -1 -1 -1 -1 -1 -1 -1 -1 -1 -1 -1 -1 0 21 20 19 18 16 -1 
-1 -1 2 3 4 5 -1 8 -1 -1 -1 -1 -1 -1 -1 -1 -1 -1 -1 9 -1 -1 6 -1 7 -1 -1 -1 -1 -1 -1 28 -1 14 -1 15 -1 -1 12 -1 -1 -1 10 28 -1 -1 -1 -1 -1 -1 17 -1 -1 -1 -1 -1 -1 -1 29 -1 -1 -1 27 23 -1 -1 -1 -1 24 25 -1 -1 -1 -1 -1 -1 19 -1 -1 -1 -1 -1 -1 0 21 20 -1 18 16 -1 
-1 -1 2 3 4 5 -1 8 -1 -1 -1 -1 -1 -1 -1 -1 -1 -1 -1 9 -1 -1 6 -1 7 -1 -1 -1 -1 -1 -1 28 -1 14 -1 15 -1 -1 12 -1 10 -1 -1 28 -1 -1 -1 -1 -1 -1 17 -1 -1 -1 -1 -1 -1 -1 29 -1 -1 -1 27 23 -1 -1 -1 -1 24 25 -1 -1 -1 -1 -1 -1 19 -1 -1 -1 -1 -1 -1 0 21 20 -1 18 16 -1 
-1 -1 2 3 4 5 -1 8 -1 -1 -1 -1 -1 -1 -1 -1 -1 -1 -1 9 -1 -1 6 -1 7 -1 -1 -1 -1 -1 -1 28 -1 14 -1 15 -1 -1 12 -1 10 -1 -1 28 -1 -1 -1 -1 -1 -1 17 -1 -1 -1 -1 -1 -1 -1 29 -1 -1 -1 27 23 24 -1 -1 -1 -1 25 -1 -1 -1 -1 -1 -1 19 -1 -1 -1 -1 -1 -1 0 21 20 -1 18 16 -1 
-1 -1 2 3 4 5 -1 8 -1 -1 -1 -1 -1 -1 -1 -1 -1 -1 -1 9 -1 -1 6 -1 7 -1 -1 -1 -1 -1 -1 28 -1 14 -1 15 -1 -1 12 -1 10 -1 -1 28 -1 -1 -1 0 -1 -1 17 -1 -1 -1 -1 -1 -1 -1 29 -1 -1 -1 27 23 24 -1 -1 -1 -1 25 -1 -1 -1 -1 -1 -1 19 -1 -1 -1 -1 -1 -1 -1 21 20 -1 18 16 -1 
-1 -1 2 3 4 5 -1 8 -1 -1 -1 -1 -1 -1 -1 -1 -1 -1 -1 9 -1 -1 6 -1 7 -1 -1 -1 -1 -1 -1 28 -1 14 -1 15 -1 -1 12 -1 10 -1 -1 28 -1 -1 -1 0 -1 -1 17 -1 -1 -1 -1 -1 -1 -1 29 -1 -1 -1 27 23 24 -1 -1 -1 -1 -1 25 -1 -1 -1 -1 -1 19 -1 -1 -1 -1 -1 -1 -1 21 20 -1 18 16 -1 
-1 -1 2 3 4 5 -1 -1 8 -1 -1 -1 -1 -1 -1 -1 -1 -1 -1 9 -1 -1 6 -1 7 -1 -1 -1 -1 -1 -1 28 -1 14 -1 15 -1 -1 12 -1 10 -1 -1 28 -1 -1 -1 0 -1 -1 17 -1 -1 -1 -1 -1 -1 -1 29 -1 -1 -1 27 23 24 -1 -1 -1 -1 -1 25 -1 -1 -1 -1 -1 19 -1 -1 -1 -1 -1 -1 -1 21 20 -1 18 16 -1 
-1 -1 2 3 4 5 -1 -1 8 -1 -1 -1 -1 -1 -1 -1 -1 -1 -1 9 -1 -1 6 -1 7 -1 -1 -1 -1 -1 -1 28 -1 17 -1 15 -1 -1 12 -1 10 -1 -1 28 -1 -1 -1 0 -1 -1 -1 -1 -1 -1 -1 -1 -1 -1 29 -1 -1 -1 27 23 24 -1 -1 -1 -1 -1 25 -1 -1 -1 -1 -1 19 -1 -1 -1 -1 -1 -1 -1 21 20 -1 18 16 -1 
-1 -1 2 3 4 5 -1 -1 8 -1 -1 -1 -1 -1 -1 -1 -1 -1 9 -1 -1 -1 6 -1 7 -1 -1 -1 -1 -1 -1 28 -1 17 -1 15 -1 -1 12 -1 10 -1 -1 28 -1 -1 -1 0 -1 -1 -1 -1 -1 -1 -1 -1 -1 -1 29 -1 -1 -1 27 23 24 -1 -1 -1 -1 -1 25 -1 -1 -1 -1 -1 19 -1 -1 -1 -1 -1 -1 -1 21 20 -1 18 16 -1 
-1 -1 2 3 4 5 -1 -1 8 -1 -1 -1 -1 -1 -1 -1 -1 -1 9 -1 -1 -1 6 -1 7 -1 -1 -1 -1 -1 -1 28 -1 17 -1 15 -1 -1 12 -1 10 -1 -1 28 -1 -1 -1 0 -1 -1 -1 -1 -1 -1 -1 -1 -1 -1 29 -1 -1 -1 27 23 24 -1 -1 18 -1 -1 25 -1 -1 -1 -1 -1 19 -1 -1 -1 -1 -1 -1 -1 21 20 -1 -1 16 -1 
-1 -1 2 3 4 5 -1 -1 8 -1 -1 -1 -1 -1 -1 -1 -1 -1 9 -1 -1 -1 6 -1 7 -1 -1 -1 -1 -1 -1 28 -1 17 -1 15 -1 -1 12 -1 10 -1 -1 28 -1 0 -1 -1 -1 -1 -1 -1 -1 -1 -1 -1 -1 -1 29 -1 -1 -1 27 23 24 -1 -1 18 -1 -1 25 -1 -1 -1 -1 -1 19 -1 -1 -1 -1 -1 -1 -1 21 20 -1 -1 16 -1 
-1 -1 2 3 4 5 -1 -1 8 -1 -1 -1 -1 -1 -1 -1 -1 -1 9 -1 -1 -1 6 -1 7 -1 -1 -1 -1 -1 -1 28 -1 17 28 15 -1 -1 12 -1 10 -1 -1 -1 -1 0 -1 -1 -1 -1 -1 -1 -1 -1 -1 -1 -1 -1 29 -1 -1 -1 27 23 24 -1 -1 18 -1 -1 25 -1 -1 -1 -1 -1 19 -1 -1 -1 -1 -1 -1 -1 21 20 -1 -1 16 -1 
-1 -1 2 3 4 5 -1 -1 8 -1 -1 -1 -1 -1 -1 -1 -1 -1 9 -1 -1 -1 -1 -1 7 -1 -1 -1 -1 -1 -1 28 -1 17 28 15 -1 -1 12 -1 10 -1 6 -1 -1 0 -1 -1 -1 -1 -1 -1 -1 -1 -1 -1 -1 -1 29 -1 -1 -1 27 23 24 -1 -1 18 -1 -1 25 -1 -1 -1 -1 -1 19 -1 -1 -1 -1 -1 -1 -1 21 20 -1 -1 16 -1 
-1 -1 2 3 4 5 -1 -1 8 -1 -1 -1 -1 -1 -1 -1 -1 -1 9 -1 -1 -1 -1 -1 7 -1 -1 -1 -1 -1 -1 28 -1 -1 28 15 -1 -1 12 -1 17 -1 6 -1 -1 0 -1 -1 -1 -1 -1 -1 -1 -1 -1 -1 -1 -1 29 -1 -1 -1 27 23 24 -1 -1 18 -1 -1 25 -1 -1 -1 -1 -1 19 -1 -1 -1 -1 -1 -1 -1 21 20 -1 -1 16 -1 
-1 -1 2 3 4 5 -1 -1 8 -1 -1 -1 -1 -1 -1 -1 -1 -1 9 -1 -1 -1 -1 -1 7 -1 -1 -1 -1 -1 -1 -1 -1 -1 28 15 -1 -1 12 -1 13 -1 6 -1 -1 0 -1 -1 -1 -1 -1 -1 -1 -1 -1 -1 -1 -1 29 -1 -1 -1 27 23 24 -1 -1 18 -1 -1 25 -1 -1 -1 -1 -1 19 -1 -1 -1 -1 -1 -1 -1 21 20 -1 -1 16 -1 
-1 -1 2 3 4 5 -1 -1 8 -1 -1 -1 -1 -1 -1 -1 -1 -1 9 -1 -1 -1 -1 -1 7 -1 -1 -1 -1 -1 -1 -1 -1 -1 28 15 -1 -1 12 -1 13 -1 6 -1 -1 0 23 -1 -1 -1 -1 -1 -1 -1 -1 -1 -1 -1 29 -1 -1 -1 27 -1 24 -1 -1 18 -1 -1 25 -1 -1 -1 -1 -1 19 -1 -1 -1 -1 -1 -1 -1 21 20 -1 -1 16 -1 
-1 -1 2 3 4 -1 -1 -1 8 -1 -1 -1 -1 5 -1 -1 -1 -1 9 -1 -1 -1 -1 -1 7 -1 -1 -1 -1 -1 -1 -1 -1 -1 28 15 -1 -1 12 -1 13 -1 6 -1 -1 0 23 -1 -1 -1 -1 -1 -1 -1 -1 -1 -1 -1 29 -1 -1 -1 27 -1 24 -1 -1 18 -1 -1 25 -1 -1 -1 -1 -1 19 -1 -1 -1 -1 -1 -1 -1 21 20 -1 -1 16 -1 
-1 -1 2 3 4 -1 -1 -1 8 -1 -1 -1 -1 5 -1 -1 -1 -1 9 -1 -1 -1 -1 -1 7 -1 -1 -1 -1 -1 -1 -1 -1 28 -1 15 -1 -1 12 -1 13 -1 6 -1 -1 0 23 -1 -1 -1 -1 -1 -1 -1 -1 -1 -1 -1 29 -1 -1 -1 27 -1 24 -1 -1 18 -1 -1 25 -1 -1 -1 -1 -1 19 -1 -1 -1 -1 -1 -1 -1 21 20 -1 -1 16 -1 
-1 -1 2 3 4 -1 -1 -1 8 -1 -1 -1 -1 5 -1 -1 -1 -1 9 -1 -1 -1 -1 -1 -1 -1 -1 -1 -1 -1 -1 7 -1 28 -1 15 -1 -1 12 -1 13 -1 6 -1 -1 0 23 -1 -1 -1 -1 -1 -1 -1 -1 -1 -1 -1 29 -1 -1 -1 27 -1 24 -1 -1 18 -1 -1 25 -1 -1 -1 -1 -1 19 -1 -1 -1 -1 -1 -1 -1 21 20 -1 -1 16 -1 
-1 -1 2 3 4 -1 -1 -1 8 -1 -1 -1 -1 5 -1 -1 -1 -1 9 -1 -1 -1 -1 -1 -1 -1 -1 -1 -1 -1 -1 7 28 -1 -1 15 -1 -1 12 -1 13 -1 6 -1 -1 0 23 -1 -1 -1 -1 -1 -1 -1 -1 -1 -1 -1 29 -1 -1 -1 27 -1 24 -1 -1 18 -1 -1 25 -1 -1 -1 -1 -1 19 -1 -1 -1 -1 -1 -1 -1 21 20 -1 -1 16 -1 
-1 -1 2 3 4 -1 -1 -1 8 -1 -1 -1 7 5 -1 -1 -1 -1 9 -1 -1 -1 -1 -1 -1 -1 -1 -1 -1 -1 -1 -1 28 -1 -1 15 -1 -1 12 -1 13 -1 6 -1 -1 0 23 -1 -1 -1 -1 -1 -1 -1 -1 -1 -1 -1 29 -1 -1 -1 27 -1 24 -1 -1 18 -1 -1 25 -1 -1 -1 -1 -1 19 -1 -1 -1 -1 -1 -1 -1 21 20 -1 -1 16 -1 
-1 -1 2 3 4 -1 -1 -1 8 -1 -1 -1 7 5 -1 -1 -1 -1 9 -1 -1 -1 -1 -1 -1 -1 -1 -1 -1 -1 -1 -1 28 -1 -1 15 -1 -1 12 -1 13 -1 6 25 -1 0 23 -1 -1 -1 -1 -1 -1 -1 -1 -1 -1 -1 29 -1 -1 -1 27 -1 24 -1 -1 18 -1 -1 -1 -1 -1 -1 -1 -1 19 -1 -1 -1 -1 -1 -1 -1 21 20 -1 -1 16 -1 
-1 -1 2 3 4 -1 -1 -1 8 -1 -1 -1 7 5 -1 -1 -1 -1 -1 -1 -1 -1 -1 -1 -1 -1 -1 -1 -1 -1 -1 -1 28 -1 -1 15 9 -1 12 -1 13 -1 6 25 -1 0 23 -1 -1 -1 -1 -1 -1 -1 -1 -1 -1 -1 29 -1 -1 -1 27 -1 24 -1 -1 18 -1 -1 -1 -1 -1 -1 -1 -1 19 -1 -1 -1 -1 -1 -1 -1 21 20 -1 -1 16 -1 
-1 -1 2 3 4 -1 -1 -1 8 -1 -1 -1 7 5 -1 -1 -1 -1 -1 -1 -1 -1 -1 -1 -1 -1 -1 -1 -1 -1 -1 -1 28 -1 -1 15 9 -1 12 -1 13 -1 6 25 -1 0 -1 -1 -1 -1 -1 -1 -1 -1 -1 -1 -1 -1 29 -1 -1 -1 27 -1 24 23 -1 18 -1 -1 -1 -1 -1 -1 -1 -1 19 -1 -1 -1 -1 -1 -1 -1 21 20 -1 -1 16 -1 
-1 -1 2 3 4 -1 -1 -1 8 -1 -1 -1 7 5 -1 -1 -1 -1 -1 -1 -1 -1 -1 -1 -1 -1 -1 -1 -1 -1 -1 -1 28 -1 -1 15 9 -1 12 -1 13 -1 6 25 -1 -1 -1 -1 -1 -1 0 -1 -1 -1 -1 -1 -1 -1 29 -1 -1 -1 27 -1 24 23 -1 18 -1 -1 -1 -1 -1 -1 -1 -1 19 -1 -1 -1 -1 -1 -1 -1 21 20 -1 -1 16 -1 
-1 -1 2 3 4 -1 -1 -1 8 -1 -1 -1 7 5 -1 -1 -1 -1 -1 -1 -1 -1 -1 -1 -1 -1 -1 -1 -1 -1 -1 -1 28 -1 -1 15 9 24 12 -1 13 -1 6 25 -1 -1 -1 -1 -1 -1 0 -1 -1 -1 -1 -1 -1 -1 29 -1 -1 -1 27 -1 -1 23 -1 18 -1 -1 -1 -1 -1 -1 -1 -1 19 -1 -1 -1 -1 -1 -1 -1 21 20 -1 -1 16 -1 
-1 -1 2 3 4 -1 -1 -1 8 -1 -1 -1 7 5 -1 -1 -1 -1 -1 -1 -1 -1 -1 -1 -1 -1 -1 -1 -1 -1 -1 -1 28 -1 -1 15 -1 24 12 -1 13 -1 6 25 -1 -1 -1 -1 -1 -1 0 -1 -1 -1 -1 -1 -1 -1 29 -1 -1 -1 27 -1 -1 23 -1 18 -1 -1 -1 -1 -1 -1 -1 -1 19 -1 -1 -1 -1 9 -1 -1 21 20 -1 -1 16 -1 
-1 -1 2 3 4 -1 -1 -1 8 -1 -1 -1 7 5 -1 -1 -1 -1 -1 -1 -1 -1 -1 -1 -1 -1 -1 -1 -1 -1 -1 -1 28 -1 -1 15 -1 -1 12 -1 13 -1 6 25 -1 -1 -1 -1 -1 -1 0 -1 -1 -1 -1 -1 -1 -1 29 -1 -1 -1 27 -1 -1 23 -1 18 -1 -1 -1 -1 -1 -1 -1 -1 19 -1 -1 -1 -1 9 24 -1 21 20 -1 -1 16 -1 
-1 -1 2 3 4 -1 -1 -1 8 -1 -1 -1 7 5 -1 -1 -1 -1 -1 -1 -1 -1 -1 -1 -1 -1 -1 -1 -1 -1 -1 -1 28 -1 -1 15 9 -1 12 -1 13 -1 6 25 -1 -1 -1 -1 -1 -1 0 -1 -1 -1 -1 -1 -1 -1 29 -1 -1 -1 27 -1 -1 23 -1 18 -1 -1 -1 -1 -1 -1 -1 -1 19 -1 -1 -1 -1 -1 24 -1 21 20 -1 -1 16 -1 
-1 -1 2 3 4 -1 -1 -1 8 -1 -1 -1 7 5 -1 -1 -1 -1 -1 -1 -1 -1 -1 -1 -1 -1 -1 -1 -1 -1 -1 -1 28 -1 -1 15 9 24 12 -1 13 -1 6 25 -1 -1 -1 -1 -1 -1 0 -1 -1 -1 -1 -1 -1 -1 29 -1 -1 -1 27 -1 -1 23 -1 18 -1 -1 -1 -1 -1 -1 -1 -1 19 -1 -1 -1 -1 -1 -1 -1 21 20 -1 -1 16 -1 
-1 -1 2 3 4 -1 -1 -1 8 -1 -1 -1 7 5 -1 -1 -1 -1 -1 -1 -1 -1 -1 -1 -1 -1 -1 -1 -1 -1 -1 -1 28 -1 -1 15 -1 24 12 -1 13 -1 6 25 -1 -1 -1 -1 -1 -1 0 -1 -1 -1 -1 -1 -1 -1 29 -1 -1 -1 27 -1 -1 23 -1 18 -1 -1 -1 -1 -1 -1 -1 -1 19 -1 -1 -1 -1 9 -1 -1 21 20 -1 -1 16 -1 
-1 -1 2 3 4 -1 -1 -1 8 -1 -1 -1 7 5 -1 -1 -1 -1 -1 -1 -1 -1 -1 -1 -1 -1 -1 -1 -1 -1 -1 -1 28 -1 -1 15 -1 24 12 -1 13 -1 6 25 -1 -1 -1 -1 -1 -1 0 -1 -1 -1 -1 -1 -1 -1 29 -1 -1 -1 27 -1 -1 23 -1 -1 -1 -1 -1 -1 -1 -1 -1 -1 19 -1 -1 -1 -1 9 -1 18 21 20 -1 -1 16 -1 
-1 -1 2 3 4 -1 -1 -1 8 -1 -1 -1 7 5 -1 -1 -1 -1 -1 -1 -1 -1 -1 -1 -1 -1 6 -1 -1 -1 -1 -1 28 -1 -1 15 -1 24 12 -1 13 -1 -1 25 -1 -1 -1 -1 -1 -1 0 -1 -1 -1 -1 -1 -1 -1 29 -1 -1 -1 27 -1 -1 23 -1 -1 -1 -1 -1 -1 -1 -1 -1 -1 19 -1 -1 -1 -1 9 -1 18 21 20 -1 -1 16 -1 
-1 -1 2 3 4 -1 -1 -1 8 -1 -1 -1 7 5 -1 -1 -1 -1 -1 -1 -1 -1 -1 -1 -1 -1 6 -1 -1 -1 -1 -1 28 -1 -1 15 24 -1 12 -1 13 -1 -1 25 -1 -1 -1 -1 -1 -1 0 -1 -1 -1 -1 -1 -1 -1 29 -1 -1 -1 27 -1 -1 23 -1 -1 -1 -1 -1 -1 -1 -1 -1 -1 19 -1 -1 -1 -1 9 -1 18 21 20 -1 -1 16 -1 
-1 -1 2 3 4 -1 -1 -1 8 -1 -1 -1 7 5 -1 -1 -1 -1 -1 -1 -1 -1 -1 -1 -1 -1 6 -1 -1 -1 -1 -1 28 -1 -1 15 24 -1 12 -1 13 -1 -1 25 -1 9 -1 -1 -1 -1 0 -1 -1 -1 -1 -1 -1 -1 29 -1 -1 -1 27 -1 -1 23 -1 -1 -1 -1 -1 -1 -1 -1 -1 -1 19 -1 -1 -1 -1 -1 -1 18 21 20 -1 -1 16 -1 
-1 -1 2 3 4 -1 -1 -1 8 -1 -1 -1 7 5 -1 -1 -1 -1 -1 -1 -1 -1 -1 -1 -1 25 6 -1 -1 -1 -1 -1 28 -1 -1 15 24 -1 12 -1 13 -1 -1 -1 -1 9 -1 -1 -1 -1 0 -1 -1 -1 -1 -1 -1 -1 29 -1 -1 -1 27 -1 -1 23 -1 -1 -1 -1 -1 -1 -1 -1 -1 -1 19 -1 -1 -1 -1 -1 -1 18 21 20 -1 -1 16 -1 
-1 -1 2 3 4 -1 -1 -1 8 -1 -1 -1 7 5 -1 -1 -1 -1 -1 -1 -1 -1 -1 -1 -1 25 6 -1 -1 -1 -1 -1 28 -1 -1 15 24 -1 12 -1 13 -1 -1 -1 -1 9 1 -1 -1 -1 0 -1 -1 -1 -1 -1 -1 -1 29 -1 -1 -1 27 -1 -1 23 -1 -1 -1 -1 -1 -1 -1 -1 -1 -1 19 -1 -1 -1 -1 -1 -1 18 21 20 -1 -1 16 -1 
-1 -1 2 3 4 -1 -1 -1 8 -1 -1 -1 7 5 -1 -1 -1 -1 -1 -1 -1 -1 -1 -1 -1 25 6 24 -1 -1 -1 -1 28 -1 -1 15 -1 -1 12 -1 13 -1 -1 -1 -1 9 1 -1 -1 -1 0 -1 -1 -1 -1 -1 -1 -1 29 -1 -1 -1 27 -1 -1 23 -1 -1 -1 -1 -1 -1 -1 -1 -1 -1 19 -1 -1 -1 -1 -1 -1 18 21 20 -1 -1 16 -1 
-1 -1 2 3 4 -1 8 -1 -1 -1 -1 -1 7 5 -1 -1 -1 -1 -1 -1 -1 -1 -1 -1 -1 25 6 24 -1 -1 -1 -1 28 -1 -1 15 -1 -1 12 -1 13 -1 -1 -1 -1 9 1 -1 -1 -1 0 -1 -1 -1 -1 -1 -1 -1 29 -1 -1 -1 27 -1 -1 23 -1 -1 -1 -1 -1 -1 -1 -1 -1 -1 19 -1 -1 -1 -1 -1 -1 18 21 20 -1 -1 16 -1 
-1 -1 2 3 4 -1 8 -1 -1 -1 -1 -1 7 5 -1 -1 -1 -1 -1 -1 -1 -1 -1 -1 -1 25 6 -1 24 -1 -1 -1 28 -1 -1 15 -1 -1 12 -1 13 -1 -1 -1 -1 9 1 -1 -1 -1 0 -1 -1 -1 -1 -1 -1 -1 29 -1 -1 -1 27 -1 -1 23 -1 -1 -1 -1 -1 -1 -1 -1 -1 -1 19 -1 -1 -1 -1 -1 -1 18 21 20 -1 -1 16 -1 
-1 -1 2 3 4 -1 8 -1 -1 -1 -1 -1 7 5 -1 -1 -1 -1 -1 -1 -1 -1 -1 -1 -1 25 6 -1 24 -1 -1 -1 28 -1 -1 15 -1 -1 12 1 13 -1 -1 -1 -1 9 -1 -1 -1 -1 0 -1 -1 -1 -1 -1 -1 -1 29 -1 -1 -1 27 -1 -1 23 -1 -1 -1 -1 -1 -1 -1 -1 -1 -1 19 -1 -1 -1 -1 -1 -1 18 21 20 -1 -1 16 -1 
-1 -1 2 3 4 -1 8 -1 -1 -1 -1 -1 7 5 -1 -1 -1 -1 -1 -1 -1 -1 -1 -1 -1 25 6 -1 24 -1 -1 -1 -1 28 -1 15 -1 -1 12 1 13 -1 -1 -1 -1 9 -1 -1 -1 -1 0 -1 -1 -1 -1 -1 -1 -1 29 -1 -1 -1 27 -1 -1 23 -1 -1 -1 -1 -1 -1 -1 -1 -1 -1 19 -1 -1 -1 -1 -1 -1 18 21 20 -1 -1 16 -1 
-1 -1 2 3 4 -1 8 -1 -1 -1 -1 -1 7 5 -1 -1 -1 -1 -1 -1 -1 -1 -1 -1 -1 25 6 -1 24 -1 -1 -1 -1 28 -1 15 -1 -1 12 -1 13 -1 -1 -1 -1 9 -1 -1 -1 -1 0 -1 -1 -1 -1 -1 1 -1 29 -1 -1 -1 27 -1 -1 23 -1 -1 -1 -1 -1 -1 -1 -1 -1 -1 19 -1 -1 -1 -1 -1 -1 18 21 20 -1 -1 16 -1 
-1 -1 2 3 4 -1 8 -1 -1 -1 -1 -1 7 5 -1 -1 -1 -1 -1 -1 -1 -1 -1 -1 -1 25 6 -1 24 -1 -1 -1 -1 28 16 15 -1 -1 12 -1 13 -1 -1 -1 -1 9 -1 -1 -1 -1 0 -1 -1 -1 -1 -1 1 -1 29 -1 -1 -1 27 -1 -1 23 -1 -1 -1 -1 -1 -1 -1 -1 -1 -1 19 -1 -1 -1 -1 -1 -1 18 21 20 -1 -1 -1 -1 
-1 -1 2 3 4 -1 8 -1 -1 -1 -1 -1 7 5 -1 -1 -1 -1 -1 -1 -1 -1 -1 -1 -1 25 6 -1 24 -1 -1 -1 -1 28 16 15 -1 -1 12 -1 13 -1 -1 -1 -1 9 -1 -1 -1 -1 -1 0 -1 -1 -1 -1 1 -1 29 -1 -1 -1 27 -1 -1 23 -1 -1 -1 -1 -1 -1 -1 -1 -1 -1 19 -1 -1 -1 -1 -1 -1 18 21 20 -1 -1 -1 -1 
-1 -1 2 3 4 -1 8 -1 -1 -1 -1 -1 7 5 -1 -1 -1 -1 -1 -1 -1 -1 -1 -1 25 -1 6 -1 24 -1 -1 -1 -1 28 16 15 -1 -1 12 -1 13 -1 -1 -1 -1 9 -1 -1 -1 -1 -1 0 -1 -1 -1 -1 1 -1 29 -1 -1 -1 27 -1 -1 23 -1 -1 -1 -1 -1 -1 -1 -1 -1 -1 19 -1 -1 -1 -1 -1 -1 18 21 20 -1 -1 -1 -1 
-1 -1 2 3 4 -1 8 -1 -1 -1 -1 -1 7 5 -1 -1 -1 -1 -1 -1 -1 -1 -1 -1 25 -1 6 -1 24 -1 -1 -1 -1 28 16 15 -1 -1 12 -1 13 -1 -1 -1 -1 9 -1 0 -1 -1 -1 -1 -1 -1 -1 -1 1 -1 29 -1 -1 -1 27 -1 -1 23 -1 -1 -1 -1 -1 -1 -1 -1 -1 -1 19 -1 -1 -1 -1 -1 -1 18 21 20 -1 -1 -1 -1 
-1 -1 2 3 4 -1 8 -1 -1 -1 -1 -1 7 5 -1 -1 -1 -1 -1 -1 -1 -1 -1 -1 25 -1 6 -1 24 -1 -1 -1 -1 28 16 15 -1 -1 12 -1 13 -1 -1 -1 -1 9 -1 0 -1 -1 -1 -1 -1 -1 23 -1 1 -1 29 -1 -1 -1 27 -1 -1 -1 -1 -1 -1 -1 -1 -1 -1 -1 -1 -1 19 -1 -1 -1 -1 -1 -1 18 21 20 -1 -1 -1 -1 
-1 -1 2 3 4 -1 8 -1 -1 -1 -1 -1 7 5 -1 -1 -1 -1 -1 -1 -1 -1 -1 -1 25 -1 6 -1 24 -1 -1 -1 -1 28 16 15 -1 -1 12 -1 13 -1 -1 -1 -1 9 -1 -1 -1 -1 -1 -1 -1 -1 23 -1 0 -1 29 -1 -1 -1 27 -1 -1 -1 -1 -1 -1 -1 -1 -1 -1 -1 -1 -1 19 -1 -1 -1 -1 -1 -1 18 21 20 -1 -1 -1 -1 
-1 -1 2 3 4 -1 8 -1 -1 -1 -1 -1 7 5 -1 -1 -1 -1 -1 -1 -1 -1 -1 -1 25 -1 6 -1 -1 24 -1 -1 -1 28 16 15 -1 -1 12 -1 13 -1 -1 -1 -1 9 -1 -1 -1 -1 -1 -1 -1 -1 23 -1 0 -1 29 -1 -1 -1 27 -1 -1 -1 -1 -1 -1 -1 -1 -1 -1 -1 -1 -1 19 -1 -1 -1 -1 -1 -1 18 21 20 -1 -1 -1 -1 
-1 -1 2 3 4 -1 8 -1 -1 -1 -1 -1 7 5 -1 -1 -1 -1 -1 -1 -1 -1 -1 -1 25 -1 6 -1 -1 24 -1 -1 -1 28 16 15 -1 -1 12 -1 13 -1 -1 -1 -1 9 -1 -1 -1 -1 -1 -1 -1 -1 0 -1 -1 -1 29 -1 -1 -1 27 -1 -1 -1 -1 -1 -1 -1 -1 -1 -1 -1 -1 -1 19 -1 -1 -1 -1 -1 -1 18 21 20 -1 -1 -1 -1 
-1 -1 24 3 4 -1 8 -1 -1 -1 -1 -1 7 5 -1 -1 -1 -1 -1 -1 -1 -1 -1 -1 25 -1 6 -1 -1 -1 -1 -1 -1 28 16 15 -1 -1 12 -1 13 -1 -1 -1 -1 9 -1 -1 -1 -1 -1 -1 -1 -1 0 -1 -1 -1 29 -1 -1 -1 27 -1 -1 -1 -1 -1 -1 -1 -1 -1 -1 -1 -1 -1 19 -1 -1 -1 -1 -1 -1 18 21 20 -1 -1 -1 -1 
-1 -1 24 3 4 -1 8 -1 -1 -1 -1 -1 7 -1 -1 -1 -1 -1 -1 -1 -1 -1 -1 5 25 -1 6 -1 -1 -1 -1 -1 -1 28 16 15 -1 -1 12 -1 13 -1 -1 -1 -1 9 -1 -1 -1 -1 -1 -1 -1 -1 0 -1 -1 -1 29 -1 -1 -1 27 -1 -1 -1 -1 -1 -1 -1 -1 -1 -1 -1 -1 -1 19 -1 -1 -1 -1 -1 -1 18 21 20 -1 -1 -1 -1 
-1 -1 24 3 4 -1 8 -1 -1 -1 -1 -1 7 -1 -1 -1 -1 -1 -1 -1 -1 -1 -1 5 25 -1 6 -1 -1 -1 -1 -1 -1 28 -1 15 -1 -1 12 -1 13 -1 -1 -1 -1 9 -1 -1 -1 -1 -1 -1 16 -1 0 -1 -1 -1 29 -1 -1 -1 27 -1 -1 -1 -1 -1 -1 -1 -1 -1 -1 -1 -1 -1 19 -1 -1 -1 -1 -1 -1 18 21 20 -1 -1 -1 -1 
-1 -1 24 3 4 -1 8 -1 -1 -1 -1 -1 7 -1 -1 -1 -1 -1 -1 -1 -1 -1 -1 5 25 -1 -1 -1 -1 -1 -1 -1 -1 28 -1 15 -1 -1 12 -1 13 -1 6 -1 -1 9 -1 -1 -1 -1 -1 -1 16 -1 0 -1 -1 -1 29 -1 -1 -1 27 -1 -1 -1 -1 -1 -1 -1 -1 -1 -1 -1 -1 -1 19 -1 -1 -1 -1 -1 -1 18 21 20 -1 -1 -1 -1 
-1 -1 24 3 4 -1 8 -1 -1 -1 -1 -1 7 -1 -1 -1 -1 -1 -1 -1 -1 -1 -1 5 25 -1 -1 -1 -1 -1 -1 -1 28 -1 -1 15 -1 -1 12 -1 13 -1 6 -1 -1 9 -1 -1 -1 -1 -1 -1 16 -1 0 -1 -1 -1 29 -1 -1 -1 27 -1 -1 -1 -1 -1 -1 -1 -1 -1 -1 -1 -1 -1 19 -1 -1 -1 -1 -1 -1 18 21 20 -1 -1 -1 -1 
-1 -1 24 3 4 -1 8 -1 -1 -1 -1 -1 7 -1 -1 -1 -1 -1 -1 -1 -1 -1 -1 5 25 -1 -1 -1 -1 -1 -1 -1 28 -1 -1 15 -1 -1 -1 -1 13 -1 6 -1 -1 9 -1 12 -1 -1 -1 -1 16 -1 0 -1 -1 -1 29 -1 -1 -1 27 -1 -1 -1 -1 -1 -1 -1 -1 -1 -1 -1 -1 -1 19 -1 -1 -1 -1 -1 -1 18 21 20 -1 -1 -1 -1 
-1 -1 24 3 4 -1 8 -1 -1 -1 -1 -1 7 -1 -1 -1 16 -1 -1 -1 -1 -1 -1 5 25 -1 -1 -1 -1 -1 -1 -1 28 -1 -1 15 -1 -1 -1 -1 13 -1 6 -1 -1 9 -1 12 -1 -1 -1 -1 -1 -1 0 -1 -1 -1 29 -1 -1 -1 27 -1 -1 -1 -1 -1 -1 -1 -1 -1 -1 -1 -1 -1 19 -1 -1 -1 -1 -1 -1 18 21 20 -1 -1 -1 -1 
-1 -1 24 3 4 -1 8 -1 -1 -1 -1 -1 7 -1 -1 -1 16 -1 -1 -1 -1 -1 -1 5 25 -1 -1 -1 -1 -1 -1 -1 28 -1 -1 15 -1 -1 -1 -1 13 -1 6 -1 -1 9 -1 12 -1 -1 -1 -1 -1 -1 -1 -1 -1 0 29 -1 -1 -1 27 -1 -1 -1 -1 -1 -1 -1 -1 -1 -1 -1 -1 -1 19 -1 -1 -1 -1 -1 -1 18 21 20 -1 -1 -1 -1 
-1 -1 24 3 4 -1 8 -1 -1 -1 -1 -1 7 -1 -1 -1 16 -1 -1 -1 -1 -1 -1 28 25 -1 -1 -1 -1 -1 -1 -1 -1 -1 -1 15 -1 -1 -1 -1 13 -1 6 -1 -1 9 -1 12 -1 -1 -1 -1 -1 -1 -1 -1 -1 0 29 -1 -1 -1 27 -1 -1 -1 -1 -1 -1 -1 -1 -1 -1 -1 -1 -1 19 -1 -1 -1 -1 -1 -1 18 21 20 -1 -1 -1 -1 
-1 -1 24 3 4 -1 8 -1 -1 -1 -1 -1 7 -1 -1 -1 16 -1 -1 -1 -1 -1 -1 28 25 -1 -1 -1 -1 -1 -1 -1 -1 -1 -1 15 -1 -1 -1 -1 13 -1 6 -1 -1 -1 -1 12 -1 -1 -1 -1 -1 -1 9 -1 -1 0 29 -1 -1 -1 27 -1 -1 -1 -1 -1 -1 -1 -1 -1 -1 -1 -1 -1 19 -1 -1 -1 -1 -1 -1 18 21 20 -1 -1 -1 -1 
-1 -1 24 3 4 -1 8 -1 -1 -1 -1 -1 7 -1 -1 -1 16 -1 -1 -1 -1 -1 -1 28 25 -1 -1 -1 -1 -1 -1 -1 -1 -1 -1 15 -1 -1 -1 -1 13 -1 6 -1 -1 -1 -1 12 -1 29 -1 -1 -1 -1 9 -1 -1 0 -1 -1 -1 -1 27 -1 -1 -1 -1 -1 -1 -1 -1 -1 -1 -1 -1 -1 19 -1 -1 -1 -1 -1 -1 18 21 20 -1 -1 -1 -1 
-1 -1 24 3 4 -1 8 -1 -1 -1 -1 -1 7 -1 -1 -1 16 -1 -1 -1 -1 -1 -1 28 25 -1 -1 -1 -1 -1 -1 -1 -1 -1 -1 15 -1 -1 -1 -1 13 -1 6 -1 -1 -1 -1 12 -1 29 -1 -1 -1 -1 -1 -1 -1 0 -1 -1 -1 -1 9 -1 -1 -1 -1 -1 -1 -1 -1 -1 -1 -1 -1 -1 19 -1 -1 -1 -1 -1 -1 18 21 20 -1 -1 -1 -1 
-1 -1 24 3 4 -1 8 -1 -1 -1 -1 -1 7 -1 28 -1 16 -1 -1 -1 -1 -1 -1 -1 25 -1 -1 -1 -1 -1 -1 -1 -1 -1 -1 15 -1 -1 -1 -1 13 -1 6 -1 -1 -1 -1 12 -1 29 -1 -1 -1 -1 -1 -1 -1 0 -1 -1 -1 -1 9 -1 -1 -1 -1 -1 -1 -1 -1 -1 -1 -1 -1 -1 19 -1 -1 -1 -1 -1 -1 18 21 20 -1 -1 -1 -1 
-1 -1 24 3 4 -1 8 -1 -1 -1 -1 -1 7 -1 28 -1 16 -1 -1 -1 -1 -1 -1 -1 25 -1 -1 -1 -1 -1 -1 -1 -1 -1 -1 15 -1 -1 -1 -1 13 -1 6 -1 -1 -1 -1 12 -1 29 -1 -1 -1 -1 -1 -1 -1 0 9 -1 -1 -1 -1 -1 -1 -1 -1 -1 -1 -1 -1 -1 -1 -1 -1 -1 19 -1 -1 -1 -1 -1 -1 18 21 20 -1 -1 -1 -1 
-1 -1 24 3 4 -1 8 -1 -1 -1 -1 -1 7 -1 28 -1 16 -1 -1 -1 -1 -1 -1 -1 25 -1 -1 -1 -1 -1 -1 -1 -1 -1 -1 15 -1 -1 -1 -1 13 -1 6 -1 -1 -1 -1 12 -1 29 -1 -1 -1 -1 -1 -1 -1 0 9 -1 -1 -1 -1 -1 -1 -1 -1 18 -1 -1 -1 -1 -1 -1 -1 -1 19 -1 -1 -1 -1 -1 -1 -1 21 20 -1 -1 -1 -1 
-1 -1 24 3 4 -1 8 -1 -1 -1 -1 -1 7 -1 28 -1 16 -1 -1 -1 -1 -1 -1 -1 25 -1 -1 -1 -1 -1 -1 -1 -1 -1 -1 15 -1 -1 -1 -1 -1 -1 6 -1 -1 -1 -1 12 -1 13 -1 -1 -1 -1 -1 -1 -1 0 9 -1 -1 -1 -1 -1 -1 -1 -1 18 -1 -1 -1 -1 -1 -1 -1 -1 19 -1 -1 -1 -1 -1 -1 -1 21 20 -1 -1 -1 -1 
-1 -1 24 3 4 -1 8 -1 -1 -1 -1 -1 7 -1 28 -1 16 -1 -1 -1 -1 -1 25 -1 -1 -1 -1 -1 -1 -1 -1 -1 -1 -1 -1 15 -1 -1 -1 -1 -1 -1 6 -1 -1 -1 -1 12 -1 13 -1 -1 -1 -1 -1 -1 -1 0 9 -1 -1 -1 -1 -1 -1 -1 -1 18 -1 -1 -1 -1 -1 -1 -1 -1 19 -1 -1 -1 -1 -1 -1 -1 21 20 -1 -1 -1 -1 
