0 1 2 3 4 5 6 7 8 -1 -1 -1 -1 -1 -1 -1 -1 -1 -1 9 -1 -1 -1 -1 -1 10 -1 11 -1 12 -1 28 -1 14 -1 15 -1 -1 -1 -1 -1 -1 -1 -1 -1 -1 -1 -1 -1 -1 -1 -1 -1 -1 -1 -1 -1 -1 29 -1 -1 -1 27 -1 26 -1 -1 25 -1 -1 -1 -1 -1 -1 -1 -1 -1 -1 -1 -1 -1 24 23 22 21 20 19 18 17 16 
0 1 2 3 4 5 6 -1 8 -1 -1 -1 -1 -1 -1 -1 -1 -1 -1 9 -1 -1 -1 -1 7 10 -1 11 -1 12 -1 28 -1 14 -1 15 -1 -1 -1 -1 -1 -1 -1 -1 -1 -1 -1 -1 -1 -1 -1 -1 -1 -1 -1 -1 -1 -1 29 -1 -1 -1 27 -1 26 -1 -1 25 -1 -1 -1 -1 -1 -1 -1 -1 -1 -1 -1 -1 -1 24 23 22 21 20 19 18 17 16 
0 1 2 3 4 5 6 -1 8 -1 -1 -1 -1 -1 -1 -1 -1 -1 -1 9 -1 -1 -1 -1 7 10 -1 11 -1 12 -1 28 -1 14 -1 15 -1 -1 -1 -1 -1 -1 -1 -1 -1 -1 -1 -1 -1 -1 -1 -1 -1 -1 -1 -1 -1 -1 29 -1 -1 -1 27 -1 26 -1 -1 25 -1 17 -1 -1 -1 -1 -1 -1 -1 -1 -1 -1 -1 24 23 22 21 20 19 18 -1 16 
0 1 2 3 4 5 6 8 -1 -1 -1 -1 -1 -1 -1 -1 -1 -1 -1 9 -1 -1 -1 -1 7 10 -1 11 -1 12 -1 28 -1 14 -1 15 -1 -1 -1 -1 -1 -1 -1 -1 -1 -1 -1 -1 -1 -1 -1 -1 -1 -1 -1 -1 -1 -1 29 -1 -1 -1 27 -1 26 -1 -1 25 -1 17 -1 -1 -1 -1 -1 -1 -1 -1 -1 -1 -1 24 23 22 21 20 19 18 -1 16 
0 1 2 3 4 5 6 8 -1 -1 -1 -1 -1 -1 -1 -1 -1 -1 -1 9 -1 -1 -1 -1 7 10 -1 11 -1 12 -1 28 -1 14 -1 15 -1 -1 -1 -1 -1 -1 -1 -1 -1 -1 -1 -1 -1 -1 -1 28 -1 -1 -1 -1 -1 -1 29 -1 -1 -1 27 -1 26 -1 -1 25 -1 17 -1 -1 -1 -1 -1 -1 -1 -1 -1 -1 -1 24 23 22 21 20 19 18 -1 16 
0 1 2 3 4 5 6 8 -1 -1 -1 -1 -1 -1 -1 -1 -1 -1 -1 9 -1 -1 -1 -1 7 10 -1 11 -1 -1 -1 28 -1 14 -1 15 -1 -1 12 -1 -1 -1 -1 -1 -1 -1 -1 -1 -1 -1 -1 28 -1 -1 -1 -1 -1 -1 29 -1 -1 -1 27 -1 26 -1 -1 25 -1 17 -1 -1 -1 -1 -1 -1 -1 -1 -1 -1 -1 24 23 22 21 20 19 18 -1 16 
0 1 2 3 4 5 6 8 -1 -1 -1 -1 -1 -1 -1 -1 -1 -1 -1 9 -1 -1 -1 -1 7 10 -1 11 -1 -1 -1 28 -1 14 -1 15 -1 -1 12 -1 -1 -1 -1 -1 -1 -1 -1 -1 -1 -1 -1 28 -1 -1 -1 -1 -1 -1 29 -1 -1 -1 27 -1 26 -1 -1 25 -1 17 -1 -1 -1 -1 -1 -1 -1 -1 -1 -1 -1 24 23 22 21 20 19 18 16 -1 
0 -1 2 3 4 5 6 8 -1 -1 -1 -1 -1 -1 -1 -1 -1 -1 -1 9 1 -1 -1 -1 7 10 -1 11 -1 -1 -1 28 -1 14 -1 15 -1 -1 12 -1 -1 -1 -1 -1 -1 -1 -1 -1 -1 -1 -1 28 -1 -1 -1 -1 -1 -1 29 -1 -1 -1 27 -1 26 -1 -1 25 -1 17 -1 -1 -1 -1 -1 -1 -1 -1 -1 -1 -1 24 23 22 21 20 19 18 16 -1 
0 -1 2 3 4 5 6 8 -1 -1 -1 -1 -1 -1 -1 -1 -1 -1 -1 9 1 -1 -1 -1 7 10 -1 11 26 -1 -1 28 -1 14 -1 15 -1 -1 12 -1 -1 -1 -1 -1 -1 -1 -1 -1 -1 -1 -1 28 -1 -1 -1 -1 -1 -1 29 -1 -1 -1 27 -1 -1 -1 -1 25 -1 17 -1 -1 -1 -1 -1 -1 -1 -1 -1 -1 -1 24 23 22 21 20 19 18 16 -1 
0 -1 2 3 4 5 -1 8 -1 -1 -1 -1 -1 -1 -1 -1 -1 -1 -1 9 1 -1 6 -1 7 10 -1 11 26 -1 -1 28 -1 14 -1 15 -1 -1 12 -1 -1 -1 -1 -1 -1 -1 -1 -1 -1 -1 -1 28 -1 -1 -1 -1 -1 -1 29 -1 -1 -1 27 -1 -1 -1 -1 25 -1 17 -1 -1 -1 -1 -1 -1 -1 -1 -1 -1 -1 24 23 22 21 20 19 18 16 -1 
0 -1 2 3 4 5 -1 8 -1 -1 -1 -1 -1 -1 -1 -1 -1 -1 -1 9 1 -1 6 -1 7 10 -1 11 26 -1 -1 28 -1 14 16 15 -1 -1 12 -1 -1 -1 -1 -1 -1 -1 -1 -1 -1 -1 -1 28 -1 -1 -1 -1 -1 -1 29 -1 -1 -1 27 -1 -1 -1 -1 25 -1 17 -1 -1 -1 -1 -1 -1 -1 -1 -1 -1 -1 24 23 22 21 20 19 18 -1 -1 
0 -1 2 3 4 5 -1 8 -1 -1 -1 -1 -1 -1 -1 -1 -1 -1 -1 9 -1 -1 6 -1 7 10 -1 11 26 -1 -1 28 -1 14 16 15 -1 -1 12 1 -1 -1 -1 -1 -1 -1 -1 -1 -1 -1 -1 28 -1 -1 -1 -1 -1 -1 29 -1 -1 -1 27 -1 -1 -1 -1 25 -1 17 -1 -1 -1 -1 -1 -1 -1 -1 -1 -1 -1 24 23 22 21 20 19 18 -1 -1 
0 -1 2 3 4 5 -1 8 -1 -1 -1 -1 -1 -1 -1 -1 -1 -1 -1 9 -1 -1 6 -1 7 10 -1 11 26 -1 -1 28 -1 14 16 15 -1 -1 12 1 -1 -1 -1 -1 -1 -1 -1 -1 -1 -1 -1 28 -1 -1 -1 -1 -1 -1 29 -1 -1 -1 27 23 -1 -1 -1 25 -1 17 -1 -1 -1 -1 -1 -1 -1 -1 -1 -1 -1 24 -1 22 21 20 19 18 -1 -1 
-1 -1 2 3 4 5 -1 8 -1 0 -1 -1 -1 -1 -1 -1 -1 -1 -1 9 -1 -1 6 -1 7 10 -1 11 26 -1 -1 28 -1 14 16 15 -1 -1 12 1 -1 -1 -1 -1 -1 -1 -1 -1 -1 -1 -1 28 -1 -1 -1 -1 -1 -1 29 -1 -1 -1 27 23 -1 -1 -1 25 -1 17 -1 -1 -1 -1 -1 -1 -1 -1 -1 -1 -1 24 -1 22 21 20 19 18 -1 -1 
-1 -1 2 3 4 5 -1 8 -1 0 -1 -1 -1 -1 -1 -1 -1 -1 -1 9 -1 -1 6 -1 7 10 -1 11 -1 -1 -1 28 -1 26 16 15 -1 -1 12 1 -1 -1 -1 -1 -1 -1 -1 -1 -1 -1 -1 28 -1 -1 -1 -1 -1 -1 29 -1 -1 -1 27 23 -1 -1 -1 25 -1 17 -1 -1 -1 -1 -1 -1 -1 -1 -1 -1 -1 24 -1 22 21 20 19 18 -1 -1 
-1 -1 2 3 4 5 -1 8 -1 -1 -1 -1 -1 -1 0 -1 -1 -1 -1 9 -1 -1 6 -1 7 10 -1 11 -1 -1 -1 28 -1 26 16 15 -1 -1 12 1 -1 -1 -1 -1 -1 -1 -1 -1 -1 -1 -1 28 -1 -1 -1 -1 -1 -1 29 -1 -1 -1 27 23 -1 -1 -1 25 -1 17 -1 -1 -1 -1 -1 -1 -1 -1 -1 -1 -1 24 -1 22 21 20 19 18 -1 -1 
-1 -1 2 3 4 5 -1 8 -1 -1 -1 -1 -1 -1 0 -1 -1 -1 -1 9 -1 -1 6 -1 7 10 -1 11 -1 -1 -1 28 -1 26 16 15 -1 -1 12 1 -1 -1 -1 -1 -1 -1 -1 -1 -1 -1 -1 28 -1 -1 -1 -1 -1 -1 29 -1 -1 -1 27 23 -1 -1 -1 25 -1 17 -1 -1 -1 -1 -1 -1 -1 -1 -1 -1 -1 -1 24 22 21 20 19 18 -1 -1 
-1 -1 2 3 4 5 -1 8 -1 -1 -1 -1 -1 -1 0 -1 -1 -1 -1 -1 -1 9 6 -1 7 10 -1 11 -1 -1 -1 28 -1 26 16 15 -1 -1 12 1 -1 -1 -1 -1 -1 -1 -1 -1 -1 -1 -1 28 -1 -1 -1 -1 -1 -1 29 -1 -1 -1 27 23 -1 -1 -1 25 -1 17 -1 -1 -1 -1 -1 -1 -1 -1 -1 -1 -1 -1 24 22 21 20 19 18 -1 -1 
-1 -1 2 3 4 5 -1 8 -1 -1 -1 -1 -1 -1 0 -1 -1 -1 -1 -1 -1 9 6 -1 7 10 -1 11 -1 -1 -1 28 -1 26 16 15 -1 -1 12 1 -1 -1 -1 -1 -1 -1 24 -1 -1 -1 -1 28 -1 -1 -1 -1 -1 -1 29 -1 -1 -1 27 23 -1 -1 -1 25 -1 17 -1 -1 -1 -1 -1 -1 -1 -1 -1 -1 -1 -1 -1 22 21 20 19 18 -1 -1 
-1 -1 2 3 4 -1 -1 8 -1 -1 -1 -1 -1 5 0 -1 -1 -1 -1 -1 -1 9 6 -1 7 10 -1 11 -1 -1 -1 28 -1 26 16 15 -1 -1 12 1 -1 -1 -1 -1 -1 -1 24 -1 -1 -1 -1 28 -1 -1 -1 -1 -1 -1 29 -1 -1 -1 27 23 -1 -1 -1 25 -1 17 -1 -1 -1 -1 -1 -1 -1 -1 -1 -1 -1 -1 -1 22 21 20 19 18 -1 -1 
-1 -1 2 3 4 -1 -1 8 -1 -1 -1 -1 -1 5 0 -1 -1 -1 -1 -1 -1 9 6 -1 7 10 -1 11 -1 -1 -1 28 -1 26 -1 15 -1 -1 12 1 -1 -1 -1 16 -1 -1 24 -1 -1 -1 -1 28 -1 -1 -1 -1 -1 -1 29 -1 -1 -1 27 23 -1 -1 -1 25 -1 17 -1 -1 -1 -1 -1 -1 -1 -1 -1 -1 -1 -1 -1 22 21 20 19 18 -1 -1 
-1 -1 2 3 4 -1 -1 8 -1 -1 -1 -1 -1 5 -1 -1 -1 -1 -1 -1 -1 9 6 -1 7 10 -1 11 -1 -1 -1 28 0 26 -1 15 -1 -1 12 1 -1 -1 -1 16 -1 -1 24 -1 -1 -1 -1 28 -1 -1 -1 -1 -1 -1 29 -1 -1 -1 27 23 -1 -1 -1 25 -1 17 -1 -1 -1 -1 -1 -1 -1 -1 -1 -1 -1 -1 -1 22 21 20 19 18 -1 -1 
-1 -1 2 3 4 -1 -1 8 -1 -1 -1 -1 -1 5 -1 -1 -1 -1 -1 -1 -1 9 6 -1 7 10 -1 11 -1 -1 -1 28 0 26 -1 15 -1 -1 12 1 -1 -1 28 16 -1 -1 24 -1 -1 -1 -1 -1 -1 -1 -1 -1 -1 -1 29 -1 -1 -1 27 23 -1 -1 -1 25 -1 17 -1 -1 -1 -1 -1 -1 -1 -1 -1 -1 -1 -1 -1 22 21 20 19 18 -1 -1 
-1 -1 2 3 4 -1 -1 8 -1 -1 -1 -1 -1 5 -1 -1 -1 -1 -1 -1 -1 9 6 -1 7 10 -1 -1 -1 -1 -1 28 0 26 -1 15 11 -1 12 1 -1 -1 28 16 -1 -1 24 -1 -1 -1 -1 -1 -1 -1 -1 -1 -1 -1 29 -1 -1 -1 27 23 -1 -1 -1 25 -1 17 -1 -1 -1 -1 -1 -1 -1 -1 -1 -1 -1 -1 -1 22 21 20 19 18 -1 -1 
-1 -1 2 3 4 -1 -1 8 -1 -1 -1 -1 -1 5 -1 -1 -1 -1 -1 -1 -1 9 6 -1 7 10 -1 -1 -1 -1 -1 28 0 26 -1 15 11 -1 12 1 -1 -1 28 16 -1 31 24 -1 -1 -1 -1 -1 -1 -1 -1 -1 -1 -1 29 -1 -1 -1 27 23 -1 -1 -1 25 -1 17 -1 -1 -1 -1 -1 -1 -1 -1 -1 -1 -1 -1 -1 22 21 20 19 18 -1 -1 
-1 -1 2 3 4 -1 -1 8 -1 -1 -1 -1 -1 5 -1 -1 -1 -1 -1 -1 -1 9 6 -1 7 10 -1 -1 -1 -1 -1 28 0 26 -1 15 -1 -1 12 1 -1 -1 28 16 -1 11 24 -1 -1 -1 -1 -1 -1 -1 -1 -1 -1 -1 29 -1 -1 -1 27 23 -1 -1 -1 25 -1 17 -1 -1 -1 -1 -1 -1 -1 -1 -1 -1 -1 -1 -1 22 21 20 19 18 -1 -1 
-1 -1 2 3 4 -1 -1 8 -1 -1 -1 -1 -1 5 -1 -1 -1 -1 -1 -1 -1 9 6 -1 7 10 -1 -1 -1 -1 -1 28 0 26 -1 15 -1 -1 12 1 -1 -1 28 16 -1 24 -1 -1 -1 -1 -1 -1 -1 -1 -1 -1 -1 -1 29 -1 -1 -1 27 23 -1 -1 -1 25 -1 17 -1 -1 -1 -1 -1 -1 -1 -1 -1 -1 -1 -1 -1 22 21 20 19 18 -1 -1 
-1 -1 2 3 4 -1 -1 8 -1 -1 -1 -1 -1 5 -1 -1 -1 -1 -1 -1 -1 9 6 -1 7 10 -1 -1 -1 -1 -1 28 -1 26 -1 15 -1 -1 12 1 -1 -1 28 16 -1 24 -1 -1 -1 -1 -1 -1 -1 -1 -1 -1 -1 -1 29 0 -1 -1 27 23 -1 -1 -1 25 -1 17 -1 -1 -1 -1 -1 -1 -1 -1 -1 -1 -1 -1 -1 22 21 20 19 18 -1 -1 
-1 -1 2 3 4 -1 -1 8 -1 -1 -1 -1 -1 5 -1 -1 -1 -1 -1 -1 -1 9 6 -1 7 10 -1 -1 -1 -1 -1 28 -1 26 -1 15 -1 -1 12 1 -1 -1 28 16 -1 24 -1 -1 -1 -1 -1 -1 -1 -1 -1 -1 -1 -1 29 0 -1 -1 27 23 -1 -1 -1 25 -1 17 -1 -1 -1 -1 -1 -1 21 -1 -1 -1 -1 -1 -1 22 -1 20 19 18 -1 -1 
-1 -1 2 3 4 -1 -1 8 -1 -1 -1 -1 -1 5 -1 -1 -1 -1 -1 -1 -1 9 6 -1 7 -1 10 -1 -1 -1 -1 28 -1 26 -1 15 -1 -1 12 1 -1 -1 28 16 -1 24 -1 -1 -1 -1 -1 -1 -1 -1 -1 -1 -1 -1 29 0 -1 -1 27 23 -1 -1 -1 25 -1 17 -1 -1 -1 -1 -1 -1 21 -1 -1 -1 -1 -1 -1 22 -1 20 19 18 -1 -1 
-1 -1 2 3 4 -1 -1 16 -1 -1 -1 -1 -1 5 -1 -1 -1 -1 -1 -1 -1 9 6 -1 7 -1 10 -1 -1 -1 -1 28 -1 26 -1 15 -1 -1 12 1 -1 -1 28 -1 -1 24 -1 -1 -1 -1 -1 -1 -1 -1 -1 -1 -1 -1 29 0 -1 -1 27 23 -1 -1 -1 25 -1 17 -1 -1 -1 -1 -1 -1 21 -1 -1 -1 -1 -1 -1 22 -1 20 19 18 -1 -1 
-1 -1 2 3 4 -1 -1 7 -1 -1 -1 -1 -1 5 -1 -1 -1 -1 -1 -1 -1 9 6 -1 -1 -1 10 -1 -1 -1 -1 28 -1 26 -1 15 -1 -1 12 1 -1 -1 28 -1 -1 24 -1 -1 -1 -1 -1 -1 -1 -1 -1 -1 -1 -1 29 0 -1 -1 27 23 -1 -1 -1 25 -1 17 -1 -1 -1 -1 -1 -1 21 -1 -1 -1 -1 -1 -1 22 -1 20 19 18 -1 -1 
-1 -1 2 3 4 -1 -1 7 -1 -1 -1 -1 -1 5 -1 -1 -1 -1 -1 -1 -1 9 6 -1 -1 -1 10 -1 -1 -1 -1 28 -1 26 -1 15 -1 -1 12 1 -1 -1 28 -1 -1 -1 -1 -1 -1 -1 -1 -1 24 -1 -1 -1 -1 -1 29 0 -1 -1 27 23 -1 -1 -1 25 -1 17 -1 -1 -1 -1 -1 -1 21 -1 -1 -1 -1 -1 -1 22 -1 20 19 18 -1 -1 
-1 -1 2 3 4 -1 -1 -1 -1 -1 -1 -1 -1 5 7 -1 -1 -1 -1 -1 -1 9 6 -1 -1 -1 10 -1 -1 -1 -1 28 -1 26 -1 15 -1 -1 12 1 -1 -1 28 -1 -1 -1 -1 -1 -1 -1 -1 -1 24 -1 -1 -1 -1 -1 29 0 -1 -1 27 23 -1 -1 -1 25 -1 17 -1 -1 -1 -1 -1 -1 21 -1 -1 -1 -1 -1 -1 22 -1 20 19 18 -1 -1 
-1 -1 2 3 4 -1 -1 -1 -1 -1 -1 -1 -1 5 7 26 -1 -1 -1 -1 -1 9 6 -1 -1 -1 10 -1 -1 -1 -1 28 -1 -1 -1 15 -1 -1 12 1 -1 -1 28 -1 -1 -1 -1 -1 -1 -1 -1 -1 24 -1 -1 -1 -1 -1 29 0 -1 -1 27 23 -1 -1 -1 25 -1 17 -1 -1 -1 -1 -1 -1 21 -1 -1 -1 -1 -1 -1 22 -1 20 19 18 -1 -1 
-1 -1 2 3 4 -1 -1 -1 -1 -1 -1 -1 -1 5 7 26 -1 -1 -1 -1 -1 9 6 -1 10 -1 -1 -1 -1 -1 -1 28 -1 -1 -1 15 -1 -1 12 1 -1 -1 28 -1 -1 -1 -1 -1 -1 -1 -1 -1 24 -1 -1 -1 -1 -1 29 0 -1 -1 27 23 -1 -1 -1 25 -1 17 -1 -1 -1 -1 -1 -1 21 -1 -1 -1 -1 -1 -1 22 -1 20 19 18 -1 -1 
-1 -1 2 3 4 -1 -1 -1 -1 -1 -1 -1 -1 5 7 26 -1 -1 -1 -1 -1 9 6 -1 10 -1 -1 -1 -1 -1 -1 28 -1 -1 -1 15 -1 -1 12 1 -1 -1 28 -1 -1 -1 -1 -1 -1 -1 -1 -1 24 -1 -1 -1 -1 -1 29 0 -1 -1 27 23 -1 -1 -1 25 -1 17 -1 -1 -1 -1 -1 -1 21 -1 -1 -1 -1 -1 -1 22 -1 20 19 18 -1 -1 
-1 -1 2 3 4 5 -1 -1 -1 -1 -1 -1 -1 -1 7 26 -1 -1 -1 -1 -1 9 6 -1 10 -1 -1 -1 -1 -1 -1 28 -1 -1 -1 15 -1 -1 12 1 -1 -1 28 -1 -1 -1 -1 -1 -1 -1 -1 -1 24 -1 -1 -1 -1 -1 29 0 -1 -1 27 23 -1 -1 -1 25 -1 17 -1 -1 -1 -1 -1 -1 21 -1 -1 -1 -1 -1 -1 22 -1 20 19 18 -1 -1 
-1 -1 2 3 4 5 -1 -1 -1 -1 -1 -1 -1 -1 7 26 -1 -1 -1 -1 -1 9 6 -1 10 -1 -1 -1 -1 -1 -1 28 -1 -1 -1 15 -1 -1 12 1 -1 -1 28 -1 -1 -1 -1 -1 -1 -1 -1 -1 17 -1 -1 -1 -1 -1 29 0 -1 -1 27 23 -1 -1 -1 25 -1 -1 -1 -1 -1 -1 -1 -1 21 -1 -1 -1 -1 -1 -1 22 -1 20 19 18 -1 -1 
-1 -1 2 3 4 5 -1 -1 -1 -1 -1 -1 -1 -1 7 26 -1 -1 -1 -1 -1 9 6 -1 10 -1 -1 -1 -1 -1 -1 28 -1 -1 -1 15 -1 -1 12 1 -1 -1 28 -1 -1 -1 -1 -1 -1 -1 -1 -1 17 -1 -1 -1 -1 -1 0 -1 -1 -1 27 23 -1 -1 -1 25 -1 -1 -1 -1 -1 -1 -1 -1 21 -1 -1 -1 -1 -1 -1 22 -1 20 19 18 -1 -1 
-1 -1 2 3 4 5 26 -1 -1 -1 -1 -1 -1 -1 7 -1 -1 -1 -1 -1 -1 9 6 -1 10 -1 -1 -1 -1 -1 -1 28 -1 -1 -1 15 -1 -1 12 1 -1 -1 28 -1 -1 -1 -1 -1 -1 -1 -1 -1 17 -1 -1 -1 -1 -1 0 -1 -1 -1 27 23 -1 -1 -1 25 -1 -1 -1 -1 -1 -1 -1 -1 21 -1 -1 -1 -1 -1 -1 22 -1 20 19 18 -1 -1 
-1 -1 2 3 4 -1 26 -1 -1 -1 -1 -1 -1 5 7 -1 -1 -1 -1 -1 -1 9 6 -1 10 -1 -1 -1 -1 -1 -1 28 -1 -1 -1 15 -1 -1 12 1 -1 -1 28 -1 -1 -1 -1 -1 -1 -1 -1 -1 17 -1 -1 -1 -1 -1 0 -1 -1 -1 27 23 -1 -1 -1 25 -1 -1 -1 -1 -1 -1 -1 -1 21 -1 -1 -1 -1 -1 -1 22 -1 20 19 18 -1 -1 
-1 -1 2 3 4 -1 -1 -1 -1 -1 -1 -1 -1 5 7 26 -1 -1 -1 -1 -1 9 6 -1 10 -1 -1 -1 -1 -1 -1 28 -1 -1 -1 15 -1 -1 12 1 -1 -1 28 -1 -1 -1 -1 -1 -1 -1 -1 -1 17 -1 -1 -1 -1 -1 0 -1 -1 -1 27 23 -1 -1 -1 25 -1 -1 -1 -1 -1 -1 -1 -1 21 -1 -1 -1 -1 -1 -1 22 -1 20 19 18 -1 -1 
-1 -1 2 3 4 5 -1 -1 -1 -1 -1 -1 -1 -1 7 26 -1 -1 -1 -1 -1 9 6 -1 10 -1 -1 -1 -1 -1 -1 28 -1 -1 -1 15 -1 -1 12 1 -1 -1 28 -1 -1 -1 -1 -1 -1 -1 -1 -1 17 -1 -1 -1 -1 -1 0 -1 -1 -1 27 23 -1 -1 -1 25 -1 -1 -1 -1 -1 -1 -1 -1 21 -1 -1 -1 -1 -1 -1 22 -1 20 19 18 -1 -1 
-1 -1 2 3 4 5 -1 -1 -1 -1 -1 -1 -1 -1 7 26 -1 -1 -1 -1 -1 9 6 -1 10 -1 -1 -1 -1 -1 -1 28 -1 -1 -1 15 -1 -1 12 1 -1 -1 28 -1 -1 -1 -1 -1 -1 -1 -1 -1 17 -1 -1 -1 -1 -1 0 -1 -1 -1 27 23 -1 -1 -1 25 -1 -1 -1 18 -1 -1 -1 -1 21 -1 -1 -1 -1 -1 -1 22 -1 20 19 -1 -1 -1 
-1 -1 2 3 4 5 -1 -1 -1 -1 -1 -1 -1 -1 7 26 -1 -1 -1 -1 -1 9 6 -1 10 -1 -1 -1 -1 -1 -1 28 -1 -1 -1 15 -1 -1 12 -1 -1 -1 28 -1 -1 -1 -1 -1 -1 -1 1 -1 17 -1 -1 -1 -1 -1 0 -1 -1 -1 27 23 -1 -1 -1 25 -1 -1 -1 18 -1 -1 -1 -1 21 -1 -1 -1 -1 -1 -1 22 -1 20 19 -1 -1 -1 
-1 -1 2 3 4 5 26 -1 -1 -1 -1 -1 -1 -1 7 -1 -1 -1 -1 -1 -1 9 6 -1 10 -1 -1 -1 -1 -1 -1 28 -1 -1 -1 15 -1 -1 12 -1 -1 -1 28 -1 -1 -1 -1 -1 -1 -1 1 -1 17 -1 -1 -1 -1 -1 0 -1 -1 -1 27 23 -1 -1 -1 25 -1 -1 -1 18 -1 -1 -1 -1 21 -1 -1 -1 -1 -1 -1 22 -1 20 19 -1 -1 -1 
-1 -1 2 3 4 -1 26 -1 -1 -1 -1 -1 -1 5 7 -1 -1 -1 -1 -1 -1 9 6 -1 10 -1 -1 -1 -1 -1 -1 28 -1 -1 -1 15 -1 -1 12 -1 -1 -1 28 -1 -1 -1 -1 -1 -1 -1 1 -1 17 -1 -1 -1 -1 -1 0 -1 -1 -1 27 23 -1 -1 -1 25 -1 -1 -1 18 -1 -1 -1 -1 21 -1 -1 -1 -1 -1 -1 22 -1 20 19 -1 -1 -1 
-1 -1 2 3 4 -1 -1 -1 -1 -1 -1 -1 -1 5 7 26 -1 -1 -1 -1 -1 9 6 -1 10 -1 -1 -1 -1 -1 -1 28 -1 -1 -1 15 -1 -1 12 -1 -1 -1 28 -1 -1 -1 -1 -1 -1 -1 1 -1 17 -1 -1 -1 -1 -1 0 -1 -1 -1 27 23 -1 -1 -1 25 -1 -1 -1 18 -1 -1 -1 -1 21 -1 -1 -1 -1 -1 -1 22 -1 20 19 -1 -1 -1 
-1 -1 2 3 4 5 -1 -1 -1 -1 -1 -1 -1 -1 7 26 -1 -1 -1 -1 -1 9 6 -1 10 -1 -1 -1 -1 -1 -1 28 -1 -1 -1 15 -1 -1 12 -1 -1 -1 28 -1 -1 -1 -1 -1 -1 -1 1 -1 17 -1 -1 -1 -1 -1 0 -1 -1 -1 27 23 -1 -1 -1 25 -1 -1 -1 18 -1 -1 -1 -1 21 -1 -1 -1 -1 -1 -1 22 -1 20 19 -1 -1 -1 
-1 -1 2 3 4 5 -1 -1 -1 -1 -1 -1 -1 -1 7 26 -1 -1 -1 -1 -1 9 6 -1 10 -1 -1 -1 -1 -1 -1 28 -1 -1 -1 15 -1 -1 12 -1 -1 17 28 -1 -1 -1 -1 -1 -1 -1 1 -1 -1 -1 -1 -1 -1 -1 0 -1 -1 -1 27 23 -1 -1 -1 25 -1 -1 -1 18 -1 -1 -1 -1 21 -1 -1 -1 -1 -1 -1 22 -1 20 19 -1 -1 -1 
-1 -1 2 3 4 5 -1 -1 -1 -1 -1 -1 -1 -1 7 26 -1 -1 -1 -1 -1 9 6 -1 10 -1 -1 -1 -1 -1 -1 28 -1 -1 -1 15 -1 -1 12 -1 -1 17 28 -1 -1 -1 -1 -1 -1 -1 1 -1 -1 -1 -1 -1 -1 -1 -1 0 -1 -1 27 23 -1 -1 -1 25 -1 -1 -1 18 -1 -1 -1 -1 21 -1 -1 -1 -1 -1 -1 22 -1 20 19 -1 -1 -1 
-1 -1 2 3 4 5 26 -1 -1 -1 -1 -1 -1 -1 7 -1 -1 -1 -1 -1 -1 9 6 -1 10 -1 -1 -1 -1 -1 -1 28 -1 -1 -1 15 -1 -1 12 -1 -1 17 28 -1 -1 -1 -1 -1 -1 -1 1 -1 -1 -1 -1 -1 -1 -1 -1 0 -1 -1 27 23 -1 -1 -1 25 -1 -1 -1 18 -1 -1 -1 -1 21 -1 -1 -1 -1 -1 -1 22 -1 20 19 -1 -1 -1 
-1 -1 2 3 -1 5 26 -1 -1 -1 -1 -1 -1 4 7 -1 -1 -1 -1 -1 -1 9 6 -1 10 -1 -1 -1 -1 -1 -1 28 -1 -1 -1 15 -1 -1 12 -1 -1 17 28 -1 -1 -1 -1 -1 -1 -1 1 -1 -1 -1 -1 -1 -1 -1 -1 0 -1 -1 27 23 -1 -1 -1 25 -1 -1 -1 18 -1 -1 -1 -1 21 -1 -1 -1 -1 -1 -1 22 -1 20 19 -1 -1 -1 
-1 -1 2 3 -1 5 -1 -1 -1 -1 -1 -1 -1 4 7 26 -1 -1 -1 -1 -1 9 6 -1 10 -1 -1 -1 -1 -1 -1 28 -1 -1 -1 15 -1 -1 12 -1 -1 17 28 -1 -1 -1 -1 -1 -1 -1 1 -1 -1 -1 -1 -1 -1 -1 -1 0 -1 -1 27 23 -1 -1 -1 25 -1 -1 -1 18 -1 -1 -1 -1 21 -1 -1 -1 -1 -1 -1 22 -1 20 19 -1 -1 -1 
-1 -1 2 3 4 5 -1 -1 -1 -1 -1 -1 -1 -1 7 26 -1 -1 -1 -1 -1 9 6 -1 10 -1 -1 -1 -1 -1 -1 28 -1 -1 -1 15 -1 -1 12 -1 -1 17 28 -1 -1 -1 -1 -1 -1 -1 1 -1 -1 -1 -1 -1 -1 -1 -1 0 -1 -1 27 23 -1 -1 -1 25 -1 -1 -1 18 -1 -1 -1 -1 21 -1 -1 -1 -1 -1 -1 22 -1 20 19 -1 -1 -1 
-1 -1 2 3 4 5 -1 -1 -1 -1 -1 -1 -1 -1 7 26 -1 -1 -1 -1 -1 9 6 -1 17 -1 -1 -1 -1 -1 -1 28 -1 -1 -1 15 -1 -1 12 -1 -1 -1 28 -1 -1 -1 -1 -1 -1 -1 1 -1 -1 -1 -1 -1 -1 -1 -1 0 -1 -1 27 23 -1 -1 -1 25 -1 -1 -1 18 -1 -1 -1 -1 21 -1 -1 -1 -1 -1 -1 22 -1 20 19 -1 -1 -1 
-1 -1 2 3 4 5 -1 -1 -1 -1 -1 -1 -1 -1 7 26 -1 -1 -1 -1 -1 -1 6 -1 9 -1 -1 -1 -1 -1 -1 28 -1 -1 -1 15 -1 -1 12 -1 -1 -1 28 -1 -1 -1 -1 -1 -1 -1 1 -1 -1 -1 -1 -1 -1 -1 -1 0 -1 -1 27 23 -1 -1 -1 25 -1 -1 -1 18 -1 -1 -1 -1 21 -1 -1 -1 -1 -1 -1 22 -1 20 19 -1 -1 -1 
-1 -1 2 3 4 5 -1 -1 -1 -1 -1 -1 -1 -1 7 26 -1 -1 -1 -1 -1 -1 6 -1 9 -1 -1 -1 -1 -1 -1 28 -1 -1 -1 15 -1 -1 12 -1 -1 -1 28 -1 -1 -1 -1 -1 -1 -1 1 -1 -1 -1 -1 -1 -1 -1 -1 0 -1 -1 27 23 -1 -1 -1 25 -1 -1 -1 18 -1 -1 -1 -1 21 -1 -1 -1 -1 -1 -1 22 -1 20 19 -1 -1 -1 
-1 -1 2 3 4 -1 -1 -1 -1 -1 -1 -1 -1 5 7 26 -1 -1 -1 -1 -1 -1 6 -1 9 -1 -1 -1 -1 -1 -1 28 -1 -1 -1 15 -1 -1 12 -1 -1 -1 28 -1 -1 -1 -1 -1 -1 -1 1 -1 -1 -1 -1 -1 -1 -1 -1 0 -1 -1 27 23 -1 -1 -1 25 -1 -1 -1 18 -1 -1 -1 -1 21 -1 -1 -1 -1 -1 -1 22 -1 20 19 -1 -1 -1 
-1 -1 2 3 4 -1 -1 -1 -1 -1 -1 -1 -1 5 7 26 -1 -1 -1 -1 -1 -1 6 -1 9 -1 -1 -1 -1 -1 -1 28 -1 -1 -1 15 -1 -1 12 -1 -1 -1 28 -1 -1 -1 -1 -1 -1 -1 1 -1 -1 -1 -1 -1 -1 -1 -1 0 -1 -1 27 23 -1 -1 -1 25 -1 -1 -1 18 -1 -1 -1 -1 21 -1 -1 -1 -1 -1 -1 22 -1 20 19 -1 -1 -1 
-1 -1 2 3 4 -1 -1 -1 -1 -1 -1 -1 -1 5 7 26 -1 -1 -1 -1 -1 -1 6 -1 9 -1 -1 -1 -1 -1 -1 28 -1 -1 -1 15 -1 -1 12 -1 -1 -1 28 -1 -1 -1 -1 -1 -1 -1 1 -1 -1 -1 -1 -1 -1 -1 -1 -1 0 -1 27 23 -1 -1 -1 25 -1 -1 -1 18 -1 -1 -1 -1 21 -1 -1 -1 -1 -1 -1 22 -1 20 19 -1 -1 -1 
-1 -1 2 3 4 -1 -1 -1 -1 -1 -1 -1 -1 5 7 26 -1 -1 -1 -1 -1 -1 6 -1 9 -1 -1 -1 -1 -1 -1 28 -1 -1 -1 15 -1 -1 12 -1 -1 -1 28 -1 -1 -1 -1 -1 -1 -1 1 -1 -1 -1 -1 -1 -1 -1 -1 -1 0 -1 27 23 -1 -1 -1 -1 25 -1 -1 18 -1 -1 -1 -1 21 -1 -1 -1 -1 -1 -1 22 -1 20 19 -1 -1 -1 
-1 -1 2 3 4 -1 -1 -1 -1 -1 -1 -1 -1 5 7 26 -1 -1 -1 -1 -1 -1 6 -1 9 -1 -1 -1 -1 -1 -1 28 -1 -1 -1 15 -1 -1 12 -1 -1 -1 28 -1 -1 -1 -1 -1 -1 -1 -1 -1 -1 -1 -1 -1 -1 -1 -1 -1 0 1 27 23 -1 -1 -1 -1 25 -1 -1 18 -1 -1 -1 -1 21 -1 -1 -1 -1 -1 -1 22 -1 20 19 -1 -1 -1 
-1 -1 2 3 4 -1 -1 -1 -1 -1 -1 -1 -1 5 7 26 -1 -1 -1 -1 -1 -1 6 -1 9 -1 -1 -1 -1 -1 -1 28 -1 -1 -1 15 -1 -1 12 -1 -1 -1 28 -1 -1 -1 -1 -1 -1 -1 -1 -1 -1 -1 -1 -1 -1 -1 -1 -1 0 1 27 23 -1 -1 -1 -1 25 -1 -1 18 -1 -1 -1 -1 21 -1 -1 -1 -1 -1 -1 22 -1 20 19 -1 -1 -1 
-1 -1 2 3 4 -1 -1 -1 -1 -1 -1 -1 -1 5 7 26 -1 -1 -1 -1 -1 -1 6 -1 9 -1 -1 -1 -1 -1 -1 28 -1 -1 -1 15 -1 -1 12 -1 -1 -1 28 -1 -1 -1 -1 -1 -1 -1 -1 -1 -1 -1 -1 -1 -1 -1 -1 -1 0 -1 27 23 -1 -1 -1 -1 25 -1 -1 18 -1 -1 -1 -1 21 -1 1 -1 -1 -1 -1 22 -1 20 19 -1 -1 -1 
-1 -1 2 3 4 -1 -1 -1 -1 -1 -1 -1 -1 5 7 26 -1 -1 -1 -1 -1 -1 6 -1 9 -1 -1 -1 -1 -1 -1 28 -1 -1 -1 15 -1 -1 12 -1 -1 -1 28 -1 -1 -1 -1 -1 -1 -1 -1 -1 -1 -1 -1 -1 -1 -1 -1 -1 0 -1 27 23 -1 -1 -1 -1 -1 -1 -1 18 -1 -1 -1 -1 21 25 1 -1 -1 -1 -1 22 -1 20 19 -1 -1 -1 
-1 -1 2 3 4 -1 -1 -1 -1 -1 -1 -1 -1 5 7 26 -1 -1 -1 -1 -1 -1 6 -1 9 -1 -1 -1 -1 -1 -1 28 -1 -1 -1 15 -1 -1 12 -1 -1 -1 28 -1 -1 -1 -1 -1 -1 -1 -1 -1 -1 -1 -1 -1 -1 -1 -1 0 -1 -1 27 23 -1 -1 -1 -1 -1 -1 -1 18 -1 -1 -1 -1 21 25 1 -1 -1 -1 -1 22 -1 20 19 -1 -1 -1 
-1 -1 2 3 4 -1 -1 -1 -1 -1 -1 -1 -1 5 7 26 -1 -1 -1 -1 -1 -1 6 -1 9 -1 -1 -1 -1 -1 -1 28 -1 -1 -1 15 -1 -1 12 -1 -1 -1 28 -1 -1 -1 -1 -1 -1 -1 -1 -1 -1 -1 -1 -1 -1 -1 -1 0 -1 -1 27 23 -1 -1 -1 -1 -1 -1 -1 18 -1 -1 -1 -1 21 25 1 -1 -1 -1 -1 22 -1 20 19 -1 -1 -1 
-1 -1 2 3 4 5 -1 -1 -1 -1 -1 -1 -1 -1 7 26 -1 -1 -1 -1 -1 -1 6 -1 9 -1 -1 -1 -1 -1 -1 28 -1 -1 -1 15 -1 -1 12 -1 -1 -1 28 -1 -1 -1 -1 -1 -1 -1 -1 -1 -1 -1 -1 -1 -1 -1 -1 0 -1 -1 27 23 -1 -1 -1 -1 -1 -1 -1 18 -1 -1 -1 -1 21 25 1 -1 -1 -1 -1 22 -1 20 19 -1 -1 -1 
-1 -1 2 3 4 5 26 -1 -1 -1 -1 -1 -1 -1 7 -1 -1 -1 -1 -1 -1 -1 6 -1 9 -1 -1 -1 -1 -1 -1 28 -1 -1 -1 15 -1 -1 12 -1 -1 -1 28 -1 -1 -1 -1 -1 -1 -1 -1 -1 -1 -1 -1 -1 -1 -1 -1 0 -1 -1 27 23 -1 -1 -1 -1 -1 -1 -1 18 -1 -1 -1 -1 21 25 1 -1 -1 -1 -1 22 -1 20 19 -1 -1 -1 
-1 -1 2 3 -1 5 26 -1 -1 -1 -1 -1 -1 4 7 -1 -1 -1 -1 -1 -1 -1 6 -1 9 -1 -1 -1 -1 -1 -1 28 -1 -1 -1 15 -1 -1 12 -1 -1 -1 28 -1 -1 -1 -1 -1 -1 -1 -1 -1 -1 -1 -1 -1 -1 -1 -1 0 -1 -1 27 23 -1 -1 -1 -1 -1 -1 -1 18 -1 -1 -1 -1 21 25 1 -1 -1 -1 -1 22 -1 20 19 -1 -1 -1 
-1 -1 2 3 -1 5 -1 -1 -1 -1 -1 -1 -1 4 7 -1 -1 -1 -1 -1 -1 -1 6 -1 9 -1 -1 -1 -1 -1 -1 28 -1 -1 -1 15 -1 -1 12 -1 -1 -1 28 -1 -1 -1 -1 -1 -1 -1 -1 -1 -1 -1 -1 -1 -1 -1 -1 0 -1 -1 27 23 -1 -1 -1 -1 -1 -1 -1 18 -1 -1 -1 -1 21 25 26 -1 -1 -1 -1 22 -1 20 19 -1 -1 -1 
-1 -1 2 3 -1 5 -1 -1 -1 -1 -1 -1 -1 4 7 -1 -1 -1 -1 -1 -1 -1 6 -1 9 -1 -1 -1 -1 -1 -1 28 -1 -1 -1 15 -1 -1 12 -1 -1 -1 28 -1 -1 -1 -1 -1 -1 -1 -1 -1 -1 -1 -1 -1 -1 -1 -1 -1 -1 -1 27 23 -1 -1 -1 -1 -1 -1 -1 18 -1 -1 -1 -1 21 0 26 -1 -1 -1 -1 22 -1 20 19 -1 -1 -1 
-1 -1 2 3 -1 5 -1 -1 -1 -1 -1 -1 -1 4 7 -1 -1 -1 -1 -1 -1 -1 6 -1 9 -1 -1 -1 -1 -1 -1 28 -1 -1 -1 15 -1 -1 12 -1 -1 -1 28 -1 -1 -1 -1 -1 -1 -1 -1 -1 -1 -1 -1 -1 -1 -1 -1 -1 -1 -1 27 23 -1 -1 -1 -1 -1 26 -1 18 -1 -1 -1 -1 21 0 -1 -1 -1 -1 -1 22 -1 20 19 -1 -1 -1 
-1 -1 2 3 4 5 -1 -1 -1 -1 -1 -1 -1 -1 7 -1 -1 -1 -1 -1 -1 -1 6 -1 9 -1 -1 -1 -1 -1 -1 28 -1 -1 -1 15 -1 -1 12 -1 -1 -1 28 -1 -1 -1 -1 -1 -1 -1 -1 -1 -1 -1 -1 -1 -1 -1 -1 -1 -1 -1 27 23 -1 -1 -1 -1 -1 26 -1 18 -1 -1 -1 -1 21 0 -1 -1 -1 -1 -1 22 -1 20 19 -1 -1 -1 
-1 -1 2 3 4 5 -1 -1 -1 -1 -1 -1 -1 -1 7 -1 -1 -1 -1 -1 -1 -1 6 -1 9 -1 -1 -1 -1 -1 -1 28 -1 -1 -1 15 -1 -1 12 -1 -1 -1 28 -1 -1 -1 -1 -1 -1 -1 -1 -1 -1 -1 -1 -1 -1 -1 -1 -1 -1 -1 27 23 -1 -1 -1 -1 -1 26 -1 18 -1 -1 -1 -1 21 0 -1 -1 -1 -1 -1 22 -1 20 19 -1 -1 -1 
-1 -1 2 3 4 5 -1 -1 -1 -1 -1 -1 -1 -1 7 -1 -1 -1 -1 -1 -1 -1 -1 -1 9 -1 -1 -1 -1 -1 -1 28 -1 -1 -1 15 -1 -1 12 -1 -1 -1 6 -1 -1 -1 -1 -1 -1 -1 -1 -1 -1 -1 -1 -1 -1 -1 -1 -1 -1 -1 27 23 -1 -1 -1 -1 -1 26 -1 18 -1 -1 -1 -1 21 0 -1 -1 -1 -1 -1 22 -1 20 19 -1 -1 -1 
-1 -1 2 3 4 5 -1 -1 -1 -1 -1 -1 -1 -1 7 -1 -1 -1 -1 -1 -1 -1 -1 -1 9 -1 -1 -1 -1 -1 -1 28 -1 -1 -1 15 -1 -1 12 -1 -1 -1 6 -1 -1 -1 -1 -1 -1 -1 -1 -1 -1 -1 -1 -1 -1 -1 -1 -1 -1 -1 27 23 -1 -1 -1 -1 26 -1 -1 18 -1 -1 -1 -1 21 0 -1 -1 -1 -1 -1 22 -1 20 19 -1 -1 -1 
