0 1 2 3 4 5 6 7 8 31 -1 -1 -1 -1 -1 -1 -1 -1 -1 9 -1 -1 -1 -1 -1 10 -1 11 -1 12 -1 28 -1 14 -1 15 -1 -1 -1 -1 -1 -1 -1 -1 -1 -1 -1 -1 -1 -1 -1 -1 -1 -1 -1 -1 -1 -1 29 -1 -1 -1 27 -1 26 -1 -1 25 -1 -1 -1 -1 -1 -1 -1 -1 -1 -1 -1 -1 -1 24 23 22 21 20 19 18 17 16 
0 1 2 3 4 5 6 -1 8 31 -1 -1 -1 -1 -1 -1 -1 -1 -1 9 -1 -1 -1 -1 7 10 -1 11 -1 12 -1 28 -1 14 -1 15 -1 -1 -1 -1 -1 -1 -1 -1 -1 -1 -1 -1 -1 -1 -1 -1 -1 -1 -1 -1 -1 -1 29 -1 -1 -1 27 -1 26 -1 -1 25 -1 -1 -1 -1 -1 -1 -1 -1 -1 -1 -1 -1 -1 24 23 22 21 20 19 18 17 16 
0 1 2 3 4 5 6 -1 8 31 -1 -1 -1 -1 -1 -1 -1 -1 -1 9 -1 -1 -1 -1 7 10 -1 11 -1 12 -1 28 -1 14 -1 15 -1 -1 -1 -1 -1 -1 -1 -1 -1 -1 -1 -1 -1 -1 -1 28 -1 -1 -1 -1 -1 -1 29 -1 -1 -1 27 -1 26 -1 -1 25 -1 -1 -1 -1 -1 -1 -1 -1 -1 -1 -1 -1 -1 24 23 22 21 20 19 18 17 16 
0 1 2 3 4 5 6 -1 8 31 -1 -1 -1 -1 -1 -1 -1 -1 -1 9 -1 -1 -1 -1 7 10 -1 11 -1 -1 -1 28 -1 14 -1 15 -1 -1 12 -1 -1 -1 -1 -1 -1 -1 -1 -1 -1 -1 -1 28 -1 -1 -1 -1 -1 -1 29 -1 -1 -1 27 -1 26 -1 -1 25 -1 -1 -1 -1 -1 -1 -1 -1 -1 -1 -1 -1 -1 24 23 22 21 20 19 18 17 16 
0 1 2 3 4 5 6 -1 8 31 -1 -1 -1 -1 -1 -1 -1 -1 -1 9 -1 -1 -1 -1 7 10 -1 11 -1 -1 -1 28 -1 14 -1 15 -1 -1 12 -1 -1 -1 -1 -1 -1 -1 -1 -1 -1 -1 -1 28 -1 -1 -1 -1 -1 -1 29 -1 -1 -1 27 -1 26 -1 -1 25 -1 17 -1 -1 -1 -1 -1 -1 -1 -1 -1 -1 -1 24 23 22 21 20 19 18 -1 16 
0 -1 2 3 4 5 6 -1 8 31 -1 -1 -1 -1 -1 -1 -1 -1 -1 9 1 -1 -1 -1 7 10 -1 11 -1 -1 -1 28 -1 14 -1 15 -1 -1 12 -1 -1 -1 -1 -1 -1 -1 -1 -1 -1 -1 -1 28 -1 -1 -1 -1 -1 -1 29 -1 -1 -1 27 -1 26 -1 -1 25 -1 17 -1 -1 -1 -1 -1 -1 -1 -1 -1 -1 -1 24 23 22 21 20 19 18 -1 16 
0 -1 2 3 4 5 6 -1 8 31 -1 -1 -1 -1 -1 -1 -1 -1 -1 9 1 -1 -1 -1 7 10 -1 11 -1 -1 -1 28 -1 14 -1 15 -1 -1 12 -1 -1 -1 -1 -1 -1 -1 -1 -1 -1 -1 -1 28 -1 -1 -1 -1 -1 -1 29 -1 -1 -1 27 -1 26 -1 -1 25 -1 17 -1 -1 -1 -1 -1 -1 -1 -1 -1 -1 -1 24 23 22 21 20 19 18 16 -1 
0 -1 2 3 4 5 6 8 -1 31 -1 -1 -1 -1 -1 -1 -1 -1 -1 9 1 -1 -1 -1 7 10 -1 11 -1 -1 -1 28 -1 14 -1 15 -1 -1 12 -1 -1 -1 -1 -1 -1 -1 -1 -1 -1 -1 -1 28 -1 -1 -1 -1 -1 -1 29 -1 -1 -1 27 -1 26 -1 -1 25 -1 17 -1 -1 -1 -1 -1 -1 -1 -1 -1 -1 -1 24 23 22 21 20 19 18 16 -1 
0 -1 2 3 4 5 6 8 -1 31 -1 -1 -1 -1 -1 -1 -1 -1 -1 9 1 -1 -1 -1 7 10 -1 11 26 -1 -1 28 -1 14 -1 15 -1 -1 12 -1 -1 -1 -1 -1 -1 -1 -1 -1 -1 -1 -1 28 -1 -1 -1 -1 -1 -1 29 -1 -1 -1 27 -1 -1 -1 -1 25 -1 17 -1 -1 -1 -1 -1 -1 -1 -1 -1 -1 -1 24 23 22 21 20 19 18 16 -1 
0 -1 2 3 4 5 -1 8 -1 31 -1 -1 -1 -1 -1 -1 -1 -1 -1 9 1 -1 6 -1 7 10 -1 11 26 -1 -1 28 -1 14 -1 15 -1 -1 12 -1 -1 -1 -1 -1 -1 -1 -1 -1 -1 -1 -1 28 -1 -1 -1 -1 -1 -1 29 -1 -1 -1 27 -1 -1 -1 -1 25 -1 17 -1 -1 -1 -1 -1 -1 -1 -1 -1 -1 -1 24 23 22 21 20 19 18 16 -1 
0 -1 2 3 4 5 -1 8 -1 31 -1 -1 -1 -1 -1 -1 -1 -1 -1 9 1 -1 6 -1 7 10 -1 11 26 -1 -1 28 -1 14 -1 15 -1 -1 12 -1 -1 -1 -1 -1 -1 -1 -1 -1 -1 -1 -1 28 -1 -1 -1 -1 -1 -1 29 -1 -1 -1 27 -1 -1 23 -1 25 -1 17 -1 -1 -1 -1 -1 -1 -1 -1 -1 -1 -1 24 -1 22 21 20 19 18 16 -1 
0 -1 2 3 4 5 -1 8 -1 31 -1 -1 -1 -1 -1 -1 -1 -1 -1 9 -1 -1 6 -1 7 10 -1 11 26 -1 -1 28 -1 14 -1 15 -1 -1 12 1 -1 -1 -1 -1 -1 -1 -1 -1 -1 -1 -1 28 -1 -1 -1 -1 -1 -1 29 -1 -1 -1 27 -1 -1 23 -1 25 -1 17 -1 -1 -1 -1 -1 -1 -1 -1 -1 -1 -1 24 -1 22 21 20 19 18 16 -1 
0 -1 2 3 4 5 -1 8 -1 31 -1 -1 -1 -1 -1 -1 -1 -1 -1 9 -1 -1 6 -1 7 10 -1 11 -1 -1 -1 28 -1 26 -1 15 -1 -1 12 1 -1 -1 -1 -1 -1 -1 -1 -1 -1 -1 -1 28 -1 -1 -1 -1 -1 -1 29 -1 -1 -1 27 -1 -1 23 -1 25 -1 17 -1 -1 -1 -1 -1 -1 -1 -1 -1 -1 -1 24 -1 22 21 20 19 18 16 -1 
-1 -1 2 3 4 5 -1 8 -1 0 -1 -1 -1 -1 -1 -1 -1 -1 -1 9 -1 -1 6 -1 7 10 -1 11 -1 -1 -1 28 -1 26 -1 15 -1 -1 12 1 -1 -1 -1 -1 -1 -1 -1 -1 -1 -1 -1 28 -1 -1 -1 -1 -1 -1 29 -1 -1 -1 27 -1 -1 23 -1 25 -1 17 -1 -1 -1 -1 -1 -1 -1 -1 -1 -1 -1 24 -1 22 21 20 19 18 16 -1 
-1 -1 2 3 4 5 -1 8 -1 0 -1 -1 -1 -1 -1 -1 -1 -1 -1 9 -1 -1 6 -1 7 10 -1 11 -1 -1 -1 28 -1 26 -1 15 -1 -1 12 1 -1 -1 -1 -1 -1 -1 -1 -1 -1 -1 -1 28 -1 -1 -1 -1 -1 -1 29 -1 -1 -1 27 -1 -1 23 -1 25 -1 17 -1 -1 -1 -1 -1 -1 -1 -1 -1 -1 -1 -1 24 22 21 20 19 18 16 -1 
-1 -1 2 3 4 5 -1 8 -1 0 -1 -1 -1 -1 -1 -1 -1 -1 -1 -1 9 -1 6 -1 7 10 -1 11 -1 -1 -1 28 -1 26 -1 15 -1 -1 12 1 -1 -1 -1 -1 -1 -1 -1 -1 -1 -1 -1 28 -1 -1 -1 -1 -1 -1 29 -1 -1 -1 27 -1 -1 23 -1 25 -1 17 -1 -1 -1 -1 -1 -1 -1 -1 -1 -1 -1 -1 24 22 21 20 19 18 16 -1 
-1 -1 2 3 4 5 -1 8 -1 0 -1 -1 -1 -1 -1 -1 -1 -1 -1 -1 9 -1 6 -1 7 10 -1 11 -1 -1 -1 28 -1 26 -1 15 -1 -1 12 1 -1 -1 -1 16 -1 -1 -1 -1 -1 -1 -1 28 -1 -1 -1 -1 -1 -1 29 -1 -1 -1 27 -1 -1 23 -1 25 -1 17 -1 -1 -1 -1 -1 -1 -1 -1 -1 -1 -1 -1 24 22 21 20 19 18 -1 -1 
-1 -1 2 3 4 5 -1 8 -1 0 -1 -1 -1 -1 -1 -1 -1 -1 -1 -1 9 -1 6 -1 7 10 -1 11 -1 -1 -1 28 -1 26 -1 15 -1 -1 12 -1 -1 -1 -1 16 -1 -1 -1 -1 -1 -1 -1 28 -1 -1 -1 -1 1 -1 29 -1 -1 -1 27 -1 -1 23 -1 25 -1 17 -1 -1 -1 -1 -1 -1 -1 -1 -1 -1 -1 -1 24 22 21 20 19 18 -1 -1 
-1 -1 2 3 4 5 -1 8 -1 0 -1 -1 -1 -1 -1 -1 -1 -1 -1 -1 9 -1 6 -1 7 10 -1 11 -1 -1 -1 28 -1 26 -1 15 -1 -1 12 -1 -1 -1 -1 16 -1 -1 -1 -1 -1 -1 -1 28 -1 -1 -1 -1 1 -1 29 -1 -1 -1 27 -1 -1 23 -1 -1 25 17 -1 -1 -1 -1 -1 -1 -1 -1 -1 -1 -1 -1 24 22 21 20 19 18 -1 -1 
-1 -1 2 3 4 5 -1 8 -1 -1 -1 -1 -1 -1 0 -1 -1 -1 -1 -1 9 -1 6 -1 7 10 -1 11 -1 -1 -1 28 -1 26 -1 15 -1 -1 12 -1 -1 -1 -1 16 -1 -1 -1 -1 -1 -1 -1 28 -1 -1 -1 -1 1 -1 29 -1 -1 -1 27 -1 -1 23 -1 -1 25 17 -1 -1 -1 -1 -1 -1 -1 -1 -1 -1 -1 -1 24 22 21 20 19 18 -1 -1 
-1 -1 2 3 4 5 -1 8 -1 -1 -1 -1 -1 -1 0 -1 -1 -1 -1 -1 9 -1 6 -1 7 10 -1 11 -1 -1 -1 28 -1 26 -1 15 -1 -1 12 -1 -1 -1 -1 16 -1 -1 -1 -1 -1 -1 -1 28 -1 -1 -1 -1 1 -1 29 -1 -1 -1 27 -1 -1 23 -1 -1 25 17 -1 -1 -1 -1 -1 -1 21 -1 -1 -1 -1 -1 24 22 -1 20 19 18 -1 -1 
-1 -1 2 3 4 5 -1 8 -1 -1 -1 -1 -1 -1 0 -1 -1 -1 -1 -1 9 -1 6 -1 7 -1 10 11 -1 -1 -1 28 -1 26 -1 15 -1 -1 12 -1 -1 -1 -1 16 -1 -1 -1 -1 -1 -1 -1 28 -1 -1 -1 -1 1 -1 29 -1 -1 -1 27 -1 -1 23 -1 -1 25 17 -1 -1 -1 -1 -1 -1 21 -1 -1 -1 -1 -1 24 22 -1 20 19 18 -1 -1 
-1 -1 2 3 4 5 -1 16 -1 -1 -1 -1 -1 -1 0 -1 -1 -1 -1 -1 9 -1 6 -1 7 -1 10 11 -1 -1 -1 28 -1 26 -1 15 -1 -1 12 -1 -1 -1 -1 -1 -1 -1 -1 -1 -1 -1 -1 28 -1 -1 -1 -1 1 -1 29 -1 -1 -1 27 -1 -1 23 -1 -1 25 17 -1 -1 -1 -1 -1 -1 21 -1 -1 -1 -1 -1 24 22 -1 20 19 18 -1 -1 
-1 -1 2 3 4 5 -1 7 -1 -1 -1 -1 -1 -1 0 -1 -1 -1 -1 -1 9 -1 6 -1 -1 -1 10 11 -1 -1 -1 28 -1 26 -1 15 -1 -1 12 -1 -1 -1 -1 -1 -1 -1 -1 -1 -1 -1 -1 28 -1 -1 -1 -1 1 -1 29 -1 -1 -1 27 -1 -1 23 -1 -1 25 17 -1 -1 -1 -1 -1 -1 21 -1 -1 -1 -1 -1 24 22 -1 20 19 18 -1 -1 
-1 -1 2 3 4 5 -1 7 -1 -1 -1 -1 -1 -1 0 -1 -1 -1 -1 -1 9 -1 6 -1 -1 -1 10 11 -1 -1 -1 28 -1 26 -1 15 -1 -1 12 -1 -1 -1 -1 -1 -1 -1 24 -1 -1 -1 -1 28 -1 -1 -1 -1 1 -1 29 -1 -1 -1 27 -1 -1 23 -1 -1 25 17 -1 -1 -1 -1 -1 -1 21 -1 -1 -1 -1 -1 -1 22 -1 20 19 18 -1 -1 
-1 -1 2 3 4 5 -1 7 -1 -1 -1 -1 -1 -1 0 -1 -1 -1 -1 -1 9 -1 6 -1 -1 -1 10 11 -1 -1 -1 28 -1 26 -1 15 -1 -1 12 1 -1 -1 -1 -1 -1 -1 24 -1 -1 -1 -1 28 -1 -1 -1 -1 -1 -1 29 -1 -1 -1 27 -1 -1 23 -1 -1 25 17 -1 -1 -1 -1 -1 -1 21 -1 -1 -1 -1 -1 -1 22 -1 20 19 18 -1 -1 
-1 -1 2 3 4 5 -1 7 -1 -1 -1 -1 -1 -1 0 -1 -1 -1 -1 -1 9 -1 6 -1 -1 -1 10 11 -1 -1 -1 28 -1 26 -1 15 -1 -1 12 1 -1 -1 -1 -1 -1 -1 24 -1 -1 -1 -1 28 -1 -1 -1 -1 -1 -1 29 -1 -1 -1 27 -1 -1 23 -1 22 25 17 -1 -1 -1 -1 -1 -1 21 -1 -1 -1 -1 -1 -1 -1 -1 20 19 18 -1 -1 
-1 -1 2 3 4 5 -1 7 -1 -1 -1 -1 -1 -1 0 -1 -1 -1 -1 -1 9 -1 6 -1 10 -1 -1 11 -1 -1 -1 28 -1 26 -1 15 -1 -1 12 1 -1 -1 -1 -1 -1 -1 24 -1 -1 -1 -1 28 -1 -1 -1 -1 -1 -1 29 -1 -1 -1 27 -1 -1 23 -1 22 25 17 -1 -1 -1 -1 -1 -1 21 -1 -1 -1 -1 -1 -1 -1 -1 20 19 18 -1 -1 
-1 -1 2 3 4 5 -1 7 -1 -1 -1 -1 -1 -1 0 -1 -1 -1 -1 -1 9 -1 6 -1 10 -1 -1 11 -1 -1 -1 28 -1 26 -1 15 -1 -1 12 1 -1 -1 28 -1 -1 -1 24 -1 -1 -1 -1 -1 -1 -1 -1 -1 -1 -1 29 -1 -1 -1 27 -1 -1 23 -1 22 25 17 -1 -1 -1 -1 -1 -1 21 -1 -1 -1 -1 -1 -1 -1 -1 20 19 18 -1 -1 
-1 -1 2 3 4 5 -1 -1 -1 -1 -1 -1 -1 -1 0 -1 -1 -1 -1 -1 9 -1 6 -1 10 -1 7 11 -1 -1 -1 28 -1 26 -1 15 -1 -1 12 1 -1 -1 28 -1 -1 -1 24 -1 -1 -1 -1 -1 -1 -1 -1 -1 -1 -1 29 -1 -1 -1 27 -1 -1 23 -1 22 25 17 -1 -1 -1 -1 -1 -1 21 -1 -1 -1 -1 -1 -1 -1 -1 20 19 18 -1 -1 
-1 -1 2 3 4 5 -1 -1 -1 -1 -1 -1 -1 -1 0 -1 -1 -1 -1 -1 9 -1 6 -1 10 -1 7 11 -1 -1 -1 28 -1 26 -1 15 -1 -1 12 1 -1 -1 28 -1 -1 -1 24 -1 -1 -1 -1 -1 17 -1 -1 -1 -1 -1 29 -1 -1 -1 27 -1 -1 23 -1 22 25 -1 -1 -1 -1 -1 -1 -1 21 -1 -1 -1 -1 -1 -1 -1 -1 20 19 18 -1 -1 
-1 -1 2 3 4 5 -1 -1 -1 -1 -1 -1 -1 -1 0 -1 -1 -1 -1 -1 9 -1 6 -1 -1 -1 7 11 -1 -1 -1 28 -1 26 -1 15 -1 -1 12 1 -1 -1 10 -1 -1 -1 24 -1 -1 -1 -1 -1 17 -1 -1 -1 -1 -1 29 -1 -1 -1 27 -1 -1 23 -1 22 25 -1 -1 -1 -1 -1 -1 -1 21 -1 -1 -1 -1 -1 -1 -1 -1 20 19 18 -1 -1 
-1 -1 2 3 4 5 -1 -1 -1 -1 -1 -1 -1 -1 0 -1 -1 -1 -1 -1 9 -1 6 -1 -1 -1 7 26 -1 -1 -1 28 -1 -1 -1 15 -1 -1 12 1 -1 -1 10 -1 -1 -1 24 -1 -1 -1 -1 -1 17 -1 -1 -1 -1 -1 29 -1 -1 -1 27 -1 -1 23 -1 22 25 -1 -1 -1 -1 -1 -1 -1 21 -1 -1 -1 -1 -1 -1 -1 -1 20 19 18 -1 -1 
-1 -1 2 3 4 5 -1 -1 -1 -1 -1 -1 -1 -1 -1 -1 -1 -1 -1 -1 9 -1 6 -1 -1 -1 7 26 -1 -1 -1 28 -1 -1 -1 15 -1 -1 12 1 -1 -1 10 -1 -1 -1 24 -1 -1 -1 0 -1 17 -1 -1 -1 -1 -1 29 -1 -1 -1 27 -1 -1 23 -1 22 25 -1 -1 -1 -1 -1 -1 -1 21 -1 -1 -1 -1 -1 -1 -1 -1 20 19 18 -1 -1 
-1 -1 2 3 4 5 -1 -1 -1 -1 -1 -1 -1 -1 -1 -1 -1 -1 -1 -1 9 -1 6 -1 -1 -1 7 26 -1 -1 -1 28 -1 -1 -1 15 -1 -1 12 1 -1 -1 10 -1 -1 -1 -1 -1 -1 -1 24 -1 17 -1 -1 -1 -1 -1 29 -1 -1 -1 27 -1 -1 23 -1 22 25 -1 -1 -1 -1 -1 -1 -1 21 -1 -1 -1 -1 -1 -1 -1 -1 20 19 18 -1 -1 
-1 -1 2 3 4 5 -1 -1 -1 -1 -1 -1 -1 -1 -1 -1 -1 -1 -1 -1 9 -1 6 -1 -1 -1 7 26 -1 -1 -1 28 -1 -1 -1 15 -1 -1 12 -1 -1 -1 10 -1 -1 -1 -1 -1 -1 -1 1 -1 17 -1 -1 -1 -1 -1 29 -1 -1 -1 27 -1 -1 23 -1 22 25 -1 -1 -1 -1 -1 -1 -1 21 -1 -1 -1 -1 -1 -1 -1 -1 20 19 18 -1 -1 
-1 -1 2 3 4 5 -1 -1 -1 -1 -1 -1 -1 -1 -1 -1 -1 -1 -1 -1 9 -1 6 -1 -1 -1 7 26 -1 -1 -1 28 -1 -1 -1 15 -1 -1 12 -1 -1 -1 10 -1 -1 -1 -1 -1 23 -1 1 -1 17 -1 -1 -1 -1 -1 29 -1 -1 -1 27 -1 -1 -1 -1 22 25 -1 -1 -1 -1 -1 -1 -1 21 -1 -1 -1 -1 -1 -1 -1 -1 20 19 18 -1 -1 
-1 -1 2 3 4 5 -1 -1 -1 -1 -1 -1 -1 -1 -1 -1 -1 -1 -1 -1 9 -1 6 -1 -1 -1 7 26 -1 -1 -1 28 -1 -1 -1 15 -1 -1 12 10 -1 -1 -1 -1 -1 -1 -1 -1 23 -1 1 -1 17 -1 -1 -1 -1 -1 29 -1 -1 -1 27 -1 -1 -1 -1 22 25 -1 -1 -1 -1 -1 -1 -1 21 -1 -1 -1 -1 -1 -1 -1 -1 20 19 18 -1 -1 
-1 -1 2 3 4 5 -1 -1 -1 -1 -1 -1 -1 -1 -1 -1 -1 -1 -1 -1 9 -1 6 -1 -1 -1 7 -1 -1 -1 -1 28 -1 -1 -1 26 -1 -1 12 10 -1 -1 -1 -1 -1 -1 -1 -1 23 -1 1 -1 17 -1 -1 -1 -1 -1 29 -1 -1 -1 27 -1 -1 -1 -1 22 25 -1 -1 -1 -1 -1 -1 -1 21 -1 -1 -1 -1 -1 -1 -1 -1 20 19 18 -1 -1 
-1 -1 2 3 4 5 -1 -1 -1 -1 -1 -1 -1 -1 -1 -1 -1 -1 -1 -1 9 -1 6 -1 -1 -1 7 -1 -1 -1 -1 -1 -1 -1 -1 26 -1 -1 12 10 13 -1 -1 -1 -1 -1 -1 -1 23 -1 1 -1 17 -1 -1 -1 -1 -1 29 -1 -1 -1 27 -1 -1 -1 -1 22 25 -1 -1 -1 -1 -1 -1 -1 21 -1 -1 -1 -1 -1 -1 -1 -1 20 19 18 -1 -1 
-1 -1 2 3 4 5 -1 -1 -1 -1 -1 -1 -1 -1 -1 -1 -1 -1 -1 -1 9 -1 6 -1 -1 -1 7 -1 -1 -1 -1 -1 -1 -1 -1 26 -1 -1 12 10 13 23 -1 -1 -1 -1 -1 -1 -1 -1 1 -1 17 -1 -1 -1 -1 -1 29 -1 -1 -1 27 -1 -1 -1 -1 22 25 -1 -1 -1 -1 -1 -1 -1 21 -1 -1 -1 -1 -1 -1 -1 -1 20 19 18 -1 -1 
-1 -1 2 3 4 5 -1 -1 -1 -1 -1 -1 -1 -1 -1 -1 -1 -1 -1 9 -1 -1 6 -1 -1 -1 7 -1 -1 -1 -1 -1 -1 -1 -1 26 -1 -1 12 10 13 23 -1 -1 -1 -1 -1 -1 -1 -1 1 -1 17 -1 -1 -1 -1 -1 29 -1 -1 -1 27 -1 -1 -1 -1 22 25 -1 -1 -1 -1 -1 -1 -1 21 -1 -1 -1 -1 -1 -1 -1 -1 20 19 18 -1 -1 
-1 -1 2 3 4 5 -1 -1 -1 -1 -1 -1 -1 -1 -1 -1 -1 -1 -1 9 -1 -1 6 -1 -1 -1 7 -1 26 -1 -1 -1 -1 -1 -1 -1 -1 -1 12 10 13 23 -1 -1 -1 -1 -1 -1 -1 -1 1 -1 17 -1 -1 -1 -1 -1 29 -1 -1 -1 27 -1 -1 -1 -1 22 25 -1 -1 -1 -1 -1 -1 -1 21 -1 -1 -1 -1 -1 -1 -1 -1 20 19 18 -1 -1 
-1 -1 2 -1 4 5 -1 -1 -1 -1 -1 -1 -1 3 -1 -1 -1 -1 -1 9 -1 -1 6 -1 -1 -1 7 -1 26 -1 -1 -1 -1 -1 -1 -1 -1 -1 12 10 13 23 -1 -1 -1 -1 -1 -1 -1 -1 1 -1 17 -1 -1 -1 -1 -1 29 -1 -1 -1 27 -1 -1 -1 -1 22 25 -1 -1 -1 -1 -1 -1 -1 21 -1 -1 -1 -1 -1 -1 -1 -1 20 19 18 -1 -1 
-1 -1 2 -1 4 5 -1 -1 -1 -1 -1 -1 -1 3 -1 -1 -1 -1 -1 9 -1 -1 6 -1 -1 -1 7 -1 26 -1 -1 -1 -1 -1 23 -1 -1 -1 12 10 13 -1 -1 -1 -1 -1 -1 -1 -1 -1 1 -1 17 -1 -1 -1 -1 -1 29 -1 -1 -1 27 -1 -1 -1 -1 22 25 -1 -1 -1 -1 -1 -1 -1 21 -1 -1 -1 -1 -1 -1 -1 -1 20 19 18 -1 -1 
-1 -1 2 -1 4 5 -1 -1 -1 -1 9 -1 -1 3 -1 -1 -1 -1 -1 -1 -1 -1 6 -1 -1 -1 7 -1 26 -1 -1 -1 -1 -1 23 -1 -1 -1 12 10 13 -1 -1 -1 -1 -1 -1 -1 -1 -1 1 -1 17 -1 -1 -1 -1 -1 29 -1 -1 -1 27 -1 -1 -1 -1 22 25 -1 -1 -1 -1 -1 -1 -1 21 -1 -1 -1 -1 -1 -1 -1 -1 20 19 18 -1 -1 
-1 -1 2 -1 4 5 -1 -1 -1 -1 9 -1 -1 3 -1 -1 -1 -1 -1 -1 -1 -1 6 -1 -1 -1 7 -1 26 -1 -1 -1 -1 -1 23 -1 -1 -1 12 10 13 -1 -1 -1 -1 -1 -1 -1 -1 -1 1 -1 17 -1 -1 -1 -1 -1 29 25 -1 -1 27 -1 -1 -1 -1 22 -1 -1 -1 -1 -1 -1 -1 -1 21 -1 -1 -1 -1 -1 -1 -1 -1 20 19 18 -1 -1 
-1 -1 2 -1 4 5 -1 -1 -1 -1 9 -1 -1 3 -1 -1 -1 -1 -1 -1 -1 -1 6 -1 -1 -1 -1 -1 26 -1 -1 -1 -1 -1 23 -1 -1 -1 12 10 13 -1 -1 7 -1 -1 -1 -1 -1 -1 1 -1 17 -1 -1 -1 -1 -1 29 25 -1 -1 27 -1 -1 -1 -1 22 -1 -1 -1 -1 -1 -1 -1 -1 21 -1 -1 -1 -1 -1 -1 -1 -1 20 19 18 -1 -1 
-1 -1 2 -1 4 5 -1 -1 -1 -1 9 -1 -1 3 -1 -1 -1 -1 -1 -1 -1 -1 6 -1 -1 -1 -1 -1 26 -1 -1 -1 -1 -1 23 -1 -1 -1 12 10 13 -1 -1 7 -1 -1 -1 -1 -1 -1 1 -1 17 27 -1 -1 -1 -1 29 25 -1 -1 -1 -1 -1 -1 -1 22 -1 -1 -1 -1 -1 -1 -1 -1 21 -1 -1 -1 -1 -1 -1 -1 -1 20 19 18 -1 -1 
-1 -1 2 -1 4 5 -1 -1 -1 -1 9 -1 -1 3 -1 -1 -1 -1 -1 -1 -1 -1 6 -1 -1 -1 -1 -1 26 -1 -1 -1 -1 -1 23 -1 -1 -1 12 10 13 -1 -1 7 -1 -1 -1 -1 -1 -1 -1 -1 17 27 -1 -1 -1 -1 29 25 -1 1 -1 -1 -1 -1 -1 22 -1 -1 -1 -1 -1 -1 -1 -1 21 -1 -1 -1 -1 -1 -1 -1 -1 20 19 18 -1 -1 
-1 -1 2 -1 4 5 -1 -1 -1 -1 9 -1 -1 3 -1 -1 -1 -1 -1 -1 -1 -1 6 -1 -1 -1 -1 -1 -1 -1 -1 -1 -1 -1 23 -1 -1 -1 12 10 13 -1 -1 7 -1 -1 -1 -1 -1 -1 -1 -1 17 27 -1 -1 -1 -1 29 25 -1 1 -1 -1 -1 -1 -1 22 -1 -1 -1 -1 -1 26 -1 -1 21 -1 -1 -1 -1 -1 -1 -1 -1 20 19 18 -1 -1 
-1 -1 2 -1 4 5 -1 -1 -1 -1 9 -1 -1 3 -1 -1 -1 -1 -1 -1 -1 -1 6 -1 -1 -1 -1 -1 -1 -1 -1 -1 -1 -1 23 -1 -1 -1 12 10 13 -1 -1 -1 -1 -1 -1 -1 -1 -1 7 -1 17 27 -1 -1 -1 -1 29 25 -1 1 -1 -1 -1 -1 -1 22 -1 -1 -1 -1 -1 26 -1 -1 21 -1 -1 -1 -1 -1 -1 -1 -1 20 19 18 -1 -1 
-1 -1 2 -1 4 5 -1 -1 -1 -1 9 -1 -1 3 -1 -1 -1 -1 -1 -1 -1 -1 6 -1 -1 -1 -1 -1 -1 -1 -1 -1 -1 -1 23 -1 -1 -1 12 10 13 -1 -1 -1 -1 -1 -1 -1 -1 -1 7 -1 17 27 -1 -1 -1 -1 29 25 -1 1 -1 -1 -1 -1 -1 22 -1 -1 -1 -1 -1 -1 -1 26 21 -1 -1 -1 -1 -1 -1 -1 -1 20 19 18 -1 -1 
-1 -1 2 -1 4 5 -1 -1 -1 -1 9 -1 -1 3 -1 -1 -1 -1 -1 -1 -1 -1 6 -1 -1 -1 -1 -1 -1 -1 10 -1 -1 -1 23 -1 -1 -1 12 -1 13 -1 -1 -1 -1 -1 -1 -1 -1 -1 7 -1 17 27 -1 -1 -1 -1 29 25 -1 1 -1 -1 -1 -1 -1 22 -1 -1 -1 -1 -1 -1 -1 26 21 -1 -1 -1 -1 -1 -1 -1 -1 20 19 18 -1 -1 
-1 -1 2 -1 4 5 -1 -1 -1 -1 9 -1 -1 3 -1 -1 -1 -1 -1 -1 -1 -1 6 -1 -1 -1 -1 -1 -1 -1 10 -1 -1 -1 23 -1 -1 -1 12 -1 13 -1 -1 -1 -1 -1 -1 -1 -1 -1 7 -1 17 27 -1 -1 -1 -1 29 -1 25 1 -1 -1 -1 -1 -1 22 -1 -1 -1 -1 -1 -1 -1 26 21 -1 -1 -1 -1 -1 -1 -1 -1 20 19 18 -1 -1 
-1 -1 2 -1 4 5 -1 -1 -1 -1 9 -1 -1 3 -1 -1 -1 -1 -1 -1 -1 -1 6 -1 -1 -1 -1 -1 -1 -1 -1 10 -1 -1 23 -1 -1 -1 12 -1 13 -1 -1 -1 -1 -1 -1 -1 -1 -1 7 -1 17 27 -1 -1 -1 -1 29 -1 25 1 -1 -1 -1 -1 -1 22 -1 -1 -1 -1 -1 -1 -1 26 21 -1 -1 -1 -1 -1 -1 -1 -1 20 19 18 -1 -1 
-1 -1 2 -1 4 5 -1 -1 -1 -1 9 -1 -1 3 -1 25 -1 -1 -1 -1 -1 -1 6 -1 -1 -1 -1 -1 -1 -1 -1 10 -1 -1 23 -1 -1 -1 12 -1 13 -1 -1 -1 -1 -1 -1 -1 -1 -1 7 -1 17 27 -1 -1 -1 -1 29 -1 -1 1 -1 -1 -1 -1 -1 22 -1 -1 -1 -1 -1 -1 -1 26 21 -1 -1 -1 -1 -1 -1 -1 -1 20 19 18 -1 -1 
-1 -1 2 -1 4 5 -1 -1 -1 -1 -1 -1 -1 3 -1 25 -1 -1 -1 -1 -1 -1 6 -1 -1 -1 -1 -1 9 -1 -1 10 -1 -1 23 -1 -1 -1 12 -1 13 -1 -1 -1 -1 -1 -1 -1 -1 -1 7 -1 17 27 -1 -1 -1 -1 29 -1 -1 1 -1 -1 -1 -1 -1 22 -1 -1 -1 -1 -1 -1 -1 26 21 -1 -1 -1 -1 -1 -1 -1 -1 20 19 18 -1 -1 
-1 -1 2 -1 4 5 -1 -1 -1 -1 -1 -1 -1 3 -1 25 -1 -1 -1 -1 -1 -1 6 -1 -1 -1 -1 -1 9 -1 -1 10 -1 -1 -1 -1 -1 -1 12 -1 13 -1 -1 -1 -1 -1 -1 -1 -1 -1 7 23 17 27 -1 -1 -1 -1 29 -1 -1 1 -1 -1 -1 -1 -1 22 -1 -1 -1 -1 -1 -1 -1 26 21 -1 -1 -1 -1 -1 -1 -1 -1 20 19 18 -1 -1 
-1 -1 2 -1 4 5 -1 -1 -1 -1 -1 -1 -1 3 -1 25 -1 -1 -1 -1 -1 -1 6 -1 -1 -1 -1 -1 9 -1 -1 -1 -1 -1 -1 -1 -1 -1 12 -1 13 -1 -1 -1 -1 -1 -1 -1 -1 -1 7 23 17 27 -1 -1 -1 -1 10 -1 -1 1 -1 -1 -1 -1 -1 22 -1 -1 -1 -1 -1 -1 -1 26 21 -1 -1 -1 -1 -1 -1 -1 -1 20 19 18 -1 -1 
-1 -1 2 -1 4 5 -1 -1 -1 -1 -1 -1 -1 3 -1 -1 25 -1 -1 -1 -1 -1 6 -1 -1 -1 -1 -1 9 -1 -1 -1 -1 -1 -1 -1 -1 -1 12 -1 13 -1 -1 -1 -1 -1 -1 -1 -1 -1 7 23 17 27 -1 -1 -1 -1 10 -1 -1 1 -1 -1 -1 -1 -1 22 -1 -1 -1 -1 -1 -1 -1 26 21 -1 -1 -1 -1 -1 -1 -1 -1 20 19 18 -1 -1 
-1 -1 2 -1 4 5 -1 -1 -1 -1 -1 -1 -1 3 -1 -1 25 -1 -1 -1 -1 -1 6 -1 -1 -1 -1 -1 -1 -1 -1 -1 -1 -1 -1 -1 -1 -1 12 -1 13 -1 -1 -1 -1 -1 9 -1 -1 -1 7 23 17 27 -1 -1 -1 -1 10 -1 -1 1 -1 -1 -1 -1 -1 22 -1 -1 -1 -1 -1 -1 -1 26 21 -1 -1 -1 -1 -1 -1 -1 -1 20 19 18 -1 -1 
-1 -1 2 -1 4 5 -1 -1 -1 -1 -1 -1 -1 3 -1 -1 25 -1 -1 -1 -1 -1 6 -1 -1 -1 -1 -1 -1 -1 -1 -1 -1 -1 -1 -1 -1 -1 12 -1 13 -1 -1 -1 -1 -1 9 -1 -1 -1 7 23 17 27 -1 -1 -1 -1 10 -1 -1 1 -1 -1 -1 -1 -1 22 -1 -1 -1 -1 -1 -1 -1 26 21 -1 -1 -1 -1 -1 -1 -1 20 -1 19 18 -1 -1 
-1 -1 2 -1 4 5 -1 -1 -1 -1 -1 -1 -1 3 -1 -1 25 -1 -1 -1 -1 -1 6 -1 -1 -1 -1 -1 -1 -1 -1 -1 -1 -1 -1 -1 -1 -1 12 -1 13 -1 -1 -1 -1 -1 -1 -1 9 -1 7 23 17 27 -1 -1 -1 -1 10 -1 -1 1 -1 -1 -1 -1 -1 22 -1 -1 -1 -1 -1 -1 -1 26 21 -1 -1 -1 -1 -1 -1 -1 20 -1 19 18 -1 -1 
-1 -1 2 -1 4 5 -1 -1 -1 -1 -1 -1 -1 3 -1 -1 25 -1 -1 -1 -1 -1 6 -1 -1 -1 -1 -1 -1 -1 -1 -1 -1 -1 -1 -1 -1 -1 12 -1 13 -1 -1 -1 -1 -1 -1 -1 9 -1 7 23 17 27 -1 -1 -1 -1 10 -1 -1 1 -1 -1 -1 -1 21 22 -1 -1 -1 -1 -1 -1 -1 26 -1 -1 -1 -1 -1 -1 -1 -1 20 -1 19 18 -1 -1 
-1 -1 2 -1 4 5 -1 -1 -1 -1 -1 -1 -1 3 -1 -1 25 -1 -1 -1 -1 -1 6 -1 -1 -1 -1 -1 -1 -1 -1 -1 -1 -1 -1 -1 -1 -1 12 -1 13 -1 -1 -1 -1 -1 -1 -1 -1 -1 7 23 17 27 -1 -1 -1 -1 10 -1 -1 1 -1 -1 -1 -1 21 22 -1 -1 -1 -1 -1 -1 -1 9 -1 -1 -1 -1 -1 -1 -1 -1 20 -1 19 18 -1 -1 
-1 -1 2 -1 4 5 -1 25 -1 -1 -1 -1 -1 3 -1 -1 -1 -1 -1 -1 -1 -1 6 -1 -1 -1 -1 -1 -1 -1 -1 -1 -1 -1 -1 -1 -1 -1 12 -1 13 -1 -1 -1 -1 -1 -1 -1 -1 -1 7 23 17 27 -1 -1 -1 -1 10 -1 -1 1 -1 -1 -1 -1 21 22 -1 -1 -1 -1 -1 -1 -1 9 -1 -1 -1 -1 -1 -1 -1 -1 20 -1 19 18 -1 -1 
-1 -1 2 -1 4 5 6 25 -1 -1 -1 -1 -1 3 -1 -1 -1 -1 -1 -1 -1 -1 -1 -1 -1 -1 -1 -1 -1 -1 -1 -1 -1 -1 -1 -1 -1 -1 12 -1 13 -1 -1 -1 -1 -1 -1 -1 -1 -1 7 23 17 27 -1 -1 -1 -1 10 -1 -1 1 -1 -1 -1 -1 21 22 -1 -1 -1 -1 -1 -1 -1 9 -1 -1 -1 -1 -1 -1 -1 -1 20 -1 19 18 -1 -1 
-1 -1 2 -1 4 5 6 -1 -1 -1 -1 -1 -1 3 -1 -1 -1 -1 -1 -1 -1 -1 -1 -1 -1 -1 -1 -1 -1 -1 -1 -1 -1 -1 -1 -1 -1 -1 12 -1 13 -1 -1 -1 -1 -1 -1 -1 -1 -1 7 23 17 27 -1 -1 -1 -1 10 -1 -1 25 -1 -1 -1 -1 21 22 -1 -1 -1 -1 -1 -1 -1 9 -1 -1 -1 -1 -1 -1 -1 -1 20 -1 19 18 -1 -1 
-1 -1 2 -1 4 5 6 -1 -1 -1 -1 -1 -1 3 -1 -1 -1 -1 -1 -1 -1 -1 -1 -1 -1 -1 -1 -1 -1 -1 -1 -1 -1 -1 -1 -1 -1 -1 12 -1 13 -1 -1 -1 -1 -1 -1 -1 -1 -1 7 23 17 27 -1 -1 -1 10 -1 -1 -1 25 -1 -1 -1 -1 21 22 -1 -1 -1 -1 -1 -1 -1 9 -1 -1 -1 -1 -1 -1 -1 -1 20 -1 19 18 -1 -1 
-1 -1 2 -1 4 5 6 -1 -1 -1 -1 -1 -1 3 -1 -1 -1 -1 -1 -1 -1 -1 -1 -1 -1 -1 -1 -1 -1 -1 -1 -1 -1 -1 -1 -1 -1 -1 12 -1 13 -1 -1 -1 -1 -1 -1 -1 -1 -1 7 23 17 27 -1 -1 -1 10 -1 -1 -1 25 -1 -1 -1 -1 21 22 -1 -1 -1 -1 -1 -1 -1 9 -1 -1 -1 -1 -1 -1 -1 -1 -1 20 19 18 -1 -1 
-1 -1 2 -1 4 5 6 -1 -1 -1 -1 -1 -1 3 -1 -1 -1 -1 -1 -1 -1 -1 -1 -1 -1 -1 -1 -1 -1 -1 -1 -1 -1 -1 -1 -1 -1 -1 12 -1 13 -1 -1 -1 -1 -1 -1 -1 -1 -1 7 23 17 27 -1 -1 -1 -1 -1 -1 10 25 -1 -1 -1 -1 21 22 -1 -1 -1 -1 -1 -1 -1 9 -1 -1 -1 -1 -1 -1 -1 -1 -1 20 19 18 -1 -1 
-1 -1 2 -1 4 5 6 -1 -1 -1 -1 -1 -1 3 -1 -1 -1 -1 -1 -1 -1 -1 -1 -1 -1 -1 -1 -1 -1 -1 -1 -1 -1 -1 -1 -1 -1 -1 12 -1 13 -1 -1 -1 -1 -1 -1 -1 -1 -1 7 23 17 27 -1 -1 -1 -1 -1 -1 10 25 -1 -1 -1 -1 21 22 -1 -1 -1 -1 -1 -1 -1 9 19 -1 -1 -1 -1 -1 -1 -1 -1 20 -1 18 -1 -1 
-1 -1 2 -1 4 5 6 -1 -1 -1 -1 -1 -1 3 -1 -1 -1 -1 -1 -1 -1 -1 -1 -1 -1 -1 -1 -1 -1 -1 -1 -1 -1 -1 -1 -1 -1 -1 12 -1 13 -1 -1 -1 -1 -1 -1 -1 -1 -1 7 23 17 27 -1 -1 -1 -1 -1 -1 10 25 -1 -1 -1 -1 21 22 -1 -1 -1 -1 -1 9 -1 -1 19 -1 -1 -1 -1 -1 -1 -1 -1 20 -1 18 -1 -1 
-1 -1 2 -1 4 5 6 -1 -1 -1 -1 -1 -1 3 -1 -1 -1 -1 -1 -1 -1 -1 -1 -1 -1 -1 -1 -1 -1 -1 -1 -1 -1 -1 -1 -1 -1 -1 12 -1 13 -1 -1 -1 -1 31 -1 -1 -1 -1 7 23 17 27 -1 -1 -1 -1 -1 -1 10 25 -1 -1 -1 -1 21 22 -1 -1 -1 -1 -1 9 -1 -1 19 -1 -1 -1 -1 -1 -1 -1 -1 20 -1 18 -1 -1 
-1 -1 2 -1 4 5 6 -1 -1 -1 -1 -1 -1 3 -1 -1 -1 -1 -1 -1 -1 -1 -1 -1 -1 -1 -1 -1 -1 -1 -1 -1 -1 -1 -1 -1 -1 -1 12 -1 13 -1 -1 -1 -1 31 -1 -1 -1 -1 7 23 17 27 -1 -1 -1 -1 -1 -1 10 25 -1 -1 -1 -1 21 22 -1 -1 -1 -1 -1 -1 -1 -1 19 -1 -1 -1 -1 -1 9 -1 -1 20 -1 18 -1 -1 
-1 -1 2 -1 4 5 6 -1 -1 -1 -1 -1 -1 3 -1 -1 -1 -1 -1 -1 -1 -1 -1 -1 -1 -1 -1 -1 -1 -1 -1 -1 -1 -1 -1 -1 31 -1 12 -1 13 -1 -1 -1 -1 -1 -1 -1 -1 -1 7 23 17 27 -1 -1 -1 -1 -1 -1 10 25 -1 -1 -1 -1 21 22 -1 -1 -1 -1 -1 -1 -1 -1 19 -1 -1 -1 -1 -1 9 -1 -1 20 -1 18 -1 -1 
-1 -1 2 -1 4 5 6 -1 -1 -1 -1 -1 -1 3 -1 -1 -1 -1 -1 -1 -1 -1 -1 -1 -1 -1 -1 -1 -1 -1 -1 -1 -1 -1 -1 -1 31 -1 -1 -1 13 -1 -1 -1 -1 -1 -1 12 -1 -1 7 23 17 27 -1 -1 -1 -1 -1 -1 10 25 -1 -1 -1 -1 21 22 -1 -1 -1 -1 -1 -1 -1 -1 19 -1 -1 -1 -1 -1 9 -1 -1 20 -1 18 -1 -1 
-1 -1 2 -1 4 5 6 -1 -1 -1 -1 -1 -1 3 -1 -1 -1 -1 -1 -1 -1 -1 -1 -1 -1 -1 -1 -1 -1 -1 -1 -1 -1 -1 -1 17 31 -1 -1 -1 13 -1 -1 -1 -1 -1 -1 12 -1 -1 7 23 -1 27 -1 -1 -1 -1 -1 -1 10 25 -1 -1 -1 -1 21 22 -1 -1 -1 -1 -1 -1 -1 -1 19 -1 -1 -1 -1 -1 9 -1 -1 20 -1 18 -1 -1 
-1 -1 2 -1 4 5 6 -1 -1 -1 -1 -1 -1 3 -1 -1 -1 -1 -1 -1 -1 -1 -1 -1 -1 -1 -1 -1 -1 -1 -1 -1 -1 -1 -1 17 31 -1 -1 -1 13 -1 -1 -1 -1 -1 -1 12 -1 -1 7 23 -1 27 10 -1 -1 -1 -1 -1 -1 25 -1 -1 -1 -1 21 22 -1 -1 -1 -1 -1 -1 -1 -1 19 -1 -1 -1 -1 -1 9 -1 -1 20 -1 18 -1 -1 
-1 -1 2 -1 4 5 6 -1 -1 -1 -1 -1 -1 3 -1 -1 -1 -1 -1 -1 -1 -1 -1 -1 -1 -1 -1 -1 -1 -1 -1 -1 -1 -1 -1 17 31 -1 -1 -1 13 -1 -1 -1 -1 -1 -1 12 -1 -1 7 23 -1 27 10 -1 -1 -1 -1 -1 -1 25 -1 -1 -1 -1 21 22 19 -1 -1 -1 -1 -1 -1 -1 -1 -1 -1 -1 -1 -1 9 -1 -1 20 -1 18 -1 -1 
-1 -1 2 -1 4 5 6 -1 -1 -1 -1 -1 -1 3 -1 -1 -1 -1 -1 -1 -1 -1 -1 -1 -1 -1 -1 -1 -1 -1 -1 -1 -1 -1 -1 17 31 -1 -1 -1 13 -1 -1 -1 -1 -1 -1 12 -1 -1 7 23 -1 27 -1 -1 -1 -1 -1 -1 -1 25 -1 -1 -1 -1 21 22 19 -1 -1 -1 -1 -1 -1 -1 -1 -1 -1 -1 -1 10 9 -1 -1 20 -1 18 -1 -1 
-1 -1 2 -1 4 5 6 -1 -1 -1 -1 -1 -1 3 -1 -1 -1 -1 -1 -1 -1 -1 -1 -1 -1 -1 -1 -1 -1 -1 -1 -1 -1 -1 -1 17 31 -1 -1 -1 13 -1 -1 -1 -1 -1 -1 12 -1 -1 7 23 -1 27 -1 -1 -1 -1 -1 -1 -1 25 -1 -1 -1 -1 21 22 19 -1 -1 -1 -1 -1 -1 -1 20 -1 -1 -1 -1 10 9 -1 -1 -1 -1 18 -1 -1 
-1 -1 2 -1 4 5 6 -1 -1 -1 -1 -1 -1 3 -1 -1 -1 -1 -1 -1 -1 -1 -1 -1 -1 -1 -1 -1 -1 -1 -1 -1 -1 -1 -1 17 31 -1 -1 -1 13 -1 -1 -1 -1 -1 -1 -1 -1 -1 7 23 -1 27 -1 -1 12 -1 -1 -1 -1 25 -1 -1 -1 -1 21 22 19 -1 -1 -1 -1 -1 -1 -1 20 -1 -1 -1 -1 10 9 -1 -1 -1 -1 18 -1 -1 
-1 -1 2 -1 4 5 6 -1 -1 -1 -1 -1 -1 3 -1 -1 17 -1 -1 -1 -1 -1 -1 -1 -1 -1 -1 -1 -1 -1 -1 -1 -1 -1 -1 -1 31 -1 -1 -1 13 -1 -1 -1 -1 -1 -1 -1 -1 -1 7 23 -1 27 -1 -1 12 -1 -1 -1 -1 25 -1 -1 -1 -1 21 22 19 -1 -1 -1 -1 -1 -1 -1 20 -1 -1 -1 -1 10 9 -1 -1 -1 -1 18 -1 -1 
-1 -1 2 -1 4 5 6 -1 -1 -1 -1 -1 -1 3 -1 -1 17 -1 -1 -1 -1 -1 -1 -1 -1 -1 -1 -1 -1 -1 -1 -1 -1 -1 -1 -1 31 -1 -1 -1 13 -1 -1 -1 -1 -1 -1 -1 -1 -1 7 23 -1 27 -1 -1 12 -1 -1 -1 -1 25 -1 -1 -1 -1 21 22 19 -1 -1 -1 10 -1 -1 -1 20 -1 -1 -1 -1 -1 9 -1 -1 -1 -1 18 -1 -1 
-1 -1 2 -1 4 5 6 -1 -1 -1 -1 -1 -1 3 -1 -1 17 -1 -1 -1 -1 -1 -1 -1 -1 -1 -1 -1 -1 -1 -1 -1 -1 -1 -1 -1 31 -1 -1 -1 13 -1 -1 -1 -1 -1 -1 -1 -1 -1 7 23 -1 27 -1 -1 12 -1 -1 -1 25 -1 -1 -1 -1 -1 21 22 19 -1 -1 -1 10 -1 -1 -1 20 -1 -1 -1 -1 -1 9 -1 -1 -1 -1 18 -1 -1 
-1 -1 -1 -1 4 5 6 -1 -1 -1 -1 -1 -1 3 -1 -1 17 -1 -1 -1 -1 -1 2 -1 -1 -1 -1 -1 -1 -1 -1 -1 -1 -1 -1 -1 31 -1 -1 -1 13 -1 -1 -1 -1 -1 -1 -1 -1 -1 7 23 -1 27 -1 -1 12 -1 -1 -1 25 -1 -1 -1 -1 -1 21 22 19 -1 -1 -1 10 -1 -1 -1 20 -1 -1 -1 -1 -1 9 -1 -1 -1 -1 18 -1 -1 
-1 -1 -1 -1 4 5 6 -1 -1 -1 -1 -1 -1 3 -1 -1 -1 -1 -1 -1 -1 -1 2 -1 -1 -1 -1 -1 -1 -1 -1 -1 -1 17 -1 -1 31 -1 -1 -1 13 -1 -1 -1 -1 -1 -1 -1 -1 -1 7 23 -1 27 -1 -1 12 -1 -1 -1 25 -1 -1 -1 -1 -1 21 22 19 -1 -1 -1 10 -1 -1 -1 20 -1 -1 -1 -1 -1 9 -1 -1 -1 -1 18 -1 -1 
-1 -1 -1 -1 4 5 6 -1 -1 -1 -1 -1 -1 3 -1 -1 -1 -1 -1 -1 -1 -1 2 -1 -1 -1 -1 -1 -1 -1 -1 -1 -1 17 -1 -1 31 -1 -1 -1 -1 -1 -1 -1 -1 -1 -1 -1 -1 13 7 23 -1 27 -1 -1 12 -1 -1 -1 25 -1 -1 -1 -1 -1 21 22 19 -1 -1 -1 10 -1 -1 -1 20 -1 -1 -1 -1 -1 9 -1 -1 -1 -1 18 -1 -1 
-1 -1 -1 -1 4 5 6 -1 -1 -1 -1 -1 -1 3 -1 -1 -1 -1 -1 -1 -1 -1 2 -1 -1 -1 -1 -1 -1 -1 -1 -1 -1 -1 -1 -1 31 -1 -1 -1 -1 -1 -1 -1 -1 -1 -1 -1 -1 13 17 23 -1 27 -1 -1 12 -1 -1 -1 25 -1 -1 -1 -1 -1 21 22 19 -1 -1 -1 10 -1 -1 -1 20 -1 -1 -1 -1 -1 9 -1 -1 -1 -1 18 -1 -1 
-1 -1 -1 -1 4 5 6 -1 -1 -1 -1 -1 -1 3 -1 -1 -1 -1 -1 -1 -1 -1 2 -1 -1 -1 -1 -1 -1 -1 -1 -1 -1 -1 -1 -1 31 -1 -1 -1 -1 -1 -1 -1 -1 -1 -1 -1 -1 -1 13 23 -1 27 -1 -1 12 -1 -1 -1 25 -1 -1 -1 -1 -1 21 22 19 -1 -1 -1 10 -1 -1 -1 20 -1 -1 -1 -1 -1 9 -1 -1 -1 -1 18 -1 -1 
-1 -1 -1 -1 4 5 6 -1 -1 -1 -1 -1 -1 3 -1 -1 -1 -1 -1 -1 -1 -1 2 -1 -1 -1 -1 -1 -1 -1 -1 -1 23 -1 -1 -1 31 -1 -1 -1 -1 -1 -1 -1 -1 -1 -1 -1 -1 -1 13 -1 -1 27 -1 -1 12 -1 -1 -1 25 -1 -1 -1 -1 -1 21 22 19 -1 -1 -1 10 -1 -1 -1 20 -1 -1 -1 -1 -1 9 -1 -1 -1 -1 18 -1 -1 
-1 -1 -1 -1 4 5 6 -1 -1 -1 -1 -1 -1 3 -1 -1 -1 -1 -1 -1 -1 -1 2 -1 -1 -1 -1 -1 -1 -1 -1 -1 23 -1 -1 -1 31 -1 -1 -1 -1 -1 -1 -1 -1 -1 -1 -1 -1 -1 13 -1 -1 27 -1 -1 -1 -1 -1 -1 25 -1 -1 -1 -1 12 21 22 19 -1 -1 -1 10 -1 -1 -1 20 -1 -1 -1 -1 -1 9 -1 -1 -1 -1 18 -1 -1 
-1 -1 -1 -1 4 5 6 -1 -1 -1 -1 -1 -1 3 -1 -1 -1 -1 -1 -1 -1 -1 2 -1 -1 -1 -1 -1 -1 -1 -1 -1 23 -1 -1 -1 31 -1 -1 -1 -1 -1 -1 -1 -1 -1 -1 -1 -1 -1 13 -1 -1 27 -1 -1 -1 25 -1 -1 -1 -1 -1 -1 -1 12 21 22 19 -1 -1 -1 10 -1 -1 -1 20 -1 -1 -1 -1 -1 9 -1 -1 -1 -1 18 -1 -1 
-1 -1 -1 -1 4 5 6 -1 -1 -1 -1 -1 -1 3 -1 -1 -1 -1 -1 -1 -1 -1 2 -1 -1 -1 -1 -1 -1 -1 -1 -1 23 -1 -1 -1 31 -1 -1 -1 -1 -1 -1 -1 -1 -1 -1 -1 -1 -1 13 -1 -1 27 -1 -1 -1 25 -1 -1 -1 -1 -1 -1 -1 -1 12 22 19 -1 -1 -1 10 -1 -1 -1 20 -1 -1 -1 -1 -1 9 -1 -1 -1 -1 18 -1 -1 
-1 -1 -1 -1 4 5 6 -1 -1 -1 -1 -1 -1 3 -1 -1 -1 -1 -1 -1 -1 -1 2 -1 -1 -1 -1 -1 -1 -1 -1 -1 23 17 -1 -1 31 -1 -1 -1 -1 -1 -1 -1 -1 -1 -1 -1 -1 -1 -1 -1 -1 27 -1 -1 -1 25 -1 -1 -1 -1 -1 -1 -1 -1 12 22 19 -1 -1 -1 10 -1 -1 -1 20 -1 -1 -1 -1 -1 9 -1 -1 -1 -1 18 -1 -1 
-1 -1 -1 4 -1 5 6 -1 -1 -1 -1 -1 -1 3 -1 -1 -1 -1 -1 -1 -1 -1 2 -1 -1 -1 -1 -1 -1 -1 -1 -1 23 17 -1 -1 31 -1 -1 -1 -1 -1 -1 -1 -1 -1 -1 -1 -1 -1 -1 -1 -1 27 -1 -1 -1 25 -1 -1 -1 -1 -1 -1 -1 -1 12 22 19 -1 -1 -1 10 -1 -1 -1 20 -1 -1 -1 -1 -1 9 -1 -1 -1 -1 18 -1 -1 
-1 -1 -1 4 -1 5 6 -1 -1 -1 -1 -1 -1 3 -1 -1 -1 -1 -1 -1 -1 -1 2 -1 -1 -1 -1 -1 -1 -1 -1 -1 23 -1 -1 -1 31 -1 -1 -1 -1 -1 -1 -1 -1 -1 -1 -1 -1 -1 17 -1 -1 27 -1 -1 -1 25 -1 -1 -1 -1 -1 -1 -1 -1 12 22 19 -1 -1 -1 10 -1 -1 -1 20 -1 -1 -1 -1 -1 9 -1 -1 -1 -1 18 -1 -1 
-1 -1 -1 -1 4 5 6 -1 -1 -1 -1 -1 -1 3 -1 -1 -1 -1 -1 -1 -1 -1 2 -1 -1 -1 -1 -1 -1 -1 -1 -1 23 -1 -1 -1 31 -1 -1 -1 -1 -1 -1 -1 -1 -1 -1 -1 -1 -1 17 -1 -1 27 -1 -1 -1 25 -1 -1 -1 -1 -1 -1 -1 -1 12 22 19 -1 -1 -1 10 -1 -1 -1 20 -1 -1 -1 -1 -1 9 -1 -1 -1 -1 18 -1 -1 
-1 -1 -1 -1 4 5 6 -1 -1 -1 -1 -1 -1 3 -1 -1 -1 -1 -1 -1 -1 -1 2 -1 -1 -1 -1 -1 -1 -1 -1 -1 23 17 -1 -1 31 -1 -1 -1 -1 -1 -1 -1 -1 -1 -1 -1 -1 -1 -1 -1 -1 27 -1 -1 -1 25 -1 -1 -1 -1 -1 -1 -1 -1 12 22 19 -1 -1 -1 10 -1 -1 -1 20 -1 -1 -1 -1 -1 9 -1 -1 -1 -1 18 -1 -1 
-1 -1 -1 4 -1 5 6 -1 -1 -1 -1 -1 -1 3 -1 -1 -1 -1 -1 -1 -1 -1 2 -1 -1 -1 -1 -1 -1 -1 -1 -1 23 17 -1 -1 31 -1 -1 -1 -1 -1 -1 -1 -1 -1 -1 -1 -1 -1 -1 -1 -1 27 -1 -1 -1 25 -1 -1 -1 -1 -1 -1 -1 -1 12 22 19 -1 -1 -1 10 -1 -1 -1 20 -1 -1 -1 -1 -1 9 -1 -1 -1 -1 18 -1 -1 
-1 -1 -1 4 -1 5 6 -1 -1 -1 -1 -1 -1 3 -1 -1 -1 -1 -1 -1 -1 -1 2 -1 -1 -1 -1 -1 -1 -1 -1 -1 23 -1 -1 -1 31 -1 -1 -1 -1 -1 -1 -1 -1 -1 -1 -1 -1 -1 17 -1 -1 27 -1 -1 -1 25 -1 -1 -1 -1 -1 -1 -1 -1 12 22 19 -1 -1 -1 10 -1 -1 -1 20 -1 -1 -1 -1 -1 9 -1 -1 -1 -1 18 -1 -1 
-1 -1 -1 -1 4 5 6 -1 -1 -1 -1 -1 -1 3 -1 -1 -1 -1 -1 -1 -1 -1 2 -1 -1 -1 -1 -1 -1 -1 -1 -1 23 -1 -1 -1 31 -1 -1 -1 -1 -1 -1 -1 -1 -1 -1 -1 -1 -1 17 -1 -1 27 -1 -1 -1 25 -1 -1 -1 -1 -1 -1 -1 -1 12 22 19 -1 -1 -1 10 -1 -1 -1 20 -1 -1 -1 -1 -1 9 -1 -1 -1 -1 18 -1 -1 
-1 -1 -1 -1 4 5 6 -1 -1 -1 -1 -1 -1 3 -1 -1 -1 -1 -1 -1 -1 -1 2 -1 -1 -1 -1 -1 -1 -1 -1 -1 23 -1 -1 -1 -1 31 -1 -1 -1 -1 -1 -1 -1 -1 -1 -1 -1 -1 17 -1 -1 27 -1 -1 -1 25 -1 -1 -1 -1 -1 -1 -1 -1 12 22 19 -1 -1 -1 10 -1 -1 -1 20 -1 -1 -1 -1 -1 9 -1 -1 -1 -1 18 -1 -1 
-1 -1 -1 -1 4 5 6 -1 -1 -1 -1 -1 -1 3 -1 -1 -1 -1 -1 -1 -1 -1 2 -1 -1 -1 -1 -1 -1 -1 -1 -1 23 -1 -1 -1 -1 31 -1 -1 -1 -1 -1 -1 -1 -1 -1 -1 -1 -1 17 -1 -1 27 -1 -1 -1 25 -1 -1 -1 -1 -1 -1 -1 -1 12 22 19 -1 -1 -1 10 9 -1 -1 20 -1 -1 -1 -1 -1 -1 -1 -1 -1 -1 18 -1 -1 
-1 -1 -1 -1 4 5 6 -1 -1 -1 -1 -1 -1 3 -1 -1 -1 -1 -1 -1 -1 -1 2 -1 -1 -1 -1 -1 -1 -1 -1 -1 23 -1 -1 -1 -1 31 -1 -1 -1 -1 -1 -1 -1 -1 -1 -1 -1 -1 17 -1 -1 27 -1 -1 -1 25 -1 -1 -1 -1 -1 -1 -1 -1 12 22 19 -1 -1 -1 10 9 -1 -1 -1 -1 -1 -1 -1 -1 -1 -1 -1 20 -1 18 -1 -1 
-1 -1 -1 -1 4 5 6 -1 -1 -1 -1 -1 -1 3 -1 -1 -1 -1 -1 -1 -1 -1 2 -1 -1 -1 -1 -1 -1 -1 -1 -1 23 -1 -1 -1 -1 31 -1 -1 -1 -1 -1 -1 -1 -1 -1 -1 -1 -1 17 -1 -1 27 -1 -1 -1 25 -1 -1 -1 -1 -1 -1 -1 -1 -1 22 19 -1 -1 -1 10 9 -1 12 -1 -1 -1 -1 -1 -1 -1 -1 -1 20 -1 18 -1 -1 
-1 -1 -1 -1 4 5 6 -1 -1 -1 -1 -1 -1 3 -1 -1 -1 -1 -1 -1 -1 -1 2 -1 -1 -1 -1 -1 -1 -1 -1 -1 23 -1 -1 -1 -1 31 -1 -1 -1 -1 -1 -1 -1 -1 -1 -1 -1 -1 17 -1 -1 27 -1 -1 -1 25 -1 -1 -1 -1 -1 -1 -1 -1 -1 22 19 -1 -1 -1 10 9 -1 12 -1 -1 -1 -1 -1 -1 -1 -1 -1 -1 20 18 -1 -1 
-1 -1 -1 -1 4 5 6 -1 -1 -1 -1 -1 -1 3 -1 -1 -1 -1 -1 -1 -1 -1 2 -1 -1 -1 -1 -1 -1 -1 -1 -1 23 -1 -1 -1 -1 31 -1 -1 -1 -1 -1 -1 -1 -1 -1 -1 -1 -1 -1 -1 -1 27 -1 -1 -1 25 -1 13 -1 -1 -1 -1 -1 -1 -1 22 19 -1 -1 -1 10 9 -1 12 -1 -1 -1 -1 -1 -1 -1 -1 -1 -1 20 18 -1 -1 
-1 -1 -1 -1 4 5 6 -1 -1 -1 -1 -1 -1 3 -1 -1 -1 -1 -1 -1 -1 -1 2 -1 -1 -1 -1 -1 -1 -1 -1 -1 23 -1 -1 -1 -1 31 -1 -1 -1 -1 -1 -1 -1 -1 -1 -1 -1 -1 -1 -1 -1 27 -1 -1 -1 25 -1 13 -1 -1 -1 -1 -1 -1 -1 17 19 -1 -1 -1 10 9 -1 12 -1 -1 -1 -1 -1 -1 -1 -1 -1 -1 20 18 -1 -1 
-1 -1 -1 -1 4 5 6 -1 -1 -1 -1 -1 -1 3 -1 -1 -1 -1 -1 -1 -1 -1 2 -1 -1 -1 -1 -1 -1 -1 -1 -1 23 -1 -1 -1 -1 31 -1 -1 -1 -1 -1 -1 -1 -1 -1 -1 -1 -1 -1 -1 -1 27 -1 -1 -1 25 -1 13 -1 -1 -1 -1 -1 -1 -1 17 19 -1 -1 -1 10 -1 -1 12 -1 -1 -1 -1 -1 -1 9 -1 -1 -1 20 18 -1 -1 
