0 1 2 3 4 5 6 7 8 -1 -1 -1 -1 -1 -1 -1 -1 -1 -1 9 -1 -1 -1 -1 -1 10 -1 11 -1 12 -1 28 -1 14 -1 15 -1 -1 -1 -1 -1 -1 -1 -1 -1 -1 -1 -1 -1 -1 -1 -1 -1 -1 -1 -1 -1 -1 29 -1 -1 -1 27 -1 26 -1 -1 25 -1 -1 -1 -1 -1 -1 -1 -1 -1 -1 -1 -1 -1 24 23 22 21 20 19 18 17 16 
0 1 2 3 4 5 6 -1 8 -1 -1 -1 -1 -1 -1 -1 -1 -1 -1 9 -1 -1 -1 -1 7 10 -1 11 -1 12 -1 28 -1 14 -1 15 -1 -1 -1 -1 -1 -1 -1 -1 -1 -1 -1 -1 -1 -1 -1 -1 -1 -1 -1 -1 -1 -1 29 -1 -1 -1 27 -1 26 -1 -1 25 -1 -1 -1 -1 -1 -1 -1 -1 -1 -1 -1 -1 -1 24 23 22 21 20 19 18 17 16 
0 1 2 3 4 5 6 -1 8 -1 -1 -1 -1 -1 -1 -1 -1 -1 -1 9 -1 -1 -1 -1 7 10 -1 11 -1 12 -1 28 -1 14 -1 15 -1 -1 -1 -1 -1 -1 -1 -1 -1 -1 -1 -1 -1 -1 -1 -1 -1 -1 -1 -1 -1 -1 29 -1 -1 -1 27 -1 26 -1 -1 25 -1 17 -1 -1 -1 -1 -1 -1 -1 -1 -1 -1 -1 24 23 22 21 20 19 18 -1 16 
0 1 2 3 4 5 6 8 -1 -1 -1 -1 -1 -1 -1 -1 -1 -1 -1 9 -1 -1 -1 -1 7 10 -1 11 -1 12 -1 28 -1 14 -1 15 -1 -1 -1 -1 -1 -1 -1 -1 -1 -1 -1 -1 -1 -1 -1 -1 -1 -1 -1 -1 -1 -1 29 -1 -1 -1 27 -1 26 -1 -1 25 -1 17 -1 -1 -1 -1 -1 -1 -1 -1 -1 -1 -1 24 23 22 21 20 19 18 -1 16 
0 1 2 3 4 5 6 8 -1 -1 -1 -1 -1 -1 -1 -1 -1 -1 -1 9 -1 -1 -1 -1 7 10 -1 11 -1 12 -1 28 -1 14 -1 15 -1 -1 -1 -1 -1 -1 -1 -1 -1 -1 -1 -1 -1 -1 -1 -1 -1 -1 -1 -1 -1 -1 29 -1 -1 -1 27 -1 26 -1 -1 25 -1 17 -1 -1 -1 -1 -1 -1 -1 -1 -1 -1 -1 24 23 22 21 20 19 18 16 -1 
0 1 2 3 4 5 6 8 -1 -1 -1 -1 -1 -1 -1 -1 -1 -1 -1 9 -1 -1 -1 -1 7 10 -1 11 -1 -1 -1 28 -1 14 -1 15 -1 -1 12 -1 -1 -1 -1 -1 -1 -1 -1 -1 -1 -1 -1 -1 -1 -1 -1 -1 -1 -1 29 -1 -1 -1 27 -1 26 -1 -1 25 -1 17 -1 -1 -1 -1 -1 -1 -1 -1 -1 -1 -1 24 23 22 21 20 19 18 16 -1 
0 1 2 3 4 5 6 8 -1 -1 -1 -1 -1 -1 -1 -1 -1 -1 -1 9 -1 -1 -1 -1 7 10 -1 11 -1 -1 -1 28 -1 14 -1 15 -1 -1 12 -1 -1 -1 -1 -1 -1 -1 -1 -1 -1 -1 -1 28 -1 -1 -1 -1 -1 -1 29 -1 -1 -1 27 -1 26 -1 -1 25 -1 17 -1 -1 -1 -1 -1 -1 -1 -1 -1 -1 -1 24 23 22 21 20 19 18 16 -1 
0 -1 2 3 4 5 6 8 -1 -1 -1 -1 -1 -1 -1 -1 -1 -1 -1 9 1 -1 -1 -1 7 10 -1 11 -1 -1 -1 28 -1 14 -1 15 -1 -1 12 -1 -1 -1 -1 -1 -1 -1 -1 -1 -1 -1 -1 28 -1 -1 -1 -1 -1 -1 29 -1 -1 -1 27 -1 26 -1 -1 25 -1 17 -1 -1 -1 -1 -1 -1 -1 -1 -1 -1 -1 24 23 22 21 20 19 18 16 -1 
0 -1 2 3 4 5 6 8 -1 -1 -1 -1 -1 -1 -1 -1 -1 -1 -1 9 1 -1 -1 -1 7 10 -1 11 -1 -1 -1 28 -1 14 -1 15 -1 -1 12 -1 -1 -1 -1 -1 -1 -1 -1 -1 -1 -1 -1 28 -1 -1 -1 -1 -1 -1 29 -1 -1 -1 27 23 26 -1 -1 25 -1 17 -1 -1 -1 -1 -1 -1 -1 -1 -1 -1 -1 24 -1 22 21 20 19 18 16 -1 
0 -1 2 3 4 5 6 8 -1 -1 -1 -1 -1 -1 -1 -1 -1 -1 -1 9 1 -1 -1 -1 7 10 -1 -1 -1 -1 -1 28 -1 14 -1 15 11 -1 12 -1 -1 -1 -1 -1 -1 -1 -1 -1 -1 -1 -1 28 -1 -1 -1 -1 -1 -1 29 -1 -1 -1 27 23 26 -1 -1 25 -1 17 -1 -1 -1 -1 -1 -1 -1 -1 -1 -1 -1 24 -1 22 21 20 19 18 16 -1 
0 -1 2 3 4 5 6 8 -1 -1 -1 -1 -1 -1 -1 -1 -1 -1 -1 9 1 -1 -1 -1 7 10 -1 -1 26 -1 -1 28 -1 14 -1 15 11 -1 12 -1 -1 -1 -1 -1 -1 -1 -1 -1 -1 -1 -1 28 -1 -1 -1 -1 -1 -1 29 -1 -1 -1 27 23 -1 -1 -1 25 -1 17 -1 -1 -1 -1 -1 -1 -1 -1 -1 -1 -1 24 -1 22 21 20 19 18 16 -1 
0 -1 2 3 4 5 -1 8 -1 -1 -1 -1 -1 -1 -1 -1 -1 -1 -1 9 1 -1 6 -1 7 10 -1 -1 26 -1 -1 28 -1 14 -1 15 11 -1 12 -1 -1 -1 -1 -1 -1 -1 -1 -1 -1 -1 -1 28 -1 -1 -1 -1 -1 -1 29 -1 -1 -1 27 23 -1 -1 -1 25 -1 17 -1 -1 -1 -1 -1 -1 -1 -1 -1 -1 -1 24 -1 22 21 20 19 18 16 -1 
0 -1 2 3 4 5 -1 8 -1 -1 -1 -1 -1 -1 -1 -1 -1 -1 -1 9 1 -1 6 -1 7 10 -1 -1 -1 -1 -1 28 -1 26 -1 15 11 -1 12 -1 -1 -1 -1 -1 -1 -1 -1 -1 -1 -1 -1 28 -1 -1 -1 -1 -1 -1 29 -1 -1 -1 27 23 -1 -1 -1 25 -1 17 -1 -1 -1 -1 -1 -1 -1 -1 -1 -1 -1 24 -1 22 21 20 19 18 16 -1 
-1 0 2 3 4 5 -1 8 -1 -1 -1 -1 -1 -1 -1 -1 -1 -1 -1 9 1 -1 6 -1 7 10 -1 -1 -1 -1 -1 28 -1 26 -1 15 11 -1 12 -1 -1 -1 -1 -1 -1 -1 -1 -1 -1 -1 -1 28 -1 -1 -1 -1 -1 -1 29 -1 -1 -1 27 23 -1 -1 -1 25 -1 17 -1 -1 -1 -1 -1 -1 -1 -1 -1 -1 -1 24 -1 22 21 20 19 18 16 -1 
-1 0 2 3 4 5 -1 8 -1 -1 -1 -1 -1 -1 -1 -1 -1 -1 -1 9 1 -1 6 -1 7 10 -1 -1 -1 -1 -1 28 -1 26 -1 15 11 -1 12 -1 -1 -1 -1 -1 -1 -1 -1 -1 -1 -1 -1 28 -1 -1 -1 -1 -1 -1 29 -1 -1 -1 27 23 -1 -1 -1 25 -1 17 -1 -1 24 -1 -1 -1 -1 -1 -1 -1 -1 -1 -1 22 21 20 19 18 16 -1 
-1 0 2 3 4 5 -1 8 -1 -1 -1 -1 -1 -1 -1 -1 -1 -1 9 -1 1 -1 6 -1 7 10 -1 -1 -1 -1 -1 28 -1 26 -1 15 11 -1 12 -1 -1 -1 -1 -1 -1 -1 -1 -1 -1 -1 -1 28 -1 -1 -1 -1 -1 -1 29 -1 -1 -1 27 23 -1 -1 -1 25 -1 17 -1 -1 24 -1 -1 -1 -1 -1 -1 -1 -1 -1 -1 22 21 20 19 18 16 -1 
-1 0 2 3 4 5 -1 8 -1 -1 -1 -1 -1 -1 -1 -1 -1 -1 9 -1 1 -1 6 -1 7 10 -1 -1 -1 -1 -1 28 -1 26 -1 15 11 -1 12 -1 -1 -1 -1 -1 -1 -1 -1 -1 -1 -1 -1 28 -1 -1 -1 -1 -1 -1 29 -1 -1 -1 27 23 -1 -1 -1 25 -1 17 -1 -1 -1 -1 -1 -1 -1 24 -1 -1 -1 -1 -1 22 21 20 19 18 16 -1 
-1 0 2 3 4 -1 -1 8 -1 -1 -1 -1 -1 5 -1 -1 -1 -1 9 -1 1 -1 6 -1 7 10 -1 -1 -1 -1 -1 28 -1 26 -1 15 11 -1 12 -1 -1 -1 -1 -1 -1 -1 -1 -1 -1 -1 -1 28 -1 -1 -1 -1 -1 -1 29 -1 -1 -1 27 23 -1 -1 -1 25 -1 17 -1 -1 -1 -1 -1 -1 -1 24 -1 -1 -1 -1 -1 22 21 20 19 18 16 -1 
-1 0 2 3 4 -1 -1 8 -1 -1 -1 -1 -1 5 -1 -1 -1 -1 9 -1 1 -1 6 -1 7 10 -1 -1 -1 -1 -1 28 -1 26 16 15 11 -1 12 -1 -1 -1 -1 -1 -1 -1 -1 -1 -1 -1 -1 28 -1 -1 -1 -1 -1 -1 29 -1 -1 -1 27 23 -1 -1 -1 25 -1 17 -1 -1 -1 -1 -1 -1 -1 24 -1 -1 -1 -1 -1 22 21 20 19 18 -1 -1 
-1 -1 2 3 4 -1 -1 8 -1 -1 -1 -1 -1 5 -1 -1 -1 -1 9 -1 1 -1 6 -1 7 10 -1 -1 -1 -1 -1 28 -1 26 16 15 11 -1 12 -1 -1 -1 -1 -1 -1 -1 0 -1 -1 -1 -1 28 -1 -1 -1 -1 -1 -1 29 -1 -1 -1 27 23 -1 -1 -1 25 -1 17 -1 -1 -1 -1 -1 -1 -1 24 -1 -1 -1 -1 -1 22 21 20 19 18 -1 -1 
-1 -1 2 3 4 -1 -1 8 -1 -1 -1 -1 -1 5 -1 -1 -1 -1 9 -1 1 -1 6 -1 7 10 -1 -1 -1 -1 -1 28 -1 26 16 15 11 -1 12 -1 -1 -1 -1 -1 -1 -1 0 -1 -1 -1 -1 28 -1 -1 -1 -1 -1 -1 29 -1 -1 -1 27 23 -1 -1 -1 25 -1 17 -1 18 -1 -1 -1 -1 -1 24 -1 -1 -1 -1 -1 22 21 20 19 -1 -1 -1 
-1 -1 2 3 4 -1 -1 8 -1 -1 -1 -1 -1 5 -1 -1 -1 -1 9 -1 1 -1 6 -1 7 10 -1 -1 -1 -1 -1 28 -1 26 16 15 11 -1 12 -1 -1 -1 -1 -1 -1 -1 -1 -1 -1 -1 -1 28 -1 -1 -1 -1 -1 -1 29 -1 -1 -1 27 23 0 -1 -1 25 -1 17 -1 18 -1 -1 -1 -1 -1 24 -1 -1 -1 -1 -1 22 21 20 19 -1 -1 -1 
-1 -1 2 3 4 -1 -1 8 -1 -1 -1 -1 -1 5 -1 -1 -1 -1 9 -1 1 -1 6 -1 7 10 -1 -1 -1 -1 -1 28 -1 26 16 15 11 -1 12 -1 -1 -1 28 -1 -1 -1 -1 -1 -1 -1 -1 -1 -1 -1 -1 -1 -1 -1 29 -1 -1 -1 27 23 0 -1 -1 25 -1 17 -1 18 -1 -1 -1 -1 -1 24 -1 -1 -1 -1 -1 22 21 20 19 -1 -1 -1 
-1 -1 2 3 4 -1 -1 8 -1 -1 -1 -1 -1 5 -1 -1 -1 -1 9 -1 1 -1 -1 -1 7 10 -1 -1 -1 -1 -1 28 -1 26 16 15 11 -1 12 -1 -1 -1 6 -1 -1 -1 -1 -1 -1 -1 -1 -1 -1 -1 -1 -1 -1 -1 29 -1 -1 -1 27 23 0 -1 -1 25 -1 17 -1 18 -1 -1 -1 -1 -1 24 -1 -1 -1 -1 -1 22 21 20 19 -1 -1 -1 
-1 -1 2 3 4 -1 -1 8 -1 -1 -1 -1 -1 5 -1 -1 -1 -1 9 -1 1 -1 -1 -1 7 10 -1 -1 -1 -1 -1 28 26 -1 16 15 11 -1 12 -1 -1 -1 6 -1 -1 -1 -1 -1 -1 -1 -1 -1 -1 -1 -1 -1 -1 -1 29 -1 -1 -1 27 23 0 -1 -1 25 -1 17 -1 18 -1 -1 -1 -1 -1 24 -1 -1 -1 -1 -1 22 21 20 19 -1 -1 -1 
-1 -1 -1 3 4 -1 -1 8 -1 -1 -1 -1 -1 5 -1 -1 -1 -1 9 -1 1 -1 2 -1 7 10 -1 -1 -1 -1 -1 28 26 -1 16 15 11 -1 12 -1 -1 -1 6 -1 -1 -1 -1 -1 -1 -1 -1 -1 -1 -1 -1 -1 -1 -1 29 -1 -1 -1 27 23 0 -1 -1 25 -1 17 -1 18 -1 -1 -1 -1 -1 24 -1 -1 -1 -1 -1 22 21 20 19 -1 -1 -1 
-1 -1 -1 3 4 -1 -1 8 -1 -1 -1 -1 -1 5 -1 -1 -1 -1 9 -1 1 -1 2 -1 7 10 -1 -1 -1 -1 -1 28 26 -1 16 15 11 -1 12 -1 -1 -1 6 -1 -1 -1 -1 -1 -1 -1 17 -1 -1 -1 -1 -1 -1 -1 29 -1 -1 -1 27 23 0 -1 -1 25 -1 -1 -1 18 -1 -1 -1 -1 -1 24 -1 -1 -1 -1 -1 22 21 20 19 -1 -1 -1 
-1 -1 -1 3 4 -1 -1 8 -1 -1 -1 -1 -1 5 -1 -1 -1 -1 9 -1 1 -1 2 -1 7 10 -1 -1 -1 -1 -1 28 26 -1 16 -1 11 -1 12 -1 -1 -1 6 -1 15 -1 -1 -1 -1 -1 17 -1 -1 -1 -1 -1 -1 -1 29 -1 -1 -1 27 23 0 -1 -1 25 -1 -1 -1 18 -1 -1 -1 -1 -1 24 -1 -1 -1 -1 -1 22 21 20 19 -1 -1 -1 
-1 -1 -1 3 4 -1 -1 8 -1 -1 -1 -1 -1 5 -1 -1 -1 -1 9 -1 1 -1 2 -1 7 10 -1 -1 -1 -1 -1 28 26 -1 16 -1 11 -1 12 -1 -1 -1 6 -1 15 -1 -1 -1 -1 -1 17 -1 -1 -1 -1 -1 -1 -1 29 -1 -1 -1 27 23 0 -1 -1 -1 -1 25 -1 18 -1 -1 -1 -1 -1 24 -1 -1 -1 -1 -1 22 21 20 19 -1 -1 -1 
-1 -1 -1 3 4 -1 -1 8 -1 -1 -1 -1 -1 5 -1 -1 -1 -1 9 -1 1 -1 2 -1 7 -1 10 -1 -1 -1 -1 28 26 -1 16 -1 11 -1 12 -1 -1 -1 6 -1 15 -1 -1 -1 -1 -1 17 -1 -1 -1 -1 -1 -1 -1 29 -1 -1 -1 27 23 0 -1 -1 -1 -1 25 -1 18 -1 -1 -1 -1 -1 24 -1 -1 -1 -1 -1 22 21 20 19 -1 -1 -1 
-1 -1 -1 3 4 -1 -1 8 -1 -1 -1 -1 -1 5 -1 -1 -1 -1 9 -1 1 -1 2 -1 7 -1 10 -1 -1 -1 -1 28 26 -1 16 -1 11 -1 12 -1 -1 -1 6 -1 15 -1 -1 -1 -1 -1 17 -1 -1 -1 -1 -1 -1 -1 29 -1 -1 -1 27 23 0 -1 -1 -1 -1 25 -1 18 -1 -1 -1 -1 -1 -1 -1 24 -1 -1 -1 22 21 20 19 -1 -1 -1 
-1 -1 -1 3 4 -1 -1 -1 -1 -1 -1 -1 -1 5 -1 -1 -1 -1 9 -1 1 -1 2 -1 7 -1 10 -1 -1 -1 -1 28 26 -1 8 -1 11 -1 12 -1 -1 -1 6 -1 15 -1 -1 -1 -1 -1 17 -1 -1 -1 -1 -1 -1 -1 29 -1 -1 -1 27 23 0 -1 -1 -1 -1 25 -1 18 -1 -1 -1 -1 -1 -1 -1 24 -1 -1 -1 22 21 20 19 -1 -1 -1 
-1 -1 -1 3 4 -1 -1 -1 -1 -1 -1 -1 -1 5 -1 -1 -1 -1 9 -1 1 -1 2 -1 7 -1 10 -1 -1 -1 -1 28 26 -1 -1 -1 11 -1 12 -1 -1 -1 6 -1 15 -1 -1 -1 -1 -1 17 -1 -1 -1 -1 -1 -1 -1 29 -1 -1 -1 27 23 0 -1 -1 -1 -1 25 -1 18 -1 -1 -1 -1 -1 -1 -1 24 -1 -1 -1 22 21 20 19 -1 -1 -1 
-1 -1 -1 3 4 -1 -1 -1 -1 -1 -1 -1 -1 5 -1 -1 -1 -1 9 -1 1 -1 2 -1 7 -1 10 -1 -1 -1 -1 28 26 -1 -1 -1 11 -1 12 -1 -1 -1 6 -1 15 -1 0 -1 -1 -1 17 -1 -1 -1 -1 -1 -1 -1 29 -1 -1 -1 27 23 -1 -1 -1 -1 -1 25 -1 18 -1 -1 -1 -1 -1 -1 -1 24 -1 -1 -1 22 21 20 19 -1 -1 -1 
-1 -1 -1 3 4 -1 -1 -1 -1 -1 -1 -1 -1 5 -1 -1 -1 -1 9 -1 1 -1 2 -1 7 -1 10 -1 -1 -1 -1 28 26 -1 -1 -1 11 -1 12 -1 -1 -1 6 -1 15 -1 0 -1 -1 -1 -1 -1 -1 -1 -1 -1 -1 -1 29 -1 -1 17 27 23 -1 -1 -1 -1 -1 25 -1 18 -1 -1 -1 -1 -1 -1 -1 24 -1 -1 -1 22 21 20 19 -1 -1 -1 
-1 -1 -1 3 4 -1 -1 -1 -1 -1 -1 -1 -1 5 -1 -1 -1 -1 9 -1 1 -1 2 -1 7 -1 10 -1 -1 -1 -1 28 26 -1 -1 -1 11 -1 12 -1 -1 -1 6 -1 15 -1 -1 -1 -1 -1 -1 0 -1 -1 -1 -1 -1 -1 29 -1 -1 17 27 23 -1 -1 -1 -1 -1 25 -1 18 -1 -1 -1 -1 -1 -1 -1 24 -1 -1 -1 22 21 20 19 -1 -1 -1 
-1 -1 -1 3 4 -1 -1 -1 -1 -1 -1 -1 -1 5 -1 -1 -1 -1 9 -1 1 -1 2 -1 7 -1 10 -1 -1 -1 -1 28 -1 26 -1 -1 11 -1 12 -1 -1 -1 6 -1 15 -1 -1 -1 -1 -1 -1 0 -1 -1 -1 -1 -1 -1 29 -1 -1 17 27 23 -1 -1 -1 -1 -1 25 -1 18 -1 -1 -1 -1 -1 -1 -1 24 -1 -1 -1 22 21 20 19 -1 -1 -1 
-1 -1 -1 3 4 -1 -1 -1 -1 -1 -1 -1 -1 5 -1 -1 -1 -1 9 -1 1 -1 2 -1 7 -1 10 -1 -1 -1 -1 28 -1 26 -1 -1 11 -1 12 -1 -1 -1 6 -1 15 -1 -1 -1 0 -1 -1 -1 -1 -1 -1 -1 -1 -1 29 -1 -1 17 27 23 -1 -1 -1 -1 -1 25 -1 18 -1 -1 -1 -1 -1 -1 -1 24 -1 -1 -1 22 21 20 19 -1 -1 -1 
-1 -1 -1 3 4 -1 -1 -1 -1 -1 -1 -1 -1 5 -1 -1 -1 -1 9 -1 1 -1 2 -1 7 -1 10 -1 -1 -1 -1 28 -1 26 -1 -1 11 -1 12 -1 -1 -1 6 -1 17 -1 -1 -1 0 -1 -1 -1 -1 -1 -1 -1 -1 -1 29 -1 -1 -1 27 23 -1 -1 -1 -1 -1 25 -1 18 -1 -1 -1 -1 -1 -1 -1 24 -1 -1 -1 22 21 20 19 -1 -1 -1 
-1 -1 -1 3 4 -1 -1 -1 -1 -1 -1 -1 -1 5 -1 -1 -1 -1 9 -1 -1 -1 2 -1 7 -1 10 -1 -1 -1 -1 28 -1 26 -1 -1 11 -1 12 1 -1 -1 6 -1 17 -1 -1 -1 0 -1 -1 -1 -1 -1 -1 -1 -1 -1 29 -1 -1 -1 27 23 -1 -1 -1 -1 -1 25 -1 18 -1 -1 -1 -1 -1 -1 -1 24 -1 -1 -1 22 21 20 19 -1 -1 -1 
-1 -1 -1 3 4 -1 -1 -1 -1 -1 -1 -1 -1 5 -1 -1 -1 -1 9 -1 -1 -1 2 -1 7 -1 10 -1 -1 -1 -1 28 -1 26 -1 -1 11 -1 12 1 -1 -1 6 -1 17 -1 -1 -1 0 -1 -1 -1 -1 -1 -1 -1 -1 -1 29 -1 -1 -1 27 23 -1 -1 -1 -1 -1 25 -1 -1 -1 -1 -1 -1 -1 -1 -1 24 -1 -1 -1 22 21 20 19 18 -1 -1 
-1 -1 -1 3 4 -1 -1 -1 -1 -1 -1 -1 -1 5 -1 -1 -1 -1 9 -1 -1 -1 2 -1 7 -1 10 -1 -1 -1 -1 28 -1 26 -1 -1 11 -1 12 1 -1 -1 6 -1 17 -1 -1 -1 -1 -1 0 -1 -1 -1 -1 -1 -1 -1 29 -1 -1 -1 27 23 -1 -1 -1 -1 -1 25 -1 -1 -1 -1 -1 -1 -1 -1 -1 24 -1 -1 -1 22 21 20 19 18 -1 -1 
-1 -1 -1 3 4 -1 -1 -1 -1 -1 -1 -1 -1 5 -1 -1 16 -1 9 -1 -1 -1 2 -1 7 -1 10 -1 -1 -1 -1 28 -1 26 -1 -1 11 -1 12 1 -1 -1 6 -1 17 -1 -1 -1 -1 -1 0 -1 -1 -1 -1 -1 -1 -1 29 -1 -1 -1 27 23 -1 -1 -1 -1 -1 25 -1 -1 -1 -1 -1 -1 -1 -1 -1 24 -1 -1 -1 22 21 20 19 18 -1 -1 
-1 -1 -1 3 4 -1 -1 -1 -1 -1 -1 -1 -1 5 -1 -1 16 10 9 -1 -1 -1 2 -1 7 -1 -1 -1 -1 -1 -1 28 -1 26 -1 -1 11 -1 12 1 -1 -1 6 -1 17 -1 -1 -1 -1 -1 0 -1 -1 -1 -1 -1 -1 -1 29 -1 -1 -1 27 23 -1 -1 -1 -1 -1 25 -1 -1 -1 -1 -1 -1 -1 -1 -1 24 -1 -1 -1 22 21 20 19 18 -1 -1 
-1 -1 -1 3 4 -1 -1 -1 -1 -1 -1 -1 -1 5 -1 -1 16 10 9 -1 -1 -1 2 -1 7 -1 -1 -1 -1 -1 -1 28 -1 -1 26 -1 11 -1 12 1 -1 -1 6 -1 17 -1 -1 -1 -1 -1 0 -1 -1 -1 -1 -1 -1 -1 29 -1 -1 -1 27 23 -1 -1 -1 -1 -1 25 -1 -1 -1 -1 -1 -1 -1 -1 -1 24 -1 -1 -1 22 21 20 19 18 -1 -1 
-1 -1 -1 3 4 -1 -1 -1 -1 -1 -1 -1 -1 5 -1 -1 10 -1 9 -1 -1 -1 2 -1 7 -1 -1 -1 -1 -1 -1 28 -1 -1 26 -1 11 -1 12 1 -1 -1 6 -1 17 -1 -1 -1 -1 -1 0 -1 -1 -1 -1 -1 -1 -1 29 -1 -1 -1 27 23 -1 -1 -1 -1 -1 25 -1 -1 -1 -1 -1 -1 -1 -1 -1 24 -1 -1 -1 22 21 20 19 18 -1 -1 
-1 -1 -1 3 4 -1 -1 -1 -1 -1 -1 -1 -1 5 -1 -1 10 -1 9 -1 -1 -1 2 -1 7 17 -1 -1 -1 -1 -1 28 -1 -1 26 -1 11 -1 12 1 -1 -1 6 -1 -1 -1 -1 -1 -1 -1 0 -1 -1 -1 -1 -1 -1 -1 29 -1 -1 -1 27 23 -1 -1 -1 -1 -1 25 -1 -1 -1 -1 -1 -1 -1 -1 -1 24 -1 -1 -1 22 21 20 19 18 -1 -1 
-1 -1 -1 3 4 -1 -1 -1 -1 -1 -1 -1 -1 5 -1 -1 -1 -1 9 -1 -1 -1 2 -1 7 17 -1 -1 -1 -1 -1 28 -1 -1 10 -1 11 -1 12 1 -1 -1 6 -1 -1 -1 -1 -1 -1 -1 0 -1 -1 -1 -1 -1 -1 -1 29 -1 -1 -1 27 23 -1 -1 -1 -1 -1 25 -1 -1 -1 -1 -1 -1 -1 -1 -1 24 -1 -1 -1 22 21 20 19 18 -1 -1 
-1 -1 -1 3 4 -1 -1 -1 -1 -1 -1 -1 -1 5 -1 -1 -1 -1 9 -1 -1 -1 2 -1 7 17 -1 -1 -1 -1 -1 28 -1 -1 10 -1 11 -1 12 1 -1 -1 6 -1 -1 -1 -1 -1 -1 -1 0 -1 -1 -1 -1 -1 -1 -1 29 -1 -1 -1 27 23 -1 -1 -1 -1 -1 25 -1 -1 -1 -1 -1 -1 -1 -1 -1 24 -1 -1 -1 22 21 20 19 18 -1 -1 
-1 -1 -1 3 4 -1 -1 -1 -1 -1 -1 -1 -1 5 -1 -1 -1 -1 9 -1 -1 -1 2 -1 7 17 -1 -1 -1 -1 -1 28 -1 -1 10 -1 11 -1 12 -1 -1 -1 6 -1 -1 -1 -1 -1 -1 -1 0 -1 -1 -1 -1 -1 -1 -1 1 -1 -1 -1 27 23 -1 -1 -1 -1 -1 25 -1 -1 -1 -1 -1 -1 -1 -1 -1 24 -1 -1 -1 22 21 20 19 18 -1 -1 
-1 -1 -1 3 4 -1 -1 -1 -1 -1 -1 -1 -1 5 -1 -1 -1 -1 9 -1 -1 -1 2 -1 7 17 -1 -1 -1 -1 -1 28 -1 -1 10 -1 11 -1 12 -1 -1 -1 6 -1 -1 -1 -1 -1 -1 -1 0 -1 -1 -1 -1 -1 -1 -1 1 -1 -1 -1 27 23 25 -1 -1 -1 -1 -1 -1 -1 -1 -1 -1 -1 -1 -1 -1 24 -1 -1 -1 22 21 20 19 18 -1 -1 
-1 -1 -1 3 4 -1 -1 -1 -1 -1 -1 -1 -1 5 -1 -1 -1 -1 9 -1 -1 -1 2 -1 7 17 -1 -1 -1 -1 -1 28 -1 -1 10 -1 11 -1 12 -1 -1 -1 6 -1 -1 -1 -1 -1 -1 -1 0 -1 -1 -1 -1 -1 -1 -1 -1 -1 -1 -1 27 23 25 -1 -1 -1 -1 -1 -1 -1 -1 -1 -1 1 -1 -1 -1 24 -1 -1 -1 22 21 20 19 18 -1 -1 
-1 25 -1 3 4 -1 -1 -1 -1 -1 -1 -1 -1 5 -1 -1 -1 -1 9 -1 -1 -1 2 -1 7 17 -1 -1 -1 -1 -1 28 -1 -1 10 -1 11 -1 12 -1 -1 -1 6 -1 -1 -1 -1 -1 -1 -1 0 -1 -1 -1 -1 -1 -1 -1 -1 -1 -1 -1 27 23 -1 -1 -1 -1 -1 -1 -1 -1 -1 -1 -1 1 -1 -1 -1 24 -1 -1 -1 22 21 20 19 18 -1 -1 
-1 25 2 3 4 -1 -1 -1 -1 -1 -1 -1 -1 5 -1 -1 -1 -1 9 -1 -1 -1 -1 -1 7 17 -1 -1 -1 -1 -1 28 -1 -1 10 -1 11 -1 12 -1 -1 -1 6 -1 -1 -1 -1 -1 -1 -1 0 -1 -1 -1 -1 -1 -1 -1 -1 -1 -1 -1 27 23 -1 -1 -1 -1 -1 -1 -1 -1 -1 -1 -1 1 -1 -1 -1 24 -1 -1 -1 22 21 20 19 18 -1 -1 
-1 25 2 3 4 -1 -1 -1 -1 -1 -1 -1 -1 5 -1 -1 -1 -1 9 -1 -1 -1 -1 -1 7 17 -1 -1 -1 -1 -1 28 -1 -1 10 -1 11 -1 12 -1 -1 -1 6 -1 -1 -1 -1 -1 -1 -1 0 -1 -1 -1 -1 -1 -1 -1 -1 -1 -1 -1 27 23 -1 -1 -1 -1 -1 -1 -1 -1 -1 -1 -1 1 21 -1 -1 24 -1 -1 -1 22 -1 20 19 18 -1 -1 
-1 25 2 3 4 -1 -1 -1 -1 -1 -1 -1 -1 5 -1 -1 -1 -1 9 -1 -1 -1 -1 -1 7 17 -1 -1 -1 -1 -1 28 -1 -1 10 -1 11 -1 12 -1 -1 -1 6 -1 -1 -1 0 -1 -1 -1 -1 -1 -1 -1 -1 -1 -1 -1 -1 -1 -1 -1 27 23 -1 -1 -1 -1 -1 -1 -1 -1 -1 -1 -1 1 21 -1 -1 24 -1 -1 -1 22 -1 20 19 18 -1 -1 
25 -1 2 3 4 -1 -1 -1 -1 -1 -1 -1 -1 5 -1 -1 -1 -1 9 -1 -1 -1 -1 -1 7 17 -1 -1 -1 -1 -1 28 -1 -1 10 -1 11 -1 12 -1 -1 -1 6 -1 -1 -1 0 -1 -1 -1 -1 -1 -1 -1 -1 -1 -1 -1 -1 -1 -1 -1 27 23 -1 -1 -1 -1 -1 -1 -1 -1 -1 -1 -1 1 21 -1 -1 24 -1 -1 -1 22 -1 20 19 18 -1 -1 
25 -1 2 3 4 -1 -1 -1 -1 -1 -1 -1 -1 5 -1 -1 -1 -1 -1 -1 -1 -1 -1 -1 7 9 -1 -1 -1 -1 -1 28 -1 -1 10 -1 11 -1 12 -1 -1 -1 6 -1 -1 -1 0 -1 -1 -1 -1 -1 -1 -1 -1 -1 -1 -1 -1 -1 -1 -1 27 23 -1 -1 -1 -1 -1 -1 -1 -1 -1 -1 -1 1 21 -1 -1 24 -1 -1 -1 22 -1 20 19 18 -1 -1 
25 -1 2 3 4 -1 -1 -1 -1 -1 -1 -1 -1 5 -1 -1 -1 -1 -1 -1 -1 -1 -1 -1 7 9 -1 -1 -1 -1 -1 28 -1 -1 10 -1 11 -1 12 -1 -1 -1 6 -1 -1 -1 0 -1 -1 -1 -1 -1 -1 -1 -1 -1 -1 -1 -1 -1 -1 -1 27 23 -1 -1 -1 -1 -1 -1 -1 -1 -1 -1 -1 1 21 -1 -1 24 -1 -1 -1 22 -1 20 19 18 -1 -1 
25 -1 2 3 4 -1 -1 -1 -1 -1 -1 -1 -1 5 -1 -1 -1 -1 -1 -1 -1 -1 -1 -1 -1 9 -1 -1 -1 -1 -1 28 -1 -1 10 -1 11 -1 12 -1 -1 7 6 -1 -1 -1 0 -1 -1 -1 -1 -1 -1 -1 -1 -1 -1 -1 -1 -1 -1 -1 27 23 -1 -1 -1 -1 -1 -1 -1 -1 -1 -1 -1 1 21 -1 -1 24 -1 -1 -1 22 -1 20 19 18 -1 -1 
25 -1 2 3 4 -1 -1 -1 -1 -1 -1 -1 -1 5 -1 -1 -1 -1 -1 -1 -1 -1 -1 -1 -1 9 -1 -1 -1 -1 -1 28 -1 -1 10 -1 11 -1 12 -1 -1 7 6 -1 -1 -1 0 -1 -1 -1 -1 -1 -1 -1 -1 -1 -1 -1 -1 -1 -1 -1 27 23 -1 -1 -1 -1 -1 -1 -1 -1 -1 -1 -1 1 21 -1 -1 24 -1 -1 -1 22 -1 20 19 18 -1 -1 
25 -1 2 3 4 5 -1 -1 -1 -1 -1 -1 -1 -1 -1 -1 -1 -1 -1 -1 -1 -1 -1 -1 -1 9 -1 -1 -1 -1 -1 28 -1 -1 10 -1 11 -1 12 -1 -1 7 6 -1 -1 -1 0 -1 -1 -1 -1 -1 -1 -1 -1 -1 -1 -1 -1 -1 -1 -1 27 23 -1 -1 -1 -1 -1 -1 -1 -1 -1 -1 -1 1 21 -1 -1 24 -1 -1 -1 22 -1 20 19 18 -1 -1 
-1 -1 2 25 4 5 -1 -1 -1 -1 -1 -1 -1 -1 -1 -1 -1 -1 -1 -1 -1 -1 -1 -1 -1 9 -1 -1 -1 -1 -1 28 -1 -1 10 -1 11 -1 12 -1 -1 7 6 -1 -1 -1 0 -1 -1 -1 -1 -1 -1 -1 -1 -1 -1 -1 -1 -1 -1 -1 27 23 -1 -1 -1 -1 -1 -1 -1 -1 -1 -1 -1 1 21 -1 -1 24 -1 -1 -1 22 -1 20 19 18 -1 -1 
-1 -1 2 25 4 5 -1 -1 -1 -1 -1 -1 -1 -1 -1 -1 -1 -1 -1 -1 -1 -1 -1 -1 -1 9 -1 -1 -1 -1 -1 28 -1 -1 10 -1 11 -1 12 -1 -1 7 6 -1 -1 -1 -1 -1 -1 -1 -1 -1 -1 -1 -1 -1 -1 -1 -1 -1 -1 -1 27 23 0 -1 -1 -1 -1 -1 -1 -1 -1 -1 -1 1 21 -1 -1 24 -1 -1 -1 22 -1 20 19 18 -1 -1 
-1 -1 2 -1 4 5 -1 -1 -1 -1 -1 -1 -1 -1 -1 -1 -1 -1 -1 -1 -1 -1 -1 -1 -1 9 -1 -1 -1 -1 -1 28 -1 -1 10 -1 11 -1 12 -1 -1 7 6 -1 -1 -1 -1 -1 -1 -1 -1 -1 -1 -1 -1 -1 -1 -1 -1 -1 -1 -1 27 23 0 -1 25 -1 -1 -1 -1 -1 -1 -1 -1 1 21 -1 -1 24 -1 -1 -1 22 -1 20 19 18 -1 -1 
-1 -1 2 -1 4 5 -1 -1 -1 -1 -1 -1 -1 -1 -1 -1 -1 -1 -1 -1 -1 -1 -1 -1 -1 9 -1 -1 -1 -1 -1 28 -1 -1 10 -1 11 -1 12 -1 -1 -1 6 -1 -1 -1 -1 -1 7 -1 -1 -1 -1 -1 -1 -1 -1 -1 -1 -1 -1 -1 27 23 0 -1 25 -1 -1 -1 -1 -1 -1 -1 -1 1 21 -1 -1 24 -1 -1 -1 22 -1 20 19 18 -1 -1 
-1 -1 2 -1 4 5 -1 -1 -1 -1 -1 -1 -1 -1 -1 -1 -1 -1 -1 -1 -1 -1 -1 -1 -1 9 -1 -1 -1 -1 -1 28 -1 -1 10 -1 11 -1 12 -1 -1 -1 6 -1 -1 -1 -1 -1 7 -1 -1 -1 -1 -1 -1 -1 -1 -1 -1 -1 -1 -1 27 23 0 -1 -1 -1 25 -1 -1 -1 -1 -1 -1 1 21 -1 -1 24 -1 -1 -1 22 -1 20 19 18 -1 -1 
-1 -1 2 -1 4 5 -1 -1 -1 -1 -1 -1 -1 -1 -1 -1 -1 -1 -1 -1 -1 -1 -1 -1 -1 9 -1 -1 -1 -1 -1 28 -1 -1 10 -1 11 -1 12 -1 -1 -1 6 -1 -1 -1 -1 -1 7 -1 -1 -1 -1 -1 -1 -1 1 -1 -1 -1 -1 -1 27 23 0 -1 -1 -1 25 -1 -1 -1 -1 -1 -1 -1 21 -1 -1 24 -1 -1 -1 22 -1 20 19 18 -1 -1 
-1 -1 2 -1 4 5 -1 -1 -1 -1 -1 -1 -1 -1 -1 -1 -1 -1 -1 -1 -1 -1 -1 -1 -1 9 -1 -1 -1 -1 -1 28 -1 -1 10 -1 11 -1 12 -1 -1 -1 6 -1 -1 -1 -1 -1 7 -1 -1 -1 -1 -1 -1 -1 1 -1 -1 -1 -1 -1 27 23 0 -1 -1 18 25 -1 -1 -1 -1 -1 -1 -1 21 -1 -1 24 -1 -1 -1 22 -1 20 19 -1 -1 -1 
-1 -1 2 -1 4 5 -1 -1 -1 -1 -1 -1 -1 -1 -1 -1 -1 -1 -1 -1 -1 -1 -1 -1 -1 9 -1 -1 -1 -1 -1 28 -1 -1 10 -1 11 -1 12 -1 -1 -1 6 -1 -1 -1 -1 -1 7 -1 -1 -1 -1 -1 -1 0 1 -1 -1 -1 -1 -1 27 23 -1 -1 -1 18 25 -1 -1 -1 -1 -1 -1 -1 21 -1 -1 24 -1 -1 -1 22 -1 20 19 -1 -1 -1 
-1 -1 2 -1 4 5 -1 16 -1 -1 -1 -1 -1 -1 -1 -1 -1 -1 -1 -1 -1 -1 -1 -1 -1 9 -1 -1 -1 -1 -1 28 -1 -1 10 -1 11 -1 12 -1 -1 -1 6 -1 -1 -1 -1 -1 7 -1 -1 -1 -1 -1 -1 0 1 -1 -1 -1 -1 -1 27 23 -1 -1 -1 18 25 -1 -1 -1 -1 -1 -1 -1 21 -1 -1 24 -1 -1 -1 22 -1 20 19 -1 -1 -1 
-1 -1 2 -1 4 5 -1 16 -1 -1 -1 -1 -1 -1 -1 -1 -1 -1 -1 -1 -1 -1 -1 -1 -1 9 -1 -1 -1 -1 -1 28 -1 -1 10 -1 11 -1 12 -1 -1 -1 6 -1 -1 -1 -1 -1 -1 -1 -1 -1 -1 -1 -1 0 1 -1 -1 7 -1 -1 27 23 -1 -1 -1 18 25 -1 -1 -1 -1 -1 -1 -1 21 -1 -1 24 -1 -1 -1 22 -1 20 19 -1 -1 -1 
-1 -1 2 -1 4 16 -1 -1 -1 -1 -1 -1 -1 -1 -1 -1 -1 -1 -1 -1 -1 -1 -1 -1 -1 9 -1 -1 -1 -1 -1 28 -1 -1 10 -1 11 -1 12 -1 -1 -1 6 -1 -1 -1 -1 -1 -1 -1 -1 -1 -1 -1 -1 0 1 -1 -1 7 -1 -1 27 23 -1 -1 -1 18 25 -1 -1 -1 -1 -1 -1 -1 21 -1 -1 24 -1 -1 -1 22 -1 20 19 -1 -1 -1 
-1 -1 2 -1 4 16 -1 -1 -1 -1 -1 -1 -1 -1 -1 -1 -1 -1 -1 -1 -1 -1 -1 -1 -1 9 -1 -1 -1 -1 -1 28 -1 -1 10 -1 11 -1 12 -1 -1 -1 6 -1 -1 -1 -1 -1 -1 -1 -1 -1 -1 -1 -1 0 -1 -1 -1 7 -1 -1 27 23 -1 -1 -1 18 25 -1 -1 -1 -1 1 -1 -1 21 -1 -1 24 -1 -1 -1 22 -1 20 19 -1 -1 -1 
-1 -1 2 -1 4 -1 -1 -1 -1 -1 -1 -1 -1 -1 -1 -1 -1 -1 -1 -1 -1 -1 -1 -1 -1 9 -1 -1 -1 -1 -1 28 -1 -1 10 -1 11 -1 12 -1 -1 -1 6 -1 -1 -1 -1 -1 -1 -1 -1 -1 -1 -1 -1 0 -1 -1 -1 7 -1 -1 27 23 -1 -1 -1 18 25 -1 -1 -1 -1 1 -1 -1 21 -1 -1 24 -1 -1 -1 22 -1 20 19 -1 -1 -1 
-1 -1 2 -1 -1 -1 -1 -1 -1 -1 -1 -1 -1 4 -1 -1 -1 -1 -1 -1 -1 -1 -1 -1 -1 9 -1 -1 -1 -1 -1 28 -1 -1 10 -1 11 -1 12 -1 -1 -1 6 -1 -1 -1 -1 -1 -1 -1 -1 -1 -1 -1 -1 0 -1 -1 -1 7 -1 -1 27 23 -1 -1 -1 18 25 -1 -1 -1 -1 1 -1 -1 21 -1 -1 24 -1 -1 -1 22 -1 20 19 -1 -1 -1 
-1 -1 2 -1 -1 -1 -1 -1 -1 -1 -1 -1 -1 4 -1 -1 -1 -1 -1 -1 -1 -1 -1 -1 -1 9 -1 -1 -1 -1 -1 28 -1 -1 10 -1 11 -1 12 -1 -1 -1 6 -1 -1 -1 -1 -1 -1 -1 -1 -1 -1 -1 -1 0 -1 -1 -1 7 -1 -1 27 23 -1 -1 -1 18 25 -1 -1 -1 -1 1 -1 -1 21 -1 -1 24 -1 -1 -1 22 -1 20 19 -1 -1 -1 
-1 -1 2 -1 -1 -1 -1 -1 -1 -1 -1 -1 -1 4 -1 -1 -1 -1 -1 -1 -1 -1 6 -1 -1 9 -1 -1 -1 -1 -1 28 -1 -1 10 -1 11 -1 12 -1 -1 -1 -1 -1 -1 -1 -1 -1 -1 -1 -1 -1 -1 -1 -1 0 -1 -1 -1 7 -1 -1 27 23 -1 -1 -1 18 25 -1 -1 -1 -1 1 -1 -1 21 -1 -1 24 -1 -1 -1 22 -1 20 19 -1 -1 -1 
-1 -1 2 -1 -1 -1 -1 -1 -1 -1 -1 -1 -1 4 -1 -1 -1 -1 -1 -1 -1 -1 6 -1 -1 9 -1 -1 -1 -1 -1 28 -1 -1 10 -1 11 -1 12 -1 -1 -1 -1 -1 -1 -1 -1 -1 -1 -1 -1 -1 -1 -1 -1 0 -1 -1 -1 7 -1 -1 27 23 -1 -1 -1 18 25 -1 -1 -1 -1 1 -1 -1 21 -1 -1 24 -1 -1 -1 22 -1 20 19 -1 -1 -1 
-1 -1 2 -1 4 -1 -1 -1 -1 -1 -1 -1 -1 -1 -1 -1 -1 -1 -1 -1 -1 -1 6 -1 -1 9 -1 -1 -1 -1 -1 28 -1 -1 10 -1 11 -1 12 -1 -1 -1 -1 -1 -1 -1 -1 -1 -1 -1 -1 -1 -1 -1 -1 0 -1 -1 -1 7 -1 -1 27 23 -1 -1 -1 18 25 -1 -1 -1 -1 1 -1 -1 21 -1 -1 24 -1 -1 -1 22 -1 20 19 -1 -1 -1 
-1 -1 2 -1 4 -1 -1 -1 -1 -1 -1 -1 -1 -1 -1 -1 -1 -1 -1 -1 -1 -1 6 -1 -1 9 -1 -1 -1 -1 -1 28 -1 -1 10 -1 11 -1 12 -1 -1 -1 -1 -1 -1 -1 -1 -1 -1 -1 -1 -1 -1 -1 -1 0 -1 -1 -1 7 -1 -1 27 23 -1 -1 -1 18 25 -1 -1 -1 -1 1 -1 -1 21 -1 -1 24 -1 -1 -1 22 -1 20 19 -1 -1 -1 
-1 -1 2 -1 -1 -1 -1 -1 -1 -1 -1 -1 -1 4 -1 -1 -1 -1 -1 -1 -1 -1 6 -1 -1 9 -1 -1 -1 -1 -1 28 -1 -1 10 -1 11 -1 12 -1 -1 -1 -1 -1 -1 -1 -1 -1 -1 -1 -1 -1 -1 -1 -1 0 -1 -1 -1 7 -1 -1 27 23 -1 -1 -1 18 25 -1 -1 -1 -1 1 -1 -1 21 -1 -1 24 -1 -1 -1 22 -1 20 19 -1 -1 -1 
-1 -1 2 -1 -1 -1 -1 -1 -1 -1 -1 -1 -1 4 -1 -1 -1 -1 -1 -1 -1 -1 6 -1 -1 9 -1 -1 -1 -1 -1 28 -1 -1 10 -1 11 -1 12 -1 -1 -1 -1 -1 -1 -1 -1 -1 -1 -1 -1 -1 -1 -1 -1 0 -1 -1 -1 7 -1 -1 27 23 -1 -1 -1 18 25 -1 -1 -1 -1 1 -1 -1 21 -1 -1 24 -1 -1 -1 22 -1 20 19 -1 -1 -1 
-1 -1 2 -1 4 -1 -1 -1 -1 -1 -1 -1 -1 -1 -1 -1 -1 -1 -1 -1 -1 -1 6 -1 -1 9 -1 -1 -1 -1 -1 28 -1 -1 10 -1 11 -1 12 -1 -1 -1 -1 -1 -1 -1 -1 -1 -1 -1 -1 -1 -1 -1 -1 0 -1 -1 -1 7 -1 -1 27 23 -1 -1 -1 18 25 -1 -1 -1 -1 1 -1 -1 21 -1 -1 24 -1 -1 -1 22 -1 20 19 -1 -1 -1 
-1 -1 2 -1 4 -1 -1 -1 -1 -1 -1 -1 -1 -1 -1 -1 -1 -1 -1 -1 -1 -1 6 -1 -1 9 -1 -1 -1 -1 -1 28 -1 -1 10 -1 11 -1 12 -1 -1 -1 -1 -1 -1 -1 -1 -1 -1 -1 -1 -1 -1 -1 -1 0 -1 -1 -1 7 -1 -1 27 23 -1 -1 -1 18 25 -1 -1 -1 -1 1 -1 -1 21 -1 -1 24 -1 -1 -1 22 -1 20 19 -1 -1 -1 
-1 -1 2 -1 4 -1 -1 -1 -1 -1 -1 -1 -1 -1 -1 -1 -1 -1 -1 -1 -1 -1 6 -1 -1 9 -1 -1 -1 -1 -1 28 -1 -1 10 -1 11 -1 12 -1 -1 -1 7 -1 -1 -1 -1 -1 -1 -1 -1 -1 -1 -1 -1 0 -1 -1 -1 -1 -1 -1 27 23 -1 -1 -1 18 25 -1 -1 -1 -1 1 -1 -1 21 -1 -1 24 -1 -1 -1 22 -1 20 19 -1 -1 -1 
-1 -1 2 -1 4 -1 -1 -1 -1 -1 -1 -1 -1 -1 -1 -1 -1 -1 -1 -1 -1 -1 6 -1 -1 9 -1 -1 -1 -1 -1 28 -1 -1 10 -1 11 -1 12 -1 -1 -1 7 -1 -1 -1 -1 -1 -1 -1 -1 -1 -1 -1 -1 0 -1 -1 -1 -1 -1 -1 27 -1 -1 -1 -1 18 25 -1 -1 -1 -1 1 23 -1 21 -1 -1 24 -1 -1 -1 22 -1 20 19 -1 -1 -1 
-1 -1 2 -1 4 -1 -1 -1 -1 -1 -1 -1 -1 -1 -1 -1 -1 -1 -1 -1 -1 -1 6 -1 -1 9 -1 -1 -1 -1 -1 28 -1 -1 10 -1 11 -1 12 -1 -1 -1 7 -1 -1 -1 -1 -1 -1 -1 -1 -1 -1 -1 -1 -1 -1 -1 -1 -1 -1 -1 0 -1 -1 -1 -1 18 25 -1 -1 -1 -1 1 23 -1 21 -1 -1 24 -1 -1 -1 22 -1 20 19 -1 -1 -1 
-1 -1 2 -1 4 -1 -1 -1 -1 -1 -1 -1 -1 -1 -1 -1 -1 -1 -1 -1 -1 -1 6 -1 -1 9 -1 -1 -1 -1 -1 28 -1 -1 10 -1 11 -1 12 -1 -1 -1 7 -1 -1 -1 -1 -1 -1 -1 -1 18 -1 -1 -1 -1 -1 -1 -1 -1 -1 -1 0 -1 -1 -1 -1 -1 25 -1 -1 -1 -1 1 23 -1 21 -1 -1 24 -1 -1 -1 22 -1 20 19 -1 -1 -1 
-1 -1 2 -1 4 -1 -1 -1 -1 -1 -1 -1 -1 -1 -1 -1 -1 -1 -1 -1 -1 -1 6 -1 -1 9 -1 -1 -1 -1 -1 28 -1 -1 10 -1 11 -1 12 -1 -1 -1 7 -1 -1 -1 -1 -1 -1 -1 -1 18 -1 -1 -1 -1 0 -1 -1 -1 -1 -1 -1 -1 -1 -1 -1 -1 25 -1 -1 -1 -1 1 23 -1 21 -1 -1 24 -1 -1 -1 22 -1 20 19 -1 -1 -1 
-1 -1 2 -1 4 -1 -1 -1 -1 -1 -1 -1 -1 -1 -1 -1 -1 -1 -1 -1 -1 -1 6 -1 -1 9 -1 -1 -1 -1 -1 28 -1 -1 10 -1 11 -1 12 -1 -1 -1 7 -1 -1 -1 -1 -1 -1 -1 -1 18 -1 -1 -1 -1 0 -1 -1 -1 -1 -1 -1 -1 -1 -1 -1 -1 -1 -1 -1 -1 -1 1 23 -1 21 25 -1 24 -1 -1 -1 22 -1 20 19 -1 -1 -1 
-1 -1 2 -1 4 -1 -1 -1 -1 -1 -1 -1 -1 -1 -1 -1 -1 -1 -1 -1 -1 -1 6 -1 -1 9 -1 -1 -1 -1 -1 28 -1 -1 10 -1 11 -1 12 -1 -1 -1 -1 -1 -1 -1 -1 -1 -1 7 -1 18 -1 -1 -1 -1 0 -1 -1 -1 -1 -1 -1 -1 -1 -1 -1 -1 -1 -1 -1 -1 -1 1 23 -1 21 25 -1 24 -1 -1 -1 22 -1 20 19 -1 -1 -1 
-1 -1 2 -1 4 -1 -1 -1 -1 -1 -1 -1 -1 -1 -1 -1 -1 -1 -1 -1 -1 -1 6 -1 -1 9 -1 -1 -1 -1 -1 28 -1 -1 10 -1 11 -1 12 -1 -1 -1 -1 -1 -1 -1 -1 -1 -1 7 -1 18 -1 -1 -1 -1 0 -1 -1 -1 -1 -1 -1 -1 -1 -1 -1 22 -1 -1 -1 -1 -1 1 23 -1 21 25 -1 24 -1 -1 -1 -1 -1 20 19 -1 -1 -1 
-1 -1 2 -1 4 -1 -1 -1 -1 -1 -1 -1 -1 -1 -1 -1 -1 -1 -1 -1 -1 -1 6 -1 -1 9 -1 -1 -1 -1 -1 28 -1 -1 10 -1 11 -1 12 -1 -1 -1 -1 -1 -1 -1 -1 -1 -1 7 -1 18 -1 -1 0 -1 -1 -1 -1 -1 -1 -1 -1 -1 -1 -1 -1 22 -1 -1 -1 -1 -1 1 23 -1 21 25 -1 24 -1 -1 -1 -1 -1 20 19 -1 -1 -1 
-1 -1 2 16 4 -1 -1 -1 -1 -1 -1 -1 -1 -1 -1 -1 -1 -1 -1 -1 -1 -1 6 -1 -1 9 -1 -1 -1 -1 -1 28 -1 -1 10 -1 11 -1 12 -1 -1 -1 -1 -1 -1 -1 -1 -1 -1 7 -1 18 -1 -1 0 -1 -1 -1 -1 -1 -1 -1 -1 -1 -1 -1 -1 22 -1 -1 -1 -1 -1 1 23 -1 21 25 -1 24 -1 -1 -1 -1 -1 20 19 -1 -1 -1 
-1 -1 2 16 4 -1 -1 -1 -1 -1 -1 -1 -1 -1 -1 -1 -1 -1 -1 -1 -1 -1 6 -1 -1 9 -1 -1 -1 -1 -1 28 -1 -1 10 -1 11 -1 12 -1 -1 -1 -1 -1 -1 -1 -1 -1 -1 -1 -1 18 -1 -1 0 -1 -1 -1 -1 -1 7 -1 -1 -1 -1 -1 -1 22 -1 -1 -1 -1 -1 1 23 -1 21 25 -1 24 -1 -1 -1 -1 -1 20 19 -1 -1 -1 
-1 -1 2 16 4 -1 -1 -1 -1 -1 -1 -1 -1 -1 -1 -1 -1 -1 -1 -1 -1 -1 6 -1 -1 9 -1 -1 -1 -1 -1 28 -1 -1 10 -1 11 -1 12 -1 -1 -1 -1 -1 -1 -1 -1 -1 -1 -1 -1 18 -1 -1 0 -1 -1 -1 -1 -1 7 -1 -1 -1 -1 -1 -1 22 -1 -1 -1 -1 -1 1 23 -1 21 -1 25 24 -1 -1 -1 -1 -1 20 19 -1 -1 -1 
-1 -1 2 16 4 -1 -1 -1 -1 -1 -1 -1 -1 -1 -1 -1 -1 -1 -1 -1 -1 -1 6 -1 -1 9 -1 -1 -1 -1 -1 28 -1 -1 10 -1 -1 -1 12 -1 -1 -1 -1 -1 -1 11 -1 -1 -1 -1 -1 18 -1 -1 0 -1 -1 -1 -1 -1 7 -1 -1 -1 -1 -1 -1 22 -1 -1 -1 -1 -1 1 23 -1 21 -1 25 24 -1 -1 -1 -1 -1 20 19 -1 -1 -1 
-1 -1 2 -1 4 -1 -1 -1 -1 -1 -1 -1 -1 -1 -1 -1 -1 -1 -1 -1 -1 -1 6 -1 -1 9 -1 -1 -1 -1 -1 28 -1 -1 10 -1 -1 -1 12 -1 -1 -1 -1 -1 -1 11 -1 -1 -1 -1 -1 18 -1 -1 0 -1 -1 -1 -1 -1 7 -1 -1 -1 -1 -1 -1 22 -1 -1 -1 -1 -1 1 23 -1 21 -1 25 24 -1 -1 -1 -1 -1 20 19 -1 -1 -1 
-1 -1 2 -1 4 -1 -1 -1 -1 -1 -1 -1 -1 -1 -1 -1 -1 -1 -1 -1 -1 -1 6 -1 -1 9 -1 -1 -1 -1 -1 28 -1 -1 10 -1 -1 -1 12 -1 -1 -1 -1 -1 -1 11 -1 -1 -1 -1 -1 18 -1 -1 -1 -1 -1 -1 0 -1 7 -1 -1 -1 -1 -1 -1 22 -1 -1 -1 -1 -1 1 23 -1 21 -1 25 24 -1 -1 -1 -1 -1 20 19 -1 -1 -1 
-1 -1 2 -1 4 -1 -1 -1 -1 -1 -1 -1 -1 -1 -1 -1 -1 -1 -1 -1 -1 -1 6 -1 -1 9 -1 -1 -1 -1 -1 28 -1 -1 10 -1 -1 -1 12 -1 -1 -1 -1 -1 -1 11 -1 -1 -1 -1 -1 18 -1 -1 -1 -1 -1 23 0 -1 7 -1 -1 -1 -1 -1 -1 22 -1 -1 -1 -1 -1 1 -1 -1 21 -1 25 24 -1 -1 -1 -1 -1 20 19 -1 -1 -1 
-1 -1 2 -1 4 -1 -1 -1 -1 -1 -1 -1 -1 -1 -1 -1 -1 -1 -1 -1 -1 -1 6 -1 -1 9 -1 -1 -1 -1 -1 28 -1 -1 10 -1 -1 -1 12 -1 -1 -1 -1 -1 -1 11 -1 -1 -1 -1 -1 18 -1 -1 -1 -1 -1 23 0 -1 -1 -1 -1 -1 -1 -1 -1 22 -1 -1 -1 -1 -1 1 -1 -1 21 7 25 24 -1 -1 -1 -1 -1 20 19 -1 -1 -1 
-1 -1 2 -1 4 -1 -1 -1 -1 -1 -1 -1 -1 -1 -1 -1 -1 -1 -1 -1 -1 -1 6 -1 -1 9 -1 -1 -1 -1 -1 28 -1 -1 10 -1 -1 -1 23 -1 -1 -1 -1 -1 -1 11 -1 -1 -1 -1 -1 18 -1 -1 -1 -1 -1 -1 0 -1 -1 -1 -1 -1 -1 -1 -1 22 -1 -1 -1 -1 -1 1 -1 -1 21 7 25 24 -1 -1 -1 -1 -1 20 19 -1 -1 -1 
-1 -1 2 -1 4 -1 -1 -1 -1 -1 -1 -1 -1 -1 -1 -1 -1 -1 -1 -1 -1 -1 6 -1 -1 9 -1 -1 -1 -1 -1 28 -1 -1 10 -1 -1 -1 23 -1 -1 -1 -1 -1 -1 11 -1 -1 -1 -1 -1 18 -1 -1 0 -1 -1 -1 -1 -1 -1 -1 -1 -1 -1 -1 -1 22 -1 -1 -1 -1 -1 1 -1 -1 21 7 25 24 -1 -1 -1 -1 -1 20 19 -1 -1 -1 
-1 -1 2 -1 4 -1 -1 -1 -1 -1 -1 -1 -1 -1 -1 -1 -1 -1 -1 -1 -1 23 6 -1 -1 9 -1 -1 -1 -1 -1 28 -1 -1 10 -1 -1 -1 -1 -1 -1 -1 -1 -1 -1 11 -1 -1 -1 -1 -1 18 -1 -1 0 -1 -1 -1 -1 -1 -1 -1 -1 -1 -1 -1 -1 22 -1 -1 -1 -1 -1 1 -1 -1 21 7 25 24 -1 -1 -1 -1 -1 20 19 -1 -1 -1 
-1 -1 2 -1 -1 -1 -1 -1 -1 -1 -1 -1 -1 4 -1 -1 -1 -1 -1 -1 -1 23 6 -1 -1 9 -1 -1 -1 -1 -1 28 -1 -1 10 -1 -1 -1 -1 -1 -1 -1 -1 -1 -1 11 -1 -1 -1 -1 -1 18 -1 -1 0 -1 -1 -1 -1 -1 -1 -1 -1 -1 -1 -1 -1 22 -1 -1 -1 -1 -1 1 -1 -1 21 7 25 24 -1 -1 -1 -1 -1 20 19 -1 -1 -1 
-1 -1 2 -1 -1 -1 -1 -1 -1 -1 -1 -1 -1 4 -1 -1 -1 -1 -1 -1 -1 23 6 -1 -1 9 -1 -1 -1 -1 -1 28 -1 -1 10 -1 -1 -1 -1 -1 -1 -1 -1 -1 -1 11 -1 -1 -1 -1 -1 18 -1 -1 0 -1 -1 -1 -1 -1 -1 -1 -1 -1 -1 -1 -1 22 -1 -1 -1 -1 -1 1 -1 -1 21 7 25 24 -1 -1 -1 -1 -1 20 19 -1 -1 -1 
-1 -1 2 -1 -1 -1 -1 -1 -1 -1 -1 -1 -1 -1 4 -1 -1 -1 -1 -1 -1 23 6 -1 -1 9 -1 -1 -1 -1 -1 28 -1 -1 10 -1 -1 -1 -1 -1 -1 -1 -1 -1 -1 11 -1 -1 -1 -1 -1 18 -1 -1 0 -1 -1 -1 -1 -1 -1 -1 -1 -1 -1 -1 -1 22 -1 -1 -1 -1 -1 1 -1 -1 21 7 25 24 -1 -1 -1 -1 -1 20 19 -1 -1 -1 
-1 -1 2 -1 -1 -1 -1 -1 -1 -1 -1 -1 -1 -1 4 -1 -1 -1 -1 -1 -1 23 6 -1 -1 9 -1 -1 -1 -1 -1 28 -1 -1 10 -1 -1 -1 -1 -1 -1 -1 -1 -1 -1 11 -1 -1 -1 -1 -1 18 -1 -1 0 -1 -1 -1 -1 -1 -1 -1 -1 -1 -1 -1 -1 22 -1 -1 -1 -1 -1 1 -1 -1 21 7 25 24 -1 -1 -1 -1 -1 20 19 -1 -1 -1 
-1 -1 2 -1 -1 4 -1 -1 -1 -1 -1 -1 -1 -1 -1 -1 -1 -1 -1 -1 -1 23 6 -1 -1 9 -1 -1 -1 -1 -1 28 -1 -1 10 -1 -1 -1 -1 -1 -1 -1 -1 -1 -1 11 -1 -1 -1 -1 -1 18 -1 -1 0 -1 -1 -1 -1 -1 -1 -1 -1 -1 -1 -1 -1 22 -1 -1 -1 -1 -1 1 -1 -1 21 7 25 24 -1 -1 -1 -1 -1 20 19 -1 -1 -1 
-1 -1 2 -1 -1 4 -1 -1 -1 -1 -1 -1 -1 -1 -1 -1 -1 -1 -1 -1 -1 23 6 -1 -1 9 -1 -1 -1 16 -1 28 -1 -1 10 -1 -1 -1 -1 -1 -1 -1 -1 -1 -1 11 -1 -1 -1 -1 -1 18 -1 -1 0 -1 -1 -1 -1 -1 -1 -1 -1 -1 -1 -1 -1 22 -1 -1 -1 -1 -1 1 -1 -1 21 7 25 24 -1 -1 -1 -1 -1 20 19 -1 -1 -1 
-1 -1 2 -1 -1 4 -1 -1 -1 -1 -1 -1 -1 -1 -1 -1 -1 -1 -1 -1 -1 23 6 -1 -1 9 -1 -1 -1 16 -1 28 -1 -1 10 -1 -1 -1 -1 -1 -1 -1 -1 -1 -1 11 -1 -1 -1 -1 -1 18 -1 -1 -1 -1 -1 0 -1 -1 -1 -1 -1 -1 -1 -1 -1 22 -1 -1 -1 -1 -1 1 -1 -1 21 7 25 24 -1 -1 -1 -1 -1 20 19 -1 -1 -1 
-1 -1 2 -1 -1 4 -1 -1 -1 -1 -1 -1 -1 -1 -1 -1 -1 -1 -1 -1 -1 23 6 -1 -1 9 -1 -1 16 -1 -1 28 -1 -1 10 -1 -1 -1 -1 -1 -1 -1 -1 -1 -1 11 -1 -1 -1 -1 -1 18 -1 -1 -1 -1 -1 0 -1 -1 -1 -1 -1 -1 -1 -1 -1 22 -1 -1 -1 -1 -1 1 -1 -1 21 7 25 24 -1 -1 -1 -1 -1 20 19 -1 -1 -1 
-1 -1 2 -1 -1 4 -1 -1 -1 -1 -1 -1 -1 -1 -1 -1 -1 -1 -1 -1 -1 0 6 -1 -1 9 -1 -1 16 -1 -1 28 -1 -1 10 -1 -1 -1 -1 -1 -1 -1 -1 -1 -1 11 -1 -1 -1 -1 -1 18 -1 -1 -1 -1 -1 -1 -1 -1 -1 -1 -1 -1 -1 -1 -1 22 -1 -1 -1 -1 -1 1 -1 -1 21 7 25 24 -1 -1 -1 -1 -1 20 19 -1 -1 -1 
-1 -1 2 -1 -1 4 -1 -1 -1 -1 16 -1 -1 -1 -1 -1 -1 -1 -1 -1 -1 0 6 -1 -1 9 -1 -1 -1 -1 -1 28 -1 -1 10 -1 -1 -1 -1 -1 -1 -1 -1 -1 -1 11 -1 -1 -1 -1 -1 18 -1 -1 -1 -1 -1 -1 -1 -1 -1 -1 -1 -1 -1 -1 -1 22 -1 -1 -1 -1 -1 1 -1 -1 21 7 25 24 -1 -1 -1 -1 -1 20 19 -1 -1 -1 
-1 -1 2 -1 -1 4 -1 -1 -1 -1 16 -1 0 -1 -1 -1 -1 -1 -1 -1 -1 -1 6 -1 -1 9 -1 -1 -1 -1 -1 28 -1 -1 10 -1 -1 -1 -1 -1 -1 -1 -1 -1 -1 11 -1 -1 -1 -1 -1 18 -1 -1 -1 -1 -1 -1 -1 -1 -1 -1 -1 -1 -1 -1 -1 22 -1 -1 -1 -1 -1 1 -1 -1 21 7 25 24 -1 -1 -1 -1 -1 20 19 -1 -1 -1 
-1 -1 2 -1 -1 4 -1 -1 -1 -1 16 -1 0 -1 -1 -1 -1 -1 -1 -1 -1 -1 6 -1 -1 9 -1 -1 -1 -1 -1 28 -1 -1 10 -1 -1 -1 -1 -1 -1 -1 -1 -1 -1 11 -1 -1 -1 -1 -1 18 -1 -1 -1 -1 -1 -1 -1 -1 -1 -1 -1 -1 -1 -1 -1 22 -1 25 -1 -1 -1 1 -1 -1 21 7 -1 24 -1 -1 -1 -1 -1 20 19 -1 -1 -1 
-1 -1 2 -1 4 -1 -1 -1 -1 -1 16 -1 0 -1 -1 -1 -1 -1 -1 -1 -1 -1 6 -1 -1 9 -1 -1 -1 -1 -1 28 -1 -1 10 -1 -1 -1 -1 -1 -1 -1 -1 -1 -1 11 -1 -1 -1 -1 -1 18 -1 -1 -1 -1 -1 -1 -1 -1 -1 -1 -1 -1 -1 -1 -1 22 -1 25 -1 -1 -1 1 -1 -1 21 7 -1 24 -1 -1 -1 -1 -1 20 19 -1 -1 -1 
-1 -1 2 -1 4 -1 -1 -1 -1 -1 -1 -1 0 -1 16 -1 -1 -1 -1 -1 -1 -1 6 -1 -1 9 -1 -1 -1 -1 -1 28 -1 -1 10 -1 -1 -1 -1 -1 -1 -1 -1 -1 -1 11 -1 -1 -1 -1 -1 18 -1 -1 -1 -1 -1 -1 -1 -1 -1 -1 -1 -1 -1 -1 -1 22 -1 25 -1 -1 -1 1 -1 -1 21 7 -1 24 -1 -1 -1 -1 -1 20 19 -1 -1 -1 
-1 -1 2 -1 4 -1 -1 -1 -1 -1 -1 -1 0 -1 16 -1 -1 -1 -1 -1 -1 -1 6 -1 -1 9 -1 -1 -1 -1 -1 -1 -1 -1 10 -1 -1 -1 -1 -1 13 -1 -1 -1 -1 11 -1 -1 -1 -1 -1 18 -1 -1 -1 -1 -1 -1 -1 -1 -1 -1 -1 -1 -1 -1 -1 22 -1 25 -1 -1 -1 1 -1 -1 21 7 -1 24 -1 -1 -1 -1 -1 20 19 -1 -1 -1 
-1 -1 2 -1 4 -1 -1 -1 -1 -1 -1 -1 0 -1 -1 -1 -1 -1 -1 -1 -1 -1 6 -1 -1 9 -1 -1 -1 -1 -1 -1 16 -1 10 -1 -1 -1 -1 -1 13 -1 -1 -1 -1 11 -1 -1 -1 -1 -1 18 -1 -1 -1 -1 -1 -1 -1 -1 -1 -1 -1 -1 -1 -1 -1 22 -1 25 -1 -1 -1 1 -1 -1 21 7 -1 24 -1 -1 -1 -1 -1 20 19 -1 -1 -1 
-1 -1 2 -1 4 -1 -1 -1 -1 -1 -1 -1 0 -1 -1 -1 -1 -1 -1 -1 -1 -1 6 -1 -1 9 -1 -1 -1 -1 -1 -1 16 -1 10 -1 -1 -1 -1 -1 -1 -1 -1 -1 -1 11 -1 -1 -1 13 -1 18 -1 -1 -1 -1 -1 -1 -1 -1 -1 -1 -1 -1 -1 -1 -1 22 -1 25 -1 -1 -1 1 -1 -1 21 7 -1 24 -1 -1 -1 -1 -1 20 19 -1 -1 -1 
-1 -1 2 -1 4 -1 -1 -1 -1 -1 -1 -1 0 -1 -1 -1 -1 -1 -1 -1 -1 -1 6 -1 -1 9 -1 -1 -1 -1 -1 -1 16 -1 10 -1 -1 -1 -1 -1 -1 -1 -1 -1 -1 11 -1 -1 -1 13 -1 18 -1 -1 -1 -1 -1 -1 -1 -1 -1 -1 -1 -1 -1 -1 -1 22 -1 -1 -1 25 -1 1 -1 -1 21 7 -1 24 -1 -1 -1 -1 -1 20 19 -1 -1 -1 
-1 -1 2 -1 4 -1 -1 -1 -1 -1 -1 -1 -1 -1 -1 -1 -1 -1 -1 -1 -1 -1 6 -1 -1 9 -1 -1 -1 -1 0 -1 16 -1 10 -1 -1 -1 -1 -1 -1 -1 -1 -1 -1 11 -1 -1 -1 13 -1 18 -1 -1 -1 -1 -1 -1 -1 -1 -1 -1 -1 -1 -1 -1 -1 22 -1 -1 -1 25 -1 1 -1 -1 21 7 -1 24 -1 -1 -1 -1 -1 20 19 -1 -1 -1 
-1 -1 2 -1 4 -1 -1 -1 -1 -1 -1 -1 -1 -1 -1 -1 -1 -1 -1 -1 -1 -1 6 -1 -1 9 -1 -1 -1 -1 0 -1 -1 -1 10 -1 -1 -1 -1 -1 -1 -1 -1 -1 -1 11 -1 -1 -1 13 -1 18 -1 -1 -1 -1 -1 -1 -1 -1 -1 -1 -1 -1 -1 -1 -1 22 -1 -1 -1 25 -1 1 -1 -1 21 7 -1 24 -1 -1 -1 -1 -1 20 19 -1 -1 -1 
-1 -1 2 -1 4 -1 -1 -1 -1 -1 -1 -1 -1 -1 -1 -1 -1 -1 -1 -1 -1 -1 6 -1 -1 9 -1 -1 -1 -1 -1 0 -1 -1 10 -1 -1 -1 -1 -1 -1 -1 -1 -1 -1 11 -1 -1 -1 13 -1 18 -1 -1 -1 -1 -1 -1 -1 -1 -1 -1 -1 -1 -1 -1 -1 22 -1 -1 -1 25 -1 1 -1 -1 21 7 -1 24 -1 -1 -1 -1 -1 20 19 -1 -1 -1 
-1 -1 2 -1 4 -1 -1 -1 -1 -1 -1 -1 -1 -1 -1 -1 -1 -1 -1 -1 -1 -1 6 -1 -1 9 -1 -1 -1 -1 -1 0 -1 -1 10 -1 -1 -1 -1 -1 -1 -1 -1 -1 -1 11 -1 -1 -1 13 -1 18 -1 -1 -1 -1 -1 -1 -1 -1 -1 -1 -1 -1 -1 -1 -1 -1 -1 -1 -1 25 -1 1 -1 -1 21 7 -1 24 -1 -1 -1 22 -1 20 19 -1 -1 -1 
-1 -1 2 -1 -1 -1 -1 -1 -1 -1 -1 -1 -1 4 -1 -1 -1 -1 -1 -1 -1 -1 6 -1 -1 9 -1 -1 -1 -1 -1 0 -1 -1 10 -1 -1 -1 -1 -1 -1 -1 -1 -1 -1 11 -1 -1 -1 13 -1 18 -1 -1 -1 -1 -1 -1 -1 -1 -1 -1 -1 -1 -1 -1 -1 -1 -1 -1 -1 25 -1 1 -1 -1 21 7 -1 24 -1 -1 -1 22 -1 20 19 -1 -1 -1 
-1 -1 2 -1 -1 -1 -1 -1 -1 -1 -1 -1 -1 4 -1 -1 -1 -1 -1 -1 -1 -1 6 -1 -1 9 -1 -1 -1 -1 -1 0 -1 -1 10 -1 -1 -1 -1 -1 -1 -1 -1 -1 -1 11 -1 -1 -1 13 -1 18 -1 -1 -1 -1 -1 -1 -1 -1 -1 -1 -1 -1 -1 -1 -1 25 -1 -1 -1 -1 -1 1 -1 -1 21 7 -1 24 -1 -1 -1 22 -1 20 19 -1 -1 -1 
-1 -1 2 -1 -1 -1 -1 -1 -1 -1 -1 -1 -1 4 -1 -1 -1 -1 -1 -1 -1 -1 6 -1 -1 9 -1 -1 -1 0 -1 -1 -1 -1 10 -1 -1 -1 -1 -1 -1 -1 -1 -1 -1 11 -1 -1 -1 13 -1 18 -1 -1 -1 -1 -1 -1 -1 -1 -1 -1 -1 -1 -1 -1 -1 25 -1 -1 -1 -1 -1 1 -1 -1 21 7 -1 24 -1 -1 -1 22 -1 20 19 -1 -1 -1 
-1 -1 2 -1 -1 -1 -1 -1 -1 -1 -1 -1 -1 4 -1 -1 -1 -1 -1 -1 -1 -1 6 -1 -1 9 -1 -1 -1 0 -1 -1 -1 -1 10 -1 -1 -1 -1 -1 -1 -1 -1 -1 -1 11 -1 -1 -1 13 -1 18 -1 -1 -1 -1 -1 -1 -1 -1 -1 -1 -1 -1 -1 -1 -1 25 -1 -1 -1 -1 -1 1 -1 -1 21 7 -1 24 -1 -1 -1 22 -1 20 19 -1 -1 -1 
-1 -1 2 -1 -1 -1 -1 -1 -1 -1 -1 -1 -1 4 -1 -1 -1 -1 -1 -1 -1 -1 6 -1 -1 9 -1 -1 -1 -1 -1 -1 -1 -1 10 -1 -1 -1 -1 -1 -1 -1 -1 -1 -1 11 -1 -1 -1 13 -1 18 -1 -1 -1 -1 -1 -1 -1 -1 -1 -1 -1 -1 -1 -1 -1 25 -1 -1 -1 -1 -1 1 -1 -1 21 7 -1 24 -1 -1 -1 0 -1 20 19 -1 -1 -1 
-1 -1 2 -1 -1 -1 -1 -1 -1 -1 -1 -1 -1 4 -1 -1 -1 -1 -1 -1 -1 -1 6 -1 -1 9 -1 -1 -1 -1 -1 -1 -1 -1 10 -1 -1 -1 -1 -1 -1 -1 -1 -1 -1 11 -1 -1 -1 13 -1 18 -1 -1 -1 -1 -1 -1 -1 -1 -1 -1 -1 -1 -1 -1 -1 25 -1 -1 -1 -1 -1 1 -1 -1 -1 7 -1 24 -1 -1 -1 0 21 20 19 -1 -1 -1 
-1 -1 2 -1 -1 -1 -1 -1 -1 -1 -1 -1 -1 4 -1 -1 -1 -1 -1 -1 -1 -1 6 -1 -1 9 -1 -1 -1 -1 -1 -1 -1 -1 10 -1 -1 -1 -1 -1 -1 -1 -1 -1 -1 11 -1 0 -1 13 -1 18 -1 -1 -1 -1 -1 -1 -1 -1 -1 -1 -1 -1 -1 -1 -1 25 -1 -1 -1 -1 -1 1 -1 -1 -1 7 -1 24 -1 -1 -1 -1 21 20 19 -1 -1 -1 
-1 -1 2 -1 -1 -1 -1 -1 -1 -1 -1 -1 -1 4 -1 -1 -1 -1 -1 -1 -1 -1 6 -1 -1 9 -1 -1 -1 -1 -1 -1 -1 -1 10 -1 -1 -1 -1 -1 -1 -1 -1 -1 -1 11 -1 0 -1 13 -1 18 -1 -1 -1 -1 -1 -1 -1 -1 -1 -1 -1 -1 -1 -1 -1 25 -1 -1 -1 -1 -1 1 -1 -1 -1 7 -1 24 -1 -1 -1 -1 21 20 19 -1 -1 -1 
-1 -1 2 -1 -1 -1 -1 -1 -1 -1 -1 -1 4 -1 -1 -1 -1 -1 -1 -1 -1 -1 6 -1 -1 9 -1 -1 -1 -1 -1 -1 -1 -1 10 -1 -1 -1 -1 -1 -1 -1 -1 -1 -1 11 -1 0 -1 13 -1 18 -1 -1 -1 -1 -1 -1 -1 -1 -1 -1 -1 -1 -1 -1 -1 25 -1 -1 -1 -1 -1 1 -1 -1 -1 7 -1 24 -1 -1 -1 -1 21 20 19 -1 -1 -1 
-1 -1 2 -1 -1 -1 -1 -1 -1 -1 -1 -1 4 -1 -1 -1 -1 -1 -1 -1 -1 -1 6 -1 -1 9 -1 -1 -1 -1 -1 -1 -1 -1 10 -1 -1 -1 -1 -1 -1 -1 -1 -1 -1 11 -1 0 -1 13 -1 18 -1 -1 -1 -1 -1 -1 -1 -1 -1 -1 -1 -1 -1 -1 25 -1 -1 -1 -1 -1 -1 1 -1 -1 -1 7 -1 24 -1 -1 -1 -1 21 20 19 -1 -1 -1 
-1 -1 2 -1 -1 -1 -1 -1 -1 -1 -1 -1 4 -1 -1 -1 -1 -1 -1 -1 -1 -1 6 -1 -1 9 -1 -1 -1 -1 -1 -1 -1 -1 10 -1 -1 -1 -1 -1 -1 -1 -1 -1 -1 11 -1 0 -1 -1 13 18 -1 -1 -1 -1 -1 -1 -1 -1 -1 -1 -1 -1 -1 -1 25 -1 -1 -1 -1 -1 -1 1 -1 -1 -1 7 -1 24 -1 -1 -1 -1 21 20 19 -1 -1 -1 
-1 -1 2 -1 -1 -1 -1 -1 -1 -1 -1 -1 4 -1 -1 -1 -1 -1 -1 -1 -1 -1 6 -1 -1 9 -1 -1 -1 -1 -1 -1 -1 -1 10 -1 -1 -1 -1 -1 -1 -1 -1 -1 -1 11 -1 0 -1 -1 13 18 -1 -1 -1 -1 -1 -1 -1 -1 -1 -1 -1 -1 -1 -1 25 -1 -1 -1 -1 -1 -1 1 -1 -1 -1 7 -1 24 -1 -1 -1 -1 21 20 19 -1 -1 -1 
-1 -1 2 4 -1 -1 -1 -1 -1 -1 -1 -1 -1 -1 -1 -1 -1 -1 -1 -1 -1 -1 6 -1 -1 9 -1 -1 -1 -1 -1 -1 -1 -1 10 -1 -1 -1 -1 -1 -1 -1 -1 -1 -1 11 -1 0 -1 -1 13 18 -1 -1 -1 -1 -1 -1 -1 -1 -1 -1 -1 -1 -1 -1 25 -1 -1 -1 -1 -1 -1 1 -1 -1 -1 7 -1 24 -1 -1 -1 -1 21 20 19 -1 -1 -1 
-1 -1 2 4 -1 -1 -1 -1 -1 -1 -1 -1 -1 -1 -1 -1 -1 -1 -1 -1 -1 -1 6 -1 -1 9 -1 -1 -1 -1 -1 -1 -1 -1 10 -1 -1 -1 -1 -1 -1 -1 -1 -1 -1 11 -1 0 -1 -1 13 18 -1 -1 -1 -1 -1 -1 -1 -1 -1 -1 -1 -1 -1 -1 25 -1 -1 -1 -1 -1 -1 1 -1 -1 -1 7 -1 24 -1 -1 -1 -1 21 20 19 -1 -1 -1 
-1 -1 2 4 -1 -1 -1 -1 -1 -1 -1 -1 -1 -1 -1 -1 -1 -1 -1 -1 -1 -1 6 -1 -1 9 -1 -1 -1 -1 -1 -1 -1 -1 10 -1 -1 -1 -1 -1 -1 -1 -1 -1 -1 11 -1 -1 -1 0 13 18 -1 -1 -1 -1 -1 -1 -1 -1 -1 -1 -1 -1 -1 -1 25 -1 -1 -1 -1 -1 -1 1 -1 -1 -1 7 -1 24 -1 -1 -1 -1 21 20 19 -1 -1 -1 
-1 -1 2 4 16 -1 -1 -1 -1 -1 -1 -1 -1 -1 -1 -1 -1 -1 -1 -1 -1 -1 6 -1 -1 9 -1 -1 -1 -1 -1 -1 -1 -1 10 -1 -1 -1 -1 -1 -1 -1 -1 -1 -1 11 -1 -1 -1 0 13 18 -1 -1 -1 -1 -1 -1 -1 -1 -1 -1 -1 -1 -1 -1 25 -1 -1 -1 -1 -1 -1 1 -1 -1 -1 7 -1 24 -1 -1 -1 -1 21 20 19 -1 -1 -1 
-1 -1 2 4 16 -1 -1 -1 -1 -1 -1 -1 -1 -1 -1 -1 -1 -1 -1 -1 -1 -1 6 -1 -1 9 -1 -1 -1 -1 -1 -1 -1 -1 10 -1 -1 -1 -1 -1 -1 -1 -1 -1 -1 11 -1 -1 -1 13 -1 18 -1 -1 -1 -1 -1 -1 -1 -1 -1 -1 -1 -1 -1 -1 25 -1 -1 -1 -1 -1 -1 1 -1 -1 -1 7 -1 24 -1 -1 -1 -1 21 20 19 -1 -1 -1 
-1 -1 2 4 16 -1 -1 -1 -1 -1 -1 -1 -1 -1 -1 -1 -1 -1 -1 -1 -1 -1 6 -1 -1 9 -1 -1 -1 -1 -1 -1 -1 -1 10 -1 -1 -1 -1 -1 -1 -1 -1 -1 -1 11 -1 -1 -1 13 -1 18 -1 -1 -1 -1 -1 -1 -1 -1 -1 -1 -1 -1 -1 -1 -1 -1 -1 -1 -1 25 -1 1 -1 -1 -1 7 -1 24 -1 -1 -1 -1 21 20 19 -1 -1 -1 
-1 -1 2 4 16 -1 -1 -1 -1 -1 -1 -1 -1 -1 -1 -1 -1 -1 -1 -1 -1 -1 6 -1 -1 9 -1 -1 -1 -1 -1 -1 -1 -1 10 -1 -1 -1 -1 -1 -1 -1 -1 -1 -1 -1 -1 -1 -1 13 -1 18 -1 -1 11 -1 -1 -1 -1 -1 -1 -1 -1 -1 -1 -1 -1 -1 -1 -1 -1 25 -1 1 -1 -1 -1 7 -1 24 -1 -1 -1 -1 21 20 19 -1 -1 -1 
-1 -1 2 4 16 -1 -1 -1 -1 -1 -1 -1 -1 -1 -1 -1 -1 -1 -1 -1 -1 -1 6 -1 -1 9 -1 -1 -1 -1 -1 -1 -1 -1 10 -1 -1 -1 -1 -1 -1 -1 -1 -1 -1 -1 -1 -1 -1 13 -1 18 -1 25 11 -1 -1 -1 -1 -1 -1 -1 -1 -1 -1 -1 -1 -1 -1 -1 -1 -1 -1 1 -1 -1 -1 7 -1 24 -1 -1 -1 -1 21 20 19 -1 -1 -1 
-1 -1 2 4 16 -1 -1 -1 -1 -1 -1 -1 -1 -1 -1 -1 -1 -1 -1 -1 -1 -1 6 -1 -1 9 -1 -1 -1 -1 -1 -1 -1 -1 10 -1 -1 -1 -1 -1 -1 -1 -1 -1 -1 -1 -1 -1 -1 -1 -1 18 -1 25 11 -1 -1 -1 13 -1 -1 -1 -1 -1 -1 -1 -1 -1 -1 -1 -1 -1 -1 1 -1 -1 -1 7 -1 24 -1 -1 -1 -1 21 20 19 -1 -1 -1 
-1 -1 2 4 16 -1 -1 -1 -1 -1 -1 -1 -1 -1 -1 -1 -1 -1 -1 -1 -1 -1 6 -1 -1 9 -1 -1 -1 -1 -1 -1 -1 -1 10 -1 -1 -1 -1 -1 -1 -1 -1 -1 -1 -1 -1 -1 -1 -1 -1 18 -1 -1 11 -1 -1 -1 13 -1 -1 -1 25 -1 -1 -1 -1 -1 -1 -1 -1 -1 -1 1 -1 -1 -1 7 -1 24 -1 -1 -1 -1 21 20 19 -1 -1 -1 
-1 -1 2 4 16 -1 -1 -1 -1 -1 -1 -1 -1 -1 -1 -1 -1 -1 -1 -1 -1 -1 6 -1 -1 9 -1 -1 -1 -1 -1 -1 -1 -1 10 -1 -1 -1 -1 -1 -1 -1 -1 -1 -1 -1 -1 -1 -1 -1 -1 18 -1 -1 -1 -1 -1 -1 13 -1 -1 -1 25 11 -1 -1 -1 -1 -1 -1 -1 -1 -1 1 -1 -1 -1 7 -1 24 -1 -1 -1 -1 21 20 19 -1 -1 -1 
-1 -1 2 4 16 -1 -1 -1 -1 -1 -1 -1 -1 -1 -1 -1 -1 -1 -1 -1 -1 -1 6 -1 -1 9 -1 -1 -1 -1 -1 -1 -1 -1 10 -1 -1 -1 -1 -1 -1 -1 -1 -1 -1 -1 -1 -1 -1 -1 -1 18 -1 -1 -1 -1 -1 -1 13 -1 -1 -1 -1 11 -1 -1 -1 -1 -1 -1 -1 25 -1 1 -1 -1 -1 7 -1 24 -1 -1 -1 -1 21 20 19 -1 -1 -1 
-1 -1 2 4 16 -1 -1 -1 -1 -1 -1 -1 -1 -1 -1 -1 -1 -1 -1 -1 -1 -1 6 -1 -1 9 -1 -1 -1 -1 -1 -1 -1 -1 10 -1 -1 -1 -1 -1 -1 -1 -1 -1 -1 -1 -1 -1 -1 -1 -1 18 -1 -1 -1 -1 -1 -1 13 -1 -1 -1 -1 -1 11 -1 -1 -1 -1 -1 -1 25 -1 1 -1 -1 -1 7 -1 24 -1 -1 -1 -1 21 20 19 -1 -1 -1 
-1 -1 2 4 16 -1 -1 -1 -1 -1 -1 -1 -1 -1 -1 -1 -1 -1 -1 -1 -1 -1 6 -1 -1 9 -1 -1 -1 -1 -1 -1 -1 -1 10 -1 -1 -1 -1 -1 -1 -1 -1 -1 -1 -1 -1 -1 -1 -1 -1 -1 -1 -1 -1 -1 -1 -1 13 -1 -1 -1 -1 -1 11 -1 -1 18 -1 -1 -1 25 -1 1 -1 -1 -1 7 -1 24 -1 -1 -1 -1 21 20 19 -1 -1 -1 
-1 -1 2 4 16 -1 -1 -1 -1 -1 -1 -1 -1 -1 -1 -1 -1 -1 -1 -1 -1 -1 6 -1 -1 9 -1 -1 -1 -1 -1 -1 -1 -1 10 -1 -1 -1 -1 -1 -1 -1 -1 -1 -1 -1 -1 -1 -1 -1 -1 -1 -1 -1 -1 -1 -1 -1 13 -1 -1 -1 -1 -1 -1 -1 -1 18 -1 -1 -1 25 -1 11 -1 -1 -1 7 -1 24 -1 -1 -1 -1 21 20 19 -1 -1 -1 
-1 -1 2 4 16 -1 -1 -1 -1 -1 -1 -1 -1 -1 -1 -1 -1 -1 -1 -1 -1 -1 6 -1 -1 9 -1 -1 -1 -1 -1 -1 -1 -1 10 -1 -1 -1 -1 -1 -1 -1 -1 -1 -1 -1 -1 -1 -1 -1 -1 -1 -1 -1 -1 -1 -1 -1 13 -1 -1 -1 -1 -1 -1 -1 -1 18 -1 -1 -1 25 -1 11 -1 -1 20 7 -1 24 -1 -1 -1 -1 21 -1 19 -1 -1 -1 
-1 -1 2 -1 4 -1 -1 -1 -1 -1 -1 -1 -1 -1 -1 -1 -1 -1 -1 -1 -1 -1 6 -1 -1 9 -1 -1 -1 -1 -1 -1 -1 -1 10 -1 -1 -1 -1 -1 -1 -1 -1 -1 -1 -1 -1 -1 -1 -1 -1 -1 -1 -1 -1 -1 -1 -1 13 -1 -1 -1 -1 -1 -1 -1 -1 18 -1 -1 -1 25 -1 11 -1 -1 20 7 -1 24 -1 -1 -1 -1 21 -1 19 -1 -1 -1 
-1 -1 2 -1 4 -1 -1 -1 -1 -1 -1 -1 -1 -1 -1 -1 -1 -1 -1 -1 -1 -1 6 -1 -1 9 -1 -1 -1 -1 -1 -1 -1 -1 10 -1 -1 -1 -1 -1 -1 -1 -1 -1 -1 -1 -1 -1 -1 -1 -1 -1 -1 -1 -1 -1 -1 -1 13 -1 -1 -1 -1 -1 -1 -1 -1 18 -1 -1 -1 -1 -1 11 -1 -1 20 7 -1 24 25 -1 -1 -1 21 -1 19 -1 -1 -1 
-1 -1 2 -1 4 -1 -1 -1 -1 -1 -1 -1 -1 -1 -1 -1 -1 -1 -1 -1 -1 -1 6 -1 -1 9 -1 -1 -1 -1 -1 -1 -1 -1 10 -1 -1 -1 -1 -1 -1 -1 -1 -1 -1 -1 -1 -1 -1 -1 -1 -1 -1 -1 -1 -1 -1 -1 13 -1 -1 -1 -1 -1 -1 -1 -1 18 -1 -1 -1 -1 -1 -1 -1 -1 20 7 -1 24 25 -1 11 -1 21 -1 19 -1 -1 -1 
-1 -1 2 -1 4 -1 -1 -1 -1 -1 -1 -1 -1 -1 -1 -1 -1 -1 -1 -1 -1 -1 6 -1 -1 9 -1 -1 -1 -1 -1 -1 -1 -1 10 -1 -1 -1 -1 -1 -1 -1 -1 -1 -1 -1 -1 -1 -1 -1 -1 -1 -1 -1 -1 -1 -1 -1 13 -1 -1 -1 -1 -1 -1 -1 -1 18 -1 -1 -1 -1 -1 -1 -1 20 -1 7 -1 24 25 -1 11 -1 21 -1 19 -1 -1 -1 
