0 1 2 3 4 5 6 7 8 -1 -1 -1 -1 -1 -1 -1 -1 -1 -1 9 -1 -1 -1 -1 -1 10 -1 11 -1 12 -1 28 -1 14 -1 15 -1 -1 -1 -1 -1 -1 -1 -1 -1 -1 -1 -1 -1 -1 -1 -1 -1 -1 -1 -1 -1 -1 29 -1 -1 -1 27 -1 26 -1 -1 25 -1 -1 -1 -1 -1 -1 -1 -1 -1 -1 -1 -1 -1 24 31 22 21 20 19 18 17 16 
0 1 2 3 4 5 6 -1 8 -1 -1 -1 -1 -1 -1 -1 -1 -1 -1 9 -1 -1 -1 -1 7 10 -1 11 -1 12 -1 28 -1 14 -1 15 -1 -1 -1 -1 -1 -1 -1 -1 -1 -1 -1 -1 -1 -1 -1 -1 -1 -1 -1 -1 -1 -1 29 -1 -1 -1 27 -1 26 -1 -1 25 -1 -1 -1 -1 -1 -1 -1 -1 -1 -1 -1 -1 -1 24 31 22 21 20 19 18 17 16 
0 1 2 3 4 5 6 -1 8 -1 -1 -1 -1 -1 -1 -1 -1 -1 -1 9 -1 -1 -1 -1 7 10 -1 11 -1 12 -1 28 -1 14 -1 15 -1 -1 -1 -1 -1 -1 -1 -1 -1 -1 -1 -1 -1 -1 -1 -1 -1 -1 -1 -1 -1 -1 29 -1 -1 -1 27 -1 26 -1 -1 25 -1 17 -1 -1 -1 -1 -1 -1 -1 -1 -1 -1 -1 24 31 22 21 20 19 18 -1 16 
0 1 2 3 4 5 6 8 -1 -1 -1 -1 -1 -1 -1 -1 -1 -1 -1 9 -1 -1 -1 -1 7 10 -1 11 -1 12 -1 28 -1 14 -1 15 -1 -1 -1 -1 -1 -1 -1 -1 -1 -1 -1 -1 -1 -1 -1 -1 -1 -1 -1 -1 -1 -1 29 -1 -1 -1 27 -1 26 -1 -1 25 -1 17 -1 -1 -1 -1 -1 -1 -1 -1 -1 -1 -1 24 31 22 21 20 19 18 -1 16 
0 1 2 3 4 5 6 8 -1 -1 -1 -1 -1 -1 -1 -1 -1 -1 -1 9 -1 -1 -1 -1 7 10 -1 11 -1 12 -1 28 -1 14 -1 15 -1 -1 -1 -1 -1 -1 -1 -1 -1 -1 -1 -1 -1 -1 -1 -1 -1 -1 -1 -1 -1 -1 29 -1 -1 -1 27 -1 26 -1 -1 25 -1 17 -1 -1 -1 -1 -1 -1 -1 -1 -1 -1 -1 24 31 22 21 20 19 18 16 -1 
0 -1 2 3 4 5 6 8 -1 -1 -1 -1 -1 -1 -1 -1 -1 -1 -1 9 1 -1 -1 -1 7 10 -1 11 -1 12 -1 28 -1 14 -1 15 -1 -1 -1 -1 -1 -1 -1 -1 -1 -1 -1 -1 -1 -1 -1 -1 -1 -1 -1 -1 -1 -1 29 -1 -1 -1 27 -1 26 -1 -1 25 -1 17 -1 -1 -1 -1 -1 -1 -1 -1 -1 -1 -1 24 31 22 21 20 19 18 16 -1 
0 -1 2 3 4 5 6 8 -1 -1 -1 -1 -1 -1 -1 -1 -1 -1 -1 9 1 -1 -1 -1 7 10 -1 11 -1 12 -1 28 -1 14 -1 15 -1 -1 -1 -1 -1 -1 -1 -1 -1 -1 -1 -1 -1 -1 -1 28 -1 -1 -1 -1 -1 -1 29 -1 -1 -1 27 -1 26 -1 -1 25 -1 17 -1 -1 -1 -1 -1 -1 -1 -1 -1 -1 -1 24 31 22 21 20 19 18 16 -1 
0 -1 2 3 4 5 6 8 -1 -1 -1 -1 -1 -1 -1 -1 -1 -1 -1 9 1 -1 -1 -1 7 10 -1 11 -1 -1 -1 28 -1 14 -1 15 -1 -1 12 -1 -1 -1 -1 -1 -1 -1 -1 -1 -1 -1 -1 28 -1 -1 -1 -1 -1 -1 29 -1 -1 -1 27 -1 26 -1 -1 25 -1 17 -1 -1 -1 -1 -1 -1 -1 -1 -1 -1 -1 24 31 22 21 20 19 18 16 -1 
0 -1 2 3 4 5 6 8 -1 -1 -1 -1 -1 -1 -1 -1 -1 -1 -1 9 1 -1 -1 -1 7 10 -1 11 26 -1 -1 28 -1 14 -1 15 -1 -1 12 -1 -1 -1 -1 -1 -1 -1 -1 -1 -1 -1 -1 28 -1 -1 -1 -1 -1 -1 29 -1 -1 -1 27 -1 -1 -1 -1 25 -1 17 -1 -1 -1 -1 -1 -1 -1 -1 -1 -1 -1 24 31 22 21 20 19 18 16 -1 
0 -1 2 3 4 5 -1 8 -1 -1 -1 -1 -1 -1 -1 -1 -1 -1 -1 9 1 -1 6 -1 7 10 -1 11 26 -1 -1 28 -1 14 -1 15 -1 -1 12 -1 -1 -1 -1 -1 -1 -1 -1 -1 -1 -1 -1 28 -1 -1 -1 -1 -1 -1 29 -1 -1 -1 27 -1 -1 -1 -1 25 -1 17 -1 -1 -1 -1 -1 -1 -1 -1 -1 -1 -1 24 31 22 21 20 19 18 16 -1 
0 -1 2 3 4 5 -1 8 -1 -1 -1 -1 -1 -1 -1 -1 -1 -1 -1 9 1 -1 6 -1 7 10 -1 11 -1 26 -1 28 -1 14 -1 15 -1 -1 12 -1 -1 -1 -1 -1 -1 -1 -1 -1 -1 -1 -1 28 -1 -1 -1 -1 -1 -1 29 -1 -1 -1 27 -1 -1 -1 -1 25 -1 17 -1 -1 -1 -1 -1 -1 -1 -1 -1 -1 -1 24 31 22 21 20 19 18 16 -1 
0 -1 2 3 4 5 -1 8 -1 -1 -1 -1 -1 -1 -1 -1 -1 -1 -1 -1 1 -1 6 -1 7 10 -1 11 -1 26 -1 28 -1 14 -1 15 -1 -1 12 -1 -1 -1 -1 -1 -1 -1 -1 -1 -1 -1 -1 28 -1 -1 -1 -1 -1 -1 29 -1 -1 -1 27 -1 -1 -1 -1 25 -1 17 -1 -1 -1 9 -1 -1 -1 -1 -1 -1 -1 24 31 22 21 20 19 18 16 -1 
0 -1 2 3 4 5 -1 8 -1 -1 -1 -1 -1 -1 -1 -1 -1 -1 -1 -1 1 -1 6 -1 7 10 -1 11 -1 26 -1 28 -1 14 -1 15 -1 -1 12 -1 -1 -1 -1 -1 -1 -1 -1 -1 -1 -1 -1 28 -1 -1 -1 -1 -1 -1 29 -1 -1 -1 27 -1 -1 -1 -1 25 -1 17 -1 -1 24 9 -1 -1 -1 -1 -1 -1 -1 -1 31 22 21 20 19 18 16 -1 
-1 0 2 3 4 5 -1 8 -1 -1 -1 -1 -1 -1 -1 -1 -1 -1 -1 -1 1 -1 6 -1 7 10 -1 11 -1 26 -1 28 -1 14 -1 15 -1 -1 12 -1 -1 -1 -1 -1 -1 -1 -1 -1 -1 -1 -1 28 -1 -1 -1 -1 -1 -1 29 -1 -1 -1 27 -1 -1 -1 -1 25 -1 17 -1 -1 24 9 -1 -1 -1 -1 -1 -1 -1 -1 31 22 21 20 19 18 16 -1 
-1 0 2 3 4 5 -1 8 -1 -1 -1 -1 -1 -1 -1 -1 -1 -1 -1 -1 1 -1 6 -1 7 10 -1 11 -1 26 -1 28 -1 14 -1 15 -1 -1 12 -1 -1 -1 -1 -1 -1 -1 -1 -1 -1 -1 -1 28 -1 -1 -1 -1 -1 -1 29 -1 -1 -1 27 -1 -1 -1 -1 25 -1 17 -1 -1 24 9 -1 -1 -1 -1 -1 16 -1 -1 31 22 21 20 19 18 -1 -1 
-1 0 2 3 4 5 -1 8 -1 -1 -1 -1 -1 -1 -1 -1 -1 -1 -1 -1 1 -1 6 -1 7 10 -1 11 -1 26 -1 28 -1 14 -1 15 -1 -1 12 -1 -1 -1 -1 -1 -1 -1 -1 -1 -1 -1 -1 28 -1 -1 -1 -1 -1 -1 29 -1 -1 -1 27 -1 9 -1 -1 25 -1 17 -1 -1 24 -1 -1 -1 -1 -1 -1 16 -1 -1 31 22 21 20 19 18 -1 -1 
-1 0 2 3 4 5 -1 8 -1 -1 -1 -1 -1 -1 -1 -1 -1 -1 -1 -1 1 -1 6 -1 7 10 -1 11 -1 26 -1 28 -1 14 -1 15 -1 -1 12 -1 -1 -1 -1 -1 -1 -1 -1 -1 -1 -1 17 28 -1 -1 -1 -1 -1 -1 29 -1 -1 -1 27 -1 9 -1 -1 25 -1 -1 -1 -1 24 -1 -1 -1 -1 -1 -1 16 -1 -1 31 22 21 20 19 18 -1 -1 
-1 -1 2 3 4 5 -1 8 -1 -1 -1 -1 -1 -1 -1 -1 -1 -1 -1 -1 1 -1 6 -1 7 10 -1 11 0 26 -1 28 -1 14 -1 15 -1 -1 12 -1 -1 -1 -1 -1 -1 -1 -1 -1 -1 -1 17 28 -1 -1 -1 -1 -1 -1 29 -1 -1 -1 27 -1 9 -1 -1 25 -1 -1 -1 -1 24 -1 -1 -1 -1 -1 -1 16 -1 -1 31 22 21 20 19 18 -1 -1 
-1 -1 2 3 4 5 -1 8 -1 -1 -1 -1 -1 -1 -1 -1 -1 -1 -1 -1 1 -1 6 -1 7 10 -1 11 0 -1 -1 28 -1 26 -1 15 -1 -1 12 -1 -1 -1 -1 -1 -1 -1 -1 -1 -1 -1 17 28 -1 -1 -1 -1 -1 -1 29 -1 -1 -1 27 -1 9 -1 -1 25 -1 -1 -1 -1 24 -1 -1 -1 -1 -1 -1 16 -1 -1 31 22 21 20 19 18 -1 -1 
-1 -1 2 3 4 5 -1 8 -1 -1 -1 -1 -1 -1 -1 -1 -1 -1 -1 -1 1 -1 6 -1 7 10 -1 11 -1 -1 -1 28 -1 26 -1 15 -1 -1 12 -1 -1 -1 -1 -1 -1 -1 0 -1 -1 -1 17 28 -1 -1 -1 -1 -1 -1 29 -1 -1 -1 27 -1 9 -1 -1 25 -1 -1 -1 -1 24 -1 -1 -1 -1 -1 -1 16 -1 -1 31 22 21 20 19 18 -1 -1 
-1 -1 2 3 4 5 -1 8 -1 -1 -1 -1 -1 -1 -1 -1 -1 -1 -1 -1 1 -1 6 -1 7 10 -1 11 -1 -1 -1 28 -1 26 -1 15 -1 -1 12 -1 -1 -1 -1 -1 -1 -1 0 -1 -1 -1 17 28 -1 -1 -1 -1 -1 -1 29 -1 -1 -1 27 -1 9 -1 -1 25 -1 -1 -1 -1 -1 -1 -1 -1 -1 24 -1 16 -1 -1 31 22 21 20 19 18 -1 -1 
-1 -1 2 3 4 -1 -1 8 -1 -1 -1 -1 -1 5 -1 -1 -1 -1 -1 -1 1 -1 6 -1 7 10 -1 11 -1 -1 -1 28 -1 26 -1 15 -1 -1 12 -1 -1 -1 -1 -1 -1 -1 0 -1 -1 -1 17 28 -1 -1 -1 -1 -1 -1 29 -1 -1 -1 27 -1 9 -1 -1 25 -1 -1 -1 -1 -1 -1 -1 -1 -1 24 -1 16 -1 -1 31 22 21 20 19 18 -1 -1 
-1 -1 2 3 4 -1 -1 8 -1 -1 -1 -1 -1 5 -1 -1 -1 -1 -1 -1 1 -1 6 -1 7 10 -1 11 -1 -1 -1 28 -1 26 -1 15 -1 -1 12 -1 -1 -1 -1 -1 -1 -1 0 -1 -1 -1 17 28 -1 -1 -1 -1 -1 -1 29 -1 -1 -1 27 -1 9 23 -1 25 -1 -1 -1 -1 -1 -1 -1 -1 -1 24 -1 16 -1 -1 -1 22 21 20 19 18 -1 -1 
-1 -1 2 3 4 -1 -1 8 -1 -1 -1 -1 -1 5 -1 -1 -1 -1 -1 -1 1 -1 6 -1 7 -1 -1 11 -1 -1 -1 28 -1 26 -1 15 -1 -1 12 -1 -1 -1 -1 -1 -1 -1 0 -1 -1 -1 17 28 -1 -1 -1 -1 -1 -1 29 -1 -1 -1 27 -1 9 23 -1 25 -1 -1 10 -1 -1 -1 -1 -1 -1 24 -1 16 -1 -1 -1 22 21 20 19 18 -1 -1 
-1 -1 2 3 4 -1 -1 8 -1 -1 -1 -1 -1 5 -1 -1 -1 -1 -1 -1 1 -1 6 -1 7 -1 -1 11 -1 -1 -1 28 -1 26 -1 15 -1 -1 12 -1 -1 -1 -1 -1 -1 -1 0 -1 -1 -1 17 28 -1 -1 -1 -1 -1 -1 29 -1 -1 -1 27 -1 9 23 -1 25 24 -1 10 -1 -1 -1 -1 -1 -1 -1 -1 16 -1 -1 -1 22 21 20 19 18 -1 -1 
-1 -1 2 3 4 -1 -1 8 -1 -1 -1 -1 -1 5 -1 -1 -1 -1 -1 -1 1 -1 6 -1 7 -1 -1 11 -1 -1 -1 28 -1 26 -1 15 -1 -1 12 -1 -1 -1 -1 -1 -1 -1 0 -1 -1 -1 17 28 -1 -1 -1 -1 -1 -1 29 -1 -1 -1 27 -1 9 23 -1 10 24 -1 -1 -1 -1 -1 -1 -1 -1 -1 -1 16 -1 -1 -1 22 21 20 19 18 -1 -1 
-1 -1 2 3 4 -1 -1 16 -1 -1 -1 -1 -1 5 -1 -1 -1 -1 -1 -1 1 -1 6 -1 7 -1 -1 11 -1 -1 -1 28 -1 26 -1 15 -1 -1 12 -1 -1 -1 -1 -1 -1 -1 0 -1 -1 -1 17 28 -1 -1 -1 -1 -1 -1 29 -1 -1 -1 27 -1 9 23 -1 10 24 -1 -1 -1 -1 -1 -1 -1 -1 -1 -1 -1 -1 -1 -1 22 21 20 19 18 -1 -1 
-1 -1 2 3 4 -1 -1 7 -1 -1 -1 -1 -1 5 -1 -1 -1 -1 -1 -1 1 -1 6 -1 -1 -1 -1 11 -1 -1 -1 28 -1 26 -1 15 -1 -1 12 -1 -1 -1 -1 -1 -1 -1 0 -1 -1 -1 17 28 -1 -1 -1 -1 -1 -1 29 -1 -1 -1 27 -1 9 23 -1 10 24 -1 -1 -1 -1 -1 -1 -1 -1 -1 -1 -1 -1 -1 -1 22 21 20 19 18 -1 -1 
-1 -1 2 3 4 -1 -1 7 -1 -1 -1 -1 -1 5 -1 -1 -1 -1 -1 -1 1 -1 6 -1 -1 -1 -1 11 -1 -1 -1 28 -1 26 -1 15 -1 -1 12 -1 -1 -1 -1 -1 -1 -1 0 -1 -1 -1 17 28 -1 -1 -1 -1 -1 -1 29 -1 -1 -1 27 -1 9 23 -1 18 24 -1 -1 -1 -1 -1 -1 -1 -1 -1 -1 -1 -1 -1 -1 22 21 20 19 -1 -1 -1 
-1 -1 2 3 4 -1 -1 7 -1 -1 -1 -1 -1 5 -1 -1 -1 -1 -1 -1 1 -1 6 -1 -1 -1 -1 11 -1 -1 -1 -1 -1 26 -1 15 -1 -1 12 -1 13 -1 -1 -1 -1 -1 0 -1 -1 -1 17 28 -1 -1 -1 -1 -1 -1 29 -1 -1 -1 27 -1 9 23 -1 18 24 -1 -1 -1 -1 -1 -1 -1 -1 -1 -1 -1 -1 -1 -1 22 21 20 19 -1 -1 -1 
-1 -1 2 3 4 -1 -1 7 -1 -1 -1 -1 -1 5 -1 -1 -1 -1 -1 -1 1 -1 6 -1 -1 -1 -1 11 -1 -1 -1 -1 -1 26 -1 15 -1 -1 12 -1 13 -1 -1 -1 -1 -1 0 30 -1 -1 17 28 -1 -1 -1 -1 -1 -1 29 -1 -1 -1 27 -1 9 23 -1 18 24 -1 -1 -1 -1 -1 -1 -1 -1 -1 -1 -1 -1 -1 -1 22 21 20 19 -1 -1 -1 
-1 -1 2 3 4 -1 -1 7 -1 -1 -1 -1 -1 5 -1 -1 -1 -1 -1 -1 1 -1 6 -1 -1 -1 -1 11 -1 -1 -1 -1 -1 26 -1 15 -1 -1 -1 -1 13 -1 -1 -1 -1 -1 0 12 -1 -1 17 28 -1 -1 -1 -1 -1 -1 29 -1 -1 -1 27 -1 9 23 -1 18 24 -1 -1 -1 -1 -1 -1 -1 -1 -1 -1 -1 -1 -1 -1 22 21 20 19 -1 -1 -1 
-1 -1 2 3 4 -1 -1 7 -1 -1 -1 -1 -1 5 -1 -1 -1 -1 -1 -1 1 -1 6 -1 -1 -1 -1 11 -1 -1 -1 -1 -1 26 -1 15 -1 -1 -1 -1 13 -1 -1 -1 -1 -1 23 12 -1 -1 17 28 -1 -1 -1 -1 -1 -1 29 -1 -1 -1 27 -1 9 -1 -1 18 24 -1 -1 -1 -1 -1 -1 -1 -1 -1 -1 -1 -1 -1 -1 22 21 20 19 -1 -1 -1 
-1 -1 2 3 4 -1 -1 7 -1 -1 -1 -1 -1 5 -1 -1 -1 -1 -1 -1 1 -1 6 -1 -1 -1 -1 11 -1 -1 -1 -1 -1 26 -1 15 -1 -1 -1 -1 13 -1 -1 -1 -1 -1 23 12 -1 -1 17 28 -1 -1 -1 -1 -1 -1 29 -1 -1 -1 27 -1 -1 -1 -1 18 9 -1 -1 -1 -1 -1 -1 -1 -1 -1 -1 -1 -1 -1 -1 22 21 20 19 -1 -1 -1 
-1 -1 2 3 4 -1 -1 7 -1 -1 -1 -1 -1 5 -1 -1 -1 -1 -1 -1 1 -1 6 -1 -1 -1 -1 11 -1 23 -1 -1 -1 26 -1 15 -1 -1 -1 -1 13 -1 -1 -1 -1 -1 -1 12 -1 -1 17 28 -1 -1 -1 -1 -1 -1 29 -1 -1 -1 27 -1 -1 -1 -1 18 9 -1 -1 -1 -1 -1 -1 -1 -1 -1 -1 -1 -1 -1 -1 22 21 20 19 -1 -1 -1 
-1 -1 2 3 4 -1 -1 -1 -1 -1 -1 -1 -1 5 7 -1 -1 -1 -1 -1 1 -1 6 -1 -1 -1 -1 11 -1 23 -1 -1 -1 26 -1 15 -1 -1 -1 -1 13 -1 -1 -1 -1 -1 -1 12 -1 -1 17 28 -1 -1 -1 -1 -1 -1 29 -1 -1 -1 27 -1 -1 -1 -1 18 9 -1 -1 -1 -1 -1 -1 -1 -1 -1 -1 -1 -1 -1 -1 22 21 20 19 -1 -1 -1 
-1 -1 2 3 4 -1 -1 -1 -1 -1 -1 -1 -1 5 7 -1 -1 -1 -1 -1 1 -1 6 -1 -1 -1 -1 11 -1 23 -1 -1 -1 -1 26 15 -1 -1 -1 -1 13 -1 -1 -1 -1 -1 -1 12 -1 -1 17 28 -1 -1 -1 -1 -1 -1 29 -1 -1 -1 27 -1 -1 -1 -1 18 9 -1 -1 -1 -1 -1 -1 -1 -1 -1 -1 -1 -1 -1 -1 22 21 20 19 -1 -1 -1 
-1 -1 2 3 4 -1 -1 -1 -1 -1 -1 -1 -1 5 7 -1 -1 -1 -1 -1 1 -1 6 -1 -1 -1 -1 11 -1 23 -1 -1 -1 -1 26 15 -1 -1 -1 -1 13 -1 -1 -1 -1 -1 -1 12 -1 -1 17 28 -1 -1 -1 -1 -1 -1 29 9 -1 -1 27 -1 -1 -1 -1 18 -1 -1 -1 -1 -1 -1 -1 -1 -1 -1 -1 -1 -1 -1 -1 22 21 20 19 -1 -1 -1 
-1 -1 2 3 4 -1 -1 -1 -1 -1 -1 -1 -1 5 7 -1 -1 -1 -1 -1 1 -1 6 -1 -1 -1 -1 11 -1 23 -1 -1 -1 -1 26 15 -1 -1 -1 17 13 -1 -1 -1 -1 -1 -1 12 -1 -1 -1 28 -1 -1 -1 -1 -1 -1 29 9 -1 -1 27 -1 -1 -1 -1 18 -1 -1 -1 -1 -1 -1 -1 -1 -1 -1 -1 -1 -1 -1 -1 22 21 20 19 -1 -1 -1 
-1 -1 2 3 4 -1 -1 -1 -1 1 -1 -1 -1 5 7 -1 -1 -1 -1 -1 -1 -1 6 -1 -1 -1 -1 11 -1 23 -1 -1 -1 -1 26 15 -1 -1 -1 17 13 -1 -1 -1 -1 -1 -1 12 -1 -1 -1 28 -1 -1 -1 -1 -1 -1 29 9 -1 -1 27 -1 -1 -1 -1 18 -1 -1 -1 -1 -1 -1 -1 -1 -1 -1 -1 -1 -1 -1 -1 22 21 20 19 -1 -1 -1 
-1 -1 2 3 4 -1 -1 -1 -1 1 -1 -1 -1 5 7 -1 -1 -1 -1 -1 -1 -1 6 -1 -1 -1 -1 11 -1 -1 -1 -1 -1 -1 26 15 -1 -1 -1 17 23 -1 -1 -1 -1 -1 -1 12 -1 -1 -1 28 -1 -1 -1 -1 -1 -1 29 9 -1 -1 27 -1 -1 -1 -1 18 -1 -1 -1 -1 -1 -1 -1 -1 -1 -1 -1 -1 -1 -1 -1 22 21 20 19 -1 -1 -1 
-1 -1 2 3 4 -1 -1 -1 -1 1 -1 -1 -1 5 7 -1 -1 -1 -1 -1 -1 -1 6 -1 -1 -1 -1 11 -1 -1 -1 -1 -1 -1 26 15 -1 -1 -1 17 23 -1 -1 -1 -1 -1 -1 12 -1 -1 -1 28 -1 -1 9 -1 -1 -1 29 -1 -1 -1 27 -1 -1 -1 -1 18 -1 -1 -1 -1 -1 -1 -1 -1 -1 -1 -1 -1 -1 -1 -1 22 21 20 19 -1 -1 -1 
-1 -1 2 3 4 -1 -1 -1 -1 1 -1 -1 -1 5 7 -1 -1 -1 -1 -1 -1 -1 6 -1 -1 -1 -1 11 -1 -1 -1 -1 -1 -1 26 15 -1 -1 -1 17 23 -1 -1 -1 -1 -1 -1 18 -1 -1 -1 28 -1 -1 9 -1 -1 -1 29 -1 -1 -1 27 -1 -1 -1 -1 -1 -1 -1 -1 -1 -1 -1 -1 -1 -1 -1 -1 -1 -1 -1 -1 22 21 20 19 -1 -1 -1 
-1 -1 2 3 4 -1 -1 -1 -1 1 -1 -1 -1 5 7 -1 -1 -1 -1 -1 -1 -1 6 -1 -1 -1 -1 11 -1 -1 -1 -1 -1 -1 26 15 -1 -1 -1 17 23 -1 -1 -1 -1 -1 -1 18 -1 -1 -1 28 -1 -1 -1 -1 -1 -1 29 -1 -1 -1 9 -1 -1 -1 -1 -1 -1 -1 -1 -1 -1 -1 -1 -1 -1 -1 -1 -1 -1 -1 -1 22 21 20 19 -1 -1 -1 
-1 -1 2 3 4 -1 -1 -1 -1 1 -1 -1 -1 5 7 -1 -1 -1 -1 -1 -1 -1 6 -1 -1 -1 -1 11 -1 -1 -1 -1 -1 -1 -1 15 -1 -1 -1 17 23 -1 -1 -1 -1 -1 -1 18 -1 -1 -1 28 -1 -1 -1 -1 -1 -1 29 -1 -1 -1 9 -1 -1 -1 -1 -1 -1 -1 26 -1 -1 -1 -1 -1 -1 -1 -1 -1 -1 -1 -1 22 21 20 19 -1 -1 -1 
-1 -1 2 3 4 -1 -1 -1 -1 1 -1 -1 -1 5 7 -1 -1 -1 -1 -1 -1 -1 -1 -1 -1 -1 -1 11 -1 -1 -1 -1 -1 -1 -1 15 -1 -1 6 17 23 -1 -1 -1 -1 -1 -1 18 -1 -1 -1 28 -1 -1 -1 -1 -1 -1 29 -1 -1 -1 9 -1 -1 -1 -1 -1 -1 -1 26 -1 -1 -1 -1 -1 -1 -1 -1 -1 -1 -1 -1 22 21 20 19 -1 -1 -1 
-1 -1 2 3 4 -1 -1 -1 -1 1 -1 -1 -1 5 7 -1 -1 -1 -1 -1 -1 -1 -1 -1 -1 -1 -1 11 -1 -1 -1 -1 -1 -1 -1 15 -1 -1 6 17 23 -1 28 -1 -1 -1 -1 18 -1 -1 -1 -1 -1 -1 -1 -1 -1 -1 29 -1 -1 -1 9 -1 -1 -1 -1 -1 -1 -1 26 -1 -1 -1 -1 -1 -1 -1 -1 -1 -1 -1 -1 22 21 20 19 -1 -1 -1 
-1 -1 2 3 4 -1 -1 -1 -1 1 -1 -1 -1 5 7 -1 -1 -1 -1 -1 -1 -1 -1 -1 -1 -1 -1 11 -1 -1 -1 -1 -1 -1 -1 15 -1 -1 6 17 23 -1 28 -1 9 -1 -1 18 -1 -1 -1 -1 -1 -1 -1 -1 -1 -1 29 -1 -1 -1 -1 -1 -1 -1 -1 -1 -1 -1 26 -1 -1 -1 -1 -1 -1 -1 -1 -1 -1 -1 -1 22 21 20 19 -1 -1 -1 
-1 -1 2 3 4 -1 -1 -1 -1 1 -1 -1 -1 5 7 -1 -1 -1 -1 -1 -1 -1 -1 -1 -1 -1 -1 11 -1 -1 -1 -1 -1 -1 -1 15 -1 -1 6 17 23 -1 28 -1 9 -1 -1 18 -1 29 -1 -1 -1 -1 -1 -1 -1 -1 -1 -1 -1 -1 -1 -1 -1 -1 -1 -1 -1 -1 26 -1 -1 -1 -1 -1 -1 -1 -1 -1 -1 -1 -1 22 21 20 19 -1 -1 -1 
-1 -1 2 3 4 -1 -1 -1 -1 -1 -1 -1 -1 5 7 -1 -1 -1 -1 -1 -1 -1 -1 -1 -1 -1 -1 11 1 -1 -1 -1 -1 -1 -1 15 -1 -1 6 17 23 -1 28 -1 9 -1 -1 18 -1 29 -1 -1 -1 -1 -1 -1 -1 -1 -1 -1 -1 -1 -1 -1 -1 -1 -1 -1 -1 -1 26 -1 -1 -1 -1 -1 -1 -1 -1 -1 -1 -1 -1 22 21 20 19 -1 -1 -1 
-1 -1 2 3 4 -1 -1 -1 -1 -1 -1 -1 -1 5 7 -1 -1 -1 -1 -1 -1 -1 -1 -1 -1 -1 -1 11 1 -1 -1 -1 -1 -1 -1 15 -1 -1 6 -1 23 -1 28 -1 9 -1 -1 18 -1 29 -1 -1 -1 -1 -1 -1 -1 -1 17 -1 -1 -1 -1 -1 -1 -1 -1 -1 -1 -1 26 -1 -1 -1 -1 -1 -1 -1 -1 -1 -1 -1 -1 22 21 20 19 -1 -1 -1 
-1 -1 2 3 4 -1 -1 -1 -1 -1 -1 -1 -1 5 7 -1 -1 -1 -1 -1 -1 -1 -1 -1 -1 -1 -1 11 -1 -1 -1 -1 -1 -1 -1 15 -1 -1 6 1 23 -1 28 -1 9 -1 -1 18 -1 29 -1 -1 -1 -1 -1 -1 -1 -1 17 -1 -1 -1 -1 -1 -1 -1 -1 -1 -1 -1 26 -1 -1 -1 -1 -1 -1 -1 -1 -1 -1 -1 -1 22 21 20 19 -1 -1 -1 
-1 -1 2 3 4 -1 -1 -1 -1 -1 -1 -1 -1 5 7 -1 -1 -1 -1 -1 -1 -1 -1 -1 -1 -1 -1 11 -1 -1 -1 -1 -1 -1 -1 15 -1 -1 6 1 -1 -1 28 -1 9 -1 -1 18 -1 29 -1 23 -1 -1 -1 -1 -1 -1 17 -1 -1 -1 -1 -1 -1 -1 -1 -1 -1 -1 26 -1 -1 -1 -1 -1 -1 -1 -1 -1 -1 -1 -1 22 21 20 19 -1 -1 -1 
-1 -1 2 3 4 -1 -1 -1 -1 -1 -1 -1 -1 5 -1 -1 -1 -1 -1 -1 -1 -1 -1 -1 -1 -1 -1 11 -1 -1 -1 7 -1 -1 -1 15 -1 -1 6 1 -1 -1 28 -1 9 -1 -1 18 -1 29 -1 23 -1 -1 -1 -1 -1 -1 17 -1 -1 -1 -1 -1 -1 -1 -1 -1 -1 -1 26 -1 -1 -1 -1 -1 -1 -1 -1 -1 -1 -1 -1 22 21 20 19 -1 -1 -1 
-1 -1 2 3 4 -1 -1 -1 -1 -1 -1 -1 -1 5 -1 -1 -1 -1 -1 -1 -1 -1 -1 -1 -1 -1 -1 11 -1 -1 -1 7 -1 -1 -1 15 -1 -1 6 1 -1 28 -1 -1 9 -1 -1 18 -1 29 -1 23 -1 -1 -1 -1 -1 -1 17 -1 -1 -1 -1 -1 -1 -1 -1 -1 -1 -1 26 -1 -1 -1 -1 -1 -1 -1 -1 -1 -1 -1 -1 22 21 20 19 -1 -1 -1 
-1 -1 2 3 4 -1 -1 -1 -1 -1 -1 -1 -1 5 -1 -1 -1 -1 -1 -1 -1 -1 -1 -1 -1 -1 -1 11 -1 -1 -1 -1 -1 -1 -1 15 -1 -1 6 1 -1 28 -1 -1 9 -1 -1 18 -1 29 7 23 -1 -1 -1 -1 -1 -1 17 -1 -1 -1 -1 -1 -1 -1 -1 -1 -1 -1 26 -1 -1 -1 -1 -1 -1 -1 -1 -1 -1 -1 -1 22 21 20 19 -1 -1 -1 
-1 -1 2 3 4 -1 -1 -1 -1 -1 -1 -1 -1 5 -1 -1 -1 -1 -1 -1 -1 -1 -1 -1 -1 -1 -1 11 -1 -1 -1 -1 -1 -1 -1 15 -1 -1 6 1 -1 28 -1 -1 23 -1 -1 18 -1 29 7 -1 -1 -1 -1 -1 -1 -1 17 -1 -1 -1 -1 -1 -1 -1 -1 -1 -1 -1 26 -1 -1 -1 -1 -1 -1 -1 -1 -1 -1 -1 -1 22 21 20 19 -1 -1 -1 
-1 -1 2 3 4 -1 -1 -1 -1 -1 -1 -1 -1 5 -1 -1 -1 -1 -1 -1 -1 -1 -1 -1 -1 -1 -1 11 -1 -1 -1 -1 -1 -1 -1 15 -1 -1 6 -1 -1 28 -1 -1 23 -1 -1 18 -1 29 7 -1 -1 -1 -1 -1 -1 -1 1 -1 -1 -1 -1 -1 -1 -1 -1 -1 -1 -1 26 -1 -1 -1 -1 -1 -1 -1 -1 -1 -1 -1 -1 22 21 20 19 -1 -1 -1 
-1 -1 2 3 4 -1 -1 -1 -1 -1 -1 -1 -1 5 -1 -1 -1 -1 -1 -1 -1 -1 -1 -1 -1 -1 -1 11 -1 -1 -1 -1 -1 23 -1 15 -1 -1 6 -1 -1 28 -1 -1 -1 -1 -1 18 -1 29 7 -1 -1 -1 -1 -1 -1 -1 1 -1 -1 -1 -1 -1 -1 -1 -1 -1 -1 -1 26 -1 -1 -1 -1 -1 -1 -1 -1 -1 -1 -1 -1 22 21 20 19 -1 -1 -1 
-1 -1 2 3 4 -1 -1 -1 -1 -1 -1 -1 -1 5 -1 -1 -1 -1 -1 -1 -1 -1 -1 -1 -1 -1 -1 11 -1 -1 -1 -1 -1 23 -1 15 -1 -1 6 -1 -1 28 -1 -1 -1 -1 -1 18 -1 29 -1 -1 -1 -1 -1 -1 -1 -1 1 -1 -1 7 -1 -1 -1 -1 -1 -1 -1 -1 26 -1 -1 -1 -1 -1 -1 -1 -1 -1 -1 -1 -1 22 21 20 19 -1 -1 -1 
-1 -1 2 3 4 -1 -1 -1 -1 -1 -1 -1 -1 5 -1 -1 -1 -1 -1 -1 -1 -1 -1 -1 -1 -1 -1 11 -1 -1 -1 -1 -1 23 -1 15 -1 -1 6 -1 -1 28 -1 -1 -1 -1 -1 18 -1 29 -1 -1 -1 -1 -1 -1 -1 -1 1 -1 -1 7 -1 -1 -1 -1 -1 -1 -1 -1 26 -1 -1 -1 -1 -1 21 -1 -1 -1 -1 -1 -1 22 -1 20 19 -1 -1 -1 
-1 -1 2 3 4 -1 -1 -1 -1 -1 -1 -1 -1 5 -1 -1 -1 -1 -1 -1 -1 -1 -1 -1 -1 -1 -1 11 -1 -1 -1 -1 -1 23 -1 15 -1 -1 6 -1 -1 28 -1 -1 -1 -1 -1 1 -1 29 -1 -1 -1 -1 -1 -1 -1 -1 -1 -1 -1 7 -1 -1 -1 -1 -1 -1 -1 -1 26 -1 -1 -1 -1 -1 21 -1 -1 -1 -1 -1 -1 22 -1 20 19 -1 -1 -1 
-1 -1 2 3 4 -1 -1 -1 -1 -1 -1 -1 -1 5 -1 -1 -1 -1 -1 -1 -1 -1 -1 -1 -1 -1 23 11 -1 -1 -1 -1 -1 -1 -1 15 -1 -1 6 -1 -1 28 -1 -1 -1 -1 -1 1 -1 29 -1 -1 -1 -1 -1 -1 -1 -1 -1 -1 -1 7 -1 -1 -1 -1 -1 -1 -1 -1 26 -1 -1 -1 -1 -1 21 -1 -1 -1 -1 -1 -1 22 -1 20 19 -1 -1 -1 
-1 -1 2 3 4 -1 -1 -1 -1 -1 -1 -1 -1 5 -1 -1 -1 -1 -1 -1 -1 -1 -1 -1 -1 -1 23 11 -1 -1 -1 -1 -1 -1 -1 15 -1 -1 6 -1 -1 28 -1 -1 -1 -1 -1 -1 -1 29 -1 -1 -1 -1 -1 -1 -1 -1 1 -1 -1 7 -1 -1 -1 -1 -1 -1 -1 -1 26 -1 -1 -1 -1 -1 21 -1 -1 -1 -1 -1 -1 22 -1 20 19 -1 -1 -1 
-1 -1 2 3 4 -1 -1 -1 -1 -1 -1 -1 -1 5 -1 -1 -1 -1 -1 -1 -1 -1 -1 -1 -1 -1 23 11 -1 -1 -1 -1 -1 -1 -1 15 -1 -1 6 -1 29 28 -1 -1 -1 -1 -1 -1 -1 -1 -1 -1 -1 -1 -1 -1 -1 -1 1 -1 -1 7 -1 -1 -1 -1 -1 -1 -1 -1 26 -1 -1 -1 -1 -1 21 -1 -1 -1 -1 -1 -1 22 -1 20 19 -1 -1 -1 
-1 -1 -1 3 4 -1 -1 -1 -1 -1 -1 -1 -1 5 -1 -1 -1 -1 -1 -1 -1 -1 -1 -1 -1 -1 23 11 -1 -1 -1 -1 -1 -1 -1 15 -1 -1 6 -1 29 28 -1 -1 -1 -1 -1 -1 -1 -1 -1 -1 -1 -1 -1 -1 -1 -1 1 -1 -1 7 -1 -1 -1 -1 -1 -1 -1 -1 26 -1 -1 -1 -1 -1 21 -1 -1 -1 -1 -1 -1 22 -1 20 19 -1 -1 -1 
-1 -1 -1 3 4 -1 -1 -1 -1 -1 -1 -1 -1 5 -1 23 -1 -1 -1 -1 -1 -1 -1 -1 -1 -1 -1 11 -1 -1 -1 -1 -1 -1 -1 15 -1 -1 6 -1 29 28 -1 -1 -1 -1 -1 -1 -1 -1 -1 -1 -1 -1 -1 -1 -1 -1 1 -1 -1 7 -1 -1 -1 -1 -1 -1 -1 -1 26 -1 -1 -1 -1 -1 21 -1 -1 -1 -1 -1 -1 22 -1 20 19 -1 -1 -1 
-1 -1 -1 3 -1 4 -1 -1 -1 -1 -1 -1 -1 5 -1 23 -1 -1 -1 -1 -1 -1 -1 -1 -1 -1 -1 11 -1 -1 -1 -1 -1 -1 -1 15 -1 -1 6 -1 29 28 -1 -1 -1 -1 -1 -1 -1 -1 -1 -1 -1 -1 -1 -1 -1 -1 1 -1 -1 7 -1 -1 -1 -1 -1 -1 -1 -1 26 -1 -1 -1 -1 -1 21 -1 -1 -1 -1 -1 -1 22 -1 20 19 -1 -1 -1 
-1 -1 -1 3 -1 4 -1 -1 -1 -1 -1 -1 -1 5 -1 23 -1 -1 -1 -1 -1 -1 -1 -1 -1 -1 -1 11 -1 -1 -1 -1 -1 -1 -1 15 -1 -1 6 -1 29 28 -1 -1 -1 -1 -1 -1 -1 -1 -1 -1 -1 -1 -1 -1 -1 -1 1 -1 -1 7 -1 -1 -1 -1 -1 -1 26 -1 -1 -1 -1 -1 -1 -1 21 -1 -1 -1 -1 -1 -1 22 -1 20 19 -1 -1 -1 
