0 1 2 3 4 5 6 7 8 -1 -1 -1 -1 -1 -1 -1 -1 -1 -1 9 -1 -1 -1 -1 -1 10 -1 11 -1 12 -1 28 -1 14 -1 15 -1 -1 -1 -1 -1 -1 -1 -1 -1 -1 -1 -1 -1 -1 -1 -1 -1 -1 -1 -1 -1 -1 29 -1 -1 -1 27 -1 26 -1 -1 25 -1 -1 -1 -1 -1 -1 -1 -1 -1 -1 -1 -1 -1 24 23 22 21 20 19 18 17 16 
0 1 2 3 4 5 6 7 8 -1 -1 -1 -1 -1 -1 -1 -1 -1 -1 9 -1 -1 10 -1 -1 -1 -1 11 -1 12 -1 28 -1 14 -1 15 -1 -1 -1 -1 -1 -1 -1 -1 -1 -1 -1 -1 -1 -1 -1 -1 -1 -1 -1 -1 -1 -1 29 -1 -1 -1 27 -1 26 -1 -1 25 -1 -1 -1 -1 -1 -1 -1 -1 -1 -1 -1 -1 -1 24 23 22 21 20 19 18 17 16 
0 1 2 3 4 5 6 7 8 -1 -1 -1 -1 -1 -1 -1 -1 -1 -1 9 -1 -1 10 -1 -1 -1 -1 11 -1 12 -1 28 -1 14 -1 15 -1 -1 -1 -1 -1 -1 -1 -1 -1 -1 -1 -1 -1 -1 -1 -1 -1 -1 -1 -1 -1 -1 29 -1 -1 -1 27 -1 26 -1 -1 25 -1 17 -1 -1 -1 -1 -1 -1 -1 -1 -1 -1 -1 24 23 22 21 20 19 18 -1 16 
0 1 2 3 4 5 6 -1 8 -1 -1 -1 -1 -1 -1 -1 -1 -1 -1 9 -1 -1 10 -1 7 -1 -1 11 -1 12 -1 28 -1 14 -1 15 -1 -1 -1 -1 -1 -1 -1 -1 -1 -1 -1 -1 -1 -1 -1 -1 -1 -1 -1 -1 -1 -1 29 -1 -1 -1 27 -1 26 -1 -1 25 -1 17 -1 -1 -1 -1 -1 -1 -1 -1 -1 -1 -1 24 23 22 21 20 19 18 -1 16 
0 1 2 3 4 5 6 -1 8 -1 -1 -1 -1 -1 -1 -1 -1 -1 -1 9 -1 -1 10 -1 7 -1 -1 11 -1 12 -1 28 -1 14 -1 15 -1 -1 -1 -1 -1 -1 -1 -1 -1 -1 -1 -1 -1 -1 -1 -1 -1 -1 -1 -1 -1 -1 29 -1 -1 -1 27 -1 26 -1 -1 25 -1 17 -1 -1 -1 -1 -1 -1 -1 -1 -1 -1 -1 24 23 22 21 20 19 18 16 -1 
0 1 2 3 4 5 6 -1 -1 -1 -1 -1 -1 -1 -1 -1 -1 8 -1 9 -1 -1 10 -1 7 -1 -1 11 -1 12 -1 28 -1 14 -1 15 -1 -1 -1 -1 -1 -1 -1 -1 -1 -1 -1 -1 -1 -1 -1 -1 -1 -1 -1 -1 -1 -1 29 -1 -1 -1 27 -1 26 -1 -1 25 -1 17 -1 -1 -1 -1 -1 -1 -1 -1 -1 -1 -1 24 23 22 21 20 19 18 16 -1 
0 1 2 3 4 5 6 -1 -1 -1 -1 -1 -1 -1 -1 -1 -1 8 -1 9 -1 -1 10 -1 7 -1 -1 11 -1 12 -1 28 -1 14 -1 15 -1 -1 -1 -1 -1 -1 -1 -1 -1 -1 -1 -1 -1 -1 -1 -1 -1 -1 -1 -1 -1 -1 29 -1 -1 -1 27 -1 26 23 -1 25 -1 17 -1 -1 -1 -1 -1 -1 -1 -1 -1 -1 -1 24 -1 22 21 20 19 18 16 -1 
0 1 2 3 4 5 6 -1 -1 -1 -1 -1 8 -1 -1 -1 -1 -1 -1 9 -1 -1 10 -1 7 -1 -1 11 -1 12 -1 28 -1 14 -1 15 -1 -1 -1 -1 -1 -1 -1 -1 -1 -1 -1 -1 -1 -1 -1 -1 -1 -1 -1 -1 -1 -1 29 -1 -1 -1 27 -1 26 23 -1 25 -1 17 -1 -1 -1 -1 -1 -1 -1 -1 -1 -1 -1 24 -1 22 21 20 19 18 16 -1 
0 1 2 3 4 5 6 -1 -1 -1 -1 -1 8 -1 -1 -1 -1 -1 -1 9 -1 -1 10 -1 7 -1 -1 11 -1 12 -1 28 -1 14 -1 15 -1 -1 -1 -1 -1 -1 -1 -1 -1 -1 -1 -1 -1 -1 -1 -1 -1 -1 -1 -1 -1 -1 29 -1 -1 -1 27 -1 26 23 -1 25 -1 17 -1 -1 -1 -1 -1 -1 21 -1 -1 -1 -1 24 -1 22 -1 20 19 18 16 -1 
0 -1 2 3 4 5 6 -1 -1 -1 -1 -1 8 -1 -1 -1 -1 -1 -1 9 1 -1 10 -1 7 -1 -1 11 -1 12 -1 28 -1 14 -1 15 -1 -1 -1 -1 -1 -1 -1 -1 -1 -1 -1 -1 -1 -1 -1 -1 -1 -1 -1 -1 -1 -1 29 -1 -1 -1 27 -1 26 23 -1 25 -1 17 -1 -1 -1 -1 -1 -1 21 -1 -1 -1 -1 24 -1 22 -1 20 19 18 16 -1 
0 -1 2 3 4 5 6 -1 -1 -1 -1 -1 8 -1 -1 -1 -1 -1 -1 9 1 -1 10 -1 7 -1 -1 11 -1 12 -1 28 -1 14 -1 15 -1 -1 -1 -1 -1 -1 -1 -1 -1 -1 -1 30 -1 -1 -1 -1 -1 -1 -1 -1 -1 -1 29 -1 -1 -1 27 -1 26 23 -1 25 -1 17 -1 -1 -1 -1 -1 -1 21 -1 -1 -1 -1 24 -1 22 -1 20 19 18 16 -1 
0 -1 2 3 4 5 6 -1 -1 -1 -1 -1 8 -1 -1 -1 -1 -1 -1 9 1 -1 10 -1 7 -1 -1 11 -1 12 -1 28 -1 -1 -1 15 -1 -1 -1 -1 -1 -1 14 -1 -1 -1 -1 30 -1 -1 -1 -1 -1 -1 -1 -1 -1 -1 29 -1 -1 -1 27 -1 26 23 -1 25 -1 17 -1 -1 -1 -1 -1 -1 21 -1 -1 -1 -1 24 -1 22 -1 20 19 18 16 -1 
0 -1 2 3 4 5 6 -1 -1 -1 -1 -1 8 -1 -1 -1 -1 -1 -1 9 1 -1 10 -1 7 -1 -1 11 -1 12 -1 28 -1 -1 -1 15 -1 -1 -1 -1 -1 -1 14 -1 -1 -1 -1 30 -1 -1 -1 -1 16 -1 -1 -1 -1 -1 29 -1 -1 -1 27 -1 26 23 -1 25 -1 17 -1 -1 -1 -1 -1 -1 21 -1 -1 -1 -1 24 -1 22 -1 20 19 18 -1 -1 
-1 -1 2 3 4 5 6 -1 -1 0 -1 -1 8 -1 -1 -1 -1 -1 -1 9 1 -1 10 -1 7 -1 -1 11 -1 12 -1 28 -1 -1 -1 15 -1 -1 -1 -1 -1 -1 14 -1 -1 -1 -1 30 -1 -1 -1 -1 16 -1 -1 -1 -1 -1 29 -1 -1 -1 27 -1 26 23 -1 25 -1 17 -1 -1 -1 -1 -1 -1 21 -1 -1 -1 -1 24 -1 22 -1 20 19 18 -1 -1 
-1 -1 2 3 4 5 6 -1 -1 0 -1 -1 8 -1 -1 -1 -1 -1 -1 9 1 -1 10 -1 7 -1 -1 11 -1 12 -1 28 -1 -1 -1 15 -1 -1 -1 -1 -1 -1 14 -1 -1 -1 26 30 -1 -1 -1 -1 16 -1 -1 -1 -1 -1 29 -1 -1 -1 27 -1 -1 23 -1 25 -1 17 -1 -1 -1 -1 -1 -1 21 -1 -1 -1 -1 24 -1 22 -1 20 19 18 -1 -1 
-1 -1 2 3 4 5 6 -1 -1 0 -1 -1 8 -1 -1 -1 -1 -1 -1 9 1 -1 10 -1 -1 -1 -1 11 -1 12 -1 28 -1 -1 -1 15 -1 -1 -1 -1 -1 7 14 -1 -1 -1 26 30 -1 -1 -1 -1 16 -1 -1 -1 -1 -1 29 -1 -1 -1 27 -1 -1 23 -1 25 -1 17 -1 -1 -1 -1 -1 -1 21 -1 -1 -1 -1 24 -1 22 -1 20 19 18 -1 -1 
-1 -1 2 3 4 5 6 -1 -1 0 -1 -1 8 -1 -1 -1 -1 -1 -1 9 1 -1 10 -1 -1 -1 -1 11 -1 12 -1 28 -1 -1 -1 15 -1 -1 -1 -1 -1 7 14 -1 -1 -1 26 30 -1 -1 16 -1 -1 -1 -1 -1 -1 -1 29 -1 -1 -1 27 -1 -1 23 -1 25 -1 17 -1 -1 -1 -1 -1 -1 21 -1 -1 -1 -1 24 -1 22 -1 20 19 18 -1 -1 
-1 -1 2 3 4 5 6 -1 -1 0 -1 -1 -1 -1 -1 -1 -1 -1 -1 9 1 -1 10 -1 -1 -1 -1 11 -1 12 -1 28 -1 -1 -1 15 -1 -1 -1 8 -1 7 14 -1 -1 -1 26 30 -1 -1 16 -1 -1 -1 -1 -1 -1 -1 29 -1 -1 -1 27 -1 -1 23 -1 25 -1 17 -1 -1 -1 -1 -1 -1 21 -1 -1 -1 -1 24 -1 22 -1 20 19 18 -1 -1 
-1 -1 2 3 4 5 6 -1 -1 0 -1 -1 -1 -1 -1 -1 -1 -1 -1 9 1 -1 10 -1 -1 -1 -1 11 -1 12 -1 28 -1 -1 -1 15 -1 -1 -1 8 -1 7 14 -1 -1 -1 26 30 -1 29 16 -1 -1 -1 -1 -1 -1 -1 -1 -1 -1 -1 27 -1 -1 23 -1 25 -1 17 -1 -1 -1 -1 -1 -1 21 -1 -1 -1 -1 24 -1 22 -1 20 19 18 -1 -1 
-1 -1 2 3 4 5 6 -1 -1 0 -1 -1 -1 -1 -1 -1 -1 -1 -1 9 1 -1 10 -1 -1 -1 -1 11 -1 12 7 28 -1 -1 -1 15 -1 -1 -1 8 -1 -1 14 -1 -1 -1 26 30 -1 29 16 -1 -1 -1 -1 -1 -1 -1 -1 -1 -1 -1 27 -1 -1 23 -1 25 -1 17 -1 -1 -1 -1 -1 -1 21 -1 -1 -1 -1 24 -1 22 -1 20 19 18 -1 -1 
-1 -1 2 3 4 5 6 -1 -1 0 -1 -1 -1 -1 -1 -1 -1 -1 -1 9 1 -1 10 -1 -1 -1 -1 11 -1 12 7 28 -1 -1 -1 15 -1 -1 -1 8 -1 -1 14 -1 -1 -1 26 30 -1 29 16 -1 -1 -1 -1 -1 -1 -1 17 -1 -1 -1 27 -1 -1 23 -1 25 -1 -1 -1 -1 -1 -1 -1 -1 21 -1 -1 -1 -1 24 -1 22 -1 20 19 18 -1 -1 
-1 -1 2 3 4 5 6 -1 -1 0 -1 -1 -1 -1 -1 -1 -1 -1 -1 9 1 -1 10 -1 -1 -1 -1 11 -1 12 7 28 -1 -1 -1 15 -1 -1 -1 -1 -1 -1 14 -1 -1 -1 26 30 -1 29 16 -1 -1 -1 -1 -1 -1 8 17 -1 -1 -1 27 -1 -1 23 -1 25 -1 -1 -1 -1 -1 -1 -1 -1 21 -1 -1 -1 -1 24 -1 22 -1 20 19 18 -1 -1 
-1 -1 2 3 4 5 6 -1 -1 0 -1 -1 -1 -1 -1 -1 -1 -1 -1 9 1 -1 10 -1 -1 -1 -1 11 -1 12 7 28 -1 -1 -1 15 -1 -1 -1 -1 -1 -1 14 -1 -1 -1 26 30 -1 29 16 -1 -1 -1 -1 -1 -1 8 17 -1 -1 -1 27 22 -1 23 -1 25 -1 -1 -1 -1 -1 -1 -1 -1 21 -1 -1 -1 -1 24 -1 -1 -1 20 19 18 -1 -1 
-1 -1 2 3 4 5 6 -1 -1 0 -1 -1 -1 -1 -1 -1 -1 -1 9 -1 1 -1 10 -1 -1 -1 -1 11 -1 12 7 28 -1 -1 -1 15 -1 -1 -1 -1 -1 -1 14 -1 -1 -1 26 30 -1 29 16 -1 -1 -1 -1 -1 -1 8 17 -1 -1 -1 27 22 -1 23 -1 25 -1 -1 -1 -1 -1 -1 -1 -1 21 -1 -1 -1 -1 24 -1 -1 -1 20 19 18 -1 -1 
-1 -1 2 3 4 5 6 -1 -1 0 -1 -1 -1 -1 -1 -1 -1 -1 9 -1 1 -1 10 -1 -1 -1 -1 11 -1 12 7 28 -1 -1 -1 15 -1 -1 -1 -1 -1 -1 14 -1 -1 -1 26 30 -1 29 16 -1 -1 -1 -1 -1 -1 8 17 -1 -1 -1 27 22 -1 23 -1 25 -1 -1 -1 -1 -1 -1 -1 -1 21 -1 -1 -1 -1 -1 -1 -1 24 20 19 18 -1 -1 
-1 -1 2 3 4 5 6 -1 -1 0 -1 -1 -1 -1 -1 -1 -1 -1 9 -1 1 -1 10 -1 -1 -1 -1 11 -1 12 7 28 -1 -1 -1 15 -1 -1 -1 -1 -1 -1 14 -1 -1 -1 26 30 -1 29 16 -1 -1 -1 -1 -1 -1 -1 17 -1 -1 -1 27 22 -1 23 -1 25 -1 -1 -1 -1 -1 -1 -1 -1 21 -1 -1 -1 -1 -1 -1 -1 8 20 19 18 -1 -1 
-1 -1 2 3 4 5 6 -1 -1 0 -1 -1 -1 -1 -1 -1 -1 -1 9 -1 1 -1 10 -1 -1 -1 -1 11 -1 12 7 28 -1 -1 -1 15 -1 -1 -1 -1 -1 -1 14 -1 -1 -1 26 30 -1 29 16 -1 -1 -1 -1 -1 -1 -1 17 -1 -1 -1 27 22 -1 23 -1 25 -1 -1 -1 -1 -1 -1 -1 -1 -1 -1 -1 -1 -1 -1 -1 -1 21 20 19 18 -1 -1 
-1 -1 2 3 4 5 6 -1 -1 -1 0 -1 -1 -1 -1 -1 -1 -1 9 -1 1 -1 10 -1 -1 -1 -1 11 -1 12 7 28 -1 -1 -1 15 -1 -1 -1 -1 -1 -1 14 -1 -1 -1 26 30 -1 29 16 -1 -1 -1 -1 -1 -1 -1 17 -1 -1 -1 27 22 -1 23 -1 25 -1 -1 -1 -1 -1 -1 -1 -1 -1 -1 -1 -1 -1 -1 -1 -1 21 20 19 18 -1 -1 
-1 -1 2 3 4 5 6 -1 -1 -1 0 -1 -1 -1 -1 -1 -1 -1 9 -1 1 -1 10 -1 -1 -1 -1 11 -1 12 7 28 -1 -1 -1 15 -1 -1 -1 -1 -1 16 14 -1 -1 -1 26 30 -1 29 -1 -1 -1 -1 -1 -1 -1 -1 17 -1 -1 -1 27 22 -1 23 -1 25 -1 -1 -1 -1 -1 -1 -1 -1 -1 -1 -1 -1 -1 -1 -1 -1 21 20 19 18 -1 -1 
-1 -1 2 3 4 5 6 -1 -1 -1 0 -1 -1 -1 -1 -1 -1 -1 9 -1 1 -1 10 -1 -1 -1 -1 11 -1 12 7 -1 -1 -1 -1 15 -1 -1 -1 -1 13 16 14 -1 -1 -1 26 30 -1 29 -1 -1 -1 -1 -1 -1 -1 -1 17 -1 -1 -1 27 22 -1 23 -1 25 -1 -1 -1 -1 -1 -1 -1 -1 -1 -1 -1 -1 -1 -1 -1 -1 21 20 19 18 -1 -1 
-1 -1 2 3 4 5 6 -1 -1 -1 0 -1 -1 -1 -1 -1 -1 -1 9 -1 1 -1 10 -1 -1 -1 -1 11 -1 12 7 -1 -1 -1 -1 15 -1 -1 -1 -1 16 -1 14 -1 -1 -1 26 30 -1 29 -1 -1 -1 -1 -1 -1 -1 -1 17 -1 -1 -1 27 22 -1 23 -1 25 -1 -1 -1 -1 -1 -1 -1 -1 -1 -1 -1 -1 -1 -1 -1 -1 21 20 19 18 -1 -1 
-1 -1 2 -1 4 5 6 -1 -1 -1 0 -1 -1 3 -1 -1 -1 -1 9 -1 1 -1 10 -1 -1 -1 -1 11 -1 12 7 -1 -1 -1 -1 15 -1 -1 -1 -1 16 -1 14 -1 -1 -1 26 30 -1 29 -1 -1 -1 -1 -1 -1 -1 -1 17 -1 -1 -1 27 22 -1 23 -1 25 -1 -1 -1 -1 -1 -1 -1 -1 -1 -1 -1 -1 -1 -1 -1 -1 21 20 19 18 -1 -1 
-1 -1 2 -1 4 5 6 -1 -1 -1 0 -1 -1 3 -1 -1 -1 -1 9 -1 1 -1 10 -1 -1 -1 -1 11 -1 12 7 -1 -1 -1 -1 15 -1 -1 -1 -1 16 -1 14 -1 -1 -1 26 30 -1 29 -1 -1 -1 -1 -1 -1 -1 -1 -1 -1 -1 -1 27 22 -1 23 -1 25 -1 17 -1 -1 -1 -1 -1 -1 -1 -1 -1 -1 -1 -1 -1 -1 21 20 19 18 -1 -1 
-1 -1 2 -1 4 5 6 -1 -1 -1 0 -1 -1 3 -1 -1 -1 -1 9 -1 1 -1 10 -1 -1 -1 -1 -1 -1 12 7 -1 -1 -1 -1 15 11 -1 -1 -1 16 -1 14 -1 -1 -1 26 30 -1 29 -1 -1 -1 -1 -1 -1 -1 -1 -1 -1 -1 -1 27 22 -1 23 -1 25 -1 17 -1 -1 -1 -1 -1 -1 -1 -1 -1 -1 -1 -1 -1 -1 21 20 19 18 -1 -1 
-1 -1 2 -1 4 5 6 -1 -1 -1 0 -1 -1 3 -1 -1 -1 -1 9 -1 1 -1 10 -1 -1 -1 -1 -1 -1 12 7 -1 -1 -1 -1 15 11 -1 -1 16 -1 -1 14 -1 -1 -1 26 30 -1 29 -1 -1 -1 -1 -1 -1 -1 -1 -1 -1 -1 -1 27 22 -1 23 -1 25 -1 17 -1 -1 -1 -1 -1 -1 -1 -1 -1 -1 -1 -1 -1 -1 21 20 19 18 -1 -1 
-1 -1 2 -1 4 5 6 -1 -1 -1 0 -1 -1 3 -1 -1 -1 -1 9 -1 1 -1 10 7 -1 -1 -1 -1 -1 12 -1 -1 -1 -1 -1 15 11 -1 -1 16 -1 -1 14 -1 -1 -1 26 30 -1 29 -1 -1 -1 -1 -1 -1 -1 -1 -1 -1 -1 -1 27 22 -1 23 -1 25 -1 17 -1 -1 -1 -1 -1 -1 -1 -1 -1 -1 -1 -1 -1 -1 21 20 19 18 -1 -1 
-1 -1 2 -1 4 5 6 -1 -1 -1 0 -1 -1 3 -1 -1 -1 -1 9 -1 1 -1 10 7 -1 -1 -1 -1 -1 12 -1 -1 -1 -1 -1 15 11 -1 30 16 -1 -1 14 -1 -1 -1 26 -1 -1 29 -1 -1 -1 -1 -1 -1 -1 -1 -1 -1 -1 -1 27 22 -1 23 -1 25 -1 17 -1 -1 -1 -1 -1 -1 -1 -1 -1 -1 -1 -1 -1 -1 21 20 19 18 -1 -1 
-1 -1 2 -1 4 5 6 -1 -1 -1 0 -1 -1 3 -1 -1 -1 -1 9 -1 1 -1 10 7 -1 -1 -1 -1 -1 12 -1 -1 -1 -1 -1 15 -1 -1 30 16 -1 -1 14 -1 -1 11 26 -1 -1 29 -1 -1 -1 -1 -1 -1 -1 -1 -1 -1 -1 -1 27 22 -1 23 -1 25 -1 17 -1 -1 -1 -1 -1 -1 -1 -1 -1 -1 -1 -1 -1 -1 21 20 19 18 -1 -1 
-1 -1 2 -1 4 5 6 -1 -1 -1 0 -1 -1 3 -1 -1 -1 -1 9 -1 1 -1 10 7 -1 -1 -1 -1 -1 12 -1 -1 -1 -1 -1 15 -1 -1 30 16 -1 -1 14 -1 -1 31 26 -1 -1 29 -1 -1 -1 -1 -1 -1 -1 -1 -1 -1 -1 -1 27 22 -1 23 -1 25 -1 17 -1 -1 -1 -1 -1 -1 -1 -1 -1 -1 -1 -1 -1 -1 21 20 19 18 -1 -1 
-1 -1 2 -1 4 5 6 -1 -1 -1 0 -1 -1 3 -1 -1 -1 -1 -1 -1 1 -1 10 7 -1 -1 -1 -1 -1 12 -1 -1 -1 -1 -1 15 -1 -1 30 16 -1 -1 14 -1 -1 31 26 -1 -1 29 -1 -1 -1 -1 -1 -1 -1 -1 -1 -1 -1 -1 27 9 -1 23 -1 25 -1 17 -1 -1 -1 -1 -1 -1 -1 -1 -1 -1 -1 -1 -1 -1 21 20 19 18 -1 -1 
-1 -1 2 -1 4 5 6 -1 -1 -1 0 -1 -1 3 -1 -1 -1 -1 -1 -1 1 -1 10 7 -1 -1 -1 -1 -1 30 -1 -1 -1 -1 -1 15 -1 -1 -1 16 -1 -1 14 -1 -1 31 26 -1 -1 29 -1 -1 -1 -1 -1 -1 -1 -1 -1 -1 -1 -1 27 9 -1 23 -1 25 -1 17 -1 -1 -1 -1 -1 -1 -1 -1 -1 -1 -1 -1 -1 -1 21 20 19 18 -1 -1 
-1 -1 2 -1 4 5 6 -1 -1 -1 0 -1 -1 3 -1 -1 -1 -1 -1 -1 1 -1 10 7 -1 -1 -1 -1 -1 30 -1 -1 -1 -1 -1 15 -1 -1 -1 16 -1 -1 14 -1 -1 31 26 -1 -1 29 -1 -1 -1 -1 -1 -1 -1 -1 -1 -1 -1 -1 27 -1 -1 23 -1 9 -1 17 -1 -1 -1 -1 -1 -1 -1 -1 -1 -1 -1 -1 -1 -1 21 20 19 18 -1 -1 
-1 -1 2 -1 4 5 6 -1 -1 -1 0 -1 -1 3 -1 -1 -1 -1 -1 -1 30 -1 10 7 -1 -1 -1 -1 -1 -1 -1 -1 -1 -1 -1 15 -1 -1 -1 16 -1 -1 14 -1 -1 31 26 -1 -1 29 -1 -1 -1 -1 -1 -1 -1 -1 -1 -1 -1 -1 27 -1 -1 23 -1 9 -1 17 -1 -1 -1 -1 -1 -1 -1 -1 -1 -1 -1 -1 -1 -1 21 20 19 18 -1 -1 
-1 -1 2 -1 4 5 6 -1 -1 -1 0 -1 -1 3 -1 -1 -1 -1 -1 -1 30 -1 10 7 -1 -1 -1 -1 -1 -1 -1 -1 -1 -1 -1 15 -1 -1 -1 16 -1 -1 14 -1 -1 31 26 -1 -1 29 -1 -1 -1 -1 -1 -1 -1 -1 -1 -1 -1 -1 27 -1 -1 23 -1 -1 9 17 -1 -1 -1 -1 -1 -1 -1 -1 -1 -1 -1 -1 -1 -1 21 20 19 18 -1 -1 
-1 -1 2 -1 4 5 6 -1 -1 -1 0 -1 -1 3 -1 -1 -1 -1 -1 -1 30 -1 10 7 -1 -1 -1 -1 -1 -1 -1 -1 -1 -1 -1 15 -1 -1 -1 16 -1 -1 14 -1 -1 31 26 -1 -1 29 -1 -1 -1 -1 -1 -1 -1 -1 -1 -1 -1 -1 27 -1 -1 23 -1 -1 9 17 -1 -1 -1 -1 -1 -1 21 -1 -1 -1 -1 -1 -1 -1 -1 20 19 18 -1 -1 
-1 -1 2 -1 4 5 6 -1 -1 -1 -1 -1 -1 3 -1 -1 -1 -1 -1 -1 30 -1 10 7 -1 -1 -1 -1 0 -1 -1 -1 -1 -1 -1 15 -1 -1 -1 16 -1 -1 14 -1 -1 31 26 -1 -1 29 -1 -1 -1 -1 -1 -1 -1 -1 -1 -1 -1 -1 27 -1 -1 23 -1 -1 9 17 -1 -1 -1 -1 -1 -1 21 -1 -1 -1 -1 -1 -1 -1 -1 20 19 18 -1 -1 
-1 -1 2 -1 4 5 6 -1 -1 -1 -1 -1 -1 3 -1 -1 -1 -1 -1 -1 30 -1 10 7 -1 -1 -1 -1 0 -1 -1 -1 -1 -1 -1 15 -1 -1 -1 16 29 -1 14 -1 -1 31 26 -1 -1 -1 -1 -1 -1 -1 -1 -1 -1 -1 -1 -1 -1 -1 27 -1 -1 23 -1 -1 9 17 -1 -1 -1 -1 -1 -1 21 -1 -1 -1 -1 -1 -1 -1 -1 20 19 18 -1 -1 
-1 -1 2 -1 4 5 6 -1 -1 -1 -1 -1 -1 3 -1 -1 -1 -1 -1 -1 30 -1 10 7 -1 -1 -1 -1 0 -1 -1 -1 -1 -1 -1 15 -1 -1 -1 16 29 9 14 -1 -1 31 26 -1 -1 -1 -1 -1 -1 -1 -1 -1 -1 -1 -1 -1 -1 -1 27 -1 -1 23 -1 -1 -1 17 -1 -1 -1 -1 -1 -1 21 -1 -1 -1 -1 -1 -1 -1 -1 20 19 18 -1 -1 
-1 -1 2 -1 4 5 6 -1 -1 -1 -1 -1 -1 3 -1 -1 -1 -1 -1 -1 30 -1 10 7 -1 -1 -1 -1 0 -1 -1 29 -1 -1 -1 15 -1 -1 -1 16 -1 9 14 -1 -1 31 26 -1 -1 -1 -1 -1 -1 -1 -1 -1 -1 -1 -1 -1 -1 -1 27 -1 -1 23 -1 -1 -1 17 -1 -1 -1 -1 -1 -1 21 -1 -1 -1 -1 -1 -1 -1 -1 20 19 18 -1 -1 
-1 -1 2 -1 4 5 6 -1 -1 -1 -1 -1 -1 3 -1 -1 -1 -1 -1 -1 30 -1 10 -1 -1 -1 -1 -1 0 -1 -1 29 -1 -1 -1 15 -1 -1 -1 16 7 9 14 -1 -1 31 26 -1 -1 -1 -1 -1 -1 -1 -1 -1 -1 -1 -1 -1 -1 -1 27 -1 -1 23 -1 -1 -1 17 -1 -1 -1 -1 -1 -1 21 -1 -1 -1 -1 -1 -1 -1 -1 20 19 18 -1 -1 
-1 -1 2 -1 4 5 6 -1 -1 -1 -1 -1 -1 3 -1 -1 -1 -1 -1 -1 30 -1 10 -1 -1 -1 -1 -1 0 -1 -1 29 -1 -1 -1 15 -1 -1 -1 -1 7 9 14 -1 -1 31 26 -1 16 -1 -1 -1 -1 -1 -1 -1 -1 -1 -1 -1 -1 -1 27 -1 -1 23 -1 -1 -1 17 -1 -1 -1 -1 -1 -1 21 -1 -1 -1 -1 -1 -1 -1 -1 20 19 18 -1 -1 
-1 -1 2 -1 4 5 6 -1 -1 -1 -1 -1 -1 3 -1 -1 -1 -1 -1 -1 30 -1 10 -1 -1 -1 -1 -1 0 -1 -1 29 -1 -1 -1 15 -1 -1 -1 -1 -1 9 14 -1 -1 31 26 -1 16 -1 -1 -1 -1 -1 -1 -1 -1 -1 -1 7 -1 -1 27 -1 -1 23 -1 -1 -1 17 -1 -1 -1 -1 -1 -1 21 -1 -1 -1 -1 -1 -1 -1 -1 20 19 18 -1 -1 
-1 -1 2 -1 4 5 6 -1 -1 -1 -1 -1 -1 3 -1 -1 -1 -1 -1 -1 30 -1 10 -1 -1 -1 -1 -1 0 -1 -1 29 -1 -1 -1 15 -1 -1 -1 -1 -1 9 14 -1 -1 31 26 -1 -1 -1 -1 -1 -1 -1 -1 -1 -1 16 -1 7 -1 -1 27 -1 -1 23 -1 -1 -1 17 -1 -1 -1 -1 -1 -1 21 -1 -1 -1 -1 -1 -1 -1 -1 20 19 18 -1 -1 
-1 -1 2 -1 4 5 6 -1 -1 -1 -1 -1 -1 3 -1 -1 -1 -1 -1 -1 30 -1 10 -1 -1 -1 -1 -1 0 -1 -1 29 -1 -1 -1 15 -1 -1 -1 -1 7 9 14 -1 -1 31 26 -1 -1 -1 -1 -1 -1 -1 -1 -1 -1 16 -1 -1 -1 -1 27 -1 -1 23 -1 -1 -1 17 -1 -1 -1 -1 -1 -1 21 -1 -1 -1 -1 -1 -1 -1 -1 20 19 18 -1 -1 
-1 -1 2 -1 4 5 6 -1 -1 -1 -1 -1 -1 3 -1 -1 -1 -1 -1 -1 30 -1 10 -1 -1 -1 -1 -1 0 -1 -1 29 -1 -1 -1 15 -1 -1 -1 -1 7 9 14 -1 -1 31 26 -1 16 -1 -1 -1 -1 -1 -1 -1 -1 -1 -1 -1 -1 -1 27 -1 -1 23 -1 -1 -1 17 -1 -1 -1 -1 -1 -1 21 -1 -1 -1 -1 -1 -1 -1 -1 20 19 18 -1 -1 
-1 -1 2 -1 4 5 6 -1 -1 -1 -1 -1 -1 3 -1 -1 -1 -1 -1 -1 30 -1 10 -1 -1 -1 -1 -1 -1 -1 -1 0 -1 -1 -1 15 -1 -1 -1 -1 7 9 14 -1 -1 31 26 -1 16 -1 -1 -1 -1 -1 -1 -1 -1 -1 -1 -1 -1 -1 27 -1 -1 23 -1 -1 -1 17 -1 -1 -1 -1 -1 -1 21 -1 -1 -1 -1 -1 -1 -1 -1 20 19 18 -1 -1 
-1 26 2 -1 4 5 6 -1 -1 -1 -1 -1 -1 3 -1 -1 -1 -1 -1 -1 30 -1 10 -1 -1 -1 -1 -1 -1 -1 -1 0 -1 -1 -1 15 -1 -1 -1 -1 7 9 14 -1 -1 31 -1 -1 16 -1 -1 -1 -1 -1 -1 -1 -1 -1 -1 -1 -1 -1 27 -1 -1 23 -1 -1 -1 17 -1 -1 -1 -1 -1 -1 21 -1 -1 -1 -1 -1 -1 -1 -1 20 19 18 -1 -1 
-1 26 2 3 4 5 6 -1 -1 -1 -1 -1 -1 -1 -1 -1 -1 -1 -1 -1 30 -1 10 -1 -1 -1 -1 -1 -1 -1 -1 0 -1 -1 -1 15 -1 -1 -1 -1 7 9 14 -1 -1 31 -1 -1 16 -1 -1 -1 -1 -1 -1 -1 -1 -1 -1 -1 -1 -1 27 -1 -1 23 -1 -1 -1 17 -1 -1 -1 -1 -1 -1 21 -1 -1 -1 -1 -1 -1 -1 -1 20 19 18 -1 -1 
-1 26 2 16 4 5 6 -1 -1 -1 -1 -1 -1 -1 -1 -1 -1 -1 -1 -1 30 -1 10 -1 -1 -1 -1 -1 -1 -1 -1 0 -1 -1 -1 15 -1 -1 -1 -1 7 9 14 -1 -1 31 -1 -1 -1 -1 -1 -1 -1 -1 -1 -1 -1 -1 -1 -1 -1 -1 27 -1 -1 23 -1 -1 -1 17 -1 -1 -1 -1 -1 -1 21 -1 -1 -1 -1 -1 -1 -1 -1 20 19 18 -1 -1 
-1 26 2 16 -1 5 6 -1 -1 -1 -1 -1 -1 4 -1 -1 -1 -1 -1 -1 30 -1 10 -1 -1 -1 -1 -1 -1 -1 -1 0 -1 -1 -1 15 -1 -1 -1 -1 7 9 14 -1 -1 31 -1 -1 -1 -1 -1 -1 -1 -1 -1 -1 -1 -1 -1 -1 -1 -1 27 -1 -1 23 -1 -1 -1 17 -1 -1 -1 -1 -1 -1 21 -1 -1 -1 -1 -1 -1 -1 -1 20 19 18 -1 -1 
-1 26 2 16 -1 5 6 -1 -1 -1 -1 -1 -1 4 -1 -1 -1 -1 -1 -1 -1 30 10 -1 -1 -1 -1 -1 -1 -1 -1 0 -1 -1 -1 15 -1 -1 -1 -1 7 9 14 -1 -1 31 -1 -1 -1 -1 -1 -1 -1 -1 -1 -1 -1 -1 -1 -1 -1 -1 27 -1 -1 23 -1 -1 -1 17 -1 -1 -1 -1 -1 -1 21 -1 -1 -1 -1 -1 -1 -1 -1 20 19 18 -1 -1 
-1 26 2 16 -1 5 6 -1 -1 -1 -1 -1 -1 4 9 -1 -1 -1 -1 -1 -1 30 10 -1 -1 -1 -1 -1 -1 -1 -1 0 -1 -1 -1 15 -1 -1 -1 -1 7 -1 14 -1 -1 31 -1 -1 -1 -1 -1 -1 -1 -1 -1 -1 -1 -1 -1 -1 -1 -1 27 -1 -1 23 -1 -1 -1 17 -1 -1 -1 -1 -1 -1 21 -1 -1 -1 -1 -1 -1 -1 -1 20 19 18 -1 -1 
-1 26 2 16 -1 5 6 -1 -1 -1 -1 -1 -1 4 9 -1 -1 -1 -1 -1 -1 -1 30 -1 -1 -1 -1 -1 -1 -1 -1 0 -1 -1 -1 15 -1 -1 -1 -1 7 -1 14 -1 -1 31 -1 -1 -1 -1 -1 -1 -1 -1 -1 -1 -1 -1 -1 -1 -1 -1 27 -1 -1 23 -1 -1 -1 17 -1 -1 -1 -1 -1 -1 21 -1 -1 -1 -1 -1 -1 -1 -1 20 19 18 -1 -1 
-1 26 -1 16 -1 5 6 -1 -1 -1 -1 -1 -1 4 9 -1 -1 -1 -1 -1 -1 -1 2 -1 -1 -1 -1 -1 -1 -1 -1 0 -1 -1 -1 15 -1 -1 -1 -1 7 -1 14 -1 -1 31 -1 -1 -1 -1 -1 -1 -1 -1 -1 -1 -1 -1 -1 -1 -1 -1 27 -1 -1 23 -1 -1 -1 17 -1 -1 -1 -1 -1 -1 21 -1 -1 -1 -1 -1 -1 -1 -1 20 19 18 -1 -1 
-1 26 -1 16 -1 5 6 -1 -1 -1 -1 -1 -1 4 9 -1 -1 -1 -1 -1 -1 -1 2 -1 -1 -1 -1 -1 -1 -1 -1 0 -1 -1 -1 15 -1 -1 -1 -1 7 -1 14 -1 -1 31 -1 -1 -1 -1 -1 -1 -1 -1 -1 -1 -1 -1 17 -1 -1 -1 27 -1 -1 23 -1 -1 -1 -1 -1 -1 -1 -1 -1 -1 21 -1 -1 -1 -1 -1 -1 -1 -1 20 19 18 -1 -1 
-1 26 -1 16 -1 5 6 -1 -1 -1 -1 -1 -1 4 9 -1 -1 -1 -1 -1 -1 -1 2 -1 -1 -1 -1 -1 -1 0 -1 -1 -1 -1 -1 15 -1 -1 -1 -1 7 -1 14 -1 -1 31 -1 -1 -1 -1 -1 -1 -1 -1 -1 -1 -1 -1 17 -1 -1 -1 27 -1 -1 23 -1 -1 -1 -1 -1 -1 -1 -1 -1 -1 21 -1 -1 -1 -1 -1 -1 -1 -1 20 19 18 -1 -1 
-1 26 -1 -1 -1 5 6 -1 -1 -1 -1 -1 -1 4 9 -1 -1 -1 -1 -1 -1 -1 2 -1 -1 -1 -1 -1 -1 0 -1 -1 -1 -1 -1 15 -1 -1 -1 16 7 -1 14 -1 -1 31 -1 -1 -1 -1 -1 -1 -1 -1 -1 -1 -1 -1 17 -1 -1 -1 27 -1 -1 23 -1 -1 -1 -1 -1 -1 -1 -1 -1 -1 21 -1 -1 -1 -1 -1 -1 -1 -1 20 19 18 -1 -1 
-1 26 -1 -1 -1 5 6 -1 -1 -1 -1 -1 -1 4 9 -1 -1 -1 -1 -1 -1 -1 2 -1 -1 -1 -1 -1 -1 0 -1 -1 -1 -1 -1 15 -1 -1 -1 16 -1 -1 14 -1 -1 31 -1 -1 -1 -1 -1 -1 -1 -1 -1 -1 -1 -1 17 7 -1 -1 27 -1 -1 23 -1 -1 -1 -1 -1 -1 -1 -1 -1 -1 21 -1 -1 -1 -1 -1 -1 -1 -1 20 19 18 -1 -1 
-1 26 -1 -1 -1 5 6 -1 -1 -1 -1 -1 -1 4 9 -1 -1 -1 -1 -1 -1 -1 2 -1 -1 -1 -1 -1 -1 0 -1 -1 -1 -1 -1 15 -1 -1 -1 -1 -1 16 14 -1 -1 31 -1 -1 -1 -1 -1 -1 -1 -1 -1 -1 -1 -1 17 7 -1 -1 27 -1 -1 23 -1 -1 -1 -1 -1 -1 -1 -1 -1 -1 21 -1 -1 -1 -1 -1 -1 -1 -1 20 19 18 -1 -1 
-1 26 -1 -1 -1 5 6 -1 -1 -1 -1 -1 -1 4 9 -1 -1 -1 -1 -1 -1 -1 2 -1 -1 -1 -1 -1 -1 0 -1 -1 -1 -1 -1 15 -1 -1 -1 -1 -1 16 14 -1 -1 31 -1 -1 -1 -1 -1 -1 -1 -1 -1 -1 -1 -1 17 -1 -1 -1 27 -1 -1 23 -1 -1 -1 -1 -1 -1 -1 -1 -1 -1 21 -1 7 -1 -1 -1 -1 -1 -1 20 19 18 -1 -1 
-1 26 -1 -1 -1 5 6 -1 -1 -1 -1 -1 -1 4 9 -1 -1 -1 -1 -1 -1 -1 2 -1 -1 -1 -1 -1 -1 0 -1 -1 -1 -1 -1 15 -1 -1 -1 -1 -1 -1 14 -1 -1 31 -1 -1 -1 -1 -1 -1 -1 -1 -1 -1 -1 -1 17 -1 -1 -1 27 -1 -1 23 -1 -1 -1 -1 -1 -1 -1 -1 -1 -1 21 16 7 -1 -1 -1 -1 -1 -1 20 19 18 -1 -1 
-1 26 -1 -1 -1 5 6 -1 -1 -1 -1 -1 -1 4 9 -1 -1 -1 -1 -1 -1 -1 2 -1 -1 -1 -1 -1 -1 0 -1 -1 -1 -1 -1 15 -1 -1 -1 -1 -1 -1 14 -1 -1 31 -1 -1 -1 -1 -1 -1 -1 -1 -1 -1 -1 -1 17 -1 -1 7 27 -1 -1 23 -1 -1 -1 -1 -1 -1 -1 -1 -1 -1 21 16 -1 -1 -1 -1 -1 -1 -1 20 19 18 -1 -1 
-1 26 -1 -1 -1 5 6 -1 -1 -1 -1 -1 -1 4 9 -1 -1 -1 -1 -1 -1 -1 2 -1 -1 -1 -1 -1 -1 0 -1 -1 -1 -1 -1 15 -1 -1 -1 -1 -1 -1 14 -1 -1 31 -1 -1 -1 -1 -1 -1 -1 -1 -1 -1 -1 -1 17 -1 -1 7 27 -1 -1 23 -1 -1 -1 -1 -1 -1 -1 -1 -1 -1 21 -1 -1 16 -1 -1 -1 -1 -1 20 19 18 -1 -1 
-1 26 -1 -1 -1 5 6 -1 -1 -1 -1 -1 -1 4 -1 -1 -1 -1 -1 -1 -1 -1 2 -1 -1 -1 -1 -1 -1 0 -1 -1 -1 -1 -1 15 -1 -1 -1 -1 -1 -1 14 -1 -1 31 -1 -1 -1 -1 -1 -1 -1 -1 -1 -1 -1 -1 17 9 -1 7 27 -1 -1 23 -1 -1 -1 -1 -1 -1 -1 -1 -1 -1 21 -1 -1 16 -1 -1 -1 -1 -1 20 19 18 -1 -1 
-1 26 -1 -1 -1 5 6 -1 -1 -1 -1 -1 -1 4 -1 -1 -1 -1 -1 -1 -1 -1 2 -1 -1 -1 -1 -1 -1 0 -1 -1 -1 -1 -1 15 -1 -1 -1 -1 -1 -1 14 -1 -1 31 -1 -1 23 -1 -1 -1 -1 -1 -1 -1 -1 -1 17 9 -1 7 27 -1 -1 -1 -1 -1 -1 -1 -1 -1 -1 -1 -1 -1 21 -1 -1 16 -1 -1 -1 -1 -1 20 19 18 -1 -1 
-1 26 -1 -1 -1 5 6 -1 -1 -1 -1 -1 -1 4 -1 -1 -1 -1 -1 -1 -1 -1 2 -1 -1 -1 -1 -1 -1 -1 -1 -1 -1 -1 -1 15 -1 -1 -1 -1 -1 -1 14 -1 -1 31 -1 -1 23 -1 -1 -1 -1 -1 -1 -1 -1 -1 17 9 -1 7 27 -1 -1 -1 -1 -1 -1 -1 -1 -1 -1 -1 -1 -1 21 -1 -1 16 -1 -1 -1 0 -1 20 19 18 -1 -1 
-1 26 -1 -1 -1 5 6 -1 -1 -1 -1 -1 -1 4 -1 -1 -1 -1 -1 -1 -1 -1 2 -1 -1 -1 -1 -1 -1 -1 -1 -1 -1 -1 -1 15 -1 -1 -1 -1 -1 -1 14 -1 -1 31 -1 -1 23 -1 -1 -1 -1 -1 -1 -1 -1 -1 17 9 -1 7 27 -1 -1 -1 -1 -1 -1 -1 -1 -1 -1 -1 -1 -1 -1 -1 -1 16 -1 -1 -1 0 21 20 19 18 -1 -1 
-1 26 -1 -1 -1 5 6 -1 -1 -1 -1 -1 4 -1 -1 -1 -1 -1 -1 -1 -1 -1 2 -1 -1 -1 -1 -1 -1 -1 -1 -1 -1 -1 -1 15 -1 -1 -1 -1 -1 -1 14 -1 -1 31 -1 -1 23 -1 -1 -1 -1 -1 -1 -1 -1 -1 17 9 -1 7 27 -1 -1 -1 -1 -1 -1 -1 -1 -1 -1 -1 -1 -1 -1 -1 -1 16 -1 -1 -1 0 21 20 19 18 -1 -1 
-1 -1 -1 -1 -1 5 6 -1 -1 -1 -1 -1 4 -1 -1 -1 -1 -1 -1 -1 -1 -1 2 -1 -1 -1 -1 -1 -1 -1 -1 -1 -1 -1 -1 15 -1 -1 -1 -1 -1 -1 14 -1 -1 31 -1 -1 23 -1 -1 -1 -1 -1 -1 -1 -1 -1 17 9 -1 7 27 -1 26 -1 -1 -1 -1 -1 -1 -1 -1 -1 -1 -1 -1 -1 -1 16 -1 -1 -1 0 21 20 19 18 -1 -1 
-1 -1 -1 -1 -1 5 6 -1 -1 -1 -1 -1 4 -1 -1 -1 -1 -1 -1 -1 -1 -1 2 -1 -1 -1 -1 -1 -1 -1 -1 -1 -1 -1 -1 15 -1 -1 -1 -1 -1 -1 14 -1 -1 31 -1 -1 23 -1 -1 -1 -1 -1 -1 -1 0 -1 17 9 -1 7 27 -1 26 -1 -1 -1 -1 -1 -1 -1 -1 -1 -1 -1 -1 -1 -1 16 -1 -1 -1 -1 21 20 19 18 -1 -1 
-1 -1 -1 -1 -1 5 6 -1 -1 -1 -1 -1 4 -1 -1 -1 -1 -1 -1 -1 -1 -1 2 -1 -1 -1 -1 -1 -1 -1 -1 -1 -1 -1 -1 15 -1 -1 -1 -1 -1 -1 14 -1 -1 31 -1 -1 23 -1 -1 -1 -1 -1 -1 -1 0 -1 -1 9 -1 7 27 -1 26 -1 -1 -1 -1 -1 -1 -1 -1 -1 -1 17 -1 -1 -1 16 -1 -1 -1 -1 21 20 19 18 -1 -1 
