0 1 2 3 4 5 6 7 8 -1 -1 -1 -1 -1 -1 -1 -1 -1 -1 9 -1 -1 -1 -1 -1 10 -1 11 -1 12 -1 28 -1 14 -1 15 -1 -1 -1 -1 -1 -1 -1 -1 -1 -1 -1 -1 -1 -1 -1 -1 -1 -1 -1 -1 -1 -1 29 -1 -1 -1 27 -1 26 -1 -1 25 -1 -1 -1 -1 -1 -1 -1 -1 -1 -1 -1 -1 -1 24 23 22 21 20 19 18 17 31 
0 1 2 3 4 5 6 7 8 -1 -1 -1 -1 -1 -1 -1 -1 -1 -1 9 -1 -1 10 -1 -1 -1 -1 11 -1 12 -1 28 -1 14 -1 15 -1 -1 -1 -1 -1 -1 -1 -1 -1 -1 -1 -1 -1 -1 -1 -1 -1 -1 -1 -1 -1 -1 29 -1 -1 -1 27 -1 26 -1 -1 25 -1 -1 -1 -1 -1 -1 -1 -1 -1 -1 -1 -1 -1 24 23 22 21 20 19 18 17 31 
0 1 2 3 4 5 6 7 8 -1 -1 -1 -1 -1 -1 -1 -1 -1 -1 9 -1 -1 10 -1 -1 -1 -1 11 -1 12 -1 28 -1 14 -1 15 -1 -1 -1 -1 -1 -1 -1 -1 -1 -1 -1 -1 -1 -1 -1 -1 -1 -1 -1 -1 -1 -1 29 -1 -1 -1 27 -1 26 -1 -1 25 -1 17 -1 -1 -1 -1 -1 -1 -1 -1 -1 -1 -1 24 23 22 21 20 19 18 -1 31 
0 1 2 3 4 5 6 -1 8 -1 -1 -1 -1 -1 -1 -1 -1 -1 -1 9 -1 -1 10 -1 7 -1 -1 11 -1 12 -1 28 -1 14 -1 15 -1 -1 -1 -1 -1 -1 -1 -1 -1 -1 -1 -1 -1 -1 -1 -1 -1 -1 -1 -1 -1 -1 29 -1 -1 -1 27 -1 26 -1 -1 25 -1 17 -1 -1 -1 -1 -1 -1 -1 -1 -1 -1 -1 24 23 22 21 20 19 18 -1 31 
0 1 2 3 4 5 6 -1 8 -1 -1 -1 -1 -1 -1 -1 -1 -1 -1 9 -1 -1 10 -1 7 -1 -1 11 -1 12 -1 28 -1 14 -1 15 -1 -1 -1 -1 -1 -1 -1 -1 -1 -1 -1 -1 -1 -1 -1 -1 -1 -1 -1 -1 -1 -1 29 -1 -1 -1 27 -1 26 -1 -1 25 -1 17 -1 -1 -1 -1 -1 -1 -1 -1 -1 -1 -1 24 23 22 21 20 19 18 16 -1 
0 1 2 3 4 5 6 -1 -1 -1 -1 -1 -1 -1 -1 -1 -1 8 -1 9 -1 -1 10 -1 7 -1 -1 11 -1 12 -1 28 -1 14 -1 15 -1 -1 -1 -1 -1 -1 -1 -1 -1 -1 -1 -1 -1 -1 -1 -1 -1 -1 -1 -1 -1 -1 29 -1 -1 -1 27 -1 26 -1 -1 25 -1 17 -1 -1 -1 -1 -1 -1 -1 -1 -1 -1 -1 24 23 22 21 20 19 18 16 -1 
0 1 2 3 4 5 6 -1 -1 -1 -1 -1 -1 -1 -1 -1 -1 8 -1 9 -1 -1 10 -1 7 -1 -1 11 -1 12 -1 28 -1 14 -1 15 -1 -1 -1 -1 -1 -1 -1 -1 -1 -1 -1 -1 -1 -1 -1 -1 -1 -1 -1 -1 -1 -1 29 -1 -1 -1 27 -1 -1 -1 26 25 -1 17 -1 -1 -1 -1 -1 -1 -1 -1 -1 -1 -1 24 23 22 21 20 19 18 16 -1 
0 1 2 3 4 5 6 -1 -1 -1 -1 -1 8 -1 -1 -1 -1 -1 -1 9 -1 -1 10 -1 7 -1 -1 11 -1 12 -1 28 -1 14 -1 15 -1 -1 -1 -1 -1 -1 -1 -1 -1 -1 -1 -1 -1 -1 -1 -1 -1 -1 -1 -1 -1 -1 29 -1 -1 -1 27 -1 -1 -1 26 25 -1 17 -1 -1 -1 -1 -1 -1 -1 -1 -1 -1 -1 24 23 22 21 20 19 18 16 -1 
0 1 2 3 4 5 6 -1 -1 -1 -1 -1 8 -1 -1 -1 -1 -1 -1 9 -1 -1 10 -1 7 -1 -1 11 -1 12 -1 28 -1 14 -1 15 -1 -1 -1 -1 -1 -1 -1 -1 -1 -1 -1 -1 -1 -1 -1 -1 -1 -1 -1 -1 -1 -1 29 -1 -1 -1 27 -1 -1 -1 26 25 -1 17 -1 -1 -1 -1 -1 -1 19 -1 -1 -1 -1 24 23 22 21 20 -1 18 16 -1 
0 1 2 3 4 5 6 -1 -1 -1 -1 -1 8 -1 -1 -1 -1 -1 -1 9 -1 -1 10 -1 7 -1 -1 11 -1 12 -1 28 -1 -1 -1 15 -1 -1 -1 -1 -1 -1 14 -1 -1 -1 -1 -1 -1 -1 -1 -1 -1 -1 -1 -1 -1 -1 29 -1 -1 -1 27 -1 -1 -1 26 25 -1 17 -1 -1 -1 -1 -1 -1 19 -1 -1 -1 -1 24 23 22 21 20 -1 18 16 -1 
0 1 2 3 4 5 6 -1 -1 -1 -1 -1 8 -1 -1 -1 -1 -1 -1 9 -1 -1 10 -1 7 -1 -1 11 -1 12 -1 28 -1 -1 -1 15 -1 -1 -1 -1 -1 -1 14 -1 -1 -1 -1 -1 -1 -1 -1 -1 -1 -1 -1 -1 -1 -1 29 -1 -1 -1 27 -1 -1 23 26 25 -1 17 -1 -1 -1 -1 -1 -1 19 -1 -1 -1 -1 24 -1 22 21 20 -1 18 16 -1 
0 1 2 3 4 5 6 -1 -1 -1 -1 -1 8 -1 -1 -1 -1 -1 -1 -1 9 -1 10 -1 7 -1 -1 11 -1 12 -1 28 -1 -1 -1 15 -1 -1 -1 -1 -1 -1 14 -1 -1 -1 -1 -1 -1 -1 -1 -1 -1 -1 -1 -1 -1 -1 29 -1 -1 -1 27 -1 -1 23 26 25 -1 17 -1 -1 -1 -1 -1 -1 19 -1 -1 -1 -1 24 -1 22 21 20 -1 18 16 -1 
0 1 2 3 4 5 6 -1 -1 -1 -1 -1 8 -1 -1 -1 -1 -1 -1 -1 9 -1 10 -1 7 -1 -1 11 -1 12 -1 28 -1 -1 -1 15 -1 -1 -1 -1 -1 -1 14 -1 -1 -1 -1 -1 -1 -1 -1 -1 -1 -1 -1 -1 -1 -1 29 -1 -1 -1 27 -1 -1 23 26 25 -1 17 -1 -1 -1 -1 -1 -1 19 -1 -1 -1 -1 -1 24 22 21 20 -1 18 16 -1 
0 1 2 3 4 5 6 -1 -1 -1 -1 -1 8 -1 -1 -1 -1 -1 -1 -1 -1 -1 10 -1 7 -1 -1 11 -1 12 -1 28 -1 -1 -1 15 -1 -1 -1 -1 -1 -1 14 -1 -1 -1 -1 -1 -1 -1 -1 -1 -1 -1 -1 -1 9 -1 29 -1 -1 -1 27 -1 -1 23 26 25 -1 17 -1 -1 -1 -1 -1 -1 19 -1 -1 -1 -1 -1 24 22 21 20 -1 18 16 -1 
0 1 2 3 4 5 6 -1 -1 -1 -1 -1 8 -1 -1 -1 -1 -1 -1 -1 -1 -1 10 -1 7 -1 -1 11 -1 12 -1 28 -1 -1 -1 15 -1 -1 -1 -1 -1 -1 14 -1 -1 -1 -1 -1 -1 -1 -1 -1 16 -1 -1 -1 9 -1 29 -1 -1 -1 27 -1 -1 23 26 25 -1 17 -1 -1 -1 -1 -1 -1 19 -1 -1 -1 -1 -1 24 22 21 20 -1 18 -1 -1 
0 -1 2 3 4 5 6 -1 -1 -1 -1 -1 8 -1 -1 -1 -1 -1 1 -1 -1 -1 10 -1 7 -1 -1 11 -1 12 -1 28 -1 -1 -1 15 -1 -1 -1 -1 -1 -1 14 -1 -1 -1 -1 -1 -1 -1 -1 -1 16 -1 -1 -1 9 -1 29 -1 -1 -1 27 -1 -1 23 26 25 -1 17 -1 -1 -1 -1 -1 -1 19 -1 -1 -1 -1 -1 24 22 21 20 -1 18 -1 -1 
0 -1 2 3 4 5 6 -1 -1 -1 -1 -1 8 -1 -1 -1 -1 -1 1 -1 -1 -1 10 -1 7 -1 -1 11 -1 12 -1 28 -1 -1 -1 15 -1 -1 -1 -1 -1 -1 14 -1 -1 -1 -1 -1 -1 -1 -1 -1 16 -1 -1 -1 9 -1 29 -1 -1 -1 27 22 -1 23 26 25 -1 17 -1 -1 -1 -1 -1 -1 19 -1 -1 -1 -1 -1 24 -1 21 20 -1 18 -1 -1 
0 -1 2 3 4 5 6 -1 -1 -1 -1 -1 -1 -1 -1 -1 -1 -1 1 -1 -1 -1 10 -1 7 -1 -1 11 -1 12 -1 28 -1 -1 -1 15 -1 -1 -1 8 -1 -1 14 -1 -1 -1 -1 -1 -1 -1 -1 -1 16 -1 -1 -1 9 -1 29 -1 -1 -1 27 22 -1 23 26 25 -1 17 -1 -1 -1 -1 -1 -1 19 -1 -1 -1 -1 -1 24 -1 21 20 -1 18 -1 -1 
0 -1 2 3 4 5 6 -1 -1 -1 -1 -1 -1 -1 -1 -1 -1 -1 1 -1 -1 -1 10 -1 7 -1 -1 11 -1 12 -1 28 -1 -1 -1 15 -1 -1 -1 8 -1 -1 14 -1 -1 -1 -1 -1 -1 -1 -1 28 16 -1 -1 -1 9 -1 29 -1 -1 -1 27 22 -1 23 26 25 -1 17 -1 -1 -1 -1 -1 -1 19 -1 -1 -1 -1 -1 24 -1 21 20 -1 18 -1 -1 
0 -1 2 -1 4 5 6 -1 -1 -1 -1 -1 -1 3 -1 -1 -1 -1 1 -1 -1 -1 10 -1 7 -1 -1 11 -1 12 -1 28 -1 -1 -1 15 -1 -1 -1 8 -1 -1 14 -1 -1 -1 -1 -1 -1 -1 -1 28 16 -1 -1 -1 9 -1 29 -1 -1 -1 27 22 -1 23 26 25 -1 17 -1 -1 -1 -1 -1 -1 19 -1 -1 -1 -1 -1 24 -1 21 20 -1 18 -1 -1 
0 -1 2 -1 4 5 6 -1 -1 -1 -1 -1 -1 3 -1 -1 -1 -1 1 -1 -1 -1 10 -1 7 -1 -1 11 -1 12 -1 28 -1 -1 -1 15 -1 -1 -1 8 -1 -1 14 -1 -1 -1 -1 -1 -1 -1 17 28 16 -1 -1 -1 9 -1 29 -1 -1 -1 27 22 -1 23 26 25 -1 -1 -1 -1 -1 -1 -1 -1 19 -1 -1 -1 -1 -1 24 -1 21 20 -1 18 -1 -1 
0 -1 2 -1 4 5 6 -1 -1 -1 -1 -1 -1 3 -1 -1 -1 -1 1 -1 -1 -1 10 -1 7 -1 -1 11 -1 12 -1 28 -1 -1 -1 15 -1 -1 -1 -1 -1 8 14 -1 -1 -1 -1 -1 -1 -1 17 28 16 -1 -1 -1 9 -1 29 -1 -1 -1 27 22 -1 23 26 25 -1 -1 -1 -1 -1 -1 -1 -1 19 -1 -1 -1 -1 -1 24 -1 21 20 -1 18 -1 -1 
0 -1 2 -1 4 5 6 -1 -1 -1 -1 -1 -1 3 -1 -1 -1 -1 1 -1 -1 -1 10 -1 7 -1 -1 11 -1 12 -1 28 -1 -1 -1 15 -1 -1 -1 -1 -1 8 14 -1 -1 -1 24 -1 -1 -1 17 28 16 -1 -1 -1 9 -1 29 -1 -1 -1 27 22 -1 23 26 25 -1 -1 -1 -1 -1 -1 -1 -1 19 -1 -1 -1 -1 -1 -1 -1 21 20 -1 18 -1 -1 
-1 0 2 -1 4 5 6 -1 -1 -1 -1 -1 -1 3 -1 -1 -1 -1 1 -1 -1 -1 10 -1 7 -1 -1 11 -1 12 -1 28 -1 -1 -1 15 -1 -1 -1 -1 -1 8 14 -1 -1 -1 24 -1 -1 -1 17 28 16 -1 -1 -1 9 -1 29 -1 -1 -1 27 22 -1 23 26 25 -1 -1 -1 -1 -1 -1 -1 -1 19 -1 -1 -1 -1 -1 -1 -1 21 20 -1 18 -1 -1 
-1 0 2 -1 4 5 6 -1 -1 -1 -1 -1 -1 3 -1 -1 -1 -1 1 -1 -1 -1 10 -1 7 -1 -1 11 -1 12 -1 28 -1 -1 -1 15 -1 -1 -1 -1 -1 8 14 -1 -1 -1 -1 -1 24 -1 17 28 16 -1 -1 -1 9 -1 29 -1 -1 -1 27 22 -1 23 26 25 -1 -1 -1 -1 -1 -1 -1 -1 19 -1 -1 -1 -1 -1 -1 -1 21 20 -1 18 -1 -1 
-1 -1 2 -1 4 5 6 -1 -1 -1 -1 -1 -1 3 -1 -1 -1 -1 1 -1 -1 -1 10 -1 7 -1 -1 11 -1 12 -1 28 -1 -1 -1 15 -1 0 -1 -1 -1 8 14 -1 -1 -1 -1 -1 24 -1 17 28 16 -1 -1 -1 9 -1 29 -1 -1 -1 27 22 -1 23 26 25 -1 -1 -1 -1 -1 -1 -1 -1 19 -1 -1 -1 -1 -1 -1 -1 21 20 -1 18 -1 -1 
-1 -1 2 -1 4 5 6 -1 -1 -1 -1 -1 -1 3 -1 -1 -1 -1 1 -1 -1 -1 10 -1 7 -1 -1 11 -1 12 -1 28 -1 -1 -1 15 -1 0 -1 -1 -1 8 14 -1 -1 -1 -1 -1 24 -1 17 28 16 -1 -1 -1 9 -1 29 -1 -1 -1 27 22 -1 23 26 -1 -1 25 -1 -1 -1 -1 -1 -1 19 -1 -1 -1 -1 -1 -1 -1 21 20 -1 18 -1 -1 
-1 -1 2 -1 4 5 -1 -1 -1 -1 -1 -1 -1 3 -1 -1 -1 -1 1 -1 -1 -1 10 -1 7 -1 6 11 -1 12 -1 28 -1 -1 -1 15 -1 0 -1 -1 -1 8 14 -1 -1 -1 -1 -1 24 -1 17 28 16 -1 -1 -1 9 -1 29 -1 -1 -1 27 22 -1 23 26 -1 -1 25 -1 -1 -1 -1 -1 -1 19 -1 -1 -1 -1 -1 -1 -1 21 20 -1 18 -1 -1 
-1 -1 2 -1 4 5 -1 -1 -1 -1 -1 -1 -1 3 -1 -1 -1 -1 1 -1 -1 -1 10 -1 7 -1 6 11 -1 12 -1 28 -1 -1 -1 15 -1 0 -1 -1 -1 8 14 -1 -1 -1 -1 -1 24 -1 17 28 16 -1 -1 -1 9 -1 29 -1 -1 -1 27 22 -1 23 -1 -1 26 25 -1 -1 -1 -1 -1 -1 19 -1 -1 -1 -1 -1 -1 -1 21 20 -1 18 -1 -1 
-1 -1 2 -1 4 5 -1 -1 -1 -1 -1 -1 -1 3 -1 -1 -1 -1 1 -1 -1 -1 10 -1 7 -1 6 11 -1 12 -1 28 -1 -1 -1 15 -1 0 8 -1 -1 -1 14 -1 -1 -1 -1 -1 24 -1 17 28 16 -1 -1 -1 9 -1 29 -1 -1 -1 27 22 -1 23 -1 -1 26 25 -1 -1 -1 -1 -1 -1 19 -1 -1 -1 -1 -1 -1 -1 21 20 -1 18 -1 -1 
-1 -1 2 -1 4 5 -1 -1 -1 -1 -1 -1 -1 3 -1 -1 -1 -1 1 -1 -1 -1 10 -1 7 -1 6 11 -1 12 -1 28 -1 -1 -1 15 -1 0 8 -1 -1 -1 14 -1 -1 -1 -1 -1 -1 -1 17 28 16 -1 -1 -1 9 24 29 -1 -1 -1 27 22 -1 23 -1 -1 26 25 -1 -1 -1 -1 -1 -1 19 -1 -1 -1 -1 -1 -1 -1 21 20 -1 18 -1 -1 
-1 -1 2 -1 4 5 -1 -1 -1 -1 -1 -1 -1 3 -1 -1 -1 -1 1 -1 10 -1 -1 -1 7 -1 6 11 -1 12 -1 28 -1 -1 -1 15 -1 0 8 -1 -1 -1 14 -1 -1 -1 -1 -1 -1 -1 17 28 16 -1 -1 -1 9 24 29 -1 -1 -1 27 22 -1 23 -1 -1 26 25 -1 -1 -1 -1 -1 -1 19 -1 -1 -1 -1 -1 -1 -1 21 20 -1 18 -1 -1 
-1 -1 2 -1 4 5 -1 -1 -1 -1 -1 -1 -1 3 -1 -1 -1 -1 1 -1 10 -1 -1 -1 7 -1 6 11 -1 12 -1 28 -1 -1 -1 15 -1 0 8 -1 -1 -1 14 -1 -1 -1 -1 -1 -1 -1 17 28 16 -1 -1 -1 9 24 29 -1 -1 -1 27 22 -1 23 -1 18 26 25 -1 -1 -1 -1 -1 -1 19 -1 -1 -1 -1 -1 -1 -1 21 20 -1 -1 -1 -1 
-1 -1 -1 -1 4 5 -1 -1 -1 -1 -1 -1 -1 3 -1 -1 -1 -1 1 -1 10 -1 2 -1 7 -1 6 11 -1 12 -1 28 -1 -1 -1 15 -1 0 8 -1 -1 -1 14 -1 -1 -1 -1 -1 -1 -1 17 28 16 -1 -1 -1 9 24 29 -1 -1 -1 27 22 -1 23 -1 18 26 25 -1 -1 -1 -1 -1 -1 19 -1 -1 -1 -1 -1 -1 -1 21 20 -1 -1 -1 -1 
-1 -1 -1 -1 4 5 -1 -1 -1 -1 -1 -1 -1 3 -1 -1 16 -1 1 -1 10 -1 2 -1 7 -1 6 11 -1 12 -1 28 -1 -1 -1 15 -1 0 8 -1 -1 -1 14 -1 -1 -1 -1 -1 -1 -1 17 28 -1 -1 -1 -1 9 24 29 -1 -1 -1 27 22 -1 23 -1 18 26 25 -1 -1 -1 -1 -1 -1 19 -1 -1 -1 -1 -1 -1 -1 21 20 -1 -1 -1 -1 
-1 -1 -1 -1 4 5 -1 -1 -1 -1 -1 -1 -1 3 -1 -1 16 -1 1 -1 10 -1 2 -1 -1 -1 6 11 -1 12 -1 28 -1 -1 -1 15 -1 0 8 -1 -1 7 14 -1 -1 -1 -1 -1 -1 -1 17 28 -1 -1 -1 -1 9 24 29 -1 -1 -1 27 22 -1 23 -1 18 26 25 -1 -1 -1 -1 -1 -1 19 -1 -1 -1 -1 -1 -1 -1 21 20 -1 -1 -1 -1 
-1 -1 -1 -1 4 5 -1 -1 -1 -1 -1 -1 -1 3 -1 -1 16 -1 1 -1 10 -1 2 -1 -1 -1 6 11 -1 12 -1 28 -1 -1 -1 15 -1 0 8 -1 -1 7 28 -1 -1 -1 -1 -1 -1 -1 17 -1 -1 -1 -1 -1 9 24 29 -1 -1 -1 27 22 -1 23 -1 18 26 25 -1 -1 -1 -1 -1 -1 19 -1 -1 -1 -1 -1 -1 -1 21 20 -1 -1 -1 -1 
-1 -1 -1 -1 4 5 -1 -1 -1 -1 -1 -1 -1 3 -1 -1 16 -1 1 -1 10 -1 -1 -1 -1 -1 6 11 -1 12 -1 28 -1 -1 -1 15 -1 0 8 -1 -1 7 2 -1 -1 -1 -1 -1 -1 -1 17 -1 -1 -1 -1 -1 9 24 29 -1 -1 -1 27 22 -1 23 -1 18 26 25 -1 -1 -1 -1 -1 -1 19 -1 -1 -1 -1 -1 -1 -1 21 20 -1 -1 -1 -1 
-1 -1 -1 -1 4 5 -1 -1 -1 -1 -1 -1 -1 3 -1 -1 16 -1 1 -1 10 -1 -1 -1 -1 -1 6 11 -1 12 -1 28 -1 -1 -1 15 -1 0 8 -1 -1 7 2 -1 -1 -1 -1 -1 -1 -1 17 -1 -1 -1 -1 -1 9 24 29 -1 -1 -1 27 22 -1 23 -1 18 26 -1 25 -1 -1 -1 -1 -1 19 -1 -1 -1 -1 -1 -1 -1 21 20 -1 -1 -1 -1 
-1 -1 -1 -1 4 5 -1 -1 -1 -1 -1 -1 -1 3 -1 -1 16 -1 1 -1 10 -1 -1 -1 -1 -1 6 11 -1 12 -1 28 -1 -1 -1 15 -1 -1 8 -1 -1 7 2 -1 -1 -1 0 -1 -1 -1 17 -1 -1 -1 -1 -1 9 24 29 -1 -1 -1 27 22 -1 23 -1 18 26 -1 25 -1 -1 -1 -1 -1 19 -1 -1 -1 -1 -1 -1 -1 21 20 -1 -1 -1 -1 
-1 -1 -1 -1 4 5 -1 -1 -1 -1 -1 -1 -1 3 -1 -1 16 -1 1 -1 10 -1 -1 -1 -1 -1 6 11 -1 12 -1 28 -1 -1 -1 15 -1 -1 8 17 -1 7 2 -1 -1 -1 0 -1 -1 -1 -1 -1 -1 -1 -1 -1 9 24 29 -1 -1 -1 27 22 -1 23 -1 18 26 -1 25 -1 -1 -1 -1 -1 19 -1 -1 -1 -1 -1 -1 -1 21 20 -1 -1 -1 -1 
-1 -1 -1 -1 4 5 -1 -1 -1 -1 -1 10 -1 3 -1 -1 16 -1 1 -1 -1 -1 -1 -1 -1 -1 6 11 -1 12 -1 28 -1 -1 -1 15 -1 -1 8 17 -1 7 2 -1 -1 -1 0 -1 -1 -1 -1 -1 -1 -1 -1 -1 9 24 29 -1 -1 -1 27 22 -1 23 -1 18 26 -1 25 -1 -1 -1 -1 -1 19 -1 -1 -1 -1 -1 -1 -1 21 20 -1 -1 -1 -1 
-1 -1 -1 -1 4 5 -1 -1 -1 -1 -1 10 -1 3 -1 -1 -1 -1 1 -1 -1 -1 -1 -1 -1 16 6 11 -1 12 -1 28 -1 -1 -1 15 -1 -1 8 17 -1 7 2 -1 -1 -1 0 -1 -1 -1 -1 -1 -1 -1 -1 -1 9 24 29 -1 -1 -1 27 22 -1 23 -1 18 26 -1 25 -1 -1 -1 -1 -1 19 -1 -1 -1 -1 -1 -1 -1 21 20 -1 -1 -1 -1 
-1 -1 -1 -1 4 5 -1 -1 -1 -1 -1 10 -1 3 -1 -1 -1 -1 1 -1 -1 -1 -1 -1 -1 16 6 11 -1 12 -1 28 -1 -1 -1 15 -1 -1 8 17 -1 7 2 -1 -1 -1 -1 -1 0 -1 -1 -1 -1 -1 -1 -1 9 24 29 -1 -1 -1 27 22 -1 23 -1 18 26 -1 25 -1 -1 -1 -1 -1 19 -1 -1 -1 -1 -1 -1 -1 21 20 -1 -1 -1 -1 
-1 -1 -1 -1 4 5 -1 -1 -1 -1 -1 10 -1 3 -1 -1 -1 -1 1 -1 -1 -1 -1 -1 -1 16 6 11 -1 12 -1 28 -1 -1 -1 15 -1 -1 8 17 -1 7 2 -1 -1 -1 -1 -1 24 -1 -1 -1 -1 -1 -1 -1 9 -1 29 -1 -1 -1 27 22 -1 23 -1 18 26 -1 25 -1 -1 -1 -1 -1 19 -1 -1 -1 -1 -1 -1 -1 21 20 -1 -1 -1 -1 
-1 -1 -1 -1 4 5 -1 -1 -1 -1 -1 10 -1 3 -1 -1 -1 -1 1 -1 -1 -1 -1 -1 -1 16 6 11 -1 12 -1 28 -1 -1 -1 15 -1 -1 8 17 -1 -1 2 -1 -1 -1 -1 -1 7 -1 -1 -1 -1 -1 -1 -1 9 -1 29 -1 -1 -1 27 22 -1 23 -1 18 26 -1 25 -1 -1 -1 -1 -1 19 -1 -1 -1 -1 -1 -1 -1 21 20 -1 -1 -1 -1 
-1 -1 -1 -1 4 5 -1 -1 -1 -1 -1 10 -1 3 -1 -1 -1 -1 1 -1 -1 -1 -1 -1 16 -1 6 11 -1 12 -1 28 -1 -1 -1 15 -1 -1 8 17 -1 -1 2 -1 -1 -1 -1 -1 7 -1 -1 -1 -1 -1 -1 -1 9 -1 29 -1 -1 -1 27 22 -1 23 -1 18 26 -1 25 -1 -1 -1 -1 -1 19 -1 -1 -1 -1 -1 -1 -1 21 20 -1 -1 -1 -1 
-1 -1 -1 -1 4 5 -1 -1 -1 -1 -1 10 -1 3 -1 -1 -1 -1 1 -1 -1 -1 2 -1 16 -1 6 11 -1 12 -1 28 -1 -1 -1 15 -1 -1 8 17 -1 -1 -1 -1 -1 -1 -1 -1 7 -1 -1 -1 -1 -1 -1 -1 9 -1 29 -1 -1 -1 27 22 -1 23 -1 18 26 -1 25 -1 -1 -1 -1 -1 19 -1 -1 -1 -1 -1 -1 -1 21 20 -1 -1 -1 -1 
-1 -1 -1 -1 4 5 -1 25 -1 -1 -1 10 -1 3 -1 -1 -1 -1 1 -1 -1 -1 2 -1 16 -1 6 11 -1 12 -1 28 -1 -1 -1 15 -1 -1 8 17 -1 -1 -1 -1 -1 -1 -1 -1 7 -1 -1 -1 -1 -1 -1 -1 9 -1 29 -1 -1 -1 27 22 -1 23 -1 18 26 -1 -1 -1 -1 -1 -1 -1 19 -1 -1 -1 -1 -1 -1 -1 21 20 -1 -1 -1 -1 
-1 -1 -1 -1 4 5 2 25 -1 -1 -1 10 -1 3 -1 -1 -1 -1 1 -1 -1 -1 -1 -1 16 -1 6 11 -1 12 -1 28 -1 -1 -1 15 -1 -1 8 17 -1 -1 -1 -1 -1 -1 -1 -1 7 -1 -1 -1 -1 -1 -1 -1 9 -1 29 -1 -1 -1 27 22 -1 23 -1 18 26 -1 -1 -1 -1 -1 -1 -1 19 -1 -1 -1 -1 -1 -1 -1 21 20 -1 -1 -1 -1 
-1 -1 -1 -1 4 5 2 25 -1 -1 -1 10 -1 3 -1 -1 -1 -1 1 -1 -1 -1 -1 -1 16 -1 6 11 -1 12 -1 28 -1 -1 -1 15 -1 -1 8 -1 -1 -1 -1 -1 -1 -1 -1 -1 7 -1 17 -1 -1 -1 -1 -1 9 -1 29 -1 -1 -1 27 22 -1 23 -1 18 26 -1 -1 -1 -1 -1 -1 -1 19 -1 -1 -1 -1 -1 -1 -1 21 20 -1 -1 -1 -1 
-1 -1 -1 -1 4 5 2 25 -1 -1 -1 10 -1 3 -1 -1 -1 -1 1 -1 -1 -1 -1 -1 16 -1 6 11 -1 12 -1 28 -1 -1 -1 15 -1 -1 8 -1 -1 -1 -1 -1 -1 -1 -1 -1 -1 -1 17 -1 -1 -1 -1 -1 9 -1 29 -1 -1 -1 27 22 -1 7 -1 18 26 -1 -1 -1 -1 -1 -1 -1 19 -1 -1 -1 -1 -1 -1 -1 21 20 -1 -1 -1 -1 
-1 -1 -1 -1 4 5 2 25 -1 -1 -1 10 -1 3 -1 -1 -1 -1 1 -1 -1 -1 -1 -1 -1 -1 16 11 -1 12 -1 28 -1 -1 -1 15 -1 -1 8 -1 -1 -1 -1 -1 -1 -1 -1 -1 -1 -1 17 -1 -1 -1 -1 -1 9 -1 29 -1 -1 -1 27 22 -1 7 -1 18 26 -1 -1 -1 -1 -1 -1 -1 19 -1 -1 -1 -1 -1 -1 -1 21 20 -1 -1 -1 -1 
-1 -1 -1 -1 4 5 2 25 -1 -1 -1 10 -1 3 -1 -1 -1 -1 1 -1 -1 -1 -1 -1 -1 -1 16 11 -1 12 -1 28 -1 -1 -1 15 -1 -1 8 -1 -1 -1 -1 -1 -1 -1 -1 -1 -1 -1 17 -1 -1 -1 -1 9 -1 -1 29 -1 -1 -1 27 22 -1 7 -1 18 26 -1 -1 -1 -1 -1 -1 -1 19 -1 -1 -1 -1 -1 -1 -1 21 20 -1 -1 -1 -1 
-1 -1 -1 -1 4 5 2 25 -1 -1 -1 10 -1 3 -1 -1 -1 -1 1 -1 -1 -1 -1 -1 16 -1 -1 11 -1 12 -1 28 -1 -1 -1 15 -1 -1 8 -1 -1 -1 -1 -1 -1 -1 -1 -1 -1 -1 17 -1 -1 -1 -1 9 -1 -1 29 -1 -1 -1 27 22 -1 7 -1 18 26 -1 -1 -1 -1 -1 -1 -1 19 -1 -1 -1 -1 -1 -1 -1 21 20 -1 -1 -1 -1 
-1 -1 -1 -1 4 5 2 25 -1 -1 -1 10 -1 3 -1 -1 -1 -1 1 -1 -1 -1 -1 -1 16 -1 -1 11 -1 12 -1 28 -1 -1 -1 15 -1 -1 8 -1 -1 -1 -1 -1 -1 -1 -1 -1 7 -1 17 -1 -1 -1 -1 9 -1 -1 29 -1 -1 -1 27 22 -1 -1 -1 18 26 -1 -1 -1 -1 -1 -1 -1 19 -1 -1 -1 -1 -1 -1 -1 21 20 -1 -1 -1 -1 
-1 -1 -1 -1 4 5 2 25 -1 -1 -1 10 -1 3 -1 -1 -1 -1 1 -1 -1 -1 -1 -1 16 -1 -1 11 -1 12 -1 28 -1 -1 -1 15 -1 -1 8 -1 -1 -1 -1 -1 -1 -1 -1 -1 7 -1 17 -1 -1 -1 -1 9 -1 -1 29 -1 -1 -1 27 22 -1 -1 -1 18 -1 26 -1 -1 -1 -1 -1 -1 19 -1 -1 -1 -1 -1 -1 -1 21 20 -1 -1 -1 -1 
-1 -1 -1 4 -1 5 2 25 -1 -1 -1 10 -1 3 -1 -1 -1 -1 1 -1 -1 -1 -1 -1 16 -1 -1 11 -1 12 -1 28 -1 -1 -1 15 -1 -1 8 -1 -1 -1 -1 -1 -1 -1 -1 -1 7 -1 17 -1 -1 -1 -1 9 -1 -1 29 -1 -1 -1 27 22 -1 -1 -1 18 -1 26 -1 -1 -1 -1 -1 -1 19 -1 -1 -1 -1 -1 -1 -1 21 20 -1 -1 -1 -1 
-1 -1 -1 4 -1 5 26 25 -1 -1 -1 10 -1 3 -1 -1 -1 -1 1 -1 -1 -1 -1 -1 16 -1 -1 11 -1 12 -1 28 -1 -1 -1 15 -1 -1 8 -1 -1 -1 -1 -1 -1 -1 -1 -1 7 -1 17 -1 -1 -1 -1 9 -1 -1 29 -1 -1 -1 27 22 -1 -1 -1 18 -1 -1 -1 -1 -1 -1 -1 -1 19 -1 -1 -1 -1 -1 -1 -1 21 20 -1 -1 -1 -1 
-1 -1 -1 -1 -1 5 26 25 -1 -1 -1 10 4 3 -1 -1 -1 -1 1 -1 -1 -1 -1 -1 16 -1 -1 11 -1 12 -1 28 -1 -1 -1 15 -1 -1 8 -1 -1 -1 -1 -1 -1 -1 -1 -1 7 -1 17 -1 -1 -1 -1 9 -1 -1 29 -1 -1 -1 27 22 -1 -1 -1 18 -1 -1 -1 -1 -1 -1 -1 -1 19 -1 -1 -1 -1 -1 -1 -1 21 20 -1 -1 -1 -1 
-1 -1 -1 -1 -1 5 26 25 -1 -1 -1 10 4 3 -1 -1 -1 -1 16 -1 -1 -1 -1 -1 -1 -1 -1 11 -1 12 -1 28 -1 -1 -1 15 -1 -1 8 -1 -1 -1 -1 -1 -1 -1 -1 -1 7 -1 17 -1 -1 -1 -1 9 -1 -1 29 -1 -1 -1 27 22 -1 -1 -1 18 -1 -1 -1 -1 -1 -1 -1 -1 19 -1 -1 -1 -1 -1 -1 -1 21 20 -1 -1 -1 -1 
-1 -1 -1 -1 -1 5 26 25 -1 -1 -1 10 4 3 -1 -1 -1 -1 16 -1 -1 -1 -1 -1 -1 -1 -1 11 -1 12 -1 28 -1 -1 -1 15 -1 -1 -1 -1 -1 -1 8 -1 -1 -1 -1 -1 7 -1 17 -1 -1 -1 -1 9 -1 -1 29 -1 -1 -1 27 22 -1 -1 -1 18 -1 -1 -1 -1 -1 -1 -1 -1 19 -1 -1 -1 -1 -1 -1 -1 21 20 -1 -1 -1 -1 
-1 -1 -1 -1 -1 5 -1 25 -1 -1 -1 10 4 3 -1 -1 -1 -1 16 -1 -1 -1 -1 -1 -1 -1 -1 11 -1 12 -1 28 -1 26 -1 15 -1 -1 -1 -1 -1 -1 8 -1 -1 -1 -1 -1 7 -1 17 -1 -1 -1 -1 9 -1 -1 29 -1 -1 -1 27 22 -1 -1 -1 18 -1 -1 -1 -1 -1 -1 -1 -1 19 -1 -1 -1 -1 -1 -1 -1 21 20 -1 -1 -1 -1 
-1 -1 -1 -1 -1 5 -1 25 -1 -1 -1 10 4 3 -1 -1 -1 -1 16 -1 -1 -1 -1 -1 -1 -1 -1 11 -1 12 -1 28 -1 26 -1 15 -1 -1 -1 -1 -1 8 -1 -1 -1 -1 -1 -1 7 -1 17 -1 -1 -1 -1 9 -1 -1 29 -1 -1 -1 27 22 -1 -1 -1 18 -1 -1 -1 -1 -1 -1 -1 -1 19 -1 -1 -1 -1 -1 -1 -1 21 20 -1 -1 -1 -1 
-1 -1 -1 -1 -1 5 -1 -1 -1 -1 -1 10 4 3 -1 -1 25 -1 16 -1 -1 -1 -1 -1 -1 -1 -1 11 -1 12 -1 28 -1 26 -1 15 -1 -1 -1 -1 -1 8 -1 -1 -1 -1 -1 -1 7 -1 17 -1 -1 -1 -1 9 -1 -1 29 -1 -1 -1 27 22 -1 -1 -1 18 -1 -1 -1 -1 -1 -1 -1 -1 19 -1 -1 -1 -1 -1 -1 -1 21 20 -1 -1 -1 -1 
-1 -1 -1 -1 -1 5 -1 -1 -1 -1 -1 10 4 3 8 -1 25 -1 16 -1 -1 -1 -1 -1 -1 -1 -1 11 -1 12 -1 28 -1 26 -1 15 -1 -1 -1 -1 -1 -1 -1 -1 -1 -1 -1 -1 7 -1 17 -1 -1 -1 -1 9 -1 -1 29 -1 -1 -1 27 22 -1 -1 -1 18 -1 -1 -1 -1 -1 -1 -1 -1 19 -1 -1 -1 -1 -1 -1 -1 21 20 -1 -1 -1 -1 
-1 -1 -1 -1 -1 5 -1 -1 -1 -1 -1 10 4 3 8 -1 25 -1 16 -1 -1 -1 -1 -1 -1 -1 -1 11 -1 12 -1 28 -1 -1 -1 15 -1 -1 -1 -1 -1 -1 -1 -1 -1 -1 -1 -1 7 -1 17 26 -1 -1 -1 9 -1 -1 29 -1 -1 -1 27 22 -1 -1 -1 18 -1 -1 -1 -1 -1 -1 -1 -1 19 -1 -1 -1 -1 -1 -1 -1 21 20 -1 -1 -1 -1 
-1 -1 -1 -1 -1 5 -1 -1 -1 -1 -1 10 4 3 8 -1 25 -1 16 -1 -1 -1 -1 -1 -1 -1 -1 11 -1 12 -1 28 -1 -1 -1 15 -1 -1 -1 -1 -1 7 -1 -1 -1 -1 -1 -1 -1 -1 17 26 -1 -1 -1 9 -1 -1 29 -1 -1 -1 27 22 -1 -1 -1 18 -1 -1 -1 -1 -1 -1 -1 -1 19 -1 -1 -1 -1 -1 -1 -1 21 20 -1 -1 -1 -1 
-1 -1 -1 -1 -1 5 -1 -1 -1 -1 -1 10 4 3 8 -1 25 -1 -1 -1 -1 -1 -1 16 -1 -1 -1 11 -1 12 -1 28 -1 -1 -1 15 -1 -1 -1 -1 -1 7 -1 -1 -1 -1 -1 -1 -1 -1 17 26 -1 -1 -1 9 -1 -1 29 -1 -1 -1 27 22 -1 -1 -1 18 -1 -1 -1 -1 -1 -1 -1 -1 19 -1 -1 -1 -1 -1 -1 -1 21 20 -1 -1 -1 -1 
-1 -1 -1 -1 -1 5 -1 -1 -1 -1 -1 10 4 3 -1 -1 8 -1 -1 -1 -1 -1 -1 16 -1 -1 -1 11 -1 12 -1 28 -1 -1 -1 15 -1 -1 -1 -1 -1 7 -1 -1 -1 -1 -1 -1 -1 -1 17 26 -1 -1 -1 9 -1 -1 29 -1 -1 -1 27 22 -1 -1 -1 18 -1 -1 -1 -1 -1 -1 -1 -1 19 -1 -1 -1 -1 -1 -1 -1 21 20 -1 -1 -1 -1 
-1 -1 -1 -1 -1 5 -1 -1 -1 -1 -1 10 4 3 -1 -1 8 -1 -1 -1 -1 -1 -1 -1 -1 -1 -1 11 -1 12 -1 28 -1 -1 -1 15 -1 -1 -1 -1 -1 16 -1 -1 -1 -1 -1 -1 -1 -1 17 26 -1 -1 -1 9 -1 -1 29 -1 -1 -1 27 22 -1 -1 -1 18 -1 -1 -1 -1 -1 -1 -1 -1 19 -1 -1 -1 -1 -1 -1 -1 21 20 -1 -1 -1 -1 
-1 -1 -1 -1 -1 5 -1 -1 -1 -1 -1 10 4 3 -1 -1 8 -1 -1 -1 -1 -1 -1 -1 -1 -1 -1 11 -1 12 -1 28 -1 -1 -1 15 -1 -1 -1 -1 -1 16 -1 -1 -1 -1 -1 -1 -1 -1 17 26 -1 -1 -1 -1 -1 -1 29 -1 -1 -1 9 22 -1 -1 -1 18 -1 -1 -1 -1 -1 -1 -1 -1 19 -1 -1 -1 -1 -1 -1 -1 21 20 -1 -1 -1 -1 
-1 -1 -1 -1 -1 5 -1 -1 -1 -1 -1 10 4 3 -1 -1 8 -1 -1 -1 -1 -1 -1 -1 -1 -1 -1 11 -1 12 -1 28 -1 -1 -1 15 -1 -1 -1 16 -1 -1 -1 -1 -1 -1 -1 -1 -1 -1 17 26 -1 -1 -1 -1 -1 -1 29 -1 -1 -1 9 22 -1 -1 -1 18 -1 -1 -1 -1 -1 -1 -1 -1 19 -1 -1 -1 -1 -1 -1 -1 21 20 -1 -1 -1 -1 
-1 -1 -1 -1 -1 5 -1 -1 -1 -1 -1 10 4 -1 -1 -1 8 -1 -1 -1 -1 3 -1 -1 -1 -1 -1 11 -1 12 -1 28 -1 -1 -1 15 -1 -1 -1 16 -1 -1 -1 -1 -1 -1 -1 -1 -1 -1 17 26 -1 -1 -1 -1 -1 -1 29 -1 -1 -1 9 22 -1 -1 -1 18 -1 -1 -1 -1 -1 -1 -1 -1 19 -1 -1 -1 -1 -1 -1 -1 21 20 -1 -1 -1 -1 
-1 -1 -1 -1 -1 5 -1 -1 -1 -1 -1 10 4 -1 -1 -1 8 -1 -1 -1 -1 3 -1 -1 -1 -1 -1 11 -1 12 -1 17 -1 -1 -1 15 -1 -1 -1 16 -1 -1 -1 -1 -1 -1 -1 -1 -1 -1 -1 26 -1 -1 -1 -1 -1 -1 29 -1 -1 -1 9 22 -1 -1 -1 18 -1 -1 -1 -1 -1 -1 -1 -1 19 -1 -1 -1 -1 -1 -1 -1 21 20 -1 -1 -1 -1 
-1 -1 -1 4 -1 5 -1 -1 -1 -1 -1 10 -1 -1 -1 -1 8 -1 -1 -1 -1 3 -1 -1 -1 -1 -1 11 -1 12 -1 17 -1 -1 -1 15 -1 -1 -1 16 -1 -1 -1 -1 -1 -1 -1 -1 -1 -1 -1 26 -1 -1 -1 -1 -1 -1 29 -1 -1 -1 9 22 -1 -1 -1 18 -1 -1 -1 -1 -1 -1 -1 -1 19 -1 -1 -1 -1 -1 -1 -1 21 20 -1 -1 -1 -1 
-1 -1 -1 4 -1 5 -1 -1 -1 -1 -1 10 -1 -1 -1 -1 8 -1 -1 -1 -1 16 -1 -1 -1 -1 -1 11 -1 12 -1 17 -1 -1 -1 15 -1 -1 -1 -1 -1 -1 -1 -1 -1 -1 -1 -1 -1 -1 -1 26 -1 -1 -1 -1 -1 -1 29 -1 -1 -1 9 22 -1 -1 -1 18 -1 -1 -1 -1 -1 -1 -1 -1 19 -1 -1 -1 -1 -1 -1 -1 21 20 -1 -1 -1 -1 
-1 -1 -1 -1 4 5 -1 -1 -1 -1 -1 10 -1 -1 -1 -1 8 -1 -1 -1 -1 16 -1 -1 -1 -1 -1 11 -1 12 -1 17 -1 -1 -1 15 -1 -1 -1 -1 -1 -1 -1 -1 -1 -1 -1 -1 -1 -1 -1 26 -1 -1 -1 -1 -1 -1 29 -1 -1 -1 9 22 -1 -1 -1 18 -1 -1 -1 -1 -1 -1 -1 -1 19 -1 -1 -1 -1 -1 -1 -1 21 20 -1 -1 -1 -1 
-1 -1 -1 -1 4 5 -1 -1 -1 -1 -1 10 -1 -1 -1 -1 8 -1 -1 -1 -1 16 -1 -1 -1 -1 -1 11 -1 12 -1 17 -1 -1 -1 15 -1 -1 -1 -1 -1 -1 -1 -1 -1 -1 -1 -1 -1 26 -1 -1 -1 -1 -1 -1 -1 -1 29 -1 -1 -1 9 22 -1 -1 -1 18 -1 -1 -1 -1 -1 -1 -1 -1 19 -1 -1 -1 -1 -1 -1 -1 21 20 -1 -1 -1 -1 
-1 -1 -1 -1 4 5 -1 -1 -1 -1 -1 -1 -1 10 -1 -1 8 -1 -1 -1 -1 16 -1 -1 -1 -1 -1 11 -1 12 -1 17 -1 -1 -1 15 -1 -1 -1 -1 -1 -1 -1 -1 -1 -1 -1 -1 -1 26 -1 -1 -1 -1 -1 -1 -1 -1 29 -1 -1 -1 9 22 -1 -1 -1 18 -1 -1 -1 -1 -1 -1 -1 -1 19 -1 -1 -1 -1 -1 -1 -1 21 20 -1 -1 -1 -1 
-1 -1 -1 -1 4 5 -1 -1 -1 -1 -1 -1 -1 10 17 -1 8 -1 -1 -1 -1 16 -1 -1 -1 -1 -1 11 -1 12 -1 -1 -1 -1 -1 15 -1 -1 -1 -1 -1 -1 -1 -1 -1 -1 -1 -1 -1 26 -1 -1 -1 -1 -1 -1 -1 -1 29 -1 -1 -1 9 22 -1 -1 -1 18 -1 -1 -1 -1 -1 -1 -1 -1 19 -1 -1 -1 -1 -1 -1 -1 21 20 -1 -1 -1 -1 
