0 1 2 3 4 5 6 7 8 -1 -1 -1 -1 -1 -1 -1 -1 -1 -1 9 -1 -1 -1 -1 -1 10 -1 11 -1 12 -1 28 -1 14 -1 15 -1 -1 -1 -1 -1 -1 -1 -1 -1 -1 -1 -1 -1 -1 -1 -1 -1 -1 -1 -1 -1 -1 29 -1 -1 -1 27 -1 26 -1 -1 25 -1 -1 -1 -1 -1 -1 -1 -1 -1 -1 -1 -1 -1 24 23 22 21 20 19 18 17 31 
0 1 2 3 4 5 6 7 8 -1 -1 -1 -1 -1 -1 -1 -1 -1 -1 9 -1 -1 10 -1 -1 -1 -1 11 -1 12 -1 28 -1 14 -1 15 -1 -1 -1 -1 -1 -1 -1 -1 -1 -1 -1 -1 -1 -1 -1 -1 -1 -1 -1 -1 -1 -1 29 -1 -1 -1 27 -1 26 -1 -1 25 -1 -1 -1 -1 -1 -1 -1 -1 -1 -1 -1 -1 -1 24 23 22 21 20 19 18 17 31 
0 1 2 3 4 5 6 7 8 -1 -1 -1 -1 -1 -1 -1 -1 -1 -1 9 -1 -1 10 -1 -1 -1 -1 11 -1 12 -1 28 -1 14 -1 15 -1 -1 -1 -1 -1 -1 -1 -1 -1 -1 -1 -1 -1 -1 -1 -1 -1 -1 -1 -1 -1 -1 29 -1 -1 -1 27 -1 26 -1 -1 25 -1 17 -1 -1 -1 -1 -1 -1 -1 -1 -1 -1 -1 24 23 22 21 20 19 18 -1 31 
0 1 2 3 4 5 6 -1 8 -1 -1 -1 -1 -1 -1 -1 -1 -1 -1 9 -1 -1 10 -1 7 -1 -1 11 -1 12 -1 28 -1 14 -1 15 -1 -1 -1 -1 -1 -1 -1 -1 -1 -1 -1 -1 -1 -1 -1 -1 -1 -1 -1 -1 -1 -1 29 -1 -1 -1 27 -1 26 -1 -1 25 -1 17 -1 -1 -1 -1 -1 -1 -1 -1 -1 -1 -1 24 23 22 21 20 19 18 -1 31 
0 1 2 3 4 5 6 -1 8 -1 -1 -1 -1 -1 -1 -1 -1 -1 -1 9 -1 -1 10 -1 7 -1 -1 11 -1 12 -1 28 -1 14 -1 15 -1 -1 -1 -1 -1 -1 -1 -1 -1 -1 -1 -1 -1 -1 -1 -1 -1 -1 -1 -1 -1 -1 29 -1 -1 -1 27 -1 26 -1 -1 25 -1 17 -1 -1 -1 -1 -1 -1 -1 -1 -1 -1 -1 24 23 22 21 20 19 18 16 -1 
0 1 2 3 4 5 6 -1 -1 -1 -1 -1 -1 -1 -1 -1 -1 8 -1 9 -1 -1 10 -1 7 -1 -1 11 -1 12 -1 28 -1 14 -1 15 -1 -1 -1 -1 -1 -1 -1 -1 -1 -1 -1 -1 -1 -1 -1 -1 -1 -1 -1 -1 -1 -1 29 -1 -1 -1 27 -1 26 -1 -1 25 -1 17 -1 -1 -1 -1 -1 -1 -1 -1 -1 -1 -1 24 23 22 21 20 19 18 16 -1 
0 1 2 3 4 5 6 -1 -1 -1 -1 -1 -1 -1 -1 -1 -1 8 -1 9 -1 -1 10 -1 7 -1 -1 11 -1 12 -1 28 -1 14 -1 15 -1 -1 -1 -1 -1 -1 -1 -1 -1 -1 -1 -1 -1 -1 -1 -1 -1 -1 -1 -1 -1 -1 29 -1 -1 -1 27 -1 -1 -1 26 25 -1 17 -1 -1 -1 -1 -1 -1 -1 -1 -1 -1 -1 24 23 22 21 20 19 18 16 -1 
0 -1 2 3 4 5 6 -1 -1 -1 -1 -1 -1 -1 -1 -1 -1 8 -1 9 1 -1 10 -1 7 -1 -1 11 -1 12 -1 28 -1 14 -1 15 -1 -1 -1 -1 -1 -1 -1 -1 -1 -1 -1 -1 -1 -1 -1 -1 -1 -1 -1 -1 -1 -1 29 -1 -1 -1 27 -1 -1 -1 26 25 -1 17 -1 -1 -1 -1 -1 -1 -1 -1 -1 -1 -1 24 23 22 21 20 19 18 16 -1 
0 -1 2 3 4 5 6 -1 -1 -1 -1 -1 -1 -1 -1 -1 -1 8 -1 9 1 -1 10 -1 7 -1 -1 11 -1 12 -1 28 -1 14 -1 15 -1 -1 -1 -1 -1 -1 -1 -1 -1 -1 -1 -1 -1 -1 -1 -1 -1 -1 -1 -1 -1 -1 29 -1 -1 -1 27 -1 -1 23 26 25 -1 17 -1 -1 -1 -1 -1 -1 -1 -1 -1 -1 -1 24 -1 22 21 20 19 18 16 -1 
-1 0 2 3 4 5 6 -1 -1 -1 -1 -1 -1 -1 -1 -1 -1 8 -1 9 1 -1 10 -1 7 -1 -1 11 -1 12 -1 28 -1 14 -1 15 -1 -1 -1 -1 -1 -1 -1 -1 -1 -1 -1 -1 -1 -1 -1 -1 -1 -1 -1 -1 -1 -1 29 -1 -1 -1 27 -1 -1 23 26 25 -1 17 -1 -1 -1 -1 -1 -1 -1 -1 -1 -1 -1 24 -1 22 21 20 19 18 16 -1 
-1 0 2 3 4 5 6 -1 -1 -1 -1 -1 -1 -1 -1 -1 -1 8 -1 9 1 -1 10 -1 7 -1 -1 11 -1 12 -1 28 -1 14 -1 15 -1 -1 -1 -1 -1 -1 -1 -1 -1 -1 -1 -1 -1 -1 -1 -1 -1 -1 -1 -1 -1 -1 29 -1 -1 -1 27 -1 -1 23 26 25 -1 17 -1 -1 -1 -1 -1 -1 -1 -1 -1 -1 -1 -1 24 22 21 20 19 18 16 -1 
-1 0 2 3 4 5 6 -1 -1 -1 -1 -1 -1 -1 -1 -1 -1 8 -1 9 1 -1 10 -1 7 -1 -1 11 -1 12 -1 28 -1 -1 -1 15 -1 -1 -1 -1 -1 -1 14 -1 -1 -1 -1 -1 -1 -1 -1 -1 -1 -1 -1 -1 -1 -1 29 -1 -1 -1 27 -1 -1 23 26 25 -1 17 -1 -1 -1 -1 -1 -1 -1 -1 -1 -1 -1 -1 24 22 21 20 19 18 16 -1 
-1 0 2 3 4 5 6 -1 -1 -1 -1 -1 -1 -1 -1 -1 -1 8 -1 9 1 -1 10 -1 7 -1 -1 11 -1 12 -1 28 -1 -1 16 15 -1 -1 -1 -1 -1 -1 14 -1 -1 -1 -1 -1 -1 -1 -1 -1 -1 -1 -1 -1 -1 -1 29 -1 -1 -1 27 -1 -1 23 26 25 -1 17 -1 -1 -1 -1 -1 -1 -1 -1 -1 -1 -1 -1 24 22 21 20 19 18 -1 -1 
-1 0 2 3 4 5 6 -1 -1 -1 -1 -1 8 -1 -1 -1 -1 -1 -1 9 1 -1 10 -1 7 -1 -1 11 -1 12 -1 28 -1 -1 16 15 -1 -1 -1 -1 -1 -1 14 -1 -1 -1 -1 -1 -1 -1 -1 -1 -1 -1 -1 -1 -1 -1 29 -1 -1 -1 27 -1 -1 23 26 25 -1 17 -1 -1 -1 -1 -1 -1 -1 -1 -1 -1 -1 -1 24 22 21 20 19 18 -1 -1 
-1 0 2 3 4 5 6 -1 -1 -1 -1 -1 8 -1 -1 -1 -1 -1 -1 9 1 -1 10 -1 7 -1 -1 11 -1 12 -1 28 -1 -1 16 15 -1 -1 -1 -1 -1 -1 14 -1 -1 -1 -1 -1 -1 -1 -1 -1 -1 -1 -1 -1 -1 -1 29 -1 -1 -1 27 -1 -1 23 26 25 -1 17 -1 -1 -1 -1 -1 -1 19 -1 -1 -1 -1 -1 24 22 21 20 -1 18 -1 -1 
-1 0 2 3 4 5 6 -1 -1 -1 -1 -1 -1 -1 -1 -1 -1 -1 -1 9 1 -1 10 -1 7 -1 -1 11 -1 12 -1 28 -1 -1 16 15 -1 -1 -1 -1 -1 -1 14 -1 -1 -1 -1 -1 -1 -1 -1 -1 -1 -1 -1 -1 -1 8 29 -1 -1 -1 27 -1 -1 23 26 25 -1 17 -1 -1 -1 -1 -1 -1 19 -1 -1 -1 -1 -1 24 22 21 20 -1 18 -1 -1 
-1 0 2 3 4 5 6 -1 -1 -1 -1 -1 -1 -1 -1 -1 -1 -1 -1 9 1 -1 10 -1 7 -1 -1 11 -1 12 -1 28 -1 -1 16 15 -1 -1 -1 -1 -1 -1 14 -1 -1 -1 -1 -1 -1 -1 -1 28 -1 -1 -1 -1 -1 8 29 -1 -1 -1 27 -1 -1 23 26 25 -1 17 -1 -1 -1 -1 -1 -1 19 -1 -1 -1 -1 -1 24 22 21 20 -1 18 -1 -1 
-1 0 2 3 4 5 6 -1 -1 -1 -1 -1 -1 -1 -1 -1 -1 -1 -1 9 1 -1 10 -1 7 -1 -1 11 -1 12 -1 28 -1 -1 16 15 -1 -1 -1 -1 -1 -1 -1 -1 -1 -1 -1 -1 -1 -1 -1 14 -1 -1 -1 -1 -1 8 29 -1 -1 -1 27 -1 -1 23 26 25 -1 17 -1 -1 -1 -1 -1 -1 19 -1 -1 -1 -1 -1 24 22 21 20 -1 18 -1 -1 
-1 0 2 3 4 5 6 -1 -1 -1 -1 -1 -1 -1 -1 -1 -1 -1 -1 9 1 -1 10 -1 7 -1 -1 11 -1 12 -1 28 -1 16 -1 15 -1 -1 -1 -1 -1 -1 -1 -1 -1 -1 -1 -1 -1 -1 -1 14 -1 -1 -1 -1 -1 8 29 -1 -1 -1 27 -1 -1 23 26 25 -1 17 -1 -1 -1 -1 -1 -1 19 -1 -1 -1 -1 -1 24 22 21 20 -1 18 -1 -1 
-1 0 2 3 4 5 6 -1 -1 -1 -1 -1 -1 10 -1 -1 -1 -1 -1 9 1 -1 -1 -1 7 -1 -1 11 -1 12 -1 28 -1 16 -1 15 -1 -1 -1 -1 -1 -1 -1 -1 -1 -1 -1 -1 -1 -1 -1 14 -1 -1 -1 -1 -1 8 29 -1 -1 -1 27 -1 -1 23 26 25 -1 17 -1 -1 -1 -1 -1 -1 19 -1 -1 -1 -1 -1 24 22 21 20 -1 18 -1 -1 
-1 0 2 3 4 5 6 -1 -1 -1 -1 -1 -1 10 -1 -1 -1 -1 -1 9 1 -1 -1 -1 7 -1 -1 11 -1 12 -1 28 -1 -1 -1 15 -1 -1 -1 -1 -1 -1 -1 -1 -1 -1 -1 -1 -1 -1 -1 16 -1 -1 -1 -1 -1 8 29 -1 -1 -1 27 -1 -1 23 26 25 -1 17 -1 -1 -1 -1 -1 -1 19 -1 -1 -1 -1 -1 24 22 21 20 -1 18 -1 -1 
-1 0 2 3 4 5 6 -1 -1 -1 -1 -1 -1 -1 -1 10 -1 -1 -1 9 1 -1 -1 -1 7 -1 -1 11 -1 12 -1 28 -1 -1 -1 15 -1 -1 -1 -1 -1 -1 -1 -1 -1 -1 -1 -1 -1 -1 -1 16 -1 -1 -1 -1 -1 8 29 -1 -1 -1 27 -1 -1 23 26 25 -1 17 -1 -1 -1 -1 -1 -1 19 -1 -1 -1 -1 -1 24 22 21 20 -1 18 -1 -1 
-1 0 2 3 4 5 6 -1 -1 -1 -1 -1 -1 -1 -1 10 -1 -1 -1 9 1 -1 -1 -1 7 -1 -1 11 -1 12 -1 28 -1 -1 -1 15 -1 -1 -1 -1 -1 -1 -1 -1 -1 -1 -1 -1 -1 -1 16 -1 -1 -1 -1 -1 -1 8 29 -1 -1 -1 27 -1 -1 23 26 25 -1 17 -1 -1 -1 -1 -1 -1 19 -1 -1 -1 -1 -1 24 22 21 20 -1 18 -1 -1 
-1 0 2 -1 4 5 6 -1 -1 -1 -1 -1 -1 3 -1 10 -1 -1 -1 9 1 -1 -1 -1 7 -1 -1 11 -1 12 -1 28 -1 -1 -1 15 -1 -1 -1 -1 -1 -1 -1 -1 -1 -1 -1 -1 -1 -1 16 -1 -1 -1 -1 -1 -1 8 29 -1 -1 -1 27 -1 -1 23 26 25 -1 17 -1 -1 -1 -1 -1 -1 19 -1 -1 -1 -1 -1 24 22 21 20 -1 18 -1 -1 
-1 0 2 -1 4 5 6 -1 -1 -1 -1 -1 -1 3 -1 10 -1 -1 -1 9 1 -1 -1 -1 7 -1 -1 11 -1 12 -1 28 -1 -1 -1 15 -1 -1 -1 -1 -1 -1 -1 -1 -1 -1 -1 16 -1 -1 -1 -1 -1 -1 -1 -1 -1 8 29 -1 -1 -1 27 -1 -1 23 26 25 -1 17 -1 -1 -1 -1 -1 -1 19 -1 -1 -1 -1 -1 24 22 21 20 -1 18 -1 -1 
-1 0 2 -1 4 5 6 -1 -1 -1 -1 -1 -1 3 -1 10 -1 -1 -1 -1 1 -1 -1 -1 7 -1 -1 11 -1 12 -1 28 -1 -1 -1 15 -1 -1 -1 -1 -1 -1 -1 -1 -1 -1 -1 16 -1 -1 -1 -1 -1 -1 -1 -1 -1 8 29 -1 -1 -1 27 -1 -1 23 26 25 -1 17 -1 -1 -1 9 -1 -1 19 -1 -1 -1 -1 -1 24 22 21 20 -1 18 -1 -1 
-1 0 2 -1 4 5 6 -1 -1 -1 -1 -1 -1 3 -1 10 -1 -1 -1 -1 1 -1 -1 -1 7 -1 -1 11 -1 16 -1 28 -1 -1 -1 15 -1 -1 -1 -1 -1 -1 -1 -1 -1 -1 -1 -1 -1 -1 -1 -1 -1 -1 -1 -1 -1 8 29 -1 -1 -1 27 -1 -1 23 26 25 -1 17 -1 -1 -1 9 -1 -1 19 -1 -1 -1 -1 -1 24 22 21 20 -1 18 -1 -1 
-1 -1 2 -1 4 5 6 -1 -1 -1 -1 -1 -1 3 -1 10 -1 -1 -1 0 1 -1 -1 -1 7 -1 -1 11 -1 16 -1 28 -1 -1 -1 15 -1 -1 -1 -1 -1 -1 -1 -1 -1 -1 -1 -1 -1 -1 -1 -1 -1 -1 -1 -1 -1 8 29 -1 -1 -1 27 -1 -1 23 26 25 -1 17 -1 -1 -1 9 -1 -1 19 -1 -1 -1 -1 -1 24 22 21 20 -1 18 -1 -1 
-1 -1 2 -1 4 5 6 -1 -1 -1 -1 -1 -1 3 -1 10 -1 -1 -1 0 1 -1 -1 -1 7 -1 -1 11 -1 16 -1 28 -1 -1 -1 15 -1 -1 -1 -1 -1 -1 -1 -1 -1 -1 -1 -1 -1 -1 17 -1 -1 -1 -1 -1 -1 8 29 -1 -1 -1 27 -1 -1 23 26 25 -1 -1 -1 -1 -1 9 -1 -1 19 -1 -1 -1 -1 -1 24 22 21 20 -1 18 -1 -1 
-1 -1 2 -1 4 5 6 -1 -1 -1 -1 -1 -1 3 -1 10 -1 -1 -1 0 1 -1 -1 -1 7 -1 -1 11 -1 16 -1 28 -1 -1 -1 15 -1 -1 -1 -1 -1 -1 -1 -1 -1 -1 -1 -1 8 -1 17 -1 -1 -1 -1 -1 -1 -1 29 -1 -1 -1 27 -1 -1 23 26 25 -1 -1 -1 -1 -1 9 -1 -1 19 -1 -1 -1 -1 -1 24 22 21 20 -1 18 -1 -1 
-1 -1 2 -1 4 5 6 -1 -1 -1 -1 -1 -1 3 -1 10 -1 -1 -1 0 1 -1 -1 -1 7 -1 -1 11 -1 -1 -1 28 -1 -1 -1 15 -1 -1 -1 -1 -1 -1 -1 -1 -1 -1 -1 16 8 -1 17 -1 -1 -1 -1 -1 -1 -1 29 -1 -1 -1 27 -1 -1 23 26 25 -1 -1 -1 -1 -1 9 -1 -1 19 -1 -1 -1 -1 -1 24 22 21 20 -1 18 -1 -1 
-1 -1 2 -1 4 5 6 -1 -1 -1 -1 -1 -1 3 -1 10 -1 -1 -1 0 1 -1 -1 -1 7 -1 -1 11 -1 -1 -1 28 -1 -1 -1 15 -1 -1 -1 -1 -1 -1 -1 -1 -1 -1 -1 8 -1 -1 17 -1 -1 -1 -1 -1 -1 -1 29 -1 -1 -1 27 -1 -1 23 26 25 -1 -1 -1 -1 -1 9 -1 -1 19 -1 -1 -1 -1 -1 24 22 21 20 -1 18 -1 -1 
-1 -1 2 -1 4 5 6 -1 -1 -1 -1 -1 -1 3 -1 10 -1 -1 -1 0 1 -1 -1 -1 7 -1 -1 11 -1 -1 -1 28 -1 -1 -1 15 -1 -1 -1 -1 -1 -1 -1 -1 -1 -1 -1 30 -1 -1 17 -1 -1 -1 -1 -1 -1 -1 29 -1 -1 -1 27 -1 -1 23 26 25 -1 -1 -1 -1 -1 9 -1 -1 19 -1 -1 -1 -1 -1 24 22 21 20 -1 18 -1 -1 
-1 -1 -1 -1 4 5 6 -1 -1 -1 -1 -1 -1 3 -1 10 -1 -1 -1 0 1 -1 2 -1 7 -1 -1 11 -1 -1 -1 28 -1 -1 -1 15 -1 -1 -1 -1 -1 -1 -1 -1 -1 -1 -1 30 -1 -1 17 -1 -1 -1 -1 -1 -1 -1 29 -1 -1 -1 27 -1 -1 23 26 25 -1 -1 -1 -1 -1 9 -1 -1 19 -1 -1 -1 -1 -1 24 22 21 20 -1 18 -1 -1 
-1 -1 -1 -1 4 5 6 -1 -1 -1 -1 -1 -1 3 -1 10 -1 -1 -1 0 1 -1 2 -1 7 -1 -1 11 -1 -1 -1 28 -1 -1 -1 15 -1 -1 -1 -1 -1 -1 -1 -1 -1 -1 -1 30 23 -1 17 -1 -1 -1 -1 -1 -1 -1 29 -1 -1 -1 27 -1 -1 -1 26 25 -1 -1 -1 -1 -1 9 -1 -1 19 -1 -1 -1 -1 -1 24 22 21 20 -1 18 -1 -1 
-1 -1 -1 -1 4 5 6 -1 -1 -1 -1 -1 -1 3 -1 -1 -1 -1 -1 0 1 -1 2 -1 7 -1 -1 11 -1 -1 -1 28 -1 -1 -1 15 -1 -1 -1 -1 -1 -1 -1 -1 -1 -1 -1 30 23 -1 17 -1 -1 -1 -1 -1 -1 -1 29 -1 -1 -1 27 -1 -1 -1 26 25 -1 -1 -1 -1 -1 9 -1 -1 19 -1 -1 -1 -1 -1 24 22 21 20 -1 10 -1 -1 
-1 -1 -1 -1 4 5 6 -1 -1 -1 -1 -1 -1 3 -1 -1 -1 -1 -1 0 1 -1 2 -1 7 -1 -1 11 -1 -1 -1 28 -1 -1 -1 15 -1 -1 -1 -1 -1 -1 -1 -1 -1 -1 -1 30 23 -1 17 -1 -1 -1 -1 -1 -1 -1 29 -1 -1 -1 27 -1 -1 26 -1 25 -1 -1 -1 -1 -1 9 -1 -1 19 -1 -1 -1 -1 -1 24 22 21 20 -1 10 -1 -1 
-1 1 -1 -1 4 5 6 -1 -1 -1 -1 -1 -1 3 -1 -1 -1 -1 -1 0 -1 -1 2 -1 7 -1 -1 11 -1 -1 -1 28 -1 -1 -1 15 -1 -1 -1 -1 -1 -1 -1 -1 -1 -1 -1 30 23 -1 17 -1 -1 -1 -1 -1 -1 -1 29 -1 -1 -1 27 -1 -1 26 -1 25 -1 -1 -1 -1 -1 9 -1 -1 19 -1 -1 -1 -1 -1 24 22 21 20 -1 10 -1 -1 
-1 1 -1 -1 4 5 6 -1 -1 -1 -1 -1 -1 3 -1 -1 -1 -1 -1 0 -1 -1 2 -1 7 -1 -1 11 -1 -1 -1 28 -1 -1 -1 15 -1 -1 -1 -1 -1 -1 -1 -1 -1 -1 -1 30 23 -1 17 -1 -1 -1 -1 -1 -1 -1 29 -1 -1 -1 27 -1 -1 26 -1 -1 -1 25 -1 -1 -1 9 -1 -1 19 -1 -1 -1 -1 -1 24 22 21 20 -1 10 -1 -1 
-1 1 -1 -1 4 5 6 -1 -1 -1 -1 -1 -1 3 -1 -1 -1 -1 -1 0 -1 -1 2 -1 7 -1 -1 11 -1 -1 -1 28 -1 -1 -1 15 -1 -1 -1 -1 -1 -1 -1 -1 -1 -1 -1 30 23 -1 17 -1 -1 -1 -1 9 -1 -1 29 -1 -1 -1 27 -1 -1 26 -1 -1 -1 25 -1 -1 -1 -1 -1 -1 19 -1 -1 -1 -1 -1 24 22 21 20 -1 10 -1 -1 
-1 1 -1 -1 4 5 6 -1 -1 -1 -1 -1 -1 3 -1 -1 -1 -1 -1 0 -1 -1 2 -1 7 -1 -1 11 -1 -1 -1 28 -1 -1 -1 15 -1 -1 -1 -1 -1 -1 -1 -1 -1 -1 -1 30 23 -1 17 -1 -1 -1 -1 9 -1 -1 29 -1 -1 -1 27 -1 -1 26 -1 -1 -1 25 -1 -1 -1 -1 -1 -1 19 -1 -1 -1 -1 -1 24 22 21 -1 20 10 -1 -1 
-1 -1 -1 -1 4 5 6 -1 -1 -1 -1 -1 1 3 -1 -1 -1 -1 -1 0 -1 -1 2 -1 7 -1 -1 11 -1 -1 -1 28 -1 -1 -1 15 -1 -1 -1 -1 -1 -1 -1 -1 -1 -1 -1 30 23 -1 17 -1 -1 -1 -1 9 -1 -1 29 -1 -1 -1 27 -1 -1 26 -1 -1 -1 25 -1 -1 -1 -1 -1 -1 19 -1 -1 -1 -1 -1 24 22 21 -1 20 10 -1 -1 
-1 -1 -1 -1 4 5 6 -1 -1 -1 -1 -1 1 3 -1 -1 -1 -1 -1 0 -1 -1 2 -1 7 -1 -1 11 -1 -1 -1 28 -1 -1 -1 15 -1 -1 -1 -1 -1 -1 -1 -1 -1 -1 -1 30 23 -1 17 -1 -1 -1 -1 9 -1 -1 29 -1 -1 -1 27 -1 -1 26 -1 22 -1 25 -1 -1 -1 -1 -1 -1 19 -1 -1 -1 -1 -1 24 -1 21 -1 20 10 -1 -1 
-1 -1 -1 -1 4 5 6 -1 -1 -1 -1 -1 1 3 -1 -1 -1 -1 -1 0 -1 -1 2 -1 7 -1 -1 11 -1 -1 -1 28 -1 -1 -1 15 -1 -1 -1 -1 -1 -1 -1 -1 -1 -1 -1 30 23 -1 17 -1 -1 -1 -1 -1 -1 -1 29 -1 -1 -1 9 -1 -1 26 -1 22 -1 25 -1 -1 -1 -1 -1 -1 19 -1 -1 -1 -1 -1 24 -1 21 -1 20 10 -1 -1 
-1 -1 -1 -1 4 5 6 -1 -1 -1 -1 -1 1 3 -1 -1 -1 -1 -1 24 -1 -1 2 -1 7 -1 -1 11 -1 -1 -1 28 -1 -1 -1 15 -1 -1 -1 -1 -1 -1 -1 -1 -1 -1 -1 30 23 -1 17 -1 -1 -1 -1 -1 -1 -1 29 -1 -1 -1 9 -1 -1 26 -1 22 -1 25 -1 -1 -1 -1 -1 -1 19 -1 -1 -1 -1 -1 -1 -1 21 -1 20 10 -1 -1 
-1 -1 -1 -1 4 5 6 -1 -1 -1 -1 -1 1 3 -1 -1 -1 -1 -1 24 -1 -1 2 -1 7 -1 -1 11 -1 -1 -1 28 -1 -1 -1 15 -1 -1 -1 -1 -1 -1 -1 -1 -1 -1 -1 30 23 -1 17 -1 -1 -1 -1 -1 -1 -1 29 -1 -1 -1 -1 -1 -1 26 -1 22 -1 25 -1 -1 -1 -1 -1 -1 19 -1 -1 -1 -1 -1 -1 -1 21 -1 20 10 -1 9 
-1 -1 -1 -1 4 5 6 -1 -1 -1 -1 -1 1 3 -1 -1 -1 -1 -1 24 -1 -1 2 -1 7 -1 -1 11 -1 -1 -1 28 -1 -1 -1 15 -1 -1 -1 -1 -1 -1 -1 -1 -1 -1 -1 30 23 -1 17 -1 -1 -1 -1 -1 -1 -1 29 -1 -1 -1 -1 -1 -1 26 -1 22 -1 25 -1 -1 -1 -1 -1 -1 19 20 -1 -1 -1 -1 -1 -1 21 -1 -1 10 -1 9 
-1 -1 -1 -1 4 5 6 -1 -1 -1 -1 -1 -1 3 -1 -1 -1 -1 -1 1 -1 -1 2 -1 7 -1 -1 11 -1 -1 -1 28 -1 -1 -1 15 -1 -1 -1 -1 -1 -1 -1 -1 -1 -1 -1 30 23 -1 17 -1 -1 -1 -1 -1 -1 -1 29 -1 -1 -1 -1 -1 -1 26 -1 22 -1 25 -1 -1 -1 -1 -1 -1 19 20 -1 -1 -1 -1 -1 -1 21 -1 -1 10 -1 9 
-1 -1 -1 -1 4 5 6 -1 -1 -1 -1 -1 -1 3 -1 -1 -1 -1 -1 1 -1 -1 2 -1 7 -1 -1 11 -1 -1 -1 17 -1 -1 -1 15 -1 -1 -1 -1 -1 -1 -1 -1 -1 -1 -1 30 23 -1 -1 -1 -1 -1 -1 -1 -1 -1 29 -1 -1 -1 -1 -1 -1 26 -1 22 -1 25 -1 -1 -1 -1 -1 -1 19 20 -1 -1 -1 -1 -1 -1 21 -1 -1 10 -1 9 
-1 -1 -1 -1 4 5 6 -1 -1 -1 -1 -1 -1 3 -1 -1 -1 -1 -1 1 -1 -1 2 -1 -1 -1 -1 11 -1 -1 -1 7 -1 -1 -1 15 -1 -1 -1 -1 -1 -1 -1 -1 -1 -1 -1 30 23 -1 -1 -1 -1 -1 -1 -1 -1 -1 29 -1 -1 -1 -1 -1 -1 26 -1 22 -1 25 -1 -1 -1 -1 -1 -1 19 20 -1 -1 -1 -1 -1 -1 21 -1 -1 10 -1 9 
-1 -1 -1 -1 4 5 6 -1 -1 -1 -1 -1 -1 3 -1 -1 -1 -1 -1 1 -1 -1 2 -1 -1 -1 -1 11 -1 -1 -1 23 -1 -1 -1 15 -1 -1 -1 -1 -1 -1 -1 -1 -1 -1 -1 30 -1 -1 -1 -1 -1 -1 -1 -1 -1 -1 29 -1 -1 -1 -1 -1 -1 26 -1 22 -1 25 -1 -1 -1 -1 -1 -1 19 20 -1 -1 -1 -1 -1 -1 21 -1 -1 10 -1 9 
-1 -1 -1 -1 4 5 6 -1 -1 -1 -1 -1 -1 3 -1 -1 -1 -1 -1 1 -1 -1 2 -1 -1 -1 -1 11 -1 -1 -1 23 -1 -1 -1 15 -1 -1 -1 -1 -1 -1 -1 -1 -1 -1 -1 30 -1 -1 -1 -1 -1 -1 -1 -1 -1 -1 29 -1 -1 -1 -1 -1 -1 26 -1 22 -1 25 -1 -1 -1 -1 -1 -1 19 20 -1 -1 -1 -1 -1 -1 21 -1 -1 -1 10 9 
-1 -1 -1 -1 4 5 6 -1 -1 -1 -1 -1 -1 3 -1 -1 -1 -1 -1 1 -1 -1 2 -1 -1 -1 -1 11 -1 -1 -1 23 -1 -1 -1 15 -1 -1 -1 -1 -1 -1 -1 -1 -1 -1 -1 30 -1 -1 -1 -1 -1 -1 -1 -1 -1 -1 29 -1 -1 -1 -1 -1 -1 26 -1 22 -1 -1 25 -1 -1 -1 -1 -1 19 20 -1 -1 -1 -1 -1 -1 21 -1 -1 -1 10 9 
-1 -1 -1 -1 4 5 6 -1 -1 -1 -1 -1 -1 3 -1 -1 -1 -1 -1 1 -1 -1 2 -1 -1 -1 -1 11 -1 -1 -1 23 -1 -1 -1 -1 -1 -1 -1 -1 -1 -1 -1 -1 15 -1 -1 30 -1 -1 -1 -1 -1 -1 -1 -1 -1 -1 29 -1 -1 -1 -1 -1 -1 26 -1 22 -1 -1 25 -1 -1 -1 -1 -1 19 20 -1 -1 -1 -1 -1 -1 21 -1 -1 -1 10 9 
-1 -1 -1 -1 4 5 6 -1 -1 -1 -1 -1 -1 3 -1 -1 -1 -1 -1 1 -1 -1 2 -1 -1 25 -1 11 -1 -1 -1 23 -1 -1 -1 -1 -1 -1 -1 -1 -1 -1 -1 -1 15 -1 -1 30 -1 -1 -1 -1 -1 -1 -1 -1 -1 -1 29 -1 -1 -1 -1 -1 -1 26 -1 22 -1 -1 -1 -1 -1 -1 -1 -1 19 20 -1 -1 -1 -1 -1 -1 21 -1 -1 -1 10 9 
-1 -1 -1 -1 4 5 6 -1 -1 -1 -1 -1 -1 -1 -1 -1 -1 -1 -1 1 -1 -1 2 3 -1 25 -1 11 -1 -1 -1 23 -1 -1 -1 -1 -1 -1 -1 -1 -1 -1 -1 -1 15 -1 -1 30 -1 -1 -1 -1 -1 -1 -1 -1 -1 -1 29 -1 -1 -1 -1 -1 -1 26 -1 22 -1 -1 -1 -1 -1 -1 -1 -1 19 20 -1 -1 -1 -1 -1 -1 21 -1 -1 -1 10 9 
-1 -1 -1 -1 4 5 6 -1 -1 -1 -1 -1 -1 -1 -1 -1 -1 -1 -1 1 17 -1 2 3 -1 25 -1 11 -1 -1 -1 -1 -1 -1 -1 -1 -1 -1 -1 -1 -1 -1 -1 -1 15 -1 -1 30 -1 -1 -1 -1 -1 -1 -1 -1 -1 -1 29 -1 -1 -1 -1 -1 -1 26 -1 22 -1 -1 -1 -1 -1 -1 -1 -1 19 20 -1 -1 -1 -1 -1 -1 21 -1 -1 -1 10 9 
-1 -1 -1 -1 4 5 6 -1 -1 -1 -1 -1 -1 -1 -1 -1 -1 -1 -1 1 17 -1 2 3 -1 25 -1 11 -1 -1 -1 -1 -1 -1 -1 -1 -1 -1 -1 -1 -1 -1 -1 -1 15 -1 -1 30 -1 -1 -1 -1 -1 -1 -1 -1 -1 -1 29 -1 -1 10 -1 -1 -1 26 -1 22 -1 -1 -1 -1 -1 -1 -1 -1 19 20 -1 -1 -1 -1 -1 -1 21 -1 -1 -1 -1 9 
-1 -1 -1 -1 4 5 6 -1 -1 -1 -1 -1 -1 -1 -1 -1 -1 -1 -1 1 17 -1 2 3 -1 25 -1 11 -1 -1 -1 -1 -1 -1 -1 -1 -1 -1 -1 -1 -1 -1 -1 -1 15 -1 -1 30 -1 29 -1 -1 -1 -1 -1 -1 -1 -1 -1 -1 -1 10 -1 -1 -1 26 -1 22 -1 -1 -1 -1 -1 -1 -1 -1 19 20 -1 -1 -1 -1 -1 -1 21 -1 -1 -1 -1 9 
-1 -1 -1 -1 4 5 6 -1 -1 -1 -1 -1 -1 -1 -1 -1 -1 -1 -1 1 17 -1 2 3 -1 25 -1 11 -1 -1 -1 -1 -1 -1 -1 -1 -1 -1 -1 -1 -1 -1 -1 -1 15 -1 -1 30 -1 29 -1 -1 -1 -1 -1 -1 -1 -1 -1 -1 -1 10 9 -1 -1 26 -1 22 -1 -1 -1 -1 -1 -1 -1 -1 19 20 -1 -1 -1 -1 -1 -1 21 -1 -1 -1 -1 -1 
-1 -1 -1 -1 4 5 6 -1 -1 -1 -1 -1 -1 -1 -1 -1 -1 -1 -1 1 17 -1 2 3 -1 25 -1 11 -1 -1 -1 -1 -1 -1 -1 -1 -1 -1 -1 -1 29 -1 -1 -1 15 -1 -1 30 -1 -1 -1 -1 -1 -1 -1 -1 -1 -1 -1 -1 -1 10 9 -1 -1 26 -1 22 -1 -1 -1 -1 -1 -1 -1 -1 19 20 -1 -1 -1 -1 -1 -1 21 -1 -1 -1 -1 -1 
-1 -1 -1 -1 4 5 6 -1 -1 -1 -1 -1 -1 -1 -1 -1 -1 -1 -1 1 17 -1 2 3 -1 25 -1 11 -1 -1 -1 -1 -1 -1 -1 -1 -1 -1 -1 -1 29 -1 -1 -1 15 -1 -1 30 -1 -1 -1 -1 -1 -1 9 -1 -1 -1 -1 -1 -1 10 -1 -1 -1 26 -1 22 -1 -1 -1 -1 -1 -1 -1 -1 19 20 -1 -1 -1 -1 -1 -1 21 -1 -1 -1 -1 -1 
-1 -1 -1 -1 4 5 6 -1 -1 -1 -1 -1 -1 -1 -1 -1 -1 -1 -1 1 17 -1 2 3 -1 25 -1 11 -1 -1 -1 29 -1 -1 -1 -1 -1 -1 -1 -1 -1 -1 -1 -1 15 -1 -1 30 -1 -1 -1 -1 -1 -1 9 -1 -1 -1 -1 -1 -1 10 -1 -1 -1 26 -1 22 -1 -1 -1 -1 -1 -1 -1 -1 19 20 -1 -1 -1 -1 -1 -1 21 -1 -1 -1 -1 -1 
-1 -1 -1 -1 4 5 6 -1 -1 -1 -1 -1 -1 -1 -1 -1 -1 -1 -1 1 17 -1 2 3 -1 25 -1 11 -1 -1 -1 29 -1 -1 -1 -1 -1 -1 -1 -1 -1 -1 -1 -1 15 -1 -1 30 -1 -1 -1 -1 -1 -1 -1 -1 9 -1 -1 -1 -1 10 -1 -1 -1 26 -1 22 -1 -1 -1 -1 -1 -1 -1 -1 19 20 -1 -1 -1 -1 -1 -1 21 -1 -1 -1 -1 -1 
-1 -1 -1 -1 4 5 6 -1 -1 -1 -1 -1 -1 -1 -1 -1 -1 -1 -1 1 -1 -1 2 3 -1 25 -1 11 -1 -1 -1 29 -1 -1 -1 -1 -1 -1 -1 17 -1 -1 -1 -1 15 -1 -1 30 -1 -1 -1 -1 -1 -1 -1 -1 9 -1 -1 -1 -1 10 -1 -1 -1 26 -1 22 -1 -1 -1 -1 -1 -1 -1 -1 19 20 -1 -1 -1 -1 -1 -1 21 -1 -1 -1 -1 -1 
-1 -1 -1 -1 4 5 6 -1 -1 -1 -1 -1 -1 -1 -1 -1 -1 -1 -1 1 -1 -1 2 3 -1 25 -1 11 -1 -1 -1 29 -1 -1 -1 -1 -1 -1 -1 17 -1 -1 -1 -1 15 -1 -1 30 -1 -1 -1 -1 -1 -1 -1 -1 -1 -1 -1 9 -1 10 -1 -1 -1 26 -1 22 -1 -1 -1 -1 -1 -1 -1 -1 19 20 -1 -1 -1 -1 -1 -1 21 -1 -1 -1 -1 -1 
-1 -1 -1 -1 4 5 6 -1 -1 -1 -1 -1 -1 -1 -1 -1 -1 -1 -1 1 -1 -1 2 3 -1 25 -1 11 -1 -1 -1 29 -1 -1 -1 -1 -1 -1 -1 17 -1 -1 -1 -1 15 -1 -1 30 -1 -1 -1 -1 -1 -1 -1 -1 -1 -1 -1 9 -1 10 -1 -1 -1 26 -1 22 -1 -1 -1 -1 -1 -1 -1 -1 19 -1 -1 -1 -1 -1 -1 -1 21 -1 20 -1 -1 -1 
-1 -1 -1 -1 4 5 6 -1 -1 -1 -1 -1 -1 -1 -1 -1 -1 -1 -1 -1 -1 -1 2 3 -1 25 -1 11 -1 -1 -1 29 -1 -1 -1 -1 1 -1 -1 17 -1 -1 -1 -1 15 -1 -1 30 -1 -1 -1 -1 -1 -1 -1 -1 -1 -1 -1 9 -1 10 -1 -1 -1 26 -1 22 -1 -1 -1 -1 -1 -1 -1 -1 19 -1 -1 -1 -1 -1 -1 -1 21 -1 20 -1 -1 -1 
-1 -1 -1 -1 4 5 6 25 -1 -1 -1 -1 -1 -1 -1 -1 -1 -1 -1 -1 -1 -1 2 3 -1 -1 -1 11 -1 -1 -1 29 -1 -1 -1 -1 1 -1 -1 17 -1 -1 -1 -1 15 -1 -1 30 -1 -1 -1 -1 -1 -1 -1 -1 -1 -1 -1 9 -1 10 -1 -1 -1 26 -1 22 -1 -1 -1 -1 -1 -1 -1 -1 19 -1 -1 -1 -1 -1 -1 -1 21 -1 20 -1 -1 -1 
-1 -1 -1 -1 4 5 6 25 -1 -1 -1 -1 -1 -1 -1 -1 -1 -1 -1 -1 -1 -1 -1 3 -1 -1 -1 11 -1 -1 -1 29 -1 -1 -1 -1 1 -1 -1 17 -1 -1 2 -1 15 -1 -1 30 -1 -1 -1 -1 -1 -1 -1 -1 -1 -1 -1 9 -1 10 -1 -1 -1 26 -1 22 -1 -1 -1 -1 -1 -1 -1 -1 19 -1 -1 -1 -1 -1 -1 -1 21 -1 20 -1 -1 -1 
-1 -1 -1 -1 4 5 6 25 -1 -1 -1 -1 -1 -1 -1 -1 -1 -1 -1 -1 -1 -1 -1 3 -1 -1 -1 11 17 -1 -1 29 -1 -1 -1 -1 1 -1 -1 -1 -1 -1 2 -1 15 -1 -1 30 -1 -1 -1 -1 -1 -1 -1 -1 -1 -1 -1 9 -1 10 -1 -1 -1 26 -1 22 -1 -1 -1 -1 -1 -1 -1 -1 19 -1 -1 -1 -1 -1 -1 -1 21 -1 20 -1 -1 -1 
-1 -1 -1 -1 4 5 6 25 -1 -1 -1 -1 -1 -1 -1 -1 -1 -1 -1 -1 -1 -1 -1 3 -1 -1 -1 11 17 -1 -1 29 -1 -1 -1 -1 -1 -1 -1 -1 -1 -1 2 -1 15 -1 -1 30 -1 -1 -1 -1 -1 -1 -1 1 -1 -1 -1 9 -1 10 -1 -1 -1 26 -1 22 -1 -1 -1 -1 -1 -1 -1 -1 19 -1 -1 -1 -1 -1 -1 -1 21 -1 20 -1 -1 -1 
-1 -1 -1 -1 4 5 6 25 -1 -1 -1 17 -1 -1 -1 -1 -1 -1 -1 -1 -1 -1 -1 3 -1 -1 -1 11 -1 -1 -1 29 -1 -1 -1 -1 -1 -1 -1 -1 -1 -1 2 -1 15 -1 -1 30 -1 -1 -1 -1 -1 -1 -1 1 -1 -1 -1 9 -1 10 -1 -1 -1 26 -1 22 -1 -1 -1 -1 -1 -1 -1 -1 19 -1 -1 -1 -1 -1 -1 -1 21 -1 20 -1 -1 -1 
-1 -1 -1 4 -1 5 6 25 -1 -1 -1 17 -1 -1 -1 -1 -1 -1 -1 -1 -1 -1 -1 3 -1 -1 -1 11 -1 -1 -1 29 -1 -1 -1 -1 -1 -1 -1 -1 -1 -1 2 -1 15 -1 -1 30 -1 -1 -1 -1 -1 -1 -1 1 -1 -1 -1 9 -1 10 -1 -1 -1 26 -1 22 -1 -1 -1 -1 -1 -1 -1 -1 19 -1 -1 -1 -1 -1 -1 -1 21 -1 20 -1 -1 -1 
-1 -1 -1 4 -1 5 6 25 -1 -1 -1 17 -1 -1 -1 -1 -1 -1 -1 -1 -1 -1 -1 3 -1 -1 -1 11 -1 -1 -1 29 -1 -1 -1 -1 -1 -1 -1 -1 -1 -1 2 -1 15 -1 -1 30 -1 -1 -1 -1 -1 -1 -1 1 -1 -1 -1 9 -1 10 -1 -1 -1 -1 26 22 -1 -1 -1 -1 -1 -1 -1 -1 19 -1 -1 -1 -1 -1 -1 -1 21 -1 20 -1 -1 -1 
-1 -1 -1 4 -1 5 6 25 -1 -1 -1 17 -1 -1 -1 -1 -1 -1 -1 -1 -1 -1 -1 3 -1 -1 -1 11 -1 -1 -1 29 -1 -1 -1 -1 -1 -1 -1 -1 -1 -1 2 -1 15 -1 -1 30 -1 -1 -1 -1 -1 -1 -1 -1 -1 -1 -1 9 -1 10 -1 -1 -1 -1 1 22 -1 -1 -1 -1 -1 -1 -1 -1 19 -1 -1 -1 -1 -1 -1 -1 21 -1 20 -1 -1 -1 
-1 -1 -1 4 -1 5 6 25 -1 -1 -1 17 -1 -1 -1 -1 -1 -1 -1 -1 -1 -1 -1 3 -1 -1 -1 11 -1 -1 -1 29 -1 -1 -1 -1 -1 -1 -1 -1 -1 -1 2 -1 15 -1 -1 30 -1 -1 -1 -1 -1 -1 -1 -1 -1 -1 -1 9 -1 10 -1 -1 -1 -1 19 22 -1 -1 -1 -1 -1 -1 -1 -1 -1 -1 -1 -1 -1 -1 -1 -1 21 -1 20 -1 -1 -1 
-1 -1 -1 4 -1 5 6 25 -1 -1 -1 17 -1 -1 -1 -1 10 -1 -1 -1 -1 -1 -1 3 -1 -1 -1 11 -1 -1 -1 29 -1 -1 -1 -1 -1 -1 -1 -1 -1 -1 2 -1 15 -1 -1 30 -1 -1 -1 -1 -1 -1 -1 -1 -1 -1 -1 9 -1 -1 -1 -1 -1 -1 19 22 -1 -1 -1 -1 -1 -1 -1 -1 -1 -1 -1 -1 -1 -1 -1 -1 21 -1 20 -1 -1 -1 
-1 -1 -1 4 -1 5 6 25 -1 -1 -1 -1 -1 -1 -1 -1 10 -1 -1 -1 -1 -1 -1 3 -1 -1 -1 11 -1 -1 17 29 -1 -1 -1 -1 -1 -1 -1 -1 -1 -1 2 -1 15 -1 -1 30 -1 -1 -1 -1 -1 -1 -1 -1 -1 -1 -1 9 -1 -1 -1 -1 -1 -1 19 22 -1 -1 -1 -1 -1 -1 -1 -1 -1 -1 -1 -1 -1 -1 -1 -1 21 -1 20 -1 -1 -1 
-1 -1 -1 -1 4 5 6 25 -1 -1 -1 -1 -1 -1 -1 -1 10 -1 -1 -1 -1 -1 -1 3 -1 -1 -1 11 -1 -1 17 29 -1 -1 -1 -1 -1 -1 -1 -1 -1 -1 2 -1 15 -1 -1 30 -1 -1 -1 -1 -1 -1 -1 -1 -1 -1 -1 9 -1 -1 -1 -1 -1 -1 19 22 -1 -1 -1 -1 -1 -1 -1 -1 -1 -1 -1 -1 -1 -1 -1 -1 21 -1 20 -1 -1 -1 
-1 -1 -1 -1 4 5 6 25 -1 -1 -1 -1 -1 -1 -1 -1 10 -1 -1 -1 -1 -1 -1 3 -1 -1 -1 11 -1 -1 17 -1 29 -1 -1 -1 -1 -1 -1 -1 -1 -1 2 -1 15 -1 -1 30 -1 -1 -1 -1 -1 -1 -1 -1 -1 -1 -1 9 -1 -1 -1 -1 -1 -1 19 22 -1 -1 -1 -1 -1 -1 -1 -1 -1 -1 -1 -1 -1 -1 -1 -1 21 -1 20 -1 -1 -1 
-1 -1 -1 -1 4 5 6 25 -1 -1 -1 -1 -1 3 -1 -1 10 -1 -1 -1 -1 -1 -1 -1 -1 -1 -1 11 -1 -1 17 -1 29 -1 -1 -1 -1 -1 -1 -1 -1 -1 2 -1 15 -1 -1 30 -1 -1 -1 -1 -1 -1 -1 -1 -1 -1 -1 9 -1 -1 -1 -1 -1 -1 19 22 -1 -1 -1 -1 -1 -1 -1 -1 -1 -1 -1 -1 -1 -1 -1 -1 21 -1 20 -1 -1 -1 
-1 -1 -1 -1 4 5 6 25 -1 -1 -1 -1 -1 3 -1 -1 10 -1 -1 -1 -1 -1 -1 -1 -1 -1 -1 11 -1 -1 17 -1 29 -1 -1 -1 -1 -1 30 -1 -1 -1 2 -1 15 -1 -1 -1 -1 -1 -1 -1 -1 -1 -1 -1 -1 -1 -1 9 -1 -1 -1 -1 -1 -1 19 22 -1 -1 -1 -1 -1 -1 -1 -1 -1 -1 -1 -1 -1 -1 -1 -1 21 -1 20 -1 -1 -1 
-1 -1 -1 -1 4 5 6 25 -1 -1 -1 -1 -1 3 -1 -1 10 -1 -1 -1 -1 -1 -1 -1 -1 -1 -1 -1 -1 -1 17 -1 29 -1 -1 -1 11 -1 30 -1 -1 -1 2 -1 15 -1 -1 -1 -1 -1 -1 -1 -1 -1 -1 -1 -1 -1 -1 9 -1 -1 -1 -1 -1 -1 19 22 -1 -1 -1 -1 -1 -1 -1 -1 -1 -1 -1 -1 -1 -1 -1 -1 21 -1 20 -1 -1 -1 
-1 -1 -1 -1 4 5 6 25 -1 -1 -1 -1 -1 3 -1 -1 10 -1 -1 -1 -1 -1 -1 -1 -1 -1 -1 -1 -1 -1 17 -1 29 -1 -1 -1 11 -1 30 -1 -1 -1 2 -1 15 -1 -1 -1 -1 -1 -1 -1 -1 -1 -1 -1 -1 -1 -1 9 -1 -1 -1 -1 -1 -1 19 22 -1 -1 -1 -1 -1 -1 -1 -1 -1 -1 -1 -1 -1 -1 -1 -1 21 20 -1 -1 -1 -1 
-1 -1 -1 -1 4 5 6 25 -1 -1 -1 -1 -1 3 -1 -1 10 -1 -1 -1 -1 -1 -1 -1 -1 -1 -1 -1 -1 -1 17 -1 29 -1 -1 -1 11 -1 30 -1 -1 -1 2 -1 -1 -1 -1 -1 -1 -1 -1 -1 -1 15 -1 -1 -1 -1 -1 9 -1 -1 -1 -1 -1 -1 19 22 -1 -1 -1 -1 -1 -1 -1 -1 -1 -1 -1 -1 -1 -1 -1 -1 21 20 -1 -1 -1 -1 
-1 -1 -1 -1 4 5 6 25 -1 -1 -1 -1 -1 3 -1 -1 10 -1 -1 -1 -1 -1 -1 29 -1 -1 -1 -1 -1 -1 17 -1 -1 -1 -1 -1 11 -1 30 -1 -1 -1 2 -1 -1 -1 -1 -1 -1 -1 -1 -1 -1 15 -1 -1 -1 -1 -1 9 -1 -1 -1 -1 -1 -1 19 22 -1 -1 -1 -1 -1 -1 -1 -1 -1 -1 -1 -1 -1 -1 -1 -1 21 20 -1 -1 -1 -1 
-1 -1 -1 -1 4 5 6 25 -1 -1 -1 -1 -1 -1 -1 -1 10 -1 -1 -1 -1 -1 -1 3 -1 -1 -1 -1 -1 -1 17 -1 -1 -1 -1 -1 11 -1 30 -1 -1 -1 2 -1 -1 -1 -1 -1 -1 -1 -1 -1 -1 15 -1 -1 -1 -1 -1 9 -1 -1 -1 -1 -1 -1 19 22 -1 -1 -1 -1 -1 -1 -1 -1 -1 -1 -1 -1 -1 -1 -1 -1 21 20 -1 -1 -1 -1 
-1 -1 -1 -1 4 5 6 25 -1 -1 -1 -1 -1 -1 -1 -1 10 -1 -1 -1 -1 -1 -1 17 -1 -1 -1 -1 -1 -1 -1 -1 -1 -1 -1 -1 11 -1 30 -1 -1 -1 2 -1 -1 -1 -1 -1 -1 -1 -1 -1 -1 15 -1 -1 -1 -1 -1 9 -1 -1 -1 -1 -1 -1 19 22 -1 -1 -1 -1 -1 -1 -1 -1 -1 -1 -1 -1 -1 -1 -1 -1 21 20 -1 -1 -1 -1 
-1 -1 -1 -1 4 5 6 25 -1 -1 -1 -1 -1 -1 10 -1 -1 -1 -1 -1 -1 -1 -1 17 -1 -1 -1 -1 -1 -1 -1 -1 -1 -1 -1 -1 11 -1 30 -1 -1 -1 2 -1 -1 -1 -1 -1 -1 -1 -1 -1 -1 15 -1 -1 -1 -1 -1 9 -1 -1 -1 -1 -1 -1 19 22 -1 -1 -1 -1 -1 -1 -1 -1 -1 -1 -1 -1 -1 -1 -1 -1 21 20 -1 -1 -1 -1 
-1 -1 -1 -1 4 5 6 25 -1 -1 -1 -1 -1 -1 10 -1 -1 -1 -1 -1 -1 -1 -1 -1 -1 -1 -1 -1 -1 -1 -1 -1 -1 -1 -1 -1 11 -1 30 -1 -1 -1 17 -1 -1 -1 -1 -1 -1 -1 -1 -1 -1 15 -1 -1 -1 -1 -1 9 -1 -1 -1 -1 -1 -1 19 22 -1 -1 -1 -1 -1 -1 -1 -1 -1 -1 -1 -1 -1 -1 -1 -1 21 20 -1 -1 -1 -1 
-1 -1 -1 -1 4 5 6 25 -1 -1 -1 -1 -1 -1 10 -1 -1 -1 -1 -1 -1 -1 -1 -1 -1 -1 -1 -1 -1 -1 -1 -1 -1 -1 -1 -1 11 -1 30 -1 -1 -1 17 -1 -1 -1 -1 -1 -1 -1 -1 -1 -1 15 -1 -1 -1 -1 9 -1 -1 -1 -1 -1 -1 -1 19 22 -1 -1 -1 -1 -1 -1 -1 -1 -1 -1 -1 -1 -1 -1 -1 -1 21 20 -1 -1 -1 -1 
-1 -1 -1 -1 4 5 6 25 -1 -1 -1 -1 -1 -1 10 -1 -1 -1 -1 -1 -1 -1 -1 -1 -1 -1 -1 -1 -1 -1 -1 -1 -1 -1 -1 -1 11 -1 30 -1 -1 -1 17 -1 -1 -1 -1 -1 -1 -1 -1 -1 -1 15 -1 -1 -1 -1 19 -1 -1 -1 -1 -1 -1 -1 -1 22 -1 -1 -1 -1 -1 -1 -1 -1 -1 -1 -1 -1 -1 -1 -1 -1 21 20 -1 -1 -1 -1 
-1 -1 -1 -1 4 5 6 25 -1 -1 -1 -1 -1 -1 10 -1 -1 -1 -1 -1 -1 -1 -1 -1 -1 -1 -1 -1 -1 -1 -1 -1 -1 -1 -1 -1 -1 -1 30 -1 -1 -1 17 -1 -1 11 -1 -1 -1 -1 -1 -1 -1 15 -1 -1 -1 -1 19 -1 -1 -1 -1 -1 -1 -1 -1 22 -1 -1 -1 -1 -1 -1 -1 -1 -1 -1 -1 -1 -1 -1 -1 -1 21 20 -1 -1 -1 -1 
-1 -1 -1 -1 4 5 6 25 -1 -1 -1 -1 -1 -1 10 -1 -1 -1 -1 -1 -1 -1 -1 -1 -1 -1 -1 -1 -1 30 -1 -1 -1 -1 -1 -1 -1 -1 -1 -1 -1 -1 17 -1 -1 11 -1 -1 -1 -1 -1 -1 -1 15 -1 -1 -1 -1 19 -1 -1 -1 -1 -1 -1 -1 -1 22 -1 -1 -1 -1 -1 -1 -1 -1 -1 -1 -1 -1 -1 -1 -1 -1 21 20 -1 -1 -1 -1 
-1 -1 -1 -1 4 5 6 25 -1 -1 -1 -1 -1 -1 10 -1 -1 -1 -1 -1 -1 -1 -1 -1 -1 -1 -1 -1 -1 30 -1 -1 -1 -1 -1 -1 -1 -1 -1 -1 -1 -1 17 -1 -1 -1 -1 -1 -1 -1 -1 -1 -1 15 11 -1 -1 -1 19 -1 -1 -1 -1 -1 -1 -1 -1 22 -1 -1 -1 -1 -1 -1 -1 -1 -1 -1 -1 -1 -1 -1 -1 -1 21 20 -1 -1 -1 -1 
-1 -1 -1 -1 4 5 6 25 -1 -1 -1 -1 -1 -1 10 -1 -1 -1 -1 -1 -1 -1 -1 -1 -1 -1 -1 -1 -1 -1 30 -1 -1 -1 -1 -1 -1 -1 -1 -1 -1 -1 17 -1 -1 -1 -1 -1 -1 -1 -1 -1 -1 15 11 -1 -1 -1 19 -1 -1 -1 -1 -1 -1 -1 -1 22 -1 -1 -1 -1 -1 -1 -1 -1 -1 -1 -1 -1 -1 -1 -1 -1 21 20 -1 -1 -1 -1 
-1 -1 -1 -1 4 5 6 25 -1 -1 -1 -1 -1 -1 10 -1 -1 -1 -1 -1 -1 -1 -1 -1 -1 -1 -1 -1 -1 -1 30 -1 -1 -1 -1 -1 -1 -1 -1 -1 -1 -1 17 -1 -1 -1 -1 -1 -1 -1 -1 -1 -1 15 -1 11 -1 -1 19 -1 -1 -1 -1 -1 -1 -1 -1 22 -1 -1 -1 -1 -1 -1 -1 -1 -1 -1 -1 -1 -1 -1 -1 -1 21 20 -1 -1 -1 -1 
-1 -1 -1 -1 4 5 6 25 -1 -1 -1 -1 -1 -1 10 -1 -1 -1 -1 -1 -1 30 -1 -1 -1 -1 -1 -1 -1 -1 -1 -1 -1 -1 -1 -1 -1 -1 -1 -1 -1 -1 17 -1 -1 -1 -1 -1 -1 -1 -1 -1 -1 15 -1 11 -1 -1 19 -1 -1 -1 -1 -1 -1 -1 -1 22 -1 -1 -1 -1 -1 -1 -1 -1 -1 -1 -1 -1 -1 -1 -1 -1 21 20 -1 -1 -1 -1 
-1 -1 -1 -1 -1 5 6 25 -1 -1 -1 -1 -1 4 10 -1 -1 -1 -1 -1 -1 30 -1 -1 -1 -1 -1 -1 -1 -1 -1 -1 -1 -1 -1 -1 -1 -1 -1 -1 -1 -1 17 -1 -1 -1 -1 -1 -1 -1 -1 -1 -1 15 -1 11 -1 -1 19 -1 -1 -1 -1 -1 -1 -1 -1 22 -1 -1 -1 -1 -1 -1 -1 -1 -1 -1 -1 -1 -1 -1 -1 -1 21 20 -1 -1 -1 -1 
-1 -1 -1 -1 -1 5 6 25 -1 -1 -1 -1 -1 4 10 -1 -1 -1 -1 -1 -1 30 -1 -1 -1 17 -1 -1 -1 -1 -1 -1 -1 -1 -1 -1 -1 -1 -1 -1 -1 -1 -1 -1 -1 -1 -1 -1 -1 -1 -1 -1 -1 15 -1 11 -1 -1 19 -1 -1 -1 -1 -1 -1 -1 -1 22 -1 -1 -1 -1 -1 -1 -1 -1 -1 -1 -1 -1 -1 -1 -1 -1 21 20 -1 -1 -1 -1 
-1 -1 -1 -1 -1 5 6 25 -1 -1 -1 -1 -1 4 10 -1 -1 -1 -1 -1 -1 30 -1 -1 -1 17 -1 -1 -1 -1 -1 -1 -1 -1 -1 -1 -1 -1 -1 -1 -1 -1 -1 -1 -1 -1 -1 -1 -1 -1 -1 -1 -1 15 -1 11 -1 -1 -1 -1 9 -1 -1 -1 -1 -1 -1 22 -1 -1 -1 -1 -1 -1 -1 -1 -1 -1 -1 -1 -1 -1 -1 -1 21 20 -1 -1 -1 -1 
-1 -1 -1 -1 -1 5 6 25 -1 -1 -1 -1 -1 4 10 -1 -1 -1 -1 -1 -1 -1 30 -1 -1 17 -1 -1 -1 -1 -1 -1 -1 -1 -1 -1 -1 -1 -1 -1 -1 -1 -1 -1 -1 -1 -1 -1 -1 -1 -1 -1 -1 15 -1 11 -1 -1 -1 -1 9 -1 -1 -1 -1 -1 -1 22 -1 -1 -1 -1 -1 -1 -1 -1 -1 -1 -1 -1 -1 -1 -1 -1 21 20 -1 -1 -1 -1 
-1 -1 -1 -1 -1 5 6 25 -1 -1 -1 -1 -1 -1 10 -1 -1 -1 -1 -1 -1 -1 4 -1 -1 17 -1 -1 -1 -1 -1 -1 -1 -1 -1 -1 -1 -1 -1 -1 -1 -1 -1 -1 -1 -1 -1 -1 -1 -1 -1 -1 -1 15 -1 11 -1 -1 -1 -1 9 -1 -1 -1 -1 -1 -1 22 -1 -1 -1 -1 -1 -1 -1 -1 -1 -1 -1 -1 -1 -1 -1 -1 21 20 -1 -1 -1 -1 
-1 -1 -1 -1 -1 5 6 25 -1 -1 -1 -1 -1 -1 17 -1 -1 -1 -1 -1 -1 -1 4 -1 -1 -1 -1 -1 -1 -1 -1 -1 -1 -1 -1 -1 -1 -1 -1 -1 -1 -1 -1 -1 -1 -1 -1 -1 -1 -1 -1 -1 -1 15 -1 11 -1 -1 -1 -1 9 -1 -1 -1 -1 -1 -1 22 -1 -1 -1 -1 -1 -1 -1 -1 -1 -1 -1 -1 -1 -1 -1 -1 21 20 -1 -1 -1 -1 
-1 -1 -1 -1 -1 5 6 25 -1 -1 -1 -1 -1 -1 17 9 -1 -1 -1 -1 -1 -1 4 -1 -1 -1 -1 -1 -1 -1 -1 -1 -1 -1 -1 -1 -1 -1 -1 -1 -1 -1 -1 -1 -1 -1 -1 -1 -1 -1 -1 -1 -1 15 -1 11 -1 -1 -1 -1 -1 -1 -1 -1 -1 -1 -1 22 -1 -1 -1 -1 -1 -1 -1 -1 -1 -1 -1 -1 -1 -1 -1 -1 21 20 -1 -1 -1 -1 
-1 -1 -1 -1 -1 5 6 25 -1 -1 -1 -1 -1 -1 -1 9 -1 -1 -1 -1 -1 -1 4 -1 -1 -1 -1 -1 -1 -1 -1 -1 -1 17 -1 -1 -1 -1 -1 -1 -1 -1 -1 -1 -1 -1 -1 -1 -1 -1 -1 -1 -1 15 -1 11 -1 -1 -1 -1 -1 -1 -1 -1 -1 -1 -1 22 -1 -1 -1 -1 -1 -1 -1 -1 -1 -1 -1 -1 -1 -1 -1 -1 21 20 -1 -1 -1 -1 
-1 -1 -1 -1 -1 5 6 25 -1 -1 -1 -1 -1 4 -1 9 -1 -1 -1 -1 -1 -1 -1 -1 -1 -1 -1 -1 -1 -1 -1 -1 -1 17 -1 -1 -1 -1 -1 -1 -1 -1 -1 -1 -1 -1 -1 -1 -1 -1 -1 -1 -1 15 -1 11 -1 -1 -1 -1 -1 -1 -1 -1 -1 -1 -1 22 -1 -1 -1 -1 -1 -1 -1 -1 -1 -1 -1 -1 -1 -1 -1 -1 21 20 -1 -1 -1 -1 
-1 -1 -1 -1 -1 5 6 25 -1 -1 -1 -1 -1 4 -1 9 -1 -1 -1 -1 -1 -1 -1 -1 -1 -1 -1 -1 -1 -1 -1 -1 -1 -1 -1 -1 -1 -1 -1 -1 -1 -1 -1 -1 -1 -1 -1 -1 -1 -1 17 -1 -1 15 -1 11 -1 -1 -1 -1 -1 -1 -1 -1 -1 -1 -1 22 -1 -1 -1 -1 -1 -1 -1 -1 -1 -1 -1 -1 -1 -1 -1 -1 21 20 -1 -1 -1 -1 
-1 -1 -1 -1 -1 5 6 25 -1 -1 -1 -1 -1 4 -1 -1 9 -1 -1 -1 -1 -1 -1 -1 -1 -1 -1 -1 -1 -1 -1 -1 -1 -1 -1 -1 -1 -1 -1 -1 -1 -1 -1 -1 -1 -1 -1 -1 -1 -1 17 -1 -1 15 -1 11 -1 -1 -1 -1 -1 -1 -1 -1 -1 -1 -1 22 -1 -1 -1 -1 -1 -1 -1 -1 -1 -1 -1 -1 -1 -1 -1 -1 21 20 -1 -1 -1 -1 
-1 -1 -1 -1 -1 5 6 25 -1 -1 -1 -1 -1 4 -1 -1 9 -1 -1 -1 -1 -1 -1 -1 -1 -1 -1 -1 -1 -1 -1 -1 -1 -1 -1 -1 -1 -1 -1 -1 -1 -1 -1 17 -1 -1 -1 -1 -1 -1 -1 -1 -1 15 -1 11 -1 -1 -1 -1 -1 -1 -1 -1 -1 -1 -1 22 -1 -1 -1 -1 -1 -1 -1 -1 -1 -1 -1 -1 -1 -1 -1 -1 21 20 -1 -1 -1 -1 
-1 -1 -1 -1 -1 5 6 25 -1 -1 -1 -1 -1 4 -1 -1 9 -1 -1 -1 -1 -1 -1 -1 -1 -1 -1 -1 -1 -1 -1 -1 -1 -1 -1 -1 -1 -1 -1 -1 -1 -1 -1 17 -1 -1 -1 -1 -1 -1 -1 -1 -1 -1 -1 11 -1 -1 -1 -1 -1 -1 15 -1 -1 -1 -1 22 -1 -1 -1 -1 -1 -1 -1 -1 -1 -1 -1 -1 -1 -1 -1 -1 21 20 -1 -1 -1 -1 
-1 -1 -1 -1 -1 25 6 -1 -1 -1 -1 -1 -1 4 -1 -1 9 -1 -1 -1 -1 -1 -1 -1 -1 -1 -1 -1 -1 -1 -1 -1 -1 -1 -1 -1 -1 -1 -1 -1 -1 -1 -1 17 -1 -1 -1 -1 -1 -1 -1 -1 -1 -1 -1 11 -1 -1 -1 -1 -1 -1 15 -1 -1 -1 -1 22 -1 -1 -1 -1 -1 -1 -1 -1 -1 -1 -1 -1 -1 -1 -1 -1 21 20 -1 -1 -1 -1 
