0 1 2 3 4 5 6 7 8 -1 -1 -1 -1 -1 -1 -1 -1 -1 -1 9 -1 -1 -1 -1 -1 10 -1 11 -1 12 -1 28 -1 14 -1 15 -1 -1 -1 -1 -1 -1 -1 -1 -1 -1 -1 -1 -1 -1 -1 -1 -1 -1 -1 -1 -1 -1 29 -1 -1 -1 27 -1 26 -1 -1 25 -1 -1 -1 -1 -1 -1 -1 -1 -1 -1 -1 -1 -1 24 23 22 21 20 19 18 17 16 
0 1 2 3 4 5 6 7 8 -1 -1 -1 -1 -1 -1 -1 -1 -1 -1 9 -1 -1 10 -1 -1 -1 -1 11 -1 12 -1 28 -1 14 -1 15 -1 -1 -1 -1 -1 -1 -1 -1 -1 -1 -1 -1 -1 -1 -1 -1 -1 -1 -1 -1 -1 -1 29 -1 -1 -1 27 -1 26 -1 -1 25 -1 -1 -1 -1 -1 -1 -1 -1 -1 -1 -1 -1 -1 24 23 22 21 20 19 18 17 16 
0 1 2 3 4 5 6 7 8 -1 -1 -1 -1 -1 -1 -1 -1 -1 -1 9 -1 -1 10 -1 -1 -1 -1 11 -1 12 -1 28 -1 14 -1 15 -1 -1 -1 -1 -1 -1 -1 -1 -1 -1 -1 -1 -1 -1 -1 -1 -1 -1 -1 -1 -1 -1 29 -1 -1 -1 27 -1 26 -1 -1 25 -1 17 -1 -1 -1 -1 -1 -1 -1 -1 -1 -1 -1 24 23 22 21 20 19 18 -1 16 
0 1 2 3 4 5 6 -1 8 -1 -1 -1 -1 -1 -1 -1 -1 -1 -1 9 -1 -1 10 -1 7 -1 -1 11 -1 12 -1 28 -1 14 -1 15 -1 -1 -1 -1 -1 -1 -1 -1 -1 -1 -1 -1 -1 -1 -1 -1 -1 -1 -1 -1 -1 -1 29 -1 -1 -1 27 -1 26 -1 -1 25 -1 17 -1 -1 -1 -1 -1 -1 -1 -1 -1 -1 -1 24 23 22 21 20 19 18 -1 16 
0 1 2 3 4 5 6 -1 8 -1 -1 -1 -1 -1 -1 -1 -1 -1 -1 9 -1 -1 10 -1 7 -1 -1 11 -1 12 -1 28 -1 14 -1 15 -1 -1 -1 -1 -1 -1 -1 -1 -1 -1 -1 -1 -1 -1 -1 -1 -1 -1 -1 -1 -1 -1 29 -1 -1 -1 27 -1 26 -1 -1 25 -1 17 -1 -1 -1 -1 -1 -1 -1 -1 -1 -1 -1 24 23 22 21 20 19 18 16 -1 
0 1 2 3 4 5 6 -1 -1 -1 -1 -1 -1 -1 -1 -1 -1 8 -1 9 -1 -1 10 -1 7 -1 -1 11 -1 12 -1 28 -1 14 -1 15 -1 -1 -1 -1 -1 -1 -1 -1 -1 -1 -1 -1 -1 -1 -1 -1 -1 -1 -1 -1 -1 -1 29 -1 -1 -1 27 -1 26 -1 -1 25 -1 17 -1 -1 -1 -1 -1 -1 -1 -1 -1 -1 -1 24 23 22 21 20 19 18 16 -1 
0 1 2 3 4 5 6 -1 -1 -1 -1 -1 -1 -1 -1 -1 -1 8 -1 9 -1 -1 10 -1 7 -1 -1 11 -1 12 -1 28 -1 14 -1 15 -1 -1 -1 -1 -1 -1 -1 -1 -1 -1 -1 -1 -1 -1 -1 -1 -1 -1 -1 -1 -1 -1 29 -1 -1 -1 27 -1 -1 -1 26 25 -1 17 -1 -1 -1 -1 -1 -1 -1 -1 -1 -1 -1 24 23 22 21 20 19 18 16 -1 
0 -1 2 3 4 5 6 -1 -1 -1 -1 -1 -1 -1 -1 -1 -1 8 -1 9 1 -1 10 -1 7 -1 -1 11 -1 12 -1 28 -1 14 -1 15 -1 -1 -1 -1 -1 -1 -1 -1 -1 -1 -1 -1 -1 -1 -1 -1 -1 -1 -1 -1 -1 -1 29 -1 -1 -1 27 -1 -1 -1 26 25 -1 17 -1 -1 -1 -1 -1 -1 -1 -1 -1 -1 -1 24 23 22 21 20 19 18 16 -1 
0 -1 2 3 4 5 6 -1 -1 -1 -1 -1 -1 -1 -1 -1 -1 8 -1 9 1 -1 10 -1 7 -1 -1 11 -1 12 -1 28 -1 14 -1 15 -1 -1 -1 -1 -1 -1 -1 -1 -1 -1 -1 -1 -1 -1 -1 -1 -1 -1 -1 -1 -1 -1 29 -1 -1 -1 27 -1 -1 23 26 25 -1 17 -1 -1 -1 -1 -1 -1 -1 -1 -1 -1 -1 24 -1 22 21 20 19 18 16 -1 
-1 0 2 3 4 5 6 -1 -1 -1 -1 -1 -1 -1 -1 -1 -1 8 -1 9 1 -1 10 -1 7 -1 -1 11 -1 12 -1 28 -1 14 -1 15 -1 -1 -1 -1 -1 -1 -1 -1 -1 -1 -1 -1 -1 -1 -1 -1 -1 -1 -1 -1 -1 -1 29 -1 -1 -1 27 -1 -1 23 26 25 -1 17 -1 -1 -1 -1 -1 -1 -1 -1 -1 -1 -1 24 -1 22 21 20 19 18 16 -1 
-1 0 2 3 4 5 6 -1 -1 -1 -1 -1 -1 -1 -1 -1 -1 8 -1 9 1 -1 10 -1 7 -1 -1 11 -1 12 -1 28 -1 14 -1 15 -1 -1 -1 -1 -1 -1 -1 -1 -1 -1 -1 -1 -1 -1 -1 -1 -1 -1 -1 -1 -1 -1 29 -1 -1 -1 27 -1 -1 23 26 25 -1 17 -1 -1 -1 -1 -1 -1 -1 -1 -1 -1 -1 -1 24 22 21 20 19 18 16 -1 
-1 0 2 3 4 5 6 -1 -1 -1 -1 -1 -1 -1 -1 -1 -1 8 -1 -1 1 -1 10 -1 7 -1 -1 11 -1 12 -1 28 -1 14 -1 15 -1 -1 -1 -1 -1 -1 -1 -1 -1 -1 -1 -1 -1 -1 -1 -1 -1 -1 -1 9 -1 -1 29 -1 -1 -1 27 -1 -1 23 26 25 -1 17 -1 -1 -1 -1 -1 -1 -1 -1 -1 -1 -1 -1 24 22 21 20 19 18 16 -1 
-1 0 2 3 4 5 6 -1 -1 -1 -1 -1 -1 -1 -1 -1 -1 8 -1 -1 1 26 10 -1 7 -1 -1 11 -1 12 -1 28 -1 14 -1 15 -1 -1 -1 -1 -1 -1 -1 -1 -1 -1 -1 -1 -1 -1 -1 -1 -1 -1 -1 9 -1 -1 29 -1 -1 -1 27 -1 -1 23 -1 25 -1 17 -1 -1 -1 -1 -1 -1 -1 -1 -1 -1 -1 -1 24 22 21 20 19 18 16 -1 
-1 0 2 3 4 5 6 -1 -1 -1 -1 -1 -1 -1 -1 8 -1 -1 -1 -1 1 26 10 -1 7 -1 -1 11 -1 12 -1 28 -1 14 -1 15 -1 -1 -1 -1 -1 -1 -1 -1 -1 -1 -1 -1 -1 -1 -1 -1 -1 -1 -1 9 -1 -1 29 -1 -1 -1 27 -1 -1 23 -1 25 -1 17 -1 -1 -1 -1 -1 -1 -1 -1 -1 -1 -1 -1 24 22 21 20 19 18 16 -1 
-1 0 2 3 4 5 6 -1 -1 -1 -1 -1 -1 -1 -1 8 -1 -1 -1 -1 1 26 10 -1 7 -1 -1 11 -1 12 -1 28 -1 14 -1 15 -1 -1 -1 -1 -1 -1 -1 16 -1 -1 -1 -1 -1 -1 -1 -1 -1 -1 -1 9 -1 -1 29 -1 -1 -1 27 -1 -1 23 -1 25 -1 17 -1 -1 -1 -1 -1 -1 -1 -1 -1 -1 -1 -1 24 22 21 20 19 18 -1 -1 
-1 0 2 3 4 5 6 -1 -1 -1 -1 -1 -1 -1 -1 8 -1 -1 -1 -1 1 26 10 -1 7 -1 -1 11 -1 12 -1 28 -1 14 -1 15 -1 -1 -1 -1 -1 -1 -1 16 -1 -1 -1 -1 -1 -1 -1 -1 -1 -1 -1 -1 -1 -1 9 -1 -1 -1 27 -1 -1 23 -1 25 -1 17 -1 -1 -1 -1 -1 -1 -1 -1 -1 -1 -1 -1 24 22 21 20 19 18 -1 -1 
-1 0 2 3 4 5 6 -1 -1 -1 -1 -1 -1 -1 -1 8 -1 -1 -1 -1 1 26 10 -1 7 -1 -1 11 -1 12 -1 28 -1 14 -1 15 -1 -1 -1 -1 -1 -1 -1 16 -1 -1 -1 -1 -1 -1 -1 -1 -1 -1 -1 -1 -1 -1 17 -1 -1 -1 27 -1 -1 23 -1 25 -1 -1 -1 -1 -1 -1 -1 -1 -1 -1 -1 -1 -1 -1 24 22 21 20 19 18 -1 -1 
-1 -1 2 3 4 5 6 -1 -1 -1 -1 -1 -1 -1 -1 8 -1 -1 -1 -1 1 26 10 -1 7 -1 -1 11 -1 12 -1 28 -1 14 -1 15 -1 -1 -1 -1 -1 -1 -1 16 -1 -1 -1 -1 -1 -1 -1 -1 -1 -1 -1 -1 -1 -1 17 -1 -1 -1 27 -1 -1 23 -1 25 -1 -1 -1 -1 -1 -1 -1 -1 -1 -1 -1 -1 -1 -1 0 22 21 20 19 18 -1 -1 
-1 -1 2 3 4 5 6 -1 -1 -1 -1 -1 -1 -1 -1 8 -1 -1 -1 -1 1 26 10 -1 7 -1 -1 11 -1 12 -1 28 -1 14 -1 15 -1 -1 -1 -1 -1 -1 -1 16 -1 -1 -1 -1 -1 -1 -1 -1 -1 -1 -1 -1 -1 -1 17 -1 -1 -1 27 -1 -1 -1 -1 25 -1 -1 -1 -1 -1 -1 -1 -1 -1 -1 -1 -1 -1 -1 23 22 21 20 19 18 -1 -1 
-1 -1 2 3 4 5 6 -1 -1 -1 -1 -1 -1 -1 -1 8 -1 -1 -1 -1 1 26 10 -1 7 -1 -1 11 -1 12 -1 28 -1 14 -1 15 -1 -1 -1 -1 -1 -1 -1 16 -1 -1 -1 -1 -1 -1 -1 -1 -1 -1 -1 -1 -1 -1 -1 -1 -1 -1 27 -1 -1 -1 -1 25 -1 -1 -1 -1 -1 -1 -1 -1 -1 -1 -1 -1 -1 -1 23 22 21 20 19 18 -1 -1 
-1 -1 2 3 4 5 6 -1 -1 -1 -1 -1 -1 -1 -1 8 -1 -1 -1 -1 1 26 10 -1 7 -1 -1 11 -1 12 -1 28 -1 14 -1 15 -1 -1 -1 -1 -1 -1 -1 16 -1 -1 -1 -1 -1 -1 -1 -1 -1 -1 -1 -1 -1 -1 -1 -1 -1 -1 27 -1 -1 -1 -1 25 -1 -1 -1 -1 -1 -1 -1 -1 19 -1 -1 -1 -1 -1 23 22 21 20 -1 18 -1 -1 
-1 -1 2 3 4 5 6 -1 -1 -1 -1 -1 8 -1 -1 -1 -1 -1 -1 -1 1 26 10 -1 7 -1 -1 11 -1 12 -1 28 -1 14 -1 15 -1 -1 -1 -1 -1 -1 -1 16 -1 -1 -1 -1 -1 -1 -1 -1 -1 -1 -1 -1 -1 -1 -1 -1 -1 -1 27 -1 -1 -1 -1 25 -1 -1 -1 -1 -1 -1 -1 -1 19 -1 -1 -1 -1 -1 23 22 21 20 -1 18 -1 -1 
-1 -1 2 3 4 5 6 -1 -1 -1 -1 -1 8 -1 -1 -1 -1 -1 -1 -1 1 26 10 -1 7 -1 -1 11 -1 12 -1 28 -1 14 -1 15 -1 -1 -1 -1 -1 -1 -1 16 -1 -1 -1 -1 -1 -1 -1 -1 -1 -1 -1 -1 -1 -1 -1 -1 -1 -1 27 -1 -1 23 -1 25 -1 -1 -1 -1 -1 -1 -1 -1 19 -1 -1 -1 -1 -1 -1 22 21 20 -1 18 -1 -1 
-1 -1 2 3 4 5 6 -1 -1 -1 -1 -1 8 -1 -1 -1 -1 -1 -1 -1 1 26 10 -1 7 -1 -1 11 -1 12 -1 28 -1 14 -1 15 -1 -1 -1 -1 -1 -1 -1 16 -1 -1 -1 -1 -1 -1 -1 -1 -1 -1 -1 -1 -1 -1 -1 -1 -1 -1 27 -1 -1 23 -1 25 -1 -1 -1 -1 -1 -1 -1 -1 19 -1 -1 -1 -1 -1 -1 22 21 9 -1 18 -1 -1 
-1 -1 2 3 4 5 6 -1 -1 -1 -1 -1 8 -1 -1 -1 -1 -1 -1 -1 1 26 10 -1 7 -1 -1 11 -1 12 -1 28 -1 14 -1 15 -1 -1 -1 -1 -1 -1 -1 -1 -1 -1 -1 -1 -1 -1 -1 -1 16 -1 -1 -1 -1 -1 -1 -1 -1 -1 27 -1 -1 23 -1 25 -1 -1 -1 -1 -1 -1 -1 -1 19 -1 -1 -1 -1 -1 -1 22 21 9 -1 18 -1 -1 
-1 -1 2 3 4 5 6 -1 -1 -1 -1 -1 8 -1 -1 -1 -1 -1 -1 -1 1 26 10 -1 7 -1 -1 11 -1 12 -1 28 -1 14 -1 15 -1 -1 -1 -1 -1 -1 -1 -1 -1 -1 -1 -1 -1 -1 -1 -1 16 -1 -1 -1 -1 -1 -1 -1 -1 -1 27 -1 -1 23 -1 25 -1 -1 -1 -1 -1 -1 -1 -1 9 -1 -1 -1 -1 -1 -1 22 21 -1 -1 18 -1 -1 
-1 -1 2 3 4 5 6 -1 -1 -1 -1 -1 8 -1 -1 -1 -1 -1 -1 -1 1 -1 10 -1 7 -1 -1 11 -1 12 -1 28 -1 14 -1 15 -1 -1 -1 -1 -1 -1 -1 -1 -1 -1 -1 -1 26 -1 -1 -1 16 -1 -1 -1 -1 -1 -1 -1 -1 -1 27 -1 -1 23 -1 25 -1 -1 -1 -1 -1 -1 -1 -1 9 -1 -1 -1 -1 -1 -1 22 21 -1 -1 18 -1 -1 
-1 -1 2 3 4 5 6 -1 -1 -1 -1 -1 8 -1 -1 -1 -1 -1 -1 -1 1 -1 10 -1 7 -1 -1 11 -1 12 -1 28 -1 -1 -1 15 -1 -1 -1 -1 -1 -1 14 -1 -1 -1 -1 -1 26 -1 -1 -1 16 -1 -1 -1 -1 -1 -1 -1 -1 -1 27 -1 -1 23 -1 25 -1 -1 -1 -1 -1 -1 -1 -1 9 -1 -1 -1 -1 -1 -1 22 21 -1 -1 18 -1 -1 
-1 -1 2 3 4 5 6 -1 -1 -1 -1 -1 8 -1 -1 -1 -1 -1 -1 -1 1 -1 10 -1 7 -1 -1 11 -1 12 -1 28 -1 -1 -1 15 -1 -1 -1 -1 -1 -1 14 -1 -1 -1 -1 30 26 -1 -1 -1 16 -1 -1 -1 -1 -1 -1 -1 -1 -1 27 -1 -1 23 -1 25 -1 -1 -1 -1 -1 -1 -1 -1 9 -1 -1 -1 -1 -1 -1 22 21 -1 -1 18 -1 -1 
-1 -1 2 3 4 5 -1 -1 -1 -1 -1 -1 8 -1 -1 -1 -1 -1 -1 -1 1 -1 6 -1 7 -1 -1 11 -1 12 -1 28 -1 -1 -1 15 -1 -1 -1 -1 -1 -1 14 -1 -1 -1 -1 30 26 -1 -1 -1 16 -1 -1 -1 -1 -1 -1 -1 -1 -1 27 -1 -1 23 -1 25 -1 -1 -1 -1 -1 -1 -1 -1 9 -1 -1 -1 -1 -1 -1 22 21 -1 -1 18 -1 -1 
-1 -1 2 3 4 5 -1 -1 -1 -1 -1 -1 8 -1 -1 -1 -1 -1 -1 -1 1 -1 6 -1 7 -1 -1 11 -1 12 -1 28 -1 -1 -1 15 -1 -1 -1 -1 -1 -1 14 -1 -1 -1 -1 30 26 -1 -1 -1 16 -1 -1 -1 -1 -1 25 -1 -1 -1 27 -1 -1 23 -1 -1 -1 -1 -1 -1 -1 -1 -1 -1 9 -1 -1 -1 -1 -1 -1 22 21 -1 -1 18 -1 -1 
-1 -1 2 -1 4 5 -1 -1 -1 -1 -1 -1 8 3 -1 -1 -1 -1 -1 -1 1 -1 6 -1 7 -1 -1 11 -1 12 -1 28 -1 -1 -1 15 -1 -1 -1 -1 -1 -1 14 -1 -1 -1 -1 30 26 -1 -1 -1 16 -1 -1 -1 -1 -1 25 -1 -1 -1 27 -1 -1 23 -1 -1 -1 -1 -1 -1 -1 -1 -1 -1 9 -1 -1 -1 -1 -1 -1 22 21 -1 -1 18 -1 -1 
-1 -1 2 -1 4 5 -1 -1 -1 -1 -1 -1 8 3 -1 -1 -1 -1 -1 -1 1 -1 6 -1 7 -1 -1 11 -1 12 -1 28 -1 -1 -1 15 -1 -1 -1 -1 -1 -1 14 -1 -1 -1 -1 30 26 -1 -1 -1 16 -1 -1 -1 -1 -1 25 -1 -1 -1 27 -1 -1 23 -1 18 -1 -1 -1 -1 -1 -1 -1 -1 9 -1 -1 -1 -1 -1 -1 22 21 -1 -1 -1 -1 -1 
-1 -1 2 -1 4 5 -1 -1 -1 -1 -1 -1 -1 3 -1 -1 -1 -1 -1 -1 1 -1 6 -1 7 -1 -1 11 -1 12 -1 28 -1 -1 -1 15 -1 -1 -1 8 -1 -1 14 -1 -1 -1 -1 30 26 -1 -1 -1 16 -1 -1 -1 -1 -1 25 -1 -1 -1 27 -1 -1 23 -1 18 -1 -1 -1 -1 -1 -1 -1 -1 9 -1 -1 -1 -1 -1 -1 22 21 -1 -1 -1 -1 -1 
-1 -1 2 -1 4 5 -1 -1 -1 -1 -1 -1 -1 3 -1 -1 -1 -1 -1 -1 1 -1 6 -1 7 -1 -1 11 -1 12 -1 28 -1 -1 -1 15 -1 -1 -1 8 -1 -1 14 -1 -1 -1 -1 30 26 -1 -1 -1 16 -1 -1 -1 -1 -1 -1 25 -1 -1 27 -1 -1 23 -1 18 -1 -1 -1 -1 -1 -1 -1 -1 9 -1 -1 -1 -1 -1 -1 22 21 -1 -1 -1 -1 -1 
-1 -1 2 -1 4 5 -1 -1 -1 -1 -1 -1 -1 3 -1 -1 -1 -1 -1 -1 1 -1 6 -1 7 -1 -1 11 -1 12 -1 28 -1 -1 -1 15 -1 8 -1 -1 -1 -1 14 -1 -1 -1 -1 30 26 -1 -1 -1 16 -1 -1 -1 -1 -1 -1 25 -1 -1 27 -1 -1 23 -1 18 -1 -1 -1 -1 -1 -1 -1 -1 9 -1 -1 -1 -1 -1 -1 22 21 -1 -1 -1 -1 -1 
-1 -1 2 -1 4 5 -1 -1 -1 -1 -1 -1 -1 3 -1 -1 -1 -1 -1 -1 1 -1 6 -1 7 -1 -1 11 -1 12 -1 28 -1 -1 -1 15 -1 8 -1 -1 -1 -1 14 -1 -1 -1 -1 30 26 -1 -1 -1 16 -1 -1 -1 -1 -1 23 25 -1 -1 27 -1 -1 -1 -1 18 -1 -1 -1 -1 -1 -1 -1 -1 9 -1 -1 -1 -1 -1 -1 22 21 -1 -1 -1 -1 -1 
-1 -1 2 -1 4 5 -1 -1 -1 -1 -1 -1 -1 3 -1 -1 -1 -1 -1 -1 1 -1 6 -1 7 -1 -1 11 -1 12 -1 28 -1 -1 -1 15 -1 8 -1 -1 -1 -1 14 -1 -1 -1 -1 30 26 -1 -1 -1 16 -1 -1 -1 -1 -1 23 25 -1 -1 27 -1 -1 -1 -1 18 -1 -1 -1 -1 -1 -1 -1 9 -1 -1 -1 -1 -1 -1 -1 22 21 -1 -1 -1 -1 -1 
-1 -1 2 -1 4 5 -1 -1 -1 -1 -1 -1 -1 3 -1 -1 -1 -1 -1 -1 1 -1 6 -1 7 -1 -1 11 -1 12 -1 28 -1 -1 -1 15 -1 8 -1 17 -1 -1 14 -1 -1 -1 -1 30 26 -1 -1 -1 16 -1 -1 -1 -1 -1 -1 25 -1 -1 27 -1 -1 -1 -1 18 -1 -1 -1 -1 -1 -1 -1 9 -1 -1 -1 -1 -1 -1 -1 22 21 -1 -1 -1 -1 -1 
-1 -1 2 -1 4 5 -1 -1 -1 -1 -1 -1 -1 3 -1 -1 -1 -1 -1 -1 1 -1 6 -1 7 -1 -1 11 -1 12 -1 28 -1 -1 -1 15 -1 8 -1 17 -1 -1 14 -1 -1 -1 -1 30 26 -1 -1 -1 16 -1 -1 -1 -1 -1 -1 25 -1 -1 27 -1 -1 -1 -1 18 -1 -1 -1 -1 -1 -1 -1 9 -1 -1 -1 -1 -1 -1 -1 22 0 -1 -1 -1 -1 -1 
-1 -1 2 -1 4 5 -1 -1 -1 -1 -1 -1 -1 3 -1 -1 -1 -1 -1 -1 1 -1 6 -1 7 -1 -1 11 -1 12 -1 28 -1 -1 -1 15 -1 8 -1 17 -1 -1 14 -1 -1 -1 -1 30 26 -1 -1 -1 16 -1 -1 -1 -1 25 -1 -1 -1 -1 27 -1 -1 -1 -1 18 -1 -1 -1 -1 -1 -1 -1 9 -1 -1 -1 -1 -1 -1 -1 22 0 -1 -1 -1 -1 -1 
-1 -1 2 -1 4 5 -1 -1 -1 -1 -1 -1 -1 3 -1 -1 -1 -1 -1 -1 1 -1 6 -1 7 -1 -1 11 -1 12 -1 28 -1 -1 -1 15 -1 8 -1 17 -1 -1 14 -1 -1 -1 -1 30 26 -1 -1 -1 16 -1 -1 -1 -1 25 -1 -1 -1 -1 27 -1 -1 -1 -1 18 -1 -1 -1 -1 -1 -1 -1 9 -1 -1 -1 -1 -1 -1 -1 22 -1 -1 0 -1 -1 -1 
-1 -1 2 -1 4 5 -1 -1 -1 -1 -1 -1 -1 3 -1 -1 -1 -1 -1 -1 1 -1 6 -1 7 -1 -1 11 -1 12 -1 28 -1 -1 -1 15 -1 8 -1 17 -1 -1 14 -1 -1 -1 -1 30 26 -1 -1 -1 16 -1 -1 -1 25 -1 -1 -1 -1 -1 27 -1 -1 -1 -1 18 -1 -1 -1 -1 -1 -1 -1 9 -1 -1 -1 -1 -1 -1 -1 22 -1 -1 0 -1 -1 -1 
-1 -1 2 -1 4 5 -1 -1 -1 -1 -1 -1 -1 3 -1 -1 -1 -1 -1 -1 1 -1 6 -1 7 -1 -1 11 -1 12 -1 -1 -1 -1 -1 15 -1 8 -1 17 13 -1 14 -1 -1 -1 -1 30 26 -1 -1 -1 16 -1 -1 -1 25 -1 -1 -1 -1 -1 27 -1 -1 -1 -1 18 -1 -1 -1 -1 -1 -1 -1 9 -1 -1 -1 -1 -1 -1 -1 22 -1 -1 0 -1 -1 -1 
-1 -1 2 -1 4 5 -1 -1 -1 -1 -1 -1 -1 3 -1 -1 -1 -1 -1 -1 1 -1 6 -1 7 -1 -1 11 -1 12 -1 -1 -1 -1 -1 15 -1 8 -1 17 13 -1 14 -1 -1 -1 -1 30 -1 -1 -1 -1 16 -1 -1 -1 25 -1 -1 -1 -1 -1 27 -1 -1 -1 26 18 -1 -1 -1 -1 -1 -1 -1 9 -1 -1 -1 -1 -1 -1 -1 22 -1 -1 0 -1 -1 -1 
-1 -1 2 -1 4 5 -1 -1 -1 -1 -1 -1 -1 3 -1 -1 -1 -1 -1 -1 1 -1 6 -1 7 -1 -1 11 -1 12 -1 -1 -1 -1 -1 15 -1 8 -1 17 13 -1 14 -1 -1 -1 -1 30 -1 -1 -1 -1 16 -1 -1 -1 25 -1 -1 -1 -1 -1 27 -1 -1 -1 26 18 -1 -1 -1 -1 -1 -1 -1 9 -1 -1 -1 -1 -1 -1 -1 22 -1 -1 -1 -1 -1 -1 
-1 -1 2 -1 4 5 -1 -1 -1 -1 -1 -1 -1 3 -1 -1 -1 -1 -1 -1 1 -1 6 -1 7 -1 -1 11 -1 25 -1 -1 -1 -1 -1 15 -1 8 -1 17 13 -1 14 -1 -1 -1 -1 30 -1 -1 -1 -1 16 -1 -1 -1 -1 -1 -1 -1 -1 -1 27 -1 -1 -1 26 18 -1 -1 -1 -1 -1 -1 -1 9 -1 -1 -1 -1 -1 -1 -1 22 -1 -1 -1 -1 -1 -1 
-1 -1 2 -1 4 5 -1 -1 -1 -1 -1 -1 -1 3 -1 -1 -1 -1 -1 -1 1 -1 6 -1 7 -1 -1 11 -1 25 -1 -1 -1 -1 -1 15 -1 8 -1 17 13 -1 14 -1 -1 -1 -1 30 -1 -1 -1 -1 16 -1 -1 -1 -1 -1 -1 -1 -1 -1 27 -1 -1 -1 26 18 -1 -1 -1 -1 -1 -1 -1 9 -1 -1 -1 -1 -1 -1 -1 22 -1 -1 -1 -1 -1 -1 
-1 -1 2 -1 4 5 -1 -1 -1 -1 -1 -1 -1 3 -1 -1 -1 -1 -1 -1 1 -1 6 -1 7 -1 -1 11 -1 25 -1 -1 -1 -1 -1 15 -1 8 -1 17 13 -1 14 -1 -1 -1 -1 30 -1 -1 -1 -1 16 27 -1 -1 -1 -1 -1 -1 -1 -1 -1 -1 -1 -1 26 18 -1 -1 -1 -1 -1 -1 -1 9 -1 -1 -1 -1 -1 -1 -1 22 -1 -1 -1 -1 -1 -1 
-1 -1 2 -1 4 5 -1 -1 -1 -1 -1 -1 -1 3 -1 -1 -1 -1 -1 -1 1 -1 6 -1 7 -1 -1 11 -1 25 -1 -1 -1 -1 -1 15 -1 8 -1 17 13 -1 14 -1 -1 -1 -1 30 -1 -1 -1 -1 16 27 -1 -1 -1 -1 -1 -1 -1 -1 -1 -1 -1 -1 26 18 -1 -1 -1 -1 -1 -1 -1 9 -1 -1 -1 -1 -1 -1 -1 22 -1 -1 -1 -1 -1 -1 
-1 -1 2 -1 4 5 -1 -1 -1 -1 -1 -1 -1 3 -1 -1 -1 -1 -1 -1 1 -1 6 -1 7 -1 -1 11 -1 25 -1 -1 -1 -1 -1 15 -1 8 30 17 13 -1 14 -1 -1 -1 -1 -1 -1 -1 -1 -1 16 27 -1 -1 -1 -1 -1 -1 -1 -1 -1 -1 -1 -1 26 18 -1 -1 -1 -1 -1 -1 -1 9 -1 -1 -1 -1 -1 -1 -1 22 -1 -1 -1 -1 -1 -1 
-1 -1 2 -1 4 5 -1 -1 -1 -1 -1 -1 -1 3 -1 -1 -1 -1 -1 -1 1 -1 -1 -1 7 -1 -1 11 -1 25 -1 -1 -1 -1 -1 15 -1 8 6 17 13 -1 14 -1 -1 -1 -1 -1 -1 -1 -1 -1 16 27 -1 -1 -1 -1 -1 -1 -1 -1 -1 -1 -1 -1 26 18 -1 -1 -1 -1 -1 -1 -1 9 -1 -1 -1 -1 -1 -1 -1 22 -1 -1 -1 -1 -1 -1 
-1 -1 25 -1 4 5 -1 -1 -1 -1 -1 -1 -1 3 -1 -1 -1 -1 -1 -1 1 -1 -1 -1 7 -1 -1 11 -1 -1 -1 -1 -1 -1 -1 15 -1 8 6 17 13 -1 14 -1 -1 -1 -1 -1 -1 -1 -1 -1 16 27 -1 -1 -1 -1 -1 -1 -1 -1 -1 -1 -1 -1 26 18 -1 -1 -1 -1 -1 -1 -1 9 -1 -1 -1 -1 -1 -1 -1 22 -1 -1 -1 -1 -1 -1 
-1 -1 -1 -1 4 5 -1 -1 -1 -1 -1 -1 -1 3 -1 -1 -1 -1 -1 -1 1 -1 -1 -1 7 -1 -1 11 -1 -1 -1 -1 -1 -1 -1 15 -1 8 6 17 13 -1 14 -1 -1 -1 -1 -1 -1 -1 -1 -1 16 27 -1 -1 -1 -1 -1 -1 -1 -1 -1 -1 -1 -1 26 18 -1 -1 -1 -1 -1 -1 -1 9 -1 -1 -1 -1 -1 -1 -1 22 -1 -1 -1 -1 -1 -1 
-1 -1 -1 -1 4 5 -1 -1 -1 -1 -1 -1 -1 3 -1 -1 -1 -1 -1 -1 1 -1 -1 -1 7 -1 -1 11 -1 -1 -1 -1 -1 -1 -1 15 -1 8 6 17 13 -1 14 -1 -1 -1 -1 16 -1 -1 -1 -1 -1 27 -1 -1 -1 -1 -1 -1 -1 -1 -1 -1 -1 -1 26 18 -1 -1 -1 -1 -1 -1 -1 9 -1 -1 -1 -1 -1 -1 -1 22 -1 -1 -1 -1 -1 -1 
-1 -1 -1 -1 4 5 -1 -1 -1 -1 -1 -1 -1 3 -1 -1 -1 -1 -1 -1 -1 -1 -1 -1 7 -1 -1 11 -1 -1 -1 1 -1 -1 -1 15 -1 8 6 17 13 -1 14 -1 -1 -1 -1 16 -1 -1 -1 -1 -1 27 -1 -1 -1 -1 -1 -1 -1 -1 -1 -1 -1 -1 26 18 -1 -1 -1 -1 -1 -1 -1 9 -1 -1 -1 -1 -1 -1 -1 22 -1 -1 -1 -1 -1 -1 
25 -1 -1 -1 4 5 -1 -1 -1 -1 -1 -1 -1 3 -1 -1 -1 -1 -1 -1 -1 -1 -1 -1 7 -1 -1 11 -1 -1 -1 1 -1 -1 -1 15 -1 8 6 17 13 -1 14 -1 -1 -1 -1 16 -1 -1 -1 -1 -1 27 -1 -1 -1 -1 -1 -1 -1 -1 -1 -1 -1 -1 26 18 -1 -1 -1 -1 -1 -1 -1 9 -1 -1 -1 -1 -1 -1 -1 22 -1 -1 -1 -1 -1 -1 
25 -1 -1 -1 4 5 -1 -1 -1 -1 -1 -1 -1 -1 -1 -1 -1 -1 -1 -1 -1 3 -1 -1 7 -1 -1 11 -1 -1 -1 1 -1 -1 -1 15 -1 8 6 17 13 -1 14 -1 -1 -1 -1 16 -1 -1 -1 -1 -1 27 -1 -1 -1 -1 -1 -1 -1 -1 -1 -1 -1 -1 26 18 -1 -1 -1 -1 -1 -1 -1 9 -1 -1 -1 -1 -1 -1 -1 22 -1 -1 -1 -1 -1 -1 
-1 -1 -1 -1 4 5 -1 -1 -1 -1 -1 -1 -1 -1 -1 -1 -1 -1 25 -1 -1 3 -1 -1 7 -1 -1 11 -1 -1 -1 1 -1 -1 -1 15 -1 8 6 17 13 -1 14 -1 -1 -1 -1 16 -1 -1 -1 -1 -1 27 -1 -1 -1 -1 -1 -1 -1 -1 -1 -1 -1 -1 26 18 -1 -1 -1 -1 -1 -1 -1 9 -1 -1 -1 -1 -1 -1 -1 22 -1 -1 -1 -1 -1 -1 
-1 -1 -1 -1 4 5 -1 -1 -1 -1 -1 -1 -1 -1 -1 -1 -1 -1 25 -1 -1 3 -1 -1 -1 -1 -1 11 -1 -1 -1 1 -1 -1 -1 15 -1 8 6 17 13 7 14 -1 -1 -1 -1 16 -1 -1 -1 -1 -1 27 -1 -1 -1 -1 -1 -1 -1 -1 -1 -1 -1 -1 26 18 -1 -1 -1 -1 -1 -1 -1 9 -1 -1 -1 -1 -1 -1 -1 22 -1 -1 -1 -1 -1 -1 
-1 -1 -1 -1 4 5 -1 -1 -1 -1 -1 -1 -1 -1 -1 -1 -1 -1 25 -1 -1 3 -1 -1 -1 -1 -1 11 -1 -1 -1 1 -1 -1 -1 15 -1 8 6 17 13 7 14 -1 -1 -1 -1 -1 -1 -1 16 -1 -1 27 -1 -1 -1 -1 -1 -1 -1 -1 -1 -1 -1 -1 26 18 -1 -1 -1 -1 -1 -1 -1 9 -1 -1 -1 -1 -1 -1 -1 22 -1 -1 -1 -1 -1 -1 
-1 -1 -1 -1 4 5 -1 -1 -1 -1 -1 -1 -1 -1 -1 -1 -1 -1 25 -1 -1 3 -1 -1 1 -1 -1 11 -1 -1 -1 -1 -1 -1 -1 15 -1 8 6 17 13 7 14 -1 -1 -1 -1 -1 -1 -1 16 -1 -1 27 -1 -1 -1 -1 -1 -1 -1 -1 -1 -1 -1 -1 26 18 -1 -1 -1 -1 -1 -1 -1 9 -1 -1 -1 -1 -1 -1 -1 22 -1 -1 -1 -1 -1 -1 
-1 -1 -1 -1 4 5 -1 -1 -1 -1 -1 -1 -1 -1 -1 -1 -1 -1 25 -1 -1 3 -1 -1 1 -1 -1 11 -1 -1 -1 -1 -1 -1 -1 15 -1 8 6 26 13 7 14 -1 -1 -1 -1 -1 -1 -1 16 -1 -1 27 -1 -1 -1 -1 -1 -1 -1 -1 -1 -1 -1 -1 -1 18 -1 -1 -1 -1 -1 -1 -1 9 -1 -1 -1 -1 -1 -1 -1 22 -1 -1 -1 -1 -1 -1 
-1 -1 -1 -1 4 5 -1 -1 -1 -1 -1 -1 -1 -1 -1 -1 -1 -1 25 -1 -1 3 -1 -1 1 -1 -1 11 -1 -1 -1 -1 -1 -1 -1 15 -1 8 6 26 13 7 -1 -1 -1 -1 -1 -1 -1 -1 16 14 -1 27 -1 -1 -1 -1 -1 -1 -1 -1 -1 -1 -1 -1 -1 18 -1 -1 -1 -1 -1 -1 -1 9 -1 -1 -1 -1 -1 -1 -1 22 -1 -1 -1 -1 -1 -1 
-1 -1 -1 -1 4 5 -1 -1 -1 -1 -1 -1 -1 -1 -1 -1 -1 -1 25 -1 -1 3 -1 -1 1 -1 -1 11 -1 -1 -1 -1 -1 -1 -1 15 -1 8 6 26 13 7 -1 -1 -1 -1 -1 -1 -1 -1 16 18 -1 27 -1 -1 -1 -1 -1 -1 -1 -1 -1 -1 -1 -1 -1 -1 -1 -1 -1 -1 -1 -1 -1 9 -1 -1 -1 -1 -1 -1 -1 22 -1 -1 -1 -1 -1 -1 
-1 -1 -1 -1 4 5 -1 -1 -1 -1 -1 -1 -1 -1 -1 -1 -1 -1 25 -1 -1 3 -1 -1 1 -1 -1 11 -1 -1 -1 -1 -1 -1 7 15 -1 8 6 26 13 -1 -1 -1 -1 -1 -1 -1 -1 -1 16 18 -1 27 -1 -1 -1 -1 -1 -1 -1 -1 -1 -1 -1 -1 -1 -1 -1 -1 -1 -1 -1 -1 -1 9 -1 -1 -1 -1 -1 -1 -1 22 -1 -1 -1 -1 -1 -1 
-1 -1 -1 -1 4 5 -1 -1 -1 -1 -1 -1 -1 -1 -1 -1 -1 -1 25 -1 -1 3 -1 -1 1 -1 -1 11 -1 -1 -1 -1 -1 -1 7 15 -1 8 6 26 13 -1 -1 -1 -1 -1 16 -1 -1 -1 -1 18 -1 27 -1 -1 -1 -1 -1 -1 -1 -1 -1 -1 -1 -1 -1 -1 -1 -1 -1 -1 -1 -1 -1 9 -1 -1 -1 -1 -1 -1 -1 22 -1 -1 -1 -1 -1 -1 
-1 -1 -1 -1 4 5 -1 -1 -1 -1 -1 -1 -1 -1 -1 -1 -1 -1 25 -1 -1 3 -1 -1 -1 -1 -1 11 -1 -1 -1 -1 -1 -1 7 15 -1 8 6 26 13 1 -1 -1 -1 -1 16 -1 -1 -1 -1 18 -1 27 -1 -1 -1 -1 -1 -1 -1 -1 -1 -1 -1 -1 -1 -1 -1 -1 -1 -1 -1 -1 -1 9 -1 -1 -1 -1 -1 -1 -1 22 -1 -1 -1 -1 -1 -1 
-1 -1 -1 -1 4 5 -1 -1 -1 -1 -1 -1 -1 -1 -1 -1 -1 -1 25 -1 -1 3 -1 -1 -1 -1 -1 11 -1 -1 -1 -1 -1 -1 7 15 -1 8 6 26 13 1 -1 -1 -1 -1 16 -1 -1 -1 -1 18 -1 27 -1 -1 -1 -1 -1 -1 -1 -1 -1 -1 -1 -1 -1 22 -1 -1 -1 -1 -1 -1 -1 9 -1 -1 -1 -1 -1 -1 -1 -1 -1 -1 -1 -1 -1 -1 
-1 -1 2 -1 4 5 -1 -1 -1 -1 -1 -1 -1 -1 -1 -1 -1 -1 25 -1 -1 3 -1 -1 -1 -1 -1 11 -1 -1 -1 -1 -1 -1 7 15 -1 8 6 26 13 1 -1 -1 -1 -1 16 -1 -1 -1 -1 18 -1 27 -1 -1 -1 -1 -1 -1 -1 -1 -1 -1 -1 -1 -1 22 -1 -1 -1 -1 -1 -1 -1 9 -1 -1 -1 -1 -1 -1 -1 -1 -1 -1 -1 -1 -1 -1 
-1 -1 2 -1 4 5 -1 -1 -1 -1 -1 -1 -1 -1 -1 -1 -1 -1 25 -1 -1 3 -1 -1 -1 -1 -1 11 16 -1 -1 -1 -1 -1 7 15 -1 8 6 26 13 1 -1 -1 -1 -1 -1 -1 -1 -1 -1 18 -1 27 -1 -1 -1 -1 -1 -1 -1 -1 -1 -1 -1 -1 -1 22 -1 -1 -1 -1 -1 -1 -1 9 -1 -1 -1 -1 -1 -1 -1 -1 -1 -1 -1 -1 -1 -1 
-1 -1 2 -1 4 5 -1 -1 -1 -1 -1 -1 -1 -1 -1 -1 -1 -1 25 -1 -1 3 -1 -1 -1 -1 -1 11 16 -1 -1 -1 -1 -1 7 15 -1 8 6 26 13 -1 -1 -1 -1 -1 -1 -1 -1 -1 -1 18 -1 27 -1 -1 -1 -1 1 -1 -1 -1 -1 -1 -1 -1 -1 22 -1 -1 -1 -1 -1 -1 -1 9 -1 -1 -1 -1 -1 -1 -1 -1 -1 -1 -1 -1 -1 -1 
-1 -1 2 -1 4 5 -1 -1 -1 -1 -1 -1 -1 -1 -1 -1 -1 -1 25 -1 -1 3 -1 -1 -1 -1 -1 11 16 -1 26 -1 -1 -1 7 15 -1 8 6 -1 13 -1 -1 -1 -1 -1 -1 -1 -1 -1 -1 18 -1 27 -1 -1 -1 -1 1 -1 -1 -1 -1 -1 -1 -1 -1 22 -1 -1 -1 -1 -1 -1 -1 9 -1 -1 -1 -1 -1 -1 -1 -1 -1 -1 -1 -1 -1 -1 
-1 -1 2 -1 4 5 -1 -1 -1 -1 -1 -1 -1 -1 -1 -1 -1 -1 25 -1 -1 3 -1 -1 -1 -1 -1 11 16 -1 26 -1 -1 -1 7 15 -1 8 6 -1 13 -1 -1 -1 -1 -1 -1 -1 -1 -1 -1 18 -1 27 -1 -1 -1 -1 -1 -1 -1 -1 -1 -1 -1 -1 -1 22 -1 1 -1 -1 -1 -1 -1 9 -1 -1 -1 -1 -1 -1 -1 -1 -1 -1 -1 -1 -1 -1 
-1 -1 2 -1 4 5 -1 -1 -1 -1 -1 -1 -1 -1 -1 -1 -1 -1 25 -1 -1 3 -1 -1 -1 -1 -1 11 16 -1 26 -1 -1 -1 7 15 -1 8 6 -1 13 -1 -1 -1 -1 -1 -1 -1 -1 -1 -1 18 -1 27 -1 -1 -1 -1 -1 -1 -1 -1 -1 -1 -1 -1 -1 22 -1 1 -1 -1 -1 -1 -1 9 -1 -1 -1 -1 -1 -1 -1 -1 -1 -1 19 -1 -1 -1 
-1 -1 2 -1 4 5 -1 -1 -1 -1 -1 -1 -1 -1 -1 -1 -1 -1 25 -1 -1 3 -1 -1 -1 -1 -1 11 16 -1 26 -1 -1 -1 7 15 -1 8 6 -1 13 -1 -1 -1 -1 -1 -1 -1 -1 -1 -1 18 -1 27 -1 -1 -1 -1 -1 -1 -1 -1 -1 -1 -1 -1 -1 22 -1 1 -1 -1 -1 -1 -1 9 -1 -1 -1 -1 -1 -1 -1 -1 -1 -1 19 -1 -1 -1 
-1 -1 2 -1 4 5 -1 -1 -1 -1 -1 -1 -1 -1 -1 -1 -1 -1 25 -1 -1 3 -1 -1 -1 -1 -1 11 16 -1 26 -1 -1 -1 7 15 -1 8 6 -1 13 -1 -1 -1 -1 -1 -1 -1 -1 -1 -1 18 -1 27 -1 -1 -1 -1 -1 -1 -1 -1 -1 -1 -1 -1 -1 22 -1 1 -1 -1 -1 -1 -1 9 21 -1 -1 -1 -1 -1 -1 -1 -1 -1 19 -1 -1 -1 
-1 -1 2 -1 4 5 -1 -1 -1 -1 -1 -1 -1 -1 -1 -1 -1 -1 25 -1 -1 3 -1 -1 -1 -1 -1 11 16 -1 26 -1 -1 -1 -1 15 -1 8 6 -1 13 -1 -1 -1 -1 -1 -1 -1 -1 -1 -1 7 -1 27 -1 -1 -1 -1 -1 -1 -1 -1 -1 -1 -1 -1 -1 22 -1 1 -1 -1 -1 -1 -1 9 21 -1 -1 -1 -1 -1 -1 -1 -1 -1 19 -1 -1 -1 
-1 -1 2 -1 4 5 -1 -1 -1 -1 -1 -1 -1 -1 -1 -1 -1 -1 25 -1 -1 3 -1 -1 -1 -1 -1 11 16 26 -1 -1 -1 -1 -1 15 -1 8 6 -1 13 -1 -1 -1 -1 -1 -1 -1 -1 -1 -1 7 -1 27 -1 -1 -1 -1 -1 -1 -1 -1 -1 -1 -1 -1 -1 22 -1 1 -1 -1 -1 -1 -1 9 21 -1 -1 -1 -1 -1 -1 -1 -1 -1 19 -1 -1 -1 
-1 -1 2 -1 4 5 -1 -1 -1 -1 -1 -1 -1 -1 -1 -1 -1 -1 25 -1 -1 3 -1 -1 -1 -1 -1 11 16 26 -1 -1 -1 -1 -1 15 -1 8 6 -1 13 -1 -1 -1 -1 -1 -1 -1 -1 -1 -1 -1 -1 27 -1 -1 -1 -1 -1 -1 -1 -1 -1 -1 -1 -1 -1 22 -1 1 7 -1 -1 -1 -1 9 21 -1 -1 -1 -1 -1 -1 -1 -1 -1 19 -1 -1 -1 
-1 16 2 -1 4 5 -1 -1 -1 -1 -1 -1 -1 -1 -1 -1 -1 -1 25 -1 -1 3 -1 -1 -1 -1 -1 11 -1 26 -1 -1 -1 -1 -1 15 -1 8 6 -1 13 -1 -1 -1 -1 -1 -1 -1 -1 -1 -1 -1 -1 27 -1 -1 -1 -1 -1 -1 -1 -1 -1 -1 -1 -1 -1 22 -1 1 7 -1 -1 -1 -1 9 21 -1 -1 -1 -1 -1 -1 -1 -1 -1 19 -1 -1 -1 
-1 16 2 -1 -1 5 -1 -1 -1 -1 -1 -1 -1 4 -1 -1 -1 -1 25 -1 -1 3 -1 -1 -1 -1 -1 11 -1 26 -1 -1 -1 -1 -1 15 -1 8 6 -1 13 -1 -1 -1 -1 -1 -1 -1 -1 -1 -1 -1 -1 27 -1 -1 -1 -1 -1 -1 -1 -1 -1 -1 -1 -1 -1 22 -1 1 7 -1 -1 -1 -1 9 21 -1 -1 -1 -1 -1 -1 -1 -1 -1 19 -1 -1 -1 
-1 -1 2 -1 -1 5 -1 -1 -1 -1 16 -1 -1 4 -1 -1 -1 -1 25 -1 -1 3 -1 -1 -1 -1 -1 11 -1 26 -1 -1 -1 -1 -1 15 -1 8 6 -1 13 -1 -1 -1 -1 -1 -1 -1 -1 -1 -1 -1 -1 27 -1 -1 -1 -1 -1 -1 -1 -1 -1 -1 -1 -1 -1 22 -1 1 7 -1 -1 -1 -1 9 21 -1 -1 -1 -1 -1 -1 -1 -1 -1 19 -1 -1 -1 
-1 -1 2 -1 4 5 -1 -1 -1 -1 16 -1 -1 -1 -1 -1 -1 -1 25 -1 -1 3 -1 -1 -1 -1 -1 11 -1 26 -1 -1 -1 -1 -1 15 -1 8 6 -1 13 -1 -1 -1 -1 -1 -1 -1 -1 -1 -1 -1 -1 27 -1 -1 -1 -1 -1 -1 -1 -1 -1 -1 -1 -1 -1 22 -1 1 7 -1 -1 -1 -1 9 21 -1 -1 -1 -1 -1 -1 -1 -1 -1 19 -1 -1 -1 
-1 16 2 -1 4 5 -1 -1 -1 -1 -1 -1 -1 -1 -1 -1 -1 -1 25 -1 -1 3 -1 -1 -1 -1 -1 11 -1 26 -1 -1 -1 -1 -1 15 -1 8 6 -1 13 -1 -1 -1 -1 -1 -1 -1 -1 -1 -1 -1 -1 27 -1 -1 -1 -1 -1 -1 -1 -1 -1 -1 -1 -1 -1 22 -1 1 7 -1 -1 -1 -1 9 21 -1 -1 -1 -1 -1 -1 -1 -1 -1 19 -1 -1 -1 
-1 16 2 -1 -1 5 -1 -1 -1 -1 -1 -1 -1 4 -1 -1 -1 -1 25 -1 -1 3 -1 -1 -1 -1 -1 11 -1 26 -1 -1 -1 -1 -1 15 -1 8 6 -1 13 -1 -1 -1 -1 -1 -1 -1 -1 -1 -1 -1 -1 27 -1 -1 -1 -1 -1 -1 -1 -1 -1 -1 -1 -1 -1 22 -1 1 7 -1 -1 -1 -1 9 21 -1 -1 -1 -1 -1 -1 -1 -1 -1 19 -1 -1 -1 
-1 -1 2 -1 -1 5 -1 -1 -1 -1 16 -1 -1 4 -1 -1 -1 -1 25 -1 -1 3 -1 -1 -1 -1 -1 11 -1 26 -1 -1 -1 -1 -1 15 -1 8 6 -1 13 -1 -1 -1 -1 -1 -1 -1 -1 -1 -1 -1 -1 27 -1 -1 -1 -1 -1 -1 -1 -1 -1 -1 -1 -1 -1 22 -1 1 7 -1 -1 -1 -1 9 21 -1 -1 -1 -1 -1 -1 -1 -1 -1 19 -1 -1 -1 
-1 -1 2 -1 4 5 -1 -1 -1 -1 16 -1 -1 -1 -1 -1 -1 -1 25 -1 -1 3 -1 -1 -1 -1 -1 11 -1 26 -1 -1 -1 -1 -1 15 -1 8 6 -1 13 -1 -1 -1 -1 -1 -1 -1 -1 -1 -1 -1 -1 27 -1 -1 -1 -1 -1 -1 -1 -1 -1 -1 -1 -1 -1 22 -1 1 7 -1 -1 -1 -1 9 21 -1 -1 -1 -1 -1 -1 -1 -1 -1 19 -1 -1 -1 
25 -1 2 -1 4 5 -1 -1 -1 -1 16 -1 -1 -1 -1 -1 -1 -1 -1 -1 -1 3 -1 -1 -1 -1 -1 11 -1 26 -1 -1 -1 -1 -1 15 -1 8 6 -1 13 -1 -1 -1 -1 -1 -1 -1 -1 -1 -1 -1 -1 27 -1 -1 -1 -1 -1 -1 -1 -1 -1 -1 -1 -1 -1 22 -1 1 7 -1 -1 -1 -1 9 21 -1 -1 -1 -1 -1 -1 -1 -1 -1 19 -1 -1 -1 
