0 1 2 3 4 5 6 7 8 -1 -1 -1 -1 -1 -1 -1 -1 -1 -1 9 -1 -1 -1 -1 -1 10 -1 11 -1 12 -1 28 -1 14 -1 15 -1 -1 -1 -1 -1 -1 -1 -1 -1 -1 -1 -1 -1 -1 -1 -1 -1 -1 -1 -1 -1 -1 29 -1 -1 -1 27 -1 26 -1 -1 25 -1 -1 -1 -1 -1 -1 -1 -1 -1 -1 -1 -1 -1 24 23 22 21 20 19 18 17 31 
0 1 2 3 4 5 6 7 8 -1 -1 -1 -1 -1 -1 -1 -1 -1 -1 9 -1 -1 10 -1 -1 -1 -1 11 -1 12 -1 28 -1 14 -1 15 -1 -1 -1 -1 -1 -1 -1 -1 -1 -1 -1 -1 -1 -1 -1 -1 -1 -1 -1 -1 -1 -1 29 -1 -1 -1 27 -1 26 -1 -1 25 -1 -1 -1 -1 -1 -1 -1 -1 -1 -1 -1 -1 -1 24 23 22 21 20 19 18 17 31 
0 1 2 3 4 5 6 7 8 -1 -1 -1 -1 -1 -1 -1 -1 -1 -1 9 -1 -1 10 -1 -1 -1 -1 11 -1 12 -1 28 -1 14 -1 15 -1 -1 -1 -1 -1 -1 -1 -1 -1 -1 -1 -1 -1 -1 -1 -1 -1 -1 -1 -1 -1 -1 29 -1 -1 -1 27 -1 26 -1 -1 25 -1 17 -1 -1 -1 -1 -1 -1 -1 -1 -1 -1 -1 24 23 22 21 20 19 18 -1 31 
0 1 2 3 4 5 6 -1 8 -1 -1 -1 -1 -1 -1 -1 -1 -1 -1 9 -1 -1 10 -1 7 -1 -1 11 -1 12 -1 28 -1 14 -1 15 -1 -1 -1 -1 -1 -1 -1 -1 -1 -1 -1 -1 -1 -1 -1 -1 -1 -1 -1 -1 -1 -1 29 -1 -1 -1 27 -1 26 -1 -1 25 -1 17 -1 -1 -1 -1 -1 -1 -1 -1 -1 -1 -1 24 23 22 21 20 19 18 -1 31 
0 1 2 3 4 5 6 -1 8 -1 -1 -1 -1 -1 -1 -1 -1 -1 -1 9 -1 -1 10 -1 7 -1 -1 11 -1 12 -1 28 -1 14 -1 15 -1 -1 -1 -1 -1 -1 -1 -1 -1 -1 -1 -1 -1 -1 -1 -1 -1 -1 -1 -1 -1 -1 29 -1 -1 -1 27 -1 26 -1 -1 25 -1 17 -1 -1 -1 -1 -1 -1 -1 -1 -1 -1 -1 24 23 22 21 20 19 18 16 -1 
0 1 2 3 4 5 6 -1 -1 -1 -1 -1 -1 -1 -1 -1 -1 8 -1 9 -1 -1 10 -1 7 -1 -1 11 -1 12 -1 28 -1 14 -1 15 -1 -1 -1 -1 -1 -1 -1 -1 -1 -1 -1 -1 -1 -1 -1 -1 -1 -1 -1 -1 -1 -1 29 -1 -1 -1 27 -1 26 -1 -1 25 -1 17 -1 -1 -1 -1 -1 -1 -1 -1 -1 -1 -1 24 23 22 21 20 19 18 16 -1 
0 1 2 3 4 5 6 -1 -1 -1 -1 -1 -1 -1 -1 -1 -1 8 -1 9 -1 -1 10 -1 7 -1 -1 11 -1 12 -1 28 -1 14 -1 15 -1 -1 -1 -1 -1 -1 -1 -1 -1 -1 -1 -1 -1 -1 -1 -1 -1 -1 -1 -1 -1 -1 29 -1 -1 -1 27 -1 26 23 -1 25 -1 17 -1 -1 -1 -1 -1 -1 -1 -1 -1 -1 -1 24 -1 22 21 20 19 18 16 -1 
0 1 2 3 4 5 6 -1 -1 -1 -1 -1 8 -1 -1 -1 -1 -1 -1 9 -1 -1 10 -1 7 -1 -1 11 -1 12 -1 28 -1 14 -1 15 -1 -1 -1 -1 -1 -1 -1 -1 -1 -1 -1 -1 -1 -1 -1 -1 -1 -1 -1 -1 -1 -1 29 -1 -1 -1 27 -1 26 23 -1 25 -1 17 -1 -1 -1 -1 -1 -1 -1 -1 -1 -1 -1 24 -1 22 21 20 19 18 16 -1 
0 1 2 3 4 5 6 -1 -1 -1 -1 -1 8 -1 -1 -1 -1 -1 -1 9 -1 -1 10 -1 7 -1 -1 11 -1 12 -1 28 -1 14 -1 15 -1 -1 -1 -1 -1 -1 -1 -1 -1 -1 -1 -1 -1 -1 -1 28 -1 -1 -1 -1 -1 -1 29 -1 -1 -1 27 -1 26 23 -1 25 -1 17 -1 -1 -1 -1 -1 -1 -1 -1 -1 -1 -1 24 -1 22 21 20 19 18 16 -1 
0 -1 2 3 4 5 6 -1 -1 -1 -1 -1 8 -1 -1 -1 -1 -1 -1 9 1 -1 10 -1 7 -1 -1 11 -1 12 -1 28 -1 14 -1 15 -1 -1 -1 -1 -1 -1 -1 -1 -1 -1 -1 -1 -1 -1 -1 28 -1 -1 -1 -1 -1 -1 29 -1 -1 -1 27 -1 26 23 -1 25 -1 17 -1 -1 -1 -1 -1 -1 -1 -1 -1 -1 -1 24 -1 22 21 20 19 18 16 -1 
0 -1 2 3 4 5 6 -1 -1 -1 -1 -1 8 -1 -1 -1 -1 -1 -1 9 1 -1 10 -1 7 -1 -1 11 -1 12 -1 28 -1 14 -1 15 -1 -1 -1 -1 -1 -1 -1 -1 -1 -1 -1 30 -1 -1 -1 28 -1 -1 -1 -1 -1 -1 29 -1 -1 -1 27 -1 26 23 -1 25 -1 17 -1 -1 -1 -1 -1 -1 -1 -1 -1 -1 -1 24 -1 22 21 20 19 18 16 -1 
-1 -1 2 3 4 5 6 -1 -1 0 -1 -1 8 -1 -1 -1 -1 -1 -1 9 1 -1 10 -1 7 -1 -1 11 -1 12 -1 28 -1 14 -1 15 -1 -1 -1 -1 -1 -1 -1 -1 -1 -1 -1 30 -1 -1 -1 28 -1 -1 -1 -1 -1 -1 29 -1 -1 -1 27 -1 26 23 -1 25 -1 17 -1 -1 -1 -1 -1 -1 -1 -1 -1 -1 -1 24 -1 22 21 20 19 18 16 -1 
-1 -1 2 3 4 5 6 -1 -1 0 -1 -1 8 -1 -1 -1 -1 -1 -1 9 1 -1 10 -1 7 -1 -1 11 -1 12 -1 28 -1 14 -1 15 -1 -1 -1 -1 -1 -1 -1 -1 -1 -1 -1 30 -1 -1 17 28 -1 -1 -1 -1 -1 -1 29 -1 -1 -1 27 -1 26 23 -1 25 -1 -1 -1 -1 -1 -1 -1 -1 -1 -1 -1 -1 -1 24 -1 22 21 20 19 18 16 -1 
-1 -1 2 3 4 5 6 -1 -1 0 -1 -1 -1 -1 -1 -1 -1 -1 -1 9 1 -1 10 -1 7 -1 -1 11 -1 12 -1 28 -1 14 -1 15 -1 -1 -1 -1 -1 -1 -1 -1 -1 -1 -1 30 -1 -1 17 28 -1 -1 -1 -1 -1 -1 29 -1 -1 -1 27 -1 26 23 -1 25 -1 -1 -1 -1 -1 -1 -1 8 -1 -1 -1 -1 -1 24 -1 22 21 20 19 18 16 -1 
-1 -1 2 3 4 5 6 -1 -1 0 -1 -1 -1 -1 -1 -1 -1 -1 -1 9 1 -1 10 -1 7 -1 -1 11 -1 12 -1 28 -1 14 -1 15 -1 -1 -1 -1 -1 -1 -1 -1 -1 -1 26 30 -1 -1 17 28 -1 -1 -1 -1 -1 -1 29 -1 -1 -1 27 -1 -1 23 -1 25 -1 -1 -1 -1 -1 -1 -1 8 -1 -1 -1 -1 -1 24 -1 22 21 20 19 18 16 -1 
-1 -1 2 3 4 5 6 -1 -1 0 -1 -1 -1 -1 -1 -1 -1 -1 -1 9 1 -1 10 -1 7 -1 -1 11 -1 -1 -1 28 -1 14 -1 15 -1 -1 12 -1 -1 -1 -1 -1 -1 -1 26 30 -1 -1 17 28 -1 -1 -1 -1 -1 -1 29 -1 -1 -1 27 -1 -1 23 -1 25 -1 -1 -1 -1 -1 -1 -1 8 -1 -1 -1 -1 -1 24 -1 22 21 20 19 18 16 -1 
-1 -1 2 3 4 5 6 -1 -1 0 -1 -1 -1 -1 -1 -1 -1 -1 -1 9 1 -1 10 -1 7 -1 -1 11 -1 -1 -1 28 -1 14 -1 15 -1 -1 30 -1 -1 -1 -1 -1 -1 -1 26 -1 -1 -1 17 28 -1 -1 -1 -1 -1 -1 29 -1 -1 -1 27 -1 -1 23 -1 25 -1 -1 -1 -1 -1 -1 -1 8 -1 -1 -1 -1 -1 24 -1 22 21 20 19 18 16 -1 
-1 -1 2 3 4 5 6 -1 -1 -1 -1 -1 -1 -1 0 -1 -1 -1 -1 9 1 -1 10 -1 7 -1 -1 11 -1 -1 -1 28 -1 14 -1 15 -1 -1 30 -1 -1 -1 -1 -1 -1 -1 26 -1 -1 -1 17 28 -1 -1 -1 -1 -1 -1 29 -1 -1 -1 27 -1 -1 23 -1 25 -1 -1 -1 -1 -1 -1 -1 8 -1 -1 -1 -1 -1 24 -1 22 21 20 19 18 16 -1 
-1 -1 2 3 4 5 6 -1 -1 -1 -1 -1 -1 -1 0 -1 -1 -1 -1 9 1 -1 10 -1 7 -1 -1 11 -1 -1 -1 28 -1 17 -1 15 -1 -1 30 -1 -1 -1 -1 -1 -1 -1 26 -1 -1 -1 -1 28 -1 -1 -1 -1 -1 -1 29 -1 -1 -1 27 -1 -1 23 -1 25 -1 -1 -1 -1 -1 -1 -1 8 -1 -1 -1 -1 -1 24 -1 22 21 20 19 18 16 -1 
-1 -1 2 3 4 5 6 -1 -1 -1 -1 -1 -1 -1 -1 -1 -1 -1 -1 9 1 -1 10 -1 7 -1 -1 11 -1 -1 -1 28 -1 17 -1 15 -1 -1 30 -1 -1 0 -1 -1 -1 -1 26 -1 -1 -1 -1 28 -1 -1 -1 -1 -1 -1 29 -1 -1 -1 27 -1 -1 23 -1 25 -1 -1 -1 -1 -1 -1 -1 8 -1 -1 -1 -1 -1 24 -1 22 21 20 19 18 16 -1 
-1 -1 2 3 4 5 6 -1 -1 -1 -1 -1 -1 -1 -1 -1 -1 -1 -1 9 1 -1 10 -1 7 -1 -1 11 -1 30 -1 28 -1 17 -1 15 -1 -1 -1 -1 -1 0 -1 -1 -1 -1 26 -1 -1 -1 -1 28 -1 -1 -1 -1 -1 -1 29 -1 -1 -1 27 -1 -1 23 -1 25 -1 -1 -1 -1 -1 -1 -1 8 -1 -1 -1 -1 -1 24 -1 22 21 20 19 18 16 -1 
-1 -1 2 3 4 5 6 -1 -1 -1 -1 -1 -1 1 -1 -1 -1 -1 -1 9 -1 -1 10 -1 7 -1 -1 11 -1 30 -1 28 -1 17 -1 15 -1 -1 -1 -1 -1 0 -1 -1 -1 -1 26 -1 -1 -1 -1 28 -1 -1 -1 -1 -1 -1 29 -1 -1 -1 27 -1 -1 23 -1 25 -1 -1 -1 -1 -1 -1 -1 8 -1 -1 -1 -1 -1 24 -1 22 21 20 19 18 16 -1 
-1 -1 2 3 4 5 6 -1 -1 -1 -1 -1 -1 1 -1 -1 -1 -1 -1 9 -1 -1 10 -1 7 -1 -1 11 -1 30 -1 28 -1 17 -1 15 -1 -1 -1 -1 -1 0 -1 -1 -1 -1 -1 -1 -1 26 -1 28 -1 -1 -1 -1 -1 -1 29 -1 -1 -1 27 -1 -1 23 -1 25 -1 -1 -1 -1 -1 -1 -1 8 -1 -1 -1 -1 -1 24 -1 22 21 20 19 18 16 -1 
-1 -1 2 3 4 5 6 -1 -1 -1 -1 -1 -1 1 -1 -1 -1 -1 -1 9 -1 -1 -1 -1 7 -1 -1 11 -1 30 -1 28 -1 17 -1 15 -1 -1 -1 -1 -1 0 -1 -1 -1 -1 -1 -1 -1 10 -1 28 -1 -1 -1 -1 -1 -1 29 -1 -1 -1 27 -1 -1 23 -1 25 -1 -1 -1 -1 -1 -1 -1 8 -1 -1 -1 -1 -1 24 -1 22 21 20 19 18 16 -1 
-1 -1 2 3 4 5 6 -1 -1 -1 -1 -1 -1 1 -1 -1 -1 -1 -1 9 -1 -1 -1 -1 7 -1 -1 11 -1 30 -1 28 -1 17 -1 15 -1 -1 -1 -1 -1 0 -1 -1 -1 -1 -1 -1 -1 29 -1 28 -1 -1 -1 -1 -1 -1 -1 -1 -1 -1 27 -1 -1 23 -1 25 -1 -1 -1 -1 -1 -1 -1 8 -1 -1 -1 -1 -1 24 -1 22 21 20 19 18 16 -1 
-1 -1 2 3 4 5 6 -1 -1 -1 -1 -1 -1 1 -1 -1 -1 -1 -1 9 -1 -1 -1 -1 7 -1 -1 11 -1 30 -1 28 0 17 -1 15 -1 -1 -1 -1 -1 -1 -1 -1 -1 -1 -1 -1 -1 29 -1 28 -1 -1 -1 -1 -1 -1 -1 -1 -1 -1 27 -1 -1 23 -1 25 -1 -1 -1 -1 -1 -1 -1 8 -1 -1 -1 -1 -1 24 -1 22 21 20 19 18 16 -1 
-1 -1 2 3 4 5 6 -1 -1 -1 -1 -1 -1 1 -1 -1 -1 -1 -1 9 -1 -1 -1 -1 7 -1 -1 11 -1 30 -1 28 0 -1 -1 15 -1 -1 -1 -1 -1 -1 -1 -1 -1 -1 -1 -1 -1 29 -1 28 17 -1 -1 -1 -1 -1 -1 -1 -1 -1 27 -1 -1 23 -1 25 -1 -1 -1 -1 -1 -1 -1 8 -1 -1 -1 -1 -1 24 -1 22 21 20 19 18 16 -1 
-1 -1 2 3 4 5 6 -1 -1 -1 -1 -1 -1 1 -1 -1 -1 -1 -1 9 -1 -1 -1 -1 -1 -1 -1 11 -1 30 -1 28 0 -1 -1 15 -1 -1 -1 -1 -1 7 -1 -1 -1 -1 -1 -1 -1 29 -1 28 17 -1 -1 -1 -1 -1 -1 -1 -1 -1 27 -1 -1 23 -1 25 -1 -1 -1 -1 -1 -1 -1 8 -1 -1 -1 -1 -1 24 -1 22 21 20 19 18 16 -1 
-1 -1 2 3 4 5 6 -1 -1 -1 -1 -1 -1 1 -1 -1 -1 -1 -1 9 30 -1 -1 -1 -1 -1 -1 11 -1 -1 -1 28 0 -1 -1 15 -1 -1 -1 -1 -1 7 -1 -1 -1 -1 -1 -1 -1 29 -1 28 17 -1 -1 -1 -1 -1 -1 -1 -1 -1 27 -1 -1 23 -1 25 -1 -1 -1 -1 -1 -1 -1 8 -1 -1 -1 -1 -1 24 -1 22 21 20 19 18 16 -1 
-1 -1 2 3 4 5 6 -1 -1 -1 -1 -1 -1 -1 -1 -1 -1 -1 -1 9 1 -1 -1 -1 -1 -1 -1 11 -1 -1 -1 28 0 -1 -1 15 -1 -1 -1 -1 -1 7 -1 -1 -1 -1 -1 -1 -1 29 -1 28 17 -1 -1 -1 -1 -1 -1 -1 -1 -1 27 -1 -1 23 -1 25 -1 -1 -1 -1 -1 -1 -1 8 -1 -1 -1 -1 -1 24 -1 22 21 20 19 18 16 -1 
-1 -1 2 3 4 5 6 -1 -1 -1 -1 -1 -1 -1 -1 -1 -1 -1 -1 9 1 -1 -1 -1 -1 -1 -1 11 -1 -1 -1 28 0 -1 -1 15 -1 -1 -1 -1 -1 7 -1 -1 -1 -1 -1 -1 -1 29 -1 28 17 -1 -1 -1 -1 -1 -1 -1 -1 -1 27 -1 -1 23 -1 25 -1 -1 -1 -1 -1 -1 -1 8 -1 -1 -1 -1 -1 -1 24 22 21 20 19 18 16 -1 
-1 -1 2 3 4 5 6 -1 -1 -1 -1 -1 -1 -1 -1 -1 -1 -1 -1 9 1 -1 -1 -1 -1 -1 -1 11 -1 -1 7 28 0 -1 -1 15 -1 -1 -1 -1 -1 -1 -1 -1 -1 -1 -1 -1 -1 29 -1 28 17 -1 -1 -1 -1 -1 -1 -1 -1 -1 27 -1 -1 23 -1 25 -1 -1 -1 -1 -1 -1 -1 8 -1 -1 -1 -1 -1 -1 24 22 21 20 19 18 16 -1 
-1 -1 2 3 4 5 6 -1 -1 -1 -1 -1 -1 -1 -1 -1 -1 -1 -1 9 1 -1 -1 -1 -1 -1 -1 11 24 -1 7 28 0 -1 -1 15 -1 -1 -1 -1 -1 -1 -1 -1 -1 -1 -1 -1 -1 29 -1 28 17 -1 -1 -1 -1 -1 -1 -1 -1 -1 27 -1 -1 23 -1 25 -1 -1 -1 -1 -1 -1 -1 8 -1 -1 -1 -1 -1 -1 -1 22 21 20 19 18 16 -1 
-1 -1 2 3 4 5 6 -1 -1 -1 -1 -1 -1 -1 -1 -1 -1 -1 -1 9 -1 -1 -1 -1 -1 -1 -1 11 24 -1 7 28 0 -1 -1 15 -1 1 -1 -1 -1 -1 -1 -1 -1 -1 -1 -1 -1 29 -1 28 17 -1 -1 -1 -1 -1 -1 -1 -1 -1 27 -1 -1 23 -1 25 -1 -1 -1 -1 -1 -1 -1 8 -1 -1 -1 -1 -1 -1 -1 22 21 20 19 18 16 -1 
-1 -1 2 3 4 5 6 -1 -1 -1 -1 -1 -1 -1 -1 -1 -1 -1 -1 9 -1 -1 -1 -1 -1 -1 -1 11 24 -1 7 28 0 -1 -1 15 -1 1 -1 -1 29 -1 -1 -1 -1 -1 -1 -1 -1 -1 -1 28 17 -1 -1 -1 -1 -1 -1 -1 -1 -1 27 -1 -1 23 -1 25 -1 -1 -1 -1 -1 -1 -1 8 -1 -1 -1 -1 -1 -1 -1 22 21 20 19 18 16 -1 
-1 -1 2 3 4 5 6 -1 -1 -1 -1 -1 -1 -1 -1 -1 -1 -1 -1 -1 -1 -1 9 -1 -1 -1 -1 11 24 -1 7 28 0 -1 -1 15 -1 1 -1 -1 29 -1 -1 -1 -1 -1 -1 -1 -1 -1 -1 28 17 -1 -1 -1 -1 -1 -1 -1 -1 -1 27 -1 -1 23 -1 25 -1 -1 -1 -1 -1 -1 -1 8 -1 -1 -1 -1 -1 -1 -1 22 21 20 19 18 16 -1 
-1 -1 2 3 4 5 6 -1 -1 -1 -1 -1 -1 -1 -1 -1 -1 -1 -1 -1 -1 -1 9 -1 -1 -1 -1 11 24 -1 7 28 0 -1 -1 15 -1 1 -1 -1 29 -1 -1 -1 -1 -1 -1 -1 -1 -1 -1 28 17 -1 -1 -1 -1 -1 23 -1 -1 -1 27 -1 -1 -1 -1 25 -1 -1 -1 -1 -1 -1 -1 8 -1 -1 -1 -1 -1 -1 -1 22 21 20 19 18 16 -1 
-1 -1 2 3 4 5 6 -1 -1 -1 -1 -1 -1 -1 -1 -1 -1 -1 -1 -1 -1 -1 9 -1 -1 -1 -1 11 24 -1 7 -1 0 -1 -1 15 -1 1 -1 -1 13 -1 -1 -1 -1 -1 -1 -1 -1 -1 -1 28 17 -1 -1 -1 -1 -1 23 -1 -1 -1 27 -1 -1 -1 -1 25 -1 -1 -1 -1 -1 -1 -1 8 -1 -1 -1 -1 -1 -1 -1 22 21 20 19 18 16 -1 
-1 -1 2 3 4 5 6 -1 -1 -1 -1 -1 -1 -1 -1 -1 -1 -1 -1 -1 -1 -1 9 -1 -1 -1 -1 11 24 -1 7 -1 0 -1 -1 15 -1 1 -1 -1 13 -1 -1 -1 -1 -1 -1 23 -1 -1 -1 28 17 -1 -1 -1 -1 -1 -1 -1 -1 -1 27 -1 -1 -1 -1 25 -1 -1 -1 -1 -1 -1 -1 8 -1 -1 -1 -1 -1 -1 -1 22 21 20 19 18 16 -1 
-1 -1 2 3 4 5 6 -1 -1 -1 -1 -1 -1 -1 -1 -1 -1 -1 -1 -1 -1 -1 9 -1 -1 -1 -1 11 24 -1 7 -1 0 -1 -1 15 -1 1 -1 -1 13 -1 -1 -1 -1 -1 -1 23 -1 -1 -1 28 17 -1 -1 -1 -1 -1 -1 -1 -1 -1 27 -1 -1 -1 -1 25 -1 -1 -1 -1 -1 -1 -1 -1 -1 8 -1 -1 -1 -1 -1 22 21 20 19 18 16 -1 
-1 -1 2 3 4 5 6 -1 -1 -1 -1 -1 -1 -1 -1 -1 -1 -1 -1 -1 -1 -1 9 -1 -1 -1 -1 11 24 -1 7 -1 0 -1 -1 15 -1 1 -1 -1 13 -1 -1 -1 -1 -1 -1 23 -1 -1 -1 28 17 -1 -1 -1 -1 -1 -1 -1 -1 -1 27 -1 -1 -1 -1 25 -1 -1 -1 -1 -1 -1 -1 -1 21 8 -1 -1 -1 -1 -1 22 -1 20 19 18 16 -1 
-1 -1 2 3 4 5 6 -1 -1 -1 -1 -1 -1 -1 -1 -1 -1 -1 -1 -1 -1 -1 9 -1 -1 -1 -1 11 24 -1 -1 -1 0 -1 -1 15 -1 1 -1 -1 13 -1 -1 -1 -1 -1 -1 7 -1 -1 -1 28 17 -1 -1 -1 -1 -1 -1 -1 -1 -1 27 -1 -1 -1 -1 25 -1 -1 -1 -1 -1 -1 -1 -1 21 8 -1 -1 -1 -1 -1 22 -1 20 19 18 16 -1 
