0 1 2 3 4 5 6 7 8 -1 -1 -1 -1 -1 -1 -1 -1 -1 -1 9 -1 -1 -1 -1 -1 10 -1 11 -1 12 -1 28 -1 14 -1 15 -1 -1 -1 -1 -1 -1 -1 -1 -1 -1 -1 -1 -1 -1 -1 -1 -1 -1 -1 -1 -1 -1 29 -1 -1 -1 27 -1 26 -1 -1 25 -1 -1 -1 -1 -1 -1 -1 -1 -1 -1 -1 -1 -1 24 23 22 21 20 19 18 17 16 
0 1 2 3 4 5 6 -1 8 -1 -1 -1 -1 -1 -1 -1 -1 -1 -1 9 -1 -1 -1 -1 7 10 -1 11 -1 12 -1 28 -1 14 -1 15 -1 -1 -1 -1 -1 -1 -1 -1 -1 -1 -1 -1 -1 -1 -1 -1 -1 -1 -1 -1 -1 -1 29 -1 -1 -1 27 -1 26 -1 -1 25 -1 -1 -1 -1 -1 -1 -1 -1 -1 -1 -1 -1 -1 24 23 22 21 20 19 18 17 16 
0 1 2 3 4 5 6 -1 8 -1 -1 -1 -1 -1 -1 -1 -1 -1 -1 9 -1 -1 -1 -1 7 10 -1 11 -1 12 -1 28 -1 14 -1 15 -1 -1 -1 -1 -1 -1 -1 -1 -1 -1 -1 -1 -1 -1 -1 -1 -1 -1 -1 -1 -1 -1 29 -1 -1 -1 27 -1 26 -1 -1 25 -1 17 -1 -1 -1 -1 -1 -1 -1 -1 -1 -1 -1 24 23 22 21 20 19 18 -1 16 
0 1 2 3 4 5 6 8 -1 -1 -1 -1 -1 -1 -1 -1 -1 -1 -1 9 -1 -1 -1 -1 7 10 -1 11 -1 12 -1 28 -1 14 -1 15 -1 -1 -1 -1 -1 -1 -1 -1 -1 -1 -1 -1 -1 -1 -1 -1 -1 -1 -1 -1 -1 -1 29 -1 -1 -1 27 -1 26 -1 -1 25 -1 17 -1 -1 -1 -1 -1 -1 -1 -1 -1 -1 -1 24 23 22 21 20 19 18 -1 16 
0 1 2 3 4 5 6 8 -1 -1 -1 -1 -1 -1 -1 -1 -1 -1 -1 9 -1 -1 -1 -1 7 10 -1 11 -1 12 -1 28 -1 14 -1 15 -1 -1 -1 -1 -1 -1 -1 -1 -1 -1 -1 -1 -1 -1 -1 -1 -1 -1 -1 -1 -1 -1 29 -1 -1 -1 27 -1 26 -1 -1 25 -1 17 -1 -1 -1 -1 -1 -1 -1 -1 -1 -1 -1 24 23 22 21 20 19 18 16 -1 
0 1 2 3 4 5 6 8 -1 -1 -1 -1 -1 -1 -1 -1 -1 -1 -1 9 -1 -1 -1 -1 7 -1 -1 11 -1 12 -1 28 -1 14 -1 15 -1 -1 -1 -1 -1 -1 -1 -1 -1 -1 -1 -1 -1 -1 -1 -1 -1 -1 -1 -1 -1 -1 29 -1 -1 10 27 -1 26 -1 -1 25 -1 17 -1 -1 -1 -1 -1 -1 -1 -1 -1 -1 -1 24 23 22 21 20 19 18 16 -1 
0 1 2 3 4 5 6 8 -1 -1 -1 -1 -1 -1 -1 -1 -1 -1 -1 9 -1 -1 -1 -1 7 -1 -1 11 -1 12 -1 28 -1 14 -1 15 -1 -1 -1 -1 -1 -1 -1 -1 -1 -1 -1 -1 -1 -1 -1 28 -1 -1 -1 -1 -1 -1 29 -1 -1 10 27 -1 26 -1 -1 25 -1 17 -1 -1 -1 -1 -1 -1 -1 -1 -1 -1 -1 24 23 22 21 20 19 18 16 -1 
0 1 2 3 4 5 6 8 -1 -1 -1 -1 -1 -1 -1 -1 -1 -1 -1 -1 -1 -1 9 -1 7 -1 -1 11 -1 12 -1 28 -1 14 -1 15 -1 -1 -1 -1 -1 -1 -1 -1 -1 -1 -1 -1 -1 -1 -1 28 -1 -1 -1 -1 -1 -1 29 -1 -1 10 27 -1 26 -1 -1 25 -1 17 -1 -1 -1 -1 -1 -1 -1 -1 -1 -1 -1 24 23 22 21 20 19 18 16 -1 
0 1 2 3 4 5 6 8 -1 -1 -1 -1 -1 -1 -1 -1 -1 -1 -1 -1 -1 -1 9 -1 7 -1 -1 11 -1 12 -1 28 -1 14 -1 15 -1 -1 -1 -1 -1 -1 -1 -1 -1 -1 -1 -1 -1 -1 -1 28 -1 -1 -1 -1 -1 -1 29 -1 -1 10 27 -1 26 23 -1 25 -1 17 -1 -1 -1 -1 -1 -1 -1 -1 -1 -1 -1 24 -1 22 21 20 19 18 16 -1 
0 -1 2 3 4 5 6 8 -1 -1 -1 -1 -1 -1 -1 -1 -1 -1 -1 -1 1 -1 9 -1 7 -1 -1 11 -1 12 -1 28 -1 14 -1 15 -1 -1 -1 -1 -1 -1 -1 -1 -1 -1 -1 -1 -1 -1 -1 28 -1 -1 -1 -1 -1 -1 29 -1 -1 10 27 -1 26 23 -1 25 -1 17 -1 -1 -1 -1 -1 -1 -1 -1 -1 -1 -1 24 -1 22 21 20 19 18 16 -1 
0 -1 2 3 4 5 6 8 -1 -1 -1 -1 -1 -1 -1 -1 -1 -1 -1 -1 1 -1 9 -1 7 -1 -1 11 -1 12 -1 28 -1 14 -1 15 -1 -1 -1 -1 -1 -1 -1 -1 -1 -1 -1 30 -1 -1 -1 28 -1 -1 -1 -1 -1 -1 29 -1 -1 10 27 -1 26 23 -1 25 -1 17 -1 -1 -1 -1 -1 -1 -1 -1 -1 -1 -1 24 -1 22 21 20 19 18 16 -1 
-1 0 2 3 4 5 6 8 -1 -1 -1 -1 -1 -1 -1 -1 -1 -1 -1 -1 1 -1 9 -1 7 -1 -1 11 -1 12 -1 28 -1 14 -1 15 -1 -1 -1 -1 -1 -1 -1 -1 -1 -1 -1 30 -1 -1 -1 28 -1 -1 -1 -1 -1 -1 29 -1 -1 10 27 -1 26 23 -1 25 -1 17 -1 -1 -1 -1 -1 -1 -1 -1 -1 -1 -1 24 -1 22 21 20 19 18 16 -1 
-1 0 2 3 4 5 6 8 -1 -1 -1 -1 -1 -1 -1 -1 -1 -1 -1 -1 1 -1 9 -1 7 -1 -1 11 -1 12 -1 28 -1 14 -1 15 -1 -1 -1 -1 -1 -1 -1 -1 -1 -1 -1 30 -1 -1 -1 28 -1 -1 -1 -1 -1 -1 29 -1 -1 10 27 -1 26 23 -1 25 -1 17 -1 -1 -1 -1 -1 -1 -1 -1 -1 -1 -1 -1 24 22 21 20 19 18 16 -1 
-1 -1 2 3 4 5 6 8 -1 -1 -1 -1 -1 -1 -1 -1 -1 -1 -1 -1 1 -1 9 -1 7 -1 -1 11 -1 12 -1 28 -1 14 -1 15 -1 0 -1 -1 -1 -1 -1 -1 -1 -1 -1 30 -1 -1 -1 28 -1 -1 -1 -1 -1 -1 29 -1 -1 10 27 -1 26 23 -1 25 -1 17 -1 -1 -1 -1 -1 -1 -1 -1 -1 -1 -1 -1 24 22 21 20 19 18 16 -1 
-1 -1 2 3 4 5 6 8 -1 -1 -1 -1 -1 -1 -1 -1 -1 -1 -1 -1 1 -1 9 -1 7 -1 -1 11 -1 12 -1 28 -1 14 -1 15 -1 0 -1 -1 -1 -1 -1 -1 -1 -1 -1 30 -1 -1 -1 28 -1 -1 -1 -1 -1 -1 29 -1 -1 10 27 26 -1 23 -1 25 -1 17 -1 -1 -1 -1 -1 -1 -1 -1 -1 -1 -1 -1 24 22 21 20 19 18 16 -1 
-1 -1 2 3 4 5 6 8 -1 -1 -1 -1 -1 -1 -1 -1 -1 -1 -1 -1 1 -1 9 -1 7 -1 -1 11 -1 12 -1 28 -1 14 -1 15 -1 -1 -1 -1 -1 -1 -1 0 -1 -1 -1 30 -1 -1 -1 28 -1 -1 -1 -1 -1 -1 29 -1 -1 10 27 26 -1 23 -1 25 -1 17 -1 -1 -1 -1 -1 -1 -1 -1 -1 -1 -1 -1 24 22 21 20 19 18 16 -1 
-1 -1 2 3 4 5 6 8 -1 -1 -1 -1 -1 -1 -1 -1 -1 -1 -1 -1 1 -1 9 -1 7 -1 -1 11 24 12 -1 28 -1 14 -1 15 -1 -1 -1 -1 -1 -1 -1 0 -1 -1 -1 30 -1 -1 -1 28 -1 -1 -1 -1 -1 -1 29 -1 -1 10 27 26 -1 23 -1 25 -1 17 -1 -1 -1 -1 -1 -1 -1 -1 -1 -1 -1 -1 -1 22 21 20 19 18 16 -1 
-1 -1 2 3 4 5 6 8 -1 -1 -1 -1 -1 -1 -1 -1 -1 -1 -1 -1 1 -1 9 -1 7 -1 -1 11 24 12 -1 28 -1 14 -1 15 -1 -1 -1 -1 -1 -1 -1 0 -1 -1 -1 30 -1 -1 -1 28 -1 -1 -1 -1 -1 -1 29 -1 10 -1 27 26 -1 23 -1 25 -1 17 -1 -1 -1 -1 -1 -1 -1 -1 -1 -1 -1 -1 -1 22 21 20 19 18 16 -1 
-1 -1 2 3 4 5 6 8 -1 -1 -1 -1 -1 -1 -1 -1 -1 -1 -1 -1 1 -1 9 -1 7 -1 -1 11 -1 24 -1 28 -1 14 -1 15 -1 -1 -1 -1 -1 -1 -1 0 -1 -1 -1 30 -1 -1 -1 28 -1 -1 -1 -1 -1 -1 29 -1 10 -1 27 26 -1 23 -1 25 -1 17 -1 -1 -1 -1 -1 -1 -1 -1 -1 -1 -1 -1 -1 22 21 20 19 18 16 -1 
-1 -1 2 3 4 5 6 8 -1 -1 -1 -1 -1 -1 -1 -1 -1 -1 -1 -1 1 -1 9 -1 7 -1 -1 11 -1 24 -1 28 -1 14 -1 15 -1 -1 -1 -1 -1 -1 -1 -1 -1 -1 -1 30 -1 -1 -1 28 -1 -1 -1 -1 -1 -1 29 -1 10 -1 27 26 -1 23 -1 25 -1 17 -1 -1 -1 -1 -1 -1 -1 -1 -1 -1 -1 -1 -1 22 21 20 19 18 0 -1 
-1 -1 2 3 4 5 6 8 -1 -1 -1 -1 -1 -1 -1 -1 -1 -1 -1 -1 1 -1 9 -1 7 -1 -1 11 -1 24 -1 28 -1 14 -1 15 -1 -1 -1 -1 -1 -1 -1 -1 -1 -1 -1 30 -1 -1 -1 28 -1 -1 -1 -1 -1 -1 29 -1 10 -1 27 26 -1 23 -1 25 -1 -1 -1 -1 -1 -1 -1 -1 -1 -1 -1 -1 -1 -1 -1 22 21 20 19 18 17 -1 
-1 -1 2 3 4 5 6 8 -1 -1 -1 -1 -1 -1 -1 -1 -1 -1 -1 -1 1 -1 9 -1 7 -1 -1 11 -1 24 -1 28 -1 14 -1 15 -1 -1 -1 -1 -1 -1 -1 -1 -1 -1 -1 30 -1 -1 -1 28 -1 -1 -1 -1 -1 -1 29 -1 10 -1 27 26 -1 23 -1 25 -1 -1 -1 -1 -1 -1 -1 -1 -1 -1 -1 -1 -1 -1 -1 22 21 20 19 18 -1 -1 
-1 -1 2 3 4 5 6 8 -1 -1 -1 -1 -1 -1 -1 -1 -1 -1 -1 -1 24 -1 9 -1 7 -1 -1 11 -1 -1 -1 28 -1 14 -1 15 -1 -1 -1 -1 -1 -1 -1 -1 -1 -1 -1 30 -1 -1 -1 28 -1 -1 -1 -1 -1 -1 29 -1 10 -1 27 26 -1 23 -1 25 -1 -1 -1 -1 -1 -1 -1 -1 -1 -1 -1 -1 -1 -1 -1 22 21 20 19 18 -1 -1 
-1 -1 2 3 4 5 6 8 -1 -1 -1 -1 -1 -1 -1 -1 -1 -1 -1 -1 24 -1 9 -1 7 -1 -1 11 -1 -1 -1 28 -1 14 -1 15 -1 -1 -1 -1 -1 -1 -1 -1 -1 -1 -1 30 -1 -1 -1 28 -1 -1 -1 -1 -1 -1 29 -1 10 -1 27 26 -1 23 -1 25 -1 -1 -1 -1 -1 -1 -1 -1 -1 -1 -1 -1 -1 -1 -1 22 21 20 19 18 -1 -1 
-1 -1 24 3 4 5 6 8 -1 -1 -1 -1 -1 -1 -1 -1 -1 -1 -1 -1 -1 -1 9 -1 7 -1 -1 11 -1 -1 -1 28 -1 14 -1 15 -1 -1 -1 -1 -1 -1 -1 -1 -1 -1 -1 30 -1 -1 -1 28 -1 -1 -1 -1 -1 -1 29 -1 10 -1 27 26 -1 23 -1 25 -1 -1 -1 -1 -1 -1 -1 -1 -1 -1 -1 -1 -1 -1 -1 22 21 20 19 18 -1 -1 
-1 -1 24 3 4 5 6 8 -1 -1 -1 -1 -1 -1 -1 -1 -1 -1 -1 -1 -1 -1 9 -1 7 -1 -1 11 -1 -1 -1 28 -1 14 -1 15 -1 -1 -1 -1 -1 -1 -1 -1 -1 -1 -1 30 -1 -1 -1 28 -1 -1 -1 -1 -1 -1 29 -1 -1 -1 27 26 -1 23 -1 25 -1 10 -1 -1 -1 -1 -1 -1 -1 -1 -1 -1 -1 -1 -1 22 21 20 19 18 -1 -1 
-1 -1 24 3 4 5 6 8 -1 -1 -1 -1 -1 -1 -1 -1 -1 -1 -1 -1 -1 -1 9 -1 7 -1 -1 11 -1 -1 -1 28 -1 14 -1 15 -1 -1 30 -1 -1 -1 -1 -1 -1 -1 -1 -1 -1 -1 -1 28 -1 -1 -1 -1 -1 -1 29 -1 -1 -1 27 26 -1 23 -1 25 -1 10 -1 -1 -1 -1 -1 -1 -1 -1 -1 -1 -1 -1 -1 22 21 20 19 18 -1 -1 
-1 -1 24 3 4 5 6 8 -1 -1 -1 -1 -1 -1 -1 -1 -1 -1 -1 -1 -1 -1 9 -1 7 -1 -1 11 -1 -1 -1 28 -1 14 -1 15 -1 -1 30 -1 -1 -1 -1 -1 -1 -1 -1 -1 -1 -1 -1 28 -1 -1 -1 -1 -1 -1 29 -1 -1 -1 27 26 -1 10 -1 25 -1 -1 -1 -1 -1 -1 -1 -1 -1 -1 -1 -1 -1 -1 -1 22 21 20 19 18 -1 -1 
-1 -1 24 3 4 5 6 8 -1 -1 -1 -1 -1 -1 -1 -1 -1 -1 -1 -1 -1 -1 9 -1 7 -1 -1 11 -1 -1 -1 28 -1 14 -1 15 -1 -1 -1 30 -1 -1 -1 -1 -1 -1 -1 -1 -1 -1 -1 28 -1 -1 -1 -1 -1 -1 29 -1 -1 -1 27 26 -1 10 -1 25 -1 -1 -1 -1 -1 -1 -1 -1 -1 -1 -1 -1 -1 -1 -1 22 21 20 19 18 -1 -1 
-1 -1 24 3 4 5 6 8 -1 -1 -1 -1 -1 -1 -1 -1 -1 -1 -1 -1 -1 -1 -1 -1 7 -1 -1 11 -1 -1 -1 28 -1 14 -1 15 -1 -1 -1 30 -1 -1 -1 -1 -1 -1 -1 -1 -1 -1 -1 28 -1 -1 -1 -1 -1 -1 9 -1 -1 -1 27 26 -1 10 -1 25 -1 -1 -1 -1 -1 -1 -1 -1 -1 -1 -1 -1 -1 -1 -1 22 21 20 19 18 -1 -1 
-1 -1 24 3 4 5 6 8 -1 -1 -1 -1 -1 -1 -1 -1 -1 -1 -1 -1 -1 -1 -1 -1 7 -1 -1 11 -1 -1 -1 28 -1 14 -1 15 -1 -1 -1 30 -1 -1 -1 -1 -1 -1 -1 -1 -1 -1 -1 28 -1 -1 -1 -1 -1 -1 9 -1 -1 -1 27 26 -1 10 -1 25 -1 -1 -1 -1 -1 -1 -1 -1 21 -1 -1 -1 -1 -1 -1 22 -1 20 19 18 -1 -1 
-1 -1 24 3 4 5 6 8 -1 -1 -1 -1 -1 -1 -1 -1 -1 -1 -1 -1 -1 -1 -1 -1 7 -1 -1 11 -1 -1 -1 28 -1 14 -1 15 -1 -1 -1 30 -1 -1 -1 -1 -1 -1 -1 -1 -1 -1 -1 28 -1 -1 -1 -1 -1 -1 9 -1 -1 -1 27 26 10 -1 -1 25 -1 -1 -1 -1 -1 -1 -1 -1 21 -1 -1 -1 -1 -1 -1 22 -1 20 19 18 -1 -1 
-1 24 -1 3 4 5 6 8 -1 -1 -1 -1 -1 -1 -1 -1 -1 -1 -1 -1 -1 -1 -1 -1 7 -1 -1 11 -1 -1 -1 28 -1 14 -1 15 -1 -1 -1 30 -1 -1 -1 -1 -1 -1 -1 -1 -1 -1 -1 28 -1 -1 -1 -1 -1 -1 9 -1 -1 -1 27 26 10 -1 -1 25 -1 -1 -1 -1 -1 -1 -1 -1 21 -1 -1 -1 -1 -1 -1 22 -1 20 19 18 -1 -1 
-1 24 -1 3 4 5 6 8 -1 -1 -1 -1 -1 -1 -1 -1 -1 -1 -1 -1 -1 -1 -1 -1 7 -1 -1 11 -1 -1 -1 28 -1 14 -1 15 -1 -1 -1 30 -1 -1 -1 -1 -1 -1 -1 -1 -1 -1 -1 28 -1 -1 -1 -1 -1 -1 9 -1 -1 -1 27 26 10 -1 -1 25 -1 -1 -1 -1 -1 -1 -1 -1 21 -1 -1 -1 -1 -1 -1 22 -1 20 19 18 -1 -1 
-1 -1 -1 3 4 5 6 8 -1 -1 -1 -1 -1 -1 -1 -1 -1 -1 -1 -1 -1 -1 -1 -1 7 -1 -1 11 -1 -1 -1 28 -1 14 -1 15 -1 -1 -1 30 -1 -1 -1 -1 -1 -1 -1 -1 -1 -1 -1 28 -1 -1 -1 -1 -1 -1 9 -1 -1 -1 27 26 24 -1 -1 25 -1 -1 -1 -1 -1 -1 -1 -1 21 -1 -1 -1 -1 -1 -1 22 -1 20 19 18 -1 -1 
-1 -1 -1 3 4 5 6 8 -1 -1 -1 -1 -1 -1 -1 -1 -1 -1 -1 -1 -1 -1 -1 -1 7 -1 -1 11 -1 -1 -1 28 -1 14 -1 15 -1 -1 -1 30 -1 -1 -1 -1 -1 -1 -1 -1 -1 -1 -1 28 -1 -1 -1 -1 -1 -1 9 -1 -1 -1 27 26 24 -1 -1 25 -1 -1 -1 -1 -1 -1 -1 -1 21 -1 -1 -1 -1 -1 -1 22 -1 20 19 18 -1 -1 
-1 -1 -1 3 4 5 6 8 -1 -1 -1 -1 -1 -1 -1 -1 -1 -1 -1 -1 -1 -1 -1 -1 7 -1 -1 11 -1 -1 -1 28 -1 14 -1 15 -1 -1 -1 30 -1 -1 -1 -1 -1 -1 -1 -1 -1 -1 -1 28 -1 -1 -1 -1 -1 -1 9 -1 -1 -1 27 26 24 -1 -1 25 -1 -1 -1 -1 -1 -1 -1 -1 21 -1 -1 -1 -1 -1 -1 22 20 -1 19 18 -1 -1 
-1 -1 -1 3 4 5 6 8 -1 -1 -1 -1 -1 -1 -1 -1 -1 -1 -1 -1 -1 -1 -1 -1 7 -1 -1 11 -1 -1 -1 28 -1 14 -1 15 -1 -1 -1 30 -1 -1 -1 -1 -1 -1 -1 -1 -1 -1 -1 28 -1 -1 -1 -1 -1 -1 9 -1 -1 -1 27 26 24 -1 -1 25 -1 -1 -1 -1 -1 -1 -1 -1 21 -1 -1 -1 -1 -1 -1 22 20 -1 19 18 -1 -1 
-1 -1 -1 3 4 5 6 8 -1 -1 -1 -1 -1 -1 -1 -1 -1 -1 -1 -1 -1 -1 -1 -1 7 -1 -1 11 -1 -1 -1 28 -1 14 -1 15 -1 -1 -1 30 -1 -1 -1 -1 -1 -1 -1 -1 -1 -1 -1 28 -1 -1 -1 -1 -1 -1 9 -1 -1 -1 27 26 -1 -1 24 25 -1 -1 -1 -1 -1 -1 -1 -1 21 -1 -1 -1 -1 -1 -1 22 20 -1 19 18 -1 -1 
-1 -1 -1 3 4 5 6 8 -1 -1 -1 -1 -1 -1 -1 -1 -1 -1 -1 -1 -1 -1 -1 -1 7 -1 -1 11 -1 -1 -1 28 -1 14 -1 15 -1 -1 -1 30 -1 -1 -1 -1 -1 -1 -1 -1 -1 -1 -1 28 -1 -1 -1 -1 -1 -1 9 -1 -1 -1 27 26 -1 -1 24 25 -1 -1 -1 -1 -1 -1 -1 -1 21 -1 -1 -1 -1 -1 -1 22 20 -1 19 18 -1 -1 
-1 -1 -1 3 4 5 6 8 -1 -1 -1 -1 -1 -1 -1 -1 -1 -1 -1 -1 -1 -1 -1 -1 7 -1 -1 11 -1 -1 -1 28 -1 14 -1 15 -1 -1 -1 30 -1 -1 -1 -1 -1 -1 -1 -1 -1 -1 -1 28 -1 -1 -1 -1 -1 -1 9 -1 -1 -1 27 26 -1 -1 21 25 -1 -1 -1 -1 -1 -1 -1 -1 -1 -1 -1 -1 -1 -1 -1 22 20 -1 19 18 -1 -1 
-1 -1 -1 3 4 5 6 8 -1 -1 -1 -1 -1 -1 -1 -1 -1 -1 -1 -1 -1 -1 -1 -1 7 -1 -1 11 -1 -1 -1 28 -1 -1 -1 15 -1 -1 -1 30 -1 -1 14 -1 -1 -1 -1 -1 -1 -1 -1 28 -1 -1 -1 -1 -1 -1 9 -1 -1 -1 27 26 -1 -1 21 25 -1 -1 -1 -1 -1 -1 -1 -1 -1 -1 -1 -1 -1 -1 -1 22 20 -1 19 18 -1 -1 
-1 -1 -1 3 4 5 6 8 -1 -1 -1 -1 -1 -1 -1 -1 -1 -1 -1 -1 -1 -1 -1 -1 7 -1 -1 26 -1 -1 -1 28 -1 -1 -1 15 -1 -1 -1 30 -1 -1 14 -1 -1 -1 -1 -1 -1 -1 -1 28 -1 -1 -1 -1 -1 -1 9 -1 -1 -1 27 -1 -1 -1 21 25 -1 -1 -1 -1 -1 -1 -1 -1 -1 -1 -1 -1 -1 -1 -1 22 20 -1 19 18 -1 -1 
-1 -1 -1 3 4 5 6 8 -1 -1 -1 -1 -1 -1 -1 -1 -1 -1 -1 -1 -1 -1 -1 -1 7 -1 -1 26 -1 -1 -1 28 -1 -1 -1 15 -1 -1 -1 30 -1 -1 -1 -1 -1 -1 -1 -1 -1 -1 -1 14 -1 -1 -1 -1 -1 -1 9 -1 -1 -1 27 -1 -1 -1 21 25 -1 -1 -1 -1 -1 -1 -1 -1 -1 -1 -1 -1 -1 -1 -1 22 20 -1 19 18 -1 -1 
-1 -1 -1 3 4 5 6 8 -1 -1 -1 -1 -1 -1 -1 -1 -1 -1 -1 -1 -1 -1 -1 -1 7 -1 -1 26 -1 -1 -1 28 -1 -1 -1 15 -1 -1 -1 30 -1 -1 -1 -1 -1 -1 -1 -1 -1 -1 -1 14 -1 -1 -1 -1 -1 -1 9 -1 -1 -1 27 -1 -1 -1 21 -1 -1 25 -1 -1 -1 -1 -1 -1 -1 -1 -1 -1 -1 -1 -1 22 20 -1 19 18 -1 -1 
-1 -1 -1 3 4 5 6 8 -1 -1 -1 -1 -1 -1 -1 -1 -1 -1 -1 -1 -1 -1 -1 -1 -1 -1 -1 26 -1 -1 -1 28 -1 -1 -1 15 -1 -1 -1 30 -1 7 -1 -1 -1 -1 -1 -1 -1 -1 -1 14 -1 -1 -1 -1 -1 -1 9 -1 -1 -1 27 -1 -1 -1 21 -1 -1 25 -1 -1 -1 -1 -1 -1 -1 -1 -1 -1 -1 -1 -1 22 20 -1 19 18 -1 -1 
-1 -1 -1 3 4 5 25 8 -1 -1 -1 -1 -1 -1 -1 -1 -1 -1 -1 -1 -1 -1 -1 -1 -1 -1 -1 26 -1 -1 -1 28 -1 -1 -1 15 -1 -1 -1 30 -1 7 -1 -1 -1 -1 -1 -1 -1 -1 -1 14 -1 -1 -1 -1 -1 -1 9 -1 -1 -1 27 -1 -1 -1 21 -1 -1 -1 -1 -1 -1 -1 -1 -1 -1 -1 -1 -1 -1 -1 -1 22 20 -1 19 18 -1 -1 
-1 -1 -1 3 -1 5 25 8 -1 -1 -1 -1 -1 4 -1 -1 -1 -1 -1 -1 -1 -1 -1 -1 -1 -1 -1 26 -1 -1 -1 28 -1 -1 -1 15 -1 -1 -1 30 -1 7 -1 -1 -1 -1 -1 -1 -1 -1 -1 14 -1 -1 -1 -1 -1 -1 9 -1 -1 -1 27 -1 -1 -1 21 -1 -1 -1 -1 -1 -1 -1 -1 -1 -1 -1 -1 -1 -1 -1 -1 22 20 -1 19 18 -1 -1 
-1 -1 -1 25 -1 5 -1 8 -1 -1 -1 -1 -1 4 -1 -1 -1 -1 -1 -1 -1 -1 -1 -1 -1 -1 -1 26 -1 -1 -1 28 -1 -1 -1 15 -1 -1 -1 30 -1 7 -1 -1 -1 -1 -1 -1 -1 -1 -1 14 -1 -1 -1 -1 -1 -1 9 -1 -1 -1 27 -1 -1 -1 21 -1 -1 -1 -1 -1 -1 -1 -1 -1 -1 -1 -1 -1 -1 -1 -1 22 20 -1 19 18 -1 -1 
-1 -1 -1 25 -1 5 -1 8 -1 -1 -1 -1 -1 4 -1 -1 -1 -1 -1 -1 -1 -1 -1 -1 -1 -1 -1 26 -1 -1 -1 28 -1 -1 -1 15 -1 -1 -1 30 -1 -1 -1 -1 -1 -1 -1 -1 -1 -1 -1 14 -1 -1 -1 -1 -1 -1 9 -1 7 -1 27 -1 -1 -1 21 -1 -1 -1 -1 -1 -1 -1 -1 -1 -1 -1 -1 -1 -1 -1 -1 22 20 -1 19 18 -1 -1 
-1 -1 -1 25 -1 5 -1 8 -1 -1 -1 -1 -1 4 -1 -1 -1 -1 -1 -1 -1 -1 -1 -1 -1 -1 -1 26 -1 -1 -1 28 -1 -1 -1 15 -1 -1 -1 30 -1 -1 -1 -1 -1 -1 -1 -1 -1 -1 -1 14 -1 27 -1 -1 -1 -1 9 -1 7 -1 -1 -1 -1 -1 21 -1 -1 -1 -1 -1 -1 -1 -1 -1 -1 -1 -1 -1 -1 -1 -1 22 20 -1 19 18 -1 -1 
-1 -1 -1 25 -1 5 -1 8 -1 -1 -1 -1 -1 4 -1 -1 -1 -1 -1 -1 -1 -1 -1 -1 -1 -1 -1 26 -1 -1 -1 28 -1 -1 -1 15 -1 -1 -1 30 -1 -1 -1 -1 -1 -1 -1 -1 -1 -1 -1 14 -1 7 -1 -1 -1 -1 9 -1 -1 -1 -1 -1 -1 -1 21 -1 -1 -1 -1 -1 -1 -1 -1 -1 -1 -1 -1 -1 -1 -1 -1 22 20 -1 19 18 -1 -1 
-1 -1 -1 25 -1 5 -1 8 -1 -1 -1 -1 -1 4 -1 -1 -1 -1 -1 -1 -1 -1 -1 -1 -1 -1 -1 -1 -1 -1 -1 28 -1 -1 -1 26 -1 -1 -1 30 -1 -1 -1 -1 -1 -1 -1 -1 -1 -1 -1 14 -1 7 -1 -1 -1 -1 9 -1 -1 -1 -1 -1 -1 -1 21 -1 -1 -1 -1 -1 -1 -1 -1 -1 -1 -1 -1 -1 -1 -1 -1 22 20 -1 19 18 -1 -1 
-1 -1 -1 25 -1 5 -1 8 -1 -1 -1 -1 4 -1 -1 -1 -1 -1 -1 -1 -1 -1 -1 -1 -1 -1 -1 -1 -1 -1 -1 28 -1 -1 -1 26 -1 -1 -1 30 -1 -1 -1 -1 -1 -1 -1 -1 -1 -1 -1 14 -1 7 -1 -1 -1 -1 9 -1 -1 -1 -1 -1 -1 -1 21 -1 -1 -1 -1 -1 -1 -1 -1 -1 -1 -1 -1 -1 -1 -1 -1 22 20 -1 19 18 -1 -1 
-1 -1 25 -1 -1 5 -1 8 -1 -1 -1 -1 4 -1 -1 -1 -1 -1 -1 -1 -1 -1 -1 -1 -1 -1 -1 -1 -1 -1 -1 28 -1 -1 -1 26 -1 -1 -1 30 -1 -1 -1 -1 -1 -1 -1 -1 -1 -1 -1 14 -1 7 -1 -1 -1 -1 9 -1 -1 -1 -1 -1 -1 -1 21 -1 -1 -1 -1 -1 -1 -1 -1 -1 -1 -1 -1 -1 -1 -1 -1 22 20 -1 19 18 -1 -1 
-1 -1 25 -1 -1 5 -1 8 -1 -1 -1 -1 4 -1 -1 -1 -1 -1 -1 -1 -1 -1 -1 -1 -1 -1 -1 -1 -1 -1 -1 28 -1 -1 -1 26 -1 -1 -1 30 -1 -1 -1 -1 -1 -1 -1 -1 -1 -1 -1 14 -1 7 -1 -1 -1 9 -1 -1 -1 -1 -1 -1 -1 -1 21 -1 -1 -1 -1 -1 -1 -1 -1 -1 -1 -1 -1 -1 -1 -1 -1 22 20 -1 19 18 -1 -1 
-1 -1 25 -1 -1 5 -1 8 -1 -1 -1 -1 4 -1 -1 -1 -1 -1 -1 -1 -1 -1 -1 -1 -1 -1 -1 -1 -1 -1 -1 28 -1 -1 -1 26 -1 -1 -1 30 -1 -1 -1 -1 -1 -1 -1 -1 -1 -1 -1 14 -1 7 -1 -1 -1 9 -1 -1 -1 -1 -1 -1 -1 -1 21 -1 -1 -1 -1 -1 -1 -1 -1 -1 -1 -1 -1 -1 -1 -1 -1 22 -1 20 19 18 -1 -1 
-1 -1 25 -1 -1 5 -1 8 -1 -1 -1 -1 4 -1 -1 -1 -1 -1 -1 -1 -1 -1 -1 -1 -1 -1 -1 -1 -1 -1 -1 28 -1 -1 -1 26 -1 -1 -1 30 -1 -1 -1 -1 -1 -1 -1 -1 -1 -1 -1 14 -1 -1 -1 -1 -1 9 -1 -1 7 -1 -1 -1 -1 -1 21 -1 -1 -1 -1 -1 -1 -1 -1 -1 -1 -1 -1 -1 -1 -1 -1 22 -1 20 19 18 -1 -1 
-1 -1 25 -1 -1 5 -1 8 -1 -1 -1 -1 4 -1 -1 -1 -1 -1 -1 -1 -1 -1 -1 -1 -1 -1 -1 -1 -1 -1 -1 28 -1 -1 -1 26 -1 -1 -1 30 -1 -1 -1 -1 -1 -1 -1 -1 -1 -1 -1 14 -1 -1 -1 -1 -1 9 -1 -1 7 -1 -1 -1 -1 -1 21 -1 -1 -1 -1 -1 -1 -1 -1 -1 19 -1 -1 -1 -1 -1 -1 22 -1 20 -1 18 -1 -1 
-1 -1 25 -1 -1 5 -1 8 -1 -1 -1 -1 4 -1 -1 -1 -1 -1 -1 -1 -1 -1 -1 -1 -1 -1 -1 -1 -1 -1 -1 28 -1 -1 -1 26 -1 -1 -1 30 -1 -1 -1 -1 -1 -1 -1 -1 -1 -1 -1 14 -1 -1 -1 -1 -1 -1 9 -1 7 -1 -1 -1 -1 -1 21 -1 -1 -1 -1 -1 -1 -1 -1 -1 19 -1 -1 -1 -1 -1 -1 22 -1 20 -1 18 -1 -1 
-1 -1 25 -1 -1 5 -1 8 -1 -1 -1 -1 4 -1 -1 -1 -1 -1 -1 -1 -1 -1 -1 -1 -1 -1 -1 -1 -1 -1 -1 28 -1 -1 -1 26 -1 -1 -1 30 -1 -1 -1 -1 -1 -1 -1 -1 -1 -1 -1 14 -1 -1 -1 -1 -1 -1 9 -1 7 -1 -1 -1 -1 -1 21 -1 -1 -1 -1 -1 -1 -1 -1 -1 19 -1 -1 -1 -1 -1 -1 22 20 -1 -1 18 -1 -1 
-1 -1 25 -1 -1 5 -1 8 -1 -1 -1 -1 4 -1 -1 -1 -1 -1 -1 -1 -1 -1 -1 -1 -1 -1 -1 -1 -1 -1 -1 28 -1 -1 -1 26 -1 -1 -1 30 -1 -1 -1 -1 -1 -1 -1 -1 -1 -1 -1 14 -1 -1 -1 -1 -1 9 -1 -1 7 -1 -1 -1 -1 -1 21 -1 -1 -1 -1 -1 -1 -1 -1 -1 19 -1 -1 -1 -1 -1 -1 22 20 -1 -1 18 -1 -1 
-1 -1 25 -1 -1 5 -1 8 -1 -1 -1 -1 4 -1 -1 -1 -1 -1 -1 -1 -1 -1 -1 -1 -1 -1 -1 -1 -1 -1 -1 28 -1 -1 -1 26 -1 -1 -1 30 -1 -1 -1 -1 -1 -1 -1 -1 -1 -1 -1 14 -1 -1 -1 -1 -1 9 -1 -1 7 -1 -1 -1 -1 -1 21 -1 -1 -1 -1 -1 -1 -1 -1 -1 19 -1 -1 -1 -1 -1 -1 22 -1 20 -1 18 -1 -1 
-1 -1 25 -1 -1 5 -1 8 -1 -1 -1 -1 4 -1 -1 -1 -1 -1 -1 -1 -1 -1 -1 -1 -1 -1 -1 -1 -1 -1 -1 28 -1 -1 -1 26 -1 -1 -1 30 -1 -1 -1 -1 -1 -1 -1 -1 -1 -1 14 -1 -1 -1 -1 -1 -1 9 -1 -1 7 -1 -1 -1 -1 -1 21 -1 -1 -1 -1 -1 -1 -1 -1 -1 19 -1 -1 -1 -1 -1 -1 22 -1 20 -1 18 -1 -1 
-1 -1 25 -1 -1 5 -1 8 -1 -1 -1 -1 4 -1 -1 -1 -1 -1 -1 -1 -1 -1 -1 -1 -1 -1 -1 -1 -1 -1 -1 28 -1 -1 -1 26 -1 -1 -1 30 -1 -1 -1 -1 -1 31 -1 -1 -1 -1 14 -1 -1 -1 -1 -1 -1 9 -1 -1 7 -1 -1 -1 -1 -1 21 -1 -1 -1 -1 -1 -1 -1 -1 -1 19 -1 -1 -1 -1 -1 -1 22 -1 20 -1 18 -1 -1 
-1 -1 25 -1 -1 5 -1 8 -1 -1 -1 -1 4 -1 -1 -1 -1 -1 -1 -1 -1 -1 -1 -1 -1 -1 -1 -1 -1 -1 -1 28 -1 -1 -1 26 -1 -1 -1 30 -1 7 -1 -1 -1 31 -1 -1 -1 -1 14 -1 -1 -1 -1 -1 -1 9 -1 -1 -1 -1 -1 -1 -1 -1 21 -1 -1 -1 -1 -1 -1 -1 -1 -1 19 -1 -1 -1 -1 -1 -1 22 -1 20 -1 18 -1 -1 
-1 -1 25 -1 -1 5 -1 8 -1 -1 -1 -1 4 -1 -1 -1 -1 -1 -1 -1 -1 -1 -1 -1 -1 -1 -1 -1 -1 -1 -1 28 -1 -1 -1 26 31 -1 -1 30 -1 7 -1 -1 -1 -1 -1 -1 -1 -1 14 -1 -1 -1 -1 -1 -1 9 -1 -1 -1 -1 -1 -1 -1 -1 21 -1 -1 -1 -1 -1 -1 -1 -1 -1 19 -1 -1 -1 -1 -1 -1 22 -1 20 -1 18 -1 -1 
-1 -1 25 -1 -1 5 -1 8 -1 -1 -1 -1 4 -1 -1 -1 -1 -1 -1 -1 -1 -1 -1 -1 -1 -1 -1 -1 -1 -1 -1 28 -1 -1 -1 26 31 -1 -1 30 -1 -1 -1 -1 -1 -1 -1 -1 7 -1 14 -1 -1 -1 -1 -1 -1 9 -1 -1 -1 -1 -1 -1 -1 -1 21 -1 -1 -1 -1 -1 -1 -1 -1 -1 19 -1 -1 -1 -1 -1 -1 22 -1 20 -1 18 -1 -1 
-1 -1 25 -1 -1 5 -1 8 -1 -1 -1 -1 4 -1 -1 -1 -1 -1 -1 -1 -1 -1 -1 -1 -1 -1 -1 -1 -1 -1 -1 28 -1 -1 -1 26 31 -1 30 -1 -1 -1 -1 -1 -1 -1 -1 -1 7 -1 14 -1 -1 -1 -1 -1 -1 9 -1 -1 -1 -1 -1 -1 -1 -1 21 -1 -1 -1 -1 -1 -1 -1 -1 -1 19 -1 -1 -1 -1 -1 -1 22 -1 20 -1 18 -1 -1 
-1 -1 25 -1 -1 5 -1 8 -1 -1 -1 -1 4 -1 -1 -1 -1 -1 -1 -1 -1 -1 -1 -1 -1 -1 -1 -1 -1 -1 -1 28 -1 -1 -1 26 31 -1 30 -1 -1 -1 -1 -1 -1 -1 -1 -1 7 -1 14 -1 -1 -1 -1 -1 -1 -1 9 -1 -1 -1 -1 -1 -1 -1 21 -1 -1 -1 -1 -1 -1 -1 -1 -1 19 -1 -1 -1 -1 -1 -1 22 -1 20 -1 18 -1 -1 
-1 -1 25 -1 -1 5 -1 8 -1 -1 -1 -1 4 -1 -1 -1 -1 -1 -1 -1 -1 -1 -1 -1 -1 -1 -1 -1 -1 -1 -1 28 -1 -1 -1 26 31 -1 30 -1 -1 -1 -1 -1 -1 -1 -1 -1 7 -1 14 -1 -1 -1 -1 -1 -1 -1 9 -1 -1 -1 -1 -1 -1 -1 21 -1 -1 -1 -1 -1 -1 -1 -1 -1 19 -1 -1 -1 -1 -1 -1 22 -1 -1 20 18 -1 -1 
-1 -1 25 -1 -1 5 -1 8 -1 -1 -1 -1 4 -1 -1 -1 -1 -1 -1 -1 -1 -1 -1 -1 -1 -1 -1 -1 -1 -1 -1 28 -1 -1 -1 26 31 -1 30 -1 -1 -1 -1 -1 -1 -1 -1 -1 -1 -1 14 -1 -1 -1 -1 -1 -1 -1 9 7 -1 -1 -1 -1 -1 -1 21 -1 -1 -1 -1 -1 -1 -1 -1 -1 19 -1 -1 -1 -1 -1 -1 22 -1 -1 20 18 -1 -1 
-1 -1 25 -1 -1 5 -1 8 -1 -1 -1 -1 4 -1 -1 -1 -1 -1 -1 -1 -1 -1 -1 -1 -1 -1 -1 -1 -1 -1 -1 28 -1 -1 -1 26 31 -1 -1 30 -1 -1 -1 -1 -1 -1 -1 -1 -1 -1 14 -1 -1 -1 -1 -1 -1 -1 9 7 -1 -1 -1 -1 -1 -1 21 -1 -1 -1 -1 -1 -1 -1 -1 -1 19 -1 -1 -1 -1 -1 -1 22 -1 -1 20 18 -1 -1 
-1 -1 25 -1 -1 5 -1 8 -1 -1 -1 -1 4 -1 -1 -1 -1 -1 -1 -1 -1 -1 -1 -1 -1 -1 -1 -1 -1 -1 -1 28 -1 -1 -1 26 31 -1 -1 30 -1 -1 -1 -1 -1 -1 -1 -1 -1 -1 14 -1 7 -1 -1 -1 -1 -1 9 -1 -1 -1 -1 -1 -1 -1 21 -1 -1 -1 -1 -1 -1 -1 -1 -1 19 -1 -1 -1 -1 -1 -1 22 -1 -1 20 18 -1 -1 
-1 -1 25 -1 -1 5 -1 8 -1 -1 -1 -1 4 -1 -1 -1 -1 -1 -1 -1 -1 -1 -1 -1 -1 -1 -1 -1 -1 -1 -1 28 -1 -1 -1 -1 31 -1 -1 30 -1 -1 -1 -1 -1 -1 -1 -1 -1 -1 14 -1 7 -1 -1 -1 -1 -1 9 -1 -1 -1 -1 -1 -1 -1 21 -1 -1 -1 -1 -1 -1 -1 -1 -1 19 -1 -1 -1 26 -1 -1 22 -1 -1 20 18 -1 -1 
-1 -1 25 -1 -1 5 -1 8 -1 -1 -1 -1 4 -1 -1 -1 -1 -1 -1 -1 -1 -1 -1 -1 -1 -1 -1 -1 -1 -1 -1 28 -1 -1 -1 -1 31 -1 -1 30 -1 -1 -1 -1 -1 -1 -1 -1 -1 -1 14 -1 -1 -1 -1 -1 -1 -1 9 -1 -1 -1 -1 -1 -1 -1 21 -1 -1 7 -1 -1 -1 -1 -1 -1 19 -1 -1 -1 26 -1 -1 22 -1 -1 20 18 -1 -1 
-1 -1 25 -1 -1 5 -1 8 -1 -1 -1 -1 4 -1 -1 -1 -1 -1 -1 -1 -1 -1 -1 -1 -1 -1 -1 -1 -1 -1 -1 28 -1 -1 -1 -1 31 -1 -1 30 -1 -1 -1 -1 -1 -1 -1 -1 -1 -1 14 -1 -1 -1 -1 -1 -1 -1 9 -1 -1 -1 -1 -1 -1 -1 21 -1 -1 7 -1 -1 -1 -1 -1 -1 19 -1 26 -1 -1 -1 -1 22 -1 -1 20 18 -1 -1 
-1 -1 25 -1 -1 5 -1 8 -1 -1 -1 -1 4 -1 -1 -1 -1 -1 -1 -1 -1 -1 -1 -1 -1 -1 -1 -1 -1 -1 -1 28 -1 -1 -1 -1 31 -1 -1 30 -1 -1 -1 -1 -1 -1 -1 -1 -1 -1 -1 -1 -1 -1 -1 -1 -1 -1 9 14 -1 -1 -1 -1 -1 -1 21 -1 -1 7 -1 -1 -1 -1 -1 -1 19 -1 26 -1 -1 -1 -1 22 -1 -1 20 18 -1 -1 
-1 -1 -1 -1 -1 5 -1 8 -1 -1 -1 -1 4 -1 -1 -1 -1 -1 -1 -1 -1 -1 -1 -1 -1 -1 -1 -1 -1 -1 -1 28 -1 -1 -1 -1 31 -1 -1 30 -1 -1 -1 -1 -1 -1 -1 -1 -1 -1 -1 -1 -1 -1 -1 -1 -1 -1 9 14 -1 -1 -1 -1 -1 -1 21 -1 -1 7 -1 -1 -1 -1 25 -1 19 -1 26 -1 -1 -1 -1 22 -1 -1 20 18 -1 -1 
-1 -1 -1 -1 -1 5 -1 8 -1 -1 -1 -1 4 -1 -1 -1 -1 -1 -1 -1 -1 -1 -1 -1 -1 -1 -1 -1 -1 -1 -1 28 -1 -1 -1 -1 31 -1 -1 30 -1 -1 -1 -1 -1 -1 -1 -1 -1 -1 7 -1 -1 -1 -1 -1 -1 -1 9 14 -1 -1 -1 -1 -1 -1 21 -1 -1 -1 -1 -1 -1 -1 25 -1 19 -1 26 -1 -1 -1 -1 22 -1 -1 20 18 -1 -1 
-1 -1 -1 -1 -1 5 -1 8 -1 -1 -1 -1 4 -1 -1 -1 -1 -1 -1 -1 -1 -1 -1 -1 -1 -1 -1 -1 -1 -1 -1 28 -1 -1 -1 -1 -1 31 -1 30 -1 -1 -1 -1 -1 -1 -1 -1 -1 -1 7 -1 -1 -1 -1 -1 -1 -1 9 14 -1 -1 -1 -1 -1 -1 21 -1 -1 -1 -1 -1 -1 -1 25 -1 19 -1 26 -1 -1 -1 -1 22 -1 -1 20 18 -1 -1 
-1 -1 -1 -1 -1 5 -1 8 -1 -1 -1 -1 4 -1 -1 -1 -1 -1 -1 -1 -1 -1 -1 -1 -1 -1 -1 -1 -1 -1 -1 28 -1 -1 -1 -1 -1 31 -1 30 -1 -1 -1 -1 -1 -1 -1 -1 -1 -1 7 -1 -1 -1 -1 -1 -1 -1 9 -1 14 -1 -1 -1 -1 -1 21 -1 -1 -1 -1 -1 -1 -1 25 -1 19 -1 26 -1 -1 -1 -1 22 -1 -1 20 18 -1 -1 
-1 -1 -1 -1 -1 5 -1 8 -1 -1 -1 -1 4 -1 -1 -1 -1 -1 -1 -1 -1 -1 -1 -1 -1 -1 -1 -1 -1 -1 -1 28 -1 -1 -1 -1 -1 -1 31 30 -1 -1 -1 -1 -1 -1 -1 -1 -1 -1 7 -1 -1 -1 -1 -1 -1 -1 9 -1 14 -1 -1 -1 -1 -1 21 -1 -1 -1 -1 -1 -1 -1 25 -1 19 -1 26 -1 -1 -1 -1 22 -1 -1 20 18 -1 -1 
-1 -1 -1 -1 -1 5 -1 8 -1 -1 -1 -1 -1 4 -1 -1 -1 -1 -1 -1 -1 -1 -1 -1 -1 -1 -1 -1 -1 -1 -1 28 -1 -1 -1 -1 -1 -1 31 30 -1 -1 -1 -1 -1 -1 -1 -1 -1 -1 7 -1 -1 -1 -1 -1 -1 -1 9 -1 14 -1 -1 -1 -1 -1 21 -1 -1 -1 -1 -1 -1 -1 25 -1 19 -1 26 -1 -1 -1 -1 22 -1 -1 20 18 -1 -1 
-1 -1 -1 -1 -1 5 -1 8 -1 -1 -1 -1 -1 4 -1 -1 -1 -1 -1 -1 -1 -1 -1 -1 -1 -1 -1 -1 -1 -1 -1 28 -1 -1 -1 -1 -1 -1 31 30 -1 -1 -1 -1 -1 -1 -1 -1 -1 -1 7 -1 -1 -1 -1 -1 25 -1 9 -1 14 -1 -1 -1 -1 -1 21 -1 -1 -1 -1 -1 -1 -1 -1 -1 19 -1 26 -1 -1 -1 -1 22 -1 -1 20 18 -1 -1 
-1 -1 -1 -1 -1 5 -1 8 -1 -1 -1 -1 -1 4 -1 -1 -1 -1 -1 -1 -1 -1 -1 -1 -1 -1 -1 -1 -1 -1 -1 28 -1 -1 -1 -1 -1 -1 31 30 -1 -1 -1 -1 -1 -1 -1 -1 -1 -1 7 -1 -1 -1 -1 -1 25 -1 9 -1 -1 -1 -1 -1 -1 -1 21 -1 -1 14 -1 -1 -1 -1 -1 -1 19 -1 26 -1 -1 -1 -1 22 -1 -1 20 18 -1 -1 
-1 -1 -1 -1 -1 5 -1 8 -1 -1 -1 -1 -1 4 -1 -1 -1 -1 -1 -1 -1 -1 -1 -1 -1 -1 -1 -1 -1 -1 -1 28 -1 -1 -1 -1 -1 -1 31 30 -1 -1 -1 -1 -1 -1 -1 -1 -1 -1 7 -1 -1 -1 -1 -1 25 -1 9 -1 -1 -1 -1 -1 -1 -1 21 -1 -1 14 -1 -1 -1 -1 -1 -1 19 26 -1 -1 -1 -1 -1 22 -1 -1 20 18 -1 -1 
-1 -1 -1 -1 4 5 -1 8 -1 -1 -1 -1 -1 -1 -1 -1 -1 -1 -1 -1 -1 -1 -1 -1 -1 -1 -1 -1 -1 -1 -1 28 -1 -1 -1 -1 -1 -1 31 30 -1 -1 -1 -1 -1 -1 -1 -1 -1 -1 7 -1 -1 -1 -1 -1 25 -1 9 -1 -1 -1 -1 -1 -1 -1 21 -1 -1 14 -1 -1 -1 -1 -1 -1 19 26 -1 -1 -1 -1 -1 22 -1 -1 20 18 -1 -1 
-1 -1 -1 -1 4 5 -1 8 -1 -1 -1 -1 -1 -1 -1 -1 -1 -1 -1 -1 -1 -1 -1 -1 -1 -1 -1 -1 -1 -1 -1 28 -1 -1 -1 -1 -1 -1 31 30 -1 -1 -1 -1 -1 -1 -1 -1 -1 -1 7 -1 -1 -1 -1 -1 25 -1 9 26 -1 -1 -1 -1 -1 -1 21 -1 -1 14 -1 -1 -1 -1 -1 -1 19 -1 -1 -1 -1 -1 -1 22 -1 -1 20 18 -1 -1 
-1 -1 -1 -1 4 -1 -1 8 -1 -1 -1 -1 -1 5 -1 -1 -1 -1 -1 -1 -1 -1 -1 -1 -1 -1 -1 -1 -1 -1 -1 28 -1 -1 -1 -1 -1 -1 31 30 -1 -1 -1 -1 -1 -1 -1 -1 -1 -1 7 -1 -1 -1 -1 -1 25 -1 9 26 -1 -1 -1 -1 -1 -1 21 -1 -1 14 -1 -1 -1 -1 -1 -1 19 -1 -1 -1 -1 -1 -1 22 -1 -1 20 18 -1 -1 
-1 -1 -1 -1 4 -1 -1 8 -1 -1 -1 -1 -1 5 -1 -1 -1 -1 -1 -1 -1 -1 -1 -1 -1 -1 -1 -1 -1 -1 -1 28 -1 -1 -1 -1 -1 -1 31 30 -1 -1 -1 -1 -1 -1 -1 -1 -1 -1 7 -1 -1 -1 -1 -1 -1 -1 9 26 -1 -1 -1 -1 -1 25 21 -1 -1 14 -1 -1 -1 -1 -1 -1 19 -1 -1 -1 -1 -1 -1 22 -1 -1 20 18 -1 -1 
-1 -1 -1 -1 4 -1 -1 8 -1 -1 -1 -1 -1 5 -1 -1 -1 -1 -1 -1 -1 -1 -1 -1 -1 -1 -1 -1 -1 -1 -1 28 -1 -1 -1 -1 -1 -1 31 30 -1 -1 -1 -1 -1 -1 -1 -1 -1 -1 7 -1 -1 -1 -1 -1 -1 -1 9 26 -1 -1 -1 -1 -1 25 21 -1 -1 -1 -1 -1 -1 -1 -1 -1 19 -1 14 -1 -1 -1 -1 22 -1 -1 20 18 -1 -1 
-1 -1 -1 -1 4 -1 -1 8 -1 -1 -1 -1 -1 5 -1 -1 -1 -1 -1 -1 -1 -1 -1 -1 -1 -1 -1 -1 -1 -1 -1 28 -1 -1 -1 -1 -1 -1 31 30 -1 -1 -1 -1 -1 -1 -1 -1 -1 -1 7 -1 -1 -1 -1 -1 -1 -1 9 26 -1 -1 -1 -1 -1 -1 21 -1 -1 -1 -1 -1 -1 -1 25 -1 19 -1 14 -1 -1 -1 -1 22 -1 -1 20 18 -1 -1 
-1 -1 -1 -1 4 -1 -1 8 -1 -1 -1 -1 -1 5 -1 -1 -1 -1 -1 -1 -1 -1 -1 -1 -1 -1 -1 -1 -1 -1 -1 28 -1 -1 -1 -1 -1 -1 31 30 -1 -1 -1 -1 -1 -1 -1 -1 -1 -1 -1 -1 -1 -1 -1 -1 -1 -1 9 26 -1 7 -1 -1 -1 -1 21 -1 -1 -1 -1 -1 -1 -1 25 -1 19 -1 14 -1 -1 -1 -1 22 -1 -1 20 18 -1 -1 
-1 -1 -1 -1 4 -1 -1 8 -1 -1 -1 -1 -1 5 -1 -1 -1 -1 -1 -1 -1 -1 -1 -1 -1 -1 -1 -1 -1 -1 -1 28 -1 -1 -1 -1 -1 -1 31 30 -1 -1 -1 -1 -1 -1 -1 -1 -1 -1 -1 -1 -1 -1 -1 -1 -1 -1 9 26 -1 7 -1 -1 -1 -1 21 22 -1 -1 -1 -1 -1 -1 25 -1 19 -1 14 -1 -1 -1 -1 -1 -1 -1 20 18 -1 -1 
-1 -1 -1 -1 4 -1 -1 8 -1 -1 -1 -1 -1 5 -1 -1 -1 -1 -1 -1 -1 -1 -1 -1 -1 -1 -1 -1 -1 -1 -1 28 -1 -1 -1 -1 -1 -1 31 30 -1 -1 -1 -1 -1 -1 -1 -1 -1 9 -1 -1 -1 -1 -1 -1 -1 -1 -1 26 -1 7 -1 -1 -1 -1 21 22 -1 -1 -1 -1 -1 -1 25 -1 19 -1 14 -1 -1 -1 -1 -1 -1 -1 20 18 -1 -1 
-1 -1 -1 -1 4 -1 -1 8 -1 -1 -1 -1 -1 5 -1 -1 -1 -1 -1 -1 -1 -1 -1 -1 -1 -1 -1 -1 -1 -1 -1 28 -1 -1 -1 -1 -1 -1 31 30 -1 -1 -1 -1 -1 -1 -1 -1 -1 9 -1 -1 -1 -1 -1 26 -1 -1 -1 -1 -1 7 -1 -1 -1 -1 21 22 -1 -1 -1 -1 -1 -1 25 -1 19 -1 14 -1 -1 -1 -1 -1 -1 -1 20 18 -1 -1 
-1 -1 -1 -1 4 -1 -1 8 -1 -1 -1 -1 -1 5 -1 -1 -1 -1 -1 -1 -1 -1 -1 -1 -1 -1 -1 -1 -1 -1 -1 28 -1 -1 -1 -1 -1 -1 31 30 -1 -1 -1 -1 -1 -1 -1 -1 -1 -1 9 -1 -1 -1 -1 26 -1 -1 -1 -1 -1 7 -1 -1 -1 -1 21 22 -1 -1 -1 -1 -1 -1 25 -1 19 -1 14 -1 -1 -1 -1 -1 -1 -1 20 18 -1 -1 
-1 -1 -1 -1 4 -1 -1 8 -1 -1 -1 -1 -1 5 -1 -1 -1 -1 -1 -1 -1 -1 -1 -1 -1 -1 -1 -1 -1 -1 -1 28 -1 -1 -1 -1 -1 -1 31 30 -1 -1 -1 -1 -1 -1 -1 -1 -1 -1 9 -1 -1 -1 -1 26 -1 -1 -1 -1 -1 7 -1 -1 -1 -1 21 22 -1 -1 -1 -1 -1 -1 25 -1 19 -1 14 -1 -1 -1 -1 -1 -1 20 -1 18 -1 -1 
-1 -1 -1 -1 4 -1 -1 8 -1 -1 -1 -1 -1 5 -1 -1 -1 -1 -1 -1 -1 -1 -1 -1 -1 -1 -1 -1 -1 -1 -1 28 -1 -1 -1 -1 -1 -1 31 30 -1 9 -1 -1 -1 -1 -1 -1 -1 -1 -1 -1 -1 -1 -1 26 -1 -1 -1 -1 -1 7 -1 -1 -1 -1 21 22 -1 -1 -1 -1 -1 -1 25 -1 19 -1 14 -1 -1 -1 -1 -1 -1 20 -1 18 -1 -1 
-1 -1 -1 -1 4 -1 -1 8 -1 -1 -1 -1 -1 5 -1 -1 -1 -1 -1 -1 -1 -1 -1 -1 -1 -1 -1 -1 -1 -1 -1 28 -1 -1 -1 -1 -1 -1 31 30 -1 9 -1 -1 -1 -1 -1 -1 -1 -1 -1 -1 -1 -1 -1 -1 -1 -1 -1 -1 -1 7 -1 -1 -1 -1 21 22 -1 -1 -1 -1 -1 26 25 -1 19 -1 14 -1 -1 -1 -1 -1 -1 20 -1 18 -1 -1 
-1 -1 -1 -1 4 -1 -1 8 -1 -1 -1 -1 -1 5 -1 -1 -1 -1 -1 -1 -1 -1 -1 -1 -1 -1 -1 -1 -1 -1 -1 -1 -1 -1 -1 -1 -1 -1 31 30 13 9 -1 -1 -1 -1 -1 -1 -1 -1 -1 -1 -1 -1 -1 -1 -1 -1 -1 -1 -1 7 -1 -1 -1 -1 21 22 -1 -1 -1 -1 -1 26 25 -1 19 -1 14 -1 -1 -1 -1 -1 -1 20 -1 18 -1 -1 
-1 -1 -1 -1 4 -1 -1 8 -1 -1 -1 -1 -1 5 -1 -1 -1 -1 -1 -1 -1 -1 -1 -1 -1 -1 -1 -1 -1 -1 -1 -1 -1 -1 -1 -1 -1 -1 31 30 13 9 -1 -1 -1 -1 -1 -1 -1 -1 -1 -1 -1 -1 -1 -1 -1 -1 -1 -1 -1 7 -1 -1 -1 -1 21 22 -1 -1 -1 -1 -1 26 -1 -1 19 -1 25 -1 -1 -1 -1 -1 -1 20 -1 18 -1 -1 
-1 -1 -1 -1 4 -1 -1 8 -1 -1 -1 -1 -1 5 -1 -1 -1 -1 -1 -1 -1 -1 -1 -1 -1 -1 -1 -1 -1 -1 -1 -1 -1 -1 -1 -1 -1 -1 31 30 -1 9 -1 -1 -1 -1 -1 -1 -1 13 -1 -1 -1 -1 -1 -1 -1 -1 -1 -1 -1 7 -1 -1 -1 -1 21 22 -1 -1 -1 -1 -1 26 -1 -1 19 -1 25 -1 -1 -1 -1 -1 -1 20 -1 18 -1 -1 
-1 -1 -1 -1 4 -1 -1 8 -1 -1 -1 -1 -1 5 -1 -1 -1 -1 -1 -1 -1 -1 -1 -1 -1 -1 -1 -1 -1 -1 -1 -1 -1 25 -1 -1 -1 -1 31 30 -1 9 -1 -1 -1 -1 -1 -1 -1 13 -1 -1 -1 -1 -1 -1 -1 -1 -1 -1 -1 7 -1 -1 -1 -1 21 22 -1 -1 -1 -1 -1 26 -1 -1 19 -1 -1 -1 -1 -1 -1 -1 -1 20 -1 18 -1 -1 
-1 -1 -1 -1 4 -1 -1 8 -1 -1 -1 -1 -1 5 -1 -1 -1 -1 -1 -1 -1 -1 -1 -1 -1 -1 -1 -1 -1 -1 -1 -1 -1 25 -1 -1 -1 -1 31 30 -1 -1 -1 -1 9 -1 -1 -1 -1 13 -1 -1 -1 -1 -1 -1 -1 -1 -1 -1 -1 7 -1 -1 -1 -1 21 22 -1 -1 -1 -1 -1 26 -1 -1 19 -1 -1 -1 -1 -1 -1 -1 -1 20 -1 18 -1 -1 
-1 -1 -1 -1 4 -1 -1 8 -1 -1 -1 -1 -1 5 -1 -1 -1 -1 -1 -1 -1 -1 -1 -1 -1 -1 -1 25 -1 -1 -1 -1 -1 -1 -1 -1 -1 -1 31 30 -1 -1 -1 -1 9 -1 -1 -1 -1 13 -1 -1 -1 -1 -1 -1 -1 -1 -1 -1 -1 7 -1 -1 -1 -1 21 22 -1 -1 -1 -1 -1 26 -1 -1 19 -1 -1 -1 -1 -1 -1 -1 -1 20 -1 18 -1 -1 
-1 -1 -1 -1 -1 4 -1 8 -1 -1 -1 -1 -1 5 -1 -1 -1 -1 -1 -1 -1 -1 -1 -1 -1 -1 -1 25 -1 -1 -1 -1 -1 -1 -1 -1 -1 -1 31 30 -1 -1 -1 -1 9 -1 -1 -1 -1 13 -1 -1 -1 -1 -1 -1 -1 -1 -1 -1 -1 7 -1 -1 -1 -1 21 22 -1 -1 -1 -1 -1 26 -1 -1 19 -1 -1 -1 -1 -1 -1 -1 -1 20 -1 18 -1 -1 
-1 -1 -1 -1 -1 4 -1 8 -1 -1 -1 -1 -1 5 -1 -1 -1 -1 -1 -1 -1 -1 -1 -1 -1 -1 -1 25 -1 31 -1 -1 -1 -1 -1 -1 -1 -1 -1 30 -1 -1 -1 -1 9 -1 -1 -1 -1 13 -1 -1 -1 -1 -1 -1 -1 -1 -1 -1 -1 7 -1 -1 -1 -1 21 22 -1 -1 -1 -1 -1 26 -1 -1 19 -1 -1 -1 -1 -1 -1 -1 -1 20 -1 18 -1 -1 
-1 -1 -1 -1 -1 4 -1 8 -1 -1 -1 -1 -1 5 -1 -1 -1 -1 -1 -1 -1 -1 -1 -1 -1 -1 -1 25 -1 31 -1 -1 -1 -1 -1 -1 -1 -1 -1 30 -1 -1 -1 -1 9 -1 -1 -1 -1 -1 -1 -1 -1 -1 -1 -1 -1 -1 13 -1 -1 7 -1 -1 -1 -1 21 22 -1 -1 -1 -1 -1 26 -1 -1 19 -1 -1 -1 -1 -1 -1 -1 -1 20 -1 18 -1 -1 
-1 -1 -1 -1 -1 4 -1 8 -1 -1 -1 -1 -1 5 -1 -1 -1 -1 -1 -1 -1 -1 -1 -1 -1 -1 -1 25 -1 31 -1 -1 -1 -1 -1 -1 -1 -1 -1 30 -1 -1 -1 -1 9 -1 -1 -1 -1 -1 -1 22 -1 -1 -1 -1 -1 -1 13 -1 -1 7 -1 -1 -1 -1 21 -1 -1 -1 -1 -1 -1 26 -1 -1 19 -1 -1 -1 -1 -1 -1 -1 -1 20 -1 18 -1 -1 
-1 -1 -1 -1 -1 4 -1 8 -1 -1 -1 -1 -1 5 -1 -1 -1 -1 -1 -1 -1 -1 -1 -1 -1 -1 -1 25 -1 31 -1 -1 -1 -1 -1 -1 -1 -1 -1 30 -1 -1 -1 -1 9 -1 -1 -1 -1 -1 7 22 -1 -1 -1 -1 -1 -1 13 -1 -1 -1 -1 -1 -1 -1 21 -1 -1 -1 -1 -1 -1 26 -1 -1 19 -1 -1 -1 -1 -1 -1 -1 -1 20 -1 18 -1 -1 
-1 -1 -1 -1 -1 4 -1 8 -1 -1 -1 -1 -1 5 -1 -1 -1 -1 -1 -1 -1 -1 -1 -1 -1 -1 -1 25 -1 31 -1 -1 -1 -1 -1 -1 -1 -1 -1 30 -1 -1 -1 -1 9 -1 -1 -1 -1 -1 7 22 -1 -1 -1 -1 -1 -1 13 -1 -1 -1 -1 -1 -1 -1 21 -1 -1 -1 -1 -1 -1 -1 -1 26 19 -1 -1 -1 -1 -1 -1 -1 -1 20 -1 18 -1 -1 
-1 -1 -1 -1 -1 4 -1 8 -1 -1 -1 -1 -1 5 -1 -1 -1 -1 -1 -1 -1 -1 -1 -1 -1 -1 -1 25 -1 31 -1 -1 -1 -1 -1 -1 -1 -1 -1 30 -1 -1 -1 -1 9 -1 -1 -1 -1 -1 7 22 -1 -1 -1 -1 -1 13 -1 -1 -1 -1 -1 -1 -1 -1 21 -1 -1 -1 -1 -1 -1 -1 -1 26 19 -1 -1 -1 -1 -1 -1 -1 -1 20 -1 18 -1 -1 
-1 -1 -1 -1 -1 4 -1 8 -1 -1 -1 -1 -1 5 -1 -1 -1 -1 -1 -1 -1 -1 -1 -1 -1 -1 -1 25 -1 31 -1 -1 -1 -1 -1 -1 -1 -1 -1 -1 30 -1 -1 -1 9 -1 -1 -1 -1 -1 7 22 -1 -1 -1 -1 -1 13 -1 -1 -1 -1 -1 -1 -1 -1 21 -1 -1 -1 -1 -1 -1 -1 -1 26 19 -1 -1 -1 -1 -1 -1 -1 -1 20 -1 18 -1 -1 
-1 -1 -1 -1 -1 4 -1 8 -1 -1 -1 -1 -1 5 -1 -1 -1 -1 -1 -1 -1 -1 -1 -1 -1 -1 -1 25 -1 31 -1 -1 -1 -1 -1 -1 -1 -1 -1 -1 30 -1 -1 -1 -1 -1 -1 -1 -1 -1 7 22 -1 -1 -1 -1 -1 13 -1 -1 -1 -1 9 -1 -1 -1 21 -1 -1 -1 -1 -1 -1 -1 -1 26 19 -1 -1 -1 -1 -1 -1 -1 -1 20 -1 18 -1 -1 
-1 -1 -1 -1 -1 4 -1 8 -1 -1 -1 -1 -1 5 -1 -1 -1 -1 -1 -1 -1 -1 -1 -1 -1 -1 -1 25 -1 31 -1 -1 -1 -1 -1 -1 -1 -1 -1 -1 30 -1 -1 -1 -1 -1 -1 -1 -1 -1 7 22 -1 -1 -1 -1 -1 13 -1 -1 -1 -1 9 -1 -1 -1 21 -1 -1 -1 -1 -1 -1 26 -1 -1 19 -1 -1 -1 -1 -1 -1 -1 -1 20 -1 18 -1 -1 
-1 -1 -1 -1 -1 4 -1 8 -1 -1 -1 -1 -1 5 -1 -1 -1 -1 -1 -1 -1 -1 -1 -1 -1 -1 -1 25 -1 31 -1 -1 -1 -1 -1 -1 -1 -1 -1 -1 30 -1 -1 -1 -1 -1 -1 -1 -1 -1 7 22 -1 -1 -1 -1 -1 13 9 -1 -1 -1 -1 -1 -1 -1 21 -1 -1 -1 -1 -1 -1 26 -1 -1 19 -1 -1 -1 -1 -1 -1 -1 -1 20 -1 18 -1 -1 
-1 -1 -1 -1 -1 4 -1 8 -1 -1 -1 -1 -1 5 -1 -1 -1 -1 -1 -1 -1 -1 -1 -1 -1 -1 -1 25 -1 31 -1 -1 -1 -1 -1 -1 -1 -1 -1 -1 30 -1 -1 -1 -1 -1 -1 -1 -1 -1 7 22 -1 -1 -1 -1 -1 13 9 -1 -1 -1 -1 -1 -1 -1 21 -1 -1 -1 -1 -1 -1 26 -1 -1 19 -1 -1 -1 -1 -1 -1 -1 -1 -1 20 18 -1 -1 
-1 -1 -1 -1 -1 4 -1 8 -1 -1 -1 -1 -1 -1 -1 -1 -1 -1 -1 -1 -1 -1 -1 5 -1 -1 -1 25 -1 31 -1 -1 -1 -1 -1 -1 -1 -1 -1 -1 30 -1 -1 -1 -1 -1 -1 -1 -1 -1 7 22 -1 -1 -1 -1 -1 13 9 -1 -1 -1 -1 -1 -1 -1 21 -1 -1 -1 -1 -1 -1 26 -1 -1 19 -1 -1 -1 -1 -1 -1 -1 -1 -1 20 18 -1 -1 
-1 -1 -1 -1 -1 4 -1 8 -1 -1 -1 -1 -1 -1 -1 -1 -1 -1 -1 -1 -1 -1 -1 5 -1 -1 -1 25 -1 31 -1 -1 -1 -1 -1 -1 -1 -1 -1 -1 30 -1 -1 -1 -1 -1 -1 -1 -1 -1 7 22 -1 -1 -1 -1 -1 13 9 -1 -1 -1 -1 -1 26 -1 21 -1 -1 -1 -1 -1 -1 -1 -1 -1 19 -1 -1 -1 -1 -1 -1 -1 -1 -1 20 18 -1 -1 
-1 -1 -1 -1 -1 4 -1 8 -1 -1 -1 -1 -1 -1 -1 -1 -1 -1 -1 -1 -1 -1 -1 5 -1 -1 -1 25 -1 31 -1 -1 -1 -1 -1 -1 -1 -1 -1 -1 30 -1 -1 -1 -1 -1 -1 -1 -1 -1 7 22 -1 -1 -1 -1 13 -1 9 -1 -1 -1 -1 -1 26 -1 21 -1 -1 -1 -1 -1 -1 -1 -1 -1 19 -1 -1 -1 -1 -1 -1 -1 -1 -1 20 18 -1 -1 
-1 -1 -1 -1 -1 4 -1 8 -1 -1 -1 -1 -1 -1 -1 -1 -1 -1 -1 -1 -1 -1 -1 5 -1 -1 -1 25 -1 -1 31 -1 -1 -1 -1 -1 -1 -1 -1 -1 30 -1 -1 -1 -1 -1 -1 -1 -1 -1 7 22 -1 -1 -1 -1 13 -1 9 -1 -1 -1 -1 -1 26 -1 21 -1 -1 -1 -1 -1 -1 -1 -1 -1 19 -1 -1 -1 -1 -1 -1 -1 -1 -1 20 18 -1 -1 
-1 -1 -1 -1 -1 4 -1 8 -1 -1 -1 -1 -1 -1 -1 -1 -1 -1 -1 -1 -1 -1 -1 5 -1 -1 -1 25 -1 -1 31 -1 -1 -1 -1 -1 -1 -1 12 -1 30 -1 -1 -1 -1 -1 -1 -1 -1 -1 7 22 -1 -1 -1 -1 13 -1 9 -1 -1 -1 -1 -1 26 -1 21 -1 -1 -1 -1 -1 -1 -1 -1 -1 19 -1 -1 -1 -1 -1 -1 -1 -1 -1 20 18 -1 -1 
-1 -1 -1 -1 -1 4 -1 8 -1 -1 -1 -1 -1 -1 -1 -1 -1 -1 -1 -1 -1 -1 -1 5 -1 -1 -1 25 -1 -1 31 -1 -1 -1 -1 -1 -1 -1 12 -1 30 -1 -1 -1 -1 -1 -1 -1 -1 -1 7 22 -1 -1 -1 26 13 -1 9 -1 -1 -1 -1 -1 -1 -1 21 -1 -1 -1 -1 -1 -1 -1 -1 -1 19 -1 -1 -1 -1 -1 -1 -1 -1 -1 20 18 -1 -1 
-1 -1 -1 -1 -1 4 -1 8 -1 -1 -1 -1 -1 -1 -1 -1 -1 -1 -1 -1 -1 -1 -1 5 -1 -1 -1 25 -1 -1 31 -1 -1 -1 -1 -1 -1 -1 12 -1 30 -1 -1 -1 -1 -1 -1 -1 -1 -1 -1 22 -1 -1 -1 26 13 -1 9 -1 -1 -1 -1 -1 -1 -1 21 -1 -1 7 -1 -1 -1 -1 -1 -1 19 -1 -1 -1 -1 -1 -1 -1 -1 -1 20 18 -1 -1 
-1 -1 -1 -1 -1 4 -1 8 -1 -1 -1 -1 -1 -1 -1 -1 -1 -1 -1 -1 -1 -1 -1 5 -1 -1 -1 25 -1 -1 31 -1 -1 -1 -1 -1 -1 -1 12 -1 30 -1 -1 -1 -1 -1 -1 -1 -1 -1 -1 22 -1 -1 -1 26 13 -1 9 -1 -1 -1 -1 -1 -1 -1 21 -1 -1 7 -1 -1 -1 -1 -1 -1 19 20 -1 -1 -1 -1 -1 -1 -1 -1 -1 18 -1 -1 
-1 -1 -1 -1 -1 4 -1 8 -1 -1 -1 -1 -1 -1 -1 -1 -1 -1 -1 -1 -1 -1 -1 5 -1 -1 -1 25 -1 -1 31 -1 -1 -1 -1 -1 -1 -1 12 -1 30 -1 -1 -1 -1 -1 -1 -1 -1 -1 -1 22 -1 -1 -1 26 13 -1 -1 9 -1 -1 -1 -1 -1 -1 21 -1 -1 7 -1 -1 -1 -1 -1 -1 19 20 -1 -1 -1 -1 -1 -1 -1 -1 -1 18 -1 -1 
-1 -1 -1 -1 -1 4 -1 8 -1 -1 -1 -1 -1 -1 -1 -1 -1 -1 -1 -1 -1 -1 -1 5 -1 -1 -1 25 -1 -1 31 -1 -1 -1 -1 -1 -1 -1 12 -1 30 -1 -1 -1 -1 -1 -1 -1 -1 -1 -1 22 -1 -1 -1 -1 13 -1 -1 9 -1 -1 -1 -1 -1 -1 21 -1 -1 7 -1 -1 -1 -1 -1 -1 19 20 -1 -1 -1 -1 26 -1 -1 -1 -1 18 -1 -1 
-1 -1 -1 -1 -1 4 -1 8 -1 -1 -1 -1 -1 -1 -1 -1 -1 -1 -1 -1 -1 -1 -1 5 -1 -1 -1 25 -1 -1 31 -1 -1 -1 -1 -1 -1 -1 12 -1 30 -1 -1 -1 -1 -1 -1 -1 -1 -1 -1 22 -1 -1 -1 -1 13 -1 7 9 -1 -1 -1 -1 -1 -1 21 -1 -1 -1 -1 -1 -1 -1 -1 -1 19 20 -1 -1 -1 -1 26 -1 -1 -1 -1 18 -1 -1 
-1 -1 -1 -1 -1 4 -1 8 -1 -1 -1 -1 -1 -1 -1 -1 -1 -1 -1 -1 -1 -1 -1 5 -1 -1 -1 25 -1 -1 31 -1 -1 -1 -1 -1 -1 -1 12 -1 30 -1 -1 -1 -1 -1 -1 -1 -1 -1 -1 22 -1 -1 -1 -1 13 -1 7 9 -1 -1 -1 -1 -1 -1 21 -1 -1 -1 -1 -1 -1 -1 -1 -1 19 -1 -1 -1 -1 -1 26 -1 -1 -1 20 18 -1 -1 
-1 -1 -1 -1 -1 4 -1 8 -1 -1 -1 -1 -1 -1 -1 -1 -1 -1 -1 -1 -1 -1 -1 5 -1 -1 -1 25 -1 -1 31 -1 -1 -1 -1 -1 -1 -1 -1 12 30 -1 -1 -1 -1 -1 -1 -1 -1 -1 -1 22 -1 -1 -1 -1 13 -1 7 9 -1 -1 -1 -1 -1 -1 21 -1 -1 -1 -1 -1 -1 -1 -1 -1 19 -1 -1 -1 -1 -1 26 -1 -1 -1 20 18 -1 -1 
-1 -1 -1 -1 -1 4 -1 8 -1 -1 -1 -1 -1 -1 -1 -1 -1 -1 -1 -1 -1 -1 -1 5 -1 -1 -1 25 -1 -1 31 -1 -1 -1 -1 -1 -1 -1 -1 12 30 -1 -1 -1 -1 -1 -1 -1 -1 -1 -1 22 -1 -1 -1 -1 13 -1 7 9 -1 -1 -1 -1 -1 -1 21 -1 -1 -1 -1 -1 -1 -1 -1 -1 19 -1 -1 -1 -1 -1 -1 -1 -1 26 20 18 -1 -1 
-1 -1 -1 -1 -1 4 -1 8 -1 -1 -1 -1 -1 -1 -1 -1 -1 -1 -1 -1 -1 -1 -1 5 -1 -1 -1 25 -1 -1 31 -1 -1 -1 -1 -1 -1 -1 -1 12 30 -1 -1 -1 -1 -1 -1 7 -1 -1 -1 22 -1 -1 -1 -1 13 -1 -1 9 -1 -1 -1 -1 -1 -1 21 -1 -1 -1 -1 -1 -1 -1 -1 -1 19 -1 -1 -1 -1 -1 -1 -1 -1 26 20 18 -1 -1 
-1 -1 -1 -1 -1 4 -1 8 -1 -1 -1 -1 -1 -1 -1 -1 -1 -1 -1 -1 -1 -1 -1 5 -1 -1 -1 25 -1 -1 -1 31 -1 -1 -1 -1 -1 -1 -1 12 30 -1 -1 -1 -1 -1 -1 7 -1 -1 -1 22 -1 -1 -1 -1 13 -1 -1 9 -1 -1 -1 -1 -1 -1 21 -1 -1 -1 -1 -1 -1 -1 -1 -1 19 -1 -1 -1 -1 -1 -1 -1 -1 26 20 18 -1 -1 
-1 -1 -1 -1 -1 4 -1 8 -1 -1 -1 -1 -1 -1 -1 -1 -1 -1 -1 -1 -1 -1 -1 5 -1 -1 -1 25 -1 -1 -1 31 -1 -1 -1 -1 -1 -1 -1 -1 12 -1 -1 -1 -1 -1 -1 7 -1 -1 -1 22 -1 -1 -1 -1 13 -1 -1 9 -1 -1 -1 -1 -1 -1 21 -1 -1 -1 -1 -1 -1 -1 -1 -1 19 -1 -1 -1 -1 -1 -1 -1 -1 26 20 18 -1 -1 
-1 -1 -1 -1 -1 4 -1 8 -1 -1 -1 -1 -1 -1 -1 -1 -1 -1 -1 -1 -1 -1 -1 5 -1 -1 -1 25 -1 -1 -1 31 -1 -1 -1 -1 -1 -1 -1 -1 12 -1 -1 -1 -1 -1 -1 7 -1 -1 -1 22 -1 -1 -1 -1 13 -1 -1 9 -1 -1 -1 -1 -1 -1 21 26 -1 -1 -1 -1 -1 -1 -1 -1 19 -1 -1 -1 -1 -1 -1 -1 -1 -1 20 18 -1 -1 
-1 -1 -1 -1 -1 4 -1 8 -1 -1 -1 -1 -1 1 -1 -1 -1 -1 -1 -1 -1 -1 -1 5 -1 -1 -1 25 -1 -1 -1 31 -1 -1 -1 -1 -1 -1 -1 -1 12 -1 -1 -1 -1 -1 -1 7 -1 -1 -1 22 -1 -1 -1 -1 13 -1 -1 9 -1 -1 -1 -1 -1 -1 21 26 -1 -1 -1 -1 -1 -1 -1 -1 19 -1 -1 -1 -1 -1 -1 -1 -1 -1 20 18 -1 -1 
-1 -1 -1 -1 -1 4 -1 8 -1 -1 -1 -1 -1 1 -1 -1 -1 -1 -1 -1 -1 -1 -1 5 -1 -1 -1 25 -1 -1 -1 31 -1 -1 -1 -1 -1 -1 -1 -1 12 -1 -1 -1 -1 -1 -1 7 -1 29 -1 22 -1 -1 -1 -1 13 -1 -1 9 -1 -1 -1 -1 -1 -1 21 26 -1 -1 -1 -1 -1 -1 -1 -1 19 -1 -1 -1 -1 -1 -1 -1 -1 -1 20 18 -1 -1 
-1 -1 -1 -1 -1 4 -1 8 -1 -1 -1 -1 -1 -1 -1 -1 -1 -1 -1 -1 -1 -1 -1 5 1 -1 -1 25 -1 -1 -1 31 -1 -1 -1 -1 -1 -1 -1 -1 12 -1 -1 -1 -1 -1 -1 7 -1 29 -1 22 -1 -1 -1 -1 13 -1 -1 9 -1 -1 -1 -1 -1 -1 21 26 -1 -1 -1 -1 -1 -1 -1 -1 19 -1 -1 -1 -1 -1 -1 -1 -1 -1 20 18 -1 -1 
-1 -1 -1 -1 -1 4 -1 8 -1 -1 -1 -1 -1 -1 -1 -1 -1 -1 -1 -1 -1 -1 -1 5 1 -1 -1 25 -1 -1 -1 31 -1 -1 -1 -1 -1 -1 -1 -1 12 -1 -1 -1 -1 -1 -1 7 -1 29 -1 22 -1 -1 -1 -1 13 -1 -1 9 -1 -1 -1 -1 -1 -1 21 26 -1 -1 -1 -1 -1 -1 -1 -1 19 -1 -1 -1 -1 -1 -1 -1 -1 20 -1 18 -1 -1 
-1 -1 -1 -1 -1 4 -1 8 -1 -1 -1 -1 -1 -1 -1 -1 -1 -1 -1 -1 -1 -1 -1 5 1 -1 -1 25 -1 -1 -1 31 -1 -1 -1 -1 -1 -1 -1 -1 12 -1 -1 -1 -1 -1 -1 7 -1 29 -1 22 -1 -1 -1 -1 13 -1 9 -1 -1 -1 -1 -1 -1 -1 21 26 -1 -1 -1 -1 -1 -1 -1 -1 19 -1 -1 -1 -1 -1 -1 -1 -1 20 -1 18 -1 -1 
-1 -1 -1 -1 -1 4 -1 8 -1 -1 -1 -1 -1 -1 -1 -1 -1 -1 -1 -1 -1 -1 -1 5 1 -1 -1 25 -1 -1 -1 31 -1 -1 -1 -1 -1 -1 -1 -1 12 -1 -1 -1 -1 -1 -1 7 -1 29 -1 22 -1 -1 -1 -1 13 -1 9 -1 -1 -1 -1 -1 -1 -1 21 26 -1 -1 -1 -1 -1 -1 -1 -1 19 -1 -1 -1 -1 -1 -1 -1 20 -1 -1 18 -1 -1 
-1 -1 -1 -1 -1 4 -1 8 -1 -1 -1 -1 -1 -1 -1 -1 -1 -1 -1 -1 -1 -1 -1 5 1 -1 -1 25 -1 -1 -1 31 -1 -1 -1 -1 -1 -1 -1 -1 12 -1 -1 -1 -1 -1 -1 7 -1 29 -1 22 -1 -1 -1 -1 13 -1 -1 -1 -1 -1 -1 -1 -1 -1 21 26 -1 -1 -1 -1 -1 -1 -1 -1 9 -1 -1 -1 -1 -1 -1 -1 20 -1 -1 18 -1 -1 
-1 -1 -1 -1 -1 4 -1 8 -1 -1 -1 -1 -1 -1 -1 -1 -1 -1 -1 -1 -1 -1 -1 5 1 -1 -1 25 -1 -1 -1 31 -1 -1 -1 -1 -1 -1 -1 -1 12 -1 -1 -1 -1 -1 -1 7 -1 -1 29 22 -1 -1 -1 -1 13 -1 -1 -1 -1 -1 -1 -1 -1 -1 21 26 -1 -1 -1 -1 -1 -1 -1 -1 9 -1 -1 -1 -1 -1 -1 -1 20 -1 -1 18 -1 -1 
-1 -1 -1 -1 -1 4 -1 8 -1 -1 -1 -1 -1 -1 -1 -1 -1 -1 -1 -1 -1 -1 -1 5 1 -1 -1 25 -1 -1 -1 31 -1 -1 -1 -1 -1 -1 -1 -1 12 -1 -1 -1 -1 -1 -1 7 -1 -1 29 22 -1 -1 -1 -1 13 -1 -1 -1 -1 -1 -1 -1 -1 -1 21 26 -1 -1 -1 -1 -1 -1 -1 -1 -1 9 -1 -1 -1 -1 -1 -1 20 -1 -1 18 -1 -1 
-1 -1 -1 -1 -1 4 -1 8 -1 -1 -1 -1 -1 -1 -1 -1 -1 -1 -1 -1 -1 -1 -1 5 1 -1 -1 25 -1 -1 -1 31 -1 -1 -1 -1 -1 -1 -1 -1 12 -1 -1 -1 -1 -1 -1 7 -1 -1 29 22 -1 -1 -1 -1 13 -1 -1 -1 -1 -1 -1 -1 -1 -1 21 26 -1 -1 -1 -1 -1 -1 -1 -1 -1 9 -1 -1 -1 -1 -1 -1 -1 20 -1 18 -1 -1 
-1 -1 -1 -1 -1 4 -1 8 -1 -1 -1 -1 -1 -1 -1 -1 -1 -1 -1 -1 -1 -1 -1 5 1 -1 -1 25 -1 -1 -1 31 9 -1 -1 -1 -1 -1 -1 -1 12 -1 -1 -1 -1 -1 -1 7 -1 -1 29 22 -1 -1 -1 -1 13 -1 -1 -1 -1 -1 -1 -1 -1 -1 21 26 -1 -1 -1 -1 -1 -1 -1 -1 -1 -1 -1 -1 -1 -1 -1 -1 -1 20 -1 18 -1 -1 
-1 -1 -1 -1 -1 4 -1 8 -1 -1 -1 -1 -1 -1 -1 -1 -1 -1 -1 -1 -1 -1 -1 5 1 -1 -1 -1 -1 -1 -1 25 9 -1 -1 -1 -1 -1 -1 -1 12 -1 -1 -1 -1 -1 -1 7 -1 -1 29 22 -1 -1 -1 -1 13 -1 -1 -1 -1 -1 -1 -1 -1 -1 21 26 -1 -1 -1 -1 -1 -1 -1 -1 -1 -1 -1 -1 -1 -1 -1 -1 -1 20 -1 18 -1 -1 
-1 -1 -1 -1 -1 4 -1 8 -1 -1 -1 -1 -1 -1 -1 -1 -1 -1 -1 -1 -1 -1 -1 5 1 -1 -1 -1 -1 -1 -1 25 -1 -1 -1 -1 -1 -1 -1 -1 12 9 -1 -1 -1 -1 -1 7 -1 -1 29 22 -1 -1 -1 -1 13 -1 -1 -1 -1 -1 -1 -1 -1 -1 21 26 -1 -1 -1 -1 -1 -1 -1 -1 -1 -1 -1 -1 -1 -1 -1 -1 -1 20 -1 18 -1 -1 
-1 -1 -1 -1 -1 4 -1 8 -1 -1 -1 -1 -1 -1 -1 -1 -1 -1 -1 -1 -1 -1 -1 5 1 -1 -1 -1 -1 -1 -1 25 -1 -1 -1 -1 -1 -1 -1 -1 12 9 -1 -1 -1 -1 -1 7 -1 -1 29 22 -1 -1 -1 -1 13 -1 -1 -1 -1 -1 -1 26 -1 -1 21 -1 -1 -1 -1 -1 -1 -1 -1 -1 -1 -1 -1 -1 -1 -1 -1 -1 -1 20 -1 18 -1 -1 
-1 -1 -1 -1 4 -1 -1 8 -1 -1 -1 -1 -1 -1 -1 -1 -1 -1 -1 -1 -1 -1 -1 5 1 -1 -1 -1 -1 -1 -1 25 -1 -1 -1 -1 -1 -1 -1 -1 12 9 -1 -1 -1 -1 -1 7 -1 -1 29 22 -1 -1 -1 -1 13 -1 -1 -1 -1 -1 -1 26 -1 -1 21 -1 -1 -1 -1 -1 -1 -1 -1 -1 -1 -1 -1 -1 -1 -1 -1 -1 -1 20 -1 18 -1 -1 
-1 -1 -1 -1 4 -1 -1 8 -1 -1 -1 -1 -1 -1 -1 -1 -1 -1 -1 -1 -1 -1 -1 5 1 -1 -1 -1 -1 -1 -1 25 -1 -1 -1 -1 -1 -1 -1 -1 12 9 -1 -1 -1 -1 -1 7 -1 29 -1 22 -1 -1 -1 -1 13 -1 -1 -1 -1 -1 -1 26 -1 -1 21 -1 -1 -1 -1 -1 -1 -1 -1 -1 -1 -1 -1 -1 -1 -1 -1 -1 -1 20 -1 18 -1 -1 
-1 -1 -1 4 -1 -1 -1 8 -1 -1 -1 -1 -1 -1 -1 -1 -1 -1 -1 -1 -1 -1 -1 5 1 -1 -1 -1 -1 -1 -1 25 -1 -1 -1 -1 -1 -1 -1 -1 12 9 -1 -1 -1 -1 -1 7 -1 29 -1 22 -1 -1 -1 -1 13 -1 -1 -1 -1 -1 -1 26 -1 -1 21 -1 -1 -1 -1 -1 -1 -1 -1 -1 -1 -1 -1 -1 -1 -1 -1 -1 -1 20 -1 18 -1 -1 
-1 -1 -1 4 -1 -1 -1 8 -1 -1 -1 -1 -1 -1 -1 -1 -1 -1 -1 -1 -1 -1 -1 5 1 -1 -1 -1 -1 -1 25 -1 -1 -1 -1 -1 -1 -1 -1 -1 12 9 -1 -1 -1 -1 -1 7 -1 29 -1 22 -1 -1 -1 -1 13 -1 -1 -1 -1 -1 -1 26 -1 -1 21 -1 -1 -1 -1 -1 -1 -1 -1 -1 -1 -1 -1 -1 -1 -1 -1 -1 -1 20 -1 18 -1 -1 
-1 -1 -1 4 -1 -1 -1 8 -1 -1 -1 -1 -1 -1 -1 -1 -1 -1 -1 -1 -1 -1 -1 5 -1 -1 -1 -1 -1 -1 25 -1 -1 -1 -1 -1 -1 -1 -1 -1 12 1 -1 -1 -1 -1 -1 7 -1 29 -1 22 -1 -1 -1 -1 13 -1 -1 -1 -1 -1 -1 26 -1 -1 21 -1 -1 -1 -1 -1 -1 -1 -1 -1 -1 -1 -1 -1 -1 -1 -1 -1 -1 20 -1 18 -1 -1 
-1 -1 -1 4 -1 -1 -1 8 -1 -1 -1 -1 -1 -1 -1 -1 -1 -1 -1 -1 -1 -1 -1 5 -1 -1 -1 -1 -1 -1 25 -1 -1 -1 -1 -1 -1 -1 -1 -1 12 1 -1 -1 -1 -1 -1 7 -1 29 -1 22 -1 -1 -1 -1 13 -1 -1 -1 -1 -1 -1 26 -1 -1 21 -1 -1 -1 -1 -1 -1 -1 -1 -1 -1 -1 -1 -1 -1 -1 -1 -1 20 -1 -1 18 -1 -1 
-1 -1 -1 4 -1 -1 -1 8 -1 -1 -1 -1 -1 -1 -1 -1 -1 -1 -1 -1 -1 -1 1 5 -1 -1 -1 -1 -1 -1 25 -1 -1 -1 -1 -1 -1 -1 -1 -1 12 -1 -1 -1 -1 -1 -1 7 -1 29 -1 22 -1 -1 -1 -1 13 -1 -1 -1 -1 -1 -1 26 -1 -1 21 -1 -1 -1 -1 -1 -1 -1 -1 -1 -1 -1 -1 -1 -1 -1 -1 -1 20 -1 -1 18 -1 -1 
-1 -1 -1 4 -1 -1 -1 8 -1 -1 -1 -1 -1 -1 -1 -1 -1 -1 -1 -1 -1 -1 1 5 -1 -1 -1 -1 -1 -1 -1 -1 -1 -1 -1 -1 -1 -1 -1 -1 12 -1 -1 -1 -1 -1 -1 7 25 29 -1 22 -1 -1 -1 -1 13 -1 -1 -1 -1 -1 -1 26 -1 -1 21 -1 -1 -1 -1 -1 -1 -1 -1 -1 -1 -1 -1 -1 -1 -1 -1 -1 20 -1 -1 18 -1 -1 
-1 -1 -1 -1 4 -1 -1 8 -1 -1 -1 -1 -1 -1 -1 -1 -1 -1 -1 -1 -1 -1 1 5 -1 -1 -1 -1 -1 -1 -1 -1 -1 -1 -1 -1 -1 -1 -1 -1 12 -1 -1 -1 -1 -1 -1 7 25 29 -1 22 -1 -1 -1 -1 13 -1 -1 -1 -1 -1 -1 26 -1 -1 21 -1 -1 -1 -1 -1 -1 -1 -1 -1 -1 -1 -1 -1 -1 -1 -1 -1 20 -1 -1 18 -1 -1 
-1 -1 -1 -1 4 -1 -1 8 -1 -1 -1 -1 -1 -1 -1 -1 -1 -1 -1 -1 -1 -1 1 5 -1 -1 -1 -1 -1 -1 -1 -1 -1 -1 -1 -1 -1 -1 -1 -1 12 -1 -1 -1 -1 -1 -1 7 25 29 -1 22 -1 -1 -1 -1 13 -1 -1 -1 -1 -1 -1 -1 -1 -1 21 26 -1 -1 -1 -1 -1 -1 -1 -1 -1 -1 -1 -1 -1 -1 -1 -1 20 -1 -1 18 -1 -1 
-1 -1 -1 -1 -1 4 -1 8 -1 -1 -1 -1 -1 -1 -1 -1 -1 -1 -1 -1 -1 -1 1 5 -1 -1 -1 -1 -1 -1 -1 -1 -1 -1 -1 -1 -1 -1 -1 -1 12 -1 -1 -1 -1 -1 -1 7 25 29 -1 22 -1 -1 -1 -1 13 -1 -1 -1 -1 -1 -1 -1 -1 -1 21 26 -1 -1 -1 -1 -1 -1 -1 -1 -1 -1 -1 -1 -1 -1 -1 -1 20 -1 -1 18 -1 -1 
-1 -1 -1 -1 -1 4 -1 8 -1 -1 -1 -1 -1 -1 -1 -1 -1 -1 -1 -1 -1 -1 1 5 -1 -1 -1 -1 -1 -1 -1 -1 -1 -1 -1 -1 -1 -1 -1 -1 12 -1 -1 -1 -1 -1 -1 7 -1 29 -1 22 -1 -1 -1 -1 13 25 -1 -1 -1 -1 -1 -1 -1 -1 21 26 -1 -1 -1 -1 -1 -1 -1 -1 -1 -1 -1 -1 -1 -1 -1 -1 20 -1 -1 18 -1 -1 
-1 -1 -1 -1 -1 4 -1 8 -1 -1 -1 -1 -1 -1 -1 -1 -1 -1 -1 -1 -1 -1 1 5 -1 -1 -1 -1 -1 -1 -1 -1 -1 -1 -1 -1 -1 -1 -1 9 12 -1 -1 -1 -1 -1 -1 7 -1 29 -1 22 -1 -1 -1 -1 13 25 -1 -1 -1 -1 -1 -1 -1 -1 21 26 -1 -1 -1 -1 -1 -1 -1 -1 -1 -1 -1 -1 -1 -1 -1 -1 20 -1 -1 18 -1 -1 
-1 -1 -1 -1 -1 4 -1 8 -1 -1 -1 -1 -1 -1 -1 -1 -1 -1 -1 -1 -1 -1 1 5 -1 -1 -1 -1 -1 -1 -1 -1 -1 -1 -1 -1 -1 -1 -1 9 12 -1 -1 -1 -1 -1 -1 7 -1 29 -1 22 -1 -1 -1 -1 13 25 -1 -1 -1 -1 -1 -1 -1 -1 21 26 -1 -1 -1 -1 -1 -1 -1 -1 -1 -1 -1 -1 -1 -1 -1 -1 -1 20 -1 18 -1 -1 
-1 -1 -1 -1 -1 4 -1 8 -1 -1 -1 -1 -1 -1 -1 -1 -1 -1 -1 -1 -1 -1 1 5 -1 -1 -1 -1 -1 -1 -1 -1 -1 -1 -1 -1 -1 -1 -1 -1 12 -1 -1 -1 9 -1 -1 7 -1 29 -1 22 -1 -1 -1 -1 13 25 -1 -1 -1 -1 -1 -1 -1 -1 21 26 -1 -1 -1 -1 -1 -1 -1 -1 -1 -1 -1 -1 -1 -1 -1 -1 -1 20 -1 18 -1 -1 
-1 -1 -1 -1 -1 4 -1 8 -1 -1 -1 -1 -1 -1 -1 -1 -1 -1 -1 -1 -1 -1 1 5 -1 -1 -1 -1 -1 -1 -1 -1 -1 -1 -1 -1 -1 -1 -1 -1 12 -1 -1 -1 9 -1 -1 7 -1 -1 29 22 -1 -1 -1 -1 13 25 -1 -1 -1 -1 -1 -1 -1 -1 21 26 -1 -1 -1 -1 -1 -1 -1 -1 -1 -1 -1 -1 -1 -1 -1 -1 -1 20 -1 18 -1 -1 
-1 -1 -1 -1 -1 4 -1 8 -1 -1 -1 -1 -1 -1 -1 -1 -1 -1 -1 -1 -1 -1 -1 5 -1 -1 -1 -1 -1 -1 -1 -1 -1 -1 -1 -1 -1 -1 -1 1 12 -1 -1 -1 9 -1 -1 7 -1 -1 29 22 -1 -1 -1 -1 13 25 -1 -1 -1 -1 -1 -1 -1 -1 21 26 -1 -1 -1 -1 -1 -1 -1 -1 -1 -1 -1 -1 -1 -1 -1 -1 -1 20 -1 18 -1 -1 
-1 -1 -1 -1 -1 4 -1 8 -1 -1 -1 -1 -1 -1 -1 -1 -1 -1 -1 -1 -1 -1 -1 5 -1 -1 -1 -1 -1 -1 -1 -1 -1 -1 -1 -1 -1 -1 -1 1 12 -1 -1 -1 9 -1 -1 7 -1 -1 29 22 -1 -1 -1 -1 13 25 -1 -1 -1 -1 -1 -1 -1 -1 21 26 -1 -1 -1 -1 -1 -1 -1 -1 20 -1 -1 -1 -1 -1 -1 -1 -1 -1 -1 18 -1 -1 
-1 -1 -1 -1 4 -1 -1 8 -1 -1 -1 -1 -1 -1 -1 -1 -1 -1 -1 -1 -1 -1 -1 5 -1 -1 -1 -1 -1 -1 -1 -1 -1 -1 -1 -1 -1 -1 -1 1 12 -1 -1 -1 9 -1 -1 7 -1 -1 29 22 -1 -1 -1 -1 13 25 -1 -1 -1 -1 -1 -1 -1 -1 21 26 -1 -1 -1 -1 -1 -1 -1 -1 20 -1 -1 -1 -1 -1 -1 -1 -1 -1 -1 18 -1 -1 
-1 -1 -1 -1 4 -1 -1 8 -1 -1 -1 -1 -1 -1 -1 -1 -1 -1 -1 -1 -1 -1 -1 5 -1 -1 -1 -1 -1 -1 -1 -1 -1 -1 -1 -1 -1 -1 -1 1 12 -1 -1 -1 9 -1 -1 7 -1 -1 29 22 -1 -1 -1 -1 13 -1 25 -1 -1 -1 -1 -1 -1 -1 21 26 -1 -1 -1 -1 -1 -1 -1 -1 20 -1 -1 -1 -1 -1 -1 -1 -1 -1 -1 18 -1 -1 
-1 -1 -1 -1 -1 4 -1 8 -1 -1 -1 -1 -1 -1 -1 -1 -1 -1 -1 -1 -1 -1 -1 5 -1 -1 -1 -1 -1 -1 -1 -1 -1 -1 -1 -1 -1 -1 -1 1 12 -1 -1 -1 9 -1 -1 7 -1 -1 29 22 -1 -1 -1 -1 13 -1 25 -1 -1 -1 -1 -1 -1 -1 21 26 -1 -1 -1 -1 -1 -1 -1 -1 20 -1 -1 -1 -1 -1 -1 -1 -1 -1 -1 18 -1 -1 
-1 -1 -1 -1 -1 4 -1 8 -1 -1 -1 -1 -1 -1 -1 -1 -1 -1 -1 -1 -1 -1 -1 5 -1 -1 -1 -1 -1 -1 -1 -1 -1 -1 -1 -1 -1 -1 -1 1 12 -1 -1 -1 9 -1 -1 7 -1 -1 29 22 -1 -1 -1 -1 13 -1 -1 25 -1 -1 -1 -1 -1 -1 21 26 -1 -1 -1 -1 -1 -1 -1 -1 20 -1 -1 -1 -1 -1 -1 -1 -1 -1 -1 18 -1 -1 
-1 -1 -1 -1 4 -1 -1 8 -1 -1 -1 -1 -1 -1 -1 -1 -1 -1 -1 -1 -1 -1 -1 5 -1 -1 -1 -1 -1 -1 -1 -1 -1 -1 -1 -1 -1 -1 -1 1 12 -1 -1 -1 9 -1 -1 7 -1 -1 29 22 -1 -1 -1 -1 13 -1 -1 25 -1 -1 -1 -1 -1 -1 21 26 -1 -1 -1 -1 -1 -1 -1 -1 20 -1 -1 -1 -1 -1 -1 -1 -1 -1 -1 18 -1 -1 
-1 -1 -1 -1 4 -1 -1 8 -1 -1 -1 -1 -1 -1 -1 -1 -1 -1 -1 -1 -1 -1 -1 5 -1 -1 -1 -1 -1 -1 -1 -1 -1 -1 -1 -1 -1 -1 -1 1 12 -1 -1 -1 9 -1 -1 7 -1 -1 29 22 -1 -1 -1 -1 13 -1 25 -1 -1 -1 -1 -1 -1 -1 21 26 -1 -1 -1 -1 -1 -1 -1 -1 20 -1 -1 -1 -1 -1 -1 -1 -1 -1 -1 18 -1 -1 
-1 -1 -1 -1 -1 4 -1 8 -1 -1 -1 -1 -1 -1 -1 -1 -1 -1 -1 -1 -1 -1 -1 5 -1 -1 -1 -1 -1 -1 -1 -1 -1 -1 -1 -1 -1 -1 -1 1 12 -1 -1 -1 9 -1 -1 7 -1 -1 29 22 -1 -1 -1 -1 13 -1 25 -1 -1 -1 -1 -1 -1 -1 21 26 -1 -1 -1 -1 -1 -1 -1 -1 20 -1 -1 -1 -1 -1 -1 -1 -1 -1 -1 18 -1 -1 
-1 -1 -1 -1 -1 4 -1 8 -1 -1 -1 -1 -1 -1 -1 -1 -1 -1 -1 -1 -1 -1 -1 5 -1 -1 -1 -1 -1 -1 -1 -1 -1 -1 -1 -1 -1 -1 -1 1 12 -1 -1 -1 9 -1 -1 7 -1 -1 29 22 -1 -1 -1 -1 13 -1 25 -1 -1 -1 -1 -1 -1 -1 21 -1 26 -1 -1 -1 -1 -1 -1 -1 20 -1 -1 -1 -1 -1 -1 -1 -1 -1 -1 18 -1 -1 
-1 -1 -1 -1 4 -1 -1 8 -1 -1 -1 -1 -1 -1 -1 -1 -1 -1 -1 -1 -1 -1 -1 5 -1 -1 -1 -1 -1 -1 -1 -1 -1 -1 -1 -1 -1 -1 -1 1 12 -1 -1 -1 9 -1 -1 7 -1 -1 29 22 -1 -1 -1 -1 13 -1 25 -1 -1 -1 -1 -1 -1 -1 21 -1 26 -1 -1 -1 -1 -1 -1 -1 20 -1 -1 -1 -1 -1 -1 -1 -1 -1 -1 18 -1 -1 
-1 -1 -1 -1 4 -1 -1 8 -1 -1 -1 -1 -1 -1 -1 -1 -1 -1 -1 -1 -1 -1 -1 5 -1 -1 -1 -1 -1 -1 -1 -1 -1 -1 -1 -1 -1 -1 -1 1 12 -1 -1 -1 9 -1 -1 7 -1 29 -1 22 -1 -1 -1 -1 13 -1 25 -1 -1 -1 -1 -1 -1 -1 21 -1 26 -1 -1 -1 -1 -1 -1 -1 20 -1 -1 -1 -1 -1 -1 -1 -1 -1 -1 18 -1 -1 
-1 -1 -1 4 -1 -1 -1 8 -1 -1 -1 -1 -1 -1 -1 -1 -1 -1 -1 -1 -1 -1 -1 5 -1 -1 -1 -1 -1 -1 -1 -1 -1 -1 -1 -1 -1 -1 -1 1 12 -1 -1 -1 9 -1 -1 7 -1 29 -1 22 -1 -1 -1 -1 13 -1 25 -1 -1 -1 -1 -1 -1 -1 21 -1 26 -1 -1 -1 -1 -1 -1 -1 20 -1 -1 -1 -1 -1 -1 -1 -1 -1 -1 18 -1 -1 
