0 1 2 3 4 5 6 7 8 -1 -1 -1 -1 -1 -1 -1 -1 -1 -1 9 -1 -1 -1 -1 -1 10 -1 11 -1 12 -1 28 -1 14 -1 15 -1 -1 -1 -1 -1 -1 -1 -1 -1 -1 -1 -1 -1 -1 -1 -1 -1 -1 -1 -1 -1 -1 29 -1 -1 -1 27 -1 26 -1 -1 25 -1 -1 -1 -1 -1 -1 -1 -1 -1 -1 -1 -1 -1 24 23 22 21 20 19 18 17 16 
0 1 2 3 4 5 6 -1 8 -1 -1 -1 -1 -1 -1 -1 -1 -1 -1 9 -1 -1 -1 -1 7 10 -1 11 -1 12 -1 28 -1 14 -1 15 -1 -1 -1 -1 -1 -1 -1 -1 -1 -1 -1 -1 -1 -1 -1 -1 -1 -1 -1 -1 -1 -1 29 -1 -1 -1 27 -1 26 -1 -1 25 -1 -1 -1 -1 -1 -1 -1 -1 -1 -1 -1 -1 -1 24 23 22 21 20 19 18 17 16 
0 1 2 3 4 5 6 -1 8 -1 -1 -1 -1 -1 -1 -1 -1 -1 -1 9 -1 -1 -1 -1 7 10 -1 11 -1 12 -1 28 -1 14 -1 15 -1 -1 -1 -1 -1 -1 -1 -1 -1 -1 -1 -1 -1 -1 -1 -1 -1 -1 -1 -1 -1 -1 29 -1 -1 -1 27 -1 26 -1 -1 25 -1 17 -1 -1 -1 -1 -1 -1 -1 -1 -1 -1 -1 24 23 22 21 20 19 18 -1 16 
0 1 2 3 4 5 6 8 -1 -1 -1 -1 -1 -1 -1 -1 -1 -1 -1 9 -1 -1 -1 -1 7 10 -1 11 -1 12 -1 28 -1 14 -1 15 -1 -1 -1 -1 -1 -1 -1 -1 -1 -1 -1 -1 -1 -1 -1 -1 -1 -1 -1 -1 -1 -1 29 -1 -1 -1 27 -1 26 -1 -1 25 -1 17 -1 -1 -1 -1 -1 -1 -1 -1 -1 -1 -1 24 23 22 21 20 19 18 -1 16 
0 1 2 3 4 5 6 8 -1 -1 -1 -1 -1 -1 -1 -1 -1 -1 -1 9 -1 -1 -1 -1 7 10 -1 11 -1 12 -1 28 -1 14 -1 15 -1 -1 -1 -1 -1 -1 -1 -1 -1 -1 -1 -1 -1 -1 -1 -1 -1 -1 -1 -1 -1 -1 29 -1 -1 -1 27 -1 26 -1 -1 25 -1 17 -1 -1 -1 -1 -1 -1 -1 -1 -1 -1 -1 24 23 22 21 20 19 18 16 -1 
0 1 2 3 4 5 6 8 -1 -1 -1 -1 -1 -1 -1 -1 -1 -1 -1 -1 -1 -1 9 -1 7 10 -1 11 -1 12 -1 28 -1 14 -1 15 -1 -1 -1 -1 -1 -1 -1 -1 -1 -1 -1 -1 -1 -1 -1 -1 -1 -1 -1 -1 -1 -1 29 -1 -1 -1 27 -1 26 -1 -1 25 -1 17 -1 -1 -1 -1 -1 -1 -1 -1 -1 -1 -1 24 23 22 21 20 19 18 16 -1 
0 1 2 3 4 5 6 8 -1 -1 -1 -1 -1 -1 -1 -1 -1 -1 -1 -1 -1 -1 9 -1 7 10 -1 11 -1 12 -1 28 -1 14 16 15 -1 -1 -1 -1 -1 -1 -1 -1 -1 -1 -1 -1 -1 -1 -1 -1 -1 -1 -1 -1 -1 -1 29 -1 -1 -1 27 -1 26 -1 -1 25 -1 17 -1 -1 -1 -1 -1 -1 -1 -1 -1 -1 -1 24 23 22 21 20 19 18 -1 -1 
0 1 2 3 4 5 6 8 -1 -1 -1 -1 -1 -1 -1 -1 -1 -1 -1 -1 -1 -1 9 -1 7 -1 10 11 -1 12 -1 28 -1 14 16 15 -1 -1 -1 -1 -1 -1 -1 -1 -1 -1 -1 -1 -1 -1 -1 -1 -1 -1 -1 -1 -1 -1 29 -1 -1 -1 27 -1 26 -1 -1 25 -1 17 -1 -1 -1 -1 -1 -1 -1 -1 -1 -1 -1 24 23 22 21 20 19 18 -1 -1 
0 1 2 3 4 5 6 8 -1 -1 -1 -1 -1 -1 -1 -1 -1 -1 -1 -1 -1 -1 9 -1 7 -1 10 11 -1 12 -1 28 -1 16 -1 15 -1 -1 -1 -1 -1 -1 -1 -1 -1 -1 -1 -1 -1 -1 -1 -1 -1 -1 -1 -1 -1 -1 29 -1 -1 -1 27 -1 26 -1 -1 25 -1 17 -1 -1 -1 -1 -1 -1 -1 -1 -1 -1 -1 24 23 22 21 20 19 18 -1 -1 
0 1 2 3 4 5 6 -1 -1 -1 -1 -1 -1 -1 -1 -1 -1 -1 -1 -1 -1 -1 9 -1 7 8 10 11 -1 12 -1 28 -1 16 -1 15 -1 -1 -1 -1 -1 -1 -1 -1 -1 -1 -1 -1 -1 -1 -1 -1 -1 -1 -1 -1 -1 -1 29 -1 -1 -1 27 -1 26 -1 -1 25 -1 17 -1 -1 -1 -1 -1 -1 -1 -1 -1 -1 -1 24 23 22 21 20 19 18 -1 -1 
0 1 2 3 4 5 6 -1 -1 -1 -1 -1 -1 -1 -1 -1 -1 -1 -1 -1 -1 -1 9 -1 7 8 10 11 -1 12 -1 28 -1 16 -1 15 -1 -1 -1 -1 -1 -1 -1 -1 -1 -1 -1 -1 -1 -1 -1 -1 -1 -1 -1 -1 -1 -1 29 -1 -1 -1 27 -1 -1 -1 26 25 -1 17 -1 -1 -1 -1 -1 -1 -1 -1 -1 -1 -1 24 23 22 21 20 19 18 -1 -1 
0 -1 2 3 4 5 6 -1 -1 -1 -1 -1 -1 -1 -1 -1 -1 -1 -1 -1 1 -1 9 -1 7 8 10 11 -1 12 -1 28 -1 16 -1 15 -1 -1 -1 -1 -1 -1 -1 -1 -1 -1 -1 -1 -1 -1 -1 -1 -1 -1 -1 -1 -1 -1 29 -1 -1 -1 27 -1 -1 -1 26 25 -1 17 -1 -1 -1 -1 -1 -1 -1 -1 -1 -1 -1 24 23 22 21 20 19 18 -1 -1 
0 -1 2 3 4 5 6 -1 -1 -1 -1 -1 -1 -1 -1 -1 -1 -1 -1 -1 1 -1 9 -1 7 8 10 11 -1 12 -1 28 -1 16 -1 15 -1 -1 -1 -1 -1 -1 -1 -1 -1 -1 -1 -1 -1 -1 -1 -1 -1 -1 -1 -1 -1 -1 29 -1 -1 -1 27 -1 -1 23 26 25 -1 17 -1 -1 -1 -1 -1 -1 -1 -1 -1 -1 -1 24 -1 22 21 20 19 18 -1 -1 
0 -1 2 3 4 5 6 -1 -1 -1 -1 -1 -1 -1 -1 -1 -1 -1 -1 -1 1 -1 9 -1 7 8 10 11 -1 -1 -1 28 -1 16 -1 15 -1 -1 12 -1 -1 -1 -1 -1 -1 -1 -1 -1 -1 -1 -1 -1 -1 -1 -1 -1 -1 -1 29 -1 -1 -1 27 -1 -1 23 26 25 -1 17 -1 -1 -1 -1 -1 -1 -1 -1 -1 -1 -1 24 -1 22 21 20 19 18 -1 -1 
0 -1 2 3 4 5 6 -1 -1 -1 -1 -1 -1 -1 -1 -1 -1 -1 -1 -1 1 -1 9 -1 7 8 10 11 -1 -1 -1 28 -1 16 -1 15 -1 -1 12 -1 -1 -1 -1 -1 -1 -1 -1 -1 -1 -1 -1 -1 -1 -1 -1 -1 -1 -1 29 -1 -1 -1 27 -1 -1 23 26 25 -1 17 -1 -1 -1 -1 -1 -1 -1 -1 -1 -1 -1 -1 24 22 21 20 19 18 -1 -1 
0 -1 2 -1 4 5 6 -1 -1 -1 -1 -1 -1 3 -1 -1 -1 -1 -1 -1 1 -1 9 -1 7 8 10 11 -1 -1 -1 28 -1 16 -1 15 -1 -1 12 -1 -1 -1 -1 -1 -1 -1 -1 -1 -1 -1 -1 -1 -1 -1 -1 -1 -1 -1 29 -1 -1 -1 27 -1 -1 23 26 25 -1 17 -1 -1 -1 -1 -1 -1 -1 -1 -1 -1 -1 -1 24 22 21 20 19 18 -1 -1 
0 -1 2 -1 4 5 6 -1 -1 -1 -1 -1 -1 3 -1 -1 -1 -1 -1 -1 1 -1 9 -1 7 8 10 11 -1 -1 -1 28 -1 16 -1 15 -1 -1 12 -1 -1 -1 -1 -1 -1 -1 -1 -1 -1 -1 -1 28 -1 -1 -1 -1 -1 -1 29 -1 -1 -1 27 -1 -1 23 26 25 -1 17 -1 -1 -1 -1 -1 -1 -1 -1 -1 -1 -1 -1 24 22 21 20 19 18 -1 -1 
0 -1 2 -1 4 5 6 -1 -1 -1 -1 -1 -1 3 -1 -1 -1 -1 -1 -1 1 9 -1 -1 7 8 10 11 -1 -1 -1 28 -1 16 -1 15 -1 -1 12 -1 -1 -1 -1 -1 -1 -1 -1 -1 -1 -1 -1 28 -1 -1 -1 -1 -1 -1 29 -1 -1 -1 27 -1 -1 23 26 25 -1 17 -1 -1 -1 -1 -1 -1 -1 -1 -1 -1 -1 -1 24 22 21 20 19 18 -1 -1 
0 -1 2 -1 4 5 6 -1 -1 -1 -1 -1 -1 3 -1 -1 -1 -1 -1 -1 1 9 -1 -1 7 8 10 11 24 -1 -1 28 -1 16 -1 15 -1 -1 12 -1 -1 -1 -1 -1 -1 -1 -1 -1 -1 -1 -1 28 -1 -1 -1 -1 -1 -1 29 -1 -1 -1 27 -1 -1 23 26 25 -1 17 -1 -1 -1 -1 -1 -1 -1 -1 -1 -1 -1 -1 -1 22 21 20 19 18 -1 -1 
0 -1 -1 -1 4 5 6 -1 -1 -1 -1 -1 -1 3 -1 -1 -1 -1 -1 -1 1 9 2 -1 7 8 10 11 24 -1 -1 28 -1 16 -1 15 -1 -1 12 -1 -1 -1 -1 -1 -1 -1 -1 -1 -1 -1 -1 28 -1 -1 -1 -1 -1 -1 29 -1 -1 -1 27 -1 -1 23 26 25 -1 17 -1 -1 -1 -1 -1 -1 -1 -1 -1 -1 -1 -1 -1 22 21 20 19 18 -1 -1 
0 -1 -1 -1 4 5 6 -1 -1 -1 -1 -1 -1 3 -1 -1 -1 -1 -1 -1 1 9 2 -1 7 8 10 11 24 -1 -1 28 -1 16 -1 15 -1 -1 12 -1 -1 -1 28 -1 -1 -1 -1 -1 -1 -1 -1 -1 -1 -1 -1 -1 -1 -1 29 -1 -1 -1 27 -1 -1 23 26 25 -1 17 -1 -1 -1 -1 -1 -1 -1 -1 -1 -1 -1 -1 -1 22 21 20 19 18 -1 -1 
0 -1 -1 -1 4 5 6 -1 -1 -1 -1 -1 -1 3 -1 -1 -1 -1 -1 -1 1 9 -1 -1 7 8 10 11 24 -1 -1 28 -1 16 -1 15 -1 -1 12 -1 -1 -1 2 -1 -1 -1 -1 -1 -1 -1 -1 -1 -1 -1 -1 -1 -1 -1 29 -1 -1 -1 27 -1 -1 23 26 25 -1 17 -1 -1 -1 -1 -1 -1 -1 -1 -1 -1 -1 -1 -1 22 21 20 19 18 -1 -1 
0 -1 -1 -1 4 5 6 -1 -1 -1 -1 -1 -1 3 -1 -1 -1 -1 -1 -1 1 9 -1 -1 7 8 10 11 24 -1 -1 28 -1 -1 -1 15 -1 -1 12 -1 -1 -1 16 -1 -1 -1 -1 -1 -1 -1 -1 -1 -1 -1 -1 -1 -1 -1 29 -1 -1 -1 27 -1 -1 23 26 25 -1 17 -1 -1 -1 -1 -1 -1 -1 -1 -1 -1 -1 -1 -1 22 21 20 19 18 -1 -1 
0 -1 -1 -1 4 5 6 -1 -1 -1 -1 -1 -1 3 -1 -1 -1 -1 -1 -1 1 9 -1 -1 7 8 10 11 24 -1 -1 28 -1 -1 -1 15 -1 -1 12 -1 -1 -1 -1 -1 -1 -1 -1 -1 -1 -1 -1 -1 -1 -1 -1 -1 -1 -1 2 -1 -1 -1 27 -1 -1 23 26 25 -1 17 -1 -1 -1 -1 -1 -1 -1 -1 -1 -1 -1 -1 -1 22 21 20 19 18 -1 -1 
0 -1 -1 -1 4 5 6 -1 -1 -1 -1 -1 -1 3 -1 -1 -1 -1 -1 -1 1 9 -1 -1 7 8 10 11 24 -1 -1 28 -1 16 -1 15 -1 -1 12 -1 -1 -1 -1 -1 -1 -1 -1 -1 -1 -1 -1 -1 -1 -1 -1 -1 -1 -1 2 -1 -1 -1 27 -1 -1 23 26 25 -1 17 -1 -1 -1 -1 -1 -1 -1 -1 -1 -1 -1 -1 -1 22 21 20 19 18 -1 -1 
0 -1 -1 -1 4 5 6 -1 10 -1 -1 -1 -1 3 -1 -1 -1 -1 -1 -1 1 9 -1 -1 7 8 -1 11 24 -1 -1 28 -1 16 -1 15 -1 -1 12 -1 -1 -1 -1 -1 -1 -1 -1 -1 -1 -1 -1 -1 -1 -1 -1 -1 -1 -1 2 -1 -1 -1 27 -1 -1 23 26 25 -1 17 -1 -1 -1 -1 -1 -1 -1 -1 -1 -1 -1 -1 -1 22 21 20 19 18 -1 -1 
0 -1 -1 -1 4 5 6 -1 10 -1 -1 -1 -1 3 -1 -1 -1 -1 -1 -1 1 9 -1 -1 7 8 -1 11 -1 24 -1 28 -1 16 -1 15 -1 -1 12 -1 -1 -1 -1 -1 -1 -1 -1 -1 -1 -1 -1 -1 -1 -1 -1 -1 -1 -1 2 -1 -1 -1 27 -1 -1 23 26 25 -1 17 -1 -1 -1 -1 -1 -1 -1 -1 -1 -1 -1 -1 -1 22 21 20 19 18 -1 -1 
-1 -1 -1 -1 4 5 6 -1 10 -1 -1 -1 -1 3 -1 -1 -1 -1 0 -1 1 9 -1 -1 7 8 -1 11 -1 24 -1 28 -1 16 -1 15 -1 -1 12 -1 -1 -1 -1 -1 -1 -1 -1 -1 -1 -1 -1 -1 -1 -1 -1 -1 -1 -1 2 -1 -1 -1 27 -1 -1 23 26 25 -1 17 -1 -1 -1 -1 -1 -1 -1 -1 -1 -1 -1 -1 -1 22 21 20 19 18 -1 -1 
-1 -1 -1 -1 4 5 6 -1 10 -1 -1 -1 -1 3 -1 -1 -1 -1 0 -1 1 9 -1 -1 7 8 -1 11 -1 24 -1 28 -1 16 -1 15 -1 -1 12 -1 -1 -1 -1 -1 -1 -1 -1 -1 -1 -1 -1 -1 -1 -1 -1 -1 -1 -1 2 -1 -1 -1 27 -1 -1 23 26 25 -1 17 -1 18 -1 -1 -1 -1 -1 -1 -1 -1 -1 -1 -1 22 21 20 19 -1 -1 -1 
-1 -1 -1 -1 4 5 10 -1 -1 -1 -1 -1 -1 3 -1 -1 -1 -1 0 -1 1 9 -1 -1 7 8 -1 11 -1 24 -1 28 -1 16 -1 15 -1 -1 12 -1 -1 -1 -1 -1 -1 -1 -1 -1 -1 -1 -1 -1 -1 -1 -1 -1 -1 -1 2 -1 -1 -1 27 -1 -1 23 26 25 -1 17 -1 18 -1 -1 -1 -1 -1 -1 -1 -1 -1 -1 -1 22 21 20 19 -1 -1 -1 
-1 -1 -1 -1 4 5 10 -1 -1 -1 -1 -1 -1 3 -1 -1 -1 -1 0 -1 1 9 -1 -1 7 8 -1 11 -1 24 -1 28 16 -1 -1 15 -1 -1 12 -1 -1 -1 -1 -1 -1 -1 -1 -1 -1 -1 -1 -1 -1 -1 -1 -1 -1 -1 2 -1 -1 -1 27 -1 -1 23 26 25 -1 17 -1 18 -1 -1 -1 -1 -1 -1 -1 -1 -1 -1 -1 22 21 20 19 -1 -1 -1 
-1 -1 -1 -1 4 5 10 -1 -1 -1 -1 -1 -1 3 -1 -1 -1 -1 0 -1 1 9 -1 -1 7 -1 -1 11 -1 24 -1 28 16 -1 -1 15 -1 -1 12 -1 -1 -1 -1 8 -1 -1 -1 -1 -1 -1 -1 -1 -1 -1 -1 -1 -1 -1 2 -1 -1 -1 27 -1 -1 23 26 25 -1 17 -1 18 -1 -1 -1 -1 -1 -1 -1 -1 -1 -1 -1 22 21 20 19 -1 -1 -1 
-1 -1 -1 -1 4 5 10 -1 -1 -1 -1 -1 -1 3 -1 -1 -1 -1 0 -1 1 9 -1 -1 7 -1 -1 11 -1 24 -1 28 16 -1 -1 15 -1 -1 12 -1 -1 -1 -1 8 -1 -1 -1 -1 -1 29 -1 -1 -1 -1 -1 -1 -1 -1 -1 -1 -1 -1 27 -1 -1 23 26 25 -1 17 -1 18 -1 -1 -1 -1 -1 -1 -1 -1 -1 -1 -1 22 21 20 19 -1 -1 -1 
-1 -1 -1 -1 4 5 -1 -1 -1 -1 -1 -1 -1 3 -1 -1 -1 -1 0 -1 1 9 -1 -1 7 -1 -1 11 -1 24 -1 28 16 -1 -1 15 -1 -1 12 -1 -1 -1 -1 8 -1 -1 -1 -1 -1 29 -1 -1 -1 -1 -1 -1 -1 -1 -1 -1 -1 -1 27 -1 -1 23 26 25 -1 10 -1 18 -1 -1 -1 -1 -1 -1 -1 -1 -1 -1 -1 22 21 20 19 -1 -1 -1 
-1 -1 -1 -1 4 5 -1 -1 -1 -1 -1 -1 -1 3 -1 -1 -1 -1 0 -1 1 9 -1 -1 7 -1 -1 11 -1 24 -1 28 16 -1 -1 15 -1 -1 12 -1 -1 -1 -1 8 -1 -1 -1 -1 -1 29 -1 -1 -1 -1 -1 -1 -1 -1 -1 -1 -1 -1 27 -1 -1 23 -1 25 -1 26 -1 18 -1 -1 -1 -1 -1 -1 -1 -1 -1 -1 -1 22 21 20 19 -1 -1 -1 
-1 -1 -1 -1 4 5 -1 -1 -1 -1 -1 -1 -1 3 -1 -1 -1 -1 0 -1 1 9 -1 -1 7 -1 -1 11 -1 24 -1 28 16 -1 -1 15 -1 -1 12 -1 -1 -1 8 -1 -1 -1 -1 -1 -1 29 -1 -1 -1 -1 -1 -1 -1 -1 -1 -1 -1 -1 27 -1 -1 23 -1 25 -1 26 -1 18 -1 -1 -1 -1 -1 -1 -1 -1 -1 -1 -1 22 21 20 19 -1 -1 -1 
-1 -1 -1 -1 4 5 -1 -1 -1 -1 -1 -1 -1 3 -1 -1 -1 -1 0 -1 1 9 -1 -1 7 -1 -1 11 -1 24 -1 28 16 -1 -1 15 -1 -1 12 -1 -1 -1 8 -1 -1 -1 -1 -1 -1 29 -1 -1 -1 -1 -1 -1 -1 -1 -1 -1 -1 -1 27 -1 -1 23 -1 25 -1 -1 -1 18 -1 -1 -1 -1 -1 -1 -1 -1 -1 -1 -1 22 21 20 19 26 -1 -1 
-1 -1 -1 9 4 5 -1 -1 -1 -1 -1 -1 -1 3 -1 -1 -1 -1 0 -1 1 -1 -1 -1 7 -1 -1 11 -1 24 -1 28 16 -1 -1 15 -1 -1 12 -1 -1 -1 8 -1 -1 -1 -1 -1 -1 29 -1 -1 -1 -1 -1 -1 -1 -1 -1 -1 -1 -1 27 -1 -1 23 -1 25 -1 -1 -1 18 -1 -1 -1 -1 -1 -1 -1 -1 -1 -1 -1 22 21 20 19 26 -1 -1 
-1 -1 -1 9 4 5 -1 -1 -1 -1 -1 -1 -1 3 -1 -1 -1 -1 0 -1 1 -1 -1 -1 7 -1 -1 11 -1 24 -1 28 16 -1 -1 15 -1 -1 12 -1 29 -1 8 -1 -1 -1 -1 -1 -1 -1 -1 -1 -1 -1 -1 -1 -1 -1 -1 -1 -1 -1 27 -1 -1 23 -1 25 -1 -1 -1 18 -1 -1 -1 -1 -1 -1 -1 -1 -1 -1 -1 22 21 20 19 26 -1 -1 
-1 -1 -1 9 4 5 -1 -1 -1 -1 -1 -1 -1 3 -1 -1 -1 -1 0 -1 1 -1 -1 -1 7 -1 -1 11 -1 24 -1 28 16 -1 -1 15 -1 -1 12 -1 8 -1 -1 -1 -1 -1 -1 -1 -1 -1 -1 -1 -1 -1 -1 -1 -1 -1 -1 -1 -1 -1 27 -1 -1 23 -1 25 -1 -1 -1 18 -1 -1 -1 -1 -1 -1 -1 -1 -1 -1 -1 22 21 20 19 26 -1 -1 
-1 -1 -1 9 4 5 -1 -1 -1 -1 -1 -1 -1 3 -1 -1 -1 -1 0 -1 1 -1 -1 -1 7 -1 -1 11 -1 24 -1 28 -1 16 -1 15 -1 -1 12 -1 8 -1 -1 -1 -1 -1 -1 -1 -1 -1 -1 -1 -1 -1 -1 -1 -1 -1 -1 -1 -1 -1 27 -1 -1 23 -1 25 -1 -1 -1 18 -1 -1 -1 -1 -1 -1 -1 -1 -1 -1 -1 22 21 20 19 26 -1 -1 
-1 -1 -1 9 4 5 -1 -1 -1 -1 -1 -1 -1 3 -1 -1 -1 7 0 -1 1 -1 -1 -1 -1 -1 -1 11 -1 24 -1 28 -1 16 -1 15 -1 -1 12 -1 8 -1 -1 -1 -1 -1 -1 -1 -1 -1 -1 -1 -1 -1 -1 -1 -1 -1 -1 -1 -1 -1 27 -1 -1 23 -1 25 -1 -1 -1 18 -1 -1 -1 -1 -1 -1 -1 -1 -1 -1 -1 22 21 20 19 26 -1 -1 
-1 -1 -1 9 4 5 -1 -1 -1 -1 -1 -1 -1 3 -1 -1 -1 7 0 -1 1 -1 -1 -1 -1 -1 -1 11 -1 24 -1 28 -1 16 -1 15 -1 -1 12 -1 8 -1 -1 -1 -1 -1 -1 -1 -1 -1 -1 -1 -1 -1 -1 -1 -1 -1 -1 -1 -1 -1 27 -1 -1 23 -1 25 -1 -1 -1 18 -1 -1 -1 -1 -1 -1 26 -1 -1 -1 -1 22 21 20 19 -1 -1 -1 
-1 -1 -1 9 4 5 -1 -1 -1 -1 -1 -1 -1 3 -1 -1 -1 7 0 -1 1 -1 -1 -1 -1 -1 -1 11 -1 24 -1 28 -1 16 -1 15 -1 -1 12 -1 8 -1 2 -1 -1 -1 -1 -1 -1 -1 -1 -1 -1 -1 -1 -1 -1 -1 -1 -1 -1 -1 27 -1 -1 23 -1 25 -1 -1 -1 18 -1 -1 -1 -1 -1 -1 26 -1 -1 -1 -1 22 21 20 19 -1 -1 -1 
-1 -1 -1 9 4 5 -1 -1 -1 -1 -1 -1 -1 3 -1 -1 -1 7 0 -1 1 -1 -1 -1 -1 -1 -1 11 -1 24 -1 28 -1 16 -1 15 -1 -1 12 -1 8 -1 2 -1 -1 -1 -1 -1 -1 -1 -1 -1 -1 -1 -1 -1 -1 -1 -1 -1 -1 -1 27 -1 -1 23 -1 25 -1 -1 -1 18 -1 -1 -1 -1 26 -1 -1 -1 -1 -1 -1 22 21 20 19 -1 -1 -1 
-1 -1 -1 9 4 5 -1 -1 -1 -1 -1 -1 -1 3 -1 -1 -1 7 0 -1 1 -1 -1 -1 -1 -1 -1 11 -1 24 -1 28 -1 16 -1 15 -1 -1 12 8 -1 -1 2 -1 -1 -1 -1 -1 -1 -1 -1 -1 -1 -1 -1 -1 -1 -1 -1 -1 -1 -1 27 -1 -1 23 -1 25 -1 -1 -1 18 -1 -1 -1 -1 26 -1 -1 -1 -1 -1 -1 22 21 20 19 -1 -1 -1 
-1 -1 -1 9 4 5 -1 -1 -1 -1 -1 -1 -1 3 -1 -1 -1 7 0 -1 1 -1 -1 -1 -1 -1 -1 11 -1 24 -1 28 -1 16 -1 15 -1 -1 12 8 -1 -1 2 -1 -1 -1 -1 -1 -1 -1 -1 -1 -1 -1 -1 -1 -1 -1 23 -1 -1 -1 27 -1 -1 -1 -1 25 -1 -1 -1 18 -1 -1 -1 -1 26 -1 -1 -1 -1 -1 -1 22 21 20 19 -1 -1 -1 
-1 -1 -1 9 4 5 -1 -1 -1 -1 -1 -1 -1 3 -1 -1 -1 7 0 -1 1 -1 -1 -1 -1 -1 -1 11 -1 24 -1 28 -1 16 -1 15 -1 -1 12 -1 -1 -1 2 -1 -1 -1 -1 -1 -1 -1 -1 -1 -1 -1 -1 -1 -1 8 23 -1 -1 -1 27 -1 -1 -1 -1 25 -1 -1 -1 18 -1 -1 -1 -1 26 -1 -1 -1 -1 -1 -1 22 21 20 19 -1 -1 -1 
-1 -1 -1 9 4 5 -1 -1 -1 -1 -1 -1 -1 3 -1 -1 -1 7 0 -1 1 -1 -1 -1 -1 -1 -1 11 -1 24 -1 28 -1 16 -1 15 -1 -1 12 -1 -1 23 2 -1 -1 -1 -1 -1 -1 -1 -1 -1 -1 -1 -1 -1 -1 8 -1 -1 -1 -1 27 -1 -1 -1 -1 25 -1 -1 -1 18 -1 -1 -1 -1 26 -1 -1 -1 -1 -1 -1 22 21 20 19 -1 -1 -1 
-1 -1 9 -1 4 5 -1 -1 -1 -1 -1 -1 -1 3 -1 -1 -1 7 0 -1 1 -1 -1 -1 -1 -1 -1 11 -1 24 -1 28 -1 16 -1 15 -1 -1 12 -1 -1 23 2 -1 -1 -1 -1 -1 -1 -1 -1 -1 -1 -1 -1 -1 -1 8 -1 -1 -1 -1 27 -1 -1 -1 -1 25 -1 -1 -1 18 -1 -1 -1 -1 26 -1 -1 -1 -1 -1 -1 22 21 20 19 -1 -1 -1 
-1 -1 9 -1 4 5 -1 -1 -1 -1 -1 -1 -1 3 -1 -1 -1 7 0 -1 1 -1 -1 -1 -1 -1 -1 11 -1 -1 24 28 -1 16 -1 15 -1 -1 12 -1 -1 23 2 -1 -1 -1 -1 -1 -1 -1 -1 -1 -1 -1 -1 -1 -1 8 -1 -1 -1 -1 27 -1 -1 -1 -1 25 -1 -1 -1 18 -1 -1 -1 -1 26 -1 -1 -1 -1 -1 -1 22 21 20 19 -1 -1 -1 
-1 -1 9 -1 4 5 -1 -1 -1 -1 -1 -1 -1 3 -1 -1 -1 7 0 -1 1 -1 -1 -1 -1 -1 -1 11 -1 -1 8 28 -1 16 -1 15 -1 -1 12 -1 -1 23 2 -1 -1 -1 -1 -1 -1 -1 -1 -1 -1 -1 -1 -1 -1 -1 -1 -1 -1 -1 27 -1 -1 -1 -1 25 -1 -1 -1 18 -1 -1 -1 -1 26 -1 -1 -1 -1 -1 -1 22 21 20 19 -1 -1 -1 
-1 -1 9 -1 4 5 -1 -1 -1 -1 -1 -1 -1 3 -1 -1 -1 7 0 -1 1 -1 -1 -1 -1 -1 -1 11 -1 -1 23 28 -1 16 -1 15 -1 -1 12 -1 -1 -1 2 -1 -1 -1 -1 -1 -1 -1 -1 -1 -1 -1 -1 -1 -1 -1 -1 -1 -1 -1 27 -1 -1 -1 -1 25 -1 -1 -1 18 -1 -1 -1 -1 26 -1 -1 -1 -1 -1 -1 22 21 20 19 -1 -1 -1 
-1 -1 9 -1 4 5 -1 -1 -1 0 -1 -1 -1 3 -1 -1 -1 7 -1 -1 1 -1 -1 -1 -1 -1 -1 11 -1 -1 23 28 -1 16 -1 15 -1 -1 12 -1 -1 -1 2 -1 -1 -1 -1 -1 -1 -1 -1 -1 -1 -1 -1 -1 -1 -1 -1 -1 -1 -1 27 -1 -1 -1 -1 25 -1 -1 -1 18 -1 -1 -1 -1 26 -1 -1 -1 -1 -1 -1 22 21 20 19 -1 -1 -1 
-1 -1 9 -1 4 5 -1 -1 -1 0 -1 -1 -1 3 -1 -1 -1 7 -1 -1 1 -1 -1 -1 -1 -1 -1 11 -1 -1 23 26 -1 16 -1 15 -1 -1 12 -1 -1 -1 2 -1 -1 -1 -1 -1 -1 -1 -1 -1 -1 -1 -1 -1 -1 -1 -1 -1 -1 -1 27 -1 -1 -1 -1 25 -1 -1 -1 18 -1 -1 -1 -1 -1 -1 -1 -1 -1 -1 -1 22 21 20 19 -1 -1 -1 
-1 -1 9 -1 4 5 -1 -1 -1 0 -1 -1 -1 3 -1 -1 -1 7 -1 -1 -1 -1 -1 -1 -1 -1 -1 11 -1 -1 23 1 -1 16 -1 15 -1 -1 12 -1 -1 -1 2 -1 -1 -1 -1 -1 -1 -1 -1 -1 -1 -1 -1 -1 -1 -1 -1 -1 -1 -1 27 -1 -1 -1 -1 25 -1 -1 -1 18 -1 -1 -1 -1 -1 -1 -1 -1 -1 -1 -1 22 21 20 19 -1 -1 -1 
-1 -1 9 -1 4 5 -1 -1 -1 0 -1 -1 -1 3 -1 -1 -1 7 -1 -1 -1 -1 -1 -1 -1 -1 -1 11 -1 -1 23 16 -1 -1 -1 15 -1 -1 12 -1 -1 -1 2 -1 -1 -1 -1 -1 -1 -1 -1 -1 -1 -1 -1 -1 -1 -1 -1 -1 -1 -1 27 -1 -1 -1 -1 25 -1 -1 -1 18 -1 -1 -1 -1 -1 -1 -1 -1 -1 -1 -1 22 21 20 19 -1 -1 -1 
-1 -1 9 4 -1 5 -1 -1 -1 0 -1 -1 -1 3 -1 -1 -1 7 -1 -1 -1 -1 -1 -1 -1 -1 -1 11 -1 -1 23 16 -1 -1 -1 15 -1 -1 12 -1 -1 -1 2 -1 -1 -1 -1 -1 -1 -1 -1 -1 -1 -1 -1 -1 -1 -1 -1 -1 -1 -1 27 -1 -1 -1 -1 25 -1 -1 -1 18 -1 -1 -1 -1 -1 -1 -1 -1 -1 -1 -1 22 21 20 19 -1 -1 -1 
-1 -1 9 4 -1 5 -1 -1 -1 0 -1 -1 -1 3 -1 -1 -1 7 -1 -1 -1 -1 -1 -1 -1 -1 -1 11 -1 -1 23 16 -1 -1 -1 15 -1 -1 12 -1 -1 -1 2 -1 -1 -1 -1 -1 -1 -1 -1 -1 -1 -1 -1 -1 -1 -1 -1 -1 -1 -1 27 -1 -1 -1 25 -1 -1 -1 -1 18 -1 -1 -1 -1 -1 -1 -1 -1 -1 -1 -1 22 21 20 19 -1 -1 -1 
-1 -1 9 4 -1 5 -1 -1 -1 0 -1 -1 -1 -1 -1 -1 -1 7 -1 -1 -1 3 -1 -1 -1 -1 -1 11 -1 -1 23 16 -1 -1 -1 15 -1 -1 12 -1 -1 -1 2 -1 -1 -1 -1 -1 -1 -1 -1 -1 -1 -1 -1 -1 -1 -1 -1 -1 -1 -1 27 -1 -1 -1 25 -1 -1 -1 -1 18 -1 -1 -1 -1 -1 -1 -1 -1 -1 -1 -1 22 21 20 19 -1 -1 -1 
-1 -1 9 4 -1 5 -1 -1 -1 0 -1 -1 -1 -1 -1 -1 -1 7 -1 -1 -1 3 -1 -1 -1 -1 -1 11 -1 -1 23 -1 -1 -1 -1 15 -1 -1 12 -1 16 -1 2 -1 -1 -1 -1 -1 -1 -1 -1 -1 -1 -1 -1 -1 -1 -1 -1 -1 -1 -1 27 -1 -1 -1 25 -1 -1 -1 -1 18 -1 -1 -1 -1 -1 -1 -1 -1 -1 -1 -1 22 21 20 19 -1 -1 -1 
-1 -1 9 4 -1 5 -1 -1 -1 0 -1 -1 -1 -1 -1 -1 -1 -1 -1 -1 -1 3 -1 -1 7 -1 -1 11 -1 -1 23 -1 -1 -1 -1 15 -1 -1 12 -1 16 -1 2 -1 -1 -1 -1 -1 -1 -1 -1 -1 -1 -1 -1 -1 -1 -1 -1 -1 -1 -1 27 -1 -1 -1 25 -1 -1 -1 -1 18 -1 -1 -1 -1 -1 -1 -1 -1 -1 -1 -1 22 21 20 19 -1 -1 -1 
-1 -1 9 4 -1 5 -1 -1 -1 0 -1 -1 -1 -1 -1 -1 -1 -1 -1 -1 -1 3 -1 23 7 -1 -1 11 -1 -1 -1 -1 -1 -1 -1 15 -1 -1 12 -1 16 -1 2 -1 -1 -1 -1 -1 -1 -1 -1 -1 -1 -1 -1 -1 -1 -1 -1 -1 -1 -1 27 -1 -1 -1 25 -1 -1 -1 -1 18 -1 -1 -1 -1 -1 -1 -1 -1 -1 -1 -1 22 21 20 19 -1 -1 -1 
