0 1 2 3 4 5 6 7 8 -1 -1 -1 -1 -1 -1 -1 -1 -1 -1 9 -1 -1 -1 -1 -1 10 -1 11 -1 12 -1 28 -1 14 -1 15 -1 -1 -1 -1 -1 -1 -1 -1 -1 -1 -1 -1 -1 -1 -1 -1 -1 -1 -1 -1 -1 -1 29 -1 -1 -1 27 -1 26 -1 -1 25 -1 -1 -1 -1 -1 -1 -1 -1 -1 -1 -1 -1 -1 24 31 22 21 20 19 18 17 16 
0 1 2 3 4 5 6 -1 8 -1 -1 -1 -1 -1 -1 -1 -1 -1 -1 9 -1 -1 -1 -1 7 10 -1 11 -1 12 -1 28 -1 14 -1 15 -1 -1 -1 -1 -1 -1 -1 -1 -1 -1 -1 -1 -1 -1 -1 -1 -1 -1 -1 -1 -1 -1 29 -1 -1 -1 27 -1 26 -1 -1 25 -1 -1 -1 -1 -1 -1 -1 -1 -1 -1 -1 -1 -1 24 31 22 21 20 19 18 17 16 
0 1 2 3 4 5 6 -1 8 -1 -1 -1 -1 -1 -1 -1 -1 -1 -1 9 -1 -1 -1 -1 7 10 -1 11 -1 12 -1 28 -1 14 -1 15 -1 -1 -1 -1 -1 -1 -1 -1 -1 -1 -1 -1 -1 -1 -1 -1 -1 -1 -1 -1 -1 -1 29 -1 -1 -1 27 -1 26 -1 -1 25 -1 17 -1 -1 -1 -1 -1 -1 -1 -1 -1 -1 -1 24 31 22 21 20 19 18 -1 16 
0 1 2 3 4 5 6 8 -1 -1 -1 -1 -1 -1 -1 -1 -1 -1 -1 9 -1 -1 -1 -1 7 10 -1 11 -1 12 -1 28 -1 14 -1 15 -1 -1 -1 -1 -1 -1 -1 -1 -1 -1 -1 -1 -1 -1 -1 -1 -1 -1 -1 -1 -1 -1 29 -1 -1 -1 27 -1 26 -1 -1 25 -1 17 -1 -1 -1 -1 -1 -1 -1 -1 -1 -1 -1 24 31 22 21 20 19 18 -1 16 
0 1 2 3 4 5 6 8 -1 -1 -1 -1 -1 -1 -1 -1 -1 -1 -1 9 -1 -1 -1 -1 7 10 -1 11 -1 12 -1 28 -1 14 -1 15 -1 -1 -1 -1 -1 -1 -1 -1 -1 -1 -1 30 -1 -1 -1 -1 -1 -1 -1 -1 -1 -1 29 -1 -1 -1 27 -1 26 -1 -1 25 -1 17 -1 -1 -1 -1 -1 -1 -1 -1 -1 -1 -1 24 31 22 21 20 19 18 -1 16 
0 1 2 3 4 5 6 8 -1 -1 -1 -1 -1 -1 -1 -1 -1 -1 -1 -1 -1 -1 9 -1 7 10 -1 11 -1 12 -1 28 -1 14 -1 15 -1 -1 -1 -1 -1 -1 -1 -1 -1 -1 -1 30 -1 -1 -1 -1 -1 -1 -1 -1 -1 -1 29 -1 -1 -1 27 -1 26 -1 -1 25 -1 17 -1 -1 -1 -1 -1 -1 -1 -1 -1 -1 -1 24 31 22 21 20 19 18 -1 16 
0 1 2 3 4 5 6 8 -1 -1 -1 -1 -1 -1 -1 -1 -1 -1 -1 -1 -1 -1 9 -1 7 10 -1 11 -1 12 -1 28 -1 14 -1 15 -1 -1 -1 -1 -1 -1 -1 -1 -1 -1 -1 30 -1 -1 -1 -1 -1 -1 -1 -1 -1 -1 29 -1 -1 -1 27 -1 26 -1 -1 25 -1 17 -1 -1 -1 -1 -1 -1 -1 -1 -1 -1 -1 24 31 22 21 20 19 18 16 -1 
0 1 2 3 4 5 6 8 -1 -1 -1 -1 -1 -1 -1 -1 -1 -1 -1 -1 -1 -1 9 -1 7 -1 -1 11 -1 12 -1 28 -1 14 -1 15 -1 -1 -1 -1 -1 -1 -1 -1 -1 -1 -1 30 -1 -1 -1 -1 -1 -1 -1 -1 -1 -1 29 -1 -1 10 27 -1 26 -1 -1 25 -1 17 -1 -1 -1 -1 -1 -1 -1 -1 -1 -1 -1 24 31 22 21 20 19 18 16 -1 
0 1 2 3 4 5 6 8 -1 -1 -1 -1 -1 -1 -1 -1 -1 -1 -1 -1 -1 -1 9 -1 7 -1 -1 11 -1 12 -1 28 -1 14 -1 15 -1 -1 -1 -1 -1 -1 -1 -1 -1 -1 -1 30 -1 -1 -1 28 -1 -1 -1 -1 -1 -1 29 -1 -1 10 27 -1 26 -1 -1 25 -1 17 -1 -1 -1 -1 -1 -1 -1 -1 -1 -1 -1 24 31 22 21 20 19 18 16 -1 
0 -1 2 3 4 5 6 8 -1 -1 -1 -1 -1 -1 -1 -1 -1 -1 -1 -1 1 -1 9 -1 7 -1 -1 11 -1 12 -1 28 -1 14 -1 15 -1 -1 -1 -1 -1 -1 -1 -1 -1 -1 -1 30 -1 -1 -1 28 -1 -1 -1 -1 -1 -1 29 -1 -1 10 27 -1 26 -1 -1 25 -1 17 -1 -1 -1 -1 -1 -1 -1 -1 -1 -1 -1 24 31 22 21 20 19 18 16 -1 
0 -1 2 3 4 5 6 8 -1 -1 -1 -1 -1 -1 -1 -1 -1 -1 -1 -1 1 -1 9 -1 7 -1 -1 11 -1 12 -1 28 -1 14 -1 15 -1 -1 -1 -1 -1 -1 -1 -1 -1 -1 -1 30 -1 -1 -1 28 -1 -1 -1 -1 -1 -1 29 -1 -1 10 27 -1 26 23 -1 25 -1 17 -1 -1 -1 -1 -1 -1 -1 -1 -1 -1 -1 24 -1 22 21 20 19 18 16 -1 
-1 0 2 3 4 5 6 8 -1 -1 -1 -1 -1 -1 -1 -1 -1 -1 -1 -1 1 -1 9 -1 7 -1 -1 11 -1 12 -1 28 -1 14 -1 15 -1 -1 -1 -1 -1 -1 -1 -1 -1 -1 -1 30 -1 -1 -1 28 -1 -1 -1 -1 -1 -1 29 -1 -1 10 27 -1 26 23 -1 25 -1 17 -1 -1 -1 -1 -1 -1 -1 -1 -1 -1 -1 24 -1 22 21 20 19 18 16 -1 
-1 0 2 3 4 5 6 8 -1 -1 -1 -1 -1 -1 -1 -1 -1 -1 -1 -1 1 -1 9 -1 7 -1 -1 11 -1 12 -1 28 -1 14 -1 15 -1 -1 -1 -1 -1 -1 -1 -1 -1 -1 -1 30 -1 -1 -1 28 -1 -1 -1 -1 -1 -1 29 -1 -1 10 27 -1 26 23 -1 25 -1 17 -1 -1 -1 -1 -1 -1 -1 -1 -1 -1 -1 -1 24 22 21 20 19 18 16 -1 
-1 -1 2 3 4 5 6 8 -1 -1 -1 -1 -1 -1 -1 -1 -1 -1 -1 -1 1 -1 9 -1 7 -1 -1 11 -1 12 -1 28 -1 14 -1 15 -1 0 -1 -1 -1 -1 -1 -1 -1 -1 -1 30 -1 -1 -1 28 -1 -1 -1 -1 -1 -1 29 -1 -1 10 27 -1 26 23 -1 25 -1 17 -1 -1 -1 -1 -1 -1 -1 -1 -1 -1 -1 -1 24 22 21 20 19 18 16 -1 
-1 -1 2 3 4 5 6 8 -1 -1 -1 -1 -1 -1 -1 -1 -1 -1 -1 -1 1 -1 9 -1 7 -1 -1 11 -1 12 -1 28 -1 14 -1 15 -1 0 -1 -1 -1 -1 -1 -1 -1 -1 -1 30 -1 -1 -1 28 -1 -1 -1 -1 -1 -1 29 -1 -1 10 27 26 -1 23 -1 25 -1 17 -1 -1 -1 -1 -1 -1 -1 -1 -1 -1 -1 -1 24 22 21 20 19 18 16 -1 
-1 -1 2 3 4 5 6 8 -1 -1 -1 -1 -1 -1 -1 -1 -1 -1 -1 -1 1 -1 9 -1 7 -1 -1 11 -1 12 -1 28 -1 14 -1 15 -1 -1 -1 -1 -1 -1 -1 0 -1 -1 -1 30 -1 -1 -1 28 -1 -1 -1 -1 -1 -1 29 -1 -1 10 27 26 -1 23 -1 25 -1 17 -1 -1 -1 -1 -1 -1 -1 -1 -1 -1 -1 -1 24 22 21 20 19 18 16 -1 
-1 -1 2 3 4 5 6 8 -1 -1 -1 -1 -1 -1 -1 -1 -1 -1 -1 -1 1 -1 9 -1 7 -1 -1 11 24 12 -1 28 -1 14 -1 15 -1 -1 -1 -1 -1 -1 -1 0 -1 -1 -1 30 -1 -1 -1 28 -1 -1 -1 -1 -1 -1 29 -1 -1 10 27 26 -1 23 -1 25 -1 17 -1 -1 -1 -1 -1 -1 -1 -1 -1 -1 -1 -1 -1 22 21 20 19 18 16 -1 
-1 -1 2 3 4 5 6 8 -1 -1 -1 -1 -1 -1 -1 -1 -1 -1 -1 -1 1 -1 9 -1 7 -1 -1 11 24 12 -1 28 -1 14 -1 15 -1 -1 -1 -1 -1 -1 -1 0 -1 -1 -1 30 -1 -1 -1 28 -1 -1 -1 -1 -1 -1 29 -1 10 -1 27 26 -1 23 -1 25 -1 17 -1 -1 -1 -1 -1 -1 -1 -1 -1 -1 -1 -1 -1 22 21 20 19 18 16 -1 
-1 -1 2 3 4 5 6 8 -1 -1 -1 -1 -1 -1 -1 -1 -1 -1 -1 -1 1 -1 9 -1 7 -1 -1 11 24 12 -1 28 -1 14 -1 15 -1 -1 -1 -1 -1 -1 -1 0 -1 -1 -1 30 -1 -1 -1 28 -1 -1 -1 -1 -1 -1 29 -1 10 -1 27 26 -1 23 -1 25 -1 17 -1 -1 -1 -1 -1 -1 -1 -1 -1 -1 -1 -1 -1 22 21 20 19 18 -1 16 
-1 -1 2 3 4 5 6 8 -1 -1 -1 -1 -1 -1 -1 -1 -1 -1 -1 -1 1 -1 -1 9 7 -1 -1 11 24 12 -1 28 -1 14 -1 15 -1 -1 -1 -1 -1 -1 -1 0 -1 -1 -1 30 -1 -1 -1 28 -1 -1 -1 -1 -1 -1 29 -1 10 -1 27 26 -1 23 -1 25 -1 17 -1 -1 -1 -1 -1 -1 -1 -1 -1 -1 -1 -1 -1 22 21 20 19 18 -1 16 
-1 -1 2 3 4 5 6 8 -1 -1 -1 -1 -1 -1 -1 -1 -1 -1 -1 -1 1 -1 -1 9 7 -1 -1 11 -1 24 -1 28 -1 14 -1 15 -1 -1 -1 -1 -1 -1 -1 0 -1 -1 -1 30 -1 -1 -1 28 -1 -1 -1 -1 -1 -1 29 -1 10 -1 27 26 -1 23 -1 25 -1 17 -1 -1 -1 -1 -1 -1 -1 -1 -1 -1 -1 -1 -1 22 21 20 19 18 -1 16 
-1 -1 2 3 4 5 -1 8 -1 -1 -1 -1 -1 -1 -1 -1 -1 -1 -1 -1 1 -1 6 9 7 -1 -1 11 -1 24 -1 28 -1 14 -1 15 -1 -1 -1 -1 -1 -1 -1 0 -1 -1 -1 30 -1 -1 -1 28 -1 -1 -1 -1 -1 -1 29 -1 10 -1 27 26 -1 23 -1 25 -1 17 -1 -1 -1 -1 -1 -1 -1 -1 -1 -1 -1 -1 -1 22 21 20 19 18 -1 16 
-1 -1 2 3 4 5 -1 8 -1 -1 -1 -1 -1 -1 -1 -1 -1 -1 -1 -1 1 -1 6 9 7 -1 -1 11 -1 24 -1 25 -1 14 -1 15 -1 -1 -1 -1 -1 -1 -1 0 -1 -1 -1 30 -1 -1 -1 28 -1 -1 -1 -1 -1 -1 29 -1 10 -1 27 26 -1 23 -1 -1 -1 17 -1 -1 -1 -1 -1 -1 -1 -1 -1 -1 -1 -1 -1 22 21 20 19 18 -1 16 
-1 -1 2 3 4 5 -1 8 -1 -1 -1 -1 -1 -1 -1 -1 -1 -1 -1 -1 -1 -1 6 9 7 -1 -1 11 -1 24 -1 1 -1 14 -1 15 -1 -1 -1 -1 -1 -1 -1 0 -1 -1 -1 30 -1 -1 -1 28 -1 -1 -1 -1 -1 -1 29 -1 10 -1 27 26 -1 23 -1 -1 -1 17 -1 -1 -1 -1 -1 -1 -1 -1 -1 -1 -1 -1 -1 22 21 20 19 18 -1 16 
-1 -1 2 3 4 5 -1 8 -1 -1 -1 -1 -1 -1 -1 -1 -1 -1 -1 -1 -1 -1 6 9 7 -1 -1 11 -1 -1 -1 24 -1 14 -1 15 -1 -1 -1 -1 -1 -1 -1 0 -1 -1 -1 30 -1 -1 -1 28 -1 -1 -1 -1 -1 -1 29 -1 10 -1 27 26 -1 23 -1 -1 -1 17 -1 -1 -1 -1 -1 -1 -1 -1 -1 -1 -1 -1 -1 22 21 20 19 18 -1 16 
-1 -1 2 3 4 5 -1 8 -1 -1 -1 -1 -1 -1 -1 -1 -1 -1 -1 -1 -1 -1 6 -1 7 -1 -1 11 -1 -1 -1 24 -1 14 -1 15 -1 -1 -1 -1 -1 -1 -1 0 -1 -1 -1 30 -1 -1 -1 28 -1 -1 -1 -1 -1 -1 29 -1 10 -1 27 26 -1 23 -1 -1 9 17 -1 -1 -1 -1 -1 -1 -1 -1 -1 -1 -1 -1 -1 22 21 20 19 18 -1 16 
-1 -1 2 3 4 5 -1 8 -1 -1 -1 -1 -1 -1 -1 -1 -1 -1 -1 -1 -1 -1 6 -1 7 -1 -1 11 -1 -1 -1 -1 24 14 -1 15 -1 -1 -1 -1 -1 -1 -1 0 -1 -1 -1 30 -1 -1 -1 28 -1 -1 -1 -1 -1 -1 29 -1 10 -1 27 26 -1 23 -1 -1 9 17 -1 -1 -1 -1 -1 -1 -1 -1 -1 -1 -1 -1 -1 22 21 20 19 18 -1 16 
-1 -1 2 3 4 5 -1 8 -1 -1 -1 -1 -1 -1 -1 -1 -1 -1 -1 -1 -1 -1 6 -1 7 -1 -1 11 -1 -1 -1 -1 24 14 -1 15 -1 -1 -1 -1 -1 -1 -1 0 -1 -1 -1 30 -1 -1 -1 28 -1 -1 -1 -1 -1 -1 29 -1 10 -1 27 9 -1 23 -1 -1 -1 17 -1 -1 -1 -1 -1 -1 -1 -1 -1 -1 -1 -1 -1 22 21 20 19 18 -1 16 
-1 -1 2 3 4 5 -1 8 -1 -1 -1 -1 -1 -1 -1 -1 -1 -1 -1 -1 -1 -1 6 -1 7 -1 -1 11 -1 -1 -1 -1 24 14 -1 15 -1 -1 -1 -1 -1 -1 -1 0 -1 -1 -1 30 -1 -1 -1 28 -1 -1 -1 -1 -1 -1 29 -1 10 -1 27 22 -1 23 -1 -1 -1 17 -1 -1 -1 -1 -1 -1 -1 -1 -1 -1 -1 -1 -1 -1 21 20 19 18 -1 16 
-1 -1 2 3 4 5 -1 8 -1 -1 -1 -1 -1 -1 -1 -1 -1 -1 -1 -1 -1 -1 6 -1 7 -1 -1 11 -1 -1 -1 -1 24 14 -1 15 -1 -1 -1 -1 -1 -1 -1 -1 -1 -1 -1 30 -1 -1 -1 28 -1 -1 -1 -1 -1 -1 29 -1 10 -1 27 22 -1 23 -1 -1 -1 17 0 -1 -1 -1 -1 -1 -1 -1 -1 -1 -1 -1 -1 -1 21 20 19 18 -1 16 
-1 -1 2 3 4 5 -1 8 -1 -1 -1 -1 -1 -1 -1 -1 -1 -1 -1 -1 -1 -1 6 -1 7 -1 -1 11 -1 -1 -1 -1 24 14 -1 15 -1 -1 -1 -1 -1 -1 -1 -1 -1 -1 -1 30 -1 -1 -1 28 -1 -1 -1 -1 -1 -1 29 -1 10 -1 27 22 -1 23 -1 -1 -1 -1 0 -1 -1 -1 -1 -1 17 -1 -1 -1 -1 -1 -1 -1 21 20 19 18 -1 16 
-1 -1 2 3 4 -1 -1 8 -1 -1 -1 -1 -1 5 -1 -1 -1 -1 -1 -1 -1 -1 6 -1 7 -1 -1 11 -1 -1 -1 -1 24 14 -1 15 -1 -1 -1 -1 -1 -1 -1 -1 -1 -1 -1 30 -1 -1 -1 28 -1 -1 -1 -1 -1 -1 29 -1 10 -1 27 22 -1 23 -1 -1 -1 -1 0 -1 -1 -1 -1 -1 17 -1 -1 -1 -1 -1 -1 -1 21 20 19 18 -1 16 
-1 -1 2 3 4 -1 -1 8 -1 -1 -1 -1 -1 5 -1 -1 -1 -1 -1 -1 -1 -1 6 -1 7 -1 -1 11 -1 -1 -1 -1 24 14 -1 15 -1 -1 -1 -1 -1 -1 -1 -1 -1 -1 -1 30 -1 -1 -1 28 -1 -1 -1 -1 -1 -1 29 -1 10 -1 27 -1 -1 23 -1 -1 -1 -1 0 -1 -1 -1 -1 -1 17 -1 -1 -1 -1 -1 -1 22 21 20 19 18 -1 16 
-1 -1 2 3 4 8 -1 -1 -1 -1 -1 -1 -1 5 -1 -1 -1 -1 -1 -1 -1 -1 6 -1 7 -1 -1 11 -1 -1 -1 -1 24 14 -1 15 -1 -1 -1 -1 -1 -1 -1 -1 -1 -1 -1 30 -1 -1 -1 28 -1 -1 -1 -1 -1 -1 29 -1 10 -1 27 -1 -1 23 -1 -1 -1 -1 0 -1 -1 -1 -1 -1 17 -1 -1 -1 -1 -1 -1 22 21 20 19 18 -1 16 
-1 -1 2 3 4 24 -1 -1 -1 -1 -1 -1 -1 5 -1 -1 -1 -1 -1 -1 -1 -1 6 -1 7 -1 -1 11 -1 -1 -1 -1 -1 14 -1 15 -1 -1 -1 -1 -1 -1 -1 -1 -1 -1 -1 30 -1 -1 -1 28 -1 -1 -1 -1 -1 -1 29 -1 10 -1 27 -1 -1 23 -1 -1 -1 -1 0 -1 -1 -1 -1 -1 17 -1 -1 -1 -1 -1 -1 22 21 20 19 18 -1 16 
-1 -1 2 3 4 5 -1 -1 -1 -1 -1 -1 -1 -1 -1 -1 -1 -1 -1 -1 -1 -1 6 -1 7 -1 -1 11 -1 -1 -1 -1 -1 14 -1 15 -1 -1 -1 -1 -1 -1 -1 -1 -1 -1 -1 30 -1 -1 -1 28 -1 -1 -1 -1 -1 -1 29 -1 10 -1 27 -1 -1 23 -1 -1 -1 -1 0 -1 -1 -1 -1 -1 17 -1 -1 -1 -1 -1 -1 22 21 20 19 18 -1 16 
-1 -1 2 3 4 5 -1 -1 -1 -1 -1 -1 -1 -1 -1 -1 -1 -1 -1 -1 -1 -1 6 -1 7 -1 -1 11 -1 -1 -1 -1 -1 14 -1 15 -1 -1 -1 -1 -1 -1 -1 -1 -1 -1 -1 30 -1 -1 -1 28 -1 -1 -1 -1 -1 -1 29 -1 10 -1 27 -1 -1 23 -1 -1 -1 -1 0 16 -1 -1 -1 -1 17 -1 -1 -1 -1 -1 -1 22 21 20 19 18 -1 -1 
-1 -1 2 3 4 5 -1 -1 -1 -1 -1 -1 -1 -1 -1 -1 -1 -1 -1 -1 -1 -1 6 -1 7 -1 -1 11 -1 -1 -1 -1 -1 14 -1 15 -1 -1 -1 -1 -1 -1 -1 -1 -1 -1 -1 30 -1 -1 -1 28 -1 -1 -1 -1 -1 -1 29 -1 10 0 27 -1 -1 23 -1 -1 -1 -1 -1 16 -1 -1 -1 -1 17 -1 -1 -1 -1 -1 -1 22 21 20 19 18 -1 -1 
-1 -1 2 3 4 5 -1 -1 -1 -1 -1 -1 -1 -1 -1 -1 -1 -1 -1 -1 -1 -1 6 -1 7 -1 -1 11 -1 -1 -1 -1 -1 14 -1 15 -1 -1 -1 -1 -1 -1 -1 -1 -1 -1 -1 30 -1 -1 -1 28 -1 27 -1 -1 -1 -1 29 -1 10 0 -1 -1 -1 23 -1 -1 -1 -1 -1 16 -1 -1 -1 -1 17 -1 -1 -1 -1 -1 -1 22 21 20 19 18 -1 -1 
-1 -1 2 -1 4 5 -1 -1 -1 -1 -1 -1 -1 3 -1 -1 -1 -1 -1 -1 -1 -1 6 -1 7 -1 -1 11 -1 -1 -1 -1 -1 14 -1 15 -1 -1 -1 -1 -1 -1 -1 -1 -1 -1 -1 30 -1 -1 -1 28 -1 27 -1 -1 -1 -1 29 -1 10 0 -1 -1 -1 23 -1 -1 -1 -1 -1 16 -1 -1 -1 -1 17 -1 -1 -1 -1 -1 -1 22 21 20 19 18 -1 -1 
-1 -1 2 -1 4 5 -1 -1 -1 -1 -1 -1 -1 3 -1 -1 -1 -1 -1 -1 -1 -1 6 -1 7 -1 -1 11 -1 -1 -1 -1 -1 14 -1 15 -1 -1 -1 -1 -1 -1 -1 -1 -1 -1 -1 30 -1 -1 -1 28 -1 27 -1 -1 -1 -1 29 -1 10 0 -1 -1 -1 23 -1 22 -1 -1 -1 16 -1 -1 -1 -1 17 -1 -1 -1 -1 -1 -1 -1 21 20 19 18 -1 -1 
-1 -1 2 -1 4 5 -1 -1 -1 -1 -1 -1 -1 3 -1 -1 -1 -1 -1 -1 -1 -1 6 -1 7 -1 -1 11 -1 -1 -1 -1 -1 14 -1 15 -1 -1 -1 -1 -1 -1 -1 0 -1 -1 -1 30 -1 -1 -1 28 -1 27 -1 -1 -1 -1 29 -1 10 -1 -1 -1 -1 23 -1 22 -1 -1 -1 16 -1 -1 -1 -1 17 -1 -1 -1 -1 -1 -1 -1 21 20 19 18 -1 -1 
-1 -1 2 -1 4 5 -1 -1 -1 -1 -1 -1 -1 3 -1 -1 -1 -1 -1 -1 -1 -1 6 -1 7 -1 -1 11 -1 -1 -1 -1 -1 14 -1 15 -1 -1 -1 -1 -1 -1 -1 0 -1 -1 -1 30 -1 -1 -1 28 -1 27 -1 -1 -1 -1 29 -1 10 -1 -1 -1 -1 23 -1 22 -1 16 -1 -1 -1 -1 -1 -1 17 -1 -1 -1 -1 -1 -1 -1 21 20 19 18 -1 -1 
-1 -1 2 -1 4 5 -1 -1 -1 -1 -1 -1 -1 3 -1 -1 -1 -1 -1 -1 -1 -1 6 -1 7 -1 -1 11 -1 -1 -1 -1 -1 14 -1 15 -1 -1 -1 -1 -1 -1 -1 0 -1 -1 -1 30 -1 -1 -1 28 -1 27 -1 -1 -1 -1 29 -1 -1 -1 10 -1 -1 23 -1 22 -1 16 -1 -1 -1 -1 -1 -1 17 -1 -1 -1 -1 -1 -1 -1 21 20 19 18 -1 -1 
-1 -1 2 -1 4 5 -1 -1 -1 -1 -1 -1 -1 3 -1 -1 -1 -1 -1 -1 -1 -1 6 -1 7 -1 -1 11 -1 -1 -1 -1 -1 14 -1 15 -1 -1 -1 -1 -1 -1 -1 0 -1 -1 -1 30 -1 -1 -1 28 -1 27 -1 -1 -1 -1 29 -1 16 -1 10 -1 -1 23 -1 22 -1 -1 -1 -1 -1 -1 -1 -1 17 -1 -1 -1 -1 -1 -1 -1 21 20 19 18 -1 -1 
-1 -1 2 -1 4 5 -1 -1 -1 -1 -1 -1 -1 3 -1 -1 -1 -1 -1 -1 -1 -1 6 -1 7 -1 -1 11 -1 -1 -1 -1 -1 14 -1 15 -1 -1 -1 -1 -1 -1 -1 0 -1 -1 -1 30 -1 -1 -1 28 -1 27 -1 -1 -1 -1 29 -1 16 -1 -1 -1 -1 23 -1 22 -1 -1 -1 -1 -1 -1 -1 -1 17 -1 -1 -1 10 -1 -1 -1 21 20 19 18 -1 -1 
-1 -1 2 -1 4 5 -1 -1 -1 -1 -1 -1 -1 3 -1 -1 -1 -1 -1 -1 -1 -1 6 -1 7 -1 -1 11 -1 -1 -1 -1 -1 14 -1 15 -1 -1 -1 -1 -1 -1 -1 0 -1 -1 -1 30 -1 29 -1 28 -1 27 -1 -1 -1 -1 -1 -1 16 -1 -1 -1 -1 23 -1 22 -1 -1 -1 -1 -1 -1 -1 -1 17 -1 -1 -1 10 -1 -1 -1 21 20 19 18 -1 -1 
-1 -1 2 -1 4 5 -1 -1 -1 -1 -1 -1 -1 3 -1 -1 -1 -1 -1 -1 -1 -1 6 -1 7 -1 -1 11 -1 -1 -1 -1 -1 14 -1 15 -1 -1 -1 0 -1 -1 -1 -1 -1 -1 -1 30 -1 29 -1 28 -1 27 -1 -1 -1 -1 -1 -1 16 -1 -1 -1 -1 23 -1 22 -1 -1 -1 -1 -1 -1 -1 -1 17 -1 -1 -1 10 -1 -1 -1 21 20 19 18 -1 -1 
-1 -1 2 -1 4 5 -1 -1 -1 -1 -1 -1 -1 3 -1 -1 -1 -1 -1 -1 -1 -1 6 -1 7 -1 -1 11 -1 -1 -1 -1 -1 14 -1 15 -1 -1 -1 0 -1 -1 -1 -1 -1 -1 -1 30 -1 29 -1 28 -1 27 -1 -1 -1 -1 -1 -1 16 -1 -1 -1 -1 23 -1 22 -1 17 -1 -1 -1 -1 -1 -1 -1 -1 -1 -1 10 -1 -1 -1 21 20 19 18 -1 -1 
-1 -1 2 -1 4 5 -1 -1 -1 -1 -1 -1 -1 3 -1 -1 -1 -1 -1 -1 -1 -1 6 -1 7 -1 -1 11 -1 -1 -1 -1 -1 14 -1 15 -1 -1 -1 0 -1 -1 -1 -1 -1 -1 -1 30 -1 29 -1 28 -1 27 -1 -1 -1 -1 -1 -1 16 -1 -1 -1 -1 23 -1 22 -1 17 -1 -1 -1 -1 10 -1 -1 -1 -1 -1 -1 -1 -1 -1 21 20 19 18 -1 -1 
-1 -1 2 -1 4 5 -1 -1 -1 -1 -1 -1 -1 3 -1 -1 -1 -1 -1 -1 -1 -1 6 -1 7 -1 -1 11 -1 -1 -1 -1 -1 14 -1 15 -1 -1 -1 0 -1 -1 -1 -1 -1 -1 -1 30 -1 29 -1 28 -1 27 -1 16 -1 -1 -1 -1 -1 -1 -1 -1 -1 23 -1 22 -1 17 -1 -1 -1 -1 10 -1 -1 -1 -1 -1 -1 -1 -1 -1 21 20 19 18 -1 -1 
-1 -1 2 -1 4 5 -1 -1 -1 -1 -1 -1 -1 3 -1 -1 -1 -1 -1 -1 -1 -1 6 -1 7 -1 -1 11 -1 -1 -1 -1 -1 14 -1 15 -1 -1 -1 0 -1 -1 -1 -1 -1 -1 -1 30 -1 29 -1 28 -1 27 -1 16 -1 -1 -1 -1 -1 -1 -1 -1 -1 23 -1 22 -1 17 -1 -1 -1 -1 -1 -1 -1 10 -1 -1 -1 -1 -1 -1 21 20 19 18 -1 -1 
-1 -1 2 -1 4 5 -1 -1 -1 -1 -1 -1 -1 3 -1 -1 -1 -1 -1 -1 -1 -1 6 -1 7 -1 -1 11 -1 -1 -1 -1 -1 14 -1 15 -1 -1 -1 0 -1 -1 -1 -1 -1 -1 -1 30 -1 29 -1 28 -1 27 -1 16 -1 -1 -1 -1 -1 -1 -1 -1 -1 23 -1 22 -1 17 -1 -1 -1 -1 -1 -1 21 10 -1 -1 -1 -1 -1 -1 -1 20 19 18 -1 -1 
-1 -1 2 -1 4 5 -1 -1 -1 -1 -1 -1 -1 3 -1 -1 -1 -1 -1 -1 -1 -1 6 -1 7 -1 -1 11 -1 -1 -1 -1 -1 -1 -1 15 -1 -1 -1 0 -1 -1 14 -1 -1 -1 -1 30 -1 29 -1 28 -1 27 -1 16 -1 -1 -1 -1 -1 -1 -1 -1 -1 23 -1 22 -1 17 -1 -1 -1 -1 -1 -1 21 10 -1 -1 -1 -1 -1 -1 -1 20 19 18 -1 -1 
-1 -1 2 -1 4 5 -1 -1 -1 -1 -1 -1 -1 3 -1 -1 -1 -1 -1 -1 -1 -1 6 -1 7 -1 -1 11 -1 -1 -1 -1 -1 -1 -1 15 -1 -1 -1 0 -1 -1 14 -1 -1 -1 -1 30 -1 29 -1 28 -1 27 -1 -1 -1 -1 -1 16 -1 -1 -1 -1 -1 23 -1 22 -1 17 -1 -1 -1 -1 -1 -1 21 10 -1 -1 -1 -1 -1 -1 -1 20 19 18 -1 -1 
-1 -1 2 -1 4 5 -1 -1 -1 -1 -1 -1 -1 3 -1 -1 -1 -1 -1 -1 -1 -1 6 -1 7 -1 -1 11 -1 -1 -1 -1 -1 -1 -1 15 -1 -1 -1 -1 -1 0 14 -1 -1 -1 -1 30 -1 29 -1 28 -1 27 -1 -1 -1 -1 -1 16 -1 -1 -1 -1 -1 23 -1 22 -1 17 -1 -1 -1 -1 -1 -1 21 10 -1 -1 -1 -1 -1 -1 -1 20 19 18 -1 -1 
-1 -1 2 -1 4 5 -1 -1 -1 -1 -1 -1 -1 3 -1 -1 -1 -1 -1 -1 -1 -1 6 -1 7 -1 -1 11 -1 -1 -1 -1 -1 -1 -1 15 -1 -1 -1 -1 -1 16 14 -1 -1 -1 -1 30 -1 29 -1 28 -1 27 -1 -1 -1 -1 -1 -1 -1 -1 -1 -1 -1 23 -1 22 -1 17 -1 -1 -1 -1 -1 -1 21 10 -1 -1 -1 -1 -1 -1 -1 20 19 18 -1 -1 
-1 -1 2 -1 4 5 -1 -1 -1 -1 -1 -1 -1 3 -1 -1 -1 -1 -1 -1 -1 -1 6 -1 -1 -1 -1 11 -1 -1 -1 -1 -1 -1 -1 15 -1 -1 -1 -1 -1 7 14 -1 -1 -1 -1 30 -1 29 -1 28 -1 27 -1 -1 -1 -1 -1 -1 -1 -1 -1 -1 -1 23 -1 22 -1 17 -1 -1 -1 -1 -1 -1 21 10 -1 -1 -1 -1 -1 -1 -1 20 19 18 -1 -1 
-1 -1 2 -1 4 5 -1 -1 -1 -1 -1 -1 -1 3 -1 -1 -1 -1 -1 -1 -1 -1 6 -1 -1 -1 -1 11 -1 -1 -1 -1 -1 -1 -1 15 -1 -1 -1 -1 -1 7 28 -1 -1 -1 -1 30 -1 29 -1 -1 -1 27 -1 -1 -1 -1 -1 -1 -1 -1 -1 -1 -1 23 -1 22 -1 17 -1 -1 -1 -1 -1 -1 21 10 -1 -1 -1 -1 -1 -1 -1 20 19 18 -1 -1 
-1 -1 2 -1 4 5 -1 -1 -1 -1 -1 -1 -1 3 -1 -1 -1 -1 -1 -1 -1 -1 6 -1 -1 -1 -1 11 -1 -1 -1 -1 -1 -1 -1 15 -1 -1 -1 -1 -1 -1 28 -1 -1 -1 -1 30 -1 29 -1 -1 -1 27 -1 -1 -1 -1 -1 -1 7 -1 -1 -1 -1 23 -1 22 -1 17 -1 -1 -1 -1 -1 -1 21 10 -1 -1 -1 -1 -1 -1 -1 20 19 18 -1 -1 
-1 -1 2 -1 4 5 -1 -1 -1 -1 -1 -1 -1 3 -1 -1 -1 -1 -1 -1 -1 -1 6 -1 -1 -1 -1 11 -1 -1 -1 -1 -1 28 -1 15 -1 -1 -1 -1 -1 -1 -1 -1 -1 -1 -1 30 -1 29 -1 -1 -1 27 -1 -1 -1 -1 -1 -1 7 -1 -1 -1 -1 23 -1 22 -1 17 -1 -1 -1 -1 -1 -1 21 10 -1 -1 -1 -1 -1 -1 -1 20 19 18 -1 -1 
-1 -1 2 -1 4 5 -1 -1 -1 -1 -1 -1 -1 3 -1 -1 -1 -1 -1 -1 -1 -1 6 -1 -1 -1 -1 11 -1 -1 -1 -1 -1 28 -1 15 -1 -1 -1 -1 -1 -1 -1 -1 -1 -1 -1 30 -1 7 -1 -1 -1 27 -1 -1 -1 -1 -1 -1 -1 -1 -1 -1 -1 23 -1 22 -1 17 -1 -1 -1 -1 -1 -1 21 10 -1 -1 -1 -1 -1 -1 -1 20 19 18 -1 -1 
-1 -1 2 -1 4 5 -1 -1 -1 -1 -1 -1 -1 3 -1 -1 -1 -1 -1 -1 -1 -1 6 -1 -1 -1 -1 11 -1 -1 -1 -1 -1 28 -1 15 -1 -1 -1 -1 -1 -1 -1 -1 -1 -1 -1 30 -1 7 17 -1 -1 27 -1 -1 -1 -1 -1 -1 -1 -1 -1 -1 -1 23 -1 22 -1 -1 -1 -1 -1 -1 -1 -1 21 10 -1 -1 -1 -1 -1 -1 -1 20 19 18 -1 -1 
-1 -1 2 -1 4 5 -1 -1 -1 -1 -1 -1 -1 3 -1 -1 -1 -1 -1 -1 -1 -1 6 -1 -1 -1 -1 11 -1 -1 -1 -1 -1 28 -1 15 -1 -1 1 -1 -1 -1 -1 -1 -1 -1 -1 30 -1 7 17 -1 -1 27 -1 -1 -1 -1 -1 -1 -1 -1 -1 -1 -1 23 -1 22 -1 -1 -1 -1 -1 -1 -1 -1 21 10 -1 -1 -1 -1 -1 -1 -1 20 19 18 -1 -1 
-1 -1 2 -1 4 5 -1 -1 -1 -1 -1 -1 -1 3 -1 -1 -1 -1 -1 -1 -1 -1 6 -1 -1 -1 -1 11 -1 -1 -1 -1 -1 -1 28 15 -1 -1 1 -1 -1 -1 -1 -1 -1 -1 -1 30 -1 7 17 -1 -1 27 -1 -1 -1 -1 -1 -1 -1 -1 -1 -1 -1 23 -1 22 -1 -1 -1 -1 -1 -1 -1 -1 21 10 -1 -1 -1 -1 -1 -1 -1 20 19 18 -1 -1 
-1 -1 2 -1 4 5 -1 -1 -1 -1 -1 -1 -1 3 -1 -1 -1 -1 -1 -1 -1 -1 6 -1 -1 -1 -1 11 -1 -1 -1 -1 -1 -1 28 15 -1 -1 1 -1 -1 -1 -1 -1 -1 -1 -1 30 -1 7 17 -1 -1 27 -1 -1 -1 -1 -1 -1 -1 -1 -1 -1 -1 23 -1 22 -1 -1 -1 -1 -1 -1 -1 -1 21 -1 -1 -1 10 -1 -1 -1 -1 20 19 18 -1 -1 
-1 -1 2 -1 4 5 -1 -1 -1 -1 -1 -1 -1 3 -1 -1 -1 -1 -1 -1 -1 -1 6 -1 -1 -1 -1 11 -1 -1 -1 -1 -1 -1 28 15 -1 -1 1 17 -1 -1 -1 -1 -1 -1 -1 30 -1 7 -1 -1 -1 27 -1 -1 -1 -1 -1 -1 -1 -1 -1 -1 -1 23 -1 22 -1 -1 -1 -1 -1 -1 -1 -1 21 -1 -1 -1 10 -1 -1 -1 -1 20 19 18 -1 -1 
-1 -1 2 -1 4 5 -1 -1 -1 -1 -1 -1 -1 3 -1 -1 -1 -1 -1 -1 -1 -1 6 -1 -1 -1 -1 11 -1 -1 -1 1 -1 -1 28 15 -1 -1 -1 17 -1 -1 -1 -1 -1 -1 -1 30 -1 7 -1 -1 -1 27 -1 -1 -1 -1 -1 -1 -1 -1 -1 -1 -1 23 -1 22 -1 -1 -1 -1 -1 -1 -1 -1 21 -1 -1 -1 10 -1 -1 -1 -1 20 19 18 -1 -1 
-1 -1 2 -1 4 5 -1 -1 -1 -1 -1 -1 -1 3 -1 -1 -1 -1 -1 -1 -1 -1 6 -1 -1 -1 -1 11 -1 -1 -1 1 -1 -1 28 15 -1 -1 -1 17 -1 -1 -1 -1 -1 -1 23 30 -1 7 -1 -1 -1 27 -1 -1 -1 -1 -1 -1 -1 -1 -1 -1 -1 -1 -1 22 -1 -1 -1 -1 -1 -1 -1 -1 21 -1 -1 -1 10 -1 -1 -1 -1 20 19 18 -1 -1 
-1 -1 2 -1 4 5 -1 -1 -1 -1 -1 -1 -1 3 -1 -1 -1 -1 -1 -1 -1 -1 6 -1 1 -1 -1 11 -1 -1 -1 -1 -1 -1 28 15 -1 -1 -1 17 -1 -1 -1 -1 -1 -1 23 30 -1 7 -1 -1 -1 27 -1 -1 -1 -1 -1 -1 -1 -1 -1 -1 -1 -1 -1 22 -1 -1 -1 -1 -1 -1 -1 -1 21 -1 -1 -1 10 -1 -1 -1 -1 20 19 18 -1 -1 
-1 -1 2 -1 4 5 -1 -1 -1 -1 -1 -1 -1 3 -1 -1 -1 -1 -1 -1 -1 -1 6 -1 1 -1 -1 11 -1 -1 -1 -1 -1 -1 -1 28 -1 -1 -1 17 -1 -1 -1 -1 -1 -1 23 30 -1 7 -1 -1 -1 27 -1 -1 -1 -1 -1 -1 -1 -1 -1 -1 -1 -1 -1 22 -1 -1 -1 -1 -1 -1 -1 -1 21 -1 -1 -1 10 -1 -1 -1 -1 20 19 18 -1 -1 
-1 -1 2 -1 4 5 -1 -1 -1 -1 -1 -1 -1 3 -1 -1 -1 -1 -1 -1 -1 -1 6 -1 -1 -1 -1 11 -1 -1 -1 -1 -1 -1 -1 1 -1 -1 -1 17 -1 -1 -1 -1 -1 -1 23 30 -1 7 -1 -1 -1 27 -1 -1 -1 -1 -1 -1 -1 -1 -1 -1 -1 -1 -1 22 -1 -1 -1 -1 -1 -1 -1 -1 21 -1 -1 -1 10 -1 -1 -1 -1 20 19 18 -1 -1 
-1 -1 2 -1 4 5 -1 -1 -1 -1 -1 -1 -1 3 -1 -1 -1 -1 -1 -1 -1 -1 6 -1 -1 -1 -1 11 -1 -1 -1 -1 -1 -1 -1 1 -1 -1 -1 17 -1 -1 -1 -1 -1 -1 23 30 -1 7 -1 -1 -1 27 -1 -1 -1 -1 -1 -1 -1 -1 -1 -1 -1 -1 -1 22 -1 -1 -1 18 -1 -1 -1 -1 21 -1 -1 -1 10 -1 -1 -1 -1 20 19 -1 -1 -1 
-1 -1 2 -1 4 5 -1 -1 -1 -1 -1 -1 -1 3 -1 -1 -1 -1 -1 -1 -1 -1 6 -1 -1 -1 -1 11 -1 -1 -1 -1 -1 -1 -1 -1 -1 -1 -1 17 -1 -1 1 -1 -1 -1 23 30 -1 7 -1 -1 -1 27 -1 -1 -1 -1 -1 -1 -1 -1 -1 -1 -1 -1 -1 22 -1 -1 -1 18 -1 -1 -1 -1 21 -1 -1 -1 10 -1 -1 -1 -1 20 19 -1 -1 -1 
-1 -1 2 -1 4 5 -1 -1 -1 -1 -1 -1 -1 3 -1 -1 -1 -1 -1 -1 -1 -1 6 -1 -1 -1 -1 11 -1 -1 -1 -1 -1 -1 -1 -1 -1 -1 -1 17 -1 -1 1 -1 -1 -1 23 30 -1 7 -1 -1 -1 27 -1 -1 -1 -1 -1 -1 -1 -1 -1 -1 -1 -1 -1 22 -1 -1 -1 -1 -1 -1 -1 -1 21 -1 -1 -1 10 -1 -1 -1 -1 20 19 18 -1 -1 
-1 -1 2 -1 4 5 -1 -1 -1 -1 -1 -1 -1 3 -1 -1 -1 -1 -1 -1 -1 -1 6 -1 -1 -1 -1 11 -1 -1 -1 -1 -1 -1 -1 1 -1 -1 -1 17 -1 -1 -1 -1 -1 -1 23 30 -1 7 -1 -1 -1 27 -1 -1 -1 -1 -1 -1 -1 -1 -1 -1 -1 -1 -1 22 -1 -1 -1 -1 -1 -1 -1 -1 21 -1 -1 -1 10 -1 -1 -1 -1 20 19 18 -1 -1 
-1 -1 2 -1 4 5 -1 -1 -1 -1 -1 -1 -1 3 -1 -1 -1 -1 -1 -1 -1 -1 6 -1 -1 -1 -1 11 -1 -1 -1 -1 -1 -1 -1 1 -1 -1 -1 17 -1 -1 -1 -1 -1 -1 23 30 -1 7 -1 -1 -1 27 -1 -1 -1 -1 -1 -1 -1 -1 -1 -1 -1 -1 -1 22 -1 -1 -1 18 -1 -1 -1 -1 21 -1 -1 -1 10 -1 -1 -1 -1 20 19 -1 -1 -1 
-1 -1 2 -1 4 5 -1 -1 -1 -1 -1 -1 -1 3 -1 -1 -1 -1 -1 -1 -1 -1 6 -1 -1 -1 -1 11 -1 -1 -1 -1 -1 -1 -1 1 -1 -1 -1 17 -1 -1 -1 -1 -1 -1 23 30 -1 7 -1 -1 -1 27 -1 -1 -1 -1 -1 -1 -1 -1 -1 -1 -1 -1 -1 22 -1 -1 -1 18 -1 -1 -1 -1 21 -1 -1 -1 -1 -1 -1 -1 -1 20 19 -1 -1 10 
-1 -1 2 -1 4 5 -1 -1 -1 -1 -1 -1 -1 3 -1 -1 -1 -1 -1 -1 -1 -1 6 -1 -1 -1 -1 11 -1 -1 -1 -1 -1 -1 -1 1 -1 -1 -1 17 -1 -1 -1 -1 -1 -1 23 30 -1 7 -1 -1 -1 27 -1 -1 -1 -1 -1 -1 -1 -1 -1 -1 -1 -1 -1 -1 -1 -1 -1 18 -1 -1 -1 -1 21 -1 -1 -1 -1 -1 -1 -1 -1 20 19 22 -1 10 
-1 -1 2 -1 4 5 -1 -1 -1 -1 -1 -1 -1 3 -1 -1 -1 -1 -1 -1 -1 -1 6 -1 -1 -1 -1 11 -1 -1 -1 -1 -1 -1 -1 -1 -1 -1 -1 17 -1 -1 1 -1 -1 -1 23 30 -1 7 -1 -1 -1 27 -1 -1 -1 -1 -1 -1 -1 -1 -1 -1 -1 -1 -1 -1 -1 -1 -1 18 -1 -1 -1 -1 21 -1 -1 -1 -1 -1 -1 -1 -1 20 19 22 -1 10 
-1 -1 2 -1 4 5 -1 -1 -1 -1 -1 -1 -1 3 -1 -1 -1 -1 -1 -1 -1 -1 6 -1 -1 -1 -1 11 -1 -1 -1 -1 -1 -1 -1 -1 -1 -1 -1 17 -1 -1 1 -1 -1 -1 23 30 -1 7 -1 -1 27 -1 -1 -1 -1 -1 -1 -1 -1 -1 -1 -1 -1 -1 -1 -1 -1 -1 -1 18 -1 -1 -1 -1 21 -1 -1 -1 -1 -1 -1 -1 -1 20 19 22 -1 10 
-1 -1 2 -1 4 5 -1 -1 -1 -1 -1 -1 -1 3 -1 -1 -1 -1 -1 -1 -1 -1 6 -1 -1 -1 -1 11 -1 -1 -1 -1 -1 -1 -1 -1 -1 -1 -1 17 -1 -1 -1 -1 -1 -1 23 30 -1 7 -1 -1 27 1 -1 -1 -1 -1 -1 -1 -1 -1 -1 -1 -1 -1 -1 -1 -1 -1 -1 18 -1 -1 -1 -1 21 -1 -1 -1 -1 -1 -1 -1 -1 20 19 22 -1 10 
-1 -1 2 -1 4 5 -1 -1 -1 -1 -1 -1 -1 3 -1 -1 -1 -1 -1 -1 -1 -1 6 -1 -1 -1 -1 23 -1 -1 -1 -1 -1 -1 -1 -1 -1 -1 -1 17 -1 -1 -1 -1 -1 -1 -1 30 -1 7 -1 -1 27 1 -1 -1 -1 -1 -1 -1 -1 -1 -1 -1 -1 -1 -1 -1 -1 -1 -1 18 -1 -1 -1 -1 21 -1 -1 -1 -1 -1 -1 -1 -1 20 19 22 -1 10 
-1 -1 2 -1 4 5 -1 -1 -1 -1 -1 -1 -1 3 -1 -1 -1 -1 -1 -1 -1 -1 6 -1 -1 -1 -1 23 -1 -1 -1 -1 -1 -1 -1 -1 -1 -1 -1 17 -1 -1 -1 -1 -1 -1 -1 30 -1 7 -1 -1 27 -1 -1 -1 -1 -1 -1 -1 -1 -1 -1 -1 -1 -1 -1 -1 -1 -1 1 18 -1 -1 -1 -1 21 -1 -1 -1 -1 -1 -1 -1 -1 20 19 22 -1 10 
-1 -1 2 -1 4 5 -1 -1 -1 -1 -1 -1 -1 3 -1 -1 -1 -1 -1 -1 -1 -1 6 -1 -1 -1 -1 23 -1 -1 -1 -1 -1 -1 -1 -1 -1 -1 -1 17 -1 -1 -1 -1 -1 -1 -1 30 -1 7 -1 -1 27 -1 -1 -1 -1 -1 -1 -1 -1 -1 -1 -1 -1 -1 -1 -1 21 -1 1 18 -1 -1 -1 -1 -1 -1 -1 -1 -1 -1 -1 -1 -1 20 19 22 -1 10 
-1 -1 2 -1 4 5 -1 -1 -1 -1 -1 -1 -1 3 -1 -1 -1 -1 -1 -1 -1 -1 6 -1 -1 -1 -1 23 -1 -1 -1 -1 -1 -1 -1 -1 -1 -1 -1 17 -1 -1 -1 -1 -1 -1 -1 30 -1 7 -1 -1 27 -1 -1 -1 -1 -1 -1 -1 -1 -1 -1 -1 -1 -1 -1 -1 21 -1 1 18 -1 -1 -1 -1 -1 -1 -1 -1 -1 -1 -1 -1 -1 20 19 10 -1 -1 
-1 -1 2 -1 4 5 -1 -1 -1 -1 -1 -1 -1 3 -1 -1 -1 -1 -1 -1 -1 -1 6 -1 -1 -1 -1 23 -1 -1 -1 -1 -1 -1 -1 -1 -1 -1 -1 17 -1 -1 -1 -1 -1 -1 -1 30 -1 7 -1 -1 27 -1 -1 -1 -1 -1 -1 -1 -1 -1 -1 -1 -1 -1 -1 -1 21 -1 1 18 -1 -1 -1 -1 19 -1 -1 -1 -1 -1 -1 -1 -1 20 -1 10 -1 -1 
-1 -1 2 -1 4 5 -1 -1 -1 -1 -1 -1 -1 -1 -1 -1 -1 -1 -1 -1 -1 3 6 -1 -1 -1 -1 23 -1 -1 -1 -1 -1 -1 -1 -1 -1 -1 -1 17 -1 -1 -1 -1 -1 -1 -1 30 -1 7 -1 -1 27 -1 -1 -1 -1 -1 -1 -1 -1 -1 -1 -1 -1 -1 -1 -1 21 -1 1 18 -1 -1 -1 -1 19 -1 -1 -1 -1 -1 -1 -1 -1 20 -1 10 -1 -1 
-1 -1 2 -1 4 5 -1 -1 -1 -1 -1 -1 -1 -1 -1 -1 -1 -1 -1 -1 -1 3 6 -1 -1 -1 -1 23 -1 -1 -1 -1 17 -1 -1 -1 -1 -1 -1 -1 -1 -1 -1 -1 -1 -1 -1 30 -1 7 -1 -1 27 -1 -1 -1 -1 -1 -1 -1 -1 -1 -1 -1 -1 -1 -1 -1 21 -1 1 18 -1 -1 -1 -1 19 -1 -1 -1 -1 -1 -1 -1 -1 20 -1 10 -1 -1 
-1 -1 2 -1 4 -1 -1 -1 -1 -1 -1 -1 -1 5 -1 -1 -1 -1 -1 -1 -1 3 6 -1 -1 -1 -1 23 -1 -1 -1 -1 17 -1 -1 -1 -1 -1 -1 -1 -1 -1 -1 -1 -1 -1 -1 30 -1 7 -1 -1 27 -1 -1 -1 -1 -1 -1 -1 -1 -1 -1 -1 -1 -1 -1 -1 21 -1 1 18 -1 -1 -1 -1 19 -1 -1 -1 -1 -1 -1 -1 -1 20 -1 10 -1 -1 
-1 -1 2 -1 4 -1 -1 -1 -1 -1 -1 -1 -1 5 -1 -1 -1 -1 -1 -1 23 3 6 -1 -1 -1 -1 -1 -1 -1 -1 -1 17 -1 -1 -1 -1 -1 -1 -1 -1 -1 -1 -1 -1 -1 -1 30 -1 7 -1 -1 27 -1 -1 -1 -1 -1 -1 -1 -1 -1 -1 -1 -1 -1 -1 -1 21 -1 1 18 -1 -1 -1 -1 19 -1 -1 -1 -1 -1 -1 -1 -1 20 -1 10 -1 -1 
-1 -1 2 -1 4 -1 -1 -1 -1 -1 -1 -1 -1 5 -1 -1 -1 -1 -1 -1 23 3 6 -1 -1 -1 -1 -1 -1 -1 -1 -1 17 -1 -1 -1 -1 -1 -1 -1 -1 -1 -1 -1 -1 -1 -1 30 -1 7 -1 -1 27 1 -1 -1 -1 -1 -1 -1 -1 -1 -1 -1 -1 -1 -1 -1 21 -1 -1 18 -1 -1 -1 -1 19 -1 -1 -1 -1 -1 -1 -1 -1 20 -1 10 -1 -1 
-1 -1 2 -1 4 -1 -1 -1 -1 -1 -1 -1 -1 5 -1 -1 -1 -1 -1 -1 -1 3 6 -1 -1 -1 -1 -1 -1 -1 -1 -1 17 -1 -1 -1 -1 -1 -1 23 -1 -1 -1 -1 -1 -1 -1 30 -1 7 -1 -1 27 1 -1 -1 -1 -1 -1 -1 -1 -1 -1 -1 -1 -1 -1 -1 21 -1 -1 18 -1 -1 -1 -1 19 -1 -1 -1 -1 -1 -1 -1 -1 20 -1 10 -1 -1 
-1 -1 2 -1 4 -1 -1 -1 -1 -1 -1 -1 -1 5 -1 -1 -1 -1 -1 -1 -1 3 6 -1 -1 -1 -1 -1 -1 -1 -1 -1 17 -1 -1 -1 -1 -1 -1 23 -1 -1 -1 -1 -1 -1 -1 30 -1 7 -1 -1 27 1 -1 -1 -1 -1 -1 -1 10 -1 -1 -1 -1 -1 -1 -1 21 -1 -1 18 -1 -1 -1 -1 19 -1 -1 -1 -1 -1 -1 -1 -1 20 -1 -1 -1 -1 
-1 -1 2 -1 4 -1 -1 -1 -1 -1 -1 -1 -1 5 -1 -1 -1 -1 -1 -1 -1 3 6 -1 -1 -1 -1 -1 -1 -1 -1 -1 17 -1 -1 -1 -1 -1 -1 23 -1 -1 -1 -1 -1 31 -1 30 -1 7 -1 -1 27 1 -1 -1 -1 -1 -1 -1 10 -1 -1 -1 -1 -1 -1 -1 21 -1 -1 18 -1 -1 -1 -1 19 -1 -1 -1 -1 -1 -1 -1 -1 20 -1 -1 -1 -1 
-1 -1 2 -1 4 -1 -1 -1 -1 -1 -1 -1 -1 5 -1 -1 -1 -1 -1 -1 -1 3 6 -1 -1 -1 -1 -1 -1 -1 -1 -1 17 -1 -1 -1 -1 -1 -1 23 -1 -1 -1 -1 -1 31 -1 30 -1 7 -1 -1 27 -1 -1 -1 -1 -1 -1 -1 1 -1 -1 -1 -1 -1 -1 -1 21 -1 -1 18 -1 -1 -1 -1 19 -1 -1 -1 -1 -1 -1 -1 -1 20 -1 -1 -1 -1 
-1 -1 2 -1 4 -1 -1 -1 -1 -1 -1 -1 -1 5 -1 -1 -1 -1 -1 -1 -1 3 6 -1 -1 -1 -1 -1 -1 -1 -1 -1 17 -1 -1 -1 -1 -1 -1 23 -1 -1 -1 -1 -1 31 -1 30 -1 7 -1 -1 27 -1 -1 -1 -1 -1 -1 -1 1 -1 -1 -1 -1 -1 -1 -1 21 -1 -1 18 -1 -1 -1 -1 19 -1 -1 -1 -1 -1 -1 -1 20 -1 -1 -1 -1 -1 
-1 -1 2 -1 4 -1 -1 -1 -1 -1 -1 -1 -1 5 -1 -1 -1 -1 -1 -1 -1 3 6 -1 -1 -1 -1 -1 -1 -1 -1 -1 17 -1 -1 -1 -1 -1 -1 23 -1 -1 -1 -1 -1 31 -1 30 -1 7 -1 -1 27 -1 -1 10 -1 -1 -1 -1 -1 -1 -1 -1 -1 -1 -1 -1 21 -1 -1 18 -1 -1 -1 -1 19 -1 -1 -1 -1 -1 -1 -1 20 -1 -1 -1 -1 -1 
-1 -1 2 -1 4 -1 -1 -1 -1 -1 -1 -1 -1 5 -1 -1 -1 -1 -1 -1 -1 3 6 -1 -1 -1 -1 -1 23 -1 -1 -1 17 -1 -1 -1 -1 -1 -1 -1 -1 -1 -1 -1 -1 31 -1 30 -1 7 -1 -1 27 -1 -1 10 -1 -1 -1 -1 -1 -1 -1 -1 -1 -1 -1 -1 21 -1 -1 18 -1 -1 -1 -1 19 -1 -1 -1 -1 -1 -1 -1 20 -1 -1 -1 -1 -1 
-1 -1 2 -1 4 -1 -1 -1 -1 -1 -1 -1 -1 5 -1 -1 -1 -1 -1 -1 -1 3 6 -1 -1 -1 -1 -1 23 -1 -1 -1 17 -1 -1 -1 -1 -1 -1 -1 -1 1 -1 -1 -1 31 -1 30 -1 7 -1 -1 27 -1 -1 10 -1 -1 -1 -1 -1 -1 -1 -1 -1 -1 -1 -1 21 -1 -1 18 -1 -1 -1 -1 19 -1 -1 -1 -1 -1 -1 -1 20 -1 -1 -1 -1 -1 
-1 -1 2 -1 4 -1 -1 -1 -1 -1 -1 -1 -1 5 -1 -1 -1 -1 -1 -1 -1 3 6 -1 -1 -1 -1 -1 23 -1 -1 -1 17 -1 -1 -1 31 -1 -1 -1 -1 1 -1 -1 -1 -1 -1 30 -1 7 -1 -1 27 -1 -1 10 -1 -1 -1 -1 -1 -1 -1 -1 -1 -1 -1 -1 21 -1 -1 18 -1 -1 -1 -1 19 -1 -1 -1 -1 -1 -1 -1 20 -1 -1 -1 -1 -1 
-1 -1 2 -1 4 -1 -1 -1 -1 -1 -1 -1 -1 5 -1 -1 -1 -1 -1 -1 -1 3 6 -1 -1 -1 -1 -1 23 -1 -1 -1 17 -1 -1 -1 31 -1 -1 -1 -1 1 -1 -1 -1 -1 -1 30 -1 7 -1 -1 27 -1 -1 -1 -1 10 -1 -1 -1 -1 -1 -1 -1 -1 -1 -1 21 -1 -1 18 -1 -1 -1 -1 19 -1 -1 -1 -1 -1 -1 -1 20 -1 -1 -1 -1 -1 
-1 -1 2 -1 4 -1 -1 -1 -1 -1 -1 -1 -1 5 -1 -1 -1 -1 -1 -1 -1 3 6 -1 -1 -1 -1 -1 23 -1 -1 -1 17 -1 -1 -1 31 -1 -1 -1 -1 1 -1 -1 -1 -1 -1 30 -1 7 -1 -1 27 -1 -1 -1 -1 10 -1 -1 -1 -1 -1 -1 -1 -1 -1 -1 21 -1 -1 18 -1 -1 -1 -1 19 -1 -1 -1 -1 -1 -1 -1 -1 20 -1 -1 -1 -1 
-1 -1 2 -1 4 -1 -1 -1 -1 -1 -1 -1 -1 5 -1 -1 -1 -1 -1 -1 -1 3 6 -1 -1 -1 -1 -1 23 -1 -1 -1 17 -1 -1 -1 31 -1 -1 -1 -1 1 -1 -1 -1 -1 -1 30 -1 7 -1 -1 27 -1 -1 -1 -1 -1 10 -1 -1 -1 -1 -1 -1 -1 -1 -1 21 -1 -1 18 -1 -1 -1 -1 19 -1 -1 -1 -1 -1 -1 -1 -1 20 -1 -1 -1 -1 
-1 -1 2 -1 4 -1 -1 -1 -1 -1 -1 -1 -1 5 -1 -1 -1 -1 -1 -1 -1 3 6 -1 -1 -1 -1 -1 23 -1 -1 -1 17 -1 -1 -1 31 -1 -1 -1 -1 1 -1 -1 -1 -1 -1 30 -1 7 -1 -1 27 -1 -1 -1 -1 -1 10 -1 -1 -1 -1 -1 -1 -1 -1 -1 21 -1 -1 18 -1 -1 -1 -1 19 -1 -1 -1 -1 -1 -1 -1 20 -1 -1 -1 -1 -1 
-1 -1 2 -1 4 -1 -1 -1 -1 -1 -1 -1 -1 5 -1 -1 -1 -1 -1 -1 -1 3 1 -1 -1 -1 -1 -1 23 -1 -1 -1 17 -1 -1 -1 31 -1 -1 -1 -1 -1 -1 -1 -1 -1 -1 30 -1 7 -1 -1 27 -1 -1 -1 -1 -1 10 -1 -1 -1 -1 -1 -1 -1 -1 -1 21 -1 -1 18 -1 -1 -1 -1 19 -1 -1 -1 -1 -1 -1 -1 20 -1 -1 -1 -1 -1 
-1 -1 2 -1 4 -1 -1 -1 -1 -1 -1 -1 -1 5 -1 -1 -1 -1 -1 -1 -1 3 1 -1 -1 -1 -1 31 23 -1 -1 -1 17 -1 -1 -1 -1 -1 -1 -1 -1 -1 -1 -1 -1 -1 -1 30 -1 7 -1 -1 27 -1 -1 -1 -1 -1 10 -1 -1 -1 -1 -1 -1 -1 -1 -1 21 -1 -1 18 -1 -1 -1 -1 19 -1 -1 -1 -1 -1 -1 -1 20 -1 -1 -1 -1 -1 
-1 -1 2 -1 4 -1 -1 -1 -1 -1 -1 -1 -1 5 -1 -1 -1 -1 -1 -1 -1 3 1 -1 -1 -1 -1 31 23 -1 -1 -1 17 -1 -1 -1 -1 -1 -1 -1 -1 -1 -1 -1 -1 -1 -1 30 -1 7 -1 -1 27 -1 -1 -1 -1 10 -1 -1 -1 -1 -1 -1 -1 -1 -1 -1 21 -1 -1 18 -1 -1 -1 -1 19 -1 -1 -1 -1 -1 -1 -1 20 -1 -1 -1 -1 -1 
-1 -1 2 -1 4 -1 -1 -1 -1 -1 -1 23 -1 5 -1 -1 -1 -1 -1 -1 -1 3 1 -1 -1 -1 -1 31 -1 -1 -1 -1 17 -1 -1 -1 -1 -1 -1 -1 -1 -1 -1 -1 -1 -1 -1 30 -1 7 -1 -1 27 -1 -1 -1 -1 10 -1 -1 -1 -1 -1 -1 -1 -1 -1 -1 21 -1 -1 18 -1 -1 -1 -1 19 -1 -1 -1 -1 -1 -1 -1 20 -1 -1 -1 -1 -1 
-1 -1 2 -1 -1 4 -1 -1 -1 -1 -1 23 -1 5 -1 -1 -1 -1 -1 -1 -1 3 1 -1 -1 -1 -1 31 -1 -1 -1 -1 17 -1 -1 -1 -1 -1 -1 -1 -1 -1 -1 -1 -1 -1 -1 30 -1 7 -1 -1 27 -1 -1 -1 -1 10 -1 -1 -1 -1 -1 -1 -1 -1 -1 -1 21 -1 -1 18 -1 -1 -1 -1 19 -1 -1 -1 -1 -1 -1 -1 20 -1 -1 -1 -1 -1 
-1 -1 2 -1 -1 4 -1 -1 -1 -1 -1 -1 -1 5 -1 -1 -1 -1 -1 -1 -1 3 1 -1 -1 -1 -1 31 -1 -1 23 -1 17 -1 -1 -1 -1 -1 -1 -1 -1 -1 -1 -1 -1 -1 -1 30 -1 7 -1 -1 27 -1 -1 -1 -1 10 -1 -1 -1 -1 -1 -1 -1 -1 -1 -1 21 -1 -1 18 -1 -1 -1 -1 19 -1 -1 -1 -1 -1 -1 -1 20 -1 -1 -1 -1 -1 
-1 -1 2 -1 -1 4 -1 -1 -1 -1 -1 -1 -1 5 -1 -1 -1 -1 -1 -1 -1 3 -1 -1 -1 -1 -1 31 -1 -1 23 -1 17 -1 -1 -1 -1 -1 -1 -1 -1 1 -1 -1 -1 -1 -1 30 -1 7 -1 -1 27 -1 -1 -1 -1 10 -1 -1 -1 -1 -1 -1 -1 -1 -1 -1 21 -1 -1 18 -1 -1 -1 -1 19 -1 -1 -1 -1 -1 -1 -1 20 -1 -1 -1 -1 -1 
-1 -1 2 -1 -1 4 -1 -1 -1 -1 -1 -1 -1 5 -1 -1 -1 -1 -1 -1 -1 3 -1 -1 -1 -1 -1 31 -1 -1 23 -1 17 -1 -1 -1 -1 -1 -1 -1 -1 1 -1 -1 -1 -1 -1 30 -1 7 -1 -1 27 -1 -1 -1 -1 10 -1 -1 -1 -1 -1 -1 -1 -1 -1 -1 21 -1 -1 18 -1 -1 -1 20 19 -1 -1 -1 -1 -1 -1 -1 -1 -1 -1 -1 -1 -1 
-1 -1 2 -1 -1 4 -1 -1 -1 -1 -1 -1 -1 5 -1 -1 -1 -1 -1 -1 -1 3 -1 -1 -1 -1 -1 31 -1 -1 1 -1 17 -1 -1 -1 -1 -1 -1 -1 -1 -1 -1 -1 -1 -1 -1 30 -1 7 -1 -1 27 -1 -1 -1 -1 10 -1 -1 -1 -1 -1 -1 -1 -1 -1 -1 21 -1 -1 18 -1 -1 -1 20 19 -1 -1 -1 -1 -1 -1 -1 -1 -1 -1 -1 -1 -1 
-1 -1 2 -1 -1 4 -1 -1 -1 -1 -1 -1 -1 5 -1 -1 -1 -1 -1 -1 -1 3 -1 -1 -1 -1 -1 31 -1 -1 1 -1 -1 -1 -1 -1 -1 -1 -1 -1 -1 -1 -1 -1 -1 -1 -1 30 -1 17 -1 -1 27 -1 -1 -1 -1 10 -1 -1 -1 -1 -1 -1 -1 -1 -1 -1 21 -1 -1 18 -1 -1 -1 20 19 -1 -1 -1 -1 -1 -1 -1 -1 -1 -1 -1 -1 -1 
-1 -1 2 -1 -1 4 -1 -1 -1 -1 -1 -1 -1 5 -1 -1 -1 -1 -1 -1 -1 3 -1 -1 -1 -1 -1 31 -1 -1 1 -1 -1 -1 -1 -1 -1 -1 -1 -1 -1 -1 -1 -1 -1 -1 -1 30 -1 17 -1 -1 27 -1 -1 10 -1 -1 -1 -1 -1 -1 -1 -1 -1 -1 -1 -1 21 -1 -1 18 -1 -1 -1 20 19 -1 -1 -1 -1 -1 -1 -1 -1 -1 -1 -1 -1 -1 
-1 -1 2 -1 -1 4 -1 -1 -1 -1 -1 -1 -1 5 -1 -1 -1 -1 -1 -1 -1 3 -1 -1 -1 -1 -1 -1 31 -1 1 -1 -1 -1 -1 -1 -1 -1 -1 -1 -1 -1 -1 -1 -1 -1 -1 30 -1 17 -1 -1 27 -1 -1 10 -1 -1 -1 -1 -1 -1 -1 -1 -1 -1 -1 -1 21 -1 -1 18 -1 -1 -1 20 19 -1 -1 -1 -1 -1 -1 -1 -1 -1 -1 -1 -1 -1 
-1 -1 2 -1 -1 4 -1 -1 -1 -1 -1 -1 -1 5 -1 -1 -1 -1 -1 -1 -1 3 -1 -1 -1 -1 -1 -1 31 -1 1 -1 -1 -1 -1 -1 -1 -1 -1 -1 -1 -1 -1 -1 -1 -1 -1 30 -1 17 -1 -1 27 -1 10 -1 -1 -1 -1 -1 -1 -1 -1 -1 -1 -1 -1 -1 21 -1 -1 18 -1 -1 -1 20 19 -1 -1 -1 -1 -1 -1 -1 -1 -1 -1 -1 -1 -1 
-1 -1 2 -1 -1 4 -1 -1 -1 -1 -1 -1 -1 5 -1 -1 -1 -1 -1 -1 -1 3 -1 -1 -1 -1 -1 -1 31 -1 1 -1 -1 -1 -1 -1 -1 -1 30 -1 -1 -1 -1 -1 -1 -1 -1 -1 -1 17 -1 -1 27 -1 10 -1 -1 -1 -1 -1 -1 -1 -1 -1 -1 -1 -1 -1 21 -1 -1 18 -1 -1 -1 20 19 -1 -1 -1 -1 -1 -1 -1 -1 -1 -1 -1 -1 -1 
-1 -1 2 -1 -1 4 -1 -1 -1 -1 -1 -1 -1 5 -1 -1 -1 -1 9 -1 -1 3 -1 -1 -1 -1 -1 -1 31 -1 1 -1 -1 -1 -1 -1 -1 -1 30 -1 -1 -1 -1 -1 -1 -1 -1 -1 -1 17 -1 -1 27 -1 10 -1 -1 -1 -1 -1 -1 -1 -1 -1 -1 -1 -1 -1 21 -1 -1 18 -1 -1 -1 20 19 -1 -1 -1 -1 -1 -1 -1 -1 -1 -1 -1 -1 -1 
-1 -1 2 -1 -1 4 -1 -1 -1 -1 -1 -1 -1 5 -1 -1 -1 -1 9 -1 -1 3 -1 -1 -1 -1 -1 -1 31 30 1 -1 -1 -1 -1 -1 -1 -1 -1 -1 -1 -1 -1 -1 -1 -1 -1 -1 -1 17 -1 -1 27 -1 10 -1 -1 -1 -1 -1 -1 -1 -1 -1 -1 -1 -1 -1 21 -1 -1 18 -1 -1 -1 20 19 -1 -1 -1 -1 -1 -1 -1 -1 -1 -1 -1 -1 -1 
-1 -1 2 -1 -1 4 -1 -1 -1 -1 -1 -1 -1 5 -1 -1 -1 -1 -1 -1 -1 9 -1 -1 -1 -1 -1 -1 31 30 1 -1 -1 -1 -1 -1 -1 -1 -1 -1 -1 -1 -1 -1 -1 -1 -1 -1 -1 17 -1 -1 27 -1 10 -1 -1 -1 -1 -1 -1 -1 -1 -1 -1 -1 -1 -1 21 -1 -1 18 -1 -1 -1 20 19 -1 -1 -1 -1 -1 -1 -1 -1 -1 -1 -1 -1 -1 
-1 -1 2 -1 -1 4 -1 -1 -1 -1 -1 -1 -1 5 -1 -1 -1 -1 -1 -1 -1 9 -1 -1 -1 -1 -1 -1 31 30 1 -1 -1 -1 -1 -1 -1 -1 -1 -1 -1 -1 -1 -1 -1 -1 -1 -1 -1 17 -1 -1 27 -1 10 -1 -1 -1 -1 -1 -1 -1 -1 -1 -1 -1 19 -1 21 -1 -1 18 -1 -1 -1 20 -1 -1 -1 -1 -1 -1 -1 -1 -1 -1 -1 -1 -1 -1 
-1 -1 2 -1 -1 4 -1 -1 -1 -1 -1 -1 -1 5 -1 -1 -1 -1 9 -1 -1 -1 -1 -1 -1 -1 -1 -1 31 30 1 -1 -1 -1 -1 -1 -1 -1 -1 -1 -1 -1 -1 -1 -1 -1 -1 -1 -1 17 -1 -1 27 -1 10 -1 -1 -1 -1 -1 -1 -1 -1 -1 -1 -1 19 -1 21 -1 -1 18 -1 -1 -1 20 -1 -1 -1 -1 -1 -1 -1 -1 -1 -1 -1 -1 -1 -1 
-1 -1 2 -1 -1 4 -1 -1 -1 -1 -1 -1 -1 5 -1 -1 -1 -1 9 -1 -1 -1 -1 -1 -1 -1 -1 -1 31 30 -1 -1 -1 -1 -1 -1 -1 -1 -1 -1 -1 23 -1 -1 -1 -1 -1 -1 -1 17 -1 -1 27 -1 10 -1 -1 -1 -1 -1 -1 -1 -1 -1 -1 -1 19 -1 21 -1 -1 18 -1 -1 -1 20 -1 -1 -1 -1 -1 -1 -1 -1 -1 -1 -1 -1 -1 -1 
-1 -1 2 -1 -1 4 -1 -1 -1 -1 -1 -1 -1 5 -1 -1 -1 -1 9 1 -1 -1 -1 -1 -1 -1 -1 -1 31 30 -1 -1 -1 -1 -1 -1 -1 -1 -1 -1 -1 23 -1 -1 -1 -1 -1 -1 -1 17 -1 -1 27 -1 10 -1 -1 -1 -1 -1 -1 -1 -1 -1 -1 -1 19 -1 21 -1 -1 18 -1 -1 -1 20 -1 -1 -1 -1 -1 -1 -1 -1 -1 -1 -1 -1 -1 -1 
-1 -1 2 -1 -1 4 -1 -1 -1 -1 -1 -1 -1 5 -1 -1 -1 -1 9 1 -1 -1 -1 -1 -1 -1 -1 -1 31 -1 30 -1 -1 -1 -1 -1 -1 -1 -1 -1 -1 23 -1 -1 -1 -1 -1 -1 -1 17 -1 -1 27 -1 10 -1 -1 -1 -1 -1 -1 -1 -1 -1 -1 -1 19 -1 21 -1 -1 18 -1 -1 -1 20 -1 -1 -1 -1 -1 -1 -1 -1 -1 -1 -1 -1 -1 -1 
-1 -1 2 -1 -1 4 -1 -1 -1 -1 -1 -1 -1 5 -1 -1 -1 -1 -1 1 -1 -1 -1 -1 -1 -1 -1 -1 31 -1 30 -1 -1 -1 -1 -1 -1 -1 -1 -1 -1 23 -1 -1 -1 9 -1 -1 -1 17 -1 -1 27 -1 10 -1 -1 -1 -1 -1 -1 -1 -1 -1 -1 -1 19 -1 21 -1 -1 18 -1 -1 -1 20 -1 -1 -1 -1 -1 -1 -1 -1 -1 -1 -1 -1 -1 -1 
-1 -1 2 -1 -1 4 -1 -1 -1 -1 -1 -1 -1 5 -1 -1 -1 -1 -1 1 -1 -1 -1 -1 -1 -1 -1 -1 31 -1 30 -1 -1 -1 -1 -1 -1 -1 -1 -1 -1 -1 -1 -1 -1 9 -1 -1 -1 17 -1 -1 27 -1 10 -1 -1 -1 23 -1 -1 -1 -1 -1 -1 -1 19 -1 21 -1 -1 18 -1 -1 -1 20 -1 -1 -1 -1 -1 -1 -1 -1 -1 -1 -1 -1 -1 -1 
-1 -1 2 -1 -1 4 -1 -1 -1 -1 -1 -1 -1 5 -1 -1 -1 -1 -1 1 -1 -1 -1 -1 -1 -1 -1 -1 31 -1 30 -1 -1 -1 -1 -1 -1 -1 -1 -1 -1 -1 -1 -1 -1 -1 -1 -1 -1 17 -1 -1 27 -1 9 -1 -1 -1 23 -1 -1 -1 -1 -1 -1 -1 19 -1 21 -1 -1 18 -1 -1 -1 20 -1 -1 -1 -1 -1 -1 -1 -1 -1 -1 -1 -1 -1 -1 
-1 -1 2 -1 -1 4 -1 -1 -1 -1 -1 -1 -1 5 -1 -1 -1 -1 -1 1 -1 -1 -1 -1 -1 -1 -1 -1 -1 31 30 -1 -1 -1 -1 -1 -1 -1 -1 -1 -1 -1 -1 -1 -1 -1 -1 -1 -1 17 -1 -1 27 -1 9 -1 -1 -1 23 -1 -1 -1 -1 -1 -1 -1 19 -1 21 -1 -1 18 -1 -1 -1 20 -1 -1 -1 -1 -1 -1 -1 -1 -1 -1 -1 -1 -1 -1 
-1 -1 2 -1 -1 4 -1 -1 -1 -1 -1 -1 -1 5 -1 -1 -1 -1 -1 1 -1 -1 -1 -1 -1 -1 -1 -1 -1 31 30 -1 -1 -1 -1 -1 -1 -1 -1 -1 -1 -1 -1 -1 -1 -1 -1 -1 -1 17 -1 -1 27 -1 -1 -1 -1 9 23 -1 -1 -1 -1 -1 -1 -1 19 -1 21 -1 -1 18 -1 -1 -1 20 -1 -1 -1 -1 -1 -1 -1 -1 -1 -1 -1 -1 -1 -1 
-1 -1 2 -1 -1 4 -1 -1 -1 -1 -1 -1 -1 5 -1 -1 -1 -1 -1 1 -1 -1 -1 -1 -1 -1 -1 -1 -1 31 30 -1 -1 -1 -1 -1 -1 -1 -1 -1 -1 -1 -1 -1 -1 -1 -1 -1 -1 17 -1 -1 27 -1 -1 -1 -1 9 23 -1 -1 -1 -1 -1 -1 -1 19 -1 21 -1 -1 18 -1 -1 -1 -1 20 -1 -1 -1 -1 -1 -1 -1 -1 -1 -1 -1 -1 -1 
-1 -1 2 -1 -1 4 -1 -1 -1 -1 -1 -1 -1 5 -1 -1 -1 -1 -1 1 -1 -1 -1 -1 -1 -1 -1 -1 -1 31 30 -1 -1 -1 -1 -1 -1 -1 -1 -1 -1 -1 -1 -1 -1 -1 -1 -1 -1 17 -1 -1 27 -1 9 -1 -1 -1 23 -1 -1 -1 -1 -1 -1 -1 19 -1 21 -1 -1 18 -1 -1 -1 -1 20 -1 -1 -1 -1 -1 -1 -1 -1 -1 -1 -1 -1 -1 
-1 -1 2 -1 -1 4 -1 -1 -1 -1 -1 -1 -1 5 -1 -1 -1 -1 -1 1 -1 -1 -1 -1 -1 -1 -1 -1 -1 31 30 -1 -1 -1 -1 -1 -1 -1 -1 -1 -1 -1 -1 -1 -1 -1 -1 -1 -1 17 -1 27 -1 -1 9 -1 -1 -1 23 -1 -1 -1 -1 -1 -1 -1 19 -1 21 -1 -1 18 -1 -1 -1 -1 20 -1 -1 -1 -1 -1 -1 -1 -1 -1 -1 -1 -1 -1 
-1 -1 2 -1 -1 4 -1 -1 -1 -1 -1 -1 -1 5 -1 -1 -1 -1 9 1 -1 -1 -1 -1 -1 -1 -1 -1 -1 31 30 -1 -1 -1 -1 -1 -1 -1 -1 -1 -1 -1 -1 -1 -1 -1 -1 -1 -1 17 -1 27 -1 -1 -1 -1 -1 -1 23 -1 -1 -1 -1 -1 -1 -1 19 -1 21 -1 -1 18 -1 -1 -1 -1 20 -1 -1 -1 -1 -1 -1 -1 -1 -1 -1 -1 -1 -1 
-1 -1 2 -1 -1 4 -1 -1 -1 -1 -1 -1 -1 5 -1 -1 -1 -1 9 1 -1 -1 -1 -1 -1 -1 -1 -1 -1 31 30 -1 -1 -1 -1 -1 -1 -1 -1 -1 -1 -1 -1 -1 -1 -1 -1 23 -1 17 -1 27 -1 -1 -1 -1 -1 -1 -1 -1 -1 -1 -1 -1 -1 -1 19 -1 21 -1 -1 18 -1 -1 -1 -1 20 -1 -1 -1 -1 -1 -1 -1 -1 -1 -1 -1 -1 -1 
-1 -1 2 5 -1 4 -1 -1 -1 -1 -1 -1 -1 -1 -1 -1 -1 -1 9 1 -1 -1 -1 -1 -1 -1 -1 -1 -1 31 30 -1 -1 -1 -1 -1 -1 -1 -1 -1 -1 -1 -1 -1 -1 -1 -1 23 -1 17 -1 27 -1 -1 -1 -1 -1 -1 -1 -1 -1 -1 -1 -1 -1 -1 19 -1 21 -1 -1 18 -1 -1 -1 -1 20 -1 -1 -1 -1 -1 -1 -1 -1 -1 -1 -1 -1 -1 
-1 -1 2 5 -1 4 -1 -1 -1 -1 -1 -1 -1 -1 -1 -1 -1 -1 9 1 -1 -1 -1 -1 -1 -1 -1 -1 -1 31 30 -1 -1 -1 -1 -1 -1 -1 -1 -1 -1 -1 -1 -1 -1 -1 -1 23 -1 17 -1 27 -1 -1 -1 -1 -1 -1 -1 -1 -1 -1 -1 -1 -1 -1 19 -1 21 -1 -1 18 -1 -1 -1 -1 -1 20 -1 -1 -1 -1 -1 -1 -1 -1 -1 -1 -1 -1 
-1 -1 2 5 -1 4 -1 -1 -1 -1 -1 -1 -1 -1 -1 -1 -1 -1 -1 1 -1 -1 -1 9 -1 -1 -1 -1 -1 31 30 -1 -1 -1 -1 -1 -1 -1 -1 -1 -1 -1 -1 -1 -1 -1 -1 23 -1 17 -1 27 -1 -1 -1 -1 -1 -1 -1 -1 -1 -1 -1 -1 -1 -1 19 -1 21 -1 -1 18 -1 -1 -1 -1 -1 20 -1 -1 -1 -1 -1 -1 -1 -1 -1 -1 -1 -1 
-1 -1 2 5 -1 4 -1 -1 -1 -1 -1 -1 -1 -1 -1 -1 -1 -1 -1 1 -1 -1 -1 9 -1 -1 -1 -1 -1 31 30 -1 -1 -1 -1 -1 -1 -1 -1 -1 -1 -1 -1 -1 -1 -1 -1 23 -1 17 -1 27 -1 -1 -1 -1 -1 -1 -1 -1 -1 -1 -1 -1 -1 -1 19 -1 -1 -1 -1 18 -1 -1 -1 -1 21 20 -1 -1 -1 -1 -1 -1 -1 -1 -1 -1 -1 -1 
-1 -1 2 5 -1 4 -1 -1 -1 -1 -1 -1 -1 3 -1 -1 -1 -1 -1 1 -1 -1 -1 9 -1 -1 -1 -1 -1 31 30 -1 -1 -1 -1 -1 -1 -1 -1 -1 -1 -1 -1 -1 -1 -1 -1 23 -1 17 -1 27 -1 -1 -1 -1 -1 -1 -1 -1 -1 -1 -1 -1 -1 -1 19 -1 -1 -1 -1 18 -1 -1 -1 -1 21 20 -1 -1 -1 -1 -1 -1 -1 -1 -1 -1 -1 -1 
-1 -1 2 5 -1 4 -1 -1 -1 -1 -1 -1 -1 3 -1 -1 -1 -1 -1 1 -1 -1 -1 9 -1 -1 -1 -1 -1 31 30 -1 -1 -1 -1 -1 -1 -1 -1 -1 -1 -1 27 -1 -1 -1 -1 23 -1 17 -1 -1 -1 -1 -1 -1 -1 -1 -1 -1 -1 -1 -1 -1 -1 -1 19 -1 -1 -1 -1 18 -1 -1 -1 -1 21 20 -1 -1 -1 -1 -1 -1 -1 -1 -1 -1 -1 -1 
-1 -1 2 5 -1 4 -1 -1 -1 -1 -1 -1 -1 3 -1 -1 -1 -1 -1 -1 -1 -1 -1 9 -1 -1 -1 -1 -1 31 1 -1 -1 -1 -1 -1 -1 -1 -1 -1 -1 -1 27 -1 -1 -1 -1 23 -1 17 -1 -1 -1 -1 -1 -1 -1 -1 -1 -1 -1 -1 -1 -1 -1 -1 19 -1 -1 -1 -1 18 -1 -1 -1 -1 21 20 -1 -1 -1 -1 -1 -1 -1 -1 -1 -1 -1 -1 
-1 -1 2 5 -1 4 -1 -1 -1 -1 -1 -1 -1 3 -1 -1 -1 -1 -1 -1 -1 -1 -1 9 -1 -1 -1 -1 -1 31 1 -1 -1 27 -1 -1 -1 -1 -1 -1 -1 -1 -1 -1 -1 -1 -1 23 -1 17 -1 -1 -1 -1 -1 -1 -1 -1 -1 -1 -1 -1 -1 -1 -1 -1 19 -1 -1 -1 -1 18 -1 -1 -1 -1 21 20 -1 -1 -1 -1 -1 -1 -1 -1 -1 -1 -1 -1 
-1 -1 2 5 -1 4 -1 -1 -1 -1 -1 -1 -1 3 -1 -1 -1 -1 -1 -1 -1 -1 -1 -1 -1 -1 -1 -1 -1 31 1 -1 9 27 -1 -1 -1 -1 -1 -1 -1 -1 -1 -1 -1 -1 -1 23 -1 17 -1 -1 -1 -1 -1 -1 -1 -1 -1 -1 -1 -1 -1 -1 -1 -1 19 -1 -1 -1 -1 18 -1 -1 -1 -1 21 20 -1 -1 -1 -1 -1 -1 -1 -1 -1 -1 -1 -1 
-1 -1 2 5 -1 4 -1 -1 -1 -1 -1 -1 -1 3 -1 -1 -1 -1 -1 -1 31 -1 -1 -1 -1 -1 -1 -1 -1 -1 1 -1 9 27 -1 -1 -1 -1 -1 -1 -1 -1 -1 -1 -1 -1 -1 23 -1 17 -1 -1 -1 -1 -1 -1 -1 -1 -1 -1 -1 -1 -1 -1 -1 -1 19 -1 -1 -1 -1 18 -1 -1 -1 -1 21 20 -1 -1 -1 -1 -1 -1 -1 -1 -1 -1 -1 -1 
-1 -1 2 5 -1 4 -1 -1 -1 -1 -1 -1 -1 3 -1 -1 -1 -1 -1 -1 31 -1 -1 -1 -1 -1 -1 -1 -1 -1 -1 -1 9 27 -1 -1 -1 -1 -1 -1 -1 -1 -1 -1 -1 -1 -1 23 -1 1 -1 -1 -1 -1 -1 -1 -1 -1 -1 -1 -1 -1 -1 -1 -1 -1 19 -1 -1 -1 -1 18 -1 -1 -1 -1 21 20 -1 -1 -1 -1 -1 -1 -1 -1 -1 -1 -1 -1 
-1 -1 2 5 -1 4 -1 -1 -1 -1 -1 -1 -1 3 -1 -1 -1 -1 -1 -1 31 -1 -1 -1 -1 -1 -1 -1 -1 -1 -1 -1 9 27 -1 -1 -1 -1 -1 -1 -1 -1 -1 -1 -1 -1 -1 -1 -1 1 -1 -1 -1 -1 -1 -1 -1 -1 23 -1 -1 -1 -1 -1 -1 -1 19 -1 -1 -1 -1 18 -1 -1 -1 -1 21 20 -1 -1 -1 -1 -1 -1 -1 -1 -1 -1 -1 -1 
-1 -1 2 5 -1 4 -1 -1 -1 -1 -1 -1 -1 3 -1 -1 -1 -1 -1 -1 31 -1 -1 -1 -1 -1 -1 -1 -1 -1 -1 -1 9 27 -1 -1 -1 -1 -1 -1 -1 -1 -1 -1 -1 -1 -1 -1 -1 -1 -1 -1 -1 -1 -1 -1 -1 -1 23 -1 1 -1 -1 -1 -1 -1 19 -1 -1 -1 -1 18 -1 -1 -1 -1 21 20 -1 -1 -1 -1 -1 -1 -1 -1 -1 -1 -1 -1 
-1 -1 2 5 -1 4 -1 -1 -1 -1 -1 -1 -1 3 -1 -1 -1 -1 -1 -1 31 -1 -1 -1 -1 -1 -1 -1 -1 -1 -1 -1 9 27 -1 -1 -1 -1 -1 -1 -1 -1 -1 -1 -1 -1 -1 -1 -1 -1 -1 -1 -1 -1 -1 -1 -1 -1 -1 -1 1 -1 -1 -1 -1 -1 19 -1 -1 23 -1 18 -1 -1 -1 -1 21 20 -1 -1 -1 -1 -1 -1 -1 -1 -1 -1 -1 -1 
-1 -1 2 5 -1 4 -1 -1 -1 -1 -1 -1 -1 3 -1 -1 -1 -1 -1 -1 31 -1 -1 -1 -1 -1 -1 -1 -1 -1 -1 -1 9 27 -1 -1 -1 -1 -1 -1 -1 -1 -1 -1 -1 -1 -1 -1 -1 -1 -1 -1 -1 1 -1 -1 -1 -1 -1 -1 -1 -1 -1 -1 -1 -1 19 -1 -1 23 -1 18 -1 -1 -1 -1 21 20 -1 -1 -1 -1 -1 -1 -1 -1 -1 -1 -1 -1 
-1 -1 2 5 -1 4 -1 -1 -1 -1 -1 31 -1 3 -1 -1 -1 -1 -1 -1 -1 -1 -1 -1 -1 -1 -1 -1 -1 -1 -1 -1 9 27 -1 -1 -1 -1 -1 -1 -1 -1 -1 -1 -1 -1 -1 -1 -1 -1 -1 -1 -1 1 -1 -1 -1 -1 -1 -1 -1 -1 -1 -1 -1 -1 19 -1 -1 23 -1 18 -1 -1 -1 -1 21 20 -1 -1 -1 -1 -1 -1 -1 -1 -1 -1 -1 -1 
-1 -1 2 5 -1 4 -1 -1 -1 -1 -1 31 -1 3 -1 -1 -1 -1 -1 -1 -1 -1 -1 -1 -1 -1 -1 -1 -1 -1 -1 -1 -1 27 -1 -1 -1 -1 -1 -1 -1 -1 -1 -1 -1 -1 -1 -1 -1 -1 -1 -1 -1 1 -1 -1 -1 -1 -1 9 -1 -1 -1 -1 -1 -1 19 -1 -1 23 -1 18 -1 -1 -1 -1 21 20 -1 -1 -1 -1 -1 -1 -1 -1 -1 -1 -1 -1 
-1 -1 2 5 -1 4 -1 -1 -1 -1 -1 31 -1 3 -1 -1 -1 -1 -1 -1 -1 -1 -1 -1 -1 -1 -1 -1 -1 -1 -1 -1 -1 27 -1 -1 -1 -1 -1 -1 -1 -1 -1 -1 -1 -1 -1 -1 -1 -1 23 -1 -1 1 -1 -1 -1 -1 -1 9 -1 -1 -1 -1 -1 -1 19 -1 -1 -1 -1 18 -1 -1 -1 -1 21 20 -1 -1 -1 -1 -1 -1 -1 -1 -1 -1 -1 -1 
-1 -1 2 5 -1 4 -1 -1 -1 -1 -1 31 -1 3 -1 -1 -1 -1 -1 -1 -1 -1 -1 -1 -1 -1 -1 -1 -1 -1 -1 -1 -1 27 -1 -1 -1 -1 -1 -1 -1 -1 1 -1 -1 -1 -1 -1 -1 -1 23 -1 -1 -1 -1 -1 -1 -1 -1 9 -1 -1 -1 -1 -1 -1 19 -1 -1 -1 -1 18 -1 -1 -1 -1 21 20 -1 -1 -1 -1 -1 -1 -1 -1 -1 -1 -1 -1 
-1 -1 2 5 -1 4 -1 -1 -1 -1 -1 31 -1 3 -1 -1 -1 -1 -1 -1 -1 -1 -1 -1 -1 -1 -1 -1 -1 -1 -1 -1 -1 27 -1 -1 -1 -1 -1 -1 -1 -1 1 -1 -1 -1 -1 -1 -1 -1 23 -1 -1 -1 -1 -1 -1 -1 -1 9 -1 -1 -1 -1 -1 -1 19 -1 -1 -1 -1 18 -1 -1 -1 -1 21 -1 -1 -1 -1 -1 -1 -1 -1 -1 20 -1 -1 -1 
-1 -1 2 5 -1 4 -1 -1 -1 -1 -1 31 -1 3 -1 -1 -1 -1 -1 -1 -1 -1 -1 -1 -1 -1 -1 -1 -1 -1 -1 1 -1 27 -1 -1 -1 -1 -1 -1 -1 -1 -1 -1 -1 -1 -1 -1 -1 -1 23 -1 -1 -1 -1 -1 -1 -1 -1 9 -1 -1 -1 -1 -1 -1 19 -1 -1 -1 -1 18 -1 -1 -1 -1 21 -1 -1 -1 -1 -1 -1 -1 -1 -1 20 -1 -1 -1 
-1 -1 2 5 -1 4 -1 -1 -1 -1 -1 31 -1 3 -1 -1 -1 -1 -1 -1 -1 -1 -1 -1 -1 -1 -1 -1 -1 -1 -1 30 -1 27 -1 -1 -1 -1 -1 -1 -1 -1 -1 -1 -1 -1 -1 -1 -1 -1 23 -1 -1 -1 -1 -1 -1 -1 -1 9 -1 -1 -1 -1 -1 -1 19 -1 -1 -1 -1 18 -1 -1 -1 -1 21 -1 -1 -1 -1 -1 -1 -1 -1 -1 20 -1 -1 -1 
-1 -1 2 5 -1 4 -1 -1 -1 -1 -1 31 -1 3 -1 -1 -1 -1 -1 -1 1 -1 -1 -1 -1 -1 -1 -1 -1 -1 -1 -1 -1 27 -1 -1 -1 -1 -1 -1 -1 -1 -1 -1 -1 -1 -1 -1 -1 -1 23 -1 -1 -1 -1 -1 -1 -1 -1 9 -1 -1 -1 -1 -1 -1 19 -1 -1 -1 -1 18 -1 -1 -1 -1 21 -1 -1 -1 -1 -1 -1 -1 -1 -1 20 -1 -1 -1 
-1 -1 2 5 -1 4 -1 -1 -1 -1 -1 31 -1 3 -1 -1 -1 -1 -1 -1 1 -1 -1 -1 -1 -1 -1 -1 -1 -1 -1 -1 -1 27 -1 -1 -1 -1 -1 -1 -1 -1 -1 -1 -1 -1 -1 -1 -1 -1 23 -1 -1 -1 -1 -1 -1 -1 -1 9 -1 -1 -1 -1 -1 -1 19 -1 -1 -1 -1 18 -1 -1 -1 -1 21 -1 -1 -1 -1 -1 -1 -1 -1 20 -1 -1 -1 -1 
-1 1 2 5 -1 4 -1 -1 -1 -1 -1 31 -1 3 -1 -1 -1 -1 -1 -1 -1 -1 -1 -1 -1 -1 -1 -1 -1 -1 -1 -1 -1 27 -1 -1 -1 -1 -1 -1 -1 -1 -1 -1 -1 -1 -1 -1 -1 -1 23 -1 -1 -1 -1 -1 -1 -1 -1 9 -1 -1 -1 -1 -1 -1 19 -1 -1 -1 -1 18 -1 -1 -1 -1 21 -1 -1 -1 -1 -1 -1 -1 -1 20 -1 -1 -1 -1 
-1 1 2 5 -1 4 -1 -1 -1 -1 -1 31 -1 3 -1 -1 -1 -1 -1 -1 -1 -1 -1 -1 -1 -1 -1 -1 -1 -1 -1 -1 -1 23 -1 -1 -1 -1 -1 -1 -1 -1 -1 -1 -1 -1 -1 -1 -1 -1 -1 -1 -1 -1 -1 -1 -1 -1 -1 9 -1 -1 -1 -1 -1 -1 19 -1 -1 -1 -1 18 -1 -1 -1 -1 21 -1 -1 -1 -1 -1 -1 -1 -1 20 -1 -1 -1 -1 
-1 1 2 5 -1 4 -1 -1 -1 -1 -1 31 -1 -1 -1 -1 -1 -1 -1 -1 -1 3 -1 -1 -1 -1 -1 -1 -1 -1 -1 -1 -1 23 -1 -1 -1 -1 -1 -1 -1 -1 -1 -1 -1 -1 -1 -1 -1 -1 -1 -1 -1 -1 -1 -1 -1 -1 -1 9 -1 -1 -1 -1 -1 -1 19 -1 -1 -1 -1 18 -1 -1 -1 -1 21 -1 -1 -1 -1 -1 -1 -1 -1 20 -1 -1 -1 -1 
-1 1 2 5 -1 4 -1 -1 -1 -1 -1 31 -1 -1 -1 -1 -1 -1 -1 -1 -1 3 -1 -1 -1 -1 -1 -1 -1 -1 -1 -1 27 -1 -1 -1 -1 -1 -1 -1 -1 -1 -1 -1 -1 -1 -1 -1 -1 -1 -1 -1 -1 -1 -1 -1 -1 -1 -1 9 -1 -1 -1 -1 -1 -1 19 -1 -1 -1 -1 18 -1 -1 -1 -1 21 -1 -1 -1 -1 -1 -1 -1 -1 20 -1 -1 -1 -1 
-1 1 2 5 4 -1 -1 -1 -1 -1 -1 31 -1 -1 -1 -1 -1 -1 -1 -1 -1 3 -1 -1 -1 -1 -1 -1 -1 -1 -1 -1 27 -1 -1 -1 -1 -1 -1 -1 -1 -1 -1 -1 -1 -1 -1 -1 -1 -1 -1 -1 -1 -1 -1 -1 -1 -1 -1 9 -1 -1 -1 -1 -1 -1 19 -1 -1 -1 -1 18 -1 -1 -1 -1 21 -1 -1 -1 -1 -1 -1 -1 -1 20 -1 -1 -1 -1 
-1 1 2 5 4 -1 -1 -1 -1 -1 -1 31 -1 -1 -1 -1 -1 -1 -1 -1 -1 3 -1 -1 -1 -1 -1 -1 -1 -1 -1 -1 27 -1 -1 -1 -1 -1 -1 -1 -1 -1 -1 -1 -1 -1 -1 -1 -1 -1 23 -1 -1 -1 -1 -1 -1 -1 -1 9 -1 -1 -1 -1 -1 -1 19 -1 -1 -1 -1 18 -1 -1 -1 -1 21 -1 -1 -1 -1 -1 -1 -1 -1 20 -1 -1 -1 -1 
-1 1 2 5 4 -1 -1 -1 -1 -1 -1 31 -1 -1 -1 -1 -1 -1 -1 -1 -1 -1 -1 -1 -1 -1 -1 -1 -1 -1 -1 3 27 -1 -1 -1 -1 -1 -1 -1 -1 -1 -1 -1 -1 -1 -1 -1 -1 -1 23 -1 -1 -1 -1 -1 -1 -1 -1 9 -1 -1 -1 -1 -1 -1 19 -1 -1 -1 -1 18 -1 -1 -1 -1 21 -1 -1 -1 -1 -1 -1 -1 -1 20 -1 -1 -1 -1 
-1 1 2 5 4 -1 -1 -1 -1 -1 -1 31 -1 -1 -1 -1 -1 -1 -1 -1 -1 -1 -1 -1 -1 -1 -1 -1 -1 -1 -1 3 27 -1 -1 -1 -1 -1 -1 23 -1 -1 -1 -1 -1 -1 -1 -1 -1 -1 -1 -1 -1 -1 -1 -1 -1 -1 -1 9 -1 -1 -1 -1 -1 -1 19 -1 -1 -1 -1 18 -1 -1 -1 -1 21 -1 -1 -1 -1 -1 -1 -1 -1 20 -1 -1 -1 -1 
-1 1 2 5 4 -1 -1 -1 -1 -1 -1 31 -1 -1 -1 -1 -1 -1 -1 -1 -1 -1 -1 -1 -1 -1 -1 -1 -1 -1 -1 3 27 -1 -1 -1 -1 -1 6 23 -1 -1 -1 -1 -1 -1 -1 -1 -1 -1 -1 -1 -1 -1 -1 -1 -1 -1 -1 9 -1 -1 -1 -1 -1 -1 19 -1 -1 -1 -1 18 -1 -1 -1 -1 21 -1 -1 -1 -1 -1 -1 -1 -1 20 -1 -1 -1 -1 
-1 1 2 5 4 -1 -1 -1 -1 -1 -1 31 -1 -1 -1 -1 -1 -1 -1 -1 23 -1 -1 -1 -1 -1 -1 -1 -1 -1 -1 3 27 -1 -1 -1 -1 -1 6 -1 -1 -1 -1 -1 -1 -1 -1 -1 -1 -1 -1 -1 -1 -1 -1 -1 -1 -1 -1 9 -1 -1 -1 -1 -1 -1 19 -1 -1 -1 -1 18 -1 -1 -1 -1 21 -1 -1 -1 -1 -1 -1 -1 -1 20 -1 -1 -1 -1 
-1 1 2 4 -1 -1 -1 -1 -1 -1 -1 31 -1 -1 -1 -1 -1 -1 -1 -1 23 -1 -1 -1 -1 -1 -1 -1 -1 -1 -1 3 27 -1 -1 -1 -1 -1 6 -1 -1 -1 -1 -1 -1 -1 -1 -1 -1 -1 -1 -1 -1 -1 -1 -1 -1 -1 -1 9 -1 -1 -1 -1 -1 -1 19 -1 -1 -1 -1 18 -1 -1 -1 -1 21 -1 -1 -1 -1 -1 -1 -1 -1 20 -1 -1 -1 -1 
-1 1 2 4 -1 -1 -1 -1 -1 -1 -1 31 -1 -1 -1 -1 -1 -1 -1 -1 23 -1 -1 -1 -1 -1 -1 -1 -1 -1 -1 27 -1 -1 -1 -1 -1 -1 6 -1 -1 -1 -1 -1 -1 -1 -1 -1 -1 -1 -1 -1 -1 -1 -1 -1 -1 -1 -1 9 -1 -1 -1 -1 -1 -1 19 -1 -1 -1 -1 18 -1 -1 -1 -1 21 -1 -1 -1 -1 -1 -1 -1 -1 20 -1 -1 -1 -1 
-1 1 2 -1 -1 -1 -1 -1 -1 -1 -1 31 -1 -1 -1 -1 -1 -1 -1 -1 23 -1 -1 -1 -1 -1 -1 -1 -1 -1 -1 27 -1 -1 -1 -1 -1 -1 6 -1 -1 -1 -1 -1 -1 -1 -1 -1 -1 -1 -1 -1 -1 -1 -1 -1 -1 -1 -1 9 -1 -1 -1 -1 -1 -1 19 -1 -1 -1 -1 18 -1 -1 -1 -1 21 -1 -1 -1 -1 -1 -1 -1 -1 20 -1 -1 -1 -1 
-1 1 2 -1 -1 -1 -1 -1 -1 -1 -1 31 -1 23 -1 -1 -1 -1 -1 -1 -1 -1 -1 -1 -1 -1 -1 -1 -1 -1 -1 27 -1 -1 -1 -1 -1 -1 6 -1 -1 -1 -1 -1 -1 -1 -1 -1 -1 -1 -1 -1 -1 -1 -1 -1 -1 -1 -1 9 -1 -1 -1 -1 -1 -1 19 -1 -1 -1 -1 18 -1 -1 -1 -1 21 -1 -1 -1 -1 -1 -1 -1 -1 20 -1 -1 -1 -1 
-1 1 -1 -1 -1 -1 -1 -1 -1 -1 -1 31 -1 23 -1 -1 -1 -1 -1 -1 -1 -1 2 -1 -1 -1 -1 -1 -1 -1 -1 27 -1 -1 -1 -1 -1 -1 6 -1 -1 -1 -1 -1 -1 -1 -1 -1 -1 -1 -1 -1 -1 -1 -1 -1 -1 -1 -1 9 -1 -1 -1 -1 -1 -1 19 -1 -1 -1 -1 18 -1 -1 -1 -1 21 -1 -1 -1 -1 -1 -1 -1 -1 20 -1 -1 -1 -1 
-1 1 -1 -1 -1 -1 -1 -1 -1 -1 -1 31 -1 23 -1 -1 -1 -1 -1 -1 -1 -1 2 -1 -1 -1 -1 -1 -1 -1 -1 27 -1 -1 -1 -1 -1 -1 6 -1 -1 -1 -1 -1 -1 -1 -1 -1 -1 -1 -1 -1 -1 -1 -1 -1 17 -1 -1 9 -1 -1 -1 -1 -1 -1 19 -1 -1 -1 -1 18 -1 -1 -1 -1 21 -1 -1 -1 -1 -1 -1 -1 -1 20 -1 -1 -1 -1 
-1 1 -1 -1 -1 -1 2 -1 -1 -1 -1 31 -1 23 -1 -1 -1 -1 -1 -1 -1 -1 -1 -1 -1 -1 -1 -1 -1 -1 -1 27 -1 -1 -1 -1 -1 -1 6 -1 -1 -1 -1 -1 -1 -1 -1 -1 -1 -1 -1 -1 -1 -1 -1 -1 17 -1 -1 9 -1 -1 -1 -1 -1 -1 19 -1 -1 -1 -1 18 -1 -1 -1 -1 21 -1 -1 -1 -1 -1 -1 -1 -1 20 -1 -1 -1 -1 
-1 1 -1 -1 -1 -1 2 -1 -1 -1 -1 31 -1 23 -1 -1 -1 -1 -1 -1 -1 -1 -1 -1 -1 -1 -1 -1 -1 -1 -1 -1 27 -1 -1 -1 -1 -1 6 -1 -1 -1 -1 -1 -1 -1 -1 -1 -1 -1 -1 -1 -1 -1 -1 -1 17 -1 -1 9 -1 -1 -1 -1 -1 -1 19 -1 -1 -1 -1 18 -1 -1 -1 -1 21 -1 -1 -1 -1 -1 -1 -1 -1 20 -1 -1 -1 -1 
