0 1 2 3 4 5 6 7 8 -1 -1 -1 -1 -1 -1 -1 -1 -1 -1 9 -1 -1 -1 -1 -1 10 -1 11 -1 12 -1 28 -1 14 -1 15 -1 -1 -1 -1 -1 -1 -1 -1 -1 -1 -1 30 -1 -1 -1 -1 -1 -1 -1 -1 -1 -1 29 -1 -1 -1 27 -1 26 -1 -1 -1 -1 -1 25 -1 -1 -1 -1 -1 -1 -1 -1 -1 -1 24 31 22 21 20 19 18 17 16 
0 1 -1 3 4 5 6 7 8 -1 -1 -1 -1 -1 -1 -1 -1 -1 -1 9 -1 -1 2 -1 -1 10 -1 11 -1 12 -1 28 -1 14 -1 15 -1 -1 -1 -1 -1 -1 -1 -1 -1 -1 -1 30 -1 -1 -1 -1 -1 -1 -1 -1 -1 -1 29 -1 -1 -1 27 -1 26 -1 -1 -1 -1 -1 25 -1 -1 -1 -1 -1 -1 -1 -1 -1 -1 24 31 22 21 20 19 18 17 16 
0 1 -1 3 4 5 6 7 8 -1 -1 -1 -1 -1 -1 -1 -1 -1 -1 9 -1 -1 2 -1 -1 10 -1 11 -1 12 -1 28 -1 14 -1 15 -1 -1 -1 -1 -1 -1 -1 -1 -1 -1 -1 30 -1 -1 -1 -1 -1 -1 -1 -1 -1 -1 29 -1 -1 -1 27 -1 -1 -1 26 -1 -1 -1 25 -1 -1 -1 -1 -1 -1 -1 -1 -1 -1 24 31 22 21 20 19 18 17 16 
0 1 -1 3 4 5 6 7 8 -1 -1 -1 -1 -1 -1 -1 -1 -1 -1 9 -1 -1 2 -1 -1 10 -1 11 -1 12 -1 28 -1 -1 -1 15 -1 -1 -1 -1 -1 -1 14 -1 -1 -1 -1 30 -1 -1 -1 -1 -1 -1 -1 -1 -1 -1 29 -1 -1 -1 27 -1 -1 -1 26 -1 -1 -1 25 -1 -1 -1 -1 -1 -1 -1 -1 -1 -1 24 31 22 21 20 19 18 17 16 
0 1 -1 3 4 5 6 7 8 -1 -1 -1 -1 -1 -1 -1 -1 -1 -1 9 -1 -1 2 -1 -1 10 -1 11 -1 12 -1 28 -1 -1 -1 15 -1 -1 -1 -1 -1 -1 14 -1 -1 -1 -1 30 -1 -1 -1 -1 -1 -1 -1 -1 -1 -1 29 -1 -1 -1 27 -1 -1 23 26 -1 -1 -1 25 -1 -1 -1 -1 -1 -1 -1 -1 -1 -1 24 -1 22 21 20 19 18 17 16 
0 -1 -1 3 4 5 6 7 8 -1 -1 -1 -1 -1 -1 -1 -1 -1 -1 9 1 -1 2 -1 -1 10 -1 11 -1 12 -1 28 -1 -1 -1 15 -1 -1 -1 -1 -1 -1 14 -1 -1 -1 -1 30 -1 -1 -1 -1 -1 -1 -1 -1 -1 -1 29 -1 -1 -1 27 -1 -1 23 26 -1 -1 -1 25 -1 -1 -1 -1 -1 -1 -1 -1 -1 -1 24 -1 22 21 20 19 18 17 16 
0 -1 -1 3 4 5 6 7 8 -1 -1 -1 -1 -1 -1 -1 -1 -1 -1 9 1 -1 2 -1 -1 10 -1 11 -1 12 -1 28 -1 -1 -1 15 -1 -1 -1 -1 -1 -1 14 -1 -1 -1 -1 30 -1 -1 -1 -1 -1 -1 -1 -1 -1 -1 29 -1 -1 -1 27 -1 -1 23 26 -1 -1 -1 25 -1 -1 -1 -1 -1 -1 -1 -1 -1 -1 -1 24 22 21 20 19 18 17 16 
-1 0 -1 3 4 5 6 7 8 -1 -1 -1 -1 -1 -1 -1 -1 -1 -1 9 1 -1 2 -1 -1 10 -1 11 -1 12 -1 28 -1 -1 -1 15 -1 -1 -1 -1 -1 -1 14 -1 -1 -1 -1 30 -1 -1 -1 -1 -1 -1 -1 -1 -1 -1 29 -1 -1 -1 27 -1 -1 23 26 -1 -1 -1 25 -1 -1 -1 -1 -1 -1 -1 -1 -1 -1 -1 24 22 21 20 19 18 17 16 
-1 0 -1 3 4 5 6 7 8 -1 -1 -1 -1 -1 -1 -1 -1 -1 -1 9 1 -1 2 -1 -1 10 -1 11 -1 12 -1 28 -1 -1 -1 15 -1 -1 -1 -1 -1 -1 14 -1 -1 -1 -1 30 -1 -1 -1 -1 -1 -1 -1 -1 -1 -1 29 -1 -1 -1 27 -1 -1 23 26 25 -1 -1 -1 -1 -1 -1 -1 -1 -1 -1 -1 -1 -1 -1 24 22 21 20 19 18 17 16 
-1 0 -1 3 4 5 6 -1 8 -1 -1 -1 -1 -1 -1 -1 -1 -1 -1 9 1 -1 2 -1 7 10 -1 11 -1 12 -1 28 -1 -1 -1 15 -1 -1 -1 -1 -1 -1 14 -1 -1 -1 -1 30 -1 -1 -1 -1 -1 -1 -1 -1 -1 -1 29 -1 -1 -1 27 -1 -1 23 26 25 -1 -1 -1 -1 -1 -1 -1 -1 -1 -1 -1 -1 -1 -1 24 22 21 20 19 18 17 16 
-1 0 -1 3 4 5 6 -1 8 -1 -1 -1 -1 -1 -1 -1 -1 -1 -1 9 1 -1 2 -1 7 10 -1 11 -1 12 -1 28 -1 -1 -1 15 -1 -1 -1 -1 -1 -1 14 -1 -1 -1 -1 30 -1 -1 -1 -1 -1 -1 -1 -1 -1 -1 29 -1 -1 -1 27 -1 -1 23 26 25 -1 17 -1 -1 -1 -1 -1 -1 -1 -1 -1 -1 -1 -1 24 22 21 20 19 18 -1 16 
-1 0 -1 3 4 5 6 -1 8 -1 -1 -1 -1 -1 -1 -1 -1 -1 -1 9 1 -1 2 -1 -1 10 -1 11 -1 12 -1 28 -1 -1 -1 15 -1 -1 -1 -1 -1 7 14 -1 -1 -1 -1 30 -1 -1 -1 -1 -1 -1 -1 -1 -1 -1 29 -1 -1 -1 27 -1 -1 23 26 25 -1 17 -1 -1 -1 -1 -1 -1 -1 -1 -1 -1 -1 -1 24 22 21 20 19 18 -1 16 
-1 0 -1 3 4 5 6 -1 8 -1 -1 -1 -1 -1 -1 -1 -1 -1 -1 9 1 -1 2 -1 -1 10 -1 11 -1 12 -1 28 -1 -1 -1 15 -1 -1 -1 -1 -1 7 14 -1 -1 -1 -1 30 -1 -1 -1 -1 -1 -1 -1 -1 -1 -1 29 -1 -1 -1 27 -1 -1 23 26 25 -1 17 -1 -1 -1 -1 -1 -1 -1 -1 -1 -1 -1 -1 24 22 21 20 19 18 16 -1 
-1 0 -1 3 4 5 6 -1 8 -1 -1 -1 -1 -1 -1 -1 -1 -1 -1 9 1 -1 2 -1 10 -1 -1 11 -1 12 -1 28 -1 -1 -1 15 -1 -1 -1 -1 -1 7 14 -1 -1 -1 -1 30 -1 -1 -1 -1 -1 -1 -1 -1 -1 -1 29 -1 -1 -1 27 -1 -1 23 26 25 -1 17 -1 -1 -1 -1 -1 -1 -1 -1 -1 -1 -1 -1 24 22 21 20 19 18 16 -1 
-1 0 -1 3 4 5 6 -1 8 -1 -1 -1 -1 -1 -1 -1 16 -1 -1 9 1 -1 2 -1 10 -1 -1 11 -1 12 -1 28 -1 -1 -1 15 -1 -1 -1 -1 -1 7 14 -1 -1 -1 -1 30 -1 -1 -1 -1 -1 -1 -1 -1 -1 -1 29 -1 -1 -1 27 -1 -1 23 26 25 -1 17 -1 -1 -1 -1 -1 -1 -1 -1 -1 -1 -1 -1 24 22 21 20 19 18 -1 -1 
-1 0 -1 -1 4 5 6 -1 8 -1 -1 -1 -1 3 -1 -1 16 -1 -1 9 1 -1 2 -1 10 -1 -1 11 -1 12 -1 28 -1 -1 -1 15 -1 -1 -1 -1 -1 7 14 -1 -1 -1 -1 30 -1 -1 -1 -1 -1 -1 -1 -1 -1 -1 29 -1 -1 -1 27 -1 -1 23 26 25 -1 17 -1 -1 -1 -1 -1 -1 -1 -1 -1 -1 -1 -1 24 22 21 20 19 18 -1 -1 
-1 0 -1 -1 4 5 6 -1 8 -1 -1 -1 -1 3 -1 -1 16 -1 -1 9 1 -1 2 -1 10 -1 -1 11 24 12 -1 28 -1 -1 -1 15 -1 -1 -1 -1 -1 7 14 -1 -1 -1 -1 30 -1 -1 -1 -1 -1 -1 -1 -1 -1 -1 29 -1 -1 -1 27 -1 -1 23 26 25 -1 17 -1 -1 -1 -1 -1 -1 -1 -1 -1 -1 -1 -1 -1 22 21 20 19 18 -1 -1 
-1 0 -1 -1 4 5 6 -1 8 -1 -1 -1 -1 3 -1 -1 16 -1 -1 9 1 -1 2 -1 10 -1 -1 11 24 12 -1 28 -1 -1 -1 -1 -1 -1 -1 -1 -1 7 14 -1 15 -1 -1 30 -1 -1 -1 -1 -1 -1 -1 -1 -1 -1 29 -1 -1 -1 27 -1 -1 23 26 25 -1 17 -1 -1 -1 -1 -1 -1 -1 -1 -1 -1 -1 -1 -1 22 21 20 19 18 -1 -1 
-1 0 -1 -1 4 5 6 -1 8 -1 -1 -1 -1 3 -1 -1 -1 -1 -1 9 1 -1 2 -1 10 -1 -1 11 24 12 -1 28 -1 -1 16 -1 -1 -1 -1 -1 -1 7 14 -1 15 -1 -1 30 -1 -1 -1 -1 -1 -1 -1 -1 -1 -1 29 -1 -1 -1 27 -1 -1 23 26 25 -1 17 -1 -1 -1 -1 -1 -1 -1 -1 -1 -1 -1 -1 -1 22 21 20 19 18 -1 -1 
-1 0 -1 -1 4 5 6 -1 8 -1 -1 -1 -1 3 -1 -1 -1 -1 -1 9 1 -1 2 -1 10 -1 -1 11 24 12 -1 28 -1 -1 16 -1 -1 -1 -1 -1 -1 7 14 -1 -1 -1 -1 30 -1 -1 -1 -1 -1 15 -1 -1 -1 -1 29 -1 -1 -1 27 -1 -1 23 26 25 -1 17 -1 -1 -1 -1 -1 -1 -1 -1 -1 -1 -1 -1 -1 22 21 20 19 18 -1 -1 
-1 0 -1 -1 4 5 6 -1 8 -1 -1 -1 -1 3 -1 -1 -1 -1 -1 9 1 -1 2 -1 10 -1 -1 11 24 12 -1 28 16 -1 -1 -1 -1 -1 -1 -1 -1 7 14 -1 -1 -1 -1 30 -1 -1 -1 -1 -1 15 -1 -1 -1 -1 29 -1 -1 -1 27 -1 -1 23 26 25 -1 17 -1 -1 -1 -1 -1 -1 -1 -1 -1 -1 -1 -1 -1 22 21 20 19 18 -1 -1 
-1 0 -1 -1 4 5 6 -1 8 -1 -1 -1 -1 3 -1 -1 -1 -1 -1 9 1 -1 2 -1 10 -1 -1 11 24 12 -1 28 16 -1 -1 -1 -1 -1 -1 -1 -1 -1 14 -1 -1 -1 -1 30 -1 -1 -1 -1 -1 15 -1 -1 -1 -1 29 -1 7 -1 27 -1 -1 23 26 25 -1 17 -1 -1 -1 -1 -1 -1 -1 -1 -1 -1 -1 -1 -1 22 21 20 19 18 -1 -1 
-1 0 -1 -1 4 5 6 -1 8 -1 -1 -1 -1 3 -1 -1 -1 -1 -1 9 1 -1 2 -1 10 -1 -1 11 24 12 -1 28 16 -1 -1 -1 -1 -1 -1 -1 -1 -1 14 -1 -1 -1 -1 30 23 -1 -1 -1 -1 15 -1 -1 -1 -1 29 -1 7 -1 27 -1 -1 -1 26 25 -1 17 -1 -1 -1 -1 -1 -1 -1 -1 -1 -1 -1 -1 -1 22 21 20 19 18 -1 -1 
-1 0 -1 -1 4 5 6 -1 8 -1 -1 -1 -1 3 -1 -1 -1 -1 -1 9 1 -1 2 -1 10 -1 -1 11 24 12 -1 28 16 -1 -1 -1 -1 -1 -1 -1 -1 -1 14 -1 -1 -1 -1 30 23 -1 -1 -1 -1 -1 -1 -1 -1 -1 29 -1 7 -1 15 -1 -1 -1 26 25 -1 17 -1 -1 -1 -1 -1 -1 -1 -1 -1 -1 -1 -1 -1 22 21 20 19 18 -1 -1 
-1 0 -1 -1 4 5 6 -1 8 -1 -1 -1 -1 3 -1 -1 -1 -1 -1 9 1 -1 2 -1 10 -1 -1 11 24 12 -1 23 16 -1 -1 -1 -1 -1 -1 -1 -1 -1 14 -1 -1 -1 -1 30 -1 -1 -1 -1 -1 -1 -1 -1 -1 -1 29 -1 7 -1 15 -1 -1 -1 26 25 -1 17 -1 -1 -1 -1 -1 -1 -1 -1 -1 -1 -1 -1 -1 22 21 20 19 18 -1 -1 
-1 0 -1 -1 4 5 6 -1 8 -1 -1 -1 -1 3 -1 -1 -1 -1 9 -1 1 -1 2 -1 10 -1 -1 11 24 12 -1 23 16 -1 -1 -1 -1 -1 -1 -1 -1 -1 14 -1 -1 -1 -1 30 -1 -1 -1 -1 -1 -1 -1 -1 -1 -1 29 -1 7 -1 15 -1 -1 -1 26 25 -1 17 -1 -1 -1 -1 -1 -1 -1 -1 -1 -1 -1 -1 -1 22 21 20 19 18 -1 -1 
-1 0 -1 -1 4 5 6 -1 8 -1 -1 -1 -1 3 -1 -1 -1 -1 9 -1 1 -1 2 -1 10 -1 -1 11 -1 24 -1 23 16 -1 -1 -1 -1 -1 -1 -1 -1 -1 14 -1 -1 -1 -1 30 -1 -1 -1 -1 -1 -1 -1 -1 -1 -1 29 -1 7 -1 15 -1 -1 -1 26 25 -1 17 -1 -1 -1 -1 -1 -1 -1 -1 -1 -1 -1 -1 -1 22 21 20 19 18 -1 -1 
-1 0 -1 -1 4 5 6 -1 8 -1 -1 -1 -1 3 -1 -1 -1 -1 9 -1 1 -1 2 -1 10 -1 -1 11 -1 24 -1 23 16 -1 -1 -1 -1 -1 -1 -1 -1 -1 14 -1 -1 -1 -1 30 -1 -1 -1 -1 -1 -1 -1 -1 -1 -1 29 -1 -1 -1 15 -1 -1 -1 26 7 -1 17 -1 -1 -1 -1 -1 -1 -1 -1 -1 -1 -1 -1 -1 22 21 20 19 18 -1 -1 
-1 0 -1 -1 4 5 6 -1 8 -1 -1 -1 -1 3 -1 -1 -1 -1 9 -1 23 -1 2 -1 10 -1 -1 11 -1 24 -1 -1 16 -1 -1 -1 -1 -1 -1 -1 -1 -1 14 -1 -1 -1 -1 30 -1 -1 -1 -1 -1 -1 -1 -1 -1 -1 29 -1 -1 -1 15 -1 -1 -1 26 7 -1 17 -1 -1 -1 -1 -1 -1 -1 -1 -1 -1 -1 -1 -1 22 21 20 19 18 -1 -1 
-1 0 -1 -1 4 5 6 -1 8 -1 -1 -1 -1 3 -1 -1 -1 -1 9 -1 23 -1 2 -1 10 -1 -1 11 -1 24 -1 -1 16 -1 -1 -1 -1 -1 -1 -1 -1 -1 14 -1 -1 -1 -1 30 -1 -1 -1 -1 -1 -1 -1 -1 -1 -1 29 -1 -1 -1 15 -1 -1 -1 26 -1 -1 17 -1 -1 -1 -1 -1 -1 -1 -1 7 -1 -1 -1 -1 22 21 20 19 18 -1 -1 
-1 0 -1 -1 4 5 6 -1 8 -1 -1 -1 -1 3 -1 -1 -1 -1 9 -1 23 -1 2 -1 10 -1 -1 11 -1 24 -1 -1 -1 -1 -1 -1 -1 -1 -1 -1 -1 -1 14 -1 -1 -1 -1 30 -1 -1 -1 -1 -1 -1 -1 -1 -1 -1 29 -1 -1 -1 15 -1 -1 -1 26 -1 -1 17 -1 -1 -1 -1 -1 -1 -1 16 7 -1 -1 -1 -1 22 21 20 19 18 -1 -1 
-1 -1 0 -1 4 5 6 -1 8 -1 -1 -1 -1 3 -1 -1 -1 -1 9 -1 23 -1 2 -1 10 -1 -1 11 -1 24 -1 -1 -1 -1 -1 -1 -1 -1 -1 -1 -1 -1 14 -1 -1 -1 -1 30 -1 -1 -1 -1 -1 -1 -1 -1 -1 -1 29 -1 -1 -1 15 -1 -1 -1 26 -1 -1 17 -1 -1 -1 -1 -1 -1 -1 16 7 -1 -1 -1 -1 22 21 20 19 18 -1 -1 
-1 -1 0 -1 4 5 6 -1 8 -1 -1 -1 -1 3 -1 -1 -1 -1 9 -1 23 -1 2 -1 10 -1 -1 11 -1 24 -1 -1 -1 -1 -1 -1 -1 -1 -1 -1 -1 -1 14 -1 -1 -1 -1 30 -1 -1 -1 -1 -1 -1 -1 -1 -1 -1 29 -1 -1 -1 15 -1 -1 26 -1 -1 -1 17 -1 -1 -1 -1 -1 -1 -1 16 7 -1 -1 -1 -1 22 21 20 19 18 -1 -1 
-1 -1 0 -1 4 5 6 -1 8 -1 -1 -1 -1 3 -1 -1 -1 -1 9 -1 23 -1 2 -1 10 -1 -1 11 -1 24 -1 -1 -1 -1 -1 -1 -1 -1 -1 -1 -1 -1 14 -1 -1 -1 -1 30 -1 -1 -1 -1 -1 -1 -1 -1 -1 -1 29 -1 -1 15 -1 -1 -1 26 -1 -1 -1 17 -1 -1 -1 -1 -1 -1 -1 16 7 -1 -1 -1 -1 22 21 20 19 18 -1 -1 
-1 -1 0 -1 4 5 6 -1 8 -1 -1 -1 -1 3 -1 -1 -1 -1 9 -1 23 -1 2 -1 10 -1 -1 11 -1 24 -1 -1 -1 -1 -1 -1 -1 -1 -1 -1 -1 -1 14 -1 -1 -1 -1 30 -1 -1 17 -1 -1 -1 -1 -1 -1 -1 29 -1 -1 15 -1 -1 -1 26 -1 -1 -1 -1 -1 -1 -1 -1 -1 -1 -1 16 7 -1 -1 -1 -1 22 21 20 19 18 -1 -1 
-1 -1 -1 -1 4 5 6 -1 8 -1 -1 -1 -1 3 -1 -1 -1 -1 9 -1 0 -1 2 -1 10 -1 -1 11 -1 24 -1 -1 -1 -1 -1 -1 -1 -1 -1 -1 -1 -1 14 -1 -1 -1 -1 30 -1 -1 17 -1 -1 -1 -1 -1 -1 -1 29 -1 -1 15 -1 -1 -1 26 -1 -1 -1 -1 -1 -1 -1 -1 -1 -1 -1 16 7 -1 -1 -1 -1 22 21 20 19 18 -1 -1 
-1 -1 -1 -1 4 5 6 -1 8 -1 -1 -1 -1 3 -1 -1 -1 -1 9 -1 24 -1 2 -1 10 -1 -1 11 -1 -1 -1 -1 -1 -1 -1 -1 -1 -1 -1 -1 -1 -1 14 -1 -1 -1 -1 30 -1 -1 17 -1 -1 -1 -1 -1 -1 -1 29 -1 -1 15 -1 -1 -1 26 -1 -1 -1 -1 -1 -1 -1 -1 -1 -1 -1 16 7 -1 -1 -1 -1 22 21 20 19 18 -1 -1 
-1 -1 -1 -1 4 5 6 -1 8 -1 -1 -1 -1 3 -1 -1 -1 -1 9 -1 10 -1 2 -1 -1 -1 -1 11 -1 -1 -1 -1 -1 -1 -1 -1 -1 -1 -1 -1 -1 -1 14 -1 -1 -1 -1 30 -1 -1 17 -1 -1 -1 -1 -1 -1 -1 29 -1 -1 15 -1 -1 -1 26 -1 -1 -1 -1 -1 -1 -1 -1 -1 -1 -1 16 7 -1 -1 -1 -1 22 21 20 19 18 -1 -1 
-1 -1 -1 -1 4 5 6 -1 8 -1 -1 -1 -1 3 -1 -1 -1 -1 9 -1 26 -1 2 -1 -1 -1 -1 11 -1 -1 -1 -1 -1 -1 -1 -1 -1 -1 -1 -1 -1 -1 14 -1 -1 -1 -1 30 -1 -1 17 -1 -1 -1 -1 -1 -1 -1 29 -1 -1 15 -1 -1 -1 -1 -1 -1 -1 -1 -1 -1 -1 -1 -1 -1 -1 16 7 -1 -1 -1 -1 22 21 20 19 18 -1 -1 
-1 -1 -1 -1 4 5 6 -1 -1 -1 -1 -1 -1 3 -1 -1 -1 -1 9 -1 26 -1 2 -1 -1 -1 -1 11 -1 -1 -1 -1 -1 -1 -1 -1 -1 -1 -1 -1 -1 -1 14 -1 -1 -1 -1 30 -1 -1 17 -1 -1 8 -1 -1 -1 -1 29 -1 -1 15 -1 -1 -1 -1 -1 -1 -1 -1 -1 -1 -1 -1 -1 -1 -1 16 7 -1 -1 -1 -1 22 21 20 19 18 -1 -1 
-1 -1 -1 -1 4 5 6 -1 -1 -1 -1 -1 -1 3 -1 -1 -1 -1 9 -1 26 -1 2 -1 -1 -1 -1 11 -1 -1 -1 -1 -1 -1 -1 -1 -1 -1 -1 17 -1 -1 14 -1 -1 -1 -1 30 -1 -1 -1 -1 -1 8 -1 -1 -1 -1 29 -1 -1 15 -1 -1 -1 -1 -1 -1 -1 -1 -1 -1 -1 -1 -1 -1 -1 16 7 -1 -1 -1 -1 22 21 20 19 18 -1 -1 
-1 -1 -1 -1 4 5 6 -1 -1 -1 -1 -1 -1 3 -1 -1 -1 -1 9 -1 26 -1 2 -1 -1 -1 -1 11 -1 -1 -1 -1 -1 -1 -1 -1 -1 -1 -1 17 -1 -1 14 -1 -1 -1 -1 30 8 -1 -1 -1 -1 -1 -1 -1 -1 -1 29 -1 -1 15 -1 -1 -1 -1 -1 -1 -1 -1 -1 -1 -1 -1 -1 -1 -1 16 7 -1 -1 -1 -1 22 21 20 19 18 -1 -1 
-1 -1 -1 -1 4 5 6 -1 -1 -1 -1 -1 -1 3 -1 -1 -1 -1 9 -1 26 -1 2 -1 -1 -1 -1 11 17 -1 -1 -1 -1 -1 -1 -1 -1 -1 -1 -1 -1 -1 14 -1 -1 -1 -1 30 8 -1 -1 -1 -1 -1 -1 -1 -1 -1 29 -1 -1 15 -1 -1 -1 -1 -1 -1 -1 -1 -1 -1 -1 -1 -1 -1 -1 16 7 -1 -1 -1 -1 22 21 20 19 18 -1 -1 
-1 -1 -1 -1 4 5 6 -1 -1 -1 -1 -1 -1 3 -1 -1 -1 -1 9 -1 26 -1 2 -1 -1 -1 -1 11 17 -1 8 -1 -1 -1 -1 -1 -1 -1 -1 -1 -1 -1 14 -1 -1 -1 -1 30 -1 -1 -1 -1 -1 -1 -1 -1 -1 -1 29 -1 -1 15 -1 -1 -1 -1 -1 -1 -1 -1 -1 -1 -1 -1 -1 -1 -1 16 7 -1 -1 -1 -1 22 21 20 19 18 -1 -1 
-1 -1 -1 -1 4 5 6 -1 -1 -1 -1 17 -1 3 -1 -1 -1 -1 9 -1 26 -1 2 -1 -1 -1 -1 11 -1 -1 8 -1 -1 -1 -1 -1 -1 -1 -1 -1 -1 -1 14 -1 -1 -1 -1 30 -1 -1 -1 -1 -1 -1 -1 -1 -1 -1 29 -1 -1 15 -1 -1 -1 -1 -1 -1 -1 -1 -1 -1 -1 -1 -1 -1 -1 16 7 -1 -1 -1 -1 22 21 20 19 18 -1 -1 
-1 -1 -1 4 -1 5 6 -1 -1 -1 -1 17 -1 3 -1 -1 -1 -1 9 -1 26 -1 2 -1 -1 -1 -1 11 -1 -1 8 -1 -1 -1 -1 -1 -1 -1 -1 -1 -1 -1 14 -1 -1 -1 -1 30 -1 -1 -1 -1 -1 -1 -1 -1 -1 -1 29 -1 -1 15 -1 -1 -1 -1 -1 -1 -1 -1 -1 -1 -1 -1 -1 -1 -1 16 7 -1 -1 -1 -1 22 21 20 19 18 -1 -1 
-1 -1 -1 4 -1 5 6 -1 -1 -1 -1 17 -1 3 -1 -1 -1 -1 9 -1 26 -1 2 -1 -1 -1 -1 11 -1 -1 8 -1 -1 -1 -1 -1 -1 -1 -1 -1 -1 -1 14 -1 -1 -1 -1 30 -1 -1 -1 -1 -1 -1 -1 -1 -1 -1 29 -1 -1 15 -1 -1 -1 -1 -1 -1 -1 -1 -1 -1 -1 -1 -1 -1 19 16 7 -1 -1 -1 -1 22 21 20 -1 18 -1 -1 
-1 -1 -1 4 -1 5 6 -1 -1 -1 -1 17 -1 3 -1 -1 -1 -1 9 -1 26 -1 2 -1 -1 -1 -1 11 -1 8 -1 -1 -1 -1 -1 -1 -1 -1 -1 -1 -1 -1 14 -1 -1 -1 -1 30 -1 -1 -1 -1 -1 -1 -1 -1 -1 -1 29 -1 -1 15 -1 -1 -1 -1 -1 -1 -1 -1 -1 -1 -1 -1 -1 -1 19 16 7 -1 -1 -1 -1 22 21 20 -1 18 -1 -1 
-1 -1 -1 4 -1 5 6 -1 -1 -1 -1 -1 -1 3 -1 -1 -1 -1 17 -1 26 -1 2 -1 -1 -1 -1 11 -1 8 -1 -1 -1 -1 -1 -1 -1 -1 -1 -1 -1 -1 14 -1 -1 -1 -1 30 -1 -1 -1 -1 -1 -1 -1 -1 -1 -1 29 -1 -1 15 -1 -1 -1 -1 -1 -1 -1 -1 -1 -1 -1 -1 -1 -1 19 16 7 -1 -1 -1 -1 22 21 20 -1 18 -1 -1 
-1 -1 -1 4 -1 5 6 -1 -1 -1 -1 0 -1 3 -1 -1 -1 -1 17 -1 -1 -1 2 -1 -1 -1 -1 11 -1 8 -1 -1 -1 -1 -1 -1 -1 -1 -1 -1 -1 -1 14 -1 -1 -1 -1 30 -1 -1 -1 -1 -1 -1 -1 -1 -1 -1 29 -1 -1 15 -1 -1 -1 -1 -1 -1 -1 -1 -1 -1 -1 -1 -1 -1 19 16 7 -1 -1 -1 -1 22 21 20 -1 18 -1 -1 
-1 17 -1 4 -1 5 6 -1 -1 -1 -1 0 -1 3 -1 -1 -1 -1 -1 -1 -1 -1 2 -1 -1 -1 -1 11 -1 8 -1 -1 -1 -1 -1 -1 -1 -1 -1 -1 -1 -1 14 -1 -1 -1 -1 30 -1 -1 -1 -1 -1 -1 -1 -1 -1 -1 29 -1 -1 15 -1 -1 -1 -1 -1 -1 -1 -1 -1 -1 -1 -1 -1 -1 19 16 7 -1 -1 -1 -1 22 21 20 -1 18 -1 -1 
-1 17 -1 4 -1 5 6 -1 -1 -1 0 -1 -1 3 -1 -1 -1 -1 -1 -1 -1 -1 2 -1 -1 -1 -1 11 -1 8 -1 -1 -1 -1 -1 -1 -1 -1 -1 -1 -1 -1 14 -1 -1 -1 -1 30 -1 -1 -1 -1 -1 -1 -1 -1 -1 -1 29 -1 -1 15 -1 -1 -1 -1 -1 -1 -1 -1 -1 -1 -1 -1 -1 -1 19 16 7 -1 -1 -1 -1 22 21 20 -1 18 -1 -1 
-1 17 -1 4 -1 5 6 -1 -1 -1 0 -1 -1 3 -1 -1 -1 -1 -1 -1 -1 -1 2 -1 -1 -1 -1 11 -1 8 -1 -1 -1 -1 -1 -1 -1 -1 -1 -1 -1 -1 14 -1 -1 -1 -1 30 -1 -1 -1 -1 -1 -1 -1 -1 -1 -1 29 -1 -1 15 -1 -1 -1 -1 -1 -1 -1 -1 -1 -1 -1 -1 -1 -1 19 -1 16 -1 -1 -1 -1 22 21 20 -1 18 -1 -1 
-1 17 -1 4 -1 5 6 -1 -1 -1 -1 -1 -1 3 -1 -1 -1 -1 -1 -1 -1 -1 2 -1 -1 -1 -1 11 -1 8 -1 -1 -1 -1 -1 -1 -1 -1 -1 -1 -1 -1 14 -1 -1 -1 -1 30 -1 -1 -1 -1 -1 -1 -1 -1 -1 -1 29 -1 -1 15 -1 -1 -1 -1 -1 -1 -1 -1 -1 -1 -1 -1 -1 -1 19 -1 16 -1 -1 -1 -1 22 21 20 -1 18 -1 -1 
-1 17 -1 4 -1 5 6 -1 -1 -1 -1 -1 -1 3 -1 -1 -1 -1 -1 -1 -1 -1 2 -1 -1 -1 -1 11 -1 8 -1 -1 -1 -1 -1 -1 -1 -1 -1 -1 -1 -1 14 -1 -1 -1 -1 30 -1 -1 -1 -1 -1 -1 -1 -1 -1 -1 29 -1 -1 15 -1 -1 -1 -1 -1 -1 -1 -1 -1 -1 -1 -1 -1 -1 19 -1 -1 16 -1 -1 -1 22 21 20 -1 18 -1 -1 
-1 17 -1 4 -1 5 6 -1 -1 -1 -1 -1 -1 3 -1 -1 -1 -1 -1 -1 -1 -1 2 -1 -1 -1 -1 11 -1 8 -1 -1 -1 -1 -1 -1 -1 -1 -1 -1 -1 -1 14 -1 -1 -1 -1 30 -1 -1 -1 -1 -1 -1 -1 -1 -1 -1 29 -1 15 -1 -1 -1 -1 -1 -1 -1 -1 -1 -1 -1 -1 -1 -1 -1 19 -1 -1 16 -1 -1 -1 22 21 20 -1 18 -1 -1 
-1 17 -1 4 -1 5 6 -1 -1 -1 -1 -1 -1 3 -1 -1 -1 -1 -1 -1 -1 -1 2 -1 -1 -1 -1 11 -1 8 -1 -1 -1 -1 16 -1 -1 -1 -1 -1 -1 -1 14 -1 -1 -1 -1 30 -1 -1 -1 -1 -1 -1 -1 -1 -1 -1 29 -1 15 -1 -1 -1 -1 -1 -1 -1 -1 -1 -1 -1 -1 -1 -1 -1 19 -1 -1 -1 -1 -1 -1 22 21 20 -1 18 -1 -1 
