0 1 2 3 4 5 6 7 8 -1 -1 -1 -1 -1 -1 -1 -1 -1 -1 9 -1 -1 -1 -1 -1 10 -1 11 -1 12 -1 28 -1 14 -1 15 -1 -1 -1 -1 -1 -1 -1 -1 -1 -1 -1 30 -1 -1 -1 -1 -1 -1 -1 -1 -1 -1 29 -1 -1 -1 27 -1 26 -1 -1 -1 -1 -1 25 -1 -1 -1 -1 -1 -1 -1 -1 -1 -1 24 31 22 21 20 19 18 17 16 
0 1 -1 3 4 5 6 7 8 -1 -1 -1 -1 -1 -1 -1 -1 -1 -1 9 -1 -1 2 -1 -1 10 -1 11 -1 12 -1 28 -1 14 -1 15 -1 -1 -1 -1 -1 -1 -1 -1 -1 -1 -1 30 -1 -1 -1 -1 -1 -1 -1 -1 -1 -1 29 -1 -1 -1 27 -1 26 -1 -1 -1 -1 -1 25 -1 -1 -1 -1 -1 -1 -1 -1 -1 -1 24 31 22 21 20 19 18 17 16 
0 1 -1 3 4 5 6 7 8 -1 -1 -1 -1 -1 -1 -1 -1 -1 -1 9 -1 -1 2 -1 -1 10 -1 11 -1 12 -1 28 -1 14 -1 15 -1 -1 -1 -1 -1 -1 -1 -1 -1 -1 -1 30 -1 -1 -1 -1 -1 -1 -1 -1 -1 -1 29 -1 -1 -1 27 -1 -1 -1 -1 26 -1 -1 25 -1 -1 -1 -1 -1 -1 -1 -1 -1 -1 24 31 22 21 20 19 18 17 16 
0 1 -1 3 4 5 6 -1 8 -1 -1 -1 -1 -1 -1 -1 -1 -1 -1 9 -1 -1 2 -1 7 10 -1 11 -1 12 -1 28 -1 14 -1 15 -1 -1 -1 -1 -1 -1 -1 -1 -1 -1 -1 30 -1 -1 -1 -1 -1 -1 -1 -1 -1 -1 29 -1 -1 -1 27 -1 -1 -1 -1 26 -1 -1 25 -1 -1 -1 -1 -1 -1 -1 -1 -1 -1 24 31 22 21 20 19 18 17 16 
0 1 -1 3 4 5 6 -1 8 -1 -1 -1 -1 -1 -1 -1 -1 -1 -1 9 -1 -1 2 -1 7 10 -1 11 -1 12 -1 28 -1 14 -1 15 -1 -1 -1 -1 -1 -1 -1 -1 -1 -1 -1 30 -1 -1 -1 -1 -1 -1 -1 -1 -1 -1 29 -1 -1 -1 27 -1 -1 -1 -1 26 -1 -1 25 17 -1 -1 -1 -1 -1 -1 -1 -1 -1 24 31 22 21 20 19 18 -1 16 
0 -1 -1 3 4 5 6 -1 8 -1 -1 -1 1 -1 -1 -1 -1 -1 -1 9 -1 -1 2 -1 7 10 -1 11 -1 12 -1 28 -1 14 -1 15 -1 -1 -1 -1 -1 -1 -1 -1 -1 -1 -1 30 -1 -1 -1 -1 -1 -1 -1 -1 -1 -1 29 -1 -1 -1 27 -1 -1 -1 -1 26 -1 -1 25 17 -1 -1 -1 -1 -1 -1 -1 -1 -1 24 31 22 21 20 19 18 -1 16 
0 -1 -1 3 4 5 6 -1 8 -1 -1 -1 1 -1 -1 -1 -1 -1 -1 9 -1 -1 2 -1 7 10 -1 11 -1 12 -1 28 -1 14 -1 15 -1 -1 -1 -1 -1 -1 -1 -1 -1 -1 -1 30 -1 -1 -1 -1 -1 -1 -1 -1 -1 -1 29 -1 -1 -1 27 -1 -1 -1 -1 26 -1 -1 25 17 -1 -1 -1 -1 -1 -1 -1 -1 16 24 31 22 21 20 19 18 -1 -1 
-1 -1 0 3 4 5 6 -1 8 -1 -1 -1 1 -1 -1 -1 -1 -1 -1 9 -1 -1 2 -1 7 10 -1 11 -1 12 -1 28 -1 14 -1 15 -1 -1 -1 -1 -1 -1 -1 -1 -1 -1 -1 30 -1 -1 -1 -1 -1 -1 -1 -1 -1 -1 29 -1 -1 -1 27 -1 -1 -1 -1 26 -1 -1 25 17 -1 -1 -1 -1 -1 -1 -1 -1 16 24 31 22 21 20 19 18 -1 -1 
-1 -1 0 3 4 5 6 -1 8 -1 -1 -1 1 -1 -1 -1 -1 -1 -1 9 -1 -1 2 -1 7 10 -1 11 -1 12 -1 28 -1 14 -1 15 -1 -1 -1 -1 -1 -1 -1 -1 -1 -1 -1 30 -1 -1 -1 -1 -1 -1 -1 -1 -1 -1 29 -1 -1 -1 27 -1 -1 -1 -1 26 -1 -1 25 17 -1 -1 -1 16 -1 -1 -1 -1 -1 24 31 22 21 20 19 18 -1 -1 
-1 -1 0 3 4 5 6 -1 -1 -1 -1 -1 1 -1 -1 -1 -1 8 -1 9 -1 -1 2 -1 7 10 -1 11 -1 12 -1 28 -1 14 -1 15 -1 -1 -1 -1 -1 -1 -1 -1 -1 -1 -1 30 -1 -1 -1 -1 -1 -1 -1 -1 -1 -1 29 -1 -1 -1 27 -1 -1 -1 -1 26 -1 -1 25 17 -1 -1 -1 16 -1 -1 -1 -1 -1 24 31 22 21 20 19 18 -1 -1 
-1 -1 0 3 4 5 6 -1 -1 -1 -1 -1 1 -1 -1 -1 -1 8 -1 9 -1 -1 2 -1 7 10 -1 11 -1 12 -1 28 -1 14 -1 15 -1 -1 -1 -1 -1 -1 -1 -1 -1 -1 -1 30 -1 -1 -1 -1 -1 -1 -1 -1 -1 -1 29 -1 -1 -1 27 24 -1 -1 -1 26 -1 -1 25 17 -1 -1 -1 16 -1 -1 -1 -1 -1 -1 31 22 21 20 19 18 -1 -1 
-1 -1 0 3 4 5 6 -1 -1 -1 -1 -1 1 -1 -1 -1 -1 8 -1 9 -1 -1 2 -1 7 -1 -1 11 -1 12 -1 28 -1 14 -1 15 -1 -1 -1 -1 -1 -1 -1 -1 -1 -1 -1 30 -1 -1 -1 -1 -1 -1 -1 -1 -1 -1 29 -1 -1 10 27 24 -1 -1 -1 26 -1 -1 25 17 -1 -1 -1 16 -1 -1 -1 -1 -1 -1 31 22 21 20 19 18 -1 -1 
-1 -1 0 3 4 5 6 -1 -1 -1 -1 -1 1 -1 -1 -1 -1 8 -1 9 -1 -1 2 -1 7 -1 -1 11 -1 12 -1 28 -1 14 -1 15 -1 -1 -1 -1 -1 -1 -1 -1 -1 -1 -1 30 -1 -1 -1 28 -1 -1 -1 -1 -1 -1 29 -1 -1 10 27 24 -1 -1 -1 26 -1 -1 25 17 -1 -1 -1 16 -1 -1 -1 -1 -1 -1 31 22 21 20 19 18 -1 -1 
-1 -1 0 3 4 5 6 -1 -1 -1 -1 -1 -1 -1 -1 -1 -1 8 -1 9 -1 -1 2 1 7 -1 -1 11 -1 12 -1 28 -1 14 -1 15 -1 -1 -1 -1 -1 -1 -1 -1 -1 -1 -1 30 -1 -1 -1 28 -1 -1 -1 -1 -1 -1 29 -1 -1 10 27 24 -1 -1 -1 26 -1 -1 25 17 -1 -1 -1 16 -1 -1 -1 -1 -1 -1 31 22 21 20 19 18 -1 -1 
-1 -1 0 3 4 5 6 -1 -1 -1 -1 -1 -1 -1 -1 -1 -1 8 -1 9 -1 -1 2 1 7 -1 -1 11 -1 12 -1 26 -1 14 -1 15 -1 -1 -1 -1 -1 -1 -1 -1 -1 -1 -1 30 -1 -1 -1 28 -1 -1 -1 -1 -1 -1 29 -1 -1 10 27 24 -1 -1 -1 -1 -1 -1 25 17 -1 -1 -1 16 -1 -1 -1 -1 -1 -1 31 22 21 20 19 18 -1 -1 
-1 -1 0 3 4 -1 6 -1 -1 -1 -1 -1 -1 5 -1 -1 -1 8 -1 9 -1 -1 2 1 7 -1 -1 11 -1 12 -1 26 -1 14 -1 15 -1 -1 -1 -1 -1 -1 -1 -1 -1 -1 -1 30 -1 -1 -1 28 -1 -1 -1 -1 -1 -1 29 -1 -1 10 27 24 -1 -1 -1 -1 -1 -1 25 17 -1 -1 -1 16 -1 -1 -1 -1 -1 -1 31 22 21 20 19 18 -1 -1 
-1 -1 0 3 4 -1 6 -1 -1 -1 -1 -1 -1 5 -1 -1 -1 8 -1 9 -1 -1 2 1 7 -1 -1 11 -1 12 -1 26 -1 14 -1 15 -1 -1 -1 16 -1 -1 -1 -1 -1 -1 -1 30 -1 -1 -1 28 -1 -1 -1 -1 -1 -1 29 -1 -1 10 27 24 -1 -1 -1 -1 -1 -1 25 17 -1 -1 -1 -1 -1 -1 -1 -1 -1 -1 31 22 21 20 19 18 -1 -1 
-1 -1 0 3 4 -1 6 -1 -1 -1 -1 -1 -1 5 -1 -1 -1 8 -1 9 -1 -1 2 1 7 -1 -1 11 -1 12 -1 26 -1 -1 -1 15 -1 -1 -1 16 -1 -1 14 -1 -1 -1 -1 30 -1 -1 -1 28 -1 -1 -1 -1 -1 -1 29 -1 -1 10 27 24 -1 -1 -1 -1 -1 -1 25 17 -1 -1 -1 -1 -1 -1 -1 -1 -1 -1 31 22 21 20 19 18 -1 -1 
-1 -1 0 3 4 -1 6 -1 -1 -1 -1 -1 -1 5 -1 -1 -1 8 -1 9 -1 -1 2 1 7 -1 -1 11 -1 12 -1 26 -1 -1 -1 15 -1 -1 -1 16 -1 -1 14 -1 -1 -1 -1 30 -1 -1 -1 28 -1 -1 -1 -1 -1 -1 29 -1 -1 10 27 24 -1 -1 -1 25 -1 -1 -1 17 -1 -1 -1 -1 -1 -1 -1 -1 -1 -1 31 22 21 20 19 18 -1 -1 
-1 -1 0 3 4 -1 6 -1 -1 -1 -1 -1 -1 5 -1 -1 -1 8 -1 9 -1 -1 2 1 7 -1 -1 11 -1 12 -1 26 -1 -1 -1 15 -1 -1 -1 16 -1 -1 14 10 -1 -1 -1 30 -1 -1 -1 28 -1 -1 -1 -1 -1 -1 29 -1 -1 -1 27 24 -1 -1 -1 25 -1 -1 -1 17 -1 -1 -1 -1 -1 -1 -1 -1 -1 -1 31 22 21 20 19 18 -1 -1 
-1 -1 0 3 4 -1 6 -1 -1 -1 -1 -1 -1 5 -1 -1 -1 8 -1 9 -1 -1 2 1 7 -1 -1 11 -1 12 -1 26 -1 -1 -1 15 -1 -1 -1 -1 -1 -1 14 10 -1 -1 -1 30 16 -1 -1 28 -1 -1 -1 -1 -1 -1 29 -1 -1 -1 27 24 -1 -1 -1 25 -1 -1 -1 17 -1 -1 -1 -1 -1 -1 -1 -1 -1 -1 31 22 21 20 19 18 -1 -1 
-1 -1 0 3 4 -1 6 -1 -1 -1 -1 -1 -1 5 -1 -1 8 -1 -1 9 -1 -1 2 1 7 -1 -1 11 -1 12 -1 26 -1 -1 -1 15 -1 -1 -1 -1 -1 -1 14 10 -1 -1 -1 30 16 -1 -1 28 -1 -1 -1 -1 -1 -1 29 -1 -1 -1 27 24 -1 -1 -1 25 -1 -1 -1 17 -1 -1 -1 -1 -1 -1 -1 -1 -1 -1 31 22 21 20 19 18 -1 -1 
-1 -1 0 3 4 -1 6 -1 -1 -1 -1 -1 -1 5 -1 -1 8 -1 -1 9 -1 -1 2 1 7 -1 -1 11 -1 12 -1 26 -1 -1 -1 15 -1 -1 -1 -1 -1 -1 14 10 -1 -1 -1 30 16 -1 -1 28 -1 -1 -1 -1 -1 -1 29 -1 -1 -1 27 -1 24 -1 -1 25 -1 -1 -1 17 -1 -1 -1 -1 -1 -1 -1 -1 -1 -1 31 22 21 20 19 18 -1 -1 
-1 -1 0 3 4 -1 6 -1 -1 -1 -1 -1 -1 5 -1 -1 8 -1 -1 -1 -1 -1 2 1 7 -1 -1 11 -1 12 -1 26 -1 -1 -1 15 -1 9 -1 -1 -1 -1 14 10 -1 -1 -1 30 16 -1 -1 28 -1 -1 -1 -1 -1 -1 29 -1 -1 -1 27 -1 24 -1 -1 25 -1 -1 -1 17 -1 -1 -1 -1 -1 -1 -1 -1 -1 -1 31 22 21 20 19 18 -1 -1 
-1 -1 0 3 4 -1 6 -1 -1 -1 -1 -1 -1 5 -1 -1 8 -1 -1 -1 -1 -1 2 1 7 -1 -1 11 -1 12 -1 26 -1 -1 -1 15 -1 9 -1 -1 -1 -1 14 10 -1 -1 -1 30 -1 -1 16 28 -1 -1 -1 -1 -1 -1 29 -1 -1 -1 27 -1 24 -1 -1 25 -1 -1 -1 17 -1 -1 -1 -1 -1 -1 -1 -1 -1 -1 31 22 21 20 19 18 -1 -1 
-1 -1 0 3 4 -1 6 -1 -1 -1 -1 -1 -1 5 -1 -1 8 -1 -1 -1 -1 -1 2 -1 7 -1 -1 11 -1 12 -1 26 -1 -1 -1 15 -1 9 -1 -1 1 -1 14 10 -1 -1 -1 30 -1 -1 16 28 -1 -1 -1 -1 -1 -1 29 -1 -1 -1 27 -1 24 -1 -1 25 -1 -1 -1 17 -1 -1 -1 -1 -1 -1 -1 -1 -1 -1 31 22 21 20 19 18 -1 -1 
-1 -1 0 3 4 -1 6 -1 -1 -1 -1 -1 -1 5 -1 -1 8 -1 -1 -1 -1 -1 2 16 7 -1 -1 11 -1 12 -1 26 -1 -1 -1 15 -1 9 -1 -1 1 -1 14 10 -1 -1 -1 30 -1 -1 -1 28 -1 -1 -1 -1 -1 -1 29 -1 -1 -1 27 -1 24 -1 -1 25 -1 -1 -1 17 -1 -1 -1 -1 -1 -1 -1 -1 -1 -1 31 22 21 20 19 18 -1 -1 
-1 -1 0 3 4 -1 6 -1 -1 -1 -1 -1 -1 5 -1 -1 8 -1 -1 -1 -1 -1 2 16 7 -1 -1 11 -1 12 -1 26 -1 -1 -1 15 -1 9 -1 -1 -1 -1 14 10 -1 -1 -1 30 -1 -1 -1 1 -1 -1 -1 -1 -1 -1 29 -1 -1 -1 27 -1 24 -1 -1 25 -1 -1 -1 17 -1 -1 -1 -1 -1 -1 -1 -1 -1 -1 31 22 21 20 19 18 -1 -1 
-1 -1 0 3 4 -1 6 -1 -1 -1 -1 -1 -1 5 -1 -1 8 -1 -1 -1 -1 -1 2 -1 16 -1 -1 11 -1 12 -1 26 -1 -1 -1 15 -1 9 -1 -1 -1 -1 14 10 -1 -1 -1 30 -1 -1 -1 1 -1 -1 -1 -1 -1 -1 29 -1 -1 -1 27 -1 24 -1 -1 25 -1 -1 -1 17 -1 -1 -1 -1 -1 -1 -1 -1 -1 -1 31 22 21 20 19 18 -1 -1 
-1 -1 0 3 4 -1 6 -1 -1 -1 -1 -1 -1 5 -1 -1 8 -1 -1 -1 -1 -1 2 -1 16 -1 -1 11 -1 12 -1 26 -1 -1 -1 15 -1 9 -1 -1 -1 -1 14 10 -1 -1 -1 30 -1 -1 -1 -1 -1 -1 -1 -1 -1 -1 29 -1 -1 -1 27 -1 24 -1 -1 25 1 -1 -1 17 -1 -1 -1 -1 -1 -1 -1 -1 -1 -1 31 22 21 20 19 18 -1 -1 
-1 -1 0 3 4 -1 6 -1 -1 -1 -1 -1 -1 5 -1 -1 8 -1 -1 -1 -1 -1 2 -1 16 -1 -1 11 -1 12 -1 26 -1 -1 -1 15 -1 9 -1 -1 -1 -1 14 10 -1 -1 -1 30 -1 -1 -1 -1 -1 -1 -1 -1 -1 -1 29 -1 -1 -1 27 -1 24 -1 -1 25 1 -1 -1 17 -1 -1 -1 -1 20 -1 -1 -1 -1 -1 31 22 21 -1 19 18 -1 -1 
-1 -1 0 3 -1 4 6 -1 -1 -1 -1 -1 -1 5 -1 -1 8 -1 -1 -1 -1 -1 2 -1 16 -1 -1 11 -1 12 -1 26 -1 -1 -1 15 -1 9 -1 -1 -1 -1 14 10 -1 -1 -1 30 -1 -1 -1 -1 -1 -1 -1 -1 -1 -1 29 -1 -1 -1 27 -1 24 -1 -1 25 1 -1 -1 17 -1 -1 -1 -1 20 -1 -1 -1 -1 -1 31 22 21 -1 19 18 -1 -1 
-1 -1 0 3 -1 4 6 -1 -1 -1 -1 -1 -1 5 -1 -1 8 -1 -1 -1 -1 -1 2 -1 -1 -1 -1 11 -1 12 -1 26 -1 16 -1 15 -1 9 -1 -1 -1 -1 14 10 -1 -1 -1 30 -1 -1 -1 -1 -1 -1 -1 -1 -1 -1 29 -1 -1 -1 27 -1 24 -1 -1 25 1 -1 -1 17 -1 -1 -1 -1 20 -1 -1 -1 -1 -1 31 22 21 -1 19 18 -1 -1 
-1 -1 0 3 -1 4 6 -1 -1 -1 -1 -1 -1 5 -1 -1 8 -1 -1 -1 -1 -1 2 -1 -1 -1 -1 11 -1 12 -1 26 -1 16 -1 15 -1 -1 -1 -1 -1 9 14 10 -1 -1 -1 30 -1 -1 -1 -1 -1 -1 -1 -1 -1 -1 29 -1 -1 -1 27 -1 24 -1 -1 25 1 -1 -1 17 -1 -1 -1 -1 20 -1 -1 -1 -1 -1 31 22 21 -1 19 18 -1 -1 
-1 -1 0 3 -1 4 6 -1 -1 -1 -1 -1 -1 5 -1 -1 8 -1 -1 -1 -1 -1 2 -1 -1 -1 -1 11 -1 12 -1 -1 26 16 -1 15 -1 -1 -1 -1 -1 9 14 10 -1 -1 -1 30 -1 -1 -1 -1 -1 -1 -1 -1 -1 -1 29 -1 -1 -1 27 -1 24 -1 -1 25 1 -1 -1 17 -1 -1 -1 -1 20 -1 -1 -1 -1 -1 31 22 21 -1 19 18 -1 -1 
-1 -1 0 3 -1 4 6 -1 -1 -1 -1 -1 -1 5 -1 -1 8 -1 -1 -1 -1 -1 2 -1 -1 -1 -1 11 -1 12 -1 -1 26 16 -1 15 -1 -1 -1 -1 9 -1 14 10 -1 -1 -1 30 -1 -1 -1 -1 -1 -1 -1 -1 -1 -1 29 -1 -1 -1 27 -1 24 -1 -1 25 1 -1 -1 17 -1 -1 -1 -1 20 -1 -1 -1 -1 -1 31 22 21 -1 19 18 -1 -1 
-1 -1 0 3 -1 4 6 -1 -1 -1 -1 -1 -1 5 -1 -1 8 -1 -1 -1 -1 -1 2 -1 -1 -1 -1 11 -1 12 -1 -1 26 -1 -1 15 -1 -1 -1 -1 9 -1 16 10 -1 -1 -1 30 -1 -1 -1 -1 -1 -1 -1 -1 -1 -1 29 -1 -1 -1 27 -1 24 -1 -1 25 1 -1 -1 17 -1 -1 -1 -1 20 -1 -1 -1 -1 -1 31 22 21 -1 19 18 -1 -1 
-1 -1 0 3 -1 4 6 -1 -1 -1 -1 -1 -1 5 -1 -1 8 -1 -1 -1 -1 -1 2 -1 -1 -1 -1 11 -1 12 -1 -1 26 -1 -1 15 -1 -1 -1 -1 9 -1 16 -1 10 -1 -1 30 -1 -1 -1 -1 -1 -1 -1 -1 -1 -1 29 -1 -1 -1 27 -1 24 -1 -1 25 1 -1 -1 17 -1 -1 -1 -1 20 -1 -1 -1 -1 -1 31 22 21 -1 19 18 -1 -1 
-1 -1 0 3 -1 4 6 -1 -1 -1 -1 -1 -1 5 -1 -1 8 -1 -1 -1 -1 -1 2 -1 -1 -1 -1 11 -1 12 -1 -1 26 -1 -1 15 -1 -1 -1 -1 9 -1 16 -1 10 -1 -1 30 -1 -1 -1 -1 -1 -1 -1 -1 -1 -1 29 -1 17 -1 27 -1 24 -1 -1 25 1 -1 -1 -1 -1 -1 -1 -1 20 -1 -1 -1 -1 -1 31 22 21 -1 19 18 -1 -1 
-1 -1 0 3 -1 4 6 -1 -1 -1 -1 -1 -1 5 -1 -1 8 -1 -1 -1 -1 -1 2 -1 -1 -1 -1 11 -1 12 -1 -1 26 -1 -1 15 -1 -1 -1 -1 -1 -1 16 -1 10 -1 -1 30 -1 -1 -1 -1 -1 -1 -1 -1 -1 -1 29 -1 17 -1 27 -1 24 -1 -1 9 1 -1 -1 -1 -1 -1 -1 -1 20 -1 -1 -1 -1 -1 31 22 21 -1 19 18 -1 -1 
-1 -1 0 3 -1 4 6 -1 -1 -1 -1 -1 -1 5 -1 -1 8 -1 -1 -1 -1 -1 2 -1 -1 -1 -1 11 -1 12 -1 -1 26 -1 -1 15 -1 -1 -1 -1 -1 -1 16 -1 10 -1 -1 30 -1 -1 -1 -1 -1 -1 -1 -1 -1 -1 29 -1 17 -1 27 -1 -1 -1 -1 24 1 -1 -1 -1 -1 -1 -1 -1 20 -1 -1 -1 -1 -1 31 22 21 -1 19 18 -1 -1 
-1 -1 0 3 -1 4 6 -1 -1 -1 -1 -1 -1 5 -1 -1 8 -1 -1 -1 -1 -1 2 -1 -1 -1 -1 11 -1 12 -1 -1 26 -1 -1 15 -1 -1 -1 -1 -1 -1 16 -1 10 -1 -1 30 -1 -1 -1 -1 -1 -1 -1 -1 -1 -1 29 -1 17 1 27 -1 -1 -1 -1 24 -1 -1 -1 -1 -1 -1 -1 -1 20 -1 -1 -1 -1 -1 31 22 21 -1 19 18 -1 -1 
-1 -1 0 3 -1 4 6 -1 -1 -1 -1 -1 -1 5 -1 -1 8 -1 -1 -1 -1 -1 2 -1 -1 -1 -1 11 -1 12 -1 -1 26 -1 -1 15 -1 -1 -1 -1 -1 -1 -1 16 10 -1 -1 30 -1 -1 -1 -1 -1 -1 -1 -1 -1 -1 29 -1 17 1 27 -1 -1 -1 -1 24 -1 -1 -1 -1 -1 -1 -1 -1 20 -1 -1 -1 -1 -1 31 22 21 -1 19 18 -1 -1 
-1 -1 0 3 -1 4 6 -1 -1 -1 -1 -1 -1 5 -1 -1 -1 -1 -1 -1 -1 -1 2 -1 -1 -1 -1 11 -1 12 -1 -1 26 -1 -1 15 -1 -1 -1 -1 -1 -1 -1 8 10 -1 -1 30 -1 -1 -1 -1 -1 -1 -1 -1 -1 -1 29 -1 17 1 27 -1 -1 -1 -1 24 -1 -1 -1 -1 -1 -1 -1 -1 20 -1 -1 -1 -1 -1 31 22 21 -1 19 18 -1 -1 
-1 -1 0 3 -1 4 6 -1 -1 -1 -1 -1 -1 5 -1 -1 -1 -1 -1 -1 -1 -1 2 -1 -1 -1 -1 11 -1 12 -1 -1 26 -1 -1 15 -1 -1 -1 -1 -1 -1 -1 17 10 -1 -1 30 -1 -1 -1 -1 -1 -1 -1 -1 -1 -1 29 -1 -1 1 27 -1 -1 -1 -1 24 -1 -1 -1 -1 -1 -1 -1 -1 20 -1 -1 -1 -1 -1 31 22 21 -1 19 18 -1 -1 
-1 -1 0 3 -1 4 6 -1 -1 -1 -1 -1 -1 5 -1 -1 -1 -1 -1 -1 -1 -1 2 -1 -1 -1 -1 11 -1 12 -1 -1 26 -1 -1 15 -1 -1 -1 -1 -1 -1 -1 17 10 -1 -1 30 -1 -1 -1 -1 -1 -1 -1 -1 -1 -1 29 -1 -1 -1 27 -1 -1 -1 -1 24 -1 -1 -1 -1 -1 -1 -1 -1 20 -1 1 -1 -1 -1 31 22 21 -1 19 18 -1 -1 
-1 -1 0 3 -1 4 6 -1 -1 -1 -1 -1 -1 5 -1 -1 -1 -1 -1 -1 -1 -1 2 -1 -1 -1 -1 11 -1 12 -1 -1 26 -1 -1 15 -1 -1 -1 -1 -1 -1 -1 17 10 -1 -1 30 -1 -1 -1 -1 -1 -1 -1 -1 -1 -1 29 -1 -1 -1 27 -1 -1 -1 -1 -1 -1 24 -1 -1 -1 -1 -1 -1 20 -1 1 -1 -1 -1 31 22 21 -1 19 18 -1 -1 
-1 0 -1 3 -1 4 6 -1 -1 -1 -1 -1 -1 5 -1 -1 -1 -1 -1 -1 -1 -1 2 -1 -1 -1 -1 11 -1 12 -1 -1 26 -1 -1 15 -1 -1 -1 -1 -1 -1 -1 17 10 -1 -1 30 -1 -1 -1 -1 -1 -1 -1 -1 -1 -1 29 -1 -1 -1 27 -1 -1 -1 -1 -1 -1 24 -1 -1 -1 -1 -1 -1 20 -1 1 -1 -1 -1 31 22 21 -1 19 18 -1 -1 
-1 0 -1 3 -1 4 6 -1 -1 -1 -1 -1 -1 5 -1 -1 -1 -1 -1 -1 -1 -1 2 -1 -1 -1 -1 11 -1 12 -1 -1 -1 -1 -1 15 -1 -1 -1 -1 -1 -1 -1 17 10 -1 -1 30 -1 -1 -1 -1 -1 -1 -1 -1 -1 -1 29 -1 -1 -1 27 -1 -1 -1 -1 -1 -1 24 -1 -1 -1 -1 -1 -1 20 26 1 -1 -1 -1 31 22 21 -1 19 18 -1 -1 
-1 -1 -1 3 -1 4 6 -1 -1 -1 -1 -1 -1 5 -1 -1 -1 -1 -1 -1 -1 -1 2 -1 -1 -1 -1 11 -1 12 -1 -1 -1 -1 -1 15 -1 -1 -1 -1 -1 -1 -1 17 10 -1 -1 30 -1 -1 -1 -1 -1 -1 -1 -1 -1 -1 29 -1 -1 -1 27 -1 -1 -1 -1 -1 -1 24 -1 -1 -1 -1 -1 -1 20 26 1 -1 -1 -1 0 22 21 -1 19 18 -1 -1 
-1 -1 -1 3 -1 4 6 -1 -1 -1 -1 -1 -1 5 -1 -1 -1 -1 -1 -1 -1 -1 2 -1 -1 -1 -1 11 -1 12 -1 -1 -1 -1 -1 15 -1 -1 -1 -1 -1 -1 -1 17 10 -1 -1 30 -1 -1 -1 -1 -1 27 -1 -1 -1 -1 29 -1 -1 -1 -1 -1 -1 -1 -1 -1 -1 24 -1 -1 -1 -1 -1 -1 20 26 1 -1 -1 -1 0 22 21 -1 19 18 -1 -1 
-1 -1 -1 3 -1 4 6 -1 -1 -1 -1 -1 -1 5 -1 -1 -1 -1 -1 -1 -1 -1 2 -1 -1 -1 -1 11 -1 12 -1 -1 -1 -1 -1 15 -1 -1 -1 -1 -1 -1 -1 17 10 -1 -1 30 -1 -1 -1 -1 -1 27 -1 0 -1 -1 29 -1 -1 -1 -1 -1 -1 -1 -1 -1 -1 24 -1 -1 -1 -1 -1 -1 20 26 1 -1 -1 -1 -1 22 21 -1 19 18 -1 -1 
-1 -1 -1 3 -1 4 6 -1 -1 -1 -1 -1 -1 5 -1 -1 -1 -1 -1 -1 -1 -1 2 -1 -1 -1 -1 11 -1 12 -1 -1 -1 -1 -1 15 -1 -1 -1 -1 -1 -1 -1 17 10 -1 -1 30 -1 -1 -1 -1 -1 27 -1 0 -1 -1 29 -1 -1 -1 -1 -1 -1 -1 -1 -1 -1 -1 -1 -1 -1 -1 -1 -1 20 26 24 -1 -1 -1 -1 22 21 -1 19 18 -1 -1 
-1 -1 -1 3 -1 4 6 -1 -1 -1 -1 -1 -1 5 -1 -1 -1 -1 -1 -1 -1 -1 2 -1 -1 -1 -1 11 -1 12 -1 -1 -1 -1 -1 15 -1 -1 -1 -1 -1 -1 -1 17 10 -1 -1 30 -1 -1 -1 -1 -1 27 -1 -1 -1 -1 0 -1 -1 -1 -1 -1 -1 -1 -1 -1 -1 -1 -1 -1 -1 -1 -1 -1 20 26 24 -1 -1 -1 -1 22 21 -1 19 18 -1 -1 
-1 -1 -1 3 -1 4 6 -1 -1 -1 -1 -1 -1 5 -1 -1 -1 -1 -1 -1 -1 -1 2 -1 -1 -1 -1 11 -1 12 -1 -1 -1 -1 -1 15 -1 -1 -1 -1 -1 -1 -1 17 10 -1 -1 30 -1 -1 -1 -1 -1 27 -1 -1 -1 -1 0 -1 -1 -1 -1 -1 -1 -1 -1 22 -1 -1 -1 -1 -1 -1 -1 -1 20 26 24 -1 -1 -1 -1 -1 21 -1 19 18 -1 -1 
