0 1 2 3 4 5 6 7 8 -1 -1 -1 -1 -1 -1 -1 -1 -1 -1 9 -1 -1 -1 -1 -1 10 -1 11 -1 12 -1 28 -1 14 -1 15 -1 -1 -1 -1 -1 -1 -1 -1 -1 -1 -1 30 -1 -1 -1 -1 -1 -1 -1 -1 -1 -1 29 -1 -1 -1 27 -1 26 -1 -1 -1 -1 -1 25 -1 -1 -1 -1 -1 -1 -1 -1 -1 -1 24 31 22 21 20 19 18 17 16 
0 1 -1 3 4 5 6 7 8 -1 -1 -1 -1 -1 -1 -1 -1 -1 -1 9 -1 -1 2 -1 -1 10 -1 11 -1 12 -1 28 -1 14 -1 15 -1 -1 -1 -1 -1 -1 -1 -1 -1 -1 -1 30 -1 -1 -1 -1 -1 -1 -1 -1 -1 -1 29 -1 -1 -1 27 -1 26 -1 -1 -1 -1 -1 25 -1 -1 -1 -1 -1 -1 -1 -1 -1 -1 24 31 22 21 20 19 18 17 16 
0 1 -1 3 4 5 6 7 8 -1 -1 -1 -1 -1 -1 -1 -1 -1 -1 9 -1 -1 2 -1 -1 10 -1 11 -1 12 -1 28 -1 14 -1 15 -1 -1 -1 -1 -1 -1 -1 -1 -1 -1 -1 30 -1 -1 -1 -1 -1 -1 -1 -1 -1 -1 29 -1 -1 -1 27 -1 26 23 -1 -1 -1 -1 25 -1 -1 -1 -1 -1 -1 -1 -1 -1 -1 24 -1 22 21 20 19 18 17 16 
0 1 -1 3 4 5 6 7 8 -1 -1 -1 -1 -1 -1 -1 -1 -1 -1 9 -1 -1 2 -1 -1 10 -1 11 -1 12 -1 28 -1 -1 -1 15 -1 -1 -1 -1 -1 -1 14 -1 -1 -1 -1 30 -1 -1 -1 -1 -1 -1 -1 -1 -1 -1 29 -1 -1 -1 27 -1 26 23 -1 -1 -1 -1 25 -1 -1 -1 -1 -1 -1 -1 -1 -1 -1 24 -1 22 21 20 19 18 17 16 
0 1 -1 3 4 5 6 7 8 -1 -1 -1 -1 -1 -1 -1 -1 -1 -1 9 -1 -1 2 -1 -1 10 -1 11 -1 12 -1 28 -1 -1 -1 15 -1 -1 -1 -1 -1 -1 14 -1 -1 -1 -1 30 -1 -1 -1 -1 -1 -1 -1 -1 -1 -1 29 -1 -1 -1 27 26 -1 23 -1 -1 -1 -1 25 -1 -1 -1 -1 -1 -1 -1 -1 -1 -1 24 -1 22 21 20 19 18 17 16 
0 -1 -1 3 4 5 6 7 8 -1 -1 -1 -1 -1 -1 -1 -1 -1 -1 9 1 -1 2 -1 -1 10 -1 11 -1 12 -1 28 -1 -1 -1 15 -1 -1 -1 -1 -1 -1 14 -1 -1 -1 -1 30 -1 -1 -1 -1 -1 -1 -1 -1 -1 -1 29 -1 -1 -1 27 26 -1 23 -1 -1 -1 -1 25 -1 -1 -1 -1 -1 -1 -1 -1 -1 -1 24 -1 22 21 20 19 18 17 16 
0 -1 -1 3 4 5 6 7 8 -1 -1 -1 -1 -1 -1 -1 -1 -1 -1 9 1 -1 2 -1 -1 10 -1 11 -1 12 -1 28 -1 -1 -1 15 -1 -1 -1 -1 -1 -1 14 -1 -1 -1 -1 30 -1 -1 -1 -1 -1 -1 -1 -1 -1 -1 29 -1 -1 -1 27 26 -1 23 -1 -1 -1 -1 25 -1 -1 -1 -1 -1 -1 -1 -1 -1 -1 -1 24 22 21 20 19 18 17 16 
-1 0 -1 3 4 5 6 7 8 -1 -1 -1 -1 -1 -1 -1 -1 -1 -1 9 1 -1 2 -1 -1 10 -1 11 -1 12 -1 28 -1 -1 -1 15 -1 -1 -1 -1 -1 -1 14 -1 -1 -1 -1 30 -1 -1 -1 -1 -1 -1 -1 -1 -1 -1 29 -1 -1 -1 27 26 -1 23 -1 -1 -1 -1 25 -1 -1 -1 -1 -1 -1 -1 -1 -1 -1 -1 24 22 21 20 19 18 17 16 
-1 0 -1 3 4 5 6 7 8 -1 -1 -1 -1 -1 -1 -1 -1 -1 -1 9 1 -1 2 -1 -1 10 -1 11 -1 12 -1 28 -1 -1 25 15 -1 -1 -1 -1 -1 -1 14 -1 -1 -1 -1 30 -1 -1 -1 -1 -1 -1 -1 -1 -1 -1 29 -1 -1 -1 27 26 -1 23 -1 -1 -1 -1 -1 -1 -1 -1 -1 -1 -1 -1 -1 -1 -1 -1 24 22 21 20 19 18 17 16 
-1 0 -1 3 4 5 6 -1 8 -1 -1 -1 -1 -1 -1 -1 -1 -1 -1 9 1 -1 2 -1 7 10 -1 11 -1 12 -1 28 -1 -1 25 15 -1 -1 -1 -1 -1 -1 14 -1 -1 -1 -1 30 -1 -1 -1 -1 -1 -1 -1 -1 -1 -1 29 -1 -1 -1 27 26 -1 23 -1 -1 -1 -1 -1 -1 -1 -1 -1 -1 -1 -1 -1 -1 -1 -1 24 22 21 20 19 18 17 16 
-1 0 -1 3 4 5 6 -1 8 -1 -1 -1 -1 -1 -1 -1 -1 -1 -1 9 1 -1 2 -1 7 10 -1 11 -1 12 -1 28 -1 -1 25 15 -1 -1 -1 -1 -1 -1 14 -1 -1 -1 -1 30 -1 -1 -1 -1 -1 -1 -1 -1 -1 -1 29 -1 -1 -1 27 26 -1 23 -1 -1 -1 -1 -1 17 -1 -1 -1 -1 -1 -1 -1 -1 -1 -1 24 22 21 20 19 18 -1 16 
-1 0 -1 3 4 5 6 -1 8 -1 -1 -1 -1 -1 -1 -1 -1 -1 -1 9 1 -1 2 -1 -1 10 -1 11 -1 12 -1 28 -1 -1 25 15 -1 -1 -1 -1 -1 -1 14 7 -1 -1 -1 30 -1 -1 -1 -1 -1 -1 -1 -1 -1 -1 29 -1 -1 -1 27 26 -1 23 -1 -1 -1 -1 -1 17 -1 -1 -1 -1 -1 -1 -1 -1 -1 -1 24 22 21 20 19 18 -1 16 
-1 0 -1 3 4 5 6 -1 8 -1 -1 -1 -1 -1 -1 -1 -1 -1 -1 9 1 -1 2 -1 -1 10 -1 11 -1 25 -1 28 -1 -1 -1 15 -1 -1 -1 -1 -1 -1 14 7 -1 -1 -1 30 -1 -1 -1 -1 -1 -1 -1 -1 -1 -1 29 -1 -1 -1 27 26 -1 23 -1 -1 -1 -1 -1 17 -1 -1 -1 -1 -1 -1 -1 -1 -1 -1 24 22 21 20 19 18 -1 16 
-1 0 -1 3 4 5 6 -1 8 -1 -1 -1 -1 -1 -1 -1 -1 -1 -1 9 1 -1 2 -1 -1 10 -1 11 -1 25 -1 28 -1 -1 -1 -1 -1 -1 -1 -1 -1 -1 14 7 15 -1 -1 30 -1 -1 -1 -1 -1 -1 -1 -1 -1 -1 29 -1 -1 -1 27 26 -1 23 -1 -1 -1 -1 -1 17 -1 -1 -1 -1 -1 -1 -1 -1 -1 -1 24 22 21 20 19 18 -1 16 
-1 0 -1 3 4 5 6 -1 8 -1 -1 -1 -1 -1 -1 -1 -1 -1 -1 9 1 -1 2 -1 -1 10 -1 11 -1 25 -1 28 -1 -1 -1 -1 -1 24 -1 -1 -1 -1 14 7 15 -1 -1 30 -1 -1 -1 -1 -1 -1 -1 -1 -1 -1 29 -1 -1 -1 27 26 -1 23 -1 -1 -1 -1 -1 17 -1 -1 -1 -1 -1 -1 -1 -1 -1 -1 -1 22 21 20 19 18 -1 16 
-1 0 -1 3 4 5 6 -1 8 -1 -1 -1 -1 -1 -1 -1 -1 -1 -1 9 1 -1 2 -1 -1 10 -1 11 -1 25 -1 28 -1 -1 -1 -1 -1 24 -1 -1 -1 -1 14 7 -1 -1 -1 30 -1 -1 -1 -1 -1 15 -1 -1 -1 -1 29 -1 -1 -1 27 26 -1 23 -1 -1 -1 -1 -1 17 -1 -1 -1 -1 -1 -1 -1 -1 -1 -1 -1 22 21 20 19 18 -1 16 
-1 0 -1 3 4 5 6 -1 8 -1 -1 -1 -1 -1 -1 -1 -1 -1 -1 9 1 -1 2 -1 -1 10 -1 11 -1 25 -1 28 -1 -1 -1 -1 -1 24 -1 -1 -1 -1 14 7 -1 -1 -1 30 -1 -1 -1 -1 -1 27 -1 -1 -1 -1 29 -1 -1 -1 -1 26 -1 23 -1 -1 -1 -1 -1 17 -1 -1 -1 -1 -1 -1 -1 -1 -1 -1 -1 22 21 20 19 18 -1 16 
-1 0 -1 3 4 5 6 -1 -1 -1 -1 -1 -1 -1 -1 -1 -1 -1 -1 9 1 -1 2 -1 -1 10 -1 11 -1 25 -1 28 -1 -1 -1 -1 -1 24 -1 -1 -1 -1 14 7 -1 -1 -1 30 -1 -1 -1 -1 -1 8 -1 -1 -1 -1 29 -1 -1 -1 -1 26 -1 23 -1 -1 -1 -1 -1 17 -1 -1 -1 -1 -1 -1 -1 -1 -1 -1 -1 22 21 20 19 18 -1 16 
-1 0 -1 3 4 5 6 -1 -1 -1 -1 -1 -1 -1 -1 -1 -1 -1 -1 9 1 -1 2 -1 -1 10 -1 11 -1 25 -1 28 -1 -1 -1 -1 -1 24 -1 -1 -1 -1 14 7 -1 -1 -1 30 -1 -1 -1 -1 -1 8 -1 -1 -1 -1 29 -1 -1 -1 -1 26 -1 23 -1 22 -1 -1 -1 17 -1 -1 -1 -1 -1 -1 -1 -1 -1 -1 -1 -1 21 20 19 18 -1 16 
-1 0 -1 3 4 5 6 -1 -1 -1 9 -1 -1 -1 -1 -1 -1 -1 -1 -1 1 -1 2 -1 -1 10 -1 11 -1 25 -1 28 -1 -1 -1 -1 -1 24 -1 -1 -1 -1 14 7 -1 -1 -1 30 -1 -1 -1 -1 -1 8 -1 -1 -1 -1 29 -1 -1 -1 -1 26 -1 23 -1 22 -1 -1 -1 17 -1 -1 -1 -1 -1 -1 -1 -1 -1 -1 -1 -1 21 20 19 18 -1 16 
-1 0 -1 3 4 5 6 -1 -1 -1 9 -1 -1 -1 -1 -1 -1 -1 -1 -1 1 -1 2 -1 -1 10 -1 11 -1 25 -1 28 -1 -1 -1 -1 -1 24 -1 -1 -1 -1 14 7 -1 -1 -1 30 -1 -1 -1 28 -1 8 -1 -1 -1 -1 29 -1 -1 -1 -1 26 -1 23 -1 22 -1 -1 -1 17 -1 -1 -1 -1 -1 -1 -1 -1 -1 -1 -1 -1 21 20 19 18 -1 16 
-1 0 -1 3 4 5 6 -1 -1 -1 -1 -1 -1 -1 -1 -1 -1 9 -1 -1 1 -1 2 -1 -1 10 -1 11 -1 25 -1 28 -1 -1 -1 -1 -1 24 -1 -1 -1 -1 14 7 -1 -1 -1 30 -1 -1 -1 28 -1 8 -1 -1 -1 -1 29 -1 -1 -1 -1 26 -1 23 -1 22 -1 -1 -1 17 -1 -1 -1 -1 -1 -1 -1 -1 -1 -1 -1 -1 21 20 19 18 -1 16 
-1 24 -1 3 4 5 6 -1 -1 -1 -1 -1 -1 -1 -1 -1 -1 9 -1 -1 1 -1 2 -1 -1 10 -1 11 -1 25 -1 28 -1 -1 -1 -1 -1 -1 -1 -1 -1 -1 14 7 -1 -1 -1 30 -1 -1 -1 28 -1 8 -1 -1 -1 -1 29 -1 -1 -1 -1 26 -1 23 -1 22 -1 -1 -1 17 -1 -1 -1 -1 -1 -1 -1 -1 -1 -1 -1 -1 21 20 19 18 -1 16 
-1 1 -1 3 4 5 6 -1 -1 -1 -1 -1 -1 -1 -1 -1 -1 9 -1 -1 -1 -1 2 -1 -1 10 -1 11 -1 25 -1 28 -1 -1 -1 -1 -1 -1 -1 -1 -1 -1 14 7 -1 -1 -1 30 -1 -1 -1 28 -1 8 -1 -1 -1 -1 29 -1 -1 -1 -1 26 -1 23 -1 22 -1 -1 -1 17 -1 -1 -1 -1 -1 -1 -1 -1 -1 -1 -1 -1 21 20 19 18 -1 16 
-1 1 -1 3 4 5 6 -1 -1 -1 -1 -1 -1 -1 -1 -1 -1 9 -1 -1 -1 -1 2 -1 -1 10 -1 11 -1 25 -1 28 -1 -1 -1 -1 -1 -1 -1 -1 -1 -1 28 7 -1 -1 -1 30 -1 -1 -1 -1 -1 8 -1 -1 -1 -1 29 -1 -1 -1 -1 26 -1 23 -1 22 -1 -1 -1 17 -1 -1 -1 -1 -1 -1 -1 -1 -1 -1 -1 -1 21 20 19 18 -1 16 
-1 1 -1 3 4 5 6 -1 -1 -1 -1 -1 -1 -1 -1 -1 -1 9 -1 -1 -1 -1 -1 -1 -1 10 -1 11 -1 25 -1 28 -1 -1 -1 -1 -1 -1 -1 -1 -1 -1 2 7 -1 -1 -1 30 -1 -1 -1 -1 -1 8 -1 -1 -1 -1 29 -1 -1 -1 -1 26 -1 23 -1 22 -1 -1 -1 17 -1 -1 -1 -1 -1 -1 -1 -1 -1 -1 -1 -1 21 20 19 18 -1 16 
-1 1 -1 3 4 5 6 -1 -1 -1 -1 -1 -1 -1 -1 -1 -1 9 -1 -1 -1 -1 -1 -1 -1 10 -1 26 -1 25 -1 28 -1 -1 -1 -1 -1 -1 -1 -1 -1 -1 2 7 -1 -1 -1 30 -1 -1 -1 -1 -1 8 -1 -1 -1 -1 29 -1 -1 -1 -1 -1 -1 23 -1 22 -1 -1 -1 17 -1 -1 -1 -1 -1 -1 -1 -1 -1 -1 -1 -1 21 20 19 18 -1 16 
-1 1 -1 3 4 5 6 -1 -1 -1 -1 -1 -1 -1 -1 -1 -1 9 -1 -1 -1 -1 -1 -1 -1 10 -1 26 -1 25 -1 28 -1 -1 -1 -1 -1 -1 -1 -1 -1 -1 2 7 -1 -1 -1 30 -1 -1 8 -1 -1 -1 -1 -1 -1 -1 29 -1 -1 -1 -1 -1 -1 23 -1 22 -1 -1 -1 17 -1 -1 -1 -1 -1 -1 -1 -1 -1 -1 -1 -1 21 20 19 18 -1 16 
-1 1 -1 3 4 5 6 -1 -1 -1 -1 -1 -1 -1 -1 -1 -1 9 -1 -1 -1 -1 -1 -1 -1 10 -1 26 -1 25 -1 28 -1 -1 -1 -1 -1 -1 -1 -1 -1 -1 2 7 -1 -1 -1 30 -1 -1 8 -1 -1 -1 -1 -1 -1 -1 29 -1 -1 -1 -1 -1 -1 23 -1 22 -1 -1 -1 -1 -1 -1 -1 -1 -1 -1 17 -1 -1 -1 -1 -1 21 20 19 18 -1 16 
-1 1 -1 3 4 5 6 -1 -1 -1 -1 -1 -1 -1 -1 -1 -1 9 -1 -1 -1 -1 -1 -1 -1 10 2 26 -1 25 -1 28 -1 -1 -1 -1 -1 -1 -1 -1 -1 -1 -1 7 -1 -1 -1 30 -1 -1 8 -1 -1 -1 -1 -1 -1 -1 29 -1 -1 -1 -1 -1 -1 23 -1 22 -1 -1 -1 -1 -1 -1 -1 -1 -1 -1 17 -1 -1 -1 -1 -1 21 20 19 18 -1 16 
-1 1 -1 3 4 5 6 -1 -1 -1 -1 -1 -1 -1 -1 -1 -1 9 -1 -1 -1 -1 -1 -1 -1 10 2 26 -1 25 -1 28 -1 -1 -1 -1 -1 -1 -1 -1 -1 -1 -1 7 -1 -1 -1 30 -1 -1 8 -1 -1 -1 -1 -1 -1 -1 29 -1 -1 -1 -1 -1 -1 23 -1 22 -1 -1 -1 17 -1 -1 -1 -1 -1 -1 -1 -1 -1 -1 -1 -1 21 20 19 18 -1 16 
-1 1 -1 3 4 5 6 -1 -1 -1 -1 -1 -1 -1 -1 -1 -1 9 -1 -1 -1 -1 -1 -1 -1 10 -1 26 -1 25 -1 28 -1 -1 -1 -1 -1 -1 -1 -1 -1 -1 2 7 -1 -1 -1 30 -1 -1 8 -1 -1 -1 -1 -1 -1 -1 29 -1 -1 -1 -1 -1 -1 23 -1 22 -1 -1 -1 17 -1 -1 -1 -1 -1 -1 -1 -1 -1 -1 -1 -1 21 20 19 18 -1 16 
-1 1 -1 3 4 5 6 -1 -1 -1 -1 -1 -1 -1 -1 -1 -1 9 -1 -1 -1 -1 -1 -1 -1 10 -1 26 -1 25 -1 28 -1 -1 -1 -1 -1 -1 -1 -1 -1 -1 2 7 -1 -1 -1 30 -1 -1 8 -1 -1 -1 -1 -1 -1 -1 29 -1 -1 -1 -1 -1 -1 23 -1 22 -1 -1 -1 -1 -1 -1 -1 -1 -1 -1 17 -1 -1 -1 -1 -1 21 20 19 18 -1 16 
-1 1 -1 3 4 5 6 -1 -1 -1 -1 -1 -1 -1 -1 -1 -1 9 -1 -1 -1 -1 -1 -1 -1 10 2 26 -1 25 -1 28 -1 -1 -1 -1 -1 -1 -1 -1 -1 -1 -1 7 -1 -1 -1 30 -1 -1 8 -1 -1 -1 -1 -1 -1 -1 29 -1 -1 -1 -1 -1 -1 23 -1 22 -1 -1 -1 -1 -1 -1 -1 -1 -1 -1 17 -1 -1 -1 -1 -1 21 20 19 18 -1 16 
-1 1 -1 3 4 5 6 -1 -1 -1 -1 -1 -1 -1 -1 -1 -1 9 -1 -1 -1 -1 -1 -1 -1 10 2 26 -1 25 -1 28 -1 -1 -1 -1 -1 -1 -1 -1 -1 -1 -1 7 -1 -1 -1 30 -1 -1 8 -1 -1 -1 -1 -1 -1 -1 29 -1 -1 -1 -1 -1 -1 23 -1 22 -1 -1 -1 17 -1 -1 -1 -1 -1 -1 -1 -1 -1 -1 -1 -1 21 20 19 18 -1 16 
-1 1 -1 3 4 5 6 -1 -1 -1 -1 -1 -1 -1 -1 -1 -1 9 -1 -1 -1 -1 -1 -1 -1 10 2 26 -1 25 -1 28 -1 -1 -1 -1 -1 -1 -1 -1 -1 -1 -1 7 -1 -1 -1 30 -1 -1 -1 -1 -1 -1 -1 -1 -1 -1 29 -1 -1 -1 -1 -1 -1 23 -1 22 -1 -1 -1 17 -1 -1 -1 -1 -1 8 -1 -1 -1 -1 -1 -1 21 20 19 18 -1 16 
-1 1 -1 3 4 5 6 -1 -1 -1 -1 -1 -1 -1 -1 -1 -1 9 -1 -1 -1 -1 -1 -1 -1 10 2 -1 -1 25 -1 26 -1 -1 -1 -1 -1 -1 -1 -1 -1 -1 -1 7 -1 -1 -1 30 -1 -1 -1 -1 -1 -1 -1 -1 -1 -1 29 -1 -1 -1 -1 -1 -1 23 -1 22 -1 -1 -1 17 -1 -1 -1 -1 -1 8 -1 -1 -1 -1 -1 -1 21 20 19 18 -1 16 
-1 -1 -1 3 4 5 6 -1 -1 -1 -1 -1 1 -1 -1 -1 -1 9 -1 -1 -1 -1 -1 -1 -1 10 2 -1 -1 25 -1 26 -1 -1 -1 -1 -1 -1 -1 -1 -1 -1 -1 7 -1 -1 -1 30 -1 -1 -1 -1 -1 -1 -1 -1 -1 -1 29 -1 -1 -1 -1 -1 -1 23 -1 22 -1 -1 -1 17 -1 -1 -1 -1 -1 8 -1 -1 -1 -1 -1 -1 21 20 19 18 -1 16 
-1 -1 25 3 4 5 6 -1 -1 -1 -1 -1 1 -1 -1 -1 -1 9 -1 -1 -1 -1 -1 -1 -1 10 2 -1 -1 -1 -1 26 -1 -1 -1 -1 -1 -1 -1 -1 -1 -1 -1 7 -1 -1 -1 30 -1 -1 -1 -1 -1 -1 -1 -1 -1 -1 29 -1 -1 -1 -1 -1 -1 23 -1 22 -1 -1 -1 17 -1 -1 -1 -1 -1 8 -1 -1 -1 -1 -1 -1 21 20 19 18 -1 16 
-1 -1 25 3 -1 5 6 -1 -1 -1 -1 -1 1 4 -1 -1 -1 9 -1 -1 -1 -1 -1 -1 -1 10 2 -1 -1 -1 -1 26 -1 -1 -1 -1 -1 -1 -1 -1 -1 -1 -1 7 -1 -1 -1 30 -1 -1 -1 -1 -1 -1 -1 -1 -1 -1 29 -1 -1 -1 -1 -1 -1 23 -1 22 -1 -1 -1 17 -1 -1 -1 -1 -1 8 -1 -1 -1 -1 -1 -1 21 20 19 18 -1 16 
-1 -1 25 3 -1 5 6 -1 -1 -1 -1 -1 1 4 -1 -1 -1 9 -1 -1 -1 -1 -1 -1 -1 10 2 -1 -1 -1 -1 -1 -1 -1 -1 -1 -1 -1 -1 -1 -1 -1 -1 7 -1 -1 -1 30 -1 26 -1 -1 -1 -1 -1 -1 -1 -1 29 -1 -1 -1 -1 -1 -1 23 -1 22 -1 -1 -1 17 -1 -1 -1 -1 -1 8 -1 -1 -1 -1 -1 -1 21 20 19 18 -1 16 
-1 -1 25 3 -1 5 6 -1 -1 -1 -1 -1 -1 4 -1 -1 -1 9 -1 1 -1 -1 -1 -1 -1 10 2 -1 -1 -1 -1 -1 -1 -1 -1 -1 -1 -1 -1 -1 -1 -1 -1 7 -1 -1 -1 30 -1 26 -1 -1 -1 -1 -1 -1 -1 -1 29 -1 -1 -1 -1 -1 -1 23 -1 22 -1 -1 -1 17 -1 -1 -1 -1 -1 8 -1 -1 -1 -1 -1 -1 21 20 19 18 -1 16 
-1 -1 -1 3 -1 5 6 -1 -1 -1 -1 -1 -1 4 -1 -1 -1 9 -1 1 25 -1 -1 -1 -1 10 2 -1 -1 -1 -1 -1 -1 -1 -1 -1 -1 -1 -1 -1 -1 -1 -1 7 -1 -1 -1 30 -1 26 -1 -1 -1 -1 -1 -1 -1 -1 29 -1 -1 -1 -1 -1 -1 23 -1 22 -1 -1 -1 17 -1 -1 -1 -1 -1 8 -1 -1 -1 -1 -1 -1 21 20 19 18 -1 16 
-1 -1 -1 3 -1 5 6 -1 -1 -1 -1 -1 -1 -1 4 -1 -1 9 -1 1 25 -1 -1 -1 -1 10 2 -1 -1 -1 -1 -1 -1 -1 -1 -1 -1 -1 -1 -1 -1 -1 -1 7 -1 -1 -1 30 -1 26 -1 -1 -1 -1 -1 -1 -1 -1 29 -1 -1 -1 -1 -1 -1 23 -1 22 -1 -1 -1 17 -1 -1 -1 -1 -1 8 -1 -1 -1 -1 -1 -1 21 20 19 18 -1 16 
-1 -1 -1 3 -1 5 6 -1 -1 -1 -1 -1 -1 -1 4 -1 -1 9 -1 1 25 -1 -1 -1 -1 10 2 -1 -1 -1 -1 -1 -1 -1 -1 -1 -1 -1 -1 -1 -1 -1 -1 7 -1 -1 -1 30 -1 26 -1 -1 -1 -1 -1 -1 -1 -1 29 -1 -1 -1 -1 -1 -1 23 -1 22 -1 -1 -1 17 -1 -1 -1 -1 21 8 -1 -1 -1 -1 -1 -1 -1 20 19 18 -1 16 
-1 -1 -1 3 -1 5 6 -1 -1 -1 -1 -1 -1 -1 4 -1 -1 9 -1 1 25 -1 -1 -1 -1 10 2 -1 -1 -1 -1 -1 -1 -1 -1 -1 -1 -1 -1 -1 -1 -1 -1 7 -1 -1 -1 30 -1 26 -1 -1 -1 -1 -1 -1 -1 -1 29 -1 -1 -1 -1 -1 -1 23 -1 22 -1 -1 -1 17 -1 -1 -1 -1 21 -1 -1 8 -1 -1 -1 -1 -1 20 19 18 -1 16 
-1 -1 -1 3 -1 5 6 -1 -1 -1 -1 -1 -1 -1 4 -1 -1 9 -1 1 25 -1 -1 -1 -1 10 2 -1 -1 -1 -1 -1 -1 -1 -1 -1 -1 -1 -1 -1 -1 -1 -1 7 -1 -1 -1 30 26 -1 -1 -1 -1 -1 -1 -1 -1 -1 29 -1 -1 -1 -1 -1 -1 23 -1 22 -1 -1 -1 17 -1 -1 -1 -1 21 -1 -1 8 -1 -1 -1 -1 -1 20 19 18 -1 16 
-1 -1 -1 3 -1 5 6 -1 -1 -1 -1 -1 -1 -1 4 -1 -1 9 -1 1 25 -1 -1 -1 -1 10 2 -1 -1 -1 -1 -1 -1 -1 -1 -1 -1 -1 -1 -1 -1 -1 -1 -1 -1 -1 -1 30 26 -1 7 -1 -1 -1 -1 -1 -1 -1 29 -1 -1 -1 -1 -1 -1 23 -1 22 -1 -1 -1 17 -1 -1 -1 -1 21 -1 -1 8 -1 -1 -1 -1 -1 20 19 18 -1 16 
-1 -1 -1 3 -1 5 6 -1 -1 -1 -1 -1 -1 -1 4 -1 -1 9 -1 1 25 -1 -1 -1 -1 10 2 -1 -1 -1 -1 -1 -1 -1 -1 -1 -1 -1 -1 -1 -1 -1 -1 -1 -1 -1 -1 30 -1 -1 7 -1 -1 -1 -1 -1 -1 -1 29 -1 -1 -1 -1 -1 -1 23 -1 22 -1 -1 -1 17 -1 -1 -1 26 21 -1 -1 8 -1 -1 -1 -1 -1 20 19 18 -1 16 
-1 -1 -1 3 -1 5 6 -1 -1 -1 -1 -1 -1 -1 4 -1 -1 9 -1 1 25 -1 -1 -1 -1 10 2 -1 -1 -1 -1 -1 -1 -1 -1 -1 -1 -1 -1 -1 -1 -1 -1 -1 -1 -1 -1 30 -1 -1 7 -1 -1 -1 -1 -1 -1 -1 29 -1 -1 -1 -1 -1 -1 23 -1 22 -1 -1 8 17 -1 -1 -1 26 21 -1 -1 -1 -1 -1 -1 -1 -1 20 19 18 -1 16 
-1 -1 -1 3 -1 5 6 -1 -1 -1 -1 -1 -1 -1 4 -1 -1 9 -1 1 25 -1 -1 -1 -1 10 2 -1 -1 -1 -1 -1 -1 -1 -1 -1 -1 -1 -1 -1 -1 -1 -1 -1 -1 -1 -1 30 -1 -1 7 -1 -1 -1 -1 -1 -1 -1 29 -1 -1 -1 -1 -1 -1 23 26 22 -1 -1 8 17 -1 -1 -1 -1 21 -1 -1 -1 -1 -1 -1 -1 -1 20 19 18 -1 16 
-1 -1 -1 3 -1 5 6 -1 -1 -1 -1 -1 -1 -1 4 -1 -1 9 -1 1 25 -1 -1 -1 -1 10 2 -1 -1 -1 -1 -1 -1 -1 -1 -1 -1 -1 -1 -1 -1 -1 -1 -1 -1 -1 -1 30 -1 -1 7 -1 -1 -1 -1 -1 -1 -1 29 -1 -1 -1 -1 -1 -1 23 26 22 -1 -1 -1 17 -1 -1 -1 -1 21 -1 -1 8 -1 -1 -1 -1 -1 20 19 18 -1 16 
-1 -1 -1 3 -1 5 6 -1 -1 -1 -1 -1 -1 -1 4 -1 -1 9 -1 1 25 -1 -1 -1 -1 10 2 -1 -1 -1 -1 -1 -1 -1 -1 -1 -1 -1 -1 -1 -1 -1 -1 -1 -1 -1 -1 30 23 -1 7 -1 -1 -1 -1 -1 -1 -1 29 -1 -1 -1 -1 -1 -1 -1 26 22 -1 -1 -1 17 -1 -1 -1 -1 21 -1 -1 8 -1 -1 -1 -1 -1 20 19 18 -1 16 
-1 -1 -1 3 -1 5 6 -1 -1 -1 -1 -1 -1 4 -1 -1 -1 9 -1 1 25 -1 -1 -1 -1 10 2 -1 -1 -1 -1 -1 -1 -1 -1 -1 -1 -1 -1 -1 -1 -1 -1 -1 -1 -1 -1 30 23 -1 7 -1 -1 -1 -1 -1 -1 -1 29 -1 -1 -1 -1 -1 -1 -1 26 22 -1 -1 -1 17 -1 -1 -1 -1 21 -1 -1 8 -1 -1 -1 -1 -1 20 19 18 -1 16 
-1 -1 -1 3 -1 5 6 -1 -1 -1 -1 -1 -1 4 -1 -1 -1 9 -1 1 25 -1 -1 -1 -1 10 2 -1 -1 -1 -1 -1 -1 -1 -1 -1 -1 -1 -1 -1 -1 -1 -1 -1 -1 -1 -1 30 23 -1 7 -1 -1 -1 -1 -1 -1 -1 29 -1 -1 -1 -1 -1 -1 -1 -1 22 -1 -1 -1 17 -1 -1 -1 26 21 -1 -1 8 -1 -1 -1 -1 -1 20 19 18 -1 16 
-1 -1 -1 3 -1 5 6 -1 -1 -1 -1 -1 -1 4 -1 -1 -1 9 -1 1 25 -1 -1 -1 -1 10 2 -1 -1 -1 -1 -1 -1 -1 -1 -1 -1 -1 -1 -1 -1 -1 -1 -1 -1 -1 -1 30 23 -1 7 -1 -1 -1 -1 -1 -1 -1 29 -1 -1 8 -1 -1 -1 -1 -1 22 -1 -1 -1 17 -1 -1 -1 26 21 -1 -1 -1 -1 -1 -1 -1 -1 20 19 18 -1 16 
-1 -1 -1 3 -1 5 6 -1 -1 -1 -1 -1 -1 4 -1 -1 -1 9 -1 1 25 -1 -1 -1 -1 10 2 -1 -1 -1 -1 -1 -1 -1 -1 -1 -1 -1 -1 -1 -1 23 -1 -1 -1 -1 -1 30 -1 -1 7 -1 -1 -1 -1 -1 -1 -1 29 -1 -1 8 -1 -1 -1 -1 -1 22 -1 -1 -1 17 -1 -1 -1 26 21 -1 -1 -1 -1 -1 -1 -1 -1 20 19 18 -1 16 
-1 -1 -1 3 4 5 6 -1 -1 -1 -1 -1 -1 -1 -1 -1 -1 9 -1 1 25 -1 -1 -1 -1 10 2 -1 -1 -1 -1 -1 -1 -1 -1 -1 -1 -1 -1 -1 -1 23 -1 -1 -1 -1 -1 30 -1 -1 7 -1 -1 -1 -1 -1 -1 -1 29 -1 -1 8 -1 -1 -1 -1 -1 22 -1 -1 -1 17 -1 -1 -1 26 21 -1 -1 -1 -1 -1 -1 -1 -1 20 19 18 -1 16 
-1 -1 -1 3 4 5 6 -1 -1 -1 -1 -1 -1 -1 -1 -1 -1 9 -1 1 25 -1 -1 -1 -1 10 2 -1 -1 -1 -1 -1 -1 -1 -1 -1 -1 -1 -1 -1 -1 23 -1 -1 -1 -1 -1 30 -1 -1 7 -1 -1 -1 -1 -1 -1 -1 29 -1 -1 8 -1 -1 -1 -1 -1 22 -1 -1 -1 17 -1 -1 -1 26 21 -1 -1 -1 16 -1 -1 -1 -1 20 19 18 -1 -1 
-1 -1 -1 -1 4 5 6 -1 -1 -1 -1 -1 -1 3 -1 -1 -1 9 -1 1 25 -1 -1 -1 -1 10 2 -1 -1 -1 -1 -1 -1 -1 -1 -1 -1 -1 -1 -1 -1 23 -1 -1 -1 -1 -1 30 -1 -1 7 -1 -1 -1 -1 -1 -1 -1 29 -1 -1 8 -1 -1 -1 -1 -1 22 -1 -1 -1 17 -1 -1 -1 26 21 -1 -1 -1 16 -1 -1 -1 -1 20 19 18 -1 -1 
-1 -1 -1 -1 4 5 6 -1 -1 -1 -1 -1 -1 3 -1 -1 -1 9 -1 1 25 -1 -1 -1 -1 10 2 -1 -1 -1 -1 -1 -1 -1 -1 -1 -1 -1 -1 -1 -1 23 -1 -1 -1 -1 -1 30 -1 -1 7 -1 -1 -1 -1 -1 -1 -1 29 -1 -1 8 -1 -1 -1 -1 -1 22 -1 -1 -1 17 -1 -1 -1 26 21 -1 16 -1 -1 -1 -1 -1 -1 20 19 18 -1 -1 
-1 -1 -1 -1 4 5 6 -1 -1 -1 -1 -1 -1 3 -1 -1 -1 9 -1 1 25 -1 -1 -1 -1 10 2 -1 -1 -1 -1 -1 -1 -1 -1 -1 -1 -1 -1 -1 -1 23 -1 -1 -1 -1 -1 30 -1 -1 7 -1 -1 -1 -1 -1 -1 -1 8 -1 -1 -1 -1 -1 -1 -1 -1 22 -1 -1 -1 17 -1 -1 -1 26 21 -1 16 -1 -1 -1 -1 -1 -1 20 19 18 -1 -1 
-1 -1 -1 -1 4 5 6 -1 -1 -1 -1 -1 -1 3 -1 -1 -1 9 -1 1 25 -1 -1 -1 -1 10 2 -1 -1 -1 -1 -1 -1 -1 -1 -1 -1 -1 -1 -1 -1 23 -1 -1 -1 -1 -1 30 -1 -1 7 -1 -1 -1 -1 -1 -1 -1 8 -1 16 -1 -1 -1 -1 -1 -1 22 -1 -1 -1 17 -1 -1 -1 26 21 -1 -1 -1 -1 -1 -1 -1 -1 20 19 18 -1 -1 
-1 -1 -1 -1 4 5 6 -1 -1 -1 -1 -1 -1 3 -1 -1 -1 9 -1 1 25 -1 -1 -1 -1 10 2 -1 -1 -1 -1 -1 -1 -1 -1 -1 -1 -1 -1 -1 -1 23 -1 -1 -1 -1 -1 30 -1 -1 7 -1 -1 -1 -1 -1 -1 8 -1 -1 16 -1 -1 -1 -1 -1 -1 22 -1 -1 -1 17 -1 -1 -1 26 21 -1 -1 -1 -1 -1 -1 -1 -1 20 19 18 -1 -1 
-1 -1 -1 -1 4 5 6 -1 -1 -1 -1 -1 -1 3 -1 -1 -1 9 -1 1 25 -1 -1 -1 -1 10 2 -1 -1 -1 -1 -1 -1 -1 -1 -1 -1 -1 -1 -1 -1 23 -1 -1 -1 -1 -1 30 -1 -1 7 -1 -1 -1 -1 -1 -1 16 -1 -1 -1 -1 -1 -1 -1 -1 -1 22 -1 -1 -1 17 -1 -1 -1 26 21 -1 -1 -1 -1 -1 -1 -1 -1 20 19 18 -1 -1 
-1 -1 -1 -1 4 5 6 -1 -1 -1 -1 -1 -1 3 -1 -1 -1 9 -1 1 25 -1 -1 -1 -1 10 2 -1 -1 -1 -1 -1 -1 -1 -1 -1 -1 -1 -1 -1 -1 23 -1 -1 -1 -1 -1 30 -1 -1 -1 -1 -1 -1 -1 -1 -1 7 -1 -1 -1 -1 -1 -1 -1 -1 -1 22 -1 -1 -1 17 -1 -1 -1 26 21 -1 -1 -1 -1 -1 -1 -1 -1 20 19 18 -1 -1 
-1 -1 -1 -1 4 5 6 -1 -1 -1 -1 -1 -1 3 -1 -1 -1 9 -1 1 25 -1 -1 -1 -1 10 2 -1 -1 -1 23 -1 -1 -1 -1 -1 -1 -1 -1 -1 -1 -1 -1 -1 -1 -1 -1 30 -1 -1 -1 -1 -1 -1 -1 -1 -1 7 -1 -1 -1 -1 -1 -1 -1 -1 -1 22 -1 -1 -1 17 -1 -1 -1 26 21 -1 -1 -1 -1 -1 -1 -1 -1 20 19 18 -1 -1 
-1 -1 -1 -1 4 5 6 -1 -1 -1 -1 -1 -1 3 -1 -1 -1 9 -1 1 25 10 -1 -1 -1 -1 2 -1 -1 -1 23 -1 -1 -1 -1 -1 -1 -1 -1 -1 -1 -1 -1 -1 -1 -1 -1 30 -1 -1 -1 -1 -1 -1 -1 -1 -1 7 -1 -1 -1 -1 -1 -1 -1 -1 -1 22 -1 -1 -1 17 -1 -1 -1 26 21 -1 -1 -1 -1 -1 -1 -1 -1 20 19 18 -1 -1 
-1 -1 -1 -1 4 5 6 -1 -1 -1 -1 -1 -1 3 -1 -1 -1 9 -1 1 25 10 -1 -1 -1 -1 2 -1 -1 -1 23 -1 -1 -1 -1 -1 -1 -1 -1 -1 -1 -1 -1 -1 -1 -1 -1 30 -1 -1 -1 -1 -1 -1 -1 -1 -1 7 -1 -1 -1 -1 -1 -1 -1 -1 26 22 -1 -1 -1 17 -1 -1 -1 -1 21 -1 -1 -1 -1 -1 -1 -1 -1 20 19 18 -1 -1 
-1 -1 -1 -1 4 5 6 -1 -1 -1 -1 -1 -1 3 9 -1 -1 -1 -1 1 25 10 -1 -1 -1 -1 2 -1 -1 -1 23 -1 -1 -1 -1 -1 -1 -1 -1 -1 -1 -1 -1 -1 -1 -1 -1 30 -1 -1 -1 -1 -1 -1 -1 -1 -1 7 -1 -1 -1 -1 -1 -1 -1 -1 26 22 -1 -1 -1 17 -1 -1 -1 -1 21 -1 -1 -1 -1 -1 -1 -1 -1 20 19 18 -1 -1 
-1 -1 -1 -1 4 5 6 -1 -1 -1 -1 -1 -1 3 9 -1 -1 -1 -1 1 25 10 -1 -1 -1 -1 2 -1 -1 -1 23 -1 -1 -1 -1 -1 -1 -1 -1 -1 -1 -1 -1 -1 -1 -1 -1 30 -1 -1 -1 -1 -1 -1 -1 -1 -1 7 -1 -1 17 -1 -1 -1 -1 -1 26 22 -1 -1 -1 -1 -1 -1 -1 -1 21 -1 -1 -1 -1 -1 -1 -1 -1 20 19 18 -1 -1 
-1 -1 -1 -1 4 5 6 -1 -1 -1 -1 -1 -1 3 -1 -1 -1 -1 -1 1 25 10 -1 -1 -1 -1 2 -1 -1 -1 23 -1 -1 -1 -1 -1 -1 -1 -1 -1 -1 -1 -1 -1 -1 -1 -1 30 -1 -1 -1 -1 -1 -1 -1 -1 -1 7 -1 9 17 -1 -1 -1 -1 -1 26 22 -1 -1 -1 -1 -1 -1 -1 -1 21 -1 -1 -1 -1 -1 -1 -1 -1 20 19 18 -1 -1 
-1 -1 -1 -1 4 5 6 -1 -1 -1 -1 -1 -1 3 -1 -1 -1 -1 -1 1 25 10 -1 -1 -1 -1 2 -1 -1 -1 23 -1 -1 -1 -1 -1 -1 -1 -1 -1 -1 -1 -1 -1 -1 31 -1 30 -1 -1 -1 -1 -1 -1 -1 -1 -1 7 -1 9 17 -1 -1 -1 -1 -1 26 22 -1 -1 -1 -1 -1 -1 -1 -1 21 -1 -1 -1 -1 -1 -1 -1 -1 20 19 18 -1 -1 
-1 -1 -1 -1 4 5 6 -1 -1 -1 -1 -1 -1 3 -1 -1 -1 -1 -1 1 25 10 -1 -1 -1 -1 -1 -1 -1 -1 23 -1 -1 -1 -1 -1 -1 -1 -1 -1 -1 -1 2 -1 -1 31 -1 30 -1 -1 -1 -1 -1 -1 -1 -1 -1 7 -1 9 17 -1 -1 -1 -1 -1 26 22 -1 -1 -1 -1 -1 -1 -1 -1 21 -1 -1 -1 -1 -1 -1 -1 -1 20 19 18 -1 -1 
-1 -1 -1 -1 4 5 6 -1 -1 -1 -1 -1 -1 3 -1 -1 -1 -1 -1 1 25 10 -1 -1 -1 -1 -1 -1 -1 -1 23 -1 -1 -1 -1 -1 -1 -1 -1 -1 -1 -1 2 -1 -1 31 -1 30 -1 -1 -1 -1 -1 17 -1 -1 -1 7 -1 9 -1 -1 -1 -1 -1 -1 26 22 -1 -1 -1 -1 -1 -1 -1 -1 21 -1 -1 -1 -1 -1 -1 -1 -1 20 19 18 -1 -1 
-1 -1 -1 -1 4 5 6 -1 -1 -1 -1 -1 -1 3 -1 -1 -1 -1 -1 1 25 10 -1 -1 -1 -1 -1 -1 -1 -1 23 -1 -1 -1 -1 -1 -1 -1 -1 -1 -1 -1 -1 -1 -1 31 -1 30 -1 -1 -1 -1 -1 17 -1 -1 -1 7 2 9 -1 -1 -1 -1 -1 -1 26 22 -1 -1 -1 -1 -1 -1 -1 -1 21 -1 -1 -1 -1 -1 -1 -1 -1 20 19 18 -1 -1 
-1 -1 -1 -1 4 5 6 -1 -1 -1 -1 -1 -1 3 -1 -1 -1 -1 -1 1 25 10 -1 -1 -1 -1 -1 -1 -1 -1 23 -1 -1 -1 17 -1 -1 -1 -1 -1 -1 -1 -1 -1 -1 31 -1 30 -1 -1 -1 -1 -1 -1 -1 -1 -1 7 2 9 -1 -1 -1 -1 -1 -1 26 22 -1 -1 -1 -1 -1 -1 -1 -1 21 -1 -1 -1 -1 -1 -1 -1 -1 20 19 18 -1 -1 
-1 -1 -1 -1 4 5 6 -1 -1 -1 -1 -1 -1 3 9 -1 -1 -1 -1 1 25 10 -1 -1 -1 -1 -1 -1 -1 -1 23 -1 -1 -1 17 -1 -1 -1 -1 -1 -1 -1 -1 -1 -1 31 -1 30 -1 -1 -1 -1 -1 -1 -1 -1 -1 7 2 -1 -1 -1 -1 -1 -1 -1 26 22 -1 -1 -1 -1 -1 -1 -1 -1 21 -1 -1 -1 -1 -1 -1 -1 -1 20 19 18 -1 -1 
-1 -1 -1 -1 4 5 6 -1 -1 -1 -1 -1 -1 3 9 -1 -1 -1 -1 1 25 10 -1 -1 -1 -1 -1 -1 -1 -1 23 -1 -1 -1 -1 -1 -1 -1 -1 -1 -1 17 -1 -1 -1 31 -1 30 -1 -1 -1 -1 -1 -1 -1 -1 -1 7 2 -1 -1 -1 -1 -1 -1 -1 26 22 -1 -1 -1 -1 -1 -1 -1 -1 21 -1 -1 -1 -1 -1 -1 -1 -1 20 19 18 -1 -1 
-1 -1 -1 -1 4 5 6 -1 -1 -1 -1 -1 -1 -1 9 -1 -1 -1 -1 1 25 10 -1 3 -1 -1 -1 -1 -1 -1 23 -1 -1 -1 -1 -1 -1 -1 -1 -1 -1 17 -1 -1 -1 31 -1 30 -1 -1 -1 -1 -1 -1 -1 -1 -1 7 2 -1 -1 -1 -1 -1 -1 -1 26 22 -1 -1 -1 -1 -1 -1 -1 -1 21 -1 -1 -1 -1 -1 -1 -1 -1 20 19 18 -1 -1 
-1 -1 -1 -1 4 5 6 -1 -1 -1 -1 -1 -1 -1 9 -1 -1 -1 -1 1 25 10 -1 3 -1 -1 -1 -1 -1 -1 23 -1 -1 -1 -1 -1 -1 -1 -1 -1 -1 -1 -1 -1 -1 31 -1 30 -1 -1 -1 -1 -1 -1 -1 -1 -1 7 17 -1 -1 -1 -1 -1 -1 -1 26 22 -1 -1 -1 -1 -1 -1 -1 -1 21 -1 -1 -1 -1 -1 -1 -1 -1 20 19 18 -1 -1 
-1 -1 -1 -1 4 5 6 -1 -1 -1 -1 -1 -1 -1 9 -1 -1 -1 -1 1 25 10 -1 -1 -1 -1 -1 -1 -1 -1 23 3 -1 -1 -1 -1 -1 -1 -1 -1 -1 -1 -1 -1 -1 31 -1 30 -1 -1 -1 -1 -1 -1 -1 -1 -1 7 17 -1 -1 -1 -1 -1 -1 -1 26 22 -1 -1 -1 -1 -1 -1 -1 -1 21 -1 -1 -1 -1 -1 -1 -1 -1 20 19 18 -1 -1 
-1 -1 -1 -1 4 5 6 -1 -1 -1 -1 -1 -1 -1 9 -1 -1 -1 -1 1 25 10 -1 -1 -1 -1 -1 -1 -1 -1 23 3 -1 -1 -1 -1 -1 -1 -1 17 -1 -1 -1 -1 -1 31 -1 30 -1 -1 -1 -1 -1 -1 -1 -1 -1 7 -1 -1 -1 -1 -1 -1 -1 -1 26 22 -1 -1 -1 -1 -1 -1 -1 -1 21 -1 -1 -1 -1 -1 -1 -1 -1 20 19 18 -1 -1 
-1 -1 -1 -1 4 5 6 -1 -1 -1 -1 -1 -1 -1 9 -1 -1 -1 -1 1 25 -1 -1 -1 -1 -1 -1 -1 -1 -1 23 3 -1 -1 -1 -1 -1 -1 -1 10 -1 -1 -1 -1 -1 31 -1 30 -1 -1 -1 -1 -1 -1 -1 -1 -1 7 -1 -1 -1 -1 -1 -1 -1 -1 26 22 -1 -1 -1 -1 -1 -1 -1 -1 21 -1 -1 -1 -1 -1 -1 -1 -1 20 19 18 -1 -1 
-1 -1 -1 -1 4 5 6 -1 -1 -1 -1 -1 -1 -1 9 -1 -1 -1 -1 1 25 -1 -1 -1 -1 -1 -1 -1 -1 -1 23 3 -1 -1 -1 -1 -1 -1 -1 26 -1 -1 -1 -1 -1 31 -1 30 -1 -1 -1 -1 -1 -1 -1 -1 -1 7 -1 -1 -1 -1 -1 -1 -1 -1 -1 22 -1 -1 -1 -1 -1 -1 -1 -1 21 -1 -1 -1 -1 -1 -1 -1 -1 20 19 18 -1 -1 
-1 -1 1 -1 4 5 6 -1 -1 -1 -1 -1 -1 -1 9 -1 -1 -1 -1 -1 25 -1 -1 -1 -1 -1 -1 -1 -1 -1 23 3 -1 -1 -1 -1 -1 -1 -1 26 -1 -1 -1 -1 -1 31 -1 30 -1 -1 -1 -1 -1 -1 -1 -1 -1 7 -1 -1 -1 -1 -1 -1 -1 -1 -1 22 -1 -1 -1 -1 -1 -1 -1 -1 21 -1 -1 -1 -1 -1 -1 -1 -1 20 19 18 -1 -1 
-1 -1 1 -1 4 5 6 -1 -1 -1 -1 25 -1 -1 9 -1 -1 -1 -1 -1 -1 -1 -1 -1 -1 -1 -1 -1 -1 -1 23 3 -1 -1 -1 -1 -1 -1 -1 26 -1 -1 -1 -1 -1 31 -1 30 -1 -1 -1 -1 -1 -1 -1 -1 -1 7 -1 -1 -1 -1 -1 -1 -1 -1 -1 22 -1 -1 -1 -1 -1 -1 -1 -1 21 -1 -1 -1 -1 -1 -1 -1 -1 20 19 18 -1 -1 
-1 -1 1 -1 4 5 6 -1 -1 -1 -1 25 -1 -1 9 -1 -1 -1 -1 -1 -1 -1 -1 -1 -1 -1 -1 -1 -1 -1 23 3 -1 -1 -1 -1 -1 -1 -1 26 -1 -1 -1 -1 -1 31 -1 30 -1 -1 7 -1 -1 -1 -1 -1 -1 -1 -1 -1 -1 -1 -1 -1 -1 -1 -1 22 -1 -1 -1 -1 -1 -1 -1 -1 21 -1 -1 -1 -1 -1 -1 -1 -1 20 19 18 -1 -1 
-1 -1 1 -1 4 5 6 -1 -1 -1 -1 25 -1 -1 9 -1 -1 -1 -1 -1 -1 -1 -1 -1 -1 -1 -1 -1 -1 -1 23 3 -1 -1 -1 -1 -1 26 -1 -1 -1 -1 -1 -1 -1 31 -1 30 -1 -1 7 -1 -1 -1 -1 -1 -1 -1 -1 -1 -1 -1 -1 -1 -1 -1 -1 22 -1 -1 -1 -1 -1 -1 -1 -1 21 -1 -1 -1 -1 -1 -1 -1 -1 20 19 18 -1 -1 
-1 -1 1 -1 4 5 6 -1 -1 -1 -1 9 -1 -1 -1 -1 -1 -1 -1 -1 -1 -1 -1 -1 -1 -1 -1 -1 -1 -1 23 3 -1 -1 -1 -1 -1 26 -1 -1 -1 -1 -1 -1 -1 31 -1 30 -1 -1 7 -1 -1 -1 -1 -1 -1 -1 -1 -1 -1 -1 -1 -1 -1 -1 -1 22 -1 -1 -1 -1 -1 -1 -1 -1 21 -1 -1 -1 -1 -1 -1 -1 -1 20 19 18 -1 -1 
-1 26 1 -1 4 5 6 -1 -1 -1 -1 9 -1 -1 -1 -1 -1 -1 -1 -1 -1 -1 -1 -1 -1 -1 -1 -1 -1 -1 23 3 -1 -1 -1 -1 -1 -1 -1 -1 -1 -1 -1 -1 -1 31 -1 30 -1 -1 7 -1 -1 -1 -1 -1 -1 -1 -1 -1 -1 -1 -1 -1 -1 -1 -1 22 -1 -1 -1 -1 -1 -1 -1 -1 21 -1 -1 -1 -1 -1 -1 -1 -1 20 19 18 -1 -1 
-1 26 1 -1 4 5 6 -1 -1 -1 -1 9 -1 -1 -1 -1 -1 -1 -1 -1 -1 3 -1 -1 -1 -1 -1 -1 -1 -1 23 -1 -1 -1 -1 -1 -1 -1 -1 -1 -1 -1 -1 -1 -1 31 -1 30 -1 -1 7 -1 -1 -1 -1 -1 -1 -1 -1 -1 -1 -1 -1 -1 -1 -1 -1 22 -1 -1 -1 -1 -1 -1 -1 -1 21 -1 -1 -1 -1 -1 -1 -1 -1 20 19 18 -1 -1 
-1 26 1 -1 4 5 6 -1 -1 -1 -1 9 -1 -1 -1 -1 -1 -1 -1 -1 17 3 -1 -1 -1 -1 -1 -1 -1 -1 23 -1 -1 -1 -1 -1 -1 -1 -1 -1 -1 -1 -1 -1 -1 31 -1 30 -1 -1 7 -1 -1 -1 -1 -1 -1 -1 -1 -1 -1 -1 -1 -1 -1 -1 -1 22 -1 -1 -1 -1 -1 -1 -1 -1 21 -1 -1 -1 -1 -1 -1 -1 -1 20 19 18 -1 -1 
-1 26 1 -1 -1 4 6 -1 -1 -1 -1 9 -1 -1 -1 -1 -1 -1 -1 -1 17 3 -1 -1 -1 -1 -1 -1 -1 -1 23 -1 -1 -1 -1 -1 -1 -1 -1 -1 -1 -1 -1 -1 -1 31 -1 30 -1 -1 7 -1 -1 -1 -1 -1 -1 -1 -1 -1 -1 -1 -1 -1 -1 -1 -1 22 -1 -1 -1 -1 -1 -1 -1 -1 21 -1 -1 -1 -1 -1 -1 -1 -1 20 19 18 -1 -1 
-1 26 1 -1 -1 4 6 -1 -1 -1 -1 9 -1 -1 -1 -1 -1 -1 -1 -1 17 3 -1 -1 -1 -1 -1 -1 -1 -1 23 -1 -1 -1 -1 -1 31 -1 -1 -1 -1 -1 -1 -1 -1 -1 -1 30 -1 -1 7 -1 -1 -1 -1 -1 -1 -1 -1 -1 -1 -1 -1 -1 -1 -1 -1 22 -1 -1 -1 -1 -1 -1 -1 -1 21 -1 -1 -1 -1 -1 -1 -1 -1 20 19 18 -1 -1 
-1 26 1 -1 -1 -1 6 -1 -1 -1 -1 9 -1 -1 -1 -1 -1 -1 -1 -1 17 3 -1 -1 -1 -1 -1 -1 -1 -1 23 -1 -1 -1 -1 -1 31 -1 -1 -1 -1 -1 -1 -1 -1 -1 -1 30 -1 -1 7 -1 -1 -1 -1 -1 -1 -1 -1 -1 -1 -1 -1 -1 -1 -1 -1 22 -1 -1 -1 -1 -1 -1 -1 -1 21 -1 -1 -1 -1 -1 -1 -1 -1 20 19 18 -1 -1 
-1 26 1 -1 -1 -1 6 -1 -1 -1 -1 9 -1 -1 -1 -1 -1 -1 -1 -1 17 3 -1 -1 -1 -1 -1 -1 -1 -1 23 -1 -1 -1 -1 -1 -1 31 -1 -1 -1 -1 -1 -1 -1 -1 -1 30 -1 -1 7 -1 -1 -1 -1 -1 -1 -1 -1 -1 -1 -1 -1 -1 -1 -1 -1 22 -1 -1 -1 -1 -1 -1 -1 -1 21 -1 -1 -1 -1 -1 -1 -1 -1 20 19 18 -1 -1 
-1 26 1 -1 -1 -1 6 -1 -1 -1 -1 9 -1 -1 -1 -1 -1 -1 -1 -1 17 3 -1 -1 -1 -1 -1 -1 -1 -1 23 7 -1 -1 -1 -1 -1 31 -1 -1 -1 -1 -1 -1 -1 -1 -1 30 -1 -1 -1 -1 -1 -1 -1 -1 -1 -1 -1 -1 -1 -1 -1 -1 -1 -1 -1 22 -1 -1 -1 -1 -1 -1 -1 -1 21 -1 -1 -1 -1 -1 -1 -1 -1 20 19 18 -1 -1 
-1 26 1 -1 -1 -1 6 -1 -1 -1 -1 9 -1 -1 -1 -1 -1 -1 -1 -1 -1 3 -1 -1 -1 -1 -1 -1 -1 -1 23 7 -1 -1 -1 -1 -1 31 -1 17 -1 -1 -1 -1 -1 -1 -1 30 -1 -1 -1 -1 -1 -1 -1 -1 -1 -1 -1 -1 -1 -1 -1 -1 -1 -1 -1 22 -1 -1 -1 -1 -1 -1 -1 -1 21 -1 -1 -1 -1 -1 -1 -1 -1 20 19 18 -1 -1 
-1 26 1 -1 -1 -1 6 -1 -1 -1 -1 9 -1 -1 4 -1 -1 -1 -1 -1 -1 3 -1 -1 -1 -1 -1 -1 -1 -1 23 7 -1 -1 -1 -1 -1 31 -1 17 -1 -1 -1 -1 -1 -1 -1 30 -1 -1 -1 -1 -1 -1 -1 -1 -1 -1 -1 -1 -1 -1 -1 -1 -1 -1 -1 22 -1 -1 -1 -1 -1 -1 -1 -1 21 -1 -1 -1 -1 -1 -1 -1 -1 20 19 18 -1 -1 
-1 -1 1 -1 -1 -1 6 -1 -1 -1 26 9 -1 -1 4 -1 -1 -1 -1 -1 -1 3 -1 -1 -1 -1 -1 -1 -1 -1 23 7 -1 -1 -1 -1 -1 31 -1 17 -1 -1 -1 -1 -1 -1 -1 30 -1 -1 -1 -1 -1 -1 -1 -1 -1 -1 -1 -1 -1 -1 -1 -1 -1 -1 -1 22 -1 -1 -1 -1 -1 -1 -1 -1 21 -1 -1 -1 -1 -1 -1 -1 -1 20 19 18 -1 -1 
-1 -1 1 -1 -1 4 6 -1 -1 -1 26 9 -1 -1 -1 -1 -1 -1 -1 -1 -1 3 -1 -1 -1 -1 -1 -1 -1 -1 23 7 -1 -1 -1 -1 -1 31 -1 17 -1 -1 -1 -1 -1 -1 -1 30 -1 -1 -1 -1 -1 -1 -1 -1 -1 -1 -1 -1 -1 -1 -1 -1 -1 -1 -1 22 -1 -1 -1 -1 -1 -1 -1 -1 21 -1 -1 -1 -1 -1 -1 -1 -1 20 19 18 -1 -1 
-1 -1 1 -1 -1 4 6 -1 -1 -1 -1 26 -1 -1 -1 -1 -1 -1 -1 -1 -1 3 -1 -1 -1 -1 -1 -1 -1 -1 23 7 -1 -1 -1 -1 -1 31 -1 17 -1 -1 -1 -1 -1 -1 -1 30 -1 -1 -1 -1 -1 -1 -1 -1 -1 -1 -1 -1 -1 -1 -1 -1 -1 -1 -1 22 -1 -1 -1 -1 -1 -1 -1 -1 21 -1 -1 -1 -1 -1 -1 -1 -1 20 19 18 -1 -1 
-1 -1 1 -1 -1 4 6 -1 -1 -1 -1 26 -1 -1 -1 -1 -1 -1 -1 -1 -1 3 -1 -1 -1 -1 -1 -1 -1 -1 23 -1 -1 -1 -1 -1 -1 31 -1 17 -1 -1 -1 -1 -1 -1 -1 30 7 -1 -1 -1 -1 -1 -1 -1 -1 -1 -1 -1 -1 -1 -1 -1 -1 -1 -1 22 -1 -1 -1 -1 -1 -1 -1 -1 21 -1 -1 -1 -1 -1 -1 -1 -1 20 19 18 -1 -1 
-1 -1 1 -1 -1 4 6 -1 -1 -1 -1 26 -1 -1 -1 -1 -1 -1 -1 -1 -1 3 -1 -1 -1 -1 -1 -1 -1 -1 23 -1 -1 -1 -1 -1 -1 31 30 17 -1 -1 -1 -1 -1 -1 -1 -1 7 -1 -1 -1 -1 -1 -1 -1 -1 -1 -1 -1 -1 -1 -1 -1 -1 -1 -1 22 -1 -1 -1 -1 -1 -1 -1 -1 21 -1 -1 -1 -1 -1 -1 -1 -1 20 19 18 -1 -1 
-1 -1 1 -1 -1 5 6 -1 -1 -1 -1 26 -1 -1 -1 -1 -1 -1 -1 -1 -1 3 -1 -1 -1 -1 -1 -1 -1 -1 23 -1 -1 -1 -1 -1 -1 31 30 17 -1 -1 -1 -1 -1 -1 -1 -1 7 -1 -1 -1 -1 -1 -1 -1 -1 -1 -1 -1 -1 -1 -1 -1 -1 -1 -1 22 -1 -1 -1 -1 -1 -1 -1 -1 21 -1 -1 -1 -1 -1 -1 -1 -1 20 19 18 -1 -1 
-1 -1 1 -1 -1 5 6 -1 -1 -1 -1 26 -1 -1 -1 -1 -1 -1 -1 -1 -1 3 -1 -1 -1 -1 -1 -1 31 -1 23 -1 -1 -1 -1 -1 -1 -1 30 17 -1 -1 -1 -1 -1 -1 -1 -1 7 -1 -1 -1 -1 -1 -1 -1 -1 -1 -1 -1 -1 -1 -1 -1 -1 -1 -1 22 -1 -1 -1 -1 -1 -1 -1 -1 21 -1 -1 -1 -1 -1 -1 -1 -1 20 19 18 -1 -1 
-1 -1 1 -1 -1 5 6 -1 -1 -1 -1 26 -1 -1 -1 -1 -1 -1 -1 -1 -1 -1 -1 -1 -1 -1 -1 -1 31 -1 23 3 -1 -1 -1 -1 -1 -1 30 17 -1 -1 -1 -1 -1 -1 -1 -1 7 -1 -1 -1 -1 -1 -1 -1 -1 -1 -1 -1 -1 -1 -1 -1 -1 -1 -1 22 -1 -1 -1 -1 -1 -1 -1 -1 21 -1 -1 -1 -1 -1 -1 -1 -1 20 19 18 -1 -1 
-1 -1 1 -1 -1 5 6 -1 -1 -1 -1 26 -1 -1 -1 -1 -1 -1 -1 -1 -1 -1 -1 -1 -1 -1 -1 -1 31 30 23 3 -1 -1 -1 -1 -1 -1 -1 17 -1 -1 -1 -1 -1 -1 -1 -1 7 -1 -1 -1 -1 -1 -1 -1 -1 -1 -1 -1 -1 -1 -1 -1 -1 -1 -1 22 -1 -1 -1 -1 -1 -1 -1 -1 21 -1 -1 -1 -1 -1 -1 -1 -1 20 19 18 -1 -1 
-1 -1 1 -1 -1 5 6 -1 -1 -1 -1 26 -1 -1 -1 -1 -1 -1 -1 -1 -1 -1 -1 -1 -1 -1 -1 -1 31 30 23 -1 -1 -1 -1 -1 -1 -1 -1 3 -1 -1 -1 -1 -1 -1 -1 -1 7 -1 -1 -1 -1 -1 -1 -1 -1 -1 -1 -1 -1 -1 -1 -1 -1 -1 -1 22 -1 -1 -1 -1 -1 -1 -1 -1 21 -1 -1 -1 -1 -1 -1 -1 -1 20 19 18 -1 -1 
-1 -1 1 -1 -1 5 6 -1 -1 -1 -1 26 -1 -1 -1 -1 -1 -1 -1 -1 -1 -1 -1 -1 -1 -1 -1 -1 31 30 23 -1 17 -1 -1 -1 -1 -1 -1 -1 -1 -1 -1 -1 -1 -1 -1 -1 7 -1 -1 -1 -1 -1 -1 -1 -1 -1 -1 -1 -1 -1 -1 -1 -1 -1 -1 22 -1 -1 -1 -1 -1 -1 -1 -1 21 -1 -1 -1 -1 -1 -1 -1 -1 20 19 18 -1 -1 
