0 1 2 3 4 5 6 7 8 -1 -1 -1 -1 -1 -1 -1 -1 -1 -1 9 -1 -1 -1 -1 -1 10 -1 11 -1 12 -1 28 -1 14 -1 15 -1 -1 -1 -1 -1 -1 -1 -1 -1 -1 -1 30 -1 -1 -1 -1 -1 -1 -1 -1 -1 -1 29 -1 -1 -1 27 -1 26 -1 -1 -1 -1 -1 25 -1 -1 -1 -1 -1 -1 -1 -1 -1 -1 24 31 22 21 20 19 18 17 16 
0 1 2 3 4 5 -1 7 8 -1 -1 -1 -1 -1 -1 -1 -1 -1 -1 9 -1 -1 6 -1 -1 10 -1 11 -1 12 -1 28 -1 14 -1 15 -1 -1 -1 -1 -1 -1 -1 -1 -1 -1 -1 30 -1 -1 -1 -1 -1 -1 -1 -1 -1 -1 29 -1 -1 -1 27 -1 26 -1 -1 -1 -1 -1 25 -1 -1 -1 -1 -1 -1 -1 -1 -1 -1 24 31 22 21 20 19 18 17 16 
0 1 2 3 4 5 -1 7 8 -1 -1 -1 -1 -1 -1 -1 -1 -1 -1 9 -1 -1 6 -1 -1 10 -1 11 -1 12 -1 28 -1 14 -1 15 -1 -1 -1 -1 -1 -1 -1 -1 -1 -1 -1 30 -1 -1 -1 -1 -1 -1 -1 -1 -1 -1 29 -1 -1 -1 27 -1 26 23 -1 -1 -1 -1 25 -1 -1 -1 -1 -1 -1 -1 -1 -1 -1 24 -1 22 21 20 19 18 17 16 
0 1 2 3 4 5 -1 7 8 -1 -1 -1 -1 -1 -1 -1 -1 -1 -1 9 -1 -1 6 -1 -1 10 -1 11 -1 12 -1 28 -1 -1 -1 15 -1 -1 -1 -1 -1 -1 14 -1 -1 -1 -1 30 -1 -1 -1 -1 -1 -1 -1 -1 -1 -1 29 -1 -1 -1 27 -1 26 23 -1 -1 -1 -1 25 -1 -1 -1 -1 -1 -1 -1 -1 -1 -1 24 -1 22 21 20 19 18 17 16 
0 1 2 3 4 5 -1 7 8 -1 -1 -1 -1 -1 -1 -1 -1 -1 -1 9 -1 -1 6 -1 -1 10 -1 11 -1 12 -1 28 -1 -1 -1 15 -1 -1 -1 -1 -1 -1 14 -1 -1 -1 -1 30 -1 -1 -1 -1 -1 -1 -1 -1 -1 -1 29 -1 -1 -1 27 26 -1 23 -1 -1 -1 -1 25 -1 -1 -1 -1 -1 -1 -1 -1 -1 -1 24 -1 22 21 20 19 18 17 16 
-1 1 2 3 4 5 -1 7 8 0 -1 -1 -1 -1 -1 -1 -1 -1 -1 9 -1 -1 6 -1 -1 10 -1 11 -1 12 -1 28 -1 -1 -1 15 -1 -1 -1 -1 -1 -1 14 -1 -1 -1 -1 30 -1 -1 -1 -1 -1 -1 -1 -1 -1 -1 29 -1 -1 -1 27 26 -1 23 -1 -1 -1 -1 25 -1 -1 -1 -1 -1 -1 -1 -1 -1 -1 24 -1 22 21 20 19 18 17 16 
-1 1 2 3 4 5 -1 7 8 0 -1 -1 -1 -1 -1 -1 -1 -1 -1 9 -1 -1 6 -1 -1 10 -1 11 -1 12 -1 28 -1 -1 -1 15 -1 -1 -1 -1 -1 -1 14 -1 -1 -1 -1 30 -1 -1 -1 -1 -1 -1 -1 -1 -1 -1 29 -1 -1 -1 27 26 -1 23 -1 -1 -1 -1 25 -1 -1 -1 -1 -1 -1 -1 -1 -1 -1 -1 24 22 21 20 19 18 17 16 
-1 1 2 3 4 5 -1 7 8 -1 -1 -1 0 -1 -1 -1 -1 -1 -1 9 -1 -1 6 -1 -1 10 -1 11 -1 12 -1 28 -1 -1 -1 15 -1 -1 -1 -1 -1 -1 14 -1 -1 -1 -1 30 -1 -1 -1 -1 -1 -1 -1 -1 -1 -1 29 -1 -1 -1 27 26 -1 23 -1 -1 -1 -1 25 -1 -1 -1 -1 -1 -1 -1 -1 -1 -1 -1 24 22 21 20 19 18 17 16 
-1 1 2 3 4 5 -1 7 8 -1 -1 -1 0 -1 -1 -1 -1 -1 -1 9 -1 -1 6 -1 -1 10 -1 11 -1 12 -1 28 -1 -1 -1 15 -1 -1 -1 -1 -1 -1 14 -1 -1 -1 -1 30 -1 -1 -1 -1 -1 -1 -1 -1 -1 -1 29 -1 -1 -1 27 26 -1 23 -1 25 -1 -1 -1 -1 -1 -1 -1 -1 -1 -1 -1 -1 -1 -1 24 22 21 20 19 18 17 16 
-1 1 2 3 4 5 -1 -1 8 -1 -1 -1 0 -1 7 -1 -1 -1 -1 9 -1 -1 6 -1 -1 10 -1 11 -1 12 -1 28 -1 -1 -1 15 -1 -1 -1 -1 -1 -1 14 -1 -1 -1 -1 30 -1 -1 -1 -1 -1 -1 -1 -1 -1 -1 29 -1 -1 -1 27 26 -1 23 -1 25 -1 -1 -1 -1 -1 -1 -1 -1 -1 -1 -1 -1 -1 -1 24 22 21 20 19 18 17 16 
-1 1 2 3 4 5 -1 -1 8 -1 -1 -1 0 -1 7 -1 -1 -1 -1 9 -1 -1 6 -1 -1 10 -1 11 -1 12 -1 28 -1 -1 -1 15 -1 -1 -1 -1 -1 -1 14 -1 -1 -1 -1 30 -1 -1 -1 -1 -1 -1 -1 -1 -1 -1 29 -1 -1 -1 27 26 -1 23 -1 25 -1 17 -1 -1 -1 -1 -1 -1 -1 -1 -1 -1 -1 -1 24 22 21 20 19 18 -1 16 
-1 1 2 3 4 5 8 -1 -1 -1 -1 -1 0 -1 7 -1 -1 -1 -1 9 -1 -1 6 -1 -1 10 -1 11 -1 12 -1 28 -1 -1 -1 15 -1 -1 -1 -1 -1 -1 14 -1 -1 -1 -1 30 -1 -1 -1 -1 -1 -1 -1 -1 -1 -1 29 -1 -1 -1 27 26 -1 23 -1 25 -1 17 -1 -1 -1 -1 -1 -1 -1 -1 -1 -1 -1 -1 24 22 21 20 19 18 -1 16 
-1 1 2 3 4 5 8 -1 -1 -1 -1 -1 0 -1 7 -1 -1 -1 -1 9 -1 -1 6 -1 -1 10 -1 11 -1 12 -1 28 -1 -1 -1 15 -1 -1 -1 -1 -1 -1 14 -1 -1 -1 -1 30 -1 -1 -1 -1 -1 -1 -1 -1 -1 -1 29 -1 -1 -1 27 26 -1 23 -1 25 -1 17 -1 18 -1 -1 -1 -1 -1 -1 -1 -1 -1 -1 24 22 21 20 19 -1 -1 16 
-1 -1 2 3 4 5 8 -1 -1 -1 -1 -1 0 -1 7 -1 -1 -1 1 9 -1 -1 6 -1 -1 10 -1 11 -1 12 -1 28 -1 -1 -1 15 -1 -1 -1 -1 -1 -1 14 -1 -1 -1 -1 30 -1 -1 -1 -1 -1 -1 -1 -1 -1 -1 29 -1 -1 -1 27 26 -1 23 -1 25 -1 17 -1 18 -1 -1 -1 -1 -1 -1 -1 -1 -1 -1 24 22 21 20 19 -1 -1 16 
-1 -1 2 3 4 5 8 -1 -1 -1 -1 -1 0 -1 7 -1 -1 -1 1 9 -1 -1 6 -1 -1 10 -1 11 -1 12 -1 28 -1 -1 -1 15 -1 -1 -1 -1 -1 -1 14 -1 -1 -1 -1 30 -1 -1 -1 -1 -1 -1 -1 -1 -1 -1 29 -1 -1 -1 27 26 -1 23 -1 25 -1 17 -1 18 -1 -1 -1 -1 -1 -1 -1 -1 -1 -1 24 22 21 20 19 -1 16 -1 
-1 -1 2 3 4 5 8 -1 -1 -1 -1 -1 0 -1 7 -1 -1 -1 1 -1 9 -1 6 -1 -1 10 -1 11 -1 12 -1 28 -1 -1 -1 15 -1 -1 -1 -1 -1 -1 14 -1 -1 -1 -1 30 -1 -1 -1 -1 -1 -1 -1 -1 -1 -1 29 -1 -1 -1 27 26 -1 23 -1 25 -1 17 -1 18 -1 -1 -1 -1 -1 -1 -1 -1 -1 -1 24 22 21 20 19 -1 16 -1 
-1 -1 2 3 4 5 8 -1 -1 -1 -1 -1 0 -1 7 -1 -1 -1 1 -1 9 -1 6 -1 -1 10 -1 11 -1 12 -1 28 -1 -1 -1 15 -1 -1 -1 -1 -1 -1 14 -1 -1 -1 -1 30 -1 29 -1 -1 -1 -1 -1 -1 -1 -1 -1 -1 -1 -1 27 26 -1 23 -1 25 -1 17 -1 18 -1 -1 -1 -1 -1 -1 -1 -1 -1 -1 24 22 21 20 19 -1 16 -1 
-1 -1 2 3 4 5 8 -1 -1 -1 -1 -1 -1 -1 7 -1 -1 -1 1 -1 9 -1 6 -1 -1 10 -1 11 -1 12 -1 28 -1 -1 -1 15 -1 -1 -1 -1 -1 -1 14 -1 -1 -1 -1 30 -1 29 -1 -1 -1 -1 -1 -1 -1 0 -1 -1 -1 -1 27 26 -1 23 -1 25 -1 17 -1 18 -1 -1 -1 -1 -1 -1 -1 -1 -1 -1 24 22 21 20 19 -1 16 -1 
-1 -1 2 3 4 5 8 -1 -1 -1 -1 -1 -1 -1 7 -1 -1 -1 1 -1 9 -1 6 -1 -1 10 -1 11 -1 12 -1 28 -1 -1 -1 15 -1 -1 -1 -1 -1 -1 14 -1 -1 -1 -1 30 -1 29 -1 -1 -1 -1 -1 -1 -1 0 23 -1 -1 -1 27 26 -1 -1 -1 25 -1 17 -1 18 -1 -1 -1 -1 -1 -1 -1 -1 -1 -1 24 22 21 20 19 -1 16 -1 
-1 -1 2 3 4 5 8 -1 -1 -1 -1 -1 -1 -1 7 -1 -1 -1 1 -1 -1 -1 6 -1 -1 10 -1 11 -1 12 -1 28 -1 -1 -1 15 -1 -1 -1 -1 -1 -1 14 -1 -1 -1 -1 9 -1 29 -1 -1 -1 -1 -1 -1 -1 0 23 -1 -1 -1 27 26 -1 -1 -1 25 -1 17 -1 18 -1 -1 -1 -1 -1 -1 -1 -1 -1 -1 24 22 21 20 19 -1 16 -1 
-1 -1 2 3 4 5 8 -1 -1 -1 -1 -1 -1 -1 7 -1 -1 -1 1 -1 -1 -1 6 -1 -1 10 -1 11 -1 12 -1 28 -1 -1 -1 15 -1 -1 -1 -1 29 -1 14 -1 -1 -1 -1 9 -1 -1 -1 -1 -1 -1 -1 -1 -1 0 23 -1 -1 -1 27 26 -1 -1 -1 25 -1 17 -1 18 -1 -1 -1 -1 -1 -1 -1 -1 -1 -1 24 22 21 20 19 -1 16 -1 
-1 -1 2 3 4 5 8 -1 -1 -1 -1 -1 -1 -1 7 -1 -1 -1 1 -1 -1 -1 6 -1 -1 10 -1 11 -1 12 -1 -1 -1 -1 -1 15 -1 -1 -1 -1 13 -1 14 -1 -1 -1 -1 9 -1 -1 -1 -1 -1 -1 -1 -1 -1 0 23 -1 -1 -1 27 26 -1 -1 -1 25 -1 17 -1 18 -1 -1 -1 -1 -1 -1 -1 -1 -1 -1 24 22 21 20 19 -1 16 -1 
-1 -1 2 3 4 5 8 -1 -1 -1 -1 -1 -1 -1 7 -1 -1 -1 1 -1 -1 -1 6 -1 -1 10 -1 11 -1 12 -1 -1 -1 -1 -1 15 -1 -1 -1 -1 25 -1 14 -1 -1 -1 -1 9 -1 -1 -1 -1 -1 -1 -1 -1 -1 0 23 -1 -1 -1 27 26 -1 -1 -1 -1 -1 17 -1 18 -1 -1 -1 -1 -1 -1 -1 -1 -1 -1 24 22 21 20 19 -1 16 -1 
-1 -1 2 -1 4 5 8 -1 -1 -1 -1 -1 -1 3 7 -1 -1 -1 1 -1 -1 -1 6 -1 -1 10 -1 11 -1 12 -1 -1 -1 -1 -1 15 -1 -1 -1 -1 25 -1 14 -1 -1 -1 -1 9 -1 -1 -1 -1 -1 -1 -1 -1 -1 0 23 -1 -1 -1 27 26 -1 -1 -1 -1 -1 17 -1 18 -1 -1 -1 -1 -1 -1 -1 -1 -1 -1 24 22 21 20 19 -1 16 -1 
-1 -1 2 -1 4 5 8 -1 -1 -1 -1 -1 -1 3 7 -1 -1 -1 1 -1 -1 -1 6 -1 -1 10 -1 11 -1 12 -1 -1 -1 -1 -1 15 -1 25 -1 -1 -1 -1 14 -1 -1 -1 -1 9 -1 -1 -1 -1 -1 -1 -1 -1 -1 0 23 -1 -1 -1 27 26 -1 -1 -1 -1 -1 17 -1 18 -1 -1 -1 -1 -1 -1 -1 -1 -1 -1 24 22 21 20 19 -1 16 -1 
-1 -1 2 -1 4 5 8 -1 -1 -1 -1 -1 -1 3 7 -1 -1 -1 1 -1 -1 -1 -1 -1 -1 10 -1 11 -1 12 -1 -1 -1 -1 -1 15 -1 25 6 -1 -1 -1 14 -1 -1 -1 -1 9 -1 -1 -1 -1 -1 -1 -1 -1 -1 0 23 -1 -1 -1 27 26 -1 -1 -1 -1 -1 17 -1 18 -1 -1 -1 -1 -1 -1 -1 -1 -1 -1 24 22 21 20 19 -1 16 -1 
-1 -1 2 -1 4 5 8 -1 -1 -1 25 -1 -1 3 7 -1 -1 -1 1 -1 -1 -1 -1 -1 -1 10 -1 11 -1 12 -1 -1 -1 -1 -1 15 -1 -1 6 -1 -1 -1 14 -1 -1 -1 -1 9 -1 -1 -1 -1 -1 -1 -1 -1 -1 0 23 -1 -1 -1 27 26 -1 -1 -1 -1 -1 17 -1 18 -1 -1 -1 -1 -1 -1 -1 -1 -1 -1 24 22 21 20 19 -1 16 -1 
-1 -1 2 -1 4 5 8 -1 -1 -1 25 -1 -1 3 7 -1 -1 -1 1 -1 -1 -1 10 -1 -1 -1 -1 11 -1 12 -1 -1 -1 -1 -1 15 -1 -1 6 -1 -1 -1 14 -1 -1 -1 -1 9 -1 -1 -1 -1 -1 -1 -1 -1 -1 0 23 -1 -1 -1 27 26 -1 -1 -1 -1 -1 17 -1 18 -1 -1 -1 -1 -1 -1 -1 -1 -1 -1 24 22 21 20 19 -1 16 -1 
-1 -1 2 -1 4 5 8 -1 -1 -1 25 -1 -1 3 7 -1 -1 -1 1 -1 -1 -1 10 -1 -1 -1 -1 11 -1 12 -1 -1 -1 -1 -1 15 -1 -1 6 -1 -1 -1 14 -1 -1 -1 -1 9 -1 -1 -1 -1 -1 -1 -1 -1 -1 0 23 -1 -1 -1 27 -1 -1 -1 -1 26 -1 17 -1 18 -1 -1 -1 -1 -1 -1 -1 -1 -1 -1 24 22 21 20 19 -1 16 -1 
-1 -1 2 -1 4 5 8 -1 -1 -1 25 -1 -1 3 -1 -1 -1 -1 1 -1 -1 -1 10 -1 -1 -1 -1 11 -1 12 -1 -1 -1 7 -1 15 -1 -1 6 -1 -1 -1 14 -1 -1 -1 -1 9 -1 -1 -1 -1 -1 -1 -1 -1 -1 0 23 -1 -1 -1 27 -1 -1 -1 -1 26 -1 17 -1 18 -1 -1 -1 -1 -1 -1 -1 -1 -1 -1 24 22 21 20 19 -1 16 -1 
-1 -1 2 -1 4 5 8 -1 -1 -1 25 -1 -1 3 -1 -1 -1 -1 1 -1 -1 -1 10 -1 -1 -1 -1 11 -1 12 -1 -1 -1 7 -1 15 -1 -1 6 -1 -1 -1 14 -1 -1 -1 -1 9 -1 -1 -1 -1 16 -1 -1 -1 -1 0 23 -1 -1 -1 27 -1 -1 -1 -1 26 -1 17 -1 18 -1 -1 -1 -1 -1 -1 -1 -1 -1 -1 24 22 21 20 19 -1 -1 -1 
-1 -1 2 -1 4 5 8 -1 -1 -1 25 -1 -1 3 -1 -1 -1 -1 1 -1 -1 -1 10 -1 -1 -1 -1 11 -1 12 -1 -1 -1 7 -1 15 -1 -1 6 -1 -1 -1 14 -1 -1 -1 -1 -1 -1 -1 -1 -1 16 -1 -1 -1 9 0 23 -1 -1 -1 27 -1 -1 -1 -1 26 -1 17 -1 18 -1 -1 -1 -1 -1 -1 -1 -1 -1 -1 24 22 21 20 19 -1 -1 -1 
-1 -1 2 -1 4 5 8 -1 -1 -1 25 -1 -1 3 -1 -1 -1 -1 1 -1 -1 -1 26 -1 -1 -1 -1 11 -1 12 -1 -1 -1 7 -1 15 -1 -1 6 -1 -1 -1 14 -1 -1 -1 -1 -1 -1 -1 -1 -1 16 -1 -1 -1 9 0 23 -1 -1 -1 27 -1 -1 -1 -1 -1 -1 17 -1 18 -1 -1 -1 -1 -1 -1 -1 -1 -1 -1 24 22 21 20 19 -1 -1 -1 
-1 -1 2 -1 4 5 8 -1 -1 -1 25 -1 -1 3 -1 -1 -1 -1 1 -1 -1 -1 7 -1 -1 -1 -1 11 -1 12 -1 -1 -1 -1 -1 15 -1 -1 6 -1 -1 -1 14 -1 -1 -1 -1 -1 -1 -1 -1 -1 16 -1 -1 -1 9 0 23 -1 -1 -1 27 -1 -1 -1 -1 -1 -1 17 -1 18 -1 -1 -1 -1 -1 -1 -1 -1 -1 -1 24 22 21 20 19 -1 -1 -1 
-1 -1 2 -1 4 5 8 -1 -1 -1 25 -1 -1 3 -1 -1 -1 -1 1 -1 -1 -1 7 -1 -1 -1 -1 11 -1 12 -1 -1 -1 -1 -1 15 -1 -1 6 -1 -1 -1 14 -1 -1 -1 -1 -1 -1 -1 -1 -1 16 -1 -1 24 9 0 23 -1 -1 -1 27 -1 -1 -1 -1 -1 -1 17 -1 18 -1 -1 -1 -1 -1 -1 -1 -1 -1 -1 -1 22 21 20 19 -1 -1 -1 
-1 -1 2 -1 4 5 8 -1 -1 -1 25 -1 0 3 -1 -1 -1 -1 1 -1 -1 -1 7 -1 -1 -1 -1 11 -1 12 -1 -1 -1 -1 -1 15 -1 -1 6 -1 -1 -1 14 -1 -1 -1 -1 -1 -1 -1 -1 -1 16 -1 -1 24 9 -1 23 -1 -1 -1 27 -1 -1 -1 -1 -1 -1 17 -1 18 -1 -1 -1 -1 -1 -1 -1 -1 -1 -1 -1 22 21 20 19 -1 -1 -1 
-1 -1 2 -1 4 5 8 -1 -1 -1 -1 -1 0 3 -1 -1 -1 -1 1 -1 -1 -1 7 -1 -1 -1 -1 11 25 12 -1 -1 -1 -1 -1 15 -1 -1 6 -1 -1 -1 14 -1 -1 -1 -1 -1 -1 -1 -1 -1 16 -1 -1 24 9 -1 23 -1 -1 -1 27 -1 -1 -1 -1 -1 -1 17 -1 18 -1 -1 -1 -1 -1 -1 -1 -1 -1 -1 -1 22 21 20 19 -1 -1 -1 
-1 -1 2 -1 4 5 8 -1 -1 -1 -1 -1 0 3 -1 -1 -1 -1 1 -1 -1 -1 7 -1 -1 -1 -1 11 25 12 -1 -1 -1 -1 -1 15 -1 -1 6 -1 -1 -1 14 -1 -1 -1 -1 -1 -1 -1 -1 -1 16 -1 -1 24 -1 -1 23 -1 9 -1 27 -1 -1 -1 -1 -1 -1 17 -1 18 -1 -1 -1 -1 -1 -1 -1 -1 -1 -1 -1 22 21 20 19 -1 -1 -1 
-1 -1 2 -1 4 5 8 -1 -1 -1 -1 -1 0 3 -1 -1 -1 -1 1 -1 -1 -1 7 -1 -1 -1 -1 11 25 12 -1 -1 -1 -1 -1 15 -1 -1 6 -1 -1 -1 14 -1 -1 -1 -1 23 -1 -1 -1 -1 16 -1 -1 24 -1 -1 -1 -1 9 -1 27 -1 -1 -1 -1 -1 -1 17 -1 18 -1 -1 -1 -1 -1 -1 -1 -1 -1 -1 -1 22 21 20 19 -1 -1 -1 
-1 -1 2 -1 4 5 8 -1 -1 -1 -1 -1 0 3 -1 -1 -1 -1 1 -1 -1 -1 7 -1 -1 -1 -1 11 25 12 -1 -1 -1 -1 -1 15 -1 -1 6 -1 -1 -1 14 -1 -1 -1 -1 23 -1 -1 -1 -1 16 -1 -1 24 -1 9 -1 -1 -1 -1 27 -1 -1 -1 -1 -1 -1 17 -1 18 -1 -1 -1 -1 -1 -1 -1 -1 -1 -1 -1 22 21 20 19 -1 -1 -1 
-1 -1 2 -1 4 5 8 -1 -1 -1 -1 -1 0 3 -1 -1 -1 -1 1 -1 -1 -1 7 -1 -1 -1 -1 11 25 12 -1 -1 -1 -1 -1 15 -1 -1 6 -1 23 -1 14 -1 -1 -1 -1 -1 -1 -1 -1 -1 16 -1 -1 24 -1 9 -1 -1 -1 -1 27 -1 -1 -1 -1 -1 -1 17 -1 18 -1 -1 -1 -1 -1 -1 -1 -1 -1 -1 -1 22 21 20 19 -1 -1 -1 
-1 -1 2 -1 4 5 8 -1 -1 -1 -1 -1 0 3 -1 -1 -1 -1 1 -1 -1 -1 7 -1 -1 -1 -1 11 25 12 -1 -1 -1 -1 -1 15 -1 -1 6 -1 23 -1 14 -1 -1 -1 -1 -1 -1 -1 -1 -1 16 -1 -1 24 -1 -1 -1 -1 -1 -1 27 -1 -1 -1 9 -1 -1 17 -1 18 -1 -1 -1 -1 -1 -1 -1 -1 -1 -1 -1 22 21 20 19 -1 -1 -1 
-1 -1 2 -1 4 5 8 -1 -1 -1 -1 -1 0 3 -1 -1 -1 -1 1 -1 -1 -1 7 -1 -1 -1 -1 11 25 12 -1 -1 -1 -1 -1 15 -1 -1 6 -1 23 -1 14 -1 -1 -1 -1 -1 -1 -1 -1 -1 16 -1 -1 24 -1 -1 17 -1 -1 -1 27 -1 -1 -1 9 -1 -1 -1 -1 18 -1 -1 -1 -1 -1 -1 -1 -1 -1 -1 -1 22 21 20 19 -1 -1 -1 
-1 -1 2 -1 4 5 8 -1 -1 -1 -1 -1 0 3 -1 -1 -1 -1 1 -1 -1 -1 7 -1 -1 -1 -1 11 25 12 -1 -1 -1 -1 -1 -1 -1 -1 6 -1 23 -1 14 -1 15 -1 -1 -1 -1 -1 -1 -1 16 -1 -1 24 -1 -1 17 -1 -1 -1 27 -1 -1 -1 9 -1 -1 -1 -1 18 -1 -1 -1 -1 -1 -1 -1 -1 -1 -1 -1 22 21 20 19 -1 -1 -1 
-1 -1 2 -1 4 5 8 -1 -1 -1 -1 -1 0 3 -1 -1 -1 -1 1 -1 -1 -1 7 -1 -1 -1 -1 11 25 12 -1 -1 -1 -1 -1 -1 -1 -1 6 -1 23 -1 14 -1 15 -1 -1 -1 -1 -1 -1 -1 16 -1 -1 24 -1 -1 17 -1 -1 -1 27 -1 -1 -1 9 -1 -1 -1 -1 18 -1 -1 -1 -1 21 -1 -1 -1 -1 -1 -1 22 -1 20 19 -1 -1 -1 
-1 -1 2 -1 4 5 8 -1 -1 -1 -1 -1 0 3 -1 -1 -1 -1 1 -1 -1 -1 7 -1 -1 -1 -1 11 25 12 -1 -1 -1 -1 -1 -1 -1 -1 6 -1 23 -1 14 -1 15 -1 -1 -1 9 -1 -1 -1 16 -1 -1 24 -1 -1 17 -1 -1 -1 27 -1 -1 -1 -1 -1 -1 -1 -1 18 -1 -1 -1 -1 21 -1 -1 -1 -1 -1 -1 22 -1 20 19 -1 -1 -1 
-1 -1 2 -1 4 5 8 -1 -1 -1 -1 -1 0 3 -1 -1 -1 -1 1 -1 -1 -1 7 -1 -1 -1 -1 11 25 12 -1 -1 -1 -1 -1 -1 -1 -1 6 -1 23 -1 14 -1 15 -1 24 -1 9 -1 -1 -1 16 -1 -1 -1 -1 -1 17 -1 -1 -1 27 -1 -1 -1 -1 -1 -1 -1 -1 18 -1 -1 -1 -1 21 -1 -1 -1 -1 -1 -1 22 -1 20 19 -1 -1 -1 
-1 -1 2 -1 4 5 8 -1 -1 -1 -1 -1 0 3 -1 -1 -1 -1 1 -1 -1 -1 7 -1 -1 -1 -1 11 25 12 -1 -1 -1 -1 -1 -1 -1 -1 6 9 23 -1 14 -1 15 -1 24 -1 -1 -1 -1 -1 16 -1 -1 -1 -1 -1 17 -1 -1 -1 27 -1 -1 -1 -1 -1 -1 -1 -1 18 -1 -1 -1 -1 21 -1 -1 -1 -1 -1 -1 22 -1 20 19 -1 -1 -1 
-1 -1 2 -1 4 5 8 -1 -1 -1 -1 -1 0 3 -1 -1 -1 -1 1 -1 -1 -1 7 -1 -1 -1 -1 11 25 12 -1 -1 -1 -1 -1 -1 -1 -1 6 9 23 -1 14 -1 15 -1 -1 -1 24 -1 -1 -1 16 -1 -1 -1 -1 -1 17 -1 -1 -1 27 -1 -1 -1 -1 -1 -1 -1 -1 18 -1 -1 -1 -1 21 -1 -1 -1 -1 -1 -1 22 -1 20 19 -1 -1 -1 
-1 -1 2 -1 4 5 8 -1 -1 -1 0 -1 -1 3 -1 -1 -1 -1 1 -1 -1 -1 7 -1 -1 -1 -1 11 25 12 -1 -1 -1 -1 -1 -1 -1 -1 6 9 23 -1 14 -1 15 -1 -1 -1 24 -1 -1 -1 16 -1 -1 -1 -1 -1 17 -1 -1 -1 27 -1 -1 -1 -1 -1 -1 -1 -1 18 -1 -1 -1 -1 21 -1 -1 -1 -1 -1 -1 22 -1 20 19 -1 -1 -1 
-1 -1 2 -1 4 5 8 -1 -1 -1 0 -1 -1 3 -1 -1 -1 -1 1 -1 -1 -1 7 -1 -1 -1 -1 11 25 12 -1 -1 -1 -1 -1 -1 -1 -1 6 17 23 -1 14 -1 15 -1 -1 -1 24 -1 -1 -1 16 -1 -1 -1 -1 -1 -1 -1 -1 -1 27 -1 -1 -1 -1 -1 -1 -1 -1 18 -1 -1 -1 -1 21 -1 -1 -1 -1 -1 -1 22 -1 20 19 -1 -1 -1 
-1 -1 2 -1 4 5 8 -1 -1 -1 -1 -1 -1 3 -1 -1 -1 -1 1 -1 -1 -1 7 -1 -1 -1 -1 11 0 12 -1 -1 -1 -1 -1 -1 -1 -1 6 17 23 -1 14 -1 15 -1 -1 -1 24 -1 -1 -1 16 -1 -1 -1 -1 -1 -1 -1 -1 -1 27 -1 -1 -1 -1 -1 -1 -1 -1 18 -1 -1 -1 -1 21 -1 -1 -1 -1 -1 -1 22 -1 20 19 -1 -1 -1 
-1 -1 2 -1 4 5 8 -1 -1 -1 -1 -1 -1 3 -1 -1 -1 -1 1 -1 17 -1 7 -1 -1 -1 -1 11 0 12 -1 -1 -1 -1 -1 -1 -1 -1 6 -1 23 -1 14 -1 15 -1 -1 -1 24 -1 -1 -1 16 -1 -1 -1 -1 -1 -1 -1 -1 -1 27 -1 -1 -1 -1 -1 -1 -1 -1 18 -1 -1 -1 -1 21 -1 -1 -1 -1 -1 -1 22 -1 20 19 -1 -1 -1 
-1 -1 2 -1 4 5 8 -1 -1 -1 0 -1 -1 3 -1 -1 -1 -1 1 -1 17 -1 7 -1 -1 -1 -1 11 -1 12 -1 -1 -1 -1 -1 -1 -1 -1 6 -1 23 -1 14 -1 15 -1 -1 -1 24 -1 -1 -1 16 -1 -1 -1 -1 -1 -1 -1 -1 -1 27 -1 -1 -1 -1 -1 -1 -1 -1 18 -1 -1 -1 -1 21 -1 -1 -1 -1 -1 -1 22 -1 20 19 -1 -1 -1 
-1 -1 2 -1 4 5 8 -1 -1 -1 0 -1 -1 3 -1 -1 16 -1 1 -1 17 -1 7 -1 -1 -1 -1 11 -1 12 -1 -1 -1 -1 -1 -1 -1 -1 6 -1 23 -1 14 -1 15 -1 -1 -1 24 -1 -1 -1 -1 -1 -1 -1 -1 -1 -1 -1 -1 -1 27 -1 -1 -1 -1 -1 -1 -1 -1 18 -1 -1 -1 -1 21 -1 -1 -1 -1 -1 -1 22 -1 20 19 -1 -1 -1 
-1 -1 2 -1 4 5 8 -1 -1 -1 -1 0 -1 3 -1 -1 16 -1 1 -1 17 -1 7 -1 -1 -1 -1 11 -1 12 -1 -1 -1 -1 -1 -1 -1 -1 6 -1 23 -1 14 -1 15 -1 -1 -1 24 -1 -1 -1 -1 -1 -1 -1 -1 -1 -1 -1 -1 -1 27 -1 -1 -1 -1 -1 -1 -1 -1 18 -1 -1 -1 -1 21 -1 -1 -1 -1 -1 -1 22 -1 20 19 -1 -1 -1 
-1 -1 2 -1 4 5 8 -1 -1 -1 -1 0 -1 3 -1 -1 16 -1 1 -1 17 -1 7 -1 -1 -1 -1 11 -1 12 -1 -1 -1 -1 -1 -1 -1 -1 6 -1 23 -1 14 -1 15 -1 -1 -1 24 -1 -1 -1 -1 -1 -1 -1 -1 -1 -1 -1 -1 -1 27 -1 -1 -1 -1 -1 -1 -1 -1 18 -1 -1 -1 -1 21 -1 -1 -1 -1 -1 -1 22 20 -1 19 -1 -1 -1 
-1 -1 2 -1 4 5 -1 -1 -1 -1 -1 0 -1 3 -1 -1 16 -1 1 -1 17 -1 7 -1 8 -1 -1 11 -1 12 -1 -1 -1 -1 -1 -1 -1 -1 6 -1 23 -1 14 -1 15 -1 -1 -1 24 -1 -1 -1 -1 -1 -1 -1 -1 -1 -1 -1 -1 -1 27 -1 -1 -1 -1 -1 -1 -1 -1 18 -1 -1 -1 -1 21 -1 -1 -1 -1 -1 -1 22 20 -1 19 -1 -1 -1 
-1 -1 2 24 4 5 -1 -1 -1 -1 -1 0 -1 3 -1 -1 16 -1 1 -1 17 -1 7 -1 8 -1 -1 11 -1 12 -1 -1 -1 -1 -1 -1 -1 -1 6 -1 23 -1 14 -1 15 -1 -1 -1 -1 -1 -1 -1 -1 -1 -1 -1 -1 -1 -1 -1 -1 -1 27 -1 -1 -1 -1 -1 -1 -1 -1 18 -1 -1 -1 -1 21 -1 -1 -1 -1 -1 -1 22 20 -1 19 -1 -1 -1 
-1 -1 2 3 4 5 -1 -1 -1 -1 -1 0 -1 -1 -1 -1 16 -1 1 -1 17 -1 7 -1 8 -1 -1 11 -1 12 -1 -1 -1 -1 -1 -1 -1 -1 6 -1 23 -1 14 -1 15 -1 -1 -1 -1 -1 -1 -1 -1 -1 -1 -1 -1 -1 -1 -1 -1 -1 27 -1 -1 -1 -1 -1 -1 -1 -1 18 -1 -1 -1 -1 21 -1 -1 -1 -1 -1 -1 22 20 -1 19 -1 -1 -1 
-1 -1 2 3 4 5 -1 -1 -1 -1 -1 0 -1 -1 -1 -1 16 -1 1 -1 17 23 7 -1 8 -1 -1 11 -1 12 -1 -1 -1 -1 -1 -1 -1 -1 6 -1 -1 -1 14 -1 15 -1 -1 -1 -1 -1 -1 -1 -1 -1 -1 -1 -1 -1 -1 -1 -1 -1 27 -1 -1 -1 -1 -1 -1 -1 -1 18 -1 -1 -1 -1 21 -1 -1 -1 -1 -1 -1 22 20 -1 19 -1 -1 -1 
-1 -1 2 3 4 5 -1 -1 -1 -1 -1 -1 0 -1 -1 -1 16 -1 1 -1 17 23 7 -1 8 -1 -1 11 -1 12 -1 -1 -1 -1 -1 -1 -1 -1 6 -1 -1 -1 14 -1 15 -1 -1 -1 -1 -1 -1 -1 -1 -1 -1 -1 -1 -1 -1 -1 -1 -1 27 -1 -1 -1 -1 -1 -1 -1 -1 18 -1 -1 -1 -1 21 -1 -1 -1 -1 -1 -1 22 20 -1 19 -1 -1 -1 
-1 -1 2 3 4 5 -1 -1 -1 -1 -1 -1 16 -1 -1 -1 -1 -1 1 -1 17 23 7 -1 8 -1 -1 11 -1 12 -1 -1 -1 -1 -1 -1 -1 -1 6 -1 -1 -1 14 -1 15 -1 -1 -1 -1 -1 -1 -1 -1 -1 -1 -1 -1 -1 -1 -1 -1 -1 27 -1 -1 -1 -1 -1 -1 -1 -1 18 -1 -1 -1 -1 21 -1 -1 -1 -1 -1 -1 22 20 -1 19 -1 -1 -1 
-1 -1 2 3 4 5 -1 -1 -1 -1 -1 -1 16 -1 -1 -1 -1 -1 1 -1 17 23 -1 -1 8 -1 -1 11 -1 12 -1 -1 -1 -1 -1 -1 -1 -1 6 -1 -1 7 14 -1 15 -1 -1 -1 -1 -1 -1 -1 -1 -1 -1 -1 -1 -1 -1 -1 -1 -1 27 -1 -1 -1 -1 -1 -1 -1 -1 18 -1 -1 -1 -1 21 -1 -1 -1 -1 -1 -1 22 20 -1 19 -1 -1 -1 
-1 -1 2 16 4 5 -1 -1 -1 -1 -1 -1 -1 -1 -1 -1 -1 -1 1 -1 17 23 -1 -1 8 -1 -1 11 -1 12 -1 -1 -1 -1 -1 -1 -1 -1 6 -1 -1 7 14 -1 15 -1 -1 -1 -1 -1 -1 -1 -1 -1 -1 -1 -1 -1 -1 -1 -1 -1 27 -1 -1 -1 -1 -1 -1 -1 -1 18 -1 -1 -1 -1 21 -1 -1 -1 -1 -1 -1 22 20 -1 19 -1 -1 -1 
-1 -1 2 16 -1 5 -1 -1 -1 -1 -1 -1 -1 4 -1 -1 -1 -1 1 -1 17 23 -1 -1 8 -1 -1 11 -1 12 -1 -1 -1 -1 -1 -1 -1 -1 6 -1 -1 7 14 -1 15 -1 -1 -1 -1 -1 -1 -1 -1 -1 -1 -1 -1 -1 -1 -1 -1 -1 27 -1 -1 -1 -1 -1 -1 -1 -1 18 -1 -1 -1 -1 21 -1 -1 -1 -1 -1 -1 22 20 -1 19 -1 -1 -1 
-1 -1 2 16 -1 5 -1 -1 -1 -1 -1 -1 -1 4 -1 -1 -1 -1 1 -1 17 -1 -1 -1 8 -1 -1 11 -1 12 -1 -1 23 -1 -1 -1 -1 -1 6 -1 -1 7 14 -1 15 -1 -1 -1 -1 -1 -1 -1 -1 -1 -1 -1 -1 -1 -1 -1 -1 -1 27 -1 -1 -1 -1 -1 -1 -1 -1 18 -1 -1 -1 -1 21 -1 -1 -1 -1 -1 -1 22 20 -1 19 -1 -1 -1 
-1 -1 2 16 -1 5 -1 -1 -1 -1 -1 -1 -1 -1 4 -1 -1 -1 1 -1 17 -1 -1 -1 8 -1 -1 11 -1 12 -1 -1 23 -1 -1 -1 -1 -1 6 -1 -1 7 14 -1 15 -1 -1 -1 -1 -1 -1 -1 -1 -1 -1 -1 -1 -1 -1 -1 -1 -1 27 -1 -1 -1 -1 -1 -1 -1 -1 18 -1 -1 -1 -1 21 -1 -1 -1 -1 -1 -1 22 20 -1 19 -1 -1 -1 
-1 -1 2 -1 -1 5 -1 -1 -1 -1 -1 -1 16 -1 4 -1 -1 -1 1 -1 17 -1 -1 -1 8 -1 -1 11 -1 12 -1 -1 23 -1 -1 -1 -1 -1 6 -1 -1 7 14 -1 15 -1 -1 -1 -1 -1 -1 -1 -1 -1 -1 -1 -1 -1 -1 -1 -1 -1 27 -1 -1 -1 -1 -1 -1 -1 -1 18 -1 -1 -1 -1 21 -1 -1 -1 -1 -1 -1 22 20 -1 19 -1 -1 -1 
-1 -1 2 -1 -1 -1 -1 -1 -1 -1 -1 -1 16 5 4 -1 -1 -1 1 -1 17 -1 -1 -1 8 -1 -1 11 -1 12 -1 -1 23 -1 -1 -1 -1 -1 6 -1 -1 7 14 -1 15 -1 -1 -1 -1 -1 -1 -1 -1 -1 -1 -1 -1 -1 -1 -1 -1 -1 27 -1 -1 -1 -1 -1 -1 -1 -1 18 -1 -1 -1 -1 21 -1 -1 -1 -1 -1 -1 22 20 -1 19 -1 -1 -1 
-1 -1 2 -1 -1 -1 -1 -1 -1 -1 -1 -1 -1 16 4 -1 -1 -1 1 -1 17 -1 -1 -1 8 -1 -1 11 -1 12 -1 -1 23 -1 -1 -1 -1 -1 6 -1 -1 7 14 -1 15 -1 -1 -1 -1 -1 -1 -1 -1 -1 -1 -1 -1 -1 -1 -1 -1 -1 27 -1 -1 -1 -1 -1 -1 -1 -1 18 -1 -1 -1 -1 21 -1 -1 -1 -1 -1 -1 22 20 -1 19 -1 -1 -1 
-1 -1 2 -1 -1 4 -1 -1 -1 -1 -1 -1 -1 16 -1 -1 -1 -1 1 -1 17 -1 -1 -1 8 -1 -1 11 -1 12 -1 -1 23 -1 -1 -1 -1 -1 6 -1 -1 7 14 -1 15 -1 -1 -1 -1 -1 -1 -1 -1 -1 -1 -1 -1 -1 -1 -1 -1 -1 27 -1 -1 -1 -1 -1 -1 -1 -1 18 -1 -1 -1 -1 21 -1 -1 -1 -1 -1 -1 22 20 -1 19 -1 -1 -1 
-1 -1 2 17 -1 4 -1 -1 -1 -1 -1 -1 -1 16 -1 -1 -1 -1 1 -1 -1 -1 -1 -1 8 -1 -1 11 -1 12 -1 -1 23 -1 -1 -1 -1 -1 6 -1 -1 7 14 -1 15 -1 -1 -1 -1 -1 -1 -1 -1 -1 -1 -1 -1 -1 -1 -1 -1 -1 27 -1 -1 -1 -1 -1 -1 -1 -1 18 -1 -1 -1 -1 21 -1 -1 -1 -1 -1 -1 22 20 -1 19 -1 -1 -1 
-1 -1 2 17 -1 4 -1 -1 -1 -1 -1 -1 -1 16 -1 -1 -1 -1 1 -1 -1 -1 -1 8 -1 -1 -1 11 -1 12 -1 -1 23 -1 -1 -1 -1 -1 6 -1 -1 7 14 -1 15 -1 -1 -1 -1 -1 -1 -1 -1 -1 -1 -1 -1 -1 -1 -1 -1 -1 27 -1 -1 -1 -1 -1 -1 -1 -1 18 -1 -1 -1 -1 21 -1 -1 -1 -1 -1 -1 22 20 -1 19 -1 -1 -1 
-1 -1 2 17 -1 4 -1 -1 -1 -1 -1 -1 -1 -1 -1 -1 16 -1 1 -1 -1 -1 -1 8 -1 -1 -1 11 -1 12 -1 -1 23 -1 -1 -1 -1 -1 6 -1 -1 7 14 -1 15 -1 -1 -1 -1 -1 -1 -1 -1 -1 -1 -1 -1 -1 -1 -1 -1 -1 27 -1 -1 -1 -1 -1 -1 -1 -1 18 -1 -1 -1 -1 21 -1 -1 -1 -1 -1 -1 22 20 -1 19 -1 -1 -1 
-1 -1 2 17 4 -1 -1 -1 -1 -1 -1 -1 -1 -1 -1 -1 16 -1 1 -1 -1 -1 -1 8 -1 -1 -1 11 -1 12 -1 -1 23 -1 -1 -1 -1 -1 6 -1 -1 7 14 -1 15 -1 -1 -1 -1 -1 -1 -1 -1 -1 -1 -1 -1 -1 -1 -1 -1 -1 27 -1 -1 -1 -1 -1 -1 -1 -1 18 -1 -1 -1 -1 21 -1 -1 -1 -1 -1 -1 22 20 -1 19 -1 -1 -1 
-1 -1 2 17 4 -1 -1 16 -1 -1 -1 -1 -1 -1 -1 -1 -1 -1 1 -1 -1 -1 -1 8 -1 -1 -1 11 -1 12 -1 -1 23 -1 -1 -1 -1 -1 6 -1 -1 7 14 -1 15 -1 -1 -1 -1 -1 -1 -1 -1 -1 -1 -1 -1 -1 -1 -1 -1 -1 27 -1 -1 -1 -1 -1 -1 -1 -1 18 -1 -1 -1 -1 21 -1 -1 -1 -1 -1 -1 22 20 -1 19 -1 -1 -1 
-1 -1 2 17 -1 -1 -1 16 -1 -1 -1 -1 -1 4 -1 -1 -1 -1 1 -1 -1 -1 -1 8 -1 -1 -1 11 -1 12 -1 -1 23 -1 -1 -1 -1 -1 6 -1 -1 7 14 -1 15 -1 -1 -1 -1 -1 -1 -1 -1 -1 -1 -1 -1 -1 -1 -1 -1 -1 27 -1 -1 -1 -1 -1 -1 -1 -1 18 -1 -1 -1 -1 21 -1 -1 -1 -1 -1 -1 22 20 -1 19 -1 -1 -1 
-1 -1 2 17 -1 16 -1 -1 -1 -1 -1 -1 -1 4 -1 -1 -1 -1 1 -1 -1 -1 -1 8 -1 -1 -1 11 -1 12 -1 -1 23 -1 -1 -1 -1 -1 6 -1 -1 7 14 -1 15 -1 -1 -1 -1 -1 -1 -1 -1 -1 -1 -1 -1 -1 -1 -1 -1 -1 27 -1 -1 -1 -1 -1 -1 -1 -1 18 -1 -1 -1 -1 21 -1 -1 -1 -1 -1 -1 22 20 -1 19 -1 -1 -1 
