0 1 2 3 4 5 6 7 8 -1 -1 -1 -1 -1 -1 -1 -1 -1 -1 9 -1 -1 -1 -1 -1 10 -1 11 -1 12 -1 28 -1 14 -1 15 -1 -1 -1 -1 -1 -1 -1 -1 -1 -1 -1 30 -1 -1 -1 -1 -1 -1 -1 -1 -1 -1 29 -1 -1 -1 27 -1 26 -1 -1 -1 -1 -1 25 -1 -1 -1 -1 -1 -1 -1 -1 -1 -1 24 23 22 21 20 19 18 17 16 
0 1 -1 3 4 5 6 7 8 -1 -1 -1 -1 -1 -1 -1 -1 -1 -1 9 -1 -1 2 -1 -1 10 -1 11 -1 12 -1 28 -1 14 -1 15 -1 -1 -1 -1 -1 -1 -1 -1 -1 -1 -1 30 -1 -1 -1 -1 -1 -1 -1 -1 -1 -1 29 -1 -1 -1 27 -1 26 -1 -1 -1 -1 -1 25 -1 -1 -1 -1 -1 -1 -1 -1 -1 -1 24 23 22 21 20 19 18 17 16 
0 1 -1 3 4 5 6 7 8 -1 -1 -1 -1 -1 -1 -1 -1 -1 -1 9 -1 -1 2 -1 -1 10 -1 11 -1 12 -1 28 -1 14 -1 15 -1 -1 -1 -1 -1 -1 -1 -1 -1 -1 -1 30 -1 -1 -1 -1 -1 -1 -1 -1 -1 -1 29 -1 -1 -1 27 -1 26 23 -1 -1 -1 -1 25 -1 -1 -1 -1 -1 -1 -1 -1 -1 -1 24 -1 22 21 20 19 18 17 16 
0 1 -1 3 4 5 6 7 8 -1 -1 -1 -1 -1 -1 -1 -1 -1 -1 9 -1 -1 2 -1 -1 10 -1 11 -1 12 -1 28 -1 -1 -1 15 -1 -1 -1 -1 -1 -1 14 -1 -1 -1 -1 30 -1 -1 -1 -1 -1 -1 -1 -1 -1 -1 29 -1 -1 -1 27 -1 26 23 -1 -1 -1 -1 25 -1 -1 -1 -1 -1 -1 -1 -1 -1 -1 24 -1 22 21 20 19 18 17 16 
0 1 -1 3 4 5 6 7 8 -1 -1 -1 -1 -1 -1 -1 -1 -1 -1 9 -1 -1 2 -1 -1 10 -1 11 -1 12 -1 28 -1 -1 -1 15 -1 -1 -1 -1 -1 -1 14 -1 -1 -1 -1 30 -1 -1 -1 -1 -1 -1 -1 -1 -1 -1 29 -1 -1 -1 27 -1 26 23 -1 -1 -1 -1 25 17 -1 -1 -1 -1 -1 -1 -1 -1 -1 24 -1 22 21 20 19 18 -1 16 
0 1 -1 3 4 5 6 -1 8 -1 -1 -1 -1 -1 -1 -1 -1 -1 -1 9 -1 -1 2 -1 7 10 -1 11 -1 12 -1 28 -1 -1 -1 15 -1 -1 -1 -1 -1 -1 14 -1 -1 -1 -1 30 -1 -1 -1 -1 -1 -1 -1 -1 -1 -1 29 -1 -1 -1 27 -1 26 23 -1 -1 -1 -1 25 17 -1 -1 -1 -1 -1 -1 -1 -1 -1 24 -1 22 21 20 19 18 -1 16 
0 1 -1 3 4 5 6 -1 8 -1 -1 -1 -1 -1 -1 -1 -1 -1 -1 9 -1 -1 2 -1 7 10 -1 11 -1 12 -1 28 -1 -1 -1 15 -1 -1 -1 -1 -1 -1 14 -1 -1 -1 -1 30 -1 -1 -1 -1 -1 -1 -1 -1 -1 -1 29 -1 -1 -1 27 -1 26 23 -1 22 -1 -1 25 17 -1 -1 -1 -1 -1 -1 -1 -1 -1 24 -1 -1 21 20 19 18 -1 16 
0 1 -1 3 4 5 6 -1 -1 -1 -1 -1 -1 -1 -1 -1 -1 8 -1 9 -1 -1 2 -1 7 10 -1 11 -1 12 -1 28 -1 -1 -1 15 -1 -1 -1 -1 -1 -1 14 -1 -1 -1 -1 30 -1 -1 -1 -1 -1 -1 -1 -1 -1 -1 29 -1 -1 -1 27 -1 26 23 -1 22 -1 -1 25 17 -1 -1 -1 -1 -1 -1 -1 -1 -1 24 -1 -1 21 20 19 18 -1 16 
0 1 -1 3 4 5 6 -1 -1 -1 -1 -1 -1 -1 -1 -1 -1 8 -1 9 -1 -1 2 -1 7 10 -1 11 -1 12 -1 28 -1 -1 -1 15 -1 -1 -1 -1 -1 -1 14 -1 -1 -1 -1 30 -1 -1 -1 -1 -1 -1 -1 -1 -1 -1 29 -1 -1 -1 27 -1 26 23 -1 22 -1 -1 25 17 -1 -1 -1 -1 -1 -1 -1 -1 16 24 -1 -1 21 20 19 18 -1 -1 
0 1 -1 3 4 5 6 -1 -1 -1 -1 -1 8 -1 -1 -1 -1 -1 -1 9 -1 -1 2 -1 7 10 -1 11 -1 12 -1 28 -1 -1 -1 15 -1 -1 -1 -1 -1 -1 14 -1 -1 -1 -1 30 -1 -1 -1 -1 -1 -1 -1 -1 -1 -1 29 -1 -1 -1 27 -1 26 23 -1 22 -1 -1 25 17 -1 -1 -1 -1 -1 -1 -1 -1 16 24 -1 -1 21 20 19 18 -1 -1 
0 1 -1 3 4 5 6 -1 -1 -1 -1 -1 8 -1 -1 -1 -1 -1 -1 9 -1 -1 2 -1 7 10 -1 11 -1 12 -1 28 -1 -1 -1 15 -1 -1 -1 -1 -1 -1 14 -1 -1 -1 -1 30 -1 -1 -1 -1 -1 -1 -1 -1 -1 -1 29 -1 -1 -1 27 -1 26 23 -1 22 -1 -1 25 17 24 -1 -1 -1 -1 -1 -1 -1 16 -1 -1 -1 21 20 19 18 -1 -1 
0 -1 -1 3 4 5 6 -1 -1 -1 -1 -1 8 -1 -1 -1 -1 -1 -1 9 1 -1 2 -1 7 10 -1 11 -1 12 -1 28 -1 -1 -1 15 -1 -1 -1 -1 -1 -1 14 -1 -1 -1 -1 30 -1 -1 -1 -1 -1 -1 -1 -1 -1 -1 29 -1 -1 -1 27 -1 26 23 -1 22 -1 -1 25 17 24 -1 -1 -1 -1 -1 -1 -1 16 -1 -1 -1 21 20 19 18 -1 -1 
0 -1 -1 3 4 5 6 -1 -1 -1 -1 -1 8 -1 -1 -1 -1 -1 -1 9 1 -1 2 -1 7 10 -1 11 -1 12 -1 28 -1 -1 -1 15 -1 -1 -1 -1 -1 -1 14 -1 -1 -1 -1 30 -1 -1 -1 -1 -1 -1 -1 -1 -1 -1 29 -1 -1 -1 27 -1 26 23 -1 22 -1 -1 25 17 24 -1 -1 16 -1 -1 -1 -1 -1 -1 -1 -1 21 20 19 18 -1 -1 
-1 -1 -1 3 4 5 6 -1 -1 0 -1 -1 8 -1 -1 -1 -1 -1 -1 9 1 -1 2 -1 7 10 -1 11 -1 12 -1 28 -1 -1 -1 15 -1 -1 -1 -1 -1 -1 14 -1 -1 -1 -1 30 -1 -1 -1 -1 -1 -1 -1 -1 -1 -1 29 -1 -1 -1 27 -1 26 23 -1 22 -1 -1 25 17 24 -1 -1 16 -1 -1 -1 -1 -1 -1 -1 -1 21 20 19 18 -1 -1 
-1 -1 -1 3 4 5 6 -1 -1 0 -1 -1 8 -1 -1 -1 -1 -1 -1 9 1 -1 2 -1 7 10 -1 11 -1 12 -1 28 -1 -1 -1 15 -1 -1 -1 -1 -1 -1 14 -1 -1 -1 -1 30 -1 -1 -1 -1 -1 -1 -1 -1 -1 -1 29 -1 -1 -1 27 -1 -1 23 -1 22 -1 -1 25 17 24 -1 -1 16 -1 -1 -1 -1 -1 -1 26 -1 21 20 19 18 -1 -1 
-1 -1 -1 3 4 5 6 -1 -1 0 -1 -1 8 -1 -1 -1 -1 -1 -1 9 1 -1 2 -1 7 10 -1 11 -1 12 -1 28 -1 -1 -1 -1 -1 -1 -1 -1 -1 -1 14 -1 15 -1 -1 30 -1 -1 -1 -1 -1 -1 -1 -1 -1 -1 29 -1 -1 -1 27 -1 -1 23 -1 22 -1 -1 25 17 24 -1 -1 16 -1 -1 -1 -1 -1 -1 26 -1 21 20 19 18 -1 -1 
-1 -1 -1 3 4 5 6 -1 -1 0 -1 -1 8 -1 -1 -1 -1 -1 -1 9 1 -1 2 -1 7 10 -1 11 -1 12 -1 28 -1 -1 -1 -1 -1 -1 -1 -1 -1 -1 14 -1 15 -1 -1 30 -1 -1 -1 -1 -1 -1 -1 -1 -1 -1 29 -1 -1 -1 27 -1 -1 23 -1 22 -1 -1 25 17 24 -1 -1 16 21 -1 -1 -1 -1 -1 26 -1 -1 20 19 18 -1 -1 
-1 -1 -1 3 4 5 6 -1 -1 0 -1 -1 8 -1 -1 -1 -1 -1 -1 9 1 -1 2 -1 7 -1 10 11 -1 12 -1 28 -1 -1 -1 -1 -1 -1 -1 -1 -1 -1 14 -1 15 -1 -1 30 -1 -1 -1 -1 -1 -1 -1 -1 -1 -1 29 -1 -1 -1 27 -1 -1 23 -1 22 -1 -1 25 17 24 -1 -1 16 21 -1 -1 -1 -1 -1 26 -1 -1 20 19 18 -1 -1 
-1 -1 -1 3 4 5 6 -1 -1 0 -1 -1 8 -1 -1 -1 -1 -1 -1 9 1 -1 2 -1 7 -1 10 11 -1 12 -1 28 -1 -1 -1 -1 -1 -1 -1 -1 -1 -1 14 -1 15 -1 -1 30 -1 -1 -1 -1 -1 -1 -1 -1 -1 -1 29 -1 -1 -1 27 -1 -1 23 -1 22 25 -1 -1 17 24 -1 -1 16 21 -1 -1 -1 -1 -1 26 -1 -1 20 19 18 -1 -1 
-1 -1 -1 3 4 5 6 -1 -1 0 -1 -1 8 -1 -1 -1 -1 -1 9 -1 1 -1 2 -1 7 -1 10 11 -1 12 -1 28 -1 -1 -1 -1 -1 -1 -1 -1 -1 -1 14 -1 15 -1 -1 30 -1 -1 -1 -1 -1 -1 -1 -1 -1 -1 29 -1 -1 -1 27 -1 -1 23 -1 22 25 -1 -1 17 24 -1 -1 16 21 -1 -1 -1 -1 -1 26 -1 -1 20 19 18 -1 -1 
-1 -1 -1 3 4 5 6 -1 -1 0 -1 -1 8 -1 -1 -1 -1 -1 9 -1 1 -1 2 -1 7 -1 10 11 -1 12 -1 28 -1 -1 -1 -1 -1 -1 -1 -1 -1 -1 14 -1 15 -1 -1 30 -1 -1 -1 -1 -1 -1 -1 -1 -1 -1 29 -1 -1 -1 27 -1 -1 23 -1 22 25 -1 -1 17 24 -1 -1 16 21 -1 -1 -1 -1 -1 -1 26 -1 20 19 18 -1 -1 
-1 -1 -1 3 4 5 6 -1 -1 -1 0 -1 8 -1 -1 -1 -1 -1 9 -1 1 -1 2 -1 7 -1 10 11 -1 12 -1 28 -1 -1 -1 -1 -1 -1 -1 -1 -1 -1 14 -1 15 -1 -1 30 -1 -1 -1 -1 -1 -1 -1 -1 -1 -1 29 -1 -1 -1 27 -1 -1 23 -1 22 25 -1 -1 17 24 -1 -1 16 21 -1 -1 -1 -1 -1 -1 26 -1 20 19 18 -1 -1 
-1 -1 -1 3 4 5 6 -1 -1 -1 0 -1 16 -1 -1 -1 -1 -1 9 -1 1 -1 2 -1 7 -1 10 11 -1 12 -1 28 -1 -1 -1 -1 -1 -1 -1 -1 -1 -1 14 -1 15 -1 -1 30 -1 -1 -1 -1 -1 -1 -1 -1 -1 -1 29 -1 -1 -1 27 -1 -1 23 -1 22 25 -1 -1 17 24 -1 -1 -1 21 -1 -1 -1 -1 -1 -1 26 -1 20 19 18 -1 -1 
-1 -1 -1 3 4 5 6 -1 -1 -1 -1 -1 0 -1 -1 -1 -1 -1 9 -1 1 -1 2 -1 7 -1 10 11 -1 12 -1 28 -1 -1 -1 -1 -1 -1 -1 -1 -1 -1 14 -1 15 -1 -1 30 -1 -1 -1 -1 -1 -1 -1 -1 -1 -1 29 -1 -1 -1 27 -1 -1 23 -1 22 25 -1 -1 17 24 -1 -1 -1 21 -1 -1 -1 -1 -1 -1 26 -1 20 19 18 -1 -1 
-1 -1 -1 3 4 5 6 -1 -1 -1 -1 -1 0 -1 -1 -1 -1 -1 9 -1 1 -1 2 -1 7 -1 10 11 -1 12 -1 28 -1 -1 -1 -1 -1 -1 -1 -1 -1 -1 14 -1 15 -1 -1 30 -1 -1 -1 -1 -1 -1 -1 -1 -1 -1 29 -1 -1 -1 27 -1 -1 23 -1 22 25 -1 -1 17 -1 24 -1 -1 21 -1 -1 -1 -1 -1 -1 26 -1 20 19 18 -1 -1 
9 -1 -1 3 4 5 6 -1 -1 -1 -1 -1 0 -1 -1 -1 -1 -1 -1 -1 1 -1 2 -1 7 -1 10 11 -1 12 -1 28 -1 -1 -1 -1 -1 -1 -1 -1 -1 -1 14 -1 15 -1 -1 30 -1 -1 -1 -1 -1 -1 -1 -1 -1 -1 29 -1 -1 -1 27 -1 -1 23 -1 22 25 -1 -1 17 -1 24 -1 -1 21 -1 -1 -1 -1 -1 -1 26 -1 20 19 18 -1 -1 
9 -1 -1 3 4 5 6 -1 -1 -1 -1 -1 0 -1 -1 -1 -1 -1 -1 24 1 -1 2 -1 7 -1 10 11 -1 12 -1 28 -1 -1 -1 -1 -1 -1 -1 -1 -1 -1 14 -1 15 -1 -1 30 -1 -1 -1 -1 -1 -1 -1 -1 -1 -1 29 -1 -1 -1 27 -1 -1 23 -1 22 25 -1 -1 17 -1 -1 -1 -1 21 -1 -1 -1 -1 -1 -1 26 -1 20 19 18 -1 -1 
9 -1 -1 3 4 5 6 -1 -1 -1 -1 -1 0 -1 -1 -1 -1 -1 -1 24 1 -1 2 -1 -1 -1 10 11 -1 12 -1 28 -1 -1 -1 -1 -1 -1 -1 -1 -1 7 14 -1 15 -1 -1 30 -1 -1 -1 -1 -1 -1 -1 -1 -1 -1 29 -1 -1 -1 27 -1 -1 23 -1 22 25 -1 -1 17 -1 -1 -1 -1 21 -1 -1 -1 -1 -1 -1 26 -1 20 19 18 -1 -1 
9 -1 -1 3 4 5 6 -1 -1 -1 -1 -1 0 -1 -1 -1 -1 -1 -1 -1 1 -1 2 -1 -1 -1 10 11 -1 12 -1 28 -1 -1 -1 -1 -1 -1 -1 -1 -1 7 14 -1 15 -1 -1 30 -1 -1 -1 -1 -1 -1 -1 24 -1 -1 29 -1 -1 -1 27 -1 -1 23 -1 22 25 -1 -1 17 -1 -1 -1 -1 21 -1 -1 -1 -1 -1 -1 26 -1 20 19 18 -1 -1 
9 -1 -1 3 4 5 6 -1 -1 -1 -1 -1 0 -1 -1 -1 -1 -1 -1 -1 1 -1 2 -1 -1 -1 -1 11 -1 12 -1 28 -1 -1 -1 -1 -1 -1 -1 -1 -1 7 14 -1 15 -1 -1 30 -1 -1 -1 -1 -1 -1 -1 24 -1 -1 29 -1 -1 -1 10 -1 -1 23 -1 22 25 -1 -1 17 -1 -1 -1 -1 21 -1 -1 -1 -1 -1 -1 26 -1 20 19 18 -1 -1 
9 -1 -1 3 4 5 6 -1 -1 -1 -1 -1 0 -1 -1 -1 -1 -1 -1 24 1 -1 2 -1 -1 -1 -1 11 -1 12 -1 28 -1 -1 -1 -1 -1 -1 -1 -1 -1 7 14 -1 15 -1 -1 30 -1 -1 -1 -1 -1 -1 -1 -1 -1 -1 29 -1 -1 -1 10 -1 -1 23 -1 22 25 -1 -1 17 -1 -1 -1 -1 21 -1 -1 -1 -1 -1 -1 26 -1 20 19 18 -1 -1 
9 -1 -1 3 4 5 6 -1 -1 -1 -1 -1 0 1 -1 -1 -1 -1 -1 24 -1 -1 2 -1 -1 -1 -1 11 -1 12 -1 28 -1 -1 -1 -1 -1 -1 -1 -1 -1 7 14 -1 15 -1 -1 30 -1 -1 -1 -1 -1 -1 -1 -1 -1 -1 29 -1 -1 -1 10 -1 -1 23 -1 22 25 -1 -1 17 -1 -1 -1 -1 21 -1 -1 -1 -1 -1 -1 26 -1 20 19 18 -1 -1 
9 24 -1 3 4 5 6 -1 -1 -1 -1 -1 0 1 -1 -1 -1 -1 -1 -1 -1 -1 2 -1 -1 -1 -1 11 -1 12 -1 28 -1 -1 -1 -1 -1 -1 -1 -1 -1 7 14 -1 15 -1 -1 30 -1 -1 -1 -1 -1 -1 -1 -1 -1 -1 29 -1 -1 -1 10 -1 -1 23 -1 22 25 -1 -1 17 -1 -1 -1 -1 21 -1 -1 -1 -1 -1 -1 26 -1 20 19 18 -1 -1 
-1 24 -1 3 4 5 6 -1 -1 -1 -1 -1 0 1 -1 -1 -1 -1 9 -1 -1 -1 2 -1 -1 -1 -1 11 -1 12 -1 28 -1 -1 -1 -1 -1 -1 -1 -1 -1 7 14 -1 15 -1 -1 30 -1 -1 -1 -1 -1 -1 -1 -1 -1 -1 29 -1 -1 -1 10 -1 -1 23 -1 22 25 -1 -1 17 -1 -1 -1 -1 21 -1 -1 -1 -1 -1 -1 26 -1 20 19 18 -1 -1 
-1 -1 -1 3 4 5 6 -1 -1 -1 -1 -1 0 1 -1 -1 -1 -1 9 24 -1 -1 2 -1 -1 -1 -1 11 -1 12 -1 28 -1 -1 -1 -1 -1 -1 -1 -1 -1 7 14 -1 15 -1 -1 30 -1 -1 -1 -1 -1 -1 -1 -1 -1 -1 29 -1 -1 -1 10 -1 -1 23 -1 22 25 -1 -1 17 -1 -1 -1 -1 21 -1 -1 -1 -1 -1 -1 26 -1 20 19 18 -1 -1 
9 -1 -1 3 4 5 6 -1 -1 -1 -1 -1 0 1 -1 -1 -1 -1 -1 24 -1 -1 2 -1 -1 -1 -1 11 -1 12 -1 28 -1 -1 -1 -1 -1 -1 -1 -1 -1 7 14 -1 15 -1 -1 30 -1 -1 -1 -1 -1 -1 -1 -1 -1 -1 29 -1 -1 -1 10 -1 -1 23 -1 22 25 -1 -1 17 -1 -1 -1 -1 21 -1 -1 -1 -1 -1 -1 26 -1 20 19 18 -1 -1 
9 24 -1 3 4 5 6 -1 -1 -1 -1 -1 0 1 -1 -1 -1 -1 -1 -1 -1 -1 2 -1 -1 -1 -1 11 -1 12 -1 28 -1 -1 -1 -1 -1 -1 -1 -1 -1 7 14 -1 15 -1 -1 30 -1 -1 -1 -1 -1 -1 -1 -1 -1 -1 29 -1 -1 -1 10 -1 -1 23 -1 22 25 -1 -1 17 -1 -1 -1 -1 21 -1 -1 -1 -1 -1 -1 26 -1 20 19 18 -1 -1 
-1 24 -1 3 4 5 6 -1 -1 -1 -1 -1 0 1 -1 -1 -1 -1 9 -1 -1 -1 2 -1 -1 -1 -1 11 -1 12 -1 28 -1 -1 -1 -1 -1 -1 -1 -1 -1 7 14 -1 15 -1 -1 30 -1 -1 -1 -1 -1 -1 -1 -1 -1 -1 29 -1 -1 -1 10 -1 -1 23 -1 22 25 -1 -1 17 -1 -1 -1 -1 21 -1 -1 -1 -1 -1 -1 26 -1 20 19 18 -1 -1 
-1 -1 -1 3 4 5 6 -1 -1 -1 -1 -1 0 1 -1 -1 -1 -1 9 24 -1 -1 2 -1 -1 -1 -1 11 -1 12 -1 28 -1 -1 -1 -1 -1 -1 -1 -1 -1 7 14 -1 15 -1 -1 30 -1 -1 -1 -1 -1 -1 -1 -1 -1 -1 29 -1 -1 -1 10 -1 -1 23 -1 22 25 -1 -1 17 -1 -1 -1 -1 21 -1 -1 -1 -1 -1 -1 26 -1 20 19 18 -1 -1 
9 -1 -1 3 4 5 6 -1 -1 -1 -1 -1 0 1 -1 -1 -1 -1 -1 24 -1 -1 2 -1 -1 -1 -1 11 -1 12 -1 28 -1 -1 -1 -1 -1 -1 -1 -1 -1 7 14 -1 15 -1 -1 30 -1 -1 -1 -1 -1 -1 -1 -1 -1 -1 29 -1 -1 -1 10 -1 -1 23 -1 22 25 -1 -1 17 -1 -1 -1 -1 21 -1 -1 -1 -1 -1 -1 26 -1 20 19 18 -1 -1 
9 -1 -1 3 4 5 6 -1 -1 -1 -1 -1 0 1 -1 -1 -1 -1 -1 24 -1 -1 2 -1 -1 -1 -1 11 -1 12 -1 28 -1 -1 -1 -1 -1 -1 -1 -1 -1 7 14 -1 15 -1 -1 30 -1 -1 -1 -1 -1 -1 -1 -1 -1 -1 29 -1 -1 -1 10 -1 -1 23 -1 22 25 -1 -1 17 -1 -1 -1 -1 21 -1 -1 -1 -1 -1 -1 -1 26 20 19 18 -1 -1 
9 -1 -1 3 4 5 6 -1 -1 -1 -1 -1 0 -1 -1 -1 -1 -1 -1 24 -1 -1 2 -1 1 -1 -1 11 -1 12 -1 28 -1 -1 -1 -1 -1 -1 -1 -1 -1 7 14 -1 15 -1 -1 30 -1 -1 -1 -1 -1 -1 -1 -1 -1 -1 29 -1 -1 -1 10 -1 -1 23 -1 22 25 -1 -1 17 -1 -1 -1 -1 21 -1 -1 -1 -1 -1 -1 -1 26 20 19 18 -1 -1 
9 -1 -1 3 4 5 6 -1 -1 -1 -1 -1 0 -1 -1 -1 -1 -1 -1 24 -1 -1 2 -1 1 -1 -1 11 -1 12 -1 28 -1 -1 -1 -1 -1 -1 -1 -1 -1 7 14 -1 15 -1 -1 30 -1 -1 -1 28 -1 -1 -1 -1 -1 -1 29 -1 -1 -1 10 -1 -1 23 -1 22 25 -1 -1 17 -1 -1 -1 -1 21 -1 -1 -1 -1 -1 -1 -1 26 20 19 18 -1 -1 
9 -1 -1 3 4 5 6 -1 -1 -1 -1 -1 0 -1 -1 -1 -1 -1 -1 24 -1 -1 2 -1 1 -1 -1 11 -1 12 -1 28 -1 -1 -1 -1 -1 -1 -1 -1 -1 7 -1 -1 15 -1 -1 30 -1 -1 -1 14 -1 -1 -1 -1 -1 -1 29 -1 -1 -1 10 -1 -1 23 -1 22 25 -1 -1 17 -1 -1 -1 -1 21 -1 -1 -1 -1 -1 -1 -1 26 20 19 18 -1 -1 
9 -1 -1 3 4 5 6 -1 -1 -1 -1 -1 0 -1 -1 -1 -1 -1 -1 24 -1 -1 2 -1 1 -1 -1 11 -1 12 -1 28 -1 -1 -1 -1 -1 -1 -1 -1 -1 7 -1 -1 15 -1 -1 30 -1 -1 -1 14 -1 -1 -1 -1 -1 -1 29 -1 -1 -1 10 -1 -1 23 21 22 25 -1 -1 17 -1 -1 -1 -1 -1 -1 -1 -1 -1 -1 -1 -1 26 20 19 18 -1 -1 
9 -1 -1 3 4 5 6 -1 -1 -1 -1 0 -1 -1 -1 -1 -1 -1 -1 24 -1 -1 2 -1 1 -1 -1 11 -1 12 -1 28 -1 -1 -1 -1 -1 -1 -1 -1 -1 7 -1 -1 15 -1 -1 30 -1 -1 -1 14 -1 -1 -1 -1 -1 -1 29 -1 -1 -1 10 -1 -1 23 21 22 25 -1 -1 17 -1 -1 -1 -1 -1 -1 -1 -1 -1 -1 -1 -1 26 20 19 18 -1 -1 
9 -1 -1 3 4 5 6 -1 -1 -1 -1 0 -1 -1 -1 -1 -1 -1 -1 24 -1 -1 2 -1 1 -1 -1 11 -1 12 -1 28 -1 -1 -1 -1 -1 -1 -1 -1 -1 7 -1 -1 15 -1 -1 30 -1 -1 -1 22 -1 -1 -1 -1 -1 -1 29 -1 -1 -1 10 -1 -1 23 21 -1 25 -1 -1 17 -1 -1 -1 -1 -1 -1 -1 -1 -1 -1 -1 -1 26 20 19 18 -1 -1 
9 -1 -1 3 4 5 6 -1 -1 -1 -1 0 -1 -1 -1 -1 -1 -1 -1 24 -1 -1 2 -1 1 -1 -1 11 -1 12 -1 28 -1 -1 -1 -1 -1 -1 -1 -1 -1 -1 -1 -1 15 -1 -1 30 -1 -1 -1 22 -1 -1 -1 -1 -1 -1 7 -1 -1 -1 10 -1 -1 23 21 -1 25 -1 -1 17 -1 -1 -1 -1 -1 -1 -1 -1 -1 -1 -1 -1 26 20 19 18 -1 -1 
9 -1 -1 3 4 5 6 -1 -1 -1 -1 0 -1 -1 -1 -1 -1 -1 -1 24 -1 -1 2 -1 1 -1 -1 11 -1 12 -1 28 -1 -1 -1 -1 -1 -1 -1 -1 -1 -1 -1 -1 15 -1 -1 30 -1 -1 -1 22 -1 -1 -1 -1 -1 -1 7 -1 17 -1 10 -1 -1 23 21 -1 25 -1 -1 -1 -1 -1 -1 -1 -1 -1 -1 -1 -1 -1 -1 -1 26 20 19 18 -1 -1 
-1 -1 9 3 4 5 6 -1 -1 -1 -1 0 -1 -1 -1 -1 -1 -1 -1 24 -1 -1 2 -1 1 -1 -1 11 -1 12 -1 28 -1 -1 -1 -1 -1 -1 -1 -1 -1 -1 -1 -1 15 -1 -1 30 -1 -1 -1 22 -1 -1 -1 -1 -1 -1 7 -1 17 -1 10 -1 -1 23 21 -1 25 -1 -1 -1 -1 -1 -1 -1 -1 -1 -1 -1 -1 -1 -1 -1 26 20 19 18 -1 -1 
-1 -1 9 3 4 5 6 -1 -1 -1 -1 0 -1 -1 -1 -1 -1 -1 -1 24 -1 -1 2 -1 1 -1 -1 11 -1 12 -1 28 -1 -1 -1 -1 -1 -1 -1 -1 -1 -1 -1 -1 15 -1 -1 30 23 -1 -1 22 -1 -1 -1 -1 -1 -1 7 -1 17 -1 10 -1 -1 -1 21 -1 25 -1 -1 -1 -1 -1 -1 -1 -1 -1 -1 -1 -1 -1 -1 -1 26 20 19 18 -1 -1 
-1 -1 9 3 4 5 6 -1 -1 -1 -1 0 -1 -1 -1 -1 -1 -1 -1 24 -1 -1 2 -1 1 -1 -1 11 -1 12 -1 28 -1 -1 -1 -1 -1 -1 -1 -1 -1 7 -1 -1 15 -1 -1 30 23 -1 -1 22 -1 -1 -1 -1 -1 -1 -1 -1 17 -1 10 -1 -1 -1 21 -1 25 -1 -1 -1 -1 -1 -1 -1 -1 -1 -1 -1 -1 -1 -1 -1 26 20 19 18 -1 -1 
-1 -1 9 3 4 5 6 -1 -1 -1 -1 0 -1 -1 -1 -1 -1 -1 -1 24 -1 -1 2 -1 1 -1 -1 11 -1 12 -1 28 -1 -1 -1 -1 -1 -1 -1 -1 -1 23 -1 -1 15 -1 -1 30 -1 -1 -1 22 -1 -1 -1 -1 -1 -1 -1 -1 17 -1 10 -1 -1 -1 21 -1 25 -1 -1 -1 -1 -1 -1 -1 -1 -1 -1 -1 -1 -1 -1 -1 26 20 19 18 -1 -1 
-1 -1 9 3 4 5 6 -1 -1 -1 -1 0 -1 -1 -1 -1 -1 -1 -1 24 -1 -1 2 -1 -1 -1 -1 11 -1 12 -1 28 -1 -1 -1 -1 -1 -1 -1 -1 -1 1 -1 -1 15 -1 -1 30 -1 -1 -1 22 -1 -1 -1 -1 -1 -1 -1 -1 17 -1 10 -1 -1 -1 21 -1 25 -1 -1 -1 -1 -1 -1 -1 -1 -1 -1 -1 -1 -1 -1 -1 26 20 19 18 -1 -1 
-1 -1 9 3 4 5 6 -1 -1 -1 -1 0 -1 -1 -1 -1 -1 -1 -1 24 -1 -1 2 -1 -1 -1 -1 11 -1 12 -1 28 -1 -1 -1 -1 -1 -1 -1 -1 -1 1 -1 -1 15 -1 -1 30 -1 -1 25 22 -1 -1 -1 -1 -1 -1 -1 -1 17 -1 10 -1 -1 -1 21 -1 -1 -1 -1 -1 -1 -1 -1 -1 -1 -1 -1 -1 -1 -1 -1 -1 26 20 19 18 -1 -1 
-1 -1 9 3 4 5 6 -1 -1 -1 -1 -1 -1 -1 -1 0 -1 -1 -1 24 -1 -1 2 -1 -1 -1 -1 11 -1 12 -1 28 -1 -1 -1 -1 -1 -1 -1 -1 -1 1 -1 -1 15 -1 -1 30 -1 -1 25 22 -1 -1 -1 -1 -1 -1 -1 -1 17 -1 10 -1 -1 -1 21 -1 -1 -1 -1 -1 -1 -1 -1 -1 -1 -1 -1 -1 -1 -1 -1 -1 26 20 19 18 -1 -1 
-1 -1 9 3 4 5 6 -1 -1 -1 -1 -1 -1 -1 -1 0 -1 -1 -1 24 -1 -1 2 -1 -1 -1 -1 11 -1 12 -1 28 -1 -1 -1 -1 -1 -1 -1 -1 -1 1 -1 -1 15 -1 -1 30 -1 -1 25 22 -1 -1 -1 -1 -1 -1 -1 -1 17 -1 10 -1 -1 -1 21 18 -1 -1 -1 -1 -1 -1 -1 -1 -1 -1 -1 -1 -1 -1 -1 -1 26 20 19 -1 -1 -1 
-1 -1 9 3 4 5 6 -1 -1 -1 -1 -1 -1 -1 -1 -1 0 -1 -1 24 -1 -1 2 -1 -1 -1 -1 11 -1 12 -1 28 -1 -1 -1 -1 -1 -1 -1 -1 -1 1 -1 -1 15 -1 -1 30 -1 -1 25 22 -1 -1 -1 -1 -1 -1 -1 -1 17 -1 10 -1 -1 -1 21 18 -1 -1 -1 -1 -1 -1 -1 -1 -1 -1 -1 -1 -1 -1 -1 -1 26 20 19 -1 -1 -1 
-1 -1 9 3 4 5 6 -1 -1 -1 -1 -1 -1 -1 -1 -1 0 -1 -1 24 -1 -1 2 -1 -1 -1 -1 11 -1 12 -1 28 -1 -1 -1 -1 -1 -1 -1 -1 -1 1 -1 -1 15 -1 -1 30 -1 -1 25 -1 -1 -1 -1 -1 -1 -1 -1 -1 17 -1 10 -1 -1 -1 21 18 -1 -1 -1 22 -1 -1 -1 -1 -1 -1 -1 -1 -1 -1 -1 -1 26 20 19 -1 -1 -1 
-1 -1 9 3 4 5 6 -1 -1 -1 -1 -1 -1 -1 -1 -1 0 -1 -1 24 -1 -1 2 -1 -1 -1 -1 11 -1 12 -1 28 -1 -1 -1 -1 -1 -1 -1 -1 -1 -1 -1 -1 15 -1 -1 30 -1 -1 25 -1 1 -1 -1 -1 -1 -1 -1 -1 17 -1 10 -1 -1 -1 21 18 -1 -1 -1 22 -1 -1 -1 -1 -1 -1 -1 -1 -1 -1 -1 -1 26 20 19 -1 -1 -1 
-1 -1 9 3 4 5 6 -1 -1 -1 -1 -1 -1 -1 -1 -1 0 -1 -1 24 -1 -1 2 -1 -1 -1 -1 11 -1 12 -1 28 -1 -1 -1 -1 -1 -1 -1 -1 -1 -1 -1 -1 15 -1 -1 30 -1 -1 -1 25 1 -1 -1 -1 -1 -1 -1 -1 17 -1 10 -1 -1 -1 21 18 -1 -1 -1 22 -1 -1 -1 -1 -1 -1 -1 -1 -1 -1 -1 -1 26 20 19 -1 -1 -1 
-1 -1 9 3 4 -1 6 -1 -1 -1 -1 -1 -1 5 -1 -1 0 -1 -1 24 -1 -1 2 -1 -1 -1 -1 11 -1 12 -1 28 -1 -1 -1 -1 -1 -1 -1 -1 -1 -1 -1 -1 15 -1 -1 30 -1 -1 -1 25 1 -1 -1 -1 -1 -1 -1 -1 17 -1 10 -1 -1 -1 21 18 -1 -1 -1 22 -1 -1 -1 -1 -1 -1 -1 -1 -1 -1 -1 -1 26 20 19 -1 -1 -1 
-1 -1 9 3 4 -1 6 -1 -1 -1 -1 -1 -1 5 -1 -1 0 -1 -1 24 -1 -1 2 -1 -1 -1 -1 11 -1 12 -1 28 -1 -1 -1 -1 -1 -1 -1 -1 -1 -1 -1 -1 15 -1 -1 30 -1 -1 -1 25 1 -1 -1 -1 -1 -1 -1 -1 17 -1 10 -1 -1 -1 -1 18 -1 -1 -1 22 -1 -1 -1 -1 21 -1 -1 -1 -1 -1 -1 -1 26 20 19 -1 -1 -1 
-1 -1 9 3 4 -1 6 -1 -1 -1 -1 -1 -1 5 -1 -1 0 -1 -1 24 -1 -1 2 -1 -1 -1 -1 11 -1 12 -1 28 -1 1 -1 -1 -1 -1 -1 -1 -1 -1 -1 -1 15 -1 -1 30 -1 -1 -1 25 -1 -1 -1 -1 -1 -1 -1 -1 17 -1 10 -1 -1 -1 -1 18 -1 -1 -1 22 -1 -1 -1 -1 21 -1 -1 -1 -1 -1 -1 -1 26 20 19 -1 -1 -1 
-1 -1 9 3 4 -1 6 -1 -1 -1 -1 -1 -1 5 -1 -1 0 -1 -1 24 -1 -1 2 -1 -1 -1 -1 11 -1 12 -1 28 -1 1 -1 -1 -1 -1 -1 -1 -1 -1 -1 -1 15 -1 -1 30 -1 17 -1 25 -1 -1 -1 -1 -1 -1 -1 -1 -1 -1 10 -1 -1 -1 -1 18 -1 -1 -1 22 -1 -1 -1 -1 21 -1 -1 -1 -1 -1 -1 -1 26 20 19 -1 -1 -1 
-1 -1 9 3 4 -1 6 -1 -1 -1 -1 -1 -1 5 -1 -1 -1 -1 -1 24 -1 -1 2 -1 -1 -1 -1 11 -1 12 -1 28 -1 1 -1 -1 -1 -1 -1 -1 -1 -1 -1 -1 15 -1 -1 30 -1 17 -1 25 -1 -1 -1 -1 -1 -1 -1 -1 -1 0 10 -1 -1 -1 -1 18 -1 -1 -1 22 -1 -1 -1 -1 21 -1 -1 -1 -1 -1 -1 -1 26 20 19 -1 -1 -1 
-1 -1 9 3 4 -1 6 -1 -1 -1 -1 -1 -1 5 -1 -1 -1 -1 -1 24 -1 -1 2 -1 -1 -1 -1 11 -1 12 17 28 -1 1 -1 -1 -1 -1 -1 -1 -1 -1 -1 -1 15 -1 -1 30 -1 -1 -1 25 -1 -1 -1 -1 -1 -1 -1 -1 -1 0 10 -1 -1 -1 -1 18 -1 -1 -1 22 -1 -1 -1 -1 21 -1 -1 -1 -1 -1 -1 -1 26 20 19 -1 -1 -1 
-1 -1 9 3 4 -1 6 -1 -1 -1 -1 -1 -1 5 -1 -1 -1 -1 -1 24 -1 -1 2 -1 -1 -1 -1 11 -1 12 17 28 -1 -1 -1 -1 -1 -1 -1 -1 -1 -1 -1 -1 15 -1 -1 30 -1 -1 1 25 -1 -1 -1 -1 -1 -1 -1 -1 -1 0 10 -1 -1 -1 -1 18 -1 -1 -1 22 -1 -1 -1 -1 21 -1 -1 -1 -1 -1 -1 -1 26 20 19 -1 -1 -1 
-1 -1 9 3 4 -1 6 -1 -1 -1 -1 17 -1 5 -1 -1 -1 -1 -1 24 -1 -1 2 -1 -1 -1 -1 11 -1 12 -1 28 -1 -1 -1 -1 -1 -1 -1 -1 -1 -1 -1 -1 15 -1 -1 30 -1 -1 1 25 -1 -1 -1 -1 -1 -1 -1 -1 -1 0 10 -1 -1 -1 -1 18 -1 -1 -1 22 -1 -1 -1 -1 21 -1 -1 -1 -1 -1 -1 -1 26 20 19 -1 -1 -1 
-1 -1 9 3 -1 4 6 -1 -1 -1 -1 17 -1 5 -1 -1 -1 -1 -1 24 -1 -1 2 -1 -1 -1 -1 11 -1 12 -1 28 -1 -1 -1 -1 -1 -1 -1 -1 -1 -1 -1 -1 15 -1 -1 30 -1 -1 1 25 -1 -1 -1 -1 -1 -1 -1 -1 -1 0 10 -1 -1 -1 -1 18 -1 -1 -1 22 -1 -1 -1 -1 21 -1 -1 -1 -1 -1 -1 -1 26 20 19 -1 -1 -1 
-1 -1 9 3 -1 4 6 -1 -1 -1 -1 17 -1 5 -1 -1 -1 -1 -1 24 -1 -1 2 -1 -1 -1 -1 11 -1 12 -1 28 -1 -1 -1 -1 -1 -1 -1 -1 -1 -1 -1 -1 15 -1 -1 30 -1 -1 1 25 -1 -1 -1 -1 -1 -1 -1 -1 -1 0 10 -1 -1 -1 -1 18 -1 -1 -1 -1 -1 -1 -1 -1 21 -1 -1 -1 -1 -1 -1 -1 26 20 19 22 -1 -1 
-1 -1 9 3 -1 4 6 -1 -1 -1 -1 17 -1 5 -1 -1 -1 -1 -1 24 -1 -1 2 -1 -1 -1 -1 11 -1 12 -1 28 -1 -1 -1 -1 -1 -1 -1 -1 -1 -1 -1 -1 15 -1 -1 30 -1 -1 1 25 -1 -1 -1 -1 -1 -1 -1 -1 0 -1 10 -1 -1 -1 -1 18 -1 -1 -1 -1 -1 -1 -1 -1 21 -1 -1 -1 -1 -1 -1 -1 26 20 19 22 -1 -1 
-1 -1 9 3 -1 4 6 -1 -1 -1 -1 17 -1 5 -1 -1 -1 -1 -1 -1 -1 -1 2 -1 -1 -1 -1 11 -1 12 -1 28 -1 -1 -1 -1 -1 -1 -1 -1 -1 -1 -1 -1 15 -1 -1 30 -1 -1 1 25 -1 -1 -1 -1 -1 -1 -1 -1 0 -1 10 -1 24 -1 -1 18 -1 -1 -1 -1 -1 -1 -1 -1 21 -1 -1 -1 -1 -1 -1 -1 26 20 19 22 -1 -1 
-1 -1 9 3 -1 4 6 -1 -1 -1 -1 17 -1 5 -1 -1 -1 -1 -1 -1 -1 -1 2 -1 -1 -1 -1 11 -1 12 -1 28 -1 -1 -1 -1 -1 -1 -1 -1 -1 -1 -1 -1 -1 -1 -1 30 -1 -1 1 25 -1 15 -1 -1 -1 -1 -1 -1 0 -1 10 -1 24 -1 -1 18 -1 -1 -1 -1 -1 -1 -1 -1 21 -1 -1 -1 -1 -1 -1 -1 26 20 19 22 -1 -1 
-1 -1 9 3 -1 4 6 -1 -1 -1 -1 17 26 5 -1 -1 -1 -1 -1 -1 -1 -1 2 -1 -1 -1 -1 11 -1 12 -1 28 -1 -1 -1 -1 -1 -1 -1 -1 -1 -1 -1 -1 -1 -1 -1 30 -1 -1 1 25 -1 15 -1 -1 -1 -1 -1 -1 0 -1 10 -1 24 -1 -1 18 -1 -1 -1 -1 -1 -1 -1 -1 21 -1 -1 -1 -1 -1 -1 -1 -1 20 19 22 -1 -1 
-1 -1 9 3 -1 4 6 -1 -1 -1 -1 17 26 5 -1 -1 -1 -1 -1 -1 -1 -1 2 -1 -1 -1 -1 11 -1 12 -1 28 -1 -1 -1 -1 -1 -1 -1 -1 -1 -1 -1 -1 -1 -1 -1 30 -1 -1 1 25 15 -1 -1 -1 -1 -1 -1 -1 0 -1 10 -1 24 -1 -1 18 -1 -1 -1 -1 -1 -1 -1 -1 21 -1 -1 -1 -1 -1 -1 -1 -1 20 19 22 -1 -1 
-1 -1 9 3 -1 4 6 -1 -1 -1 -1 17 26 5 -1 25 -1 -1 -1 -1 -1 -1 2 -1 -1 -1 -1 11 -1 12 -1 28 -1 -1 -1 -1 -1 -1 -1 -1 -1 -1 -1 -1 -1 -1 -1 30 -1 -1 1 -1 15 -1 -1 -1 -1 -1 -1 -1 0 -1 10 -1 24 -1 -1 18 -1 -1 -1 -1 -1 -1 -1 -1 21 -1 -1 -1 -1 -1 -1 -1 -1 20 19 22 -1 -1 
-1 -1 9 3 -1 4 6 -1 -1 -1 -1 17 26 5 -1 25 -1 -1 -1 -1 -1 -1 2 -1 -1 -1 -1 11 -1 12 -1 28 -1 -1 -1 -1 -1 -1 -1 -1 -1 -1 -1 -1 -1 -1 -1 30 -1 -1 -1 -1 15 -1 -1 -1 -1 -1 -1 -1 0 1 10 -1 24 -1 -1 18 -1 -1 -1 -1 -1 -1 -1 -1 21 -1 -1 -1 -1 -1 -1 -1 -1 20 19 22 -1 -1 
-1 -1 9 3 -1 4 6 -1 -1 -1 -1 17 26 5 -1 25 -1 -1 -1 -1 -1 -1 2 -1 -1 -1 -1 11 -1 12 -1 28 -1 -1 -1 -1 -1 -1 -1 -1 -1 -1 -1 -1 -1 -1 -1 30 -1 -1 -1 -1 15 -1 -1 -1 -1 -1 -1 -1 0 1 10 -1 -1 -1 24 18 -1 -1 -1 -1 -1 -1 -1 -1 21 -1 -1 -1 -1 -1 -1 -1 -1 20 19 22 -1 -1 
-1 -1 9 3 -1 4 6 -1 -1 -1 -1 17 26 5 -1 25 -1 -1 -1 -1 -1 -1 2 -1 -1 -1 -1 11 -1 12 -1 28 -1 -1 -1 -1 -1 -1 -1 -1 -1 -1 -1 -1 -1 -1 -1 30 -1 -1 -1 -1 15 -1 -1 -1 -1 0 -1 -1 -1 1 10 -1 -1 -1 24 18 -1 -1 -1 -1 -1 -1 -1 -1 21 -1 -1 -1 -1 -1 -1 -1 -1 20 19 22 -1 -1 
-1 -1 9 16 -1 4 6 -1 -1 -1 -1 17 -1 5 -1 25 -1 -1 -1 -1 -1 -1 2 -1 -1 -1 -1 11 -1 12 -1 28 -1 -1 -1 -1 -1 -1 -1 -1 -1 -1 -1 -1 -1 -1 -1 30 -1 -1 -1 -1 15 -1 -1 -1 -1 0 -1 -1 -1 1 10 -1 -1 -1 24 18 -1 -1 -1 -1 -1 -1 -1 -1 21 -1 -1 -1 -1 -1 -1 -1 -1 20 19 22 -1 -1 
-1 -1 9 16 -1 4 6 -1 -1 -1 -1 17 -1 5 -1 25 -1 -1 -1 -1 -1 -1 2 -1 -1 -1 -1 11 -1 12 -1 28 -1 -1 -1 -1 -1 -1 -1 -1 -1 -1 -1 -1 -1 -1 -1 30 -1 -1 -1 -1 15 -1 -1 -1 -1 10 -1 -1 -1 1 -1 -1 -1 -1 24 18 -1 -1 -1 -1 -1 -1 -1 -1 21 -1 -1 -1 -1 -1 -1 -1 -1 20 19 22 -1 -1 
-1 -1 9 16 -1 4 6 -1 -1 -1 -1 17 -1 5 -1 25 -1 -1 -1 -1 -1 -1 2 -1 -1 -1 -1 11 -1 12 -1 28 -1 -1 -1 -1 -1 -1 -1 26 -1 -1 -1 -1 -1 -1 -1 30 -1 -1 -1 -1 15 -1 -1 -1 -1 10 -1 -1 -1 1 -1 -1 -1 -1 24 18 -1 -1 -1 -1 -1 -1 -1 -1 21 -1 -1 -1 -1 -1 -1 -1 -1 20 19 22 -1 -1 
-1 -1 9 16 -1 4 6 -1 -1 -1 -1 17 -1 5 -1 25 -1 -1 -1 -1 -1 -1 2 -1 -1 -1 -1 11 -1 12 -1 28 -1 -1 -1 -1 -1 -1 -1 26 -1 -1 -1 -1 -1 -1 -1 30 -1 -1 -1 -1 15 -1 -1 -1 -1 10 -1 -1 -1 -1 -1 -1 -1 -1 24 18 -1 -1 -1 -1 -1 -1 -1 -1 21 -1 1 -1 -1 -1 -1 -1 -1 20 19 22 -1 -1 
-1 -1 9 16 -1 4 6 -1 -1 -1 -1 17 -1 5 -1 25 -1 -1 -1 -1 -1 -1 2 -1 -1 -1 -1 11 -1 12 -1 28 -1 -1 -1 -1 -1 -1 -1 26 -1 -1 -1 -1 -1 -1 -1 30 -1 -1 -1 -1 15 -1 -1 -1 -1 10 -1 -1 -1 -1 -1 -1 -1 -1 24 18 -1 -1 -1 -1 -1 -1 -1 -1 21 -1 1 -1 -1 -1 -1 -1 20 -1 19 22 -1 -1 
-1 -1 9 16 -1 4 6 -1 -1 -1 -1 17 -1 5 -1 25 -1 -1 -1 -1 -1 -1 2 -1 -1 -1 -1 11 -1 12 -1 28 -1 -1 -1 -1 -1 -1 -1 26 -1 -1 -1 -1 -1 -1 -1 30 -1 -1 -1 -1 15 -1 -1 -1 -1 10 -1 1 -1 -1 -1 -1 -1 -1 24 18 -1 -1 -1 -1 -1 -1 -1 -1 21 -1 -1 -1 -1 -1 -1 -1 20 -1 19 22 -1 -1 
-1 -1 9 16 -1 4 6 -1 -1 -1 -1 17 -1 5 -1 25 -1 -1 -1 -1 -1 -1 2 -1 -1 -1 -1 11 -1 12 -1 28 -1 -1 -1 -1 -1 -1 -1 26 -1 -1 -1 -1 -1 -1 -1 30 -1 -1 -1 -1 15 -1 -1 -1 -1 10 -1 1 -1 -1 -1 -1 -1 -1 24 18 -1 -1 -1 -1 -1 -1 -1 -1 21 -1 -1 -1 -1 -1 -1 -1 -1 20 19 22 -1 -1 
-1 -1 9 16 -1 4 6 -1 -1 -1 -1 17 -1 5 -1 25 -1 -1 -1 -1 -1 -1 2 -1 -1 -1 -1 11 -1 12 -1 28 -1 -1 -1 -1 -1 -1 -1 26 -1 -1 -1 -1 -1 -1 -1 30 -1 -1 -1 -1 15 -1 -1 -1 -1 10 -1 -1 -1 -1 -1 -1 -1 -1 24 18 -1 -1 -1 -1 -1 -1 -1 -1 21 -1 1 -1 -1 -1 -1 -1 -1 20 19 22 -1 -1 
-1 -1 9 16 -1 4 6 -1 -1 -1 -1 17 -1 5 -1 25 -1 -1 -1 -1 -1 -1 2 -1 -1 -1 -1 11 -1 12 -1 28 -1 -1 -1 -1 -1 -1 -1 26 -1 -1 -1 -1 -1 -1 -1 30 -1 -1 -1 -1 15 -1 -1 -1 -1 10 -1 -1 -1 -1 -1 -1 -1 -1 24 18 -1 -1 -1 -1 -1 -1 -1 -1 21 -1 1 -1 -1 -1 -1 -1 20 -1 19 22 -1 -1 
-1 -1 9 16 -1 4 6 -1 -1 -1 -1 17 -1 5 -1 25 -1 -1 -1 -1 -1 -1 2 -1 -1 -1 -1 11 -1 -1 -1 28 -1 -1 -1 -1 -1 -1 12 26 -1 -1 -1 -1 -1 -1 -1 30 -1 -1 -1 -1 15 -1 -1 -1 -1 10 -1 -1 -1 -1 -1 -1 -1 -1 24 18 -1 -1 -1 -1 -1 -1 -1 -1 21 -1 1 -1 -1 -1 -1 -1 20 -1 19 22 -1 -1 
-1 -1 9 16 -1 4 6 -1 -1 -1 -1 17 -1 5 -1 -1 -1 -1 -1 -1 -1 -1 2 -1 -1 -1 -1 11 -1 -1 -1 28 -1 -1 -1 -1 -1 -1 12 26 -1 -1 -1 -1 -1 -1 -1 30 -1 -1 -1 -1 15 -1 -1 -1 -1 10 -1 -1 -1 -1 -1 -1 -1 -1 24 18 -1 25 -1 -1 -1 -1 -1 -1 21 -1 1 -1 -1 -1 -1 -1 20 -1 19 22 -1 -1 
-1 -1 9 16 -1 4 6 -1 -1 -1 -1 17 -1 5 -1 -1 -1 -1 -1 -1 -1 -1 2 -1 -1 -1 -1 11 -1 -1 -1 28 -1 -1 -1 -1 -1 -1 -1 26 -1 -1 -1 -1 -1 -1 -1 12 -1 -1 -1 -1 15 -1 -1 -1 -1 10 -1 -1 -1 -1 -1 -1 -1 -1 24 18 -1 25 -1 -1 -1 -1 -1 -1 21 -1 1 -1 -1 -1 -1 -1 20 -1 19 22 -1 -1 
-1 -1 9 16 -1 4 6 -1 -1 -1 -1 17 -1 5 -1 -1 -1 -1 -1 -1 -1 -1 2 -1 -1 -1 -1 11 -1 -1 -1 28 -1 -1 -1 -1 -1 -1 -1 26 -1 -1 -1 -1 -1 -1 -1 12 -1 -1 -1 -1 15 -1 -1 -1 -1 10 -1 -1 -1 -1 -1 -1 -1 -1 24 18 25 -1 -1 -1 -1 -1 -1 -1 21 -1 1 -1 -1 -1 -1 -1 20 -1 19 22 -1 -1 
-1 -1 9 16 -1 4 6 -1 -1 -1 -1 17 -1 5 -1 -1 -1 -1 -1 -1 -1 -1 2 -1 -1 -1 -1 11 -1 -1 -1 28 -1 -1 -1 -1 -1 -1 -1 26 -1 -1 -1 -1 -1 -1 -1 -1 12 -1 -1 -1 15 -1 -1 -1 -1 10 -1 -1 -1 -1 -1 -1 -1 -1 24 18 25 -1 -1 -1 -1 -1 -1 -1 21 -1 1 -1 -1 -1 -1 -1 20 -1 19 22 -1 -1 
-1 -1 9 16 -1 4 6 -1 -1 -1 -1 17 -1 5 -1 -1 -1 -1 -1 -1 -1 -1 2 -1 -1 -1 -1 11 -1 -1 -1 28 -1 -1 -1 -1 -1 -1 -1 -1 -1 -1 -1 26 -1 -1 -1 -1 12 -1 -1 -1 15 -1 -1 -1 -1 10 -1 -1 -1 -1 -1 -1 -1 -1 24 18 25 -1 -1 -1 -1 -1 -1 -1 21 -1 1 -1 -1 -1 -1 -1 20 -1 19 22 -1 -1 
-1 -1 9 16 -1 4 6 -1 -1 -1 -1 17 -1 5 -1 -1 -1 -1 -1 -1 -1 -1 2 -1 -1 -1 -1 11 -1 -1 -1 28 -1 -1 -1 -1 -1 -1 -1 -1 -1 -1 -1 26 -1 -1 -1 -1 -1 12 -1 -1 15 -1 -1 -1 -1 10 -1 -1 -1 -1 -1 -1 -1 -1 24 18 25 -1 -1 -1 -1 -1 -1 -1 21 -1 1 -1 -1 -1 -1 -1 20 -1 19 22 -1 -1 
-1 -1 9 16 -1 4 6 26 -1 -1 -1 17 -1 5 -1 -1 -1 -1 -1 -1 -1 -1 2 -1 -1 -1 -1 11 -1 -1 -1 28 -1 -1 -1 -1 -1 -1 -1 -1 -1 -1 -1 -1 -1 -1 -1 -1 -1 12 -1 -1 15 -1 -1 -1 -1 10 -1 -1 -1 -1 -1 -1 -1 -1 24 18 25 -1 -1 -1 -1 -1 -1 -1 21 -1 1 -1 -1 -1 -1 -1 20 -1 19 22 -1 -1 
-1 -1 9 16 -1 4 -1 26 -1 -1 -1 17 -1 5 -1 -1 -1 -1 -1 -1 -1 -1 2 -1 -1 -1 6 11 -1 -1 -1 28 -1 -1 -1 -1 -1 -1 -1 -1 -1 -1 -1 -1 -1 -1 -1 -1 -1 12 -1 -1 15 -1 -1 -1 -1 10 -1 -1 -1 -1 -1 -1 -1 -1 24 18 25 -1 -1 -1 -1 -1 -1 -1 21 -1 1 -1 -1 -1 -1 -1 20 -1 19 22 -1 -1 
-1 -1 9 16 -1 4 -1 -1 -1 -1 -1 17 -1 5 -1 -1 26 -1 -1 -1 -1 -1 2 -1 -1 -1 6 11 -1 -1 -1 28 -1 -1 -1 -1 -1 -1 -1 -1 -1 -1 -1 -1 -1 -1 -1 -1 -1 12 -1 -1 15 -1 -1 -1 -1 10 -1 -1 -1 -1 -1 -1 -1 -1 24 18 25 -1 -1 -1 -1 -1 -1 -1 21 -1 1 -1 -1 -1 -1 -1 20 -1 19 22 -1 -1 
-1 9 -1 16 -1 4 -1 -1 -1 -1 -1 17 -1 5 -1 -1 26 -1 -1 -1 -1 -1 2 -1 -1 -1 6 11 -1 -1 -1 28 -1 -1 -1 -1 -1 -1 -1 -1 -1 -1 -1 -1 -1 -1 -1 -1 -1 12 -1 -1 15 -1 -1 -1 -1 10 -1 -1 -1 -1 -1 -1 -1 -1 24 18 25 -1 -1 -1 -1 -1 -1 -1 21 -1 1 -1 -1 -1 -1 -1 20 -1 19 22 -1 -1 
-1 9 -1 16 -1 4 -1 -1 -1 -1 -1 17 -1 5 -1 -1 26 -1 -1 -1 -1 -1 2 -1 -1 -1 6 11 -1 -1 -1 28 -1 -1 -1 -1 -1 -1 -1 -1 -1 -1 -1 -1 -1 -1 -1 -1 -1 12 -1 -1 15 -1 -1 -1 -1 10 -1 -1 -1 -1 -1 -1 -1 -1 24 18 -1 -1 -1 -1 -1 -1 -1 -1 21 25 1 -1 -1 -1 -1 -1 20 -1 19 22 -1 -1 
-1 -1 -1 16 -1 4 -1 -1 -1 -1 -1 17 -1 5 -1 -1 26 -1 -1 -1 -1 -1 2 -1 -1 -1 6 11 -1 -1 -1 28 -1 -1 -1 -1 -1 9 -1 -1 -1 -1 -1 -1 -1 -1 -1 -1 -1 12 -1 -1 15 -1 -1 -1 -1 10 -1 -1 -1 -1 -1 -1 -1 -1 24 18 -1 -1 -1 -1 -1 -1 -1 -1 21 25 1 -1 -1 -1 -1 -1 20 -1 19 22 -1 -1 
-1 -1 -1 16 -1 4 -1 -1 -1 -1 -1 -1 -1 5 -1 -1 26 -1 -1 -1 -1 -1 17 -1 -1 -1 6 11 -1 -1 -1 28 -1 -1 -1 -1 -1 9 -1 -1 -1 -1 -1 -1 -1 -1 -1 -1 -1 12 -1 -1 15 -1 -1 -1 -1 10 -1 -1 -1 -1 -1 -1 -1 -1 24 18 -1 -1 -1 -1 -1 -1 -1 -1 21 25 1 -1 -1 -1 -1 -1 20 -1 19 22 -1 -1 
-1 -1 -1 16 -1 4 -1 -1 -1 -1 -1 -1 -1 5 -1 -1 26 -1 -1 -1 -1 -1 17 -1 -1 -1 6 11 -1 -1 -1 28 -1 -1 -1 -1 -1 -1 -1 9 -1 -1 -1 -1 -1 -1 -1 -1 -1 12 -1 -1 15 -1 -1 -1 -1 10 -1 -1 -1 -1 -1 -1 -1 -1 24 18 -1 -1 -1 -1 -1 -1 -1 -1 21 25 1 -1 -1 -1 -1 -1 20 -1 19 22 -1 -1 
-1 -1 -1 16 -1 4 -1 -1 -1 -1 -1 -1 -1 5 -1 -1 26 -1 -1 -1 -1 -1 17 -1 -1 -1 6 11 -1 -1 -1 28 -1 -1 -1 -1 -1 -1 -1 9 -1 -1 -1 -1 -1 -1 -1 -1 -1 12 -1 -1 15 -1 -1 -1 -1 10 -1 -1 -1 -1 -1 -1 -1 -1 24 18 -1 -1 -1 -1 -1 -1 -1 -1 21 25 1 -1 -1 -1 -1 -1 -1 20 19 22 -1 -1 
-1 -1 -1 16 -1 4 -1 -1 -1 -1 -1 -1 -1 5 -1 -1 26 -1 -1 -1 -1 -1 17 -1 -1 -1 6 11 -1 -1 -1 28 -1 -1 -1 -1 -1 -1 -1 -1 9 -1 -1 -1 -1 -1 -1 -1 -1 12 -1 -1 15 -1 -1 -1 -1 10 -1 -1 -1 -1 -1 -1 -1 -1 24 18 -1 -1 -1 -1 -1 -1 -1 -1 21 25 1 -1 -1 -1 -1 -1 -1 20 19 22 -1 -1 
-1 -1 -1 16 -1 4 -1 -1 -1 -1 -1 -1 -1 5 -1 -1 26 -1 -1 -1 -1 -1 -1 -1 -1 -1 6 11 -1 -1 -1 28 -1 17 -1 -1 -1 -1 -1 -1 9 -1 -1 -1 -1 -1 -1 -1 -1 12 -1 -1 15 -1 -1 -1 -1 10 -1 -1 -1 -1 -1 -1 -1 -1 24 18 -1 -1 -1 -1 -1 -1 -1 -1 21 25 1 -1 -1 -1 -1 -1 -1 20 19 22 -1 -1 
-1 -1 -1 16 -1 4 -1 -1 -1 -1 -1 -1 -1 5 -1 -1 26 -1 -1 -1 -1 -1 -1 -1 -1 -1 -1 11 -1 -1 -1 28 -1 17 -1 -1 -1 -1 -1 -1 9 -1 6 -1 -1 -1 -1 -1 -1 12 -1 -1 15 -1 -1 -1 -1 10 -1 -1 -1 -1 -1 -1 -1 -1 24 18 -1 -1 -1 -1 -1 -1 -1 -1 21 25 1 -1 -1 -1 -1 -1 -1 20 19 22 -1 -1 
-1 -1 -1 16 -1 4 -1 -1 -1 -1 -1 -1 -1 5 -1 26 -1 -1 -1 -1 -1 -1 -1 -1 -1 -1 -1 11 -1 -1 -1 28 -1 17 -1 -1 -1 -1 -1 -1 9 -1 6 -1 -1 -1 -1 -1 -1 12 -1 -1 15 -1 -1 -1 -1 10 -1 -1 -1 -1 -1 -1 -1 -1 24 18 -1 -1 -1 -1 -1 -1 -1 -1 21 25 1 -1 -1 -1 -1 -1 -1 20 19 22 -1 -1 
-1 -1 -1 16 -1 4 -1 -1 -1 -1 -1 -1 -1 5 -1 26 -1 -1 -1 -1 -1 -1 -1 -1 -1 -1 -1 11 -1 -1 -1 28 -1 17 -1 -1 -1 -1 -1 -1 9 -1 6 -1 -1 -1 -1 -1 -1 12 -1 -1 15 -1 -1 -1 -1 -1 -1 -1 10 -1 -1 -1 -1 -1 24 18 -1 -1 -1 -1 -1 -1 -1 -1 21 25 1 -1 -1 -1 -1 -1 -1 20 19 22 -1 -1 
-1 -1 -1 16 -1 4 -1 -1 -1 -1 -1 -1 -1 5 -1 26 -1 -1 -1 -1 -1 -1 -1 -1 -1 -1 -1 11 -1 -1 -1 28 -1 17 -1 -1 -1 -1 -1 -1 9 -1 6 -1 -1 -1 -1 -1 -1 12 -1 -1 15 -1 -1 -1 -1 -1 -1 -1 10 -1 -1 -1 -1 -1 24 18 21 -1 -1 -1 -1 -1 -1 -1 -1 25 1 -1 -1 -1 -1 -1 -1 20 19 22 -1 -1 
-1 -1 -1 16 -1 4 -1 -1 -1 -1 -1 -1 -1 5 -1 26 -1 -1 -1 -1 -1 -1 -1 -1 -1 -1 -1 11 -1 -1 -1 28 -1 17 -1 -1 -1 -1 -1 -1 -1 9 6 -1 -1 -1 -1 -1 -1 12 -1 -1 15 -1 -1 -1 -1 -1 -1 -1 10 -1 -1 -1 -1 -1 24 18 21 -1 -1 -1 -1 -1 -1 -1 -1 25 1 -1 -1 -1 -1 -1 -1 20 19 22 -1 -1 
-1 -1 -1 16 -1 4 -1 -1 -1 -1 -1 -1 -1 5 -1 26 -1 -1 -1 -1 -1 -1 -1 -1 -1 -1 -1 11 -1 -1 -1 28 -1 17 -1 -1 -1 -1 -1 -1 -1 9 6 -1 -1 -1 -1 -1 -1 12 -1 18 15 -1 -1 -1 -1 -1 -1 -1 10 -1 -1 -1 -1 -1 24 -1 21 -1 -1 -1 -1 -1 -1 -1 -1 25 1 -1 -1 -1 -1 -1 -1 20 19 22 -1 -1 
-1 -1 -1 16 -1 4 -1 -1 -1 -1 -1 -1 -1 5 -1 26 -1 -1 -1 -1 -1 -1 -1 -1 -1 -1 -1 11 -1 -1 -1 28 -1 17 -1 -1 -1 -1 -1 -1 -1 -1 6 -1 -1 -1 -1 -1 -1 12 -1 18 15 -1 -1 -1 -1 -1 -1 -1 10 -1 -1 -1 -1 -1 24 -1 21 -1 -1 -1 -1 -1 -1 -1 -1 9 1 -1 -1 -1 -1 -1 -1 20 19 22 -1 -1 
-1 -1 -1 16 -1 4 -1 -1 -1 -1 -1 -1 -1 5 -1 26 -1 -1 -1 -1 -1 -1 -1 -1 -1 -1 -1 11 -1 -1 -1 28 -1 17 -1 -1 -1 -1 -1 -1 -1 -1 6 -1 -1 -1 -1 -1 -1 12 -1 18 15 -1 -1 -1 -1 -1 -1 -1 10 -1 -1 -1 -1 -1 24 -1 21 -1 -1 -1 -1 -1 -1 -1 20 9 1 -1 -1 -1 -1 -1 -1 -1 19 22 -1 -1 
-1 -1 -1 16 -1 4 -1 -1 -1 -1 -1 -1 -1 5 -1 26 -1 -1 -1 -1 -1 -1 -1 -1 -1 -1 -1 11 -1 -1 -1 28 -1 17 -1 -1 -1 -1 -1 -1 -1 -1 6 -1 -1 -1 -1 -1 -1 12 -1 15 -1 -1 -1 -1 -1 -1 -1 -1 10 -1 -1 -1 -1 -1 24 -1 21 -1 -1 -1 -1 -1 -1 -1 20 9 1 -1 -1 -1 -1 -1 -1 -1 19 22 -1 -1 
-1 -1 -1 16 -1 4 -1 -1 -1 -1 -1 -1 -1 5 -1 26 17 -1 -1 -1 -1 -1 -1 -1 -1 -1 -1 11 -1 -1 -1 28 -1 -1 -1 -1 -1 -1 -1 -1 -1 -1 6 -1 -1 -1 -1 -1 -1 12 -1 15 -1 -1 -1 -1 -1 -1 -1 -1 10 -1 -1 -1 -1 -1 24 -1 21 -1 -1 -1 -1 -1 -1 -1 20 9 1 -1 -1 -1 -1 -1 -1 -1 19 22 -1 -1 
-1 -1 -1 16 4 -1 -1 -1 -1 -1 -1 -1 -1 5 -1 26 17 -1 -1 -1 -1 -1 -1 -1 -1 -1 -1 11 -1 -1 -1 28 -1 -1 -1 -1 -1 -1 -1 -1 -1 -1 6 -1 -1 -1 -1 -1 -1 12 -1 15 -1 -1 -1 -1 -1 -1 -1 -1 10 -1 -1 -1 -1 -1 24 -1 21 -1 -1 -1 -1 -1 -1 -1 20 9 1 -1 -1 -1 -1 -1 -1 -1 19 22 -1 -1 
