0 1 2 3 4 5 6 7 8 -1 -1 -1 -1 -1 -1 -1 -1 -1 -1 9 -1 -1 -1 -1 -1 10 -1 11 -1 12 -1 28 -1 14 -1 15 -1 -1 -1 -1 -1 -1 -1 -1 -1 -1 -1 30 -1 -1 -1 -1 -1 -1 -1 -1 -1 -1 29 -1 -1 -1 27 -1 26 -1 -1 -1 -1 -1 25 -1 -1 -1 -1 -1 -1 -1 -1 -1 -1 24 23 22 21 20 19 18 17 16 
0 1 2 3 4 5 -1 7 8 -1 -1 -1 -1 -1 -1 -1 -1 -1 -1 9 -1 -1 6 -1 -1 10 -1 11 -1 12 -1 28 -1 14 -1 15 -1 -1 -1 -1 -1 -1 -1 -1 -1 -1 -1 30 -1 -1 -1 -1 -1 -1 -1 -1 -1 -1 29 -1 -1 -1 27 -1 26 -1 -1 -1 -1 -1 25 -1 -1 -1 -1 -1 -1 -1 -1 -1 -1 24 23 22 21 20 19 18 17 16 
0 1 2 3 4 5 -1 7 8 -1 -1 -1 -1 -1 -1 -1 -1 -1 -1 9 -1 -1 6 -1 -1 10 -1 11 -1 12 -1 28 -1 14 -1 15 -1 -1 -1 -1 -1 -1 -1 -1 -1 -1 -1 30 -1 -1 -1 -1 -1 -1 -1 -1 -1 -1 29 -1 -1 -1 27 -1 26 23 -1 -1 -1 -1 25 -1 -1 -1 -1 -1 -1 -1 -1 -1 -1 24 -1 22 21 20 19 18 17 16 
0 1 2 3 4 5 -1 7 8 -1 -1 -1 -1 -1 -1 -1 -1 -1 -1 9 -1 -1 6 -1 -1 10 -1 11 -1 12 -1 28 -1 -1 -1 15 -1 -1 -1 -1 -1 -1 14 -1 -1 -1 -1 30 -1 -1 -1 -1 -1 -1 -1 -1 -1 -1 29 -1 -1 -1 27 -1 26 23 -1 -1 -1 -1 25 -1 -1 -1 -1 -1 -1 -1 -1 -1 -1 24 -1 22 21 20 19 18 17 16 
0 1 2 3 4 5 -1 7 8 -1 -1 -1 -1 -1 -1 -1 -1 -1 -1 9 -1 -1 6 -1 -1 10 -1 11 -1 12 -1 28 -1 -1 -1 15 -1 -1 -1 -1 -1 -1 14 -1 -1 -1 -1 30 -1 -1 -1 -1 -1 -1 -1 -1 -1 -1 29 -1 -1 -1 27 -1 26 23 -1 22 -1 -1 25 -1 -1 -1 -1 -1 -1 -1 -1 -1 -1 24 -1 -1 21 20 19 18 17 16 
0 -1 2 3 4 5 -1 7 8 -1 -1 -1 -1 -1 -1 -1 -1 -1 1 9 -1 -1 6 -1 -1 10 -1 11 -1 12 -1 28 -1 -1 -1 15 -1 -1 -1 -1 -1 -1 14 -1 -1 -1 -1 30 -1 -1 -1 -1 -1 -1 -1 -1 -1 -1 29 -1 -1 -1 27 -1 26 23 -1 22 -1 -1 25 -1 -1 -1 -1 -1 -1 -1 -1 -1 -1 24 -1 -1 21 20 19 18 17 16 
0 -1 2 3 4 5 -1 7 8 -1 -1 -1 -1 -1 -1 -1 -1 -1 1 9 -1 -1 6 -1 -1 10 -1 11 -1 12 -1 28 -1 -1 -1 15 -1 -1 -1 -1 -1 -1 14 -1 -1 -1 -1 30 -1 -1 -1 -1 -1 -1 -1 -1 -1 -1 29 -1 -1 -1 27 -1 26 23 -1 22 -1 -1 25 17 -1 -1 -1 -1 -1 -1 -1 -1 -1 24 -1 -1 21 20 19 18 -1 16 
-1 -1 2 3 4 5 -1 7 8 0 -1 -1 -1 -1 -1 -1 -1 -1 1 9 -1 -1 6 -1 -1 10 -1 11 -1 12 -1 28 -1 -1 -1 15 -1 -1 -1 -1 -1 -1 14 -1 -1 -1 -1 30 -1 -1 -1 -1 -1 -1 -1 -1 -1 -1 29 -1 -1 -1 27 -1 26 23 -1 22 -1 -1 25 17 -1 -1 -1 -1 -1 -1 -1 -1 -1 24 -1 -1 21 20 19 18 -1 16 
-1 -1 2 3 4 5 -1 7 8 0 -1 -1 -1 -1 -1 -1 -1 -1 1 9 -1 -1 6 -1 -1 10 -1 11 -1 12 -1 28 -1 -1 -1 15 -1 -1 -1 -1 -1 -1 14 -1 -1 -1 -1 30 -1 -1 -1 -1 -1 -1 -1 -1 -1 -1 29 -1 -1 -1 27 -1 26 23 -1 22 -1 -1 25 17 -1 -1 -1 -1 -1 -1 -1 -1 16 24 -1 -1 21 20 19 18 -1 -1 
-1 -1 2 3 4 5 -1 7 8 -1 -1 -1 -1 -1 0 -1 -1 -1 1 9 -1 -1 6 -1 -1 10 -1 11 -1 12 -1 28 -1 -1 -1 15 -1 -1 -1 -1 -1 -1 14 -1 -1 -1 -1 30 -1 -1 -1 -1 -1 -1 -1 -1 -1 -1 29 -1 -1 -1 27 -1 26 23 -1 22 -1 -1 25 17 -1 -1 -1 -1 -1 -1 -1 -1 16 24 -1 -1 21 20 19 18 -1 -1 
-1 -1 2 3 4 5 -1 7 8 -1 -1 -1 -1 -1 0 -1 -1 -1 1 9 -1 -1 6 -1 -1 10 -1 11 -1 12 -1 28 -1 -1 -1 15 -1 -1 -1 -1 -1 -1 14 -1 -1 -1 -1 30 -1 -1 -1 -1 -1 -1 -1 -1 -1 -1 29 -1 -1 -1 27 -1 26 23 -1 22 -1 -1 25 17 -1 -1 -1 16 -1 -1 -1 -1 -1 24 -1 -1 21 20 19 18 -1 -1 
-1 -1 2 3 4 -1 -1 7 8 -1 -1 -1 -1 5 0 -1 -1 -1 1 9 -1 -1 6 -1 -1 10 -1 11 -1 12 -1 28 -1 -1 -1 15 -1 -1 -1 -1 -1 -1 14 -1 -1 -1 -1 30 -1 -1 -1 -1 -1 -1 -1 -1 -1 -1 29 -1 -1 -1 27 -1 26 23 -1 22 -1 -1 25 17 -1 -1 -1 16 -1 -1 -1 -1 -1 24 -1 -1 21 20 19 18 -1 -1 
-1 -1 2 3 4 -1 -1 7 8 -1 -1 -1 -1 5 0 -1 -1 -1 1 9 -1 -1 6 -1 -1 10 -1 11 -1 12 -1 28 -1 -1 -1 15 -1 -1 -1 -1 -1 -1 14 -1 -1 31 -1 30 -1 -1 -1 -1 -1 -1 -1 -1 -1 -1 29 -1 -1 -1 27 -1 26 23 -1 22 -1 -1 25 17 -1 -1 -1 16 -1 -1 -1 -1 -1 24 -1 -1 21 20 19 18 -1 -1 
-1 -1 2 3 4 -1 -1 -1 8 -1 -1 -1 -1 5 0 -1 -1 -1 1 9 -1 -1 6 -1 7 10 -1 11 -1 12 -1 28 -1 -1 -1 15 -1 -1 -1 -1 -1 -1 14 -1 -1 31 -1 30 -1 -1 -1 -1 -1 -1 -1 -1 -1 -1 29 -1 -1 -1 27 -1 26 23 -1 22 -1 -1 25 17 -1 -1 -1 16 -1 -1 -1 -1 -1 24 -1 -1 21 20 19 18 -1 -1 
-1 -1 2 3 4 -1 -1 -1 8 -1 -1 -1 -1 5 0 -1 -1 -1 1 9 -1 -1 6 -1 7 10 -1 11 -1 12 -1 28 -1 -1 -1 15 -1 -1 -1 -1 -1 -1 14 -1 -1 31 -1 30 -1 -1 -1 -1 -1 -1 -1 -1 -1 -1 29 -1 -1 -1 27 -1 26 23 -1 22 -1 -1 25 17 -1 -1 -1 16 21 -1 -1 -1 -1 24 -1 -1 -1 20 19 18 -1 -1 
-1 -1 2 3 4 -1 -1 -1 8 -1 -1 -1 -1 5 0 -1 -1 -1 1 9 -1 -1 6 -1 7 10 -1 11 -1 12 -1 28 -1 -1 -1 -1 -1 -1 -1 -1 -1 -1 14 -1 15 31 -1 30 -1 -1 -1 -1 -1 -1 -1 -1 -1 -1 29 -1 -1 -1 27 -1 26 23 -1 22 -1 -1 25 17 -1 -1 -1 16 21 -1 -1 -1 -1 24 -1 -1 -1 20 19 18 -1 -1 
-1 -1 2 3 4 -1 -1 -1 8 -1 -1 -1 -1 5 0 -1 -1 -1 1 9 -1 -1 6 -1 7 10 -1 11 -1 12 -1 28 -1 -1 -1 -1 -1 -1 -1 -1 -1 -1 14 -1 15 31 -1 30 16 -1 -1 -1 -1 -1 -1 -1 -1 -1 29 -1 -1 -1 27 -1 26 23 -1 22 -1 -1 25 17 -1 -1 -1 -1 21 -1 -1 -1 -1 24 -1 -1 -1 20 19 18 -1 -1 
-1 -1 2 3 4 -1 -1 -1 8 -1 -1 -1 -1 5 0 -1 -1 -1 1 9 -1 -1 6 -1 7 -1 10 11 -1 12 -1 28 -1 -1 -1 -1 -1 -1 -1 -1 -1 -1 14 -1 15 31 -1 30 16 -1 -1 -1 -1 -1 -1 -1 -1 -1 29 -1 -1 -1 27 -1 26 23 -1 22 -1 -1 25 17 -1 -1 -1 -1 21 -1 -1 -1 -1 24 -1 -1 -1 20 19 18 -1 -1 
-1 -1 2 3 4 -1 -1 -1 8 -1 -1 -1 -1 5 0 -1 -1 -1 1 9 -1 -1 6 -1 7 -1 10 11 -1 12 -1 28 -1 -1 -1 -1 31 -1 -1 -1 -1 -1 14 -1 15 -1 -1 30 16 -1 -1 -1 -1 -1 -1 -1 -1 -1 29 -1 -1 -1 27 -1 26 23 -1 22 -1 -1 25 17 -1 -1 -1 -1 21 -1 -1 -1 -1 24 -1 -1 -1 20 19 18 -1 -1 
-1 -1 2 3 4 -1 -1 -1 8 -1 -1 -1 -1 5 0 -1 -1 -1 1 9 -1 -1 6 -1 7 -1 10 -1 -1 12 -1 28 -1 -1 -1 -1 11 -1 -1 -1 -1 -1 14 -1 15 -1 -1 30 16 -1 -1 -1 -1 -1 -1 -1 -1 -1 29 -1 -1 -1 27 -1 26 23 -1 22 -1 -1 25 17 -1 -1 -1 -1 21 -1 -1 -1 -1 24 -1 -1 -1 20 19 18 -1 -1 
-1 -1 2 3 4 -1 -1 -1 8 -1 -1 -1 -1 5 0 -1 -1 -1 1 9 -1 -1 6 -1 7 -1 10 -1 -1 12 -1 28 -1 -1 -1 -1 24 -1 -1 -1 -1 -1 14 -1 15 -1 -1 30 16 -1 -1 -1 -1 -1 -1 -1 -1 -1 29 -1 -1 -1 27 -1 26 23 -1 22 -1 -1 25 17 -1 -1 -1 -1 21 -1 -1 -1 -1 -1 -1 -1 -1 20 19 18 -1 -1 
-1 -1 2 3 4 8 -1 -1 -1 -1 -1 -1 -1 5 0 -1 -1 -1 1 9 -1 -1 6 -1 7 -1 10 -1 -1 12 -1 28 -1 -1 -1 -1 24 -1 -1 -1 -1 -1 14 -1 15 -1 -1 30 16 -1 -1 -1 -1 -1 -1 -1 -1 -1 29 -1 -1 -1 27 -1 26 23 -1 22 -1 -1 25 17 -1 -1 -1 -1 21 -1 -1 -1 -1 -1 -1 -1 -1 20 19 18 -1 -1 
-1 -1 2 3 4 8 -1 -1 -1 -1 -1 -1 -1 5 0 -1 -1 -1 1 9 -1 -1 6 -1 7 -1 10 -1 -1 12 -1 28 -1 -1 -1 -1 24 -1 -1 -1 -1 -1 14 -1 15 -1 -1 30 16 -1 -1 -1 -1 27 -1 -1 -1 -1 29 -1 -1 -1 -1 -1 26 23 -1 22 -1 -1 25 17 -1 -1 -1 -1 21 -1 -1 -1 -1 -1 -1 -1 -1 20 19 18 -1 -1 
-1 -1 2 3 4 8 -1 -1 -1 -1 -1 -1 -1 5 0 -1 -1 -1 1 9 -1 -1 6 -1 7 -1 -1 -1 -1 12 -1 28 -1 -1 -1 -1 24 -1 -1 -1 -1 -1 14 -1 15 -1 -1 30 16 -1 -1 -1 -1 10 -1 -1 -1 -1 29 -1 -1 -1 -1 -1 26 23 -1 22 -1 -1 25 17 -1 -1 -1 -1 21 -1 -1 -1 -1 -1 -1 -1 -1 20 19 18 -1 -1 
-1 -1 2 3 4 8 -1 -1 -1 -1 -1 -1 -1 5 0 -1 -1 -1 1 9 -1 -1 6 -1 7 -1 -1 -1 -1 12 -1 28 -1 -1 -1 -1 24 -1 -1 -1 -1 -1 14 -1 15 -1 -1 30 16 -1 -1 -1 -1 10 -1 -1 -1 -1 29 -1 -1 -1 -1 26 -1 23 -1 22 -1 -1 25 17 -1 -1 -1 -1 21 -1 -1 -1 -1 -1 -1 -1 -1 20 19 18 -1 -1 
-1 -1 2 3 4 8 -1 -1 -1 -1 -1 -1 -1 5 -1 -1 -1 -1 1 9 -1 -1 6 -1 7 -1 -1 -1 -1 12 -1 28 -1 -1 -1 -1 24 -1 -1 -1 -1 0 14 -1 15 -1 -1 30 16 -1 -1 -1 -1 10 -1 -1 -1 -1 29 -1 -1 -1 -1 26 -1 23 -1 22 -1 -1 25 17 -1 -1 -1 -1 21 -1 -1 -1 -1 -1 -1 -1 -1 20 19 18 -1 -1 
-1 -1 2 3 4 8 -1 -1 -1 -1 -1 -1 -1 5 -1 -1 -1 -1 1 9 -1 -1 6 -1 7 -1 -1 24 -1 12 -1 28 -1 -1 -1 -1 -1 -1 -1 -1 -1 0 14 -1 15 -1 -1 30 16 -1 -1 -1 -1 10 -1 -1 -1 -1 29 -1 -1 -1 -1 26 -1 23 -1 22 -1 -1 25 17 -1 -1 -1 -1 21 -1 -1 -1 -1 -1 -1 -1 -1 20 19 18 -1 -1 
-1 -1 2 3 4 8 -1 -1 -1 -1 -1 -1 -1 5 -1 -1 -1 -1 1 9 -1 -1 6 -1 7 -1 -1 24 -1 12 -1 28 -1 -1 -1 -1 -1 0 -1 -1 -1 -1 14 -1 15 -1 -1 30 16 -1 -1 -1 -1 10 -1 -1 -1 -1 29 -1 -1 -1 -1 26 -1 23 -1 22 -1 -1 25 17 -1 -1 -1 -1 21 -1 -1 -1 -1 -1 -1 -1 -1 20 19 18 -1 -1 
-1 -1 2 3 4 8 -1 -1 -1 -1 -1 -1 16 5 -1 -1 -1 -1 1 9 -1 -1 6 -1 7 -1 -1 24 -1 12 -1 28 -1 -1 -1 -1 -1 0 -1 -1 -1 -1 14 -1 15 -1 -1 30 -1 -1 -1 -1 -1 10 -1 -1 -1 -1 29 -1 -1 -1 -1 26 -1 23 -1 22 -1 -1 25 17 -1 -1 -1 -1 21 -1 -1 -1 -1 -1 -1 -1 -1 20 19 18 -1 -1 
-1 -1 2 3 4 -1 -1 8 -1 -1 -1 -1 16 5 -1 -1 -1 -1 1 9 -1 -1 6 -1 7 -1 -1 24 -1 12 -1 28 -1 -1 -1 -1 -1 0 -1 -1 -1 -1 14 -1 15 -1 -1 30 -1 -1 -1 -1 -1 10 -1 -1 -1 -1 29 -1 -1 -1 -1 26 -1 23 -1 22 -1 -1 25 17 -1 -1 -1 -1 21 -1 -1 -1 -1 -1 -1 -1 -1 20 19 18 -1 -1 
-1 -1 2 3 4 -1 -1 8 -1 -1 -1 -1 16 5 -1 -1 -1 -1 1 9 -1 -1 6 -1 7 -1 -1 24 -1 12 -1 28 -1 -1 -1 -1 -1 0 -1 -1 -1 -1 14 -1 15 -1 -1 30 -1 -1 -1 -1 -1 10 -1 -1 -1 -1 29 -1 -1 -1 -1 26 -1 23 -1 22 25 -1 -1 17 -1 -1 -1 -1 21 -1 -1 -1 -1 -1 -1 -1 -1 20 19 18 -1 -1 
-1 -1 2 3 4 -1 -1 8 -1 -1 -1 -1 16 5 -1 -1 -1 -1 1 9 -1 -1 6 -1 7 -1 -1 24 -1 12 -1 28 -1 -1 -1 -1 -1 0 -1 -1 -1 -1 14 -1 15 -1 -1 30 -1 -1 10 -1 -1 -1 -1 -1 -1 -1 29 -1 -1 -1 -1 26 -1 23 -1 22 25 -1 -1 17 -1 -1 -1 -1 21 -1 -1 -1 -1 -1 -1 -1 -1 20 19 18 -1 -1 
-1 -1 2 3 4 -1 -1 8 -1 -1 -1 -1 -1 5 -1 -1 -1 -1 1 9 -1 -1 6 -1 7 -1 -1 24 -1 12 -1 28 -1 -1 -1 -1 -1 0 -1 -1 -1 -1 14 -1 15 -1 -1 30 16 -1 10 -1 -1 -1 -1 -1 -1 -1 29 -1 -1 -1 -1 26 -1 23 -1 22 25 -1 -1 17 -1 -1 -1 -1 21 -1 -1 -1 -1 -1 -1 -1 -1 20 19 18 -1 -1 
-1 -1 2 3 4 -1 -1 8 -1 -1 -1 -1 -1 5 -1 -1 -1 -1 1 9 -1 -1 6 10 7 -1 -1 24 -1 12 -1 28 -1 -1 -1 -1 -1 0 -1 -1 -1 -1 14 -1 15 -1 -1 30 16 -1 -1 -1 -1 -1 -1 -1 -1 -1 29 -1 -1 -1 -1 26 -1 23 -1 22 25 -1 -1 17 -1 -1 -1 -1 21 -1 -1 -1 -1 -1 -1 -1 -1 20 19 18 -1 -1 
-1 -1 2 3 4 -1 -1 8 -1 -1 -1 -1 -1 5 -1 -1 -1 -1 1 9 -1 -1 6 10 7 -1 -1 24 -1 12 -1 28 -1 -1 -1 -1 -1 0 -1 -1 -1 -1 14 -1 15 -1 -1 30 16 -1 -1 -1 17 -1 -1 -1 -1 -1 29 -1 -1 -1 -1 26 -1 23 -1 22 25 -1 -1 -1 -1 -1 -1 -1 21 -1 -1 -1 -1 -1 -1 -1 -1 20 19 18 -1 -1 
-1 -1 2 3 4 -1 -1 8 -1 -1 -1 -1 -1 5 -1 -1 -1 -1 1 9 -1 -1 6 10 -1 -1 -1 24 -1 12 -1 28 -1 -1 -1 -1 -1 0 -1 -1 -1 7 14 -1 15 -1 -1 30 16 -1 -1 -1 17 -1 -1 -1 -1 -1 29 -1 -1 -1 -1 26 -1 23 -1 22 25 -1 -1 -1 -1 -1 -1 -1 21 -1 -1 -1 -1 -1 -1 -1 -1 20 19 18 -1 -1 
-1 -1 2 3 4 -1 -1 8 -1 -1 -1 -1 -1 5 -1 -1 -1 -1 1 9 -1 -1 6 10 -1 -1 -1 24 -1 12 -1 28 -1 -1 -1 -1 -1 0 -1 -1 -1 17 14 -1 15 -1 -1 30 16 -1 -1 -1 -1 -1 -1 -1 -1 -1 29 -1 -1 -1 -1 26 -1 23 -1 22 25 -1 -1 -1 -1 -1 -1 -1 21 -1 -1 -1 -1 -1 -1 -1 -1 20 19 18 -1 -1 
-1 -1 2 3 4 -1 -1 8 -1 -1 -1 -1 -1 5 -1 -1 -1 -1 1 9 -1 -1 6 10 -1 -1 -1 24 -1 12 -1 28 -1 -1 -1 -1 -1 -1 -1 -1 -1 0 14 -1 15 -1 -1 30 16 -1 -1 -1 -1 -1 -1 -1 -1 -1 29 -1 -1 -1 -1 26 -1 23 -1 22 25 -1 -1 -1 -1 -1 -1 -1 21 -1 -1 -1 -1 -1 -1 -1 -1 20 19 18 -1 -1 
-1 -1 2 3 4 -1 -1 8 -1 -1 -1 -1 -1 5 -1 -1 -1 -1 1 9 -1 -1 6 10 -1 -1 -1 24 -1 12 -1 28 -1 -1 -1 -1 -1 -1 -1 -1 -1 0 14 -1 15 -1 23 30 16 -1 -1 -1 -1 -1 -1 -1 -1 -1 29 -1 -1 -1 -1 26 -1 -1 -1 22 25 -1 -1 -1 -1 -1 -1 -1 21 -1 -1 -1 -1 -1 -1 -1 -1 20 19 18 -1 -1 
-1 -1 2 3 4 -1 -1 8 -1 -1 -1 -1 -1 5 -1 -1 -1 -1 1 9 -1 -1 6 10 -1 -1 -1 24 -1 12 -1 28 -1 -1 -1 -1 -1 0 -1 -1 -1 -1 14 -1 15 -1 23 30 16 -1 -1 -1 -1 -1 -1 -1 -1 -1 29 -1 -1 -1 -1 26 -1 -1 -1 22 25 -1 -1 -1 -1 -1 -1 -1 21 -1 -1 -1 -1 -1 -1 -1 -1 20 19 18 -1 -1 
-1 -1 2 3 4 -1 -1 8 -1 -1 -1 -1 -1 5 -1 -1 -1 -1 1 9 -1 -1 6 10 -1 -1 -1 24 -1 12 -1 28 -1 -1 -1 -1 -1 0 30 -1 -1 -1 14 -1 15 -1 23 -1 16 -1 -1 -1 -1 -1 -1 -1 -1 -1 29 -1 -1 -1 -1 26 -1 -1 -1 22 25 -1 -1 -1 -1 -1 -1 -1 21 -1 -1 -1 -1 -1 -1 -1 -1 20 19 18 -1 -1 
-1 -1 2 3 4 -1 -1 8 -1 -1 -1 -1 -1 5 -1 -1 -1 -1 1 9 -1 -1 6 10 -1 -1 -1 24 -1 12 -1 28 -1 -1 -1 -1 -1 -1 0 -1 -1 -1 14 -1 15 -1 23 -1 16 -1 -1 -1 -1 -1 -1 -1 -1 -1 29 -1 -1 -1 -1 26 -1 -1 -1 22 25 -1 -1 -1 -1 -1 -1 -1 21 -1 -1 -1 -1 -1 -1 -1 -1 20 19 18 -1 -1 
-1 -1 2 3 4 -1 -1 8 -1 -1 -1 -1 -1 5 -1 -1 -1 -1 26 9 -1 -1 6 10 -1 -1 -1 24 -1 12 -1 28 -1 -1 -1 -1 -1 -1 0 -1 -1 -1 14 -1 15 -1 23 -1 16 -1 -1 -1 -1 -1 -1 -1 -1 -1 29 -1 -1 -1 -1 -1 -1 -1 -1 22 25 -1 -1 -1 -1 -1 -1 -1 21 -1 -1 -1 -1 -1 -1 -1 -1 20 19 18 -1 -1 
-1 -1 -1 3 4 -1 -1 8 -1 -1 -1 -1 -1 5 -1 -1 -1 -1 2 9 -1 -1 6 10 -1 -1 -1 24 -1 12 -1 28 -1 -1 -1 -1 -1 -1 0 -1 -1 -1 14 -1 15 -1 23 -1 16 -1 -1 -1 -1 -1 -1 -1 -1 -1 29 -1 -1 -1 -1 -1 -1 -1 -1 22 25 -1 -1 -1 -1 -1 -1 -1 21 -1 -1 -1 -1 -1 -1 -1 -1 20 19 18 -1 -1 
-1 -1 -1 3 4 -1 -1 8 -1 -1 -1 -1 -1 5 -1 -1 -1 -1 24 9 -1 -1 6 10 -1 -1 -1 -1 -1 12 -1 28 -1 -1 -1 -1 -1 -1 0 -1 -1 -1 14 -1 15 -1 23 -1 16 -1 -1 -1 -1 -1 -1 -1 -1 -1 29 -1 -1 -1 -1 -1 -1 -1 -1 22 25 -1 -1 -1 -1 -1 -1 -1 21 -1 -1 -1 -1 -1 -1 -1 -1 20 19 18 -1 -1 
-1 -1 -1 3 4 -1 -1 -1 -1 -1 -1 -1 -1 5 -1 -1 -1 -1 24 9 -1 -1 6 10 -1 -1 -1 -1 -1 12 -1 28 -1 -1 8 -1 -1 -1 0 -1 -1 -1 14 -1 15 -1 23 -1 16 -1 -1 -1 -1 -1 -1 -1 -1 -1 29 -1 -1 -1 -1 -1 -1 -1 -1 22 25 -1 -1 -1 -1 -1 -1 -1 21 -1 -1 -1 -1 -1 -1 -1 -1 20 19 18 -1 -1 
-1 -1 -1 3 4 -1 -1 -1 -1 -1 -1 -1 -1 5 -1 -1 -1 -1 24 9 -1 -1 6 10 -1 -1 -1 -1 -1 12 -1 28 -1 -1 8 -1 -1 -1 0 -1 -1 -1 14 -1 15 -1 23 -1 16 -1 -1 28 -1 -1 -1 -1 -1 -1 29 -1 -1 -1 -1 -1 -1 -1 -1 22 25 -1 -1 -1 -1 -1 -1 -1 21 -1 -1 -1 -1 -1 -1 -1 -1 20 19 18 -1 -1 
-1 -1 -1 3 4 -1 -1 -1 -1 -1 -1 -1 -1 5 -1 -1 -1 -1 24 9 -1 -1 6 10 -1 -1 -1 -1 -1 12 -1 28 -1 -1 8 -1 -1 -1 0 -1 -1 -1 -1 -1 15 -1 23 -1 16 -1 -1 14 -1 -1 -1 -1 -1 -1 29 -1 -1 -1 -1 -1 -1 -1 -1 22 25 -1 -1 -1 -1 -1 -1 -1 21 -1 -1 -1 -1 -1 -1 -1 -1 20 19 18 -1 -1 
-1 -1 -1 3 4 -1 -1 -1 -1 -1 -1 -1 -1 5 -1 -1 -1 -1 24 9 -1 -1 6 10 -1 -1 -1 -1 -1 12 -1 28 -1 -1 8 -1 -1 -1 0 23 -1 -1 -1 -1 15 -1 -1 -1 16 -1 -1 14 -1 -1 -1 -1 -1 -1 29 -1 -1 -1 -1 -1 -1 -1 -1 22 25 -1 -1 -1 -1 -1 -1 -1 21 -1 -1 -1 -1 -1 -1 -1 -1 20 19 18 -1 -1 
-1 -1 -1 3 4 -1 -1 -1 -1 -1 -1 -1 -1 5 -1 -1 -1 -1 24 -1 -1 -1 6 10 -1 -1 -1 -1 -1 12 -1 28 -1 -1 8 -1 -1 -1 0 23 -1 -1 -1 -1 15 -1 -1 -1 16 -1 -1 14 -1 -1 -1 -1 -1 -1 29 -1 -1 -1 -1 -1 -1 -1 -1 22 25 -1 -1 -1 -1 -1 -1 -1 21 -1 -1 -1 -1 -1 9 -1 -1 20 19 18 -1 -1 
-1 -1 -1 3 4 -1 -1 -1 -1 -1 -1 -1 -1 5 -1 -1 -1 -1 -1 -1 -1 -1 6 10 -1 -1 -1 -1 -1 12 -1 28 -1 -1 8 -1 -1 -1 0 23 -1 -1 -1 -1 15 -1 -1 -1 16 -1 -1 14 -1 -1 -1 -1 -1 -1 29 -1 -1 -1 -1 -1 -1 -1 -1 22 25 -1 -1 -1 -1 -1 -1 -1 21 -1 -1 -1 -1 24 9 -1 -1 20 19 18 -1 -1 
-1 -1 -1 3 4 -1 -1 -1 -1 -1 -1 -1 -1 5 -1 -1 -1 -1 -1 -1 -1 -1 6 10 -1 -1 -1 -1 -1 12 -1 28 -1 -1 8 -1 -1 -1 -1 23 -1 -1 -1 -1 15 -1 -1 -1 16 -1 -1 14 -1 -1 -1 -1 -1 -1 29 -1 -1 -1 -1 -1 -1 -1 -1 22 25 -1 -1 -1 -1 -1 -1 -1 21 -1 -1 -1 -1 24 9 0 -1 20 19 18 -1 -1 
-1 -1 -1 3 4 -1 -1 -1 -1 -1 -1 -1 -1 5 -1 -1 -1 -1 -1 -1 -1 -1 6 10 -1 -1 -1 -1 -1 12 -1 28 -1 -1 8 -1 -1 -1 -1 23 -1 -1 -1 -1 15 -1 -1 -1 -1 -1 -1 14 -1 -1 -1 -1 -1 -1 29 -1 -1 -1 -1 -1 -1 -1 -1 22 25 -1 -1 -1 -1 -1 -1 -1 21 -1 -1 -1 -1 24 9 0 16 20 19 18 -1 -1 
-1 -1 -1 3 4 -1 -1 -1 -1 -1 -1 -1 -1 5 -1 -1 -1 -1 -1 -1 -1 -1 6 10 -1 -1 -1 -1 -1 12 -1 28 -1 -1 8 -1 -1 -1 -1 23 -1 -1 -1 -1 15 -1 -1 -1 -1 -1 -1 14 -1 -1 -1 -1 -1 -1 29 -1 -1 -1 -1 -1 -1 -1 -1 22 25 -1 -1 -1 -1 -1 -1 -1 21 -1 -1 -1 -1 24 9 -1 0 20 19 18 -1 -1 
-1 -1 -1 3 4 -1 -1 -1 -1 -1 -1 -1 -1 5 -1 -1 -1 -1 -1 -1 -1 -1 6 10 -1 -1 -1 -1 -1 12 -1 28 -1 -1 8 -1 -1 -1 -1 23 -1 -1 -1 -1 15 -1 -1 -1 -1 -1 -1 14 -1 -1 -1 -1 -1 -1 29 -1 -1 -1 -1 -1 -1 -1 -1 22 25 -1 -1 -1 -1 -1 -1 -1 21 -1 -1 -1 -1 24 9 -1 20 -1 19 18 -1 -1 
-1 -1 -1 3 4 -1 -1 -1 -1 -1 -1 -1 -1 5 -1 -1 -1 -1 -1 9 -1 -1 6 10 -1 -1 -1 -1 -1 12 -1 28 -1 -1 8 -1 -1 -1 -1 23 -1 -1 -1 -1 15 -1 -1 -1 -1 -1 -1 14 -1 -1 -1 -1 -1 -1 29 -1 -1 -1 -1 -1 -1 -1 -1 22 25 -1 -1 -1 -1 -1 -1 -1 21 -1 -1 -1 -1 24 -1 -1 20 -1 19 18 -1 -1 
-1 -1 -1 3 4 -1 -1 -1 -1 -1 -1 -1 -1 5 -1 -1 -1 -1 -1 9 -1 -1 6 10 -1 -1 -1 -1 -1 12 -1 28 -1 -1 8 -1 -1 -1 -1 23 -1 -1 -1 -1 15 24 -1 -1 -1 -1 -1 14 -1 -1 -1 -1 -1 -1 29 -1 -1 -1 -1 -1 -1 -1 -1 22 25 -1 -1 -1 -1 -1 -1 -1 21 -1 -1 -1 -1 -1 -1 -1 20 -1 19 18 -1 -1 
-1 -1 -1 3 4 -1 -1 -1 -1 -1 -1 -1 -1 5 -1 -1 -1 -1 -1 9 -1 -1 6 10 -1 -1 -1 -1 -1 12 -1 28 -1 -1 8 -1 -1 -1 -1 23 -1 -1 -1 -1 15 24 -1 -1 -1 -1 -1 -1 -1 -1 -1 -1 -1 -1 29 -1 14 -1 -1 -1 -1 -1 -1 22 25 -1 -1 -1 -1 -1 -1 -1 21 -1 -1 -1 -1 -1 -1 -1 20 -1 19 18 -1 -1 
-1 -1 -1 3 4 -1 -1 -1 -1 -1 -1 -1 -1 5 -1 -1 -1 -1 -1 9 -1 -1 6 10 -1 -1 -1 -1 -1 12 -1 28 -1 -1 8 -1 -1 -1 -1 23 -1 -1 -1 -1 15 -1 -1 -1 -1 -1 -1 24 -1 -1 -1 -1 -1 -1 29 -1 14 -1 -1 -1 -1 -1 -1 22 25 -1 -1 -1 -1 -1 -1 -1 21 -1 -1 -1 -1 -1 -1 -1 20 -1 19 18 -1 -1 
-1 -1 -1 3 4 -1 -1 -1 -1 -1 -1 -1 -1 5 -1 -1 -1 -1 -1 9 -1 -1 6 10 -1 -1 -1 -1 -1 12 -1 28 -1 -1 8 -1 -1 -1 -1 23 -1 -1 -1 -1 15 -1 -1 -1 -1 -1 -1 24 -1 -1 -1 -1 -1 -1 29 14 -1 -1 -1 -1 -1 -1 -1 22 25 -1 -1 -1 -1 -1 -1 -1 21 -1 -1 -1 -1 -1 -1 -1 20 -1 19 18 -1 -1 
-1 -1 -1 3 4 -1 -1 -1 -1 -1 -1 -1 -1 5 -1 -1 -1 -1 -1 9 -1 -1 23 10 -1 -1 -1 -1 -1 12 -1 28 -1 -1 8 -1 -1 -1 -1 -1 -1 -1 -1 -1 15 -1 -1 -1 -1 -1 -1 24 -1 -1 -1 -1 -1 -1 29 14 -1 -1 -1 -1 -1 -1 -1 22 25 -1 -1 -1 -1 -1 -1 -1 21 -1 -1 -1 -1 -1 -1 -1 20 -1 19 18 -1 -1 
-1 -1 -1 3 4 -1 -1 -1 -1 -1 -1 -1 -1 -1 -1 -1 -1 -1 -1 9 -1 5 23 10 -1 -1 -1 -1 -1 12 -1 28 -1 -1 8 -1 -1 -1 -1 -1 -1 -1 -1 -1 15 -1 -1 -1 -1 -1 -1 24 -1 -1 -1 -1 -1 -1 29 14 -1 -1 -1 -1 -1 -1 -1 22 25 -1 -1 -1 -1 -1 -1 -1 21 -1 -1 -1 -1 -1 -1 -1 20 -1 19 18 -1 -1 
-1 -1 -1 3 4 -1 -1 -1 -1 -1 -1 -1 -1 -1 -1 -1 -1 -1 -1 9 -1 5 23 25 -1 -1 -1 -1 -1 12 -1 28 -1 -1 8 -1 -1 -1 -1 -1 -1 -1 -1 -1 15 -1 -1 -1 -1 -1 -1 24 -1 -1 -1 -1 -1 -1 29 14 -1 -1 -1 -1 -1 -1 -1 22 -1 -1 -1 -1 -1 -1 -1 -1 21 -1 -1 -1 -1 -1 -1 -1 20 -1 19 18 -1 -1 
-1 -1 -1 3 4 -1 -1 -1 -1 -1 -1 -1 -1 -1 -1 -1 -1 -1 -1 -1 -1 5 9 25 -1 -1 -1 -1 -1 12 -1 28 -1 -1 8 -1 -1 -1 -1 -1 -1 -1 -1 -1 15 -1 -1 -1 -1 -1 -1 24 -1 -1 -1 -1 -1 -1 29 14 -1 -1 -1 -1 -1 -1 -1 22 -1 -1 -1 -1 -1 -1 -1 -1 21 -1 -1 -1 -1 -1 -1 -1 20 -1 19 18 -1 -1 
-1 -1 -1 3 4 -1 24 -1 -1 -1 -1 -1 -1 -1 -1 -1 -1 -1 -1 -1 -1 5 9 25 -1 -1 -1 -1 -1 12 -1 28 -1 -1 8 -1 -1 -1 -1 -1 -1 -1 -1 -1 15 -1 -1 -1 -1 -1 -1 -1 -1 -1 -1 -1 -1 -1 29 14 -1 -1 -1 -1 -1 -1 -1 22 -1 -1 -1 -1 -1 -1 -1 -1 21 -1 -1 -1 -1 -1 -1 -1 20 -1 19 18 -1 -1 
-1 -1 -1 3 -1 -1 24 -1 -1 -1 -1 -1 -1 4 -1 -1 -1 -1 -1 -1 -1 5 9 25 -1 -1 -1 -1 -1 12 -1 28 -1 -1 8 -1 -1 -1 -1 -1 -1 -1 -1 -1 15 -1 -1 -1 -1 -1 -1 -1 -1 -1 -1 -1 -1 -1 29 14 -1 -1 -1 -1 -1 -1 -1 22 -1 -1 -1 -1 -1 -1 -1 -1 21 -1 -1 -1 -1 -1 -1 -1 20 -1 19 18 -1 -1 
-1 -1 -1 3 -1 -1 -1 -1 -1 -1 -1 -1 -1 4 -1 24 -1 -1 -1 -1 -1 5 9 25 -1 -1 -1 -1 -1 12 -1 28 -1 -1 8 -1 -1 -1 -1 -1 -1 -1 -1 -1 15 -1 -1 -1 -1 -1 -1 -1 -1 -1 -1 -1 -1 -1 29 14 -1 -1 -1 -1 -1 -1 -1 22 -1 -1 -1 -1 -1 -1 -1 -1 21 -1 -1 -1 -1 -1 -1 -1 20 -1 19 18 -1 -1 
-1 -1 -1 3 4 -1 -1 -1 -1 -1 -1 -1 -1 -1 -1 24 -1 -1 -1 -1 -1 5 9 25 -1 -1 -1 -1 -1 12 -1 28 -1 -1 8 -1 -1 -1 -1 -1 -1 -1 -1 -1 15 -1 -1 -1 -1 -1 -1 -1 -1 -1 -1 -1 -1 -1 29 14 -1 -1 -1 -1 -1 -1 -1 22 -1 -1 -1 -1 -1 -1 -1 -1 21 -1 -1 -1 -1 -1 -1 -1 20 -1 19 18 -1 -1 
-1 -1 -1 3 4 -1 24 -1 -1 -1 -1 -1 -1 -1 -1 -1 -1 -1 -1 -1 -1 5 9 25 -1 -1 -1 -1 -1 12 -1 28 -1 -1 8 -1 -1 -1 -1 -1 -1 -1 -1 -1 15 -1 -1 -1 -1 -1 -1 -1 -1 -1 -1 -1 -1 -1 29 14 -1 -1 -1 -1 -1 -1 -1 22 -1 -1 -1 -1 -1 -1 -1 -1 21 -1 -1 -1 -1 -1 -1 -1 20 -1 19 18 -1 -1 
-1 -1 -1 3 -1 -1 24 -1 -1 -1 -1 -1 -1 4 -1 -1 -1 -1 -1 -1 -1 5 9 25 -1 -1 -1 -1 -1 12 -1 28 -1 -1 8 -1 -1 -1 -1 -1 -1 -1 -1 -1 15 -1 -1 -1 -1 -1 -1 -1 -1 -1 -1 -1 -1 -1 29 14 -1 -1 -1 -1 -1 -1 -1 22 -1 -1 -1 -1 -1 -1 -1 -1 21 -1 -1 -1 -1 -1 -1 -1 20 -1 19 18 -1 -1 
-1 -1 -1 24 -1 -1 -1 -1 -1 -1 -1 -1 -1 4 -1 -1 -1 -1 -1 -1 -1 5 9 25 -1 -1 -1 -1 -1 12 -1 28 -1 -1 8 -1 -1 -1 -1 -1 -1 -1 -1 -1 15 -1 -1 -1 -1 -1 -1 -1 -1 -1 -1 -1 -1 -1 29 14 -1 -1 -1 -1 -1 -1 -1 22 -1 -1 -1 -1 -1 -1 -1 -1 21 -1 -1 -1 -1 -1 -1 -1 20 -1 19 18 -1 -1 
-1 -1 -1 24 -1 -1 -1 -1 -1 -1 -1 -1 -1 4 -1 -1 -1 -1 -1 -1 -1 5 9 25 -1 -1 -1 -1 -1 12 -1 -1 -1 -1 8 -1 -1 -1 -1 -1 13 -1 -1 -1 15 -1 -1 -1 -1 -1 -1 -1 -1 -1 -1 -1 -1 -1 29 14 -1 -1 -1 -1 -1 -1 -1 22 -1 -1 -1 -1 -1 -1 -1 -1 21 -1 -1 -1 -1 -1 -1 -1 20 -1 19 18 -1 -1 
-1 -1 -1 24 -1 -1 -1 -1 -1 -1 -1 -1 -1 4 -1 -1 -1 -1 -1 -1 -1 5 9 25 -1 -1 -1 -1 -1 12 -1 -1 -1 -1 8 -1 -1 -1 -1 -1 13 -1 -1 -1 15 -1 -1 -1 -1 -1 -1 -1 -1 -1 -1 -1 -1 -1 29 14 -1 -1 -1 -1 -1 -1 -1 22 -1 -1 -1 -1 -1 -1 -1 -1 21 -1 -1 -1 -1 -1 -1 -1 -1 -1 19 18 -1 -1 
-1 -1 -1 24 -1 -1 -1 -1 -1 -1 -1 -1 -1 4 -1 -1 -1 -1 -1 -1 -1 5 -1 25 -1 -1 -1 -1 -1 12 -1 -1 -1 -1 8 -1 -1 -1 -1 -1 13 -1 -1 -1 15 -1 -1 -1 -1 -1 -1 -1 -1 -1 -1 -1 -1 -1 9 14 -1 -1 -1 -1 -1 -1 -1 22 -1 -1 -1 -1 -1 -1 -1 -1 21 -1 -1 -1 -1 -1 -1 -1 -1 -1 19 18 -1 -1 
-1 -1 -1 24 -1 -1 -1 -1 -1 -1 -1 -1 -1 4 -1 -1 -1 -1 -1 -1 -1 5 -1 25 -1 -1 -1 -1 -1 12 -1 -1 -1 -1 8 -1 -1 -1 -1 -1 13 -1 -1 -1 15 -1 -1 -1 -1 -1 -1 -1 -1 -1 -1 -1 -1 -1 9 14 -1 -1 -1 -1 -1 -1 -1 22 -1 -1 -1 -1 -1 -1 -1 -1 21 -1 -1 -1 -1 -1 -1 -1 -1 -1 19 18 -1 -1 
-1 -1 -1 24 -1 -1 -1 -1 -1 -1 -1 -1 -1 4 -1 -1 -1 -1 -1 -1 -1 5 -1 25 -1 -1 -1 -1 -1 12 -1 -1 -1 -1 8 -1 -1 -1 -1 -1 -1 -1 -1 -1 15 -1 -1 -1 -1 13 -1 -1 -1 -1 -1 -1 -1 -1 9 14 -1 -1 -1 -1 -1 -1 -1 22 -1 -1 -1 -1 -1 -1 -1 -1 21 -1 -1 -1 -1 -1 -1 -1 -1 -1 19 18 -1 -1 
-1 -1 -1 24 -1 -1 -1 -1 -1 -1 -1 -1 -1 4 -1 -1 -1 -1 25 -1 -1 5 -1 -1 -1 -1 -1 -1 -1 12 -1 -1 -1 -1 8 -1 -1 -1 -1 -1 -1 -1 -1 -1 15 -1 -1 -1 -1 13 -1 -1 -1 -1 -1 -1 -1 -1 9 14 -1 -1 -1 -1 -1 -1 -1 22 -1 -1 -1 -1 -1 -1 -1 -1 21 -1 -1 -1 -1 -1 -1 -1 -1 -1 19 18 -1 -1 
-1 -1 -1 24 -1 -1 -1 -1 -1 -1 -1 -1 -1 4 -1 -1 -1 -1 25 -1 -1 5 -1 -1 -1 -1 -1 -1 -1 12 -1 -1 -1 -1 8 -1 -1 -1 -1 -1 -1 -1 -1 -1 -1 -1 -1 -1 -1 13 -1 -1 -1 15 -1 -1 -1 -1 9 14 -1 -1 -1 -1 -1 -1 -1 22 -1 -1 -1 -1 -1 -1 -1 -1 21 -1 -1 -1 -1 -1 -1 -1 -1 -1 19 18 -1 -1 
-1 -1 -1 24 -1 -1 -1 -1 -1 -1 -1 -1 -1 4 -1 -1 -1 -1 25 -1 -1 5 -1 -1 -1 -1 -1 -1 -1 12 -1 -1 -1 -1 8 -1 -1 -1 -1 -1 -1 -1 -1 -1 -1 -1 -1 -1 -1 13 -1 -1 -1 15 -1 -1 -1 -1 9 14 -1 -1 -1 -1 -1 -1 21 22 -1 -1 -1 -1 -1 -1 -1 -1 -1 -1 -1 -1 -1 -1 -1 -1 -1 -1 19 18 -1 -1 
-1 -1 -1 24 -1 -1 -1 -1 -1 -1 -1 -1 -1 4 -1 -1 -1 -1 25 -1 -1 5 -1 -1 -1 -1 -1 -1 -1 12 -1 -1 -1 -1 8 -1 -1 -1 -1 -1 -1 -1 -1 -1 -1 -1 -1 -1 -1 13 -1 -1 15 -1 -1 -1 -1 -1 9 14 -1 -1 -1 -1 -1 -1 21 22 -1 -1 -1 -1 -1 -1 -1 -1 -1 -1 -1 -1 -1 -1 -1 -1 -1 -1 19 18 -1 -1 
-1 -1 -1 24 -1 -1 -1 -1 -1 -1 -1 -1 -1 4 -1 -1 -1 -1 -1 -1 -1 5 -1 -1 -1 -1 -1 -1 -1 12 -1 -1 -1 -1 8 -1 -1 -1 -1 -1 -1 -1 -1 -1 -1 -1 -1 -1 -1 13 -1 -1 15 -1 25 -1 -1 -1 9 14 -1 -1 -1 -1 -1 -1 21 22 -1 -1 -1 -1 -1 -1 -1 -1 -1 -1 -1 -1 -1 -1 -1 -1 -1 -1 19 18 -1 -1 
-1 -1 -1 24 -1 -1 -1 -1 -1 -1 -1 -1 -1 4 -1 -1 -1 -1 -1 -1 -1 5 -1 -1 -1 -1 -1 -1 -1 12 -1 -1 8 -1 -1 -1 -1 -1 -1 -1 -1 -1 -1 -1 -1 -1 -1 -1 -1 13 -1 -1 15 -1 25 -1 -1 -1 9 14 -1 -1 -1 -1 -1 -1 21 22 -1 -1 -1 -1 -1 -1 -1 -1 -1 -1 -1 -1 -1 -1 -1 -1 -1 -1 19 18 -1 -1 
-1 -1 -1 24 -1 -1 -1 -1 -1 -1 -1 -1 -1 4 -1 -1 -1 -1 -1 -1 -1 5 -1 -1 -1 -1 -1 -1 -1 12 -1 -1 8 -1 -1 -1 -1 -1 -1 -1 -1 -1 -1 -1 -1 -1 -1 -1 -1 13 -1 -1 15 -1 -1 -1 -1 -1 9 14 -1 -1 -1 -1 -1 -1 21 22 -1 -1 -1 -1 25 -1 -1 -1 -1 -1 -1 -1 -1 -1 -1 -1 -1 -1 19 18 -1 -1 
-1 -1 -1 24 -1 -1 -1 -1 -1 -1 -1 -1 -1 4 -1 -1 -1 -1 -1 -1 -1 5 -1 -1 -1 -1 -1 -1 -1 12 -1 -1 8 -1 -1 -1 -1 -1 -1 -1 -1 -1 -1 -1 -1 -1 -1 -1 -1 13 -1 15 -1 -1 -1 -1 -1 -1 9 14 -1 -1 -1 -1 -1 -1 21 22 -1 -1 -1 -1 25 -1 -1 -1 -1 -1 -1 -1 -1 -1 -1 -1 -1 -1 19 18 -1 -1 
-1 -1 -1 24 -1 -1 -1 -1 -1 -1 -1 -1 -1 4 -1 -1 -1 -1 -1 -1 -1 5 -1 -1 -1 -1 -1 -1 -1 12 -1 -1 8 -1 -1 -1 -1 -1 -1 -1 -1 -1 -1 -1 -1 -1 -1 -1 -1 13 -1 15 -1 -1 -1 -1 -1 -1 9 14 -1 -1 -1 -1 -1 -1 21 -1 -1 -1 -1 -1 25 -1 -1 -1 -1 -1 -1 -1 -1 -1 -1 22 -1 -1 19 18 -1 -1 
-1 -1 -1 24 -1 -1 -1 -1 -1 -1 -1 -1 -1 4 -1 -1 -1 -1 -1 -1 -1 5 -1 -1 -1 -1 -1 -1 -1 12 -1 -1 8 -1 -1 -1 -1 -1 -1 -1 -1 -1 -1 -1 -1 -1 -1 -1 -1 13 15 -1 -1 -1 -1 -1 -1 -1 9 14 -1 -1 -1 -1 -1 -1 21 -1 -1 -1 -1 -1 25 -1 -1 -1 -1 -1 -1 -1 -1 -1 -1 22 -1 -1 19 18 -1 -1 
-1 -1 -1 24 -1 -1 -1 -1 -1 -1 -1 -1 -1 4 -1 -1 -1 -1 -1 -1 -1 5 -1 -1 -1 -1 -1 -1 -1 12 -1 -1 8 -1 -1 -1 -1 -1 -1 -1 -1 -1 -1 -1 -1 -1 -1 -1 -1 13 15 -1 -1 -1 -1 -1 -1 -1 9 14 -1 -1 -1 -1 -1 -1 21 -1 -1 -1 -1 -1 -1 -1 -1 -1 25 -1 -1 -1 -1 -1 -1 22 -1 -1 19 18 -1 -1 
-1 -1 -1 24 -1 -1 -1 -1 -1 -1 -1 -1 -1 4 -1 -1 -1 -1 -1 -1 -1 5 -1 -1 -1 -1 -1 -1 -1 12 -1 -1 -1 8 -1 -1 -1 -1 -1 -1 -1 -1 -1 -1 -1 -1 -1 -1 -1 13 15 -1 -1 -1 -1 -1 -1 -1 9 14 -1 -1 -1 -1 -1 -1 21 -1 -1 -1 -1 -1 -1 -1 -1 -1 25 -1 -1 -1 -1 -1 -1 22 -1 -1 19 18 -1 -1 
-1 -1 -1 24 -1 -1 -1 -1 -1 -1 -1 -1 -1 4 -1 -1 -1 -1 -1 -1 -1 5 -1 -1 -1 -1 -1 -1 -1 12 -1 -1 -1 8 -1 -1 -1 -1 -1 -1 -1 -1 -1 -1 -1 -1 -1 -1 -1 13 15 -1 -1 -1 -1 -1 -1 -1 9 14 -1 -1 -1 -1 -1 -1 21 -1 -1 -1 -1 -1 -1 -1 -1 -1 -1 -1 -1 -1 -1 -1 -1 22 -1 25 19 18 -1 -1 
-1 -1 -1 24 -1 -1 -1 -1 -1 -1 -1 -1 -1 4 -1 -1 -1 -1 -1 -1 -1 5 -1 -1 -1 -1 -1 -1 -1 12 -1 -1 -1 8 -1 -1 -1 -1 -1 -1 -1 -1 -1 -1 -1 -1 -1 -1 -1 13 15 -1 -1 -1 -1 -1 -1 -1 9 -1 -1 -1 -1 -1 -1 -1 21 -1 14 -1 -1 -1 -1 -1 -1 -1 -1 -1 -1 -1 -1 -1 -1 22 -1 25 19 18 -1 -1 
-1 -1 -1 24 -1 -1 -1 -1 -1 -1 -1 -1 -1 4 -1 -1 -1 -1 -1 -1 -1 5 -1 -1 -1 -1 -1 -1 -1 12 -1 -1 -1 8 -1 -1 -1 -1 -1 -1 -1 -1 -1 -1 -1 -1 -1 -1 -1 13 15 -1 -1 -1 -1 -1 -1 -1 9 -1 -1 -1 -1 -1 -1 -1 21 -1 14 -1 -1 -1 -1 -1 -1 20 -1 -1 -1 -1 -1 -1 -1 22 -1 25 19 18 -1 -1 
-1 -1 -1 24 -1 -1 -1 -1 -1 -1 -1 -1 -1 4 -1 -1 -1 -1 -1 -1 -1 5 -1 -1 -1 -1 -1 -1 -1 12 -1 -1 -1 8 -1 -1 -1 -1 -1 -1 -1 -1 -1 -1 -1 -1 -1 -1 -1 13 15 -1 -1 -1 -1 -1 -1 -1 9 -1 -1 -1 -1 -1 -1 -1 21 -1 -1 -1 -1 -1 -1 -1 -1 20 -1 14 -1 -1 -1 -1 -1 22 -1 25 19 18 -1 -1 
-1 -1 -1 24 -1 -1 -1 -1 -1 -1 -1 -1 -1 4 -1 -1 -1 -1 -1 -1 -1 5 -1 -1 -1 -1 -1 -1 -1 12 -1 -1 -1 8 -1 -1 -1 -1 -1 -1 -1 -1 -1 -1 -1 -1 -1 -1 -1 13 15 -1 -1 -1 -1 -1 -1 -1 9 -1 -1 -1 -1 -1 -1 -1 21 -1 -1 -1 -1 -1 -1 -1 -1 20 -1 14 -1 -1 -1 -1 -1 22 -1 25 19 18 -1 -1 
-1 -1 -1 24 -1 -1 -1 -1 -1 -1 -1 -1 -1 4 -1 -1 -1 -1 -1 -1 -1 5 -1 -1 -1 -1 -1 -1 -1 12 8 -1 -1 -1 -1 -1 -1 -1 -1 -1 -1 -1 -1 -1 -1 -1 -1 -1 -1 13 15 -1 -1 -1 -1 -1 -1 -1 9 -1 -1 -1 -1 -1 -1 -1 21 -1 -1 -1 -1 -1 -1 -1 -1 20 -1 14 -1 -1 -1 -1 -1 22 -1 25 19 18 -1 -1 
-1 -1 -1 24 -1 -1 -1 -1 -1 -1 -1 -1 -1 4 -1 -1 -1 -1 -1 -1 -1 5 -1 -1 -1 -1 -1 -1 -1 12 8 -1 -1 -1 -1 -1 -1 -1 -1 -1 -1 -1 -1 -1 -1 -1 -1 -1 -1 13 15 -1 -1 -1 -1 -1 -1 -1 9 -1 -1 -1 -1 -1 -1 -1 21 -1 -1 -1 -1 -1 -1 -1 -1 20 -1 14 -1 -1 -1 -1 -1 22 -1 25 19 18 -1 -1 
-1 -1 -1 24 -1 -1 -1 -1 -1 -1 -1 -1 -1 4 -1 -1 -1 -1 -1 -1 -1 5 -1 -1 -1 -1 -1 -1 -1 12 8 -1 -1 -1 -1 -1 -1 -1 -1 -1 -1 -1 -1 -1 -1 -1 -1 -1 -1 13 15 -1 -1 -1 -1 -1 -1 -1 9 -1 -1 -1 -1 -1 -1 -1 21 -1 -1 -1 -1 -1 -1 -1 -1 20 14 -1 -1 -1 -1 -1 -1 22 -1 25 19 18 -1 -1 
