0 1 2 3 4 5 6 7 8 -1 -1 -1 -1 -1 -1 -1 -1 -1 -1 9 -1 -1 -1 -1 -1 10 -1 11 -1 12 -1 28 -1 14 -1 15 -1 -1 -1 -1 -1 -1 -1 -1 -1 -1 -1 30 -1 -1 -1 -1 -1 -1 -1 -1 -1 -1 29 -1 -1 -1 27 -1 26 -1 -1 -1 -1 -1 25 -1 -1 -1 -1 -1 -1 -1 -1 -1 -1 24 23 22 21 20 19 18 17 16 
0 1 2 3 4 5 6 7 8 -1 -1 -1 -1 -1 -1 -1 -1 -1 -1 9 10 -1 -1 -1 -1 -1 -1 11 -1 12 -1 28 -1 14 -1 15 -1 -1 -1 -1 -1 -1 -1 -1 -1 -1 -1 30 -1 -1 -1 -1 -1 -1 -1 -1 -1 -1 29 -1 -1 -1 27 -1 26 -1 -1 -1 -1 -1 25 -1 -1 -1 -1 -1 -1 -1 -1 -1 -1 24 23 22 21 20 19 18 17 16 
0 1 2 3 4 5 6 7 8 -1 -1 -1 -1 -1 -1 -1 -1 -1 -1 9 10 -1 -1 -1 -1 -1 -1 11 -1 12 -1 28 -1 14 -1 15 -1 -1 -1 -1 -1 -1 -1 -1 -1 -1 -1 30 -1 -1 -1 -1 -1 -1 -1 -1 -1 -1 29 -1 -1 -1 27 -1 26 -1 -1 22 -1 -1 25 -1 -1 -1 -1 -1 -1 -1 -1 -1 -1 24 23 -1 21 20 19 18 17 16 
0 1 2 3 4 5 6 -1 8 -1 -1 -1 -1 -1 -1 -1 -1 -1 -1 9 10 -1 -1 -1 7 -1 -1 11 -1 12 -1 28 -1 14 -1 15 -1 -1 -1 -1 -1 -1 -1 -1 -1 -1 -1 30 -1 -1 -1 -1 -1 -1 -1 -1 -1 -1 29 -1 -1 -1 27 -1 26 -1 -1 22 -1 -1 25 -1 -1 -1 -1 -1 -1 -1 -1 -1 -1 24 23 -1 21 20 19 18 17 16 
0 1 2 3 4 5 6 -1 8 -1 -1 -1 -1 -1 -1 -1 -1 -1 -1 9 10 -1 -1 -1 7 -1 -1 11 -1 12 -1 28 -1 14 -1 15 -1 -1 -1 -1 -1 -1 -1 -1 -1 -1 -1 30 -1 -1 -1 -1 -1 -1 -1 -1 -1 -1 29 -1 -1 -1 27 -1 26 -1 -1 22 -1 -1 25 17 -1 -1 -1 -1 -1 -1 -1 -1 -1 24 23 -1 21 20 19 18 -1 16 
0 1 2 3 4 5 6 8 -1 -1 -1 -1 -1 -1 -1 -1 -1 -1 -1 9 10 -1 -1 -1 7 -1 -1 11 -1 12 -1 28 -1 14 -1 15 -1 -1 -1 -1 -1 -1 -1 -1 -1 -1 -1 30 -1 -1 -1 -1 -1 -1 -1 -1 -1 -1 29 -1 -1 -1 27 -1 26 -1 -1 22 -1 -1 25 17 -1 -1 -1 -1 -1 -1 -1 -1 -1 24 23 -1 21 20 19 18 -1 16 
0 1 2 3 4 5 6 8 -1 -1 -1 -1 -1 -1 -1 -1 -1 -1 -1 9 10 -1 -1 -1 7 -1 -1 11 -1 12 -1 28 -1 14 -1 15 -1 -1 -1 -1 -1 -1 -1 -1 -1 -1 -1 30 -1 -1 -1 -1 -1 -1 -1 -1 -1 -1 29 -1 -1 -1 27 -1 26 -1 -1 22 -1 -1 25 17 -1 -1 -1 -1 -1 -1 -1 -1 16 24 23 -1 21 20 19 18 -1 -1 
0 -1 2 3 4 5 6 8 -1 -1 -1 -1 -1 -1 -1 -1 -1 -1 1 9 10 -1 -1 -1 7 -1 -1 11 -1 12 -1 28 -1 14 -1 15 -1 -1 -1 -1 -1 -1 -1 -1 -1 -1 -1 30 -1 -1 -1 -1 -1 -1 -1 -1 -1 -1 29 -1 -1 -1 27 -1 26 -1 -1 22 -1 -1 25 17 -1 -1 -1 -1 -1 -1 -1 -1 16 24 23 -1 21 20 19 18 -1 -1 
0 -1 2 3 4 5 6 8 -1 -1 -1 -1 -1 -1 -1 -1 -1 -1 1 9 10 -1 -1 -1 7 -1 -1 11 -1 12 -1 28 -1 14 -1 15 -1 -1 -1 -1 -1 -1 -1 -1 -1 -1 -1 30 -1 -1 -1 -1 -1 -1 -1 -1 -1 -1 29 -1 -1 -1 27 -1 26 -1 -1 22 -1 -1 25 17 -1 -1 -1 16 -1 -1 -1 -1 -1 24 23 -1 21 20 19 18 -1 -1 
0 -1 2 3 4 -1 6 8 -1 -1 -1 -1 -1 5 -1 -1 -1 -1 1 9 10 -1 -1 -1 7 -1 -1 11 -1 12 -1 28 -1 14 -1 15 -1 -1 -1 -1 -1 -1 -1 -1 -1 -1 -1 30 -1 -1 -1 -1 -1 -1 -1 -1 -1 -1 29 -1 -1 -1 27 -1 26 -1 -1 22 -1 -1 25 17 -1 -1 -1 16 -1 -1 -1 -1 -1 24 23 -1 21 20 19 18 -1 -1 
0 -1 2 3 4 -1 6 8 -1 -1 -1 -1 -1 5 -1 -1 -1 -1 1 9 10 -1 -1 -1 7 -1 -1 11 -1 12 -1 28 -1 14 -1 15 -1 -1 -1 -1 -1 -1 -1 -1 -1 -1 -1 30 -1 -1 -1 -1 -1 -1 -1 -1 -1 -1 29 -1 -1 -1 27 -1 26 -1 -1 22 25 -1 -1 17 -1 -1 -1 16 -1 -1 -1 -1 -1 24 23 -1 21 20 19 18 -1 -1 
0 -1 2 3 4 -1 6 -1 -1 -1 -1 -1 -1 5 -1 -1 -1 -1 1 9 10 -1 -1 -1 7 -1 -1 11 -1 12 -1 28 -1 14 -1 15 -1 -1 -1 -1 -1 -1 -1 8 -1 -1 -1 30 -1 -1 -1 -1 -1 -1 -1 -1 -1 -1 29 -1 -1 -1 27 -1 26 -1 -1 22 25 -1 -1 17 -1 -1 -1 16 -1 -1 -1 -1 -1 24 23 -1 21 20 19 18 -1 -1 
0 -1 2 3 4 -1 6 -1 -1 -1 -1 -1 -1 5 -1 -1 -1 -1 1 9 10 -1 -1 -1 7 -1 -1 11 -1 12 -1 28 -1 14 -1 15 -1 -1 -1 -1 -1 -1 -1 8 -1 -1 -1 30 -1 -1 -1 -1 -1 -1 -1 -1 -1 -1 29 -1 -1 -1 27 -1 26 23 -1 22 25 -1 -1 17 -1 -1 -1 16 -1 -1 -1 -1 -1 24 -1 -1 21 20 19 18 -1 -1 
0 -1 2 3 4 -1 6 -1 -1 -1 -1 -1 -1 5 -1 -1 -1 -1 1 9 10 -1 -1 -1 7 -1 -1 11 -1 -1 -1 28 -1 14 -1 15 -1 -1 12 -1 -1 -1 -1 8 -1 -1 -1 30 -1 -1 -1 -1 -1 -1 -1 -1 -1 -1 29 -1 -1 -1 27 -1 26 23 -1 22 25 -1 -1 17 -1 -1 -1 16 -1 -1 -1 -1 -1 24 -1 -1 21 20 19 18 -1 -1 
0 -1 2 3 4 -1 6 -1 -1 -1 -1 -1 -1 5 -1 -1 -1 -1 1 9 10 -1 -1 -1 7 -1 -1 11 -1 -1 -1 28 -1 14 -1 15 -1 -1 12 -1 -1 -1 -1 8 -1 -1 -1 30 16 -1 -1 -1 -1 -1 -1 -1 -1 -1 29 -1 -1 -1 27 -1 26 23 -1 22 25 -1 -1 17 -1 -1 -1 -1 -1 -1 -1 -1 -1 24 -1 -1 21 20 19 18 -1 -1 
0 -1 2 3 4 -1 6 -1 -1 -1 -1 -1 -1 5 -1 -1 -1 -1 1 -1 10 -1 -1 -1 7 -1 -1 11 -1 -1 -1 28 -1 14 -1 15 -1 9 12 -1 -1 -1 -1 8 -1 -1 -1 30 16 -1 -1 -1 -1 -1 -1 -1 -1 -1 29 -1 -1 -1 27 -1 26 23 -1 22 25 -1 -1 17 -1 -1 -1 -1 -1 -1 -1 -1 -1 24 -1 -1 21 20 19 18 -1 -1 
0 -1 2 3 4 -1 6 -1 -1 -1 -1 -1 -1 5 -1 -1 -1 -1 1 -1 10 -1 -1 -1 7 -1 -1 11 -1 -1 -1 28 -1 14 -1 15 -1 9 12 -1 -1 -1 -1 8 -1 -1 -1 30 16 -1 -1 -1 -1 -1 -1 -1 -1 -1 29 -1 -1 -1 27 -1 26 23 -1 22 25 -1 -1 17 -1 -1 -1 -1 21 -1 -1 -1 -1 24 -1 -1 -1 20 19 18 -1 -1 
0 -1 2 3 4 -1 6 -1 -1 -1 -1 -1 -1 5 -1 -1 -1 -1 1 -1 10 -1 -1 -1 7 -1 -1 11 -1 -1 -1 28 -1 14 -1 15 -1 9 -1 -1 -1 -1 -1 8 -1 -1 -1 12 16 -1 -1 -1 -1 -1 -1 -1 -1 -1 29 -1 -1 -1 27 -1 26 23 -1 22 25 -1 -1 17 -1 -1 -1 -1 21 -1 -1 -1 -1 24 -1 -1 -1 20 19 18 -1 -1 
0 -1 2 3 4 -1 6 -1 -1 -1 -1 -1 -1 5 -1 -1 -1 -1 1 -1 10 -1 -1 -1 7 -1 -1 11 -1 -1 -1 28 -1 14 -1 15 -1 9 -1 -1 -1 -1 -1 8 -1 -1 -1 16 -1 -1 -1 -1 -1 -1 -1 -1 -1 -1 29 -1 -1 -1 27 -1 26 23 -1 22 25 -1 -1 17 -1 -1 -1 -1 21 -1 -1 -1 -1 24 -1 -1 -1 20 19 18 -1 -1 
0 -1 2 3 4 -1 6 -1 -1 -1 -1 -1 -1 5 -1 -1 -1 -1 1 -1 10 -1 -1 -1 7 -1 -1 11 -1 -1 -1 28 -1 14 -1 15 -1 -1 9 -1 -1 -1 -1 8 -1 -1 -1 16 -1 -1 -1 -1 -1 -1 -1 -1 -1 -1 29 -1 -1 -1 27 -1 26 23 -1 22 25 -1 -1 17 -1 -1 -1 -1 21 -1 -1 -1 -1 24 -1 -1 -1 20 19 18 -1 -1 
0 -1 2 3 4 -1 6 -1 -1 -1 -1 -1 -1 5 -1 -1 -1 -1 1 -1 10 -1 -1 -1 7 -1 -1 11 -1 -1 -1 28 -1 14 -1 15 -1 -1 9 -1 -1 -1 -1 8 -1 -1 16 -1 -1 -1 -1 -1 -1 -1 -1 -1 -1 -1 29 -1 -1 -1 27 -1 26 23 -1 22 25 -1 -1 17 -1 -1 -1 -1 21 -1 -1 -1 -1 24 -1 -1 -1 20 19 18 -1 -1 
0 -1 2 3 4 -1 6 -1 -1 -1 -1 -1 -1 5 -1 -1 -1 -1 1 -1 -1 -1 -1 -1 7 -1 -1 11 -1 -1 -1 28 -1 14 -1 15 -1 -1 9 -1 -1 -1 -1 8 -1 -1 16 -1 -1 -1 -1 -1 -1 -1 -1 -1 -1 -1 29 -1 -1 -1 27 -1 26 10 -1 22 25 -1 -1 17 -1 -1 -1 -1 21 -1 -1 -1 -1 24 -1 -1 -1 20 19 18 -1 -1 
0 -1 2 3 4 -1 6 -1 -1 -1 -1 -1 -1 5 -1 -1 -1 -1 1 -1 -1 -1 -1 -1 7 -1 -1 11 -1 -1 -1 28 -1 14 -1 15 -1 -1 9 -1 -1 -1 -1 8 -1 -1 16 -1 -1 -1 -1 -1 -1 -1 -1 -1 -1 -1 29 -1 -1 -1 27 -1 26 25 -1 22 -1 -1 -1 17 -1 -1 -1 -1 21 -1 -1 -1 -1 24 -1 -1 -1 20 19 18 -1 -1 
0 -1 2 3 4 -1 6 -1 -1 -1 -1 -1 -1 5 -1 -1 -1 -1 1 -1 9 -1 -1 -1 7 -1 -1 11 -1 -1 -1 28 -1 14 -1 15 -1 -1 -1 -1 -1 -1 -1 8 -1 -1 16 -1 -1 -1 -1 -1 -1 -1 -1 -1 -1 -1 29 -1 -1 -1 27 -1 26 25 -1 22 -1 -1 -1 17 -1 -1 -1 -1 21 -1 -1 -1 -1 24 -1 -1 -1 20 19 18 -1 -1 
0 -1 2 3 4 -1 6 -1 -1 -1 -1 -1 -1 5 -1 -1 -1 -1 1 16 9 -1 -1 -1 7 -1 -1 11 -1 -1 -1 28 -1 14 -1 15 -1 -1 -1 -1 -1 -1 -1 8 -1 -1 -1 -1 -1 -1 -1 -1 -1 -1 -1 -1 -1 -1 29 -1 -1 -1 27 -1 26 25 -1 22 -1 -1 -1 17 -1 -1 -1 -1 21 -1 -1 -1 -1 24 -1 -1 -1 20 19 18 -1 -1 
0 -1 2 3 4 -1 6 -1 -1 -1 -1 -1 -1 5 -1 -1 -1 -1 1 16 -1 -1 -1 9 7 -1 -1 11 -1 -1 -1 28 -1 14 -1 15 -1 -1 -1 -1 -1 -1 -1 8 -1 -1 -1 -1 -1 -1 -1 -1 -1 -1 -1 -1 -1 -1 29 -1 -1 -1 27 -1 26 25 -1 22 -1 -1 -1 17 -1 -1 -1 -1 21 -1 -1 -1 -1 24 -1 -1 -1 20 19 18 -1 -1 
0 -1 2 3 4 -1 6 -1 -1 -1 -1 -1 -1 5 -1 -1 -1 -1 1 16 -1 -1 -1 9 7 -1 -1 11 -1 -1 -1 28 -1 14 -1 15 -1 -1 -1 -1 -1 -1 -1 8 -1 -1 -1 -1 -1 -1 -1 -1 -1 -1 -1 -1 -1 -1 29 -1 -1 -1 27 -1 26 25 -1 22 -1 -1 -1 17 -1 -1 -1 -1 21 -1 -1 -1 -1 -1 -1 -1 24 20 19 18 -1 -1 
0 -1 2 3 4 -1 6 -1 -1 -1 -1 -1 -1 5 -1 -1 -1 -1 1 16 -1 -1 -1 9 7 -1 -1 -1 -1 -1 -1 28 -1 14 -1 15 11 -1 -1 -1 -1 -1 -1 8 -1 -1 -1 -1 -1 -1 -1 -1 -1 -1 -1 -1 -1 -1 29 -1 -1 -1 27 -1 26 25 -1 22 -1 -1 -1 17 -1 -1 -1 -1 21 -1 -1 -1 -1 -1 -1 -1 24 20 19 18 -1 -1 
0 -1 2 3 4 -1 6 -1 -1 -1 -1 -1 -1 5 -1 -1 -1 -1 1 -1 -1 -1 -1 9 7 -1 -1 -1 -1 -1 -1 28 -1 14 -1 15 11 -1 -1 -1 -1 -1 -1 8 -1 -1 16 -1 -1 -1 -1 -1 -1 -1 -1 -1 -1 -1 29 -1 -1 -1 27 -1 26 25 -1 22 -1 -1 -1 17 -1 -1 -1 -1 21 -1 -1 -1 -1 -1 -1 -1 24 20 19 18 -1 -1 
0 -1 -1 3 4 -1 6 -1 -1 -1 -1 -1 -1 5 -1 -1 -1 -1 1 -1 -1 -1 2 9 7 -1 -1 -1 -1 -1 -1 28 -1 14 -1 15 11 -1 -1 -1 -1 -1 -1 8 -1 -1 16 -1 -1 -1 -1 -1 -1 -1 -1 -1 -1 -1 29 -1 -1 -1 27 -1 26 25 -1 22 -1 -1 -1 17 -1 -1 -1 -1 21 -1 -1 -1 -1 -1 -1 -1 24 20 19 18 -1 -1 
0 -1 -1 3 4 -1 6 -1 -1 -1 -1 -1 -1 5 -1 -1 -1 -1 1 -1 -1 -1 2 9 7 -1 -1 -1 -1 -1 -1 28 -1 14 -1 15 11 -1 -1 -1 -1 -1 -1 8 -1 -1 16 25 -1 -1 -1 -1 -1 -1 -1 -1 -1 -1 29 -1 -1 -1 27 -1 26 -1 -1 22 -1 -1 -1 17 -1 -1 -1 -1 21 -1 -1 -1 -1 -1 -1 -1 24 20 19 18 -1 -1 
0 -1 -1 3 4 -1 6 -1 -1 -1 -1 -1 -1 5 -1 -1 -1 -1 -1 -1 -1 -1 2 9 7 -1 -1 -1 -1 1 -1 28 -1 14 -1 15 11 -1 -1 -1 -1 -1 -1 8 -1 -1 16 25 -1 -1 -1 -1 -1 -1 -1 -1 -1 -1 29 -1 -1 -1 27 -1 26 -1 -1 22 -1 -1 -1 17 -1 -1 -1 -1 21 -1 -1 -1 -1 -1 -1 -1 24 20 19 18 -1 -1 
0 -1 -1 3 4 -1 6 -1 -1 -1 -1 -1 -1 5 -1 -1 -1 -1 -1 -1 -1 -1 2 9 7 -1 -1 -1 -1 1 -1 28 -1 14 -1 15 11 -1 -1 -1 -1 -1 -1 8 -1 -1 -1 25 -1 -1 -1 -1 -1 -1 -1 16 -1 -1 29 -1 -1 -1 27 -1 26 -1 -1 22 -1 -1 -1 17 -1 -1 -1 -1 21 -1 -1 -1 -1 -1 -1 -1 24 20 19 18 -1 -1 
0 -1 -1 3 4 -1 6 -1 -1 -1 -1 -1 -1 5 -1 -1 -1 -1 -1 -1 -1 -1 2 9 7 -1 -1 -1 -1 1 -1 28 -1 -1 -1 15 11 -1 -1 -1 -1 -1 14 8 -1 -1 -1 25 -1 -1 -1 -1 -1 -1 -1 16 -1 -1 29 -1 -1 -1 27 -1 26 -1 -1 22 -1 -1 -1 17 -1 -1 -1 -1 21 -1 -1 -1 -1 -1 -1 -1 24 20 19 18 -1 -1 
0 -1 -1 3 4 -1 6 -1 -1 -1 -1 -1 -1 5 -1 -1 -1 -1 -1 -1 -1 -1 2 9 7 -1 -1 -1 -1 1 -1 28 -1 -1 -1 15 11 -1 -1 -1 -1 -1 14 8 -1 -1 -1 25 -1 29 -1 -1 -1 -1 -1 16 -1 -1 -1 -1 -1 -1 27 -1 26 -1 -1 22 -1 -1 -1 17 -1 -1 -1 -1 21 -1 -1 -1 -1 -1 -1 -1 24 20 19 18 -1 -1 
0 -1 -1 3 4 -1 6 -1 -1 -1 -1 -1 -1 5 -1 -1 -1 -1 -1 -1 -1 -1 2 9 7 -1 -1 -1 -1 1 -1 28 -1 -1 8 15 11 -1 -1 -1 -1 -1 14 -1 -1 -1 -1 25 -1 29 -1 -1 -1 -1 -1 16 -1 -1 -1 -1 -1 -1 27 -1 26 -1 -1 22 -1 -1 -1 17 -1 -1 -1 -1 21 -1 -1 -1 -1 -1 -1 -1 24 20 19 18 -1 -1 
0 -1 -1 3 4 -1 6 -1 -1 -1 -1 -1 -1 5 -1 -1 -1 -1 -1 -1 -1 -1 2 9 7 -1 -1 -1 -1 1 -1 28 -1 -1 8 15 11 -1 -1 -1 -1 -1 14 -1 -1 -1 -1 25 -1 29 -1 -1 -1 -1 -1 16 -1 -1 -1 -1 -1 -1 27 -1 -1 26 -1 22 -1 -1 -1 17 -1 -1 -1 -1 21 -1 -1 -1 -1 -1 -1 -1 24 20 19 18 -1 -1 
-1 -1 -1 3 4 -1 6 -1 -1 -1 -1 -1 -1 5 -1 -1 -1 -1 -1 -1 -1 -1 2 9 7 -1 -1 0 -1 1 -1 28 -1 -1 8 15 11 -1 -1 -1 -1 -1 14 -1 -1 -1 -1 25 -1 29 -1 -1 -1 -1 -1 16 -1 -1 -1 -1 -1 -1 27 -1 -1 26 -1 22 -1 -1 -1 17 -1 -1 -1 -1 21 -1 -1 -1 -1 -1 -1 -1 24 20 19 18 -1 -1 
-1 -1 -1 3 4 -1 6 -1 -1 -1 -1 -1 -1 5 -1 -1 -1 -1 -1 -1 -1 -1 2 9 7 -1 -1 0 -1 1 -1 28 -1 -1 8 15 11 -1 -1 -1 -1 -1 14 -1 -1 -1 -1 25 -1 29 -1 -1 -1 27 -1 16 -1 -1 -1 -1 -1 -1 -1 -1 -1 26 -1 22 -1 -1 -1 17 -1 -1 -1 -1 21 -1 -1 -1 -1 -1 -1 -1 24 20 19 18 -1 -1 
-1 -1 -1 3 4 -1 6 -1 -1 -1 -1 -1 -1 5 9 -1 -1 -1 -1 -1 -1 -1 2 -1 7 -1 -1 0 -1 1 -1 28 -1 -1 8 15 11 -1 -1 -1 -1 -1 14 -1 -1 -1 -1 25 -1 29 -1 -1 -1 27 -1 16 -1 -1 -1 -1 -1 -1 -1 -1 -1 26 -1 22 -1 -1 -1 17 -1 -1 -1 -1 21 -1 -1 -1 -1 -1 -1 -1 24 20 19 18 -1 -1 
-1 -1 -1 3 4 -1 6 -1 -1 -1 -1 -1 -1 5 9 -1 -1 -1 -1 -1 -1 -1 2 -1 7 -1 -1 0 -1 1 24 28 -1 -1 8 15 11 -1 -1 -1 -1 -1 14 -1 -1 -1 -1 25 -1 29 -1 -1 -1 27 -1 16 -1 -1 -1 -1 -1 -1 -1 -1 -1 26 -1 22 -1 -1 -1 17 -1 -1 -1 -1 21 -1 -1 -1 -1 -1 -1 -1 -1 20 19 18 -1 -1 
-1 -1 -1 3 4 -1 6 -1 -1 -1 -1 -1 -1 5 -1 -1 -1 -1 -1 -1 -1 -1 2 -1 7 -1 -1 0 -1 1 24 28 9 -1 8 15 11 -1 -1 -1 -1 -1 14 -1 -1 -1 -1 25 -1 29 -1 -1 -1 27 -1 16 -1 -1 -1 -1 -1 -1 -1 -1 -1 26 -1 22 -1 -1 -1 17 -1 -1 -1 -1 21 -1 -1 -1 -1 -1 -1 -1 -1 20 19 18 -1 -1 
-1 -1 -1 3 4 -1 6 -1 -1 -1 -1 -1 -1 5 -1 -1 -1 -1 -1 -1 -1 -1 2 -1 7 -1 -1 0 -1 1 -1 28 9 -1 8 15 11 -1 -1 24 -1 -1 14 -1 -1 -1 -1 25 -1 29 -1 -1 -1 27 -1 16 -1 -1 -1 -1 -1 -1 -1 -1 -1 26 -1 22 -1 -1 -1 17 -1 -1 -1 -1 21 -1 -1 -1 -1 -1 -1 -1 -1 20 19 18 -1 -1 
-1 -1 -1 3 4 -1 6 -1 -1 -1 -1 -1 -1 5 -1 -1 -1 -1 -1 -1 -1 -1 2 -1 7 -1 -1 0 -1 1 -1 28 -1 -1 8 15 11 -1 -1 24 -1 9 14 -1 -1 -1 -1 25 -1 29 -1 -1 -1 27 -1 16 -1 -1 -1 -1 -1 -1 -1 -1 -1 26 -1 22 -1 -1 -1 17 -1 -1 -1 -1 21 -1 -1 -1 -1 -1 -1 -1 -1 20 19 18 -1 -1 
-1 -1 -1 3 4 -1 6 -1 -1 -1 -1 -1 -1 5 -1 -1 -1 -1 -1 -1 -1 -1 2 -1 7 -1 -1 0 -1 1 24 28 -1 -1 8 15 11 -1 -1 -1 -1 9 14 -1 -1 -1 -1 25 -1 29 -1 -1 -1 27 -1 16 -1 -1 -1 -1 -1 -1 -1 -1 -1 26 -1 22 -1 -1 -1 17 -1 -1 -1 -1 21 -1 -1 -1 -1 -1 -1 -1 -1 20 19 18 -1 -1 
-1 -1 -1 3 4 -1 6 -1 -1 -1 -1 -1 -1 5 -1 -1 -1 -1 -1 -1 -1 -1 2 -1 7 -1 -1 0 -1 1 24 28 9 -1 8 15 11 -1 -1 -1 -1 -1 14 -1 -1 -1 -1 25 -1 29 -1 -1 -1 27 -1 16 -1 -1 -1 -1 -1 -1 -1 -1 -1 26 -1 22 -1 -1 -1 17 -1 -1 -1 -1 21 -1 -1 -1 -1 -1 -1 -1 -1 20 19 18 -1 -1 
-1 -1 -1 3 4 -1 6 -1 -1 -1 -1 -1 -1 5 -1 -1 -1 -1 -1 -1 -1 -1 2 -1 7 -1 -1 0 -1 1 -1 28 9 -1 8 15 11 -1 -1 24 -1 -1 14 -1 -1 -1 -1 25 -1 29 -1 -1 -1 27 -1 16 -1 -1 -1 -1 -1 -1 -1 -1 -1 26 -1 22 -1 -1 -1 17 -1 -1 -1 -1 21 -1 -1 -1 -1 -1 -1 -1 -1 20 19 18 -1 -1 
-1 -1 -1 3 4 -1 6 -1 -1 -1 -1 -1 -1 5 -1 -1 -1 -1 -1 -1 -1 -1 2 -1 7 -1 -1 0 -1 1 -1 28 -1 -1 8 15 11 -1 -1 24 -1 9 14 -1 -1 -1 -1 25 -1 29 -1 -1 -1 27 -1 16 -1 -1 -1 -1 -1 -1 -1 -1 -1 26 -1 22 -1 -1 -1 17 -1 -1 -1 -1 21 -1 -1 -1 -1 -1 -1 -1 -1 20 19 18 -1 -1 
-1 -1 -1 3 4 -1 6 -1 -1 -1 -1 -1 -1 5 -1 -1 -1 -1 -1 -1 -1 -1 2 -1 7 -1 -1 0 -1 26 -1 28 -1 -1 8 15 11 -1 -1 24 -1 9 14 -1 -1 -1 -1 25 -1 29 -1 -1 -1 27 -1 16 -1 -1 -1 -1 -1 -1 -1 -1 -1 -1 -1 22 -1 -1 -1 17 -1 -1 -1 -1 21 -1 -1 -1 -1 -1 -1 -1 -1 20 19 18 -1 -1 
-1 -1 -1 3 4 -1 6 -1 -1 -1 -1 -1 -1 5 -1 -1 -1 -1 -1 -1 -1 -1 2 -1 7 -1 -1 -1 -1 0 -1 28 -1 -1 8 15 11 -1 -1 24 -1 9 14 -1 -1 -1 -1 25 -1 29 -1 -1 -1 27 -1 16 -1 -1 -1 -1 -1 -1 -1 -1 -1 -1 -1 22 -1 -1 -1 17 -1 -1 -1 -1 21 -1 -1 -1 -1 -1 -1 -1 -1 20 19 18 -1 -1 
-1 -1 -1 3 4 -1 6 -1 -1 -1 -1 -1 -1 5 -1 -1 -1 -1 -1 -1 -1 -1 2 -1 7 -1 -1 -1 -1 0 -1 28 -1 -1 8 15 11 -1 -1 24 -1 9 14 -1 -1 -1 -1 25 -1 29 -1 -1 -1 27 -1 -1 -1 -1 -1 16 -1 -1 -1 -1 -1 -1 -1 22 -1 -1 -1 17 -1 -1 -1 -1 21 -1 -1 -1 -1 -1 -1 -1 -1 20 19 18 -1 -1 
-1 -1 -1 3 4 -1 6 -1 -1 -1 -1 -1 -1 5 -1 -1 -1 -1 -1 -1 -1 -1 2 -1 7 -1 -1 -1 -1 -1 -1 28 -1 -1 8 15 11 -1 0 24 -1 9 14 -1 -1 -1 -1 25 -1 29 -1 -1 -1 27 -1 -1 -1 -1 -1 16 -1 -1 -1 -1 -1 -1 -1 22 -1 -1 -1 17 -1 -1 -1 -1 21 -1 -1 -1 -1 -1 -1 -1 -1 20 19 18 -1 -1 
-1 -1 -1 3 4 -1 6 -1 -1 -1 -1 -1 -1 5 -1 -1 -1 -1 -1 -1 -1 -1 2 -1 7 -1 -1 -1 -1 -1 -1 28 -1 -1 8 15 11 -1 24 -1 -1 9 14 -1 -1 -1 -1 25 -1 29 -1 -1 -1 27 -1 -1 -1 -1 -1 16 -1 -1 -1 -1 -1 -1 -1 22 -1 -1 -1 17 -1 -1 -1 -1 21 -1 -1 -1 -1 -1 -1 -1 -1 20 19 18 -1 -1 
-1 -1 -1 3 4 -1 6 -1 -1 -1 -1 -1 -1 5 -1 -1 -1 -1 -1 -1 -1 -1 -1 -1 7 -1 -1 -1 -1 -1 -1 28 -1 -1 8 15 11 -1 2 -1 -1 9 14 -1 -1 -1 -1 25 -1 29 -1 -1 -1 27 -1 -1 -1 -1 -1 16 -1 -1 -1 -1 -1 -1 -1 22 -1 -1 -1 17 -1 -1 -1 -1 21 -1 -1 -1 -1 -1 -1 -1 -1 20 19 18 -1 -1 
-1 -1 -1 3 4 -1 6 -1 -1 -1 -1 -1 -1 5 -1 -1 -1 -1 -1 -1 -1 -1 -1 -1 7 -1 -1 -1 -1 -1 -1 28 -1 -1 8 15 11 -1 2 -1 -1 9 14 -1 -1 -1 25 -1 -1 29 -1 -1 -1 27 -1 -1 -1 -1 -1 16 -1 -1 -1 -1 -1 -1 -1 22 -1 -1 -1 17 -1 -1 -1 -1 21 -1 -1 -1 -1 -1 -1 -1 -1 20 19 18 -1 -1 
-1 -1 -1 3 4 -1 6 -1 -1 -1 -1 -1 -1 -1 -1 -1 -1 -1 -1 -1 -1 5 -1 -1 7 -1 -1 -1 -1 -1 -1 28 -1 -1 8 15 11 -1 2 -1 -1 9 14 -1 -1 -1 25 -1 -1 29 -1 -1 -1 27 -1 -1 -1 -1 -1 16 -1 -1 -1 -1 -1 -1 -1 22 -1 -1 -1 17 -1 -1 -1 -1 21 -1 -1 -1 -1 -1 -1 -1 -1 20 19 18 -1 -1 
-1 -1 -1 3 4 -1 6 -1 -1 -1 -1 -1 -1 -1 -1 -1 -1 -1 -1 -1 -1 5 -1 -1 7 -1 -1 -1 25 -1 -1 28 -1 -1 8 15 11 -1 2 -1 -1 9 14 -1 -1 -1 -1 -1 -1 29 -1 -1 -1 27 -1 -1 -1 -1 -1 16 -1 -1 -1 -1 -1 -1 -1 22 -1 -1 -1 17 -1 -1 -1 -1 21 -1 -1 -1 -1 -1 -1 -1 -1 20 19 18 -1 -1 
-1 -1 -1 3 4 -1 6 -1 -1 -1 -1 -1 -1 -1 -1 -1 8 -1 -1 -1 -1 5 -1 -1 7 -1 -1 -1 25 -1 -1 28 -1 -1 -1 15 11 -1 2 -1 -1 9 14 -1 -1 -1 -1 -1 -1 29 -1 -1 -1 27 -1 -1 -1 -1 -1 16 -1 -1 -1 -1 -1 -1 -1 22 -1 -1 -1 17 -1 -1 -1 -1 21 -1 -1 -1 -1 -1 -1 -1 -1 20 19 18 -1 -1 
-1 25 -1 3 4 -1 6 -1 -1 -1 -1 -1 -1 -1 -1 -1 8 -1 -1 -1 -1 5 -1 -1 7 -1 -1 -1 -1 -1 -1 28 -1 -1 -1 15 11 -1 2 -1 -1 9 14 -1 -1 -1 -1 -1 -1 29 -1 -1 -1 27 -1 -1 -1 -1 -1 16 -1 -1 -1 -1 -1 -1 -1 22 -1 -1 -1 17 -1 -1 -1 -1 21 -1 -1 -1 -1 -1 -1 -1 -1 20 19 18 -1 -1 
-1 25 -1 -1 4 -1 6 -1 -1 -1 -1 -1 -1 3 -1 -1 8 -1 -1 -1 -1 5 -1 -1 7 -1 -1 -1 -1 -1 -1 28 -1 -1 -1 15 11 -1 2 -1 -1 9 14 -1 -1 -1 -1 -1 -1 29 -1 -1 -1 27 -1 -1 -1 -1 -1 16 -1 -1 -1 -1 -1 -1 -1 22 -1 -1 -1 17 -1 -1 -1 -1 21 -1 -1 -1 -1 -1 -1 -1 -1 20 19 18 -1 -1 
25 -1 -1 -1 4 -1 6 -1 -1 -1 -1 -1 -1 3 -1 -1 8 -1 -1 -1 -1 5 -1 -1 7 -1 -1 -1 -1 -1 -1 28 -1 -1 -1 15 11 -1 2 -1 -1 9 14 -1 -1 -1 -1 -1 -1 29 -1 -1 -1 27 -1 -1 -1 -1 -1 16 -1 -1 -1 -1 -1 -1 -1 22 -1 -1 -1 17 -1 -1 -1 -1 21 -1 -1 -1 -1 -1 -1 -1 -1 20 19 18 -1 -1 
25 -1 -1 -1 4 -1 -1 -1 -1 -1 -1 -1 -1 3 -1 -1 8 -1 -1 -1 -1 5 6 -1 7 -1 -1 -1 -1 -1 -1 28 -1 -1 -1 15 11 -1 2 -1 -1 9 14 -1 -1 -1 -1 -1 -1 29 -1 -1 -1 27 -1 -1 -1 -1 -1 16 -1 -1 -1 -1 -1 -1 -1 22 -1 -1 -1 17 -1 -1 -1 -1 21 -1 -1 -1 -1 -1 -1 -1 -1 20 19 18 -1 -1 
25 -1 -1 -1 4 -1 -1 -1 -1 -1 -1 -1 -1 3 -1 -1 8 -1 -1 -1 -1 5 6 -1 7 -1 -1 -1 -1 -1 -1 28 -1 -1 -1 15 11 -1 2 -1 -1 9 14 -1 -1 -1 -1 -1 -1 29 -1 -1 -1 27 -1 16 -1 -1 -1 -1 -1 -1 -1 -1 -1 -1 -1 22 -1 -1 -1 17 -1 -1 -1 -1 21 -1 -1 -1 -1 -1 -1 -1 -1 20 19 18 -1 -1 
25 -1 -1 -1 4 9 -1 -1 -1 -1 -1 -1 -1 3 -1 -1 8 -1 -1 -1 -1 5 6 -1 7 -1 -1 -1 -1 -1 -1 28 -1 -1 -1 15 11 -1 2 -1 -1 -1 14 -1 -1 -1 -1 -1 -1 29 -1 -1 -1 27 -1 16 -1 -1 -1 -1 -1 -1 -1 -1 -1 -1 -1 22 -1 -1 -1 17 -1 -1 -1 -1 21 -1 -1 -1 -1 -1 -1 -1 -1 20 19 18 -1 -1 
-1 -1 -1 -1 4 25 -1 -1 -1 -1 -1 -1 -1 3 -1 -1 8 -1 -1 -1 -1 5 6 -1 7 -1 -1 -1 -1 -1 -1 28 -1 -1 -1 15 11 -1 2 -1 -1 -1 14 -1 -1 -1 -1 -1 -1 29 -1 -1 -1 27 -1 16 -1 -1 -1 -1 -1 -1 -1 -1 -1 -1 -1 22 -1 -1 -1 17 -1 -1 -1 -1 21 -1 -1 -1 -1 -1 -1 -1 -1 20 19 18 -1 -1 
-1 -1 -1 -1 4 7 -1 -1 -1 -1 -1 -1 -1 3 -1 -1 8 -1 -1 -1 -1 5 6 -1 -1 -1 -1 -1 -1 -1 -1 28 -1 -1 -1 15 11 -1 2 -1 -1 -1 14 -1 -1 -1 -1 -1 -1 29 -1 -1 -1 27 -1 16 -1 -1 -1 -1 -1 -1 -1 -1 -1 -1 -1 22 -1 -1 -1 17 -1 -1 -1 -1 21 -1 -1 -1 -1 -1 -1 -1 -1 20 19 18 -1 -1 
