0 1 2 3 4 5 6 7 8 -1 -1 -1 -1 -1 -1 -1 -1 -1 -1 9 -1 -1 -1 -1 -1 10 -1 11 -1 12 -1 28 -1 14 -1 15 -1 -1 -1 -1 -1 -1 -1 -1 -1 -1 -1 -1 -1 -1 -1 28 -1 -1 -1 -1 -1 -1 29 -1 -1 -1 27 -1 26 -1 -1 -1 -1 -1 25 -1 -1 -1 -1 -1 -1 -1 -1 -1 -1 24 23 22 21 20 19 18 17 16 
0 -1 2 3 4 5 6 7 8 -1 -1 -1 -1 -1 -1 -1 -1 -1 -1 9 1 -1 -1 -1 -1 10 -1 11 -1 12 -1 28 -1 14 -1 15 -1 -1 -1 -1 -1 -1 -1 -1 -1 -1 -1 -1 -1 -1 -1 28 -1 -1 -1 -1 -1 -1 29 -1 -1 -1 27 -1 26 -1 -1 -1 -1 -1 25 -1 -1 -1 -1 -1 -1 -1 -1 -1 -1 24 23 22 21 20 19 18 17 16 
0 -1 2 3 4 5 6 7 8 -1 -1 -1 -1 -1 -1 -1 -1 -1 -1 9 1 -1 -1 -1 -1 10 -1 11 -1 12 -1 28 -1 14 -1 15 -1 -1 -1 -1 -1 -1 -1 -1 -1 -1 -1 -1 -1 -1 -1 28 -1 -1 -1 -1 -1 -1 29 -1 -1 -1 27 -1 26 23 -1 -1 -1 -1 25 -1 -1 -1 -1 -1 -1 -1 -1 -1 -1 24 -1 22 21 20 19 18 17 16 
-1 -1 2 3 4 5 6 7 8 0 -1 -1 -1 -1 -1 -1 -1 -1 -1 9 1 -1 -1 -1 -1 10 -1 11 -1 12 -1 28 -1 14 -1 15 -1 -1 -1 -1 -1 -1 -1 -1 -1 -1 -1 -1 -1 -1 -1 28 -1 -1 -1 -1 -1 -1 29 -1 -1 -1 27 -1 26 23 -1 -1 -1 -1 25 -1 -1 -1 -1 -1 -1 -1 -1 -1 -1 24 -1 22 21 20 19 18 17 16 
-1 -1 2 3 4 5 6 7 8 0 -1 -1 -1 -1 -1 -1 -1 -1 -1 9 1 -1 -1 -1 -1 10 -1 11 -1 12 -1 28 -1 14 -1 15 -1 -1 -1 -1 -1 -1 -1 -1 -1 -1 -1 -1 -1 -1 -1 28 -1 -1 -1 -1 -1 -1 29 -1 -1 -1 27 26 -1 23 -1 -1 -1 -1 25 -1 -1 -1 -1 -1 -1 -1 -1 -1 -1 24 -1 22 21 20 19 18 17 16 
-1 -1 2 3 4 5 -1 7 8 0 -1 -1 -1 -1 -1 -1 -1 -1 -1 9 1 -1 6 -1 -1 10 -1 11 -1 12 -1 28 -1 14 -1 15 -1 -1 -1 -1 -1 -1 -1 -1 -1 -1 -1 -1 -1 -1 -1 28 -1 -1 -1 -1 -1 -1 29 -1 -1 -1 27 26 -1 23 -1 -1 -1 -1 25 -1 -1 -1 -1 -1 -1 -1 -1 -1 -1 24 -1 22 21 20 19 18 17 16 
-1 -1 2 3 4 5 -1 7 8 0 -1 -1 -1 -1 -1 -1 -1 -1 -1 9 1 -1 6 -1 -1 10 -1 11 -1 12 -1 28 -1 14 -1 15 -1 -1 -1 -1 -1 -1 -1 -1 -1 -1 -1 -1 -1 -1 -1 28 -1 -1 -1 -1 -1 -1 29 -1 -1 -1 27 26 -1 23 -1 -1 -1 -1 25 -1 -1 -1 -1 -1 -1 -1 -1 -1 -1 -1 24 22 21 20 19 18 17 16 
-1 -1 2 3 4 5 -1 7 8 0 -1 -1 -1 -1 -1 -1 -1 -1 9 -1 1 -1 6 -1 -1 10 -1 11 -1 12 -1 28 -1 14 -1 15 -1 -1 -1 -1 -1 -1 -1 -1 -1 -1 -1 -1 -1 -1 -1 28 -1 -1 -1 -1 -1 -1 29 -1 -1 -1 27 26 -1 23 -1 -1 -1 -1 25 -1 -1 -1 -1 -1 -1 -1 -1 -1 -1 -1 24 22 21 20 19 18 17 16 
-1 -1 2 3 4 5 -1 7 8 0 -1 -1 -1 -1 -1 -1 -1 -1 9 -1 1 -1 6 -1 -1 10 -1 11 -1 12 -1 28 -1 14 -1 15 -1 -1 -1 -1 -1 -1 -1 -1 -1 -1 24 -1 -1 -1 -1 28 -1 -1 -1 -1 -1 -1 29 -1 -1 -1 27 26 -1 23 -1 -1 -1 -1 25 -1 -1 -1 -1 -1 -1 -1 -1 -1 -1 -1 -1 22 21 20 19 18 17 16 
-1 -1 2 3 4 5 -1 7 8 0 -1 -1 -1 -1 -1 -1 -1 -1 9 -1 1 -1 6 -1 -1 10 -1 11 -1 -1 -1 28 -1 14 -1 15 -1 -1 12 -1 -1 -1 -1 -1 -1 -1 24 -1 -1 -1 -1 28 -1 -1 -1 -1 -1 -1 29 -1 -1 -1 27 26 -1 23 -1 -1 -1 -1 25 -1 -1 -1 -1 -1 -1 -1 -1 -1 -1 -1 -1 22 21 20 19 18 17 16 
-1 -1 2 3 4 5 -1 7 8 0 -1 -1 -1 -1 -1 -1 -1 -1 9 -1 1 -1 6 -1 -1 10 -1 11 -1 -1 -1 28 -1 14 -1 15 -1 -1 12 -1 -1 -1 -1 -1 -1 -1 24 -1 -1 -1 -1 28 -1 -1 -1 -1 -1 -1 29 -1 -1 -1 27 26 -1 23 -1 -1 -1 17 25 -1 -1 -1 -1 -1 -1 -1 -1 -1 -1 -1 -1 22 21 20 19 18 -1 16 
-1 -1 2 3 4 5 -1 -1 8 0 -1 -1 -1 -1 7 -1 -1 -1 9 -1 1 -1 6 -1 -1 10 -1 11 -1 -1 -1 28 -1 14 -1 15 -1 -1 12 -1 -1 -1 -1 -1 -1 -1 24 -1 -1 -1 -1 28 -1 -1 -1 -1 -1 -1 29 -1 -1 -1 27 26 -1 23 -1 -1 -1 17 25 -1 -1 -1 -1 -1 -1 -1 -1 -1 -1 -1 -1 22 21 20 19 18 -1 16 
-1 -1 2 3 4 5 -1 -1 8 0 -1 -1 -1 -1 7 -1 -1 -1 9 -1 1 -1 6 -1 -1 10 -1 11 -1 -1 -1 28 -1 14 -1 15 -1 -1 12 -1 -1 -1 -1 -1 -1 -1 24 -1 -1 -1 -1 28 17 -1 -1 -1 -1 -1 29 -1 -1 -1 27 26 -1 23 -1 -1 -1 -1 25 -1 -1 -1 -1 -1 -1 -1 -1 -1 -1 -1 -1 22 21 20 19 18 -1 16 
-1 -1 2 3 4 5 -1 8 -1 0 -1 -1 -1 -1 7 -1 -1 -1 9 -1 1 -1 6 -1 -1 10 -1 11 -1 -1 -1 28 -1 14 -1 15 -1 -1 12 -1 -1 -1 -1 -1 -1 -1 24 -1 -1 -1 -1 28 17 -1 -1 -1 -1 -1 29 -1 -1 -1 27 26 -1 23 -1 -1 -1 -1 25 -1 -1 -1 -1 -1 -1 -1 -1 -1 -1 -1 -1 22 21 20 19 18 -1 16 
-1 -1 2 3 4 5 -1 8 -1 0 -1 -1 -1 -1 7 -1 -1 -1 9 -1 1 -1 6 -1 -1 10 -1 11 -1 -1 -1 28 -1 17 -1 15 -1 -1 12 -1 -1 -1 -1 -1 -1 -1 24 -1 -1 -1 -1 28 -1 -1 -1 -1 -1 -1 29 -1 -1 -1 27 26 -1 23 -1 -1 -1 -1 25 -1 -1 -1 -1 -1 -1 -1 -1 -1 -1 -1 -1 22 21 20 19 18 -1 16 
-1 -1 2 3 4 5 -1 8 -1 0 -1 -1 -1 -1 7 -1 -1 -1 9 -1 1 -1 6 -1 10 -1 -1 11 -1 -1 -1 28 -1 17 -1 15 -1 -1 12 -1 -1 -1 -1 -1 -1 -1 24 -1 -1 -1 -1 28 -1 -1 -1 -1 -1 -1 29 -1 -1 -1 27 26 -1 23 -1 -1 -1 -1 25 -1 -1 -1 -1 -1 -1 -1 -1 -1 -1 -1 -1 22 21 20 19 18 -1 16 
-1 -1 2 3 4 5 -1 8 -1 0 -1 -1 -1 -1 7 -1 -1 -1 9 -1 1 -1 6 -1 10 -1 -1 11 -1 -1 -1 28 -1 -1 -1 15 -1 -1 12 -1 -1 -1 -1 -1 -1 -1 24 -1 -1 -1 17 28 -1 -1 -1 -1 -1 -1 29 -1 -1 -1 27 26 -1 23 -1 -1 -1 -1 25 -1 -1 -1 -1 -1 -1 -1 -1 -1 -1 -1 -1 22 21 20 19 18 -1 16 
-1 -1 2 3 4 5 -1 -1 -1 0 -1 -1 -1 -1 7 -1 -1 -1 9 -1 1 -1 6 -1 10 -1 -1 11 -1 -1 -1 28 -1 -1 -1 15 -1 -1 12 -1 -1 -1 -1 -1 -1 -1 24 -1 -1 -1 17 28 8 -1 -1 -1 -1 -1 29 -1 -1 -1 27 26 -1 23 -1 -1 -1 -1 25 -1 -1 -1 -1 -1 -1 -1 -1 -1 -1 -1 -1 22 21 20 19 18 -1 16 
-1 -1 2 3 4 5 -1 -1 -1 0 -1 -1 -1 -1 7 -1 -1 -1 9 -1 1 -1 6 -1 10 -1 -1 11 -1 -1 -1 28 -1 -1 -1 15 -1 -1 12 -1 -1 -1 -1 -1 -1 -1 24 -1 -1 -1 17 28 8 -1 -1 -1 -1 -1 29 -1 -1 -1 27 26 -1 23 -1 -1 -1 25 -1 -1 -1 -1 -1 -1 -1 -1 -1 -1 -1 -1 -1 22 21 20 19 18 -1 16 
-1 -1 2 3 4 5 -1 -1 -1 0 -1 -1 -1 -1 7 -1 -1 -1 9 -1 1 -1 6 -1 10 -1 -1 11 -1 -1 -1 28 -1 -1 -1 15 -1 -1 12 -1 -1 -1 -1 -1 -1 -1 24 -1 -1 -1 17 8 -1 -1 -1 -1 -1 -1 29 -1 -1 -1 27 26 -1 23 -1 -1 -1 25 -1 -1 -1 -1 -1 -1 -1 -1 -1 -1 -1 -1 -1 22 21 20 19 18 -1 16 
-1 -1 2 3 4 5 -1 -1 -1 0 -1 -1 -1 -1 7 -1 -1 -1 9 -1 1 -1 6 -1 10 -1 -1 11 -1 -1 -1 28 -1 -1 -1 15 -1 -1 12 -1 -1 -1 -1 -1 -1 -1 24 -1 -1 -1 17 8 -1 -1 -1 -1 -1 -1 29 -1 -1 -1 27 26 -1 23 -1 18 -1 25 -1 -1 -1 -1 -1 -1 -1 -1 -1 -1 -1 -1 -1 22 21 20 19 -1 -1 16 
-1 -1 2 3 4 5 -1 -1 -1 0 -1 -1 -1 -1 7 -1 -1 -1 9 -1 1 -1 6 -1 10 -1 -1 11 -1 -1 -1 28 -1 -1 -1 15 -1 -1 12 -1 -1 -1 -1 -1 -1 -1 24 -1 -1 -1 17 -1 8 -1 -1 -1 -1 -1 29 -1 -1 -1 27 26 -1 23 -1 18 -1 25 -1 -1 -1 -1 -1 -1 -1 -1 -1 -1 -1 -1 -1 22 21 20 19 -1 -1 16 
-1 -1 2 3 4 5 -1 -1 -1 0 -1 -1 -1 -1 7 -1 -1 -1 9 -1 1 -1 6 -1 10 -1 -1 11 -1 -1 -1 28 -1 -1 -1 15 -1 -1 12 -1 -1 -1 -1 -1 -1 -1 24 -1 -1 -1 17 25 8 -1 -1 -1 -1 -1 29 -1 -1 -1 27 26 -1 23 -1 18 -1 -1 -1 -1 -1 -1 -1 -1 -1 -1 -1 -1 -1 -1 -1 22 21 20 19 -1 -1 16 
-1 -1 2 3 4 5 -1 -1 -1 0 -1 -1 -1 -1 -1 -1 -1 -1 9 -1 1 -1 6 -1 10 7 -1 11 -1 -1 -1 28 -1 -1 -1 15 -1 -1 12 -1 -1 -1 -1 -1 -1 -1 24 -1 -1 -1 17 25 8 -1 -1 -1 -1 -1 29 -1 -1 -1 27 26 -1 23 -1 18 -1 -1 -1 -1 -1 -1 -1 -1 -1 -1 -1 -1 -1 -1 -1 22 21 20 19 -1 -1 16 
-1 -1 2 3 4 5 -1 -1 -1 0 -1 -1 -1 -1 -1 -1 -1 -1 9 -1 1 -1 6 -1 10 7 -1 11 -1 -1 -1 28 -1 17 -1 15 -1 -1 12 -1 -1 -1 -1 -1 -1 -1 24 -1 -1 -1 -1 25 8 -1 -1 -1 -1 -1 29 -1 -1 -1 27 26 -1 23 -1 18 -1 -1 -1 -1 -1 -1 -1 -1 -1 -1 -1 -1 -1 -1 -1 22 21 20 19 -1 -1 16 
-1 -1 2 3 4 5 -1 -1 -1 0 -1 -1 -1 -1 -1 -1 -1 -1 9 -1 1 -1 6 -1 10 -1 -1 11 -1 -1 -1 28 -1 17 -1 15 -1 -1 12 -1 -1 -1 7 -1 -1 -1 24 -1 -1 -1 -1 25 8 -1 -1 -1 -1 -1 29 -1 -1 -1 27 26 -1 23 -1 18 -1 -1 -1 -1 -1 -1 -1 -1 -1 -1 -1 -1 -1 -1 -1 22 21 20 19 -1 -1 16 
-1 -1 2 3 4 5 -1 -1 -1 0 -1 -1 -1 -1 -1 -1 -1 -1 9 -1 1 -1 6 -1 10 -1 -1 11 -1 -1 -1 28 -1 17 -1 15 -1 -1 12 -1 -1 -1 7 -1 -1 -1 24 30 -1 -1 -1 25 8 -1 -1 -1 -1 -1 29 -1 -1 -1 27 26 -1 23 -1 18 -1 -1 -1 -1 -1 -1 -1 -1 -1 -1 -1 -1 -1 -1 -1 22 21 20 19 -1 -1 16 
-1 -1 2 3 4 5 -1 -1 -1 0 -1 -1 -1 -1 -1 -1 -1 -1 9 -1 1 -1 6 -1 10 -1 -1 11 -1 -1 -1 28 -1 17 -1 15 -1 -1 -1 -1 -1 -1 7 -1 -1 -1 24 12 -1 -1 -1 25 8 -1 -1 -1 -1 -1 29 -1 -1 -1 27 26 -1 23 -1 18 -1 -1 -1 -1 -1 -1 -1 -1 -1 -1 -1 -1 -1 -1 -1 22 21 20 19 -1 -1 16 
-1 -1 2 3 4 5 -1 -1 -1 0 -1 -1 -1 -1 -1 -1 -1 -1 9 -1 1 -1 6 -1 10 -1 -1 11 -1 -1 -1 28 -1 17 -1 15 -1 -1 -1 -1 -1 -1 7 -1 -1 -1 -1 24 -1 -1 -1 25 8 -1 -1 -1 -1 -1 29 -1 -1 -1 27 26 -1 23 -1 18 -1 -1 -1 -1 -1 -1 -1 -1 -1 -1 -1 -1 -1 -1 -1 22 21 20 19 -1 -1 16 
-1 -1 2 3 4 5 -1 -1 -1 0 -1 -1 -1 -1 -1 -1 -1 -1 9 -1 -1 -1 6 -1 10 -1 -1 11 -1 -1 -1 28 -1 17 -1 15 -1 1 -1 -1 -1 -1 7 -1 -1 -1 -1 24 -1 -1 -1 25 8 -1 -1 -1 -1 -1 29 -1 -1 -1 27 26 -1 23 -1 18 -1 -1 -1 -1 -1 -1 -1 -1 -1 -1 -1 -1 -1 -1 -1 22 21 20 19 -1 -1 16 
-1 -1 2 3 4 5 -1 -1 -1 0 -1 -1 -1 -1 -1 -1 -1 -1 9 -1 -1 -1 6 -1 10 -1 -1 11 -1 -1 -1 28 -1 17 -1 15 -1 1 -1 -1 -1 -1 7 -1 -1 -1 -1 24 -1 -1 -1 25 8 -1 -1 -1 -1 -1 29 -1 -1 -1 27 26 -1 23 -1 18 -1 -1 -1 -1 -1 -1 -1 -1 19 -1 -1 -1 -1 -1 -1 22 21 20 -1 -1 -1 16 
-1 -1 2 3 4 5 -1 -1 -1 -1 -1 -1 -1 -1 0 -1 -1 -1 9 -1 -1 -1 6 -1 10 -1 -1 11 -1 -1 -1 28 -1 17 -1 15 -1 1 -1 -1 -1 -1 7 -1 -1 -1 -1 24 -1 -1 -1 25 8 -1 -1 -1 -1 -1 29 -1 -1 -1 27 26 -1 23 -1 18 -1 -1 -1 -1 -1 -1 -1 -1 19 -1 -1 -1 -1 -1 -1 22 21 20 -1 -1 -1 16 
-1 -1 2 3 4 5 -1 -1 -1 -1 -1 -1 -1 -1 0 -1 -1 -1 9 -1 -1 -1 6 -1 10 -1 -1 11 -1 -1 -1 28 -1 17 -1 15 -1 1 -1 -1 -1 -1 7 -1 -1 -1 24 -1 -1 -1 -1 25 8 -1 -1 -1 -1 -1 29 -1 -1 -1 27 26 -1 23 -1 18 -1 -1 -1 -1 -1 -1 -1 -1 19 -1 -1 -1 -1 -1 -1 22 21 20 -1 -1 -1 16 
-1 -1 2 3 4 5 -1 -1 -1 -1 -1 -1 -1 -1 0 -1 -1 -1 9 -1 1 -1 6 -1 10 -1 -1 11 -1 -1 -1 28 -1 17 -1 15 -1 -1 -1 -1 -1 -1 7 -1 -1 -1 24 -1 -1 -1 -1 25 8 -1 -1 -1 -1 -1 29 -1 -1 -1 27 26 -1 23 -1 18 -1 -1 -1 -1 -1 -1 -1 -1 19 -1 -1 -1 -1 -1 -1 22 21 20 -1 -1 -1 16 
-1 -1 2 3 4 5 -1 -1 -1 -1 -1 -1 -1 -1 0 -1 -1 -1 9 -1 1 -1 6 -1 10 -1 -1 11 -1 -1 -1 28 -1 17 -1 15 -1 -1 -1 -1 -1 -1 7 -1 -1 -1 24 -1 -1 -1 -1 25 8 -1 -1 -1 -1 -1 29 -1 -1 -1 27 26 -1 23 -1 18 -1 -1 -1 -1 -1 -1 -1 -1 19 -1 -1 -1 -1 -1 -1 22 21 20 16 -1 -1 -1 
-1 -1 2 3 4 5 -1 -1 -1 -1 -1 -1 -1 -1 -1 -1 -1 -1 9 -1 1 -1 6 -1 10 -1 -1 11 -1 -1 -1 28 -1 17 -1 15 -1 -1 -1 -1 -1 -1 7 -1 -1 -1 24 -1 -1 -1 -1 25 8 -1 -1 -1 -1 -1 29 -1 -1 -1 27 26 -1 23 -1 18 -1 -1 -1 -1 -1 -1 -1 -1 19 -1 -1 -1 -1 -1 -1 22 21 20 0 -1 -1 -1 
-1 -1 2 3 4 5 -1 -1 -1 -1 -1 -1 -1 -1 -1 -1 -1 -1 9 -1 1 -1 6 -1 10 -1 -1 11 -1 -1 -1 28 -1 17 -1 15 -1 -1 -1 -1 -1 -1 7 -1 -1 -1 24 -1 -1 -1 -1 25 8 -1 -1 -1 -1 -1 29 -1 -1 -1 27 26 -1 23 -1 18 -1 -1 -1 -1 -1 -1 -1 -1 -1 -1 -1 -1 -1 -1 -1 22 21 20 19 -1 -1 -1 
-1 -1 2 3 4 5 -1 -1 -1 -1 -1 -1 -1 -1 -1 -1 -1 -1 9 -1 1 -1 6 10 -1 -1 -1 11 -1 -1 -1 28 -1 17 -1 15 -1 -1 -1 -1 -1 -1 7 -1 -1 -1 24 -1 -1 -1 -1 25 8 -1 -1 -1 -1 -1 29 -1 -1 -1 27 26 -1 23 -1 18 -1 -1 -1 -1 -1 -1 -1 -1 -1 -1 -1 -1 -1 -1 -1 22 21 20 19 -1 -1 -1 
-1 -1 2 3 4 5 -1 -1 -1 -1 -1 -1 -1 -1 -1 -1 -1 -1 9 -1 1 -1 6 10 -1 -1 -1 11 -1 -1 -1 28 -1 17 -1 15 -1 -1 -1 -1 -1 -1 7 -1 -1 -1 -1 -1 -1 -1 24 25 8 -1 -1 -1 -1 -1 29 -1 -1 -1 27 26 -1 23 -1 18 -1 -1 -1 -1 -1 -1 -1 -1 -1 -1 -1 -1 -1 -1 -1 22 21 20 19 -1 -1 -1 
-1 -1 2 3 4 -1 -1 -1 -1 -1 -1 -1 -1 5 -1 -1 -1 -1 9 -1 1 -1 6 10 -1 -1 -1 11 -1 -1 -1 28 -1 17 -1 15 -1 -1 -1 -1 -1 -1 7 -1 -1 -1 -1 -1 -1 -1 24 25 8 -1 -1 -1 -1 -1 29 -1 -1 -1 27 26 -1 23 -1 18 -1 -1 -1 -1 -1 -1 -1 -1 -1 -1 -1 -1 -1 -1 -1 22 21 20 19 -1 -1 -1 
-1 -1 2 3 4 -1 -1 -1 -1 -1 -1 -1 -1 5 -1 -1 -1 -1 9 -1 1 -1 6 10 -1 -1 -1 11 -1 -1 -1 28 -1 17 -1 15 -1 -1 -1 -1 -1 -1 7 -1 -1 -1 -1 -1 -1 -1 24 25 8 -1 -1 -1 -1 -1 29 -1 -1 -1 27 -1 -1 23 -1 18 -1 -1 -1 -1 26 -1 -1 -1 -1 -1 -1 -1 -1 -1 -1 22 21 20 19 -1 -1 -1 
-1 -1 2 3 4 -1 -1 -1 -1 9 -1 -1 -1 5 -1 -1 -1 -1 -1 -1 1 -1 6 10 -1 -1 -1 11 -1 -1 -1 28 -1 17 -1 15 -1 -1 -1 -1 -1 -1 7 -1 -1 -1 -1 -1 -1 -1 24 25 8 -1 -1 -1 -1 -1 29 -1 -1 -1 27 -1 -1 23 -1 18 -1 -1 -1 -1 26 -1 -1 -1 -1 -1 -1 -1 -1 -1 -1 22 21 20 19 -1 -1 -1 
-1 -1 2 3 4 -1 -1 -1 -1 9 -1 -1 -1 5 -1 -1 -1 -1 -1 -1 1 -1 6 10 -1 -1 -1 11 -1 -1 -1 28 -1 17 -1 15 -1 -1 -1 -1 -1 -1 7 -1 -1 -1 -1 -1 -1 -1 24 25 8 -1 -1 -1 -1 -1 29 -1 -1 -1 27 -1 -1 23 -1 18 -1 -1 -1 -1 -1 -1 26 -1 -1 -1 -1 -1 -1 -1 -1 22 21 20 19 -1 -1 -1 
-1 -1 2 3 4 -1 -1 -1 -1 -1 -1 9 -1 5 -1 -1 -1 -1 -1 -1 1 -1 6 10 -1 -1 -1 11 -1 -1 -1 28 -1 17 -1 15 -1 -1 -1 -1 -1 -1 7 -1 -1 -1 -1 -1 -1 -1 24 25 8 -1 -1 -1 -1 -1 29 -1 -1 -1 27 -1 -1 23 -1 18 -1 -1 -1 -1 -1 -1 26 -1 -1 -1 -1 -1 -1 -1 -1 22 21 20 19 -1 -1 -1 
-1 -1 2 3 4 -1 -1 -1 -1 -1 -1 9 -1 5 -1 -1 -1 -1 -1 -1 26 -1 6 10 -1 -1 -1 11 -1 -1 -1 28 -1 17 -1 15 -1 -1 -1 -1 -1 -1 7 -1 -1 -1 -1 -1 -1 -1 24 25 8 -1 -1 -1 -1 -1 29 -1 -1 -1 27 -1 -1 23 -1 18 -1 -1 -1 -1 -1 -1 -1 -1 -1 -1 -1 -1 -1 -1 -1 22 21 20 19 -1 -1 -1 
-1 -1 2 3 4 -1 -1 -1 -1 -1 -1 9 -1 5 -1 -1 -1 -1 -1 -1 10 -1 6 -1 -1 -1 -1 11 -1 -1 -1 28 -1 17 -1 15 -1 -1 -1 -1 -1 -1 7 -1 -1 -1 -1 -1 -1 -1 24 25 8 -1 -1 -1 -1 -1 29 -1 -1 -1 27 -1 -1 23 -1 18 -1 -1 -1 -1 -1 -1 -1 -1 -1 -1 -1 -1 -1 -1 -1 22 21 20 19 -1 -1 -1 
-1 -1 2 3 4 -1 -1 -1 -1 -1 -1 9 -1 5 -1 -1 -1 -1 -1 -1 10 -1 6 -1 -1 -1 -1 11 -1 -1 -1 28 -1 17 -1 15 -1 -1 -1 -1 -1 -1 7 -1 -1 -1 23 -1 -1 -1 24 25 8 -1 -1 -1 -1 -1 29 -1 -1 -1 27 -1 -1 -1 -1 18 -1 -1 -1 -1 -1 -1 -1 -1 -1 -1 -1 -1 -1 -1 -1 22 21 20 19 -1 -1 -1 
-1 -1 2 3 4 -1 -1 -1 -1 -1 -1 9 -1 5 -1 -1 -1 -1 -1 -1 -1 10 6 -1 -1 -1 -1 11 -1 -1 -1 28 -1 17 -1 15 -1 -1 -1 -1 -1 -1 7 -1 -1 -1 23 -1 -1 -1 24 25 8 -1 -1 -1 -1 -1 29 -1 -1 -1 27 -1 -1 -1 -1 18 -1 -1 -1 -1 -1 -1 -1 -1 -1 -1 -1 -1 -1 -1 -1 22 21 20 19 -1 -1 -1 
-1 -1 2 3 4 -1 -1 -1 -1 -1 -1 9 -1 5 -1 -1 -1 -1 -1 -1 -1 10 6 -1 -1 -1 -1 11 -1 -1 -1 28 -1 17 -1 15 -1 -1 -1 23 -1 -1 7 -1 -1 -1 -1 -1 -1 -1 24 25 8 -1 -1 -1 -1 -1 29 -1 -1 -1 27 -1 -1 -1 -1 18 -1 -1 -1 -1 -1 -1 -1 -1 -1 -1 -1 -1 -1 -1 -1 22 21 20 19 -1 -1 -1 
-1 -1 2 3 4 -1 -1 -1 -1 -1 -1 -1 -1 5 -1 -1 -1 -1 -1 -1 -1 10 6 -1 -1 -1 -1 11 -1 9 -1 28 -1 17 -1 15 -1 -1 -1 23 -1 -1 7 -1 -1 -1 -1 -1 -1 -1 24 25 8 -1 -1 -1 -1 -1 29 -1 -1 -1 27 -1 -1 -1 -1 18 -1 -1 -1 -1 -1 -1 -1 -1 -1 -1 -1 -1 -1 -1 -1 22 21 20 19 -1 -1 -1 
-1 -1 2 3 4 -1 -1 -1 -1 -1 -1 -1 -1 5 -1 -1 -1 -1 -1 -1 -1 10 6 -1 -1 -1 -1 11 -1 9 -1 28 -1 17 -1 15 -1 -1 -1 23 -1 -1 7 -1 -1 -1 -1 -1 -1 -1 24 25 8 -1 -1 -1 -1 -1 29 -1 -1 -1 27 -1 -1 -1 -1 18 -1 -1 -1 -1 -1 -1 -1 -1 -1 16 -1 -1 -1 -1 -1 22 21 20 -1 -1 -1 -1 
-1 -1 2 3 4 -1 -1 -1 -1 -1 -1 -1 -1 5 -1 -1 -1 -1 -1 -1 -1 -1 6 -1 -1 -1 -1 11 -1 9 10 28 -1 17 -1 15 -1 -1 -1 23 -1 -1 7 -1 -1 -1 -1 -1 -1 -1 24 25 8 -1 -1 -1 -1 -1 29 -1 -1 -1 27 -1 -1 -1 -1 18 -1 -1 -1 -1 -1 -1 -1 -1 -1 16 -1 -1 -1 -1 -1 22 21 20 -1 -1 -1 -1 
-1 -1 2 3 4 -1 -1 -1 -1 -1 -1 -1 -1 5 -1 -1 -1 -1 -1 -1 -1 -1 6 -1 -1 -1 -1 11 -1 9 10 28 -1 17 -1 15 -1 -1 -1 23 -1 -1 7 -1 -1 -1 -1 -1 -1 -1 24 25 8 -1 -1 -1 -1 -1 29 -1 -1 -1 27 -1 -1 -1 -1 18 -1 -1 -1 -1 -1 -1 -1 -1 -1 -1 -1 -1 -1 -1 -1 22 21 20 16 -1 -1 -1 
-1 -1 2 3 4 -1 -1 -1 -1 -1 -1 -1 -1 5 -1 -1 -1 -1 -1 -1 -1 -1 6 -1 -1 -1 -1 11 -1 9 10 28 -1 17 8 15 -1 -1 -1 23 -1 -1 7 -1 -1 -1 -1 -1 -1 -1 24 25 -1 -1 -1 -1 -1 -1 29 -1 -1 -1 27 -1 -1 -1 -1 18 -1 -1 -1 -1 -1 -1 -1 -1 -1 -1 -1 -1 -1 -1 -1 22 21 20 16 -1 -1 -1 
-1 -1 2 3 4 -1 -1 -1 -1 -1 -1 -1 -1 5 17 -1 -1 -1 -1 -1 -1 -1 6 -1 -1 -1 -1 11 -1 9 10 28 -1 -1 8 15 -1 -1 -1 23 -1 -1 7 -1 -1 -1 -1 -1 -1 -1 24 25 -1 -1 -1 -1 -1 -1 29 -1 -1 -1 27 -1 -1 -1 -1 18 -1 -1 -1 -1 -1 -1 -1 -1 -1 -1 -1 -1 -1 -1 -1 22 21 20 16 -1 -1 -1 
-1 -1 2 3 4 -1 -1 -1 -1 -1 -1 -1 -1 5 17 -1 -1 -1 -1 -1 -1 -1 6 -1 -1 -1 -1 11 -1 -1 10 28 -1 -1 8 15 -1 -1 9 23 -1 -1 7 -1 -1 -1 -1 -1 -1 -1 24 25 -1 -1 -1 -1 -1 -1 29 -1 -1 -1 27 -1 -1 -1 -1 18 -1 -1 -1 -1 -1 -1 -1 -1 -1 -1 -1 -1 -1 -1 -1 22 21 20 16 -1 -1 -1 
-1 -1 2 3 4 -1 -1 -1 -1 -1 -1 -1 -1 5 17 -1 -1 -1 -1 -1 -1 -1 6 -1 -1 -1 -1 11 -1 -1 10 28 -1 -1 8 15 -1 -1 9 -1 -1 -1 7 -1 -1 -1 -1 -1 -1 -1 24 25 -1 -1 -1 -1 23 -1 29 -1 -1 -1 27 -1 -1 -1 -1 18 -1 -1 -1 -1 -1 -1 -1 -1 -1 -1 -1 -1 -1 -1 -1 22 21 20 16 -1 -1 -1 
-1 -1 2 3 4 -1 -1 -1 -1 -1 -1 -1 -1 5 17 -1 -1 -1 -1 -1 -1 -1 6 7 -1 -1 -1 11 -1 -1 10 28 -1 -1 8 15 -1 -1 9 -1 -1 -1 -1 -1 -1 -1 -1 -1 -1 -1 24 25 -1 -1 -1 -1 23 -1 29 -1 -1 -1 27 -1 -1 -1 -1 18 -1 -1 -1 -1 -1 -1 -1 -1 -1 -1 -1 -1 -1 -1 -1 22 21 20 16 -1 -1 -1 
-1 -1 2 3 4 -1 -1 -1 -1 -1 -1 -1 -1 5 17 -1 -1 -1 -1 -1 -1 -1 6 7 -1 -1 -1 11 -1 -1 10 28 -1 -1 8 15 -1 -1 9 -1 -1 -1 -1 -1 -1 -1 -1 -1 -1 -1 24 25 -1 -1 -1 -1 23 -1 29 -1 -1 -1 27 -1 -1 -1 -1 18 -1 -1 -1 -1 -1 -1 -1 -1 -1 -1 -1 -1 -1 -1 -1 22 16 20 -1 -1 -1 -1 
-1 -1 2 3 4 -1 -1 -1 -1 -1 -1 -1 -1 5 17 -1 -1 -1 -1 -1 -1 10 6 7 -1 -1 -1 11 -1 -1 -1 28 -1 -1 8 15 -1 -1 9 -1 -1 -1 -1 -1 -1 -1 -1 -1 -1 -1 24 25 -1 -1 -1 -1 23 -1 29 -1 -1 -1 27 -1 -1 -1 -1 18 -1 -1 -1 -1 -1 -1 -1 -1 -1 -1 -1 -1 -1 -1 -1 22 16 20 -1 -1 -1 -1 
-1 -1 2 3 4 -1 -1 -1 -1 -1 -1 -1 -1 5 17 -1 -1 -1 -1 -1 -1 10 6 7 -1 -1 -1 11 -1 -1 -1 28 -1 -1 8 15 -1 -1 9 -1 -1 -1 -1 -1 -1 -1 -1 -1 -1 -1 24 25 -1 -1 -1 -1 23 -1 29 -1 -1 -1 27 -1 -1 -1 16 18 -1 -1 -1 -1 -1 -1 -1 -1 -1 -1 -1 -1 -1 -1 -1 22 -1 20 -1 -1 -1 -1 
-1 -1 2 3 4 -1 -1 -1 -1 -1 -1 9 -1 5 17 -1 -1 -1 -1 -1 -1 10 6 7 -1 -1 -1 11 -1 -1 -1 28 -1 -1 8 15 -1 -1 -1 -1 -1 -1 -1 -1 -1 -1 -1 -1 -1 -1 24 25 -1 -1 -1 -1 23 -1 29 -1 -1 -1 27 -1 -1 -1 16 18 -1 -1 -1 -1 -1 -1 -1 -1 -1 -1 -1 -1 -1 -1 -1 22 -1 20 -1 -1 -1 -1 
-1 -1 2 3 4 -1 -1 17 -1 -1 -1 9 -1 5 -1 -1 -1 -1 -1 -1 -1 10 6 7 -1 -1 -1 11 -1 -1 -1 28 -1 -1 8 15 -1 -1 -1 -1 -1 -1 -1 -1 -1 -1 -1 -1 -1 -1 24 25 -1 -1 -1 -1 23 -1 29 -1 -1 -1 27 -1 -1 -1 16 18 -1 -1 -1 -1 -1 -1 -1 -1 -1 -1 -1 -1 -1 -1 -1 22 -1 20 -1 -1 -1 -1 
-1 -1 2 3 4 -1 -1 8 -1 -1 -1 9 -1 5 -1 -1 -1 -1 -1 -1 -1 10 6 7 -1 -1 -1 11 -1 -1 -1 28 -1 -1 -1 15 -1 -1 -1 -1 -1 -1 -1 -1 -1 -1 -1 -1 -1 -1 24 25 -1 -1 -1 -1 23 -1 29 -1 -1 -1 27 -1 -1 -1 16 18 -1 -1 -1 -1 -1 -1 -1 -1 -1 -1 -1 -1 -1 -1 -1 22 -1 20 -1 -1 -1 -1 
-1 -1 2 3 4 -1 -1 8 -1 -1 -1 9 -1 5 -1 -1 -1 -1 -1 -1 -1 10 6 7 -1 -1 -1 11 -1 -1 -1 28 -1 -1 -1 15 -1 -1 -1 -1 -1 -1 -1 -1 -1 -1 -1 -1 -1 -1 24 25 -1 -1 -1 -1 23 -1 29 -1 -1 -1 27 16 -1 -1 -1 18 -1 -1 -1 -1 -1 -1 -1 -1 -1 -1 -1 -1 -1 -1 -1 22 -1 20 -1 -1 -1 -1 
-1 -1 2 3 4 -1 -1 -1 -1 -1 -1 9 -1 5 -1 -1 -1 -1 -1 -1 -1 10 6 7 -1 -1 -1 11 -1 -1 -1 28 -1 -1 8 15 -1 -1 -1 -1 -1 -1 -1 -1 -1 -1 -1 -1 -1 -1 24 25 -1 -1 -1 -1 23 -1 29 -1 -1 -1 27 16 -1 -1 -1 18 -1 -1 -1 -1 -1 -1 -1 -1 -1 -1 -1 -1 -1 -1 -1 22 -1 20 -1 -1 -1 -1 
-1 -1 2 3 4 -1 -1 -1 -1 -1 -1 9 -1 5 -1 -1 -1 -1 -1 -1 -1 10 6 7 -1 -1 -1 11 -1 -1 -1 28 -1 -1 8 15 -1 -1 -1 23 -1 -1 -1 -1 -1 -1 -1 -1 -1 -1 24 25 -1 -1 -1 -1 -1 -1 29 -1 -1 -1 27 16 -1 -1 -1 18 -1 -1 -1 -1 -1 -1 -1 -1 -1 -1 -1 -1 -1 -1 -1 22 -1 20 -1 -1 -1 -1 
-1 -1 2 3 4 -1 -1 -1 -1 -1 -1 -1 -1 5 -1 -1 -1 -1 -1 -1 -1 10 6 7 -1 -1 -1 11 -1 -1 -1 28 -1 -1 8 15 -1 -1 9 23 -1 -1 -1 -1 -1 -1 -1 -1 -1 -1 24 25 -1 -1 -1 -1 -1 -1 29 -1 -1 -1 27 16 -1 -1 -1 18 -1 -1 -1 -1 -1 -1 -1 -1 -1 -1 -1 -1 -1 -1 -1 22 -1 20 -1 -1 -1 -1 
-1 -1 2 3 4 -1 -1 -1 -1 -1 -1 -1 -1 5 -1 -1 -1 -1 -1 -1 -1 10 6 7 -1 -1 -1 11 -1 -1 -1 28 -1 -1 8 15 -1 -1 9 -1 -1 -1 -1 -1 -1 -1 -1 -1 -1 -1 23 25 -1 -1 -1 -1 -1 -1 29 -1 -1 -1 27 16 -1 -1 -1 18 -1 -1 -1 -1 -1 -1 -1 -1 -1 -1 -1 -1 -1 -1 -1 22 -1 20 -1 -1 -1 -1 
-1 -1 2 3 4 -1 -1 -1 -1 -1 -1 -1 -1 5 -1 -1 -1 -1 -1 -1 -1 10 6 7 -1 -1 -1 11 -1 -1 -1 28 -1 -1 8 15 -1 -1 -1 -1 -1 9 -1 -1 -1 -1 -1 -1 -1 -1 23 25 -1 -1 -1 -1 -1 -1 29 -1 -1 -1 27 16 -1 -1 -1 18 -1 -1 -1 -1 -1 -1 -1 -1 -1 -1 -1 -1 -1 -1 -1 22 -1 20 -1 -1 -1 -1 
-1 -1 2 3 4 -1 -1 -1 -1 -1 -1 -1 -1 5 -1 -1 -1 -1 -1 -1 -1 10 6 7 -1 -1 -1 11 -1 -1 -1 28 -1 -1 8 15 -1 -1 -1 -1 -1 9 -1 -1 -1 -1 -1 -1 -1 -1 23 25 -1 -1 -1 -1 -1 -1 29 -1 -1 -1 27 16 -1 -1 -1 18 -1 -1 -1 -1 -1 -1 -1 -1 21 -1 -1 -1 -1 -1 -1 22 -1 20 -1 -1 -1 -1 
-1 -1 2 3 4 -1 -1 -1 -1 -1 -1 -1 -1 5 -1 -1 -1 -1 -1 -1 -1 10 6 7 -1 -1 -1 11 -1 -1 -1 28 -1 -1 8 -1 -1 -1 -1 -1 -1 9 -1 -1 15 -1 -1 -1 -1 -1 23 25 -1 -1 -1 -1 -1 -1 29 -1 -1 -1 27 16 -1 -1 -1 18 -1 -1 -1 -1 -1 -1 -1 -1 21 -1 -1 -1 -1 -1 -1 22 -1 20 -1 -1 -1 -1 
-1 -1 2 3 4 -1 -1 -1 -1 -1 -1 -1 -1 5 -1 -1 -1 -1 -1 -1 -1 10 6 7 -1 -1 -1 11 -1 -1 -1 28 -1 -1 8 -1 -1 -1 -1 -1 -1 9 -1 -1 15 -1 -1 -1 -1 -1 23 25 -1 -1 -1 -1 -1 -1 29 -1 -1 -1 27 -1 -1 -1 16 18 -1 -1 -1 -1 -1 -1 -1 -1 21 -1 -1 -1 -1 -1 -1 22 -1 20 -1 -1 -1 -1 
-1 -1 2 3 4 -1 -1 -1 -1 -1 -1 -1 -1 5 -1 -1 -1 -1 -1 -1 -1 10 6 -1 -1 -1 -1 11 -1 -1 -1 28 -1 -1 8 -1 -1 -1 -1 -1 -1 9 7 -1 15 -1 -1 -1 -1 -1 23 25 -1 -1 -1 -1 -1 -1 29 -1 -1 -1 27 -1 -1 -1 16 18 -1 -1 -1 -1 -1 -1 -1 -1 21 -1 -1 -1 -1 -1 -1 22 -1 20 -1 -1 -1 -1 
-1 -1 2 3 4 -1 -1 -1 -1 -1 -1 -1 -1 5 -1 -1 -1 -1 -1 -1 -1 10 6 -1 -1 -1 -1 11 -1 -1 -1 28 -1 -1 8 -1 -1 -1 -1 -1 -1 9 7 -1 15 -1 -1 -1 -1 -1 23 25 -1 -1 -1 -1 -1 -1 29 -1 -1 -1 27 -1 -1 -1 -1 18 -1 -1 -1 -1 -1 -1 -1 16 21 -1 -1 -1 -1 -1 -1 22 -1 20 -1 -1 -1 -1 
-1 -1 2 3 4 -1 -1 -1 -1 -1 -1 -1 -1 5 9 -1 -1 -1 -1 -1 -1 10 6 -1 -1 -1 -1 11 -1 -1 -1 28 -1 -1 8 -1 -1 -1 -1 -1 -1 -1 7 -1 15 -1 -1 -1 -1 -1 23 25 -1 -1 -1 -1 -1 -1 29 -1 -1 -1 27 -1 -1 -1 -1 18 -1 -1 -1 -1 -1 -1 -1 16 21 -1 -1 -1 -1 -1 -1 22 -1 20 -1 -1 -1 -1 
-1 -1 2 3 4 -1 -1 -1 -1 -1 -1 -1 -1 5 9 -1 -1 -1 -1 -1 -1 10 6 -1 -1 -1 -1 11 -1 -1 -1 28 -1 -1 8 -1 -1 -1 -1 -1 -1 -1 7 -1 15 -1 -1 -1 -1 29 23 25 -1 -1 -1 -1 -1 -1 -1 -1 -1 -1 27 -1 -1 -1 -1 18 -1 -1 -1 -1 -1 -1 -1 16 21 -1 -1 -1 -1 -1 -1 22 -1 20 -1 -1 -1 -1 
-1 -1 2 3 4 -1 -1 -1 -1 -1 -1 -1 -1 5 -1 -1 -1 9 -1 -1 -1 10 6 -1 -1 -1 -1 11 -1 -1 -1 28 -1 -1 8 -1 -1 -1 -1 -1 -1 -1 7 -1 15 -1 -1 -1 -1 29 23 25 -1 -1 -1 -1 -1 -1 -1 -1 -1 -1 27 -1 -1 -1 -1 18 -1 -1 -1 -1 -1 -1 -1 16 21 -1 -1 -1 -1 -1 -1 22 -1 20 -1 -1 -1 -1 
-1 -1 2 3 4 -1 -1 -1 -1 -1 -1 -1 -1 5 -1 -1 -1 9 -1 -1 -1 10 6 -1 -1 -1 -1 11 -1 -1 -1 28 -1 -1 8 -1 -1 -1 -1 -1 29 -1 7 -1 15 -1 -1 -1 -1 -1 23 25 -1 -1 -1 -1 -1 -1 -1 -1 -1 -1 27 -1 -1 -1 -1 18 -1 -1 -1 -1 -1 -1 -1 16 21 -1 -1 -1 -1 -1 -1 22 -1 20 -1 -1 -1 -1 
-1 -1 2 3 4 -1 -1 -1 -1 -1 -1 -1 -1 5 -1 -1 -1 9 -1 -1 -1 10 6 -1 -1 -1 -1 11 -1 -1 -1 -1 -1 -1 8 -1 -1 -1 -1 -1 13 -1 7 -1 15 -1 -1 -1 -1 -1 23 25 -1 -1 -1 -1 -1 -1 -1 -1 -1 -1 27 -1 -1 -1 -1 18 -1 -1 -1 -1 -1 -1 -1 16 21 -1 -1 -1 -1 -1 -1 22 -1 20 -1 -1 -1 -1 
-1 -1 2 3 4 -1 -1 -1 -1 -1 -1 -1 -1 5 -1 -1 -1 9 -1 -1 -1 10 6 -1 -1 -1 -1 11 -1 -1 -1 -1 -1 -1 8 -1 -1 -1 -1 -1 13 -1 7 -1 15 -1 -1 -1 -1 -1 23 25 -1 -1 -1 -1 -1 -1 -1 -1 -1 -1 27 -1 -1 -1 -1 18 -1 -1 -1 -1 -1 -1 -1 -1 16 -1 -1 -1 -1 -1 -1 22 -1 20 -1 -1 -1 -1 
-1 -1 2 3 4 -1 -1 -1 -1 -1 -1 -1 -1 5 -1 -1 -1 -1 -1 -1 -1 10 6 -1 -1 -1 -1 11 -1 -1 -1 -1 -1 -1 8 -1 -1 -1 -1 -1 13 -1 7 -1 15 -1 -1 -1 -1 -1 23 25 -1 -1 -1 -1 -1 -1 -1 -1 -1 -1 9 -1 -1 -1 -1 18 -1 -1 -1 -1 -1 -1 -1 -1 16 -1 -1 -1 -1 -1 -1 22 -1 20 -1 -1 -1 -1 
-1 -1 2 3 4 -1 -1 -1 -1 -1 -1 -1 -1 5 -1 -1 -1 -1 -1 -1 -1 10 6 -1 -1 -1 -1 11 -1 -1 -1 -1 -1 -1 8 -1 -1 -1 -1 -1 13 -1 7 -1 15 -1 -1 -1 -1 -1 23 25 -1 -1 -1 -1 -1 -1 -1 -1 -1 -1 9 -1 -1 -1 -1 18 -1 -1 -1 -1 -1 -1 -1 -1 -1 -1 -1 -1 -1 -1 -1 22 -1 20 -1 -1 -1 -1 
-1 -1 2 3 4 -1 -1 -1 -1 -1 -1 -1 -1 5 -1 -1 -1 -1 -1 -1 -1 10 6 -1 -1 -1 -1 11 -1 -1 -1 -1 -1 -1 8 -1 -1 -1 -1 -1 13 -1 7 -1 -1 -1 -1 -1 -1 -1 23 25 -1 15 -1 -1 -1 -1 -1 -1 -1 -1 9 -1 -1 -1 -1 18 -1 -1 -1 -1 -1 -1 -1 -1 -1 -1 -1 -1 -1 -1 -1 22 -1 20 -1 -1 -1 -1 
-1 -1 2 3 4 -1 -1 -1 -1 -1 -1 -1 -1 5 -1 -1 -1 -1 -1 -1 -1 10 6 -1 -1 -1 -1 11 -1 -1 -1 -1 -1 -1 8 -1 -1 -1 -1 -1 13 -1 7 -1 -1 -1 -1 -1 -1 -1 23 25 -1 15 -1 -1 -1 -1 -1 -1 -1 -1 9 -1 -1 -1 -1 -1 -1 -1 -1 -1 -1 -1 -1 -1 -1 -1 -1 -1 -1 -1 -1 22 -1 20 -1 18 -1 -1 
-1 -1 2 3 4 -1 -1 -1 -1 -1 -1 -1 -1 5 -1 -1 -1 -1 -1 -1 -1 10 6 -1 -1 -1 -1 11 -1 -1 -1 -1 -1 -1 8 -1 -1 -1 -1 -1 13 -1 7 -1 -1 -1 -1 -1 -1 -1 23 25 15 -1 -1 -1 -1 -1 -1 -1 -1 -1 9 -1 -1 -1 -1 -1 -1 -1 -1 -1 -1 -1 -1 -1 -1 -1 -1 -1 -1 -1 -1 22 -1 20 -1 18 -1 -1 
-1 -1 2 3 4 -1 -1 -1 -1 -1 -1 -1 -1 5 -1 -1 -1 -1 -1 -1 -1 10 6 -1 -1 -1 -1 11 -1 -1 -1 -1 -1 -1 8 -1 -1 -1 -1 -1 13 -1 7 -1 -1 -1 -1 -1 -1 -1 23 25 15 -1 -1 -1 -1 -1 -1 -1 -1 -1 9 -1 -1 -1 -1 -1 -1 -1 -1 -1 -1 -1 -1 -1 -1 -1 -1 -1 -1 -1 -1 22 -1 20 -1 18 -1 -1 
-1 -1 2 3 4 -1 -1 -1 -1 -1 -1 -1 -1 5 -1 -1 -1 -1 -1 -1 -1 10 6 -1 -1 -1 -1 11 -1 -1 -1 -1 -1 -1 8 -1 -1 -1 -1 -1 13 -1 7 -1 -1 -1 -1 -1 -1 -1 23 15 -1 -1 -1 -1 -1 -1 -1 -1 -1 -1 9 -1 -1 -1 -1 -1 -1 -1 -1 -1 -1 -1 -1 -1 -1 -1 -1 -1 -1 -1 -1 22 -1 20 -1 18 -1 -1 
-1 -1 2 3 4 -1 -1 -1 -1 -1 -1 -1 -1 5 -1 -1 -1 -1 -1 -1 -1 10 6 -1 -1 -1 -1 11 -1 -1 -1 -1 -1 -1 8 -1 -1 -1 -1 23 13 -1 7 -1 -1 -1 -1 -1 -1 -1 -1 15 -1 -1 -1 -1 -1 -1 -1 -1 -1 -1 9 -1 -1 -1 -1 -1 -1 -1 -1 -1 -1 -1 -1 -1 -1 -1 -1 -1 -1 -1 -1 22 -1 20 -1 18 -1 -1 
-1 -1 2 3 4 -1 -1 -1 -1 -1 -1 -1 -1 5 -1 -1 -1 -1 -1 -1 -1 10 6 -1 -1 -1 -1 11 -1 -1 8 -1 -1 -1 -1 -1 -1 -1 -1 23 13 -1 7 -1 -1 -1 -1 -1 -1 -1 -1 15 -1 -1 -1 -1 -1 -1 -1 -1 -1 -1 9 -1 -1 -1 -1 -1 -1 -1 -1 -1 -1 -1 -1 -1 -1 -1 -1 -1 -1 -1 -1 22 -1 20 -1 18 -1 -1 
-1 -1 2 3 4 -1 -1 -1 -1 -1 -1 -1 -1 5 -1 -1 -1 -1 -1 -1 -1 10 6 -1 -1 -1 -1 11 -1 -1 8 -1 -1 -1 -1 -1 -1 -1 -1 -1 13 -1 7 -1 -1 -1 -1 -1 -1 -1 -1 15 -1 -1 -1 -1 -1 -1 23 -1 -1 -1 9 -1 -1 -1 -1 -1 -1 -1 -1 -1 -1 -1 -1 -1 -1 -1 -1 -1 -1 -1 -1 22 -1 20 -1 18 -1 -1 
-1 -1 2 3 4 -1 -1 -1 -1 -1 -1 -1 -1 5 -1 -1 -1 -1 -1 -1 -1 10 6 -1 -1 -1 -1 11 -1 -1 8 -1 14 -1 -1 -1 -1 -1 -1 -1 13 -1 7 -1 -1 -1 -1 -1 -1 -1 -1 15 -1 -1 -1 -1 -1 -1 23 -1 -1 -1 9 -1 -1 -1 -1 -1 -1 -1 -1 -1 -1 -1 -1 -1 -1 -1 -1 -1 -1 -1 -1 22 -1 20 -1 18 -1 -1 
-1 -1 2 3 4 -1 -1 -1 -1 -1 -1 -1 -1 5 -1 -1 -1 -1 -1 -1 -1 10 6 -1 -1 -1 -1 11 -1 -1 8 -1 14 -1 -1 -1 -1 -1 -1 -1 13 -1 7 -1 -1 -1 -1 -1 -1 -1 -1 15 -1 -1 -1 -1 -1 -1 -1 -1 -1 -1 9 -1 -1 -1 -1 -1 -1 23 -1 -1 -1 -1 -1 -1 -1 -1 -1 -1 -1 -1 -1 22 -1 20 -1 18 -1 -1 
-1 -1 2 3 4 -1 -1 -1 -1 -1 -1 -1 -1 5 -1 -1 -1 -1 -1 -1 -1 10 6 -1 -1 -1 -1 11 -1 -1 8 -1 14 -1 -1 -1 -1 -1 -1 -1 13 -1 -1 -1 -1 -1 -1 -1 -1 -1 -1 15 -1 -1 -1 -1 -1 -1 -1 7 -1 -1 9 -1 -1 -1 -1 -1 -1 23 -1 -1 -1 -1 -1 -1 -1 -1 -1 -1 -1 -1 -1 22 -1 20 -1 18 -1 -1 
-1 -1 2 3 4 -1 -1 -1 -1 -1 -1 -1 -1 5 -1 -1 -1 -1 -1 -1 -1 10 6 -1 -1 -1 -1 11 -1 -1 8 -1 14 -1 -1 -1 -1 -1 -1 -1 13 -1 -1 -1 -1 -1 -1 -1 -1 -1 -1 15 -1 -1 -1 -1 -1 -1 -1 7 -1 -1 9 -1 -1 -1 -1 -1 -1 23 -1 -1 -1 -1 -1 -1 -1 -1 -1 -1 -1 -1 -1 22 -1 20 -1 18 -1 -1 
-1 -1 2 3 4 -1 -1 -1 -1 -1 -1 -1 -1 5 -1 -1 -1 -1 -1 -1 -1 10 6 -1 -1 -1 -1 11 -1 -1 -1 -1 14 8 -1 -1 -1 -1 -1 -1 13 -1 -1 -1 -1 -1 -1 -1 -1 -1 -1 15 -1 -1 -1 -1 -1 -1 -1 7 -1 -1 9 -1 -1 -1 -1 -1 -1 23 -1 -1 -1 -1 -1 -1 -1 -1 -1 -1 -1 -1 -1 22 -1 20 -1 18 -1 -1 
-1 -1 2 3 4 -1 -1 -1 -1 -1 -1 -1 -1 5 -1 -1 -1 -1 -1 -1 -1 10 6 -1 -1 -1 -1 11 -1 -1 -1 -1 14 8 -1 -1 -1 -1 -1 -1 13 -1 -1 -1 -1 -1 -1 -1 -1 -1 -1 15 -1 -1 -1 -1 -1 -1 23 7 -1 -1 9 -1 -1 -1 -1 -1 -1 -1 -1 -1 -1 -1 -1 -1 -1 -1 -1 -1 -1 -1 -1 22 -1 20 -1 18 -1 -1 
-1 -1 2 3 4 -1 -1 -1 -1 -1 -1 -1 -1 5 -1 -1 -1 -1 -1 -1 -1 10 6 -1 -1 -1 -1 11 -1 -1 -1 -1 14 -1 -1 -1 -1 -1 -1 -1 13 -1 -1 -1 -1 -1 -1 -1 -1 -1 -1 15 -1 -1 -1 -1 -1 -1 23 7 -1 -1 9 -1 -1 -1 -1 -1 -1 -1 -1 -1 -1 -1 -1 -1 -1 -1 -1 -1 -1 -1 -1 22 -1 20 -1 8 -1 -1 
-1 -1 2 3 4 -1 -1 -1 -1 -1 -1 -1 -1 5 -1 -1 -1 -1 -1 -1 -1 10 6 -1 -1 -1 -1 11 -1 -1 -1 -1 14 -1 -1 -1 -1 -1 -1 -1 13 -1 -1 -1 -1 -1 -1 -1 -1 -1 -1 15 -1 -1 -1 -1 -1 -1 23 7 -1 -1 9 -1 -1 -1 -1 -1 -1 -1 -1 -1 -1 -1 -1 -1 -1 -1 -1 -1 -1 -1 -1 22 -1 20 -1 8 -1 -1 
-1 -1 2 3 4 -1 -1 -1 -1 -1 -1 -1 -1 5 -1 -1 -1 -1 -1 -1 -1 10 6 -1 -1 -1 -1 11 -1 -1 -1 -1 14 -1 -1 -1 -1 -1 -1 -1 13 -1 8 -1 -1 -1 -1 -1 -1 -1 -1 15 -1 -1 -1 -1 -1 -1 23 7 -1 -1 9 -1 -1 -1 -1 -1 -1 -1 -1 -1 -1 -1 -1 -1 -1 -1 -1 -1 -1 -1 -1 22 -1 20 -1 -1 -1 -1 
-1 -1 2 3 4 -1 -1 -1 -1 -1 -1 -1 -1 5 -1 -1 -1 -1 -1 -1 -1 10 6 -1 -1 -1 -1 11 -1 -1 -1 -1 14 -1 -1 -1 -1 -1 -1 -1 13 -1 8 -1 -1 -1 -1 -1 -1 -1 -1 15 -1 -1 -1 -1 -1 -1 23 7 -1 -1 9 -1 -1 -1 -1 -1 -1 -1 -1 -1 -1 -1 -1 -1 -1 -1 -1 -1 -1 -1 -1 22 -1 20 -1 -1 -1 -1 
