0 1 2 3 4 5 6 7 8 -1 -1 -1 -1 -1 -1 -1 -1 -1 -1 9 -1 -1 -1 -1 -1 10 -1 11 -1 12 -1 28 -1 14 -1 15 -1 -1 -1 -1 -1 -1 -1 -1 -1 -1 -1 30 -1 -1 -1 -1 -1 -1 -1 -1 -1 -1 29 -1 -1 -1 27 -1 26 -1 -1 -1 -1 -1 25 -1 -1 -1 -1 -1 -1 -1 -1 -1 -1 24 23 22 21 20 19 18 17 16 
0 1 2 3 4 5 6 7 8 -1 -1 -1 -1 -1 -1 -1 -1 -1 -1 -1 9 -1 -1 -1 -1 10 -1 11 -1 12 -1 28 -1 14 -1 15 -1 -1 -1 -1 -1 -1 -1 -1 -1 -1 -1 30 -1 -1 -1 -1 -1 -1 -1 -1 -1 -1 29 -1 -1 -1 27 -1 26 -1 -1 -1 -1 -1 25 -1 -1 -1 -1 -1 -1 -1 -1 -1 -1 24 23 22 21 20 19 18 17 16 
0 1 2 3 4 5 6 7 8 -1 -1 -1 -1 -1 -1 -1 -1 -1 -1 -1 9 -1 -1 -1 -1 10 -1 11 -1 12 -1 28 -1 14 -1 15 -1 -1 -1 -1 -1 -1 -1 -1 -1 -1 -1 30 -1 -1 -1 -1 -1 -1 -1 -1 -1 -1 29 -1 -1 -1 27 -1 26 -1 -1 25 -1 -1 -1 -1 -1 -1 -1 -1 -1 -1 -1 -1 -1 24 23 22 21 20 19 18 17 16 
0 1 2 3 4 5 6 -1 8 -1 -1 -1 -1 -1 -1 -1 -1 -1 -1 -1 9 -1 -1 -1 7 10 -1 11 -1 12 -1 28 -1 14 -1 15 -1 -1 -1 -1 -1 -1 -1 -1 -1 -1 -1 30 -1 -1 -1 -1 -1 -1 -1 -1 -1 -1 29 -1 -1 -1 27 -1 26 -1 -1 25 -1 -1 -1 -1 -1 -1 -1 -1 -1 -1 -1 -1 -1 24 23 22 21 20 19 18 17 16 
0 1 2 3 4 5 6 -1 8 -1 -1 -1 -1 -1 -1 -1 -1 -1 -1 -1 9 -1 -1 -1 7 10 -1 11 -1 12 -1 28 -1 14 -1 15 -1 -1 -1 -1 -1 -1 -1 -1 -1 -1 -1 30 -1 -1 -1 -1 -1 -1 -1 -1 -1 -1 29 -1 -1 -1 27 -1 26 -1 -1 25 -1 17 -1 -1 -1 -1 -1 -1 -1 -1 -1 -1 -1 24 23 22 21 20 19 18 -1 16 
0 1 2 3 4 5 6 -1 -1 -1 -1 -1 -1 -1 -1 -1 -1 8 -1 -1 9 -1 -1 -1 7 10 -1 11 -1 12 -1 28 -1 14 -1 15 -1 -1 -1 -1 -1 -1 -1 -1 -1 -1 -1 30 -1 -1 -1 -1 -1 -1 -1 -1 -1 -1 29 -1 -1 -1 27 -1 26 -1 -1 25 -1 17 -1 -1 -1 -1 -1 -1 -1 -1 -1 -1 -1 24 23 22 21 20 19 18 -1 16 
0 1 2 3 4 5 6 -1 -1 -1 -1 -1 -1 -1 -1 -1 -1 8 -1 -1 9 -1 -1 -1 7 10 -1 11 -1 12 -1 28 -1 14 -1 15 -1 -1 -1 -1 -1 -1 -1 -1 -1 -1 -1 30 -1 -1 -1 -1 -1 -1 -1 -1 -1 -1 29 -1 -1 -1 27 -1 26 -1 -1 25 -1 17 -1 -1 -1 -1 -1 -1 -1 -1 -1 -1 -1 24 23 22 21 20 19 18 16 -1 
0 1 2 3 4 5 6 -1 -1 -1 8 -1 -1 -1 -1 -1 -1 -1 -1 -1 9 -1 -1 -1 7 10 -1 11 -1 12 -1 28 -1 14 -1 15 -1 -1 -1 -1 -1 -1 -1 -1 -1 -1 -1 30 -1 -1 -1 -1 -1 -1 -1 -1 -1 -1 29 -1 -1 -1 27 -1 26 -1 -1 25 -1 17 -1 -1 -1 -1 -1 -1 -1 -1 -1 -1 -1 24 23 22 21 20 19 18 16 -1 
0 1 2 3 4 5 6 -1 -1 -1 8 -1 -1 -1 -1 -1 -1 -1 -1 -1 9 -1 -1 -1 7 10 -1 11 -1 12 -1 28 -1 14 -1 15 -1 -1 -1 -1 -1 -1 -1 -1 -1 -1 -1 30 -1 -1 -1 -1 -1 -1 -1 -1 -1 -1 29 -1 -1 -1 27 -1 26 23 -1 25 -1 17 -1 -1 -1 -1 -1 -1 -1 -1 -1 -1 -1 24 -1 22 21 20 19 18 16 -1 
0 1 2 3 4 5 6 -1 -1 -1 8 -1 -1 -1 -1 -1 -1 -1 -1 -1 9 -1 -1 -1 7 -1 10 11 -1 12 -1 28 -1 14 -1 15 -1 -1 -1 -1 -1 -1 -1 -1 -1 -1 -1 30 -1 -1 -1 -1 -1 -1 -1 -1 -1 -1 29 -1 -1 -1 27 -1 26 23 -1 25 -1 17 -1 -1 -1 -1 -1 -1 -1 -1 -1 -1 -1 24 -1 22 21 20 19 18 16 -1 
0 1 2 3 4 5 6 -1 -1 -1 8 -1 -1 -1 -1 -1 -1 -1 -1 -1 9 -1 -1 -1 7 -1 10 11 -1 12 -1 28 -1 14 -1 15 -1 -1 -1 -1 -1 -1 -1 -1 -1 -1 -1 30 -1 -1 -1 -1 -1 -1 -1 -1 -1 -1 29 -1 -1 -1 27 26 -1 23 -1 25 -1 17 -1 -1 -1 -1 -1 -1 -1 -1 -1 -1 -1 24 -1 22 21 20 19 18 16 -1 
0 1 -1 3 4 5 6 -1 -1 -1 8 -1 -1 -1 -1 -1 -1 -1 -1 -1 9 -1 2 -1 7 -1 10 11 -1 12 -1 28 -1 14 -1 15 -1 -1 -1 -1 -1 -1 -1 -1 -1 -1 -1 30 -1 -1 -1 -1 -1 -1 -1 -1 -1 -1 29 -1 -1 -1 27 26 -1 23 -1 25 -1 17 -1 -1 -1 -1 -1 -1 -1 -1 -1 -1 -1 24 -1 22 21 20 19 18 16 -1 
0 1 -1 3 4 5 6 -1 -1 -1 8 -1 -1 -1 -1 -1 -1 -1 -1 -1 9 -1 2 -1 7 -1 10 11 -1 12 -1 28 -1 14 -1 15 -1 -1 -1 -1 -1 -1 -1 -1 -1 -1 -1 30 23 -1 -1 -1 -1 -1 -1 -1 -1 -1 29 -1 -1 -1 27 26 -1 -1 -1 25 -1 17 -1 -1 -1 -1 -1 -1 -1 -1 -1 -1 -1 24 -1 22 21 20 19 18 16 -1 
0 -1 -1 3 4 5 6 -1 -1 -1 8 -1 1 -1 -1 -1 -1 -1 -1 -1 9 -1 2 -1 7 -1 10 11 -1 12 -1 28 -1 14 -1 15 -1 -1 -1 -1 -1 -1 -1 -1 -1 -1 -1 30 23 -1 -1 -1 -1 -1 -1 -1 -1 -1 29 -1 -1 -1 27 26 -1 -1 -1 25 -1 17 -1 -1 -1 -1 -1 -1 -1 -1 -1 -1 -1 24 -1 22 21 20 19 18 16 -1 
0 -1 -1 3 4 5 6 -1 -1 -1 8 -1 1 -1 -1 -1 -1 -1 -1 -1 9 -1 2 -1 7 -1 10 11 -1 12 -1 28 -1 14 -1 15 -1 -1 -1 -1 -1 -1 -1 -1 -1 -1 -1 30 23 -1 -1 -1 -1 -1 -1 -1 -1 -1 29 -1 -1 -1 27 -1 -1 -1 26 25 -1 17 -1 -1 -1 -1 -1 -1 -1 -1 -1 -1 -1 24 -1 22 21 20 19 18 16 -1 
-1 -1 -1 3 4 5 6 -1 -1 0 8 -1 1 -1 -1 -1 -1 -1 -1 -1 9 -1 2 -1 7 -1 10 11 -1 12 -1 28 -1 14 -1 15 -1 -1 -1 -1 -1 -1 -1 -1 -1 -1 -1 30 23 -1 -1 -1 -1 -1 -1 -1 -1 -1 29 -1 -1 -1 27 -1 -1 -1 26 25 -1 17 -1 -1 -1 -1 -1 -1 -1 -1 -1 -1 -1 24 -1 22 21 20 19 18 16 -1 
-1 -1 -1 3 4 5 6 -1 -1 0 8 -1 1 -1 -1 -1 -1 -1 -1 -1 9 -1 2 -1 7 -1 10 11 -1 12 -1 28 -1 14 -1 15 -1 -1 -1 -1 -1 -1 -1 -1 -1 -1 -1 30 23 -1 -1 -1 -1 -1 -1 -1 -1 -1 29 -1 -1 -1 27 -1 -1 -1 26 25 -1 17 -1 -1 -1 -1 -1 -1 21 -1 -1 -1 -1 24 -1 22 -1 20 19 18 16 -1 
-1 -1 -1 3 4 5 6 -1 -1 0 -1 -1 1 -1 -1 -1 -1 -1 -1 -1 9 -1 2 -1 7 -1 10 11 -1 12 -1 28 -1 14 -1 15 -1 -1 -1 -1 -1 -1 -1 -1 -1 -1 8 30 23 -1 -1 -1 -1 -1 -1 -1 -1 -1 29 -1 -1 -1 27 -1 -1 -1 26 25 -1 17 -1 -1 -1 -1 -1 -1 21 -1 -1 -1 -1 24 -1 22 -1 20 19 18 16 -1 
-1 -1 -1 3 4 5 6 -1 -1 0 -1 -1 1 -1 -1 -1 -1 -1 -1 -1 9 -1 2 -1 7 -1 10 11 -1 12 -1 28 -1 14 -1 15 -1 -1 -1 -1 -1 -1 -1 -1 -1 -1 8 30 23 -1 -1 -1 16 -1 -1 -1 -1 -1 29 -1 -1 -1 27 -1 -1 -1 26 25 -1 17 -1 -1 -1 -1 -1 -1 21 -1 -1 -1 -1 24 -1 22 -1 20 19 18 -1 -1 
-1 -1 -1 3 4 5 6 -1 -1 0 -1 -1 1 -1 -1 -1 -1 -1 -1 -1 9 -1 2 -1 7 -1 10 11 -1 12 -1 28 -1 -1 -1 15 -1 -1 -1 -1 -1 -1 14 -1 -1 -1 8 30 23 -1 -1 -1 16 -1 -1 -1 -1 -1 29 -1 -1 -1 27 -1 -1 -1 26 25 -1 17 -1 -1 -1 -1 -1 -1 21 -1 -1 -1 -1 24 -1 22 -1 20 19 18 -1 -1 
-1 -1 -1 3 4 5 6 -1 -1 0 -1 -1 1 -1 -1 -1 -1 -1 -1 -1 9 -1 2 -1 7 -1 10 11 -1 12 -1 28 -1 -1 -1 15 -1 -1 -1 -1 -1 -1 14 -1 -1 -1 8 30 23 -1 -1 -1 16 -1 -1 -1 -1 -1 29 -1 -1 -1 27 -1 -1 -1 -1 25 -1 17 -1 -1 -1 -1 -1 -1 21 -1 -1 -1 -1 24 -1 22 26 20 19 18 -1 -1 
-1 -1 -1 3 4 5 6 -1 -1 0 -1 -1 1 -1 -1 -1 -1 -1 -1 -1 9 -1 2 -1 7 -1 10 11 -1 12 -1 28 -1 -1 -1 15 -1 -1 -1 -1 -1 -1 14 -1 -1 -1 -1 8 23 -1 -1 -1 16 -1 -1 -1 -1 -1 29 -1 -1 -1 27 -1 -1 -1 -1 25 -1 17 -1 -1 -1 -1 -1 -1 21 -1 -1 -1 -1 24 -1 22 26 20 19 18 -1 -1 
-1 -1 -1 3 4 5 6 -1 -1 0 -1 -1 1 -1 -1 -1 -1 -1 -1 -1 9 -1 2 -1 7 -1 10 11 -1 12 -1 28 -1 -1 -1 15 -1 -1 -1 -1 -1 -1 14 -1 -1 -1 -1 8 23 -1 16 -1 -1 -1 -1 -1 -1 -1 29 -1 -1 -1 27 -1 -1 -1 -1 25 -1 17 -1 -1 -1 -1 -1 -1 21 -1 -1 -1 -1 24 -1 22 26 20 19 18 -1 -1 
-1 -1 -1 3 4 5 6 -1 -1 -1 0 -1 1 -1 -1 -1 -1 -1 -1 -1 9 -1 2 -1 7 -1 10 11 -1 12 -1 28 -1 -1 -1 15 -1 -1 -1 -1 -1 -1 14 -1 -1 -1 -1 8 23 -1 16 -1 -1 -1 -1 -1 -1 -1 29 -1 -1 -1 27 -1 -1 -1 -1 25 -1 17 -1 -1 -1 -1 -1 -1 21 -1 -1 -1 -1 24 -1 22 26 20 19 18 -1 -1 
-1 -1 -1 3 4 5 6 -1 -1 -1 0 -1 1 -1 -1 -1 -1 -1 -1 -1 9 -1 2 -1 7 -1 10 11 -1 12 -1 28 -1 -1 -1 15 -1 -1 -1 -1 -1 -1 14 -1 -1 -1 -1 8 23 -1 16 -1 -1 -1 -1 -1 -1 -1 29 -1 -1 -1 27 -1 -1 -1 25 -1 -1 17 -1 -1 -1 -1 -1 -1 21 -1 -1 -1 -1 24 -1 22 26 20 19 18 -1 -1 
-1 -1 -1 3 4 5 6 -1 -1 -1 0 -1 1 -1 -1 -1 -1 -1 -1 -1 9 -1 2 -1 7 -1 10 11 -1 12 -1 28 -1 -1 -1 15 -1 -1 -1 -1 -1 -1 14 -1 -1 -1 -1 -1 23 -1 16 -1 -1 -1 -1 -1 -1 -1 29 -1 -1 -1 27 -1 -1 -1 25 -1 -1 17 -1 -1 -1 -1 -1 -1 21 -1 -1 -1 -1 24 -1 8 26 20 19 18 -1 -1 
-1 -1 -1 3 4 5 6 -1 -1 -1 0 -1 1 -1 -1 -1 -1 -1 -1 -1 9 -1 2 -1 7 -1 10 11 -1 12 -1 28 -1 -1 -1 15 -1 -1 -1 -1 -1 -1 14 -1 -1 -1 -1 -1 23 -1 16 -1 -1 -1 -1 -1 -1 -1 29 -1 -1 -1 27 24 -1 -1 25 -1 -1 17 -1 -1 -1 -1 -1 -1 21 -1 -1 -1 -1 -1 -1 8 26 20 19 18 -1 -1 
-1 1 -1 3 4 5 6 -1 -1 -1 0 -1 -1 -1 -1 -1 -1 -1 -1 -1 9 -1 2 -1 7 -1 10 11 -1 12 -1 28 -1 -1 -1 15 -1 -1 -1 -1 -1 -1 14 -1 -1 -1 -1 -1 23 -1 16 -1 -1 -1 -1 -1 -1 -1 29 -1 -1 -1 27 24 -1 -1 25 -1 -1 17 -1 -1 -1 -1 -1 -1 21 -1 -1 -1 -1 -1 -1 8 26 20 19 18 -1 -1 
-1 1 -1 3 4 5 6 -1 -1 -1 0 -1 -1 -1 -1 -1 -1 -1 -1 -1 9 -1 2 -1 7 -1 10 11 -1 12 -1 28 -1 -1 -1 15 -1 -1 -1 -1 -1 -1 14 -1 -1 -1 -1 -1 23 -1 16 -1 -1 -1 -1 -1 -1 -1 29 -1 -1 -1 27 24 -1 -1 25 18 -1 17 -1 -1 -1 -1 -1 -1 21 -1 -1 -1 -1 -1 -1 8 26 20 19 -1 -1 -1 
-1 1 -1 3 4 5 6 -1 -1 -1 0 -1 -1 -1 -1 -1 -1 -1 -1 -1 9 -1 2 -1 7 -1 10 11 -1 12 -1 28 -1 -1 -1 15 -1 -1 -1 -1 -1 -1 14 -1 -1 -1 -1 -1 23 -1 16 -1 -1 -1 -1 -1 -1 -1 29 -1 -1 -1 27 24 -1 -1 25 18 -1 17 -1 -1 -1 -1 -1 -1 21 -1 -1 -1 -1 -1 8 -1 26 20 19 -1 -1 -1 
-1 1 -1 3 4 5 6 -1 -1 -1 0 -1 -1 -1 -1 -1 -1 -1 -1 -1 9 -1 2 -1 7 -1 10 11 -1 12 -1 28 -1 -1 -1 15 -1 -1 -1 -1 -1 -1 14 -1 -1 -1 -1 -1 23 -1 16 -1 -1 -1 -1 -1 -1 -1 29 -1 -1 -1 27 24 -1 25 -1 18 -1 17 -1 -1 -1 -1 -1 -1 21 -1 -1 -1 -1 -1 8 -1 26 20 19 -1 -1 -1 
-1 1 -1 3 4 5 6 -1 -1 -1 -1 -1 -1 -1 -1 -1 -1 -1 -1 -1 9 -1 2 -1 7 -1 10 11 -1 12 -1 28 -1 -1 -1 15 -1 -1 -1 -1 -1 -1 14 -1 -1 -1 0 -1 23 -1 16 -1 -1 -1 -1 -1 -1 -1 29 -1 -1 -1 27 24 -1 25 -1 18 -1 17 -1 -1 -1 -1 -1 -1 21 -1 -1 -1 -1 -1 8 -1 26 20 19 -1 -1 -1 
-1 1 -1 3 4 5 6 -1 -1 -1 -1 -1 -1 -1 -1 -1 -1 -1 -1 -1 25 -1 2 -1 7 -1 10 11 -1 12 -1 28 -1 -1 -1 15 -1 -1 -1 -1 -1 -1 14 -1 -1 -1 0 -1 23 -1 16 -1 -1 -1 -1 -1 -1 -1 29 -1 -1 -1 27 24 -1 -1 -1 18 -1 17 -1 -1 -1 -1 -1 -1 21 -1 -1 -1 -1 -1 8 -1 26 20 19 -1 -1 -1 
-1 -1 -1 3 4 5 6 -1 -1 -1 -1 -1 -1 -1 -1 -1 -1 -1 -1 -1 1 -1 2 -1 7 -1 10 11 -1 12 -1 28 -1 -1 -1 15 -1 -1 -1 -1 -1 -1 14 -1 -1 -1 0 -1 23 -1 16 -1 -1 -1 -1 -1 -1 -1 29 -1 -1 -1 27 24 -1 -1 -1 18 -1 17 -1 -1 -1 -1 -1 -1 21 -1 -1 -1 -1 -1 8 -1 26 20 19 -1 -1 -1 
-1 -1 -1 3 4 5 6 -1 -1 -1 -1 -1 -1 -1 -1 -1 -1 -1 -1 -1 1 -1 2 -1 7 -1 10 11 -1 12 -1 28 -1 -1 -1 15 -1 -1 -1 -1 -1 -1 14 -1 -1 -1 0 -1 23 -1 16 28 -1 -1 -1 -1 -1 -1 29 -1 -1 -1 27 24 -1 -1 -1 18 -1 17 -1 -1 -1 -1 -1 -1 21 -1 -1 -1 -1 -1 8 -1 26 20 19 -1 -1 -1 
-1 -1 -1 3 4 5 6 -1 -1 -1 -1 -1 -1 -1 -1 -1 -1 -1 -1 -1 1 -1 2 -1 -1 -1 10 11 -1 12 -1 28 -1 -1 -1 15 -1 -1 -1 -1 -1 -1 14 7 -1 -1 0 -1 23 -1 16 28 -1 -1 -1 -1 -1 -1 29 -1 -1 -1 27 24 -1 -1 -1 18 -1 17 -1 -1 -1 -1 -1 -1 21 -1 -1 -1 -1 -1 8 -1 26 20 19 -1 -1 -1 
-1 -1 -1 3 4 5 6 -1 -1 -1 -1 -1 -1 -1 -1 -1 -1 -1 -1 -1 1 -1 2 -1 -1 -1 10 11 -1 12 -1 28 -1 -1 -1 15 -1 -1 -1 -1 -1 -1 28 7 -1 -1 0 -1 23 -1 16 -1 -1 -1 -1 -1 -1 -1 29 -1 -1 -1 27 24 -1 -1 -1 18 -1 17 -1 -1 -1 -1 -1 -1 21 -1 -1 -1 -1 -1 8 -1 26 20 19 -1 -1 -1 
-1 -1 -1 3 4 5 6 -1 -1 -1 -1 -1 -1 -1 -1 -1 -1 -1 -1 -1 1 -1 2 -1 -1 -1 10 11 -1 12 -1 28 -1 -1 -1 15 -1 -1 -1 -1 -1 -1 28 -1 -1 -1 0 -1 23 -1 16 -1 -1 -1 -1 -1 -1 -1 29 -1 -1 -1 7 24 -1 -1 -1 18 -1 17 -1 -1 -1 -1 -1 -1 21 -1 -1 -1 -1 -1 8 -1 26 20 19 -1 -1 -1 
-1 -1 -1 3 4 5 6 -1 -1 -1 -1 -1 -1 -1 -1 -1 -1 -1 -1 -1 1 -1 2 -1 -1 -1 10 11 -1 12 -1 28 -1 -1 -1 15 -1 -1 -1 -1 -1 -1 28 -1 -1 -1 0 -1 23 -1 16 -1 17 -1 -1 -1 -1 -1 29 -1 -1 -1 7 24 -1 -1 -1 18 -1 -1 -1 -1 -1 -1 -1 -1 21 -1 -1 -1 -1 -1 8 -1 26 20 19 -1 -1 -1 
-1 -1 -1 3 4 5 6 -1 -1 -1 -1 -1 -1 -1 -1 -1 -1 -1 -1 -1 1 -1 -1 -1 -1 -1 10 11 -1 12 -1 28 -1 -1 -1 15 -1 -1 -1 -1 -1 -1 2 -1 -1 -1 0 -1 23 -1 16 -1 17 -1 -1 -1 -1 -1 29 -1 -1 -1 7 24 -1 -1 -1 18 -1 -1 -1 -1 -1 -1 -1 -1 21 -1 -1 -1 -1 -1 8 -1 26 20 19 -1 -1 -1 
-1 -1 -1 3 4 5 6 -1 -1 -1 -1 -1 -1 -1 -1 -1 -1 -1 -1 -1 1 -1 -1 -1 -1 -1 10 11 -1 12 -1 28 -1 -1 -1 15 -1 -1 -1 -1 -1 -1 2 -1 -1 -1 0 -1 23 -1 16 -1 17 -1 -1 -1 -1 -1 29 -1 -1 -1 7 -1 -1 24 -1 18 -1 -1 -1 -1 -1 -1 -1 -1 21 -1 -1 -1 -1 -1 8 -1 26 20 19 -1 -1 -1 
-1 -1 -1 3 4 5 6 -1 -1 -1 -1 -1 -1 -1 -1 -1 -1 -1 -1 -1 1 -1 -1 -1 -1 -1 10 11 -1 -1 -1 28 -1 -1 -1 15 -1 -1 12 -1 -1 -1 2 -1 -1 -1 0 -1 23 -1 16 -1 17 -1 -1 -1 -1 -1 29 -1 -1 -1 7 -1 -1 24 -1 18 -1 -1 -1 -1 -1 -1 -1 -1 21 -1 -1 -1 -1 -1 8 -1 26 20 19 -1 -1 -1 
-1 -1 -1 3 4 5 6 -1 -1 -1 -1 -1 -1 -1 -1 -1 -1 -1 -1 -1 1 -1 -1 -1 -1 -1 10 11 -1 -1 -1 28 -1 -1 -1 15 -1 -1 24 -1 -1 -1 2 -1 -1 -1 0 -1 23 -1 16 -1 17 -1 -1 -1 -1 -1 29 -1 -1 -1 7 -1 -1 -1 -1 18 -1 -1 -1 -1 -1 -1 -1 -1 21 -1 -1 -1 -1 -1 8 -1 26 20 19 -1 -1 -1 
-1 -1 -1 3 4 5 6 -1 -1 -1 -1 -1 -1 -1 -1 -1 -1 -1 -1 -1 1 -1 2 -1 -1 -1 10 11 -1 -1 -1 28 -1 -1 -1 15 -1 -1 24 -1 -1 -1 -1 -1 -1 -1 0 -1 23 -1 16 -1 17 -1 -1 -1 -1 -1 29 -1 -1 -1 7 -1 -1 -1 -1 18 -1 -1 -1 -1 -1 -1 -1 -1 21 -1 -1 -1 -1 -1 8 -1 26 20 19 -1 -1 -1 
-1 -1 -1 3 4 5 6 -1 -1 -1 -1 -1 -1 -1 -1 -1 -1 -1 -1 -1 1 -1 2 -1 -1 -1 10 11 -1 24 -1 28 -1 -1 -1 15 -1 -1 -1 -1 -1 -1 -1 -1 -1 -1 0 -1 23 -1 16 -1 17 -1 -1 -1 -1 -1 29 -1 -1 -1 7 -1 -1 -1 -1 18 -1 -1 -1 -1 -1 -1 -1 -1 21 -1 -1 -1 -1 -1 8 -1 26 20 19 -1 -1 -1 
-1 -1 -1 3 4 5 6 -1 -1 -1 -1 -1 -1 -1 -1 -1 -1 -1 -1 -1 1 -1 2 -1 -1 -1 10 11 -1 24 -1 28 -1 -1 -1 15 -1 -1 -1 -1 -1 -1 -1 7 -1 -1 0 -1 23 -1 16 -1 17 -1 -1 -1 -1 -1 29 -1 -1 -1 -1 -1 -1 -1 -1 18 -1 -1 -1 -1 -1 -1 -1 -1 21 -1 -1 -1 -1 -1 8 -1 26 20 19 -1 -1 -1 
-1 -1 -1 3 4 5 6 -1 -1 -1 -1 -1 -1 -1 -1 -1 -1 -1 -1 -1 1 -1 2 -1 -1 -1 10 11 -1 24 -1 28 -1 -1 -1 15 -1 -1 -1 -1 -1 16 -1 7 -1 -1 0 -1 23 -1 -1 -1 17 -1 -1 -1 -1 -1 29 -1 -1 -1 -1 -1 -1 -1 -1 18 -1 -1 -1 -1 -1 -1 -1 -1 21 -1 -1 -1 -1 -1 8 -1 26 20 19 -1 -1 -1 
-1 -1 -1 3 4 5 6 -1 -1 -1 -1 -1 -1 -1 -1 -1 -1 -1 -1 -1 1 -1 2 -1 -1 -1 10 11 -1 24 -1 28 -1 -1 -1 15 -1 -1 -1 -1 -1 16 -1 7 -1 -1 -1 -1 0 -1 -1 -1 17 -1 -1 -1 -1 -1 29 -1 -1 -1 -1 -1 -1 -1 -1 18 -1 -1 -1 -1 -1 -1 -1 -1 21 -1 -1 -1 -1 -1 8 -1 26 20 19 -1 -1 -1 
-1 -1 -1 3 4 5 6 -1 -1 -1 -1 -1 -1 -1 -1 -1 -1 -1 -1 -1 1 -1 2 -1 -1 -1 10 11 -1 24 -1 28 -1 -1 -1 15 -1 -1 -1 -1 -1 -1 -1 16 -1 -1 -1 -1 0 -1 -1 -1 17 -1 -1 -1 -1 -1 29 -1 -1 -1 -1 -1 -1 -1 -1 18 -1 -1 -1 -1 -1 -1 -1 -1 21 -1 -1 -1 -1 -1 8 -1 26 20 19 -1 -1 -1 
-1 -1 -1 3 4 5 6 -1 -1 -1 -1 -1 -1 -1 -1 -1 -1 -1 -1 -1 1 -1 2 10 -1 -1 -1 11 -1 24 -1 28 -1 -1 -1 15 -1 -1 -1 -1 -1 -1 -1 16 -1 -1 -1 -1 0 -1 -1 -1 17 -1 -1 -1 -1 -1 29 -1 -1 -1 -1 -1 -1 -1 -1 18 -1 -1 -1 -1 -1 -1 -1 -1 21 -1 -1 -1 -1 -1 8 -1 26 20 19 -1 -1 -1 
-1 -1 -1 3 4 5 6 -1 -1 -1 -1 -1 -1 -1 -1 -1 -1 -1 -1 -1 1 -1 2 10 -1 16 -1 11 -1 24 -1 28 -1 -1 -1 15 -1 -1 -1 -1 -1 -1 -1 -1 -1 -1 -1 -1 0 -1 -1 -1 17 -1 -1 -1 -1 -1 29 -1 -1 -1 -1 -1 -1 -1 -1 18 -1 -1 -1 -1 -1 -1 -1 -1 21 -1 -1 -1 -1 -1 8 -1 26 20 19 -1 -1 -1 
-1 -1 -1 3 4 -1 6 -1 -1 -1 -1 -1 -1 5 -1 -1 -1 -1 -1 -1 1 -1 2 10 -1 16 -1 11 -1 24 -1 28 -1 -1 -1 15 -1 -1 -1 -1 -1 -1 -1 -1 -1 -1 -1 -1 0 -1 -1 -1 17 -1 -1 -1 -1 -1 29 -1 -1 -1 -1 -1 -1 -1 -1 18 -1 -1 -1 -1 -1 -1 -1 -1 21 -1 -1 -1 -1 -1 8 -1 26 20 19 -1 -1 -1 
-1 -1 -1 3 4 -1 6 -1 -1 -1 -1 -1 -1 5 -1 -1 -1 -1 -1 -1 1 -1 2 10 -1 16 -1 11 -1 24 -1 28 -1 -1 -1 15 -1 -1 -1 -1 -1 17 -1 -1 -1 -1 -1 -1 0 -1 -1 -1 -1 -1 -1 -1 -1 -1 29 -1 -1 -1 -1 -1 -1 -1 -1 18 -1 -1 -1 -1 -1 -1 -1 -1 21 -1 -1 -1 -1 -1 8 -1 26 20 19 -1 -1 -1 
-1 -1 -1 3 4 -1 6 -1 -1 -1 -1 -1 -1 5 -1 -1 -1 -1 -1 -1 1 -1 2 10 -1 16 -1 11 -1 24 -1 28 -1 -1 -1 15 -1 -1 -1 0 -1 17 -1 -1 -1 -1 -1 -1 -1 -1 -1 -1 -1 -1 -1 -1 -1 -1 29 -1 -1 -1 -1 -1 -1 -1 -1 18 -1 -1 -1 -1 -1 -1 -1 -1 21 -1 -1 -1 -1 -1 8 -1 26 20 19 -1 -1 -1 
-1 -1 -1 3 4 -1 6 -1 -1 -1 -1 -1 -1 5 -1 -1 -1 -1 -1 -1 1 -1 2 10 -1 16 -1 11 -1 24 -1 28 -1 -1 17 15 -1 -1 -1 0 -1 -1 -1 -1 -1 -1 -1 -1 -1 -1 -1 -1 -1 -1 -1 -1 -1 -1 29 -1 -1 -1 -1 -1 -1 -1 -1 18 -1 -1 -1 -1 -1 -1 -1 -1 21 -1 -1 -1 -1 -1 8 -1 26 20 19 -1 -1 -1 
-1 -1 -1 3 4 -1 6 -1 -1 -1 -1 -1 -1 5 -1 -1 -1 -1 -1 -1 1 -1 2 10 -1 16 -1 11 -1 24 -1 28 -1 -1 17 15 -1 -1 0 -1 -1 -1 -1 -1 -1 -1 -1 -1 -1 -1 -1 -1 -1 -1 -1 -1 -1 -1 29 -1 -1 -1 -1 -1 -1 -1 -1 18 -1 -1 -1 -1 -1 -1 -1 -1 21 -1 -1 -1 -1 -1 8 -1 26 20 19 -1 -1 -1 
-1 -1 -1 3 4 -1 6 -1 -1 -1 -1 -1 -1 5 -1 -1 -1 -1 -1 -1 1 -1 2 10 -1 16 -1 11 -1 -1 24 28 -1 -1 17 15 -1 -1 0 -1 -1 -1 -1 -1 -1 -1 -1 -1 -1 -1 -1 -1 -1 -1 -1 -1 -1 -1 29 -1 -1 -1 -1 -1 -1 -1 -1 18 -1 -1 -1 -1 -1 -1 -1 -1 21 -1 -1 -1 -1 -1 8 -1 26 20 19 -1 -1 -1 
-1 -1 -1 3 4 -1 6 -1 -1 -1 -1 -1 -1 5 -1 -1 -1 -1 -1 -1 1 -1 2 -1 -1 16 -1 11 -1 -1 24 28 10 -1 17 15 -1 -1 0 -1 -1 -1 -1 -1 -1 -1 -1 -1 -1 -1 -1 -1 -1 -1 -1 -1 -1 -1 29 -1 -1 -1 -1 -1 -1 -1 -1 18 -1 -1 -1 -1 -1 -1 -1 -1 21 -1 -1 -1 -1 -1 8 -1 26 20 19 -1 -1 -1 
-1 -1 -1 3 4 -1 6 -1 -1 -1 -1 -1 -1 5 -1 -1 -1 -1 -1 -1 1 -1 2 -1 -1 16 -1 11 -1 -1 -1 28 10 -1 17 15 -1 -1 0 -1 -1 -1 -1 -1 -1 -1 -1 -1 24 -1 -1 -1 -1 -1 -1 -1 -1 -1 29 -1 -1 -1 -1 -1 -1 -1 -1 18 -1 -1 -1 -1 -1 -1 -1 -1 21 -1 -1 -1 -1 -1 8 -1 26 20 19 -1 -1 -1 
-1 -1 -1 3 4 -1 6 -1 -1 -1 -1 -1 -1 5 -1 -1 -1 -1 -1 -1 1 -1 2 -1 -1 16 -1 11 -1 -1 -1 28 10 -1 17 15 -1 -1 -1 -1 -1 -1 0 -1 -1 -1 -1 -1 24 -1 -1 -1 -1 -1 -1 -1 -1 -1 29 -1 -1 -1 -1 -1 -1 -1 -1 18 -1 -1 -1 -1 -1 -1 -1 -1 21 -1 -1 -1 -1 -1 8 -1 26 20 19 -1 -1 -1 
-1 -1 -1 3 4 -1 6 -1 -1 -1 -1 -1 -1 5 -1 -1 16 -1 -1 -1 1 -1 2 -1 -1 -1 -1 11 -1 -1 -1 28 10 -1 17 15 -1 -1 -1 -1 -1 -1 0 -1 -1 -1 -1 -1 24 -1 -1 -1 -1 -1 -1 -1 -1 -1 29 -1 -1 -1 -1 -1 -1 -1 -1 18 -1 -1 -1 -1 -1 -1 -1 -1 21 -1 -1 -1 -1 -1 8 -1 26 20 19 -1 -1 -1 
-1 -1 -1 3 4 -1 6 -1 -1 -1 -1 -1 -1 5 -1 -1 16 -1 -1 -1 1 -1 2 -1 -1 -1 -1 11 -1 -1 -1 28 10 0 17 15 -1 -1 -1 -1 -1 -1 -1 -1 -1 -1 -1 -1 24 -1 -1 -1 -1 -1 -1 -1 -1 -1 29 -1 -1 -1 -1 -1 -1 -1 -1 18 -1 -1 -1 -1 -1 -1 -1 -1 21 -1 -1 -1 -1 -1 8 -1 26 20 19 -1 -1 -1 
-1 -1 -1 3 4 -1 6 -1 -1 -1 -1 -1 -1 5 -1 17 16 -1 -1 -1 1 -1 2 -1 -1 -1 -1 11 -1 -1 -1 28 10 0 -1 15 -1 -1 -1 -1 -1 -1 -1 -1 -1 -1 -1 -1 24 -1 -1 -1 -1 -1 -1 -1 -1 -1 29 -1 -1 -1 -1 -1 -1 -1 -1 18 -1 -1 -1 -1 -1 -1 -1 -1 21 -1 -1 -1 -1 -1 8 -1 26 20 19 -1 -1 -1 
-1 -1 -1 3 4 -1 6 -1 -1 -1 -1 -1 -1 5 10 17 16 -1 -1 -1 1 -1 2 -1 -1 -1 -1 11 -1 -1 -1 28 -1 0 -1 15 -1 -1 -1 -1 -1 -1 -1 -1 -1 -1 -1 -1 24 -1 -1 -1 -1 -1 -1 -1 -1 -1 29 -1 -1 -1 -1 -1 -1 -1 -1 18 -1 -1 -1 -1 -1 -1 -1 -1 21 -1 -1 -1 -1 -1 8 -1 26 20 19 -1 -1 -1 
-1 -1 -1 3 4 -1 6 -1 -1 -1 -1 -1 -1 5 10 17 16 -1 -1 -1 1 -1 2 -1 -1 -1 -1 11 -1 -1 -1 28 -1 0 -1 15 -1 -1 -1 -1 -1 -1 -1 -1 -1 -1 -1 -1 -1 -1 24 -1 -1 -1 -1 -1 -1 -1 29 -1 -1 -1 -1 -1 -1 -1 -1 18 -1 -1 -1 -1 -1 -1 -1 -1 21 -1 -1 -1 -1 -1 8 -1 26 20 19 -1 -1 -1 
-1 -1 -1 3 -1 4 6 -1 -1 -1 -1 -1 -1 5 10 17 16 -1 -1 -1 1 -1 2 -1 -1 -1 -1 11 -1 -1 -1 28 -1 0 -1 15 -1 -1 -1 -1 -1 -1 -1 -1 -1 -1 -1 -1 -1 -1 24 -1 -1 -1 -1 -1 -1 -1 29 -1 -1 -1 -1 -1 -1 -1 -1 18 -1 -1 -1 -1 -1 -1 -1 -1 21 -1 -1 -1 -1 -1 8 -1 26 20 19 -1 -1 -1 
-1 -1 -1 3 -1 4 6 -1 -1 -1 -1 -1 -1 5 10 17 -1 16 -1 -1 1 -1 2 -1 -1 -1 -1 11 -1 -1 -1 28 -1 0 -1 15 -1 -1 -1 -1 -1 -1 -1 -1 -1 -1 -1 -1 -1 -1 24 -1 -1 -1 -1 -1 -1 -1 29 -1 -1 -1 -1 -1 -1 -1 -1 18 -1 -1 -1 -1 -1 -1 -1 -1 21 -1 -1 -1 -1 -1 8 -1 26 20 19 -1 -1 -1 
-1 -1 -1 3 -1 4 6 -1 -1 -1 -1 -1 -1 5 -1 17 -1 16 -1 -1 1 -1 2 10 -1 -1 -1 11 -1 -1 -1 28 -1 0 -1 15 -1 -1 -1 -1 -1 -1 -1 -1 -1 -1 -1 -1 -1 -1 24 -1 -1 -1 -1 -1 -1 -1 29 -1 -1 -1 -1 -1 -1 -1 -1 18 -1 -1 -1 -1 -1 -1 -1 -1 21 -1 -1 -1 -1 -1 8 -1 26 20 19 -1 -1 -1 
-1 -1 -1 3 -1 4 6 -1 -1 -1 -1 -1 -1 5 -1 17 -1 16 -1 -1 1 -1 2 10 -1 -1 -1 11 -1 -1 -1 28 -1 0 -1 15 -1 -1 -1 -1 -1 -1 -1 -1 -1 -1 -1 24 -1 -1 -1 -1 -1 -1 -1 -1 -1 -1 29 -1 -1 -1 -1 -1 -1 -1 -1 18 -1 -1 -1 -1 -1 -1 -1 -1 21 -1 -1 -1 -1 -1 8 -1 26 20 19 -1 -1 -1 
-1 -1 -1 3 -1 4 6 -1 -1 -1 -1 -1 -1 5 -1 17 -1 16 -1 -1 -1 -1 2 10 -1 -1 -1 11 -1 -1 -1 28 -1 0 -1 15 -1 -1 -1 1 -1 -1 -1 -1 -1 -1 -1 24 -1 -1 -1 -1 -1 -1 -1 -1 -1 -1 29 -1 -1 -1 -1 -1 -1 -1 -1 18 -1 -1 -1 -1 -1 -1 -1 -1 21 -1 -1 -1 -1 -1 8 -1 26 20 19 -1 -1 -1 
-1 -1 -1 3 -1 4 6 -1 -1 -1 -1 -1 -1 5 -1 17 -1 16 -1 -1 -1 -1 2 10 -1 -1 -1 11 -1 -1 -1 28 -1 0 -1 15 -1 -1 -1 1 -1 -1 -1 -1 -1 -1 -1 -1 24 -1 -1 -1 -1 -1 -1 -1 -1 -1 29 -1 -1 -1 -1 -1 -1 -1 -1 18 -1 -1 -1 -1 -1 -1 -1 -1 21 -1 -1 -1 -1 -1 8 -1 26 20 19 -1 -1 -1 
-1 -1 -1 3 -1 4 6 -1 -1 -1 -1 -1 -1 5 -1 17 -1 16 -1 -1 1 -1 2 10 -1 -1 -1 11 -1 -1 -1 28 -1 0 -1 15 -1 -1 -1 -1 -1 -1 -1 -1 -1 -1 -1 -1 24 -1 -1 -1 -1 -1 -1 -1 -1 -1 29 -1 -1 -1 -1 -1 -1 -1 -1 18 -1 -1 -1 -1 -1 -1 -1 -1 21 -1 -1 -1 -1 -1 8 -1 26 20 19 -1 -1 -1 
-1 -1 -1 3 -1 4 6 -1 -1 -1 -1 -1 -1 5 -1 17 -1 16 -1 -1 1 -1 2 10 -1 -1 -1 11 -1 -1 -1 28 -1 0 -1 15 -1 -1 -1 -1 -1 -1 -1 -1 -1 -1 -1 24 -1 -1 -1 -1 -1 -1 -1 -1 -1 -1 29 -1 -1 -1 -1 -1 -1 -1 -1 18 -1 -1 -1 -1 -1 -1 -1 -1 21 -1 -1 -1 -1 -1 8 -1 26 20 19 -1 -1 -1 
-1 -1 -1 3 -1 4 6 -1 -1 -1 -1 -1 -1 5 -1 17 -1 16 -1 -1 -1 -1 2 10 -1 -1 -1 11 -1 -1 -1 28 -1 0 -1 15 -1 -1 -1 1 -1 -1 -1 -1 -1 -1 -1 24 -1 -1 -1 -1 -1 -1 -1 -1 -1 -1 29 -1 -1 -1 -1 -1 -1 -1 -1 18 -1 -1 -1 -1 -1 -1 -1 -1 21 -1 -1 -1 -1 -1 8 -1 26 20 19 -1 -1 -1 
-1 -1 -1 3 -1 4 6 -1 -1 -1 -1 -1 -1 5 -1 17 -1 16 -1 -1 -1 -1 2 10 -1 -1 -1 11 -1 -1 -1 28 -1 0 -1 15 -1 -1 -1 1 -1 -1 -1 -1 -1 -1 -1 -1 24 -1 -1 -1 -1 -1 -1 -1 -1 -1 29 -1 -1 -1 -1 -1 -1 -1 -1 18 -1 -1 -1 -1 -1 -1 -1 -1 21 -1 -1 -1 -1 -1 8 -1 26 20 19 -1 -1 -1 
-1 -1 -1 3 -1 4 6 -1 -1 -1 -1 -1 -1 5 -1 17 -1 16 -1 -1 -1 -1 2 10 -1 -1 -1 11 1 -1 -1 28 -1 0 -1 15 -1 -1 -1 -1 -1 -1 -1 -1 -1 -1 -1 -1 24 -1 -1 -1 -1 -1 -1 -1 -1 -1 29 -1 -1 -1 -1 -1 -1 -1 -1 18 -1 -1 -1 -1 -1 -1 -1 -1 21 -1 -1 -1 -1 -1 8 -1 26 20 19 -1 -1 -1 
-1 -1 -1 3 -1 4 6 -1 -1 -1 -1 -1 -1 5 -1 17 -1 16 -1 -1 -1 -1 2 10 -1 -1 -1 11 1 -1 24 28 -1 0 -1 15 -1 -1 -1 -1 -1 -1 -1 -1 -1 -1 -1 -1 -1 -1 -1 -1 -1 -1 -1 -1 -1 -1 29 -1 -1 -1 -1 -1 -1 -1 -1 18 -1 -1 -1 -1 -1 -1 -1 -1 21 -1 -1 -1 -1 -1 8 -1 26 20 19 -1 -1 -1 
-1 -1 -1 3 -1 4 6 -1 -1 -1 -1 -1 -1 5 -1 17 -1 16 -1 -1 -1 -1 2 -1 -1 -1 -1 11 1 -1 24 28 -1 0 -1 15 -1 -1 -1 -1 -1 -1 -1 -1 -1 -1 -1 -1 -1 -1 -1 -1 -1 -1 -1 -1 -1 -1 29 10 -1 -1 -1 -1 -1 -1 -1 18 -1 -1 -1 -1 -1 -1 -1 -1 21 -1 -1 -1 -1 -1 8 -1 26 20 19 -1 -1 -1 
-1 -1 -1 3 -1 4 6 -1 -1 -1 -1 -1 -1 5 -1 17 -1 16 -1 -1 -1 -1 2 -1 -1 -1 -1 11 1 -1 -1 28 -1 0 -1 15 -1 -1 -1 -1 -1 -1 -1 -1 -1 -1 -1 -1 24 -1 -1 -1 -1 -1 -1 -1 -1 -1 29 10 -1 -1 -1 -1 -1 -1 -1 18 -1 -1 -1 -1 -1 -1 -1 -1 21 -1 -1 -1 -1 -1 8 -1 26 20 19 -1 -1 -1 
-1 -1 -1 3 -1 4 6 -1 -1 -1 -1 -1 -1 5 -1 17 -1 16 -1 -1 -1 -1 2 10 -1 -1 -1 11 1 -1 -1 28 -1 0 -1 15 -1 -1 -1 -1 -1 -1 -1 -1 -1 -1 -1 -1 24 -1 -1 -1 -1 -1 -1 -1 -1 -1 29 -1 -1 -1 -1 -1 -1 -1 -1 18 -1 -1 -1 -1 -1 -1 -1 -1 21 -1 -1 -1 -1 -1 8 -1 26 20 19 -1 -1 -1 
-1 -1 -1 3 -1 4 6 -1 -1 -1 -1 -1 -1 5 -1 17 -1 16 -1 -1 -1 -1 2 10 -1 -1 -1 11 1 -1 24 28 -1 0 -1 15 -1 -1 -1 -1 -1 -1 -1 -1 -1 -1 -1 -1 -1 -1 -1 -1 -1 -1 -1 -1 -1 -1 29 -1 -1 -1 -1 -1 -1 -1 -1 18 -1 -1 -1 -1 -1 -1 -1 -1 21 -1 -1 -1 -1 -1 8 -1 26 20 19 -1 -1 -1 
-1 -1 -1 3 -1 4 6 -1 -1 -1 -1 -1 -1 5 -1 17 -1 16 -1 -1 -1 -1 2 -1 -1 -1 -1 11 1 -1 24 28 -1 0 -1 15 -1 -1 -1 -1 -1 10 -1 -1 -1 -1 -1 -1 -1 -1 -1 -1 -1 -1 -1 -1 -1 -1 29 -1 -1 -1 -1 -1 -1 -1 -1 18 -1 -1 -1 -1 -1 -1 -1 -1 21 -1 -1 -1 -1 -1 8 -1 26 20 19 -1 -1 -1 
-1 -1 -1 3 -1 4 6 -1 -1 -1 -1 -1 -1 5 -1 17 -1 16 -1 -1 -1 -1 2 -1 -1 -1 -1 11 1 -1 -1 28 -1 0 -1 15 -1 -1 -1 -1 -1 10 -1 -1 -1 -1 -1 -1 24 -1 -1 -1 -1 -1 -1 -1 -1 -1 29 -1 -1 -1 -1 -1 -1 -1 -1 18 -1 -1 -1 -1 -1 -1 -1 -1 21 -1 -1 -1 -1 -1 8 -1 26 20 19 -1 -1 -1 
-1 -1 -1 3 -1 4 6 -1 -1 -1 -1 -1 -1 5 -1 17 -1 16 -1 -1 -1 1 2 -1 -1 -1 -1 11 -1 -1 -1 28 -1 0 -1 15 -1 -1 -1 -1 -1 10 -1 -1 -1 -1 -1 -1 24 -1 -1 -1 -1 -1 -1 -1 -1 -1 29 -1 -1 -1 -1 -1 -1 -1 -1 18 -1 -1 -1 -1 -1 -1 -1 -1 21 -1 -1 -1 -1 -1 8 -1 26 20 19 -1 -1 -1 
-1 -1 -1 3 -1 4 6 -1 -1 -1 -1 -1 -1 5 -1 17 -1 16 -1 -1 -1 1 2 -1 -1 -1 -1 11 -1 -1 -1 28 -1 0 -1 15 -1 -1 -1 -1 -1 10 -1 -1 -1 -1 -1 -1 24 -1 -1 -1 -1 -1 -1 -1 -1 -1 29 -1 -1 -1 -1 -1 -1 -1 -1 18 -1 -1 -1 -1 -1 -1 -1 -1 21 -1 -1 -1 -1 -1 8 26 -1 20 19 -1 -1 -1 
-1 -1 -1 3 -1 4 6 -1 -1 -1 -1 -1 -1 5 -1 17 -1 16 -1 -1 -1 -1 2 -1 -1 -1 -1 11 -1 -1 -1 28 -1 0 -1 15 -1 -1 1 -1 -1 10 -1 -1 -1 -1 -1 -1 24 -1 -1 -1 -1 -1 -1 -1 -1 -1 29 -1 -1 -1 -1 -1 -1 -1 -1 18 -1 -1 -1 -1 -1 -1 -1 -1 21 -1 -1 -1 -1 -1 8 26 -1 20 19 -1 -1 -1 
-1 -1 -1 3 -1 4 6 -1 -1 -1 -1 -1 -1 5 -1 17 -1 16 -1 -1 -1 -1 2 -1 -1 -1 -1 11 -1 -1 -1 28 -1 0 -1 15 -1 -1 1 -1 -1 10 -1 -1 -1 -1 -1 24 -1 -1 -1 -1 -1 -1 -1 -1 -1 -1 29 -1 -1 -1 -1 -1 -1 -1 -1 18 -1 -1 -1 -1 -1 -1 -1 -1 21 -1 -1 -1 -1 -1 8 26 -1 20 19 -1 -1 -1 
-1 -1 -1 3 -1 4 6 -1 -1 -1 -1 -1 -1 5 -1 17 -1 16 -1 -1 -1 -1 2 -1 -1 -1 -1 11 -1 -1 -1 -1 -1 0 -1 15 -1 -1 1 -1 13 10 -1 -1 -1 -1 -1 24 -1 -1 -1 -1 -1 -1 -1 -1 -1 -1 29 -1 -1 -1 -1 -1 -1 -1 -1 18 -1 -1 -1 -1 -1 -1 -1 -1 21 -1 -1 -1 -1 -1 8 26 -1 20 19 -1 -1 -1 
-1 -1 -1 3 -1 4 6 -1 -1 -1 -1 -1 -1 5 -1 17 -1 16 -1 -1 -1 25 2 -1 -1 -1 -1 11 -1 -1 -1 -1 -1 0 -1 15 -1 -1 1 -1 13 10 -1 -1 -1 -1 -1 24 -1 -1 -1 -1 -1 -1 -1 -1 -1 -1 29 -1 -1 -1 -1 -1 -1 -1 -1 18 -1 -1 -1 -1 -1 -1 -1 -1 21 -1 -1 -1 -1 -1 8 26 -1 20 19 -1 -1 -1 
-1 -1 -1 3 -1 4 6 -1 -1 -1 -1 -1 -1 -1 -1 17 -1 16 -1 -1 -1 25 2 5 -1 -1 -1 11 -1 -1 -1 -1 -1 0 -1 15 -1 -1 1 -1 13 10 -1 -1 -1 -1 -1 24 -1 -1 -1 -1 -1 -1 -1 -1 -1 -1 29 -1 -1 -1 -1 -1 -1 -1 -1 18 -1 -1 -1 -1 -1 -1 -1 -1 21 -1 -1 -1 -1 -1 8 26 -1 20 19 -1 -1 -1 
-1 -1 -1 3 -1 4 6 -1 -1 -1 -1 -1 -1 -1 -1 17 -1 16 -1 -1 -1 25 2 5 -1 -1 -1 11 -1 -1 -1 -1 -1 0 -1 15 -1 -1 1 -1 13 10 -1 -1 -1 -1 -1 -1 -1 -1 24 -1 -1 -1 -1 -1 -1 -1 29 -1 -1 -1 -1 -1 -1 -1 -1 18 -1 -1 -1 -1 -1 -1 -1 -1 21 -1 -1 -1 -1 -1 8 26 -1 20 19 -1 -1 -1 
-1 -1 -1 3 -1 4 6 -1 -1 -1 -1 -1 -1 -1 -1 17 -1 16 -1 -1 -1 25 2 5 -1 -1 -1 11 -1 -1 -1 -1 -1 0 -1 15 -1 -1 -1 -1 13 10 -1 -1 -1 -1 -1 -1 -1 -1 24 -1 -1 -1 -1 1 -1 -1 29 -1 -1 -1 -1 -1 -1 -1 -1 18 -1 -1 -1 -1 -1 -1 -1 -1 21 -1 -1 -1 -1 -1 8 26 -1 20 19 -1 -1 -1 
-1 -1 -1 3 -1 4 6 -1 -1 -1 -1 -1 -1 -1 -1 -1 -1 16 -1 -1 -1 25 17 5 -1 -1 -1 11 -1 -1 -1 -1 -1 0 -1 15 -1 -1 -1 -1 13 10 -1 -1 -1 -1 -1 -1 -1 -1 24 -1 -1 -1 -1 1 -1 -1 29 -1 -1 -1 -1 -1 -1 -1 -1 18 -1 -1 -1 -1 -1 -1 -1 -1 21 -1 -1 -1 -1 -1 8 26 -1 20 19 -1 -1 -1 
-1 -1 -1 -1 -1 4 6 -1 -1 -1 -1 -1 -1 3 -1 -1 -1 16 -1 -1 -1 25 17 5 -1 -1 -1 11 -1 -1 -1 -1 -1 0 -1 15 -1 -1 -1 -1 13 10 -1 -1 -1 -1 -1 -1 -1 -1 24 -1 -1 -1 -1 1 -1 -1 29 -1 -1 -1 -1 -1 -1 -1 -1 18 -1 -1 -1 -1 -1 -1 -1 -1 21 -1 -1 -1 -1 -1 8 26 -1 20 19 -1 -1 -1 
-1 -1 -1 -1 -1 4 6 -1 -1 -1 -1 -1 -1 3 -1 -1 -1 16 -1 -1 -1 25 17 5 -1 -1 -1 11 -1 -1 -1 -1 -1 0 -1 15 -1 -1 -1 -1 13 10 -1 -1 -1 -1 -1 24 -1 -1 -1 -1 -1 -1 -1 1 -1 -1 29 -1 -1 -1 -1 -1 -1 -1 -1 18 -1 -1 -1 -1 -1 -1 -1 -1 21 -1 -1 -1 -1 -1 8 26 -1 20 19 -1 -1 -1 
-1 -1 -1 -1 -1 4 -1 -1 -1 -1 -1 -1 -1 3 -1 -1 -1 16 -1 -1 -1 25 6 5 -1 -1 -1 11 -1 -1 -1 -1 -1 0 -1 15 -1 -1 -1 -1 13 10 -1 -1 -1 -1 -1 24 -1 -1 -1 -1 -1 -1 -1 1 -1 -1 29 -1 -1 -1 -1 -1 -1 -1 -1 18 -1 -1 -1 -1 -1 -1 -1 -1 21 -1 -1 -1 -1 -1 8 26 -1 20 19 -1 -1 -1 
-1 -1 -1 -1 -1 4 -1 -1 -1 -1 -1 -1 -1 3 -1 -1 -1 16 -1 -1 -1 25 6 5 -1 -1 -1 11 -1 -1 -1 -1 -1 0 -1 15 -1 -1 -1 -1 13 10 -1 -1 -1 -1 -1 24 -1 -1 -1 -1 -1 -1 -1 1 -1 -1 29 -1 -1 -1 -1 -1 -1 -1 -1 -1 -1 -1 -1 -1 -1 -1 -1 -1 21 -1 -1 -1 -1 -1 8 18 -1 20 19 -1 -1 -1 
-1 -1 -1 -1 -1 4 -1 -1 -1 -1 -1 -1 -1 3 -1 -1 -1 16 -1 -1 -1 25 6 5 -1 -1 -1 11 -1 -1 -1 -1 -1 0 -1 15 -1 -1 -1 -1 13 -1 10 -1 -1 -1 -1 24 -1 -1 -1 -1 -1 -1 -1 1 -1 -1 29 -1 -1 -1 -1 -1 -1 -1 -1 -1 -1 -1 -1 -1 -1 -1 -1 -1 21 -1 -1 -1 -1 -1 8 18 -1 20 19 -1 -1 -1 
-1 -1 -1 -1 -1 4 -1 -1 16 -1 -1 -1 -1 3 -1 -1 -1 -1 -1 -1 -1 25 6 5 -1 -1 -1 11 -1 -1 -1 -1 -1 0 -1 15 -1 -1 -1 -1 13 -1 10 -1 -1 -1 -1 24 -1 -1 -1 -1 -1 -1 -1 1 -1 -1 29 -1 -1 -1 -1 -1 -1 -1 -1 -1 -1 -1 -1 -1 -1 -1 -1 -1 21 -1 -1 -1 -1 -1 8 18 -1 20 19 -1 -1 -1 
-1 -1 -1 -1 -1 -1 -1 -1 16 -1 -1 -1 -1 3 4 -1 -1 -1 -1 -1 -1 25 6 5 -1 -1 -1 11 -1 -1 -1 -1 -1 0 -1 15 -1 -1 -1 -1 13 -1 10 -1 -1 -1 -1 24 -1 -1 -1 -1 -1 -1 -1 1 -1 -1 29 -1 -1 -1 -1 -1 -1 -1 -1 -1 -1 -1 -1 -1 -1 -1 -1 -1 21 -1 -1 -1 -1 -1 8 18 -1 20 19 -1 -1 -1 
-1 -1 -1 -1 -1 -1 -1 -1 16 -1 -1 -1 -1 3 4 -1 -1 -1 -1 -1 -1 -1 6 5 -1 -1 -1 11 -1 -1 -1 -1 -1 0 -1 15 -1 -1 -1 -1 13 -1 10 -1 -1 -1 -1 24 -1 -1 -1 -1 -1 -1 -1 1 -1 -1 29 -1 -1 -1 -1 -1 -1 -1 -1 -1 -1 -1 -1 -1 -1 -1 -1 -1 21 -1 -1 -1 -1 -1 8 18 -1 20 19 -1 -1 -1 
-1 -1 -1 3 -1 -1 -1 -1 16 -1 -1 -1 -1 -1 4 -1 -1 -1 -1 -1 -1 -1 6 5 -1 -1 -1 11 -1 -1 -1 -1 -1 0 -1 15 -1 -1 -1 -1 13 -1 10 -1 -1 -1 -1 24 -1 -1 -1 -1 -1 -1 -1 1 -1 -1 29 -1 -1 -1 -1 -1 -1 -1 -1 -1 -1 -1 -1 -1 -1 -1 -1 -1 21 -1 -1 -1 -1 -1 8 18 -1 20 19 -1 -1 -1 
