0 1 2 3 4 5 6 7 8 -1 -1 -1 -1 -1 -1 -1 -1 -1 -1 9 -1 -1 -1 -1 -1 10 -1 11 -1 12 -1 28 -1 14 -1 15 -1 -1 -1 -1 -1 -1 -1 -1 -1 -1 -1 30 -1 -1 -1 -1 -1 -1 -1 -1 -1 -1 29 -1 -1 -1 27 -1 26 -1 -1 -1 -1 -1 25 -1 -1 -1 -1 -1 -1 -1 -1 -1 -1 24 23 22 21 20 19 18 17 16 
0 1 2 3 4 5 6 7 8 -1 -1 -1 -1 -1 -1 -1 -1 -1 -1 -1 9 -1 -1 -1 -1 10 -1 11 -1 12 -1 28 -1 14 -1 15 -1 -1 -1 -1 -1 -1 -1 -1 -1 -1 -1 30 -1 -1 -1 -1 -1 -1 -1 -1 -1 -1 29 -1 -1 -1 27 -1 26 -1 -1 -1 -1 -1 25 -1 -1 -1 -1 -1 -1 -1 -1 -1 -1 24 23 22 21 20 19 18 17 16 
0 1 2 3 4 5 6 7 8 -1 -1 -1 -1 -1 -1 -1 -1 -1 -1 -1 9 -1 -1 -1 -1 10 -1 11 -1 12 -1 28 -1 14 -1 15 -1 -1 -1 -1 -1 -1 -1 -1 -1 -1 -1 30 -1 -1 -1 -1 -1 -1 -1 -1 -1 -1 29 -1 -1 -1 27 -1 26 -1 -1 25 -1 -1 -1 -1 -1 -1 -1 -1 -1 -1 -1 -1 -1 24 23 22 21 20 19 18 17 16 
0 1 2 3 4 5 -1 7 8 -1 -1 -1 -1 -1 -1 -1 -1 -1 -1 -1 9 -1 6 -1 -1 10 -1 11 -1 12 -1 28 -1 14 -1 15 -1 -1 -1 -1 -1 -1 -1 -1 -1 -1 -1 30 -1 -1 -1 -1 -1 -1 -1 -1 -1 -1 29 -1 -1 -1 27 -1 26 -1 -1 25 -1 -1 -1 -1 -1 -1 -1 -1 -1 -1 -1 -1 -1 24 23 22 21 20 19 18 17 16 
0 1 2 3 4 5 -1 7 8 -1 -1 -1 -1 -1 -1 -1 -1 -1 -1 -1 9 -1 6 -1 -1 10 -1 11 -1 12 -1 28 -1 14 -1 15 -1 -1 -1 -1 -1 -1 -1 -1 -1 -1 -1 30 -1 -1 -1 -1 -1 -1 -1 -1 -1 -1 29 -1 -1 -1 27 23 26 -1 -1 25 -1 -1 -1 -1 -1 -1 -1 -1 -1 -1 -1 -1 -1 24 -1 22 21 20 19 18 17 16 
0 1 2 3 4 5 -1 7 8 -1 -1 -1 -1 -1 -1 -1 -1 -1 -1 -1 9 -1 6 -1 -1 10 -1 -1 -1 12 -1 28 -1 14 -1 15 11 -1 -1 -1 -1 -1 -1 -1 -1 -1 -1 30 -1 -1 -1 -1 -1 -1 -1 -1 -1 -1 29 -1 -1 -1 27 23 26 -1 -1 25 -1 -1 -1 -1 -1 -1 -1 -1 -1 -1 -1 -1 -1 24 -1 22 21 20 19 18 17 16 
0 1 2 3 4 5 -1 7 8 -1 -1 -1 -1 -1 -1 -1 -1 -1 -1 -1 9 -1 6 -1 -1 10 -1 -1 -1 12 -1 28 -1 14 -1 15 11 -1 -1 -1 -1 -1 -1 -1 -1 -1 -1 30 -1 -1 -1 -1 -1 -1 -1 -1 -1 -1 29 -1 -1 -1 27 23 26 -1 -1 25 -1 17 -1 -1 -1 -1 -1 -1 -1 -1 -1 -1 -1 24 -1 22 21 20 19 18 -1 16 
0 1 2 3 4 5 -1 7 8 -1 -1 -1 -1 -1 -1 -1 -1 -1 -1 -1 9 -1 6 -1 -1 10 -1 -1 -1 12 -1 28 -1 14 -1 15 -1 -1 -1 -1 -1 -1 -1 -1 -1 11 -1 30 -1 -1 -1 -1 -1 -1 -1 -1 -1 -1 29 -1 -1 -1 27 23 26 -1 -1 25 -1 17 -1 -1 -1 -1 -1 -1 -1 -1 -1 -1 -1 24 -1 22 21 20 19 18 -1 16 
0 1 2 3 4 5 -1 7 8 -1 -1 -1 -1 -1 -1 -1 -1 -1 -1 -1 9 -1 6 -1 -1 10 -1 -1 -1 12 -1 28 -1 14 -1 15 -1 -1 -1 -1 -1 -1 -1 -1 -1 31 -1 30 -1 -1 -1 -1 -1 -1 -1 -1 -1 -1 29 -1 -1 -1 27 23 26 -1 -1 25 -1 17 -1 -1 -1 -1 -1 -1 -1 -1 -1 -1 -1 24 -1 22 21 20 19 18 -1 16 
-1 1 2 3 4 5 -1 7 8 -1 -1 -1 -1 -1 -1 -1 -1 -1 -1 -1 9 -1 6 -1 -1 10 -1 -1 -1 12 -1 28 -1 14 -1 15 -1 -1 -1 -1 -1 -1 -1 -1 -1 0 -1 30 -1 -1 -1 -1 -1 -1 -1 -1 -1 -1 29 -1 -1 -1 27 23 26 -1 -1 25 -1 17 -1 -1 -1 -1 -1 -1 -1 -1 -1 -1 -1 24 -1 22 21 20 19 18 -1 16 
-1 1 2 3 4 5 -1 7 8 -1 -1 -1 -1 -1 -1 -1 -1 -1 -1 -1 9 -1 6 -1 -1 10 -1 -1 -1 12 -1 25 -1 14 -1 15 -1 -1 -1 -1 -1 -1 -1 -1 -1 0 -1 30 -1 -1 -1 -1 -1 -1 -1 -1 -1 -1 29 -1 -1 -1 27 23 26 -1 -1 -1 -1 17 -1 -1 -1 -1 -1 -1 -1 -1 -1 -1 -1 24 -1 22 21 20 19 18 -1 16 
-1 1 2 3 4 -1 -1 7 8 -1 -1 -1 -1 5 -1 -1 -1 -1 -1 -1 9 -1 6 -1 -1 10 -1 -1 -1 12 -1 25 -1 14 -1 15 -1 -1 -1 -1 -1 -1 -1 -1 -1 0 -1 30 -1 -1 -1 -1 -1 -1 -1 -1 -1 -1 29 -1 -1 -1 27 23 26 -1 -1 -1 -1 17 -1 -1 -1 -1 -1 -1 -1 -1 -1 -1 -1 24 -1 22 21 20 19 18 -1 16 
-1 1 2 3 4 -1 -1 7 8 -1 -1 -1 -1 5 -1 -1 -1 -1 -1 -1 9 -1 6 -1 -1 10 -1 -1 -1 12 -1 25 -1 14 -1 15 -1 -1 -1 -1 -1 -1 -1 -1 -1 0 -1 30 -1 -1 -1 -1 -1 -1 -1 -1 -1 -1 29 -1 -1 -1 27 23 26 -1 -1 18 -1 17 -1 -1 -1 -1 -1 -1 -1 -1 -1 -1 -1 24 -1 22 21 20 19 -1 -1 16 
-1 -1 2 3 4 -1 -1 7 8 -1 -1 -1 -1 5 -1 -1 -1 -1 1 -1 9 -1 6 -1 -1 10 -1 -1 -1 12 -1 25 -1 14 -1 15 -1 -1 -1 -1 -1 -1 -1 -1 -1 0 -1 30 -1 -1 -1 -1 -1 -1 -1 -1 -1 -1 29 -1 -1 -1 27 23 26 -1 -1 18 -1 17 -1 -1 -1 -1 -1 -1 -1 -1 -1 -1 -1 24 -1 22 21 20 19 -1 -1 16 
-1 -1 2 3 4 -1 -1 7 8 -1 -1 -1 -1 5 -1 -1 -1 -1 1 -1 9 -1 6 -1 -1 10 -1 -1 -1 12 -1 25 -1 14 -1 15 -1 -1 -1 -1 -1 -1 -1 -1 -1 0 -1 30 -1 -1 -1 -1 -1 -1 -1 -1 -1 -1 29 -1 -1 -1 27 23 26 -1 -1 18 -1 17 -1 -1 -1 -1 -1 -1 -1 -1 -1 -1 -1 24 -1 22 21 20 19 -1 16 -1 
-1 -1 2 3 4 -1 -1 -1 8 -1 -1 -1 -1 5 7 -1 -1 -1 1 -1 9 -1 6 -1 -1 10 -1 -1 -1 12 -1 25 -1 14 -1 15 -1 -1 -1 -1 -1 -1 -1 -1 -1 0 -1 30 -1 -1 -1 -1 -1 -1 -1 -1 -1 -1 29 -1 -1 -1 27 23 26 -1 -1 18 -1 17 -1 -1 -1 -1 -1 -1 -1 -1 -1 -1 -1 24 -1 22 21 20 19 -1 16 -1 
-1 -1 2 3 4 -1 -1 -1 8 -1 -1 -1 -1 5 7 -1 -1 -1 1 -1 9 -1 6 -1 -1 10 -1 -1 -1 12 -1 -1 -1 14 -1 15 -1 -1 -1 -1 25 -1 -1 -1 -1 0 -1 30 -1 -1 -1 -1 -1 -1 -1 -1 -1 -1 29 -1 -1 -1 27 23 26 -1 -1 18 -1 17 -1 -1 -1 -1 -1 -1 -1 -1 -1 -1 -1 24 -1 22 21 20 19 -1 16 -1 
-1 -1 2 3 4 -1 -1 -1 8 -1 -1 -1 -1 5 7 -1 -1 -1 1 -1 9 -1 6 -1 -1 10 -1 -1 -1 -1 -1 -1 -1 14 -1 15 -1 -1 12 -1 25 -1 -1 -1 -1 0 -1 30 -1 -1 -1 -1 -1 -1 -1 -1 -1 -1 29 -1 -1 -1 27 23 26 -1 -1 18 -1 17 -1 -1 -1 -1 -1 -1 -1 -1 -1 -1 -1 24 -1 22 21 20 19 -1 16 -1 
-1 -1 2 3 4 -1 -1 -1 8 -1 -1 -1 -1 5 7 -1 -1 -1 1 -1 9 -1 6 -1 -1 10 -1 -1 -1 -1 -1 -1 -1 14 -1 15 -1 -1 30 -1 25 -1 -1 -1 -1 0 -1 -1 -1 -1 -1 -1 -1 -1 -1 -1 -1 -1 29 -1 -1 -1 27 23 26 -1 -1 18 -1 17 -1 -1 -1 -1 -1 -1 -1 -1 -1 -1 -1 24 -1 22 21 20 19 -1 16 -1 
-1 -1 2 3 4 -1 -1 -1 8 -1 -1 -1 -1 5 -1 -1 -1 -1 1 -1 9 -1 6 -1 -1 10 -1 -1 -1 -1 -1 7 -1 14 -1 15 -1 -1 30 -1 25 -1 -1 -1 -1 0 -1 -1 -1 -1 -1 -1 -1 -1 -1 -1 -1 -1 29 -1 -1 -1 27 23 26 -1 -1 18 -1 17 -1 -1 -1 -1 -1 -1 -1 -1 -1 -1 -1 24 -1 22 21 20 19 -1 16 -1 
-1 -1 2 3 4 -1 -1 -1 8 -1 -1 -1 -1 5 -1 -1 -1 -1 1 -1 9 -1 6 -1 -1 10 -1 -1 -1 -1 -1 7 -1 14 -1 15 -1 -1 -1 30 25 -1 -1 -1 -1 0 -1 -1 -1 -1 -1 -1 -1 -1 -1 -1 -1 -1 29 -1 -1 -1 27 23 26 -1 -1 18 -1 17 -1 -1 -1 -1 -1 -1 -1 -1 -1 -1 -1 24 -1 22 21 20 19 -1 16 -1 
-1 -1 2 3 4 -1 -1 -1 8 -1 -1 -1 -1 5 -1 -1 -1 -1 1 -1 9 -1 6 -1 -1 10 -1 -1 -1 -1 -1 7 -1 14 -1 15 -1 -1 -1 30 25 -1 -1 -1 -1 -1 -1 -1 0 -1 -1 -1 -1 -1 -1 -1 -1 -1 29 -1 -1 -1 27 23 26 -1 -1 18 -1 17 -1 -1 -1 -1 -1 -1 -1 -1 -1 -1 -1 24 -1 22 21 20 19 -1 16 -1 
-1 -1 2 3 4 -1 -1 -1 8 -1 -1 -1 -1 5 -1 -1 -1 -1 1 -1 9 -1 6 -1 -1 10 -1 -1 -1 -1 -1 7 -1 14 -1 15 -1 -1 -1 30 25 -1 -1 16 -1 -1 -1 -1 0 -1 -1 -1 -1 -1 -1 -1 -1 -1 29 -1 -1 -1 27 23 26 -1 -1 18 -1 17 -1 -1 -1 -1 -1 -1 -1 -1 -1 -1 -1 24 -1 22 21 20 19 -1 -1 -1 
-1 -1 2 3 4 8 -1 -1 -1 -1 -1 -1 -1 5 -1 -1 -1 -1 1 -1 9 -1 6 -1 -1 10 -1 -1 -1 -1 -1 7 -1 14 -1 15 -1 -1 -1 30 25 -1 -1 16 -1 -1 -1 -1 0 -1 -1 -1 -1 -1 -1 -1 -1 -1 29 -1 -1 -1 27 23 26 -1 -1 18 -1 17 -1 -1 -1 -1 -1 -1 -1 -1 -1 -1 -1 24 -1 22 21 20 19 -1 -1 -1 
-1 -1 2 3 4 8 -1 -1 -1 -1 -1 -1 -1 5 -1 -1 -1 -1 1 -1 9 -1 6 -1 -1 10 -1 -1 -1 -1 -1 7 -1 14 -1 15 -1 -1 -1 30 25 -1 -1 16 -1 -1 -1 -1 0 -1 -1 -1 -1 -1 -1 -1 -1 -1 29 -1 -1 -1 27 23 26 -1 -1 18 -1 17 -1 -1 -1 -1 -1 -1 21 -1 -1 -1 -1 24 -1 22 -1 20 19 -1 -1 -1 
-1 -1 2 3 4 8 -1 -1 -1 -1 -1 -1 -1 5 -1 -1 -1 -1 -1 -1 9 -1 6 -1 -1 10 -1 -1 -1 1 -1 7 -1 14 -1 15 -1 -1 -1 30 25 -1 -1 16 -1 -1 -1 -1 0 -1 -1 -1 -1 -1 -1 -1 -1 -1 29 -1 -1 -1 27 23 26 -1 -1 18 -1 17 -1 -1 -1 -1 -1 -1 21 -1 -1 -1 -1 24 -1 22 -1 20 19 -1 -1 -1 
-1 -1 2 3 4 8 -1 -1 -1 -1 -1 -1 -1 5 -1 -1 -1 -1 -1 -1 9 -1 6 -1 -1 10 -1 -1 -1 1 -1 7 -1 14 -1 15 -1 -1 -1 30 25 -1 -1 16 -1 -1 -1 -1 0 -1 -1 -1 -1 -1 -1 -1 -1 -1 29 -1 -1 -1 27 23 26 -1 -1 18 -1 17 -1 -1 -1 -1 -1 -1 21 -1 -1 -1 -1 -1 24 22 -1 20 19 -1 -1 -1 
-1 -1 2 3 4 8 -1 -1 -1 -1 -1 -1 -1 5 -1 -1 -1 -1 -1 -1 9 -1 6 -1 -1 10 -1 -1 -1 1 -1 7 -1 -1 -1 15 -1 -1 -1 30 25 -1 14 16 -1 -1 -1 -1 0 -1 -1 -1 -1 -1 -1 -1 -1 -1 29 -1 -1 -1 27 23 26 -1 -1 18 -1 17 -1 -1 -1 -1 -1 -1 21 -1 -1 -1 -1 -1 24 22 -1 20 19 -1 -1 -1 
-1 -1 2 3 4 8 -1 -1 -1 -1 -1 -1 -1 5 -1 -1 -1 -1 -1 -1 9 -1 6 -1 -1 10 -1 -1 -1 1 -1 7 -1 -1 16 15 -1 -1 -1 30 25 -1 14 -1 -1 -1 -1 -1 0 -1 -1 -1 -1 -1 -1 -1 -1 -1 29 -1 -1 -1 27 23 26 -1 -1 18 -1 17 -1 -1 -1 -1 -1 -1 21 -1 -1 -1 -1 -1 24 22 -1 20 19 -1 -1 -1 
-1 -1 2 3 4 8 -1 -1 -1 -1 -1 -1 -1 5 -1 -1 -1 -1 -1 -1 9 -1 6 -1 -1 10 -1 -1 -1 -1 -1 7 -1 -1 16 15 -1 -1 -1 30 1 -1 14 -1 -1 -1 -1 -1 0 -1 -1 -1 -1 -1 -1 -1 -1 -1 29 -1 -1 -1 27 23 26 -1 -1 18 -1 17 -1 -1 -1 -1 -1 -1 21 -1 -1 -1 -1 -1 24 22 -1 20 19 -1 -1 -1 
-1 -1 2 3 4 8 -1 -1 -1 -1 -1 -1 -1 5 -1 -1 -1 -1 -1 -1 9 -1 6 -1 -1 10 -1 -1 -1 -1 -1 7 -1 -1 16 15 -1 -1 -1 -1 30 -1 14 -1 -1 -1 -1 -1 0 -1 -1 -1 -1 -1 -1 -1 -1 -1 29 -1 -1 -1 27 23 26 -1 -1 18 -1 17 -1 -1 -1 -1 -1 -1 21 -1 -1 -1 -1 -1 24 22 -1 20 19 -1 -1 -1 
-1 -1 2 3 4 8 -1 -1 -1 -1 -1 -1 -1 5 -1 -1 -1 -1 -1 -1 9 -1 6 -1 -1 10 -1 -1 -1 -1 -1 7 -1 -1 16 15 -1 -1 -1 -1 -1 -1 14 -1 -1 -1 -1 1 0 -1 -1 -1 -1 -1 -1 -1 -1 -1 29 -1 -1 -1 27 23 26 -1 -1 18 -1 17 -1 -1 -1 -1 -1 -1 21 -1 -1 -1 -1 -1 24 22 -1 20 19 -1 -1 -1 
-1 26 2 3 4 8 -1 -1 -1 -1 -1 -1 -1 5 -1 -1 -1 -1 -1 -1 9 -1 6 -1 -1 10 -1 -1 -1 -1 -1 7 -1 -1 16 15 -1 -1 -1 -1 -1 -1 14 -1 -1 -1 -1 1 0 -1 -1 -1 -1 -1 -1 -1 -1 -1 29 -1 -1 -1 27 23 -1 -1 -1 18 -1 17 -1 -1 -1 -1 -1 -1 21 -1 -1 -1 -1 -1 24 22 -1 20 19 -1 -1 -1 
-1 26 2 3 4 -1 -1 -1 -1 -1 -1 -1 -1 5 -1 -1 -1 -1 -1 -1 9 -1 6 -1 -1 10 -1 -1 -1 -1 -1 7 -1 -1 16 15 -1 -1 -1 -1 -1 -1 14 -1 -1 -1 -1 1 0 -1 -1 -1 -1 -1 -1 -1 -1 -1 29 -1 -1 -1 27 23 -1 -1 -1 18 -1 17 -1 -1 -1 -1 -1 -1 21 8 -1 -1 -1 -1 24 22 -1 20 19 -1 -1 -1 
-1 26 2 3 4 -1 -1 -1 -1 -1 -1 -1 -1 5 -1 -1 -1 -1 -1 -1 9 -1 6 -1 -1 10 -1 -1 24 -1 -1 7 -1 -1 16 15 -1 -1 -1 -1 -1 -1 14 -1 -1 -1 -1 1 0 -1 -1 -1 -1 -1 -1 -1 -1 -1 29 -1 -1 -1 27 23 -1 -1 -1 18 -1 17 -1 -1 -1 -1 -1 -1 21 8 -1 -1 -1 -1 -1 22 -1 20 19 -1 -1 -1 
-1 26 2 3 4 -1 -1 -1 -1 -1 -1 -1 -1 5 -1 -1 -1 -1 -1 -1 9 -1 6 -1 -1 10 -1 -1 24 -1 -1 7 -1 -1 16 15 -1 -1 -1 -1 -1 -1 14 -1 -1 -1 -1 -1 0 -1 -1 -1 -1 -1 -1 -1 -1 -1 29 -1 -1 -1 27 23 -1 -1 1 18 -1 17 -1 -1 -1 -1 -1 -1 21 8 -1 -1 -1 -1 -1 22 -1 20 19 -1 -1 -1 
-1 26 2 3 4 -1 -1 -1 -1 -1 -1 -1 -1 5 -1 -1 -1 -1 -1 -1 9 -1 6 -1 -1 10 -1 -1 -1 24 -1 7 -1 -1 16 15 -1 -1 -1 -1 -1 -1 14 -1 -1 -1 -1 -1 0 -1 -1 -1 -1 -1 -1 -1 -1 -1 29 -1 -1 -1 27 23 -1 -1 1 18 -1 17 -1 -1 -1 -1 -1 -1 21 8 -1 -1 -1 -1 -1 22 -1 20 19 -1 -1 -1 
-1 26 2 3 4 -1 -1 -1 -1 -1 -1 -1 -1 5 -1 -1 -1 -1 -1 9 -1 -1 6 -1 -1 10 -1 -1 -1 24 -1 7 -1 -1 16 15 -1 -1 -1 -1 -1 -1 14 -1 -1 -1 -1 -1 0 -1 -1 -1 -1 -1 -1 -1 -1 -1 29 -1 -1 -1 27 23 -1 -1 1 18 -1 17 -1 -1 -1 -1 -1 -1 21 8 -1 -1 -1 -1 -1 22 -1 20 19 -1 -1 -1 
-1 26 2 3 4 -1 -1 -1 -1 -1 -1 -1 -1 5 -1 -1 -1 -1 -1 9 -1 -1 6 -1 -1 10 -1 -1 -1 24 -1 30 -1 -1 16 15 -1 -1 -1 -1 -1 -1 14 -1 -1 -1 -1 -1 0 -1 -1 -1 -1 -1 -1 -1 -1 -1 29 -1 -1 -1 27 23 -1 -1 1 18 -1 17 -1 -1 -1 -1 -1 -1 21 8 -1 -1 -1 -1 -1 22 -1 20 19 -1 -1 -1 
-1 26 2 3 4 -1 -1 -1 -1 -1 -1 -1 -1 5 -1 -1 -1 -1 -1 -1 -1 -1 6 -1 -1 10 -1 -1 -1 24 -1 30 -1 -1 16 15 -1 -1 -1 -1 -1 -1 14 -1 -1 -1 -1 -1 0 -1 -1 -1 -1 -1 -1 -1 -1 -1 29 -1 -1 -1 27 23 9 -1 1 18 -1 17 -1 -1 -1 -1 -1 -1 21 8 -1 -1 -1 -1 -1 22 -1 20 19 -1 -1 -1 
-1 26 2 3 4 -1 -1 -1 -1 -1 -1 -1 -1 5 -1 -1 -1 -1 -1 -1 -1 -1 6 -1 -1 10 -1 -1 -1 -1 -1 30 -1 -1 16 15 -1 -1 -1 -1 -1 -1 14 -1 -1 -1 -1 -1 0 -1 -1 -1 -1 -1 -1 -1 -1 -1 29 -1 -1 -1 27 23 9 24 1 18 -1 17 -1 -1 -1 -1 -1 -1 21 8 -1 -1 -1 -1 -1 22 -1 20 19 -1 -1 -1 
-1 26 2 3 4 -1 -1 -1 -1 -1 -1 -1 -1 5 -1 -1 -1 -1 -1 -1 -1 -1 6 -1 -1 10 -1 -1 -1 -1 -1 30 -1 -1 16 15 -1 -1 -1 -1 -1 -1 14 -1 -1 -1 -1 -1 0 -1 -1 -1 -1 -1 -1 -1 -1 -1 29 -1 -1 -1 27 23 9 24 -1 18 -1 17 -1 -1 -1 -1 -1 -1 21 8 -1 -1 -1 -1 -1 1 -1 20 19 -1 -1 -1 
-1 26 2 3 4 -1 -1 -1 -1 -1 -1 -1 -1 5 -1 -1 -1 -1 -1 -1 -1 -1 6 -1 -1 10 -1 -1 -1 -1 -1 30 -1 -1 16 15 -1 -1 -1 -1 -1 -1 14 -1 -1 -1 -1 -1 0 -1 -1 -1 -1 -1 -1 -1 -1 -1 29 -1 -1 -1 27 23 9 -1 -1 18 -1 17 -1 -1 -1 -1 24 -1 21 8 -1 -1 -1 -1 -1 1 -1 20 19 -1 -1 -1 
-1 26 2 3 4 -1 -1 -1 -1 -1 -1 -1 -1 5 -1 -1 -1 -1 -1 -1 -1 -1 6 -1 -1 10 -1 -1 -1 -1 -1 30 -1 -1 16 15 -1 -1 -1 -1 -1 -1 14 -1 -1 -1 -1 -1 0 -1 -1 -1 -1 -1 -1 -1 -1 -1 29 -1 -1 -1 27 23 -1 -1 -1 18 -1 9 -1 -1 -1 -1 24 -1 21 8 -1 -1 -1 -1 -1 1 -1 20 19 -1 -1 -1 
-1 26 2 3 4 -1 -1 -1 -1 -1 -1 -1 -1 5 -1 -1 -1 -1 -1 -1 -1 -1 6 -1 -1 10 -1 -1 -1 -1 -1 30 -1 -1 16 15 -1 -1 -1 -1 -1 -1 14 -1 -1 -1 -1 -1 0 -1 -1 -1 -1 -1 -1 -1 -1 -1 29 -1 -1 -1 27 23 -1 -1 -1 18 21 9 -1 -1 -1 -1 24 -1 -1 8 -1 -1 -1 -1 -1 1 -1 20 19 -1 -1 -1 
-1 26 2 3 4 -1 -1 -1 -1 -1 -1 -1 -1 5 -1 -1 -1 -1 -1 -1 -1 -1 6 -1 -1 10 -1 -1 -1 -1 -1 30 -1 -1 16 15 -1 -1 -1 -1 -1 -1 14 -1 -1 -1 -1 -1 0 -1 -1 -1 -1 -1 -1 -1 -1 -1 29 -1 -1 -1 27 23 -1 -1 -1 18 21 -1 -1 -1 -1 -1 24 -1 -1 8 -1 -1 -1 -1 -1 1 -1 20 19 9 -1 -1 
-1 26 2 3 4 -1 -1 -1 -1 -1 -1 -1 -1 5 -1 -1 -1 -1 -1 -1 -1 -1 6 -1 -1 10 -1 -1 -1 -1 -1 30 -1 -1 16 15 -1 -1 -1 -1 -1 -1 14 -1 -1 -1 -1 -1 0 -1 -1 -1 -1 -1 -1 -1 -1 -1 29 -1 -1 -1 27 23 -1 -1 -1 18 21 -1 -1 -1 -1 -1 24 -1 19 8 -1 -1 -1 -1 -1 1 -1 20 -1 9 -1 -1 
-1 26 2 3 4 -1 -1 -1 -1 -1 -1 -1 -1 5 -1 -1 -1 -1 -1 -1 -1 -1 6 10 -1 -1 -1 -1 -1 -1 -1 30 -1 -1 16 15 -1 -1 -1 -1 -1 -1 14 -1 -1 -1 -1 -1 0 -1 -1 -1 -1 -1 -1 -1 -1 -1 29 -1 -1 -1 27 23 -1 -1 -1 18 21 -1 -1 -1 -1 -1 24 -1 19 8 -1 -1 -1 -1 -1 1 -1 20 -1 9 -1 -1 
-1 26 2 3 4 -1 -1 -1 -1 -1 -1 -1 -1 5 -1 -1 -1 -1 -1 -1 -1 -1 6 10 -1 -1 -1 -1 -1 -1 -1 -1 30 -1 16 15 -1 -1 -1 -1 -1 -1 14 -1 -1 -1 -1 -1 0 -1 -1 -1 -1 -1 -1 -1 -1 -1 29 -1 -1 -1 27 23 -1 -1 -1 18 21 -1 -1 -1 -1 -1 24 -1 19 8 -1 -1 -1 -1 -1 1 -1 20 -1 9 -1 -1 
-1 26 2 3 4 10 -1 -1 -1 -1 -1 -1 -1 5 -1 -1 -1 -1 -1 -1 -1 -1 6 -1 -1 -1 -1 -1 -1 -1 -1 -1 30 -1 16 15 -1 -1 -1 -1 -1 -1 14 -1 -1 -1 -1 -1 0 -1 -1 -1 -1 -1 -1 -1 -1 -1 29 -1 -1 -1 27 23 -1 -1 -1 18 21 -1 -1 -1 -1 -1 24 -1 19 8 -1 -1 -1 -1 -1 1 -1 20 -1 9 -1 -1 
-1 26 2 3 4 10 -1 -1 -1 -1 -1 -1 -1 5 -1 -1 16 -1 -1 -1 -1 -1 6 -1 -1 -1 -1 -1 -1 -1 -1 -1 30 -1 -1 15 -1 -1 -1 -1 -1 -1 14 -1 -1 -1 -1 -1 0 -1 -1 -1 -1 -1 -1 -1 -1 -1 29 -1 -1 -1 27 23 -1 -1 -1 18 21 -1 -1 -1 -1 -1 24 -1 19 8 -1 -1 -1 -1 -1 1 -1 20 -1 9 -1 -1 
-1 26 2 3 4 10 -1 -1 -1 -1 -1 -1 0 5 -1 -1 16 -1 -1 -1 -1 -1 6 -1 -1 -1 -1 -1 -1 -1 -1 -1 30 -1 -1 15 -1 -1 -1 -1 -1 -1 14 -1 -1 -1 -1 -1 -1 -1 -1 -1 -1 -1 -1 -1 -1 -1 29 -1 -1 -1 27 23 -1 -1 -1 18 21 -1 -1 -1 -1 -1 24 -1 19 8 -1 -1 -1 -1 -1 1 -1 20 -1 9 -1 -1 
-1 26 2 3 4 10 -1 -1 -1 -1 -1 -1 0 5 -1 -1 16 -1 -1 -1 -1 -1 6 30 -1 -1 -1 -1 -1 -1 -1 -1 -1 -1 -1 15 -1 -1 -1 -1 -1 -1 14 -1 -1 -1 -1 -1 -1 -1 -1 -1 -1 -1 -1 -1 -1 -1 29 -1 -1 -1 27 23 -1 -1 -1 18 21 -1 -1 -1 -1 -1 24 -1 19 8 -1 -1 -1 -1 -1 1 -1 20 -1 9 -1 -1 
-1 26 2 3 4 10 -1 -1 -1 -1 0 -1 -1 5 -1 -1 16 -1 -1 -1 -1 -1 6 30 -1 -1 -1 -1 -1 -1 -1 -1 -1 -1 -1 15 -1 -1 -1 -1 -1 -1 14 -1 -1 -1 -1 -1 -1 -1 -1 -1 -1 -1 -1 -1 -1 -1 29 -1 -1 -1 27 23 -1 -1 -1 18 21 -1 -1 -1 -1 -1 24 -1 19 8 -1 -1 -1 -1 -1 1 -1 20 -1 9 -1 -1 
-1 26 2 3 4 10 -1 -1 -1 -1 0 -1 -1 5 30 -1 16 -1 -1 -1 -1 -1 6 -1 -1 -1 -1 -1 -1 -1 -1 -1 -1 -1 -1 15 -1 -1 -1 -1 -1 -1 14 -1 -1 -1 -1 -1 -1 -1 -1 -1 -1 -1 -1 -1 -1 -1 29 -1 -1 -1 27 23 -1 -1 -1 18 21 -1 -1 -1 -1 -1 24 -1 19 8 -1 -1 -1 -1 -1 1 -1 20 -1 9 -1 -1 
-1 26 2 3 4 10 -1 -1 -1 -1 0 -1 -1 5 30 -1 16 -1 -1 -1 -1 -1 6 -1 -1 -1 -1 -1 -1 -1 -1 -1 -1 -1 -1 15 -1 -1 -1 -1 -1 -1 -1 -1 -1 -1 -1 -1 -1 -1 -1 14 -1 -1 -1 -1 -1 -1 29 -1 -1 -1 27 23 -1 -1 -1 18 21 -1 -1 -1 -1 -1 24 -1 19 8 -1 -1 -1 -1 -1 1 -1 20 -1 9 -1 -1 
-1 26 2 3 4 30 -1 -1 -1 -1 0 -1 -1 5 -1 -1 16 -1 -1 -1 -1 -1 6 -1 -1 -1 -1 -1 -1 -1 -1 -1 -1 -1 -1 15 -1 -1 -1 -1 -1 -1 -1 -1 -1 -1 -1 -1 -1 -1 -1 14 -1 -1 -1 -1 -1 -1 29 -1 -1 -1 27 23 -1 -1 -1 18 21 -1 -1 -1 -1 -1 24 -1 19 8 -1 -1 -1 -1 -1 1 -1 20 -1 9 -1 -1 
-1 26 2 3 -1 4 -1 -1 -1 -1 0 -1 -1 5 -1 -1 16 -1 -1 -1 -1 -1 6 -1 -1 -1 -1 -1 -1 -1 -1 -1 -1 -1 -1 15 -1 -1 -1 -1 -1 -1 -1 -1 -1 -1 -1 -1 -1 -1 -1 14 -1 -1 -1 -1 -1 -1 29 -1 -1 -1 27 23 -1 -1 -1 18 21 -1 -1 -1 -1 -1 24 -1 19 8 -1 -1 -1 -1 -1 1 -1 20 -1 9 -1 -1 
-1 26 2 3 -1 4 -1 16 -1 -1 0 -1 -1 5 -1 -1 -1 -1 -1 -1 -1 -1 6 -1 -1 -1 -1 -1 -1 -1 -1 -1 -1 -1 -1 15 -1 -1 -1 -1 -1 -1 -1 -1 -1 -1 -1 -1 -1 -1 -1 14 -1 -1 -1 -1 -1 -1 29 -1 -1 -1 27 23 -1 -1 -1 18 21 -1 -1 -1 -1 -1 24 -1 19 8 -1 -1 -1 -1 -1 1 -1 20 -1 9 -1 -1 
-1 26 2 3 -1 -1 -1 16 -1 -1 0 -1 -1 5 4 -1 -1 -1 -1 -1 -1 -1 6 -1 -1 -1 -1 -1 -1 -1 -1 -1 -1 -1 -1 15 -1 -1 -1 -1 -1 -1 -1 -1 -1 -1 -1 -1 -1 -1 -1 14 -1 -1 -1 -1 -1 -1 29 -1 -1 -1 27 23 -1 -1 -1 18 21 -1 -1 -1 -1 -1 24 -1 19 8 -1 -1 -1 -1 -1 1 -1 20 -1 9 -1 -1 
