0 1 2 3 4 5 6 7 8 -1 -1 -1 -1 -1 -1 -1 -1 -1 -1 9 -1 -1 -1 -1 -1 10 -1 11 -1 12 -1 28 -1 14 -1 15 -1 -1 -1 -1 -1 -1 -1 -1 -1 -1 -1 30 -1 -1 -1 -1 -1 -1 -1 -1 -1 -1 29 -1 -1 -1 27 -1 26 -1 -1 -1 -1 -1 25 -1 -1 -1 -1 -1 -1 -1 -1 -1 -1 24 23 22 21 20 19 18 17 16 
0 1 2 3 4 5 6 7 8 -1 -1 -1 -1 -1 -1 -1 -1 -1 -1 -1 9 -1 -1 -1 -1 10 -1 11 -1 12 -1 28 -1 14 -1 15 -1 -1 -1 -1 -1 -1 -1 -1 -1 -1 -1 30 -1 -1 -1 -1 -1 -1 -1 -1 -1 -1 29 -1 -1 -1 27 -1 26 -1 -1 -1 -1 -1 25 -1 -1 -1 -1 -1 -1 -1 -1 -1 -1 24 23 22 21 20 19 18 17 16 
0 1 2 3 4 5 6 7 8 -1 -1 -1 -1 -1 -1 -1 -1 -1 -1 -1 9 -1 -1 -1 -1 10 -1 11 -1 12 -1 28 -1 14 -1 15 -1 -1 -1 -1 -1 -1 -1 -1 -1 -1 -1 30 -1 -1 -1 -1 -1 -1 -1 -1 -1 -1 29 -1 -1 -1 27 -1 26 -1 -1 25 -1 -1 -1 -1 -1 -1 -1 -1 -1 -1 -1 -1 -1 24 23 22 21 20 19 18 17 16 
0 1 2 3 4 5 -1 7 8 -1 -1 -1 -1 -1 -1 -1 -1 -1 -1 -1 9 -1 6 -1 -1 10 -1 11 -1 12 -1 28 -1 14 -1 15 -1 -1 -1 -1 -1 -1 -1 -1 -1 -1 -1 30 -1 -1 -1 -1 -1 -1 -1 -1 -1 -1 29 -1 -1 -1 27 -1 26 -1 -1 25 -1 -1 -1 -1 -1 -1 -1 -1 -1 -1 -1 -1 -1 24 23 22 21 20 19 18 17 16 
0 1 2 3 4 5 -1 7 8 -1 -1 -1 -1 -1 -1 -1 -1 -1 -1 -1 9 -1 6 -1 -1 10 -1 11 -1 12 -1 28 -1 14 -1 15 -1 -1 -1 -1 -1 -1 -1 -1 -1 -1 -1 30 -1 -1 -1 -1 -1 -1 -1 -1 -1 -1 29 -1 -1 -1 27 23 26 -1 -1 25 -1 -1 -1 -1 -1 -1 -1 -1 -1 -1 -1 -1 -1 24 -1 22 21 20 19 18 17 16 
0 -1 2 3 4 5 -1 7 8 -1 -1 -1 -1 -1 -1 -1 -1 -1 1 -1 9 -1 6 -1 -1 10 -1 11 -1 12 -1 28 -1 14 -1 15 -1 -1 -1 -1 -1 -1 -1 -1 -1 -1 -1 30 -1 -1 -1 -1 -1 -1 -1 -1 -1 -1 29 -1 -1 -1 27 23 26 -1 -1 25 -1 -1 -1 -1 -1 -1 -1 -1 -1 -1 -1 -1 -1 24 -1 22 21 20 19 18 17 16 
0 -1 2 3 4 5 -1 7 8 -1 -1 -1 -1 -1 -1 -1 -1 -1 1 -1 9 -1 6 -1 -1 10 -1 11 -1 12 -1 28 -1 14 -1 15 -1 -1 -1 -1 -1 -1 -1 -1 -1 31 -1 30 -1 -1 -1 -1 -1 -1 -1 -1 -1 -1 29 -1 -1 -1 27 23 26 -1 -1 25 -1 -1 -1 -1 -1 -1 -1 -1 -1 -1 -1 -1 -1 24 -1 22 21 20 19 18 17 16 
-1 -1 2 3 4 5 -1 7 8 0 -1 -1 -1 -1 -1 -1 -1 -1 1 -1 9 -1 6 -1 -1 10 -1 11 -1 12 -1 28 -1 14 -1 15 -1 -1 -1 -1 -1 -1 -1 -1 -1 31 -1 30 -1 -1 -1 -1 -1 -1 -1 -1 -1 -1 29 -1 -1 -1 27 23 26 -1 -1 25 -1 -1 -1 -1 -1 -1 -1 -1 -1 -1 -1 -1 -1 24 -1 22 21 20 19 18 17 16 
-1 -1 2 3 4 5 -1 7 8 0 -1 -1 -1 -1 -1 -1 -1 -1 1 -1 9 -1 6 -1 -1 10 -1 11 -1 12 -1 28 -1 14 -1 15 -1 -1 -1 -1 -1 -1 -1 -1 -1 31 23 30 -1 -1 -1 -1 -1 -1 -1 -1 -1 -1 29 -1 -1 -1 27 -1 26 -1 -1 25 -1 -1 -1 -1 -1 -1 -1 -1 -1 -1 -1 -1 -1 24 -1 22 21 20 19 18 17 16 
-1 -1 2 3 4 5 -1 7 8 -1 -1 -1 0 -1 -1 -1 -1 -1 1 -1 9 -1 6 -1 -1 10 -1 11 -1 12 -1 28 -1 14 -1 15 -1 -1 -1 -1 -1 -1 -1 -1 -1 31 23 30 -1 -1 -1 -1 -1 -1 -1 -1 -1 -1 29 -1 -1 -1 27 -1 26 -1 -1 25 -1 -1 -1 -1 -1 -1 -1 -1 -1 -1 -1 -1 -1 24 -1 22 21 20 19 18 17 16 
-1 -1 2 3 4 5 -1 7 8 -1 -1 -1 0 -1 -1 -1 -1 -1 1 -1 9 -1 6 -1 -1 10 -1 11 -1 12 -1 28 -1 14 -1 15 -1 -1 -1 -1 -1 -1 -1 -1 -1 31 23 30 -1 -1 -1 -1 -1 -1 -1 -1 -1 -1 29 -1 -1 -1 27 -1 26 -1 -1 25 -1 17 -1 -1 -1 -1 -1 -1 -1 -1 -1 -1 -1 24 -1 22 21 20 19 18 -1 16 
-1 -1 2 3 4 5 -1 7 8 -1 -1 -1 -1 -1 -1 -1 -1 -1 1 -1 9 -1 6 -1 -1 10 -1 11 -1 12 -1 28 -1 14 -1 15 -1 -1 -1 0 -1 -1 -1 -1 -1 31 23 30 -1 -1 -1 -1 -1 -1 -1 -1 -1 -1 29 -1 -1 -1 27 -1 26 -1 -1 25 -1 17 -1 -1 -1 -1 -1 -1 -1 -1 -1 -1 -1 24 -1 22 21 20 19 18 -1 16 
-1 -1 2 3 4 5 -1 7 8 -1 -1 -1 -1 -1 -1 -1 -1 -1 1 -1 9 -1 6 -1 -1 10 -1 23 -1 12 -1 28 -1 14 -1 15 -1 -1 -1 0 -1 -1 -1 -1 -1 31 -1 30 -1 -1 -1 -1 -1 -1 -1 -1 -1 -1 29 -1 -1 -1 27 -1 26 -1 -1 25 -1 17 -1 -1 -1 -1 -1 -1 -1 -1 -1 -1 -1 24 -1 22 21 20 19 18 -1 16 
-1 -1 2 3 4 -1 -1 7 8 -1 -1 -1 -1 5 -1 -1 -1 -1 1 -1 9 -1 6 -1 -1 10 -1 23 -1 12 -1 28 -1 14 -1 15 -1 -1 -1 0 -1 -1 -1 -1 -1 31 -1 30 -1 -1 -1 -1 -1 -1 -1 -1 -1 -1 29 -1 -1 -1 27 -1 26 -1 -1 25 -1 17 -1 -1 -1 -1 -1 -1 -1 -1 -1 -1 -1 24 -1 22 21 20 19 18 -1 16 
-1 -1 2 3 4 -1 -1 7 8 -1 -1 -1 -1 5 -1 -1 -1 -1 1 -1 9 -1 6 -1 -1 10 -1 23 -1 12 -1 28 -1 14 -1 15 -1 -1 -1 0 -1 -1 -1 -1 -1 31 -1 30 -1 -1 -1 -1 -1 -1 -1 -1 -1 -1 29 -1 -1 -1 27 -1 26 -1 -1 25 -1 17 -1 -1 -1 -1 -1 -1 -1 -1 -1 -1 16 24 -1 22 21 20 19 18 -1 -1 
-1 -1 2 3 4 -1 -1 7 8 -1 -1 -1 -1 5 -1 -1 -1 -1 1 -1 9 -1 6 -1 -1 10 -1 23 -1 12 -1 28 -1 14 -1 -1 -1 -1 -1 0 -1 -1 -1 -1 15 31 -1 30 -1 -1 -1 -1 -1 -1 -1 -1 -1 -1 29 -1 -1 -1 27 -1 26 -1 -1 25 -1 17 -1 -1 -1 -1 -1 -1 -1 -1 -1 -1 16 24 -1 22 21 20 19 18 -1 -1 
-1 -1 2 3 4 -1 -1 7 8 -1 -1 -1 -1 5 -1 -1 -1 -1 1 -1 9 -1 6 -1 -1 10 -1 23 -1 12 -1 28 -1 14 -1 -1 31 -1 -1 0 -1 -1 -1 -1 15 -1 -1 30 -1 -1 -1 -1 -1 -1 -1 -1 -1 -1 29 -1 -1 -1 27 -1 26 -1 -1 25 -1 17 -1 -1 -1 -1 -1 -1 -1 -1 -1 -1 16 24 -1 22 21 20 19 18 -1 -1 
-1 -1 2 3 4 -1 -1 7 8 -1 -1 9 -1 5 -1 -1 -1 -1 1 -1 -1 -1 6 -1 -1 10 -1 23 -1 12 -1 28 -1 14 -1 -1 31 -1 -1 0 -1 -1 -1 -1 15 -1 -1 30 -1 -1 -1 -1 -1 -1 -1 -1 -1 -1 29 -1 -1 -1 27 -1 26 -1 -1 25 -1 17 -1 -1 -1 -1 -1 -1 -1 -1 -1 -1 16 24 -1 22 21 20 19 18 -1 -1 
-1 -1 2 3 4 -1 -1 7 8 -1 -1 9 -1 5 -1 -1 -1 -1 1 -1 -1 -1 6 -1 -1 10 -1 23 -1 12 -1 28 -1 14 -1 -1 31 -1 -1 0 -1 -1 -1 -1 15 -1 -1 30 -1 -1 -1 -1 -1 -1 -1 -1 -1 -1 29 -1 -1 -1 27 -1 26 -1 -1 25 -1 17 -1 -1 -1 16 -1 -1 -1 -1 -1 -1 -1 24 -1 22 21 20 19 18 -1 -1 
-1 -1 2 3 4 -1 -1 7 8 -1 -1 9 -1 5 -1 -1 -1 -1 1 -1 -1 -1 6 -1 -1 10 -1 23 -1 12 -1 28 -1 14 -1 -1 31 -1 -1 0 -1 -1 -1 -1 -1 -1 -1 30 -1 -1 -1 -1 -1 15 -1 -1 -1 -1 29 -1 -1 -1 27 -1 26 -1 -1 25 -1 17 -1 -1 -1 16 -1 -1 -1 -1 -1 -1 -1 24 -1 22 21 20 19 18 -1 -1 
-1 -1 2 3 4 -1 -1 7 8 -1 -1 9 -1 5 -1 -1 -1 -1 1 26 -1 -1 6 -1 -1 10 -1 23 -1 12 -1 28 -1 14 -1 -1 31 -1 -1 0 -1 -1 -1 -1 -1 -1 -1 30 -1 -1 -1 -1 -1 15 -1 -1 -1 -1 29 -1 -1 -1 27 -1 -1 -1 -1 25 -1 17 -1 -1 -1 16 -1 -1 -1 -1 -1 -1 -1 24 -1 22 21 20 19 18 -1 -1 
-1 -1 2 3 4 -1 -1 7 8 -1 -1 9 -1 5 -1 -1 -1 -1 1 26 -1 0 6 -1 -1 10 -1 23 -1 12 -1 28 -1 14 -1 -1 31 -1 -1 -1 -1 -1 -1 -1 -1 -1 -1 30 -1 -1 -1 -1 -1 15 -1 -1 -1 -1 29 -1 -1 -1 27 -1 -1 -1 -1 25 -1 17 -1 -1 -1 16 -1 -1 -1 -1 -1 -1 -1 24 -1 22 21 20 19 18 -1 -1 
-1 -1 2 3 4 -1 -1 7 8 -1 -1 9 -1 5 -1 -1 -1 -1 1 -1 26 0 6 -1 -1 10 -1 23 -1 12 -1 28 -1 14 -1 -1 31 -1 -1 -1 -1 -1 -1 -1 -1 -1 -1 30 -1 -1 -1 -1 -1 15 -1 -1 -1 -1 29 -1 -1 -1 27 -1 -1 -1 -1 25 -1 17 -1 -1 -1 16 -1 -1 -1 -1 -1 -1 -1 24 -1 22 21 20 19 18 -1 -1 
-1 -1 2 3 4 -1 -1 7 8 9 -1 -1 -1 5 -1 -1 -1 -1 1 -1 26 0 6 -1 -1 10 -1 23 -1 12 -1 28 -1 14 -1 -1 31 -1 -1 -1 -1 -1 -1 -1 -1 -1 -1 30 -1 -1 -1 -1 -1 15 -1 -1 -1 -1 29 -1 -1 -1 27 -1 -1 -1 -1 25 -1 17 -1 -1 -1 16 -1 -1 -1 -1 -1 -1 -1 24 -1 22 21 20 19 18 -1 -1 
-1 -1 2 3 4 -1 -1 7 8 9 -1 -1 -1 5 -1 -1 -1 -1 1 -1 26 0 6 -1 -1 10 -1 23 -1 12 -1 28 -1 14 -1 -1 31 -1 30 -1 -1 -1 -1 -1 -1 -1 -1 -1 -1 -1 -1 -1 -1 15 -1 -1 -1 -1 29 -1 -1 -1 27 -1 -1 -1 -1 25 -1 17 -1 -1 -1 16 -1 -1 -1 -1 -1 -1 -1 24 -1 22 21 20 19 18 -1 -1 
-1 -1 2 3 4 -1 -1 7 8 9 -1 -1 -1 5 -1 -1 -1 -1 1 -1 26 0 6 -1 -1 10 -1 23 -1 -1 -1 28 -1 14 -1 -1 31 -1 12 -1 -1 -1 -1 -1 -1 -1 -1 -1 -1 -1 -1 -1 -1 15 -1 -1 -1 -1 29 -1 -1 -1 27 -1 -1 -1 -1 25 -1 17 -1 -1 -1 16 -1 -1 -1 -1 -1 -1 -1 24 -1 22 21 20 19 18 -1 -1 
-1 -1 2 3 4 -1 -1 7 8 9 -1 -1 -1 5 -1 -1 -1 -1 1 -1 26 0 6 -1 -1 10 -1 23 -1 -1 -1 28 -1 14 -1 -1 31 -1 12 -1 -1 -1 -1 -1 -1 24 -1 -1 -1 -1 -1 -1 -1 15 -1 -1 -1 -1 29 -1 -1 -1 27 -1 -1 -1 -1 25 -1 17 -1 -1 -1 16 -1 -1 -1 -1 -1 -1 -1 -1 -1 22 21 20 19 18 -1 -1 
-1 -1 2 3 4 -1 -1 7 8 -1 -1 -1 -1 5 -1 -1 -1 -1 1 -1 26 0 6 -1 -1 10 -1 9 -1 -1 -1 28 -1 14 -1 -1 31 -1 12 -1 -1 -1 -1 -1 -1 24 -1 -1 -1 -1 -1 -1 -1 15 -1 -1 -1 -1 29 -1 -1 -1 27 -1 -1 -1 -1 25 -1 17 -1 -1 -1 16 -1 -1 -1 -1 -1 -1 -1 -1 -1 22 21 20 19 18 -1 -1 
-1 -1 2 3 4 -1 -1 7 8 -1 -1 -1 -1 5 -1 -1 -1 -1 1 -1 26 0 6 -1 -1 10 -1 31 -1 -1 -1 28 -1 14 -1 -1 -1 -1 12 -1 -1 -1 -1 -1 -1 24 -1 -1 -1 -1 -1 -1 -1 15 -1 -1 -1 -1 29 -1 -1 -1 27 -1 -1 -1 -1 25 -1 17 -1 -1 -1 16 -1 -1 -1 -1 -1 -1 -1 -1 -1 22 21 20 19 18 -1 -1 
-1 -1 2 3 4 -1 -1 7 8 -1 -1 -1 -1 5 -1 -1 -1 -1 1 -1 0 -1 6 -1 -1 10 -1 31 -1 -1 -1 28 -1 14 -1 -1 -1 -1 12 -1 -1 -1 -1 -1 -1 24 -1 -1 -1 -1 -1 -1 -1 15 -1 -1 -1 -1 29 -1 -1 -1 27 -1 -1 -1 -1 25 -1 17 -1 -1 -1 16 -1 -1 -1 -1 -1 -1 -1 -1 -1 22 21 20 19 18 -1 -1 
-1 -1 2 3 4 -1 -1 7 8 -1 -1 -1 -1 5 -1 -1 -1 -1 1 -1 0 -1 6 -1 -1 10 -1 31 -1 -1 -1 28 -1 14 -1 -1 -1 -1 12 -1 -1 -1 -1 -1 -1 24 -1 -1 -1 -1 -1 -1 -1 15 -1 -1 -1 -1 29 -1 -1 -1 27 -1 -1 25 -1 -1 -1 17 -1 -1 -1 16 -1 -1 -1 -1 -1 -1 -1 -1 -1 22 21 20 19 18 -1 -1 
-1 -1 2 3 4 -1 -1 7 8 -1 -1 -1 -1 5 -1 -1 -1 -1 1 -1 -1 0 6 -1 -1 10 -1 31 -1 -1 -1 28 -1 14 -1 -1 -1 -1 12 -1 -1 -1 -1 -1 -1 24 -1 -1 -1 -1 -1 -1 -1 15 -1 -1 -1 -1 29 -1 -1 -1 27 -1 -1 25 -1 -1 -1 17 -1 -1 -1 16 -1 -1 -1 -1 -1 -1 -1 -1 -1 22 21 20 19 18 -1 -1 
-1 -1 2 3 4 -1 -1 7 8 -1 -1 -1 -1 5 -1 -1 -1 -1 31 -1 -1 0 6 -1 -1 10 -1 -1 -1 -1 -1 28 -1 14 -1 -1 -1 -1 12 -1 -1 -1 -1 -1 -1 24 -1 -1 -1 -1 -1 -1 -1 15 -1 -1 -1 -1 29 -1 -1 -1 27 -1 -1 25 -1 -1 -1 17 -1 -1 -1 16 -1 -1 -1 -1 -1 -1 -1 -1 -1 22 21 20 19 18 -1 -1 
-1 -1 2 3 4 -1 -1 7 8 -1 -1 -1 -1 5 -1 -1 -1 -1 31 -1 -1 -1 6 -1 -1 10 -1 -1 -1 -1 -1 28 -1 14 -1 -1 -1 -1 12 -1 -1 -1 -1 -1 -1 24 -1 -1 -1 -1 -1 -1 -1 15 -1 -1 -1 -1 29 -1 -1 -1 27 -1 -1 25 0 -1 -1 17 -1 -1 -1 16 -1 -1 -1 -1 -1 -1 -1 -1 -1 22 21 20 19 18 -1 -1 
-1 -1 2 3 4 -1 -1 7 8 -1 -1 -1 -1 5 -1 -1 -1 -1 31 -1 -1 -1 6 -1 -1 10 -1 -1 -1 -1 -1 28 -1 14 -1 -1 -1 -1 12 -1 -1 -1 -1 -1 -1 24 -1 -1 -1 -1 -1 -1 -1 15 -1 -1 -1 -1 29 -1 -1 -1 27 -1 16 25 0 -1 -1 17 -1 -1 -1 -1 -1 -1 -1 -1 -1 -1 -1 -1 -1 22 21 20 19 18 -1 -1 
-1 -1 -1 3 4 -1 -1 7 8 -1 -1 -1 -1 5 -1 -1 -1 -1 2 -1 -1 -1 6 -1 -1 10 -1 -1 -1 -1 -1 28 -1 14 -1 -1 -1 -1 12 -1 -1 -1 -1 -1 -1 24 -1 -1 -1 -1 -1 -1 -1 15 -1 -1 -1 -1 29 -1 -1 -1 27 -1 16 25 0 -1 -1 17 -1 -1 -1 -1 -1 -1 -1 -1 -1 -1 -1 -1 -1 22 21 20 19 18 -1 -1 
-1 -1 -1 3 4 -1 -1 7 8 -1 -1 -1 -1 5 -1 -1 -1 -1 2 -1 -1 -1 6 -1 -1 10 -1 -1 -1 -1 -1 28 -1 14 -1 -1 -1 -1 12 -1 -1 -1 -1 -1 -1 24 -1 -1 -1 -1 -1 -1 -1 15 -1 -1 -1 -1 29 -1 -1 -1 27 -1 16 25 0 22 -1 17 -1 -1 -1 -1 -1 -1 -1 -1 -1 -1 -1 -1 -1 -1 21 20 19 18 -1 -1 
-1 -1 -1 3 4 -1 -1 7 8 -1 -1 -1 -1 5 -1 -1 -1 -1 2 -1 -1 -1 6 -1 -1 10 -1 -1 -1 -1 -1 28 -1 14 -1 -1 -1 -1 12 -1 -1 -1 -1 -1 -1 24 -1 -1 -1 -1 -1 -1 -1 -1 -1 -1 -1 -1 29 -1 -1 -1 15 -1 16 25 0 22 -1 17 -1 -1 -1 -1 -1 -1 -1 -1 -1 -1 -1 -1 -1 -1 21 20 19 18 -1 -1 
-1 -1 -1 3 4 -1 -1 7 8 -1 -1 -1 -1 5 -1 -1 -1 -1 2 -1 -1 -1 6 -1 -1 10 -1 -1 -1 -1 -1 28 -1 14 -1 -1 -1 -1 12 -1 -1 -1 -1 -1 -1 24 -1 -1 -1 -1 -1 -1 -1 -1 -1 -1 -1 -1 29 -1 -1 -1 15 -1 16 25 0 22 -1 17 -1 -1 -1 -1 -1 -1 21 -1 -1 -1 -1 -1 -1 -1 -1 20 19 18 -1 -1 
-1 -1 -1 3 4 -1 -1 7 8 -1 -1 -1 -1 5 -1 -1 -1 -1 2 -1 -1 -1 6 -1 -1 10 -1 -1 -1 -1 0 28 -1 14 -1 -1 -1 -1 12 -1 -1 -1 -1 -1 -1 24 -1 -1 -1 -1 -1 -1 -1 -1 -1 -1 -1 -1 29 -1 -1 -1 15 -1 16 25 -1 22 -1 17 -1 -1 -1 -1 -1 -1 21 -1 -1 -1 -1 -1 -1 -1 -1 20 19 18 -1 -1 
-1 -1 -1 3 4 -1 -1 7 8 -1 -1 -1 -1 5 -1 -1 -1 -1 2 -1 -1 -1 6 -1 -1 10 -1 -1 -1 -1 0 28 -1 14 -1 -1 -1 -1 12 -1 -1 -1 -1 -1 -1 24 16 -1 -1 -1 -1 -1 -1 -1 -1 -1 -1 -1 29 -1 -1 -1 15 -1 -1 25 -1 22 -1 17 -1 -1 -1 -1 -1 -1 21 -1 -1 -1 -1 -1 -1 -1 -1 20 19 18 -1 -1 
-1 -1 -1 3 4 -1 -1 7 8 -1 -1 -1 -1 5 -1 -1 -1 -1 2 -1 -1 -1 6 -1 -1 10 -1 -1 -1 -1 -1 28 -1 14 -1 -1 -1 -1 12 0 -1 -1 -1 -1 -1 24 16 -1 -1 -1 -1 -1 -1 -1 -1 -1 -1 -1 29 -1 -1 -1 15 -1 -1 25 -1 22 -1 17 -1 -1 -1 -1 -1 -1 21 -1 -1 -1 -1 -1 -1 -1 -1 20 19 18 -1 -1 
-1 -1 -1 3 4 -1 -1 7 8 -1 -1 -1 -1 5 -1 -1 -1 -1 2 -1 -1 -1 6 -1 -1 10 -1 -1 16 -1 -1 28 -1 14 -1 -1 -1 -1 12 0 -1 -1 -1 -1 -1 24 -1 -1 -1 -1 -1 -1 -1 -1 -1 -1 -1 -1 29 -1 -1 -1 15 -1 -1 25 -1 22 -1 17 -1 -1 -1 -1 -1 -1 21 -1 -1 -1 -1 -1 -1 -1 -1 20 19 18 -1 -1 
-1 -1 -1 3 4 -1 -1 -1 8 -1 -1 -1 -1 5 7 -1 -1 -1 2 -1 -1 -1 6 -1 -1 10 -1 -1 16 -1 -1 28 -1 14 -1 -1 -1 -1 12 0 -1 -1 -1 -1 -1 24 -1 -1 -1 -1 -1 -1 -1 -1 -1 -1 -1 -1 29 -1 -1 -1 15 -1 -1 25 -1 22 -1 17 -1 -1 -1 -1 -1 -1 21 -1 -1 -1 -1 -1 -1 -1 -1 20 19 18 -1 -1 
-1 -1 -1 3 4 -1 -1 -1 8 -1 -1 -1 -1 5 7 -1 -1 -1 2 -1 -1 -1 6 -1 -1 10 -1 -1 16 -1 -1 28 -1 14 -1 -1 -1 -1 12 0 -1 -1 -1 -1 -1 -1 -1 -1 -1 -1 24 -1 -1 -1 -1 -1 -1 -1 29 -1 -1 -1 15 -1 -1 25 -1 22 -1 17 -1 -1 -1 -1 -1 -1 21 -1 -1 -1 -1 -1 -1 -1 -1 20 19 18 -1 -1 
-1 -1 -1 3 4 -1 -1 -1 -1 -1 -1 -1 -1 5 7 -1 -1 8 2 -1 -1 -1 6 -1 -1 10 -1 -1 16 -1 -1 28 -1 14 -1 -1 -1 -1 12 0 -1 -1 -1 -1 -1 -1 -1 -1 -1 -1 24 -1 -1 -1 -1 -1 -1 -1 29 -1 -1 -1 15 -1 -1 25 -1 22 -1 17 -1 -1 -1 -1 -1 -1 21 -1 -1 -1 -1 -1 -1 -1 -1 20 19 18 -1 -1 
-1 -1 -1 3 4 -1 -1 -1 -1 -1 -1 -1 -1 5 7 -1 -1 8 2 -1 -1 -1 6 -1 -1 10 -1 -1 16 -1 -1 28 -1 14 -1 -1 -1 -1 12 0 -1 -1 -1 -1 -1 -1 -1 -1 -1 -1 24 -1 -1 -1 -1 -1 -1 -1 29 -1 -1 -1 17 -1 -1 25 -1 22 -1 -1 -1 -1 -1 -1 -1 -1 21 -1 -1 -1 -1 -1 -1 -1 -1 20 19 18 -1 -1 
-1 -1 -1 3 4 -1 -1 -1 -1 -1 -1 -1 -1 5 7 -1 -1 -1 2 -1 -1 -1 6 -1 -1 10 -1 -1 16 -1 -1 28 -1 14 -1 -1 -1 -1 12 0 -1 -1 -1 -1 -1 -1 -1 -1 -1 -1 24 -1 -1 -1 -1 -1 -1 -1 29 -1 -1 -1 8 -1 -1 25 -1 22 -1 -1 -1 -1 -1 -1 -1 -1 21 -1 -1 -1 -1 -1 -1 -1 -1 20 19 18 -1 -1 
-1 -1 -1 3 4 -1 -1 -1 -1 -1 -1 -1 -1 5 24 -1 -1 -1 2 -1 -1 -1 6 -1 -1 10 -1 -1 16 -1 -1 28 -1 14 -1 -1 -1 -1 12 0 -1 -1 -1 -1 -1 -1 -1 -1 -1 -1 -1 -1 -1 -1 -1 -1 -1 -1 29 -1 -1 -1 8 -1 -1 25 -1 22 -1 -1 -1 -1 -1 -1 -1 -1 21 -1 -1 -1 -1 -1 -1 -1 -1 20 19 18 -1 -1 
-1 -1 -1 3 4 -1 -1 -1 -1 -1 -1 -1 -1 5 24 -1 -1 -1 2 -1 -1 -1 6 -1 -1 10 -1 -1 16 -1 -1 28 -1 14 -1 -1 -1 -1 12 -1 0 -1 -1 -1 -1 -1 -1 -1 -1 -1 -1 -1 -1 -1 -1 -1 -1 -1 29 -1 -1 -1 8 -1 -1 25 -1 22 -1 -1 -1 -1 -1 -1 -1 -1 21 -1 -1 -1 -1 -1 -1 -1 -1 20 19 18 -1 -1 
-1 -1 -1 3 4 -1 -1 -1 -1 -1 -1 -1 -1 5 -1 -1 -1 -1 2 -1 -1 -1 6 -1 -1 10 -1 -1 16 -1 -1 28 24 14 -1 -1 -1 -1 12 -1 0 -1 -1 -1 -1 -1 -1 -1 -1 -1 -1 -1 -1 -1 -1 -1 -1 -1 29 -1 -1 -1 8 -1 -1 25 -1 22 -1 -1 -1 -1 -1 -1 -1 -1 21 -1 -1 -1 -1 -1 -1 -1 -1 20 19 18 -1 -1 
-1 -1 -1 3 4 -1 -1 -1 -1 -1 -1 -1 -1 5 -1 -1 -1 -1 2 -1 -1 -1 6 -1 -1 10 -1 -1 16 -1 -1 28 24 14 -1 -1 -1 -1 12 -1 0 -1 -1 -1 -1 -1 -1 -1 -1 -1 -1 -1 -1 -1 -1 -1 -1 -1 29 -1 8 -1 -1 -1 -1 25 -1 22 -1 -1 -1 -1 -1 -1 -1 -1 21 -1 -1 -1 -1 -1 -1 -1 -1 20 19 18 -1 -1 
-1 -1 -1 3 4 -1 -1 -1 -1 -1 -1 -1 -1 5 -1 -1 -1 -1 2 -1 -1 -1 6 -1 -1 10 -1 -1 16 -1 -1 24 -1 14 -1 -1 -1 -1 12 -1 0 -1 -1 -1 -1 -1 -1 -1 -1 -1 -1 -1 -1 -1 -1 -1 -1 -1 29 -1 8 -1 -1 -1 -1 25 -1 22 -1 -1 -1 -1 -1 -1 -1 -1 21 -1 -1 -1 -1 -1 -1 -1 -1 20 19 18 -1 -1 
-1 -1 -1 3 4 -1 -1 -1 -1 -1 -1 -1 -1 5 -1 -1 -1 -1 2 -1 -1 -1 6 -1 -1 10 -1 -1 16 -1 -1 24 -1 14 -1 -1 -1 -1 12 -1 -1 -1 -1 -1 -1 -1 -1 -1 -1 -1 -1 -1 -1 -1 -1 -1 -1 -1 0 -1 8 -1 -1 -1 -1 25 -1 22 -1 -1 -1 -1 -1 -1 -1 -1 21 -1 -1 -1 -1 -1 -1 -1 -1 20 19 18 -1 -1 
-1 -1 -1 3 4 -1 -1 -1 -1 -1 -1 -1 -1 5 -1 -1 -1 -1 2 -1 -1 -1 6 -1 -1 10 -1 -1 16 -1 -1 -1 -1 14 -1 -1 -1 -1 12 -1 -1 -1 -1 -1 -1 -1 -1 -1 -1 -1 -1 -1 -1 -1 -1 -1 -1 -1 24 -1 8 -1 -1 -1 -1 25 -1 22 -1 -1 -1 -1 -1 -1 -1 -1 21 -1 -1 -1 -1 -1 -1 -1 -1 20 19 18 -1 -1 
-1 -1 -1 3 4 -1 -1 -1 -1 -1 -1 -1 -1 5 -1 -1 -1 -1 2 -1 -1 -1 6 -1 -1 10 -1 -1 16 -1 -1 -1 -1 14 -1 -1 -1 -1 12 -1 -1 -1 -1 -1 -1 -1 -1 -1 -1 -1 -1 -1 -1 -1 -1 -1 -1 -1 8 -1 -1 -1 -1 -1 -1 25 -1 22 -1 -1 -1 -1 -1 -1 -1 -1 21 -1 -1 -1 -1 -1 -1 -1 -1 20 19 18 -1 -1 
-1 -1 -1 3 4 -1 -1 -1 -1 -1 -1 -1 -1 5 -1 -1 -1 -1 2 -1 -1 -1 6 -1 -1 10 -1 -1 -1 -1 -1 -1 -1 16 -1 -1 -1 -1 12 -1 -1 -1 -1 -1 -1 -1 -1 -1 -1 -1 -1 -1 -1 -1 -1 -1 -1 -1 8 -1 -1 -1 -1 -1 -1 25 -1 22 -1 -1 -1 -1 -1 -1 -1 -1 21 -1 -1 -1 -1 -1 -1 -1 -1 20 19 18 -1 -1 
-1 -1 -1 3 4 -1 -1 -1 -1 -1 -1 -1 -1 5 -1 -1 -1 -1 2 -1 -1 -1 6 -1 -1 -1 -1 -1 -1 -1 -1 -1 -1 16 -1 -1 -1 -1 12 -1 -1 -1 -1 -1 -1 -1 -1 -1 -1 -1 -1 -1 -1 -1 -1 -1 -1 -1 8 -1 -1 -1 -1 -1 -1 25 -1 22 -1 -1 -1 -1 -1 -1 -1 -1 21 -1 -1 -1 -1 -1 -1 -1 -1 20 19 18 10 -1 
-1 -1 -1 3 4 -1 -1 -1 -1 -1 -1 -1 -1 5 -1 -1 -1 -1 2 -1 -1 -1 6 -1 -1 -1 -1 -1 -1 -1 -1 -1 -1 16 -1 -1 -1 -1 12 -1 -1 -1 -1 -1 -1 -1 -1 -1 -1 -1 -1 -1 -1 -1 -1 -1 -1 -1 8 -1 -1 -1 -1 -1 -1 -1 25 22 -1 -1 -1 -1 -1 -1 -1 -1 21 -1 -1 -1 -1 -1 -1 -1 -1 20 19 18 10 -1 
-1 -1 -1 3 4 -1 -1 -1 -1 -1 -1 -1 -1 5 -1 -1 -1 -1 2 -1 -1 -1 6 -1 -1 -1 -1 -1 -1 -1 -1 -1 -1 16 -1 -1 -1 -1 12 -1 -1 -1 -1 -1 -1 -1 -1 -1 -1 -1 -1 -1 -1 -1 -1 -1 -1 0 -1 -1 -1 -1 -1 -1 -1 -1 25 22 -1 -1 -1 -1 -1 -1 -1 -1 21 -1 -1 -1 -1 -1 -1 -1 -1 20 19 18 10 -1 
-1 -1 -1 3 4 -1 -1 -1 -1 -1 -1 -1 -1 5 -1 -1 -1 -1 2 -1 -1 -1 6 -1 -1 -1 -1 -1 -1 -1 -1 -1 -1 -1 -1 -1 -1 -1 12 -1 -1 -1 -1 -1 -1 -1 -1 -1 -1 -1 -1 16 -1 -1 -1 -1 -1 0 -1 -1 -1 -1 -1 -1 -1 -1 25 22 -1 -1 -1 -1 -1 -1 -1 -1 21 -1 -1 -1 -1 -1 -1 -1 -1 20 19 18 10 -1 
