0 1 2 3 4 5 6 7 8 -1 -1 -1 -1 -1 -1 -1 -1 -1 -1 9 -1 -1 -1 -1 -1 10 -1 11 -1 12 -1 28 -1 14 -1 15 -1 -1 -1 -1 -1 -1 -1 -1 -1 -1 -1 30 -1 -1 -1 -1 -1 -1 -1 -1 -1 -1 29 -1 -1 -1 27 -1 26 -1 -1 -1 -1 -1 25 -1 -1 -1 -1 -1 -1 -1 -1 -1 -1 24 23 22 21 20 19 18 17 16 
0 1 2 3 4 5 6 7 8 -1 -1 -1 -1 -1 -1 -1 -1 -1 -1 -1 9 -1 -1 -1 -1 10 -1 11 -1 12 -1 28 -1 14 -1 15 -1 -1 -1 -1 -1 -1 -1 -1 -1 -1 -1 30 -1 -1 -1 -1 -1 -1 -1 -1 -1 -1 29 -1 -1 -1 27 -1 26 -1 -1 -1 -1 -1 25 -1 -1 -1 -1 -1 -1 -1 -1 -1 -1 24 23 22 21 20 19 18 17 16 
0 1 2 3 4 5 6 7 8 -1 -1 -1 -1 -1 -1 -1 -1 -1 -1 -1 9 -1 -1 -1 -1 10 -1 11 -1 12 -1 28 -1 14 -1 15 -1 -1 -1 -1 -1 -1 -1 -1 -1 -1 -1 30 -1 -1 -1 -1 -1 -1 -1 -1 -1 -1 29 -1 -1 -1 27 -1 26 -1 -1 25 -1 -1 -1 -1 -1 -1 -1 -1 -1 -1 -1 -1 -1 24 23 22 21 20 19 18 17 16 
0 1 2 3 4 5 -1 7 8 -1 -1 -1 -1 -1 -1 -1 -1 -1 -1 -1 9 -1 6 -1 -1 10 -1 11 -1 12 -1 28 -1 14 -1 15 -1 -1 -1 -1 -1 -1 -1 -1 -1 -1 -1 30 -1 -1 -1 -1 -1 -1 -1 -1 -1 -1 29 -1 -1 -1 27 -1 26 -1 -1 25 -1 -1 -1 -1 -1 -1 -1 -1 -1 -1 -1 -1 -1 24 23 22 21 20 19 18 17 16 
0 1 2 3 4 5 -1 7 8 -1 -1 -1 -1 -1 -1 -1 -1 -1 -1 -1 9 -1 6 -1 -1 10 -1 11 -1 12 -1 28 -1 14 -1 15 -1 -1 -1 -1 -1 -1 -1 -1 -1 -1 -1 30 -1 -1 -1 -1 -1 -1 -1 -1 -1 -1 29 -1 -1 -1 27 23 26 -1 -1 25 -1 -1 -1 -1 -1 -1 -1 -1 -1 -1 -1 -1 -1 24 -1 22 21 20 19 18 17 16 
0 -1 2 3 4 5 -1 7 8 -1 -1 -1 -1 -1 -1 -1 -1 -1 1 -1 9 -1 6 -1 -1 10 -1 11 -1 12 -1 28 -1 14 -1 15 -1 -1 -1 -1 -1 -1 -1 -1 -1 -1 -1 30 -1 -1 -1 -1 -1 -1 -1 -1 -1 -1 29 -1 -1 -1 27 23 26 -1 -1 25 -1 -1 -1 -1 -1 -1 -1 -1 -1 -1 -1 -1 -1 24 -1 22 21 20 19 18 17 16 
0 -1 2 3 4 5 -1 7 8 -1 -1 -1 -1 -1 -1 -1 -1 -1 1 -1 9 -1 6 -1 -1 10 -1 11 -1 12 -1 28 -1 14 -1 15 -1 -1 -1 -1 -1 -1 -1 -1 -1 -1 -1 30 -1 -1 -1 -1 -1 -1 -1 -1 -1 -1 29 -1 -1 -1 27 23 26 -1 -1 25 -1 -1 -1 -1 -1 -1 -1 -1 -1 -1 -1 -1 -1 -1 24 22 21 20 19 18 17 16 
-1 -1 2 3 4 5 -1 7 8 0 -1 -1 -1 -1 -1 -1 -1 -1 1 -1 9 -1 6 -1 -1 10 -1 11 -1 12 -1 28 -1 14 -1 15 -1 -1 -1 -1 -1 -1 -1 -1 -1 -1 -1 30 -1 -1 -1 -1 -1 -1 -1 -1 -1 -1 29 -1 -1 -1 27 23 26 -1 -1 25 -1 -1 -1 -1 -1 -1 -1 -1 -1 -1 -1 -1 -1 -1 24 22 21 20 19 18 17 16 
-1 -1 2 3 4 5 -1 7 8 0 -1 -1 -1 -1 -1 -1 -1 -1 1 -1 9 -1 6 -1 -1 10 -1 11 -1 12 -1 28 -1 14 -1 15 -1 -1 -1 -1 -1 -1 -1 -1 -1 -1 -1 30 -1 -1 -1 -1 -1 -1 -1 -1 -1 -1 29 -1 -1 -1 27 23 26 -1 -1 25 -1 17 -1 -1 -1 -1 -1 -1 -1 -1 -1 -1 -1 -1 24 22 21 20 19 18 -1 16 
-1 -1 2 3 4 5 -1 7 8 -1 -1 -1 0 -1 -1 -1 -1 -1 1 -1 9 -1 6 -1 -1 10 -1 11 -1 12 -1 28 -1 14 -1 15 -1 -1 -1 -1 -1 -1 -1 -1 -1 -1 -1 30 -1 -1 -1 -1 -1 -1 -1 -1 -1 -1 29 -1 -1 -1 27 23 26 -1 -1 25 -1 17 -1 -1 -1 -1 -1 -1 -1 -1 -1 -1 -1 -1 24 22 21 20 19 18 -1 16 
-1 -1 2 3 4 5 -1 7 8 -1 -1 -1 0 -1 -1 -1 -1 -1 1 -1 9 -1 6 -1 -1 10 -1 11 -1 12 -1 28 -1 14 -1 15 -1 -1 -1 -1 -1 -1 -1 -1 -1 31 -1 30 -1 -1 -1 -1 -1 -1 -1 -1 -1 -1 29 -1 -1 -1 27 23 26 -1 -1 25 -1 17 -1 -1 -1 -1 -1 -1 -1 -1 -1 -1 -1 -1 24 22 21 20 19 18 -1 16 
-1 -1 2 3 4 -1 -1 7 8 -1 -1 -1 0 5 -1 -1 -1 -1 1 -1 9 -1 6 -1 -1 10 -1 11 -1 12 -1 28 -1 14 -1 15 -1 -1 -1 -1 -1 -1 -1 -1 -1 31 -1 30 -1 -1 -1 -1 -1 -1 -1 -1 -1 -1 29 -1 -1 -1 27 23 26 -1 -1 25 -1 17 -1 -1 -1 -1 -1 -1 -1 -1 -1 -1 -1 -1 24 22 21 20 19 18 -1 16 
-1 -1 2 3 4 -1 -1 7 8 -1 -1 -1 0 5 -1 -1 -1 -1 1 -1 9 -1 6 -1 -1 10 -1 11 -1 12 -1 28 -1 14 -1 15 -1 -1 -1 -1 -1 -1 -1 -1 -1 31 -1 30 -1 -1 -1 -1 -1 -1 -1 -1 -1 -1 29 -1 -1 -1 27 23 26 -1 -1 25 -1 17 -1 -1 -1 -1 -1 -1 -1 -1 -1 -1 -1 -1 24 22 21 20 19 18 16 -1 
-1 -1 2 3 4 -1 -1 -1 8 -1 -1 -1 0 5 7 -1 -1 -1 1 -1 9 -1 6 -1 -1 10 -1 11 -1 12 -1 28 -1 14 -1 15 -1 -1 -1 -1 -1 -1 -1 -1 -1 31 -1 30 -1 -1 -1 -1 -1 -1 -1 -1 -1 -1 29 -1 -1 -1 27 23 26 -1 -1 25 -1 17 -1 -1 -1 -1 -1 -1 -1 -1 -1 -1 -1 -1 24 22 21 20 19 18 16 -1 
-1 -1 2 3 4 -1 -1 -1 8 -1 -1 -1 0 5 7 -1 -1 -1 1 -1 9 -1 6 -1 -1 10 -1 11 -1 12 -1 28 -1 14 -1 15 -1 -1 -1 -1 -1 -1 -1 -1 -1 31 23 30 -1 -1 -1 -1 -1 -1 -1 -1 -1 -1 29 -1 -1 -1 27 -1 26 -1 -1 25 -1 17 -1 -1 -1 -1 -1 -1 -1 -1 -1 -1 -1 -1 24 22 21 20 19 18 16 -1 
-1 -1 2 3 4 -1 -1 8 -1 -1 -1 -1 0 5 7 -1 -1 -1 1 -1 9 -1 6 -1 -1 10 -1 11 -1 12 -1 28 -1 14 -1 15 -1 -1 -1 -1 -1 -1 -1 -1 -1 31 23 30 -1 -1 -1 -1 -1 -1 -1 -1 -1 -1 29 -1 -1 -1 27 -1 26 -1 -1 25 -1 17 -1 -1 -1 -1 -1 -1 -1 -1 -1 -1 -1 -1 24 22 21 20 19 18 16 -1 
-1 -1 2 3 4 -1 -1 8 -1 -1 -1 -1 0 5 7 -1 -1 -1 1 -1 9 -1 6 -1 -1 10 -1 23 -1 12 -1 28 -1 14 -1 15 -1 -1 -1 -1 -1 -1 -1 -1 -1 31 -1 30 -1 -1 -1 -1 -1 -1 -1 -1 -1 -1 29 -1 -1 -1 27 -1 26 -1 -1 25 -1 17 -1 -1 -1 -1 -1 -1 -1 -1 -1 -1 -1 -1 24 22 21 20 19 18 16 -1 
-1 -1 2 3 4 -1 -1 8 -1 -1 -1 9 0 5 7 -1 -1 -1 1 -1 -1 -1 6 -1 -1 10 -1 23 -1 12 -1 28 -1 14 -1 15 -1 -1 -1 -1 -1 -1 -1 -1 -1 31 -1 30 -1 -1 -1 -1 -1 -1 -1 -1 -1 -1 29 -1 -1 -1 27 -1 26 -1 -1 25 -1 17 -1 -1 -1 -1 -1 -1 -1 -1 -1 -1 -1 -1 24 22 21 20 19 18 16 -1 
-1 -1 2 3 4 -1 -1 8 -1 -1 -1 9 0 5 7 -1 -1 -1 1 -1 -1 -1 6 -1 -1 10 -1 23 -1 12 -1 28 -1 14 -1 15 -1 -1 -1 -1 -1 -1 -1 -1 -1 31 -1 30 -1 -1 -1 -1 16 -1 -1 -1 -1 -1 29 -1 -1 -1 27 -1 26 -1 -1 25 -1 17 -1 -1 -1 -1 -1 -1 -1 -1 -1 -1 -1 -1 24 22 21 20 19 18 -1 -1 
-1 -1 2 3 4 -1 -1 8 -1 -1 -1 9 -1 5 7 -1 -1 -1 1 -1 -1 -1 6 -1 -1 10 -1 23 -1 12 -1 28 -1 14 -1 15 -1 -1 -1 -1 -1 -1 -1 -1 -1 31 -1 30 -1 -1 -1 -1 16 -1 -1 -1 -1 0 29 -1 -1 -1 27 -1 26 -1 -1 25 -1 17 -1 -1 -1 -1 -1 -1 -1 -1 -1 -1 -1 -1 24 22 21 20 19 18 -1 -1 
-1 -1 2 3 4 -1 -1 8 -1 -1 26 9 -1 5 7 -1 -1 -1 1 -1 -1 -1 6 -1 -1 10 -1 23 -1 12 -1 28 -1 14 -1 15 -1 -1 -1 -1 -1 -1 -1 -1 -1 31 -1 30 -1 -1 -1 -1 16 -1 -1 -1 -1 0 29 -1 -1 -1 27 -1 -1 -1 -1 25 -1 17 -1 -1 -1 -1 -1 -1 -1 -1 -1 -1 -1 -1 24 22 21 20 19 18 -1 -1 
-1 -1 2 3 4 -1 -1 8 -1 -1 26 9 -1 5 7 -1 -1 -1 1 -1 -1 -1 6 -1 10 -1 -1 23 -1 12 -1 28 -1 14 -1 15 -1 -1 -1 -1 -1 -1 -1 -1 -1 31 -1 30 -1 -1 -1 -1 16 -1 -1 -1 -1 0 29 -1 -1 -1 27 -1 -1 -1 -1 25 -1 17 -1 -1 -1 -1 -1 -1 -1 -1 -1 -1 -1 -1 24 22 21 20 19 18 -1 -1 
-1 -1 2 3 4 -1 -1 16 -1 -1 26 9 -1 5 7 -1 -1 -1 1 -1 -1 -1 6 -1 10 -1 -1 23 -1 12 -1 28 -1 14 -1 15 -1 -1 -1 -1 -1 -1 -1 -1 -1 31 -1 30 -1 -1 -1 -1 -1 -1 -1 -1 -1 0 29 -1 -1 -1 27 -1 -1 -1 -1 25 -1 17 -1 -1 -1 -1 -1 -1 -1 -1 -1 -1 -1 -1 24 22 21 20 19 18 -1 -1 
-1 -1 2 3 4 -1 -1 7 -1 -1 26 9 -1 5 -1 -1 -1 -1 1 -1 -1 -1 6 -1 10 -1 -1 23 -1 12 -1 28 -1 14 -1 15 -1 -1 -1 -1 -1 -1 -1 -1 -1 31 -1 30 -1 -1 -1 -1 -1 -1 -1 -1 -1 0 29 -1 -1 -1 27 -1 -1 -1 -1 25 -1 17 -1 -1 -1 -1 -1 -1 -1 -1 -1 -1 -1 -1 24 22 21 20 19 18 -1 -1 
-1 -1 2 3 4 -1 -1 7 -1 -1 26 9 -1 5 -1 -1 -1 -1 1 -1 -1 -1 6 -1 10 -1 -1 23 -1 12 -1 28 -1 14 -1 15 -1 -1 -1 -1 -1 -1 -1 -1 -1 31 -1 30 -1 -1 -1 -1 -1 -1 -1 -1 -1 0 29 -1 -1 -1 27 25 -1 -1 -1 -1 -1 17 -1 -1 -1 -1 -1 -1 -1 -1 -1 -1 -1 -1 24 22 21 20 19 18 -1 -1 
-1 -1 2 3 4 -1 -1 7 -1 -1 26 9 -1 5 -1 -1 -1 -1 1 -1 -1 -1 6 -1 10 -1 -1 23 -1 12 -1 28 -1 -1 -1 15 -1 -1 -1 -1 -1 -1 14 -1 -1 31 -1 30 -1 -1 -1 -1 -1 -1 -1 -1 -1 0 29 -1 -1 -1 27 25 -1 -1 -1 -1 -1 17 -1 -1 -1 -1 -1 -1 -1 -1 -1 -1 -1 -1 24 22 21 20 19 18 -1 -1 
-1 -1 2 3 4 -1 -1 7 -1 -1 26 9 -1 5 -1 -1 -1 -1 1 -1 -1 -1 6 -1 10 -1 -1 23 -1 12 -1 28 -1 -1 -1 15 -1 -1 -1 -1 -1 -1 14 -1 -1 31 -1 30 -1 -1 -1 -1 -1 -1 -1 -1 -1 0 29 -1 -1 -1 27 25 -1 -1 -1 18 -1 17 -1 -1 -1 -1 -1 -1 -1 -1 -1 -1 -1 -1 24 22 21 20 19 -1 -1 -1 
-1 -1 2 3 4 -1 -1 7 -1 -1 26 9 -1 5 -1 -1 -1 -1 1 -1 -1 -1 6 -1 10 -1 -1 23 -1 12 -1 28 -1 -1 -1 15 -1 -1 -1 0 -1 -1 14 -1 -1 31 -1 30 -1 -1 -1 -1 -1 -1 -1 -1 -1 -1 29 -1 -1 -1 27 25 -1 -1 -1 18 -1 17 -1 -1 -1 -1 -1 -1 -1 -1 -1 -1 -1 -1 24 22 21 20 19 -1 -1 -1 
-1 -1 2 3 4 -1 -1 7 -1 26 -1 9 -1 5 -1 -1 -1 -1 1 -1 -1 -1 6 -1 10 -1 -1 23 -1 12 -1 28 -1 -1 -1 15 -1 -1 -1 0 -1 -1 14 -1 -1 31 -1 30 -1 -1 -1 -1 -1 -1 -1 -1 -1 -1 29 -1 -1 -1 27 25 -1 -1 -1 18 -1 17 -1 -1 -1 -1 -1 -1 -1 -1 -1 -1 -1 -1 24 22 21 20 19 -1 -1 -1 
-1 -1 2 3 4 -1 -1 7 -1 26 -1 9 -1 5 -1 -1 -1 -1 1 -1 -1 -1 6 10 -1 -1 -1 23 -1 12 -1 28 -1 -1 -1 15 -1 -1 -1 0 -1 -1 14 -1 -1 31 -1 30 -1 -1 -1 -1 -1 -1 -1 -1 -1 -1 29 -1 -1 -1 27 25 -1 -1 -1 18 -1 17 -1 -1 -1 -1 -1 -1 -1 -1 -1 -1 -1 -1 24 22 21 20 19 -1 -1 -1 
26 -1 2 3 4 -1 -1 7 -1 -1 -1 9 -1 5 -1 -1 -1 -1 1 -1 -1 -1 6 10 -1 -1 -1 23 -1 12 -1 28 -1 -1 -1 15 -1 -1 -1 0 -1 -1 14 -1 -1 31 -1 30 -1 -1 -1 -1 -1 -1 -1 -1 -1 -1 29 -1 -1 -1 27 25 -1 -1 -1 18 -1 17 -1 -1 -1 -1 -1 -1 -1 -1 -1 -1 -1 -1 24 22 21 20 19 -1 -1 -1 
26 -1 2 3 4 -1 -1 -1 -1 -1 -1 9 -1 5 -1 -1 -1 -1 1 -1 -1 -1 6 10 7 -1 -1 23 -1 12 -1 28 -1 -1 -1 15 -1 -1 -1 0 -1 -1 14 -1 -1 31 -1 30 -1 -1 -1 -1 -1 -1 -1 -1 -1 -1 29 -1 -1 -1 27 25 -1 -1 -1 18 -1 17 -1 -1 -1 -1 -1 -1 -1 -1 -1 -1 -1 -1 24 22 21 20 19 -1 -1 -1 
26 -1 2 3 4 -1 -1 -1 -1 -1 -1 9 -1 5 -1 -1 -1 -1 1 -1 -1 -1 6 10 7 -1 -1 23 -1 12 -1 28 -1 -1 -1 15 -1 -1 -1 0 -1 -1 14 -1 -1 31 -1 30 -1 -1 -1 -1 -1 -1 -1 24 -1 -1 29 -1 -1 -1 27 25 -1 -1 -1 18 -1 17 -1 -1 -1 -1 -1 -1 -1 -1 -1 -1 -1 -1 -1 22 21 20 19 -1 -1 -1 
26 -1 2 3 4 -1 -1 -1 -1 -1 -1 9 -1 5 -1 -1 -1 -1 1 -1 -1 -1 6 10 -1 -1 -1 23 -1 12 -1 28 -1 -1 -1 15 -1 -1 -1 0 -1 7 14 -1 -1 31 -1 30 -1 -1 -1 -1 -1 -1 -1 24 -1 -1 29 -1 -1 -1 27 25 -1 -1 -1 18 -1 17 -1 -1 -1 -1 -1 -1 -1 -1 -1 -1 -1 -1 -1 22 21 20 19 -1 -1 -1 
26 -1 2 3 4 -1 -1 -1 -1 -1 -1 9 -1 5 -1 -1 -1 -1 1 -1 -1 -1 6 10 -1 -1 -1 23 -1 12 -1 28 -1 -1 -1 15 -1 -1 -1 0 -1 7 14 -1 -1 31 -1 30 -1 -1 -1 28 -1 -1 -1 24 -1 -1 29 -1 -1 -1 27 25 -1 -1 -1 18 -1 17 -1 -1 -1 -1 -1 -1 -1 -1 -1 -1 -1 -1 -1 22 21 20 19 -1 -1 -1 
26 -1 2 3 4 -1 -1 -1 -1 -1 -1 9 -1 5 -1 -1 -1 -1 1 -1 -1 -1 6 10 -1 -1 -1 23 -1 12 -1 28 -1 -1 -1 15 -1 -1 -1 0 -1 7 -1 -1 -1 31 -1 30 -1 -1 -1 14 -1 -1 -1 24 -1 -1 29 -1 -1 -1 27 25 -1 -1 -1 18 -1 17 -1 -1 -1 -1 -1 -1 -1 -1 -1 -1 -1 -1 -1 22 21 20 19 -1 -1 -1 
26 -1 2 3 4 -1 -1 -1 -1 -1 -1 9 -1 5 -1 -1 -1 -1 1 -1 -1 -1 6 10 -1 -1 -1 23 -1 12 -1 28 -1 -1 -1 15 -1 -1 -1 0 -1 7 -1 -1 -1 31 -1 30 -1 -1 -1 18 -1 -1 -1 24 -1 -1 29 -1 -1 -1 27 25 -1 -1 -1 -1 -1 17 -1 -1 -1 -1 -1 -1 -1 -1 -1 -1 -1 -1 -1 22 21 20 19 -1 -1 -1 
26 -1 2 3 4 -1 -1 -1 -1 -1 -1 -1 -1 5 -1 -1 -1 -1 1 -1 -1 -1 6 10 -1 -1 -1 23 -1 12 -1 28 -1 -1 -1 15 -1 -1 -1 0 -1 7 -1 -1 -1 31 -1 9 -1 -1 -1 18 -1 -1 -1 24 -1 -1 29 -1 -1 -1 27 25 -1 -1 -1 -1 -1 17 -1 -1 -1 -1 -1 -1 -1 -1 -1 -1 -1 -1 -1 22 21 20 19 -1 -1 -1 
26 -1 2 3 4 -1 -1 -1 -1 -1 -1 -1 -1 5 -1 -1 -1 -1 1 -1 -1 -1 6 10 -1 -1 -1 23 -1 12 -1 28 -1 -1 -1 15 -1 -1 -1 0 -1 7 -1 -1 -1 31 -1 9 -1 -1 -1 -1 -1 -1 -1 24 -1 -1 29 -1 -1 -1 27 25 -1 -1 -1 18 -1 17 -1 -1 -1 -1 -1 -1 -1 -1 -1 -1 -1 -1 -1 22 21 20 19 -1 -1 -1 
26 -1 2 3 4 -1 -1 -1 -1 -1 -1 -1 -1 5 -1 -1 -1 -1 1 -1 -1 -1 6 10 -1 -1 -1 23 -1 12 -1 28 -1 -1 -1 15 -1 -1 -1 0 -1 7 -1 -1 -1 31 -1 -1 -1 -1 -1 -1 -1 -1 -1 24 -1 -1 29 -1 -1 -1 27 25 -1 9 -1 18 -1 17 -1 -1 -1 -1 -1 -1 -1 -1 -1 -1 -1 -1 -1 22 21 20 19 -1 -1 -1 
26 -1 2 3 4 -1 -1 -1 -1 -1 -1 -1 -1 5 -1 -1 -1 -1 1 -1 -1 -1 6 10 -1 -1 -1 23 -1 12 -1 28 -1 -1 -1 15 -1 -1 -1 0 -1 7 -1 -1 -1 31 -1 -1 -1 29 -1 -1 -1 -1 -1 24 -1 -1 -1 -1 -1 -1 27 25 -1 9 -1 18 -1 17 -1 -1 -1 -1 -1 -1 -1 -1 -1 -1 -1 -1 -1 22 21 20 19 -1 -1 -1 
26 -1 2 3 4 -1 -1 -1 -1 -1 -1 -1 -1 5 -1 -1 -1 -1 1 -1 -1 -1 6 10 -1 -1 -1 23 -1 12 -1 28 -1 -1 -1 15 -1 -1 -1 -1 -1 7 -1 -1 -1 31 -1 -1 0 29 -1 -1 -1 -1 -1 24 -1 -1 -1 -1 -1 -1 27 25 -1 9 -1 18 -1 17 -1 -1 -1 -1 -1 -1 -1 -1 -1 -1 -1 -1 -1 22 21 20 19 -1 -1 -1 
26 -1 2 3 4 -1 -1 -1 -1 -1 -1 -1 -1 5 -1 -1 -1 -1 1 -1 -1 -1 6 10 -1 -1 -1 23 -1 12 -1 28 -1 -1 -1 15 -1 -1 -1 -1 -1 7 -1 -1 -1 31 -1 -1 0 29 -1 -1 -1 -1 -1 24 -1 -1 17 -1 -1 -1 27 25 -1 9 -1 18 -1 -1 -1 -1 -1 -1 -1 -1 -1 -1 -1 -1 -1 -1 -1 22 21 20 19 -1 -1 -1 
26 -1 2 3 4 -1 -1 -1 -1 -1 -1 -1 -1 5 -1 -1 -1 -1 1 -1 -1 -1 6 10 -1 -1 -1 23 -1 12 -1 28 -1 -1 -1 15 -1 -1 -1 -1 -1 -1 -1 -1 -1 31 -1 -1 0 29 -1 -1 -1 -1 -1 24 -1 -1 7 -1 -1 -1 27 25 -1 9 -1 18 -1 -1 -1 -1 -1 -1 -1 -1 -1 -1 -1 -1 -1 -1 -1 22 21 20 19 -1 -1 -1 
26 -1 2 3 4 -1 -1 -1 -1 -1 -1 -1 -1 5 -1 -1 -1 -1 1 -1 -1 -1 6 10 -1 -1 -1 23 -1 12 -1 28 -1 -1 -1 15 -1 -1 -1 -1 -1 -1 -1 -1 -1 31 -1 -1 0 29 -1 -1 -1 -1 -1 -1 -1 -1 24 -1 -1 -1 27 25 -1 9 -1 18 -1 -1 -1 -1 -1 -1 -1 -1 -1 -1 -1 -1 -1 -1 -1 22 21 20 19 -1 -1 -1 
26 -1 2 3 4 -1 -1 -1 -1 -1 -1 1 -1 5 -1 -1 -1 -1 -1 -1 -1 -1 6 10 -1 -1 -1 23 -1 12 -1 28 -1 -1 -1 15 -1 -1 -1 -1 -1 -1 -1 -1 -1 31 -1 -1 0 29 -1 -1 -1 -1 -1 -1 -1 -1 24 -1 -1 -1 27 25 -1 9 -1 18 -1 -1 -1 -1 -1 -1 -1 -1 -1 -1 -1 -1 -1 -1 -1 22 21 20 19 -1 -1 -1 
26 -1 2 3 4 -1 -1 -1 -1 -1 23 1 -1 5 -1 -1 -1 -1 -1 -1 -1 -1 6 10 -1 -1 -1 -1 -1 12 -1 28 -1 -1 -1 15 -1 -1 -1 -1 -1 -1 -1 -1 -1 31 -1 -1 0 29 -1 -1 -1 -1 -1 -1 -1 -1 24 -1 -1 -1 27 25 -1 9 -1 18 -1 -1 -1 -1 -1 -1 -1 -1 -1 -1 -1 -1 -1 -1 -1 22 21 20 19 -1 -1 -1 
26 -1 2 3 4 -1 -1 -1 -1 -1 23 1 -1 5 -1 -1 -1 -1 -1 -1 -1 -1 6 10 -1 -1 -1 -1 -1 12 -1 28 -1 -1 -1 15 -1 -1 -1 -1 -1 -1 -1 -1 -1 0 -1 -1 -1 29 -1 -1 -1 -1 -1 -1 -1 -1 24 -1 -1 -1 27 25 -1 9 -1 18 -1 -1 -1 -1 -1 -1 -1 -1 -1 -1 -1 -1 -1 -1 -1 22 21 20 19 -1 -1 -1 
-1 -1 2 3 4 -1 -1 -1 -1 -1 23 1 -1 5 -1 -1 -1 -1 -1 -1 -1 -1 6 10 -1 -1 -1 26 -1 12 -1 28 -1 -1 -1 15 -1 -1 -1 -1 -1 -1 -1 -1 -1 0 -1 -1 -1 29 -1 -1 -1 -1 -1 -1 -1 -1 24 -1 -1 -1 27 25 -1 9 -1 18 -1 -1 -1 -1 -1 -1 -1 -1 -1 -1 -1 -1 -1 -1 -1 22 21 20 19 -1 -1 -1 
-1 -1 2 3 4 -1 -1 -1 -1 -1 23 1 -1 5 -1 -1 -1 -1 -1 -1 -1 -1 6 10 -1 -1 -1 26 -1 -1 -1 28 -1 -1 -1 15 -1 -1 12 -1 -1 -1 -1 -1 -1 0 -1 -1 -1 29 -1 -1 -1 -1 -1 -1 -1 -1 24 -1 -1 -1 27 25 -1 9 -1 18 -1 -1 -1 -1 -1 -1 -1 -1 -1 -1 -1 -1 -1 -1 -1 22 21 20 19 -1 -1 -1 
-1 -1 2 3 4 -1 -1 -1 -1 -1 23 1 -1 5 -1 -1 -1 -1 -1 -1 -1 -1 6 10 -1 -1 -1 -1 -1 -1 -1 28 -1 -1 -1 26 -1 -1 12 -1 -1 -1 -1 -1 -1 0 -1 -1 -1 29 -1 -1 -1 -1 -1 -1 -1 -1 24 -1 -1 -1 27 25 -1 9 -1 18 -1 -1 -1 -1 -1 -1 -1 -1 -1 -1 -1 -1 -1 -1 -1 22 21 20 19 -1 -1 -1 
-1 -1 2 3 4 -1 -1 -1 -1 -1 23 1 -1 5 -1 -1 -1 -1 -1 -1 -1 -1 6 10 -1 -1 -1 -1 -1 -1 -1 28 -1 -1 -1 26 -1 -1 -1 -1 -1 -1 -1 -1 -1 0 -1 12 -1 29 -1 -1 -1 -1 -1 -1 -1 -1 24 -1 -1 -1 27 25 -1 9 -1 18 -1 -1 -1 -1 -1 -1 -1 -1 -1 -1 -1 -1 -1 -1 -1 22 21 20 19 -1 -1 -1 
-1 -1 2 3 4 -1 -1 -1 -1 -1 23 1 -1 5 -1 -1 -1 -1 -1 -1 -1 -1 6 10 -1 -1 -1 -1 -1 -1 -1 28 -1 -1 -1 26 -1 -1 -1 -1 -1 -1 -1 -1 -1 0 -1 12 -1 29 -1 -1 -1 -1 -1 -1 -1 -1 -1 -1 -1 24 27 25 -1 9 -1 18 -1 -1 -1 -1 -1 -1 -1 -1 -1 -1 -1 -1 -1 -1 -1 22 21 20 19 -1 -1 -1 
-1 -1 2 3 4 -1 6 -1 -1 -1 23 1 -1 5 -1 -1 -1 -1 -1 -1 -1 -1 -1 10 -1 -1 -1 -1 -1 -1 -1 28 -1 -1 -1 26 -1 -1 -1 -1 -1 -1 -1 -1 -1 0 -1 12 -1 29 -1 -1 -1 -1 -1 -1 -1 -1 -1 -1 -1 24 27 25 -1 9 -1 18 -1 -1 -1 -1 -1 -1 -1 -1 -1 -1 -1 -1 -1 -1 -1 22 21 20 19 -1 -1 -1 
-1 -1 2 3 4 -1 6 -1 -1 -1 23 1 -1 5 -1 -1 -1 -1 -1 -1 -1 -1 -1 10 -1 -1 -1 -1 -1 -1 -1 28 -1 -1 -1 26 -1 -1 -1 -1 -1 -1 -1 -1 -1 0 -1 12 -1 29 -1 -1 -1 -1 -1 -1 -1 -1 -1 -1 -1 24 27 25 -1 9 -1 18 -1 -1 -1 -1 -1 -1 -1 -1 19 -1 -1 -1 -1 -1 -1 22 21 20 -1 -1 -1 -1 
-1 -1 2 3 4 -1 6 -1 -1 -1 23 1 -1 5 -1 -1 -1 -1 -1 -1 -1 -1 -1 10 -1 -1 -1 -1 -1 -1 -1 28 -1 -1 -1 26 -1 -1 -1 -1 -1 -1 -1 -1 -1 -1 0 12 -1 29 -1 -1 -1 -1 -1 -1 -1 -1 -1 -1 -1 24 27 25 -1 9 -1 18 -1 -1 -1 -1 -1 -1 -1 -1 19 -1 -1 -1 -1 -1 -1 22 21 20 -1 -1 -1 -1 
-1 -1 2 3 4 -1 6 -1 -1 -1 -1 1 -1 5 -1 -1 -1 -1 -1 -1 -1 -1 -1 10 -1 -1 -1 23 -1 -1 -1 28 -1 -1 -1 26 -1 -1 -1 -1 -1 -1 -1 -1 -1 -1 0 12 -1 29 -1 -1 -1 -1 -1 -1 -1 -1 -1 -1 -1 24 27 25 -1 9 -1 18 -1 -1 -1 -1 -1 -1 -1 -1 19 -1 -1 -1 -1 -1 -1 22 21 20 -1 -1 -1 -1 
-1 -1 2 3 4 -1 6 -1 -1 -1 -1 1 -1 5 -1 -1 -1 -1 -1 -1 -1 -1 -1 10 -1 -1 -1 23 -1 -1 -1 28 -1 -1 -1 26 -1 -1 -1 -1 -1 -1 -1 -1 -1 0 -1 12 -1 29 -1 -1 -1 -1 -1 -1 -1 -1 -1 -1 -1 24 27 25 -1 9 -1 18 -1 -1 -1 -1 -1 -1 -1 -1 19 -1 -1 -1 -1 -1 -1 22 21 20 -1 -1 -1 -1 
-1 -1 2 3 4 -1 6 -1 -1 -1 23 1 -1 5 -1 -1 -1 -1 -1 -1 -1 -1 -1 10 -1 -1 -1 -1 -1 -1 -1 28 -1 -1 -1 26 -1 -1 -1 -1 -1 -1 -1 -1 -1 0 -1 12 -1 29 -1 -1 -1 -1 -1 -1 -1 -1 -1 -1 -1 24 27 25 -1 9 -1 18 -1 -1 -1 -1 -1 -1 -1 -1 19 -1 -1 -1 -1 -1 -1 22 21 20 -1 -1 -1 -1 
-1 -1 2 3 4 -1 6 -1 -1 -1 23 1 -1 5 -1 -1 -1 -1 -1 -1 -1 -1 -1 10 -1 -1 -1 -1 -1 -1 -1 28 -1 -1 -1 26 -1 -1 -1 -1 -1 -1 -1 -1 -1 -1 0 12 -1 29 -1 -1 -1 -1 -1 -1 -1 -1 -1 -1 -1 24 27 25 -1 9 -1 18 -1 -1 -1 -1 -1 -1 -1 -1 19 -1 -1 -1 -1 -1 -1 22 21 20 -1 -1 -1 -1 
-1 -1 2 3 4 -1 6 -1 -1 -1 -1 1 -1 5 -1 -1 -1 -1 -1 -1 -1 -1 -1 10 -1 -1 -1 23 -1 -1 -1 28 -1 -1 -1 26 -1 -1 -1 -1 -1 -1 -1 -1 -1 -1 0 12 -1 29 -1 -1 -1 -1 -1 -1 -1 -1 -1 -1 -1 24 27 25 -1 9 -1 18 -1 -1 -1 -1 -1 -1 -1 -1 19 -1 -1 -1 -1 -1 -1 22 21 20 -1 -1 -1 -1 
-1 -1 2 3 4 -1 6 -1 -1 -1 -1 1 -1 5 -1 -1 -1 -1 -1 -1 -1 -1 -1 10 -1 -1 -1 23 -1 -1 -1 28 -1 -1 -1 26 -1 0 -1 -1 -1 -1 -1 -1 -1 -1 -1 12 -1 29 -1 -1 -1 -1 -1 -1 -1 -1 -1 -1 -1 24 27 25 -1 9 -1 18 -1 -1 -1 -1 -1 -1 -1 -1 19 -1 -1 -1 -1 -1 -1 22 21 20 -1 -1 -1 -1 
-1 -1 2 3 4 -1 6 -1 -1 -1 -1 1 -1 5 -1 -1 -1 -1 -1 -1 -1 -1 -1 10 -1 -1 -1 23 -1 -1 -1 28 -1 -1 -1 26 -1 0 -1 -1 -1 -1 -1 -1 -1 -1 -1 18 -1 29 -1 -1 -1 -1 -1 -1 -1 -1 -1 -1 -1 24 27 25 -1 9 -1 -1 -1 -1 -1 -1 -1 -1 -1 -1 19 -1 -1 -1 -1 -1 -1 22 21 20 -1 -1 -1 -1 
-1 -1 -1 3 4 -1 6 -1 -1 -1 -1 1 -1 5 -1 -1 -1 -1 -1 -1 -1 -1 2 10 -1 -1 -1 23 -1 -1 -1 28 -1 -1 -1 26 -1 0 -1 -1 -1 -1 -1 -1 -1 -1 -1 18 -1 29 -1 -1 -1 -1 -1 -1 -1 -1 -1 -1 -1 24 27 25 -1 9 -1 -1 -1 -1 -1 -1 -1 -1 -1 -1 19 -1 -1 -1 -1 -1 -1 22 21 20 -1 -1 -1 -1 
-1 -1 -1 3 4 -1 6 -1 -1 -1 -1 1 -1 5 -1 -1 -1 -1 -1 -1 -1 -1 2 10 -1 -1 -1 23 -1 -1 -1 28 -1 -1 -1 26 -1 0 -1 -1 -1 -1 -1 -1 -1 -1 -1 -1 -1 29 -1 -1 -1 -1 -1 -1 -1 -1 -1 -1 -1 24 27 25 -1 9 -1 18 -1 -1 -1 -1 -1 -1 -1 -1 19 -1 -1 -1 -1 -1 -1 22 21 20 -1 -1 -1 -1 
-1 -1 -1 3 4 -1 6 -1 -1 -1 -1 1 -1 5 -1 -1 -1 -1 -1 -1 -1 -1 2 10 -1 -1 -1 23 -1 -1 -1 28 -1 -1 -1 26 -1 0 -1 -1 -1 -1 -1 -1 -1 -1 -1 -1 -1 29 -1 -1 -1 -1 -1 -1 -1 -1 -1 -1 -1 24 27 25 9 -1 -1 18 -1 -1 -1 -1 -1 -1 -1 -1 19 -1 -1 -1 -1 -1 -1 22 21 20 -1 -1 -1 -1 
-1 -1 16 3 4 -1 6 -1 -1 -1 -1 1 -1 5 -1 -1 -1 -1 -1 -1 -1 -1 2 10 -1 -1 -1 23 -1 -1 -1 28 -1 -1 -1 26 -1 0 -1 -1 -1 -1 -1 -1 -1 -1 -1 -1 -1 29 -1 -1 -1 -1 -1 -1 -1 -1 -1 -1 -1 24 27 25 9 -1 -1 18 -1 -1 -1 -1 -1 -1 -1 -1 19 -1 -1 -1 -1 -1 -1 22 21 20 -1 -1 -1 -1 
-1 -1 16 3 4 -1 6 -1 -1 -1 -1 -1 -1 5 -1 -1 -1 -1 1 -1 -1 -1 2 10 -1 -1 -1 23 -1 -1 -1 28 -1 -1 -1 26 -1 0 -1 -1 -1 -1 -1 -1 -1 -1 -1 -1 -1 29 -1 -1 -1 -1 -1 -1 -1 -1 -1 -1 -1 24 27 25 9 -1 -1 18 -1 -1 -1 -1 -1 -1 -1 -1 19 -1 -1 -1 -1 -1 -1 22 21 20 -1 -1 -1 -1 
-1 -1 16 3 4 -1 6 -1 26 -1 -1 -1 -1 5 -1 -1 -1 -1 1 -1 -1 -1 2 10 -1 -1 -1 23 -1 -1 -1 28 -1 -1 -1 -1 -1 0 -1 -1 -1 -1 -1 -1 -1 -1 -1 -1 -1 29 -1 -1 -1 -1 -1 -1 -1 -1 -1 -1 -1 24 27 25 9 -1 -1 18 -1 -1 -1 -1 -1 -1 -1 -1 19 -1 -1 -1 -1 -1 -1 22 21 20 -1 -1 -1 -1 
-1 -1 16 3 4 -1 -1 -1 26 -1 -1 -1 -1 5 -1 -1 -1 -1 1 -1 -1 -1 2 10 -1 -1 6 23 -1 -1 -1 28 -1 -1 -1 -1 -1 0 -1 -1 -1 -1 -1 -1 -1 -1 -1 -1 -1 29 -1 -1 -1 -1 -1 -1 -1 -1 -1 -1 -1 24 27 25 9 -1 -1 18 -1 -1 -1 -1 -1 -1 -1 -1 19 -1 -1 -1 -1 -1 -1 22 21 20 -1 -1 -1 -1 
-1 -1 16 3 4 -1 -1 -1 26 -1 -1 -1 -1 5 -1 -1 -1 -1 25 -1 -1 -1 2 10 -1 -1 6 23 -1 -1 -1 28 -1 -1 -1 -1 -1 0 -1 -1 -1 -1 -1 -1 -1 -1 -1 -1 -1 29 -1 -1 -1 -1 -1 -1 -1 -1 -1 -1 -1 24 27 -1 9 -1 -1 18 -1 -1 -1 -1 -1 -1 -1 -1 19 -1 -1 -1 -1 -1 -1 22 21 20 -1 -1 -1 -1 
-1 -1 16 3 4 -1 -1 -1 26 -1 -1 -1 -1 5 -1 -1 -1 -1 10 -1 -1 -1 2 -1 -1 -1 6 23 -1 -1 -1 28 -1 -1 -1 -1 -1 0 -1 -1 -1 -1 -1 -1 -1 -1 -1 -1 -1 29 -1 -1 -1 -1 -1 -1 -1 -1 -1 -1 -1 24 27 -1 9 -1 -1 18 -1 -1 -1 -1 -1 -1 -1 -1 19 -1 -1 -1 -1 -1 -1 22 21 20 -1 -1 -1 -1 
-1 -1 16 3 4 -1 -1 -1 26 -1 -1 -1 -1 5 -1 -1 -1 -1 10 -1 23 -1 2 -1 -1 -1 6 -1 -1 -1 -1 28 -1 -1 -1 -1 -1 0 -1 -1 -1 -1 -1 -1 -1 -1 -1 -1 -1 29 -1 -1 -1 -1 -1 -1 -1 -1 -1 -1 -1 24 27 -1 9 -1 -1 18 -1 -1 -1 -1 -1 -1 -1 -1 19 -1 -1 -1 -1 -1 -1 22 21 20 -1 -1 -1 -1 
-1 -1 16 3 4 -1 -1 -1 26 -1 -1 -1 -1 5 -1 -1 -1 -1 10 -1 23 -1 2 -1 -1 -1 6 -1 -1 -1 -1 28 -1 -1 -1 -1 -1 -1 -1 -1 -1 -1 -1 0 -1 -1 -1 -1 -1 29 -1 -1 -1 -1 -1 -1 -1 -1 -1 -1 -1 24 27 -1 9 -1 -1 18 -1 -1 -1 -1 -1 -1 -1 -1 19 -1 -1 -1 -1 -1 -1 22 21 20 -1 -1 -1 -1 
-1 16 -1 3 4 -1 -1 -1 26 -1 -1 -1 -1 5 -1 -1 -1 -1 10 -1 23 -1 2 -1 -1 -1 6 -1 -1 -1 -1 28 -1 -1 -1 -1 -1 -1 -1 -1 -1 -1 -1 0 -1 -1 -1 -1 -1 29 -1 -1 -1 -1 -1 -1 -1 -1 -1 -1 -1 24 27 -1 9 -1 -1 18 -1 -1 -1 -1 -1 -1 -1 -1 19 -1 -1 -1 -1 -1 -1 22 21 20 -1 -1 -1 -1 
-1 16 -1 3 4 -1 -1 -1 26 -1 -1 -1 -1 5 -1 -1 -1 -1 10 -1 23 -1 2 -1 -1 -1 6 -1 -1 -1 -1 28 -1 -1 -1 -1 -1 -1 -1 -1 -1 -1 -1 0 -1 -1 -1 -1 -1 29 -1 -1 -1 -1 -1 -1 -1 -1 -1 -1 -1 24 27 -1 -1 9 -1 18 -1 -1 -1 -1 -1 -1 -1 -1 19 -1 -1 -1 -1 -1 -1 22 21 20 -1 -1 -1 -1 
-1 16 -1 3 4 -1 -1 -1 26 -1 -1 -1 -1 5 -1 -1 -1 -1 10 -1 -1 -1 2 -1 -1 -1 6 -1 -1 -1 -1 23 -1 -1 -1 -1 -1 -1 -1 -1 -1 -1 -1 0 -1 -1 -1 -1 -1 29 -1 -1 -1 -1 -1 -1 -1 -1 -1 -1 -1 24 27 -1 -1 9 -1 18 -1 -1 -1 -1 -1 -1 -1 -1 19 -1 -1 -1 -1 -1 -1 22 21 20 -1 -1 -1 -1 
-1 16 -1 3 4 -1 -1 -1 26 -1 -1 -1 -1 5 -1 -1 -1 -1 10 -1 -1 -1 2 -1 -1 -1 -1 -1 -1 -1 -1 23 -1 -1 -1 -1 -1 -1 -1 -1 -1 -1 6 0 -1 -1 -1 -1 -1 29 -1 -1 -1 -1 -1 -1 -1 -1 -1 -1 -1 24 27 -1 -1 9 -1 18 -1 -1 -1 -1 -1 -1 -1 -1 19 -1 -1 -1 -1 -1 -1 22 21 20 -1 -1 -1 -1 
-1 16 -1 3 4 -1 -1 -1 26 -1 -1 -1 -1 5 -1 -1 -1 -1 10 -1 -1 -1 2 -1 -1 -1 -1 -1 -1 -1 -1 23 -1 -1 -1 -1 -1 -1 -1 -1 -1 -1 6 0 -1 -1 -1 -1 -1 29 -1 -1 -1 -1 -1 -1 -1 -1 -1 -1 -1 24 27 -1 -1 9 -1 18 -1 -1 -1 -1 -1 -1 -1 17 19 -1 -1 -1 -1 -1 -1 22 21 20 -1 -1 -1 -1 
-1 16 -1 3 4 -1 -1 -1 26 -1 -1 -1 -1 5 -1 -1 -1 -1 10 -1 -1 -1 2 -1 -1 -1 -1 -1 -1 -1 -1 23 -1 -1 -1 -1 -1 -1 -1 -1 -1 -1 6 0 -1 -1 -1 -1 -1 29 -1 -1 -1 -1 -1 -1 -1 -1 -1 -1 -1 24 27 -1 -1 -1 -1 18 -1 -1 -1 -1 -1 -1 9 17 19 -1 -1 -1 -1 -1 -1 22 21 20 -1 -1 -1 -1 
-1 16 -1 3 4 -1 -1 -1 26 -1 -1 -1 -1 5 -1 -1 -1 -1 10 -1 -1 -1 2 -1 -1 -1 -1 -1 -1 -1 -1 23 -1 -1 -1 -1 -1 -1 -1 -1 -1 -1 6 0 -1 -1 -1 -1 -1 29 -1 -1 -1 -1 -1 -1 -1 -1 -1 -1 -1 24 27 -1 17 -1 -1 18 -1 -1 -1 -1 -1 -1 9 -1 19 -1 -1 -1 -1 -1 -1 22 21 20 -1 -1 -1 -1 
-1 16 -1 3 4 -1 -1 -1 26 -1 -1 -1 -1 5 -1 -1 -1 -1 -1 -1 -1 10 2 -1 -1 -1 -1 -1 -1 -1 -1 23 -1 -1 -1 -1 -1 -1 -1 -1 -1 -1 6 0 -1 -1 -1 -1 -1 29 -1 -1 -1 -1 -1 -1 -1 -1 -1 -1 -1 24 27 -1 17 -1 -1 18 -1 -1 -1 -1 -1 -1 9 -1 19 -1 -1 -1 -1 -1 -1 22 21 20 -1 -1 -1 -1 
-1 -1 16 3 4 -1 -1 -1 26 -1 -1 -1 -1 5 -1 -1 -1 -1 -1 -1 -1 10 2 -1 -1 -1 -1 -1 -1 -1 -1 23 -1 -1 -1 -1 -1 -1 -1 -1 -1 -1 6 0 -1 -1 -1 -1 -1 29 -1 -1 -1 -1 -1 -1 -1 -1 -1 -1 -1 24 27 -1 17 -1 -1 18 -1 -1 -1 -1 -1 -1 9 -1 19 -1 -1 -1 -1 -1 -1 22 21 20 -1 -1 -1 -1 
-1 -1 16 3 4 -1 -1 -1 26 -1 -1 -1 -1 5 -1 -1 -1 -1 -1 -1 -1 10 2 -1 -1 -1 -1 -1 -1 -1 -1 23 -1 -1 -1 -1 -1 -1 -1 -1 -1 -1 6 0 -1 -1 -1 -1 -1 29 -1 -1 -1 -1 -1 -1 -1 -1 -1 -1 -1 24 27 -1 17 -1 -1 18 -1 -1 -1 -1 -1 9 -1 -1 19 -1 -1 -1 -1 -1 -1 22 21 20 -1 -1 -1 -1 
-1 -1 16 3 4 -1 -1 -1 26 -1 -1 -1 -1 5 -1 -1 -1 -1 -1 -1 -1 10 2 -1 -1 -1 -1 -1 -1 -1 -1 23 -1 -1 -1 -1 -1 -1 -1 -1 -1 -1 6 0 -1 17 -1 -1 -1 29 -1 -1 -1 -1 -1 -1 -1 -1 -1 -1 -1 24 27 -1 -1 -1 -1 18 -1 -1 -1 -1 -1 9 -1 -1 19 -1 -1 -1 -1 -1 -1 22 21 20 -1 -1 -1 -1 
-1 -1 16 3 4 -1 -1 -1 26 -1 -1 -1 -1 5 -1 -1 -1 -1 -1 9 -1 10 2 -1 -1 -1 -1 -1 -1 -1 -1 23 -1 -1 -1 -1 -1 -1 -1 -1 -1 -1 6 0 -1 17 -1 -1 -1 29 -1 -1 -1 -1 -1 -1 -1 -1 -1 -1 -1 24 27 -1 -1 -1 -1 18 -1 -1 -1 -1 -1 -1 -1 -1 19 -1 -1 -1 -1 -1 -1 22 21 20 -1 -1 -1 -1 
-1 -1 16 3 4 -1 -1 -1 26 -1 -1 -1 -1 5 -1 -1 -1 -1 -1 9 -1 10 2 -1 -1 -1 -1 -1 -1 -1 -1 23 -1 -1 -1 -1 -1 -1 -1 -1 -1 -1 6 0 -1 -1 -1 -1 -1 29 -1 -1 -1 -1 -1 -1 -1 -1 -1 -1 -1 24 27 -1 17 -1 -1 18 -1 -1 -1 -1 -1 -1 -1 -1 19 -1 -1 -1 -1 -1 -1 22 21 20 -1 -1 -1 -1 
-1 -1 16 3 4 -1 -1 -1 26 -1 -1 -1 -1 5 -1 -1 -1 -1 -1 9 -1 10 2 -1 -1 -1 -1 -1 -1 -1 -1 23 -1 -1 0 -1 -1 -1 -1 -1 -1 -1 6 -1 -1 -1 -1 -1 -1 29 -1 -1 -1 -1 -1 -1 -1 -1 -1 -1 -1 24 27 -1 17 -1 -1 18 -1 -1 -1 -1 -1 -1 -1 -1 19 -1 -1 -1 -1 -1 -1 22 21 20 -1 -1 -1 -1 
-1 -1 16 3 4 -1 -1 -1 26 -1 -1 -1 -1 5 -1 -1 -1 -1 -1 9 -1 10 2 -1 -1 -1 -1 -1 -1 -1 -1 23 -1 -1 0 -1 -1 -1 -1 -1 29 -1 6 -1 -1 -1 -1 -1 -1 -1 -1 -1 -1 -1 -1 -1 -1 -1 -1 -1 -1 24 27 -1 17 -1 -1 18 -1 -1 -1 -1 -1 -1 -1 -1 19 -1 -1 -1 -1 -1 -1 22 21 20 -1 -1 -1 -1 
-1 -1 16 3 4 -1 -1 -1 26 -1 -1 -1 -1 5 -1 -1 -1 -1 -1 9 -1 10 2 -1 -1 -1 -1 -1 -1 -1 -1 23 -1 -1 -1 0 -1 -1 -1 -1 29 -1 6 -1 -1 -1 -1 -1 -1 -1 -1 -1 -1 -1 -1 -1 -1 -1 -1 -1 -1 24 27 -1 17 -1 -1 18 -1 -1 -1 -1 -1 -1 -1 -1 19 -1 -1 -1 -1 -1 -1 22 21 20 -1 -1 -1 -1 
-1 -1 16 3 4 -1 -1 26 -1 -1 -1 -1 -1 5 -1 -1 -1 -1 -1 9 -1 10 2 -1 -1 -1 -1 -1 -1 -1 -1 23 -1 -1 -1 0 -1 -1 -1 -1 29 -1 6 -1 -1 -1 -1 -1 -1 -1 -1 -1 -1 -1 -1 -1 -1 -1 -1 -1 -1 24 27 -1 17 -1 -1 18 -1 -1 -1 -1 -1 -1 -1 -1 19 -1 -1 -1 -1 -1 -1 22 21 20 -1 -1 -1 -1 
-1 -1 16 3 4 -1 -1 26 -1 -1 -1 -1 -1 5 -1 -1 -1 -1 -1 9 -1 10 2 -1 -1 -1 -1 -1 0 -1 -1 23 -1 -1 -1 -1 -1 -1 -1 -1 29 -1 6 -1 -1 -1 -1 -1 -1 -1 -1 -1 -1 -1 -1 -1 -1 -1 -1 -1 -1 24 27 -1 17 -1 -1 18 -1 -1 -1 -1 -1 -1 -1 -1 19 -1 -1 -1 -1 -1 -1 22 21 20 -1 -1 -1 -1 
-1 -1 16 3 4 -1 -1 26 -1 -1 -1 -1 -1 5 -1 -1 -1 -1 -1 9 -1 10 2 -1 -1 -1 -1 -1 0 -1 -1 23 -1 -1 -1 -1 -1 -1 -1 -1 29 -1 6 -1 -1 -1 -1 -1 -1 -1 -1 -1 -1 -1 -1 -1 -1 -1 -1 -1 -1 24 27 -1 -1 -1 -1 18 -1 -1 -1 -1 -1 -1 -1 -1 19 -1 -1 -1 -1 17 -1 22 21 20 -1 -1 -1 -1 
-1 -1 16 3 4 -1 -1 26 -1 -1 -1 -1 -1 5 -1 -1 -1 -1 -1 9 -1 10 2 -1 -1 -1 -1 -1 -1 -1 -1 23 -1 -1 0 -1 -1 -1 -1 -1 29 -1 6 -1 -1 -1 -1 -1 -1 -1 -1 -1 -1 -1 -1 -1 -1 -1 -1 -1 -1 24 27 -1 -1 -1 -1 18 -1 -1 -1 -1 -1 -1 -1 -1 19 -1 -1 -1 -1 17 -1 22 21 20 -1 -1 -1 -1 
-1 -1 16 3 4 -1 -1 -1 26 -1 -1 -1 -1 5 -1 -1 -1 -1 -1 9 -1 10 2 -1 -1 -1 -1 -1 -1 -1 -1 23 -1 -1 0 -1 -1 -1 -1 -1 29 -1 6 -1 -1 -1 -1 -1 -1 -1 -1 -1 -1 -1 -1 -1 -1 -1 -1 -1 -1 24 27 -1 -1 -1 -1 18 -1 -1 -1 -1 -1 -1 -1 -1 19 -1 -1 -1 -1 17 -1 22 21 20 -1 -1 -1 -1 
-1 -1 16 3 4 -1 -1 -1 26 -1 -1 -1 -1 5 -1 -1 -1 -1 -1 9 -1 -1 2 -1 -1 -1 -1 -1 -1 -1 -1 23 -1 -1 0 -1 -1 -1 -1 -1 29 -1 6 -1 -1 -1 -1 -1 10 -1 -1 -1 -1 -1 -1 -1 -1 -1 -1 -1 -1 24 27 -1 -1 -1 -1 18 -1 -1 -1 -1 -1 -1 -1 -1 19 -1 -1 -1 -1 17 -1 22 21 20 -1 -1 -1 -1 
-1 -1 16 3 4 -1 -1 -1 26 -1 -1 -1 -1 5 -1 -1 -1 -1 -1 9 -1 -1 2 -1 -1 -1 -1 -1 -1 -1 -1 23 -1 -1 0 -1 -1 -1 -1 -1 29 -1 6 -1 -1 -1 -1 -1 10 -1 -1 -1 -1 -1 -1 -1 -1 -1 -1 -1 -1 24 27 -1 17 -1 -1 18 -1 -1 -1 -1 -1 -1 -1 -1 19 -1 -1 -1 -1 -1 -1 22 21 20 -1 -1 -1 -1 
-1 -1 16 3 4 -1 -1 -1 26 -1 -1 -1 -1 5 -1 -1 -1 -1 -1 9 -1 -1 -1 -1 -1 -1 -1 -1 -1 -1 -1 23 -1 -1 0 -1 -1 -1 2 -1 29 -1 6 -1 -1 -1 -1 -1 10 -1 -1 -1 -1 -1 -1 -1 -1 -1 -1 -1 -1 24 27 -1 17 -1 -1 18 -1 -1 -1 -1 -1 -1 -1 -1 19 -1 -1 -1 -1 -1 -1 22 21 20 -1 -1 -1 -1 
-1 -1 16 3 4 -1 -1 -1 26 -1 -1 -1 -1 5 -1 -1 -1 -1 -1 9 -1 -1 -1 -1 -1 -1 -1 -1 -1 -1 -1 23 -1 -1 0 -1 -1 -1 2 -1 29 -1 6 -1 -1 -1 -1 17 10 -1 -1 -1 -1 -1 -1 -1 -1 -1 -1 -1 -1 24 27 -1 -1 -1 -1 18 -1 -1 -1 -1 -1 -1 -1 -1 19 -1 -1 -1 -1 -1 -1 22 21 20 -1 -1 -1 -1 
-1 -1 16 3 4 -1 -1 -1 26 -1 -1 -1 -1 5 -1 -1 -1 -1 -1 9 -1 -1 -1 -1 -1 -1 -1 -1 -1 -1 -1 23 -1 -1 -1 0 -1 -1 2 -1 29 -1 6 -1 -1 -1 -1 17 10 -1 -1 -1 -1 -1 -1 -1 -1 -1 -1 -1 -1 24 27 -1 -1 -1 -1 18 -1 -1 -1 -1 -1 -1 -1 -1 19 -1 -1 -1 -1 -1 -1 22 21 20 -1 -1 -1 -1 
-1 -1 16 3 4 -1 -1 26 -1 -1 -1 -1 -1 5 -1 -1 -1 -1 -1 9 -1 -1 -1 -1 -1 -1 -1 -1 -1 -1 -1 23 -1 -1 -1 0 -1 -1 2 -1 29 -1 6 -1 -1 -1 -1 17 10 -1 -1 -1 -1 -1 -1 -1 -1 -1 -1 -1 -1 24 27 -1 -1 -1 -1 18 -1 -1 -1 -1 -1 -1 -1 -1 19 -1 -1 -1 -1 -1 -1 22 21 20 -1 -1 -1 -1 
-1 -1 16 3 4 -1 -1 26 -1 -1 -1 -1 -1 5 -1 -1 -1 -1 -1 9 -1 -1 -1 -1 -1 -1 -1 -1 -1 -1 -1 23 -1 -1 0 -1 -1 -1 2 -1 29 -1 6 -1 -1 -1 -1 17 10 -1 -1 -1 -1 -1 -1 -1 -1 -1 -1 -1 -1 24 27 -1 -1 -1 -1 18 -1 -1 -1 -1 -1 -1 -1 -1 19 -1 -1 -1 -1 -1 -1 22 21 20 -1 -1 -1 -1 
-1 -1 16 3 4 -1 -1 -1 26 -1 -1 -1 -1 5 -1 -1 -1 -1 -1 9 -1 -1 -1 -1 -1 -1 -1 -1 -1 -1 -1 23 -1 -1 0 -1 -1 -1 2 -1 29 -1 6 -1 -1 -1 -1 17 10 -1 -1 -1 -1 -1 -1 -1 -1 -1 -1 -1 -1 24 27 -1 -1 -1 -1 18 -1 -1 -1 -1 -1 -1 -1 -1 19 -1 -1 -1 -1 -1 -1 22 21 20 -1 -1 -1 -1 
-1 -1 16 3 4 -1 -1 -1 26 -1 -1 -1 -1 5 -1 -1 -1 -1 -1 -1 -1 -1 -1 -1 -1 -1 -1 -1 9 -1 -1 23 -1 -1 0 -1 -1 -1 2 -1 29 -1 6 -1 -1 -1 -1 17 10 -1 -1 -1 -1 -1 -1 -1 -1 -1 -1 -1 -1 24 27 -1 -1 -1 -1 18 -1 -1 -1 -1 -1 -1 -1 -1 19 -1 -1 -1 -1 -1 -1 22 21 20 -1 -1 -1 -1 
-1 -1 -1 3 16 -1 -1 -1 26 -1 -1 -1 -1 5 -1 -1 -1 -1 -1 -1 -1 -1 -1 -1 -1 -1 -1 -1 9 -1 -1 23 -1 -1 0 -1 -1 -1 2 -1 29 -1 6 -1 -1 -1 -1 17 10 -1 -1 -1 -1 -1 -1 -1 -1 -1 -1 -1 -1 24 27 -1 -1 -1 -1 18 -1 -1 -1 -1 -1 -1 -1 -1 19 -1 -1 -1 -1 -1 -1 22 21 20 -1 -1 -1 -1 
-1 -1 -1 3 16 -1 -1 -1 26 -1 -1 -1 -1 5 -1 -1 -1 -1 -1 -1 -1 10 -1 -1 -1 -1 -1 -1 9 -1 -1 23 -1 -1 0 -1 -1 -1 2 -1 29 -1 6 -1 -1 -1 -1 17 -1 -1 -1 -1 -1 -1 -1 -1 -1 -1 -1 -1 -1 24 27 -1 -1 -1 -1 18 -1 -1 -1 -1 -1 -1 -1 -1 19 -1 -1 -1 -1 -1 -1 22 21 20 -1 -1 -1 -1 
-1 -1 -1 3 -1 -1 16 -1 26 -1 -1 -1 -1 5 -1 -1 -1 -1 -1 -1 -1 10 -1 -1 -1 -1 -1 -1 9 -1 -1 23 -1 -1 0 -1 -1 -1 2 -1 29 -1 6 -1 -1 -1 -1 17 -1 -1 -1 -1 -1 -1 -1 -1 -1 -1 -1 -1 -1 24 27 -1 -1 -1 -1 18 -1 -1 -1 -1 -1 -1 -1 -1 19 -1 -1 -1 -1 -1 -1 22 21 20 -1 -1 -1 -1 
-1 -1 -1 3 -1 -1 16 -1 26 -1 -1 -1 -1 5 -1 -1 -1 -1 -1 -1 -1 10 2 -1 -1 -1 -1 -1 9 -1 -1 23 -1 -1 0 -1 -1 -1 -1 -1 29 -1 6 -1 -1 -1 -1 17 -1 -1 -1 -1 -1 -1 -1 -1 -1 -1 -1 -1 -1 24 27 -1 -1 -1 -1 18 -1 -1 -1 -1 -1 -1 -1 -1 19 -1 -1 -1 -1 -1 -1 22 21 20 -1 -1 -1 -1 
-1 -1 -1 3 -1 -1 16 -1 26 -1 -1 -1 -1 5 -1 -1 -1 -1 -1 -1 -1 10 2 -1 -1 -1 -1 -1 9 -1 -1 23 -1 -1 0 -1 -1 -1 -1 -1 29 -1 6 -1 -1 -1 -1 -1 -1 -1 -1 -1 -1 -1 -1 -1 -1 -1 -1 -1 -1 24 27 -1 -1 -1 17 18 -1 -1 -1 -1 -1 -1 -1 -1 19 -1 -1 -1 -1 -1 -1 22 21 20 -1 -1 -1 -1 
-1 -1 -1 3 -1 -1 16 -1 26 -1 -1 -1 -1 5 -1 -1 -1 -1 -1 -1 -1 10 2 -1 -1 -1 -1 -1 -1 -1 -1 23 -1 -1 0 -1 -1 9 -1 -1 29 -1 6 -1 -1 -1 -1 -1 -1 -1 -1 -1 -1 -1 -1 -1 -1 -1 -1 -1 -1 24 27 -1 -1 -1 17 18 -1 -1 -1 -1 -1 -1 -1 -1 19 -1 -1 -1 -1 -1 -1 22 21 20 -1 -1 -1 -1 
-1 -1 -1 3 -1 -1 16 -1 26 -1 -1 -1 -1 5 -1 -1 -1 -1 -1 -1 -1 10 2 -1 -1 -1 -1 -1 -1 -1 -1 23 -1 -1 0 -1 -1 9 -1 -1 29 -1 6 -1 -1 -1 -1 -1 -1 -1 -1 -1 -1 -1 -1 -1 -1 -1 -1 -1 -1 24 27 -1 -1 -1 -1 18 -1 -1 -1 -1 -1 -1 -1 -1 19 -1 -1 -1 -1 -1 -1 17 21 20 -1 -1 -1 -1 
-1 -1 -1 3 -1 -1 16 -1 26 -1 -1 -1 -1 5 -1 -1 -1 -1 -1 -1 -1 10 2 -1 -1 -1 -1 -1 9 -1 -1 23 -1 -1 0 -1 -1 -1 -1 -1 29 -1 6 -1 -1 -1 -1 -1 -1 -1 -1 -1 -1 -1 -1 -1 -1 -1 -1 -1 -1 24 27 -1 -1 -1 -1 18 -1 -1 -1 -1 -1 -1 -1 -1 19 -1 -1 -1 -1 -1 -1 17 21 20 -1 -1 -1 -1 
-1 -1 -1 3 -1 -1 16 -1 26 -1 -1 -1 -1 5 -1 -1 -1 -1 -1 -1 -1 10 2 -1 -1 -1 -1 -1 9 -1 -1 23 -1 -1 0 -1 -1 -1 -1 -1 29 -1 6 -1 -1 -1 -1 -1 -1 -1 -1 -1 -1 -1 -1 -1 -1 -1 -1 -1 -1 24 27 -1 -1 -1 -1 18 -1 -1 -1 -1 -1 -1 -1 -1 17 -1 -1 -1 -1 -1 -1 -1 21 20 -1 -1 -1 -1 
-1 -1 -1 3 -1 -1 16 -1 26 -1 -1 -1 -1 5 -1 -1 -1 -1 -1 -1 -1 10 2 -1 -1 -1 -1 -1 9 -1 -1 23 -1 -1 -1 -1 -1 -1 -1 -1 29 -1 6 -1 -1 -1 -1 -1 -1 -1 -1 -1 -1 -1 -1 -1 -1 -1 -1 -1 -1 24 27 -1 -1 -1 -1 18 -1 -1 -1 -1 -1 -1 -1 -1 17 -1 -1 -1 -1 -1 -1 -1 21 20 -1 -1 0 -1 
-1 -1 -1 3 -1 -1 16 -1 26 -1 -1 -1 -1 5 -1 -1 -1 -1 -1 -1 -1 10 2 -1 -1 -1 -1 -1 9 -1 -1 23 -1 -1 -1 -1 -1 -1 -1 -1 29 -1 6 -1 -1 -1 -1 -1 -1 -1 -1 -1 -1 -1 -1 -1 -1 -1 -1 -1 -1 24 27 -1 -1 -1 -1 18 -1 -1 -1 -1 -1 -1 -1 -1 -1 -1 -1 -1 -1 -1 -1 -1 21 20 19 -1 0 -1 
-1 -1 -1 3 -1 -1 16 -1 26 -1 -1 -1 -1 5 -1 -1 -1 -1 -1 -1 -1 10 2 -1 -1 -1 -1 -1 9 -1 -1 23 -1 -1 -1 -1 -1 -1 -1 -1 29 -1 6 -1 -1 -1 -1 -1 -1 -1 -1 -1 0 -1 -1 -1 -1 -1 -1 -1 -1 24 27 -1 -1 -1 -1 18 -1 -1 -1 -1 -1 -1 -1 -1 -1 -1 -1 -1 -1 -1 -1 -1 21 20 19 -1 -1 -1 
-1 -1 -1 3 -1 -1 16 -1 26 -1 -1 -1 -1 5 -1 -1 -1 -1 -1 -1 -1 10 2 -1 -1 -1 -1 -1 9 -1 -1 23 -1 -1 -1 -1 -1 -1 -1 -1 29 -1 6 -1 -1 -1 -1 -1 -1 -1 -1 -1 0 -1 -1 -1 -1 -1 -1 -1 -1 24 27 -1 -1 -1 -1 18 -1 -1 -1 -1 -1 -1 -1 -1 -1 -1 -1 -1 -1 -1 -1 -1 21 20 19 -1 -1 -1 
-1 -1 -1 3 -1 -1 16 -1 26 -1 -1 -1 -1 5 -1 -1 -1 -1 -1 -1 -1 10 2 -1 -1 -1 -1 -1 -1 -1 -1 23 -1 -1 -1 9 -1 -1 -1 -1 29 -1 6 -1 -1 -1 -1 -1 -1 -1 -1 -1 0 -1 -1 -1 -1 -1 -1 -1 -1 24 27 -1 -1 -1 -1 18 -1 -1 -1 -1 -1 -1 -1 -1 -1 -1 -1 -1 -1 -1 -1 -1 21 20 19 -1 -1 -1 
-1 -1 -1 3 -1 -1 -1 16 26 -1 -1 -1 -1 5 -1 -1 -1 -1 -1 -1 -1 10 2 -1 -1 -1 -1 -1 -1 -1 -1 23 -1 -1 -1 9 -1 -1 -1 -1 29 -1 6 -1 -1 -1 -1 -1 -1 -1 -1 -1 0 -1 -1 -1 -1 -1 -1 -1 -1 24 27 -1 -1 -1 -1 18 -1 -1 -1 -1 -1 -1 -1 -1 -1 -1 -1 -1 -1 -1 -1 -1 21 20 19 -1 -1 -1 
-1 -1 -1 3 -1 -1 -1 16 26 -1 -1 -1 -1 5 -1 -1 -1 -1 -1 -1 -1 10 2 -1 -1 -1 -1 -1 -1 -1 -1 23 -1 -1 -1 9 -1 -1 -1 -1 29 -1 6 -1 -1 -1 -1 -1 -1 -1 -1 -1 -1 -1 -1 -1 -1 -1 -1 -1 -1 0 27 -1 -1 -1 -1 18 -1 -1 -1 -1 -1 -1 -1 -1 -1 -1 -1 -1 -1 -1 -1 -1 21 20 19 -1 -1 -1 
-1 -1 -1 3 -1 -1 -1 16 26 -1 -1 -1 -1 5 -1 -1 -1 -1 -1 -1 -1 10 2 -1 -1 -1 -1 -1 -1 -1 -1 23 -1 -1 -1 9 -1 -1 -1 -1 29 -1 6 -1 -1 -1 -1 -1 -1 -1 -1 -1 -1 -1 -1 -1 -1 -1 -1 -1 -1 0 27 -1 -1 -1 -1 18 -1 -1 -1 -1 -1 -1 -1 -1 -1 -1 -1 -1 -1 -1 -1 -1 21 20 19 -1 17 -1 
-1 -1 -1 3 -1 -1 -1 16 26 -1 -1 -1 -1 5 -1 -1 -1 9 -1 -1 -1 10 2 -1 -1 -1 -1 -1 -1 -1 -1 23 -1 -1 -1 -1 -1 -1 -1 -1 29 -1 6 -1 -1 -1 -1 -1 -1 -1 -1 -1 -1 -1 -1 -1 -1 -1 -1 -1 -1 0 27 -1 -1 -1 -1 18 -1 -1 -1 -1 -1 -1 -1 -1 -1 -1 -1 -1 -1 -1 -1 -1 21 20 19 -1 17 -1 
-1 -1 -1 3 -1 -1 -1 16 26 -1 -1 -1 -1 5 -1 -1 -1 9 -1 -1 -1 10 2 -1 -1 -1 -1 -1 -1 -1 -1 23 -1 -1 -1 -1 -1 -1 -1 -1 29 -1 6 -1 -1 -1 -1 -1 -1 -1 -1 -1 -1 27 -1 -1 -1 -1 -1 -1 -1 0 -1 -1 -1 -1 -1 18 -1 -1 -1 -1 -1 -1 -1 -1 -1 -1 -1 -1 -1 -1 -1 -1 21 20 19 -1 17 -1 
-1 -1 -1 3 -1 -1 -1 16 26 -1 -1 -1 -1 -1 -1 -1 -1 9 -1 -1 -1 10 2 5 -1 -1 -1 -1 -1 -1 -1 23 -1 -1 -1 -1 -1 -1 -1 -1 29 -1 6 -1 -1 -1 -1 -1 -1 -1 -1 -1 -1 27 -1 -1 -1 -1 -1 -1 -1 0 -1 -1 -1 -1 -1 18 -1 -1 -1 -1 -1 -1 -1 -1 -1 -1 -1 -1 -1 -1 -1 -1 21 20 19 -1 17 -1 
-1 -1 -1 3 -1 -1 -1 16 26 -1 -1 -1 -1 -1 -1 -1 -1 9 -1 -1 -1 10 2 5 -1 -1 -1 -1 -1 -1 -1 23 -1 -1 -1 -1 -1 -1 -1 -1 29 -1 6 -1 27 -1 -1 -1 -1 -1 -1 -1 -1 -1 -1 -1 -1 -1 -1 -1 -1 0 -1 -1 -1 -1 -1 18 -1 -1 -1 -1 -1 -1 -1 -1 -1 -1 -1 -1 -1 -1 -1 -1 21 20 19 -1 17 -1 
-1 -1 -1 -1 -1 -1 -1 16 26 -1 -1 -1 -1 3 -1 -1 -1 9 -1 -1 -1 10 2 5 -1 -1 -1 -1 -1 -1 -1 23 -1 -1 -1 -1 -1 -1 -1 -1 29 -1 6 -1 27 -1 -1 -1 -1 -1 -1 -1 -1 -1 -1 -1 -1 -1 -1 -1 -1 0 -1 -1 -1 -1 -1 18 -1 -1 -1 -1 -1 -1 -1 -1 -1 -1 -1 -1 -1 -1 -1 -1 21 20 19 -1 17 -1 
-1 -1 -1 -1 -1 -1 -1 26 -1 -1 -1 -1 -1 3 -1 -1 -1 9 -1 -1 -1 10 2 5 -1 -1 -1 -1 -1 -1 -1 23 -1 -1 -1 -1 -1 -1 -1 -1 29 -1 6 -1 27 -1 -1 -1 -1 -1 -1 -1 -1 -1 -1 -1 -1 -1 -1 -1 -1 0 -1 -1 -1 -1 -1 18 -1 -1 -1 -1 -1 -1 -1 -1 -1 -1 -1 -1 -1 -1 -1 -1 21 20 19 -1 17 -1 
-1 -1 -1 -1 -1 -1 -1 26 -1 -1 -1 -1 -1 3 -1 -1 9 -1 -1 -1 -1 10 2 5 -1 -1 -1 -1 -1 -1 -1 23 -1 -1 -1 -1 -1 -1 -1 -1 29 -1 6 -1 27 -1 -1 -1 -1 -1 -1 -1 -1 -1 -1 -1 -1 -1 -1 -1 -1 0 -1 -1 -1 -1 -1 18 -1 -1 -1 -1 -1 -1 -1 -1 -1 -1 -1 -1 -1 -1 -1 -1 21 20 19 -1 17 -1 
-1 -1 -1 -1 -1 -1 -1 -1 26 -1 -1 -1 -1 3 -1 -1 9 -1 -1 -1 -1 10 2 5 -1 -1 -1 -1 -1 -1 -1 23 -1 -1 -1 -1 -1 -1 -1 -1 29 -1 6 -1 27 -1 -1 -1 -1 -1 -1 -1 -1 -1 -1 -1 -1 -1 -1 -1 -1 0 -1 -1 -1 -1 -1 18 -1 -1 -1 -1 -1 -1 -1 -1 -1 -1 -1 -1 -1 -1 -1 -1 21 20 19 -1 17 -1 
-1 -1 -1 -1 -1 -1 -1 -1 26 -1 -1 -1 -1 3 -1 -1 -1 9 -1 -1 -1 10 2 5 -1 -1 -1 -1 -1 -1 -1 23 -1 -1 -1 -1 -1 -1 -1 -1 29 -1 6 -1 27 -1 -1 -1 -1 -1 -1 -1 -1 -1 -1 -1 -1 -1 -1 -1 -1 0 -1 -1 -1 -1 -1 18 -1 -1 -1 -1 -1 -1 -1 -1 -1 -1 -1 -1 -1 -1 -1 -1 21 20 19 -1 17 -1 
