0 1 2 3 4 5 6 7 8 -1 -1 -1 -1 -1 -1 -1 -1 -1 -1 9 -1 -1 -1 -1 -1 10 -1 11 -1 12 -1 28 -1 14 -1 15 -1 -1 -1 -1 -1 -1 -1 -1 -1 -1 -1 30 -1 -1 -1 -1 -1 -1 -1 -1 -1 -1 29 -1 -1 -1 27 -1 26 -1 -1 -1 -1 -1 25 -1 -1 -1 -1 -1 -1 -1 -1 -1 -1 24 23 22 21 20 19 18 17 16 
0 1 2 3 4 5 6 7 8 -1 -1 -1 -1 -1 -1 -1 -1 -1 -1 -1 9 -1 -1 -1 -1 10 -1 11 -1 12 -1 28 -1 14 -1 15 -1 -1 -1 -1 -1 -1 -1 -1 -1 -1 -1 30 -1 -1 -1 -1 -1 -1 -1 -1 -1 -1 29 -1 -1 -1 27 -1 26 -1 -1 -1 -1 -1 25 -1 -1 -1 -1 -1 -1 -1 -1 -1 -1 24 23 22 21 20 19 18 17 16 
0 1 2 3 4 5 6 7 8 -1 -1 -1 -1 -1 -1 -1 -1 -1 -1 -1 9 -1 -1 -1 -1 10 -1 11 -1 12 -1 28 -1 14 -1 15 -1 -1 -1 -1 -1 -1 -1 -1 -1 -1 -1 30 -1 -1 -1 -1 -1 -1 -1 -1 -1 -1 29 -1 -1 -1 27 -1 26 -1 -1 25 -1 -1 -1 -1 -1 -1 -1 -1 -1 -1 -1 -1 -1 24 23 22 21 20 19 18 17 16 
0 1 -1 3 4 5 6 7 8 -1 -1 -1 -1 -1 -1 -1 -1 -1 -1 -1 9 -1 2 -1 -1 10 -1 11 -1 12 -1 28 -1 14 -1 15 -1 -1 -1 -1 -1 -1 -1 -1 -1 -1 -1 30 -1 -1 -1 -1 -1 -1 -1 -1 -1 -1 29 -1 -1 -1 27 -1 26 -1 -1 25 -1 -1 -1 -1 -1 -1 -1 -1 -1 -1 -1 -1 -1 24 23 22 21 20 19 18 17 16 
0 1 -1 3 4 5 6 7 8 -1 -1 -1 -1 -1 -1 -1 -1 -1 -1 -1 9 -1 2 -1 -1 10 -1 11 -1 12 -1 28 -1 14 -1 15 -1 -1 -1 -1 -1 -1 -1 -1 -1 -1 -1 30 -1 -1 -1 -1 -1 -1 -1 -1 -1 -1 29 -1 -1 -1 27 -1 26 -1 -1 25 -1 17 -1 -1 -1 -1 -1 -1 -1 -1 -1 -1 -1 24 23 22 21 20 19 18 -1 16 
0 1 -1 3 4 5 6 7 -1 -1 -1 -1 -1 -1 -1 -1 -1 8 -1 -1 9 -1 2 -1 -1 10 -1 11 -1 12 -1 28 -1 14 -1 15 -1 -1 -1 -1 -1 -1 -1 -1 -1 -1 -1 30 -1 -1 -1 -1 -1 -1 -1 -1 -1 -1 29 -1 -1 -1 27 -1 26 -1 -1 25 -1 17 -1 -1 -1 -1 -1 -1 -1 -1 -1 -1 -1 24 23 22 21 20 19 18 -1 16 
0 1 -1 3 4 5 6 7 -1 -1 -1 -1 -1 -1 -1 -1 -1 8 -1 -1 9 -1 2 -1 -1 10 -1 11 -1 12 -1 28 -1 14 -1 15 -1 -1 -1 -1 -1 -1 -1 -1 -1 -1 -1 30 -1 -1 -1 -1 -1 -1 -1 -1 -1 -1 29 -1 -1 -1 27 -1 26 23 -1 25 -1 17 -1 -1 -1 -1 -1 -1 -1 -1 -1 -1 -1 24 -1 22 21 20 19 18 -1 16 
0 1 -1 3 4 5 6 7 -1 -1 8 -1 -1 -1 -1 -1 -1 -1 -1 -1 9 -1 2 -1 -1 10 -1 11 -1 12 -1 28 -1 14 -1 15 -1 -1 -1 -1 -1 -1 -1 -1 -1 -1 -1 30 -1 -1 -1 -1 -1 -1 -1 -1 -1 -1 29 -1 -1 -1 27 -1 26 23 -1 25 -1 17 -1 -1 -1 -1 -1 -1 -1 -1 -1 -1 -1 24 -1 22 21 20 19 18 -1 16 
0 1 -1 3 4 5 6 7 -1 -1 8 -1 -1 -1 -1 -1 -1 -1 -1 -1 9 -1 2 -1 -1 10 -1 11 -1 12 -1 28 -1 14 -1 15 -1 -1 -1 -1 -1 -1 -1 -1 -1 -1 -1 30 -1 -1 -1 -1 -1 -1 -1 -1 -1 -1 29 -1 -1 -1 27 -1 26 23 -1 25 -1 17 -1 -1 -1 -1 -1 -1 -1 -1 -1 -1 -1 24 -1 22 21 20 19 18 16 -1 
0 1 -1 3 4 5 6 -1 -1 -1 8 -1 -1 -1 -1 -1 -1 -1 -1 -1 9 -1 2 -1 -1 10 7 11 -1 12 -1 28 -1 14 -1 15 -1 -1 -1 -1 -1 -1 -1 -1 -1 -1 -1 30 -1 -1 -1 -1 -1 -1 -1 -1 -1 -1 29 -1 -1 -1 27 -1 26 23 -1 25 -1 17 -1 -1 -1 -1 -1 -1 -1 -1 -1 -1 -1 24 -1 22 21 20 19 18 16 -1 
0 1 -1 3 4 5 6 -1 -1 -1 8 -1 -1 -1 -1 -1 -1 -1 -1 -1 9 -1 2 -1 -1 10 7 11 -1 12 -1 25 -1 14 -1 15 -1 -1 -1 -1 -1 -1 -1 -1 -1 -1 -1 30 -1 -1 -1 -1 -1 -1 -1 -1 -1 -1 29 -1 -1 -1 27 -1 26 23 -1 -1 -1 17 -1 -1 -1 -1 -1 -1 -1 -1 -1 -1 -1 24 -1 22 21 20 19 18 16 -1 
0 1 -1 -1 4 5 6 -1 -1 -1 8 -1 -1 3 -1 -1 -1 -1 -1 -1 9 -1 2 -1 -1 10 7 11 -1 12 -1 25 -1 14 -1 15 -1 -1 -1 -1 -1 -1 -1 -1 -1 -1 -1 30 -1 -1 -1 -1 -1 -1 -1 -1 -1 -1 29 -1 -1 -1 27 -1 26 23 -1 -1 -1 17 -1 -1 -1 -1 -1 -1 -1 -1 -1 -1 -1 24 -1 22 21 20 19 18 16 -1 
0 1 -1 -1 4 5 6 -1 -1 -1 8 -1 -1 3 -1 -1 -1 -1 -1 -1 9 -1 2 -1 -1 10 7 11 -1 12 -1 25 -1 14 -1 15 -1 -1 -1 -1 -1 -1 -1 -1 -1 -1 -1 30 -1 -1 -1 -1 -1 -1 -1 -1 -1 -1 29 -1 -1 -1 27 26 -1 23 -1 -1 -1 17 -1 -1 -1 -1 -1 -1 -1 -1 -1 -1 -1 24 -1 22 21 20 19 18 16 -1 
0 1 -1 -1 4 5 6 -1 -1 -1 -1 -1 -1 3 -1 -1 -1 -1 -1 -1 9 -1 2 -1 -1 10 7 11 -1 12 -1 25 -1 14 -1 15 -1 -1 -1 -1 -1 -1 -1 -1 -1 -1 -1 30 -1 -1 -1 -1 -1 -1 -1 -1 -1 -1 29 -1 -1 -1 27 26 8 23 -1 -1 -1 17 -1 -1 -1 -1 -1 -1 -1 -1 -1 -1 -1 24 -1 22 21 20 19 18 16 -1 
0 1 -1 -1 4 5 6 -1 -1 -1 -1 -1 -1 3 -1 -1 -1 -1 -1 -1 9 -1 2 -1 -1 10 7 11 -1 12 -1 25 -1 14 -1 15 -1 -1 -1 -1 -1 -1 -1 -1 -1 -1 -1 30 23 -1 -1 -1 -1 -1 -1 -1 -1 -1 29 -1 -1 -1 27 26 8 -1 -1 -1 -1 17 -1 -1 -1 -1 -1 -1 -1 -1 -1 -1 -1 24 -1 22 21 20 19 18 16 -1 
0 -1 -1 -1 4 5 6 -1 -1 -1 -1 -1 1 3 -1 -1 -1 -1 -1 -1 9 -1 2 -1 -1 10 7 11 -1 12 -1 25 -1 14 -1 15 -1 -1 -1 -1 -1 -1 -1 -1 -1 -1 -1 30 23 -1 -1 -1 -1 -1 -1 -1 -1 -1 29 -1 -1 -1 27 26 8 -1 -1 -1 -1 17 -1 -1 -1 -1 -1 -1 -1 -1 -1 -1 -1 24 -1 22 21 20 19 18 16 -1 
0 -1 -1 -1 4 5 6 -1 -1 -1 -1 -1 1 3 -1 -1 -1 -1 -1 -1 9 -1 2 -1 -1 10 7 25 -1 12 -1 -1 -1 14 -1 15 -1 -1 -1 -1 -1 -1 -1 -1 -1 -1 -1 30 23 -1 -1 -1 -1 -1 -1 -1 -1 -1 29 -1 -1 -1 27 26 8 -1 -1 -1 -1 17 -1 -1 -1 -1 -1 -1 -1 -1 -1 -1 -1 24 -1 22 21 20 19 18 16 -1 
-1 0 -1 -1 4 5 6 -1 -1 -1 -1 -1 1 3 -1 -1 -1 -1 -1 -1 9 -1 2 -1 -1 10 7 25 -1 12 -1 -1 -1 14 -1 15 -1 -1 -1 -1 -1 -1 -1 -1 -1 -1 -1 30 23 -1 -1 -1 -1 -1 -1 -1 -1 -1 29 -1 -1 -1 27 26 8 -1 -1 -1 -1 17 -1 -1 -1 -1 -1 -1 -1 -1 -1 -1 -1 24 -1 22 21 20 19 18 16 -1 
-1 0 -1 -1 4 5 6 -1 -1 -1 -1 -1 1 3 -1 -1 -1 -1 -1 -1 9 -1 2 -1 -1 10 7 25 -1 12 -1 -1 -1 14 -1 15 -1 -1 -1 -1 -1 -1 -1 -1 -1 -1 -1 30 23 -1 -1 -1 -1 -1 -1 -1 -1 -1 29 -1 -1 -1 27 26 8 -1 -1 22 -1 17 -1 -1 -1 -1 -1 -1 -1 -1 -1 -1 -1 24 -1 -1 21 20 19 18 16 -1 
-1 0 -1 -1 4 5 6 -1 -1 -1 -1 -1 1 3 -1 -1 -1 -1 9 -1 -1 -1 2 -1 -1 10 7 25 -1 12 -1 -1 -1 14 -1 15 -1 -1 -1 -1 -1 -1 -1 -1 -1 -1 -1 30 23 -1 -1 -1 -1 -1 -1 -1 -1 -1 29 -1 -1 -1 27 26 8 -1 -1 22 -1 17 -1 -1 -1 -1 -1 -1 -1 -1 -1 -1 -1 24 -1 -1 21 20 19 18 16 -1 
-1 0 -1 -1 4 5 6 -1 -1 -1 -1 -1 1 3 -1 -1 -1 -1 9 -1 -1 -1 2 -1 -1 10 7 25 -1 12 -1 -1 -1 14 -1 15 -1 -1 -1 -1 -1 -1 -1 -1 -1 -1 -1 30 23 -1 -1 -1 -1 -1 -1 -1 -1 -1 29 -1 -1 -1 27 26 8 -1 -1 22 -1 17 -1 -1 -1 -1 -1 -1 -1 -1 -1 -1 -1 -1 -1 24 21 20 19 18 16 -1 
-1 -1 -1 -1 4 5 6 -1 -1 -1 -1 -1 1 3 -1 -1 -1 -1 9 -1 -1 -1 2 -1 -1 10 7 25 -1 12 -1 -1 -1 14 -1 15 -1 -1 -1 -1 -1 -1 -1 -1 -1 -1 -1 30 23 -1 -1 -1 -1 -1 -1 0 -1 -1 29 -1 -1 -1 27 26 8 -1 -1 22 -1 17 -1 -1 -1 -1 -1 -1 -1 -1 -1 -1 -1 -1 -1 24 21 20 19 18 16 -1 
-1 -1 -1 -1 4 5 6 -1 -1 -1 -1 -1 1 3 -1 -1 -1 -1 9 -1 -1 -1 2 -1 -1 10 7 25 -1 12 -1 -1 -1 14 -1 15 -1 -1 -1 -1 -1 -1 -1 -1 -1 31 -1 30 23 -1 -1 -1 -1 -1 -1 0 -1 -1 29 -1 -1 -1 27 26 8 -1 -1 22 -1 17 -1 -1 -1 -1 -1 -1 -1 -1 -1 -1 -1 -1 -1 24 21 20 19 18 16 -1 
-1 -1 -1 -1 4 5 6 -1 -1 -1 -1 -1 1 3 -1 -1 -1 -1 9 -1 -1 -1 2 10 -1 -1 7 25 -1 12 -1 -1 -1 14 -1 15 -1 -1 -1 -1 -1 -1 -1 -1 -1 31 -1 30 23 -1 -1 -1 -1 -1 -1 0 -1 -1 29 -1 -1 -1 27 26 8 -1 -1 22 -1 17 -1 -1 -1 -1 -1 -1 -1 -1 -1 -1 -1 -1 -1 24 21 20 19 18 16 -1 
-1 -1 -1 -1 4 5 6 -1 -1 -1 -1 -1 1 3 -1 -1 -1 -1 9 -1 -1 -1 2 10 -1 -1 7 25 -1 12 -1 -1 -1 14 -1 15 -1 -1 -1 -1 -1 23 -1 -1 -1 31 -1 30 -1 -1 -1 -1 -1 -1 -1 0 -1 -1 29 -1 -1 -1 27 26 8 -1 -1 22 -1 17 -1 -1 -1 -1 -1 -1 -1 -1 -1 -1 -1 -1 -1 24 21 20 19 18 16 -1 
-1 -1 -1 -1 4 5 6 -1 -1 -1 -1 -1 1 3 -1 -1 -1 -1 9 -1 -1 -1 2 10 -1 -1 7 25 -1 12 -1 -1 -1 14 -1 15 -1 -1 -1 -1 -1 23 -1 -1 -1 31 -1 30 -1 -1 -1 -1 -1 -1 -1 -1 -1 0 29 -1 -1 -1 27 26 8 -1 -1 22 -1 17 -1 -1 -1 -1 -1 -1 -1 -1 -1 -1 -1 -1 -1 24 21 20 19 18 16 -1 
-1 -1 -1 -1 4 5 6 -1 -1 -1 -1 -1 1 3 -1 -1 -1 -1 9 -1 -1 -1 2 10 -1 -1 7 25 -1 12 -1 -1 -1 14 -1 15 -1 -1 -1 -1 -1 23 -1 -1 -1 31 -1 30 -1 -1 -1 -1 -1 -1 -1 -1 -1 0 29 -1 -1 -1 27 26 8 -1 -1 22 -1 17 -1 -1 -1 -1 -1 -1 21 -1 -1 -1 -1 -1 -1 24 -1 20 19 18 16 -1 
-1 -1 -1 -1 4 5 6 -1 -1 -1 -1 -1 1 3 -1 -1 -1 -1 9 -1 -1 -1 2 10 -1 -1 7 25 -1 12 -1 -1 -1 14 -1 15 -1 -1 -1 -1 -1 23 -1 -1 -1 31 8 30 -1 -1 -1 -1 -1 -1 -1 -1 -1 0 29 -1 -1 -1 27 26 -1 -1 -1 22 -1 17 -1 -1 -1 -1 -1 -1 21 -1 -1 -1 -1 -1 -1 24 -1 20 19 18 16 -1 
-1 -1 -1 -1 4 5 6 -1 -1 -1 -1 -1 1 3 -1 -1 -1 -1 9 -1 -1 -1 2 10 -1 -1 7 25 -1 12 -1 -1 -1 14 -1 15 -1 -1 -1 -1 -1 23 -1 -1 -1 31 8 30 -1 -1 -1 -1 -1 -1 -1 -1 -1 0 29 -1 -1 -1 27 -1 -1 -1 26 22 -1 17 -1 -1 -1 -1 -1 -1 21 -1 -1 -1 -1 -1 -1 24 -1 20 19 18 16 -1 
-1 -1 -1 -1 4 5 6 -1 -1 -1 -1 -1 1 3 -1 -1 -1 -1 9 -1 -1 -1 2 10 -1 -1 7 25 -1 12 -1 -1 -1 14 -1 15 -1 -1 -1 -1 -1 23 -1 -1 -1 8 -1 30 -1 -1 -1 -1 -1 -1 -1 -1 -1 0 29 -1 -1 -1 27 -1 -1 -1 26 22 -1 17 -1 -1 -1 -1 -1 -1 21 -1 -1 -1 -1 -1 -1 24 -1 20 19 18 16 -1 
-1 -1 -1 -1 4 5 6 -1 -1 -1 -1 -1 1 3 -1 -1 -1 -1 9 -1 -1 -1 2 10 -1 -1 7 -1 25 12 -1 -1 -1 14 -1 15 -1 -1 -1 -1 -1 23 -1 -1 -1 8 -1 30 -1 -1 -1 -1 -1 -1 -1 -1 -1 0 29 -1 -1 -1 27 -1 -1 -1 26 22 -1 17 -1 -1 -1 -1 -1 -1 21 -1 -1 -1 -1 -1 -1 24 -1 20 19 18 16 -1 
-1 -1 -1 -1 4 5 6 -1 -1 -1 -1 -1 1 3 -1 -1 -1 -1 9 -1 -1 -1 2 10 -1 -1 7 -1 25 12 -1 -1 -1 14 -1 15 8 -1 -1 -1 -1 23 -1 -1 -1 -1 -1 30 -1 -1 -1 -1 -1 -1 -1 -1 -1 0 29 -1 -1 -1 27 -1 -1 -1 26 22 -1 17 -1 -1 -1 -1 -1 -1 21 -1 -1 -1 -1 -1 -1 24 -1 20 19 18 16 -1 
-1 -1 -1 -1 4 5 6 -1 -1 -1 -1 -1 1 3 -1 -1 -1 -1 9 -1 -1 -1 2 10 -1 -1 7 -1 -1 12 -1 -1 -1 14 -1 15 8 -1 -1 -1 -1 23 -1 -1 -1 -1 -1 30 -1 -1 -1 -1 -1 -1 -1 -1 -1 0 29 -1 -1 -1 27 -1 -1 -1 26 22 -1 17 -1 -1 -1 25 -1 -1 21 -1 -1 -1 -1 -1 -1 24 -1 20 19 18 16 -1 
-1 -1 -1 -1 4 5 6 -1 -1 -1 -1 -1 1 3 -1 -1 -1 -1 9 -1 -1 -1 2 10 -1 -1 7 -1 -1 12 -1 -1 -1 14 -1 15 -1 -1 -1 -1 -1 8 -1 -1 -1 -1 -1 30 -1 -1 -1 -1 -1 -1 -1 -1 -1 0 29 -1 -1 -1 27 -1 -1 -1 26 22 -1 17 -1 -1 -1 25 -1 -1 21 -1 -1 -1 -1 -1 -1 24 -1 20 19 18 16 -1 
-1 -1 -1 -1 4 5 6 -1 -1 -1 -1 -1 1 3 -1 -1 -1 -1 9 -1 -1 -1 2 10 -1 -1 7 -1 -1 12 -1 -1 -1 14 -1 15 -1 -1 -1 -1 -1 8 -1 -1 -1 -1 -1 30 -1 -1 -1 -1 -1 -1 -1 -1 -1 0 29 -1 -1 -1 27 -1 -1 -1 26 22 -1 17 -1 -1 -1 -1 -1 25 21 -1 -1 -1 -1 -1 -1 24 -1 20 19 18 16 -1 
-1 -1 -1 -1 4 5 6 -1 -1 -1 -1 -1 1 3 -1 -1 -1 -1 9 -1 -1 -1 2 10 -1 -1 7 -1 -1 12 -1 -1 -1 14 -1 15 -1 -1 -1 -1 -1 8 -1 -1 -1 -1 -1 30 -1 -1 -1 -1 -1 -1 -1 0 -1 -1 29 -1 -1 -1 27 -1 -1 -1 26 22 -1 17 -1 -1 -1 -1 -1 25 21 -1 -1 -1 -1 -1 -1 24 -1 20 19 18 16 -1 
-1 -1 -1 -1 4 5 6 -1 -1 -1 -1 -1 25 3 -1 -1 -1 -1 9 -1 -1 -1 2 10 -1 -1 7 -1 -1 12 -1 -1 -1 14 -1 15 -1 -1 -1 -1 -1 8 -1 -1 -1 -1 -1 30 -1 -1 -1 -1 -1 -1 -1 0 -1 -1 29 -1 -1 -1 27 -1 -1 -1 26 22 -1 17 -1 -1 -1 -1 -1 -1 21 -1 -1 -1 -1 -1 -1 24 -1 20 19 18 16 -1 
-1 -1 -1 -1 4 5 6 -1 -1 -1 -1 -1 25 3 -1 -1 -1 -1 9 -1 -1 -1 2 10 -1 -1 7 -1 -1 12 -1 -1 -1 14 -1 15 -1 -1 -1 8 -1 -1 -1 -1 -1 -1 -1 30 -1 -1 -1 -1 -1 -1 -1 0 -1 -1 29 -1 -1 -1 27 -1 -1 -1 26 22 -1 17 -1 -1 -1 -1 -1 -1 21 -1 -1 -1 -1 -1 -1 24 -1 20 19 18 16 -1 
-1 -1 -1 -1 4 5 6 -1 -1 25 -1 -1 -1 3 -1 -1 -1 -1 9 -1 -1 -1 2 10 -1 -1 7 -1 -1 12 -1 -1 -1 14 -1 15 -1 -1 -1 8 -1 -1 -1 -1 -1 -1 -1 30 -1 -1 -1 -1 -1 -1 -1 0 -1 -1 29 -1 -1 -1 27 -1 -1 -1 26 22 -1 17 -1 -1 -1 -1 -1 -1 21 -1 -1 -1 -1 -1 -1 24 -1 20 19 18 16 -1 
-1 -1 -1 -1 4 5 6 -1 -1 25 0 -1 -1 3 -1 -1 -1 -1 9 -1 -1 -1 2 10 -1 -1 7 -1 -1 12 -1 -1 -1 14 -1 15 -1 -1 -1 8 -1 -1 -1 -1 -1 -1 -1 30 -1 -1 -1 -1 -1 -1 -1 -1 -1 -1 29 -1 -1 -1 27 -1 -1 -1 26 22 -1 17 -1 -1 -1 -1 -1 -1 21 -1 -1 -1 -1 -1 -1 24 -1 20 19 18 16 -1 
25 -1 -1 -1 4 5 6 -1 -1 -1 0 -1 -1 3 -1 -1 -1 -1 9 -1 -1 -1 2 10 -1 -1 7 -1 -1 12 -1 -1 -1 14 -1 15 -1 -1 -1 8 -1 -1 -1 -1 -1 -1 -1 30 -1 -1 -1 -1 -1 -1 -1 -1 -1 -1 29 -1 -1 -1 27 -1 -1 -1 26 22 -1 17 -1 -1 -1 -1 -1 -1 21 -1 -1 -1 -1 -1 -1 24 -1 20 19 18 16 -1 
25 -1 -1 -1 4 5 6 -1 -1 -1 0 -1 -1 3 -1 -1 -1 -1 -1 9 -1 -1 2 10 -1 -1 7 -1 -1 12 -1 -1 -1 14 -1 15 -1 -1 -1 8 -1 -1 -1 -1 -1 -1 -1 30 -1 -1 -1 -1 -1 -1 -1 -1 -1 -1 29 -1 -1 -1 27 -1 -1 -1 26 22 -1 17 -1 -1 -1 -1 -1 -1 21 -1 -1 -1 -1 -1 -1 24 -1 20 19 18 16 -1 
-1 -1 -1 -1 4 5 6 -1 -1 -1 0 -1 -1 3 -1 -1 -1 -1 -1 9 -1 -1 2 10 -1 -1 7 -1 -1 12 -1 -1 -1 14 -1 15 -1 -1 -1 8 -1 -1 -1 -1 -1 -1 -1 30 -1 -1 -1 -1 -1 -1 -1 -1 -1 -1 29 -1 -1 -1 27 25 -1 -1 26 22 -1 17 -1 -1 -1 -1 -1 -1 21 -1 -1 -1 -1 -1 -1 24 -1 20 19 18 16 -1 
-1 -1 -1 -1 4 5 6 -1 -1 -1 0 -1 -1 3 -1 -1 -1 -1 -1 -1 -1 -1 2 10 -1 -1 7 -1 -1 12 -1 -1 -1 14 -1 15 -1 -1 -1 8 -1 -1 -1 -1 -1 -1 -1 30 -1 -1 -1 -1 -1 -1 -1 -1 -1 -1 29 -1 -1 -1 27 25 -1 -1 26 22 -1 17 -1 -1 -1 -1 -1 -1 21 -1 -1 -1 -1 -1 9 24 -1 20 19 18 16 -1 
-1 -1 -1 -1 4 5 6 -1 -1 -1 0 -1 -1 3 -1 -1 -1 -1 -1 -1 -1 -1 2 10 -1 -1 7 -1 -1 12 -1 -1 -1 14 -1 15 -1 -1 -1 8 -1 -1 -1 -1 -1 -1 -1 30 -1 -1 -1 -1 -1 -1 -1 -1 -1 -1 29 -1 -1 -1 27 25 -1 -1 -1 22 -1 17 -1 -1 -1 -1 -1 -1 21 -1 -1 -1 -1 -1 9 24 26 20 19 18 16 -1 
-1 -1 -1 -1 4 5 6 -1 -1 -1 0 -1 -1 3 -1 -1 -1 -1 -1 -1 -1 -1 2 10 -1 -1 7 -1 -1 12 -1 -1 -1 14 -1 15 -1 -1 -1 8 -1 -1 -1 -1 -1 -1 -1 30 -1 -1 -1 -1 -1 -1 -1 -1 -1 -1 29 -1 -1 -1 27 25 9 -1 -1 22 -1 17 -1 -1 -1 -1 -1 -1 21 -1 -1 -1 -1 -1 -1 24 26 20 19 18 16 -1 
-1 -1 -1 -1 4 5 6 -1 -1 -1 0 -1 -1 3 -1 -1 -1 -1 -1 -1 -1 -1 2 10 -1 -1 7 -1 -1 12 -1 -1 -1 14 -1 15 -1 -1 30 8 -1 -1 -1 -1 -1 -1 -1 -1 -1 -1 -1 -1 -1 -1 -1 -1 -1 -1 29 -1 -1 -1 27 25 9 -1 -1 22 -1 17 -1 -1 -1 -1 -1 -1 21 -1 -1 -1 -1 -1 -1 24 26 20 19 18 16 -1 
-1 -1 -1 -1 4 5 6 -1 -1 -1 0 -1 -1 3 -1 -1 -1 -1 -1 -1 -1 -1 2 10 -1 -1 7 -1 -1 12 -1 -1 -1 14 -1 15 -1 -1 30 -1 -1 -1 -1 -1 -1 -1 -1 -1 8 -1 -1 -1 -1 -1 -1 -1 -1 -1 29 -1 -1 -1 27 25 9 -1 -1 22 -1 17 -1 -1 -1 -1 -1 -1 21 -1 -1 -1 -1 -1 -1 24 26 20 19 18 16 -1 
-1 -1 -1 -1 4 5 6 -1 -1 -1 0 -1 -1 3 -1 -1 -1 -1 -1 -1 -1 -1 2 10 -1 -1 7 -1 -1 30 -1 -1 -1 14 -1 15 -1 -1 -1 -1 -1 -1 -1 -1 -1 -1 -1 -1 8 -1 -1 -1 -1 -1 -1 -1 -1 -1 29 -1 -1 -1 27 25 9 -1 -1 22 -1 17 -1 -1 -1 -1 -1 -1 21 -1 -1 -1 -1 -1 -1 24 26 20 19 18 16 -1 
-1 -1 -1 -1 4 5 6 -1 -1 -1 0 -1 -1 3 -1 -1 -1 -1 -1 -1 -1 -1 2 10 -1 -1 7 -1 -1 30 -1 -1 -1 14 -1 15 -1 -1 -1 -1 -1 -1 -1 -1 -1 8 -1 -1 -1 -1 -1 -1 -1 -1 -1 -1 -1 -1 29 -1 -1 -1 27 25 9 -1 -1 22 -1 17 -1 -1 -1 -1 -1 -1 21 -1 -1 -1 -1 -1 -1 24 26 20 19 18 16 -1 
-1 -1 -1 -1 4 5 6 -1 -1 -1 0 -1 -1 3 -1 -1 -1 -1 -1 -1 -1 -1 2 10 -1 -1 7 -1 -1 30 -1 -1 -1 14 -1 15 -1 -1 -1 -1 -1 -1 -1 -1 -1 8 -1 -1 -1 29 -1 -1 -1 -1 -1 -1 -1 -1 -1 -1 -1 -1 27 25 9 -1 -1 22 -1 17 -1 -1 -1 -1 -1 -1 21 -1 -1 -1 -1 -1 -1 24 26 20 19 18 16 -1 
-1 -1 -1 -1 4 5 6 -1 -1 -1 0 -1 -1 3 -1 -1 -1 -1 -1 -1 -1 -1 2 10 -1 -1 7 -1 -1 30 -1 -1 -1 14 -1 15 -1 -1 -1 -1 -1 -1 -1 -1 -1 -1 -1 -1 -1 29 -1 -1 -1 -1 -1 -1 -1 -1 -1 -1 -1 -1 27 8 9 -1 -1 22 -1 17 -1 -1 -1 -1 -1 -1 21 -1 -1 -1 -1 -1 -1 24 26 20 19 18 16 -1 
-1 -1 -1 -1 4 5 6 -1 -1 -1 0 -1 -1 3 -1 -1 -1 -1 -1 -1 -1 -1 2 10 -1 -1 7 -1 -1 30 -1 -1 -1 14 -1 15 -1 -1 -1 -1 -1 -1 -1 -1 -1 -1 -1 -1 -1 29 -1 -1 -1 -1 -1 -1 -1 -1 17 -1 -1 -1 27 8 9 -1 -1 22 -1 -1 -1 -1 -1 -1 -1 -1 21 -1 -1 -1 -1 -1 -1 24 26 20 19 18 16 -1 
-1 -1 -1 -1 4 5 6 -1 -1 -1 0 -1 -1 3 -1 -1 -1 -1 -1 -1 -1 -1 2 10 -1 -1 7 -1 -1 30 -1 -1 -1 14 -1 15 8 -1 -1 -1 -1 -1 -1 -1 -1 -1 -1 -1 -1 29 -1 -1 -1 -1 -1 -1 -1 -1 17 -1 -1 -1 27 -1 9 -1 -1 22 -1 -1 -1 -1 -1 -1 -1 -1 21 -1 -1 -1 -1 -1 -1 24 26 20 19 18 16 -1 
-1 -1 -1 -1 4 5 6 -1 -1 -1 0 -1 -1 3 -1 -1 -1 -1 -1 -1 -1 -1 2 10 -1 -1 7 -1 -1 -1 30 -1 -1 14 -1 15 8 -1 -1 -1 -1 -1 -1 -1 -1 -1 -1 -1 -1 29 -1 -1 -1 -1 -1 -1 -1 -1 17 -1 -1 -1 27 -1 9 -1 -1 22 -1 -1 -1 -1 -1 -1 -1 -1 21 -1 -1 -1 -1 -1 -1 24 26 20 19 18 16 -1 
-1 -1 -1 -1 4 5 6 -1 -1 -1 0 -1 -1 3 -1 -1 -1 -1 -1 -1 -1 -1 2 10 -1 -1 7 -1 -1 -1 30 -1 -1 14 -1 15 -1 8 -1 -1 -1 -1 -1 -1 -1 -1 -1 -1 -1 29 -1 -1 -1 -1 -1 -1 -1 -1 17 -1 -1 -1 27 -1 9 -1 -1 22 -1 -1 -1 -1 -1 -1 -1 -1 21 -1 -1 -1 -1 -1 -1 24 26 20 19 18 16 -1 
-1 -1 -1 -1 4 5 6 -1 -1 -1 0 -1 -1 3 -1 -1 -1 -1 -1 -1 -1 -1 2 10 -1 -1 7 -1 -1 -1 30 -1 -1 14 -1 15 -1 8 -1 -1 -1 -1 -1 -1 -1 -1 -1 -1 -1 29 -1 -1 -1 -1 -1 -1 -1 -1 17 -1 -1 -1 27 -1 9 -1 -1 22 -1 -1 -1 -1 -1 -1 -1 -1 21 -1 -1 -1 -1 -1 24 -1 26 20 19 18 16 -1 
-1 -1 -1 -1 4 5 6 -1 -1 -1 0 -1 -1 3 -1 -1 -1 -1 -1 -1 -1 -1 2 10 -1 -1 7 -1 -1 -1 30 -1 -1 14 -1 15 -1 -1 -1 -1 -1 -1 -1 -1 -1 -1 8 -1 -1 29 -1 -1 -1 -1 -1 -1 -1 -1 17 -1 -1 -1 27 -1 9 -1 -1 22 -1 -1 -1 -1 -1 -1 -1 -1 21 -1 -1 -1 -1 -1 24 -1 26 20 19 18 16 -1 
-1 -1 -1 -1 4 5 6 -1 -1 -1 0 -1 -1 3 -1 -1 -1 -1 -1 -1 -1 -1 2 10 -1 -1 7 -1 -1 -1 30 -1 -1 14 -1 15 -1 -1 -1 -1 -1 -1 -1 -1 -1 -1 8 -1 -1 29 -1 -1 -1 -1 -1 -1 -1 -1 17 -1 -1 -1 27 -1 9 -1 -1 22 -1 -1 -1 -1 -1 -1 -1 -1 21 -1 -1 -1 -1 24 -1 -1 26 20 19 18 16 -1 
-1 -1 -1 -1 4 5 6 -1 -1 -1 0 -1 -1 3 -1 -1 -1 -1 -1 -1 -1 -1 2 10 -1 -1 7 -1 -1 -1 30 -1 -1 14 -1 15 -1 -1 -1 -1 -1 -1 -1 -1 -1 -1 8 -1 -1 29 -1 -1 -1 -1 -1 -1 -1 -1 17 -1 -1 -1 27 -1 -1 -1 -1 22 -1 -1 -1 -1 -1 -1 -1 -1 21 -1 -1 -1 -1 24 9 -1 26 20 19 18 16 -1 
-1 -1 -1 -1 4 5 6 -1 -1 -1 0 -1 -1 3 -1 -1 -1 -1 -1 -1 -1 -1 2 10 -1 -1 7 -1 -1 -1 30 -1 -1 14 -1 15 -1 -1 -1 -1 -1 -1 -1 -1 -1 -1 8 -1 -1 29 -1 -1 -1 -1 -1 -1 -1 -1 17 -1 -1 -1 27 -1 -1 -1 26 22 -1 -1 -1 -1 -1 -1 -1 -1 21 -1 -1 -1 -1 24 9 -1 -1 20 19 18 16 -1 
-1 -1 -1 -1 4 5 6 -1 -1 -1 0 -1 -1 3 -1 -1 -1 -1 -1 -1 -1 -1 2 10 -1 -1 7 -1 -1 -1 30 -1 -1 14 -1 15 -1 -1 -1 -1 -1 -1 -1 -1 -1 -1 -1 -1 -1 29 -1 -1 -1 -1 -1 -1 -1 -1 17 -1 -1 -1 27 -1 -1 -1 26 22 -1 -1 -1 -1 -1 8 -1 -1 21 -1 -1 -1 -1 24 9 -1 -1 20 19 18 16 -1 
-1 -1 -1 -1 4 5 6 -1 -1 -1 0 -1 -1 3 -1 -1 -1 -1 -1 -1 -1 -1 2 10 -1 -1 7 -1 -1 -1 30 -1 -1 14 -1 15 -1 -1 -1 -1 -1 -1 -1 -1 -1 -1 -1 17 -1 29 -1 -1 -1 -1 -1 -1 -1 -1 -1 -1 -1 -1 27 -1 -1 -1 26 22 -1 -1 -1 -1 -1 8 -1 -1 21 -1 -1 -1 -1 24 9 -1 -1 20 19 18 16 -1 
-1 -1 2 -1 4 5 6 -1 -1 -1 0 -1 -1 3 -1 -1 -1 -1 -1 -1 -1 -1 -1 10 -1 -1 7 -1 -1 -1 30 -1 -1 14 -1 15 -1 -1 -1 -1 -1 -1 -1 -1 -1 -1 -1 17 -1 29 -1 -1 -1 -1 -1 -1 -1 -1 -1 -1 -1 -1 27 -1 -1 -1 26 22 -1 -1 -1 -1 -1 8 -1 -1 21 -1 -1 -1 -1 24 9 -1 -1 20 19 18 16 -1 
-1 -1 2 -1 4 5 6 -1 -1 -1 0 -1 -1 3 -1 -1 -1 -1 -1 -1 -1 -1 -1 10 -1 -1 7 -1 -1 30 -1 -1 -1 14 -1 15 -1 -1 -1 -1 -1 -1 -1 -1 -1 -1 -1 17 -1 29 -1 -1 -1 -1 -1 -1 -1 -1 -1 -1 -1 -1 27 -1 -1 -1 26 22 -1 -1 -1 -1 -1 8 -1 -1 21 -1 -1 -1 -1 24 9 -1 -1 20 19 18 16 -1 
-1 -1 2 -1 4 5 6 -1 -1 -1 0 -1 -1 3 -1 -1 -1 -1 -1 -1 -1 -1 -1 10 -1 -1 7 -1 -1 30 -1 -1 -1 14 -1 15 -1 -1 -1 -1 -1 -1 -1 -1 -1 -1 -1 17 -1 29 -1 -1 -1 -1 -1 -1 -1 -1 -1 -1 -1 -1 27 -1 -1 -1 26 22 -1 -1 -1 -1 -1 -1 8 -1 21 -1 -1 -1 -1 24 9 -1 -1 20 19 18 16 -1 
-1 -1 2 -1 4 5 6 -1 -1 -1 0 -1 -1 3 -1 -1 -1 -1 -1 -1 -1 -1 -1 10 -1 -1 7 -1 30 -1 -1 -1 -1 14 -1 15 -1 -1 -1 -1 -1 -1 -1 -1 -1 -1 -1 17 -1 29 -1 -1 -1 -1 -1 -1 -1 -1 -1 -1 -1 -1 27 -1 -1 -1 26 22 -1 -1 -1 -1 -1 -1 8 -1 21 -1 -1 -1 -1 24 9 -1 -1 20 19 18 16 -1 
-1 -1 2 -1 4 5 6 -1 -1 -1 0 -1 -1 3 -1 -1 -1 -1 -1 -1 -1 -1 -1 10 -1 -1 7 -1 30 -1 -1 -1 -1 14 -1 15 -1 -1 -1 -1 -1 -1 -1 -1 -1 -1 -1 17 -1 29 -1 -1 -1 -1 -1 -1 -1 -1 -1 -1 -1 -1 27 -1 -1 -1 26 22 -1 -1 -1 -1 -1 -1 -1 -1 21 -1 -1 -1 -1 24 9 8 -1 20 19 18 16 -1 
-1 -1 2 -1 4 5 6 -1 -1 -1 0 -1 -1 3 -1 -1 -1 -1 -1 -1 -1 -1 -1 10 -1 -1 7 -1 30 -1 -1 -1 -1 14 -1 15 -1 -1 -1 -1 -1 -1 -1 -1 -1 -1 -1 17 -1 29 -1 -1 -1 -1 -1 -1 -1 -1 -1 -1 -1 -1 27 -1 -1 -1 -1 22 -1 -1 -1 -1 -1 -1 -1 -1 21 -1 -1 -1 -1 24 9 8 26 20 19 18 16 -1 
-1 -1 2 -1 4 5 6 -1 -1 -1 0 -1 -1 3 -1 -1 -1 -1 -1 -1 -1 -1 -1 10 -1 -1 7 -1 30 -1 -1 -1 -1 14 -1 15 -1 -1 -1 -1 -1 -1 -1 -1 -1 -1 -1 8 -1 29 -1 -1 -1 -1 -1 -1 -1 -1 -1 -1 -1 -1 27 -1 -1 -1 -1 22 -1 -1 -1 -1 -1 -1 -1 -1 21 -1 -1 -1 -1 24 9 -1 26 20 19 18 16 -1 
-1 -1 2 -1 4 5 6 -1 -1 -1 0 -1 -1 3 -1 -1 -1 -1 -1 -1 -1 -1 -1 10 -1 -1 7 -1 30 -1 -1 -1 -1 14 -1 15 -1 -1 -1 -1 -1 -1 -1 -1 -1 -1 -1 8 -1 29 -1 -1 -1 -1 -1 -1 -1 -1 -1 -1 -1 -1 27 -1 -1 -1 -1 22 -1 -1 -1 -1 -1 -1 -1 -1 21 -1 -1 -1 -1 -1 24 -1 26 20 19 18 16 -1 
-1 -1 2 -1 4 5 6 -1 -1 -1 0 -1 -1 3 -1 -1 -1 -1 -1 -1 -1 -1 -1 10 -1 -1 7 -1 30 -1 -1 -1 -1 14 -1 15 -1 -1 -1 -1 -1 -1 -1 -1 -1 -1 -1 -1 -1 8 -1 -1 -1 -1 -1 -1 -1 -1 -1 -1 -1 -1 27 -1 -1 -1 -1 22 -1 -1 -1 -1 -1 -1 -1 -1 21 -1 -1 -1 -1 -1 24 -1 26 20 19 18 16 -1 
-1 -1 2 -1 4 5 6 -1 -1 -1 0 -1 -1 3 -1 -1 -1 -1 -1 30 -1 -1 -1 10 -1 -1 7 -1 -1 -1 -1 -1 -1 14 -1 15 -1 -1 -1 -1 -1 -1 -1 -1 -1 -1 -1 -1 -1 8 -1 -1 -1 -1 -1 -1 -1 -1 -1 -1 -1 -1 27 -1 -1 -1 -1 22 -1 -1 -1 -1 -1 -1 -1 -1 21 -1 -1 -1 -1 -1 24 -1 26 20 19 18 16 -1 
-1 -1 2 -1 4 5 6 -1 -1 -1 -1 0 -1 3 -1 -1 -1 -1 -1 30 -1 -1 -1 10 -1 -1 7 -1 -1 -1 -1 -1 -1 14 -1 15 -1 -1 -1 -1 -1 -1 -1 -1 -1 -1 -1 -1 -1 8 -1 -1 -1 -1 -1 -1 -1 -1 -1 -1 -1 -1 27 -1 -1 -1 -1 22 -1 -1 -1 -1 -1 -1 -1 -1 21 -1 -1 -1 -1 -1 24 -1 26 20 19 18 16 -1 
-1 -1 2 -1 4 5 6 -1 -1 -1 30 0 -1 3 -1 -1 -1 -1 -1 -1 -1 -1 -1 10 -1 -1 7 -1 -1 -1 -1 -1 -1 14 -1 15 -1 -1 -1 -1 -1 -1 -1 -1 -1 -1 -1 -1 -1 8 -1 -1 -1 -1 -1 -1 -1 -1 -1 -1 -1 -1 27 -1 -1 -1 -1 22 -1 -1 -1 -1 -1 -1 -1 -1 21 -1 -1 -1 -1 -1 24 -1 26 20 19 18 16 -1 
-1 -1 2 -1 4 5 6 -1 -1 -1 30 -1 -1 3 -1 -1 -1 -1 -1 -1 -1 -1 -1 10 -1 -1 7 -1 -1 -1 -1 -1 -1 14 -1 15 -1 -1 -1 -1 -1 -1 -1 -1 -1 -1 -1 -1 -1 8 -1 -1 -1 -1 -1 -1 0 -1 -1 -1 -1 -1 27 -1 -1 -1 -1 22 -1 -1 -1 -1 -1 -1 -1 -1 21 -1 -1 -1 -1 -1 24 -1 26 20 19 18 16 -1 
-1 -1 2 -1 4 5 6 -1 -1 -1 30 -1 -1 3 -1 -1 -1 -1 -1 -1 -1 -1 -1 10 -1 -1 7 -1 -1 -1 -1 -1 -1 14 -1 15 -1 -1 -1 -1 -1 -1 -1 -1 -1 -1 -1 -1 -1 8 -1 28 -1 -1 -1 -1 0 -1 -1 -1 -1 -1 27 -1 -1 -1 -1 22 -1 -1 -1 -1 -1 -1 -1 -1 21 -1 -1 -1 -1 -1 24 -1 26 20 19 18 16 -1 
-1 -1 2 -1 4 5 6 -1 -1 -1 30 -1 -1 3 -1 -1 -1 -1 -1 -1 -1 -1 10 -1 -1 -1 7 -1 -1 -1 -1 -1 -1 14 -1 15 -1 -1 -1 -1 -1 -1 -1 -1 -1 -1 -1 -1 -1 8 -1 28 -1 -1 -1 -1 0 -1 -1 -1 -1 -1 27 -1 -1 -1 -1 22 -1 -1 -1 -1 -1 -1 -1 -1 21 -1 -1 -1 -1 -1 24 -1 26 20 19 18 16 -1 
-1 -1 2 -1 4 5 6 -1 -1 -1 30 -1 -1 3 -1 -1 -1 -1 -1 -1 -1 -1 10 -1 -1 16 7 -1 -1 -1 -1 -1 -1 14 -1 15 -1 -1 -1 -1 -1 -1 -1 -1 -1 -1 -1 -1 -1 8 -1 28 -1 -1 -1 -1 0 -1 -1 -1 -1 -1 27 -1 -1 -1 -1 22 -1 -1 -1 -1 -1 -1 -1 -1 21 -1 -1 -1 -1 -1 24 -1 26 20 19 18 -1 -1 
-1 -1 2 -1 4 5 6 -1 -1 -1 30 -1 -1 3 -1 -1 -1 -1 -1 -1 0 -1 10 -1 -1 16 7 -1 -1 -1 -1 -1 -1 14 -1 15 -1 -1 -1 -1 -1 -1 -1 -1 -1 -1 -1 -1 -1 8 -1 28 -1 -1 -1 -1 -1 -1 -1 -1 -1 -1 27 -1 -1 -1 -1 22 -1 -1 -1 -1 -1 -1 -1 -1 21 -1 -1 -1 -1 -1 24 -1 26 20 19 18 -1 -1 
-1 -1 2 -1 4 5 6 -1 -1 -1 30 -1 -1 3 -1 -1 -1 -1 -1 -1 0 -1 10 -1 -1 16 7 -1 -1 -1 -1 -1 -1 14 -1 15 -1 -1 -1 -1 -1 -1 -1 -1 -1 -1 -1 -1 -1 8 -1 28 -1 -1 -1 -1 -1 -1 -1 -1 -1 -1 27 -1 24 -1 -1 22 -1 -1 -1 -1 -1 -1 -1 -1 21 -1 -1 -1 -1 -1 -1 -1 26 20 19 18 -1 -1 
-1 -1 2 -1 4 5 6 -1 -1 -1 30 -1 -1 3 -1 -1 -1 -1 -1 -1 0 -1 10 -1 -1 16 7 -1 -1 -1 -1 -1 -1 14 -1 15 -1 -1 -1 -1 -1 -1 -1 -1 -1 -1 -1 -1 8 -1 -1 28 -1 -1 -1 -1 -1 -1 -1 -1 -1 -1 27 -1 24 -1 -1 22 -1 -1 -1 -1 -1 -1 -1 -1 21 -1 -1 -1 -1 -1 -1 -1 26 20 19 18 -1 -1 
-1 -1 2 -1 4 5 6 -1 -1 -1 30 -1 -1 3 -1 -1 -1 -1 -1 -1 0 -1 10 -1 -1 16 7 -1 -1 -1 -1 -1 -1 14 -1 15 -1 -1 -1 -1 -1 -1 -1 -1 -1 -1 -1 -1 8 -1 -1 28 -1 -1 -1 -1 -1 -1 -1 -1 -1 -1 27 -1 -1 -1 -1 22 -1 -1 -1 -1 -1 -1 -1 -1 21 -1 -1 -1 -1 -1 24 -1 26 20 19 18 -1 -1 
-1 -1 2 -1 4 5 6 -1 -1 -1 30 -1 -1 3 -1 -1 -1 -1 -1 -1 0 -1 10 -1 -1 16 7 -1 -1 -1 -1 -1 -1 14 -1 -1 -1 -1 -1 -1 -1 -1 -1 -1 15 -1 -1 -1 8 -1 -1 28 -1 -1 -1 -1 -1 -1 -1 -1 -1 -1 27 -1 -1 -1 -1 22 -1 -1 -1 -1 -1 -1 -1 -1 21 -1 -1 -1 -1 -1 24 -1 26 20 19 18 -1 -1 
-1 -1 2 -1 4 5 6 -1 -1 -1 30 -1 -1 3 -1 -1 -1 -1 -1 -1 0 -1 10 -1 -1 16 7 -1 -1 -1 -1 -1 -1 14 -1 -1 -1 24 -1 -1 -1 -1 -1 -1 15 -1 -1 -1 8 -1 -1 28 -1 -1 -1 -1 -1 -1 -1 -1 -1 -1 27 -1 -1 -1 -1 22 -1 -1 -1 -1 -1 -1 -1 -1 21 -1 -1 -1 -1 -1 -1 -1 26 20 19 18 -1 -1 
-1 -1 2 -1 4 5 6 -1 -1 -1 30 -1 -1 3 -1 -1 -1 -1 -1 -1 0 -1 10 -1 -1 16 7 -1 -1 -1 -1 -1 -1 14 -1 -1 -1 24 -1 -1 -1 -1 -1 -1 15 -1 -1 -1 -1 8 -1 28 -1 -1 -1 -1 -1 -1 -1 -1 -1 -1 27 -1 -1 -1 -1 22 -1 -1 -1 -1 -1 -1 -1 -1 21 -1 -1 -1 -1 -1 -1 -1 26 20 19 18 -1 -1 
-1 -1 2 -1 4 5 6 -1 -1 -1 30 -1 -1 3 -1 -1 -1 -1 -1 -1 0 -1 10 -1 -1 -1 7 -1 -1 -1 -1 -1 -1 14 -1 -1 -1 24 -1 -1 -1 -1 -1 -1 15 -1 -1 -1 -1 8 -1 28 16 -1 -1 -1 -1 -1 -1 -1 -1 -1 27 -1 -1 -1 -1 22 -1 -1 -1 -1 -1 -1 -1 -1 21 -1 -1 -1 -1 -1 -1 -1 26 20 19 18 -1 -1 
-1 -1 2 -1 4 5 6 -1 -1 -1 30 -1 -1 3 -1 -1 -1 -1 -1 -1 0 -1 -1 -1 -1 -1 7 -1 -1 -1 -1 -1 -1 14 -1 -1 -1 24 -1 -1 10 -1 -1 -1 15 -1 -1 -1 -1 8 -1 28 16 -1 -1 -1 -1 -1 -1 -1 -1 -1 27 -1 -1 -1 -1 22 -1 -1 -1 -1 -1 -1 -1 -1 21 -1 -1 -1 -1 -1 -1 -1 26 20 19 18 -1 -1 
-1 -1 2 -1 4 5 6 -1 -1 -1 30 -1 -1 3 -1 -1 -1 -1 -1 -1 0 -1 -1 -1 -1 -1 7 -1 -1 -1 -1 -1 -1 14 -1 -1 -1 24 -1 -1 10 -1 -1 -1 15 -1 -1 -1 -1 8 -1 28 16 27 -1 -1 -1 -1 -1 -1 -1 -1 -1 -1 -1 -1 -1 22 -1 -1 -1 -1 -1 -1 -1 -1 21 -1 -1 -1 -1 -1 -1 -1 26 20 19 18 -1 -1 
-1 -1 2 -1 4 5 6 -1 -1 -1 30 -1 -1 3 -1 -1 -1 -1 -1 -1 0 -1 -1 -1 -1 -1 7 -1 -1 -1 -1 -1 -1 14 -1 -1 -1 24 -1 -1 10 -1 -1 -1 -1 -1 -1 -1 -1 8 -1 28 16 15 -1 -1 -1 -1 -1 -1 -1 -1 -1 -1 -1 -1 -1 22 -1 -1 -1 -1 -1 -1 -1 -1 21 -1 -1 -1 -1 -1 -1 -1 26 20 19 18 -1 -1 
-1 -1 2 -1 4 5 6 -1 -1 -1 30 -1 -1 3 -1 -1 -1 -1 -1 -1 0 -1 -1 -1 -1 -1 7 -1 -1 -1 -1 -1 -1 14 -1 -1 -1 24 -1 -1 10 -1 -1 -1 -1 -1 -1 -1 -1 8 -1 28 -1 16 -1 -1 -1 -1 -1 -1 -1 -1 -1 -1 -1 -1 -1 22 -1 -1 -1 -1 -1 -1 -1 -1 21 -1 -1 -1 -1 -1 -1 -1 26 20 19 18 -1 -1 
-1 -1 2 -1 4 5 6 -1 -1 -1 30 -1 -1 3 -1 -1 -1 -1 -1 -1 0 -1 -1 -1 -1 -1 -1 -1 -1 -1 -1 -1 -1 14 -1 -1 -1 24 -1 -1 10 -1 -1 7 -1 -1 -1 -1 -1 8 -1 28 -1 16 -1 -1 -1 -1 -1 -1 -1 -1 -1 -1 -1 -1 -1 22 -1 -1 -1 -1 -1 -1 -1 -1 21 -1 -1 -1 -1 -1 -1 -1 26 20 19 18 -1 -1 
-1 -1 2 -1 4 5 6 -1 -1 -1 30 -1 -1 3 -1 -1 -1 -1 -1 -1 0 -1 -1 -1 -1 -1 -1 -1 -1 -1 -1 -1 -1 14 -1 -1 -1 24 -1 -1 10 -1 28 7 -1 -1 -1 -1 -1 8 -1 -1 -1 16 -1 -1 -1 -1 -1 -1 -1 -1 -1 -1 -1 -1 -1 22 -1 -1 -1 -1 -1 -1 -1 -1 21 -1 -1 -1 -1 -1 -1 -1 26 20 19 18 -1 -1 
-1 -1 2 -1 4 5 6 -1 -1 -1 30 -1 -1 3 -1 -1 -1 -1 -1 -1 0 -1 -1 -1 -1 -1 -1 -1 -1 -1 -1 -1 -1 14 -1 -1 -1 24 -1 -1 10 -1 28 7 -1 -1 -1 -1 -1 -1 -1 -1 -1 8 -1 -1 -1 -1 -1 -1 -1 -1 -1 -1 -1 -1 -1 22 -1 -1 -1 -1 -1 -1 -1 -1 21 -1 -1 -1 -1 -1 -1 -1 26 20 19 18 -1 -1 
-1 -1 2 -1 4 5 6 -1 -1 -1 30 -1 -1 3 -1 -1 -1 -1 -1 -1 0 -1 -1 -1 -1 -1 -1 -1 -1 -1 -1 -1 -1 14 -1 -1 -1 -1 -1 -1 24 -1 28 7 -1 -1 -1 -1 -1 -1 -1 -1 -1 8 -1 -1 -1 -1 -1 -1 -1 -1 -1 -1 -1 -1 -1 22 -1 -1 -1 -1 -1 -1 -1 -1 21 -1 -1 -1 -1 -1 -1 -1 26 20 19 18 -1 -1 
-1 -1 2 -1 4 5 6 -1 -1 -1 30 -1 -1 3 -1 -1 -1 -1 -1 -1 0 -1 -1 -1 -1 -1 -1 -1 -1 -1 -1 -1 -1 14 -1 -1 -1 -1 -1 -1 24 -1 28 -1 -1 -1 -1 -1 -1 -1 -1 -1 -1 8 -1 -1 -1 -1 -1 -1 7 -1 -1 -1 -1 -1 -1 22 -1 -1 -1 -1 -1 -1 -1 -1 21 -1 -1 -1 -1 -1 -1 -1 26 20 19 18 -1 -1 
-1 -1 2 -1 4 5 6 -1 -1 -1 30 -1 -1 3 -1 -1 -1 -1 -1 -1 0 -1 -1 -1 -1 -1 -1 -1 -1 -1 -1 -1 -1 28 -1 -1 -1 -1 -1 -1 24 -1 -1 -1 -1 -1 -1 -1 -1 -1 -1 -1 -1 8 -1 -1 -1 -1 -1 -1 7 -1 -1 -1 -1 -1 -1 22 -1 -1 -1 -1 -1 -1 -1 -1 21 -1 -1 -1 -1 -1 -1 -1 26 20 19 18 -1 -1 
-1 -1 2 -1 4 5 6 -1 -1 -1 30 -1 -1 3 -1 -1 -1 -1 -1 -1 0 -1 -1 -1 -1 -1 -1 -1 -1 -1 -1 -1 -1 28 -1 -1 -1 -1 -1 -1 24 -1 -1 -1 -1 -1 -1 -1 -1 8 -1 -1 -1 -1 -1 -1 -1 -1 -1 -1 7 -1 -1 -1 -1 -1 -1 22 -1 -1 -1 -1 -1 -1 -1 -1 21 -1 -1 -1 -1 -1 -1 -1 26 20 19 18 -1 -1 
-1 -1 2 -1 4 5 6 -1 -1 -1 30 -1 -1 3 -1 -1 -1 -1 -1 -1 0 -1 -1 -1 -1 -1 -1 -1 -1 -1 -1 -1 -1 28 -1 -1 -1 -1 -1 -1 -1 -1 24 -1 -1 -1 -1 -1 -1 8 -1 -1 -1 -1 -1 -1 -1 -1 -1 -1 7 -1 -1 -1 -1 -1 -1 22 -1 -1 -1 -1 -1 -1 -1 -1 21 -1 -1 -1 -1 -1 -1 -1 26 20 19 18 -1 -1 
-1 -1 2 -1 4 5 6 -1 -1 -1 30 -1 -1 3 -1 -1 -1 -1 -1 -1 -1 -1 -1 -1 -1 -1 -1 -1 -1 -1 -1 -1 -1 28 -1 -1 -1 -1 -1 -1 -1 -1 24 -1 -1 -1 -1 -1 -1 8 -1 -1 -1 -1 -1 -1 0 -1 -1 -1 7 -1 -1 -1 -1 -1 -1 22 -1 -1 -1 -1 -1 -1 -1 -1 21 -1 -1 -1 -1 -1 -1 -1 26 20 19 18 -1 -1 
-1 -1 2 -1 4 5 6 -1 -1 -1 30 -1 -1 3 -1 -1 -1 -1 -1 -1 -1 -1 -1 -1 28 -1 -1 -1 -1 -1 -1 -1 -1 -1 -1 -1 -1 -1 -1 -1 -1 -1 24 -1 -1 -1 -1 -1 -1 8 -1 -1 -1 -1 -1 -1 0 -1 -1 -1 7 -1 -1 -1 -1 -1 -1 22 -1 -1 -1 -1 -1 -1 -1 -1 21 -1 -1 -1 -1 -1 -1 -1 26 20 19 18 -1 -1 
-1 -1 2 -1 4 5 -1 -1 -1 -1 30 -1 -1 3 -1 -1 -1 -1 -1 -1 -1 -1 6 -1 28 -1 -1 -1 -1 -1 -1 -1 -1 -1 -1 -1 -1 -1 -1 -1 -1 -1 24 -1 -1 -1 -1 -1 -1 8 -1 -1 -1 -1 -1 -1 0 -1 -1 -1 7 -1 -1 -1 -1 -1 -1 22 -1 -1 -1 -1 -1 -1 -1 -1 21 -1 -1 -1 -1 -1 -1 -1 26 20 19 18 -1 -1 
-1 -1 2 -1 4 5 -1 -1 -1 -1 30 -1 -1 3 -1 -1 -1 -1 -1 -1 -1 -1 6 -1 28 -1 -1 -1 -1 -1 -1 -1 -1 24 -1 -1 -1 -1 -1 -1 -1 -1 -1 -1 -1 -1 -1 -1 -1 8 -1 -1 -1 -1 -1 -1 0 -1 -1 -1 7 -1 -1 -1 -1 -1 -1 22 -1 -1 -1 -1 -1 -1 -1 -1 21 -1 -1 -1 -1 -1 -1 -1 26 20 19 18 -1 -1 
-1 -1 2 -1 4 5 -1 -1 -1 -1 30 -1 -1 3 -1 -1 -1 -1 -1 -1 -1 -1 6 -1 28 -1 -1 -1 -1 -1 -1 -1 -1 24 -1 -1 -1 -1 -1 -1 -1 -1 -1 -1 -1 -1 -1 -1 -1 8 -1 -1 -1 7 -1 -1 0 -1 -1 -1 -1 -1 -1 -1 -1 -1 -1 22 -1 -1 -1 -1 -1 -1 -1 -1 21 -1 -1 -1 -1 -1 -1 -1 26 20 19 18 -1 -1 
-1 -1 2 -1 4 5 -1 -1 -1 -1 30 -1 -1 3 -1 -1 -1 -1 -1 -1 -1 -1 6 -1 28 -1 -1 -1 -1 -1 24 -1 -1 -1 -1 -1 -1 -1 -1 -1 -1 -1 -1 -1 -1 -1 -1 -1 -1 8 -1 -1 -1 7 -1 -1 0 -1 -1 -1 -1 -1 -1 -1 -1 -1 -1 22 -1 -1 -1 -1 -1 -1 -1 -1 21 -1 -1 -1 -1 -1 -1 -1 26 20 19 18 -1 -1 
-1 -1 2 -1 4 5 -1 -1 -1 -1 30 -1 -1 3 -1 -1 -1 -1 -1 -1 -1 -1 6 -1 28 -1 -1 -1 -1 -1 24 -1 -1 -1 -1 -1 -1 -1 -1 -1 -1 -1 7 -1 -1 -1 -1 -1 -1 8 -1 -1 -1 -1 -1 -1 0 -1 -1 -1 -1 -1 -1 -1 -1 -1 -1 22 -1 -1 -1 -1 -1 -1 -1 -1 21 -1 -1 -1 -1 -1 -1 -1 26 20 19 18 -1 -1 
-1 -1 2 -1 4 5 -1 -1 -1 -1 30 -1 -1 3 -1 -1 -1 -1 -1 -1 -1 -1 6 -1 28 -1 -1 -1 -1 -1 24 -1 -1 -1 -1 -1 -1 -1 -1 -1 -1 -1 7 -1 -1 -1 -1 -1 -1 8 -1 -1 -1 -1 -1 -1 0 -1 -1 -1 -1 -1 -1 -1 -1 -1 -1 22 21 -1 -1 -1 -1 -1 -1 -1 -1 -1 -1 -1 -1 -1 -1 -1 26 20 19 18 -1 -1 
-1 -1 2 -1 4 5 -1 -1 -1 -1 30 -1 -1 3 -1 -1 -1 -1 -1 -1 -1 -1 6 -1 28 -1 -1 -1 -1 -1 24 -1 -1 -1 -1 -1 -1 -1 -1 -1 -1 -1 7 -1 -1 -1 8 -1 -1 -1 -1 -1 -1 -1 -1 -1 0 -1 -1 -1 -1 -1 -1 -1 -1 -1 -1 22 21 -1 -1 -1 -1 -1 -1 -1 -1 -1 -1 -1 -1 -1 -1 -1 26 20 19 18 -1 -1 
-1 -1 2 -1 4 5 -1 -1 -1 -1 30 -1 24 3 -1 -1 -1 -1 -1 -1 -1 -1 6 -1 28 -1 -1 -1 -1 -1 -1 -1 -1 -1 -1 -1 -1 -1 -1 -1 -1 -1 7 -1 -1 -1 8 -1 -1 -1 -1 -1 -1 -1 -1 -1 0 -1 -1 -1 -1 -1 -1 -1 -1 -1 -1 22 21 -1 -1 -1 -1 -1 -1 -1 -1 -1 -1 -1 -1 -1 -1 -1 26 20 19 18 -1 -1 
-1 -1 2 -1 4 5 -1 -1 -1 -1 30 -1 24 3 -1 -1 -1 -1 -1 -1 -1 -1 6 -1 28 -1 -1 -1 -1 -1 -1 7 -1 -1 -1 -1 -1 -1 -1 -1 -1 -1 -1 -1 -1 -1 8 -1 -1 -1 -1 -1 -1 -1 -1 -1 0 -1 -1 -1 -1 -1 -1 -1 -1 -1 -1 22 21 -1 -1 -1 -1 -1 -1 -1 -1 -1 -1 -1 -1 -1 -1 -1 26 20 19 18 -1 -1 
-1 -1 2 -1 4 5 -1 -1 -1 -1 30 -1 -1 3 -1 -1 -1 -1 -1 -1 -1 -1 6 -1 28 -1 -1 -1 -1 -1 24 7 -1 -1 -1 -1 -1 -1 -1 -1 -1 -1 -1 -1 -1 -1 8 -1 -1 -1 -1 -1 -1 -1 -1 -1 0 -1 -1 -1 -1 -1 -1 -1 -1 -1 -1 22 21 -1 -1 -1 -1 -1 -1 -1 -1 -1 -1 -1 -1 -1 -1 -1 26 20 19 18 -1 -1 
-1 -1 2 -1 4 5 -1 -1 -1 -1 30 -1 -1 3 -1 -1 -1 -1 -1 -1 -1 -1 6 -1 28 -1 -1 -1 -1 -1 24 -1 -1 -1 -1 -1 -1 -1 -1 -1 -1 -1 -1 -1 -1 -1 8 -1 -1 -1 7 -1 -1 -1 -1 -1 0 -1 -1 -1 -1 -1 -1 -1 -1 -1 -1 22 21 -1 -1 -1 -1 -1 -1 -1 -1 -1 -1 -1 -1 -1 -1 -1 26 20 19 18 -1 -1 
-1 -1 2 -1 4 5 -1 -1 -1 -1 30 -1 -1 3 -1 -1 -1 -1 -1 -1 -1 -1 6 -1 28 -1 -1 -1 -1 -1 24 -1 -1 -1 -1 -1 -1 -1 -1 -1 -1 -1 -1 -1 -1 -1 8 -1 -1 -1 7 -1 -1 -1 -1 -1 0 -1 -1 -1 -1 -1 -1 -1 -1 -1 -1 22 21 -1 -1 -1 -1 -1 -1 -1 19 -1 -1 -1 -1 -1 -1 -1 26 20 -1 18 -1 -1 
-1 -1 2 -1 4 5 -1 -1 -1 -1 8 -1 -1 3 -1 -1 -1 -1 -1 -1 -1 -1 6 -1 28 -1 -1 -1 -1 -1 24 -1 -1 -1 -1 -1 -1 -1 -1 -1 -1 -1 -1 -1 -1 -1 -1 -1 -1 -1 7 -1 -1 -1 -1 -1 0 -1 -1 -1 -1 -1 -1 -1 -1 -1 -1 22 21 -1 -1 -1 -1 -1 -1 -1 19 -1 -1 -1 -1 -1 -1 -1 26 20 -1 18 -1 -1 
-1 -1 2 -1 4 5 -1 -1 -1 -1 8 -1 -1 3 -1 28 -1 -1 -1 -1 -1 -1 6 -1 -1 -1 -1 -1 -1 -1 24 -1 -1 -1 -1 -1 -1 -1 -1 -1 -1 -1 -1 -1 -1 -1 -1 -1 -1 -1 7 -1 -1 -1 -1 -1 0 -1 -1 -1 -1 -1 -1 -1 -1 -1 -1 22 21 -1 -1 -1 -1 -1 -1 -1 19 -1 -1 -1 -1 -1 -1 -1 26 20 -1 18 -1 -1 
-1 -1 2 -1 4 5 -1 -1 -1 -1 8 -1 -1 3 -1 28 -1 -1 -1 -1 -1 -1 6 -1 -1 -1 -1 -1 -1 -1 24 -1 -1 -1 -1 -1 -1 -1 -1 -1 -1 -1 -1 -1 -1 -1 -1 -1 -1 -1 -1 -1 -1 -1 -1 -1 0 -1 -1 -1 -1 7 -1 -1 -1 -1 -1 22 21 -1 -1 -1 -1 -1 -1 -1 19 -1 -1 -1 -1 -1 -1 -1 26 20 -1 18 -1 -1 
-1 -1 2 -1 4 5 -1 -1 -1 -1 8 -1 -1 3 -1 28 -1 -1 -1 -1 -1 -1 6 -1 -1 -1 -1 -1 -1 -1 -1 -1 -1 24 -1 -1 -1 -1 -1 -1 -1 -1 -1 -1 -1 -1 -1 -1 -1 -1 -1 -1 -1 -1 -1 -1 0 -1 -1 -1 -1 7 -1 -1 -1 -1 -1 22 21 -1 -1 -1 -1 -1 -1 -1 19 -1 -1 -1 -1 -1 -1 -1 26 20 -1 18 -1 -1 
-1 -1 2 -1 4 5 -1 -1 -1 -1 -1 -1 -1 3 -1 28 -1 -1 -1 -1 -1 -1 6 -1 -1 -1 -1 -1 -1 -1 -1 -1 -1 24 -1 -1 -1 8 -1 -1 -1 -1 -1 -1 -1 -1 -1 -1 -1 -1 -1 -1 -1 -1 -1 -1 0 -1 -1 -1 -1 7 -1 -1 -1 -1 -1 22 21 -1 -1 -1 -1 -1 -1 -1 19 -1 -1 -1 -1 -1 -1 -1 26 20 -1 18 -1 -1 
-1 -1 2 -1 4 5 -1 -1 -1 -1 -1 -1 -1 3 -1 28 -1 -1 -1 -1 -1 -1 6 -1 -1 -1 -1 -1 -1 -1 -1 -1 -1 -1 -1 -1 -1 8 -1 -1 -1 -1 -1 -1 -1 -1 -1 -1 -1 -1 -1 -1 -1 -1 -1 -1 0 -1 -1 -1 -1 7 -1 -1 -1 -1 -1 22 21 24 -1 -1 -1 -1 -1 -1 19 -1 -1 -1 -1 -1 -1 -1 26 20 -1 18 -1 -1 
-1 -1 2 -1 4 5 -1 -1 -1 -1 -1 -1 -1 3 -1 28 -1 -1 -1 -1 -1 -1 6 -1 -1 -1 -1 -1 -1 -1 -1 -1 -1 -1 -1 -1 -1 -1 -1 -1 -1 -1 8 -1 -1 -1 -1 -1 -1 -1 -1 -1 -1 -1 -1 -1 0 -1 -1 -1 -1 7 -1 -1 -1 -1 -1 22 21 24 -1 -1 -1 -1 -1 -1 19 -1 -1 -1 -1 -1 -1 -1 26 20 -1 18 -1 -1 
-1 -1 2 -1 4 5 -1 -1 -1 -1 -1 -1 -1 3 -1 28 -1 -1 -1 -1 -1 -1 6 -1 -1 -1 -1 -1 -1 -1 -1 -1 -1 -1 -1 -1 -1 -1 -1 -1 -1 -1 8 -1 -1 -1 -1 -1 -1 -1 -1 -1 -1 -1 -1 -1 0 -1 -1 -1 -1 7 -1 -1 -1 -1 -1 22 21 -1 24 -1 -1 -1 -1 -1 19 -1 -1 -1 -1 -1 -1 -1 26 20 -1 18 -1 -1 
-1 -1 2 -1 4 5 -1 -1 -1 -1 -1 -1 -1 3 -1 8 -1 -1 -1 -1 -1 -1 6 -1 -1 -1 -1 -1 -1 -1 -1 -1 -1 -1 -1 -1 -1 -1 -1 -1 -1 -1 -1 -1 -1 -1 -1 -1 -1 -1 -1 -1 -1 -1 -1 -1 0 -1 -1 -1 -1 7 -1 -1 -1 -1 -1 22 21 -1 24 -1 -1 -1 -1 -1 19 -1 -1 -1 -1 -1 -1 -1 26 20 -1 18 -1 -1 
