0 1 2 3 4 5 6 7 8 -1 -1 -1 -1 -1 -1 -1 -1 -1 -1 9 -1 -1 -1 -1 -1 10 -1 11 -1 12 -1 28 -1 14 -1 15 -1 -1 -1 -1 -1 -1 -1 -1 -1 -1 -1 -1 -1 -1 -1 28 -1 -1 -1 -1 -1 -1 29 -1 -1 -1 27 -1 26 -1 -1 -1 -1 -1 25 -1 -1 -1 -1 -1 -1 -1 -1 -1 -1 24 23 22 21 20 19 18 17 16 
0 1 2 3 4 5 6 7 8 -1 -1 -1 -1 -1 -1 -1 -1 -1 -1 9 -1 -1 -1 -1 10 -1 -1 11 -1 12 -1 28 -1 14 -1 15 -1 -1 -1 -1 -1 -1 -1 -1 -1 -1 -1 -1 -1 -1 -1 28 -1 -1 -1 -1 -1 -1 29 -1 -1 -1 27 -1 26 -1 -1 -1 -1 -1 25 -1 -1 -1 -1 -1 -1 -1 -1 -1 -1 24 23 22 21 20 19 18 17 16 
0 1 2 3 4 5 6 7 8 -1 -1 -1 -1 -1 -1 -1 -1 -1 -1 9 -1 -1 -1 -1 10 -1 -1 11 -1 12 -1 28 -1 14 -1 15 -1 -1 -1 -1 -1 -1 -1 -1 -1 -1 -1 -1 -1 -1 -1 28 -1 -1 -1 -1 -1 -1 29 -1 -1 -1 27 -1 -1 -1 -1 26 -1 -1 25 -1 -1 -1 -1 -1 -1 -1 -1 -1 -1 24 23 22 21 20 19 18 17 16 
0 1 2 3 4 5 -1 7 8 -1 -1 -1 -1 -1 -1 -1 -1 -1 -1 9 -1 -1 6 -1 10 -1 -1 11 -1 12 -1 28 -1 14 -1 15 -1 -1 -1 -1 -1 -1 -1 -1 -1 -1 -1 -1 -1 -1 -1 28 -1 -1 -1 -1 -1 -1 29 -1 -1 -1 27 -1 -1 -1 -1 26 -1 -1 25 -1 -1 -1 -1 -1 -1 -1 -1 -1 -1 24 23 22 21 20 19 18 17 16 
0 1 2 3 4 5 -1 7 8 -1 -1 -1 -1 -1 -1 -1 -1 -1 -1 9 -1 -1 6 -1 10 -1 -1 11 -1 12 -1 28 -1 14 -1 15 -1 -1 -1 -1 -1 -1 -1 -1 -1 -1 -1 -1 -1 -1 -1 28 -1 -1 -1 -1 -1 -1 29 -1 -1 -1 27 -1 -1 23 -1 26 -1 -1 25 -1 -1 -1 -1 -1 -1 -1 -1 -1 -1 24 -1 22 21 20 19 18 17 16 
-1 1 2 3 4 5 -1 7 8 0 -1 -1 -1 -1 -1 -1 -1 -1 -1 9 -1 -1 6 -1 10 -1 -1 11 -1 12 -1 28 -1 14 -1 15 -1 -1 -1 -1 -1 -1 -1 -1 -1 -1 -1 -1 -1 -1 -1 28 -1 -1 -1 -1 -1 -1 29 -1 -1 -1 27 -1 -1 23 -1 26 -1 -1 25 -1 -1 -1 -1 -1 -1 -1 -1 -1 -1 24 -1 22 21 20 19 18 17 16 
-1 1 2 3 4 5 -1 7 8 0 -1 -1 -1 -1 -1 -1 -1 -1 -1 9 -1 -1 6 -1 10 -1 -1 11 -1 12 -1 26 -1 14 -1 15 -1 -1 -1 -1 -1 -1 -1 -1 -1 -1 -1 -1 -1 -1 -1 28 -1 -1 -1 -1 -1 -1 29 -1 -1 -1 27 -1 -1 23 -1 -1 -1 -1 25 -1 -1 -1 -1 -1 -1 -1 -1 -1 -1 24 -1 22 21 20 19 18 17 16 
-1 1 2 -1 4 5 -1 7 8 0 -1 -1 -1 3 -1 -1 -1 -1 -1 9 -1 -1 6 -1 10 -1 -1 11 -1 12 -1 26 -1 14 -1 15 -1 -1 -1 -1 -1 -1 -1 -1 -1 -1 -1 -1 -1 -1 -1 28 -1 -1 -1 -1 -1 -1 29 -1 -1 -1 27 -1 -1 23 -1 -1 -1 -1 25 -1 -1 -1 -1 -1 -1 -1 -1 -1 -1 24 -1 22 21 20 19 18 17 16 
-1 1 2 -1 4 5 -1 7 8 0 -1 -1 -1 3 -1 -1 -1 -1 -1 9 -1 -1 6 -1 10 -1 -1 11 -1 12 -1 26 -1 14 -1 15 -1 -1 -1 -1 -1 -1 -1 -1 -1 -1 -1 -1 -1 -1 -1 28 -1 -1 -1 -1 -1 -1 29 -1 -1 -1 27 -1 -1 23 -1 -1 -1 -1 25 17 -1 -1 -1 -1 -1 -1 -1 -1 -1 24 -1 22 21 20 19 18 -1 16 
-1 1 2 -1 4 5 -1 -1 8 0 -1 -1 -1 3 7 -1 -1 -1 -1 9 -1 -1 6 -1 10 -1 -1 11 -1 12 -1 26 -1 14 -1 15 -1 -1 -1 -1 -1 -1 -1 -1 -1 -1 -1 -1 -1 -1 -1 28 -1 -1 -1 -1 -1 -1 29 -1 -1 -1 27 -1 -1 23 -1 -1 -1 -1 25 17 -1 -1 -1 -1 -1 -1 -1 -1 -1 24 -1 22 21 20 19 18 -1 16 
-1 1 2 -1 4 5 -1 -1 8 0 -1 -1 -1 3 7 -1 -1 -1 -1 9 -1 -1 6 -1 10 -1 -1 11 -1 12 -1 -1 -1 14 -1 15 -1 -1 -1 -1 -1 -1 -1 -1 -1 -1 -1 -1 -1 26 -1 28 -1 -1 -1 -1 -1 -1 29 -1 -1 -1 27 -1 -1 23 -1 -1 -1 -1 25 17 -1 -1 -1 -1 -1 -1 -1 -1 -1 24 -1 22 21 20 19 18 -1 16 
-1 1 2 -1 4 5 -1 8 -1 0 -1 -1 -1 3 7 -1 -1 -1 -1 9 -1 -1 6 -1 10 -1 -1 11 -1 12 -1 -1 -1 14 -1 15 -1 -1 -1 -1 -1 -1 -1 -1 -1 -1 -1 -1 -1 26 -1 28 -1 -1 -1 -1 -1 -1 29 -1 -1 -1 27 -1 -1 23 -1 -1 -1 -1 25 17 -1 -1 -1 -1 -1 -1 -1 -1 -1 24 -1 22 21 20 19 18 -1 16 
-1 1 2 -1 4 5 -1 8 -1 0 -1 -1 -1 3 7 -1 -1 -1 -1 9 -1 -1 6 -1 10 -1 -1 11 -1 12 -1 -1 -1 14 -1 15 -1 -1 -1 -1 -1 -1 -1 -1 -1 -1 -1 -1 -1 26 -1 28 -1 -1 -1 -1 -1 -1 29 -1 -1 -1 27 -1 -1 23 -1 -1 -1 -1 25 17 -1 -1 -1 -1 -1 -1 -1 -1 -1 24 -1 22 21 20 19 18 16 -1 
-1 1 2 -1 4 5 -1 8 -1 -1 -1 -1 0 3 7 -1 -1 -1 -1 9 -1 -1 6 -1 10 -1 -1 11 -1 12 -1 -1 -1 14 -1 15 -1 -1 -1 -1 -1 -1 -1 -1 -1 -1 -1 -1 -1 26 -1 28 -1 -1 -1 -1 -1 -1 29 -1 -1 -1 27 -1 -1 23 -1 -1 -1 -1 25 17 -1 -1 -1 -1 -1 -1 -1 -1 -1 24 -1 22 21 20 19 18 16 -1 
-1 1 2 -1 4 5 -1 8 -1 -1 -1 -1 0 3 7 -1 -1 -1 -1 9 -1 -1 6 -1 10 -1 -1 11 -1 12 -1 -1 -1 14 -1 15 -1 -1 -1 -1 -1 -1 -1 -1 -1 -1 -1 -1 -1 26 -1 28 -1 -1 -1 -1 -1 -1 29 -1 -1 -1 27 -1 -1 23 -1 -1 -1 -1 25 17 -1 -1 -1 -1 -1 -1 -1 -1 -1 -1 24 22 21 20 19 18 16 -1 
-1 1 2 -1 4 5 -1 8 -1 -1 -1 -1 -1 3 7 -1 -1 -1 -1 9 -1 -1 6 -1 10 -1 -1 11 -1 12 -1 -1 -1 14 -1 15 -1 -1 -1 0 -1 -1 -1 -1 -1 -1 -1 -1 -1 26 -1 28 -1 -1 -1 -1 -1 -1 29 -1 -1 -1 27 -1 -1 23 -1 -1 -1 -1 25 17 -1 -1 -1 -1 -1 -1 -1 -1 -1 -1 24 22 21 20 19 18 16 -1 
-1 1 2 -1 4 5 -1 8 -1 -1 -1 -1 -1 3 7 -1 -1 -1 -1 9 -1 -1 6 -1 10 -1 -1 11 -1 12 -1 -1 -1 14 -1 15 -1 -1 -1 0 -1 -1 -1 -1 -1 -1 -1 -1 -1 26 -1 28 -1 -1 -1 -1 -1 -1 29 -1 -1 -1 27 -1 -1 23 -1 22 -1 -1 25 17 -1 -1 -1 -1 -1 -1 -1 -1 -1 -1 24 -1 21 20 19 18 16 -1 
-1 -1 2 -1 4 5 -1 8 -1 -1 -1 -1 -1 3 7 -1 -1 -1 1 9 -1 -1 6 -1 10 -1 -1 11 -1 12 -1 -1 -1 14 -1 15 -1 -1 -1 0 -1 -1 -1 -1 -1 -1 -1 -1 -1 26 -1 28 -1 -1 -1 -1 -1 -1 29 -1 -1 -1 27 -1 -1 23 -1 22 -1 -1 25 17 -1 -1 -1 -1 -1 -1 -1 -1 -1 -1 24 -1 21 20 19 18 16 -1 
-1 -1 2 -1 4 5 -1 8 -1 -1 -1 -1 -1 3 7 -1 -1 -1 1 9 -1 -1 6 -1 10 -1 -1 11 -1 12 -1 -1 -1 14 -1 15 -1 -1 -1 0 -1 -1 -1 -1 -1 -1 -1 -1 -1 26 -1 28 -1 -1 -1 -1 -1 -1 29 -1 -1 -1 27 -1 -1 23 -1 22 -1 -1 25 17 -1 -1 -1 -1 21 -1 -1 -1 -1 -1 24 -1 -1 20 19 18 16 -1 
-1 -1 2 -1 4 5 -1 8 -1 -1 -1 -1 -1 3 7 -1 -1 -1 1 9 -1 -1 6 -1 10 -1 -1 -1 -1 12 -1 -1 -1 14 -1 15 11 -1 -1 0 -1 -1 -1 -1 -1 -1 -1 -1 -1 26 -1 28 -1 -1 -1 -1 -1 -1 29 -1 -1 -1 27 -1 -1 23 -1 22 -1 -1 25 17 -1 -1 -1 -1 21 -1 -1 -1 -1 -1 24 -1 -1 20 19 18 16 -1 
-1 -1 2 -1 4 5 -1 8 -1 -1 -1 -1 -1 3 7 -1 -1 -1 1 9 -1 -1 6 -1 10 -1 -1 -1 24 12 -1 -1 -1 14 -1 15 11 -1 -1 0 -1 -1 -1 -1 -1 -1 -1 -1 -1 26 -1 28 -1 -1 -1 -1 -1 -1 29 -1 -1 -1 27 -1 -1 23 -1 22 -1 -1 25 17 -1 -1 -1 -1 21 -1 -1 -1 -1 -1 -1 -1 -1 20 19 18 16 -1 
-1 -1 2 -1 4 5 -1 8 -1 -1 -1 -1 -1 3 7 -1 -1 -1 1 -1 -1 9 6 -1 10 -1 -1 -1 24 12 -1 -1 -1 14 -1 15 11 -1 -1 0 -1 -1 -1 -1 -1 -1 -1 -1 -1 26 -1 28 -1 -1 -1 -1 -1 -1 29 -1 -1 -1 27 -1 -1 23 -1 22 -1 -1 25 17 -1 -1 -1 -1 21 -1 -1 -1 -1 -1 -1 -1 -1 20 19 18 16 -1 
-1 -1 2 -1 4 5 -1 8 -1 -1 24 -1 -1 3 7 -1 -1 -1 1 -1 -1 9 6 -1 10 -1 -1 -1 -1 12 -1 -1 -1 14 -1 15 11 -1 -1 0 -1 -1 -1 -1 -1 -1 -1 -1 -1 26 -1 28 -1 -1 -1 -1 -1 -1 29 -1 -1 -1 27 -1 -1 23 -1 22 -1 -1 25 17 -1 -1 -1 -1 21 -1 -1 -1 -1 -1 -1 -1 -1 20 19 18 16 -1 
-1 -1 2 -1 4 5 -1 -1 -1 -1 24 -1 -1 3 7 -1 -1 -1 1 -1 -1 9 6 -1 10 -1 -1 -1 -1 12 -1 -1 -1 14 -1 15 11 -1 -1 0 -1 -1 -1 -1 -1 -1 -1 -1 -1 26 -1 28 -1 -1 -1 -1 -1 -1 29 -1 -1 8 27 -1 -1 23 -1 22 -1 -1 25 17 -1 -1 -1 -1 21 -1 -1 -1 -1 -1 -1 -1 -1 20 19 18 16 -1 
-1 -1 2 -1 4 5 -1 -1 -1 -1 24 -1 -1 3 7 -1 -1 -1 1 -1 -1 9 6 -1 10 -1 -1 -1 -1 12 -1 -1 -1 14 -1 15 11 -1 -1 0 -1 -1 -1 -1 -1 -1 -1 -1 -1 26 -1 28 -1 -1 -1 -1 -1 -1 29 -1 -1 8 27 -1 -1 23 -1 22 25 -1 -1 17 -1 -1 -1 -1 21 -1 -1 -1 -1 -1 -1 -1 -1 20 19 18 16 -1 
-1 -1 2 -1 4 5 -1 -1 -1 -1 24 -1 -1 3 7 -1 -1 -1 1 -1 -1 9 6 -1 10 -1 -1 -1 -1 12 -1 -1 -1 14 -1 15 11 -1 -1 0 -1 -1 -1 -1 -1 -1 -1 -1 -1 26 -1 28 -1 -1 -1 -1 -1 -1 29 -1 -1 -1 27 -1 -1 23 -1 22 25 -1 -1 17 -1 -1 -1 -1 21 -1 -1 -1 -1 -1 -1 -1 -1 20 19 18 8 -1 
-1 -1 2 -1 4 5 -1 -1 -1 -1 24 -1 -1 3 7 -1 -1 -1 1 -1 -1 9 6 -1 10 -1 -1 -1 -1 12 -1 -1 -1 14 -1 15 11 -1 -1 0 -1 -1 -1 -1 -1 -1 -1 -1 -1 26 -1 28 -1 -1 -1 -1 -1 -1 29 -1 -1 -1 27 -1 -1 23 -1 22 25 -1 -1 -1 -1 -1 -1 -1 21 -1 -1 -1 -1 -1 -1 -1 -1 20 19 18 17 -1 
-1 -1 2 -1 4 5 -1 -1 -1 -1 24 -1 -1 3 -1 -1 -1 -1 1 -1 -1 9 6 -1 10 -1 -1 -1 -1 12 -1 7 -1 14 -1 15 11 -1 -1 0 -1 -1 -1 -1 -1 -1 -1 -1 -1 26 -1 28 -1 -1 -1 -1 -1 -1 29 -1 -1 -1 27 -1 -1 23 -1 22 25 -1 -1 -1 -1 -1 -1 -1 21 -1 -1 -1 -1 -1 -1 -1 -1 20 19 18 17 -1 
-1 -1 2 -1 4 5 -1 -1 -1 -1 24 -1 -1 3 -1 -1 -1 -1 1 -1 -1 9 6 -1 10 -1 -1 -1 -1 12 -1 7 -1 14 -1 15 11 -1 -1 0 -1 -1 -1 -1 -1 -1 -1 -1 -1 26 -1 28 -1 -1 -1 -1 -1 -1 29 -1 -1 -1 27 -1 -1 23 -1 22 -1 -1 -1 25 -1 -1 -1 -1 21 -1 -1 -1 -1 -1 -1 -1 -1 20 19 18 17 -1 
-1 -1 2 -1 4 5 -1 -1 -1 -1 24 -1 -1 3 -1 -1 -1 -1 1 -1 -1 9 6 -1 10 -1 -1 -1 -1 12 -1 7 -1 -1 -1 15 11 -1 -1 0 -1 -1 14 -1 -1 -1 -1 -1 -1 26 -1 28 -1 -1 -1 -1 -1 -1 29 -1 -1 -1 27 -1 -1 23 -1 22 -1 -1 -1 25 -1 -1 -1 -1 21 -1 -1 -1 -1 -1 -1 -1 -1 20 19 18 17 -1 
-1 -1 2 -1 4 5 -1 -1 -1 -1 24 -1 -1 3 -1 -1 -1 -1 1 -1 -1 9 6 -1 10 -1 -1 -1 -1 12 -1 7 -1 -1 -1 15 11 -1 -1 0 -1 -1 28 -1 -1 -1 -1 -1 -1 26 -1 -1 -1 -1 -1 -1 -1 -1 29 -1 -1 -1 27 -1 -1 23 -1 22 -1 -1 -1 25 -1 -1 -1 -1 21 -1 -1 -1 -1 -1 -1 -1 -1 20 19 18 17 -1 
-1 -1 2 -1 4 5 -1 -1 -1 -1 24 -1 -1 3 -1 -1 -1 -1 1 -1 -1 9 6 -1 10 -1 -1 -1 -1 12 -1 -1 -1 -1 -1 15 11 -1 -1 0 -1 -1 7 -1 -1 -1 -1 -1 -1 26 -1 -1 -1 -1 -1 -1 -1 -1 29 -1 -1 -1 27 -1 -1 23 -1 22 -1 -1 -1 25 -1 -1 -1 -1 21 -1 -1 -1 -1 -1 -1 -1 -1 20 19 18 17 -1 
-1 -1 2 -1 4 5 -1 -1 -1 -1 24 -1 -1 3 -1 -1 -1 -1 1 -1 -1 9 6 -1 10 -1 -1 -1 -1 12 -1 -1 -1 -1 -1 15 11 -1 -1 0 -1 -1 7 -1 -1 -1 -1 -1 -1 -1 -1 26 -1 -1 -1 -1 -1 -1 29 -1 -1 -1 27 -1 -1 23 -1 22 -1 -1 -1 25 -1 -1 -1 -1 21 -1 -1 -1 -1 -1 -1 -1 -1 20 19 18 17 -1 
-1 -1 2 -1 4 5 -1 -1 -1 -1 24 -1 -1 3 -1 -1 -1 -1 1 -1 -1 9 6 -1 10 -1 -1 -1 -1 12 -1 -1 -1 -1 -1 15 11 -1 -1 -1 -1 -1 7 -1 -1 -1 -1 -1 0 -1 -1 26 -1 -1 -1 -1 -1 -1 29 -1 -1 -1 27 -1 -1 23 -1 22 -1 -1 -1 25 -1 -1 -1 -1 21 -1 -1 -1 -1 -1 -1 -1 -1 20 19 18 17 -1 
-1 -1 2 -1 4 5 -1 -1 -1 -1 24 -1 -1 3 -1 -1 -1 -1 1 -1 -1 9 6 -1 10 -1 -1 -1 -1 12 -1 -1 -1 -1 -1 15 11 -1 -1 -1 -1 -1 7 -1 -1 -1 -1 30 0 -1 -1 26 -1 -1 -1 -1 -1 -1 29 -1 -1 -1 27 -1 -1 23 -1 22 -1 -1 -1 25 -1 -1 -1 -1 21 -1 -1 -1 -1 -1 -1 -1 -1 20 19 18 17 -1 
-1 -1 2 -1 4 5 -1 -1 -1 -1 24 -1 -1 3 -1 -1 -1 -1 1 -1 -1 9 6 -1 10 -1 -1 -1 -1 12 -1 -1 -1 -1 -1 15 11 -1 -1 -1 -1 -1 7 -1 -1 -1 -1 30 -1 -1 0 26 -1 -1 -1 -1 -1 -1 29 -1 -1 -1 27 -1 -1 23 -1 22 -1 -1 -1 25 -1 -1 -1 -1 21 -1 -1 -1 -1 -1 -1 -1 -1 20 19 18 17 -1 
-1 -1 2 -1 4 5 -1 -1 -1 -1 24 -1 -1 3 -1 -1 -1 -1 1 -1 -1 9 6 -1 10 -1 -1 -1 -1 12 -1 -1 -1 -1 -1 15 11 -1 -1 -1 -1 -1 7 -1 -1 -1 -1 30 -1 -1 0 26 -1 -1 -1 -1 -1 -1 29 -1 -1 -1 27 -1 -1 23 -1 22 -1 17 -1 25 -1 -1 -1 -1 21 -1 -1 -1 -1 -1 -1 -1 -1 20 19 18 -1 -1 
-1 -1 2 -1 4 5 -1 -1 -1 -1 24 -1 -1 3 -1 -1 -1 -1 1 -1 -1 9 6 -1 10 -1 -1 -1 -1 12 -1 -1 -1 -1 -1 15 11 -1 -1 -1 -1 -1 7 -1 -1 -1 -1 30 -1 -1 -1 26 -1 -1 -1 -1 -1 -1 29 0 -1 -1 27 -1 -1 23 -1 22 -1 17 -1 25 -1 -1 -1 -1 21 -1 -1 -1 -1 -1 -1 -1 -1 20 19 18 -1 -1 
-1 -1 2 -1 4 5 -1 -1 -1 -1 24 -1 -1 3 -1 -1 -1 -1 1 -1 -1 9 6 -1 26 -1 -1 -1 -1 12 -1 -1 -1 -1 -1 15 11 -1 -1 -1 -1 -1 7 -1 -1 -1 -1 30 -1 -1 -1 -1 -1 -1 -1 -1 -1 -1 29 0 -1 -1 27 -1 -1 23 -1 22 -1 17 -1 25 -1 -1 -1 -1 21 -1 -1 -1 -1 -1 -1 -1 -1 20 19 18 -1 -1 
-1 -1 2 -1 4 5 -1 -1 -1 -1 24 -1 -1 3 -1 -1 -1 -1 1 -1 -1 -1 6 -1 9 -1 -1 -1 -1 12 -1 -1 -1 -1 -1 15 11 -1 -1 -1 -1 -1 7 -1 -1 -1 -1 30 -1 -1 -1 -1 -1 -1 -1 -1 -1 -1 29 0 -1 -1 27 -1 -1 23 -1 22 -1 17 -1 25 -1 -1 -1 -1 21 -1 -1 -1 -1 -1 -1 -1 -1 20 19 18 -1 -1 
-1 -1 2 -1 4 5 -1 -1 -1 -1 24 -1 -1 3 -1 -1 -1 -1 1 -1 -1 -1 6 -1 9 -1 -1 -1 -1 12 -1 -1 -1 -1 -1 15 11 -1 -1 -1 -1 -1 7 -1 -1 -1 -1 30 -1 -1 -1 -1 17 -1 -1 -1 -1 -1 29 0 -1 -1 27 -1 -1 23 -1 22 -1 -1 -1 25 -1 -1 -1 -1 21 -1 -1 -1 -1 -1 -1 -1 -1 20 19 18 -1 -1 
-1 -1 2 -1 4 5 -1 -1 -1 -1 24 -1 -1 3 -1 -1 -1 -1 1 -1 -1 -1 6 -1 9 -1 -1 -1 -1 12 -1 -1 -1 -1 -1 15 11 -1 -1 -1 -1 -1 7 -1 -1 -1 -1 30 -1 -1 -1 -1 17 -1 -1 -1 -1 -1 29 -1 -1 -1 27 -1 -1 23 -1 22 -1 -1 -1 25 -1 -1 -1 -1 21 0 -1 -1 -1 -1 -1 -1 -1 20 19 18 -1 -1 
-1 -1 2 -1 4 5 -1 -1 -1 -1 24 -1 -1 3 -1 -1 -1 -1 1 -1 -1 -1 6 -1 9 -1 -1 -1 -1 12 -1 -1 -1 -1 -1 15 11 -1 -1 -1 -1 -1 7 -1 -1 -1 -1 30 -1 -1 -1 22 17 -1 -1 -1 -1 -1 29 -1 -1 -1 27 -1 -1 23 -1 -1 -1 -1 -1 25 -1 -1 -1 -1 21 0 -1 -1 -1 -1 -1 -1 -1 20 19 18 -1 -1 
-1 -1 2 -1 4 5 -1 -1 -1 -1 24 -1 -1 3 -1 -1 -1 -1 1 -1 -1 -1 6 -1 -1 -1 -1 -1 -1 12 -1 -1 -1 -1 -1 15 11 -1 -1 -1 -1 -1 7 -1 -1 -1 -1 30 -1 -1 -1 9 17 -1 -1 -1 -1 -1 29 -1 -1 -1 27 -1 -1 23 -1 -1 -1 -1 -1 25 -1 -1 -1 -1 21 0 -1 -1 -1 -1 -1 -1 -1 20 19 18 -1 -1 
-1 -1 2 -1 4 5 -1 -1 -1 -1 -1 -1 24 3 -1 -1 -1 -1 1 -1 -1 -1 6 -1 -1 -1 -1 -1 -1 12 -1 -1 -1 -1 -1 15 11 -1 -1 -1 -1 -1 7 -1 -1 -1 -1 30 -1 -1 -1 9 17 -1 -1 -1 -1 -1 29 -1 -1 -1 27 -1 -1 23 -1 -1 -1 -1 -1 25 -1 -1 -1 -1 21 0 -1 -1 -1 -1 -1 -1 -1 20 19 18 -1 -1 
-1 -1 2 -1 4 5 -1 -1 -1 -1 -1 -1 24 3 -1 -1 -1 -1 1 -1 -1 -1 6 -1 -1 -1 -1 -1 -1 12 -1 -1 -1 -1 -1 15 11 -1 -1 -1 -1 -1 7 -1 -1 -1 -1 30 -1 -1 -1 9 17 -1 -1 -1 -1 -1 29 -1 -1 -1 27 -1 -1 23 -1 -1 -1 -1 -1 25 -1 -1 -1 -1 21 -1 -1 0 -1 -1 -1 -1 -1 20 19 18 -1 -1 
-1 -1 2 -1 4 5 -1 -1 -1 -1 -1 -1 24 3 -1 -1 -1 -1 1 -1 -1 -1 6 -1 -1 -1 -1 -1 -1 12 -1 -1 -1 -1 -1 17 11 -1 -1 -1 -1 -1 7 -1 -1 -1 -1 30 -1 -1 -1 9 -1 -1 -1 -1 -1 -1 29 -1 -1 -1 27 -1 -1 23 -1 -1 -1 -1 -1 25 -1 -1 -1 -1 21 -1 -1 0 -1 -1 -1 -1 -1 20 19 18 -1 -1 
-1 -1 2 -1 4 5 -1 -1 -1 -1 -1 -1 24 3 -1 -1 -1 -1 1 -1 -1 -1 6 -1 -1 -1 -1 -1 -1 12 -1 7 -1 -1 -1 17 11 -1 -1 -1 -1 -1 -1 -1 -1 -1 -1 30 -1 -1 -1 9 -1 -1 -1 -1 -1 -1 29 -1 -1 -1 27 -1 -1 23 -1 -1 -1 -1 -1 25 -1 -1 -1 -1 21 -1 -1 0 -1 -1 -1 -1 -1 20 19 18 -1 -1 
-1 -1 2 -1 4 5 -1 -1 -1 -1 -1 -1 -1 3 -1 -1 -1 -1 1 -1 -1 -1 6 -1 -1 -1 -1 -1 -1 12 24 7 -1 -1 -1 17 11 -1 -1 -1 -1 -1 -1 -1 -1 -1 -1 30 -1 -1 -1 9 -1 -1 -1 -1 -1 -1 29 -1 -1 -1 27 -1 -1 23 -1 -1 -1 -1 -1 25 -1 -1 -1 -1 21 -1 -1 0 -1 -1 -1 -1 -1 20 19 18 -1 -1 
-1 -1 2 -1 4 5 -1 -1 -1 -1 -1 -1 -1 3 -1 -1 -1 -1 1 -1 -1 -1 6 -1 -1 -1 -1 -1 -1 12 24 -1 -1 -1 -1 17 11 -1 -1 -1 -1 -1 -1 -1 -1 -1 -1 30 -1 -1 7 9 -1 -1 -1 -1 -1 -1 29 -1 -1 -1 27 -1 -1 23 -1 -1 -1 -1 -1 25 -1 -1 -1 -1 21 -1 -1 0 -1 -1 -1 -1 -1 20 19 18 -1 -1 
-1 -1 2 -1 4 5 -1 -1 -1 -1 -1 -1 -1 3 -1 -1 -1 -1 1 -1 -1 -1 6 -1 -1 -1 -1 -1 -1 12 24 -1 -1 -1 -1 17 11 -1 -1 -1 -1 -1 -1 -1 -1 -1 -1 30 -1 -1 7 9 -1 -1 -1 -1 -1 -1 29 -1 -1 -1 27 -1 -1 23 25 -1 -1 -1 -1 -1 -1 -1 -1 -1 21 -1 -1 0 -1 -1 -1 -1 -1 20 19 18 -1 -1 
-1 -1 2 -1 4 5 9 -1 -1 -1 -1 -1 -1 3 -1 -1 -1 -1 1 -1 -1 -1 6 -1 -1 -1 -1 -1 -1 12 24 -1 -1 -1 -1 17 11 -1 -1 -1 -1 -1 -1 -1 -1 -1 -1 30 -1 -1 7 -1 -1 -1 -1 -1 -1 -1 29 -1 -1 -1 27 -1 -1 23 25 -1 -1 -1 -1 -1 -1 -1 -1 -1 21 -1 -1 0 -1 -1 -1 -1 -1 20 19 18 -1 -1 
-1 -1 2 -1 4 5 9 -1 -1 -1 -1 -1 -1 3 -1 -1 -1 -1 1 -1 -1 -1 6 -1 -1 -1 -1 -1 -1 12 24 -1 -1 -1 -1 17 11 -1 -1 -1 -1 -1 -1 -1 -1 -1 -1 30 -1 -1 7 -1 -1 -1 -1 -1 -1 -1 29 -1 -1 -1 27 -1 -1 23 25 -1 -1 -1 -1 -1 -1 -1 -1 -1 21 -1 -1 0 -1 -1 -1 -1 20 -1 19 18 -1 -1 
-1 -1 2 -1 4 5 9 -1 -1 -1 -1 -1 -1 3 -1 -1 -1 -1 -1 -1 -1 -1 6 -1 -1 -1 -1 -1 -1 12 24 -1 -1 -1 -1 17 11 1 -1 -1 -1 -1 -1 -1 -1 -1 -1 30 -1 -1 7 -1 -1 -1 -1 -1 -1 -1 29 -1 -1 -1 27 -1 -1 23 25 -1 -1 -1 -1 -1 -1 -1 -1 -1 21 -1 -1 0 -1 -1 -1 -1 20 -1 19 18 -1 -1 
-1 -1 2 -1 4 5 9 -1 -1 -1 -1 -1 -1 3 -1 -1 -1 -1 -1 -1 -1 -1 6 -1 -1 -1 -1 -1 -1 24 -1 -1 -1 -1 -1 17 11 1 -1 -1 -1 -1 -1 -1 -1 -1 -1 30 -1 -1 7 -1 -1 -1 -1 -1 -1 -1 29 -1 -1 -1 27 -1 -1 23 25 -1 -1 -1 -1 -1 -1 -1 -1 -1 21 -1 -1 0 -1 -1 -1 -1 20 -1 19 18 -1 -1 
-1 -1 2 -1 4 5 9 -1 -1 -1 -1 -1 -1 3 -1 -1 -1 -1 -1 -1 -1 -1 6 -1 -1 -1 -1 -1 -1 24 -1 -1 -1 -1 -1 17 11 1 -1 -1 -1 -1 -1 -1 -1 -1 -1 30 -1 -1 -1 -1 -1 -1 -1 -1 -1 -1 29 -1 -1 -1 27 -1 -1 23 25 -1 -1 7 -1 -1 -1 -1 -1 -1 21 -1 -1 0 -1 -1 -1 -1 20 -1 19 18 -1 -1 
-1 -1 2 -1 4 5 9 -1 -1 -1 -1 -1 -1 3 -1 -1 -1 -1 -1 -1 -1 -1 6 -1 -1 -1 -1 -1 -1 24 -1 -1 -1 -1 -1 17 11 1 -1 -1 -1 -1 -1 -1 -1 -1 -1 30 -1 -1 -1 -1 -1 -1 -1 -1 -1 -1 29 -1 -1 -1 27 -1 -1 23 25 18 -1 7 -1 -1 -1 -1 -1 -1 21 -1 -1 0 -1 -1 -1 -1 20 -1 19 -1 -1 -1 
-1 -1 2 -1 4 5 9 -1 -1 -1 -1 -1 -1 3 -1 -1 -1 -1 -1 -1 -1 -1 6 -1 -1 -1 -1 -1 -1 24 -1 -1 -1 -1 -1 17 11 1 -1 -1 -1 -1 -1 -1 -1 -1 -1 30 -1 -1 -1 -1 -1 -1 -1 -1 -1 -1 7 -1 -1 -1 27 -1 -1 23 25 18 -1 -1 -1 -1 -1 -1 -1 -1 21 -1 -1 0 -1 -1 -1 -1 20 -1 19 -1 -1 -1 
-1 -1 2 -1 4 5 9 -1 -1 -1 -1 -1 -1 3 -1 -1 -1 -1 -1 -1 -1 -1 6 -1 -1 -1 -1 -1 -1 24 -1 -1 -1 -1 -1 17 11 1 -1 -1 -1 -1 -1 -1 -1 -1 -1 30 -1 -1 -1 -1 -1 -1 -1 -1 -1 25 7 -1 -1 -1 27 -1 -1 23 -1 18 -1 -1 -1 -1 -1 -1 -1 -1 21 -1 -1 0 -1 -1 -1 -1 20 -1 19 -1 -1 -1 
-1 -1 2 -1 4 5 9 -1 -1 -1 -1 -1 -1 3 -1 -1 -1 -1 -1 -1 -1 -1 6 -1 -1 -1 -1 -1 -1 24 -1 -1 -1 -1 -1 17 11 1 -1 -1 -1 7 -1 -1 -1 -1 -1 30 -1 -1 -1 -1 -1 -1 -1 -1 -1 25 -1 -1 -1 -1 27 -1 -1 23 -1 18 -1 -1 -1 -1 -1 -1 -1 -1 21 -1 -1 0 -1 -1 -1 -1 20 -1 19 -1 -1 -1 
-1 -1 2 -1 4 5 9 -1 -1 -1 -1 -1 -1 3 -1 -1 -1 -1 -1 -1 -1 -1 6 -1 -1 -1 -1 -1 -1 24 -1 -1 -1 -1 -1 17 11 1 -1 25 -1 7 -1 -1 -1 -1 -1 30 -1 -1 -1 -1 -1 -1 -1 -1 -1 -1 -1 -1 -1 -1 27 -1 -1 23 -1 18 -1 -1 -1 -1 -1 -1 -1 -1 21 -1 -1 0 -1 -1 -1 -1 20 -1 19 -1 -1 -1 
-1 -1 2 -1 4 5 9 -1 -1 -1 -1 -1 -1 3 -1 -1 -1 -1 -1 -1 -1 -1 6 -1 -1 -1 -1 -1 -1 24 -1 -1 -1 -1 -1 17 11 1 -1 25 -1 7 -1 -1 -1 -1 -1 30 -1 -1 -1 -1 -1 -1 -1 -1 -1 -1 -1 -1 -1 0 27 -1 -1 23 -1 18 -1 -1 -1 -1 -1 -1 -1 -1 21 -1 -1 -1 -1 -1 -1 -1 20 -1 19 -1 -1 -1 
-1 -1 2 -1 4 5 9 -1 -1 -1 -1 -1 -1 3 -1 -1 -1 -1 -1 -1 -1 -1 6 -1 -1 -1 -1 -1 -1 24 -1 -1 -1 -1 -1 17 11 1 -1 -1 25 7 -1 -1 -1 -1 -1 30 -1 -1 -1 -1 -1 -1 -1 -1 -1 -1 -1 -1 -1 0 27 -1 -1 23 -1 18 -1 -1 -1 -1 -1 -1 -1 -1 21 -1 -1 -1 -1 -1 -1 -1 20 -1 19 -1 -1 -1 
-1 -1 2 -1 4 5 9 -1 -1 -1 -1 -1 -1 3 -1 -1 -1 -1 -1 -1 -1 -1 6 -1 -1 -1 -1 -1 -1 24 -1 -1 -1 -1 -1 17 11 1 -1 -1 25 7 -1 -1 -1 -1 -1 30 -1 -1 -1 -1 -1 -1 -1 -1 -1 0 -1 -1 -1 -1 27 -1 -1 23 -1 18 -1 -1 -1 -1 -1 -1 -1 -1 21 -1 -1 -1 -1 -1 -1 -1 20 -1 19 -1 -1 -1 
-1 -1 2 -1 4 5 9 -1 -1 -1 -1 -1 -1 3 -1 -1 -1 -1 -1 -1 -1 -1 6 -1 -1 -1 -1 -1 -1 24 -1 -1 -1 -1 -1 17 11 1 -1 -1 25 7 -1 -1 -1 -1 -1 30 -1 -1 -1 -1 -1 -1 -1 -1 -1 0 -1 -1 -1 -1 27 -1 -1 23 -1 18 -1 -1 -1 -1 -1 -1 -1 -1 21 -1 -1 -1 -1 -1 -1 -1 -1 20 19 -1 -1 -1 
-1 -1 2 4 -1 5 9 -1 -1 -1 -1 -1 -1 3 -1 -1 -1 -1 -1 -1 -1 -1 6 -1 -1 -1 -1 -1 -1 24 -1 -1 -1 -1 -1 17 11 1 -1 -1 25 7 -1 -1 -1 -1 -1 30 -1 -1 -1 -1 -1 -1 -1 -1 -1 0 -1 -1 -1 -1 27 -1 -1 23 -1 18 -1 -1 -1 -1 -1 -1 -1 -1 21 -1 -1 -1 -1 -1 -1 -1 -1 20 19 -1 -1 -1 
-1 -1 2 4 -1 5 9 -1 -1 -1 -1 -1 -1 3 -1 -1 -1 -1 -1 -1 -1 -1 6 -1 -1 -1 -1 -1 -1 -1 -1 -1 24 -1 -1 17 11 1 -1 -1 25 7 -1 -1 -1 -1 -1 30 -1 -1 -1 -1 -1 -1 -1 -1 -1 0 -1 -1 -1 -1 27 -1 -1 23 -1 18 -1 -1 -1 -1 -1 -1 -1 -1 21 -1 -1 -1 -1 -1 -1 -1 -1 20 19 -1 -1 -1 
-1 -1 2 4 -1 5 9 -1 -1 -1 -1 -1 -1 3 -1 -1 -1 -1 -1 -1 -1 -1 6 -1 -1 -1 -1 -1 -1 -1 -1 -1 24 -1 -1 17 11 1 -1 -1 25 -1 -1 -1 -1 -1 -1 30 -1 -1 -1 -1 -1 -1 -1 -1 -1 0 -1 -1 7 -1 27 -1 -1 23 -1 18 -1 -1 -1 -1 -1 -1 -1 -1 21 -1 -1 -1 -1 -1 -1 -1 -1 20 19 -1 -1 -1 
-1 -1 2 4 -1 5 9 -1 -1 -1 -1 -1 -1 3 -1 -1 -1 -1 -1 -1 -1 -1 6 -1 -1 -1 -1 -1 -1 -1 -1 -1 24 -1 -1 17 11 1 -1 -1 25 -1 -1 -1 -1 -1 -1 30 -1 -1 -1 18 -1 -1 -1 -1 -1 0 -1 -1 7 -1 27 -1 -1 23 -1 -1 -1 -1 -1 -1 -1 -1 -1 -1 21 -1 -1 -1 -1 -1 -1 -1 -1 20 19 -1 -1 -1 
-1 -1 2 4 -1 5 9 -1 -1 -1 -1 -1 -1 3 -1 -1 -1 -1 -1 -1 -1 -1 6 -1 -1 -1 -1 -1 -1 -1 -1 -1 24 -1 -1 17 11 -1 -1 -1 25 -1 -1 -1 -1 -1 -1 30 -1 -1 -1 18 -1 -1 -1 -1 1 0 -1 -1 7 -1 27 -1 -1 23 -1 -1 -1 -1 -1 -1 -1 -1 -1 -1 21 -1 -1 -1 -1 -1 -1 -1 -1 20 19 -1 -1 -1 
-1 -1 2 4 -1 5 9 -1 -1 -1 -1 -1 -1 3 -1 -1 -1 -1 -1 -1 -1 -1 6 -1 -1 -1 -1 -1 -1 -1 -1 -1 -1 -1 -1 17 11 -1 -1 -1 25 -1 -1 -1 -1 -1 -1 30 -1 -1 -1 18 -1 -1 -1 -1 1 0 -1 -1 7 -1 27 -1 -1 23 -1 -1 24 -1 -1 -1 -1 -1 -1 -1 21 -1 -1 -1 -1 -1 -1 -1 -1 20 19 -1 -1 -1 
-1 -1 2 4 -1 5 9 -1 -1 -1 -1 -1 -1 3 -1 -1 -1 -1 -1 -1 -1 -1 6 -1 -1 -1 -1 -1 -1 -1 -1 -1 -1 -1 -1 17 11 -1 -1 -1 25 -1 -1 -1 -1 -1 -1 30 -1 -1 -1 18 -1 -1 -1 -1 -1 0 -1 -1 7 -1 27 1 -1 23 -1 -1 24 -1 -1 -1 -1 -1 -1 -1 21 -1 -1 -1 -1 -1 -1 -1 -1 20 19 -1 -1 -1 
-1 -1 2 4 -1 5 9 -1 -1 -1 -1 -1 -1 3 -1 -1 -1 -1 -1 -1 -1 -1 6 -1 -1 -1 -1 -1 -1 -1 -1 -1 -1 -1 -1 17 11 -1 -1 -1 25 -1 -1 -1 -1 -1 -1 30 -1 -1 -1 18 -1 -1 -1 -1 -1 0 -1 -1 7 -1 27 1 -1 23 24 -1 -1 -1 -1 -1 -1 -1 -1 -1 21 -1 -1 -1 -1 -1 -1 -1 -1 20 19 -1 -1 -1 
-1 -1 2 4 -1 5 9 -1 -1 -1 -1 -1 -1 3 -1 -1 -1 -1 -1 -1 -1 -1 6 -1 -1 -1 -1 -1 -1 -1 -1 -1 -1 -1 -1 17 11 -1 -1 -1 25 -1 -1 -1 -1 -1 -1 30 -1 -1 -1 18 -1 -1 -1 -1 -1 0 -1 -1 7 -1 27 -1 -1 23 24 -1 -1 -1 -1 -1 -1 -1 1 -1 21 -1 -1 -1 -1 -1 -1 -1 -1 20 19 -1 -1 -1 
-1 -1 2 4 -1 5 9 -1 -1 -1 -1 -1 -1 3 -1 -1 -1 -1 -1 -1 -1 -1 6 -1 -1 -1 -1 -1 -1 -1 -1 -1 -1 -1 -1 17 11 -1 -1 -1 25 -1 -1 -1 -1 -1 -1 30 -1 -1 -1 18 -1 -1 -1 -1 -1 0 -1 -1 7 -1 27 -1 -1 23 24 -1 -1 -1 -1 -1 -1 -1 1 -1 21 -1 -1 -1 -1 -1 -1 -1 20 -1 19 -1 -1 -1 
-1 -1 2 4 -1 5 9 -1 -1 -1 -1 -1 -1 3 -1 -1 -1 -1 -1 -1 -1 -1 6 -1 -1 -1 -1 -1 -1 -1 -1 -1 -1 -1 -1 17 11 -1 -1 -1 25 -1 -1 -1 -1 -1 -1 30 -1 -1 -1 18 -1 -1 -1 -1 -1 -1 -1 -1 7 -1 27 -1 -1 23 0 -1 -1 -1 -1 -1 -1 -1 1 -1 21 -1 -1 -1 -1 -1 -1 -1 20 -1 19 -1 -1 -1 
-1 -1 2 4 -1 5 9 -1 -1 -1 -1 -1 -1 3 -1 -1 -1 -1 -1 -1 -1 -1 6 -1 -1 -1 -1 -1 -1 -1 -1 -1 -1 -1 -1 17 11 -1 -1 -1 25 -1 -1 -1 -1 -1 -1 30 -1 -1 -1 18 -1 -1 -1 -1 -1 -1 -1 -1 7 -1 27 -1 -1 23 21 -1 -1 -1 -1 -1 -1 -1 1 -1 -1 -1 -1 -1 -1 -1 -1 -1 20 -1 19 -1 -1 -1 
-1 -1 2 4 -1 5 9 -1 -1 -1 -1 -1 -1 3 -1 -1 -1 -1 -1 -1 -1 -1 6 -1 -1 -1 -1 -1 -1 -1 -1 -1 -1 -1 -1 17 11 -1 -1 -1 25 -1 -1 -1 -1 -1 -1 30 -1 -1 -1 18 -1 -1 -1 -1 -1 -1 -1 -1 -1 -1 27 -1 -1 23 21 -1 -1 -1 -1 -1 -1 -1 1 -1 -1 7 -1 -1 -1 -1 -1 -1 20 -1 19 -1 -1 -1 
-1 -1 2 4 -1 5 9 -1 -1 -1 -1 -1 -1 3 -1 -1 -1 -1 -1 -1 -1 -1 6 -1 -1 -1 -1 -1 -1 -1 -1 -1 -1 -1 -1 17 11 -1 -1 -1 25 -1 -1 -1 -1 -1 -1 30 -1 -1 -1 18 -1 -1 -1 -1 -1 -1 -1 -1 -1 -1 27 -1 -1 23 21 -1 -1 -1 -1 -1 -1 -1 1 -1 19 7 -1 -1 -1 -1 -1 -1 20 -1 -1 -1 -1 -1 
-1 -1 2 4 -1 5 -1 -1 -1 -1 -1 -1 -1 3 -1 -1 -1 -1 -1 -1 -1 -1 6 -1 -1 -1 -1 -1 -1 -1 -1 -1 -1 9 -1 17 11 -1 -1 -1 25 -1 -1 -1 -1 -1 -1 30 -1 -1 -1 18 -1 -1 -1 -1 -1 -1 -1 -1 -1 -1 27 -1 -1 23 21 -1 -1 -1 -1 -1 -1 -1 1 -1 19 7 -1 -1 -1 -1 -1 -1 20 -1 -1 -1 -1 -1 
-1 -1 2 4 -1 5 -1 -1 -1 -1 -1 -1 -1 3 -1 -1 -1 -1 -1 -1 -1 -1 6 -1 -1 -1 -1 -1 -1 -1 -1 25 -1 9 -1 17 11 -1 -1 -1 -1 -1 -1 -1 -1 -1 -1 30 -1 -1 -1 18 -1 -1 -1 -1 -1 -1 -1 -1 -1 -1 27 -1 -1 23 21 -1 -1 -1 -1 -1 -1 -1 1 -1 19 7 -1 -1 -1 -1 -1 -1 20 -1 -1 -1 -1 -1 
-1 -1 2 4 -1 5 -1 -1 -1 -1 -1 -1 -1 3 -1 -1 -1 -1 -1 -1 -1 -1 6 -1 -1 -1 -1 -1 -1 -1 -1 25 9 -1 -1 17 11 -1 -1 -1 -1 -1 -1 -1 -1 -1 -1 30 -1 -1 -1 18 -1 -1 -1 -1 -1 -1 -1 -1 -1 -1 27 -1 -1 23 21 -1 -1 -1 -1 -1 -1 -1 1 -1 19 7 -1 -1 -1 -1 -1 -1 20 -1 -1 -1 -1 -1 
-1 -1 2 4 -1 5 -1 -1 -1 -1 -1 -1 -1 3 -1 -1 -1 -1 -1 -1 -1 -1 6 -1 -1 -1 -1 -1 -1 -1 -1 25 9 -1 -1 17 11 -1 -1 -1 -1 -1 -1 -1 -1 -1 -1 30 23 -1 -1 18 -1 -1 -1 -1 -1 -1 -1 -1 -1 -1 27 -1 -1 -1 21 -1 -1 -1 -1 -1 -1 -1 1 -1 19 7 -1 -1 -1 -1 -1 -1 20 -1 -1 -1 -1 -1 
-1 -1 2 4 -1 5 -1 -1 -1 -1 -1 -1 -1 3 -1 -1 -1 -1 -1 -1 -1 -1 6 -1 -1 -1 -1 -1 -1 -1 -1 25 -1 -1 -1 17 11 -1 -1 -1 -1 -1 -1 -1 -1 -1 -1 30 23 -1 9 18 -1 -1 -1 -1 -1 -1 -1 -1 -1 -1 27 -1 -1 -1 21 -1 -1 -1 -1 -1 -1 -1 1 -1 19 7 -1 -1 -1 -1 -1 -1 20 -1 -1 -1 -1 -1 
-1 -1 2 4 -1 5 -1 -1 -1 -1 -1 -1 -1 3 -1 -1 -1 -1 -1 -1 -1 -1 6 -1 -1 -1 -1 -1 -1 23 -1 25 -1 -1 -1 17 11 -1 -1 -1 -1 -1 -1 -1 -1 -1 -1 30 -1 -1 9 18 -1 -1 -1 -1 -1 -1 -1 -1 -1 -1 27 -1 -1 -1 21 -1 -1 -1 -1 -1 -1 -1 1 -1 19 7 -1 -1 -1 -1 -1 -1 20 -1 -1 -1 -1 -1 
-1 -1 2 4 -1 5 -1 -1 -1 -1 -1 -1 -1 3 -1 -1 -1 -1 -1 -1 -1 -1 -1 -1 -1 -1 -1 -1 -1 23 -1 25 -1 -1 -1 17 11 -1 6 -1 -1 -1 -1 -1 -1 -1 -1 30 -1 -1 9 18 -1 -1 -1 -1 -1 -1 -1 -1 -1 -1 27 -1 -1 -1 21 -1 -1 -1 -1 -1 -1 -1 1 -1 19 7 -1 -1 -1 -1 -1 -1 20 -1 -1 -1 -1 -1 
-1 -1 2 4 -1 5 -1 -1 -1 -1 23 -1 -1 3 -1 -1 -1 -1 -1 -1 -1 -1 -1 -1 -1 -1 -1 -1 -1 -1 -1 25 -1 -1 -1 17 11 -1 6 -1 -1 -1 -1 -1 -1 -1 -1 30 -1 -1 9 18 -1 -1 -1 -1 -1 -1 -1 -1 -1 -1 27 -1 -1 -1 21 -1 -1 -1 -1 -1 -1 -1 1 -1 19 7 -1 -1 -1 -1 -1 -1 20 -1 -1 -1 -1 -1 
-1 -1 2 -1 -1 5 -1 -1 -1 -1 23 -1 4 3 -1 -1 -1 -1 -1 -1 -1 -1 -1 -1 -1 -1 -1 -1 -1 -1 -1 25 -1 -1 -1 17 11 -1 6 -1 -1 -1 -1 -1 -1 -1 -1 30 -1 -1 9 18 -1 -1 -1 -1 -1 -1 -1 -1 -1 -1 27 -1 -1 -1 21 -1 -1 -1 -1 -1 -1 -1 1 -1 19 7 -1 -1 -1 -1 -1 -1 20 -1 -1 -1 -1 -1 
-1 -1 2 -1 -1 5 -1 -1 -1 -1 -1 -1 4 3 -1 -1 -1 -1 -1 -1 -1 -1 -1 -1 -1 -1 -1 -1 -1 23 -1 25 -1 -1 -1 17 11 -1 6 -1 -1 -1 -1 -1 -1 -1 -1 30 -1 -1 9 18 -1 -1 -1 -1 -1 -1 -1 -1 -1 -1 27 -1 -1 -1 21 -1 -1 -1 -1 -1 -1 -1 1 -1 19 7 -1 -1 -1 -1 -1 -1 20 -1 -1 -1 -1 -1 
-1 -1 2 4 -1 5 -1 -1 -1 -1 -1 -1 -1 3 -1 -1 -1 -1 -1 -1 -1 -1 -1 -1 -1 -1 -1 -1 -1 23 -1 25 -1 -1 -1 17 11 -1 6 -1 -1 -1 -1 -1 -1 -1 -1 30 -1 -1 9 18 -1 -1 -1 -1 -1 -1 -1 -1 -1 -1 27 -1 -1 -1 21 -1 -1 -1 -1 -1 -1 -1 1 -1 19 7 -1 -1 -1 -1 -1 -1 20 -1 -1 -1 -1 -1 
-1 -1 2 4 -1 5 -1 -1 -1 -1 23 -1 -1 3 -1 -1 -1 -1 -1 -1 -1 -1 -1 -1 -1 -1 -1 -1 -1 -1 -1 25 -1 -1 -1 17 11 -1 6 -1 -1 -1 -1 -1 -1 -1 -1 30 -1 -1 9 18 -1 -1 -1 -1 -1 -1 -1 -1 -1 -1 27 -1 -1 -1 21 -1 -1 -1 -1 -1 -1 -1 1 -1 19 7 -1 -1 -1 -1 -1 -1 20 -1 -1 -1 -1 -1 
-1 -1 2 -1 -1 5 -1 -1 -1 -1 23 -1 4 3 -1 -1 -1 -1 -1 -1 -1 -1 -1 -1 -1 -1 -1 -1 -1 -1 -1 25 -1 -1 -1 17 11 -1 6 -1 -1 -1 -1 -1 -1 -1 -1 30 -1 -1 9 18 -1 -1 -1 -1 -1 -1 -1 -1 -1 -1 27 -1 -1 -1 21 -1 -1 -1 -1 -1 -1 -1 1 -1 19 7 -1 -1 -1 -1 -1 -1 20 -1 -1 -1 -1 -1 
