0 1 2 3 4 5 6 7 8 -1 -1 -1 -1 -1 -1 -1 -1 -1 -1 9 -1 -1 -1 -1 -1 10 -1 11 -1 12 -1 28 -1 14 -1 15 -1 -1 -1 -1 -1 -1 -1 -1 -1 -1 -1 30 -1 -1 -1 -1 -1 -1 -1 -1 -1 -1 29 -1 -1 -1 27 -1 26 -1 -1 -1 -1 -1 25 -1 -1 -1 -1 -1 -1 -1 -1 -1 -1 24 23 22 21 20 19 18 17 16 
0 1 2 3 4 5 6 7 8 -1 -1 -1 -1 -1 -1 -1 -1 -1 -1 -1 9 -1 -1 -1 -1 10 -1 11 -1 12 -1 28 -1 14 -1 15 -1 -1 -1 -1 -1 -1 -1 -1 -1 -1 -1 30 -1 -1 -1 -1 -1 -1 -1 -1 -1 -1 29 -1 -1 -1 27 -1 26 -1 -1 -1 -1 -1 25 -1 -1 -1 -1 -1 -1 -1 -1 -1 -1 24 23 22 21 20 19 18 17 16 
0 1 2 3 4 5 6 7 8 -1 -1 -1 -1 -1 -1 -1 -1 -1 -1 -1 9 -1 -1 -1 -1 10 -1 11 -1 12 -1 28 -1 14 -1 15 -1 -1 -1 -1 -1 -1 -1 -1 -1 -1 -1 30 -1 -1 -1 -1 -1 -1 -1 -1 -1 -1 29 -1 -1 -1 27 -1 26 -1 -1 25 -1 -1 -1 -1 -1 -1 -1 -1 -1 -1 -1 -1 -1 24 23 22 21 20 19 18 17 16 
0 1 -1 3 4 5 6 7 8 -1 -1 -1 -1 -1 -1 -1 -1 -1 -1 -1 9 -1 2 -1 -1 10 -1 11 -1 12 -1 28 -1 14 -1 15 -1 -1 -1 -1 -1 -1 -1 -1 -1 -1 -1 30 -1 -1 -1 -1 -1 -1 -1 -1 -1 -1 29 -1 -1 -1 27 -1 26 -1 -1 25 -1 -1 -1 -1 -1 -1 -1 -1 -1 -1 -1 -1 -1 24 23 22 21 20 19 18 17 16 
0 1 -1 3 4 5 6 7 8 -1 -1 -1 -1 -1 -1 -1 -1 -1 -1 -1 9 -1 2 -1 -1 10 -1 11 -1 12 -1 28 -1 14 -1 15 -1 -1 -1 -1 -1 -1 -1 -1 -1 -1 -1 30 -1 -1 -1 -1 -1 -1 -1 -1 -1 -1 29 -1 -1 -1 27 -1 26 -1 -1 25 -1 17 -1 -1 -1 -1 -1 -1 -1 -1 -1 -1 -1 24 23 22 21 20 19 18 -1 16 
0 1 -1 3 4 5 6 7 -1 -1 -1 -1 -1 -1 -1 -1 -1 8 -1 -1 9 -1 2 -1 -1 10 -1 11 -1 12 -1 28 -1 14 -1 15 -1 -1 -1 -1 -1 -1 -1 -1 -1 -1 -1 30 -1 -1 -1 -1 -1 -1 -1 -1 -1 -1 29 -1 -1 -1 27 -1 26 -1 -1 25 -1 17 -1 -1 -1 -1 -1 -1 -1 -1 -1 -1 -1 24 23 22 21 20 19 18 -1 16 
0 1 -1 3 4 5 6 7 -1 -1 -1 -1 -1 -1 -1 -1 -1 8 -1 -1 9 -1 2 -1 -1 10 -1 11 -1 12 -1 28 -1 14 -1 15 -1 -1 -1 -1 -1 -1 -1 -1 -1 -1 -1 30 -1 -1 -1 -1 -1 -1 -1 -1 -1 -1 29 -1 -1 -1 27 -1 26 -1 -1 25 -1 17 -1 -1 -1 -1 -1 -1 -1 -1 -1 -1 -1 24 23 22 21 20 19 18 16 -1 
0 1 -1 3 4 5 6 7 -1 -1 8 -1 -1 -1 -1 -1 -1 -1 -1 -1 9 -1 2 -1 -1 10 -1 11 -1 12 -1 28 -1 14 -1 15 -1 -1 -1 -1 -1 -1 -1 -1 -1 -1 -1 30 -1 -1 -1 -1 -1 -1 -1 -1 -1 -1 29 -1 -1 -1 27 -1 26 -1 -1 25 -1 17 -1 -1 -1 -1 -1 -1 -1 -1 -1 -1 -1 24 23 22 21 20 19 18 16 -1 
0 1 -1 3 4 5 6 7 -1 -1 8 -1 -1 -1 -1 -1 -1 -1 -1 -1 9 -1 2 -1 -1 10 -1 11 -1 12 -1 28 -1 14 -1 15 -1 -1 -1 -1 -1 -1 -1 -1 -1 -1 -1 30 -1 -1 -1 -1 -1 -1 -1 -1 -1 -1 29 -1 -1 -1 27 -1 26 23 -1 25 -1 17 -1 -1 -1 -1 -1 -1 -1 -1 -1 -1 -1 24 -1 22 21 20 19 18 16 -1 
0 -1 -1 3 4 5 6 7 -1 -1 8 -1 1 -1 -1 -1 -1 -1 -1 -1 9 -1 2 -1 -1 10 -1 11 -1 12 -1 28 -1 14 -1 15 -1 -1 -1 -1 -1 -1 -1 -1 -1 -1 -1 30 -1 -1 -1 -1 -1 -1 -1 -1 -1 -1 29 -1 -1 -1 27 -1 26 23 -1 25 -1 17 -1 -1 -1 -1 -1 -1 -1 -1 -1 -1 -1 24 -1 22 21 20 19 18 16 -1 
0 -1 -1 3 4 5 6 7 -1 -1 8 -1 1 -1 -1 -1 -1 -1 -1 -1 9 -1 2 -1 -1 10 -1 11 -1 12 -1 28 -1 14 -1 15 -1 -1 -1 -1 -1 -1 -1 -1 -1 -1 -1 30 -1 -1 -1 -1 -1 -1 -1 -1 -1 -1 29 -1 -1 -1 27 26 -1 23 -1 25 -1 17 -1 -1 -1 -1 -1 -1 -1 -1 -1 -1 -1 24 -1 22 21 20 19 18 16 -1 
0 -1 -1 3 4 5 6 -1 -1 -1 8 -1 1 -1 -1 -1 -1 -1 -1 -1 9 -1 2 -1 -1 10 7 11 -1 12 -1 28 -1 14 -1 15 -1 -1 -1 -1 -1 -1 -1 -1 -1 -1 -1 30 -1 -1 -1 -1 -1 -1 -1 -1 -1 -1 29 -1 -1 -1 27 26 -1 23 -1 25 -1 17 -1 -1 -1 -1 -1 -1 -1 -1 -1 -1 -1 24 -1 22 21 20 19 18 16 -1 
0 -1 -1 3 4 5 6 -1 -1 -1 8 -1 1 -1 -1 -1 -1 -1 -1 -1 9 -1 2 -1 -1 10 7 11 -1 12 -1 28 -1 14 -1 15 -1 -1 -1 -1 -1 -1 -1 -1 -1 -1 -1 30 23 -1 -1 -1 -1 -1 -1 -1 -1 -1 29 -1 -1 -1 27 26 -1 -1 -1 25 -1 17 -1 -1 -1 -1 -1 -1 -1 -1 -1 -1 -1 24 -1 22 21 20 19 18 16 -1 
0 -1 -1 -1 4 5 6 -1 -1 -1 8 -1 1 3 -1 -1 -1 -1 -1 -1 9 -1 2 -1 -1 10 7 11 -1 12 -1 28 -1 14 -1 15 -1 -1 -1 -1 -1 -1 -1 -1 -1 -1 -1 30 23 -1 -1 -1 -1 -1 -1 -1 -1 -1 29 -1 -1 -1 27 26 -1 -1 -1 25 -1 17 -1 -1 -1 -1 -1 -1 -1 -1 -1 -1 -1 24 -1 22 21 20 19 18 16 -1 
0 -1 -1 -1 4 5 6 -1 -1 -1 8 -1 1 3 -1 -1 -1 -1 -1 -1 9 -1 2 -1 -1 10 7 11 -1 12 -1 28 -1 14 -1 15 -1 -1 -1 -1 -1 -1 -1 -1 -1 -1 -1 30 23 -1 -1 -1 -1 -1 -1 -1 -1 -1 29 -1 -1 -1 27 -1 -1 -1 26 25 -1 17 -1 -1 -1 -1 -1 -1 -1 -1 -1 -1 -1 24 -1 22 21 20 19 18 16 -1 
0 -1 -1 -1 4 5 6 -1 -1 -1 8 -1 1 3 -1 -1 -1 -1 -1 -1 9 -1 2 -1 -1 10 7 11 -1 12 -1 28 -1 14 -1 -1 -1 -1 -1 -1 -1 -1 -1 -1 15 -1 -1 30 23 -1 -1 -1 -1 -1 -1 -1 -1 -1 29 -1 -1 -1 27 -1 -1 -1 26 25 -1 17 -1 -1 -1 -1 -1 -1 -1 -1 -1 -1 -1 24 -1 22 21 20 19 18 16 -1 
0 -1 -1 -1 4 5 6 -1 -1 -1 8 -1 1 3 -1 -1 -1 -1 -1 -1 9 -1 2 -1 -1 10 7 11 -1 12 -1 28 -1 14 -1 -1 -1 -1 -1 -1 -1 -1 -1 -1 15 -1 -1 30 23 -1 -1 -1 -1 -1 -1 -1 -1 -1 29 -1 -1 -1 27 -1 -1 -1 26 25 -1 17 -1 -1 -1 -1 -1 -1 21 -1 -1 -1 -1 24 -1 22 -1 20 19 18 16 -1 
-1 -1 -1 -1 4 5 6 -1 -1 0 8 -1 1 3 -1 -1 -1 -1 -1 -1 9 -1 2 -1 -1 10 7 11 -1 12 -1 28 -1 14 -1 -1 -1 -1 -1 -1 -1 -1 -1 -1 15 -1 -1 30 23 -1 -1 -1 -1 -1 -1 -1 -1 -1 29 -1 -1 -1 27 -1 -1 -1 26 25 -1 17 -1 -1 -1 -1 -1 -1 21 -1 -1 -1 -1 24 -1 22 -1 20 19 18 16 -1 
-1 -1 -1 -1 4 5 6 -1 -1 0 8 -1 1 3 -1 -1 -1 -1 -1 -1 9 -1 2 -1 -1 10 7 11 -1 12 -1 28 -1 14 -1 -1 -1 -1 -1 -1 -1 -1 -1 -1 15 -1 -1 30 23 -1 -1 -1 -1 -1 -1 -1 -1 -1 29 -1 -1 -1 27 -1 -1 -1 -1 25 -1 17 -1 -1 -1 -1 -1 -1 21 -1 -1 -1 -1 24 -1 22 26 20 19 18 16 -1 
-1 -1 -1 -1 4 5 6 -1 -1 0 -1 -1 1 3 -1 -1 -1 -1 -1 -1 9 -1 2 -1 -1 10 7 11 -1 12 -1 28 -1 14 -1 -1 -1 -1 -1 -1 -1 -1 -1 -1 15 -1 8 30 23 -1 -1 -1 -1 -1 -1 -1 -1 -1 29 -1 -1 -1 27 -1 -1 -1 -1 25 -1 17 -1 -1 -1 -1 -1 -1 21 -1 -1 -1 -1 24 -1 22 26 20 19 18 16 -1 
-1 -1 -1 -1 4 5 6 -1 -1 0 -1 -1 1 3 -1 -1 -1 -1 -1 -1 9 -1 2 -1 -1 10 7 11 -1 12 -1 28 -1 14 -1 -1 -1 -1 -1 -1 -1 -1 -1 -1 15 -1 8 30 23 -1 -1 -1 16 -1 -1 -1 -1 -1 29 -1 -1 -1 27 -1 -1 -1 -1 25 -1 17 -1 -1 -1 -1 -1 -1 21 -1 -1 -1 -1 24 -1 22 26 20 19 18 -1 -1 
-1 -1 -1 -1 4 5 6 -1 -1 0 -1 -1 1 3 -1 -1 -1 -1 -1 -1 9 -1 2 -1 -1 10 7 11 -1 12 -1 28 -1 14 -1 -1 -1 -1 -1 -1 -1 -1 -1 -1 15 -1 -1 8 23 -1 -1 -1 16 -1 -1 -1 -1 -1 29 -1 -1 -1 27 -1 -1 -1 -1 25 -1 17 -1 -1 -1 -1 -1 -1 21 -1 -1 -1 -1 24 -1 22 26 20 19 18 -1 -1 
-1 -1 -1 -1 4 5 6 -1 -1 0 -1 -1 1 3 -1 -1 -1 -1 -1 -1 9 -1 2 -1 -1 10 7 11 -1 12 -1 28 -1 14 -1 -1 -1 -1 -1 -1 -1 -1 -1 -1 15 -1 -1 8 23 -1 -1 -1 16 -1 -1 -1 -1 -1 29 -1 -1 -1 27 -1 -1 -1 -1 25 -1 17 -1 -1 -1 -1 -1 -1 21 -1 -1 -1 -1 -1 24 22 26 20 19 18 -1 -1 
-1 -1 -1 -1 4 5 6 -1 -1 0 -1 -1 1 3 -1 -1 -1 -1 -1 -1 9 -1 2 -1 -1 10 7 11 -1 12 -1 28 -1 14 -1 -1 -1 -1 -1 -1 -1 -1 -1 -1 15 -1 -1 -1 23 -1 -1 -1 16 -1 -1 -1 -1 -1 29 -1 -1 -1 27 -1 -1 -1 -1 25 -1 17 -1 -1 -1 -1 -1 -1 21 -1 -1 -1 -1 -1 24 8 26 20 19 18 -1 -1 
-1 -1 -1 -1 4 5 6 -1 -1 0 -1 -1 1 3 -1 -1 -1 -1 -1 -1 9 -1 2 -1 -1 10 7 11 -1 12 -1 28 -1 14 -1 -1 -1 -1 -1 -1 -1 -1 -1 -1 15 -1 -1 -1 23 -1 -1 -1 16 -1 -1 -1 -1 -1 29 -1 -1 -1 27 -1 -1 -1 -1 25 -1 17 -1 -1 -1 -1 -1 -1 21 -1 -1 -1 -1 -1 -1 24 26 20 19 18 -1 -1 
-1 -1 -1 -1 4 5 6 -1 -1 0 -1 -1 1 3 -1 -1 -1 -1 -1 -1 -1 -1 2 -1 -1 10 7 11 -1 12 -1 28 -1 14 -1 -1 -1 -1 -1 -1 -1 -1 -1 -1 15 -1 -1 -1 23 -1 -1 -1 16 -1 -1 -1 -1 -1 29 -1 -1 -1 27 -1 -1 -1 -1 25 -1 17 -1 -1 -1 -1 -1 -1 21 -1 -1 -1 -1 -1 -1 9 26 20 19 18 -1 -1 
-1 -1 -1 -1 4 5 6 -1 -1 0 -1 -1 26 3 -1 -1 -1 -1 -1 -1 -1 -1 2 -1 -1 10 7 11 -1 12 -1 28 -1 14 -1 -1 -1 -1 -1 -1 -1 -1 -1 -1 15 -1 -1 -1 23 -1 -1 -1 16 -1 -1 -1 -1 -1 29 -1 -1 -1 27 -1 -1 -1 -1 25 -1 17 -1 -1 -1 -1 -1 -1 21 -1 -1 -1 -1 -1 -1 9 -1 20 19 18 -1 -1 
-1 -1 -1 -1 4 5 6 -1 -1 -1 -1 -1 0 3 -1 -1 -1 -1 -1 -1 -1 -1 2 -1 -1 10 7 11 -1 12 -1 28 -1 14 -1 -1 -1 -1 -1 -1 -1 -1 -1 -1 15 -1 -1 -1 23 -1 -1 -1 16 -1 -1 -1 -1 -1 29 -1 -1 -1 27 -1 -1 -1 -1 25 -1 17 -1 -1 -1 -1 -1 -1 21 -1 -1 -1 -1 -1 -1 9 -1 20 19 18 -1 -1 
-1 -1 -1 -1 4 5 6 -1 -1 -1 -1 -1 0 3 -1 -1 -1 -1 -1 -1 -1 -1 2 -1 -1 10 7 11 -1 12 -1 28 -1 14 -1 -1 -1 -1 -1 -1 -1 -1 -1 -1 15 -1 -1 -1 23 -1 -1 -1 16 -1 -1 -1 -1 -1 29 -1 -1 -1 27 -1 -1 -1 25 -1 -1 17 -1 -1 -1 -1 -1 -1 21 -1 -1 -1 -1 -1 -1 9 -1 20 19 18 -1 -1 
-1 -1 -1 -1 4 5 6 -1 -1 -1 0 -1 -1 3 -1 -1 -1 -1 -1 -1 -1 -1 2 -1 -1 10 7 11 -1 12 -1 28 -1 14 -1 -1 -1 -1 -1 -1 -1 -1 -1 -1 15 -1 -1 -1 23 -1 -1 -1 16 -1 -1 -1 -1 -1 29 -1 -1 -1 27 -1 -1 -1 25 -1 -1 17 -1 -1 -1 -1 -1 -1 21 -1 -1 -1 -1 -1 -1 9 -1 20 19 18 -1 -1 
-1 -1 -1 -1 4 5 6 -1 -1 -1 0 -1 -1 3 -1 -1 -1 -1 -1 -1 -1 -1 2 -1 -1 16 7 11 -1 12 -1 28 -1 14 -1 -1 -1 -1 -1 -1 -1 -1 -1 -1 15 -1 -1 -1 23 -1 -1 -1 -1 -1 -1 -1 -1 -1 29 -1 -1 -1 27 -1 -1 -1 25 -1 -1 17 -1 -1 -1 -1 -1 -1 21 -1 -1 -1 -1 -1 -1 9 -1 20 19 18 -1 -1 
-1 -1 -1 -1 4 5 6 -1 -1 -1 0 -1 -1 3 -1 -1 -1 -1 -1 -1 -1 -1 2 -1 -1 16 7 11 -1 12 -1 28 -1 14 -1 -1 -1 -1 -1 -1 -1 -1 -1 -1 15 -1 -1 -1 23 -1 -1 -1 -1 -1 -1 -1 -1 -1 29 -1 -1 -1 27 -1 -1 -1 25 -1 -1 17 -1 -1 -1 -1 -1 -1 21 -1 -1 -1 -1 9 -1 -1 -1 20 19 18 -1 -1 
-1 -1 -1 -1 4 5 6 -1 -1 -1 0 -1 -1 3 -1 -1 -1 -1 -1 -1 -1 -1 2 -1 -1 16 7 11 -1 12 -1 28 -1 14 -1 -1 -1 -1 -1 -1 -1 -1 -1 -1 15 -1 -1 -1 23 -1 -1 -1 -1 -1 -1 -1 -1 -1 29 -1 -1 -1 27 -1 -1 -1 25 -1 -1 17 -1 -1 -1 -1 -1 -1 21 -1 -1 -1 -1 9 -1 -1 20 -1 19 18 -1 -1 
-1 -1 -1 -1 4 5 6 -1 -1 -1 -1 -1 -1 3 -1 -1 -1 -1 -1 -1 -1 -1 2 -1 -1 16 7 11 -1 12 -1 28 -1 14 -1 -1 -1 -1 -1 -1 -1 -1 -1 -1 15 -1 -1 -1 23 -1 -1 -1 -1 -1 -1 -1 -1 -1 29 -1 -1 -1 27 -1 -1 -1 25 -1 -1 17 -1 -1 -1 -1 -1 -1 21 -1 -1 -1 -1 9 0 -1 20 -1 19 18 -1 -1 
-1 -1 -1 -1 4 5 6 -1 -1 -1 -1 -1 -1 3 -1 -1 -1 -1 -1 -1 -1 -1 2 -1 -1 16 7 11 -1 12 -1 28 -1 14 -1 -1 -1 -1 -1 -1 -1 -1 -1 -1 15 -1 -1 -1 23 -1 -1 -1 -1 -1 -1 -1 -1 -1 29 -1 -1 -1 27 -1 -1 -1 25 -1 -1 17 -1 -1 -1 -1 -1 20 21 -1 -1 -1 -1 9 0 -1 -1 -1 19 18 -1 -1 
-1 -1 -1 -1 4 5 6 -1 -1 -1 -1 -1 -1 3 -1 -1 -1 -1 -1 -1 -1 -1 2 -1 -1 16 7 11 -1 12 -1 28 -1 14 -1 -1 -1 -1 -1 -1 -1 -1 -1 -1 15 -1 0 -1 23 -1 -1 -1 -1 -1 -1 -1 -1 -1 29 -1 -1 -1 27 -1 -1 -1 25 -1 -1 17 -1 -1 -1 -1 -1 20 21 -1 -1 -1 -1 9 -1 -1 -1 -1 19 18 -1 -1 
-1 -1 -1 -1 4 5 6 -1 -1 -1 -1 -1 -1 3 -1 -1 -1 -1 -1 -1 -1 -1 2 -1 -1 16 7 11 -1 23 -1 28 -1 14 -1 -1 -1 -1 -1 -1 -1 -1 -1 -1 15 -1 0 -1 -1 -1 -1 -1 -1 -1 -1 -1 -1 -1 29 -1 -1 -1 27 -1 -1 -1 25 -1 -1 17 -1 -1 -1 -1 -1 20 21 -1 -1 -1 -1 9 -1 -1 -1 -1 19 18 -1 -1 
-1 -1 -1 -1 4 5 6 -1 -1 -1 -1 -1 -1 3 -1 -1 -1 -1 -1 -1 -1 -1 2 -1 -1 16 7 11 0 23 -1 28 -1 14 -1 -1 -1 -1 -1 -1 -1 -1 -1 -1 15 -1 -1 -1 -1 -1 -1 -1 -1 -1 -1 -1 -1 -1 29 -1 -1 -1 27 -1 -1 -1 25 -1 -1 17 -1 -1 -1 -1 -1 20 21 -1 -1 -1 -1 9 -1 -1 -1 -1 19 18 -1 -1 
-1 -1 -1 -1 4 5 6 -1 -1 -1 -1 -1 -1 3 -1 -1 -1 -1 -1 -1 -1 -1 23 -1 -1 16 7 11 0 -1 -1 28 -1 14 -1 -1 -1 -1 -1 -1 -1 -1 -1 -1 15 -1 -1 -1 -1 -1 -1 -1 -1 -1 -1 -1 -1 -1 29 -1 -1 -1 27 -1 -1 -1 25 -1 -1 17 -1 -1 -1 -1 -1 20 21 -1 -1 -1 -1 9 -1 -1 -1 -1 19 18 -1 -1 
-1 -1 -1 -1 4 5 -1 -1 -1 -1 -1 -1 -1 3 -1 -1 -1 -1 -1 -1 -1 -1 6 -1 -1 16 7 11 0 -1 -1 28 -1 14 -1 -1 -1 -1 -1 -1 -1 -1 -1 -1 15 -1 -1 -1 -1 -1 -1 -1 -1 -1 -1 -1 -1 -1 29 -1 -1 -1 27 -1 -1 -1 25 -1 -1 17 -1 -1 -1 -1 -1 20 21 -1 -1 -1 -1 9 -1 -1 -1 -1 19 18 -1 -1 
-1 -1 -1 -1 4 5 -1 -1 -1 -1 -1 -1 -1 3 -1 -1 -1 -1 -1 -1 -1 -1 6 -1 -1 -1 16 11 0 -1 -1 28 -1 14 -1 -1 -1 -1 -1 -1 -1 -1 -1 -1 15 -1 -1 -1 -1 -1 -1 -1 -1 -1 -1 -1 -1 -1 29 -1 -1 -1 27 -1 -1 -1 25 -1 -1 17 -1 -1 -1 -1 -1 20 21 -1 -1 -1 -1 9 -1 -1 -1 -1 19 18 -1 -1 
-1 -1 -1 -1 4 5 -1 -1 -1 -1 -1 -1 -1 3 -1 -1 -1 -1 -1 -1 -1 -1 6 -1 -1 -1 16 11 0 -1 -1 28 -1 14 -1 -1 -1 -1 -1 -1 -1 -1 -1 -1 15 -1 -1 -1 -1 -1 -1 -1 -1 -1 -1 -1 -1 -1 29 -1 -1 -1 27 -1 -1 -1 25 -1 -1 17 -1 -1 -1 -1 -1 20 21 -1 -1 -1 -1 -1 -1 -1 -1 -1 19 9 -1 -1 
-1 -1 -1 -1 4 5 -1 -1 -1 -1 -1 -1 -1 3 -1 -1 -1 -1 -1 -1 -1 -1 6 -1 -1 -1 16 11 0 -1 -1 28 -1 14 -1 -1 -1 -1 -1 -1 -1 -1 -1 -1 15 -1 -1 -1 -1 -1 -1 -1 -1 -1 -1 -1 -1 -1 29 -1 -1 -1 27 -1 -1 -1 -1 25 -1 17 -1 -1 -1 -1 -1 20 21 -1 -1 -1 -1 -1 -1 -1 -1 -1 19 9 -1 -1 
-1 -1 -1 -1 4 5 -1 -1 -1 -1 -1 -1 -1 3 -1 -1 -1 -1 -1 -1 -1 -1 6 -1 -1 -1 16 11 0 -1 -1 28 -1 14 -1 -1 -1 -1 -1 -1 -1 -1 -1 -1 15 -1 -1 -1 -1 -1 -1 -1 -1 -1 -1 -1 -1 -1 29 -1 -1 -1 27 -1 -1 -1 -1 25 -1 17 -1 -1 -1 -1 -1 20 21 -1 9 -1 -1 -1 -1 -1 -1 -1 19 -1 -1 -1 
-1 -1 -1 -1 4 5 -1 -1 -1 -1 -1 -1 -1 3 -1 -1 -1 -1 -1 -1 -1 -1 6 -1 -1 -1 16 11 0 -1 -1 28 -1 14 -1 -1 -1 -1 -1 -1 -1 -1 -1 -1 15 -1 -1 -1 -1 -1 -1 -1 -1 -1 -1 -1 -1 -1 29 -1 -1 -1 27 -1 -1 -1 -1 25 21 17 -1 -1 -1 -1 -1 20 -1 -1 9 -1 -1 -1 -1 -1 -1 -1 19 -1 -1 -1 
-1 -1 -1 -1 4 5 -1 -1 -1 -1 -1 -1 -1 3 -1 -1 -1 -1 -1 -1 -1 -1 6 -1 -1 -1 16 11 -1 -1 -1 28 -1 14 -1 -1 -1 -1 -1 -1 -1 -1 -1 -1 15 -1 -1 -1 -1 -1 -1 -1 -1 -1 -1 -1 -1 -1 29 -1 -1 -1 27 -1 -1 -1 -1 25 21 17 -1 -1 -1 0 -1 20 -1 -1 9 -1 -1 -1 -1 -1 -1 -1 19 -1 -1 -1 
-1 -1 -1 -1 4 5 -1 -1 -1 -1 -1 -1 -1 3 -1 -1 -1 -1 -1 -1 -1 -1 6 -1 -1 -1 16 11 -1 -1 -1 28 -1 14 -1 -1 -1 -1 -1 -1 -1 -1 -1 -1 15 -1 -1 -1 -1 -1 -1 -1 -1 -1 -1 -1 -1 -1 29 -1 -1 -1 27 -1 -1 -1 -1 25 21 17 -1 -1 -1 0 -1 -1 -1 -1 9 -1 -1 -1 -1 -1 20 -1 19 -1 -1 -1 
-1 -1 -1 -1 4 5 -1 -1 -1 -1 -1 -1 -1 3 -1 -1 -1 -1 -1 -1 -1 -1 6 -1 -1 -1 16 11 -1 -1 -1 28 -1 14 -1 -1 -1 -1 -1 -1 -1 -1 -1 -1 15 -1 -1 -1 -1 -1 -1 -1 -1 -1 -1 0 -1 -1 29 -1 -1 -1 27 -1 -1 -1 -1 25 21 17 -1 -1 -1 -1 -1 -1 -1 -1 9 -1 -1 -1 -1 -1 20 -1 19 -1 -1 -1 
-1 -1 -1 -1 4 5 -1 -1 -1 -1 -1 -1 -1 3 -1 -1 -1 -1 -1 -1 -1 -1 6 -1 -1 -1 16 11 -1 -1 -1 28 -1 14 -1 -1 -1 -1 -1 -1 -1 -1 -1 -1 15 -1 -1 -1 -1 -1 -1 -1 -1 -1 -1 0 -1 -1 29 -1 -1 -1 27 -1 -1 -1 -1 25 21 17 -1 -1 -1 -1 -1 20 -1 -1 9 -1 -1 -1 -1 -1 -1 -1 19 -1 -1 -1 
-1 -1 -1 -1 4 5 -1 -1 -1 -1 -1 -1 -1 3 -1 -1 -1 -1 -1 -1 -1 -1 6 -1 -1 -1 16 11 -1 -1 -1 28 -1 14 -1 -1 -1 -1 -1 -1 -1 -1 -1 -1 15 -1 -1 -1 -1 -1 -1 -1 -1 -1 -1 -1 -1 -1 0 -1 -1 -1 27 -1 -1 -1 -1 25 21 17 -1 -1 -1 -1 -1 20 -1 -1 9 -1 -1 -1 -1 -1 -1 -1 19 -1 -1 -1 
-1 -1 -1 -1 4 5 -1 -1 -1 -1 -1 -1 -1 3 -1 -1 -1 -1 -1 -1 -1 -1 6 -1 -1 -1 16 11 -1 -1 -1 28 -1 14 -1 -1 -1 -1 -1 -1 -1 -1 -1 -1 15 -1 -1 -1 -1 -1 -1 -1 -1 -1 -1 -1 -1 -1 0 -1 -1 -1 27 -1 -1 -1 25 -1 21 17 -1 -1 -1 -1 -1 20 -1 -1 9 -1 -1 -1 -1 -1 -1 -1 19 -1 -1 -1 
-1 -1 -1 -1 4 5 -1 -1 -1 -1 -1 -1 -1 3 -1 -1 -1 -1 -1 -1 -1 -1 6 -1 -1 -1 16 11 -1 -1 -1 28 -1 14 -1 -1 -1 -1 -1 -1 -1 -1 -1 -1 15 -1 -1 -1 -1 -1 -1 -1 -1 -1 -1 -1 -1 -1 -1 -1 -1 -1 27 -1 -1 -1 25 0 21 17 -1 -1 -1 -1 -1 20 -1 -1 9 -1 -1 -1 -1 -1 -1 -1 19 -1 -1 -1 
-1 -1 -1 -1 4 5 -1 -1 -1 -1 -1 -1 -1 3 -1 -1 -1 -1 -1 -1 -1 -1 6 -1 -1 -1 16 11 -1 -1 -1 28 -1 14 -1 -1 -1 -1 -1 -1 -1 -1 -1 -1 15 -1 -1 -1 -1 -1 -1 -1 -1 -1 -1 -1 -1 -1 -1 -1 -1 -1 27 -1 -1 -1 25 0 21 -1 -1 -1 -1 -1 -1 20 -1 -1 9 -1 17 -1 -1 -1 -1 -1 19 -1 -1 -1 
-1 -1 -1 -1 4 5 -1 -1 -1 -1 -1 -1 -1 3 -1 -1 -1 -1 -1 -1 -1 -1 6 -1 -1 -1 16 11 -1 -1 -1 28 -1 14 -1 -1 -1 -1 -1 -1 -1 -1 -1 -1 15 -1 -1 -1 -1 -1 -1 -1 -1 -1 -1 -1 -1 -1 -1 -1 -1 -1 27 -1 -1 -1 25 -1 0 -1 -1 -1 -1 -1 -1 20 -1 -1 9 -1 17 -1 -1 -1 -1 -1 19 -1 -1 -1 
-1 -1 -1 -1 4 5 -1 -1 -1 -1 -1 -1 -1 3 -1 -1 -1 -1 -1 -1 -1 -1 6 -1 -1 -1 16 11 -1 -1 -1 28 -1 14 -1 -1 -1 -1 -1 -1 -1 -1 -1 -1 15 -1 -1 -1 -1 -1 -1 -1 -1 -1 -1 -1 -1 -1 -1 -1 -1 17 27 -1 -1 -1 25 -1 0 -1 -1 -1 -1 -1 -1 20 -1 -1 9 -1 -1 -1 -1 -1 -1 -1 19 -1 -1 -1 
-1 -1 -1 -1 4 5 -1 -1 -1 -1 -1 -1 -1 3 -1 -1 -1 -1 -1 -1 -1 -1 6 -1 -1 -1 16 11 -1 -1 -1 28 -1 14 -1 -1 -1 -1 -1 -1 -1 -1 -1 -1 15 -1 -1 -1 -1 -1 -1 -1 -1 -1 -1 -1 -1 -1 -1 -1 -1 17 27 -1 -1 -1 25 -1 -1 -1 -1 -1 -1 -1 -1 20 -1 0 9 -1 -1 -1 -1 -1 -1 -1 19 -1 -1 -1 
-1 -1 -1 -1 4 5 -1 -1 -1 -1 -1 -1 -1 3 -1 -1 -1 -1 -1 -1 -1 -1 6 -1 -1 -1 16 11 -1 -1 -1 28 -1 14 -1 -1 -1 -1 -1 -1 -1 -1 -1 -1 15 -1 -1 -1 -1 -1 -1 -1 -1 -1 -1 -1 -1 -1 -1 -1 -1 17 27 -1 -1 -1 25 -1 -1 -1 -1 -1 -1 -1 -1 -1 -1 0 9 -1 -1 -1 -1 -1 20 -1 19 -1 -1 -1 
-1 -1 -1 -1 4 5 -1 -1 -1 -1 -1 -1 -1 3 -1 -1 -1 -1 -1 -1 -1 -1 6 -1 -1 -1 16 11 -1 -1 -1 28 -1 14 -1 -1 -1 -1 -1 -1 -1 -1 -1 -1 15 -1 -1 -1 -1 -1 -1 -1 -1 -1 -1 -1 -1 -1 -1 -1 -1 17 27 -1 -1 -1 25 -1 -1 -1 -1 -1 -1 -1 -1 -1 -1 -1 9 -1 -1 -1 -1 -1 20 -1 0 -1 -1 -1 
-1 -1 -1 -1 4 5 -1 -1 -1 -1 -1 -1 -1 3 -1 -1 -1 -1 -1 -1 -1 -1 6 -1 -1 -1 16 11 -1 -1 -1 28 -1 14 -1 -1 -1 -1 -1 -1 -1 -1 -1 -1 15 -1 -1 -1 -1 -1 -1 -1 -1 -1 -1 -1 -1 -1 -1 -1 -1 17 27 -1 -1 -1 25 -1 -1 -1 -1 -1 -1 -1 -1 20 -1 -1 9 -1 -1 -1 -1 -1 -1 -1 0 -1 -1 -1 
-1 -1 -1 -1 4 5 -1 -1 -1 -1 -1 -1 -1 3 -1 -1 -1 -1 -1 -1 -1 -1 6 -1 -1 -1 16 11 -1 -1 -1 28 -1 14 -1 -1 -1 -1 -1 -1 -1 -1 -1 -1 15 -1 -1 -1 -1 -1 -1 -1 -1 -1 -1 -1 -1 -1 -1 -1 -1 17 27 -1 -1 -1 25 -1 -1 -1 -1 -1 -1 -1 -1 20 -1 0 9 -1 -1 -1 -1 -1 -1 -1 -1 -1 -1 -1 
-1 -1 -1 -1 4 5 -1 -1 -1 -1 -1 -1 -1 3 -1 -1 -1 -1 -1 -1 -1 -1 6 -1 -1 -1 16 11 -1 -1 -1 28 -1 14 -1 -1 -1 -1 -1 -1 -1 -1 -1 -1 15 -1 -1 -1 -1 -1 -1 -1 -1 -1 -1 -1 -1 -1 -1 -1 -1 17 27 -1 -1 -1 25 -1 -1 -1 -1 -1 -1 -1 -1 -1 -1 0 9 -1 -1 -1 -1 -1 20 -1 -1 -1 -1 -1 
-1 -1 -1 -1 4 5 -1 -1 -1 -1 -1 -1 -1 3 -1 -1 -1 -1 -1 -1 -1 -1 6 -1 -1 -1 16 11 -1 -1 -1 28 -1 14 -1 -1 -1 -1 -1 -1 -1 -1 -1 -1 15 -1 -1 -1 -1 -1 -1 -1 -1 -1 -1 -1 -1 -1 -1 -1 -1 17 27 -1 -1 -1 25 -1 0 -1 -1 -1 -1 -1 -1 -1 -1 -1 9 -1 -1 -1 -1 -1 20 -1 -1 -1 -1 -1 
-1 -1 -1 -1 4 5 -1 -1 -1 -1 -1 -1 -1 3 -1 -1 -1 -1 -1 -1 -1 -1 6 -1 -1 -1 16 11 -1 -1 -1 28 -1 14 -1 -1 -1 -1 -1 -1 -1 -1 -1 -1 15 -1 -1 -1 -1 -1 -1 -1 -1 -1 -1 -1 -1 -1 -1 -1 -1 17 27 -1 -1 -1 25 -1 0 -1 -1 -1 -1 -1 -1 20 -1 -1 9 -1 -1 -1 -1 -1 -1 -1 -1 -1 -1 -1 
-1 -1 -1 4 -1 5 -1 -1 -1 -1 -1 -1 -1 3 -1 -1 -1 -1 -1 -1 -1 -1 6 -1 -1 -1 16 11 -1 -1 -1 28 -1 14 -1 -1 -1 -1 -1 -1 -1 -1 -1 -1 15 -1 -1 -1 -1 -1 -1 -1 -1 -1 -1 -1 -1 -1 -1 -1 -1 17 27 -1 -1 -1 25 -1 0 -1 -1 -1 -1 -1 -1 20 -1 -1 9 -1 -1 -1 -1 -1 -1 -1 -1 -1 -1 -1 
-1 -1 -1 4 -1 5 -1 -1 -1 -1 -1 -1 -1 3 -1 -1 -1 -1 -1 -1 -1 -1 6 -1 -1 -1 16 11 -1 -1 25 28 -1 14 -1 -1 -1 -1 -1 -1 -1 -1 -1 -1 15 -1 -1 -1 -1 -1 -1 -1 -1 -1 -1 -1 -1 -1 -1 -1 -1 17 27 -1 -1 -1 -1 -1 0 -1 -1 -1 -1 -1 -1 20 -1 -1 9 -1 -1 -1 -1 -1 -1 -1 -1 -1 -1 -1 
-1 -1 -1 4 -1 5 -1 -1 -1 -1 -1 -1 -1 3 -1 -1 -1 -1 -1 -1 -1 -1 6 -1 -1 -1 16 11 -1 -1 25 28 -1 14 -1 -1 -1 -1 -1 -1 -1 -1 -1 -1 15 -1 -1 -1 -1 -1 -1 -1 -1 -1 -1 -1 -1 -1 -1 -1 -1 17 27 -1 -1 -1 -1 -1 -1 -1 0 -1 -1 -1 -1 20 -1 -1 9 -1 -1 -1 -1 -1 -1 -1 -1 -1 -1 -1 
-1 -1 -1 4 -1 5 -1 -1 -1 -1 -1 -1 -1 3 -1 -1 -1 -1 -1 -1 -1 -1 6 -1 -1 -1 16 11 -1 -1 25 28 -1 14 -1 -1 -1 -1 -1 -1 -1 -1 -1 -1 17 -1 -1 -1 -1 -1 -1 -1 -1 -1 -1 -1 -1 -1 -1 -1 -1 -1 27 -1 -1 -1 -1 -1 -1 -1 0 -1 -1 -1 -1 20 -1 -1 9 -1 -1 -1 -1 -1 -1 -1 -1 -1 -1 -1 
-1 -1 -1 4 -1 5 -1 -1 -1 -1 -1 -1 -1 3 -1 -1 -1 -1 -1 -1 -1 -1 6 -1 -1 -1 16 11 -1 -1 25 28 -1 14 -1 -1 -1 -1 -1 -1 -1 -1 -1 0 17 -1 -1 -1 -1 -1 -1 -1 -1 -1 -1 -1 -1 -1 -1 -1 -1 -1 27 -1 -1 -1 -1 -1 -1 -1 -1 -1 -1 -1 -1 20 -1 -1 9 -1 -1 -1 -1 -1 -1 -1 -1 -1 -1 -1 
-1 -1 -1 4 -1 5 -1 -1 -1 -1 -1 -1 -1 3 -1 -1 -1 -1 -1 -1 -1 -1 6 -1 -1 -1 16 11 -1 -1 -1 28 -1 14 -1 -1 -1 -1 -1 -1 -1 -1 -1 0 17 -1 -1 -1 -1 -1 -1 -1 -1 -1 -1 -1 -1 -1 -1 -1 -1 -1 27 -1 -1 -1 25 -1 -1 -1 -1 -1 -1 -1 -1 20 -1 -1 9 -1 -1 -1 -1 -1 -1 -1 -1 -1 -1 -1 
-1 -1 -1 4 -1 5 -1 -1 -1 -1 -1 -1 -1 3 -1 -1 -1 -1 -1 -1 -1 -1 6 -1 -1 -1 16 11 -1 -1 -1 28 -1 14 -1 -1 -1 -1 -1 -1 -1 -1 -1 0 17 -1 -1 -1 -1 -1 -1 -1 -1 -1 -1 -1 -1 -1 -1 -1 -1 -1 27 -1 -1 -1 25 -1 -1 -1 -1 -1 -1 -1 -1 20 -1 -1 -1 -1 9 -1 -1 -1 -1 -1 -1 -1 -1 -1 
-1 -1 -1 4 -1 5 -1 -1 -1 -1 -1 -1 -1 3 -1 -1 -1 -1 -1 -1 -1 -1 16 -1 -1 -1 -1 11 -1 -1 -1 28 -1 14 -1 -1 -1 -1 -1 -1 -1 -1 -1 0 17 -1 -1 -1 -1 -1 -1 -1 -1 -1 -1 -1 -1 -1 -1 -1 -1 -1 27 -1 -1 -1 25 -1 -1 -1 -1 -1 -1 -1 -1 20 -1 -1 -1 -1 9 -1 -1 -1 -1 -1 -1 -1 -1 -1 
-1 -1 -1 4 -1 5 -1 -1 -1 -1 -1 -1 -1 3 -1 -1 -1 -1 -1 -1 -1 -1 16 -1 -1 -1 -1 11 -1 -1 -1 28 -1 14 -1 -1 -1 -1 -1 -1 -1 -1 -1 -1 17 -1 -1 -1 -1 -1 -1 -1 -1 -1 -1 -1 -1 -1 -1 -1 -1 -1 27 -1 -1 -1 25 -1 -1 -1 -1 -1 -1 -1 -1 20 -1 -1 -1 0 9 -1 -1 -1 -1 -1 -1 -1 -1 -1 
-1 -1 -1 4 -1 5 -1 -1 -1 -1 -1 -1 -1 3 -1 -1 -1 -1 -1 -1 -1 -1 16 -1 -1 -1 -1 11 -1 -1 -1 28 -1 14 -1 -1 -1 -1 -1 -1 -1 -1 -1 -1 17 -1 -1 -1 -1 -1 -1 -1 -1 -1 -1 -1 -1 -1 -1 -1 -1 -1 27 -1 -1 -1 25 -1 -1 -1 -1 -1 -1 -1 -1 -1 -1 -1 -1 0 9 -1 -1 -1 20 -1 -1 -1 -1 -1 
-1 -1 -1 4 -1 5 -1 -1 -1 -1 -1 -1 -1 3 -1 -1 -1 -1 -1 -1 -1 -1 16 -1 -1 -1 -1 11 -1 -1 -1 28 -1 14 -1 -1 -1 -1 -1 -1 -1 -1 -1 -1 17 -1 -1 -1 -1 -1 -1 -1 -1 -1 -1 -1 -1 -1 -1 -1 -1 -1 27 -1 -1 -1 25 -1 -1 -1 0 -1 -1 -1 -1 -1 -1 -1 -1 -1 9 -1 -1 -1 20 -1 -1 -1 -1 -1 
-1 -1 -1 4 -1 5 -1 -1 -1 -1 -1 -1 -1 3 -1 -1 -1 -1 -1 -1 -1 -1 16 -1 -1 -1 -1 11 -1 -1 -1 28 -1 17 -1 -1 -1 -1 -1 -1 -1 -1 -1 -1 -1 -1 -1 -1 -1 -1 -1 -1 -1 -1 -1 -1 -1 -1 -1 -1 -1 -1 27 -1 -1 -1 25 -1 -1 -1 0 -1 -1 -1 -1 -1 -1 -1 -1 -1 9 -1 -1 -1 20 -1 -1 -1 -1 -1 
-1 -1 -1 4 -1 5 -1 -1 -1 -1 -1 -1 -1 3 -1 -1 -1 -1 -1 -1 -1 -1 16 -1 -1 -1 -1 11 -1 -1 -1 28 -1 17 -1 -1 -1 -1 -1 -1 -1 -1 -1 -1 -1 -1 -1 -1 -1 -1 -1 -1 -1 -1 -1 -1 -1 -1 -1 -1 -1 -1 27 -1 -1 -1 0 -1 -1 -1 -1 -1 -1 -1 -1 -1 -1 -1 -1 -1 9 -1 -1 -1 20 -1 -1 -1 -1 -1 
-1 -1 -1 4 -1 5 -1 -1 -1 -1 -1 -1 -1 3 -1 -1 -1 -1 -1 -1 -1 -1 16 -1 -1 -1 -1 11 -1 -1 -1 28 -1 17 -1 -1 -1 -1 -1 -1 -1 -1 -1 -1 -1 -1 -1 -1 -1 -1 -1 -1 -1 -1 -1 -1 -1 -1 -1 -1 -1 -1 27 -1 -1 -1 0 -1 -1 -1 -1 -1 -1 -1 -1 -1 -1 -1 -1 -1 9 -1 -1 -1 -1 20 -1 -1 -1 -1 
-1 -1 -1 4 -1 5 -1 -1 -1 -1 -1 -1 -1 3 -1 -1 -1 -1 -1 -1 -1 -1 16 -1 -1 -1 -1 11 -1 -1 -1 28 -1 17 -1 -1 -1 -1 -1 -1 -1 -1 -1 -1 -1 -1 -1 -1 -1 -1 -1 -1 -1 -1 -1 -1 -1 -1 -1 -1 -1 -1 27 -1 -1 -1 -1 0 -1 -1 -1 -1 -1 -1 -1 -1 -1 -1 -1 -1 9 -1 -1 -1 -1 20 -1 -1 -1 -1 
-1 -1 -1 4 -1 5 -1 -1 -1 -1 -1 -1 -1 3 -1 -1 -1 -1 -1 -1 -1 -1 16 -1 -1 -1 -1 11 -1 -1 -1 28 -1 17 -1 -1 -1 -1 -1 -1 -1 -1 -1 -1 -1 -1 -1 -1 -1 -1 -1 -1 -1 -1 -1 -1 -1 -1 -1 -1 -1 -1 27 -1 -1 -1 -1 0 -1 -1 -1 -1 -1 -1 -1 -1 -1 -1 -1 -1 9 -1 -1 -1 -1 -1 20 -1 -1 -1 
-1 -1 -1 4 -1 5 -1 -1 -1 -1 -1 -1 -1 3 -1 -1 -1 -1 -1 -1 -1 -1 16 -1 -1 -1 -1 11 -1 -1 -1 28 -1 17 -1 -1 -1 -1 -1 -1 -1 -1 -1 -1 -1 -1 -1 -1 -1 -1 -1 -1 -1 -1 -1 -1 -1 -1 -1 -1 -1 -1 27 -1 -1 -1 -1 0 -1 -1 -1 -1 -1 -1 -1 -1 -1 -1 9 -1 -1 -1 -1 -1 -1 -1 20 -1 -1 -1 
-1 -1 -1 4 -1 5 -1 -1 -1 -1 -1 -1 -1 3 -1 -1 -1 -1 -1 -1 -1 -1 16 -1 -1 -1 -1 11 -1 -1 -1 28 -1 -1 -1 -1 -1 -1 -1 -1 -1 -1 -1 -1 17 -1 -1 -1 -1 -1 -1 -1 -1 -1 -1 -1 -1 -1 -1 -1 -1 -1 27 -1 -1 -1 -1 0 -1 -1 -1 -1 -1 -1 -1 -1 -1 -1 9 -1 -1 -1 -1 -1 -1 -1 20 -1 -1 -1 
-1 -1 -1 4 -1 5 -1 -1 -1 -1 -1 -1 -1 3 -1 -1 -1 -1 -1 -1 -1 -1 16 -1 -1 -1 -1 11 -1 -1 -1 28 -1 -1 -1 -1 -1 -1 -1 -1 -1 -1 -1 -1 17 -1 -1 -1 -1 -1 -1 -1 -1 -1 -1 -1 -1 -1 0 -1 -1 -1 27 -1 -1 -1 -1 -1 -1 -1 -1 -1 -1 -1 -1 -1 -1 -1 9 -1 -1 -1 -1 -1 -1 -1 20 -1 -1 -1 
-1 -1 -1 4 -1 5 -1 -1 -1 -1 -1 -1 -1 3 -1 -1 -1 -1 -1 -1 -1 -1 16 -1 -1 -1 -1 11 -1 -1 -1 28 -1 -1 -1 -1 -1 -1 -1 -1 -1 -1 -1 -1 17 31 -1 -1 -1 -1 -1 -1 -1 -1 -1 -1 -1 -1 0 -1 -1 -1 27 -1 -1 -1 -1 -1 -1 -1 -1 -1 -1 -1 -1 -1 -1 -1 9 -1 -1 -1 -1 -1 -1 -1 20 -1 -1 -1 
-1 -1 -1 4 -1 5 -1 -1 -1 -1 -1 -1 -1 3 -1 -1 -1 -1 -1 -1 -1 -1 16 -1 -1 -1 -1 11 -1 -1 -1 28 -1 -1 -1 -1 -1 -1 -1 -1 -1 -1 -1 -1 17 31 -1 -1 -1 -1 -1 -1 -1 -1 -1 -1 -1 -1 0 -1 -1 -1 27 -1 -1 -1 -1 -1 -1 -1 -1 -1 -1 -1 -1 9 -1 -1 -1 -1 -1 -1 -1 -1 -1 -1 20 -1 -1 -1 
-1 -1 -1 4 -1 5 -1 -1 -1 -1 -1 -1 -1 3 -1 -1 -1 -1 -1 -1 -1 -1 16 -1 -1 17 -1 11 -1 -1 -1 28 -1 -1 -1 -1 -1 -1 -1 -1 -1 -1 -1 -1 -1 31 -1 -1 -1 -1 -1 -1 -1 -1 -1 -1 -1 -1 0 -1 -1 -1 27 -1 -1 -1 -1 -1 -1 -1 -1 -1 -1 -1 -1 9 -1 -1 -1 -1 -1 -1 -1 -1 -1 -1 20 -1 -1 -1 
-1 -1 -1 4 -1 5 -1 -1 -1 -1 -1 -1 -1 3 -1 -1 -1 -1 -1 -1 -1 9 16 -1 -1 17 -1 11 -1 -1 -1 28 -1 -1 -1 -1 -1 -1 -1 -1 -1 -1 -1 -1 -1 31 -1 -1 -1 -1 -1 -1 -1 -1 -1 -1 -1 -1 0 -1 -1 -1 27 -1 -1 -1 -1 -1 -1 -1 -1 -1 -1 -1 -1 -1 -1 -1 -1 -1 -1 -1 -1 -1 -1 -1 20 -1 -1 -1 
-1 -1 -1 4 -1 5 -1 -1 -1 -1 -1 -1 -1 3 -1 -1 -1 -1 -1 -1 -1 9 16 -1 -1 -1 -1 11 -1 -1 -1 28 -1 -1 -1 -1 -1 -1 -1 -1 -1 -1 -1 -1 17 31 -1 -1 -1 -1 -1 -1 -1 -1 -1 -1 -1 -1 0 -1 -1 -1 27 -1 -1 -1 -1 -1 -1 -1 -1 -1 -1 -1 -1 -1 -1 -1 -1 -1 -1 -1 -1 -1 -1 -1 20 -1 -1 -1 
-1 -1 -1 4 -1 5 -1 -1 -1 -1 -1 -1 -1 3 -1 -1 -1 -1 -1 -1 -1 -1 16 -1 -1 -1 -1 11 -1 -1 -1 28 -1 -1 -1 -1 -1 -1 -1 9 -1 -1 -1 -1 17 31 -1 -1 -1 -1 -1 -1 -1 -1 -1 -1 -1 -1 0 -1 -1 -1 27 -1 -1 -1 -1 -1 -1 -1 -1 -1 -1 -1 -1 -1 -1 -1 -1 -1 -1 -1 -1 -1 -1 -1 20 -1 -1 -1 
-1 -1 -1 4 -1 5 -1 -1 -1 -1 -1 -1 -1 3 -1 -1 -1 -1 -1 -1 -1 -1 16 -1 -1 -1 -1 11 -1 -1 -1 28 -1 -1 -1 -1 -1 -1 -1 9 -1 -1 -1 -1 -1 31 -1 -1 -1 -1 -1 17 -1 -1 -1 -1 -1 -1 0 -1 -1 -1 27 -1 -1 -1 -1 -1 -1 -1 -1 -1 -1 -1 -1 -1 -1 -1 -1 -1 -1 -1 -1 -1 -1 -1 20 -1 -1 -1 
-1 -1 -1 4 -1 5 -1 -1 -1 -1 -1 -1 -1 3 -1 -1 -1 -1 -1 -1 -1 -1 16 -1 -1 -1 -1 11 -1 -1 -1 28 -1 -1 -1 -1 -1 -1 -1 9 -1 -1 -1 -1 -1 31 -1 -1 -1 -1 -1 17 -1 -1 -1 -1 -1 -1 -1 -1 0 -1 27 -1 -1 -1 -1 -1 -1 -1 -1 -1 -1 -1 -1 -1 -1 -1 -1 -1 -1 -1 -1 -1 -1 -1 20 -1 -1 -1 
-1 -1 -1 4 -1 5 -1 -1 -1 -1 -1 -1 -1 3 -1 -1 -1 -1 -1 -1 -1 -1 -1 -1 -1 -1 -1 11 -1 -1 -1 16 -1 -1 -1 -1 -1 -1 -1 9 -1 -1 -1 -1 -1 31 -1 -1 -1 -1 -1 17 -1 -1 -1 -1 -1 -1 -1 -1 0 -1 27 -1 -1 -1 -1 -1 -1 -1 -1 -1 -1 -1 -1 -1 -1 -1 -1 -1 -1 -1 -1 -1 -1 -1 20 -1 -1 -1 
-1 -1 -1 4 -1 5 -1 -1 -1 -1 -1 -1 -1 3 -1 -1 -1 -1 -1 -1 -1 -1 -1 -1 -1 -1 -1 11 -1 -1 -1 16 -1 -1 -1 -1 -1 -1 -1 9 -1 -1 -1 -1 -1 31 -1 -1 -1 -1 -1 0 -1 -1 -1 -1 -1 -1 -1 -1 -1 -1 27 -1 -1 -1 -1 -1 -1 -1 -1 -1 -1 -1 -1 -1 -1 -1 -1 -1 -1 -1 -1 -1 -1 -1 20 -1 -1 -1 
-1 -1 -1 4 -1 5 -1 -1 -1 -1 -1 -1 -1 3 -1 -1 -1 -1 -1 -1 -1 -1 -1 -1 -1 -1 -1 11 -1 -1 16 -1 -1 -1 -1 -1 -1 -1 -1 9 -1 -1 -1 -1 -1 31 -1 -1 -1 -1 -1 0 -1 -1 -1 -1 -1 -1 -1 -1 -1 -1 27 -1 -1 -1 -1 -1 -1 -1 -1 -1 -1 -1 -1 -1 -1 -1 -1 -1 -1 -1 -1 -1 -1 -1 20 -1 -1 -1 
-1 -1 -1 -1 4 5 -1 -1 -1 -1 -1 -1 -1 3 -1 -1 -1 -1 -1 -1 -1 -1 -1 -1 -1 -1 -1 11 -1 -1 16 -1 -1 -1 -1 -1 -1 -1 -1 9 -1 -1 -1 -1 -1 31 -1 -1 -1 -1 -1 0 -1 -1 -1 -1 -1 -1 -1 -1 -1 -1 27 -1 -1 -1 -1 -1 -1 -1 -1 -1 -1 -1 -1 -1 -1 -1 -1 -1 -1 -1 -1 -1 -1 -1 20 -1 -1 -1 
-1 -1 -1 -1 4 5 -1 -1 -1 -1 -1 -1 -1 3 -1 -1 -1 -1 -1 -1 -1 -1 -1 -1 -1 -1 -1 11 -1 -1 -1 -1 -1 -1 -1 -1 -1 -1 -1 16 -1 -1 -1 -1 -1 31 -1 -1 -1 -1 -1 0 -1 -1 -1 -1 -1 -1 -1 -1 -1 -1 27 -1 -1 -1 -1 -1 -1 -1 -1 -1 -1 -1 -1 -1 -1 -1 -1 -1 -1 -1 -1 -1 -1 -1 20 -1 -1 -1 
-1 -1 -1 -1 4 5 -1 -1 -1 -1 -1 -1 -1 3 -1 -1 -1 -1 -1 -1 -1 -1 -1 -1 -1 -1 -1 11 -1 -1 -1 -1 -1 -1 -1 -1 -1 -1 -1 16 -1 -1 -1 -1 -1 0 -1 -1 -1 -1 -1 -1 -1 -1 -1 -1 -1 -1 -1 -1 -1 -1 27 -1 -1 -1 -1 -1 -1 -1 -1 -1 -1 -1 -1 -1 -1 -1 -1 -1 -1 -1 -1 -1 -1 -1 20 -1 -1 -1 
-1 -1 -1 -1 4 5 -1 -1 -1 -1 -1 -1 -1 3 -1 -1 -1 -1 -1 -1 -1 -1 -1 -1 -1 -1 -1 11 -1 -1 -1 -1 -1 -1 -1 -1 -1 -1 -1 -1 16 -1 -1 -1 -1 0 -1 -1 -1 -1 -1 -1 -1 -1 -1 -1 -1 -1 -1 -1 -1 -1 27 -1 -1 -1 -1 -1 -1 -1 -1 -1 -1 -1 -1 -1 -1 -1 -1 -1 -1 -1 -1 -1 -1 -1 20 -1 -1 -1 
-1 -1 -1 -1 4 5 -1 -1 -1 -1 -1 -1 -1 3 -1 -1 -1 -1 -1 -1 -1 -1 -1 -1 -1 -1 -1 11 -1 -1 -1 -1 -1 -1 -1 -1 -1 -1 -1 -1 16 -1 -1 -1 -1 -1 -1 -1 0 -1 -1 -1 -1 -1 -1 -1 -1 -1 -1 -1 -1 -1 27 -1 -1 -1 -1 -1 -1 -1 -1 -1 -1 -1 -1 -1 -1 -1 -1 -1 -1 -1 -1 -1 -1 -1 20 -1 -1 -1 
-1 -1 -1 -1 4 5 -1 -1 -1 -1 -1 -1 -1 3 -1 -1 -1 -1 -1 -1 -1 -1 -1 -1 -1 -1 -1 11 -1 -1 -1 -1 -1 -1 -1 -1 -1 -1 -1 -1 16 -1 -1 -1 -1 -1 -1 -1 0 -1 -1 -1 -1 -1 -1 -1 -1 -1 -1 -1 -1 -1 27 -1 -1 -1 -1 -1 -1 -1 -1 -1 -1 -1 -1 -1 -1 -1 -1 -1 -1 -1 -1 -1 -1 20 -1 -1 -1 -1 
-1 -1 -1 -1 4 5 -1 -1 -1 -1 -1 -1 -1 3 -1 -1 -1 -1 -1 -1 -1 0 -1 -1 -1 -1 -1 11 -1 -1 -1 -1 -1 -1 -1 -1 -1 -1 -1 -1 16 -1 -1 -1 -1 -1 -1 -1 -1 -1 -1 -1 -1 -1 -1 -1 -1 -1 -1 -1 -1 -1 27 -1 -1 -1 -1 -1 -1 -1 -1 -1 -1 -1 -1 -1 -1 -1 -1 -1 -1 -1 -1 -1 -1 20 -1 -1 -1 -1 
-1 -1 -1 -1 4 5 -1 -1 -1 -1 -1 -1 -1 3 -1 -1 -1 -1 -1 -1 -1 0 -1 -1 -1 -1 -1 11 -1 -1 -1 -1 -1 -1 -1 -1 -1 -1 -1 -1 16 -1 -1 -1 -1 -1 -1 -1 -1 -1 -1 -1 -1 27 -1 -1 -1 -1 -1 -1 -1 -1 -1 -1 -1 -1 -1 -1 -1 -1 -1 -1 -1 -1 -1 -1 -1 -1 -1 -1 -1 -1 -1 -1 -1 20 -1 -1 -1 -1 
-1 -1 -1 -1 4 5 -1 -1 -1 -1 -1 -1 -1 3 -1 -1 -1 -1 0 -1 -1 -1 -1 -1 -1 -1 -1 11 -1 -1 -1 -1 -1 -1 -1 -1 -1 -1 -1 -1 16 -1 -1 -1 -1 -1 -1 -1 -1 -1 -1 -1 -1 27 -1 -1 -1 -1 -1 -1 -1 -1 -1 -1 -1 -1 -1 -1 -1 -1 -1 -1 -1 -1 -1 -1 -1 -1 -1 -1 -1 -1 -1 -1 -1 20 -1 -1 -1 -1 
-1 -1 -1 -1 4 5 -1 -1 -1 -1 -1 -1 -1 3 -1 -1 -1 -1 0 -1 -1 -1 -1 -1 -1 -1 -1 11 -1 -1 -1 -1 -1 -1 -1 -1 -1 -1 -1 -1 16 -1 -1 -1 27 -1 -1 -1 -1 -1 -1 -1 -1 -1 -1 -1 -1 -1 -1 -1 -1 -1 -1 -1 -1 -1 -1 -1 -1 -1 -1 -1 -1 -1 -1 -1 -1 -1 -1 -1 -1 -1 -1 -1 -1 20 -1 -1 -1 -1 
-1 -1 -1 -1 4 5 -1 -1 -1 -1 -1 -1 -1 3 -1 -1 -1 -1 0 -1 -1 -1 -1 -1 -1 -1 -1 -1 -1 -1 -1 -1 -1 -1 -1 -1 11 -1 -1 -1 16 -1 -1 -1 27 -1 -1 -1 -1 -1 -1 -1 -1 -1 -1 -1 -1 -1 -1 -1 -1 -1 -1 -1 -1 -1 -1 -1 -1 -1 -1 -1 -1 -1 -1 -1 -1 -1 -1 -1 -1 -1 -1 -1 -1 20 -1 -1 -1 -1 
-1 -1 -1 -1 4 5 -1 -1 -1 -1 -1 -1 -1 3 -1 -1 -1 -1 0 -1 -1 -1 -1 -1 -1 -1 -1 -1 -1 -1 -1 -1 -1 -1 -1 -1 11 -1 -1 -1 16 -1 -1 27 -1 -1 -1 -1 -1 -1 -1 -1 -1 -1 -1 -1 -1 -1 -1 -1 -1 -1 -1 -1 -1 -1 -1 -1 -1 -1 -1 -1 -1 -1 -1 -1 -1 -1 -1 -1 -1 -1 -1 -1 -1 20 -1 -1 -1 -1 
-1 -1 -1 -1 4 5 -1 -1 -1 -1 -1 -1 -1 3 -1 -1 -1 -1 0 -1 -1 -1 -1 -1 -1 -1 -1 -1 -1 -1 -1 -1 -1 -1 -1 -1 -1 -1 -1 -1 16 -1 -1 27 -1 11 -1 -1 -1 -1 -1 -1 -1 -1 -1 -1 -1 -1 -1 -1 -1 -1 -1 -1 -1 -1 -1 -1 -1 -1 -1 -1 -1 -1 -1 -1 -1 -1 -1 -1 -1 -1 -1 -1 -1 20 -1 -1 -1 -1 
-1 -1 -1 -1 4 5 -1 -1 -1 -1 -1 -1 -1 3 -1 -1 -1 -1 0 -1 -1 -1 -1 -1 -1 -1 -1 -1 -1 -1 -1 -1 -1 -1 -1 -1 -1 -1 -1 -1 -1 -1 -1 27 -1 11 -1 -1 -1 16 -1 -1 -1 -1 -1 -1 -1 -1 -1 -1 -1 -1 -1 -1 -1 -1 -1 -1 -1 -1 -1 -1 -1 -1 -1 -1 -1 -1 -1 -1 -1 -1 -1 -1 -1 20 -1 -1 -1 -1 
-1 -1 -1 -1 4 5 -1 -1 -1 -1 -1 -1 -1 3 -1 -1 -1 -1 0 -1 -1 -1 -1 -1 -1 -1 -1 -1 -1 -1 -1 -1 -1 -1 -1 -1 -1 -1 -1 -1 -1 -1 -1 27 -1 -1 -1 -1 -1 16 -1 -1 -1 -1 11 -1 -1 -1 -1 -1 -1 -1 -1 -1 -1 -1 -1 -1 -1 -1 -1 -1 -1 -1 -1 -1 -1 -1 -1 -1 -1 -1 -1 -1 -1 20 -1 -1 -1 -1 
-1 -1 -1 -1 4 5 -1 -1 -1 -1 -1 -1 -1 3 -1 -1 -1 -1 0 -1 -1 -1 -1 -1 -1 -1 -1 -1 -1 -1 -1 -1 -1 -1 -1 -1 -1 -1 -1 -1 -1 -1 -1 27 -1 -1 -1 -1 -1 -1 -1 -1 -1 -1 11 -1 -1 -1 16 -1 -1 -1 -1 -1 -1 -1 -1 -1 -1 -1 -1 -1 -1 -1 -1 -1 -1 -1 -1 -1 -1 -1 -1 -1 -1 20 -1 -1 -1 -1 
-1 -1 -1 -1 4 5 -1 -1 -1 -1 -1 -1 -1 3 -1 -1 -1 -1 0 -1 -1 -1 -1 -1 -1 -1 -1 -1 -1 -1 -1 -1 -1 -1 -1 -1 -1 -1 -1 -1 -1 -1 -1 27 -1 -1 -1 -1 -1 -1 -1 -1 -1 -1 -1 -1 -1 -1 16 -1 -1 -1 -1 11 -1 -1 -1 -1 -1 -1 -1 -1 -1 -1 -1 -1 -1 -1 -1 -1 -1 -1 -1 -1 -1 20 -1 -1 -1 -1 
-1 -1 -1 -1 4 5 -1 -1 -1 -1 -1 -1 -1 3 -1 -1 -1 -1 0 -1 -1 -1 -1 -1 -1 -1 -1 -1 -1 -1 -1 -1 -1 -1 -1 -1 -1 -1 -1 -1 -1 -1 -1 27 -1 -1 -1 -1 -1 -1 -1 -1 -1 -1 -1 -1 -1 -1 -1 -1 -1 -1 -1 11 -1 -1 -1 16 -1 -1 -1 -1 -1 -1 -1 -1 -1 -1 -1 -1 -1 -1 -1 -1 -1 20 -1 -1 -1 -1 
-1 -1 -1 -1 4 5 -1 -1 -1 -1 -1 -1 -1 3 -1 -1 -1 -1 0 -1 -1 -1 -1 -1 -1 -1 -1 -1 -1 -1 -1 -1 -1 -1 -1 -1 -1 -1 -1 -1 -1 -1 -1 27 -1 -1 -1 -1 -1 -1 -1 -1 -1 -1 -1 -1 -1 -1 -1 -1 -1 -1 -1 -1 -1 -1 -1 16 -1 -1 -1 -1 11 -1 -1 -1 -1 -1 -1 -1 -1 -1 -1 -1 -1 20 -1 -1 -1 -1 
-1 -1 -1 -1 4 5 -1 -1 -1 -1 -1 -1 -1 3 -1 -1 -1 -1 0 -1 -1 -1 -1 -1 -1 -1 -1 -1 -1 -1 -1 -1 -1 -1 -1 -1 -1 -1 -1 -1 -1 -1 27 -1 -1 -1 -1 -1 -1 -1 -1 -1 -1 -1 -1 -1 -1 -1 -1 -1 -1 -1 -1 -1 -1 -1 -1 16 -1 -1 -1 -1 11 -1 -1 -1 -1 -1 -1 -1 -1 -1 -1 -1 -1 20 -1 -1 -1 -1 
-1 -1 -1 -1 4 5 -1 -1 -1 -1 -1 -1 -1 3 -1 -1 -1 -1 -1 -1 -1 -1 -1 -1 -1 0 -1 -1 -1 -1 -1 -1 -1 -1 -1 -1 -1 -1 -1 -1 -1 -1 27 -1 -1 -1 -1 -1 -1 -1 -1 -1 -1 -1 -1 -1 -1 -1 -1 -1 -1 -1 -1 -1 -1 -1 -1 16 -1 -1 -1 -1 11 -1 -1 -1 -1 -1 -1 -1 -1 -1 -1 -1 -1 20 -1 -1 -1 -1 
-1 -1 -1 -1 4 5 -1 -1 -1 -1 -1 -1 -1 3 -1 -1 -1 -1 -1 -1 -1 -1 -1 -1 -1 0 -1 -1 -1 -1 -1 -1 -1 -1 -1 -1 -1 -1 -1 -1 16 -1 27 -1 -1 -1 -1 -1 -1 -1 -1 -1 -1 -1 -1 -1 -1 -1 -1 -1 -1 -1 -1 -1 -1 -1 -1 -1 -1 -1 -1 -1 11 -1 -1 -1 -1 -1 -1 -1 -1 -1 -1 -1 -1 20 -1 -1 -1 -1 
-1 -1 -1 -1 4 5 -1 -1 -1 -1 -1 -1 -1 3 -1 -1 -1 -1 -1 -1 -1 -1 -1 -1 -1 -1 -1 -1 -1 -1 -1 -1 -1 -1 -1 -1 -1 -1 -1 -1 16 -1 27 -1 -1 -1 -1 -1 -1 -1 -1 -1 -1 -1 -1 -1 -1 -1 -1 -1 -1 -1 -1 -1 -1 -1 -1 -1 -1 -1 -1 -1 11 -1 -1 -1 -1 -1 -1 0 -1 -1 -1 -1 -1 20 -1 -1 -1 -1 
