0 1 2 3 4 5 6 7 8 -1 -1 -1 -1 -1 -1 -1 -1 -1 -1 9 -1 -1 -1 -1 -1 10 -1 11 -1 12 -1 28 -1 14 -1 15 -1 -1 -1 -1 -1 -1 -1 -1 -1 -1 -1 30 -1 -1 -1 -1 -1 -1 -1 -1 -1 -1 29 -1 -1 -1 27 -1 26 -1 -1 -1 -1 -1 25 -1 -1 -1 -1 -1 -1 -1 -1 -1 -1 24 23 22 21 20 19 18 17 16 
0 1 2 3 4 5 6 7 8 -1 -1 -1 -1 -1 -1 -1 -1 -1 -1 -1 9 -1 -1 -1 -1 10 -1 11 -1 12 -1 28 -1 14 -1 15 -1 -1 -1 -1 -1 -1 -1 -1 -1 -1 -1 30 -1 -1 -1 -1 -1 -1 -1 -1 -1 -1 29 -1 -1 -1 27 -1 26 -1 -1 -1 -1 -1 25 -1 -1 -1 -1 -1 -1 -1 -1 -1 -1 24 23 22 21 20 19 18 17 16 
0 1 2 3 4 5 6 7 8 -1 -1 -1 -1 -1 -1 -1 -1 -1 -1 -1 9 -1 -1 -1 -1 10 -1 11 -1 12 -1 28 -1 14 -1 15 -1 -1 -1 -1 -1 -1 -1 -1 -1 -1 -1 30 -1 -1 -1 -1 -1 -1 -1 -1 -1 -1 29 -1 -1 -1 27 -1 26 -1 -1 25 -1 -1 -1 -1 -1 -1 -1 -1 -1 -1 -1 -1 -1 24 23 22 21 20 19 18 17 16 
0 1 -1 3 4 5 6 7 8 -1 -1 -1 -1 -1 -1 -1 -1 -1 -1 -1 9 -1 2 -1 -1 10 -1 11 -1 12 -1 28 -1 14 -1 15 -1 -1 -1 -1 -1 -1 -1 -1 -1 -1 -1 30 -1 -1 -1 -1 -1 -1 -1 -1 -1 -1 29 -1 -1 -1 27 -1 26 -1 -1 25 -1 -1 -1 -1 -1 -1 -1 -1 -1 -1 -1 -1 -1 24 23 22 21 20 19 18 17 16 
0 1 -1 3 4 5 6 7 8 -1 -1 -1 -1 -1 -1 -1 -1 -1 -1 -1 9 -1 2 -1 -1 10 -1 11 -1 12 -1 28 -1 14 -1 15 -1 -1 -1 -1 -1 -1 -1 -1 -1 -1 -1 30 -1 -1 -1 -1 -1 -1 -1 -1 -1 -1 29 -1 -1 -1 27 -1 26 -1 -1 25 -1 17 -1 -1 -1 -1 -1 -1 -1 -1 -1 -1 -1 24 23 22 21 20 19 18 -1 16 
0 1 -1 3 4 5 6 7 -1 -1 -1 -1 -1 -1 -1 -1 -1 8 -1 -1 9 -1 2 -1 -1 10 -1 11 -1 12 -1 28 -1 14 -1 15 -1 -1 -1 -1 -1 -1 -1 -1 -1 -1 -1 30 -1 -1 -1 -1 -1 -1 -1 -1 -1 -1 29 -1 -1 -1 27 -1 26 -1 -1 25 -1 17 -1 -1 -1 -1 -1 -1 -1 -1 -1 -1 -1 24 23 22 21 20 19 18 -1 16 
0 1 -1 3 4 5 6 7 -1 -1 -1 -1 -1 -1 -1 -1 -1 8 -1 -1 9 -1 2 -1 -1 10 -1 11 -1 12 -1 28 -1 14 -1 15 -1 -1 -1 -1 -1 -1 -1 -1 -1 -1 -1 30 -1 -1 -1 -1 -1 -1 -1 -1 -1 -1 29 -1 -1 -1 27 -1 26 -1 -1 25 -1 17 -1 -1 -1 -1 -1 -1 -1 -1 -1 -1 -1 24 23 22 21 20 19 18 16 -1 
0 1 -1 3 4 5 6 7 -1 -1 8 -1 -1 -1 -1 -1 -1 -1 -1 -1 9 -1 2 -1 -1 10 -1 11 -1 12 -1 28 -1 14 -1 15 -1 -1 -1 -1 -1 -1 -1 -1 -1 -1 -1 30 -1 -1 -1 -1 -1 -1 -1 -1 -1 -1 29 -1 -1 -1 27 -1 26 -1 -1 25 -1 17 -1 -1 -1 -1 -1 -1 -1 -1 -1 -1 -1 24 23 22 21 20 19 18 16 -1 
0 1 -1 3 4 5 6 7 -1 -1 8 -1 -1 -1 -1 -1 -1 -1 -1 -1 9 -1 2 -1 -1 10 -1 11 -1 12 -1 28 -1 14 -1 15 -1 -1 -1 -1 -1 -1 -1 -1 -1 -1 -1 30 -1 -1 -1 -1 -1 -1 -1 -1 -1 -1 29 -1 -1 -1 27 -1 26 23 -1 25 -1 17 -1 -1 -1 -1 -1 -1 -1 -1 -1 -1 -1 24 -1 22 21 20 19 18 16 -1 
0 -1 -1 3 4 5 6 7 -1 -1 8 -1 1 -1 -1 -1 -1 -1 -1 -1 9 -1 2 -1 -1 10 -1 11 -1 12 -1 28 -1 14 -1 15 -1 -1 -1 -1 -1 -1 -1 -1 -1 -1 -1 30 -1 -1 -1 -1 -1 -1 -1 -1 -1 -1 29 -1 -1 -1 27 -1 26 23 -1 25 -1 17 -1 -1 -1 -1 -1 -1 -1 -1 -1 -1 -1 24 -1 22 21 20 19 18 16 -1 
0 -1 -1 3 4 5 6 7 -1 -1 8 -1 1 -1 -1 -1 -1 -1 -1 -1 9 -1 2 -1 -1 10 -1 11 -1 12 -1 28 -1 14 -1 15 -1 -1 -1 -1 -1 -1 -1 -1 -1 -1 -1 30 -1 -1 -1 -1 -1 -1 -1 -1 -1 -1 29 -1 -1 -1 27 26 -1 23 -1 25 -1 17 -1 -1 -1 -1 -1 -1 -1 -1 -1 -1 -1 24 -1 22 21 20 19 18 16 -1 
0 -1 -1 3 4 5 6 -1 -1 -1 8 -1 1 -1 -1 -1 -1 -1 -1 -1 9 -1 2 -1 -1 10 7 11 -1 12 -1 28 -1 14 -1 15 -1 -1 -1 -1 -1 -1 -1 -1 -1 -1 -1 30 -1 -1 -1 -1 -1 -1 -1 -1 -1 -1 29 -1 -1 -1 27 26 -1 23 -1 25 -1 17 -1 -1 -1 -1 -1 -1 -1 -1 -1 -1 -1 24 -1 22 21 20 19 18 16 -1 
0 -1 -1 3 4 5 6 -1 -1 -1 8 -1 1 -1 -1 -1 -1 -1 -1 -1 9 -1 2 -1 -1 10 7 11 -1 12 -1 28 -1 14 -1 15 -1 -1 -1 -1 -1 -1 -1 -1 -1 -1 -1 30 23 -1 -1 -1 -1 -1 -1 -1 -1 -1 29 -1 -1 -1 27 26 -1 -1 -1 25 -1 17 -1 -1 -1 -1 -1 -1 -1 -1 -1 -1 -1 24 -1 22 21 20 19 18 16 -1 
0 -1 -1 -1 4 5 6 -1 -1 -1 8 -1 1 3 -1 -1 -1 -1 -1 -1 9 -1 2 -1 -1 10 7 11 -1 12 -1 28 -1 14 -1 15 -1 -1 -1 -1 -1 -1 -1 -1 -1 -1 -1 30 23 -1 -1 -1 -1 -1 -1 -1 -1 -1 29 -1 -1 -1 27 26 -1 -1 -1 25 -1 17 -1 -1 -1 -1 -1 -1 -1 -1 -1 -1 -1 24 -1 22 21 20 19 18 16 -1 
0 -1 -1 -1 4 5 6 -1 -1 -1 8 -1 1 3 -1 -1 -1 -1 -1 -1 9 -1 2 -1 -1 10 7 11 -1 12 -1 28 -1 14 -1 15 -1 -1 -1 -1 -1 -1 -1 -1 -1 -1 -1 30 23 -1 -1 -1 -1 -1 -1 -1 -1 -1 29 -1 -1 -1 27 -1 -1 -1 26 25 -1 17 -1 -1 -1 -1 -1 -1 -1 -1 -1 -1 -1 24 -1 22 21 20 19 18 16 -1 
0 -1 -1 -1 4 5 6 -1 -1 -1 8 -1 1 3 -1 -1 -1 -1 -1 -1 9 -1 2 -1 -1 10 7 11 -1 12 -1 28 -1 14 -1 -1 -1 -1 -1 -1 -1 -1 -1 -1 15 -1 -1 30 23 -1 -1 -1 -1 -1 -1 -1 -1 -1 29 -1 -1 -1 27 -1 -1 -1 26 25 -1 17 -1 -1 -1 -1 -1 -1 -1 -1 -1 -1 -1 24 -1 22 21 20 19 18 16 -1 
0 -1 -1 -1 4 5 6 -1 -1 -1 8 -1 1 3 -1 -1 -1 -1 -1 -1 9 -1 2 -1 -1 10 7 11 -1 12 -1 28 -1 14 -1 -1 -1 -1 -1 -1 -1 -1 -1 -1 15 -1 -1 30 23 -1 -1 -1 -1 -1 -1 -1 -1 -1 29 -1 -1 -1 27 -1 -1 -1 26 25 -1 17 -1 -1 -1 -1 -1 -1 21 -1 -1 -1 -1 24 -1 22 -1 20 19 18 16 -1 
-1 0 -1 -1 4 5 6 -1 -1 -1 8 -1 1 3 -1 -1 -1 -1 -1 -1 9 -1 2 -1 -1 10 7 11 -1 12 -1 28 -1 14 -1 -1 -1 -1 -1 -1 -1 -1 -1 -1 15 -1 -1 30 23 -1 -1 -1 -1 -1 -1 -1 -1 -1 29 -1 -1 -1 27 -1 -1 -1 26 25 -1 17 -1 -1 -1 -1 -1 -1 21 -1 -1 -1 -1 24 -1 22 -1 20 19 18 16 -1 
-1 0 -1 -1 4 5 6 -1 -1 -1 8 -1 1 3 -1 -1 -1 -1 -1 -1 9 -1 2 -1 -1 10 7 11 -1 12 -1 28 -1 14 -1 -1 -1 -1 -1 -1 -1 -1 -1 -1 15 -1 -1 30 23 -1 -1 -1 -1 -1 -1 -1 -1 -1 29 -1 -1 -1 27 -1 -1 -1 26 -1 25 17 -1 -1 -1 -1 -1 -1 21 -1 -1 -1 -1 24 -1 22 -1 20 19 18 16 -1 
-1 0 -1 -1 4 5 6 -1 -1 -1 -1 -1 1 3 -1 -1 -1 -1 -1 -1 9 -1 2 -1 -1 10 7 11 -1 12 -1 28 -1 14 -1 -1 -1 8 -1 -1 -1 -1 -1 -1 15 -1 -1 30 23 -1 -1 -1 -1 -1 -1 -1 -1 -1 29 -1 -1 -1 27 -1 -1 -1 26 -1 25 17 -1 -1 -1 -1 -1 -1 21 -1 -1 -1 -1 24 -1 22 -1 20 19 18 16 -1 
-1 0 -1 -1 4 5 6 -1 -1 -1 -1 -1 1 3 -1 -1 -1 -1 -1 -1 9 -1 2 -1 -1 10 7 11 -1 12 -1 28 -1 14 16 -1 -1 8 -1 -1 -1 -1 -1 -1 15 -1 -1 30 23 -1 -1 -1 -1 -1 -1 -1 -1 -1 29 -1 -1 -1 27 -1 -1 -1 26 -1 25 17 -1 -1 -1 -1 -1 -1 21 -1 -1 -1 -1 24 -1 22 -1 20 19 18 -1 -1 
-1 0 -1 -1 4 5 6 -1 -1 -1 -1 -1 1 3 -1 -1 -1 -1 -1 -1 9 -1 2 10 -1 -1 7 11 -1 12 -1 28 -1 14 16 -1 -1 8 -1 -1 -1 -1 -1 -1 15 -1 -1 30 23 -1 -1 -1 -1 -1 -1 -1 -1 -1 29 -1 -1 -1 27 -1 -1 -1 26 -1 25 17 -1 -1 -1 -1 -1 -1 21 -1 -1 -1 -1 24 -1 22 -1 20 19 18 -1 -1 
-1 0 -1 -1 4 5 6 -1 -1 -1 -1 -1 1 3 -1 -1 -1 -1 -1 -1 9 -1 2 10 -1 -1 7 11 -1 12 -1 28 -1 14 16 -1 -1 8 -1 -1 -1 -1 -1 -1 15 -1 -1 30 23 -1 -1 -1 -1 -1 -1 -1 -1 -1 29 -1 -1 -1 27 -1 -1 -1 26 18 25 17 -1 -1 -1 -1 -1 -1 21 -1 -1 -1 -1 24 -1 22 -1 20 19 -1 -1 -1 
-1 0 9 -1 4 5 6 -1 -1 -1 -1 -1 1 3 -1 -1 -1 -1 -1 -1 -1 -1 2 10 -1 -1 7 11 -1 12 -1 28 -1 14 16 -1 -1 8 -1 -1 -1 -1 -1 -1 15 -1 -1 30 23 -1 -1 -1 -1 -1 -1 -1 -1 -1 29 -1 -1 -1 27 -1 -1 -1 26 18 25 17 -1 -1 -1 -1 -1 -1 21 -1 -1 -1 -1 24 -1 22 -1 20 19 -1 -1 -1 
-1 0 9 -1 4 5 6 -1 -1 -1 -1 -1 1 3 -1 -1 -1 -1 -1 -1 -1 -1 2 10 -1 -1 7 11 -1 12 -1 28 -1 14 -1 -1 -1 8 -1 -1 -1 -1 -1 -1 15 -1 -1 30 23 -1 -1 -1 16 -1 -1 -1 -1 -1 29 -1 -1 -1 27 -1 -1 -1 26 18 25 17 -1 -1 -1 -1 -1 -1 21 -1 -1 -1 -1 24 -1 22 -1 20 19 -1 -1 -1 
-1 0 -1 9 4 5 6 -1 -1 -1 -1 -1 1 3 -1 -1 -1 -1 -1 -1 -1 -1 2 10 -1 -1 7 11 -1 12 -1 28 -1 14 -1 -1 -1 8 -1 -1 -1 -1 -1 -1 15 -1 -1 30 23 -1 -1 -1 16 -1 -1 -1 -1 -1 29 -1 -1 -1 27 -1 -1 -1 26 18 25 17 -1 -1 -1 -1 -1 -1 21 -1 -1 -1 -1 24 -1 22 -1 20 19 -1 -1 -1 
-1 0 -1 9 4 5 6 -1 -1 -1 -1 -1 1 3 -1 -1 -1 -1 -1 -1 -1 -1 2 10 -1 -1 7 11 -1 12 -1 28 -1 14 -1 -1 -1 8 -1 -1 -1 -1 -1 -1 15 -1 -1 30 23 -1 -1 -1 16 -1 -1 -1 -1 -1 29 -1 -1 -1 27 24 -1 -1 26 18 25 17 -1 -1 -1 -1 -1 -1 21 -1 -1 -1 -1 -1 -1 22 -1 20 19 -1 -1 -1 
-1 -1 -1 9 4 5 6 -1 -1 -1 0 -1 1 3 -1 -1 -1 -1 -1 -1 -1 -1 2 10 -1 -1 7 11 -1 12 -1 28 -1 14 -1 -1 -1 8 -1 -1 -1 -1 -1 -1 15 -1 -1 30 23 -1 -1 -1 16 -1 -1 -1 -1 -1 29 -1 -1 -1 27 24 -1 -1 26 18 25 17 -1 -1 -1 -1 -1 -1 21 -1 -1 -1 -1 -1 -1 22 -1 20 19 -1 -1 -1 
-1 -1 -1 9 4 5 6 -1 -1 -1 0 -1 1 3 -1 -1 -1 -1 -1 -1 -1 -1 2 10 -1 -1 7 11 -1 12 -1 28 -1 14 -1 -1 -1 8 -1 -1 -1 -1 -1 -1 15 -1 -1 30 23 -1 -1 -1 16 -1 -1 -1 -1 -1 29 -1 -1 -1 27 -1 -1 24 26 18 25 17 -1 -1 -1 -1 -1 -1 21 -1 -1 -1 -1 -1 -1 22 -1 20 19 -1 -1 -1 
-1 -1 -1 9 4 5 6 -1 -1 -1 0 -1 1 3 -1 -1 -1 -1 -1 -1 -1 -1 2 10 -1 -1 7 11 -1 12 -1 28 -1 14 -1 -1 -1 -1 -1 -1 -1 -1 8 -1 15 -1 -1 30 23 -1 -1 -1 16 -1 -1 -1 -1 -1 29 -1 -1 -1 27 -1 -1 24 26 18 25 17 -1 -1 -1 -1 -1 -1 21 -1 -1 -1 -1 -1 -1 22 -1 20 19 -1 -1 -1 
-1 -1 -1 9 4 5 6 -1 -1 -1 0 -1 1 3 -1 -1 -1 -1 -1 -1 -1 -1 2 10 -1 -1 7 11 -1 12 -1 28 -1 14 -1 -1 -1 -1 -1 -1 -1 -1 8 -1 15 -1 -1 30 23 -1 -1 -1 16 -1 -1 -1 -1 26 29 -1 -1 -1 27 -1 -1 24 -1 18 25 17 -1 -1 -1 -1 -1 -1 21 -1 -1 -1 -1 -1 -1 22 -1 20 19 -1 -1 -1 
-1 -1 -1 9 4 5 6 -1 -1 -1 0 -1 1 3 -1 -1 -1 -1 -1 -1 -1 -1 2 10 -1 -1 7 11 -1 12 -1 28 -1 14 -1 -1 -1 -1 -1 -1 -1 -1 -1 8 15 -1 -1 30 23 -1 -1 -1 16 -1 -1 -1 -1 26 29 -1 -1 -1 27 -1 -1 24 -1 18 25 17 -1 -1 -1 -1 -1 -1 21 -1 -1 -1 -1 -1 -1 22 -1 20 19 -1 -1 -1 
-1 -1 -1 9 4 5 6 -1 -1 -1 0 -1 1 3 -1 -1 -1 -1 -1 -1 -1 -1 2 10 -1 -1 7 11 -1 12 -1 28 -1 14 -1 -1 -1 -1 -1 -1 -1 -1 -1 16 15 -1 -1 30 23 -1 -1 -1 -1 -1 -1 -1 -1 26 29 -1 -1 -1 27 -1 -1 24 -1 18 25 17 -1 -1 -1 -1 -1 -1 21 -1 -1 -1 -1 -1 -1 22 -1 20 19 -1 -1 -1 
-1 -1 -1 9 4 5 6 -1 -1 -1 0 -1 1 3 -1 -1 -1 -1 -1 -1 -1 -1 2 10 -1 -1 -1 11 -1 12 -1 28 -1 14 -1 -1 -1 -1 -1 -1 -1 -1 -1 7 15 -1 -1 30 23 -1 -1 -1 -1 -1 -1 -1 -1 26 29 -1 -1 -1 27 -1 -1 24 -1 18 25 17 -1 -1 -1 -1 -1 -1 21 -1 -1 -1 -1 -1 -1 22 -1 20 19 -1 -1 -1 
-1 -1 -1 9 4 5 6 -1 -1 -1 0 -1 1 3 -1 -1 -1 -1 -1 -1 -1 -1 2 10 -1 -1 -1 11 -1 12 -1 28 -1 14 -1 -1 -1 -1 -1 -1 -1 -1 -1 7 15 -1 -1 30 23 -1 -1 -1 -1 -1 -1 -1 -1 26 29 -1 -1 -1 27 -1 24 -1 -1 18 25 17 -1 -1 -1 -1 -1 -1 21 -1 -1 -1 -1 -1 -1 22 -1 20 19 -1 -1 -1 
-1 -1 -1 9 4 5 6 -1 -1 -1 -1 -1 1 3 -1 -1 -1 -1 -1 -1 -1 -1 2 10 -1 -1 -1 11 -1 12 -1 28 -1 14 -1 -1 -1 -1 -1 -1 -1 -1 -1 7 15 -1 -1 30 23 -1 -1 -1 -1 -1 -1 -1 -1 26 29 -1 -1 -1 27 -1 0 -1 -1 18 25 17 -1 -1 -1 -1 -1 -1 21 -1 -1 -1 -1 -1 -1 22 -1 20 19 -1 -1 -1 
-1 -1 -1 9 4 5 6 -1 -1 -1 -1 -1 1 3 -1 -1 -1 -1 -1 -1 -1 -1 2 10 -1 -1 -1 11 -1 12 -1 28 -1 14 -1 -1 -1 -1 -1 -1 -1 -1 -1 7 15 -1 -1 30 23 -1 -1 -1 -1 -1 -1 -1 -1 26 29 -1 -1 -1 27 -1 25 -1 -1 18 -1 17 -1 -1 -1 -1 -1 -1 21 -1 -1 -1 -1 -1 -1 22 -1 20 19 -1 -1 -1 
-1 -1 -1 -1 4 5 6 -1 -1 -1 -1 -1 1 3 -1 -1 -1 -1 -1 -1 -1 -1 2 10 -1 -1 -1 11 -1 12 -1 28 -1 14 -1 -1 -1 -1 -1 -1 -1 -1 -1 7 15 -1 -1 30 9 -1 -1 -1 -1 -1 -1 -1 -1 26 29 -1 -1 -1 27 -1 25 -1 -1 18 -1 17 -1 -1 -1 -1 -1 -1 21 -1 -1 -1 -1 -1 -1 22 -1 20 19 -1 -1 -1 
-1 -1 -1 -1 4 5 6 -1 -1 -1 -1 -1 26 3 -1 -1 -1 -1 -1 -1 -1 -1 2 10 -1 -1 -1 11 -1 12 -1 28 -1 14 -1 -1 -1 -1 -1 -1 -1 -1 -1 7 15 -1 -1 30 9 -1 -1 -1 -1 -1 -1 -1 -1 -1 29 -1 -1 -1 27 -1 25 -1 -1 18 -1 17 -1 -1 -1 -1 -1 -1 21 -1 -1 -1 -1 -1 -1 22 -1 20 19 -1 -1 -1 
-1 -1 -1 -1 4 5 6 -1 -1 -1 -1 -1 26 3 -1 -1 -1 -1 -1 -1 -1 -1 2 10 -1 -1 -1 11 -1 12 -1 28 -1 14 -1 -1 -1 -1 -1 -1 -1 -1 -1 -1 15 -1 -1 30 9 -1 -1 -1 -1 -1 -1 -1 -1 -1 29 -1 7 -1 27 -1 25 -1 -1 18 -1 17 -1 -1 -1 -1 -1 -1 21 -1 -1 -1 -1 -1 -1 22 -1 20 19 -1 -1 -1 
-1 -1 -1 -1 4 5 6 -1 -1 -1 -1 -1 -1 3 -1 -1 -1 -1 -1 -1 -1 -1 2 10 -1 -1 -1 11 -1 12 26 28 -1 14 -1 -1 -1 -1 -1 -1 -1 -1 -1 -1 15 -1 -1 30 9 -1 -1 -1 -1 -1 -1 -1 -1 -1 29 -1 7 -1 27 -1 25 -1 -1 18 -1 17 -1 -1 -1 -1 -1 -1 21 -1 -1 -1 -1 -1 -1 22 -1 20 19 -1 -1 -1 
-1 -1 -1 -1 4 5 6 -1 -1 -1 -1 -1 -1 3 -1 -1 -1 -1 -1 -1 -1 -1 2 10 -1 -1 -1 11 -1 12 26 28 -1 -1 -1 -1 -1 -1 -1 -1 -1 -1 14 -1 15 -1 -1 30 9 -1 -1 -1 -1 -1 -1 -1 -1 -1 29 -1 7 -1 27 -1 25 -1 -1 18 -1 17 -1 -1 -1 -1 -1 -1 21 -1 -1 -1 -1 -1 -1 22 -1 20 19 -1 -1 -1 
-1 -1 -1 -1 4 5 6 -1 -1 -1 -1 -1 -1 3 -1 -1 -1 -1 -1 -1 -1 -1 2 10 -1 -1 -1 26 -1 12 -1 28 -1 -1 -1 -1 -1 -1 -1 -1 -1 -1 14 -1 15 -1 -1 30 9 -1 -1 -1 -1 -1 -1 -1 -1 -1 29 -1 7 -1 27 -1 25 -1 -1 18 -1 17 -1 -1 -1 -1 -1 -1 21 -1 -1 -1 -1 -1 -1 22 -1 20 19 -1 -1 -1 
-1 -1 -1 -1 4 5 6 -1 -1 -1 -1 -1 -1 3 -1 -1 -1 -1 -1 -1 -1 -1 2 10 -1 -1 -1 26 -1 12 -1 -1 -1 -1 -1 -1 -1 -1 -1 -1 13 -1 14 -1 15 -1 -1 30 9 -1 -1 -1 -1 -1 -1 -1 -1 -1 29 -1 7 -1 27 -1 25 -1 -1 18 -1 17 -1 -1 -1 -1 -1 -1 21 -1 -1 -1 -1 -1 -1 22 -1 20 19 -1 -1 -1 
26 -1 -1 -1 4 5 6 -1 -1 -1 -1 -1 -1 3 -1 -1 -1 -1 -1 -1 -1 -1 2 10 -1 -1 -1 -1 -1 12 -1 -1 -1 -1 -1 -1 -1 -1 -1 -1 13 -1 14 -1 15 -1 -1 30 9 -1 -1 -1 -1 -1 -1 -1 -1 -1 29 -1 7 -1 27 -1 25 -1 -1 18 -1 17 -1 -1 -1 -1 -1 -1 21 -1 -1 -1 -1 -1 -1 22 -1 20 19 -1 -1 -1 
26 -1 -1 4 -1 5 6 -1 -1 -1 -1 -1 -1 3 -1 -1 -1 -1 -1 -1 -1 -1 2 10 -1 -1 -1 -1 -1 12 -1 -1 -1 -1 -1 -1 -1 -1 -1 -1 13 -1 14 -1 15 -1 -1 30 9 -1 -1 -1 -1 -1 -1 -1 -1 -1 29 -1 7 -1 27 -1 25 -1 -1 18 -1 17 -1 -1 -1 -1 -1 -1 21 -1 -1 -1 -1 -1 -1 22 -1 20 19 -1 -1 -1 
26 -1 -1 4 -1 5 6 -1 -1 -1 -1 -1 -1 3 -1 -1 -1 -1 -1 -1 -1 -1 2 10 -1 -1 -1 -1 -1 12 -1 -1 -1 -1 -1 -1 -1 -1 -1 -1 13 -1 14 -1 15 -1 -1 30 9 -1 -1 -1 -1 -1 -1 -1 -1 -1 29 -1 7 -1 27 -1 -1 -1 25 18 -1 17 -1 -1 -1 -1 -1 -1 21 -1 -1 -1 -1 -1 -1 22 -1 20 19 -1 -1 -1 
26 -1 -1 -1 4 5 6 -1 -1 -1 -1 -1 -1 3 -1 -1 -1 -1 -1 -1 -1 -1 2 10 -1 -1 -1 -1 -1 12 -1 -1 -1 -1 -1 -1 -1 -1 -1 -1 13 -1 14 -1 15 -1 -1 30 9 -1 -1 -1 -1 -1 -1 -1 -1 -1 29 -1 7 -1 27 -1 -1 -1 25 18 -1 17 -1 -1 -1 -1 -1 -1 21 -1 -1 -1 -1 -1 -1 22 -1 20 19 -1 -1 -1 
26 -1 -1 -1 4 5 6 -1 -1 -1 -1 -1 -1 3 -1 -1 -1 -1 -1 -1 -1 -1 2 10 -1 -1 -1 -1 -1 12 -1 -1 -1 -1 -1 -1 -1 -1 -1 -1 13 -1 14 -1 15 -1 -1 30 9 -1 -1 -1 -1 -1 -1 -1 -1 -1 29 -1 7 -1 27 -1 25 -1 -1 18 -1 17 -1 -1 -1 -1 -1 -1 21 -1 -1 -1 -1 -1 -1 22 -1 20 19 -1 -1 -1 
26 -1 -1 4 -1 5 6 -1 -1 -1 -1 -1 -1 3 -1 -1 -1 -1 -1 -1 -1 -1 2 10 -1 -1 -1 -1 -1 12 -1 -1 -1 -1 -1 -1 -1 -1 -1 -1 13 -1 14 -1 15 -1 -1 30 9 -1 -1 -1 -1 -1 -1 -1 -1 -1 29 -1 7 -1 27 -1 25 -1 -1 18 -1 17 -1 -1 -1 -1 -1 -1 21 -1 -1 -1 -1 -1 -1 22 -1 20 19 -1 -1 -1 
26 -1 -1 4 -1 5 6 -1 -1 -1 -1 -1 -1 3 -1 -1 -1 -1 -1 -1 -1 -1 2 10 -1 -1 -1 -1 -1 12 -1 -1 -1 -1 -1 -1 -1 -1 -1 -1 13 -1 14 -1 15 -1 -1 30 9 -1 -1 -1 -1 -1 -1 -1 -1 -1 29 -1 7 -1 27 -1 -1 -1 25 18 -1 17 -1 -1 -1 -1 -1 -1 21 -1 -1 -1 -1 -1 -1 22 -1 20 19 -1 -1 -1 
26 -1 -1 -1 4 5 6 -1 -1 -1 -1 -1 -1 3 -1 -1 -1 -1 -1 -1 -1 -1 2 10 -1 -1 -1 -1 -1 12 -1 -1 -1 -1 -1 -1 -1 -1 -1 -1 13 -1 14 -1 15 -1 -1 30 9 -1 -1 -1 -1 -1 -1 -1 -1 -1 29 -1 7 -1 27 -1 -1 -1 25 18 -1 17 -1 -1 -1 -1 -1 -1 21 -1 -1 -1 -1 -1 -1 22 -1 20 19 -1 -1 -1 
26 -1 -1 -1 4 5 6 -1 -1 -1 -1 -1 -1 3 -1 -1 -1 -1 -1 -1 -1 -1 2 10 -1 -1 -1 -1 -1 12 -1 -1 -1 -1 -1 -1 -1 -1 -1 -1 13 -1 14 -1 15 -1 -1 30 9 -1 -1 -1 -1 -1 -1 -1 -1 25 29 -1 7 -1 27 -1 -1 -1 -1 18 -1 17 -1 -1 -1 -1 -1 -1 21 -1 -1 -1 -1 -1 -1 22 -1 20 19 -1 -1 -1 
26 -1 -1 -1 4 5 6 -1 -1 -1 -1 -1 -1 3 -1 -1 -1 -1 -1 -1 -1 -1 2 10 -1 -1 -1 -1 -1 12 -1 -1 -1 -1 -1 -1 -1 -1 -1 -1 13 -1 14 -1 15 -1 -1 30 9 -1 -1 -1 -1 -1 -1 -1 -1 25 29 -1 -1 -1 27 -1 -1 -1 -1 18 -1 17 -1 7 -1 -1 -1 -1 21 -1 -1 -1 -1 -1 -1 22 -1 20 19 -1 -1 -1 
26 -1 -1 -1 4 5 6 -1 -1 -1 -1 -1 -1 3 -1 -1 -1 -1 -1 -1 -1 -1 2 10 -1 -1 -1 -1 -1 12 -1 -1 -1 -1 -1 -1 -1 -1 -1 -1 13 -1 14 -1 15 -1 -1 30 9 -1 -1 -1 -1 -1 -1 -1 -1 -1 29 -1 -1 -1 27 -1 -1 -1 -1 18 -1 17 -1 7 -1 -1 -1 25 21 -1 -1 -1 -1 -1 -1 22 -1 20 19 -1 -1 -1 
26 -1 -1 -1 4 5 6 -1 -1 -1 -1 -1 -1 3 -1 -1 -1 -1 -1 -1 -1 -1 2 -1 -1 -1 -1 -1 -1 12 -1 -1 -1 -1 -1 -1 -1 -1 -1 -1 13 -1 14 -1 15 -1 -1 30 9 -1 -1 -1 -1 -1 -1 -1 -1 -1 29 10 -1 -1 27 -1 -1 -1 -1 18 -1 17 -1 7 -1 -1 -1 25 21 -1 -1 -1 -1 -1 -1 22 -1 20 19 -1 -1 -1 
26 -1 -1 -1 4 5 6 -1 -1 -1 -1 -1 -1 3 -1 -1 -1 -1 -1 -1 -1 -1 2 -1 -1 -1 -1 -1 -1 12 -1 -1 -1 -1 -1 -1 -1 -1 -1 -1 13 -1 14 -1 15 -1 -1 30 9 -1 -1 -1 -1 -1 -1 -1 -1 -1 29 10 -1 -1 27 -1 -1 -1 -1 18 -1 17 -1 7 -1 25 -1 -1 21 -1 -1 -1 -1 -1 -1 22 -1 20 19 -1 -1 -1 
26 -1 -1 4 -1 5 6 -1 -1 -1 -1 -1 -1 3 -1 -1 -1 -1 -1 -1 -1 -1 2 -1 -1 -1 -1 -1 -1 12 -1 -1 -1 -1 -1 -1 -1 -1 -1 -1 13 -1 14 -1 15 -1 -1 30 9 -1 -1 -1 -1 -1 -1 -1 -1 -1 29 10 -1 -1 27 -1 -1 -1 -1 18 -1 17 -1 7 -1 25 -1 -1 21 -1 -1 -1 -1 -1 -1 22 -1 20 19 -1 -1 -1 
26 -1 -1 4 -1 5 6 -1 -1 -1 -1 -1 -1 3 -1 -1 -1 -1 -1 -1 -1 -1 2 -1 -1 -1 -1 -1 -1 12 -1 -1 -1 -1 -1 -1 -1 -1 -1 -1 13 -1 14 -1 15 -1 -1 30 9 -1 17 -1 -1 -1 -1 -1 -1 -1 29 10 -1 -1 27 -1 -1 -1 -1 18 -1 -1 -1 7 -1 25 -1 -1 21 -1 -1 -1 -1 -1 -1 22 -1 20 19 -1 -1 -1 
26 -1 -1 4 -1 5 6 -1 -1 -1 -1 -1 -1 3 -1 -1 -1 -1 -1 -1 -1 -1 2 -1 -1 -1 -1 -1 -1 12 -1 -1 -1 -1 -1 -1 -1 -1 -1 -1 13 -1 14 -1 15 -1 -1 30 9 -1 17 -1 -1 -1 10 -1 -1 -1 29 -1 -1 -1 27 -1 -1 -1 -1 18 -1 -1 -1 7 -1 25 -1 -1 21 -1 -1 -1 -1 -1 -1 22 -1 20 19 -1 -1 -1 
26 -1 -1 4 -1 5 6 -1 -1 -1 -1 -1 -1 3 -1 -1 -1 -1 -1 -1 -1 -1 2 -1 -1 -1 -1 -1 -1 12 -1 -1 -1 -1 -1 -1 -1 -1 -1 17 13 -1 14 -1 15 -1 -1 30 9 -1 -1 -1 -1 -1 10 -1 -1 -1 29 -1 -1 -1 27 -1 -1 -1 -1 18 -1 -1 -1 7 -1 25 -1 -1 21 -1 -1 -1 -1 -1 -1 22 -1 20 19 -1 -1 -1 
26 -1 -1 4 -1 5 6 -1 -1 -1 -1 -1 -1 -1 -1 -1 -1 -1 -1 -1 -1 3 2 -1 -1 -1 -1 -1 -1 12 -1 -1 -1 -1 -1 -1 -1 -1 -1 17 13 -1 14 -1 15 -1 -1 30 9 -1 -1 -1 -1 -1 10 -1 -1 -1 29 -1 -1 -1 27 -1 -1 -1 -1 18 -1 -1 -1 7 -1 25 -1 -1 21 -1 -1 -1 -1 -1 -1 22 -1 20 19 -1 -1 -1 
26 -1 -1 4 -1 5 6 -1 -1 -1 -1 -1 -1 -1 -1 -1 -1 -1 -1 -1 -1 3 2 -1 -1 -1 -1 -1 -1 12 -1 -1 -1 -1 -1 -1 -1 -1 -1 17 13 -1 14 -1 15 -1 -1 30 9 -1 -1 -1 -1 -1 10 -1 -1 -1 29 -1 -1 -1 27 -1 -1 -1 -1 -1 -1 -1 -1 7 -1 25 -1 -1 21 -1 -1 -1 -1 -1 -1 22 -1 20 19 18 -1 -1 
26 -1 -1 4 -1 5 6 -1 -1 -1 -1 -1 -1 -1 -1 -1 -1 -1 -1 -1 -1 3 2 -1 -1 -1 -1 -1 -1 12 -1 -1 -1 -1 -1 -1 -1 -1 -1 17 13 -1 14 -1 15 -1 -1 30 9 -1 -1 -1 -1 -1 10 -1 -1 -1 29 -1 7 -1 27 -1 -1 -1 -1 -1 -1 -1 -1 -1 -1 25 -1 -1 21 -1 -1 -1 -1 -1 -1 22 -1 20 19 18 -1 -1 
26 -1 -1 4 -1 5 6 -1 -1 -1 -1 -1 -1 -1 -1 -1 -1 -1 -1 -1 -1 3 2 -1 -1 -1 -1 -1 -1 12 -1 -1 -1 -1 -1 -1 -1 25 -1 17 13 -1 14 -1 15 -1 -1 30 9 -1 -1 -1 -1 -1 10 -1 -1 -1 29 -1 7 -1 27 -1 -1 -1 -1 -1 -1 -1 -1 -1 -1 -1 -1 -1 21 -1 -1 -1 -1 -1 -1 22 -1 20 19 18 -1 -1 
26 -1 -1 4 -1 5 6 -1 -1 -1 -1 -1 -1 -1 -1 -1 -1 -1 -1 -1 -1 3 2 -1 -1 -1 -1 -1 -1 12 -1 -1 -1 -1 -1 -1 10 25 -1 17 13 -1 14 -1 15 -1 -1 30 9 -1 -1 -1 -1 -1 -1 -1 -1 -1 29 -1 7 -1 27 -1 -1 -1 -1 -1 -1 -1 -1 -1 -1 -1 -1 -1 21 -1 -1 -1 -1 -1 -1 22 -1 20 19 18 -1 -1 
26 25 -1 4 -1 5 6 -1 -1 -1 -1 -1 -1 -1 -1 -1 -1 -1 -1 -1 -1 3 2 -1 -1 -1 -1 -1 -1 12 -1 -1 -1 -1 -1 -1 10 -1 -1 17 13 -1 14 -1 15 -1 -1 30 9 -1 -1 -1 -1 -1 -1 -1 -1 -1 29 -1 7 -1 27 -1 -1 -1 -1 -1 -1 -1 -1 -1 -1 -1 -1 -1 21 -1 -1 -1 -1 -1 -1 22 -1 20 19 18 -1 -1 
26 25 -1 -1 -1 5 6 -1 -1 -1 -1 -1 4 -1 -1 -1 -1 -1 -1 -1 -1 3 2 -1 -1 -1 -1 -1 -1 12 -1 -1 -1 -1 -1 -1 10 -1 -1 17 13 -1 14 -1 15 -1 -1 30 9 -1 -1 -1 -1 -1 -1 -1 -1 -1 29 -1 7 -1 27 -1 -1 -1 -1 -1 -1 -1 -1 -1 -1 -1 -1 -1 21 -1 -1 -1 -1 -1 -1 22 -1 20 19 18 -1 -1 
26 -1 -1 -1 -1 5 6 -1 -1 -1 -1 -1 4 -1 -1 -1 -1 -1 -1 -1 -1 3 2 -1 -1 -1 -1 -1 -1 12 -1 -1 -1 -1 -1 -1 10 -1 -1 17 13 -1 14 -1 15 -1 25 30 9 -1 -1 -1 -1 -1 -1 -1 -1 -1 29 -1 7 -1 27 -1 -1 -1 -1 -1 -1 -1 -1 -1 -1 -1 -1 -1 21 -1 -1 -1 -1 -1 -1 22 -1 20 19 18 -1 -1 
26 -1 -1 -1 -1 5 6 -1 -1 -1 -1 -1 4 -1 -1 -1 -1 -1 -1 -1 -1 3 2 -1 -1 -1 -1 -1 -1 12 -1 -1 -1 -1 -1 -1 10 -1 -1 17 13 -1 14 -1 15 -1 25 30 -1 -1 -1 -1 -1 -1 -1 -1 -1 -1 29 -1 7 -1 27 -1 -1 -1 -1 -1 -1 -1 -1 -1 -1 -1 -1 9 21 -1 -1 -1 -1 -1 -1 22 -1 20 19 18 -1 -1 
26 -1 -1 -1 -1 5 6 -1 -1 -1 -1 -1 4 -1 -1 -1 -1 -1 -1 -1 -1 3 2 -1 -1 -1 -1 -1 -1 12 -1 -1 -1 -1 -1 -1 10 -1 -1 17 13 -1 14 -1 15 -1 25 30 -1 -1 -1 -1 -1 -1 -1 -1 -1 -1 29 -1 7 -1 27 22 -1 -1 -1 -1 -1 -1 -1 -1 -1 -1 -1 9 21 -1 -1 -1 -1 -1 -1 -1 -1 20 19 18 -1 -1 
26 -1 -1 -1 -1 5 6 -1 -1 -1 -1 -1 4 -1 -1 -1 -1 -1 -1 -1 -1 3 2 -1 -1 -1 -1 -1 -1 12 -1 -1 -1 -1 -1 -1 10 -1 -1 17 13 -1 14 -1 15 -1 25 30 -1 -1 -1 -1 -1 -1 -1 -1 -1 9 29 -1 7 -1 27 22 -1 -1 -1 -1 -1 -1 -1 -1 -1 -1 -1 -1 21 -1 -1 -1 -1 -1 -1 -1 -1 20 19 18 -1 -1 
-1 -1 -1 -1 -1 5 6 -1 -1 26 -1 -1 4 -1 -1 -1 -1 -1 -1 -1 -1 3 2 -1 -1 -1 -1 -1 -1 12 -1 -1 -1 -1 -1 -1 10 -1 -1 17 13 -1 14 -1 15 -1 25 30 -1 -1 -1 -1 -1 -1 -1 -1 -1 9 29 -1 7 -1 27 22 -1 -1 -1 -1 -1 -1 -1 -1 -1 -1 -1 -1 21 -1 -1 -1 -1 -1 -1 -1 -1 20 19 18 -1 -1 
-1 -1 -1 -1 -1 5 6 -1 -1 26 -1 -1 4 -1 -1 -1 -1 -1 -1 -1 -1 3 2 -1 -1 -1 -1 -1 -1 12 -1 -1 -1 -1 -1 -1 10 -1 -1 17 13 -1 14 -1 15 -1 25 30 -1 -1 -1 -1 -1 -1 -1 9 -1 -1 29 -1 7 -1 27 22 -1 -1 -1 -1 -1 -1 -1 -1 -1 -1 -1 -1 21 -1 -1 -1 -1 -1 -1 -1 -1 20 19 18 -1 -1 
-1 -1 -1 -1 -1 5 6 -1 -1 26 -1 -1 4 -1 -1 -1 -1 -1 -1 -1 17 3 2 -1 -1 -1 -1 -1 -1 12 -1 -1 -1 -1 -1 -1 10 -1 -1 -1 13 -1 14 -1 15 -1 25 30 -1 -1 -1 -1 -1 -1 -1 9 -1 -1 29 -1 7 -1 27 22 -1 -1 -1 -1 -1 -1 -1 -1 -1 -1 -1 -1 21 -1 -1 -1 -1 -1 -1 -1 -1 20 19 18 -1 -1 
-1 -1 -1 -1 -1 5 6 -1 -1 26 -1 -1 -1 4 -1 -1 -1 -1 -1 -1 17 3 2 -1 -1 -1 -1 -1 -1 12 -1 -1 -1 -1 -1 -1 10 -1 -1 -1 13 -1 14 -1 15 -1 25 30 -1 -1 -1 -1 -1 -1 -1 9 -1 -1 29 -1 7 -1 27 22 -1 -1 -1 -1 -1 -1 -1 -1 -1 -1 -1 -1 21 -1 -1 -1 -1 -1 -1 -1 -1 20 19 18 -1 -1 
-1 -1 -1 -1 -1 5 6 -1 -1 -1 -1 -1 -1 4 -1 -1 -1 -1 26 -1 17 3 2 -1 -1 -1 -1 -1 -1 12 -1 -1 -1 -1 -1 -1 10 -1 -1 -1 13 -1 14 -1 15 -1 25 30 -1 -1 -1 -1 -1 -1 -1 9 -1 -1 29 -1 7 -1 27 22 -1 -1 -1 -1 -1 -1 -1 -1 -1 -1 -1 -1 21 -1 -1 -1 -1 -1 -1 -1 -1 20 19 18 -1 -1 
-1 -1 -1 -1 -1 5 6 -1 -1 -1 -1 -1 -1 4 -1 -1 -1 -1 26 -1 17 3 2 -1 -1 -1 -1 -1 -1 12 -1 -1 -1 -1 -1 -1 -1 -1 -1 -1 13 -1 14 -1 15 -1 25 30 -1 -1 -1 -1 -1 -1 10 9 -1 -1 29 -1 7 -1 27 22 -1 -1 -1 -1 -1 -1 -1 -1 -1 -1 -1 -1 21 -1 -1 -1 -1 -1 -1 -1 -1 20 19 18 -1 -1 
-1 -1 -1 -1 -1 5 6 -1 -1 -1 -1 -1 -1 4 -1 -1 -1 -1 -1 -1 17 26 2 -1 -1 -1 -1 -1 -1 12 -1 -1 -1 -1 -1 -1 -1 -1 -1 -1 13 -1 14 -1 15 -1 25 30 -1 -1 -1 -1 -1 -1 10 9 -1 -1 29 -1 7 -1 27 22 -1 -1 -1 -1 -1 -1 -1 -1 -1 -1 -1 -1 21 -1 -1 -1 -1 -1 -1 -1 -1 20 19 18 -1 -1 
-1 -1 -1 -1 -1 5 6 -1 -1 -1 -1 -1 -1 4 -1 -1 -1 -1 -1 -1 17 26 2 -1 -1 -1 -1 -1 -1 12 -1 -1 -1 -1 -1 -1 -1 -1 -1 -1 13 -1 14 -1 15 -1 25 30 -1 -1 -1 -1 -1 -1 -1 9 -1 -1 10 -1 7 -1 27 22 -1 -1 -1 -1 -1 -1 -1 -1 -1 -1 -1 -1 21 -1 -1 -1 -1 -1 -1 -1 -1 20 19 18 -1 -1 
-1 -1 -1 -1 -1 5 6 -1 -1 -1 -1 -1 -1 4 -1 -1 -1 -1 -1 -1 17 26 2 -1 -1 -1 -1 -1 -1 12 -1 -1 -1 -1 -1 -1 -1 -1 -1 -1 13 -1 14 -1 15 -1 25 30 -1 -1 -1 -1 -1 -1 -1 9 -1 -1 10 -1 7 -1 27 22 -1 -1 -1 -1 -1 -1 -1 -1 -1 -1 -1 -1 21 -1 -1 -1 -1 -1 -1 -1 20 -1 19 18 -1 -1 
-1 -1 -1 -1 -1 5 6 -1 -1 -1 -1 -1 -1 4 -1 -1 -1 -1 -1 -1 17 26 2 -1 -1 -1 -1 -1 -1 12 -1 -1 -1 -1 -1 -1 -1 -1 -1 -1 13 -1 14 -1 15 -1 25 30 -1 -1 -1 -1 -1 -1 -1 -1 -1 9 10 -1 7 -1 27 22 -1 -1 -1 -1 -1 -1 -1 -1 -1 -1 -1 -1 21 -1 -1 -1 -1 -1 -1 -1 20 -1 19 18 -1 -1 
-1 -1 -1 -1 -1 5 6 -1 -1 -1 -1 -1 -1 4 -1 -1 -1 -1 -1 -1 17 -1 2 -1 -1 -1 -1 -1 -1 12 -1 -1 -1 -1 -1 -1 -1 -1 -1 26 13 -1 14 -1 15 -1 25 30 -1 -1 -1 -1 -1 -1 -1 -1 -1 9 10 -1 7 -1 27 22 -1 -1 -1 -1 -1 -1 -1 -1 -1 -1 -1 -1 21 -1 -1 -1 -1 -1 -1 -1 20 -1 19 18 -1 -1 
-1 -1 -1 -1 -1 5 6 -1 -1 -1 -1 -1 -1 -1 4 -1 -1 -1 -1 -1 17 -1 2 -1 -1 -1 -1 -1 -1 12 -1 -1 -1 -1 -1 -1 -1 -1 -1 26 13 -1 14 -1 15 -1 25 30 -1 -1 -1 -1 -1 -1 -1 -1 -1 9 10 -1 7 -1 27 22 -1 -1 -1 -1 -1 -1 -1 -1 -1 -1 -1 -1 21 -1 -1 -1 -1 -1 -1 -1 20 -1 19 18 -1 -1 
-1 -1 -1 -1 -1 5 6 -1 -1 -1 -1 -1 -1 -1 4 -1 -1 -1 -1 -1 17 -1 2 -1 -1 -1 -1 -1 -1 12 -1 -1 -1 -1 -1 -1 26 -1 -1 -1 13 -1 14 -1 15 -1 25 30 -1 -1 -1 -1 -1 -1 -1 -1 -1 9 10 -1 7 -1 27 22 -1 -1 -1 -1 -1 -1 -1 -1 -1 -1 -1 -1 21 -1 -1 -1 -1 -1 -1 -1 20 -1 19 18 -1 -1 
-1 -1 -1 -1 -1 -1 6 -1 -1 -1 -1 -1 -1 5 4 -1 -1 -1 -1 -1 17 -1 2 -1 -1 -1 -1 -1 -1 12 -1 -1 -1 -1 -1 -1 26 -1 -1 -1 13 -1 14 -1 15 -1 25 30 -1 -1 -1 -1 -1 -1 -1 -1 -1 9 10 -1 7 -1 27 22 -1 -1 -1 -1 -1 -1 -1 -1 -1 -1 -1 -1 21 -1 -1 -1 -1 -1 -1 -1 20 -1 19 18 -1 -1 
-1 -1 -1 -1 -1 -1 6 -1 -1 26 -1 -1 -1 5 4 -1 -1 -1 -1 -1 17 -1 2 -1 -1 -1 -1 -1 -1 12 -1 -1 -1 -1 -1 -1 -1 -1 -1 -1 13 -1 14 -1 15 -1 25 30 -1 -1 -1 -1 -1 -1 -1 -1 -1 9 10 -1 7 -1 27 22 -1 -1 -1 -1 -1 -1 -1 -1 -1 -1 -1 -1 21 -1 -1 -1 -1 -1 -1 -1 20 -1 19 18 -1 -1 
-1 -1 -1 -1 -1 -1 6 -1 -1 26 -1 -1 -1 -1 4 -1 -1 -1 -1 -1 17 5 2 -1 -1 -1 -1 -1 -1 12 -1 -1 -1 -1 -1 -1 -1 -1 -1 -1 13 -1 14 -1 15 -1 25 30 -1 -1 -1 -1 -1 -1 -1 -1 -1 9 10 -1 7 -1 27 22 -1 -1 -1 -1 -1 -1 -1 -1 -1 -1 -1 -1 21 -1 -1 -1 -1 -1 -1 -1 20 -1 19 18 -1 -1 
-1 -1 -1 -1 -1 -1 6 -1 -1 26 -1 -1 -1 -1 4 -1 -1 -1 -1 -1 -1 5 2 -1 -1 -1 -1 17 -1 12 -1 -1 -1 -1 -1 -1 -1 -1 -1 -1 13 -1 14 -1 15 -1 25 30 -1 -1 -1 -1 -1 -1 -1 -1 -1 9 10 -1 7 -1 27 22 -1 -1 -1 -1 -1 -1 -1 -1 -1 -1 -1 -1 21 -1 -1 -1 -1 -1 -1 -1 20 -1 19 18 -1 -1 
-1 -1 -1 -1 -1 -1 6 -1 -1 26 -1 -1 -1 -1 4 -1 -1 -1 -1 -1 -1 5 2 -1 -1 -1 -1 17 -1 12 -1 -1 -1 -1 -1 -1 -1 -1 -1 9 13 -1 14 -1 15 -1 25 30 -1 -1 -1 -1 -1 -1 -1 -1 -1 -1 10 -1 7 -1 27 22 -1 -1 -1 -1 -1 -1 -1 -1 -1 -1 -1 -1 21 -1 -1 -1 -1 -1 -1 -1 20 -1 19 18 -1 -1 
-1 -1 -1 -1 -1 -1 6 -1 -1 26 17 -1 -1 -1 4 -1 -1 -1 -1 -1 -1 5 2 -1 -1 -1 -1 -1 -1 12 -1 -1 -1 -1 -1 -1 -1 -1 -1 9 13 -1 14 -1 15 -1 25 30 -1 -1 -1 -1 -1 -1 -1 -1 -1 -1 10 -1 7 -1 27 22 -1 -1 -1 -1 -1 -1 -1 -1 -1 -1 -1 -1 21 -1 -1 -1 -1 -1 -1 -1 20 -1 19 18 -1 -1 
-1 -1 -1 -1 -1 4 6 -1 -1 26 17 -1 -1 -1 -1 -1 -1 -1 -1 -1 -1 5 2 -1 -1 -1 -1 -1 -1 12 -1 -1 -1 -1 -1 -1 -1 -1 -1 9 13 -1 14 -1 15 -1 25 30 -1 -1 -1 -1 -1 -1 -1 -1 -1 -1 10 -1 7 -1 27 22 -1 -1 -1 -1 -1 -1 -1 -1 -1 -1 -1 -1 21 -1 -1 -1 -1 -1 -1 -1 20 -1 19 18 -1 -1 
-1 -1 -1 -1 -1 4 6 -1 -1 -1 17 -1 -1 -1 -1 -1 -1 -1 -1 -1 -1 5 2 -1 -1 -1 -1 -1 -1 12 -1 -1 -1 -1 -1 -1 -1 -1 -1 9 13 -1 14 -1 15 -1 25 30 -1 -1 -1 -1 -1 -1 26 -1 -1 -1 10 -1 7 -1 27 22 -1 -1 -1 -1 -1 -1 -1 -1 -1 -1 -1 -1 21 -1 -1 -1 -1 -1 -1 -1 20 -1 19 18 -1 -1 
-1 -1 -1 -1 -1 4 6 -1 -1 -1 17 -1 -1 -1 -1 -1 -1 -1 -1 -1 -1 5 2 -1 -1 -1 -1 -1 -1 12 -1 -1 -1 -1 -1 -1 -1 -1 -1 9 -1 -1 14 -1 15 -1 25 30 -1 13 -1 -1 -1 -1 26 -1 -1 -1 10 -1 7 -1 27 22 -1 -1 -1 -1 -1 -1 -1 -1 -1 -1 -1 -1 21 -1 -1 -1 -1 -1 -1 -1 20 -1 19 18 -1 -1 
-1 -1 -1 -1 -1 4 6 -1 -1 -1 17 -1 -1 -1 -1 -1 -1 -1 -1 -1 -1 5 2 -1 -1 -1 -1 -1 -1 12 -1 -1 -1 -1 -1 -1 -1 -1 -1 9 -1 -1 14 -1 15 -1 25 30 -1 13 -1 -1 -1 -1 -1 -1 -1 -1 10 -1 26 -1 27 22 -1 -1 -1 -1 -1 -1 -1 -1 -1 -1 -1 -1 21 -1 -1 -1 -1 -1 -1 -1 20 -1 19 18 -1 -1 
-1 -1 -1 -1 -1 4 6 -1 -1 -1 17 -1 -1 -1 -1 -1 -1 -1 -1 -1 -1 5 2 -1 -1 -1 -1 -1 -1 12 -1 -1 -1 -1 -1 -1 -1 -1 -1 9 -1 -1 14 -1 15 -1 25 30 13 -1 -1 -1 -1 -1 -1 -1 -1 -1 10 -1 26 -1 27 22 -1 -1 -1 -1 -1 -1 -1 -1 -1 -1 -1 -1 21 -1 -1 -1 -1 -1 -1 -1 20 -1 19 18 -1 -1 
-1 -1 -1 -1 -1 4 6 -1 -1 -1 17 -1 -1 -1 -1 -1 -1 -1 -1 -1 -1 5 2 -1 -1 -1 -1 -1 -1 12 -1 -1 -1 -1 -1 -1 -1 -1 -1 9 -1 -1 14 -1 15 -1 25 30 13 -1 -1 -1 -1 -1 -1 -1 -1 -1 10 -1 26 -1 27 22 -1 -1 21 -1 -1 -1 -1 -1 -1 -1 -1 -1 -1 -1 -1 -1 -1 -1 -1 -1 20 -1 19 18 -1 -1 
-1 -1 -1 -1 -1 4 6 -1 -1 -1 17 -1 -1 -1 -1 -1 -1 -1 -1 -1 -1 5 2 -1 -1 -1 -1 -1 -1 12 -1 -1 -1 -1 -1 -1 -1 -1 -1 9 -1 -1 14 -1 15 -1 25 13 -1 -1 -1 -1 -1 -1 -1 -1 -1 -1 10 -1 26 -1 27 22 -1 -1 21 -1 -1 -1 -1 -1 -1 -1 -1 -1 -1 -1 -1 -1 -1 -1 -1 -1 20 -1 19 18 -1 -1 
-1 -1 -1 -1 -1 4 6 -1 -1 -1 17 -1 -1 -1 -1 -1 -1 -1 -1 -1 -1 5 2 -1 -1 -1 -1 -1 -1 12 -1 -1 -1 -1 -1 -1 -1 -1 -1 9 -1 -1 14 -1 15 -1 25 13 -1 -1 -1 -1 -1 -1 -1 -1 -1 -1 10 -1 26 -1 27 22 -1 -1 -1 -1 -1 -1 -1 -1 -1 -1 -1 -1 21 -1 -1 -1 -1 -1 -1 -1 20 -1 19 18 -1 -1 
-1 -1 -1 -1 -1 4 6 -1 -1 -1 17 -1 -1 -1 -1 -1 -1 -1 -1 -1 -1 5 2 -1 -1 -1 -1 -1 -1 12 -1 -1 -1 -1 -1 -1 -1 -1 -1 9 -1 -1 14 -1 15 -1 13 -1 -1 -1 -1 -1 -1 -1 -1 -1 -1 -1 10 -1 26 -1 27 22 -1 -1 -1 -1 -1 -1 -1 -1 -1 -1 -1 -1 21 -1 -1 -1 -1 -1 -1 -1 20 -1 19 18 -1 -1 
-1 -1 -1 -1 -1 4 6 -1 -1 -1 -1 -1 -1 -1 -1 -1 -1 -1 -1 -1 -1 5 2 -1 -1 -1 -1 -1 -1 17 -1 -1 -1 -1 -1 -1 -1 -1 -1 9 -1 -1 14 -1 15 -1 13 -1 -1 -1 -1 -1 -1 -1 -1 -1 -1 -1 10 -1 26 -1 27 22 -1 -1 -1 -1 -1 -1 -1 -1 -1 -1 -1 -1 21 -1 -1 -1 -1 -1 -1 -1 20 -1 19 18 -1 -1 
-1 -1 -1 -1 -1 4 6 -1 -1 -1 -1 -1 -1 -1 -1 -1 -1 -1 -1 -1 -1 5 2 -1 -1 -1 -1 -1 -1 17 -1 -1 -1 -1 -1 -1 -1 -1 -1 9 -1 -1 14 -1 15 -1 13 -1 -1 -1 -1 -1 -1 -1 -1 -1 -1 10 -1 -1 26 -1 27 22 -1 -1 -1 -1 -1 -1 -1 -1 -1 -1 -1 -1 21 -1 -1 -1 -1 -1 -1 -1 20 -1 19 18 -1 -1 
-1 -1 -1 -1 -1 4 6 -1 -1 -1 -1 -1 -1 -1 -1 -1 -1 -1 -1 -1 -1 5 2 -1 -1 -1 -1 -1 -1 17 -1 -1 -1 -1 -1 -1 -1 -1 -1 9 -1 -1 14 -1 15 -1 13 -1 -1 -1 -1 -1 -1 -1 -1 -1 -1 10 -1 -1 26 -1 27 22 -1 -1 -1 -1 -1 -1 -1 -1 -1 -1 -1 -1 21 -1 -1 -1 -1 -1 -1 -1 -1 20 19 18 -1 -1 
-1 -1 -1 -1 -1 4 6 -1 -1 -1 -1 -1 -1 -1 -1 -1 -1 -1 -1 -1 -1 5 2 -1 -1 -1 -1 -1 -1 17 -1 -1 -1 -1 -1 -1 -1 -1 -1 9 -1 -1 14 -1 15 -1 13 -1 -1 -1 -1 -1 -1 -1 -1 -1 -1 -1 -1 -1 26 -1 10 22 -1 -1 -1 -1 -1 -1 -1 -1 -1 -1 -1 -1 21 -1 -1 -1 -1 -1 -1 -1 -1 20 19 18 -1 -1 
-1 -1 -1 -1 -1 4 6 -1 -1 -1 -1 -1 -1 -1 -1 -1 -1 -1 -1 -1 -1 5 2 -1 -1 -1 -1 -1 -1 -1 -1 -1 -1 -1 -1 -1 -1 -1 -1 9 -1 -1 14 -1 15 -1 17 -1 -1 -1 -1 -1 -1 -1 -1 -1 -1 -1 -1 -1 26 -1 10 22 -1 -1 -1 -1 -1 -1 -1 -1 -1 -1 -1 -1 21 -1 -1 -1 -1 -1 -1 -1 -1 20 19 18 -1 -1 
-1 -1 -1 -1 -1 4 6 -1 -1 -1 -1 -1 -1 -1 -1 -1 -1 -1 -1 -1 -1 5 2 -1 -1 -1 -1 -1 -1 -1 -1 -1 -1 -1 -1 -1 -1 -1 -1 -1 9 -1 14 -1 15 -1 17 -1 -1 -1 -1 -1 -1 -1 -1 -1 -1 -1 -1 -1 26 -1 10 22 -1 -1 -1 -1 -1 -1 -1 -1 -1 -1 -1 -1 21 -1 -1 -1 -1 -1 -1 -1 -1 20 19 18 -1 -1 
-1 -1 -1 -1 -1 4 6 -1 -1 -1 -1 -1 -1 -1 -1 -1 -1 -1 -1 -1 -1 5 2 -1 -1 -1 -1 -1 -1 -1 -1 -1 -1 -1 -1 -1 -1 -1 -1 -1 9 -1 14 -1 15 -1 17 -1 -1 -1 -1 -1 -1 -1 -1 -1 -1 -1 -1 -1 26 -1 10 22 -1 -1 -1 -1 -1 -1 -1 -1 -1 -1 -1 -1 21 -1 -1 -1 -1 -1 -1 -1 20 -1 19 18 -1 -1 
-1 -1 -1 -1 -1 4 6 -1 -1 -1 -1 -1 -1 -1 -1 -1 -1 -1 -1 -1 -1 5 2 -1 -1 -1 -1 -1 -1 -1 -1 -1 -1 -1 -1 -1 -1 -1 -1 -1 9 -1 -1 -1 15 -1 17 -1 -1 -1 -1 14 -1 -1 -1 -1 -1 -1 -1 -1 26 -1 10 22 -1 -1 -1 -1 -1 -1 -1 -1 -1 -1 -1 -1 21 -1 -1 -1 -1 -1 -1 -1 20 -1 19 18 -1 -1 
-1 -1 -1 -1 -1 4 6 -1 -1 -1 -1 -1 -1 -1 -1 -1 -1 -1 -1 -1 -1 5 2 -1 -1 -1 -1 -1 -1 17 -1 -1 -1 -1 -1 -1 -1 -1 -1 -1 9 -1 -1 -1 15 -1 -1 -1 -1 -1 -1 14 -1 -1 -1 -1 -1 -1 -1 -1 26 -1 10 22 -1 -1 -1 -1 -1 -1 -1 -1 -1 -1 -1 -1 21 -1 -1 -1 -1 -1 -1 -1 20 -1 19 18 -1 -1 
-1 -1 -1 -1 -1 4 6 -1 -1 -1 -1 -1 -1 -1 -1 -1 -1 -1 -1 -1 -1 5 2 -1 -1 -1 -1 -1 -1 17 -1 9 -1 -1 -1 -1 -1 -1 -1 -1 -1 -1 -1 -1 15 -1 -1 -1 -1 -1 -1 14 -1 -1 -1 -1 -1 -1 -1 -1 26 -1 10 22 -1 -1 -1 -1 -1 -1 -1 -1 -1 -1 -1 -1 21 -1 -1 -1 -1 -1 -1 -1 20 -1 19 18 -1 -1 
-1 -1 -1 -1 -1 4 6 -1 -1 -1 -1 -1 -1 -1 -1 -1 -1 -1 -1 -1 -1 5 2 -1 -1 -1 -1 -1 -1 -1 -1 9 -1 -1 -1 -1 -1 -1 -1 -1 -1 -1 -1 -1 15 -1 -1 -1 17 -1 -1 14 -1 -1 -1 -1 -1 -1 -1 -1 26 -1 10 22 -1 -1 -1 -1 -1 -1 -1 -1 -1 -1 -1 -1 21 -1 -1 -1 -1 -1 -1 -1 20 -1 19 18 -1 -1 
-1 -1 -1 -1 -1 4 6 -1 -1 -1 -1 -1 -1 -1 -1 -1 -1 -1 -1 -1 -1 5 2 -1 -1 -1 -1 -1 -1 -1 -1 -1 -1 -1 -1 -1 -1 -1 -1 -1 -1 -1 -1 -1 15 -1 -1 -1 17 9 -1 14 -1 -1 -1 -1 -1 -1 -1 -1 26 -1 10 22 -1 -1 -1 -1 -1 -1 -1 -1 -1 -1 -1 -1 21 -1 -1 -1 -1 -1 -1 -1 20 -1 19 18 -1 -1 
-1 -1 -1 -1 -1 4 6 -1 -1 -1 -1 -1 -1 -1 -1 -1 -1 -1 -1 -1 -1 5 2 -1 -1 -1 -1 -1 -1 -1 -1 -1 -1 -1 -1 -1 -1 -1 -1 -1 -1 -1 -1 -1 15 -1 -1 -1 17 9 -1 14 -1 -1 -1 -1 26 -1 -1 -1 -1 -1 10 22 -1 -1 -1 -1 -1 -1 -1 -1 -1 -1 -1 -1 21 -1 -1 -1 -1 -1 -1 -1 20 -1 19 18 -1 -1 
-1 -1 -1 -1 -1 4 6 -1 -1 -1 -1 -1 -1 -1 -1 -1 -1 -1 -1 -1 -1 5 2 -1 -1 -1 -1 -1 -1 -1 -1 -1 -1 -1 -1 -1 -1 -1 -1 -1 -1 -1 -1 -1 15 -1 -1 -1 17 9 -1 14 -1 10 -1 -1 26 -1 -1 -1 -1 -1 -1 22 -1 -1 -1 -1 -1 -1 -1 -1 -1 -1 -1 -1 21 -1 -1 -1 -1 -1 -1 -1 20 -1 19 18 -1 -1 
-1 -1 -1 -1 -1 4 6 -1 -1 -1 -1 -1 -1 -1 -1 -1 -1 -1 -1 -1 -1 5 2 -1 -1 -1 -1 -1 -1 17 -1 -1 -1 -1 -1 -1 -1 -1 -1 -1 -1 -1 -1 -1 15 -1 -1 -1 -1 9 -1 14 -1 10 -1 -1 26 -1 -1 -1 -1 -1 -1 22 -1 -1 -1 -1 -1 -1 -1 -1 -1 -1 -1 -1 21 -1 -1 -1 -1 -1 -1 -1 20 -1 19 18 -1 -1 
-1 -1 -1 -1 -1 4 6 -1 -1 -1 -1 -1 -1 -1 -1 -1 -1 -1 -1 -1 -1 5 2 -1 -1 -1 -1 -1 -1 17 -1 -1 -1 -1 -1 -1 -1 -1 -1 -1 -1 -1 -1 -1 15 -1 -1 -1 -1 9 -1 -1 -1 10 -1 -1 26 -1 -1 -1 14 -1 -1 22 -1 -1 -1 -1 -1 -1 -1 -1 -1 -1 -1 -1 21 -1 -1 -1 -1 -1 -1 -1 20 -1 19 18 -1 -1 
-1 -1 -1 -1 -1 4 6 -1 -1 -1 -1 -1 -1 -1 -1 -1 -1 -1 -1 -1 -1 5 2 -1 -1 -1 -1 -1 -1 -1 -1 -1 -1 -1 -1 -1 -1 -1 -1 -1 17 -1 -1 -1 15 -1 -1 -1 -1 9 -1 -1 -1 10 -1 -1 26 -1 -1 -1 14 -1 -1 22 -1 -1 -1 -1 -1 -1 -1 -1 -1 -1 -1 -1 21 -1 -1 -1 -1 -1 -1 -1 20 -1 19 18 -1 -1 
-1 -1 -1 -1 -1 4 6 -1 -1 -1 -1 -1 -1 -1 -1 -1 -1 -1 -1 -1 -1 5 2 -1 -1 -1 -1 -1 -1 -1 -1 -1 -1 -1 -1 -1 -1 -1 -1 -1 17 -1 -1 -1 15 -1 -1 -1 -1 9 -1 -1 -1 -1 -1 -1 26 -1 -1 -1 14 -1 -1 22 -1 -1 -1 -1 -1 -1 -1 -1 -1 -1 -1 -1 21 -1 -1 -1 -1 -1 -1 -1 20 -1 19 18 -1 10 
-1 -1 -1 -1 -1 4 6 -1 -1 -1 -1 -1 -1 -1 -1 -1 -1 -1 -1 -1 -1 5 2 -1 -1 -1 -1 -1 -1 -1 -1 -1 -1 -1 -1 -1 -1 -1 -1 -1 17 -1 -1 -1 15 -1 -1 26 -1 9 -1 -1 -1 -1 -1 -1 -1 -1 -1 -1 14 -1 -1 22 -1 -1 -1 -1 -1 -1 -1 -1 -1 -1 -1 -1 21 -1 -1 -1 -1 -1 -1 -1 20 -1 19 18 -1 10 
-1 -1 -1 -1 -1 4 6 -1 -1 -1 -1 -1 -1 -1 -1 -1 -1 -1 -1 -1 -1 5 -1 -1 -1 -1 -1 -1 -1 -1 -1 -1 -1 -1 -1 -1 -1 -1 -1 -1 17 -1 2 -1 15 -1 -1 26 -1 9 -1 -1 -1 -1 -1 -1 -1 -1 -1 -1 14 -1 -1 22 -1 -1 -1 -1 -1 -1 -1 -1 -1 -1 -1 -1 21 -1 -1 -1 -1 -1 -1 -1 20 -1 19 18 -1 10 
-1 -1 -1 -1 -1 4 6 -1 -1 -1 -1 -1 -1 -1 -1 -1 -1 -1 -1 -1 -1 5 -1 -1 -1 -1 -1 -1 -1 -1 -1 -1 -1 17 -1 -1 -1 -1 -1 -1 -1 -1 2 -1 15 -1 -1 26 -1 9 -1 -1 -1 -1 -1 -1 -1 -1 -1 -1 14 -1 -1 22 -1 -1 -1 -1 -1 -1 -1 -1 -1 -1 -1 -1 21 -1 -1 -1 -1 -1 -1 -1 20 -1 19 18 -1 10 
-1 -1 -1 -1 -1 4 6 -1 -1 -1 -1 -1 -1 -1 -1 -1 -1 -1 -1 -1 -1 5 -1 -1 -1 -1 -1 -1 -1 -1 -1 -1 -1 17 -1 -1 -1 -1 -1 -1 -1 -1 2 -1 15 -1 -1 26 -1 -1 -1 -1 -1 9 -1 -1 -1 -1 -1 -1 14 -1 -1 22 -1 -1 -1 -1 -1 -1 -1 -1 -1 -1 -1 -1 21 -1 -1 -1 -1 -1 -1 -1 20 -1 19 18 -1 10 
-1 -1 -1 -1 -1 4 6 -1 -1 -1 -1 -1 -1 -1 -1 -1 -1 -1 -1 -1 -1 5 -1 -1 -1 -1 -1 -1 -1 -1 -1 -1 -1 -1 -1 -1 -1 -1 -1 -1 17 -1 2 -1 15 -1 -1 26 -1 -1 -1 -1 -1 9 -1 -1 -1 -1 -1 -1 14 -1 -1 22 -1 -1 -1 -1 -1 -1 -1 -1 -1 -1 -1 -1 21 -1 -1 -1 -1 -1 -1 -1 20 -1 19 18 -1 10 
-1 -1 -1 -1 -1 4 6 -1 -1 -1 -1 -1 -1 -1 -1 -1 -1 -1 -1 -1 -1 5 -1 -1 -1 -1 -1 -1 -1 -1 -1 -1 -1 -1 -1 -1 -1 -1 -1 -1 17 -1 -1 -1 15 -1 -1 26 -1 -1 -1 -1 -1 9 -1 -1 -1 -1 2 -1 14 -1 -1 22 -1 -1 -1 -1 -1 -1 -1 -1 -1 -1 -1 -1 21 -1 -1 -1 -1 -1 -1 -1 20 -1 19 18 -1 10 
-1 -1 -1 -1 -1 4 6 -1 -1 -1 -1 -1 -1 -1 -1 -1 -1 -1 -1 -1 -1 5 -1 -1 -1 -1 -1 -1 -1 -1 -1 -1 -1 -1 -1 -1 -1 -1 -1 -1 17 -1 -1 -1 15 -1 -1 -1 -1 -1 26 -1 -1 9 -1 -1 -1 -1 2 -1 14 -1 -1 22 -1 -1 -1 -1 -1 -1 -1 -1 -1 -1 -1 -1 21 -1 -1 -1 -1 -1 -1 -1 20 -1 19 18 -1 10 
-1 -1 -1 -1 -1 -1 6 -1 -1 -1 -1 -1 -1 -1 4 -1 -1 -1 -1 -1 -1 5 -1 -1 -1 -1 -1 -1 -1 -1 -1 -1 -1 -1 -1 -1 -1 -1 -1 -1 17 -1 -1 -1 15 -1 -1 -1 -1 -1 26 -1 -1 9 -1 -1 -1 -1 2 -1 14 -1 -1 22 -1 -1 -1 -1 -1 -1 -1 -1 -1 -1 -1 -1 21 -1 -1 -1 -1 -1 -1 -1 20 -1 19 18 -1 10 
-1 -1 -1 -1 -1 -1 6 -1 -1 -1 -1 -1 -1 -1 4 -1 -1 -1 -1 -1 -1 5 -1 -1 -1 -1 -1 -1 -1 -1 -1 -1 -1 -1 -1 -1 -1 -1 -1 -1 17 -1 -1 -1 15 -1 -1 -1 -1 -1 26 -1 -1 9 -1 -1 -1 -1 2 -1 14 -1 -1 -1 -1 -1 -1 -1 -1 -1 -1 -1 -1 -1 -1 -1 21 -1 -1 -1 -1 -1 -1 22 20 -1 19 18 -1 10 
-1 -1 -1 -1 -1 -1 6 -1 -1 -1 -1 -1 -1 -1 4 -1 -1 -1 -1 -1 -1 5 -1 -1 -1 -1 -1 -1 -1 -1 -1 -1 -1 -1 -1 -1 -1 -1 -1 -1 17 -1 -1 -1 15 -1 -1 -1 -1 -1 26 -1 -1 -1 -1 -1 -1 -1 2 -1 14 -1 -1 -1 -1 -1 -1 -1 -1 -1 -1 -1 -1 -1 -1 -1 21 -1 -1 -1 9 -1 -1 22 20 -1 19 18 -1 10 
-1 -1 -1 -1 -1 -1 6 -1 -1 -1 -1 -1 -1 -1 4 -1 -1 -1 -1 -1 -1 17 -1 -1 -1 -1 -1 -1 -1 -1 -1 -1 -1 -1 -1 -1 -1 -1 -1 -1 -1 -1 -1 -1 15 -1 -1 -1 -1 -1 26 -1 -1 -1 -1 -1 -1 -1 2 -1 14 -1 -1 -1 -1 -1 -1 -1 -1 -1 -1 -1 -1 -1 -1 -1 21 -1 -1 -1 9 -1 -1 22 20 -1 19 18 -1 10 
-1 -1 -1 -1 -1 -1 6 -1 -1 -1 -1 -1 -1 -1 4 -1 -1 -1 -1 -1 -1 17 -1 -1 -1 -1 -1 -1 -1 -1 -1 -1 -1 -1 -1 -1 -1 -1 -1 -1 -1 -1 -1 -1 -1 -1 -1 -1 -1 -1 26 -1 -1 15 -1 -1 -1 -1 2 -1 14 -1 -1 -1 -1 -1 -1 -1 -1 -1 -1 -1 -1 -1 -1 -1 21 -1 -1 -1 9 -1 -1 22 20 -1 19 18 -1 10 
-1 -1 -1 -1 -1 -1 6 -1 -1 -1 -1 -1 -1 -1 4 -1 -1 -1 -1 -1 -1 -1 -1 -1 -1 -1 -1 -1 17 -1 -1 -1 -1 -1 -1 -1 -1 -1 -1 -1 -1 -1 -1 -1 -1 -1 -1 -1 -1 -1 26 -1 -1 15 -1 -1 -1 -1 2 -1 14 -1 -1 -1 -1 -1 -1 -1 -1 -1 -1 -1 -1 -1 -1 -1 21 -1 -1 -1 9 -1 -1 22 20 -1 19 18 -1 10 
-1 -1 -1 -1 -1 -1 6 -1 -1 -1 -1 -1 -1 -1 4 -1 -1 -1 -1 -1 -1 -1 -1 -1 -1 -1 -1 -1 17 -1 -1 -1 -1 -1 -1 -1 -1 -1 -1 -1 -1 -1 -1 -1 -1 -1 -1 -1 -1 -1 26 -1 15 -1 -1 -1 -1 -1 2 -1 14 -1 -1 -1 -1 -1 -1 -1 -1 -1 -1 -1 -1 -1 -1 -1 21 -1 -1 -1 9 -1 -1 22 20 -1 19 18 -1 10 
-1 -1 -1 -1 -1 -1 6 -1 -1 -1 -1 -1 -1 -1 4 -1 -1 -1 -1 -1 -1 -1 -1 -1 -1 -1 -1 -1 -1 -1 -1 -1 -1 -1 -1 -1 -1 -1 -1 17 -1 -1 -1 -1 -1 -1 -1 -1 -1 -1 26 -1 15 -1 -1 -1 -1 -1 2 -1 14 -1 -1 -1 -1 -1 -1 -1 -1 -1 -1 -1 -1 -1 -1 -1 21 -1 -1 -1 9 -1 -1 22 20 -1 19 18 -1 10 
-1 -1 -1 -1 -1 -1 6 -1 -1 -1 -1 -1 -1 4 -1 -1 -1 -1 -1 -1 -1 -1 -1 -1 -1 -1 -1 -1 -1 -1 -1 -1 -1 -1 -1 -1 -1 -1 -1 17 -1 -1 -1 -1 -1 -1 -1 -1 -1 -1 26 -1 15 -1 -1 -1 -1 -1 2 -1 14 -1 -1 -1 -1 -1 -1 -1 -1 -1 -1 -1 -1 -1 -1 -1 21 -1 -1 -1 9 -1 -1 22 20 -1 19 18 -1 10 
-1 -1 -1 -1 -1 -1 6 -1 -1 -1 -1 -1 -1 4 -1 -1 -1 -1 -1 -1 -1 -1 -1 -1 -1 -1 -1 -1 -1 -1 -1 -1 -1 -1 -1 -1 -1 -1 -1 17 -1 -1 -1 -1 -1 -1 -1 -1 -1 -1 26 -1 15 -1 -1 -1 -1 -1 2 -1 14 -1 -1 -1 -1 -1 -1 22 -1 -1 -1 -1 -1 -1 -1 -1 21 -1 -1 -1 9 -1 -1 -1 20 -1 19 18 -1 10 
-1 -1 -1 -1 -1 -1 6 -1 -1 -1 -1 -1 -1 4 -1 -1 -1 -1 -1 -1 -1 -1 -1 -1 -1 -1 -1 -1 -1 -1 -1 -1 -1 -1 -1 -1 -1 -1 -1 17 -1 -1 -1 -1 -1 -1 -1 -1 -1 -1 26 -1 15 -1 -1 -1 -1 -1 2 -1 14 -1 -1 -1 -1 -1 -1 22 -1 -1 -1 -1 -1 -1 -1 -1 21 9 -1 -1 -1 -1 -1 -1 20 -1 19 18 -1 10 
-1 -1 -1 -1 -1 -1 6 -1 -1 -1 -1 -1 -1 4 -1 -1 -1 -1 -1 -1 -1 -1 -1 -1 -1 -1 -1 -1 -1 -1 -1 -1 -1 -1 -1 -1 -1 -1 -1 17 -1 -1 -1 -1 -1 -1 -1 -1 26 -1 -1 -1 15 -1 -1 -1 -1 -1 2 -1 14 -1 -1 -1 -1 -1 -1 22 -1 -1 -1 -1 -1 -1 -1 -1 21 9 -1 -1 -1 -1 -1 -1 20 -1 19 18 -1 10 
-1 -1 -1 -1 -1 -1 6 -1 -1 -1 -1 -1 -1 4 -1 -1 -1 -1 -1 -1 -1 -1 -1 -1 -1 -1 -1 -1 -1 -1 -1 -1 -1 -1 -1 -1 -1 -1 -1 17 -1 -1 -1 -1 -1 -1 -1 -1 26 -1 -1 -1 15 -1 -1 -1 -1 -1 2 14 -1 -1 -1 -1 -1 -1 -1 22 -1 -1 -1 -1 -1 -1 -1 -1 21 9 -1 -1 -1 -1 -1 -1 20 -1 19 18 -1 10 
-1 -1 -1 -1 -1 -1 6 -1 -1 -1 -1 -1 -1 4 -1 -1 -1 -1 -1 -1 -1 -1 -1 -1 -1 -1 -1 -1 -1 -1 -1 -1 -1 -1 -1 -1 -1 -1 -1 17 -1 -1 -1 -1 -1 -1 -1 -1 -1 -1 -1 -1 15 -1 -1 -1 -1 -1 2 14 -1 -1 -1 -1 -1 -1 -1 22 -1 -1 -1 -1 -1 -1 -1 26 21 9 -1 -1 -1 -1 -1 -1 20 -1 19 18 -1 10 
-1 -1 -1 -1 -1 -1 6 -1 -1 -1 -1 -1 -1 4 -1 -1 -1 -1 -1 -1 -1 -1 -1 -1 -1 -1 -1 -1 -1 -1 -1 -1 -1 -1 -1 -1 -1 -1 -1 17 -1 -1 -1 -1 -1 -1 -1 -1 -1 -1 -1 -1 15 -1 -1 -1 -1 -1 2 14 -1 -1 -1 -1 -1 -1 -1 22 -1 -1 -1 -1 -1 -1 -1 9 21 -1 -1 -1 -1 -1 -1 -1 20 -1 19 18 -1 10 
-1 -1 -1 -1 -1 -1 6 -1 -1 -1 -1 -1 -1 4 -1 -1 -1 -1 -1 -1 -1 -1 -1 -1 -1 -1 -1 -1 -1 -1 -1 -1 -1 -1 -1 -1 -1 -1 -1 17 -1 -1 -1 -1 -1 -1 -1 -1 -1 -1 -1 -1 15 -1 -1 -1 -1 -1 2 14 -1 -1 -1 -1 -1 -1 -1 22 -1 -1 -1 -1 -1 -1 -1 20 21 -1 -1 -1 -1 -1 -1 -1 -1 -1 19 18 -1 10 
-1 -1 -1 -1 -1 -1 6 -1 -1 -1 -1 -1 4 -1 -1 -1 -1 -1 -1 -1 -1 -1 -1 -1 -1 -1 -1 -1 -1 -1 -1 -1 -1 -1 -1 -1 -1 -1 -1 17 -1 -1 -1 -1 -1 -1 -1 -1 -1 -1 -1 -1 15 -1 -1 -1 -1 -1 2 14 -1 -1 -1 -1 -1 -1 -1 22 -1 -1 -1 -1 -1 -1 -1 20 21 -1 -1 -1 -1 -1 -1 -1 -1 -1 19 18 -1 10 
-1 -1 -1 -1 -1 -1 6 -1 -1 -1 -1 -1 4 -1 -1 -1 -1 -1 -1 -1 -1 -1 -1 -1 -1 -1 -1 -1 -1 -1 -1 -1 -1 -1 -1 -1 -1 -1 -1 17 -1 -1 -1 -1 -1 -1 -1 -1 -1 -1 -1 -1 15 -1 -1 -1 -1 -1 2 14 -1 -1 -1 -1 -1 -1 -1 22 -1 -1 -1 18 -1 -1 -1 20 21 -1 -1 -1 -1 -1 -1 -1 -1 -1 19 -1 -1 10 
-1 -1 -1 -1 -1 -1 6 -1 -1 -1 -1 -1 4 -1 -1 -1 -1 -1 -1 -1 -1 -1 -1 -1 -1 -1 -1 -1 -1 -1 -1 -1 -1 -1 -1 -1 -1 -1 -1 17 -1 -1 -1 -1 -1 -1 -1 -1 -1 -1 -1 -1 -1 -1 -1 -1 -1 -1 2 14 -1 15 -1 -1 -1 -1 -1 22 -1 -1 -1 18 -1 -1 -1 20 21 -1 -1 -1 -1 -1 -1 -1 -1 -1 19 -1 -1 10 
-1 -1 -1 -1 -1 -1 6 -1 -1 -1 -1 -1 4 -1 -1 -1 -1 -1 -1 -1 -1 -1 -1 -1 -1 -1 -1 -1 -1 -1 -1 -1 -1 -1 -1 -1 -1 -1 -1 17 -1 -1 -1 -1 -1 -1 -1 -1 -1 -1 -1 -1 -1 -1 -1 -1 -1 -1 2 14 -1 15 -1 -1 -1 -1 21 22 -1 -1 -1 18 -1 -1 -1 20 -1 -1 -1 -1 -1 -1 -1 -1 -1 -1 19 -1 -1 10 
-1 -1 -1 -1 -1 -1 6 -1 -1 -1 -1 -1 4 -1 -1 -1 -1 -1 -1 -1 -1 -1 -1 -1 -1 -1 -1 -1 -1 -1 -1 -1 -1 -1 -1 -1 -1 -1 -1 17 -1 -1 -1 -1 -1 -1 -1 -1 -1 -1 -1 -1 -1 -1 -1 -1 -1 -1 2 14 -1 -1 -1 -1 -1 -1 21 22 -1 -1 15 18 -1 -1 -1 20 -1 -1 -1 -1 -1 -1 -1 -1 -1 -1 19 -1 -1 10 
-1 -1 -1 -1 -1 -1 6 -1 -1 -1 -1 -1 4 -1 -1 -1 -1 -1 -1 -1 -1 -1 -1 -1 -1 -1 -1 -1 -1 -1 -1 -1 -1 -1 -1 -1 -1 -1 -1 17 -1 -1 -1 -1 -1 -1 -1 -1 -1 -1 -1 18 -1 -1 -1 -1 -1 -1 2 14 -1 -1 -1 -1 -1 -1 21 22 -1 -1 15 -1 -1 -1 -1 20 -1 -1 -1 -1 -1 -1 -1 -1 -1 -1 19 -1 -1 10 
-1 -1 -1 -1 -1 -1 6 -1 -1 -1 -1 -1 4 -1 -1 -1 -1 -1 -1 -1 -1 -1 -1 -1 -1 -1 -1 -1 -1 -1 -1 -1 -1 -1 -1 -1 -1 -1 -1 17 -1 -1 -1 -1 -1 -1 -1 -1 -1 -1 -1 18 -1 -1 -1 -1 -1 -1 2 14 -1 -1 -1 -1 -1 -1 21 22 -1 15 -1 -1 -1 -1 -1 20 -1 -1 -1 -1 -1 -1 -1 -1 -1 -1 19 -1 -1 10 
-1 -1 -1 -1 -1 -1 6 -1 -1 -1 -1 -1 4 -1 -1 -1 -1 -1 -1 -1 -1 -1 -1 -1 -1 -1 -1 -1 -1 -1 -1 -1 -1 -1 -1 -1 -1 -1 -1 17 -1 -1 -1 -1 -1 -1 -1 -1 -1 -1 -1 18 -1 -1 -1 -1 -1 -1 2 14 -1 -1 -1 -1 -1 -1 21 22 -1 15 -1 -1 -1 -1 -1 20 19 -1 -1 -1 -1 -1 -1 -1 -1 -1 -1 -1 -1 10 
-1 -1 -1 -1 -1 -1 6 -1 10 -1 -1 -1 4 -1 -1 -1 -1 -1 -1 -1 -1 -1 -1 -1 -1 -1 -1 -1 -1 -1 -1 -1 -1 -1 -1 -1 -1 -1 -1 17 -1 -1 -1 -1 -1 -1 -1 -1 -1 -1 -1 18 -1 -1 -1 -1 -1 -1 2 14 -1 -1 -1 -1 -1 -1 21 22 -1 15 -1 -1 -1 -1 -1 20 19 -1 -1 -1 -1 -1 -1 -1 -1 -1 -1 -1 -1 -1 
-1 -1 -1 -1 -1 -1 6 -1 10 -1 -1 -1 4 -1 -1 -1 -1 -1 -1 -1 -1 -1 -1 -1 -1 -1 -1 -1 -1 -1 -1 -1 -1 -1 -1 -1 -1 -1 -1 17 -1 -1 -1 -1 -1 -1 -1 -1 -1 -1 -1 18 -1 -1 -1 -1 -1 -1 2 14 -1 -1 -1 -1 -1 -1 21 22 -1 15 -1 -1 -1 -1 -1 -1 19 -1 -1 -1 -1 -1 -1 -1 20 -1 -1 -1 -1 -1 
-1 -1 -1 -1 -1 -1 10 -1 -1 -1 -1 -1 4 -1 -1 -1 -1 -1 -1 -1 -1 -1 -1 -1 -1 -1 -1 -1 -1 -1 -1 -1 -1 -1 -1 -1 -1 -1 -1 17 -1 -1 -1 -1 -1 -1 -1 -1 -1 -1 -1 18 -1 -1 -1 -1 -1 -1 2 14 -1 -1 -1 -1 -1 -1 21 22 -1 15 -1 -1 -1 -1 -1 -1 19 -1 -1 -1 -1 -1 -1 -1 20 -1 -1 -1 -1 -1 
-1 -1 -1 -1 -1 -1 10 -1 -1 -1 -1 -1 4 -1 -1 -1 -1 -1 -1 -1 -1 -1 -1 -1 -1 -1 -1 -1 -1 -1 -1 -1 -1 -1 -1 -1 -1 -1 -1 17 -1 -1 -1 -1 -1 -1 -1 -1 -1 -1 -1 -1 -1 -1 -1 -1 -1 -1 2 14 -1 -1 -1 -1 -1 -1 21 22 -1 15 -1 18 -1 -1 -1 -1 19 -1 -1 -1 -1 -1 -1 -1 20 -1 -1 -1 -1 -1 
-1 -1 -1 -1 10 -1 -1 -1 -1 -1 -1 -1 4 -1 -1 -1 -1 -1 -1 -1 -1 -1 -1 -1 -1 -1 -1 -1 -1 -1 -1 -1 -1 -1 -1 -1 -1 -1 -1 17 -1 -1 -1 -1 -1 -1 -1 -1 -1 -1 -1 -1 -1 -1 -1 -1 -1 -1 2 14 -1 -1 -1 -1 -1 -1 21 22 -1 15 -1 18 -1 -1 -1 -1 19 -1 -1 -1 -1 -1 -1 -1 20 -1 -1 -1 -1 -1 
-1 -1 -1 -1 10 -1 -1 -1 -1 -1 -1 -1 4 -1 -1 -1 -1 -1 -1 -1 -1 -1 -1 -1 -1 -1 -1 -1 -1 -1 -1 -1 -1 -1 -1 -1 -1 -1 -1 17 -1 -1 -1 -1 -1 -1 -1 -1 -1 -1 -1 -1 -1 -1 -1 -1 -1 -1 2 14 -1 -1 -1 -1 -1 -1 21 22 -1 15 -1 -1 -1 -1 -1 -1 19 -1 -1 -1 -1 -1 -1 -1 20 -1 -1 18 -1 -1 
-1 -1 -1 -1 10 -1 -1 -1 -1 -1 -1 -1 4 -1 -1 -1 -1 -1 -1 -1 -1 -1 -1 -1 -1 -1 -1 -1 -1 -1 -1 -1 -1 -1 -1 -1 -1 -1 -1 17 -1 -1 -1 -1 -1 -1 -1 -1 -1 -1 -1 -1 -1 -1 -1 -1 -1 -1 2 14 -1 -1 -1 -1 -1 -1 21 22 -1 -1 -1 -1 -1 -1 -1 -1 19 -1 15 -1 -1 -1 -1 -1 20 -1 -1 18 -1 -1 
-1 -1 -1 -1 10 -1 -1 -1 -1 -1 -1 -1 4 -1 -1 -1 -1 -1 -1 -1 -1 -1 -1 -1 -1 -1 -1 -1 -1 -1 -1 -1 -1 -1 -1 -1 -1 -1 -1 17 -1 -1 -1 -1 -1 -1 -1 -1 -1 -1 -1 -1 -1 -1 -1 -1 -1 -1 2 14 -1 -1 -1 -1 -1 -1 21 22 -1 -1 -1 -1 -1 -1 -1 -1 19 -1 15 -1 -1 -1 -1 -1 -1 20 -1 18 -1 -1 
-1 -1 -1 -1 10 -1 -1 -1 -1 -1 -1 -1 4 -1 -1 -1 -1 -1 -1 -1 -1 -1 -1 -1 -1 -1 -1 -1 -1 -1 -1 -1 -1 -1 -1 -1 -1 -1 -1 17 -1 -1 -1 -1 -1 -1 -1 -1 -1 -1 -1 -1 -1 -1 -1 -1 -1 -1 2 14 -1 -1 -1 -1 -1 -1 21 22 -1 -1 -1 -1 -1 -1 -1 -1 19 15 -1 -1 -1 -1 -1 -1 -1 20 -1 18 -1 -1 
-1 -1 -1 -1 10 -1 -1 -1 -1 -1 -1 -1 4 -1 -1 -1 -1 -1 -1 -1 -1 -1 -1 -1 -1 -1 -1 -1 -1 -1 -1 -1 -1 -1 -1 -1 -1 -1 -1 17 -1 -1 -1 -1 -1 -1 -1 -1 -1 -1 -1 -1 -1 -1 -1 -1 -1 -1 2 14 -1 -1 -1 -1 -1 -1 21 -1 -1 -1 -1 -1 -1 -1 -1 -1 19 15 -1 -1 -1 -1 -1 22 -1 20 -1 18 -1 -1 
-1 -1 -1 -1 10 -1 -1 -1 -1 -1 -1 -1 4 -1 -1 -1 -1 -1 -1 -1 -1 -1 -1 -1 -1 -1 -1 -1 -1 -1 -1 -1 -1 -1 -1 -1 -1 -1 -1 17 -1 -1 -1 -1 -1 -1 -1 -1 -1 -1 -1 -1 -1 -1 -1 -1 -1 -1 -1 14 -1 -1 -1 -1 -1 -1 21 -1 -1 -1 -1 -1 -1 -1 2 -1 19 15 -1 -1 -1 -1 -1 22 -1 20 -1 18 -1 -1 
-1 -1 -1 -1 10 -1 -1 -1 -1 -1 -1 -1 4 -1 -1 -1 -1 -1 -1 -1 -1 -1 -1 -1 -1 -1 -1 -1 -1 -1 -1 -1 -1 -1 -1 -1 -1 -1 -1 17 -1 -1 -1 -1 -1 -1 -1 -1 -1 -1 -1 -1 -1 -1 -1 -1 -1 -1 -1 14 -1 -1 -1 -1 -1 -1 21 22 -1 -1 -1 -1 -1 -1 2 -1 19 15 -1 -1 -1 -1 -1 -1 -1 20 -1 18 -1 -1 
-1 -1 -1 -1 10 -1 -1 -1 -1 -1 -1 -1 -1 4 -1 -1 -1 -1 -1 -1 -1 -1 -1 -1 -1 -1 -1 -1 -1 -1 -1 -1 -1 -1 -1 -1 -1 -1 -1 17 -1 -1 -1 -1 -1 -1 -1 -1 -1 -1 -1 -1 -1 -1 -1 -1 -1 -1 -1 14 -1 -1 -1 -1 -1 -1 21 22 -1 -1 -1 -1 -1 -1 2 -1 19 15 -1 -1 -1 -1 -1 -1 -1 20 -1 18 -1 -1 
-1 -1 -1 -1 10 -1 -1 -1 -1 -1 -1 -1 -1 4 -1 -1 -1 -1 -1 -1 -1 -1 -1 -1 -1 -1 -1 -1 -1 -1 -1 -1 17 -1 -1 -1 -1 -1 -1 -1 -1 -1 -1 -1 -1 -1 -1 -1 -1 -1 -1 -1 -1 -1 -1 -1 -1 -1 -1 14 -1 -1 -1 -1 -1 -1 21 22 -1 -1 -1 -1 -1 -1 2 -1 19 15 -1 -1 -1 -1 -1 -1 -1 20 -1 18 -1 -1 
-1 -1 -1 -1 10 -1 -1 -1 -1 -1 -1 -1 4 -1 -1 -1 -1 -1 -1 -1 -1 -1 -1 -1 -1 -1 -1 -1 -1 -1 -1 -1 17 -1 -1 -1 -1 -1 -1 -1 -1 -1 -1 -1 -1 -1 -1 -1 -1 -1 -1 -1 -1 -1 -1 -1 -1 -1 -1 14 -1 -1 -1 -1 -1 -1 21 22 -1 -1 -1 -1 -1 -1 2 -1 19 15 -1 -1 -1 -1 -1 -1 -1 20 -1 18 -1 -1 
-1 -1 -1 -1 10 -1 -1 -1 -1 -1 -1 -1 4 -1 -1 -1 -1 -1 -1 -1 -1 -1 -1 -1 -1 -1 -1 -1 -1 -1 -1 -1 -1 -1 -1 -1 -1 -1 -1 17 -1 -1 -1 -1 -1 -1 -1 -1 -1 -1 -1 -1 -1 -1 -1 -1 -1 -1 -1 14 -1 -1 -1 -1 -1 -1 21 22 -1 -1 -1 -1 -1 -1 2 -1 19 15 -1 -1 -1 -1 -1 -1 -1 20 -1 18 -1 -1 
-1 -1 -1 -1 10 -1 -1 -1 -1 -1 -1 -1 4 -1 -1 -1 -1 -1 -1 -1 -1 -1 -1 -1 -1 -1 -1 -1 -1 -1 -1 -1 -1 -1 -1 -1 -1 -1 -1 17 -1 -1 -1 -1 -1 -1 -1 -1 -1 -1 -1 -1 -1 -1 -1 -1 -1 -1 -1 14 -1 -1 -1 -1 -1 -1 21 22 -1 -1 -1 -1 -1 -1 2 -1 19 15 -1 -1 -1 -1 -1 -1 -1 20 -1 18 -1 -1 
-1 -1 -1 -1 10 -1 -1 -1 -1 -1 -1 -1 4 -1 -1 -1 -1 -1 -1 -1 -1 -1 -1 -1 -1 -1 -1 -1 -1 -1 -1 -1 -1 -1 -1 -1 -1 -1 -1 17 -1 -1 -1 -1 -1 -1 -1 -1 -1 -1 -1 -1 -1 -1 -1 -1 -1 -1 -1 14 -1 -1 -1 -1 -1 -1 21 -1 -1 -1 -1 -1 -1 -1 2 -1 19 15 -1 -1 -1 -1 -1 22 -1 20 -1 18 -1 -1 
10 -1 -1 -1 -1 -1 -1 -1 -1 -1 -1 -1 4 -1 -1 -1 -1 -1 -1 -1 -1 -1 -1 -1 -1 -1 -1 -1 -1 -1 -1 -1 -1 -1 -1 -1 -1 -1 -1 17 -1 -1 -1 -1 -1 -1 -1 -1 -1 -1 -1 -1 -1 -1 -1 -1 -1 -1 -1 14 -1 -1 -1 -1 -1 -1 21 -1 -1 -1 -1 -1 -1 -1 2 -1 19 15 -1 -1 -1 -1 -1 22 -1 20 -1 18 -1 -1 
10 -1 -1 -1 -1 -1 -1 -1 -1 -1 -1 -1 4 -1 -1 -1 -1 -1 -1 -1 -1 -1 -1 -1 -1 -1 -1 -1 -1 -1 -1 -1 -1 -1 -1 -1 -1 -1 -1 17 -1 -1 -1 -1 -1 -1 -1 -1 -1 -1 -1 -1 -1 -1 -1 -1 -1 -1 -1 14 -1 -1 -1 -1 -1 -1 21 -1 -1 -1 -1 18 -1 -1 2 -1 19 15 -1 -1 -1 -1 -1 22 -1 20 -1 -1 -1 -1 
-1 -1 -1 -1 -1 -1 -1 -1 -1 -1 -1 -1 4 -1 -1 -1 -1 -1 -1 -1 -1 -1 -1 -1 -1 -1 -1 -1 -1 -1 -1 -1 -1 -1 -1 -1 10 -1 -1 17 -1 -1 -1 -1 -1 -1 -1 -1 -1 -1 -1 -1 -1 -1 -1 -1 -1 -1 -1 14 -1 -1 -1 -1 -1 -1 21 -1 -1 -1 -1 18 -1 -1 2 -1 19 15 -1 -1 -1 -1 -1 22 -1 20 -1 -1 -1 -1 
-1 -1 -1 -1 -1 -1 -1 -1 -1 -1 -1 -1 4 -1 -1 -1 -1 -1 -1 -1 -1 -1 -1 -1 -1 -1 -1 -1 -1 -1 -1 -1 17 -1 -1 -1 10 -1 -1 -1 -1 -1 -1 -1 -1 -1 -1 -1 -1 -1 -1 -1 -1 -1 -1 -1 -1 -1 -1 14 -1 -1 -1 -1 -1 -1 21 -1 -1 -1 -1 18 -1 -1 2 -1 19 15 -1 -1 -1 -1 -1 22 -1 20 -1 -1 -1 -1 
-1 -1 -1 -1 -1 -1 -1 -1 -1 -1 -1 -1 4 -1 -1 -1 -1 -1 -1 -1 -1 -1 -1 -1 -1 -1 -1 -1 -1 -1 -1 -1 17 -1 -1 -1 -1 10 -1 -1 -1 -1 -1 -1 -1 -1 -1 -1 -1 -1 -1 -1 -1 -1 -1 -1 -1 -1 -1 14 -1 -1 -1 -1 -1 -1 21 -1 -1 -1 -1 18 -1 -1 2 -1 19 15 -1 -1 -1 -1 -1 22 -1 20 -1 -1 -1 -1 
-1 -1 -1 -1 -1 -1 -1 -1 -1 -1 -1 -1 4 -1 -1 -1 -1 -1 -1 -1 -1 -1 -1 -1 -1 -1 -1 -1 -1 -1 -1 -1 -1 -1 -1 -1 -1 10 -1 -1 -1 -1 -1 -1 -1 -1 -1 -1 -1 -1 -1 17 -1 -1 -1 -1 -1 -1 -1 14 -1 -1 -1 -1 -1 -1 21 -1 -1 -1 -1 18 -1 -1 2 -1 19 15 -1 -1 -1 -1 -1 22 -1 20 -1 -1 -1 -1 
-1 -1 -1 -1 -1 -1 -1 -1 -1 -1 -1 -1 4 -1 -1 -1 -1 -1 -1 -1 -1 -1 -1 -1 -1 -1 -1 -1 -1 -1 -1 -1 -1 -1 -1 -1 -1 -1 -1 -1 -1 -1 -1 -1 -1 -1 -1 -1 -1 -1 -1 17 -1 -1 -1 -1 -1 -1 -1 14 -1 -1 -1 -1 10 -1 21 -1 -1 -1 -1 18 -1 -1 2 -1 19 15 -1 -1 -1 -1 -1 22 -1 20 -1 -1 -1 -1 
-1 -1 -1 -1 -1 -1 -1 -1 -1 -1 -1 -1 4 -1 -1 -1 -1 -1 -1 -1 -1 -1 -1 -1 -1 -1 -1 -1 -1 -1 -1 -1 -1 -1 -1 -1 -1 -1 -1 -1 -1 -1 -1 -1 -1 -1 -1 -1 -1 -1 -1 17 -1 -1 -1 -1 -1 -1 -1 14 -1 -1 -1 -1 10 -1 21 -1 -1 -1 -1 -1 -1 -1 2 -1 19 15 -1 -1 -1 -1 -1 22 -1 20 -1 18 -1 -1 
-1 -1 -1 -1 -1 -1 6 -1 -1 -1 -1 -1 4 -1 -1 -1 -1 -1 -1 -1 -1 -1 -1 -1 -1 -1 -1 -1 -1 -1 -1 -1 -1 -1 -1 -1 -1 -1 -1 -1 -1 -1 -1 -1 -1 -1 -1 -1 -1 -1 -1 17 -1 -1 -1 -1 -1 -1 -1 14 -1 -1 -1 -1 10 -1 21 -1 -1 -1 -1 -1 -1 -1 2 -1 19 15 -1 -1 -1 -1 -1 22 -1 20 -1 18 -1 -1 
-1 -1 -1 -1 -1 -1 6 -1 -1 -1 -1 -1 4 -1 -1 -1 -1 -1 -1 -1 -1 -1 -1 -1 -1 -1 -1 -1 -1 -1 -1 -1 -1 -1 -1 -1 -1 -1 -1 -1 -1 -1 -1 -1 -1 -1 -1 -1 -1 -1 -1 17 -1 -1 -1 -1 -1 -1 -1 14 -1 -1 -1 22 10 -1 21 -1 -1 -1 -1 -1 -1 -1 2 -1 19 15 -1 -1 -1 -1 -1 -1 -1 20 -1 18 -1 -1 
-1 -1 -1 -1 -1 -1 6 -1 -1 -1 -1 -1 -1 4 -1 -1 -1 -1 -1 -1 -1 -1 -1 -1 -1 -1 -1 -1 -1 -1 -1 -1 -1 -1 -1 -1 -1 -1 -1 -1 -1 -1 -1 -1 -1 -1 -1 -1 -1 -1 -1 17 -1 -1 -1 -1 -1 -1 -1 14 -1 -1 -1 22 10 -1 21 -1 -1 -1 -1 -1 -1 -1 2 -1 19 15 -1 -1 -1 -1 -1 -1 -1 20 -1 18 -1 -1 
-1 -1 -1 -1 -1 -1 6 -1 -1 -1 -1 -1 -1 4 -1 -1 -1 -1 -1 -1 -1 -1 -1 -1 -1 -1 -1 -1 -1 -1 -1 -1 -1 -1 -1 -1 -1 -1 -1 -1 -1 -1 -1 -1 -1 -1 -1 22 -1 -1 -1 17 -1 -1 -1 -1 -1 -1 -1 14 -1 -1 -1 -1 10 -1 21 -1 -1 -1 -1 -1 -1 -1 2 -1 19 15 -1 -1 -1 -1 -1 -1 -1 20 -1 18 -1 -1 
