0 1 2 3 4 5 6 7 8 -1 -1 -1 -1 -1 -1 -1 -1 -1 -1 9 -1 -1 -1 -1 -1 10 -1 11 -1 12 -1 28 -1 14 -1 15 -1 -1 -1 -1 -1 -1 -1 -1 -1 -1 -1 30 -1 -1 -1 -1 -1 -1 -1 -1 -1 -1 29 -1 -1 -1 27 -1 26 -1 -1 -1 -1 -1 25 -1 -1 -1 -1 -1 -1 -1 -1 -1 -1 24 23 22 21 20 19 18 17 16 
0 1 2 3 4 5 6 7 8 -1 -1 -1 -1 -1 -1 -1 -1 -1 -1 -1 9 -1 -1 -1 -1 10 -1 11 -1 12 -1 28 -1 14 -1 15 -1 -1 -1 -1 -1 -1 -1 -1 -1 -1 -1 30 -1 -1 -1 -1 -1 -1 -1 -1 -1 -1 29 -1 -1 -1 27 -1 26 -1 -1 -1 -1 -1 25 -1 -1 -1 -1 -1 -1 -1 -1 -1 -1 24 23 22 21 20 19 18 17 16 
0 1 2 3 4 5 6 7 8 -1 -1 -1 -1 -1 -1 -1 -1 -1 -1 -1 9 -1 -1 -1 -1 10 -1 11 -1 12 -1 28 -1 14 -1 15 -1 -1 -1 -1 -1 -1 -1 -1 -1 -1 -1 30 -1 -1 -1 -1 -1 -1 -1 -1 -1 -1 29 -1 -1 -1 27 -1 26 -1 -1 25 -1 -1 -1 -1 -1 -1 -1 -1 -1 -1 -1 -1 -1 24 23 22 21 20 19 18 17 16 
0 1 -1 3 4 5 6 7 8 -1 -1 -1 -1 -1 -1 -1 -1 -1 -1 -1 9 -1 2 -1 -1 10 -1 11 -1 12 -1 28 -1 14 -1 15 -1 -1 -1 -1 -1 -1 -1 -1 -1 -1 -1 30 -1 -1 -1 -1 -1 -1 -1 -1 -1 -1 29 -1 -1 -1 27 -1 26 -1 -1 25 -1 -1 -1 -1 -1 -1 -1 -1 -1 -1 -1 -1 -1 24 23 22 21 20 19 18 17 16 
0 1 -1 3 4 5 6 7 8 -1 -1 -1 -1 -1 -1 -1 -1 -1 -1 -1 9 -1 2 -1 -1 10 -1 11 -1 12 -1 28 -1 14 -1 15 -1 -1 -1 -1 -1 -1 -1 -1 -1 -1 -1 30 -1 -1 -1 -1 -1 -1 -1 -1 -1 -1 29 -1 -1 -1 27 -1 26 -1 -1 25 -1 17 -1 -1 -1 -1 -1 -1 -1 -1 -1 -1 -1 24 23 22 21 20 19 18 -1 16 
0 1 -1 3 4 5 6 7 -1 -1 -1 -1 -1 -1 -1 -1 -1 8 -1 -1 9 -1 2 -1 -1 10 -1 11 -1 12 -1 28 -1 14 -1 15 -1 -1 -1 -1 -1 -1 -1 -1 -1 -1 -1 30 -1 -1 -1 -1 -1 -1 -1 -1 -1 -1 29 -1 -1 -1 27 -1 26 -1 -1 25 -1 17 -1 -1 -1 -1 -1 -1 -1 -1 -1 -1 -1 24 23 22 21 20 19 18 -1 16 
0 1 -1 3 4 5 6 7 -1 -1 -1 -1 -1 -1 -1 -1 -1 8 -1 -1 9 -1 2 -1 -1 10 -1 11 -1 12 -1 28 -1 14 -1 15 -1 -1 -1 -1 -1 -1 -1 -1 -1 -1 -1 30 -1 -1 -1 -1 -1 -1 -1 -1 -1 -1 29 -1 -1 -1 27 -1 26 -1 -1 25 -1 17 -1 -1 -1 -1 -1 -1 -1 -1 -1 -1 -1 24 23 22 21 20 19 18 16 -1 
0 1 -1 3 4 5 6 7 -1 -1 8 -1 -1 -1 -1 -1 -1 -1 -1 -1 9 -1 2 -1 -1 10 -1 11 -1 12 -1 28 -1 14 -1 15 -1 -1 -1 -1 -1 -1 -1 -1 -1 -1 -1 30 -1 -1 -1 -1 -1 -1 -1 -1 -1 -1 29 -1 -1 -1 27 -1 26 -1 -1 25 -1 17 -1 -1 -1 -1 -1 -1 -1 -1 -1 -1 -1 24 23 22 21 20 19 18 16 -1 
0 1 -1 3 4 5 6 7 -1 -1 8 -1 -1 -1 -1 -1 -1 -1 -1 -1 9 -1 2 -1 -1 10 -1 11 -1 12 -1 28 -1 14 -1 15 -1 -1 -1 -1 -1 -1 -1 -1 -1 -1 -1 30 -1 -1 -1 -1 -1 -1 -1 -1 -1 -1 29 -1 -1 -1 27 -1 26 23 -1 25 -1 17 -1 -1 -1 -1 -1 -1 -1 -1 -1 -1 -1 24 -1 22 21 20 19 18 16 -1 
0 -1 -1 3 4 5 6 7 -1 -1 8 -1 1 -1 -1 -1 -1 -1 -1 -1 9 -1 2 -1 -1 10 -1 11 -1 12 -1 28 -1 14 -1 15 -1 -1 -1 -1 -1 -1 -1 -1 -1 -1 -1 30 -1 -1 -1 -1 -1 -1 -1 -1 -1 -1 29 -1 -1 -1 27 -1 26 23 -1 25 -1 17 -1 -1 -1 -1 -1 -1 -1 -1 -1 -1 -1 24 -1 22 21 20 19 18 16 -1 
0 -1 -1 3 4 5 6 7 -1 -1 8 -1 1 -1 -1 -1 -1 -1 -1 -1 9 -1 2 -1 -1 10 -1 11 -1 12 -1 28 -1 14 -1 15 -1 -1 -1 -1 -1 -1 -1 -1 -1 -1 -1 30 -1 -1 -1 -1 -1 -1 -1 -1 -1 -1 29 -1 -1 -1 27 26 -1 23 -1 25 -1 17 -1 -1 -1 -1 -1 -1 -1 -1 -1 -1 -1 24 -1 22 21 20 19 18 16 -1 
0 -1 -1 3 4 5 6 -1 -1 -1 8 -1 1 -1 -1 -1 -1 -1 -1 -1 9 -1 2 -1 -1 10 7 11 -1 12 -1 28 -1 14 -1 15 -1 -1 -1 -1 -1 -1 -1 -1 -1 -1 -1 30 -1 -1 -1 -1 -1 -1 -1 -1 -1 -1 29 -1 -1 -1 27 26 -1 23 -1 25 -1 17 -1 -1 -1 -1 -1 -1 -1 -1 -1 -1 -1 24 -1 22 21 20 19 18 16 -1 
0 -1 -1 3 4 5 6 -1 -1 -1 8 -1 1 -1 -1 -1 -1 -1 -1 -1 9 -1 2 -1 -1 10 7 11 -1 12 -1 28 -1 14 -1 15 -1 -1 -1 -1 -1 -1 -1 -1 -1 -1 -1 30 23 -1 -1 -1 -1 -1 -1 -1 -1 -1 29 -1 -1 -1 27 26 -1 -1 -1 25 -1 17 -1 -1 -1 -1 -1 -1 -1 -1 -1 -1 -1 24 -1 22 21 20 19 18 16 -1 
0 -1 -1 3 4 5 6 -1 -1 -1 -1 -1 1 -1 -1 -1 -1 -1 -1 -1 9 -1 2 -1 -1 10 7 11 -1 12 -1 28 -1 14 -1 15 -1 -1 -1 -1 -1 -1 -1 -1 -1 -1 -1 30 23 -1 -1 -1 -1 -1 -1 -1 -1 -1 29 -1 -1 -1 27 26 8 -1 -1 25 -1 17 -1 -1 -1 -1 -1 -1 -1 -1 -1 -1 -1 24 -1 22 21 20 19 18 16 -1 
0 -1 -1 3 4 5 6 -1 -1 -1 -1 -1 1 -1 -1 -1 -1 -1 -1 -1 9 -1 2 -1 -1 10 7 11 -1 12 -1 28 -1 14 -1 15 -1 -1 -1 -1 -1 -1 -1 -1 -1 -1 -1 30 23 -1 -1 -1 -1 -1 -1 -1 -1 -1 29 -1 -1 -1 27 26 8 -1 -1 25 -1 17 -1 -1 -1 -1 -1 -1 21 -1 -1 -1 -1 24 -1 22 -1 20 19 18 16 -1 
0 -1 -1 -1 4 5 6 -1 -1 -1 -1 -1 1 3 -1 -1 -1 -1 -1 -1 9 -1 2 -1 -1 10 7 11 -1 12 -1 28 -1 14 -1 15 -1 -1 -1 -1 -1 -1 -1 -1 -1 -1 -1 30 23 -1 -1 -1 -1 -1 -1 -1 -1 -1 29 -1 -1 -1 27 26 8 -1 -1 25 -1 17 -1 -1 -1 -1 -1 -1 21 -1 -1 -1 -1 24 -1 22 -1 20 19 18 16 -1 
0 -1 -1 -1 4 5 6 -1 -1 -1 -1 -1 1 3 -1 -1 -1 -1 -1 -1 9 -1 2 -1 -1 10 7 11 -1 12 -1 28 -1 14 -1 15 -1 -1 -1 -1 -1 -1 -1 -1 -1 -1 -1 30 23 -1 -1 -1 -1 -1 -1 -1 -1 -1 29 -1 -1 -1 27 26 8 -1 25 -1 -1 17 -1 -1 -1 -1 -1 -1 21 -1 -1 -1 -1 24 -1 22 -1 20 19 18 16 -1 
0 -1 -1 -1 4 5 6 -1 -1 -1 -1 -1 -1 3 -1 -1 -1 -1 -1 1 9 -1 2 -1 -1 10 7 11 -1 12 -1 28 -1 14 -1 15 -1 -1 -1 -1 -1 -1 -1 -1 -1 -1 -1 30 23 -1 -1 -1 -1 -1 -1 -1 -1 -1 29 -1 -1 -1 27 26 8 -1 25 -1 -1 17 -1 -1 -1 -1 -1 -1 21 -1 -1 -1 -1 24 -1 22 -1 20 19 18 16 -1 
0 -1 -1 -1 4 5 6 -1 -1 -1 -1 -1 -1 3 -1 -1 -1 -1 -1 1 9 -1 2 -1 -1 10 7 11 -1 23 -1 28 -1 14 -1 15 -1 -1 -1 -1 -1 -1 -1 -1 -1 -1 -1 30 -1 -1 -1 -1 -1 -1 -1 -1 -1 -1 29 -1 -1 -1 27 26 8 -1 25 -1 -1 17 -1 -1 -1 -1 -1 -1 21 -1 -1 -1 -1 24 -1 22 -1 20 19 18 16 -1 
-1 -1 -1 0 4 5 6 -1 -1 -1 -1 -1 -1 3 -1 -1 -1 -1 -1 1 9 -1 2 -1 -1 10 7 11 -1 23 -1 28 -1 14 -1 15 -1 -1 -1 -1 -1 -1 -1 -1 -1 -1 -1 30 -1 -1 -1 -1 -1 -1 -1 -1 -1 -1 29 -1 -1 -1 27 26 8 -1 25 -1 -1 17 -1 -1 -1 -1 -1 -1 21 -1 -1 -1 -1 24 -1 22 -1 20 19 18 16 -1 
-1 -1 -1 0 4 5 6 -1 -1 -1 -1 -1 -1 3 -1 -1 -1 -1 -1 1 9 -1 2 -1 -1 10 7 11 -1 23 -1 28 -1 14 -1 15 -1 -1 -1 -1 -1 -1 -1 -1 -1 -1 -1 30 -1 -1 -1 -1 16 -1 -1 -1 -1 -1 29 -1 -1 -1 27 26 8 -1 25 -1 -1 17 -1 -1 -1 -1 -1 -1 21 -1 -1 -1 -1 24 -1 22 -1 20 19 18 -1 -1 
-1 -1 -1 -1 4 5 6 -1 -1 -1 -1 -1 -1 3 -1 -1 -1 -1 -1 1 9 -1 2 -1 -1 10 7 11 -1 23 -1 28 -1 14 -1 15 -1 -1 -1 -1 -1 -1 -1 -1 -1 -1 -1 30 -1 -1 -1 -1 16 -1 -1 -1 -1 0 29 -1 -1 -1 27 26 8 -1 25 -1 -1 17 -1 -1 -1 -1 -1 -1 21 -1 -1 -1 -1 24 -1 22 -1 20 19 18 -1 -1 
-1 -1 -1 -1 4 5 6 -1 -1 -1 -1 -1 -1 3 -1 -1 -1 -1 -1 1 9 -1 2 -1 -1 10 7 11 -1 23 -1 28 -1 14 -1 15 -1 -1 -1 -1 -1 -1 -1 -1 -1 -1 -1 30 -1 -1 -1 -1 16 -1 -1 -1 -1 0 29 -1 -1 -1 27 26 8 -1 -1 -1 25 17 -1 -1 -1 -1 -1 -1 21 -1 -1 -1 -1 24 -1 22 -1 20 19 18 -1 -1 
-1 -1 -1 -1 4 5 6 -1 -1 -1 -1 -1 -1 3 -1 -1 -1 -1 -1 1 9 -1 2 -1 -1 10 7 11 -1 23 -1 28 -1 14 -1 -1 -1 -1 -1 -1 -1 -1 -1 -1 15 -1 -1 30 -1 -1 -1 -1 16 -1 -1 -1 -1 0 29 -1 -1 -1 27 26 8 -1 -1 -1 25 17 -1 -1 -1 -1 -1 -1 21 -1 -1 -1 -1 24 -1 22 -1 20 19 18 -1 -1 
-1 -1 -1 -1 4 5 6 -1 -1 -1 -1 -1 -1 3 -1 -1 -1 -1 -1 1 9 -1 2 -1 -1 10 7 11 -1 23 -1 28 -1 14 -1 -1 -1 -1 -1 -1 -1 -1 -1 -1 15 -1 -1 30 16 -1 -1 -1 -1 -1 -1 -1 -1 0 29 -1 -1 -1 27 26 8 -1 -1 -1 25 17 -1 -1 -1 -1 -1 -1 21 -1 -1 -1 -1 24 -1 22 -1 20 19 18 -1 -1 
-1 -1 -1 -1 4 5 6 -1 -1 -1 -1 -1 -1 3 -1 -1 -1 -1 -1 1 9 -1 2 -1 -1 10 7 11 -1 23 -1 28 -1 14 -1 -1 -1 -1 -1 -1 -1 -1 -1 -1 15 -1 -1 30 0 -1 -1 -1 -1 -1 -1 -1 -1 -1 29 -1 -1 -1 27 26 8 -1 -1 -1 25 17 -1 -1 -1 -1 -1 -1 21 -1 -1 -1 -1 24 -1 22 -1 20 19 18 -1 -1 
-1 -1 -1 -1 4 5 6 -1 -1 -1 -1 -1 -1 3 -1 -1 -1 -1 -1 1 9 -1 2 -1 -1 10 7 11 -1 -1 -1 28 -1 14 -1 -1 -1 -1 -1 -1 -1 -1 -1 -1 15 -1 -1 30 23 -1 -1 -1 -1 -1 -1 -1 -1 -1 29 -1 -1 -1 27 26 8 -1 -1 -1 25 17 -1 -1 -1 -1 -1 -1 21 -1 -1 -1 -1 24 -1 22 -1 20 19 18 -1 -1 
-1 -1 -1 -1 4 5 6 -1 -1 -1 -1 -1 -1 3 -1 -1 -1 -1 -1 1 9 -1 2 -1 -1 10 7 11 -1 -1 -1 28 -1 -1 -1 -1 -1 -1 -1 -1 -1 -1 14 -1 15 -1 -1 30 23 -1 -1 -1 -1 -1 -1 -1 -1 -1 29 -1 -1 -1 27 26 8 -1 -1 -1 25 17 -1 -1 -1 -1 -1 -1 21 -1 -1 -1 -1 24 -1 22 -1 20 19 18 -1 -1 
-1 -1 -1 -1 4 5 6 -1 -1 -1 -1 -1 -1 3 -1 -1 -1 -1 -1 1 9 -1 2 -1 -1 10 7 11 -1 -1 -1 28 -1 -1 -1 -1 -1 -1 -1 -1 -1 -1 14 -1 15 -1 -1 30 23 -1 -1 -1 -1 -1 -1 -1 -1 -1 29 -1 -1 -1 27 26 8 -1 -1 22 25 17 -1 -1 -1 -1 -1 -1 21 -1 -1 -1 -1 24 -1 -1 -1 20 19 18 -1 -1 
-1 -1 -1 -1 4 5 6 -1 -1 -1 -1 -1 -1 3 -1 -1 -1 -1 -1 1 9 -1 2 -1 -1 10 7 11 8 -1 -1 28 -1 -1 -1 -1 -1 -1 -1 -1 -1 -1 14 -1 15 -1 -1 30 23 -1 -1 -1 -1 -1 -1 -1 -1 -1 29 -1 -1 -1 27 26 -1 -1 -1 22 25 17 -1 -1 -1 -1 -1 -1 21 -1 -1 -1 -1 24 -1 -1 -1 20 19 18 -1 -1 
-1 -1 -1 -1 4 5 6 -1 -1 -1 -1 -1 -1 3 -1 -1 -1 -1 -1 1 9 -1 2 -1 -1 10 7 11 8 -1 -1 28 25 -1 -1 -1 -1 -1 -1 -1 -1 -1 14 -1 15 -1 -1 30 23 -1 -1 -1 -1 -1 -1 -1 -1 -1 29 -1 -1 -1 27 26 -1 -1 -1 22 -1 17 -1 -1 -1 -1 -1 -1 21 -1 -1 -1 -1 24 -1 -1 -1 20 19 18 -1 -1 
-1 -1 -1 -1 4 5 6 -1 -1 -1 -1 -1 -1 3 -1 -1 -1 -1 -1 1 9 -1 2 -1 -1 10 7 11 8 -1 -1 -1 25 -1 -1 -1 -1 -1 -1 -1 13 -1 14 -1 15 -1 -1 30 23 -1 -1 -1 -1 -1 -1 -1 -1 -1 29 -1 -1 -1 27 26 -1 -1 -1 22 -1 17 -1 -1 -1 -1 -1 -1 21 -1 -1 -1 -1 24 -1 -1 -1 20 19 18 -1 -1 
-1 -1 -1 -1 4 5 6 -1 -1 -1 -1 -1 -1 3 -1 -1 -1 -1 -1 1 9 -1 2 -1 -1 10 7 25 8 -1 -1 -1 -1 -1 -1 -1 -1 -1 -1 -1 13 -1 14 -1 15 -1 -1 30 23 -1 -1 -1 -1 -1 -1 -1 -1 -1 29 -1 -1 -1 27 26 -1 -1 -1 22 -1 17 -1 -1 -1 -1 -1 -1 21 -1 -1 -1 -1 24 -1 -1 -1 20 19 18 -1 -1 
-1 -1 -1 -1 4 5 6 -1 -1 -1 -1 -1 -1 3 -1 -1 -1 -1 -1 1 9 -1 2 -1 10 -1 7 25 8 -1 -1 -1 -1 -1 -1 -1 -1 -1 -1 -1 13 -1 14 -1 15 -1 -1 30 23 -1 -1 -1 -1 -1 -1 -1 -1 -1 29 -1 -1 -1 27 26 -1 -1 -1 22 -1 17 -1 -1 -1 -1 -1 -1 21 -1 -1 -1 -1 24 -1 -1 -1 20 19 18 -1 -1 
-1 -1 -1 -1 4 5 6 -1 -1 25 -1 -1 -1 3 -1 -1 -1 -1 -1 1 9 -1 2 -1 10 -1 7 -1 8 -1 -1 -1 -1 -1 -1 -1 -1 -1 -1 -1 13 -1 14 -1 15 -1 -1 30 23 -1 -1 -1 -1 -1 -1 -1 -1 -1 29 -1 -1 -1 27 26 -1 -1 -1 22 -1 17 -1 -1 -1 -1 -1 -1 21 -1 -1 -1 -1 24 -1 -1 -1 20 19 18 -1 -1 
-1 -1 -1 -1 4 5 6 -1 -1 25 -1 -1 -1 3 -1 -1 -1 -1 -1 1 -1 9 2 -1 10 -1 7 -1 8 -1 -1 -1 -1 -1 -1 -1 -1 -1 -1 -1 13 -1 14 -1 15 -1 -1 30 23 -1 -1 -1 -1 -1 -1 -1 -1 -1 29 -1 -1 -1 27 26 -1 -1 -1 22 -1 17 -1 -1 -1 -1 -1 -1 21 -1 -1 -1 -1 24 -1 -1 -1 20 19 18 -1 -1 
-1 -1 -1 -1 4 5 6 -1 -1 25 -1 -1 -1 3 -1 -1 -1 -1 -1 1 -1 9 2 -1 10 -1 7 -1 8 -1 -1 -1 -1 -1 -1 -1 -1 -1 -1 -1 13 -1 14 -1 15 -1 -1 30 23 -1 -1 -1 -1 -1 -1 -1 -1 -1 29 -1 -1 -1 27 26 -1 -1 -1 22 -1 17 -1 -1 -1 -1 -1 -1 21 -1 -1 -1 -1 -1 -1 24 -1 20 19 18 -1 -1 
-1 -1 -1 -1 4 5 6 -1 -1 25 -1 -1 -1 3 -1 -1 -1 -1 -1 1 -1 9 2 -1 10 -1 7 -1 -1 -1 -1 -1 -1 -1 -1 -1 -1 -1 -1 -1 13 -1 14 -1 15 -1 -1 30 23 -1 -1 -1 -1 -1 -1 8 -1 -1 29 -1 -1 -1 27 26 -1 -1 -1 22 -1 17 -1 -1 -1 -1 -1 -1 21 -1 -1 -1 -1 -1 -1 24 -1 20 19 18 -1 -1 
-1 -1 -1 -1 4 5 6 -1 -1 25 -1 -1 -1 3 -1 -1 -1 -1 -1 1 -1 9 2 -1 10 -1 7 -1 -1 -1 -1 -1 -1 -1 -1 -1 -1 -1 -1 -1 13 -1 14 -1 15 31 -1 30 23 -1 -1 -1 -1 -1 -1 8 -1 -1 29 -1 -1 -1 27 26 -1 -1 -1 22 -1 17 -1 -1 -1 -1 -1 -1 21 -1 -1 -1 -1 -1 -1 24 -1 20 19 18 -1 -1 
-1 -1 -1 -1 4 5 6 -1 -1 25 -1 -1 -1 3 -1 -1 -1 -1 -1 1 -1 9 2 -1 10 -1 7 -1 -1 -1 -1 -1 -1 -1 -1 -1 -1 -1 -1 -1 13 -1 14 -1 15 31 8 30 23 -1 -1 -1 -1 -1 -1 -1 -1 -1 29 -1 -1 -1 27 26 -1 -1 -1 22 -1 17 -1 -1 -1 -1 -1 -1 21 -1 -1 -1 -1 -1 -1 24 -1 20 19 18 -1 -1 
-1 -1 -1 -1 4 5 6 -1 -1 25 -1 -1 -1 3 -1 -1 -1 -1 -1 1 -1 9 2 -1 10 -1 7 -1 -1 -1 -1 -1 -1 -1 -1 -1 -1 -1 -1 -1 13 -1 14 -1 15 31 8 30 23 -1 -1 -1 -1 -1 -1 -1 -1 -1 29 -1 -1 -1 27 -1 -1 26 -1 22 -1 17 -1 -1 -1 -1 -1 -1 21 -1 -1 -1 -1 -1 -1 24 -1 20 19 18 -1 -1 
-1 -1 -1 -1 4 5 6 -1 -1 25 -1 -1 -1 3 -1 -1 -1 -1 -1 1 -1 9 2 -1 -1 -1 7 -1 -1 -1 -1 -1 -1 -1 -1 -1 -1 -1 -1 -1 13 -1 14 -1 15 31 8 30 23 -1 -1 -1 -1 -1 -1 -1 -1 -1 29 -1 10 -1 27 -1 -1 26 -1 22 -1 17 -1 -1 -1 -1 -1 -1 21 -1 -1 -1 -1 -1 -1 24 -1 20 19 18 -1 -1 
-1 -1 -1 -1 4 5 6 -1 -1 25 -1 -1 -1 3 -1 -1 -1 -1 -1 1 -1 9 2 -1 -1 -1 7 -1 -1 -1 -1 -1 -1 -1 -1 -1 -1 -1 -1 -1 13 -1 14 -1 15 31 8 30 23 -1 -1 -1 -1 -1 -1 -1 -1 -1 29 -1 10 -1 27 -1 -1 26 -1 22 -1 17 -1 18 -1 -1 -1 -1 21 -1 -1 -1 -1 -1 -1 24 -1 20 19 -1 -1 -1 
-1 -1 -1 -1 4 5 6 -1 -1 25 -1 -1 -1 3 -1 -1 -1 -1 -1 1 -1 -1 2 -1 -1 -1 7 -1 -1 -1 -1 -1 -1 -1 -1 -1 -1 -1 -1 9 13 -1 14 -1 15 31 8 30 23 -1 -1 -1 -1 -1 -1 -1 -1 -1 29 -1 10 -1 27 -1 -1 26 -1 22 -1 17 -1 18 -1 -1 -1 -1 21 -1 -1 -1 -1 -1 -1 24 -1 20 19 -1 -1 -1 
-1 -1 -1 -1 4 5 6 -1 -1 25 -1 -1 -1 3 -1 -1 -1 -1 -1 1 -1 -1 2 -1 -1 -1 7 -1 -1 -1 -1 -1 -1 -1 -1 -1 -1 -1 -1 9 13 -1 14 -1 15 31 8 30 23 -1 -1 -1 -1 -1 -1 -1 -1 -1 29 -1 10 -1 27 -1 -1 26 -1 22 -1 17 -1 18 -1 -1 -1 -1 21 -1 -1 -1 -1 24 -1 -1 -1 20 19 -1 -1 -1 
-1 -1 -1 -1 4 5 6 -1 -1 25 -1 -1 -1 3 -1 -1 -1 -1 -1 1 -1 -1 2 -1 -1 -1 7 -1 -1 -1 -1 -1 -1 -1 -1 -1 -1 -1 -1 9 13 -1 14 -1 15 31 -1 30 23 -1 -1 -1 -1 -1 -1 -1 -1 -1 29 -1 10 -1 27 -1 8 26 -1 22 -1 17 -1 18 -1 -1 -1 -1 21 -1 -1 -1 -1 24 -1 -1 -1 20 19 -1 -1 -1 
-1 -1 -1 -1 4 5 6 -1 -1 25 -1 -1 -1 3 -1 -1 -1 -1 -1 1 -1 -1 2 -1 -1 -1 7 -1 -1 -1 -1 -1 -1 -1 -1 -1 31 -1 -1 9 13 -1 14 -1 15 -1 -1 30 23 -1 -1 -1 -1 -1 -1 -1 -1 -1 29 -1 10 -1 27 -1 8 26 -1 22 -1 17 -1 18 -1 -1 -1 -1 21 -1 -1 -1 -1 24 -1 -1 -1 20 19 -1 -1 -1 
-1 -1 -1 9 4 5 6 -1 -1 25 -1 -1 -1 3 -1 -1 -1 -1 -1 1 -1 -1 2 -1 -1 -1 7 -1 -1 -1 -1 -1 -1 -1 -1 -1 31 -1 -1 -1 13 -1 14 -1 15 -1 -1 30 23 -1 -1 -1 -1 -1 -1 -1 -1 -1 29 -1 10 -1 27 -1 8 26 -1 22 -1 17 -1 18 -1 -1 -1 -1 21 -1 -1 -1 -1 24 -1 -1 -1 20 19 -1 -1 -1 
-1 -1 -1 9 4 5 6 -1 -1 25 -1 -1 -1 3 -1 -1 -1 -1 -1 1 -1 -1 2 -1 -1 -1 7 -1 -1 -1 -1 -1 -1 -1 -1 -1 31 -1 -1 -1 13 -1 14 -1 15 -1 -1 30 23 -1 -1 -1 -1 -1 -1 -1 -1 -1 29 -1 10 -1 27 24 8 26 -1 22 -1 17 -1 18 -1 -1 -1 -1 21 -1 -1 -1 -1 -1 -1 -1 -1 20 19 -1 -1 -1 
-1 -1 -1 9 4 5 6 -1 -1 25 -1 -1 -1 3 -1 -1 -1 -1 -1 1 -1 -1 2 -1 -1 -1 7 -1 -1 -1 -1 -1 -1 -1 -1 -1 31 -1 -1 -1 13 -1 14 -1 15 -1 -1 30 23 -1 -1 -1 -1 -1 -1 -1 -1 -1 29 -1 10 -1 27 8 -1 26 -1 22 -1 17 -1 18 -1 -1 -1 -1 21 -1 -1 -1 -1 -1 -1 -1 -1 20 19 -1 -1 -1 
-1 -1 -1 9 4 5 6 -1 -1 -1 -1 -1 -1 3 -1 -1 -1 -1 -1 1 -1 -1 2 -1 -1 -1 7 -1 -1 -1 -1 -1 -1 -1 -1 -1 31 -1 -1 -1 13 -1 14 -1 15 -1 -1 30 23 -1 -1 -1 -1 -1 -1 -1 -1 -1 29 -1 10 -1 27 25 -1 26 -1 22 -1 17 -1 18 -1 -1 -1 -1 21 -1 -1 -1 -1 -1 -1 -1 -1 20 19 -1 -1 -1 
-1 -1 -1 9 4 5 6 -1 -1 -1 -1 -1 -1 3 -1 -1 -1 -1 -1 -1 -1 -1 2 -1 -1 -1 7 -1 -1 -1 -1 -1 -1 -1 -1 -1 1 -1 -1 -1 13 -1 14 -1 15 -1 -1 30 23 -1 -1 -1 -1 -1 -1 -1 -1 -1 29 -1 10 -1 27 25 -1 26 -1 22 -1 17 -1 18 -1 -1 -1 -1 21 -1 -1 -1 -1 -1 -1 -1 -1 20 19 -1 -1 -1 
-1 -1 -1 9 4 5 6 -1 -1 -1 -1 -1 -1 3 -1 -1 -1 -1 -1 -1 -1 -1 2 -1 -1 -1 7 -1 -1 -1 -1 -1 -1 -1 -1 -1 1 -1 -1 -1 13 -1 14 -1 15 25 -1 30 23 -1 -1 -1 -1 -1 -1 -1 -1 -1 29 -1 10 -1 27 -1 -1 26 -1 22 -1 17 -1 18 -1 -1 -1 -1 21 -1 -1 -1 -1 -1 -1 -1 -1 20 19 -1 -1 -1 
-1 -1 -1 -1 4 5 6 -1 -1 -1 -1 -1 -1 3 -1 -1 -1 -1 -1 -1 -1 -1 2 -1 -1 -1 7 -1 -1 -1 -1 -1 -1 -1 -1 -1 1 -1 -1 9 13 -1 14 -1 15 25 -1 30 23 -1 -1 -1 -1 -1 -1 -1 -1 -1 29 -1 10 -1 27 -1 -1 26 -1 22 -1 17 -1 18 -1 -1 -1 -1 21 -1 -1 -1 -1 -1 -1 -1 -1 20 19 -1 -1 -1 
-1 -1 -1 -1 4 5 6 -1 -1 -1 -1 -1 -1 3 -1 -1 -1 -1 -1 -1 -1 -1 2 -1 -1 -1 7 -1 -1 -1 -1 -1 -1 -1 -1 -1 1 -1 -1 9 13 -1 14 -1 15 25 -1 30 23 -1 -1 -1 -1 -1 -1 -1 -1 -1 29 -1 10 -1 27 26 -1 -1 -1 22 -1 17 -1 18 -1 -1 -1 -1 21 -1 -1 -1 -1 -1 -1 -1 -1 20 19 -1 -1 -1 
-1 -1 -1 -1 4 5 6 -1 -1 -1 -1 -1 -1 3 -1 -1 -1 -1 -1 -1 -1 -1 2 -1 -1 -1 7 -1 -1 1 -1 -1 -1 -1 -1 -1 -1 -1 -1 9 13 -1 14 -1 15 25 -1 30 23 -1 -1 -1 -1 -1 -1 -1 -1 -1 29 -1 10 -1 27 26 -1 -1 -1 22 -1 17 -1 18 -1 -1 -1 -1 21 -1 -1 -1 -1 -1 -1 -1 -1 20 19 -1 -1 -1 
-1 -1 -1 -1 4 5 6 -1 -1 -1 -1 -1 -1 3 -1 -1 -1 -1 -1 -1 -1 -1 2 -1 -1 -1 7 -1 -1 1 -1 -1 -1 -1 -1 -1 -1 -1 -1 9 13 -1 14 -1 15 25 -1 30 -1 -1 -1 -1 -1 -1 -1 -1 -1 -1 29 -1 10 -1 27 26 -1 23 -1 22 -1 17 -1 18 -1 -1 -1 -1 21 -1 -1 -1 -1 -1 -1 -1 -1 20 19 -1 -1 -1 
-1 -1 -1 -1 4 5 6 -1 -1 -1 -1 -1 -1 3 -1 -1 -1 -1 -1 -1 -1 -1 2 -1 -1 -1 7 -1 -1 1 -1 -1 -1 -1 -1 -1 -1 -1 -1 -1 13 -1 14 -1 15 25 -1 30 -1 -1 -1 -1 -1 -1 -1 -1 -1 9 29 -1 10 -1 27 26 -1 23 -1 22 -1 17 -1 18 -1 -1 -1 -1 21 -1 -1 -1 -1 -1 -1 -1 -1 20 19 -1 -1 -1 
-1 -1 -1 -1 4 5 6 -1 -1 -1 -1 -1 -1 3 -1 -1 -1 -1 -1 -1 -1 -1 2 -1 -1 -1 7 -1 -1 1 -1 -1 -1 -1 -1 -1 -1 -1 30 -1 13 -1 14 -1 15 25 -1 -1 -1 -1 -1 -1 -1 -1 -1 -1 -1 9 29 -1 10 -1 27 26 -1 23 -1 22 -1 17 -1 18 -1 -1 -1 -1 21 -1 -1 -1 -1 -1 -1 -1 -1 20 19 -1 -1 -1 
-1 -1 -1 -1 4 5 6 -1 -1 -1 -1 -1 -1 3 -1 -1 -1 -1 -1 -1 -1 -1 -1 -1 -1 -1 7 -1 -1 1 -1 -1 -1 -1 -1 -1 -1 -1 2 -1 13 -1 14 -1 15 25 -1 -1 -1 -1 -1 -1 -1 -1 -1 -1 -1 9 29 -1 10 -1 27 26 -1 23 -1 22 -1 17 -1 18 -1 -1 -1 -1 21 -1 -1 -1 -1 -1 -1 -1 -1 20 19 -1 -1 -1 
-1 -1 -1 -1 4 5 6 -1 -1 -1 -1 -1 -1 3 -1 -1 -1 -1 -1 -1 -1 -1 -1 -1 -1 -1 7 -1 -1 1 -1 -1 -1 -1 -1 -1 -1 -1 2 -1 13 -1 14 -1 15 25 23 -1 -1 -1 -1 -1 -1 -1 -1 -1 -1 9 29 -1 10 -1 27 26 -1 -1 -1 22 -1 17 -1 18 -1 -1 -1 -1 21 -1 -1 -1 -1 -1 -1 -1 -1 20 19 -1 -1 -1 
-1 -1 -1 -1 4 5 6 -1 -1 -1 -1 -1 1 3 -1 -1 -1 -1 -1 -1 -1 -1 -1 -1 -1 -1 7 -1 -1 -1 -1 -1 -1 -1 -1 -1 -1 -1 2 -1 13 -1 14 -1 15 25 23 -1 -1 -1 -1 -1 -1 -1 -1 -1 -1 9 29 -1 10 -1 27 26 -1 -1 -1 22 -1 17 -1 18 -1 -1 -1 -1 21 -1 -1 -1 -1 -1 -1 -1 -1 20 19 -1 -1 -1 
-1 -1 -1 -1 4 5 6 -1 -1 -1 -1 -1 1 3 -1 -1 -1 -1 -1 -1 -1 -1 -1 -1 -1 -1 7 -1 -1 -1 -1 -1 -1 -1 -1 -1 -1 -1 2 -1 13 -1 14 -1 15 25 23 -1 -1 29 -1 -1 -1 -1 -1 -1 -1 9 -1 -1 10 -1 27 26 -1 -1 -1 22 -1 17 -1 18 -1 -1 -1 -1 21 -1 -1 -1 -1 -1 -1 -1 -1 20 19 -1 -1 -1 
-1 -1 -1 -1 4 5 6 -1 -1 -1 -1 -1 1 3 -1 -1 -1 -1 -1 -1 -1 -1 -1 -1 -1 -1 7 -1 -1 -1 -1 -1 -1 -1 -1 -1 -1 -1 2 -1 13 -1 14 -1 15 25 23 -1 -1 29 -1 -1 -1 -1 -1 -1 -1 -1 -1 9 10 -1 27 26 -1 -1 -1 22 -1 17 -1 18 -1 -1 -1 -1 21 -1 -1 -1 -1 -1 -1 -1 -1 20 19 -1 -1 -1 
-1 -1 -1 -1 4 5 6 -1 -1 -1 -1 -1 1 3 -1 -1 -1 -1 -1 -1 -1 -1 -1 -1 -1 -1 7 -1 -1 -1 -1 -1 -1 -1 -1 -1 -1 -1 2 -1 29 -1 14 -1 15 25 23 -1 -1 -1 -1 -1 -1 -1 -1 -1 -1 -1 -1 9 10 -1 27 26 -1 -1 -1 22 -1 17 -1 18 -1 -1 -1 -1 21 -1 -1 -1 -1 -1 -1 -1 -1 20 19 -1 -1 -1 
-1 -1 -1 -1 4 5 6 -1 -1 -1 -1 -1 1 3 -1 -1 -1 -1 -1 -1 -1 -1 -1 -1 -1 -1 -1 -1 -1 -1 -1 -1 -1 -1 -1 -1 -1 -1 2 -1 29 -1 14 7 15 25 23 -1 -1 -1 -1 -1 -1 -1 -1 -1 -1 -1 -1 9 10 -1 27 26 -1 -1 -1 22 -1 17 -1 18 -1 -1 -1 -1 21 -1 -1 -1 -1 -1 -1 -1 -1 20 19 -1 -1 -1 
-1 -1 -1 -1 4 5 6 -1 -1 -1 -1 -1 1 3 -1 -1 -1 -1 -1 -1 -1 -1 -1 -1 -1 -1 -1 -1 -1 -1 -1 -1 -1 -1 -1 -1 -1 -1 2 -1 29 -1 14 7 15 25 23 -1 -1 -1 -1 -1 -1 27 -1 -1 -1 -1 -1 9 10 -1 -1 26 -1 -1 -1 22 -1 17 -1 18 -1 -1 -1 -1 21 -1 -1 -1 -1 -1 -1 -1 -1 20 19 -1 -1 -1 
-1 -1 -1 -1 4 5 6 -1 -1 -1 -1 -1 1 3 -1 -1 -1 -1 -1 -1 -1 -1 -1 -1 -1 -1 -1 -1 -1 -1 -1 -1 -1 -1 -1 -1 -1 -1 2 -1 29 -1 14 7 -1 25 23 -1 -1 -1 -1 -1 -1 15 -1 -1 -1 -1 -1 9 10 -1 -1 26 -1 -1 -1 22 -1 17 -1 18 -1 -1 -1 -1 21 -1 -1 -1 -1 -1 -1 -1 -1 20 19 -1 -1 -1 
-1 -1 -1 -1 4 5 6 -1 -1 -1 -1 -1 1 3 -1 -1 -1 -1 -1 -1 -1 -1 -1 -1 -1 -1 -1 -1 -1 -1 -1 -1 -1 -1 -1 -1 -1 -1 2 -1 29 -1 14 7 -1 -1 23 -1 -1 -1 -1 -1 -1 25 -1 -1 -1 -1 -1 9 10 -1 -1 26 -1 -1 -1 22 -1 17 -1 18 -1 -1 -1 -1 21 -1 -1 -1 -1 -1 -1 -1 -1 20 19 -1 -1 -1 
-1 -1 -1 -1 4 5 6 -1 -1 -1 -1 -1 1 3 -1 -1 -1 -1 -1 -1 -1 -1 2 -1 -1 -1 -1 -1 -1 -1 -1 -1 -1 -1 -1 -1 -1 -1 -1 -1 29 -1 14 7 -1 -1 23 -1 -1 -1 -1 -1 -1 25 -1 -1 -1 -1 -1 9 10 -1 -1 26 -1 -1 -1 22 -1 17 -1 18 -1 -1 -1 -1 21 -1 -1 -1 -1 -1 -1 -1 -1 20 19 -1 -1 -1 
-1 -1 -1 -1 4 5 6 -1 -1 -1 -1 -1 1 3 -1 -1 -1 -1 -1 -1 -1 -1 2 -1 -1 -1 -1 -1 -1 -1 -1 -1 -1 -1 -1 -1 -1 -1 -1 -1 29 -1 14 7 -1 -1 23 -1 -1 -1 -1 -1 -1 25 -1 -1 -1 -1 -1 9 10 -1 -1 -1 26 -1 -1 22 -1 17 -1 18 -1 -1 -1 -1 21 -1 -1 -1 -1 -1 -1 -1 -1 20 19 -1 -1 -1 
-1 -1 -1 -1 4 5 6 -1 -1 -1 -1 -1 1 3 -1 -1 -1 -1 -1 -1 -1 -1 2 -1 7 -1 -1 -1 -1 -1 -1 -1 -1 -1 -1 -1 -1 -1 -1 -1 29 -1 14 -1 -1 -1 23 -1 -1 -1 -1 -1 -1 25 -1 -1 -1 -1 -1 9 10 -1 -1 -1 26 -1 -1 22 -1 17 -1 18 -1 -1 -1 -1 21 -1 -1 -1 -1 -1 -1 -1 -1 20 19 -1 -1 -1 
-1 -1 -1 -1 4 5 6 -1 -1 -1 -1 -1 1 3 -1 -1 -1 -1 -1 -1 -1 -1 2 -1 7 -1 -1 -1 -1 -1 -1 -1 -1 -1 -1 -1 -1 -1 -1 -1 29 -1 14 -1 -1 -1 23 -1 -1 -1 -1 -1 -1 25 -1 -1 -1 -1 -1 9 10 -1 -1 -1 26 -1 -1 22 -1 17 -1 18 -1 -1 -1 -1 21 -1 -1 -1 -1 -1 -1 -1 20 -1 19 -1 -1 -1 
-1 -1 -1 -1 4 5 6 -1 -1 -1 -1 -1 1 3 -1 -1 -1 -1 -1 -1 -1 -1 2 -1 -1 -1 -1 -1 -1 -1 -1 -1 -1 -1 -1 7 -1 -1 -1 -1 29 -1 14 -1 -1 -1 23 -1 -1 -1 -1 -1 -1 25 -1 -1 -1 -1 -1 9 10 -1 -1 -1 26 -1 -1 22 -1 17 -1 18 -1 -1 -1 -1 21 -1 -1 -1 -1 -1 -1 -1 20 -1 19 -1 -1 -1 
-1 -1 -1 -1 4 5 6 -1 -1 -1 -1 -1 1 3 -1 -1 -1 -1 -1 -1 -1 -1 2 -1 -1 -1 -1 -1 -1 -1 -1 -1 -1 -1 -1 7 -1 -1 -1 -1 29 -1 14 -1 25 -1 23 -1 -1 -1 -1 -1 -1 -1 -1 -1 -1 -1 -1 9 10 -1 -1 -1 26 -1 -1 22 -1 17 -1 18 -1 -1 -1 -1 21 -1 -1 -1 -1 -1 -1 -1 20 -1 19 -1 -1 -1 
-1 -1 -1 -1 4 5 6 -1 -1 -1 -1 -1 1 3 -1 -1 -1 -1 -1 -1 -1 -1 2 -1 7 -1 -1 -1 -1 -1 -1 -1 -1 -1 -1 -1 -1 -1 -1 -1 29 -1 14 -1 25 -1 23 -1 -1 -1 -1 -1 -1 -1 -1 -1 -1 -1 -1 9 10 -1 -1 -1 26 -1 -1 22 -1 17 -1 18 -1 -1 -1 -1 21 -1 -1 -1 -1 -1 -1 -1 20 -1 19 -1 -1 -1 
-1 -1 -1 -1 4 5 6 -1 -1 -1 -1 -1 1 3 -1 -1 -1 -1 -1 -1 -1 -1 2 -1 7 -1 -1 -1 -1 -1 -1 -1 -1 -1 -1 -1 -1 -1 -1 -1 29 -1 14 -1 25 -1 23 -1 -1 -1 -1 -1 -1 -1 -1 -1 -1 -1 -1 9 10 -1 -1 -1 26 -1 -1 -1 -1 17 -1 18 -1 -1 -1 -1 21 -1 -1 -1 -1 -1 -1 22 20 -1 19 -1 -1 -1 
-1 -1 -1 -1 4 5 6 -1 -1 -1 -1 -1 1 3 -1 -1 -1 -1 -1 -1 -1 -1 2 -1 7 -1 -1 -1 -1 -1 -1 -1 -1 -1 -1 -1 -1 -1 -1 -1 29 -1 14 -1 25 -1 23 -1 -1 -1 -1 -1 -1 -1 -1 -1 -1 -1 -1 9 -1 10 -1 -1 26 -1 -1 -1 -1 17 -1 18 -1 -1 -1 -1 21 -1 -1 -1 -1 -1 -1 22 20 -1 19 -1 -1 -1 
-1 -1 -1 -1 4 5 6 -1 -1 -1 -1 -1 1 3 -1 -1 -1 -1 -1 -1 -1 -1 2 -1 7 -1 -1 -1 -1 -1 -1 -1 -1 -1 -1 -1 -1 -1 -1 -1 29 -1 14 -1 25 -1 23 -1 -1 -1 17 -1 -1 -1 -1 -1 -1 -1 -1 9 -1 10 -1 -1 26 -1 -1 -1 -1 -1 -1 18 -1 -1 -1 -1 21 -1 -1 -1 -1 -1 -1 22 20 -1 19 -1 -1 -1 
-1 -1 -1 -1 4 5 6 -1 -1 -1 -1 -1 1 3 -1 -1 -1 -1 -1 -1 -1 -1 2 -1 7 -1 -1 -1 -1 -1 -1 -1 -1 -1 -1 -1 -1 -1 -1 -1 29 -1 -1 -1 25 -1 23 -1 -1 -1 17 14 -1 -1 -1 -1 -1 -1 -1 9 -1 10 -1 -1 26 -1 -1 -1 -1 -1 -1 18 -1 -1 -1 -1 21 -1 -1 -1 -1 -1 -1 22 20 -1 19 -1 -1 -1 
-1 -1 -1 -1 4 5 6 -1 -1 -1 -1 -1 1 3 -1 -1 -1 -1 -1 -1 -1 -1 2 -1 7 -1 -1 -1 -1 -1 -1 -1 -1 -1 -1 -1 -1 -1 -1 17 29 -1 -1 -1 25 -1 23 -1 -1 -1 -1 14 -1 -1 -1 -1 -1 -1 -1 9 -1 10 -1 -1 26 -1 -1 -1 -1 -1 -1 18 -1 -1 -1 -1 21 -1 -1 -1 -1 -1 -1 22 20 -1 19 -1 -1 -1 
-1 -1 -1 -1 4 5 6 -1 -1 -1 -1 -1 1 3 -1 -1 -1 -1 -1 -1 -1 -1 2 -1 7 -1 -1 -1 -1 -1 -1 -1 -1 -1 -1 -1 -1 -1 -1 17 29 -1 -1 -1 25 -1 23 -1 -1 -1 -1 -1 -1 -1 -1 -1 -1 -1 -1 9 14 10 -1 -1 26 -1 -1 -1 -1 -1 -1 18 -1 -1 -1 -1 21 -1 -1 -1 -1 -1 -1 22 20 -1 19 -1 -1 -1 
-1 -1 -1 -1 4 5 6 -1 -1 -1 -1 -1 1 3 -1 -1 -1 -1 -1 -1 -1 -1 2 -1 7 -1 -1 -1 17 -1 -1 -1 -1 -1 -1 -1 -1 -1 -1 -1 29 -1 -1 -1 25 -1 23 -1 -1 -1 -1 -1 -1 -1 -1 -1 -1 -1 -1 9 14 10 -1 -1 26 -1 -1 -1 -1 -1 -1 18 -1 -1 -1 -1 21 -1 -1 -1 -1 -1 -1 22 20 -1 19 -1 -1 -1 
-1 -1 -1 -1 4 5 6 -1 -1 -1 -1 -1 1 3 -1 -1 10 -1 -1 -1 -1 -1 2 -1 7 -1 -1 -1 17 -1 -1 -1 -1 -1 -1 -1 -1 -1 -1 -1 29 -1 -1 -1 25 -1 23 -1 -1 -1 -1 -1 -1 -1 -1 -1 -1 -1 -1 9 14 -1 -1 -1 26 -1 -1 -1 -1 -1 -1 18 -1 -1 -1 -1 21 -1 -1 -1 -1 -1 -1 22 20 -1 19 -1 -1 -1 
-1 -1 -1 -1 4 5 6 -1 25 -1 -1 -1 1 3 -1 -1 10 -1 -1 -1 -1 -1 2 -1 7 -1 -1 -1 17 -1 -1 -1 -1 -1 -1 -1 -1 -1 -1 -1 29 -1 -1 -1 -1 -1 23 -1 -1 -1 -1 -1 -1 -1 -1 -1 -1 -1 -1 9 14 -1 -1 -1 26 -1 -1 -1 -1 -1 -1 18 -1 -1 -1 -1 21 -1 -1 -1 -1 -1 -1 22 20 -1 19 -1 -1 -1 
-1 -1 -1 -1 4 5 6 -1 25 -1 -1 -1 1 3 -1 -1 10 -1 -1 -1 -1 -1 2 -1 7 -1 -1 -1 17 -1 -1 -1 -1 -1 -1 -1 -1 -1 -1 -1 29 -1 -1 -1 -1 -1 23 -1 -1 -1 -1 -1 -1 -1 -1 9 -1 -1 -1 -1 14 -1 -1 -1 26 -1 -1 -1 -1 -1 -1 18 -1 -1 -1 -1 21 -1 -1 -1 -1 -1 -1 22 20 -1 19 -1 -1 -1 
-1 -1 -1 -1 4 5 6 -1 25 -1 -1 17 1 3 -1 -1 10 -1 -1 -1 -1 -1 2 -1 7 -1 -1 -1 -1 -1 -1 -1 -1 -1 -1 -1 -1 -1 -1 -1 29 -1 -1 -1 -1 -1 23 -1 -1 -1 -1 -1 -1 -1 -1 9 -1 -1 -1 -1 14 -1 -1 -1 26 -1 -1 -1 -1 -1 -1 18 -1 -1 -1 -1 21 -1 -1 -1 -1 -1 -1 22 20 -1 19 -1 -1 -1 
-1 -1 -1 -1 4 5 6 -1 25 -1 -1 17 1 3 -1 -1 10 -1 -1 -1 -1 -1 2 -1 7 -1 -1 -1 -1 -1 -1 -1 -1 -1 -1 -1 -1 -1 -1 -1 29 -1 -1 -1 -1 -1 23 -1 -1 -1 -1 -1 -1 -1 -1 9 -1 -1 -1 14 -1 -1 -1 -1 26 -1 -1 -1 -1 -1 -1 18 -1 -1 -1 -1 21 -1 -1 -1 -1 -1 -1 22 20 -1 19 -1 -1 -1 
-1 -1 -1 -1 4 5 6 -1 25 -1 -1 17 1 3 -1 -1 10 -1 -1 -1 -1 -1 2 -1 7 -1 -1 -1 -1 -1 -1 -1 -1 -1 -1 -1 -1 -1 -1 -1 29 -1 -1 -1 -1 -1 23 -1 -1 -1 -1 -1 -1 -1 -1 9 -1 -1 -1 14 -1 -1 -1 -1 -1 -1 -1 -1 -1 -1 26 18 -1 -1 -1 -1 21 -1 -1 -1 -1 -1 -1 22 20 -1 19 -1 -1 -1 
-1 -1 -1 -1 4 5 6 -1 25 -1 -1 17 1 -1 -1 -1 10 -1 -1 -1 -1 3 2 -1 7 -1 -1 -1 -1 -1 -1 -1 -1 -1 -1 -1 -1 -1 -1 -1 29 -1 -1 -1 -1 -1 23 -1 -1 -1 -1 -1 -1 -1 -1 9 -1 -1 -1 14 -1 -1 -1 -1 -1 -1 -1 -1 -1 -1 26 18 -1 -1 -1 -1 21 -1 -1 -1 -1 -1 -1 22 20 -1 19 -1 -1 -1 
-1 -1 -1 -1 4 5 6 -1 25 -1 -1 -1 1 -1 -1 -1 10 -1 -1 -1 -1 3 2 -1 7 -1 -1 -1 -1 -1 17 -1 -1 -1 -1 -1 -1 -1 -1 -1 29 -1 -1 -1 -1 -1 23 -1 -1 -1 -1 -1 -1 -1 -1 9 -1 -1 -1 14 -1 -1 -1 -1 -1 -1 -1 -1 -1 -1 26 18 -1 -1 -1 -1 21 -1 -1 -1 -1 -1 -1 22 20 -1 19 -1 -1 -1 
-1 -1 -1 -1 4 5 6 -1 25 -1 -1 -1 -1 -1 -1 -1 10 -1 -1 1 -1 3 2 -1 7 -1 -1 -1 -1 -1 17 -1 -1 -1 -1 -1 -1 -1 -1 -1 29 -1 -1 -1 -1 -1 23 -1 -1 -1 -1 -1 -1 -1 -1 9 -1 -1 -1 14 -1 -1 -1 -1 -1 -1 -1 -1 -1 -1 26 18 -1 -1 -1 -1 21 -1 -1 -1 -1 -1 -1 22 20 -1 19 -1 -1 -1 
-1 -1 -1 -1 4 5 6 -1 25 -1 -1 -1 -1 -1 -1 -1 10 -1 -1 1 -1 3 2 17 7 -1 -1 -1 -1 -1 -1 -1 -1 -1 -1 -1 -1 -1 -1 -1 29 -1 -1 -1 -1 -1 23 -1 -1 -1 -1 -1 -1 -1 -1 9 -1 -1 -1 14 -1 -1 -1 -1 -1 -1 -1 -1 -1 -1 26 18 -1 -1 -1 -1 21 -1 -1 -1 -1 -1 -1 22 20 -1 19 -1 -1 -1 
-1 -1 -1 4 -1 5 6 -1 25 -1 -1 -1 -1 -1 -1 -1 10 -1 -1 1 -1 3 2 17 7 -1 -1 -1 -1 -1 -1 -1 -1 -1 -1 -1 -1 -1 -1 -1 29 -1 -1 -1 -1 -1 23 -1 -1 -1 -1 -1 -1 -1 -1 9 -1 -1 -1 14 -1 -1 -1 -1 -1 -1 -1 -1 -1 -1 26 18 -1 -1 -1 -1 21 -1 -1 -1 -1 -1 -1 22 20 -1 19 -1 -1 -1 
-1 -1 -1 4 -1 5 6 -1 25 -1 -1 -1 -1 -1 -1 -1 10 -1 -1 1 -1 3 2 17 7 -1 -1 -1 -1 -1 -1 -1 -1 -1 -1 -1 -1 -1 -1 29 -1 -1 -1 -1 -1 -1 23 -1 -1 -1 -1 -1 -1 -1 -1 9 -1 -1 -1 14 -1 -1 -1 -1 -1 -1 -1 -1 -1 -1 26 18 -1 -1 -1 -1 21 -1 -1 -1 -1 -1 -1 22 20 -1 19 -1 -1 -1 
-1 -1 -1 4 -1 5 6 -1 25 -1 -1 -1 10 -1 -1 -1 -1 -1 -1 1 -1 3 2 17 7 -1 -1 -1 -1 -1 -1 -1 -1 -1 -1 -1 -1 -1 -1 29 -1 -1 -1 -1 -1 -1 23 -1 -1 -1 -1 -1 -1 -1 -1 9 -1 -1 -1 14 -1 -1 -1 -1 -1 -1 -1 -1 -1 -1 26 18 -1 -1 -1 -1 21 -1 -1 -1 -1 -1 -1 22 20 -1 19 -1 -1 -1 
-1 -1 -1 4 -1 5 6 -1 25 -1 -1 -1 10 -1 -1 -1 -1 -1 -1 1 -1 3 2 17 7 -1 -1 -1 -1 23 -1 -1 -1 -1 -1 -1 -1 -1 -1 29 -1 -1 -1 -1 -1 -1 -1 -1 -1 -1 -1 -1 -1 -1 -1 9 -1 -1 -1 14 -1 -1 -1 -1 -1 -1 -1 -1 -1 -1 26 18 -1 -1 -1 -1 21 -1 -1 -1 -1 -1 -1 22 20 -1 19 -1 -1 -1 
-1 -1 -1 4 -1 5 6 -1 25 -1 -1 -1 -1 -1 -1 -1 -1 -1 -1 1 -1 3 2 17 7 -1 -1 -1 -1 23 -1 -1 -1 -1 -1 -1 -1 -1 -1 10 -1 -1 -1 -1 -1 -1 -1 -1 -1 -1 -1 -1 -1 -1 -1 9 -1 -1 -1 14 -1 -1 -1 -1 -1 -1 -1 -1 -1 -1 26 18 -1 -1 -1 -1 21 -1 -1 -1 -1 -1 -1 22 20 -1 19 -1 -1 -1 
-1 -1 -1 4 -1 5 6 -1 25 -1 -1 -1 -1 -1 -1 -1 -1 -1 -1 1 -1 3 23 17 7 -1 -1 -1 -1 -1 -1 -1 -1 -1 -1 -1 -1 -1 -1 10 -1 -1 -1 -1 -1 -1 -1 -1 -1 -1 -1 -1 -1 -1 -1 9 -1 -1 -1 14 -1 -1 -1 -1 -1 -1 -1 -1 -1 -1 26 18 -1 -1 -1 -1 21 -1 -1 -1 -1 -1 -1 22 20 -1 19 -1 -1 -1 
-1 -1 -1 4 -1 5 6 -1 25 -1 -1 -1 -1 3 -1 -1 -1 -1 -1 1 -1 -1 23 17 7 -1 -1 -1 -1 -1 -1 -1 -1 -1 -1 -1 -1 -1 -1 10 -1 -1 -1 -1 -1 -1 -1 -1 -1 -1 -1 -1 -1 -1 -1 9 -1 -1 -1 14 -1 -1 -1 -1 -1 -1 -1 -1 -1 -1 26 18 -1 -1 -1 -1 21 -1 -1 -1 -1 -1 -1 22 20 -1 19 -1 -1 -1 
-1 -1 -1 4 -1 5 17 -1 25 -1 -1 -1 -1 3 -1 -1 -1 -1 -1 1 -1 -1 23 -1 7 -1 -1 -1 -1 -1 -1 -1 -1 -1 -1 -1 -1 -1 -1 10 -1 -1 -1 -1 -1 -1 -1 -1 -1 -1 -1 -1 -1 -1 -1 9 -1 -1 -1 14 -1 -1 -1 -1 -1 -1 -1 -1 -1 -1 26 18 -1 -1 -1 -1 21 -1 -1 -1 -1 -1 -1 22 20 -1 19 -1 -1 -1 
-1 -1 -1 4 -1 5 17 -1 25 -1 -1 -1 -1 3 -1 -1 -1 -1 -1 1 -1 -1 23 -1 -1 -1 -1 -1 -1 -1 -1 7 -1 -1 -1 -1 -1 -1 -1 10 -1 -1 -1 -1 -1 -1 -1 -1 -1 -1 -1 -1 -1 -1 -1 9 -1 -1 -1 14 -1 -1 -1 -1 -1 -1 -1 -1 -1 -1 26 18 -1 -1 -1 -1 21 -1 -1 -1 -1 -1 -1 22 20 -1 19 -1 -1 -1 
-1 -1 -1 4 -1 5 -1 -1 25 -1 -1 -1 -1 3 -1 -1 -1 -1 -1 1 -1 -1 23 17 -1 -1 -1 -1 -1 -1 -1 7 -1 -1 -1 -1 -1 -1 -1 10 -1 -1 -1 -1 -1 -1 -1 -1 -1 -1 -1 -1 -1 -1 -1 9 -1 -1 -1 14 -1 -1 -1 -1 -1 -1 -1 -1 -1 -1 26 18 -1 -1 -1 -1 21 -1 -1 -1 -1 -1 -1 22 20 -1 19 -1 -1 -1 
-1 -1 -1 -1 -1 5 -1 -1 25 -1 -1 -1 4 3 -1 -1 -1 -1 -1 1 -1 -1 23 17 -1 -1 -1 -1 -1 -1 -1 7 -1 -1 -1 -1 -1 -1 -1 10 -1 -1 -1 -1 -1 -1 -1 -1 -1 -1 -1 -1 -1 -1 -1 9 -1 -1 -1 14 -1 -1 -1 -1 -1 -1 -1 -1 -1 -1 26 18 -1 -1 -1 -1 21 -1 -1 -1 -1 -1 -1 22 20 -1 19 -1 -1 -1 
-1 -1 -1 -1 -1 5 -1 -1 25 -1 -1 -1 4 3 -1 -1 -1 -1 -1 1 -1 -1 -1 17 -1 -1 -1 -1 -1 23 -1 7 -1 -1 -1 -1 -1 -1 -1 10 -1 -1 -1 -1 -1 -1 -1 -1 -1 -1 -1 -1 -1 -1 -1 9 -1 -1 -1 14 -1 -1 -1 -1 -1 -1 -1 -1 -1 -1 26 18 -1 -1 -1 -1 21 -1 -1 -1 -1 -1 -1 22 20 -1 19 -1 -1 -1 
-1 -1 -1 -1 -1 5 -1 -1 25 -1 -1 -1 -1 3 -1 -1 -1 -1 -1 1 -1 4 -1 17 -1 -1 -1 -1 -1 23 -1 7 -1 -1 -1 -1 -1 -1 -1 10 -1 -1 -1 -1 -1 -1 -1 -1 -1 -1 -1 -1 -1 -1 -1 9 -1 -1 -1 14 -1 -1 -1 -1 -1 -1 -1 -1 -1 -1 26 18 -1 -1 -1 -1 21 -1 -1 -1 -1 -1 -1 22 20 -1 19 -1 -1 -1 
-1 -1 -1 -1 -1 5 -1 -1 -1 -1 -1 -1 -1 3 -1 -1 -1 -1 -1 1 -1 4 -1 17 -1 -1 25 -1 -1 23 -1 7 -1 -1 -1 -1 -1 -1 -1 10 -1 -1 -1 -1 -1 -1 -1 -1 -1 -1 -1 -1 -1 -1 -1 9 -1 -1 -1 14 -1 -1 -1 -1 -1 -1 -1 -1 -1 -1 26 18 -1 -1 -1 -1 21 -1 -1 -1 -1 -1 -1 22 20 -1 19 -1 -1 -1 
-1 -1 -1 -1 -1 5 -1 -1 -1 -1 -1 -1 -1 3 -1 -1 -1 -1 -1 1 -1 4 -1 17 7 -1 25 -1 -1 23 -1 -1 -1 -1 -1 -1 -1 -1 -1 10 -1 -1 -1 -1 -1 -1 -1 -1 -1 -1 -1 -1 -1 -1 -1 9 -1 -1 -1 14 -1 -1 -1 -1 -1 -1 -1 -1 -1 -1 26 18 -1 -1 -1 -1 21 -1 -1 -1 -1 -1 -1 22 20 -1 19 -1 -1 -1 
-1 -1 -1 -1 -1 5 -1 -1 -1 -1 -1 -1 -1 3 -1 -1 -1 -1 -1 1 -1 4 -1 -1 7 -1 25 -1 -1 23 -1 -1 -1 -1 -1 -1 -1 -1 -1 10 17 -1 -1 -1 -1 -1 -1 -1 -1 -1 -1 -1 -1 -1 -1 9 -1 -1 -1 14 -1 -1 -1 -1 -1 -1 -1 -1 -1 -1 26 18 -1 -1 -1 -1 21 -1 -1 -1 -1 -1 -1 22 20 -1 19 -1 -1 -1 
-1 -1 -1 -1 -1 5 -1 -1 -1 -1 -1 -1 -1 3 -1 -1 -1 -1 -1 1 -1 4 -1 -1 -1 -1 25 -1 -1 23 -1 7 -1 -1 -1 -1 -1 -1 -1 10 17 -1 -1 -1 -1 -1 -1 -1 -1 -1 -1 -1 -1 -1 -1 9 -1 -1 -1 14 -1 -1 -1 -1 -1 -1 -1 -1 -1 -1 26 18 -1 -1 -1 -1 21 -1 -1 -1 -1 -1 -1 22 20 -1 19 -1 -1 -1 
-1 -1 -1 -1 -1 5 -1 -1 -1 -1 -1 -1 -1 3 -1 -1 -1 -1 -1 1 -1 4 -1 -1 -1 26 25 -1 -1 23 -1 7 -1 -1 -1 -1 -1 -1 -1 10 17 -1 -1 -1 -1 -1 -1 -1 -1 -1 -1 -1 -1 -1 -1 9 -1 -1 -1 14 -1 -1 -1 -1 -1 -1 -1 -1 -1 -1 -1 18 -1 -1 -1 -1 21 -1 -1 -1 -1 -1 -1 22 20 -1 19 -1 -1 -1 
