0 1 2 3 4 5 6 7 8 -1 -1 -1 -1 -1 -1 -1 -1 -1 -1 9 -1 -1 -1 -1 -1 10 -1 11 -1 12 -1 28 -1 14 -1 15 -1 -1 -1 -1 -1 -1 -1 -1 -1 -1 -1 30 -1 -1 -1 -1 -1 -1 -1 -1 -1 -1 29 -1 -1 -1 27 -1 26 -1 -1 -1 -1 -1 25 -1 -1 -1 -1 -1 -1 -1 -1 -1 -1 24 23 22 21 20 19 18 17 16 
0 1 2 3 4 5 6 7 8 -1 -1 -1 -1 -1 -1 -1 -1 -1 -1 -1 9 -1 -1 -1 -1 10 -1 11 -1 12 -1 28 -1 14 -1 15 -1 -1 -1 -1 -1 -1 -1 -1 -1 -1 -1 30 -1 -1 -1 -1 -1 -1 -1 -1 -1 -1 29 -1 -1 -1 27 -1 26 -1 -1 -1 -1 -1 25 -1 -1 -1 -1 -1 -1 -1 -1 -1 -1 24 23 22 21 20 19 18 17 16 
0 1 2 3 4 5 6 7 8 -1 -1 -1 -1 -1 -1 -1 -1 -1 -1 -1 9 -1 -1 -1 -1 10 -1 11 -1 12 -1 28 -1 14 -1 15 -1 -1 -1 -1 -1 -1 -1 -1 -1 -1 -1 30 -1 -1 -1 -1 -1 -1 -1 -1 -1 -1 29 -1 -1 -1 27 -1 26 -1 -1 25 -1 -1 -1 -1 -1 -1 -1 -1 -1 -1 -1 -1 -1 24 23 22 21 20 19 18 17 16 
0 1 -1 3 4 5 6 7 8 -1 -1 -1 -1 -1 -1 -1 -1 -1 -1 -1 9 -1 2 -1 -1 10 -1 11 -1 12 -1 28 -1 14 -1 15 -1 -1 -1 -1 -1 -1 -1 -1 -1 -1 -1 30 -1 -1 -1 -1 -1 -1 -1 -1 -1 -1 29 -1 -1 -1 27 -1 26 -1 -1 25 -1 -1 -1 -1 -1 -1 -1 -1 -1 -1 -1 -1 -1 24 23 22 21 20 19 18 17 16 
0 1 -1 3 4 5 6 7 8 -1 -1 -1 -1 -1 -1 -1 -1 -1 -1 -1 9 -1 2 -1 -1 10 -1 11 -1 12 -1 28 -1 14 -1 15 -1 -1 -1 -1 -1 -1 -1 -1 -1 -1 -1 30 -1 -1 -1 -1 -1 -1 -1 -1 -1 -1 29 -1 -1 -1 27 -1 26 -1 -1 25 -1 17 -1 -1 -1 -1 -1 -1 -1 -1 -1 -1 -1 24 23 22 21 20 19 18 -1 16 
0 1 -1 3 4 5 6 7 -1 -1 -1 -1 -1 -1 -1 -1 -1 8 -1 -1 9 -1 2 -1 -1 10 -1 11 -1 12 -1 28 -1 14 -1 15 -1 -1 -1 -1 -1 -1 -1 -1 -1 -1 -1 30 -1 -1 -1 -1 -1 -1 -1 -1 -1 -1 29 -1 -1 -1 27 -1 26 -1 -1 25 -1 17 -1 -1 -1 -1 -1 -1 -1 -1 -1 -1 -1 24 23 22 21 20 19 18 -1 16 
0 1 -1 3 4 5 6 7 -1 -1 -1 -1 -1 -1 -1 -1 -1 8 -1 -1 9 -1 2 -1 -1 10 -1 11 -1 12 -1 28 -1 14 -1 15 -1 -1 -1 -1 -1 -1 -1 -1 -1 -1 -1 30 -1 -1 -1 -1 -1 -1 -1 -1 -1 -1 29 -1 -1 -1 27 -1 26 -1 -1 25 -1 17 -1 -1 -1 -1 -1 -1 -1 -1 -1 -1 -1 24 23 22 21 20 19 18 16 -1 
0 1 -1 3 4 5 6 7 -1 -1 8 -1 -1 -1 -1 -1 -1 -1 -1 -1 9 -1 2 -1 -1 10 -1 11 -1 12 -1 28 -1 14 -1 15 -1 -1 -1 -1 -1 -1 -1 -1 -1 -1 -1 30 -1 -1 -1 -1 -1 -1 -1 -1 -1 -1 29 -1 -1 -1 27 -1 26 -1 -1 25 -1 17 -1 -1 -1 -1 -1 -1 -1 -1 -1 -1 -1 24 23 22 21 20 19 18 16 -1 
0 1 -1 3 4 5 6 7 -1 -1 8 -1 -1 -1 -1 -1 -1 -1 -1 -1 9 -1 2 -1 -1 10 -1 11 -1 12 -1 28 -1 14 -1 15 -1 -1 -1 -1 -1 -1 -1 -1 -1 -1 -1 30 -1 -1 -1 -1 -1 -1 -1 -1 -1 -1 29 -1 -1 -1 27 -1 26 23 -1 25 -1 17 -1 -1 -1 -1 -1 -1 -1 -1 -1 -1 -1 24 -1 22 21 20 19 18 16 -1 
0 -1 -1 3 4 5 6 7 -1 -1 8 -1 1 -1 -1 -1 -1 -1 -1 -1 9 -1 2 -1 -1 10 -1 11 -1 12 -1 28 -1 14 -1 15 -1 -1 -1 -1 -1 -1 -1 -1 -1 -1 -1 30 -1 -1 -1 -1 -1 -1 -1 -1 -1 -1 29 -1 -1 -1 27 -1 26 23 -1 25 -1 17 -1 -1 -1 -1 -1 -1 -1 -1 -1 -1 -1 24 -1 22 21 20 19 18 16 -1 
0 -1 -1 3 4 5 6 7 -1 -1 8 -1 1 -1 -1 -1 -1 -1 -1 -1 9 -1 2 -1 -1 10 -1 11 -1 12 -1 28 -1 14 -1 15 -1 -1 -1 -1 -1 -1 -1 -1 -1 -1 -1 30 -1 -1 -1 -1 -1 -1 -1 -1 -1 -1 29 -1 -1 -1 27 26 -1 23 -1 25 -1 17 -1 -1 -1 -1 -1 -1 -1 -1 -1 -1 -1 24 -1 22 21 20 19 18 16 -1 
0 -1 -1 3 4 5 6 -1 -1 -1 8 -1 1 -1 -1 -1 -1 -1 -1 -1 9 -1 2 -1 -1 10 7 11 -1 12 -1 28 -1 14 -1 15 -1 -1 -1 -1 -1 -1 -1 -1 -1 -1 -1 30 -1 -1 -1 -1 -1 -1 -1 -1 -1 -1 29 -1 -1 -1 27 26 -1 23 -1 25 -1 17 -1 -1 -1 -1 -1 -1 -1 -1 -1 -1 -1 24 -1 22 21 20 19 18 16 -1 
0 -1 -1 3 4 5 6 -1 -1 -1 8 -1 1 -1 -1 -1 -1 -1 -1 -1 9 -1 2 -1 -1 10 7 11 -1 12 -1 28 -1 14 -1 15 -1 -1 -1 -1 -1 -1 -1 -1 -1 -1 -1 30 23 -1 -1 -1 -1 -1 -1 -1 -1 -1 29 -1 -1 -1 27 26 -1 -1 -1 25 -1 17 -1 -1 -1 -1 -1 -1 -1 -1 -1 -1 -1 24 -1 22 21 20 19 18 16 -1 
0 -1 -1 3 4 5 6 -1 -1 -1 -1 -1 1 -1 -1 -1 -1 -1 -1 -1 9 -1 2 -1 -1 10 7 11 -1 12 -1 28 -1 14 -1 15 -1 -1 -1 -1 -1 -1 -1 -1 -1 -1 -1 30 23 -1 -1 -1 -1 -1 -1 -1 -1 -1 29 -1 -1 -1 27 26 8 -1 -1 25 -1 17 -1 -1 -1 -1 -1 -1 -1 -1 -1 -1 -1 24 -1 22 21 20 19 18 16 -1 
0 -1 -1 3 4 5 6 -1 -1 -1 -1 -1 1 -1 -1 -1 -1 -1 -1 -1 9 -1 2 -1 -1 10 7 11 -1 12 -1 28 -1 14 -1 15 -1 -1 -1 -1 -1 -1 -1 -1 -1 -1 -1 30 23 -1 -1 28 -1 -1 -1 -1 -1 -1 29 -1 -1 -1 27 26 8 -1 -1 25 -1 17 -1 -1 -1 -1 -1 -1 -1 -1 -1 -1 -1 24 -1 22 21 20 19 18 16 -1 
0 -1 -1 -1 4 5 6 -1 -1 -1 -1 -1 1 3 -1 -1 -1 -1 -1 -1 9 -1 2 -1 -1 10 7 11 -1 12 -1 28 -1 14 -1 15 -1 -1 -1 -1 -1 -1 -1 -1 -1 -1 -1 30 23 -1 -1 28 -1 -1 -1 -1 -1 -1 29 -1 -1 -1 27 26 8 -1 -1 25 -1 17 -1 -1 -1 -1 -1 -1 -1 -1 -1 -1 -1 24 -1 22 21 20 19 18 16 -1 
0 -1 -1 -1 4 5 6 -1 -1 -1 -1 -1 1 3 -1 -1 -1 -1 -1 -1 9 -1 2 -1 -1 10 7 11 -1 12 -1 28 -1 14 -1 15 -1 -1 -1 -1 -1 -1 -1 -1 -1 -1 -1 30 23 -1 -1 28 -1 -1 -1 -1 -1 -1 29 -1 -1 -1 27 26 8 -1 -1 25 -1 17 -1 -1 -1 -1 -1 -1 21 -1 -1 -1 -1 24 -1 22 -1 20 19 18 16 -1 
0 -1 -1 -1 4 5 6 -1 -1 -1 -1 -1 1 3 -1 -1 -1 -1 -1 -1 9 -1 2 -1 -1 10 7 11 -1 12 -1 28 -1 14 -1 -1 -1 -1 -1 -1 -1 -1 -1 -1 15 -1 -1 30 23 -1 -1 28 -1 -1 -1 -1 -1 -1 29 -1 -1 -1 27 26 8 -1 -1 25 -1 17 -1 -1 -1 -1 -1 -1 21 -1 -1 -1 -1 24 -1 22 -1 20 19 18 16 -1 
0 -1 -1 -1 4 5 6 -1 -1 -1 -1 -1 1 3 -1 -1 -1 -1 -1 -1 9 -1 2 -1 -1 10 7 11 -1 12 -1 28 -1 14 -1 -1 -1 -1 -1 -1 -1 -1 -1 -1 15 -1 -1 30 23 -1 17 28 -1 -1 -1 -1 -1 -1 29 -1 -1 -1 27 26 8 -1 -1 25 -1 -1 -1 -1 -1 -1 -1 -1 21 -1 -1 -1 -1 24 -1 22 -1 20 19 18 16 -1 
0 -1 -1 -1 4 5 6 -1 -1 -1 -1 -1 1 3 -1 -1 -1 -1 -1 -1 9 -1 2 10 -1 -1 7 11 -1 12 -1 28 -1 14 -1 -1 -1 -1 -1 -1 -1 -1 -1 -1 15 -1 -1 30 23 -1 17 28 -1 -1 -1 -1 -1 -1 29 -1 -1 -1 27 26 8 -1 -1 25 -1 -1 -1 -1 -1 -1 -1 -1 21 -1 -1 -1 -1 24 -1 22 -1 20 19 18 16 -1 
0 -1 -1 -1 4 5 6 -1 -1 -1 -1 -1 1 3 -1 -1 -1 -1 -1 -1 9 -1 2 10 -1 -1 7 11 -1 12 -1 28 -1 14 -1 -1 -1 -1 -1 -1 -1 -1 -1 -1 15 -1 -1 30 23 -1 17 28 -1 -1 -1 -1 -1 -1 29 -1 -1 -1 27 26 8 -1 -1 -1 -1 25 -1 -1 -1 -1 -1 -1 21 -1 -1 -1 -1 24 -1 22 -1 20 19 18 16 -1 
-1 0 -1 -1 4 5 6 -1 -1 -1 -1 -1 1 3 -1 -1 -1 -1 -1 -1 9 -1 2 10 -1 -1 7 11 -1 12 -1 28 -1 14 -1 -1 -1 -1 -1 -1 -1 -1 -1 -1 15 -1 -1 30 23 -1 17 28 -1 -1 -1 -1 -1 -1 29 -1 -1 -1 27 26 8 -1 -1 -1 -1 25 -1 -1 -1 -1 -1 -1 21 -1 -1 -1 -1 24 -1 22 -1 20 19 18 16 -1 
-1 0 -1 -1 4 5 6 -1 -1 -1 -1 -1 1 3 -1 -1 -1 -1 -1 -1 9 -1 2 10 -1 -1 7 11 -1 12 -1 28 -1 14 -1 -1 -1 -1 -1 -1 -1 -1 -1 -1 15 -1 -1 30 23 -1 17 28 -1 -1 -1 -1 -1 -1 29 -1 -1 -1 27 26 8 -1 -1 18 -1 25 -1 -1 -1 -1 -1 -1 21 -1 -1 -1 -1 24 -1 22 -1 20 19 -1 16 -1 
-1 0 -1 -1 4 5 6 -1 -1 -1 -1 -1 1 3 -1 -1 -1 -1 -1 -1 9 -1 2 10 -1 -1 7 11 -1 12 -1 28 -1 14 -1 -1 -1 -1 -1 -1 -1 -1 -1 -1 15 -1 -1 30 23 -1 17 28 -1 -1 -1 8 -1 -1 29 -1 -1 -1 27 26 -1 -1 -1 18 -1 25 -1 -1 -1 -1 -1 -1 21 -1 -1 -1 -1 24 -1 22 -1 20 19 -1 16 -1 
-1 0 -1 -1 4 5 6 -1 -1 -1 -1 -1 1 3 -1 -1 -1 -1 -1 -1 9 -1 2 10 -1 -1 7 11 -1 12 -1 28 -1 14 -1 -1 -1 -1 -1 -1 -1 -1 -1 -1 15 -1 -1 30 23 -1 17 28 -1 -1 -1 8 -1 -1 29 -1 -1 -1 27 -1 -1 -1 26 18 -1 25 -1 -1 -1 -1 -1 -1 21 -1 -1 -1 -1 24 -1 22 -1 20 19 -1 16 -1 
-1 -1 -1 -1 4 5 6 -1 -1 -1 0 -1 1 3 -1 -1 -1 -1 -1 -1 9 -1 2 10 -1 -1 7 11 -1 12 -1 28 -1 14 -1 -1 -1 -1 -1 -1 -1 -1 -1 -1 15 -1 -1 30 23 -1 17 28 -1 -1 -1 8 -1 -1 29 -1 -1 -1 27 -1 -1 -1 26 18 -1 25 -1 -1 -1 -1 -1 -1 21 -1 -1 -1 -1 24 -1 22 -1 20 19 -1 16 -1 
-1 -1 -1 -1 4 5 6 -1 -1 -1 0 -1 1 3 -1 -1 -1 -1 -1 -1 9 -1 2 10 -1 -1 7 11 -1 12 -1 28 -1 14 -1 -1 -1 -1 -1 -1 -1 -1 -1 -1 15 -1 -1 30 23 -1 17 28 -1 -1 -1 8 -1 -1 29 -1 -1 16 27 -1 -1 -1 26 18 -1 25 -1 -1 -1 -1 -1 -1 21 -1 -1 -1 -1 24 -1 22 -1 20 19 -1 -1 -1 
-1 -1 -1 -1 4 5 6 -1 -1 -1 0 -1 1 3 -1 -1 -1 -1 -1 -1 9 -1 2 10 -1 -1 7 11 -1 12 -1 -1 -1 14 -1 -1 -1 -1 -1 -1 13 -1 -1 -1 15 -1 -1 30 23 -1 17 28 -1 -1 -1 8 -1 -1 29 -1 -1 16 27 -1 -1 -1 26 18 -1 25 -1 -1 -1 -1 -1 -1 21 -1 -1 -1 -1 24 -1 22 -1 20 19 -1 -1 -1 
-1 -1 -1 -1 4 5 6 -1 -1 -1 0 -1 1 3 -1 -1 -1 -1 -1 -1 9 -1 2 10 -1 -1 7 11 -1 12 -1 -1 -1 14 -1 -1 -1 -1 30 -1 13 -1 -1 -1 15 -1 -1 -1 23 -1 17 28 -1 -1 -1 8 -1 -1 29 -1 -1 16 27 -1 -1 -1 26 18 -1 25 -1 -1 -1 -1 -1 -1 21 -1 -1 -1 -1 24 -1 22 -1 20 19 -1 -1 -1 
-1 -1 -1 -1 4 5 6 -1 -1 -1 0 -1 1 3 -1 -1 -1 -1 -1 -1 9 -1 2 10 -1 -1 7 11 -1 12 -1 -1 -1 14 -1 -1 -1 -1 30 -1 13 -1 -1 -1 15 -1 -1 -1 23 -1 17 28 -1 -1 -1 -1 8 -1 29 -1 -1 16 27 -1 -1 -1 26 18 -1 25 -1 -1 -1 -1 -1 -1 21 -1 -1 -1 -1 24 -1 22 -1 20 19 -1 -1 -1 
-1 -1 -1 -1 4 5 6 -1 -1 -1 0 -1 1 3 -1 -1 -1 -1 -1 -1 9 -1 2 10 -1 -1 7 11 -1 12 -1 -1 -1 14 -1 -1 -1 23 30 -1 13 -1 -1 -1 15 -1 -1 -1 -1 -1 17 28 -1 -1 -1 -1 8 -1 29 -1 -1 16 27 -1 -1 -1 26 18 -1 25 -1 -1 -1 -1 -1 -1 21 -1 -1 -1 -1 24 -1 22 -1 20 19 -1 -1 -1 
-1 -1 -1 -1 4 5 6 -1 -1 -1 0 -1 1 3 -1 -1 -1 -1 -1 -1 9 -1 2 10 -1 -1 7 11 -1 12 -1 -1 -1 14 -1 -1 -1 23 8 -1 13 -1 -1 -1 15 -1 -1 -1 -1 -1 17 28 -1 -1 -1 -1 -1 -1 29 -1 -1 16 27 -1 -1 -1 26 18 -1 25 -1 -1 -1 -1 -1 -1 21 -1 -1 -1 -1 24 -1 22 -1 20 19 -1 -1 -1 
-1 -1 -1 -1 4 5 6 -1 -1 -1 0 -1 1 3 -1 -1 -1 -1 -1 -1 23 -1 2 10 -1 -1 7 11 -1 12 -1 -1 -1 14 -1 -1 -1 -1 8 -1 13 -1 -1 -1 15 -1 -1 -1 -1 -1 17 28 -1 -1 -1 -1 -1 -1 29 -1 -1 16 27 -1 -1 -1 26 18 -1 25 -1 -1 -1 -1 -1 -1 21 -1 -1 -1 -1 24 -1 22 -1 20 19 -1 -1 -1 
-1 -1 -1 -1 4 5 6 -1 -1 -1 0 -1 1 3 -1 -1 -1 -1 -1 -1 10 -1 2 -1 -1 -1 7 11 -1 12 -1 -1 -1 14 -1 -1 -1 -1 8 -1 13 -1 -1 -1 15 -1 -1 -1 -1 -1 17 28 -1 -1 -1 -1 -1 -1 29 -1 -1 16 27 -1 -1 -1 26 18 -1 25 -1 -1 -1 -1 -1 -1 21 -1 -1 -1 -1 24 -1 22 -1 20 19 -1 -1 -1 
-1 -1 -1 -1 4 5 6 -1 -1 -1 0 -1 1 3 -1 -1 -1 -1 -1 -1 10 -1 2 -1 -1 -1 7 11 -1 12 -1 -1 -1 14 -1 -1 -1 -1 8 -1 13 -1 -1 -1 15 -1 -1 -1 -1 -1 -1 28 -1 -1 -1 -1 -1 17 29 -1 -1 16 27 -1 -1 -1 26 18 -1 25 -1 -1 -1 -1 -1 -1 21 -1 -1 -1 -1 24 -1 22 -1 20 19 -1 -1 -1 
-1 -1 -1 -1 4 5 6 -1 -1 -1 0 -1 1 3 -1 -1 -1 -1 -1 -1 10 -1 2 -1 -1 -1 7 11 -1 12 -1 -1 -1 14 -1 -1 -1 -1 -1 -1 13 -1 -1 -1 15 -1 -1 -1 -1 -1 -1 28 -1 -1 -1 -1 8 17 29 -1 -1 16 27 -1 -1 -1 26 18 -1 25 -1 -1 -1 -1 -1 -1 21 -1 -1 -1 -1 24 -1 22 -1 20 19 -1 -1 -1 
-1 -1 -1 -1 4 5 6 -1 -1 -1 0 -1 1 3 -1 -1 -1 -1 -1 -1 10 -1 2 -1 -1 -1 7 11 -1 12 -1 -1 -1 14 -1 -1 -1 -1 -1 -1 17 -1 -1 -1 15 -1 -1 -1 -1 -1 -1 28 -1 -1 -1 -1 8 -1 29 -1 -1 16 27 -1 -1 -1 26 18 -1 25 -1 -1 -1 -1 -1 -1 21 -1 -1 -1 -1 24 -1 22 -1 20 19 -1 -1 -1 
-1 -1 -1 -1 4 5 6 -1 -1 -1 -1 -1 1 3 -1 -1 -1 -1 -1 -1 10 -1 2 -1 -1 -1 7 11 -1 12 -1 -1 -1 14 -1 -1 -1 0 -1 -1 17 -1 -1 -1 15 -1 -1 -1 -1 -1 -1 28 -1 -1 -1 -1 8 -1 29 -1 -1 16 27 -1 -1 -1 26 18 -1 25 -1 -1 -1 -1 -1 -1 21 -1 -1 -1 -1 24 -1 22 -1 20 19 -1 -1 -1 
-1 -1 -1 -1 4 5 6 -1 -1 -1 -1 -1 1 3 -1 -1 -1 -1 -1 -1 10 -1 2 -1 -1 -1 7 11 -1 12 -1 -1 -1 14 -1 -1 -1 0 -1 -1 -1 -1 -1 -1 15 -1 -1 17 -1 -1 -1 28 -1 -1 -1 -1 8 -1 29 -1 -1 16 27 -1 -1 -1 26 18 -1 25 -1 -1 -1 -1 -1 -1 21 -1 -1 -1 -1 24 -1 22 -1 20 19 -1 -1 -1 
-1 -1 -1 -1 4 5 6 -1 -1 -1 -1 -1 1 3 -1 -1 -1 -1 -1 -1 -1 -1 2 -1 -1 -1 7 11 -1 12 -1 -1 -1 14 -1 -1 -1 0 -1 -1 -1 -1 -1 -1 15 -1 -1 9 -1 -1 -1 28 -1 -1 -1 -1 8 -1 29 -1 -1 16 27 -1 -1 -1 26 18 -1 25 -1 -1 -1 -1 -1 -1 21 -1 -1 -1 -1 24 -1 22 -1 20 19 -1 -1 -1 
-1 -1 -1 -1 4 5 6 -1 -1 -1 -1 -1 1 3 -1 -1 -1 -1 -1 -1 -1 -1 2 -1 -1 -1 7 11 -1 12 -1 -1 -1 14 -1 -1 -1 0 -1 -1 -1 -1 -1 -1 15 -1 -1 18 -1 -1 -1 28 -1 -1 -1 -1 8 -1 29 -1 -1 16 27 -1 -1 -1 26 -1 -1 25 -1 -1 -1 -1 -1 -1 21 -1 -1 -1 -1 24 -1 22 -1 20 19 -1 -1 -1 
-1 -1 -1 -1 4 5 6 -1 -1 -1 -1 -1 1 3 -1 -1 -1 -1 -1 -1 -1 -1 2 -1 -1 -1 7 11 -1 12 -1 -1 -1 14 -1 -1 -1 0 -1 -1 -1 -1 -1 -1 15 -1 -1 8 -1 -1 -1 28 -1 -1 -1 -1 -1 -1 29 -1 -1 16 27 -1 -1 -1 26 -1 -1 25 -1 -1 -1 -1 -1 -1 21 -1 -1 -1 -1 24 -1 22 -1 20 19 -1 -1 -1 
-1 -1 -1 -1 4 5 6 -1 -1 -1 -1 -1 1 3 -1 -1 -1 -1 -1 -1 -1 -1 2 -1 -1 -1 7 11 -1 12 -1 -1 -1 14 -1 -1 -1 0 -1 -1 -1 -1 -1 -1 15 -1 -1 8 -1 -1 -1 28 -1 -1 -1 -1 -1 -1 29 -1 -1 16 27 -1 -1 -1 -1 -1 -1 25 -1 -1 -1 -1 -1 -1 21 -1 -1 -1 -1 24 -1 22 26 20 19 -1 -1 -1 
-1 -1 -1 -1 4 5 6 -1 -1 -1 -1 -1 1 3 -1 -1 -1 -1 -1 -1 -1 -1 2 -1 -1 -1 7 11 -1 12 -1 -1 -1 14 -1 -1 -1 0 -1 -1 -1 -1 -1 -1 15 -1 -1 -1 -1 -1 -1 8 -1 -1 -1 -1 -1 -1 29 -1 -1 16 27 -1 -1 -1 -1 -1 -1 25 -1 -1 -1 -1 -1 -1 21 -1 -1 -1 -1 24 -1 22 26 20 19 -1 -1 -1 
-1 -1 -1 -1 4 5 6 -1 -1 -1 -1 -1 1 3 -1 -1 -1 -1 -1 -1 -1 -1 2 -1 -1 -1 7 11 -1 12 -1 -1 -1 14 -1 -1 -1 0 -1 -1 -1 -1 -1 -1 15 -1 -1 -1 -1 -1 -1 8 -1 -1 -1 -1 -1 -1 29 -1 -1 16 27 24 -1 -1 -1 -1 -1 25 -1 -1 -1 -1 -1 -1 21 -1 -1 -1 -1 -1 -1 22 26 20 19 -1 -1 -1 
-1 -1 -1 -1 4 5 6 -1 -1 -1 -1 -1 -1 3 -1 -1 -1 -1 -1 -1 -1 -1 2 -1 -1 -1 7 11 -1 12 -1 1 -1 14 -1 -1 -1 0 -1 -1 -1 -1 -1 -1 15 -1 -1 -1 -1 -1 -1 8 -1 -1 -1 -1 -1 -1 29 -1 -1 16 27 24 -1 -1 -1 -1 -1 25 -1 -1 -1 -1 -1 -1 21 -1 -1 -1 -1 -1 -1 22 26 20 19 -1 -1 -1 
-1 -1 -1 -1 4 5 6 -1 -1 -1 -1 -1 -1 3 -1 -1 -1 -1 -1 -1 -1 -1 2 -1 -1 -1 7 11 -1 12 -1 1 -1 14 -1 -1 -1 0 -1 -1 -1 -1 -1 -1 15 -1 -1 -1 -1 -1 -1 8 -1 -1 -1 -1 -1 -1 29 -1 -1 16 27 -1 -1 -1 24 -1 -1 25 -1 -1 -1 -1 -1 -1 21 -1 -1 -1 -1 -1 -1 22 26 20 19 -1 -1 -1 
-1 -1 -1 -1 4 5 6 -1 -1 -1 -1 -1 -1 3 -1 -1 -1 -1 -1 -1 -1 -1 2 -1 -1 -1 7 11 -1 12 -1 1 -1 14 -1 -1 -1 0 -1 -1 -1 -1 -1 -1 15 -1 -1 8 -1 -1 -1 -1 -1 -1 -1 -1 -1 -1 29 -1 -1 16 27 -1 -1 -1 24 -1 -1 25 -1 -1 -1 -1 -1 -1 21 -1 -1 -1 -1 -1 -1 22 26 20 19 -1 -1 -1 
-1 -1 -1 -1 4 5 6 -1 -1 -1 -1 -1 -1 3 -1 -1 -1 -1 -1 -1 -1 -1 2 -1 -1 -1 7 11 -1 12 -1 18 -1 14 -1 -1 -1 0 -1 -1 -1 -1 -1 -1 15 -1 -1 -1 -1 -1 -1 -1 -1 -1 -1 -1 -1 -1 29 -1 -1 16 27 -1 -1 -1 24 -1 -1 25 -1 -1 -1 -1 -1 -1 21 -1 -1 -1 -1 -1 -1 22 26 20 19 -1 -1 -1 
-1 -1 -1 -1 4 5 6 -1 -1 -1 -1 -1 -1 3 -1 -1 -1 -1 -1 -1 -1 -1 2 -1 -1 -1 7 11 -1 12 -1 18 -1 14 -1 -1 -1 0 -1 -1 -1 -1 -1 -1 15 -1 -1 -1 -1 -1 -1 -1 -1 -1 -1 -1 8 -1 29 -1 -1 16 27 -1 -1 -1 24 -1 -1 25 -1 -1 -1 -1 -1 -1 21 -1 -1 -1 -1 -1 -1 22 26 20 19 -1 -1 -1 
-1 -1 -1 -1 4 5 6 -1 -1 -1 -1 -1 -1 3 -1 -1 -1 -1 -1 -1 -1 -1 2 -1 -1 -1 7 11 -1 12 -1 18 -1 14 -1 -1 -1 0 -1 -1 -1 -1 -1 -1 15 -1 -1 -1 -1 -1 -1 -1 -1 -1 -1 -1 8 -1 29 -1 25 16 27 -1 -1 -1 24 -1 -1 -1 -1 -1 -1 -1 -1 -1 21 -1 -1 -1 -1 -1 -1 22 26 20 19 -1 -1 -1 
-1 -1 -1 -1 4 5 6 -1 -1 -1 -1 -1 -1 3 -1 -1 -1 -1 -1 -1 -1 -1 2 -1 -1 -1 7 11 -1 12 -1 18 -1 14 -1 -1 -1 0 8 -1 -1 -1 -1 -1 15 -1 -1 -1 -1 -1 -1 -1 -1 -1 -1 -1 -1 -1 29 -1 25 16 27 -1 -1 -1 24 -1 -1 -1 -1 -1 -1 -1 -1 -1 21 -1 -1 -1 -1 -1 -1 22 26 20 19 -1 -1 -1 
-1 -1 -1 -1 4 5 6 -1 -1 -1 -1 -1 -1 3 -1 -1 -1 -1 -1 -1 -1 -1 2 -1 -1 -1 7 11 -1 12 -1 18 -1 14 -1 -1 -1 0 8 -1 -1 -1 -1 -1 15 -1 -1 -1 -1 -1 -1 -1 16 -1 -1 -1 -1 -1 29 -1 25 -1 27 -1 -1 -1 24 -1 -1 -1 -1 -1 -1 -1 -1 -1 21 -1 -1 -1 -1 -1 -1 22 26 20 19 -1 -1 -1 
-1 -1 -1 -1 4 5 6 -1 -1 -1 -1 -1 -1 3 -1 -1 -1 -1 -1 -1 -1 -1 2 -1 -1 -1 7 11 -1 12 -1 18 -1 14 -1 -1 -1 0 -1 -1 -1 -1 8 -1 15 -1 -1 -1 -1 -1 -1 -1 16 -1 -1 -1 -1 -1 29 -1 25 -1 27 -1 -1 -1 24 -1 -1 -1 -1 -1 -1 -1 -1 -1 21 -1 -1 -1 -1 -1 -1 22 26 20 19 -1 -1 -1 
-1 -1 -1 -1 4 5 6 -1 -1 -1 -1 -1 -1 3 -1 -1 -1 -1 -1 -1 -1 -1 2 -1 -1 -1 7 11 -1 12 24 18 -1 14 -1 -1 -1 0 -1 -1 -1 -1 8 -1 15 -1 -1 -1 -1 -1 -1 -1 16 -1 -1 -1 -1 -1 29 -1 25 -1 27 -1 -1 -1 -1 -1 -1 -1 -1 -1 -1 -1 -1 -1 21 -1 -1 -1 -1 -1 -1 22 26 20 19 -1 -1 -1 
-1 -1 -1 -1 4 5 6 -1 -1 -1 -1 -1 -1 3 -1 -1 -1 -1 -1 -1 -1 -1 2 -1 -1 -1 7 11 -1 12 24 18 -1 14 -1 -1 -1 0 -1 -1 -1 -1 -1 -1 15 -1 -1 -1 -1 -1 -1 -1 16 -1 -1 -1 -1 -1 29 -1 8 -1 27 -1 -1 -1 -1 -1 -1 -1 -1 -1 -1 -1 -1 -1 21 -1 -1 -1 -1 -1 -1 22 26 20 19 -1 -1 -1 
-1 -1 -1 -1 4 5 6 -1 -1 -1 -1 -1 -1 3 -1 -1 -1 -1 -1 -1 -1 -1 2 -1 -1 -1 7 11 -1 12 -1 24 -1 14 -1 -1 -1 0 -1 -1 -1 -1 -1 -1 15 -1 -1 -1 -1 -1 -1 -1 16 -1 -1 -1 -1 -1 29 -1 8 -1 27 -1 -1 -1 -1 -1 -1 -1 -1 -1 -1 -1 -1 -1 21 -1 -1 -1 -1 -1 -1 22 26 20 19 -1 -1 -1 
-1 -1 -1 -1 4 5 6 -1 -1 -1 -1 -1 -1 3 -1 -1 -1 -1 -1 -1 -1 -1 2 -1 -1 -1 7 11 -1 12 -1 24 -1 14 -1 -1 -1 -1 -1 -1 -1 -1 -1 -1 15 -1 -1 -1 -1 -1 -1 -1 16 -1 -1 0 -1 -1 29 -1 8 -1 27 -1 -1 -1 -1 -1 -1 -1 -1 -1 -1 -1 -1 -1 21 -1 -1 -1 -1 -1 -1 22 26 20 19 -1 -1 -1 
-1 -1 -1 -1 4 5 6 -1 -1 -1 -1 -1 -1 3 -1 -1 -1 -1 -1 -1 -1 -1 2 -1 -1 -1 7 11 -1 12 -1 24 -1 14 -1 -1 -1 -1 -1 -1 -1 -1 -1 -1 15 -1 -1 -1 -1 29 -1 -1 16 -1 -1 0 -1 -1 -1 -1 8 -1 27 -1 -1 -1 -1 -1 -1 -1 -1 -1 -1 -1 -1 -1 21 -1 -1 -1 -1 -1 -1 22 26 20 19 -1 -1 -1 
-1 -1 -1 -1 4 5 6 -1 -1 -1 -1 -1 -1 3 -1 -1 -1 -1 -1 -1 -1 -1 2 -1 -1 -1 7 11 -1 -1 -1 24 -1 14 -1 -1 -1 -1 12 -1 -1 -1 -1 -1 15 -1 -1 -1 -1 29 -1 -1 16 -1 -1 0 -1 -1 -1 -1 8 -1 27 -1 -1 -1 -1 -1 -1 -1 -1 -1 -1 -1 -1 -1 21 -1 -1 -1 -1 -1 -1 22 26 20 19 -1 -1 -1 
-1 -1 -1 -1 4 5 6 -1 -1 -1 -1 -1 -1 3 -1 -1 -1 -1 -1 -1 -1 -1 2 -1 -1 -1 7 11 -1 -1 -1 24 -1 14 -1 -1 -1 -1 12 -1 -1 -1 -1 -1 15 31 -1 -1 -1 29 -1 -1 16 -1 -1 0 -1 -1 -1 -1 8 -1 27 -1 -1 -1 -1 -1 -1 -1 -1 -1 -1 -1 -1 -1 21 -1 -1 -1 -1 -1 -1 22 26 20 19 -1 -1 -1 
-1 -1 -1 -1 4 5 6 -1 -1 -1 -1 -1 -1 3 -1 -1 -1 -1 -1 -1 -1 -1 2 -1 -1 -1 7 11 -1 -1 -1 24 -1 14 -1 -1 -1 -1 12 -1 -1 -1 -1 -1 15 31 -1 -1 -1 29 -1 -1 16 -1 -1 0 -1 -1 8 -1 -1 -1 27 -1 -1 -1 -1 -1 -1 -1 -1 -1 -1 -1 -1 -1 21 -1 -1 -1 -1 -1 -1 22 26 20 19 -1 -1 -1 
-1 -1 -1 -1 4 5 6 -1 -1 -1 -1 -1 -1 3 -1 -1 -1 -1 -1 -1 -1 -1 2 -1 -1 -1 7 11 -1 -1 -1 -1 -1 14 -1 -1 -1 -1 12 -1 -1 -1 -1 -1 15 31 -1 18 -1 29 -1 -1 16 -1 -1 0 -1 -1 8 -1 -1 -1 27 -1 -1 -1 -1 -1 -1 -1 -1 -1 -1 -1 -1 -1 21 -1 -1 -1 -1 -1 -1 22 26 20 19 -1 -1 -1 
-1 -1 -1 -1 4 5 6 -1 -1 -1 -1 -1 -1 3 -1 -1 -1 -1 -1 -1 -1 -1 2 -1 -1 -1 7 11 -1 -1 -1 -1 -1 14 -1 -1 -1 -1 12 -1 -1 -1 -1 -1 15 31 0 18 -1 29 -1 -1 16 -1 -1 -1 -1 -1 8 -1 -1 -1 27 -1 -1 -1 -1 -1 -1 -1 -1 -1 -1 -1 -1 -1 21 -1 -1 -1 -1 -1 -1 22 26 20 19 -1 -1 -1 
-1 -1 -1 -1 4 5 6 -1 -1 -1 -1 -1 -1 3 -1 -1 -1 -1 -1 -1 -1 -1 2 -1 -1 -1 7 24 -1 -1 -1 -1 -1 14 -1 -1 -1 -1 12 -1 -1 -1 -1 -1 15 31 0 18 -1 29 -1 -1 16 -1 -1 -1 -1 -1 8 -1 -1 -1 27 -1 -1 -1 -1 -1 -1 -1 -1 -1 -1 -1 -1 -1 21 -1 -1 -1 -1 -1 -1 22 26 20 19 -1 -1 -1 
-1 -1 -1 -1 4 5 6 -1 -1 -1 -1 -1 -1 3 -1 -1 -1 -1 -1 -1 -1 -1 2 -1 -1 -1 7 24 -1 -1 -1 -1 -1 14 -1 -1 -1 -1 12 -1 -1 -1 -1 -1 15 31 -1 18 -1 0 -1 -1 16 -1 -1 -1 -1 -1 8 -1 -1 -1 27 -1 -1 -1 -1 -1 -1 -1 -1 -1 -1 -1 -1 -1 21 -1 -1 -1 -1 -1 -1 22 26 20 19 -1 -1 -1 
-1 -1 -1 -1 4 5 6 -1 -1 -1 -1 -1 -1 3 -1 -1 16 -1 -1 -1 -1 -1 2 -1 -1 -1 7 24 -1 -1 -1 -1 -1 14 -1 -1 -1 -1 12 -1 -1 -1 -1 -1 15 31 -1 18 -1 0 -1 -1 -1 -1 -1 -1 -1 -1 8 -1 -1 -1 27 -1 -1 -1 -1 -1 -1 -1 -1 -1 -1 -1 -1 -1 21 -1 -1 -1 -1 -1 -1 22 26 20 19 -1 -1 -1 
-1 -1 -1 -1 4 5 6 -1 -1 -1 -1 -1 -1 3 -1 -1 16 -1 -1 -1 -1 -1 2 -1 -1 -1 7 24 -1 -1 -1 -1 -1 14 -1 -1 -1 -1 12 -1 -1 -1 -1 -1 15 31 -1 18 0 -1 -1 -1 -1 -1 -1 -1 -1 -1 8 -1 -1 -1 27 -1 -1 -1 -1 -1 -1 -1 -1 -1 -1 -1 -1 -1 21 -1 -1 -1 -1 -1 -1 22 26 20 19 -1 -1 -1 
-1 -1 -1 -1 4 5 6 -1 -1 -1 -1 -1 -1 3 -1 -1 -1 -1 -1 -1 -1 -1 2 -1 -1 16 7 24 -1 -1 -1 -1 -1 14 -1 -1 -1 -1 12 -1 -1 -1 -1 -1 15 31 -1 18 0 -1 -1 -1 -1 -1 -1 -1 -1 -1 8 -1 -1 -1 27 -1 -1 -1 -1 -1 -1 -1 -1 -1 -1 -1 -1 -1 21 -1 -1 -1 -1 -1 -1 22 26 20 19 -1 -1 -1 
-1 -1 -1 -1 4 5 6 -1 -1 -1 -1 -1 -1 3 -1 -1 -1 -1 -1 -1 -1 -1 2 -1 -1 16 7 24 -1 -1 -1 -1 -1 -1 -1 -1 -1 -1 12 -1 -1 -1 14 -1 15 31 -1 18 0 -1 -1 -1 -1 -1 -1 -1 -1 -1 8 -1 -1 -1 27 -1 -1 -1 -1 -1 -1 -1 -1 -1 -1 -1 -1 -1 21 -1 -1 -1 -1 -1 -1 22 26 20 19 -1 -1 -1 
-1 -1 -1 -1 4 5 6 -1 -1 -1 -1 -1 -1 3 -1 -1 -1 -1 -1 -1 -1 -1 2 -1 -1 16 7 24 -1 -1 -1 -1 -1 -1 -1 -1 31 -1 12 -1 -1 -1 14 -1 15 -1 -1 18 0 -1 -1 -1 -1 -1 -1 -1 -1 -1 8 -1 -1 -1 27 -1 -1 -1 -1 -1 -1 -1 -1 -1 -1 -1 -1 -1 21 -1 -1 -1 -1 -1 -1 22 26 20 19 -1 -1 -1 
-1 -1 -1 -1 4 5 6 -1 -1 -1 -1 -1 -1 3 -1 -1 -1 -1 -1 -1 -1 -1 2 -1 -1 16 7 24 -1 -1 -1 -1 -1 -1 -1 -1 31 -1 -1 -1 -1 -1 14 -1 15 -1 -1 12 0 -1 -1 -1 -1 -1 -1 -1 -1 -1 8 -1 -1 -1 27 -1 -1 -1 -1 -1 -1 -1 -1 -1 -1 -1 -1 -1 21 -1 -1 -1 -1 -1 -1 22 26 20 19 -1 -1 -1 
-1 -1 -1 -1 4 5 6 -1 -1 -1 -1 -1 -1 3 -1 -1 -1 -1 -1 -1 -1 -1 2 -1 -1 -1 7 24 -1 -1 -1 -1 -1 -1 -1 -1 31 -1 -1 -1 -1 -1 14 -1 15 -1 -1 12 0 -1 -1 -1 -1 -1 -1 -1 -1 -1 8 -1 -1 -1 27 -1 -1 -1 -1 -1 -1 -1 16 -1 -1 -1 -1 -1 21 -1 -1 -1 -1 -1 -1 22 26 20 19 -1 -1 -1 
-1 -1 -1 -1 4 5 6 -1 -1 -1 -1 -1 -1 3 -1 -1 -1 -1 -1 -1 -1 -1 2 -1 -1 -1 7 24 -1 -1 -1 -1 -1 -1 -1 -1 31 -1 -1 -1 -1 -1 14 -1 15 -1 -1 -1 0 -1 -1 -1 -1 -1 -1 -1 12 -1 8 -1 -1 -1 27 -1 -1 -1 -1 -1 -1 -1 16 -1 -1 -1 -1 -1 21 -1 -1 -1 -1 -1 -1 22 26 20 19 -1 -1 -1 
-1 -1 -1 -1 4 5 6 -1 -1 -1 -1 -1 -1 3 -1 -1 -1 -1 -1 -1 -1 -1 2 -1 -1 -1 7 24 -1 -1 -1 -1 -1 -1 -1 -1 -1 31 -1 -1 -1 -1 14 -1 15 -1 -1 -1 0 -1 -1 -1 -1 -1 -1 -1 12 -1 8 -1 -1 -1 27 -1 -1 -1 -1 -1 -1 -1 16 -1 -1 -1 -1 -1 21 -1 -1 -1 -1 -1 -1 22 26 20 19 -1 -1 -1 
-1 -1 -1 -1 4 5 6 -1 -1 -1 -1 -1 -1 3 -1 -1 -1 -1 -1 -1 -1 -1 2 -1 -1 -1 7 24 -1 -1 -1 -1 -1 -1 -1 -1 -1 31 -1 -1 -1 -1 -1 -1 15 -1 -1 -1 0 -1 -1 14 -1 -1 -1 -1 12 -1 8 -1 -1 -1 27 -1 -1 -1 -1 -1 -1 -1 16 -1 -1 -1 -1 -1 21 -1 -1 -1 -1 -1 -1 22 26 20 19 -1 -1 -1 
-1 -1 -1 -1 4 5 6 -1 -1 -1 -1 -1 -1 3 -1 -1 -1 -1 -1 -1 -1 -1 2 -1 -1 -1 7 24 31 -1 -1 -1 -1 -1 -1 -1 -1 -1 -1 -1 -1 -1 -1 -1 15 -1 -1 -1 0 -1 -1 14 -1 -1 -1 -1 12 -1 8 -1 -1 -1 27 -1 -1 -1 -1 -1 -1 -1 16 -1 -1 -1 -1 -1 21 -1 -1 -1 -1 -1 -1 22 26 20 19 -1 -1 -1 
-1 -1 -1 -1 4 5 6 -1 -1 -1 -1 -1 -1 3 -1 -1 -1 -1 -1 -1 -1 -1 2 -1 -1 -1 -1 24 31 -1 -1 -1 -1 7 -1 -1 -1 -1 -1 -1 -1 -1 -1 -1 15 -1 -1 -1 0 -1 -1 14 -1 -1 -1 -1 12 -1 8 -1 -1 -1 27 -1 -1 -1 -1 -1 -1 -1 16 -1 -1 -1 -1 -1 21 -1 -1 -1 -1 -1 -1 22 26 20 19 -1 -1 -1 
-1 -1 -1 -1 4 5 6 -1 -1 -1 -1 -1 -1 3 -1 -1 -1 -1 -1 31 -1 -1 2 -1 -1 -1 -1 24 -1 -1 -1 -1 -1 7 -1 -1 -1 -1 -1 -1 -1 -1 -1 -1 15 -1 -1 -1 0 -1 -1 14 -1 -1 -1 -1 12 -1 8 -1 -1 -1 27 -1 -1 -1 -1 -1 -1 -1 16 -1 -1 -1 -1 -1 21 -1 -1 -1 -1 -1 -1 22 26 20 19 -1 -1 -1 
-1 -1 -1 -1 4 5 6 -1 -1 -1 -1 -1 -1 3 -1 -1 -1 -1 -1 31 -1 -1 2 -1 -1 -1 -1 24 -1 -1 -1 -1 -1 -1 -1 -1 -1 -1 -1 -1 7 -1 -1 -1 15 -1 -1 -1 0 -1 -1 14 -1 -1 -1 -1 12 -1 8 -1 -1 -1 27 -1 -1 -1 -1 -1 -1 -1 16 -1 -1 -1 -1 -1 21 -1 -1 -1 -1 -1 -1 22 26 20 19 -1 -1 -1 
-1 -1 -1 -1 4 5 6 -1 -1 -1 31 -1 -1 3 -1 -1 -1 -1 -1 -1 -1 -1 2 -1 -1 -1 -1 24 -1 -1 -1 -1 -1 -1 -1 -1 -1 -1 -1 -1 7 -1 -1 -1 15 -1 -1 -1 0 -1 -1 14 -1 -1 -1 -1 12 -1 8 -1 -1 -1 27 -1 -1 -1 -1 -1 -1 -1 16 -1 -1 -1 -1 -1 21 -1 -1 -1 -1 -1 -1 22 26 20 19 -1 -1 -1 
-1 -1 -1 -1 4 5 6 -1 -1 -1 31 -1 -1 3 -1 -1 -1 -1 -1 -1 -1 -1 2 -1 -1 -1 -1 24 -1 -1 -1 -1 -1 -1 -1 -1 -1 -1 -1 -1 7 -1 -1 -1 15 -1 -1 -1 0 -1 1 14 -1 -1 -1 -1 12 -1 8 -1 -1 -1 27 -1 -1 -1 -1 -1 -1 -1 16 -1 -1 -1 -1 -1 21 -1 -1 -1 -1 -1 -1 22 26 20 19 -1 -1 -1 
-1 -1 -1 -1 4 5 6 -1 -1 -1 31 -1 -1 3 -1 -1 -1 -1 -1 -1 -1 -1 2 -1 -1 -1 -1 24 -1 -1 -1 -1 -1 -1 -1 -1 -1 -1 -1 -1 7 -1 -1 -1 15 -1 -1 -1 0 -1 1 14 -1 -1 -1 -1 12 -1 8 -1 -1 -1 27 -1 -1 -1 -1 -1 16 -1 -1 -1 -1 -1 -1 -1 21 -1 -1 -1 -1 -1 -1 22 26 20 19 -1 -1 -1 
-1 -1 -1 -1 4 5 6 -1 -1 -1 31 -1 -1 3 -1 -1 -1 -1 -1 -1 -1 -1 2 -1 -1 -1 -1 24 -1 -1 -1 -1 -1 -1 -1 -1 -1 -1 -1 -1 7 -1 -1 -1 15 -1 -1 -1 0 -1 1 -1 -1 -1 -1 -1 12 -1 8 -1 14 -1 27 -1 -1 -1 -1 -1 16 -1 -1 -1 -1 -1 -1 -1 21 -1 -1 -1 -1 -1 -1 22 26 20 19 -1 -1 -1 
-1 -1 -1 -1 4 5 6 -1 -1 -1 -1 31 -1 3 -1 -1 -1 -1 -1 -1 -1 -1 2 -1 -1 -1 -1 24 -1 -1 -1 -1 -1 -1 -1 -1 -1 -1 -1 -1 7 -1 -1 -1 15 -1 -1 -1 0 -1 1 -1 -1 -1 -1 -1 12 -1 8 -1 14 -1 27 -1 -1 -1 -1 -1 16 -1 -1 -1 -1 -1 -1 -1 21 -1 -1 -1 -1 -1 -1 22 26 20 19 -1 -1 -1 
-1 -1 -1 3 4 5 6 -1 -1 -1 -1 31 -1 -1 -1 -1 -1 -1 -1 -1 -1 -1 2 -1 -1 -1 -1 24 -1 -1 -1 -1 -1 -1 -1 -1 -1 -1 -1 -1 7 -1 -1 -1 15 -1 -1 -1 0 -1 1 -1 -1 -1 -1 -1 12 -1 8 -1 14 -1 27 -1 -1 -1 -1 -1 16 -1 -1 -1 -1 -1 -1 -1 21 -1 -1 -1 -1 -1 -1 22 26 20 19 -1 -1 -1 
-1 -1 -1 3 4 5 6 -1 -1 -1 -1 31 -1 -1 -1 -1 -1 -1 -1 -1 -1 -1 2 -1 -1 -1 -1 -1 -1 24 -1 -1 -1 -1 -1 -1 -1 -1 -1 -1 7 -1 -1 -1 15 -1 -1 -1 0 -1 1 -1 -1 -1 -1 -1 12 -1 8 -1 14 -1 27 -1 -1 -1 -1 -1 16 -1 -1 -1 -1 -1 -1 -1 21 -1 -1 -1 -1 -1 -1 22 26 20 19 -1 -1 -1 
-1 -1 -1 3 4 5 6 -1 -1 -1 -1 31 -1 -1 -1 -1 -1 -1 -1 -1 -1 -1 2 -1 -1 -1 -1 -1 -1 24 -1 -1 -1 -1 -1 -1 -1 -1 -1 -1 7 -1 -1 -1 15 -1 -1 -1 -1 -1 1 -1 -1 -1 -1 -1 12 -1 8 -1 14 -1 27 -1 -1 -1 0 -1 16 -1 -1 -1 -1 -1 -1 -1 21 -1 -1 -1 -1 -1 -1 22 26 20 19 -1 -1 -1 
-1 -1 -1 3 4 5 6 -1 -1 -1 -1 31 -1 -1 -1 -1 -1 -1 -1 -1 -1 -1 2 -1 -1 -1 -1 -1 -1 -1 -1 -1 -1 -1 -1 -1 -1 -1 -1 -1 7 -1 -1 -1 15 -1 -1 -1 -1 -1 1 -1 -1 -1 -1 -1 24 -1 8 -1 14 -1 27 -1 -1 -1 0 -1 16 -1 -1 -1 -1 -1 -1 -1 21 -1 -1 -1 -1 -1 -1 22 26 20 19 -1 -1 -1 
-1 -1 -1 3 4 5 6 -1 -1 -1 -1 31 -1 -1 -1 -1 -1 -1 -1 -1 -1 -1 2 -1 -1 -1 -1 -1 -1 -1 -1 -1 -1 -1 -1 -1 -1 -1 -1 -1 7 -1 -1 -1 15 -1 -1 -1 -1 -1 1 -1 -1 -1 -1 -1 24 -1 8 -1 14 -1 27 -1 -1 -1 -1 -1 16 -1 -1 -1 -1 -1 -1 -1 21 -1 -1 -1 -1 -1 -1 22 0 20 19 -1 -1 -1 
