0 1 2 3 4 5 6 7 8 -1 -1 -1 -1 -1 -1 -1 -1 -1 -1 9 -1 -1 -1 -1 -1 10 -1 11 -1 12 -1 28 -1 14 -1 15 -1 -1 -1 -1 -1 -1 -1 -1 -1 -1 -1 30 -1 -1 -1 -1 -1 -1 -1 -1 -1 -1 29 -1 -1 -1 27 -1 26 -1 -1 -1 -1 -1 25 -1 -1 -1 -1 -1 -1 -1 -1 -1 -1 24 23 22 21 20 19 18 17 16 
0 1 2 3 4 5 6 7 8 -1 -1 -1 -1 -1 -1 -1 -1 -1 -1 -1 9 -1 -1 -1 -1 10 -1 11 -1 12 -1 28 -1 14 -1 15 -1 -1 -1 -1 -1 -1 -1 -1 -1 -1 -1 30 -1 -1 -1 -1 -1 -1 -1 -1 -1 -1 29 -1 -1 -1 27 -1 26 -1 -1 -1 -1 -1 25 -1 -1 -1 -1 -1 -1 -1 -1 -1 -1 24 23 22 21 20 19 18 17 16 
0 1 2 3 4 5 6 7 8 -1 -1 -1 -1 -1 -1 -1 -1 -1 -1 -1 9 -1 -1 -1 -1 10 -1 11 -1 12 -1 28 -1 14 -1 15 -1 -1 -1 -1 -1 -1 -1 -1 -1 -1 -1 30 -1 -1 -1 -1 -1 -1 -1 -1 -1 -1 29 -1 -1 -1 27 -1 26 -1 -1 25 -1 -1 -1 -1 -1 -1 -1 -1 -1 -1 -1 -1 -1 24 23 22 21 20 19 18 17 16 
0 1 -1 3 4 5 6 7 8 -1 -1 -1 -1 -1 -1 -1 -1 -1 -1 -1 9 -1 2 -1 -1 10 -1 11 -1 12 -1 28 -1 14 -1 15 -1 -1 -1 -1 -1 -1 -1 -1 -1 -1 -1 30 -1 -1 -1 -1 -1 -1 -1 -1 -1 -1 29 -1 -1 -1 27 -1 26 -1 -1 25 -1 -1 -1 -1 -1 -1 -1 -1 -1 -1 -1 -1 -1 24 23 22 21 20 19 18 17 16 
0 1 -1 3 4 5 6 7 8 -1 -1 -1 -1 -1 -1 -1 -1 -1 -1 -1 9 -1 2 -1 -1 10 -1 11 -1 12 -1 28 -1 14 -1 15 -1 -1 -1 -1 -1 -1 -1 -1 -1 -1 -1 30 -1 -1 -1 -1 -1 -1 -1 -1 -1 -1 29 -1 -1 -1 27 -1 26 -1 -1 25 -1 17 -1 -1 -1 -1 -1 -1 -1 -1 -1 -1 -1 24 23 22 21 20 19 18 -1 16 
0 1 -1 3 4 5 6 7 -1 -1 -1 -1 -1 -1 -1 -1 -1 8 -1 -1 9 -1 2 -1 -1 10 -1 11 -1 12 -1 28 -1 14 -1 15 -1 -1 -1 -1 -1 -1 -1 -1 -1 -1 -1 30 -1 -1 -1 -1 -1 -1 -1 -1 -1 -1 29 -1 -1 -1 27 -1 26 -1 -1 25 -1 17 -1 -1 -1 -1 -1 -1 -1 -1 -1 -1 -1 24 23 22 21 20 19 18 -1 16 
0 1 -1 3 4 5 6 7 -1 -1 -1 -1 -1 -1 -1 -1 -1 8 -1 -1 9 -1 2 -1 -1 10 -1 11 -1 12 -1 28 -1 14 -1 15 -1 -1 -1 -1 -1 -1 -1 -1 -1 -1 -1 30 -1 -1 -1 -1 -1 -1 -1 -1 -1 -1 29 -1 -1 -1 27 -1 26 -1 -1 25 -1 17 -1 -1 -1 -1 -1 -1 -1 -1 -1 -1 -1 24 23 22 21 20 19 18 16 -1 
0 1 -1 3 4 5 6 7 -1 -1 8 -1 -1 -1 -1 -1 -1 -1 -1 -1 9 -1 2 -1 -1 10 -1 11 -1 12 -1 28 -1 14 -1 15 -1 -1 -1 -1 -1 -1 -1 -1 -1 -1 -1 30 -1 -1 -1 -1 -1 -1 -1 -1 -1 -1 29 -1 -1 -1 27 -1 26 -1 -1 25 -1 17 -1 -1 -1 -1 -1 -1 -1 -1 -1 -1 -1 24 23 22 21 20 19 18 16 -1 
0 1 -1 3 4 5 6 7 -1 -1 8 -1 -1 -1 -1 -1 -1 -1 -1 -1 9 -1 2 -1 -1 10 -1 11 -1 12 -1 28 -1 14 -1 15 -1 -1 -1 -1 -1 -1 -1 -1 -1 -1 -1 30 -1 -1 -1 -1 -1 -1 -1 -1 -1 -1 29 -1 -1 -1 27 -1 26 23 -1 25 -1 17 -1 -1 -1 -1 -1 -1 -1 -1 -1 -1 -1 24 -1 22 21 20 19 18 16 -1 
0 -1 -1 3 4 5 6 7 -1 -1 8 -1 1 -1 -1 -1 -1 -1 -1 -1 9 -1 2 -1 -1 10 -1 11 -1 12 -1 28 -1 14 -1 15 -1 -1 -1 -1 -1 -1 -1 -1 -1 -1 -1 30 -1 -1 -1 -1 -1 -1 -1 -1 -1 -1 29 -1 -1 -1 27 -1 26 23 -1 25 -1 17 -1 -1 -1 -1 -1 -1 -1 -1 -1 -1 -1 24 -1 22 21 20 19 18 16 -1 
0 -1 -1 3 4 5 6 7 -1 -1 8 -1 1 -1 -1 -1 -1 -1 -1 -1 9 -1 2 -1 -1 10 -1 11 -1 12 -1 28 -1 14 -1 15 -1 -1 -1 -1 -1 -1 -1 -1 -1 -1 -1 30 -1 -1 -1 -1 -1 -1 -1 -1 -1 -1 29 -1 -1 -1 27 26 -1 23 -1 25 -1 17 -1 -1 -1 -1 -1 -1 -1 -1 -1 -1 -1 24 -1 22 21 20 19 18 16 -1 
0 -1 -1 3 4 5 6 -1 -1 -1 8 -1 1 -1 -1 -1 -1 -1 -1 -1 9 -1 2 -1 -1 10 7 11 -1 12 -1 28 -1 14 -1 15 -1 -1 -1 -1 -1 -1 -1 -1 -1 -1 -1 30 -1 -1 -1 -1 -1 -1 -1 -1 -1 -1 29 -1 -1 -1 27 26 -1 23 -1 25 -1 17 -1 -1 -1 -1 -1 -1 -1 -1 -1 -1 -1 24 -1 22 21 20 19 18 16 -1 
0 -1 -1 3 4 5 6 -1 -1 -1 8 -1 1 -1 -1 -1 -1 -1 -1 -1 9 -1 2 -1 -1 10 7 11 -1 12 -1 28 -1 14 -1 15 -1 -1 -1 -1 -1 -1 -1 -1 -1 -1 -1 30 23 -1 -1 -1 -1 -1 -1 -1 -1 -1 29 -1 -1 -1 27 26 -1 -1 -1 25 -1 17 -1 -1 -1 -1 -1 -1 -1 -1 -1 -1 -1 24 -1 22 21 20 19 18 16 -1 
0 -1 -1 3 4 5 6 -1 -1 -1 8 -1 1 -1 -1 -1 -1 -1 -1 -1 9 -1 2 -1 -1 10 7 11 -1 12 -1 28 -1 14 -1 -1 -1 -1 -1 -1 -1 -1 -1 -1 15 -1 -1 30 23 -1 -1 -1 -1 -1 -1 -1 -1 -1 29 -1 -1 -1 27 26 -1 -1 -1 25 -1 17 -1 -1 -1 -1 -1 -1 -1 -1 -1 -1 -1 24 -1 22 21 20 19 18 16 -1 
0 -1 -1 3 4 5 6 -1 -1 -1 8 -1 1 -1 -1 -1 -1 -1 -1 -1 9 -1 2 -1 -1 10 7 11 -1 12 -1 28 -1 14 -1 -1 -1 -1 -1 -1 -1 -1 -1 -1 15 -1 -1 30 23 -1 -1 -1 -1 -1 -1 -1 -1 -1 29 -1 -1 -1 27 26 -1 -1 25 -1 -1 17 -1 -1 -1 -1 -1 -1 -1 -1 -1 -1 -1 24 -1 22 21 20 19 18 16 -1 
-1 -1 -1 3 4 5 6 -1 -1 0 8 -1 1 -1 -1 -1 -1 -1 -1 -1 9 -1 2 -1 -1 10 7 11 -1 12 -1 28 -1 14 -1 -1 -1 -1 -1 -1 -1 -1 -1 -1 15 -1 -1 30 23 -1 -1 -1 -1 -1 -1 -1 -1 -1 29 -1 -1 -1 27 26 -1 -1 25 -1 -1 17 -1 -1 -1 -1 -1 -1 -1 -1 -1 -1 -1 24 -1 22 21 20 19 18 16 -1 
-1 -1 -1 3 4 5 6 -1 -1 0 8 -1 1 -1 -1 -1 -1 -1 -1 -1 9 -1 2 -1 -1 10 7 11 -1 12 -1 28 -1 14 -1 -1 -1 -1 -1 -1 -1 -1 -1 -1 15 -1 -1 30 23 -1 -1 -1 -1 -1 -1 -1 -1 -1 29 -1 -1 -1 27 26 -1 -1 25 18 -1 17 -1 -1 -1 -1 -1 -1 -1 -1 -1 -1 -1 24 -1 22 21 20 19 -1 16 -1 
-1 -1 -1 3 4 5 6 -1 -1 0 -1 -1 1 -1 -1 -1 -1 -1 -1 -1 9 -1 2 -1 -1 10 7 11 -1 12 -1 28 -1 14 -1 -1 -1 -1 -1 -1 -1 -1 -1 -1 15 -1 -1 30 23 -1 -1 -1 -1 -1 -1 8 -1 -1 29 -1 -1 -1 27 26 -1 -1 25 18 -1 17 -1 -1 -1 -1 -1 -1 -1 -1 -1 -1 -1 24 -1 22 21 20 19 -1 16 -1 
-1 -1 -1 3 4 5 6 -1 -1 0 -1 -1 1 -1 -1 -1 -1 -1 -1 -1 9 -1 2 -1 -1 10 7 11 -1 12 -1 28 -1 14 -1 -1 -1 -1 -1 -1 -1 -1 -1 -1 15 -1 -1 30 23 -1 -1 -1 -1 -1 -1 8 -1 -1 29 -1 -1 -1 27 26 -1 -1 25 18 -1 17 -1 -1 -1 -1 -1 -1 21 -1 -1 -1 -1 24 -1 22 -1 20 19 -1 16 -1 
-1 -1 -1 3 4 5 6 -1 -1 0 -1 -1 1 -1 -1 -1 -1 -1 -1 -1 9 -1 2 -1 -1 10 7 11 -1 12 -1 28 -1 14 -1 -1 -1 -1 -1 -1 -1 -1 -1 -1 15 -1 -1 30 23 -1 -1 -1 -1 -1 -1 -1 -1 8 29 -1 -1 -1 27 26 -1 -1 25 18 -1 17 -1 -1 -1 -1 -1 -1 21 -1 -1 -1 -1 24 -1 22 -1 20 19 -1 16 -1 
-1 -1 -1 3 4 5 6 -1 -1 0 -1 -1 1 -1 -1 -1 -1 -1 -1 -1 9 -1 2 -1 -1 10 7 11 -1 12 -1 28 -1 14 -1 -1 -1 -1 -1 -1 -1 -1 -1 -1 15 -1 -1 30 23 -1 -1 -1 16 -1 -1 -1 -1 8 29 -1 -1 -1 27 26 -1 -1 25 18 -1 17 -1 -1 -1 -1 -1 -1 21 -1 -1 -1 -1 24 -1 22 -1 20 19 -1 -1 -1 
-1 -1 -1 3 4 5 6 -1 -1 -1 0 -1 1 -1 -1 -1 -1 -1 -1 -1 9 -1 2 -1 -1 10 7 11 -1 12 -1 28 -1 14 -1 -1 -1 -1 -1 -1 -1 -1 -1 -1 15 -1 -1 30 23 -1 -1 -1 16 -1 -1 -1 -1 8 29 -1 -1 -1 27 26 -1 -1 25 18 -1 17 -1 -1 -1 -1 -1 -1 21 -1 -1 -1 -1 24 -1 22 -1 20 19 -1 -1 -1 
-1 -1 -1 3 4 5 6 -1 -1 -1 0 -1 1 -1 -1 -1 -1 -1 -1 -1 9 -1 2 -1 -1 10 7 11 -1 12 -1 28 -1 14 -1 -1 -1 -1 -1 -1 -1 -1 -1 -1 15 -1 -1 30 23 -1 -1 -1 16 -1 -1 -1 -1 8 29 -1 -1 -1 27 26 -1 -1 -1 18 -1 17 -1 -1 -1 -1 -1 -1 21 -1 -1 -1 -1 24 -1 22 25 20 19 -1 -1 -1 
-1 -1 -1 3 4 5 6 -1 -1 -1 -1 -1 1 -1 -1 -1 -1 -1 -1 -1 9 -1 2 -1 -1 10 7 11 -1 12 -1 28 -1 14 -1 -1 -1 -1 -1 -1 -1 -1 -1 -1 15 -1 -1 30 23 -1 -1 -1 16 -1 -1 -1 -1 8 29 -1 -1 -1 27 26 0 -1 -1 18 -1 17 -1 -1 -1 -1 -1 -1 21 -1 -1 -1 -1 24 -1 22 25 20 19 -1 -1 -1 
-1 -1 -1 3 4 5 6 -1 -1 -1 -1 -1 1 -1 -1 -1 -1 -1 -1 -1 9 -1 2 -1 -1 10 7 26 -1 12 -1 28 -1 14 -1 -1 -1 -1 -1 -1 -1 -1 -1 -1 15 -1 -1 30 23 -1 -1 -1 16 -1 -1 -1 -1 8 29 -1 -1 -1 27 -1 0 -1 -1 18 -1 17 -1 -1 -1 -1 -1 -1 21 -1 -1 -1 -1 24 -1 22 25 20 19 -1 -1 -1 
-1 -1 -1 3 4 5 6 -1 -1 -1 -1 -1 1 -1 -1 -1 -1 -1 9 -1 -1 -1 2 -1 -1 10 7 26 -1 12 -1 28 -1 14 -1 -1 -1 -1 -1 -1 -1 -1 -1 -1 15 -1 -1 30 23 -1 -1 -1 16 -1 -1 -1 -1 8 29 -1 -1 -1 27 -1 0 -1 -1 18 -1 17 -1 -1 -1 -1 -1 -1 21 -1 -1 -1 -1 24 -1 22 25 20 19 -1 -1 -1 
-1 -1 -1 3 4 5 6 -1 -1 -1 -1 -1 1 -1 -1 -1 -1 -1 9 -1 -1 -1 2 -1 -1 10 7 26 -1 12 -1 28 -1 14 -1 -1 -1 -1 -1 -1 -1 -1 -1 -1 15 -1 -1 30 23 -1 -1 -1 16 -1 -1 -1 -1 8 29 -1 -1 -1 27 24 0 -1 -1 18 -1 17 -1 -1 -1 -1 -1 -1 21 -1 -1 -1 -1 -1 -1 22 25 20 19 -1 -1 -1 
-1 -1 -1 3 4 5 6 -1 -1 -1 -1 -1 1 -1 -1 -1 -1 -1 9 -1 -1 -1 2 -1 -1 10 7 26 0 12 -1 28 -1 14 -1 -1 -1 -1 -1 -1 -1 -1 -1 -1 15 -1 -1 30 23 -1 -1 -1 16 -1 -1 -1 -1 8 29 -1 -1 -1 27 24 -1 -1 -1 18 -1 17 -1 -1 -1 -1 -1 -1 21 -1 -1 -1 -1 -1 -1 22 25 20 19 -1 -1 -1 
-1 -1 -1 3 4 5 6 -1 -1 -1 -1 -1 1 -1 -1 -1 -1 -1 9 -1 -1 -1 2 -1 -1 10 7 -1 0 12 -1 28 -1 14 -1 -1 -1 -1 -1 -1 -1 -1 -1 -1 15 26 -1 30 23 -1 -1 -1 16 -1 -1 -1 -1 8 29 -1 -1 -1 27 24 -1 -1 -1 18 -1 17 -1 -1 -1 -1 -1 -1 21 -1 -1 -1 -1 -1 -1 22 25 20 19 -1 -1 -1 
-1 -1 -1 3 4 5 6 -1 -1 -1 -1 -1 1 -1 -1 -1 -1 -1 9 -1 -1 -1 2 10 -1 -1 7 -1 0 12 -1 28 -1 14 -1 -1 -1 -1 -1 -1 -1 -1 -1 -1 15 26 -1 30 23 -1 -1 -1 16 -1 -1 -1 -1 8 29 -1 -1 -1 27 24 -1 -1 -1 18 -1 17 -1 -1 -1 -1 -1 -1 21 -1 -1 -1 -1 -1 -1 22 25 20 19 -1 -1 -1 
-1 -1 -1 3 4 5 6 -1 -1 -1 -1 -1 1 -1 -1 -1 -1 -1 9 -1 -1 -1 2 10 -1 -1 7 -1 0 12 -1 28 -1 14 -1 -1 -1 -1 -1 -1 -1 23 -1 -1 15 26 -1 30 -1 -1 -1 -1 16 -1 -1 -1 -1 8 29 -1 -1 -1 27 24 -1 -1 -1 18 -1 17 -1 -1 -1 -1 -1 -1 21 -1 -1 -1 -1 -1 -1 22 25 20 19 -1 -1 -1 
-1 -1 -1 3 4 5 6 -1 -1 -1 -1 -1 -1 -1 -1 -1 -1 -1 9 1 -1 -1 2 10 -1 -1 7 -1 0 12 -1 28 -1 14 -1 -1 -1 -1 -1 -1 -1 23 -1 -1 15 26 -1 30 -1 -1 -1 -1 16 -1 -1 -1 -1 8 29 -1 -1 -1 27 24 -1 -1 -1 18 -1 17 -1 -1 -1 -1 -1 -1 21 -1 -1 -1 -1 -1 -1 22 25 20 19 -1 -1 -1 
-1 -1 -1 3 4 5 6 -1 -1 -1 -1 -1 -1 -1 -1 -1 -1 -1 9 1 -1 -1 2 10 -1 -1 7 -1 0 12 -1 28 -1 14 -1 -1 -1 -1 -1 -1 -1 23 -1 -1 15 26 -1 30 16 -1 -1 -1 -1 -1 -1 -1 -1 8 29 -1 -1 -1 27 24 -1 -1 -1 18 -1 17 -1 -1 -1 -1 -1 -1 21 -1 -1 -1 -1 -1 -1 22 25 20 19 -1 -1 -1 
-1 -1 -1 3 4 5 6 -1 -1 -1 -1 -1 -1 -1 -1 -1 -1 -1 9 1 -1 -1 2 10 -1 -1 7 -1 0 12 -1 28 -1 14 -1 -1 -1 -1 -1 -1 -1 23 -1 -1 15 26 -1 30 8 -1 -1 -1 -1 -1 -1 -1 -1 -1 29 -1 -1 -1 27 24 -1 -1 -1 18 -1 17 -1 -1 -1 -1 -1 -1 21 -1 -1 -1 -1 -1 -1 22 25 20 19 -1 -1 -1 
-1 -1 -1 3 4 5 6 -1 -1 -1 -1 -1 -1 -1 -1 -1 -1 -1 9 1 -1 -1 2 10 -1 -1 7 -1 0 12 -1 28 -1 14 -1 -1 -1 -1 -1 -1 -1 -1 -1 -1 15 26 -1 30 23 -1 -1 -1 -1 -1 -1 -1 -1 -1 29 -1 -1 -1 27 24 -1 -1 -1 18 -1 17 -1 -1 -1 -1 -1 -1 21 -1 -1 -1 -1 -1 -1 22 25 20 19 -1 -1 -1 
-1 -1 -1 3 4 5 6 -1 -1 -1 -1 -1 -1 -1 -1 -1 -1 -1 9 1 -1 -1 2 10 -1 -1 7 -1 0 12 -1 28 -1 -1 -1 -1 -1 -1 -1 -1 -1 -1 14 -1 15 26 -1 30 23 -1 -1 -1 -1 -1 -1 -1 -1 -1 29 -1 -1 -1 27 24 -1 -1 -1 18 -1 17 -1 -1 -1 -1 -1 -1 21 -1 -1 -1 -1 -1 -1 22 25 20 19 -1 -1 -1 
-1 -1 -1 3 4 5 6 -1 -1 -1 -1 -1 -1 -1 -1 -1 -1 -1 9 1 -1 -1 2 10 -1 -1 7 -1 0 12 -1 28 -1 -1 -1 -1 -1 -1 -1 -1 -1 -1 14 -1 15 26 -1 30 23 -1 -1 28 -1 -1 -1 -1 -1 -1 29 -1 -1 -1 27 24 -1 -1 -1 18 -1 17 -1 -1 -1 -1 -1 -1 21 -1 -1 -1 -1 -1 -1 22 25 20 19 -1 -1 -1 
-1 -1 -1 3 4 5 6 -1 -1 -1 -1 -1 -1 -1 -1 -1 -1 -1 9 1 -1 -1 2 10 -1 -1 7 -1 0 12 -1 28 -1 -1 -1 -1 -1 -1 -1 -1 -1 -1 -1 -1 15 26 -1 30 23 -1 -1 14 -1 -1 -1 -1 -1 -1 29 -1 -1 -1 27 24 -1 -1 -1 18 -1 17 -1 -1 -1 -1 -1 -1 21 -1 -1 -1 -1 -1 -1 22 25 20 19 -1 -1 -1 
-1 -1 -1 3 4 5 6 -1 -1 -1 -1 -1 -1 -1 -1 -1 -1 -1 9 1 -1 -1 2 10 -1 -1 7 -1 0 12 -1 28 -1 -1 -1 -1 -1 -1 -1 -1 -1 -1 -1 -1 15 26 -1 30 23 -1 -1 18 -1 -1 -1 -1 -1 -1 29 -1 -1 -1 27 24 -1 -1 -1 -1 -1 17 -1 -1 -1 -1 -1 -1 21 -1 -1 -1 -1 -1 -1 22 25 20 19 -1 -1 -1 
-1 -1 -1 -1 4 5 6 -1 -1 -1 -1 -1 -1 3 -1 -1 -1 -1 9 1 -1 -1 2 10 -1 -1 7 -1 0 12 -1 28 -1 -1 -1 -1 -1 -1 -1 -1 -1 -1 -1 -1 15 26 -1 30 23 -1 -1 18 -1 -1 -1 -1 -1 -1 29 -1 -1 -1 27 24 -1 -1 -1 -1 -1 17 -1 -1 -1 -1 -1 -1 21 -1 -1 -1 -1 -1 -1 22 25 20 19 -1 -1 -1 
-1 -1 -1 -1 4 5 6 -1 -1 -1 -1 -1 -1 3 -1 -1 -1 -1 9 1 -1 -1 2 10 -1 -1 7 -1 0 12 -1 28 -1 -1 -1 -1 -1 -1 -1 -1 -1 -1 -1 -1 15 26 -1 30 23 -1 -1 -1 -1 -1 -1 -1 -1 -1 29 -1 -1 -1 27 24 -1 -1 -1 18 -1 17 -1 -1 -1 -1 -1 -1 21 -1 -1 -1 -1 -1 -1 22 25 20 19 -1 -1 -1 
-1 -1 -1 -1 4 5 6 -1 -1 -1 -1 -1 -1 3 -1 -1 -1 -1 9 1 -1 -1 2 10 -1 -1 7 -1 0 12 -1 -1 -1 -1 -1 -1 -1 -1 -1 -1 13 -1 -1 -1 15 26 -1 30 23 -1 -1 -1 -1 -1 -1 -1 -1 -1 29 -1 -1 -1 27 24 -1 -1 -1 18 -1 17 -1 -1 -1 -1 -1 -1 21 -1 -1 -1 -1 -1 -1 22 25 20 19 -1 -1 -1 
-1 -1 -1 -1 4 5 6 -1 -1 -1 -1 -1 -1 3 -1 -1 -1 -1 9 1 -1 -1 2 10 -1 -1 7 -1 0 12 -1 -1 -1 -1 -1 -1 -1 -1 -1 -1 13 -1 -1 -1 15 26 -1 30 23 -1 -1 -1 -1 -1 -1 -1 -1 -1 29 -1 -1 -1 27 -1 -1 24 -1 18 -1 17 -1 -1 -1 -1 -1 -1 21 -1 -1 -1 -1 -1 -1 22 25 20 19 -1 -1 -1 
-1 -1 -1 -1 4 5 6 -1 -1 -1 -1 -1 -1 3 -1 -1 -1 -1 9 1 -1 -1 2 10 -1 -1 -1 -1 0 12 -1 -1 -1 7 -1 -1 -1 -1 -1 -1 13 -1 -1 -1 15 26 -1 30 23 -1 -1 -1 -1 -1 -1 -1 -1 -1 29 -1 -1 -1 27 -1 -1 24 -1 18 -1 17 -1 -1 -1 -1 -1 -1 21 -1 -1 -1 -1 -1 -1 22 25 20 19 -1 -1 -1 
-1 -1 -1 -1 4 5 6 -1 -1 -1 -1 -1 -1 3 -1 -1 -1 -1 9 1 -1 -1 2 10 -1 -1 -1 -1 0 12 -1 -1 -1 7 -1 -1 -1 -1 -1 -1 13 23 -1 -1 15 26 -1 30 -1 -1 -1 -1 -1 -1 -1 -1 -1 -1 29 -1 -1 -1 27 -1 -1 24 -1 18 -1 17 -1 -1 -1 -1 -1 -1 21 -1 -1 -1 -1 -1 -1 22 25 20 19 -1 -1 -1 
-1 -1 -1 -1 4 5 6 -1 -1 9 -1 -1 -1 3 -1 -1 -1 -1 -1 1 -1 -1 2 10 -1 -1 -1 -1 0 12 -1 -1 -1 7 -1 -1 -1 -1 -1 -1 13 23 -1 -1 15 26 -1 30 -1 -1 -1 -1 -1 -1 -1 -1 -1 -1 29 -1 -1 -1 27 -1 -1 24 -1 18 -1 17 -1 -1 -1 -1 -1 -1 21 -1 -1 -1 -1 -1 -1 22 25 20 19 -1 -1 -1 
-1 -1 -1 -1 4 5 6 -1 -1 9 -1 -1 -1 3 -1 -1 -1 -1 -1 1 -1 -1 2 10 -1 -1 -1 -1 0 12 -1 -1 -1 7 -1 -1 -1 -1 -1 -1 13 23 -1 -1 15 26 -1 30 -1 -1 -1 -1 -1 -1 -1 -1 -1 -1 29 -1 -1 -1 27 -1 -1 -1 24 18 -1 17 -1 -1 -1 -1 -1 -1 21 -1 -1 -1 -1 -1 -1 22 25 20 19 -1 -1 -1 
-1 -1 -1 -1 4 5 6 -1 -1 -1 -1 9 -1 3 -1 -1 -1 -1 -1 1 -1 -1 2 10 -1 -1 -1 -1 0 12 -1 -1 -1 7 -1 -1 -1 -1 -1 -1 13 23 -1 -1 15 26 -1 30 -1 -1 -1 -1 -1 -1 -1 -1 -1 -1 29 -1 -1 -1 27 -1 -1 -1 24 18 -1 17 -1 -1 -1 -1 -1 -1 21 -1 -1 -1 -1 -1 -1 22 25 20 19 -1 -1 -1 
-1 -1 -1 -1 4 5 6 -1 -1 -1 -1 9 -1 3 -1 -1 -1 -1 -1 1 -1 -1 2 10 -1 -1 -1 -1 0 12 -1 -1 -1 7 23 -1 -1 -1 -1 -1 13 -1 -1 -1 15 26 -1 30 -1 -1 -1 -1 -1 -1 -1 -1 -1 -1 29 -1 -1 -1 27 -1 -1 -1 24 18 -1 17 -1 -1 -1 -1 -1 -1 21 -1 -1 -1 -1 -1 -1 22 25 20 19 -1 -1 -1 
-1 -1 -1 -1 4 5 6 -1 -1 -1 -1 9 -1 3 -1 -1 -1 -1 -1 1 -1 -1 2 -1 -1 10 -1 -1 0 12 -1 -1 -1 7 23 -1 -1 -1 -1 -1 13 -1 -1 -1 15 26 -1 30 -1 -1 -1 -1 -1 -1 -1 -1 -1 -1 29 -1 -1 -1 27 -1 -1 -1 24 18 -1 17 -1 -1 -1 -1 -1 -1 21 -1 -1 -1 -1 -1 -1 22 25 20 19 -1 -1 -1 
-1 -1 -1 -1 4 5 6 -1 -1 -1 -1 9 -1 3 -1 -1 -1 -1 -1 1 -1 16 2 -1 -1 10 -1 -1 0 12 -1 -1 -1 7 23 -1 -1 -1 -1 -1 13 -1 -1 -1 15 26 -1 30 -1 -1 -1 -1 -1 -1 -1 -1 -1 -1 29 -1 -1 -1 27 -1 -1 -1 24 18 -1 17 -1 -1 -1 -1 -1 -1 21 -1 -1 -1 -1 -1 -1 22 25 20 19 -1 -1 -1 
-1 -1 -1 -1 4 5 6 -1 -1 -1 -1 9 -1 3 -1 -1 -1 -1 -1 1 -1 16 2 -1 -1 10 -1 0 -1 12 -1 -1 -1 7 23 -1 -1 -1 -1 -1 13 -1 -1 -1 15 26 -1 30 -1 -1 -1 -1 -1 -1 -1 -1 -1 -1 29 -1 -1 -1 27 -1 -1 -1 24 18 -1 17 -1 -1 -1 -1 -1 -1 21 -1 -1 -1 -1 -1 -1 22 25 20 19 -1 -1 -1 
-1 -1 -1 -1 4 5 6 -1 -1 -1 -1 9 -1 3 -1 -1 -1 -1 -1 1 -1 16 2 -1 -1 10 -1 0 -1 12 -1 -1 -1 7 -1 -1 -1 -1 -1 -1 13 -1 -1 -1 15 26 -1 30 -1 -1 -1 23 -1 -1 -1 -1 -1 -1 29 -1 -1 -1 27 -1 -1 -1 24 18 -1 17 -1 -1 -1 -1 -1 -1 21 -1 -1 -1 -1 -1 -1 22 25 20 19 -1 -1 -1 
-1 -1 -1 -1 4 5 6 -1 -1 -1 -1 9 -1 3 -1 -1 -1 -1 -1 1 -1 16 2 -1 -1 10 -1 0 -1 -1 -1 -1 -1 7 -1 -1 -1 -1 12 -1 13 -1 -1 -1 15 26 -1 30 -1 -1 -1 23 -1 -1 -1 -1 -1 -1 29 -1 -1 -1 27 -1 -1 -1 24 18 -1 17 -1 -1 -1 -1 -1 -1 21 -1 -1 -1 -1 -1 -1 22 25 20 19 -1 -1 -1 
-1 -1 -1 -1 4 5 6 -1 -1 -1 -1 9 -1 3 -1 -1 -1 -1 -1 1 -1 16 2 -1 -1 10 -1 0 -1 -1 -1 -1 -1 7 -1 -1 -1 -1 12 -1 13 -1 -1 -1 15 26 -1 30 -1 -1 -1 23 -1 -1 -1 -1 -1 -1 29 -1 -1 -1 27 22 -1 -1 24 18 -1 17 -1 -1 -1 -1 -1 -1 21 -1 -1 -1 -1 -1 -1 -1 25 20 19 -1 -1 -1 
-1 -1 -1 -1 4 5 6 -1 -1 -1 -1 9 -1 3 -1 -1 -1 -1 -1 1 -1 16 2 -1 -1 -1 -1 0 -1 -1 -1 -1 -1 7 -1 -1 -1 -1 12 -1 13 -1 -1 10 15 26 -1 30 -1 -1 -1 23 -1 -1 -1 -1 -1 -1 29 -1 -1 -1 27 22 -1 -1 24 18 -1 17 -1 -1 -1 -1 -1 -1 21 -1 -1 -1 -1 -1 -1 -1 25 20 19 -1 -1 -1 
-1 -1 -1 -1 4 5 6 -1 -1 -1 -1 9 -1 3 -1 -1 -1 -1 -1 1 -1 -1 2 -1 -1 -1 -1 0 -1 -1 -1 -1 -1 7 -1 -1 -1 -1 12 -1 13 -1 -1 10 15 26 -1 30 16 -1 -1 23 -1 -1 -1 -1 -1 -1 29 -1 -1 -1 27 22 -1 -1 24 18 -1 17 -1 -1 -1 -1 -1 -1 21 -1 -1 -1 -1 -1 -1 -1 25 20 19 -1 -1 -1 
-1 -1 -1 -1 4 5 6 -1 -1 -1 -1 9 -1 3 -1 -1 -1 -1 -1 1 -1 -1 2 -1 -1 10 -1 0 -1 -1 -1 -1 -1 7 -1 -1 -1 -1 12 -1 13 -1 -1 -1 15 26 -1 30 16 -1 -1 23 -1 -1 -1 -1 -1 -1 29 -1 -1 -1 27 22 -1 -1 24 18 -1 17 -1 -1 -1 -1 -1 -1 21 -1 -1 -1 -1 -1 -1 -1 25 20 19 -1 -1 -1 
-1 -1 -1 -1 4 5 6 -1 -1 -1 -1 9 -1 3 -1 -1 -1 -1 -1 1 -1 16 2 -1 -1 10 -1 0 -1 -1 -1 -1 -1 7 -1 -1 -1 -1 12 -1 13 -1 -1 -1 15 26 -1 30 -1 -1 -1 23 -1 -1 -1 -1 -1 -1 29 -1 -1 -1 27 22 -1 -1 24 18 -1 17 -1 -1 -1 -1 -1 -1 21 -1 -1 -1 -1 -1 -1 -1 25 20 19 -1 -1 -1 
-1 -1 -1 -1 4 5 6 -1 -1 -1 9 -1 -1 3 -1 -1 -1 -1 -1 1 -1 16 2 -1 -1 10 -1 0 -1 -1 -1 -1 -1 7 -1 -1 -1 -1 12 -1 13 -1 -1 -1 15 26 -1 30 -1 -1 -1 23 -1 -1 -1 -1 -1 -1 29 -1 -1 -1 27 22 -1 -1 24 18 -1 17 -1 -1 -1 -1 -1 -1 21 -1 -1 -1 -1 -1 -1 -1 25 20 19 -1 -1 -1 
-1 -1 -1 -1 4 5 6 -1 -1 -1 9 -1 -1 3 -1 -1 -1 -1 -1 1 -1 16 2 -1 -1 10 -1 0 -1 -1 -1 -1 -1 7 -1 -1 -1 -1 12 -1 13 -1 -1 -1 15 26 -1 30 -1 -1 -1 23 -1 -1 -1 -1 -1 -1 29 -1 -1 -1 27 22 -1 -1 24 18 -1 17 -1 -1 -1 -1 -1 -1 21 -1 -1 -1 -1 -1 -1 25 -1 20 19 -1 -1 -1 
-1 -1 -1 -1 4 5 6 -1 -1 -1 9 -1 -1 3 -1 -1 -1 -1 -1 1 -1 16 2 -1 -1 -1 -1 0 -1 -1 -1 -1 -1 7 -1 -1 -1 -1 12 -1 13 -1 -1 -1 15 26 -1 30 -1 -1 -1 23 -1 -1 -1 -1 -1 -1 29 -1 -1 10 27 22 -1 -1 24 18 -1 17 -1 -1 -1 -1 -1 -1 21 -1 -1 -1 -1 -1 -1 25 -1 20 19 -1 -1 -1 
-1 -1 -1 -1 4 5 6 -1 -1 -1 9 -1 -1 3 -1 -1 -1 -1 -1 1 -1 16 2 -1 -1 -1 -1 0 -1 -1 -1 -1 -1 7 -1 -1 -1 -1 12 -1 13 -1 -1 -1 15 26 -1 30 -1 29 -1 23 -1 -1 -1 -1 -1 -1 -1 -1 -1 10 27 22 -1 -1 24 18 -1 17 -1 -1 -1 -1 -1 -1 21 -1 -1 -1 -1 -1 -1 25 -1 20 19 -1 -1 -1 
-1 -1 -1 -1 4 5 6 -1 -1 -1 9 -1 -1 3 -1 -1 -1 -1 -1 1 -1 16 2 -1 -1 -1 -1 0 -1 -1 -1 -1 -1 7 -1 -1 -1 -1 12 -1 -1 -1 -1 -1 15 26 -1 30 -1 13 -1 23 -1 -1 -1 -1 -1 -1 -1 -1 -1 10 27 22 -1 -1 24 18 -1 17 -1 -1 -1 -1 -1 -1 21 -1 -1 -1 -1 -1 -1 25 -1 20 19 -1 -1 -1 
-1 -1 -1 -1 4 5 6 -1 -1 -1 9 -1 -1 3 -1 -1 -1 -1 -1 1 -1 -1 2 -1 -1 -1 -1 0 -1 -1 -1 -1 -1 7 -1 -1 -1 -1 12 16 -1 -1 -1 -1 15 26 -1 30 -1 13 -1 23 -1 -1 -1 -1 -1 -1 -1 -1 -1 10 27 22 -1 -1 24 18 -1 17 -1 -1 -1 -1 -1 -1 21 -1 -1 -1 -1 -1 -1 25 -1 20 19 -1 -1 -1 
-1 -1 -1 -1 4 5 6 -1 -1 -1 9 -1 -1 3 -1 -1 -1 -1 -1 1 -1 -1 2 -1 -1 -1 -1 0 -1 -1 -1 -1 -1 -1 -1 -1 -1 -1 12 16 -1 -1 -1 -1 15 26 -1 30 -1 13 7 23 -1 -1 -1 -1 -1 -1 -1 -1 -1 10 27 22 -1 -1 24 18 -1 17 -1 -1 -1 -1 -1 -1 21 -1 -1 -1 -1 -1 -1 25 -1 20 19 -1 -1 -1 
-1 -1 -1 -1 4 5 6 -1 -1 -1 9 -1 -1 3 -1 -1 -1 -1 -1 1 -1 -1 2 -1 -1 -1 -1 0 -1 -1 -1 -1 -1 -1 -1 -1 -1 -1 12 -1 -1 -1 -1 16 15 26 -1 30 -1 13 7 23 -1 -1 -1 -1 -1 -1 -1 -1 -1 10 27 22 -1 -1 24 18 -1 17 -1 -1 -1 -1 -1 -1 21 -1 -1 -1 -1 -1 -1 25 -1 20 19 -1 -1 -1 
-1 -1 -1 -1 4 5 6 -1 -1 -1 9 -1 -1 3 -1 -1 -1 -1 -1 1 -1 -1 2 -1 -1 -1 -1 0 -1 -1 -1 -1 -1 -1 -1 -1 -1 -1 12 -1 -1 -1 -1 16 15 26 -1 30 -1 13 -1 23 -1 -1 -1 -1 -1 -1 -1 -1 -1 10 27 22 -1 -1 24 7 -1 17 -1 -1 -1 -1 -1 -1 21 -1 -1 -1 -1 -1 -1 25 -1 20 19 -1 -1 -1 
-1 -1 -1 -1 4 5 6 -1 -1 -1 9 -1 -1 3 -1 -1 -1 -1 -1 1 -1 -1 2 -1 -1 -1 -1 0 -1 -1 -1 -1 -1 -1 -1 -1 -1 -1 12 -1 -1 -1 -1 16 15 26 -1 30 -1 13 -1 23 -1 -1 -1 -1 -1 -1 -1 -1 -1 10 27 22 -1 -1 21 7 -1 17 -1 -1 -1 -1 -1 -1 -1 -1 -1 -1 -1 -1 -1 25 -1 20 19 -1 -1 -1 
-1 -1 -1 -1 4 5 6 -1 -1 -1 9 -1 -1 3 -1 -1 -1 -1 -1 1 -1 -1 2 -1 -1 -1 -1 -1 -1 -1 -1 -1 -1 0 -1 -1 -1 -1 12 -1 -1 -1 -1 16 15 26 -1 30 -1 13 -1 23 -1 -1 -1 -1 -1 -1 -1 -1 -1 10 27 22 -1 -1 21 7 -1 17 -1 -1 -1 -1 -1 -1 -1 -1 -1 -1 -1 -1 -1 25 -1 20 19 -1 -1 -1 
-1 -1 -1 -1 4 5 6 -1 -1 -1 9 -1 -1 3 -1 -1 -1 -1 -1 1 -1 -1 2 -1 -1 -1 -1 -1 -1 -1 -1 -1 -1 0 16 -1 -1 -1 12 -1 -1 -1 -1 -1 15 26 -1 30 -1 13 -1 23 -1 -1 -1 -1 -1 -1 -1 -1 -1 10 27 22 -1 -1 21 7 -1 17 -1 -1 -1 -1 -1 -1 -1 -1 -1 -1 -1 -1 -1 25 -1 20 19 -1 -1 -1 
-1 -1 -1 -1 4 5 6 -1 -1 -1 9 -1 -1 3 -1 -1 -1 -1 -1 -1 -1 -1 2 -1 -1 -1 -1 -1 -1 -1 1 -1 -1 0 16 -1 -1 -1 12 -1 -1 -1 -1 -1 15 26 -1 30 -1 13 -1 23 -1 -1 -1 -1 -1 -1 -1 -1 -1 10 27 22 -1 -1 21 7 -1 17 -1 -1 -1 -1 -1 -1 -1 -1 -1 -1 -1 -1 -1 25 -1 20 19 -1 -1 -1 
-1 -1 -1 -1 4 5 6 -1 -1 -1 9 -1 -1 3 -1 -1 -1 -1 -1 -1 -1 -1 2 -1 -1 -1 -1 -1 -1 -1 1 -1 -1 0 16 -1 -1 -1 12 -1 -1 -1 -1 -1 15 26 -1 30 -1 13 -1 23 -1 -1 -1 -1 -1 -1 -1 -1 -1 10 27 22 -1 -1 21 7 -1 17 -1 -1 -1 -1 -1 -1 19 -1 -1 -1 -1 -1 -1 25 -1 20 -1 -1 -1 -1 
-1 -1 -1 -1 4 5 6 -1 -1 -1 9 -1 -1 3 -1 -1 -1 -1 -1 -1 -1 -1 2 -1 -1 -1 -1 -1 -1 -1 -1 -1 -1 0 16 -1 -1 -1 12 -1 -1 1 -1 -1 15 26 -1 30 -1 13 -1 23 -1 -1 -1 -1 -1 -1 -1 -1 -1 10 27 22 -1 -1 21 7 -1 17 -1 -1 -1 -1 -1 -1 19 -1 -1 -1 -1 -1 -1 25 -1 20 -1 -1 -1 -1 
-1 -1 -1 -1 4 5 6 -1 -1 -1 9 -1 -1 3 -1 -1 -1 -1 -1 -1 -1 -1 2 -1 -1 16 -1 -1 -1 -1 -1 -1 -1 0 -1 -1 -1 -1 12 -1 -1 1 -1 -1 15 26 -1 30 -1 13 -1 23 -1 -1 -1 -1 -1 -1 -1 -1 -1 10 27 22 -1 -1 21 7 -1 17 -1 -1 -1 -1 -1 -1 19 -1 -1 -1 -1 -1 -1 25 -1 20 -1 -1 -1 -1 
-1 -1 -1 -1 4 5 6 -1 -1 -1 9 -1 -1 3 -1 -1 -1 -1 -1 -1 -1 -1 2 -1 -1 16 -1 -1 -1 -1 -1 -1 -1 0 -1 -1 -1 -1 12 -1 -1 -1 -1 -1 15 26 -1 30 -1 13 -1 23 -1 -1 -1 -1 -1 -1 -1 -1 1 10 27 22 -1 -1 21 7 -1 17 -1 -1 -1 -1 -1 -1 19 -1 -1 -1 -1 -1 -1 25 -1 20 -1 -1 -1 -1 
-1 -1 -1 -1 4 5 6 -1 -1 -1 9 -1 -1 3 -1 -1 -1 -1 -1 -1 -1 -1 2 -1 -1 16 -1 -1 -1 -1 -1 -1 -1 0 -1 -1 -1 -1 12 -1 23 -1 -1 -1 15 26 -1 30 -1 13 -1 -1 -1 -1 -1 -1 -1 -1 -1 -1 1 10 27 22 -1 -1 21 7 -1 17 -1 -1 -1 -1 -1 -1 19 -1 -1 -1 -1 -1 -1 25 -1 20 -1 -1 -1 -1 
-1 -1 -1 -1 4 5 6 -1 -1 -1 9 -1 -1 3 -1 -1 -1 -1 -1 -1 -1 -1 2 -1 -1 16 -1 -1 -1 -1 -1 -1 -1 0 -1 -1 -1 -1 12 -1 23 -1 -1 -1 15 26 -1 30 -1 13 -1 -1 -1 -1 -1 -1 -1 -1 -1 -1 1 10 27 22 -1 -1 21 -1 -1 17 -1 -1 -1 -1 -1 -1 19 -1 7 -1 -1 -1 -1 25 -1 20 -1 -1 -1 -1 
-1 -1 -1 -1 4 5 6 -1 -1 -1 9 -1 -1 3 -1 -1 -1 -1 -1 -1 -1 -1 2 -1 -1 16 -1 -1 -1 -1 -1 -1 -1 0 -1 -1 -1 -1 12 -1 23 -1 -1 -1 15 26 -1 30 -1 13 -1 -1 -1 -1 -1 -1 -1 -1 -1 -1 1 10 27 22 -1 -1 21 -1 -1 17 -1 -1 -1 -1 -1 -1 19 -1 7 -1 -1 -1 -1 25 20 -1 -1 -1 -1 -1 
-1 -1 -1 -1 4 5 6 -1 -1 -1 -1 -1 9 3 -1 -1 -1 -1 -1 -1 -1 -1 2 -1 -1 16 -1 -1 -1 -1 -1 -1 -1 0 -1 -1 -1 -1 12 -1 23 -1 -1 -1 15 26 -1 30 -1 13 -1 -1 -1 -1 -1 -1 -1 -1 -1 -1 1 10 27 22 -1 -1 21 -1 -1 17 -1 -1 -1 -1 -1 -1 19 -1 7 -1 -1 -1 -1 25 20 -1 -1 -1 -1 -1 
