0 1 2 3 4 5 6 7 8 -1 -1 -1 -1 -1 -1 -1 -1 -1 -1 9 -1 -1 -1 -1 -1 10 -1 11 -1 12 -1 28 -1 14 -1 15 -1 -1 -1 -1 -1 -1 -1 -1 -1 -1 -1 30 -1 -1 -1 -1 -1 -1 -1 -1 -1 -1 29 -1 -1 -1 27 -1 26 -1 -1 -1 -1 -1 25 -1 -1 -1 -1 -1 -1 -1 -1 -1 -1 24 23 22 21 20 19 18 17 16 
0 1 2 3 4 5 6 7 8 -1 -1 -1 -1 -1 -1 -1 -1 -1 -1 -1 9 -1 -1 -1 -1 10 -1 11 -1 12 -1 28 -1 14 -1 15 -1 -1 -1 -1 -1 -1 -1 -1 -1 -1 -1 30 -1 -1 -1 -1 -1 -1 -1 -1 -1 -1 29 -1 -1 -1 27 -1 26 -1 -1 -1 -1 -1 25 -1 -1 -1 -1 -1 -1 -1 -1 -1 -1 24 23 22 21 20 19 18 17 16 
0 1 2 3 4 5 6 7 8 -1 -1 -1 -1 -1 -1 -1 -1 -1 -1 -1 9 -1 -1 -1 -1 10 -1 11 -1 12 -1 28 -1 14 -1 15 -1 -1 -1 -1 -1 -1 -1 -1 -1 -1 -1 30 -1 -1 -1 -1 -1 -1 -1 -1 -1 -1 29 -1 -1 -1 27 -1 26 -1 -1 25 -1 -1 -1 -1 -1 -1 -1 -1 -1 -1 -1 -1 -1 24 23 22 21 20 19 18 17 16 
0 1 -1 3 4 5 6 7 8 -1 -1 -1 -1 -1 -1 -1 -1 -1 -1 -1 9 -1 2 -1 -1 10 -1 11 -1 12 -1 28 -1 14 -1 15 -1 -1 -1 -1 -1 -1 -1 -1 -1 -1 -1 30 -1 -1 -1 -1 -1 -1 -1 -1 -1 -1 29 -1 -1 -1 27 -1 26 -1 -1 25 -1 -1 -1 -1 -1 -1 -1 -1 -1 -1 -1 -1 -1 24 23 22 21 20 19 18 17 16 
0 1 -1 3 4 5 6 7 8 -1 -1 -1 -1 -1 -1 -1 -1 -1 -1 -1 9 -1 2 -1 -1 10 -1 11 -1 12 -1 28 -1 14 -1 15 -1 -1 -1 -1 -1 -1 -1 -1 -1 -1 -1 30 -1 -1 -1 -1 -1 -1 -1 -1 -1 -1 29 -1 -1 -1 27 -1 26 -1 -1 25 -1 17 -1 -1 -1 -1 -1 -1 -1 -1 -1 -1 -1 24 23 22 21 20 19 18 -1 16 
0 1 -1 3 4 5 6 7 -1 -1 -1 -1 -1 -1 -1 -1 -1 8 -1 -1 9 -1 2 -1 -1 10 -1 11 -1 12 -1 28 -1 14 -1 15 -1 -1 -1 -1 -1 -1 -1 -1 -1 -1 -1 30 -1 -1 -1 -1 -1 -1 -1 -1 -1 -1 29 -1 -1 -1 27 -1 26 -1 -1 25 -1 17 -1 -1 -1 -1 -1 -1 -1 -1 -1 -1 -1 24 23 22 21 20 19 18 -1 16 
0 1 -1 3 4 5 6 7 -1 -1 -1 -1 -1 -1 -1 -1 -1 8 -1 -1 9 -1 2 -1 -1 10 -1 11 -1 12 -1 28 -1 14 -1 15 -1 -1 -1 -1 -1 -1 -1 -1 -1 -1 -1 30 -1 -1 -1 -1 -1 -1 -1 -1 -1 -1 29 -1 -1 -1 27 -1 26 -1 -1 25 -1 17 -1 -1 -1 -1 -1 -1 -1 -1 -1 -1 -1 24 23 22 21 20 19 18 16 -1 
0 1 -1 3 4 5 6 7 -1 -1 8 -1 -1 -1 -1 -1 -1 -1 -1 -1 9 -1 2 -1 -1 10 -1 11 -1 12 -1 28 -1 14 -1 15 -1 -1 -1 -1 -1 -1 -1 -1 -1 -1 -1 30 -1 -1 -1 -1 -1 -1 -1 -1 -1 -1 29 -1 -1 -1 27 -1 26 -1 -1 25 -1 17 -1 -1 -1 -1 -1 -1 -1 -1 -1 -1 -1 24 23 22 21 20 19 18 16 -1 
0 1 -1 3 4 5 6 7 -1 -1 8 -1 -1 -1 -1 -1 -1 -1 -1 -1 9 -1 2 -1 -1 10 -1 11 -1 12 -1 28 -1 14 -1 15 -1 -1 -1 -1 -1 -1 -1 -1 -1 -1 -1 30 -1 -1 -1 -1 -1 -1 -1 -1 -1 -1 29 -1 -1 -1 27 -1 26 23 -1 25 -1 17 -1 -1 -1 -1 -1 -1 -1 -1 -1 -1 -1 24 -1 22 21 20 19 18 16 -1 
0 -1 -1 3 4 5 6 7 -1 -1 8 -1 1 -1 -1 -1 -1 -1 -1 -1 9 -1 2 -1 -1 10 -1 11 -1 12 -1 28 -1 14 -1 15 -1 -1 -1 -1 -1 -1 -1 -1 -1 -1 -1 30 -1 -1 -1 -1 -1 -1 -1 -1 -1 -1 29 -1 -1 -1 27 -1 26 23 -1 25 -1 17 -1 -1 -1 -1 -1 -1 -1 -1 -1 -1 -1 24 -1 22 21 20 19 18 16 -1 
0 -1 -1 3 4 5 6 7 -1 -1 8 -1 1 -1 -1 -1 -1 -1 -1 -1 9 -1 2 -1 -1 10 -1 11 -1 12 -1 28 -1 14 -1 15 -1 -1 -1 -1 -1 -1 -1 -1 -1 -1 -1 30 -1 -1 -1 -1 -1 -1 -1 -1 -1 -1 29 -1 -1 -1 27 26 -1 23 -1 25 -1 17 -1 -1 -1 -1 -1 -1 -1 -1 -1 -1 -1 24 -1 22 21 20 19 18 16 -1 
0 -1 -1 3 4 5 6 -1 -1 -1 8 -1 1 -1 -1 -1 -1 -1 -1 -1 9 -1 2 -1 -1 10 7 11 -1 12 -1 28 -1 14 -1 15 -1 -1 -1 -1 -1 -1 -1 -1 -1 -1 -1 30 -1 -1 -1 -1 -1 -1 -1 -1 -1 -1 29 -1 -1 -1 27 26 -1 23 -1 25 -1 17 -1 -1 -1 -1 -1 -1 -1 -1 -1 -1 -1 24 -1 22 21 20 19 18 16 -1 
0 -1 -1 3 4 5 6 -1 -1 -1 8 -1 1 -1 -1 -1 -1 -1 -1 -1 9 -1 2 -1 -1 10 7 11 -1 12 -1 28 -1 14 -1 15 -1 -1 -1 -1 -1 -1 -1 -1 -1 -1 -1 30 23 -1 -1 -1 -1 -1 -1 -1 -1 -1 29 -1 -1 -1 27 26 -1 -1 -1 25 -1 17 -1 -1 -1 -1 -1 -1 -1 -1 -1 -1 -1 24 -1 22 21 20 19 18 16 -1 
0 -1 -1 3 4 5 6 -1 -1 -1 8 -1 1 -1 -1 -1 -1 -1 -1 -1 9 -1 2 -1 -1 10 7 11 -1 12 -1 28 -1 14 -1 -1 -1 -1 -1 -1 -1 -1 -1 -1 15 -1 -1 30 23 -1 -1 -1 -1 -1 -1 -1 -1 -1 29 -1 -1 -1 27 26 -1 -1 -1 25 -1 17 -1 -1 -1 -1 -1 -1 -1 -1 -1 -1 -1 24 -1 22 21 20 19 18 16 -1 
0 -1 -1 3 4 5 6 -1 -1 -1 8 -1 1 -1 -1 -1 -1 -1 -1 -1 9 -1 2 -1 -1 10 7 11 -1 12 -1 28 -1 14 -1 -1 -1 -1 -1 -1 -1 -1 -1 -1 15 -1 -1 30 23 -1 -1 -1 -1 -1 -1 -1 -1 -1 29 -1 -1 -1 27 -1 -1 -1 26 25 -1 17 -1 -1 -1 -1 -1 -1 -1 -1 -1 -1 -1 24 -1 22 21 20 19 18 16 -1 
0 -1 -1 -1 4 5 6 -1 -1 -1 8 -1 1 3 -1 -1 -1 -1 -1 -1 9 -1 2 -1 -1 10 7 11 -1 12 -1 28 -1 14 -1 -1 -1 -1 -1 -1 -1 -1 -1 -1 15 -1 -1 30 23 -1 -1 -1 -1 -1 -1 -1 -1 -1 29 -1 -1 -1 27 -1 -1 -1 26 25 -1 17 -1 -1 -1 -1 -1 -1 -1 -1 -1 -1 -1 24 -1 22 21 20 19 18 16 -1 
0 -1 -1 -1 4 5 6 -1 -1 -1 8 -1 1 3 -1 -1 -1 -1 -1 -1 9 -1 2 -1 -1 10 7 11 -1 12 -1 28 -1 14 -1 -1 -1 -1 -1 -1 -1 -1 -1 -1 15 -1 -1 30 23 -1 -1 -1 -1 -1 -1 -1 -1 -1 29 -1 -1 -1 27 -1 -1 -1 26 25 -1 17 -1 -1 -1 -1 -1 -1 21 -1 -1 -1 -1 24 -1 22 -1 20 19 18 16 -1 
-1 -1 -1 -1 4 5 6 -1 -1 0 8 -1 1 3 -1 -1 -1 -1 -1 -1 9 -1 2 -1 -1 10 7 11 -1 12 -1 28 -1 14 -1 -1 -1 -1 -1 -1 -1 -1 -1 -1 15 -1 -1 30 23 -1 -1 -1 -1 -1 -1 -1 -1 -1 29 -1 -1 -1 27 -1 -1 -1 26 25 -1 17 -1 -1 -1 -1 -1 -1 21 -1 -1 -1 -1 24 -1 22 -1 20 19 18 16 -1 
-1 -1 -1 -1 4 5 6 -1 -1 0 8 -1 1 3 -1 -1 -1 -1 -1 -1 9 -1 2 -1 -1 10 7 11 -1 12 -1 28 -1 14 -1 -1 -1 -1 -1 -1 -1 -1 -1 -1 15 -1 -1 30 23 -1 -1 28 -1 -1 -1 -1 -1 -1 29 -1 -1 -1 27 -1 -1 -1 26 25 -1 17 -1 -1 -1 -1 -1 -1 21 -1 -1 -1 -1 24 -1 22 -1 20 19 18 16 -1 
-1 -1 -1 -1 4 5 6 -1 -1 0 -1 -1 1 3 -1 -1 -1 -1 -1 -1 9 -1 2 -1 -1 10 7 11 -1 12 -1 28 -1 14 -1 -1 -1 -1 -1 -1 -1 -1 -1 -1 15 -1 8 30 23 -1 -1 28 -1 -1 -1 -1 -1 -1 29 -1 -1 -1 27 -1 -1 -1 26 25 -1 17 -1 -1 -1 -1 -1 -1 21 -1 -1 -1 -1 24 -1 22 -1 20 19 18 16 -1 
-1 -1 -1 -1 4 5 6 -1 -1 0 -1 -1 1 3 -1 -1 -1 -1 -1 -1 9 -1 2 -1 -1 10 7 11 -1 12 -1 23 -1 14 -1 -1 -1 -1 -1 -1 -1 -1 -1 -1 15 -1 8 30 -1 -1 -1 28 -1 -1 -1 -1 -1 -1 29 -1 -1 -1 27 -1 -1 -1 26 25 -1 17 -1 -1 -1 -1 -1 -1 21 -1 -1 -1 -1 24 -1 22 -1 20 19 18 16 -1 
-1 -1 -1 -1 4 5 6 -1 -1 0 -1 -1 -1 3 -1 -1 -1 -1 -1 -1 9 -1 2 -1 -1 10 7 11 -1 12 -1 1 -1 14 -1 -1 -1 -1 -1 -1 -1 -1 -1 -1 15 -1 8 30 -1 -1 -1 28 -1 -1 -1 -1 -1 -1 29 -1 -1 -1 27 -1 -1 -1 26 25 -1 17 -1 -1 -1 -1 -1 -1 21 -1 -1 -1 -1 24 -1 22 -1 20 19 18 16 -1 
-1 -1 -1 -1 4 5 6 -1 -1 0 -1 -1 -1 3 -1 -1 -1 -1 -1 -1 9 -1 2 -1 -1 10 7 11 -1 12 -1 25 -1 14 -1 -1 -1 -1 -1 -1 -1 -1 -1 -1 15 -1 8 30 -1 -1 -1 28 -1 -1 -1 -1 -1 -1 29 -1 -1 -1 27 -1 -1 -1 26 -1 -1 17 -1 -1 -1 -1 -1 -1 21 -1 -1 -1 -1 24 -1 22 -1 20 19 18 16 -1 
-1 -1 -1 -1 4 5 6 -1 -1 -1 -1 -1 0 3 -1 -1 -1 -1 -1 -1 9 -1 2 -1 -1 10 7 11 -1 12 -1 25 -1 14 -1 -1 -1 -1 -1 -1 -1 -1 -1 -1 15 -1 8 30 -1 -1 -1 28 -1 -1 -1 -1 -1 -1 29 -1 -1 -1 27 -1 -1 -1 26 -1 -1 17 -1 -1 -1 -1 -1 -1 21 -1 -1 -1 -1 24 -1 22 -1 20 19 18 16 -1 
-1 -1 -1 -1 4 5 6 -1 -1 -1 -1 -1 0 3 -1 -1 -1 -1 -1 -1 9 -1 2 -1 -1 10 7 11 -1 12 -1 25 -1 14 -1 -1 -1 -1 -1 -1 -1 -1 -1 -1 15 -1 8 30 -1 -1 -1 28 -1 -1 -1 -1 -1 -1 29 -1 -1 -1 27 -1 -1 -1 26 22 -1 17 -1 -1 -1 -1 -1 -1 21 -1 -1 -1 -1 24 -1 -1 -1 20 19 18 16 -1 
-1 -1 -1 -1 4 5 6 -1 -1 -1 -1 -1 0 3 -1 -1 -1 -1 -1 -1 9 -1 2 -1 -1 10 7 11 -1 12 -1 25 -1 14 -1 -1 -1 8 -1 -1 -1 -1 -1 -1 15 -1 -1 30 -1 -1 -1 28 -1 -1 -1 -1 -1 -1 29 -1 -1 -1 27 -1 -1 -1 26 22 -1 17 -1 -1 -1 -1 -1 -1 21 -1 -1 -1 -1 24 -1 -1 -1 20 19 18 16 -1 
-1 -1 -1 -1 4 5 6 -1 -1 -1 -1 -1 0 3 -1 -1 -1 -1 -1 -1 9 -1 2 -1 -1 10 7 11 -1 12 -1 25 -1 14 16 -1 -1 8 -1 -1 -1 -1 -1 -1 15 -1 -1 30 -1 -1 -1 28 -1 -1 -1 -1 -1 -1 29 -1 -1 -1 27 -1 -1 -1 26 22 -1 17 -1 -1 -1 -1 -1 -1 21 -1 -1 -1 -1 24 -1 -1 -1 20 19 18 -1 -1 
-1 -1 -1 -1 4 5 6 -1 -1 -1 -1 -1 0 3 -1 -1 -1 -1 -1 -1 9 -1 2 10 -1 -1 7 11 -1 12 -1 25 -1 14 16 -1 -1 8 -1 -1 -1 -1 -1 -1 15 -1 -1 30 -1 -1 -1 28 -1 -1 -1 -1 -1 -1 29 -1 -1 -1 27 -1 -1 -1 26 22 -1 17 -1 -1 -1 -1 -1 -1 21 -1 -1 -1 -1 24 -1 -1 -1 20 19 18 -1 -1 
-1 -1 -1 -1 4 5 6 -1 -1 -1 -1 -1 0 3 -1 -1 -1 -1 -1 -1 9 -1 2 10 -1 -1 7 11 -1 12 -1 -1 -1 14 16 -1 -1 8 -1 -1 -1 -1 -1 -1 15 -1 -1 30 -1 25 -1 28 -1 -1 -1 -1 -1 -1 29 -1 -1 -1 27 -1 -1 -1 26 22 -1 17 -1 -1 -1 -1 -1 -1 21 -1 -1 -1 -1 24 -1 -1 -1 20 19 18 -1 -1 
-1 -1 -1 -1 4 5 6 -1 -1 -1 -1 -1 0 3 -1 -1 -1 -1 9 -1 -1 -1 2 10 -1 -1 7 11 -1 12 -1 -1 -1 14 16 -1 -1 8 -1 -1 -1 -1 -1 -1 15 -1 -1 30 -1 25 -1 28 -1 -1 -1 -1 -1 -1 29 -1 -1 -1 27 -1 -1 -1 26 22 -1 17 -1 -1 -1 -1 -1 -1 21 -1 -1 -1 -1 24 -1 -1 -1 20 19 18 -1 -1 
-1 -1 -1 -1 4 5 6 -1 -1 -1 -1 -1 0 3 -1 -1 -1 -1 9 -1 -1 -1 2 10 -1 -1 7 11 -1 12 -1 -1 -1 14 16 -1 -1 8 -1 -1 -1 -1 -1 -1 15 -1 -1 30 -1 25 -1 28 -1 27 -1 -1 -1 -1 29 -1 -1 -1 -1 -1 -1 -1 26 22 -1 17 -1 -1 -1 -1 -1 -1 21 -1 -1 -1 -1 24 -1 -1 -1 20 19 18 -1 -1 
-1 -1 -1 -1 4 5 6 -1 -1 -1 -1 -1 -1 3 -1 -1 -1 -1 9 -1 -1 -1 2 10 -1 -1 7 11 -1 12 -1 -1 -1 14 16 -1 -1 8 -1 0 -1 -1 -1 -1 15 -1 -1 30 -1 25 -1 28 -1 27 -1 -1 -1 -1 29 -1 -1 -1 -1 -1 -1 -1 26 22 -1 17 -1 -1 -1 -1 -1 -1 21 -1 -1 -1 -1 24 -1 -1 -1 20 19 18 -1 -1 
-1 -1 -1 -1 4 5 6 -1 -1 -1 -1 -1 -1 3 -1 -1 -1 -1 9 -1 -1 -1 2 10 -1 -1 7 11 -1 12 -1 -1 -1 14 16 -1 -1 8 -1 0 -1 -1 -1 -1 27 -1 -1 30 -1 25 -1 28 -1 -1 -1 -1 -1 -1 29 -1 -1 -1 -1 -1 -1 -1 26 22 -1 17 -1 -1 -1 -1 -1 -1 21 -1 -1 -1 -1 24 -1 -1 -1 20 19 18 -1 -1 
-1 -1 -1 -1 4 5 6 -1 -1 -1 -1 -1 -1 3 -1 -1 -1 -1 9 -1 -1 -1 2 10 -1 -1 7 11 -1 12 -1 -1 -1 14 16 -1 -1 8 -1 -1 -1 -1 -1 -1 0 -1 -1 30 -1 25 -1 28 -1 -1 -1 -1 -1 -1 29 -1 -1 -1 -1 -1 -1 -1 26 22 -1 17 -1 -1 -1 -1 -1 -1 21 -1 -1 -1 -1 24 -1 -1 -1 20 19 18 -1 -1 
-1 -1 -1 -1 4 5 6 -1 -1 -1 -1 -1 -1 3 -1 -1 -1 -1 9 -1 -1 -1 2 10 -1 -1 7 11 -1 12 -1 -1 -1 14 16 -1 -1 8 -1 -1 -1 -1 -1 -1 0 -1 -1 30 -1 -1 25 28 -1 -1 -1 -1 -1 -1 29 -1 -1 -1 -1 -1 -1 -1 26 22 -1 17 -1 -1 -1 -1 -1 -1 21 -1 -1 -1 -1 24 -1 -1 -1 20 19 18 -1 -1 
-1 -1 -1 -1 4 5 6 -1 -1 -1 -1 -1 -1 3 -1 -1 -1 -1 9 -1 -1 -1 2 10 -1 -1 7 -1 -1 12 -1 -1 -1 14 16 -1 11 8 -1 -1 -1 -1 -1 -1 0 -1 -1 30 -1 -1 25 28 -1 -1 -1 -1 -1 -1 29 -1 -1 -1 -1 -1 -1 -1 26 22 -1 17 -1 -1 -1 -1 -1 -1 21 -1 -1 -1 -1 24 -1 -1 -1 20 19 18 -1 -1 
-1 -1 -1 -1 4 5 6 -1 -1 -1 -1 -1 -1 3 -1 -1 -1 -1 9 -1 -1 -1 2 10 -1 -1 7 -1 -1 12 -1 -1 -1 14 -1 -1 11 8 -1 -1 -1 -1 -1 -1 0 -1 -1 30 -1 -1 25 28 -1 -1 -1 -1 -1 -1 29 -1 -1 16 -1 -1 -1 -1 26 22 -1 17 -1 -1 -1 -1 -1 -1 21 -1 -1 -1 -1 24 -1 -1 -1 20 19 18 -1 -1 
-1 -1 -1 -1 4 5 6 -1 -1 -1 -1 -1 -1 3 -1 -1 -1 -1 9 -1 -1 -1 2 -1 10 -1 7 -1 -1 12 -1 -1 -1 14 -1 -1 11 8 -1 -1 -1 -1 -1 -1 0 -1 -1 30 -1 -1 25 28 -1 -1 -1 -1 -1 -1 29 -1 -1 16 -1 -1 -1 -1 26 22 -1 17 -1 -1 -1 -1 -1 -1 21 -1 -1 -1 -1 24 -1 -1 -1 20 19 18 -1 -1 
-1 -1 -1 -1 4 5 6 -1 -1 -1 -1 -1 -1 3 -1 -1 -1 -1 9 -1 -1 -1 2 -1 10 -1 7 -1 -1 12 -1 -1 -1 14 -1 -1 11 8 -1 -1 -1 -1 -1 -1 0 -1 -1 30 -1 -1 -1 28 -1 -1 -1 -1 -1 -1 29 -1 -1 16 -1 -1 -1 -1 26 22 -1 17 -1 -1 -1 -1 -1 -1 21 25 -1 -1 -1 24 -1 -1 -1 20 19 18 -1 -1 
-1 -1 -1 -1 4 5 6 -1 -1 -1 -1 -1 -1 3 -1 -1 -1 -1 9 -1 -1 -1 2 -1 10 -1 7 -1 -1 12 -1 -1 -1 14 -1 -1 -1 8 -1 -1 -1 -1 -1 -1 0 11 -1 30 -1 -1 -1 28 -1 -1 -1 -1 -1 -1 29 -1 -1 16 -1 -1 -1 -1 26 22 -1 17 -1 -1 -1 -1 -1 -1 21 25 -1 -1 -1 24 -1 -1 -1 20 19 18 -1 -1 
-1 -1 -1 -1 4 5 6 -1 -1 -1 -1 -1 -1 3 -1 -1 -1 -1 9 -1 -1 -1 2 -1 10 -1 7 -1 -1 12 -1 -1 -1 14 -1 -1 -1 8 -1 -1 -1 -1 -1 -1 0 11 -1 30 -1 29 -1 28 -1 -1 -1 -1 -1 -1 -1 -1 -1 16 -1 -1 -1 -1 26 22 -1 17 -1 -1 -1 -1 -1 -1 21 25 -1 -1 -1 24 -1 -1 -1 20 19 18 -1 -1 
-1 -1 -1 -1 4 5 6 -1 -1 -1 -1 -1 -1 3 -1 -1 -1 -1 9 -1 -1 -1 2 -1 10 -1 7 -1 -1 12 -1 -1 -1 14 -1 -1 -1 8 -1 -1 -1 -1 -1 -1 0 -1 11 30 -1 29 -1 28 -1 -1 -1 -1 -1 -1 -1 -1 -1 16 -1 -1 -1 -1 26 22 -1 17 -1 -1 -1 -1 -1 -1 21 25 -1 -1 -1 24 -1 -1 -1 20 19 18 -1 -1 
-1 -1 -1 -1 4 5 6 -1 -1 -1 -1 -1 -1 3 -1 -1 -1 -1 9 -1 -1 -1 2 -1 10 -1 7 -1 -1 12 -1 -1 -1 14 -1 -1 -1 8 -1 -1 -1 -1 -1 -1 0 -1 11 30 -1 29 -1 28 -1 -1 -1 -1 -1 -1 -1 -1 -1 16 -1 -1 -1 -1 26 22 -1 17 -1 -1 -1 -1 -1 -1 21 25 -1 -1 -1 -1 24 -1 -1 20 19 18 -1 -1 
-1 -1 -1 -1 4 5 6 -1 -1 -1 -1 -1 -1 3 -1 -1 -1 -1 9 -1 -1 -1 2 -1 10 -1 7 -1 -1 12 -1 -1 -1 14 -1 -1 -1 8 -1 -1 -1 -1 -1 -1 0 -1 -1 11 -1 29 -1 28 -1 -1 -1 -1 -1 -1 -1 -1 -1 16 -1 -1 -1 -1 26 22 -1 17 -1 -1 -1 -1 -1 -1 21 25 -1 -1 -1 -1 24 -1 -1 20 19 18 -1 -1 
-1 -1 -1 -1 4 5 6 -1 -1 -1 -1 -1 -1 3 -1 -1 -1 -1 9 -1 -1 -1 2 -1 10 -1 7 -1 -1 12 -1 -1 -1 14 -1 -1 -1 24 -1 -1 -1 -1 -1 -1 0 -1 -1 11 -1 29 -1 28 -1 -1 -1 -1 -1 -1 -1 -1 -1 16 -1 -1 -1 -1 26 22 -1 17 -1 -1 -1 -1 -1 -1 21 25 -1 -1 -1 -1 -1 -1 -1 20 19 18 -1 -1 
-1 -1 -1 -1 4 5 6 -1 -1 -1 -1 -1 -1 3 -1 -1 -1 -1 9 -1 -1 -1 2 -1 10 -1 7 -1 -1 12 -1 -1 -1 14 -1 -1 -1 0 -1 -1 -1 -1 -1 -1 -1 -1 -1 11 -1 29 -1 28 -1 -1 -1 -1 -1 -1 -1 -1 -1 16 -1 -1 -1 -1 26 22 -1 17 -1 -1 -1 -1 -1 -1 21 25 -1 -1 -1 -1 -1 -1 -1 20 19 18 -1 -1 
-1 -1 -1 -1 4 5 6 -1 -1 -1 -1 -1 -1 3 -1 -1 -1 -1 9 -1 -1 -1 2 -1 10 -1 7 -1 -1 12 -1 -1 -1 14 -1 -1 -1 0 -1 -1 -1 -1 -1 -1 -1 -1 -1 11 -1 29 -1 28 -1 -1 -1 -1 -1 -1 16 -1 -1 -1 -1 -1 -1 -1 26 22 -1 17 -1 -1 -1 -1 -1 -1 21 25 -1 -1 -1 -1 -1 -1 -1 20 19 18 -1 -1 
-1 -1 -1 -1 4 5 6 -1 -1 -1 -1 -1 -1 3 -1 -1 -1 -1 9 -1 -1 -1 2 -1 10 -1 7 -1 -1 12 -1 -1 -1 -1 -1 -1 -1 0 -1 -1 -1 -1 14 -1 -1 -1 -1 11 -1 29 -1 28 -1 -1 -1 -1 -1 -1 16 -1 -1 -1 -1 -1 -1 -1 26 22 -1 17 -1 -1 -1 -1 -1 -1 21 25 -1 -1 -1 -1 -1 -1 -1 20 19 18 -1 -1 
-1 -1 -1 -1 4 5 6 -1 -1 -1 -1 -1 -1 3 -1 -1 -1 -1 9 -1 -1 -1 2 -1 10 -1 7 -1 -1 12 -1 -1 -1 -1 -1 -1 -1 0 -1 -1 -1 -1 14 -1 -1 -1 -1 11 -1 29 -1 28 -1 -1 -1 -1 -1 -1 16 -1 -1 -1 -1 -1 -1 -1 26 22 -1 17 -1 -1 -1 -1 -1 -1 21 -1 25 -1 -1 -1 -1 -1 -1 20 19 18 -1 -1 
-1 -1 -1 -1 4 5 6 -1 -1 -1 -1 -1 -1 3 -1 -1 -1 -1 9 -1 -1 -1 2 -1 10 -1 7 -1 -1 12 -1 -1 -1 -1 -1 -1 -1 0 -1 -1 -1 -1 14 -1 -1 -1 -1 -1 11 29 -1 28 -1 -1 -1 -1 -1 -1 16 -1 -1 -1 -1 -1 -1 -1 26 22 -1 17 -1 -1 -1 -1 -1 -1 21 -1 25 -1 -1 -1 -1 -1 -1 20 19 18 -1 -1 
-1 -1 -1 -1 4 5 6 -1 -1 -1 -1 -1 -1 3 -1 -1 -1 -1 9 -1 -1 -1 2 -1 10 -1 7 -1 -1 12 -1 -1 -1 -1 -1 -1 -1 0 -1 -1 29 -1 14 -1 -1 -1 -1 -1 11 -1 -1 28 -1 -1 -1 -1 -1 -1 16 -1 -1 -1 -1 -1 -1 -1 26 22 -1 17 -1 -1 -1 -1 -1 -1 21 -1 25 -1 -1 -1 -1 -1 -1 20 19 18 -1 -1 
-1 -1 -1 -1 4 5 6 -1 -1 -1 -1 -1 -1 3 -1 -1 -1 -1 9 -1 -1 -1 2 -1 10 -1 -1 -1 -1 12 -1 -1 -1 7 -1 -1 -1 0 -1 -1 29 -1 14 -1 -1 -1 -1 -1 11 -1 -1 28 -1 -1 -1 -1 -1 -1 16 -1 -1 -1 -1 -1 -1 -1 26 22 -1 17 -1 -1 -1 -1 -1 -1 21 -1 25 -1 -1 -1 -1 -1 -1 20 19 18 -1 -1 
-1 -1 -1 -1 4 5 6 -1 -1 -1 -1 -1 -1 3 -1 -1 -1 -1 9 -1 -1 -1 2 -1 10 -1 -1 -1 -1 12 -1 -1 -1 7 -1 -1 -1 0 -1 -1 29 -1 28 -1 -1 -1 -1 -1 11 -1 -1 -1 -1 -1 -1 -1 -1 -1 16 -1 -1 -1 -1 -1 -1 -1 26 22 -1 17 -1 -1 -1 -1 -1 -1 21 -1 25 -1 -1 -1 -1 -1 -1 20 19 18 -1 -1 
-1 -1 -1 -1 4 5 6 -1 -1 -1 -1 -1 -1 3 -1 -1 -1 -1 9 -1 -1 -1 2 -1 10 -1 -1 -1 -1 12 -1 -1 -1 -1 -1 -1 -1 0 -1 -1 7 -1 28 -1 -1 -1 -1 -1 11 -1 -1 -1 -1 -1 -1 -1 -1 -1 16 -1 -1 -1 -1 -1 -1 -1 26 22 -1 17 -1 -1 -1 -1 -1 -1 21 -1 25 -1 -1 -1 -1 -1 -1 20 19 18 -1 -1 
-1 -1 -1 -1 4 5 6 -1 -1 -1 -1 -1 -1 3 -1 -1 -1 -1 9 -1 -1 -1 2 -1 10 -1 -1 -1 -1 12 -1 -1 -1 -1 -1 -1 -1 0 -1 -1 7 28 -1 -1 -1 -1 -1 -1 11 -1 -1 -1 -1 -1 -1 -1 -1 -1 16 -1 -1 -1 -1 -1 -1 -1 26 22 -1 17 -1 -1 -1 -1 -1 -1 21 -1 25 -1 -1 -1 -1 -1 -1 20 19 18 -1 -1 
-1 -1 -1 -1 4 5 6 -1 -1 -1 -1 -1 -1 3 -1 -1 -1 -1 9 -1 -1 -1 2 -1 10 -1 -1 -1 -1 12 -1 -1 -1 -1 -1 -1 -1 0 1 -1 7 28 -1 -1 -1 -1 -1 -1 11 -1 -1 -1 -1 -1 -1 -1 -1 -1 16 -1 -1 -1 -1 -1 -1 -1 26 22 -1 17 -1 -1 -1 -1 -1 -1 21 -1 25 -1 -1 -1 -1 -1 -1 20 19 18 -1 -1 
-1 -1 -1 -1 4 5 6 -1 -1 -1 -1 -1 -1 3 -1 -1 -1 -1 9 -1 -1 -1 2 -1 10 -1 -1 -1 -1 12 -1 -1 -1 -1 -1 -1 -1 0 1 -1 7 28 -1 -1 -1 -1 -1 22 11 -1 -1 -1 -1 -1 -1 -1 -1 -1 16 -1 -1 -1 -1 -1 -1 -1 26 -1 -1 17 -1 -1 -1 -1 -1 -1 21 -1 25 -1 -1 -1 -1 -1 -1 20 19 18 -1 -1 
-1 -1 -1 -1 4 5 6 -1 -1 -1 -1 -1 -1 3 -1 -1 -1 -1 9 -1 -1 -1 2 -1 -1 -1 -1 -1 -1 12 -1 -1 -1 -1 -1 -1 -1 0 1 -1 7 28 -1 -1 -1 -1 -1 22 11 -1 -1 -1 -1 -1 -1 -1 -1 -1 16 -1 -1 -1 -1 -1 -1 -1 26 -1 -1 17 -1 -1 -1 -1 -1 -1 21 -1 10 -1 -1 -1 -1 -1 -1 20 19 18 -1 -1 
-1 -1 -1 -1 4 5 6 -1 -1 -1 -1 -1 -1 3 -1 -1 -1 -1 9 -1 -1 -1 2 -1 -1 -1 -1 -1 -1 12 -1 -1 -1 -1 -1 -1 -1 0 1 -1 7 28 -1 -1 -1 -1 -1 -1 11 -1 -1 -1 -1 -1 -1 -1 -1 -1 16 -1 -1 -1 -1 -1 -1 -1 26 22 -1 17 -1 -1 -1 -1 -1 -1 21 -1 10 -1 -1 -1 -1 -1 -1 20 19 18 -1 -1 
-1 -1 -1 -1 4 5 6 -1 -1 -1 -1 -1 -1 3 -1 -1 -1 -1 9 -1 -1 -1 2 -1 -1 -1 -1 -1 -1 12 -1 -1 -1 -1 -1 -1 -1 -1 1 -1 7 0 -1 -1 -1 -1 -1 -1 11 -1 -1 -1 -1 -1 -1 -1 -1 -1 16 -1 -1 -1 -1 -1 -1 -1 26 22 -1 17 -1 -1 -1 -1 -1 -1 21 -1 10 -1 -1 -1 -1 -1 -1 20 19 18 -1 -1 
-1 -1 -1 -1 4 5 6 -1 -1 -1 -1 -1 -1 3 -1 -1 -1 -1 9 -1 -1 -1 2 -1 -1 -1 -1 -1 -1 12 -1 -1 -1 -1 -1 -1 -1 -1 1 -1 7 0 -1 -1 -1 31 -1 -1 11 -1 -1 -1 -1 -1 -1 -1 -1 -1 16 -1 -1 -1 -1 -1 -1 -1 26 22 -1 17 -1 -1 -1 -1 -1 -1 21 -1 10 -1 -1 -1 -1 -1 -1 20 19 18 -1 -1 
-1 -1 -1 -1 4 5 6 -1 -1 -1 -1 -1 -1 3 -1 -1 -1 -1 9 -1 -1 -1 2 -1 -1 -1 -1 -1 -1 12 -1 -1 -1 -1 -1 -1 -1 0 1 -1 7 -1 -1 -1 -1 31 -1 -1 11 -1 -1 -1 -1 -1 -1 -1 -1 -1 16 -1 -1 -1 -1 -1 -1 -1 26 22 -1 17 -1 -1 -1 -1 -1 -1 21 -1 10 -1 -1 -1 -1 -1 -1 20 19 18 -1 -1 
-1 -1 -1 -1 4 5 6 -1 -1 -1 -1 -1 -1 3 -1 -1 -1 -1 9 -1 -1 -1 2 -1 -1 -1 -1 -1 -1 12 -1 16 -1 -1 -1 -1 -1 0 1 -1 7 -1 -1 -1 -1 31 -1 -1 11 -1 -1 -1 -1 -1 -1 -1 -1 -1 -1 -1 -1 -1 -1 -1 -1 -1 26 22 -1 17 -1 -1 -1 -1 -1 -1 21 -1 10 -1 -1 -1 -1 -1 -1 20 19 18 -1 -1 
-1 -1 -1 -1 4 5 6 -1 -1 -1 -1 -1 -1 3 -1 -1 -1 -1 9 -1 -1 -1 2 -1 -1 -1 -1 -1 -1 -1 -1 16 -1 -1 -1 -1 -1 0 12 -1 7 -1 -1 -1 -1 31 -1 -1 11 -1 -1 -1 -1 -1 -1 -1 -1 -1 -1 -1 -1 -1 -1 -1 -1 -1 26 22 -1 17 -1 -1 -1 -1 -1 -1 21 -1 10 -1 -1 -1 -1 -1 -1 20 19 18 -1 -1 
-1 -1 -1 -1 4 5 6 -1 -1 -1 -1 -1 -1 3 -1 -1 -1 -1 9 -1 -1 -1 2 -1 -1 -1 -1 16 -1 -1 -1 -1 -1 -1 -1 -1 -1 0 12 -1 7 -1 -1 -1 -1 31 -1 -1 11 -1 -1 -1 -1 -1 -1 -1 -1 -1 -1 -1 -1 -1 -1 -1 -1 -1 26 22 -1 17 -1 -1 -1 -1 -1 -1 21 -1 10 -1 -1 -1 -1 -1 -1 20 19 18 -1 -1 
-1 -1 -1 -1 4 5 6 -1 -1 -1 -1 -1 -1 3 -1 -1 -1 -1 -1 -1 -1 9 2 -1 -1 -1 -1 16 -1 -1 -1 -1 -1 -1 -1 -1 -1 0 12 -1 7 -1 -1 -1 -1 31 -1 -1 11 -1 -1 -1 -1 -1 -1 -1 -1 -1 -1 -1 -1 -1 -1 -1 -1 -1 26 22 -1 17 -1 -1 -1 -1 -1 -1 21 -1 10 -1 -1 -1 -1 -1 -1 20 19 18 -1 -1 
-1 -1 -1 -1 4 5 6 -1 -1 -1 -1 -1 -1 3 -1 -1 -1 -1 -1 -1 -1 9 2 -1 -1 -1 -1 -1 -1 -1 16 -1 -1 -1 -1 -1 -1 0 12 -1 7 -1 -1 -1 -1 31 -1 -1 11 -1 -1 -1 -1 -1 -1 -1 -1 -1 -1 -1 -1 -1 -1 -1 -1 -1 26 22 -1 17 -1 -1 -1 -1 -1 -1 21 -1 10 -1 -1 -1 -1 -1 -1 20 19 18 -1 -1 
-1 -1 -1 -1 4 5 6 -1 -1 -1 -1 -1 -1 3 -1 -1 -1 -1 -1 -1 -1 9 2 -1 -1 -1 -1 -1 -1 -1 16 -1 -1 -1 -1 -1 -1 -1 12 -1 7 -1 -1 -1 -1 31 0 -1 11 -1 -1 -1 -1 -1 -1 -1 -1 -1 -1 -1 -1 -1 -1 -1 -1 -1 26 22 -1 17 -1 -1 -1 -1 -1 -1 21 -1 10 -1 -1 -1 -1 -1 -1 20 19 18 -1 -1 
-1 -1 -1 -1 4 5 6 -1 -1 -1 -1 -1 -1 3 -1 -1 -1 -1 -1 -1 -1 9 2 -1 -1 -1 -1 -1 -1 -1 16 -1 -1 -1 -1 -1 31 -1 12 -1 7 -1 -1 -1 -1 -1 0 -1 11 -1 -1 -1 -1 -1 -1 -1 -1 -1 -1 -1 -1 -1 -1 -1 -1 -1 26 22 -1 17 -1 -1 -1 -1 -1 -1 21 -1 10 -1 -1 -1 -1 -1 -1 20 19 18 -1 -1 
-1 -1 -1 -1 4 5 6 -1 -1 -1 -1 -1 -1 3 -1 -1 -1 -1 -1 -1 -1 9 2 -1 -1 -1 -1 -1 -1 -1 16 -1 -1 -1 -1 -1 31 -1 -1 -1 7 -1 -1 -1 -1 -1 0 12 11 -1 -1 -1 -1 -1 -1 -1 -1 -1 -1 -1 -1 -1 -1 -1 -1 -1 26 22 -1 17 -1 -1 -1 -1 -1 -1 21 -1 10 -1 -1 -1 -1 -1 -1 20 19 18 -1 -1 
-1 -1 -1 -1 4 5 6 -1 -1 -1 -1 -1 -1 3 -1 -1 -1 -1 -1 -1 -1 9 2 -1 -1 -1 -1 -1 -1 -1 16 -1 -1 -1 -1 -1 31 -1 -1 -1 7 -1 -1 -1 -1 -1 0 12 11 -1 -1 -1 17 -1 -1 -1 -1 -1 -1 -1 -1 -1 -1 -1 -1 -1 26 22 -1 -1 -1 -1 -1 -1 -1 -1 21 -1 10 -1 -1 -1 -1 -1 -1 20 19 18 -1 -1 
-1 -1 -1 -1 4 5 6 -1 -1 -1 -1 -1 -1 3 -1 -1 -1 -1 -1 -1 -1 9 2 -1 -1 -1 -1 -1 -1 -1 16 -1 -1 -1 -1 -1 31 -1 -1 -1 7 -1 -1 -1 -1 -1 0 12 11 -1 -1 -1 17 -1 -1 -1 -1 -1 -1 -1 10 -1 -1 -1 -1 -1 26 22 -1 -1 -1 -1 -1 -1 -1 -1 21 -1 -1 -1 -1 -1 -1 -1 -1 20 19 18 -1 -1 
-1 -1 -1 -1 4 5 6 -1 -1 -1 -1 -1 -1 3 -1 -1 -1 -1 -1 -1 -1 9 2 -1 -1 -1 -1 -1 -1 -1 16 -1 -1 -1 -1 -1 31 -1 -1 -1 7 -1 -1 -1 -1 -1 0 22 11 -1 -1 -1 17 -1 -1 -1 -1 -1 -1 -1 10 -1 -1 -1 -1 -1 26 -1 -1 -1 -1 -1 -1 -1 -1 -1 21 -1 -1 -1 -1 -1 -1 -1 -1 20 19 18 -1 -1 
-1 -1 -1 -1 4 5 6 -1 -1 -1 -1 -1 -1 3 -1 -1 -1 -1 -1 -1 -1 9 2 -1 -1 -1 -1 -1 -1 -1 16 -1 -1 -1 -1 -1 31 -1 -1 -1 7 -1 -1 -1 -1 -1 0 11 -1 -1 -1 -1 17 -1 -1 -1 -1 -1 -1 -1 10 -1 -1 -1 -1 -1 26 -1 -1 -1 -1 -1 -1 -1 -1 -1 21 -1 -1 -1 -1 -1 -1 -1 -1 20 19 18 -1 -1 
-1 -1 -1 -1 4 5 6 -1 -1 -1 -1 -1 -1 3 -1 -1 -1 -1 -1 -1 -1 26 2 -1 -1 -1 -1 -1 -1 -1 16 -1 -1 -1 -1 -1 31 -1 -1 -1 7 -1 -1 -1 -1 -1 0 11 -1 -1 -1 -1 17 -1 -1 -1 -1 -1 -1 -1 10 -1 -1 -1 -1 -1 -1 -1 -1 -1 -1 -1 -1 -1 -1 -1 21 -1 -1 -1 -1 -1 -1 -1 -1 20 19 18 -1 -1 
-1 -1 -1 -1 4 5 6 -1 -1 -1 -1 -1 -1 -1 -1 -1 -1 -1 -1 -1 -1 3 2 -1 -1 -1 -1 -1 -1 -1 16 -1 -1 -1 -1 -1 31 -1 -1 -1 7 -1 -1 -1 -1 -1 0 11 -1 -1 -1 -1 17 -1 -1 -1 -1 -1 -1 -1 10 -1 -1 -1 -1 -1 -1 -1 -1 -1 -1 -1 -1 -1 -1 -1 21 -1 -1 -1 -1 -1 -1 -1 -1 20 19 18 -1 -1 
-1 -1 -1 -1 4 5 6 -1 -1 -1 -1 -1 -1 -1 -1 -1 -1 -1 -1 -1 -1 16 2 -1 -1 -1 -1 -1 -1 -1 -1 -1 -1 -1 -1 -1 31 -1 -1 -1 7 -1 -1 -1 -1 -1 0 11 -1 -1 -1 -1 17 -1 -1 -1 -1 -1 -1 -1 10 -1 -1 -1 -1 -1 -1 -1 -1 -1 -1 -1 -1 -1 -1 -1 21 -1 -1 -1 -1 -1 -1 -1 -1 20 19 18 -1 -1 
-1 -1 -1 -1 4 -1 6 -1 -1 -1 -1 -1 -1 5 -1 -1 -1 -1 -1 -1 -1 16 2 -1 -1 -1 -1 -1 -1 -1 -1 -1 -1 -1 -1 -1 31 -1 -1 -1 7 -1 -1 -1 -1 -1 0 11 -1 -1 -1 -1 17 -1 -1 -1 -1 -1 -1 -1 10 -1 -1 -1 -1 -1 -1 -1 -1 -1 -1 -1 -1 -1 -1 -1 21 -1 -1 -1 -1 -1 -1 -1 -1 20 19 18 -1 -1 
-1 -1 -1 -1 4 -1 6 -1 -1 -1 -1 -1 -1 5 -1 -1 -1 -1 -1 -1 -1 -1 2 -1 -1 -1 -1 -1 -1 -1 -1 -1 -1 -1 -1 -1 31 -1 -1 -1 7 -1 -1 -1 -1 -1 0 11 -1 -1 -1 -1 17 -1 -1 -1 -1 16 -1 -1 10 -1 -1 -1 -1 -1 -1 -1 -1 -1 -1 -1 -1 -1 -1 -1 21 -1 -1 -1 -1 -1 -1 -1 -1 20 19 18 -1 -1 
-1 -1 -1 -1 4 -1 6 -1 -1 -1 -1 -1 -1 5 -1 -1 -1 -1 -1 -1 -1 -1 2 -1 -1 -1 -1 -1 -1 -1 -1 -1 -1 -1 -1 -1 31 -1 -1 -1 7 -1 10 -1 -1 -1 0 11 -1 -1 -1 -1 17 -1 -1 -1 -1 16 -1 -1 -1 -1 -1 -1 -1 -1 -1 -1 -1 -1 -1 -1 -1 -1 -1 -1 21 -1 -1 -1 -1 -1 -1 -1 -1 20 19 18 -1 -1 
-1 -1 -1 -1 4 -1 6 -1 -1 -1 -1 -1 -1 5 -1 -1 -1 -1 -1 -1 -1 -1 2 -1 -1 -1 -1 -1 -1 -1 -1 -1 -1 -1 -1 -1 31 -1 -1 -1 7 -1 10 -1 -1 -1 0 11 -1 -1 -1 -1 -1 -1 -1 -1 -1 16 -1 17 -1 -1 -1 -1 -1 -1 -1 -1 -1 -1 -1 -1 -1 -1 -1 -1 21 -1 -1 -1 -1 -1 -1 -1 -1 20 19 18 -1 -1 
-1 -1 -1 -1 4 -1 6 -1 -1 -1 -1 -1 -1 5 -1 -1 -1 -1 -1 -1 -1 -1 2 -1 -1 -1 -1 -1 -1 -1 -1 -1 -1 -1 -1 -1 31 -1 -1 -1 7 -1 -1 -1 -1 -1 0 11 -1 -1 -1 10 -1 -1 -1 -1 -1 16 -1 17 -1 -1 -1 -1 -1 -1 -1 -1 -1 -1 -1 -1 -1 -1 -1 -1 21 -1 -1 -1 -1 -1 -1 -1 -1 20 19 18 -1 -1 
-1 -1 -1 -1 4 -1 6 -1 -1 -1 -1 -1 -1 5 -1 -1 -1 -1 -1 -1 -1 -1 2 -1 -1 -1 -1 -1 -1 -1 -1 -1 -1 -1 -1 -1 31 -1 -1 -1 7 -1 -1 -1 -1 -1 0 11 -1 -1 -1 10 -1 -1 -1 -1 -1 16 -1 -1 -1 -1 -1 -1 -1 -1 17 -1 -1 -1 -1 -1 -1 -1 -1 -1 21 -1 -1 -1 -1 -1 -1 -1 -1 20 19 18 -1 -1 
-1 -1 -1 -1 4 -1 6 -1 -1 -1 -1 -1 -1 5 -1 -1 -1 -1 -1 -1 -1 -1 2 -1 -1 -1 -1 -1 -1 -1 -1 -1 -1 -1 -1 -1 31 -1 -1 -1 7 -1 -1 -1 -1 -1 0 -1 11 -1 -1 10 -1 -1 -1 -1 -1 16 -1 -1 -1 -1 -1 -1 -1 -1 17 -1 -1 -1 -1 -1 -1 -1 -1 -1 21 -1 -1 -1 -1 -1 -1 -1 -1 20 19 18 -1 -1 
-1 -1 -1 -1 4 -1 6 -1 -1 -1 -1 -1 -1 5 -1 -1 -1 -1 -1 -1 -1 -1 2 -1 -1 -1 -1 -1 -1 -1 -1 -1 -1 -1 -1 -1 31 -1 -1 -1 7 -1 -1 -1 -1 -1 0 -1 11 -1 -1 10 -1 -1 -1 16 -1 -1 -1 -1 -1 -1 -1 -1 -1 -1 17 -1 -1 -1 -1 -1 -1 -1 -1 -1 21 -1 -1 -1 -1 -1 -1 -1 -1 20 19 18 -1 -1 
-1 -1 -1 -1 4 -1 6 -1 -1 -1 -1 -1 -1 5 -1 -1 -1 -1 -1 -1 -1 -1 2 -1 -1 -1 -1 -1 -1 -1 -1 -1 -1 -1 -1 -1 31 -1 -1 -1 7 -1 -1 -1 -1 0 -1 -1 11 -1 -1 10 -1 -1 -1 16 -1 -1 -1 -1 -1 -1 -1 -1 -1 -1 17 -1 -1 -1 -1 -1 -1 -1 -1 -1 21 -1 -1 -1 -1 -1 -1 -1 -1 20 19 18 -1 -1 
-1 -1 -1 -1 4 -1 6 -1 -1 -1 -1 -1 -1 5 -1 -1 -1 -1 -1 -1 -1 -1 2 -1 -1 -1 -1 -1 -1 -1 -1 -1 -1 -1 -1 -1 -1 31 -1 -1 7 -1 -1 -1 -1 0 -1 -1 11 -1 -1 10 -1 -1 -1 16 -1 -1 -1 -1 -1 -1 -1 -1 -1 -1 17 -1 -1 -1 -1 -1 -1 -1 -1 -1 21 -1 -1 -1 -1 -1 -1 -1 -1 20 19 18 -1 -1 
-1 -1 -1 -1 4 -1 6 -1 -1 -1 -1 -1 -1 5 -1 -1 -1 -1 -1 -1 -1 -1 2 -1 -1 -1 -1 -1 -1 -1 -1 -1 -1 10 -1 -1 -1 31 -1 -1 7 -1 -1 -1 -1 0 -1 -1 11 -1 -1 -1 -1 -1 -1 16 -1 -1 -1 -1 -1 -1 -1 -1 -1 -1 17 -1 -1 -1 -1 -1 -1 -1 -1 -1 21 -1 -1 -1 -1 -1 -1 -1 -1 20 19 18 -1 -1 
-1 -1 -1 -1 4 -1 6 -1 -1 -1 -1 -1 -1 5 -1 -1 -1 -1 -1 -1 -1 -1 2 -1 -1 -1 -1 -1 -1 -1 -1 -1 -1 10 -1 -1 -1 31 -1 -1 7 -1 -1 -1 -1 0 -1 -1 11 -1 -1 -1 -1 -1 -1 16 -1 -1 -1 -1 -1 -1 -1 -1 -1 -1 17 18 -1 -1 -1 -1 -1 -1 -1 -1 21 -1 -1 -1 -1 -1 -1 -1 -1 20 19 -1 -1 -1 
-1 -1 -1 -1 4 -1 6 -1 -1 -1 -1 -1 -1 5 -1 -1 -1 -1 -1 -1 -1 -1 2 -1 -1 -1 -1 0 -1 -1 -1 -1 -1 10 -1 -1 -1 31 -1 -1 7 -1 -1 -1 -1 -1 -1 -1 11 -1 -1 -1 -1 -1 -1 16 -1 -1 -1 -1 -1 -1 -1 -1 -1 -1 17 18 -1 -1 -1 -1 -1 -1 -1 -1 21 -1 -1 -1 -1 -1 -1 -1 -1 20 19 -1 -1 -1 
-1 -1 -1 -1 4 -1 6 -1 -1 -1 -1 -1 -1 5 -1 -1 -1 -1 -1 -1 -1 -1 2 -1 -1 -1 -1 0 -1 -1 -1 -1 -1 10 -1 -1 -1 31 -1 -1 7 -1 -1 -1 -1 -1 -1 -1 11 -1 -1 -1 -1 -1 -1 -1 -1 -1 16 -1 -1 -1 -1 -1 -1 -1 17 18 -1 -1 -1 -1 -1 -1 -1 -1 21 -1 -1 -1 -1 -1 -1 -1 -1 20 19 -1 -1 -1 
-1 -1 -1 -1 4 -1 6 -1 -1 -1 -1 -1 -1 5 -1 -1 -1 -1 -1 -1 -1 -1 2 -1 -1 -1 -1 0 -1 -1 -1 -1 -1 -1 -1 10 -1 31 -1 -1 7 -1 -1 -1 -1 -1 -1 -1 11 -1 -1 -1 -1 -1 -1 -1 -1 -1 16 -1 -1 -1 -1 -1 -1 -1 17 18 -1 -1 -1 -1 -1 -1 -1 -1 21 -1 -1 -1 -1 -1 -1 -1 -1 20 19 -1 -1 -1 
-1 -1 -1 -1 4 -1 6 -1 -1 -1 -1 -1 -1 5 -1 -1 -1 -1 -1 -1 -1 -1 2 -1 -1 -1 -1 0 -1 -1 -1 -1 -1 -1 -1 10 -1 31 -1 -1 7 -1 -1 -1 -1 -1 -1 -1 11 -1 -1 -1 -1 -1 -1 -1 -1 -1 16 -1 -1 -1 -1 -1 -1 -1 17 18 -1 -1 -1 -1 -1 -1 -1 -1 -1 -1 -1 -1 -1 -1 -1 -1 21 20 19 -1 -1 -1 
-1 -1 -1 -1 4 -1 6 -1 -1 -1 -1 -1 -1 5 -1 -1 -1 -1 -1 -1 -1 -1 2 -1 -1 -1 -1 -1 -1 -1 -1 -1 -1 -1 0 10 -1 31 -1 -1 7 -1 -1 -1 -1 -1 -1 -1 11 -1 -1 -1 -1 -1 -1 -1 -1 -1 16 -1 -1 -1 -1 -1 -1 -1 17 18 -1 -1 -1 -1 -1 -1 -1 -1 -1 -1 -1 -1 -1 -1 -1 -1 21 20 19 -1 -1 -1 
-1 -1 -1 -1 4 -1 6 -1 -1 -1 -1 -1 -1 5 -1 -1 -1 -1 -1 -1 -1 -1 2 -1 -1 -1 -1 -1 -1 -1 -1 -1 -1 -1 0 10 -1 31 -1 -1 7 -1 -1 -1 -1 -1 -1 -1 11 -1 -1 -1 -1 -1 -1 -1 -1 -1 -1 -1 -1 -1 16 -1 -1 -1 17 18 -1 -1 -1 -1 -1 -1 -1 -1 -1 -1 -1 -1 -1 -1 -1 -1 21 20 19 -1 -1 -1 
-1 -1 -1 -1 4 -1 6 -1 -1 -1 -1 -1 -1 5 -1 -1 -1 -1 -1 -1 -1 -1 2 -1 -1 -1 10 -1 -1 -1 -1 -1 -1 -1 0 -1 -1 31 -1 -1 7 -1 -1 -1 -1 -1 -1 -1 11 -1 -1 -1 -1 -1 -1 -1 -1 -1 -1 -1 -1 -1 16 -1 -1 -1 17 18 -1 -1 -1 -1 -1 -1 -1 -1 -1 -1 -1 -1 -1 -1 -1 -1 21 20 19 -1 -1 -1 
-1 -1 -1 -1 4 -1 6 -1 -1 -1 -1 -1 -1 5 -1 -1 -1 -1 -1 -1 -1 -1 2 -1 -1 -1 10 -1 -1 -1 -1 -1 -1 -1 0 -1 -1 31 -1 -1 7 -1 -1 -1 -1 -1 -1 -1 11 -1 -1 -1 -1 -1 -1 17 -1 -1 -1 -1 -1 -1 16 -1 -1 -1 -1 18 -1 -1 -1 -1 -1 -1 -1 -1 -1 -1 -1 -1 -1 -1 -1 -1 21 20 19 -1 -1 -1 
-1 -1 -1 -1 4 -1 6 -1 -1 -1 -1 -1 -1 5 -1 -1 -1 -1 -1 -1 -1 -1 2 -1 -1 -1 10 -1 -1 -1 -1 -1 -1 -1 0 -1 -1 31 -1 -1 7 -1 -1 -1 -1 -1 -1 -1 -1 11 -1 -1 -1 -1 -1 17 -1 -1 -1 -1 -1 -1 16 -1 -1 -1 -1 18 -1 -1 -1 -1 -1 -1 -1 -1 -1 -1 -1 -1 -1 -1 -1 -1 21 20 19 -1 -1 -1 
-1 -1 -1 -1 4 -1 6 -1 -1 -1 -1 -1 -1 5 -1 -1 -1 -1 -1 -1 -1 -1 2 -1 -1 -1 10 -1 -1 -1 -1 -1 -1 -1 0 -1 -1 31 -1 -1 7 -1 -1 -1 -1 -1 -1 -1 -1 11 -1 -1 -1 16 -1 17 -1 -1 -1 -1 -1 -1 -1 -1 -1 -1 -1 18 -1 -1 -1 -1 -1 -1 -1 -1 -1 -1 -1 -1 -1 -1 -1 -1 21 20 19 -1 -1 -1 
-1 -1 -1 -1 4 -1 6 -1 -1 -1 -1 -1 -1 5 -1 -1 -1 -1 -1 -1 -1 -1 2 -1 -1 -1 10 -1 -1 -1 -1 -1 -1 -1 -1 -1 -1 31 -1 -1 7 -1 -1 -1 -1 -1 -1 -1 -1 11 -1 -1 -1 16 -1 17 -1 -1 -1 -1 -1 0 -1 -1 -1 -1 -1 18 -1 -1 -1 -1 -1 -1 -1 -1 -1 -1 -1 -1 -1 -1 -1 -1 21 20 19 -1 -1 -1 
-1 -1 -1 -1 4 -1 6 -1 -1 -1 -1 -1 -1 5 -1 -1 -1 -1 -1 -1 -1 -1 2 -1 -1 -1 10 -1 -1 -1 -1 -1 -1 -1 -1 -1 -1 31 -1 -1 7 -1 -1 -1 -1 -1 -1 -1 -1 11 -1 -1 -1 16 -1 -1 -1 -1 -1 -1 -1 0 -1 -1 -1 -1 17 18 -1 -1 -1 -1 -1 -1 -1 -1 -1 -1 -1 -1 -1 -1 -1 -1 21 20 19 -1 -1 -1 
-1 -1 -1 -1 4 -1 6 -1 -1 -1 -1 -1 -1 5 -1 -1 -1 -1 -1 -1 -1 -1 2 -1 -1 -1 10 -1 -1 -1 -1 -1 -1 -1 -1 -1 -1 31 -1 -1 7 -1 -1 -1 -1 -1 -1 -1 -1 -1 -1 -1 -1 16 -1 -1 -1 -1 11 -1 -1 0 -1 -1 -1 -1 17 18 -1 -1 -1 -1 -1 -1 -1 -1 -1 -1 -1 -1 -1 -1 -1 -1 21 20 19 -1 -1 -1 
-1 -1 -1 -1 4 -1 6 -1 -1 -1 -1 -1 -1 5 -1 -1 -1 -1 -1 -1 -1 -1 2 -1 -1 -1 10 -1 -1 -1 -1 -1 -1 -1 -1 -1 -1 31 -1 -1 7 -1 -1 -1 -1 -1 -1 -1 -1 -1 -1 -1 -1 16 -1 -1 -1 -1 11 -1 -1 0 -1 -1 -1 -1 17 -1 -1 -1 -1 -1 -1 -1 -1 -1 -1 -1 -1 -1 -1 -1 -1 18 21 20 19 -1 -1 -1 
-1 -1 -1 -1 4 -1 6 -1 -1 -1 -1 -1 -1 5 -1 -1 -1 -1 -1 -1 -1 -1 2 -1 -1 -1 10 -1 -1 -1 -1 -1 -1 -1 -1 -1 -1 31 -1 -1 7 -1 -1 -1 -1 -1 -1 -1 -1 -1 -1 -1 -1 16 -1 -1 -1 11 -1 -1 -1 0 -1 -1 -1 -1 17 -1 -1 -1 -1 -1 -1 -1 -1 -1 -1 -1 -1 -1 -1 -1 -1 18 21 20 19 -1 -1 -1 
-1 -1 -1 -1 4 -1 6 -1 -1 -1 -1 -1 -1 5 -1 -1 -1 -1 -1 -1 -1 -1 2 -1 -1 -1 10 -1 -1 -1 -1 -1 -1 -1 -1 -1 -1 31 -1 -1 7 -1 -1 -1 -1 -1 -1 -1 -1 -1 -1 -1 -1 16 -1 17 -1 11 -1 -1 -1 0 -1 -1 -1 -1 -1 -1 -1 -1 -1 -1 -1 -1 -1 -1 -1 -1 -1 -1 -1 -1 -1 18 21 20 19 -1 -1 -1 
-1 -1 -1 -1 4 -1 6 -1 -1 -1 -1 -1 -1 5 -1 -1 -1 -1 -1 -1 -1 -1 2 -1 -1 -1 10 -1 -1 -1 -1 -1 -1 -1 -1 -1 -1 31 -1 -1 7 -1 -1 -1 -1 -1 -1 -1 -1 -1 -1 -1 -1 16 -1 17 11 -1 -1 -1 -1 0 -1 -1 -1 -1 -1 -1 -1 -1 -1 -1 -1 -1 -1 -1 -1 -1 -1 -1 -1 -1 -1 18 21 20 19 -1 -1 -1 
-1 -1 -1 -1 4 -1 6 -1 -1 -1 -1 -1 -1 5 -1 -1 -1 -1 -1 -1 -1 -1 2 -1 -1 -1 10 -1 -1 -1 -1 -1 -1 -1 -1 -1 -1 31 -1 -1 7 -1 -1 -1 -1 -1 -1 -1 -1 -1 -1 -1 -1 16 -1 -1 11 -1 -1 -1 -1 0 -1 -1 -1 -1 -1 -1 -1 -1 -1 -1 -1 -1 17 -1 -1 -1 -1 -1 -1 -1 -1 18 21 20 19 -1 -1 -1 
-1 -1 -1 -1 4 -1 6 -1 -1 -1 -1 -1 -1 5 -1 -1 -1 -1 -1 -1 -1 -1 2 -1 -1 -1 10 -1 -1 -1 -1 -1 -1 -1 -1 -1 -1 31 -1 -1 7 -1 -1 -1 -1 -1 -1 -1 -1 -1 -1 -1 -1 16 -1 -1 -1 -1 -1 -1 -1 0 -1 -1 -1 11 -1 -1 -1 -1 -1 -1 -1 -1 17 -1 -1 -1 -1 -1 -1 -1 -1 18 21 20 19 -1 -1 -1 
-1 -1 -1 -1 4 -1 6 -1 -1 -1 -1 -1 -1 5 -1 -1 -1 -1 -1 -1 -1 -1 2 -1 -1 -1 10 -1 -1 -1 -1 -1 -1 -1 -1 -1 -1 31 -1 -1 7 -1 -1 -1 -1 -1 -1 -1 -1 -1 -1 -1 -1 16 -1 -1 -1 -1 -1 -1 -1 0 -1 -1 -1 11 -1 17 -1 -1 -1 -1 -1 -1 -1 -1 -1 -1 -1 -1 -1 -1 -1 18 21 20 19 -1 -1 -1 
-1 -1 -1 -1 4 -1 6 -1 -1 -1 -1 -1 -1 5 -1 -1 -1 -1 -1 -1 -1 -1 2 -1 -1 -1 10 -1 -1 -1 -1 -1 -1 -1 -1 -1 -1 31 -1 -1 7 -1 -1 -1 -1 -1 -1 -1 -1 -1 -1 -1 -1 16 -1 -1 -1 -1 -1 -1 -1 0 -1 -1 -1 -1 11 17 -1 -1 -1 -1 -1 -1 -1 -1 -1 -1 -1 -1 -1 -1 -1 18 21 20 19 -1 -1 -1 
-1 -1 -1 -1 4 -1 6 -1 -1 -1 -1 -1 -1 5 -1 -1 -1 -1 -1 -1 -1 -1 2 -1 -1 -1 10 -1 -1 -1 -1 -1 -1 -1 -1 -1 -1 31 -1 -1 7 -1 -1 -1 -1 -1 -1 -1 17 -1 -1 -1 -1 16 -1 -1 -1 -1 -1 -1 -1 0 -1 -1 -1 -1 11 -1 -1 -1 -1 -1 -1 -1 -1 -1 -1 -1 -1 -1 -1 -1 -1 18 21 20 19 -1 -1 -1 
-1 -1 -1 -1 4 -1 6 -1 -1 -1 -1 -1 -1 5 -1 -1 -1 -1 -1 -1 -1 -1 2 -1 -1 -1 10 -1 -1 -1 -1 -1 -1 -1 -1 -1 -1 31 -1 -1 7 -1 -1 -1 -1 -1 -1 -1 17 -1 -1 -1 -1 16 -1 -1 -1 -1 -1 -1 -1 0 -1 -1 -1 -1 -1 -1 -1 -1 -1 -1 -1 -1 -1 11 -1 -1 -1 -1 -1 -1 -1 18 21 20 19 -1 -1 -1 
-1 -1 -1 -1 4 -1 6 -1 -1 -1 -1 -1 -1 5 -1 -1 -1 -1 -1 -1 -1 -1 2 -1 -1 -1 10 -1 -1 -1 -1 -1 -1 -1 -1 -1 -1 31 -1 -1 7 17 -1 -1 -1 -1 -1 -1 -1 -1 -1 -1 -1 16 -1 -1 -1 -1 -1 -1 -1 0 -1 -1 -1 -1 -1 -1 -1 -1 -1 -1 -1 -1 -1 11 -1 -1 -1 -1 -1 -1 -1 18 21 20 19 -1 -1 -1 
-1 -1 -1 -1 4 -1 6 -1 -1 -1 -1 -1 -1 5 -1 -1 -1 -1 -1 -1 -1 -1 -1 -1 -1 -1 10 -1 -1 -1 -1 -1 -1 -1 -1 -1 -1 31 -1 -1 7 17 2 -1 -1 -1 -1 -1 -1 -1 -1 -1 -1 16 -1 -1 -1 -1 -1 -1 -1 0 -1 -1 -1 -1 -1 -1 -1 -1 -1 -1 -1 -1 -1 11 -1 -1 -1 -1 -1 -1 -1 18 21 20 19 -1 -1 -1 
-1 -1 -1 -1 4 -1 6 -1 -1 -1 -1 -1 -1 5 -1 -1 -1 -1 -1 -1 -1 -1 -1 -1 -1 -1 10 -1 -1 -1 -1 -1 -1 -1 -1 -1 -1 31 -1 -1 7 17 2 -1 16 -1 -1 -1 -1 -1 -1 -1 -1 -1 -1 -1 -1 -1 -1 -1 -1 0 -1 -1 -1 -1 -1 -1 -1 -1 -1 -1 -1 -1 -1 11 -1 -1 -1 -1 -1 -1 -1 18 21 20 19 -1 -1 -1 
-1 -1 -1 -1 4 -1 6 -1 -1 -1 -1 -1 -1 5 -1 -1 -1 -1 -1 -1 -1 -1 -1 -1 -1 -1 10 -1 -1 -1 -1 -1 -1 -1 -1 -1 -1 31 -1 -1 7 17 -1 -1 16 -1 -1 -1 -1 -1 -1 -1 -1 -1 -1 -1 -1 -1 2 -1 -1 0 -1 -1 -1 -1 -1 -1 -1 -1 -1 -1 -1 -1 -1 11 -1 -1 -1 -1 -1 -1 -1 18 21 20 19 -1 -1 -1 
-1 -1 -1 -1 4 -1 6 -1 -1 -1 -1 -1 -1 5 -1 -1 -1 -1 -1 -1 -1 -1 -1 -1 -1 -1 10 -1 -1 -1 -1 -1 -1 -1 -1 16 -1 31 -1 -1 7 17 -1 -1 -1 -1 -1 -1 -1 -1 -1 -1 -1 -1 -1 -1 -1 -1 2 -1 -1 0 -1 -1 -1 -1 -1 -1 -1 -1 -1 -1 -1 -1 -1 11 -1 -1 -1 -1 -1 -1 -1 18 21 20 19 -1 -1 -1 
-1 -1 -1 -1 4 -1 6 -1 -1 -1 -1 -1 -1 5 -1 -1 -1 -1 -1 -1 -1 -1 -1 -1 -1 -1 10 -1 -1 -1 -1 -1 -1 -1 -1 16 -1 31 -1 -1 7 17 -1 -1 -1 -1 -1 -1 -1 -1 -1 -1 -1 -1 -1 -1 -1 -1 2 0 -1 -1 -1 -1 -1 -1 -1 -1 -1 -1 -1 -1 -1 -1 -1 11 -1 -1 -1 -1 -1 -1 -1 18 21 20 19 -1 -1 -1 
-1 -1 -1 -1 4 -1 6 -1 -1 -1 -1 -1 -1 5 -1 -1 -1 -1 -1 -1 -1 -1 -1 -1 17 -1 10 -1 -1 -1 -1 -1 -1 -1 -1 16 -1 31 -1 -1 7 -1 -1 -1 -1 -1 -1 -1 -1 -1 -1 -1 -1 -1 -1 -1 -1 -1 2 0 -1 -1 -1 -1 -1 -1 -1 -1 -1 -1 -1 -1 -1 -1 -1 11 -1 -1 -1 -1 -1 -1 -1 18 21 20 19 -1 -1 -1 
-1 -1 -1 -1 4 -1 6 -1 -1 -1 -1 -1 -1 5 -1 -1 -1 -1 -1 -1 -1 -1 -1 -1 17 -1 10 -1 -1 -1 -1 -1 -1 -1 -1 16 -1 31 -1 -1 7 -1 2 -1 -1 -1 -1 -1 -1 -1 -1 -1 -1 -1 -1 -1 -1 -1 -1 0 -1 -1 -1 -1 -1 -1 -1 -1 -1 -1 -1 -1 -1 -1 -1 11 -1 -1 -1 -1 -1 -1 -1 18 21 20 19 -1 -1 -1 
-1 -1 -1 -1 4 -1 6 -1 -1 -1 -1 -1 -1 5 -1 -1 -1 -1 -1 -1 -1 -1 -1 -1 17 -1 10 -1 31 -1 -1 -1 -1 -1 -1 16 -1 -1 -1 -1 7 -1 2 -1 -1 -1 -1 -1 -1 -1 -1 -1 -1 -1 -1 -1 -1 -1 -1 0 -1 -1 -1 -1 -1 -1 -1 -1 -1 -1 -1 -1 -1 -1 -1 11 -1 -1 -1 -1 -1 -1 -1 18 21 20 19 -1 -1 -1 
-1 -1 -1 -1 4 -1 6 -1 -1 -1 -1 -1 -1 5 -1 -1 -1 -1 -1 -1 -1 -1 -1 0 17 -1 10 -1 31 -1 -1 -1 -1 -1 -1 16 -1 -1 -1 -1 7 -1 2 -1 -1 -1 -1 -1 -1 -1 -1 -1 -1 -1 -1 -1 -1 -1 -1 -1 -1 -1 -1 -1 -1 -1 -1 -1 -1 -1 -1 -1 -1 -1 -1 11 -1 -1 -1 -1 -1 -1 -1 18 21 20 19 -1 -1 -1 
-1 -1 -1 -1 4 -1 6 -1 -1 -1 -1 -1 -1 5 -1 -1 -1 -1 -1 -1 -1 -1 -1 0 -1 -1 10 -1 31 -1 -1 -1 -1 -1 -1 16 -1 -1 -1 -1 7 -1 2 17 -1 -1 -1 -1 -1 -1 -1 -1 -1 -1 -1 -1 -1 -1 -1 -1 -1 -1 -1 -1 -1 -1 -1 -1 -1 -1 -1 -1 -1 -1 -1 11 -1 -1 -1 -1 -1 -1 -1 18 21 20 19 -1 -1 -1 
-1 -1 -1 -1 4 -1 6 -1 -1 -1 -1 -1 -1 5 -1 -1 -1 -1 -1 -1 -1 -1 0 -1 -1 -1 10 -1 31 -1 -1 -1 -1 -1 -1 16 -1 -1 -1 -1 7 -1 2 17 -1 -1 -1 -1 -1 -1 -1 -1 -1 -1 -1 -1 -1 -1 -1 -1 -1 -1 -1 -1 -1 -1 -1 -1 -1 -1 -1 -1 -1 -1 -1 11 -1 -1 -1 -1 -1 -1 -1 18 21 20 19 -1 -1 -1 
-1 -1 -1 -1 4 -1 6 -1 -1 -1 -1 -1 -1 5 -1 -1 -1 -1 -1 -1 -1 -1 0 -1 -1 -1 10 -1 31 -1 -1 -1 -1 -1 -1 16 -1 -1 -1 -1 7 -1 2 17 -1 -1 -1 -1 -1 -1 -1 -1 -1 -1 -1 -1 -1 -1 -1 -1 -1 -1 -1 -1 -1 -1 -1 -1 -1 -1 -1 -1 -1 -1 -1 11 19 -1 -1 -1 -1 -1 -1 18 21 20 -1 -1 -1 -1 
-1 -1 -1 -1 4 -1 6 -1 -1 -1 -1 -1 -1 5 -1 -1 -1 -1 -1 -1 -1 -1 0 10 -1 -1 -1 -1 31 -1 -1 -1 -1 -1 -1 16 -1 -1 -1 -1 7 -1 2 17 -1 -1 -1 -1 -1 -1 -1 -1 -1 -1 -1 -1 -1 -1 -1 -1 -1 -1 -1 -1 -1 -1 -1 -1 -1 -1 -1 -1 -1 -1 -1 11 19 -1 -1 -1 -1 -1 -1 18 21 20 -1 -1 -1 -1 
-1 -1 -1 -1 4 -1 6 -1 -1 -1 -1 -1 -1 5 -1 -1 -1 -1 -1 -1 -1 -1 0 10 -1 -1 -1 -1 31 -1 16 -1 -1 -1 -1 -1 -1 -1 -1 -1 7 -1 2 17 -1 -1 -1 -1 -1 -1 -1 -1 -1 -1 -1 -1 -1 -1 -1 -1 -1 -1 -1 -1 -1 -1 -1 -1 -1 -1 -1 -1 -1 -1 -1 11 19 -1 -1 -1 -1 -1 -1 18 21 20 -1 -1 -1 -1 
-1 -1 -1 -1 4 -1 6 -1 -1 -1 -1 -1 -1 5 -1 -1 -1 -1 -1 -1 -1 -1 0 10 -1 -1 -1 -1 31 -1 16 -1 -1 -1 -1 -1 -1 -1 -1 -1 7 -1 2 17 -1 -1 -1 -1 -1 -1 -1 -1 -1 -1 -1 -1 -1 -1 -1 -1 -1 -1 -1 -1 -1 -1 -1 -1 -1 -1 -1 -1 -1 -1 11 -1 19 -1 -1 -1 -1 -1 -1 18 21 20 -1 -1 -1 -1 
-1 -1 -1 -1 4 -1 6 -1 -1 -1 -1 -1 -1 5 -1 -1 -1 -1 -1 -1 -1 -1 0 10 -1 -1 -1 -1 31 16 -1 -1 -1 -1 -1 -1 -1 -1 -1 -1 7 -1 2 17 -1 -1 -1 -1 -1 -1 -1 -1 -1 -1 -1 -1 -1 -1 -1 -1 -1 -1 -1 -1 -1 -1 -1 -1 -1 -1 -1 -1 -1 -1 11 -1 19 -1 -1 -1 -1 -1 -1 18 21 20 -1 -1 -1 -1 
-1 -1 -1 -1 4 -1 6 -1 -1 -1 -1 -1 -1 5 -1 -1 -1 -1 -1 -1 -1 -1 0 10 -1 -1 -1 -1 31 16 -1 -1 -1 -1 -1 -1 -1 -1 -1 -1 7 -1 2 17 -1 -1 -1 -1 -1 -1 -1 -1 -1 -1 -1 -1 -1 -1 -1 -1 -1 -1 -1 -1 -1 -1 -1 -1 -1 -1 -1 -1 -1 -1 -1 11 19 -1 -1 -1 -1 -1 -1 18 21 20 -1 -1 -1 -1 
-1 -1 -1 -1 4 -1 6 -1 -1 -1 -1 -1 -1 5 -1 -1 -1 -1 -1 -1 -1 -1 0 10 -1 -1 -1 -1 31 -1 16 -1 -1 -1 -1 -1 -1 -1 -1 -1 7 -1 2 17 -1 -1 -1 -1 -1 -1 -1 -1 -1 -1 -1 -1 -1 -1 -1 -1 -1 -1 -1 -1 -1 -1 -1 -1 -1 -1 -1 -1 -1 -1 -1 11 19 -1 -1 -1 -1 -1 -1 18 21 20 -1 -1 -1 -1 
-1 -1 -1 -1 4 -1 6 -1 -1 -1 -1 -1 -1 5 -1 -1 -1 -1 -1 -1 -1 -1 0 10 -1 -1 -1 -1 31 -1 16 -1 -1 -1 -1 -1 -1 -1 -1 -1 7 -1 2 17 -1 -1 -1 -1 -1 -1 -1 -1 -1 -1 -1 -1 -1 -1 -1 -1 -1 -1 -1 -1 -1 -1 -1 -1 -1 -1 -1 -1 -1 -1 11 -1 19 -1 -1 -1 -1 -1 -1 18 21 20 -1 -1 -1 -1 
-1 -1 -1 -1 4 -1 6 -1 -1 -1 -1 -1 -1 5 -1 -1 -1 -1 -1 -1 -1 -1 0 10 -1 -1 -1 -1 31 -1 16 -1 -1 -1 -1 -1 -1 -1 -1 -1 7 -1 2 -1 -1 -1 -1 -1 -1 -1 -1 -1 -1 -1 -1 -1 -1 -1 -1 -1 17 -1 -1 -1 -1 -1 -1 -1 -1 -1 -1 -1 -1 -1 11 -1 19 -1 -1 -1 -1 -1 -1 18 21 20 -1 -1 -1 -1 
-1 -1 -1 -1 4 -1 6 -1 -1 -1 -1 -1 -1 5 -1 -1 -1 -1 -1 -1 -1 -1 -1 10 -1 -1 -1 -1 31 -1 16 -1 -1 -1 -1 -1 -1 -1 -1 -1 7 -1 2 -1 -1 -1 -1 -1 -1 -1 -1 -1 -1 -1 -1 -1 -1 -1 0 -1 17 -1 -1 -1 -1 -1 -1 -1 -1 -1 -1 -1 -1 -1 11 -1 19 -1 -1 -1 -1 -1 -1 18 21 20 -1 -1 -1 -1 
-1 -1 -1 -1 4 -1 6 -1 -1 -1 -1 -1 -1 5 -1 -1 -1 -1 -1 -1 -1 -1 -1 10 -1 -1 -1 -1 31 -1 16 -1 -1 -1 -1 -1 -1 -1 -1 -1 7 -1 2 -1 -1 -1 -1 -1 -1 -1 -1 -1 -1 17 -1 -1 -1 -1 0 -1 -1 -1 -1 -1 -1 -1 -1 -1 -1 -1 -1 -1 -1 -1 11 -1 19 -1 -1 -1 -1 -1 -1 18 21 20 -1 -1 -1 -1 
-1 -1 -1 -1 4 -1 6 -1 -1 -1 -1 -1 -1 5 -1 -1 -1 -1 -1 -1 -1 -1 10 -1 -1 -1 -1 -1 31 -1 16 -1 -1 -1 -1 -1 -1 -1 -1 -1 7 -1 2 -1 -1 -1 -1 -1 -1 -1 -1 -1 -1 17 -1 -1 -1 -1 0 -1 -1 -1 -1 -1 -1 -1 -1 -1 -1 -1 -1 -1 -1 -1 11 -1 19 -1 -1 -1 -1 -1 -1 18 21 20 -1 -1 -1 -1 
-1 -1 -1 -1 4 -1 6 -1 -1 -1 -1 -1 -1 5 -1 -1 -1 -1 -1 -1 -1 -1 10 -1 -1 -1 -1 -1 31 -1 16 -1 -1 -1 17 -1 -1 -1 -1 -1 7 -1 2 -1 -1 -1 -1 -1 -1 -1 -1 -1 -1 -1 -1 -1 -1 -1 0 -1 -1 -1 -1 -1 -1 -1 -1 -1 -1 -1 -1 -1 -1 -1 11 -1 19 -1 -1 -1 -1 -1 -1 18 21 20 -1 -1 -1 -1 
-1 -1 -1 -1 4 -1 6 -1 -1 -1 -1 -1 -1 5 -1 -1 -1 -1 -1 -1 -1 -1 10 -1 -1 -1 -1 -1 31 -1 16 -1 -1 -1 17 -1 -1 -1 -1 -1 7 -1 2 -1 -1 -1 -1 -1 -1 -1 -1 -1 -1 -1 -1 -1 -1 0 -1 -1 -1 -1 -1 -1 -1 -1 -1 -1 -1 -1 -1 -1 -1 -1 11 -1 19 -1 -1 -1 -1 -1 -1 18 21 20 -1 -1 -1 -1 
-1 -1 -1 -1 4 -1 6 -1 -1 -1 -1 -1 -1 5 -1 -1 -1 -1 -1 -1 -1 -1 10 -1 -1 -1 -1 -1 31 -1 -1 16 -1 -1 17 -1 -1 -1 -1 -1 7 -1 2 -1 -1 -1 -1 -1 -1 -1 -1 -1 -1 -1 -1 -1 -1 0 -1 -1 -1 -1 -1 -1 -1 -1 -1 -1 -1 -1 -1 -1 -1 -1 11 -1 19 -1 -1 -1 -1 -1 -1 18 21 20 -1 -1 -1 -1 
-1 -1 -1 -1 4 -1 6 -1 -1 -1 -1 -1 -1 5 -1 -1 -1 -1 -1 -1 -1 -1 10 -1 -1 -1 -1 -1 31 -1 0 16 -1 -1 17 -1 -1 -1 -1 -1 7 -1 2 -1 -1 -1 -1 -1 -1 -1 -1 -1 -1 -1 -1 -1 -1 -1 -1 -1 -1 -1 -1 -1 -1 -1 -1 -1 -1 -1 -1 -1 -1 -1 11 -1 19 -1 -1 -1 -1 -1 -1 18 21 20 -1 -1 -1 -1 
