0 1 2 3 4 5 6 7 8 -1 -1 -1 -1 -1 -1 -1 -1 -1 -1 9 -1 -1 -1 -1 -1 10 -1 11 -1 12 -1 28 -1 14 -1 15 -1 -1 -1 -1 -1 -1 -1 -1 -1 -1 -1 30 -1 -1 -1 -1 -1 -1 -1 -1 -1 -1 29 -1 -1 -1 27 -1 26 -1 -1 -1 -1 -1 25 -1 -1 -1 -1 -1 -1 -1 -1 -1 -1 24 23 22 21 20 19 18 17 16 
0 1 2 3 4 5 6 7 8 -1 -1 -1 -1 -1 -1 -1 -1 -1 -1 -1 9 -1 -1 -1 -1 10 -1 11 -1 12 -1 28 -1 14 -1 15 -1 -1 -1 -1 -1 -1 -1 -1 -1 -1 -1 30 -1 -1 -1 -1 -1 -1 -1 -1 -1 -1 29 -1 -1 -1 27 -1 26 -1 -1 -1 -1 -1 25 -1 -1 -1 -1 -1 -1 -1 -1 -1 -1 24 23 22 21 20 19 18 17 16 
0 1 2 3 4 5 6 7 8 -1 -1 -1 -1 -1 -1 -1 -1 -1 -1 -1 9 -1 -1 -1 -1 10 -1 11 -1 12 -1 28 -1 14 -1 15 -1 -1 -1 -1 -1 -1 -1 -1 -1 -1 -1 30 -1 -1 -1 -1 -1 -1 -1 -1 -1 -1 29 -1 -1 -1 27 -1 26 -1 -1 25 -1 -1 -1 -1 -1 -1 -1 -1 -1 -1 -1 -1 -1 24 23 22 21 20 19 18 17 16 
0 1 -1 3 4 5 6 7 8 -1 -1 -1 -1 -1 -1 -1 -1 -1 -1 -1 9 -1 2 -1 -1 10 -1 11 -1 12 -1 28 -1 14 -1 15 -1 -1 -1 -1 -1 -1 -1 -1 -1 -1 -1 30 -1 -1 -1 -1 -1 -1 -1 -1 -1 -1 29 -1 -1 -1 27 -1 26 -1 -1 25 -1 -1 -1 -1 -1 -1 -1 -1 -1 -1 -1 -1 -1 24 23 22 21 20 19 18 17 16 
0 1 -1 3 4 5 6 7 8 -1 -1 -1 -1 -1 -1 -1 -1 -1 -1 -1 9 -1 2 -1 -1 10 -1 11 -1 12 -1 28 -1 14 -1 15 -1 -1 -1 -1 -1 -1 -1 -1 -1 -1 -1 30 -1 -1 -1 -1 -1 -1 -1 -1 -1 -1 29 -1 -1 -1 27 -1 26 -1 -1 25 -1 17 -1 -1 -1 -1 -1 -1 -1 -1 -1 -1 -1 24 23 22 21 20 19 18 -1 16 
0 1 -1 3 4 5 6 7 8 -1 -1 -1 -1 -1 -1 -1 -1 -1 -1 -1 9 -1 2 -1 -1 10 -1 11 -1 -1 -1 28 -1 14 -1 15 -1 -1 12 -1 -1 -1 -1 -1 -1 -1 -1 30 -1 -1 -1 -1 -1 -1 -1 -1 -1 -1 29 -1 -1 -1 27 -1 26 -1 -1 25 -1 17 -1 -1 -1 -1 -1 -1 -1 -1 -1 -1 -1 24 23 22 21 20 19 18 -1 16 
0 1 -1 3 4 5 6 7 8 -1 -1 -1 -1 -1 -1 -1 -1 -1 -1 -1 9 -1 2 -1 -1 10 -1 11 -1 -1 -1 28 -1 14 -1 15 -1 -1 12 -1 -1 -1 -1 -1 -1 -1 -1 30 -1 -1 -1 -1 -1 -1 -1 -1 -1 -1 29 -1 -1 -1 27 23 26 -1 -1 25 -1 17 -1 -1 -1 -1 -1 -1 -1 -1 -1 -1 -1 24 -1 22 21 20 19 18 -1 16 
0 1 -1 3 4 5 6 7 8 -1 -1 -1 -1 -1 -1 -1 -1 -1 -1 -1 9 -1 2 -1 -1 10 -1 11 -1 -1 -1 28 -1 14 -1 15 -1 -1 -1 -1 -1 -1 -1 -1 -1 -1 -1 12 -1 -1 -1 -1 -1 -1 -1 -1 -1 -1 29 -1 -1 -1 27 23 26 -1 -1 25 -1 17 -1 -1 -1 -1 -1 -1 -1 -1 -1 -1 -1 24 -1 22 21 20 19 18 -1 16 
0 1 -1 3 4 5 6 7 8 -1 -1 -1 -1 -1 -1 -1 -1 -1 -1 -1 9 -1 2 -1 -1 10 -1 11 -1 -1 -1 28 -1 14 -1 15 -1 -1 -1 -1 -1 -1 -1 -1 -1 -1 -1 12 -1 -1 -1 -1 -1 -1 -1 -1 -1 -1 29 -1 -1 -1 27 23 26 -1 -1 25 -1 17 -1 -1 -1 -1 -1 -1 -1 -1 -1 -1 -1 24 -1 22 21 20 19 18 16 -1 
0 1 -1 3 4 5 6 7 -1 -1 -1 -1 -1 -1 -1 -1 -1 8 -1 -1 9 -1 2 -1 -1 10 -1 11 -1 -1 -1 28 -1 14 -1 15 -1 -1 -1 -1 -1 -1 -1 -1 -1 -1 -1 12 -1 -1 -1 -1 -1 -1 -1 -1 -1 -1 29 -1 -1 -1 27 23 26 -1 -1 25 -1 17 -1 -1 -1 -1 -1 -1 -1 -1 -1 -1 -1 24 -1 22 21 20 19 18 16 -1 
0 1 -1 3 4 5 6 7 -1 -1 -1 -1 -1 -1 -1 -1 -1 8 -1 -1 9 -1 2 -1 -1 10 -1 11 -1 -1 -1 28 -1 14 -1 15 -1 -1 -1 -1 -1 -1 -1 -1 -1 -1 -1 12 -1 -1 -1 -1 -1 -1 -1 -1 -1 -1 29 -1 -1 -1 27 23 26 -1 -1 25 -1 17 -1 -1 -1 -1 -1 -1 21 -1 -1 -1 -1 24 -1 22 -1 20 19 18 16 -1 
0 1 -1 3 4 5 6 7 -1 -1 -1 -1 8 -1 -1 -1 -1 -1 -1 -1 9 -1 2 -1 -1 10 -1 11 -1 -1 -1 28 -1 14 -1 15 -1 -1 -1 -1 -1 -1 -1 -1 -1 -1 -1 12 -1 -1 -1 -1 -1 -1 -1 -1 -1 -1 29 -1 -1 -1 27 23 26 -1 -1 25 -1 17 -1 -1 -1 -1 -1 -1 21 -1 -1 -1 -1 24 -1 22 -1 20 19 18 16 -1 
0 1 -1 3 4 5 6 7 -1 -1 -1 -1 8 -1 -1 -1 -1 -1 -1 -1 9 -1 2 -1 -1 10 -1 11 -1 -1 -1 25 -1 14 -1 15 -1 -1 -1 -1 -1 -1 -1 -1 -1 -1 -1 12 -1 -1 -1 -1 -1 -1 -1 -1 -1 -1 29 -1 -1 -1 27 23 26 -1 -1 -1 -1 17 -1 -1 -1 -1 -1 -1 21 -1 -1 -1 -1 24 -1 22 -1 20 19 18 16 -1 
0 1 -1 -1 4 5 6 7 -1 -1 -1 -1 8 3 -1 -1 -1 -1 -1 -1 9 -1 2 -1 -1 10 -1 11 -1 -1 -1 25 -1 14 -1 15 -1 -1 -1 -1 -1 -1 -1 -1 -1 -1 -1 12 -1 -1 -1 -1 -1 -1 -1 -1 -1 -1 29 -1 -1 -1 27 23 26 -1 -1 -1 -1 17 -1 -1 -1 -1 -1 -1 21 -1 -1 -1 -1 24 -1 22 -1 20 19 18 16 -1 
0 1 -1 -1 4 5 6 7 -1 -1 -1 -1 8 3 -1 -1 -1 -1 -1 -1 9 -1 2 -1 -1 10 -1 11 -1 -1 -1 -1 -1 14 -1 25 -1 -1 -1 -1 -1 -1 -1 -1 -1 -1 -1 12 -1 -1 -1 -1 -1 -1 -1 -1 -1 -1 29 -1 -1 -1 27 23 26 -1 -1 -1 -1 17 -1 -1 -1 -1 -1 -1 21 -1 -1 -1 -1 24 -1 22 -1 20 19 18 16 -1 
0 1 -1 -1 4 5 6 -1 -1 -1 -1 -1 8 3 -1 -1 -1 -1 -1 -1 9 -1 2 -1 -1 10 7 11 -1 -1 -1 -1 -1 14 -1 25 -1 -1 -1 -1 -1 -1 -1 -1 -1 -1 -1 12 -1 -1 -1 -1 -1 -1 -1 -1 -1 -1 29 -1 -1 -1 27 23 26 -1 -1 -1 -1 17 -1 -1 -1 -1 -1 -1 21 -1 -1 -1 -1 24 -1 22 -1 20 19 18 16 -1 
0 1 -1 -1 4 5 6 -1 -1 -1 -1 -1 8 3 -1 -1 -1 -1 -1 -1 9 -1 2 -1 -1 10 7 11 -1 -1 -1 -1 -1 14 -1 25 -1 -1 -1 -1 -1 -1 -1 -1 -1 -1 -1 12 -1 -1 -1 -1 16 -1 -1 -1 -1 -1 29 -1 -1 -1 27 23 26 -1 -1 -1 -1 17 -1 -1 -1 -1 -1 -1 21 -1 -1 -1 -1 24 -1 22 -1 20 19 18 -1 -1 
0 1 -1 -1 4 5 6 -1 -1 -1 -1 -1 8 3 -1 -1 -1 -1 -1 -1 9 -1 2 -1 -1 10 7 11 -1 -1 -1 -1 -1 14 -1 25 -1 -1 -1 -1 -1 -1 -1 -1 -1 -1 -1 -1 -1 -1 -1 -1 16 -1 -1 -1 12 -1 29 -1 -1 -1 27 23 26 -1 -1 -1 -1 17 -1 -1 -1 -1 -1 -1 21 -1 -1 -1 -1 24 -1 22 -1 20 19 18 -1 -1 
0 1 -1 -1 4 5 6 -1 -1 -1 -1 -1 8 3 -1 -1 -1 -1 -1 -1 9 -1 2 -1 -1 10 7 11 -1 -1 -1 -1 -1 14 -1 25 -1 -1 -1 -1 -1 -1 -1 -1 -1 -1 26 -1 -1 -1 -1 -1 16 -1 -1 -1 12 -1 29 -1 -1 -1 27 23 -1 -1 -1 -1 -1 17 -1 -1 -1 -1 -1 -1 21 -1 -1 -1 -1 24 -1 22 -1 20 19 18 -1 -1 
0 1 -1 -1 4 5 6 -1 -1 -1 -1 -1 8 3 -1 -1 -1 -1 -1 -1 9 -1 2 -1 10 -1 7 11 -1 -1 -1 -1 -1 14 -1 25 -1 -1 -1 -1 -1 -1 -1 -1 -1 -1 26 -1 -1 -1 -1 -1 16 -1 -1 -1 12 -1 29 -1 -1 -1 27 23 -1 -1 -1 -1 -1 17 -1 -1 -1 -1 -1 -1 21 -1 -1 -1 -1 24 -1 22 -1 20 19 18 -1 -1 
0 1 -1 -1 4 5 6 -1 -1 -1 -1 -1 8 3 -1 -1 -1 -1 -1 -1 9 -1 2 -1 10 -1 7 11 -1 -1 -1 -1 -1 14 -1 25 -1 -1 -1 -1 -1 -1 -1 -1 -1 -1 26 -1 -1 -1 -1 -1 16 -1 -1 -1 23 -1 29 -1 -1 -1 27 -1 -1 -1 -1 -1 -1 17 -1 -1 -1 -1 -1 -1 21 -1 -1 -1 -1 24 -1 22 -1 20 19 18 -1 -1 
0 1 -1 -1 4 5 6 -1 -1 -1 -1 -1 8 3 -1 -1 -1 -1 -1 -1 9 -1 2 -1 -1 -1 7 11 -1 -1 -1 -1 -1 14 -1 25 -1 -1 -1 -1 -1 -1 -1 -1 -1 -1 26 -1 -1 -1 -1 -1 16 -1 -1 -1 23 -1 29 -1 10 -1 27 -1 -1 -1 -1 -1 -1 17 -1 -1 -1 -1 -1 -1 21 -1 -1 -1 -1 24 -1 22 -1 20 19 18 -1 -1 
0 1 -1 -1 4 5 6 -1 -1 -1 -1 -1 8 3 -1 -1 -1 -1 -1 -1 9 -1 2 -1 -1 -1 7 11 -1 -1 -1 -1 -1 14 -1 25 -1 -1 -1 -1 -1 -1 -1 -1 -1 -1 26 -1 -1 -1 -1 -1 16 -1 -1 -1 23 -1 29 -1 10 -1 27 -1 -1 -1 -1 22 -1 17 -1 -1 -1 -1 -1 -1 21 -1 -1 -1 -1 24 -1 -1 -1 20 19 18 -1 -1 
0 1 -1 -1 4 5 6 -1 -1 -1 -1 -1 8 3 -1 -1 -1 -1 -1 -1 9 -1 2 -1 -1 -1 7 11 -1 -1 -1 -1 -1 14 -1 25 -1 -1 -1 -1 -1 -1 -1 -1 -1 -1 26 -1 -1 -1 -1 -1 16 -1 -1 -1 10 -1 29 -1 -1 -1 27 -1 -1 -1 -1 22 -1 17 -1 -1 -1 -1 -1 -1 21 -1 -1 -1 -1 24 -1 -1 -1 20 19 18 -1 -1 
0 1 -1 -1 4 5 6 -1 -1 -1 -1 -1 8 3 -1 -1 -1 -1 -1 -1 9 -1 2 -1 -1 -1 7 11 -1 -1 -1 -1 -1 14 -1 25 -1 -1 -1 -1 -1 -1 -1 -1 -1 -1 26 16 -1 -1 -1 -1 -1 -1 -1 -1 10 -1 29 -1 -1 -1 27 -1 -1 -1 -1 22 -1 17 -1 -1 -1 -1 -1 -1 21 -1 -1 -1 -1 24 -1 -1 -1 20 19 18 -1 -1 
0 1 -1 -1 4 5 6 -1 -1 -1 -1 -1 8 3 -1 -1 -1 -1 -1 -1 9 -1 2 -1 -1 -1 7 11 -1 -1 -1 -1 -1 14 -1 25 -1 -1 -1 -1 -1 -1 -1 -1 -1 -1 26 16 -1 -1 -1 -1 -1 -1 -1 -1 -1 10 29 -1 -1 -1 27 -1 -1 -1 -1 22 -1 17 -1 -1 -1 -1 -1 -1 21 -1 -1 -1 -1 24 -1 -1 -1 20 19 18 -1 -1 
0 1 -1 -1 4 5 6 -1 -1 -1 -1 -1 8 3 -1 -1 -1 -1 -1 -1 9 -1 2 -1 -1 -1 7 11 -1 -1 -1 -1 -1 14 -1 25 -1 -1 -1 -1 -1 -1 -1 -1 -1 -1 26 16 -1 -1 -1 -1 -1 -1 -1 -1 -1 10 29 -1 -1 -1 27 -1 -1 -1 -1 22 -1 17 -1 -1 -1 -1 -1 -1 21 -1 -1 -1 -1 -1 -1 -1 24 20 19 18 -1 -1 
-1 1 -1 -1 4 5 6 -1 -1 -1 -1 -1 8 3 -1 -1 -1 -1 0 -1 9 -1 2 -1 -1 -1 7 11 -1 -1 -1 -1 -1 14 -1 25 -1 -1 -1 -1 -1 -1 -1 -1 -1 -1 26 16 -1 -1 -1 -1 -1 -1 -1 -1 -1 10 29 -1 -1 -1 27 -1 -1 -1 -1 22 -1 17 -1 -1 -1 -1 -1 -1 21 -1 -1 -1 -1 -1 -1 -1 24 20 19 18 -1 -1 
-1 1 -1 -1 4 5 6 -1 -1 -1 -1 -1 8 3 -1 -1 -1 -1 0 -1 9 -1 2 -1 -1 -1 7 11 -1 16 -1 -1 -1 14 -1 25 -1 -1 -1 -1 -1 -1 -1 -1 -1 -1 26 -1 -1 -1 -1 -1 -1 -1 -1 -1 -1 10 29 -1 -1 -1 27 -1 -1 -1 -1 22 -1 17 -1 -1 -1 -1 -1 -1 21 -1 -1 -1 -1 -1 -1 -1 24 20 19 18 -1 -1 
-1 1 -1 -1 4 5 6 -1 -1 -1 -1 -1 -1 3 -1 -1 -1 -1 0 -1 9 -1 2 -1 -1 -1 7 11 -1 16 -1 -1 -1 14 -1 25 -1 -1 -1 -1 -1 -1 -1 -1 -1 -1 26 -1 8 -1 -1 -1 -1 -1 -1 -1 -1 10 29 -1 -1 -1 27 -1 -1 -1 -1 22 -1 17 -1 -1 -1 -1 -1 -1 21 -1 -1 -1 -1 -1 -1 -1 24 20 19 18 -1 -1 
-1 1 -1 -1 4 5 6 -1 -1 -1 -1 -1 -1 3 -1 -1 -1 -1 0 -1 9 -1 2 -1 -1 -1 7 11 16 -1 -1 -1 -1 14 -1 25 -1 -1 -1 -1 -1 -1 -1 -1 -1 -1 26 -1 8 -1 -1 -1 -1 -1 -1 -1 -1 10 29 -1 -1 -1 27 -1 -1 -1 -1 22 -1 17 -1 -1 -1 -1 -1 -1 21 -1 -1 -1 -1 -1 -1 -1 24 20 19 18 -1 -1 
-1 -1 -1 -1 4 5 6 -1 -1 -1 -1 -1 1 3 -1 -1 -1 -1 0 -1 9 -1 2 -1 -1 -1 7 11 16 -1 -1 -1 -1 14 -1 25 -1 -1 -1 -1 -1 -1 -1 -1 -1 -1 26 -1 8 -1 -1 -1 -1 -1 -1 -1 -1 10 29 -1 -1 -1 27 -1 -1 -1 -1 22 -1 17 -1 -1 -1 -1 -1 -1 21 -1 -1 -1 -1 -1 -1 -1 24 20 19 18 -1 -1 
-1 -1 -1 -1 4 5 6 -1 -1 -1 -1 -1 1 3 -1 -1 -1 -1 0 -1 9 -1 2 -1 -1 -1 7 11 16 -1 -1 -1 -1 14 -1 -1 -1 -1 -1 -1 -1 -1 -1 -1 -1 -1 26 -1 8 -1 -1 -1 -1 25 -1 -1 -1 10 29 -1 -1 -1 27 -1 -1 -1 -1 22 -1 17 -1 -1 -1 -1 -1 -1 21 -1 -1 -1 -1 -1 -1 -1 24 20 19 18 -1 -1 
-1 -1 -1 -1 4 5 6 -1 -1 -1 -1 -1 1 3 -1 -1 -1 -1 0 -1 -1 9 2 -1 -1 -1 7 11 16 -1 -1 -1 -1 14 -1 -1 -1 -1 -1 -1 -1 -1 -1 -1 -1 -1 26 -1 8 -1 -1 -1 -1 25 -1 -1 -1 10 29 -1 -1 -1 27 -1 -1 -1 -1 22 -1 17 -1 -1 -1 -1 -1 -1 21 -1 -1 -1 -1 -1 -1 -1 24 20 19 18 -1 -1 
-1 -1 -1 -1 4 5 6 -1 -1 -1 -1 -1 1 3 -1 -1 -1 -1 0 -1 -1 9 2 -1 -1 -1 7 11 16 -1 -1 -1 -1 14 -1 -1 -1 -1 -1 -1 -1 -1 -1 -1 -1 -1 26 -1 8 -1 -1 -1 -1 25 -1 -1 -1 10 29 -1 -1 -1 27 -1 -1 -1 -1 22 -1 17 -1 -1 -1 -1 -1 -1 21 -1 -1 -1 -1 -1 -1 24 -1 20 19 18 -1 -1 
0 -1 -1 -1 4 5 6 -1 -1 -1 -1 -1 1 3 -1 -1 -1 -1 -1 -1 -1 9 2 -1 -1 -1 7 11 16 -1 -1 -1 -1 14 -1 -1 -1 -1 -1 -1 -1 -1 -1 -1 -1 -1 26 -1 8 -1 -1 -1 -1 25 -1 -1 -1 10 29 -1 -1 -1 27 -1 -1 -1 -1 22 -1 17 -1 -1 -1 -1 -1 -1 21 -1 -1 -1 -1 -1 -1 24 -1 20 19 18 -1 -1 
0 -1 -1 -1 4 5 6 -1 -1 -1 -1 -1 1 3 -1 -1 -1 -1 -1 -1 -1 9 2 -1 -1 -1 7 11 16 -1 -1 -1 -1 14 -1 -1 -1 -1 -1 -1 -1 -1 -1 -1 -1 26 -1 -1 8 -1 -1 -1 -1 25 -1 -1 -1 10 29 -1 -1 -1 27 -1 -1 -1 -1 22 -1 17 -1 -1 -1 -1 -1 -1 21 -1 -1 -1 -1 -1 -1 24 -1 20 19 18 -1 -1 
-1 0 -1 -1 4 5 6 -1 -1 -1 -1 -1 1 3 -1 -1 -1 -1 -1 -1 -1 9 2 -1 -1 -1 7 11 16 -1 -1 -1 -1 14 -1 -1 -1 -1 -1 -1 -1 -1 -1 -1 -1 26 -1 -1 8 -1 -1 -1 -1 25 -1 -1 -1 10 29 -1 -1 -1 27 -1 -1 -1 -1 22 -1 17 -1 -1 -1 -1 -1 -1 21 -1 -1 -1 -1 -1 -1 24 -1 20 19 18 -1 -1 
-1 0 -1 -1 4 5 6 -1 -1 -1 -1 -1 1 3 -1 -1 -1 -1 -1 -1 -1 9 2 -1 -1 -1 7 11 16 -1 -1 -1 -1 14 -1 -1 -1 -1 -1 -1 -1 -1 -1 -1 -1 26 -1 -1 8 25 -1 -1 -1 -1 -1 -1 -1 10 29 -1 -1 -1 27 -1 -1 -1 -1 22 -1 17 -1 -1 -1 -1 -1 -1 21 -1 -1 -1 -1 -1 -1 24 -1 20 19 18 -1 -1 
-1 0 -1 -1 4 5 6 -1 -1 -1 -1 -1 1 3 -1 -1 -1 -1 -1 9 -1 -1 2 -1 -1 -1 7 11 16 -1 -1 -1 -1 14 -1 -1 -1 -1 -1 -1 -1 -1 -1 -1 -1 26 -1 -1 8 25 -1 -1 -1 -1 -1 -1 -1 10 29 -1 -1 -1 27 -1 -1 -1 -1 22 -1 17 -1 -1 -1 -1 -1 -1 21 -1 -1 -1 -1 -1 -1 24 -1 20 19 18 -1 -1 
-1 0 -1 -1 4 5 6 -1 -1 -1 -1 24 1 3 -1 -1 -1 -1 -1 9 -1 -1 2 -1 -1 -1 7 11 16 -1 -1 -1 -1 14 -1 -1 -1 -1 -1 -1 -1 -1 -1 -1 -1 26 -1 -1 8 25 -1 -1 -1 -1 -1 -1 -1 10 29 -1 -1 -1 27 -1 -1 -1 -1 22 -1 17 -1 -1 -1 -1 -1 -1 21 -1 -1 -1 -1 -1 -1 -1 -1 20 19 18 -1 -1 
-1 0 -1 -1 4 5 6 -1 -1 -1 -1 24 -1 3 -1 -1 -1 -1 -1 9 -1 -1 2 -1 -1 -1 7 11 16 -1 -1 1 -1 14 -1 -1 -1 -1 -1 -1 -1 -1 -1 -1 -1 26 -1 -1 8 25 -1 -1 -1 -1 -1 -1 -1 10 29 -1 -1 -1 27 -1 -1 -1 -1 22 -1 17 -1 -1 -1 -1 -1 -1 21 -1 -1 -1 -1 -1 -1 -1 -1 20 19 18 -1 -1 
-1 0 -1 -1 4 5 6 -1 -1 -1 -1 24 -1 3 -1 -1 -1 -1 -1 9 -1 -1 2 -1 -1 -1 7 11 16 -1 -1 1 -1 14 -1 -1 -1 -1 -1 -1 -1 -1 -1 -1 -1 -1 26 -1 8 25 -1 -1 -1 -1 -1 -1 -1 10 29 -1 -1 -1 27 -1 -1 -1 -1 22 -1 17 -1 -1 -1 -1 -1 -1 21 -1 -1 -1 -1 -1 -1 -1 -1 20 19 18 -1 -1 
-1 0 -1 -1 4 5 6 -1 -1 -1 -1 24 -1 3 -1 -1 -1 -1 -1 9 -1 -1 2 -1 -1 -1 7 11 16 -1 -1 -1 -1 14 -1 -1 -1 -1 -1 -1 -1 -1 1 -1 -1 -1 26 -1 8 25 -1 -1 -1 -1 -1 -1 -1 10 29 -1 -1 -1 27 -1 -1 -1 -1 22 -1 17 -1 -1 -1 -1 -1 -1 21 -1 -1 -1 -1 -1 -1 -1 -1 20 19 18 -1 -1 
-1 0 -1 -1 4 5 6 -1 -1 -1 -1 24 -1 3 -1 -1 -1 -1 -1 26 -1 -1 2 -1 -1 -1 7 11 16 -1 -1 -1 -1 14 -1 -1 -1 -1 -1 -1 -1 -1 1 -1 -1 -1 -1 -1 8 25 -1 -1 -1 -1 -1 -1 -1 10 29 -1 -1 -1 27 -1 -1 -1 -1 22 -1 17 -1 -1 -1 -1 -1 -1 21 -1 -1 -1 -1 -1 -1 -1 -1 20 19 18 -1 -1 
-1 0 -1 -1 4 5 6 -1 -1 -1 -1 24 -1 3 -1 -1 -1 -1 -1 26 -1 -1 2 -1 -1 -1 7 11 16 -1 -1 -1 -1 14 -1 -1 -1 -1 -1 -1 -1 -1 -1 -1 -1 -1 -1 -1 8 25 -1 -1 -1 -1 -1 -1 -1 10 29 -1 -1 1 27 -1 -1 -1 -1 22 -1 17 -1 -1 -1 -1 -1 -1 21 -1 -1 -1 -1 -1 -1 -1 -1 20 19 18 -1 -1 
-1 0 -1 -1 4 5 6 -1 -1 -1 -1 24 -1 3 -1 -1 -1 -1 -1 26 -1 -1 2 -1 -1 -1 7 11 16 -1 -1 -1 -1 14 -1 -1 -1 -1 -1 -1 -1 -1 -1 -1 -1 -1 -1 -1 8 25 -1 -1 -1 -1 -1 -1 -1 10 29 -1 -1 1 27 -1 -1 -1 21 22 -1 17 -1 -1 -1 -1 -1 -1 -1 -1 -1 -1 -1 -1 -1 -1 -1 20 19 18 -1 -1 
-1 0 -1 -1 4 5 6 -1 -1 -1 -1 24 -1 3 -1 -1 -1 -1 -1 26 -1 -1 2 -1 -1 -1 -1 11 16 -1 -1 -1 -1 14 -1 -1 -1 -1 -1 -1 -1 -1 -1 7 -1 -1 -1 -1 8 25 -1 -1 -1 -1 -1 -1 -1 10 29 -1 -1 1 27 -1 -1 -1 21 22 -1 17 -1 -1 -1 -1 -1 -1 -1 -1 -1 -1 -1 -1 -1 -1 -1 20 19 18 -1 -1 
-1 0 -1 -1 4 5 6 -1 -1 -1 -1 24 -1 3 -1 -1 -1 -1 -1 26 -1 -1 2 -1 -1 -1 -1 11 16 -1 -1 -1 -1 14 -1 -1 -1 -1 -1 -1 -1 -1 -1 7 -1 -1 -1 -1 8 25 -1 -1 -1 -1 -1 -1 -1 10 29 -1 -1 1 27 -1 -1 -1 21 22 -1 17 -1 -1 -1 -1 -1 -1 20 -1 -1 -1 -1 -1 -1 -1 -1 -1 19 18 -1 -1 
-1 0 -1 4 -1 5 6 -1 -1 -1 -1 24 -1 3 -1 -1 -1 -1 -1 26 -1 -1 2 -1 -1 -1 -1 11 16 -1 -1 -1 -1 14 -1 -1 -1 -1 -1 -1 -1 -1 -1 7 -1 -1 -1 -1 8 25 -1 -1 -1 -1 -1 -1 -1 10 29 -1 -1 1 27 -1 -1 -1 21 22 -1 17 -1 -1 -1 -1 -1 -1 20 -1 -1 -1 -1 -1 -1 -1 -1 -1 19 18 -1 -1 
-1 0 -1 4 -1 5 6 -1 -1 -1 -1 24 -1 3 -1 -1 -1 -1 -1 26 -1 -1 2 -1 -1 -1 -1 11 16 -1 -1 -1 -1 14 -1 -1 -1 -1 -1 -1 -1 -1 -1 7 -1 -1 -1 -1 8 -1 -1 -1 25 -1 -1 -1 -1 10 29 -1 -1 1 27 -1 -1 -1 21 22 -1 17 -1 -1 -1 -1 -1 -1 20 -1 -1 -1 -1 -1 -1 -1 -1 -1 19 18 -1 -1 
-1 0 -1 4 -1 5 6 -1 -1 -1 -1 24 -1 3 -1 -1 -1 -1 -1 26 -1 -1 2 -1 -1 -1 -1 11 16 -1 -1 -1 -1 14 -1 -1 -1 -1 -1 8 -1 -1 -1 7 -1 -1 -1 -1 -1 -1 -1 -1 25 -1 -1 -1 -1 10 29 -1 -1 1 27 -1 -1 -1 21 22 -1 17 -1 -1 -1 -1 -1 -1 20 -1 -1 -1 -1 -1 -1 -1 -1 -1 19 18 -1 -1 
-1 0 -1 4 -1 5 6 -1 -1 -1 -1 -1 -1 3 -1 -1 -1 -1 -1 26 -1 -1 2 -1 -1 -1 -1 11 16 -1 -1 -1 -1 14 -1 -1 -1 -1 -1 8 -1 -1 -1 7 -1 -1 -1 24 -1 -1 -1 -1 25 -1 -1 -1 -1 10 29 -1 -1 1 27 -1 -1 -1 21 22 -1 17 -1 -1 -1 -1 -1 -1 20 -1 -1 -1 -1 -1 -1 -1 -1 -1 19 18 -1 -1 
-1 0 -1 4 -1 5 6 -1 -1 -1 -1 -1 -1 3 -1 -1 -1 -1 -1 26 -1 -1 2 -1 -1 -1 -1 11 16 -1 -1 -1 -1 14 -1 -1 -1 -1 -1 8 -1 -1 -1 7 -1 -1 -1 24 -1 -1 -1 -1 25 -1 -1 -1 -1 10 29 -1 -1 -1 27 -1 -1 -1 21 22 -1 17 -1 -1 -1 -1 -1 -1 20 -1 1 -1 -1 -1 -1 -1 -1 -1 19 18 -1 -1 
-1 0 -1 4 -1 5 6 -1 -1 -1 -1 -1 -1 3 -1 -1 -1 -1 -1 26 -1 -1 2 -1 -1 -1 -1 11 16 -1 -1 -1 -1 14 -1 -1 -1 -1 -1 8 -1 -1 -1 7 -1 -1 -1 24 -1 -1 -1 -1 25 27 -1 -1 -1 10 29 -1 -1 -1 -1 -1 -1 -1 21 22 -1 17 -1 -1 -1 -1 -1 -1 20 -1 1 -1 -1 -1 -1 -1 -1 -1 19 18 -1 -1 
-1 0 -1 4 -1 5 6 -1 -1 -1 -1 -1 -1 3 -1 -1 -1 -1 -1 26 -1 8 2 -1 -1 -1 -1 11 16 -1 -1 -1 -1 14 -1 -1 -1 -1 -1 -1 -1 -1 -1 7 -1 -1 -1 24 -1 -1 -1 -1 25 27 -1 -1 -1 10 29 -1 -1 -1 -1 -1 -1 -1 21 22 -1 17 -1 -1 -1 -1 -1 -1 20 -1 1 -1 -1 -1 -1 -1 -1 -1 19 18 -1 -1 
-1 0 -1 4 -1 5 6 -1 -1 -1 26 -1 -1 3 -1 -1 -1 -1 -1 -1 -1 8 2 -1 -1 -1 -1 11 16 -1 -1 -1 -1 14 -1 -1 -1 -1 -1 -1 -1 -1 -1 7 -1 -1 -1 24 -1 -1 -1 -1 25 27 -1 -1 -1 10 29 -1 -1 -1 -1 -1 -1 -1 21 22 -1 17 -1 -1 -1 -1 -1 -1 20 -1 1 -1 -1 -1 -1 -1 -1 -1 19 18 -1 -1 
-1 0 -1 4 -1 5 6 -1 -1 -1 26 -1 -1 3 -1 -1 -1 -1 -1 -1 -1 8 2 -1 -1 -1 -1 11 16 -1 -1 -1 -1 -1 -1 -1 -1 -1 -1 -1 -1 -1 14 7 -1 -1 -1 24 -1 -1 -1 -1 25 27 -1 -1 -1 10 29 -1 -1 -1 -1 -1 -1 -1 21 22 -1 17 -1 -1 -1 -1 -1 -1 20 -1 1 -1 -1 -1 -1 -1 -1 -1 19 18 -1 -1 
-1 0 -1 4 -1 5 6 -1 -1 -1 26 -1 -1 3 -1 -1 -1 -1 -1 -1 -1 8 2 -1 -1 -1 -1 11 16 -1 -1 -1 -1 -1 -1 -1 -1 -1 -1 -1 -1 -1 14 7 27 -1 -1 24 -1 -1 -1 -1 25 -1 -1 -1 -1 10 29 -1 -1 -1 -1 -1 -1 -1 21 22 -1 17 -1 -1 -1 -1 -1 -1 20 -1 1 -1 -1 -1 -1 -1 -1 -1 19 18 -1 -1 
-1 0 -1 4 -1 5 6 -1 -1 -1 26 -1 -1 3 -1 -1 -1 -1 -1 -1 -1 8 2 -1 7 -1 -1 11 16 -1 -1 -1 -1 -1 -1 -1 -1 -1 -1 -1 -1 -1 14 -1 27 -1 -1 24 -1 -1 -1 -1 25 -1 -1 -1 -1 10 29 -1 -1 -1 -1 -1 -1 -1 21 22 -1 17 -1 -1 -1 -1 -1 -1 20 -1 1 -1 -1 -1 -1 -1 -1 -1 19 18 -1 -1 
-1 0 -1 4 -1 5 6 -1 -1 -1 26 -1 -1 3 -1 -1 -1 -1 -1 -1 -1 8 2 -1 7 -1 -1 11 -1 -1 -1 -1 -1 -1 -1 -1 -1 -1 -1 -1 -1 -1 14 -1 27 -1 16 24 -1 -1 -1 -1 25 -1 -1 -1 -1 10 29 -1 -1 -1 -1 -1 -1 -1 21 22 -1 17 -1 -1 -1 -1 -1 -1 20 -1 1 -1 -1 -1 -1 -1 -1 -1 19 18 -1 -1 
-1 0 -1 4 -1 5 6 -1 -1 -1 26 -1 -1 3 -1 -1 -1 -1 -1 -1 -1 8 2 -1 -1 -1 -1 11 -1 -1 -1 7 -1 -1 -1 -1 -1 -1 -1 -1 -1 -1 14 -1 27 -1 16 24 -1 -1 -1 -1 25 -1 -1 -1 -1 10 29 -1 -1 -1 -1 -1 -1 -1 21 22 -1 17 -1 -1 -1 -1 -1 -1 20 -1 1 -1 -1 -1 -1 -1 -1 -1 19 18 -1 -1 
-1 0 -1 4 -1 5 6 -1 -1 -1 26 -1 -1 3 -1 -1 25 -1 -1 -1 -1 8 2 -1 -1 -1 -1 11 -1 -1 -1 7 -1 -1 -1 -1 -1 -1 -1 -1 -1 -1 14 -1 27 -1 16 24 -1 -1 -1 -1 -1 -1 -1 -1 -1 10 29 -1 -1 -1 -1 -1 -1 -1 21 22 -1 17 -1 -1 -1 -1 -1 -1 20 -1 1 -1 -1 -1 -1 -1 -1 -1 19 18 -1 -1 
-1 0 -1 -1 4 5 6 -1 -1 -1 26 -1 -1 3 -1 -1 25 -1 -1 -1 -1 8 2 -1 -1 -1 -1 11 -1 -1 -1 7 -1 -1 -1 -1 -1 -1 -1 -1 -1 -1 14 -1 27 -1 16 24 -1 -1 -1 -1 -1 -1 -1 -1 -1 10 29 -1 -1 -1 -1 -1 -1 -1 21 22 -1 17 -1 -1 -1 -1 -1 -1 20 -1 1 -1 -1 -1 -1 -1 -1 -1 19 18 -1 -1 
-1 0 -1 -1 4 5 6 -1 -1 -1 26 -1 -1 3 -1 25 -1 -1 -1 -1 -1 8 2 -1 -1 -1 -1 11 -1 -1 -1 7 -1 -1 -1 -1 -1 -1 -1 -1 -1 -1 14 -1 27 -1 16 24 -1 -1 -1 -1 -1 -1 -1 -1 -1 10 29 -1 -1 -1 -1 -1 -1 -1 21 22 -1 17 -1 -1 -1 -1 -1 -1 20 -1 1 -1 -1 -1 -1 -1 -1 -1 19 18 -1 -1 
-1 0 -1 -1 4 5 6 -1 -1 -1 26 -1 -1 3 -1 25 -1 -1 -1 -1 -1 8 2 -1 -1 -1 -1 11 -1 -1 -1 7 -1 -1 -1 -1 -1 -1 -1 10 -1 -1 14 -1 27 -1 16 24 -1 -1 -1 -1 -1 -1 -1 -1 -1 -1 29 -1 -1 -1 -1 -1 -1 -1 21 22 -1 17 -1 -1 -1 -1 -1 -1 20 -1 1 -1 -1 -1 -1 -1 -1 -1 19 18 -1 -1 
-1 0 -1 -1 4 5 6 -1 -1 -1 26 -1 -1 3 -1 25 -1 -1 -1 -1 -1 8 2 -1 -1 -1 -1 11 -1 -1 -1 7 -1 -1 -1 -1 -1 -1 -1 10 -1 -1 14 27 -1 -1 16 24 -1 -1 -1 -1 -1 -1 -1 -1 -1 -1 29 -1 -1 -1 -1 -1 -1 -1 21 22 -1 17 -1 -1 -1 -1 -1 -1 20 -1 1 -1 -1 -1 -1 -1 -1 -1 19 18 -1 -1 
-1 0 -1 -1 4 5 6 -1 -1 -1 26 -1 -1 3 -1 25 -1 -1 -1 -1 -1 8 2 -1 -1 -1 -1 11 -1 -1 -1 7 -1 -1 -1 -1 -1 -1 -1 -1 -1 -1 14 10 -1 -1 16 24 -1 -1 -1 -1 -1 -1 -1 -1 -1 -1 29 -1 -1 -1 -1 -1 -1 -1 21 22 -1 17 -1 -1 -1 -1 -1 -1 20 -1 1 -1 -1 -1 -1 -1 -1 -1 19 18 -1 -1 
-1 0 -1 -1 4 5 6 -1 -1 -1 26 -1 -1 3 -1 25 -1 -1 -1 -1 -1 8 2 -1 -1 -1 -1 11 -1 -1 -1 7 -1 -1 -1 -1 -1 -1 -1 -1 -1 -1 14 10 -1 -1 16 24 -1 -1 -1 -1 17 -1 -1 -1 -1 -1 29 -1 -1 -1 -1 -1 -1 -1 21 22 -1 -1 -1 -1 -1 -1 -1 -1 20 -1 1 -1 -1 -1 -1 -1 -1 -1 19 18 -1 -1 
-1 0 -1 -1 4 5 6 -1 -1 -1 26 -1 -1 3 -1 25 -1 -1 -1 -1 -1 8 2 -1 -1 -1 -1 11 -1 -1 -1 7 -1 -1 -1 -1 -1 -1 -1 -1 -1 -1 14 10 -1 -1 16 24 -1 -1 -1 -1 17 -1 -1 -1 -1 -1 29 -1 -1 1 -1 -1 -1 -1 21 22 -1 -1 -1 -1 -1 -1 -1 -1 20 -1 -1 -1 -1 -1 -1 -1 -1 -1 19 18 -1 -1 
-1 0 -1 -1 4 5 6 -1 -1 -1 26 -1 -1 3 -1 25 -1 -1 -1 -1 -1 8 2 -1 -1 -1 -1 11 -1 -1 -1 7 -1 -1 -1 -1 -1 -1 -1 -1 -1 -1 14 10 -1 -1 -1 24 -1 -1 -1 -1 17 -1 -1 -1 -1 -1 29 -1 -1 1 -1 -1 16 -1 21 22 -1 -1 -1 -1 -1 -1 -1 -1 20 -1 -1 -1 -1 -1 -1 -1 -1 -1 19 18 -1 -1 
-1 0 -1 -1 4 5 6 -1 -1 -1 26 -1 -1 3 -1 25 -1 -1 -1 -1 -1 -1 2 -1 -1 -1 -1 11 -1 -1 -1 7 -1 -1 -1 -1 -1 -1 -1 -1 -1 -1 14 10 -1 -1 -1 24 -1 -1 -1 -1 17 -1 -1 -1 -1 8 29 -1 -1 1 -1 -1 16 -1 21 22 -1 -1 -1 -1 -1 -1 -1 -1 20 -1 -1 -1 -1 -1 -1 -1 -1 -1 19 18 -1 -1 
-1 0 -1 -1 4 5 6 -1 -1 -1 26 -1 -1 3 -1 25 -1 -1 -1 -1 -1 -1 2 -1 -1 -1 -1 11 -1 -1 -1 7 -1 -1 -1 -1 -1 -1 -1 -1 -1 -1 14 10 -1 -1 -1 24 -1 -1 -1 -1 -1 -1 -1 -1 -1 8 29 17 -1 1 -1 -1 16 -1 21 22 -1 -1 -1 -1 -1 -1 -1 -1 20 -1 -1 -1 -1 -1 -1 -1 -1 -1 19 18 -1 -1 
-1 0 -1 -1 4 5 6 -1 -1 -1 26 -1 -1 3 -1 25 -1 -1 -1 -1 -1 -1 2 -1 -1 -1 -1 11 -1 -1 -1 -1 -1 -1 -1 -1 -1 -1 -1 -1 -1 -1 14 10 -1 -1 -1 24 7 -1 -1 -1 -1 -1 -1 -1 -1 8 29 17 -1 1 -1 -1 16 -1 21 22 -1 -1 -1 -1 -1 -1 -1 -1 20 -1 -1 -1 -1 -1 -1 -1 -1 -1 19 18 -1 -1 
-1 0 -1 -1 4 5 6 -1 -1 -1 26 -1 -1 3 -1 25 -1 -1 -1 -1 -1 -1 2 -1 -1 -1 -1 11 -1 -1 -1 -1 -1 -1 -1 -1 -1 -1 -1 -1 -1 -1 14 10 -1 -1 -1 24 7 29 -1 -1 -1 -1 -1 -1 -1 8 -1 17 -1 1 -1 -1 16 -1 21 22 -1 -1 -1 -1 -1 -1 -1 -1 20 -1 -1 -1 -1 -1 -1 -1 -1 -1 19 18 -1 -1 
-1 0 -1 -1 4 5 6 -1 -1 -1 26 -1 -1 3 -1 25 -1 -1 -1 -1 -1 -1 2 -1 -1 -1 -1 11 -1 -1 -1 -1 -1 -1 -1 -1 -1 -1 -1 -1 -1 -1 14 10 -1 -1 -1 24 7 29 -1 -1 -1 -1 -1 -1 -1 -1 -1 8 -1 1 -1 -1 16 -1 21 22 -1 -1 -1 -1 -1 -1 -1 -1 20 -1 -1 -1 -1 -1 -1 -1 -1 -1 19 18 -1 -1 
-1 0 -1 -1 4 5 6 -1 -1 -1 26 -1 -1 3 -1 25 -1 -1 -1 -1 -1 -1 2 -1 -1 -1 -1 11 -1 -1 -1 -1 -1 -1 -1 -1 -1 -1 -1 -1 -1 -1 14 10 -1 -1 -1 -1 24 29 -1 -1 -1 -1 -1 -1 -1 -1 -1 8 -1 1 -1 -1 16 -1 21 22 -1 -1 -1 -1 -1 -1 -1 -1 20 -1 -1 -1 -1 -1 -1 -1 -1 -1 19 18 -1 -1 
-1 0 -1 -1 4 5 6 -1 -1 -1 26 -1 -1 3 -1 25 -1 -1 -1 -1 -1 -1 2 -1 -1 -1 -1 11 -1 -1 -1 -1 -1 -1 -1 -1 -1 -1 -1 -1 -1 -1 14 -1 10 -1 -1 -1 24 29 -1 -1 -1 -1 -1 -1 -1 -1 -1 8 -1 1 -1 -1 16 -1 21 22 -1 -1 -1 -1 -1 -1 -1 -1 20 -1 -1 -1 -1 -1 -1 -1 -1 -1 19 18 -1 -1 
