0 1 2 3 4 5 6 7 8 -1 -1 -1 -1 -1 -1 -1 -1 -1 -1 9 -1 -1 -1 -1 -1 10 -1 11 -1 12 -1 28 -1 14 -1 15 -1 -1 -1 -1 -1 -1 -1 -1 -1 -1 -1 30 -1 -1 -1 -1 -1 -1 -1 -1 -1 -1 29 -1 -1 -1 27 -1 26 -1 -1 -1 -1 -1 25 -1 -1 -1 -1 -1 -1 -1 -1 -1 -1 24 23 22 21 20 19 18 17 16 
0 1 2 3 4 5 6 7 8 -1 -1 -1 -1 -1 -1 -1 -1 -1 -1 -1 9 -1 -1 -1 -1 10 -1 11 -1 12 -1 28 -1 14 -1 15 -1 -1 -1 -1 -1 -1 -1 -1 -1 -1 -1 30 -1 -1 -1 -1 -1 -1 -1 -1 -1 -1 29 -1 -1 -1 27 -1 26 -1 -1 -1 -1 -1 25 -1 -1 -1 -1 -1 -1 -1 -1 -1 -1 24 23 22 21 20 19 18 17 16 
0 1 2 3 4 5 6 7 8 -1 -1 -1 -1 -1 -1 -1 -1 -1 -1 -1 9 -1 -1 -1 -1 10 -1 11 -1 12 -1 28 -1 14 -1 15 -1 -1 -1 -1 -1 -1 -1 -1 -1 -1 -1 30 -1 -1 -1 -1 -1 -1 -1 -1 -1 -1 29 -1 -1 -1 27 -1 26 -1 -1 25 -1 -1 -1 -1 -1 -1 -1 -1 -1 -1 -1 -1 -1 24 23 22 21 20 19 18 17 16 
0 1 -1 3 4 5 6 7 8 -1 -1 -1 -1 -1 -1 -1 -1 -1 -1 -1 9 -1 2 -1 -1 10 -1 11 -1 12 -1 28 -1 14 -1 15 -1 -1 -1 -1 -1 -1 -1 -1 -1 -1 -1 30 -1 -1 -1 -1 -1 -1 -1 -1 -1 -1 29 -1 -1 -1 27 -1 26 -1 -1 25 -1 -1 -1 -1 -1 -1 -1 -1 -1 -1 -1 -1 -1 24 23 22 21 20 19 18 17 16 
0 1 -1 3 4 5 6 7 8 -1 -1 -1 -1 -1 -1 -1 -1 -1 -1 -1 9 -1 2 -1 -1 10 -1 11 -1 12 -1 28 -1 14 -1 15 -1 -1 -1 -1 -1 -1 -1 -1 -1 -1 -1 30 -1 -1 -1 -1 -1 -1 -1 -1 -1 -1 29 -1 -1 -1 27 -1 26 -1 -1 25 -1 17 -1 -1 -1 -1 -1 -1 -1 -1 -1 -1 -1 24 23 22 21 20 19 18 -1 16 
0 1 -1 3 4 5 6 7 8 -1 -1 -1 -1 -1 -1 -1 -1 -1 -1 -1 9 -1 2 -1 -1 10 -1 11 -1 -1 -1 28 -1 14 -1 15 -1 -1 12 -1 -1 -1 -1 -1 -1 -1 -1 30 -1 -1 -1 -1 -1 -1 -1 -1 -1 -1 29 -1 -1 -1 27 -1 26 -1 -1 25 -1 17 -1 -1 -1 -1 -1 -1 -1 -1 -1 -1 -1 24 23 22 21 20 19 18 -1 16 
0 1 -1 3 4 5 6 7 8 -1 -1 -1 -1 -1 -1 -1 -1 -1 -1 -1 9 -1 2 -1 -1 10 -1 11 -1 -1 -1 28 -1 14 -1 15 -1 -1 12 -1 -1 -1 -1 -1 -1 -1 -1 30 -1 -1 -1 -1 -1 -1 -1 -1 -1 -1 29 -1 -1 -1 27 -1 26 -1 -1 25 -1 17 -1 -1 -1 -1 -1 -1 -1 -1 -1 -1 -1 24 23 22 21 20 19 18 16 -1 
0 1 -1 3 4 5 6 7 8 -1 -1 -1 -1 -1 -1 -1 -1 -1 -1 -1 9 -1 2 -1 -1 10 -1 11 -1 -1 -1 28 -1 14 -1 15 -1 -1 -1 -1 -1 -1 -1 -1 -1 -1 -1 12 -1 -1 -1 -1 -1 -1 -1 -1 -1 -1 29 -1 -1 -1 27 -1 26 -1 -1 25 -1 17 -1 -1 -1 -1 -1 -1 -1 -1 -1 -1 -1 24 23 22 21 20 19 18 16 -1 
0 1 -1 3 4 5 6 7 8 -1 -1 -1 -1 -1 -1 -1 -1 -1 -1 -1 9 -1 2 -1 -1 10 -1 11 -1 -1 -1 28 -1 14 -1 15 -1 -1 -1 -1 -1 -1 -1 -1 -1 -1 -1 12 -1 -1 -1 -1 -1 -1 -1 -1 -1 -1 29 -1 -1 -1 27 23 26 -1 -1 25 -1 17 -1 -1 -1 -1 -1 -1 -1 -1 -1 -1 -1 24 -1 22 21 20 19 18 16 -1 
0 1 -1 3 4 5 6 7 -1 -1 -1 -1 -1 -1 -1 -1 -1 8 -1 -1 9 -1 2 -1 -1 10 -1 11 -1 -1 -1 28 -1 14 -1 15 -1 -1 -1 -1 -1 -1 -1 -1 -1 -1 -1 12 -1 -1 -1 -1 -1 -1 -1 -1 -1 -1 29 -1 -1 -1 27 23 26 -1 -1 25 -1 17 -1 -1 -1 -1 -1 -1 -1 -1 -1 -1 -1 24 -1 22 21 20 19 18 16 -1 
0 1 -1 3 4 5 6 7 -1 -1 -1 -1 -1 -1 -1 -1 -1 8 -1 -1 9 -1 2 -1 -1 10 -1 11 -1 -1 -1 28 -1 14 -1 15 -1 -1 -1 -1 -1 -1 -1 -1 -1 -1 -1 12 -1 -1 -1 -1 -1 -1 -1 -1 -1 -1 29 -1 -1 -1 27 23 26 -1 -1 25 -1 17 -1 -1 -1 -1 -1 -1 21 -1 -1 -1 -1 24 -1 22 -1 20 19 18 16 -1 
0 1 -1 3 4 5 6 7 -1 -1 -1 -1 8 -1 -1 -1 -1 -1 -1 -1 9 -1 2 -1 -1 10 -1 11 -1 -1 -1 28 -1 14 -1 15 -1 -1 -1 -1 -1 -1 -1 -1 -1 -1 -1 12 -1 -1 -1 -1 -1 -1 -1 -1 -1 -1 29 -1 -1 -1 27 23 26 -1 -1 25 -1 17 -1 -1 -1 -1 -1 -1 21 -1 -1 -1 -1 24 -1 22 -1 20 19 18 16 -1 
0 1 -1 3 4 5 6 7 -1 -1 -1 -1 8 -1 -1 -1 -1 -1 -1 -1 9 -1 2 -1 -1 10 -1 11 -1 -1 -1 28 -1 14 -1 15 -1 -1 -1 -1 -1 -1 -1 -1 -1 -1 -1 12 -1 -1 -1 -1 -1 -1 -1 -1 -1 -1 29 -1 -1 -1 27 23 26 -1 -1 25 -1 17 -1 -1 -1 -1 -1 -1 21 -1 -1 -1 -1 -1 24 22 -1 20 19 18 16 -1 
0 1 -1 3 4 5 6 7 -1 -1 -1 -1 -1 -1 -1 -1 -1 -1 -1 -1 9 -1 2 -1 -1 10 -1 11 -1 -1 8 28 -1 14 -1 15 -1 -1 -1 -1 -1 -1 -1 -1 -1 -1 -1 12 -1 -1 -1 -1 -1 -1 -1 -1 -1 -1 29 -1 -1 -1 27 23 26 -1 -1 25 -1 17 -1 -1 -1 -1 -1 -1 21 -1 -1 -1 -1 -1 24 22 -1 20 19 18 16 -1 
0 1 -1 3 4 5 6 7 -1 -1 -1 -1 -1 -1 -1 -1 -1 -1 -1 -1 9 -1 2 -1 -1 10 -1 11 -1 -1 8 28 -1 14 -1 15 -1 -1 -1 -1 -1 -1 -1 -1 -1 -1 -1 12 -1 -1 -1 28 -1 -1 -1 -1 -1 -1 29 -1 -1 -1 27 23 26 -1 -1 25 -1 17 -1 -1 -1 -1 -1 -1 21 -1 -1 -1 -1 -1 24 22 -1 20 19 18 16 -1 
0 1 -1 3 4 5 6 -1 -1 -1 -1 -1 -1 -1 -1 -1 -1 -1 -1 -1 9 -1 2 -1 -1 10 7 11 -1 -1 8 28 -1 14 -1 15 -1 -1 -1 -1 -1 -1 -1 -1 -1 -1 -1 12 -1 -1 -1 28 -1 -1 -1 -1 -1 -1 29 -1 -1 -1 27 23 26 -1 -1 25 -1 17 -1 -1 -1 -1 -1 -1 21 -1 -1 -1 -1 -1 24 22 -1 20 19 18 16 -1 
0 1 -1 3 4 5 6 -1 -1 -1 -1 -1 -1 -1 -1 -1 -1 -1 -1 -1 9 -1 2 -1 -1 10 7 11 -1 -1 8 28 -1 14 -1 15 -1 -1 -1 -1 -1 -1 -1 -1 -1 -1 -1 12 -1 -1 -1 28 -1 -1 -1 -1 -1 -1 29 -1 -1 -1 27 23 -1 -1 26 25 -1 17 -1 -1 -1 -1 -1 -1 21 -1 -1 -1 -1 -1 24 22 -1 20 19 18 16 -1 
0 1 -1 3 4 5 6 -1 -1 -1 -1 -1 -1 -1 -1 -1 -1 -1 -1 -1 9 -1 2 -1 -1 10 7 11 -1 -1 8 28 -1 14 -1 -1 -1 -1 -1 -1 -1 -1 -1 -1 15 -1 -1 12 -1 -1 -1 28 -1 -1 -1 -1 -1 -1 29 -1 -1 -1 27 23 -1 -1 26 25 -1 17 -1 -1 -1 -1 -1 -1 21 -1 -1 -1 -1 -1 24 22 -1 20 19 18 16 -1 
0 1 -1 3 4 5 6 -1 -1 -1 -1 -1 -1 -1 -1 -1 -1 -1 -1 -1 9 -1 2 -1 -1 10 7 11 -1 -1 8 28 -1 14 -1 -1 -1 -1 -1 -1 -1 -1 -1 -1 15 -1 -1 12 -1 -1 17 28 -1 -1 -1 -1 -1 -1 29 -1 -1 -1 27 23 -1 -1 26 25 -1 -1 -1 -1 -1 -1 -1 -1 21 -1 -1 -1 -1 -1 24 22 -1 20 19 18 16 -1 
0 1 -1 3 4 5 6 -1 -1 -1 -1 -1 -1 -1 -1 -1 -1 -1 -1 -1 9 -1 2 10 -1 -1 7 11 -1 -1 8 28 -1 14 -1 -1 -1 -1 -1 -1 -1 -1 -1 -1 15 -1 -1 12 -1 -1 17 28 -1 -1 -1 -1 -1 -1 29 -1 -1 -1 27 23 -1 -1 26 25 -1 -1 -1 -1 -1 -1 -1 -1 21 -1 -1 -1 -1 -1 24 22 -1 20 19 18 16 -1 
0 1 -1 3 4 5 6 -1 -1 -1 -1 -1 -1 -1 -1 -1 -1 -1 -1 -1 9 -1 2 10 -1 -1 7 11 -1 -1 8 28 -1 14 -1 -1 -1 -1 -1 -1 -1 -1 -1 -1 15 -1 -1 12 -1 29 17 28 -1 -1 -1 -1 -1 -1 -1 -1 -1 -1 27 23 -1 -1 26 25 -1 -1 -1 -1 -1 -1 -1 -1 21 -1 -1 -1 -1 -1 24 22 -1 20 19 18 16 -1 
0 1 -1 -1 4 5 6 -1 -1 -1 -1 -1 -1 3 -1 -1 -1 -1 -1 -1 9 -1 2 10 -1 -1 7 11 -1 -1 8 28 -1 14 -1 -1 -1 -1 -1 -1 -1 -1 -1 -1 15 -1 -1 12 -1 29 17 28 -1 -1 -1 -1 -1 -1 -1 -1 -1 -1 27 23 -1 -1 26 25 -1 -1 -1 -1 -1 -1 -1 -1 21 -1 -1 -1 -1 -1 24 22 -1 20 19 18 16 -1 
0 1 -1 -1 4 5 6 -1 -1 -1 -1 -1 -1 3 -1 -1 -1 -1 -1 -1 9 -1 2 10 -1 -1 7 11 -1 -1 8 28 -1 14 -1 -1 -1 -1 -1 -1 -1 -1 -1 -1 15 -1 -1 12 -1 29 17 28 -1 -1 -1 -1 -1 -1 -1 -1 -1 16 27 23 -1 -1 26 25 -1 -1 -1 -1 -1 -1 -1 -1 21 -1 -1 -1 -1 -1 24 22 -1 20 19 18 -1 -1 
0 -1 -1 -1 4 5 6 -1 -1 -1 -1 -1 -1 3 -1 -1 -1 -1 1 -1 9 -1 2 10 -1 -1 7 11 -1 -1 8 28 -1 14 -1 -1 -1 -1 -1 -1 -1 -1 -1 -1 15 -1 -1 12 -1 29 17 28 -1 -1 -1 -1 -1 -1 -1 -1 -1 16 27 23 -1 -1 26 25 -1 -1 -1 -1 -1 -1 -1 -1 21 -1 -1 -1 -1 -1 24 22 -1 20 19 18 -1 -1 
0 -1 -1 -1 4 5 6 -1 -1 -1 -1 -1 -1 3 -1 -1 -1 -1 1 -1 9 -1 2 10 -1 -1 7 11 -1 -1 8 25 -1 14 -1 -1 -1 -1 -1 -1 -1 -1 -1 -1 15 -1 -1 12 -1 29 17 28 -1 -1 -1 -1 -1 -1 -1 -1 -1 16 27 23 -1 -1 26 -1 -1 -1 -1 -1 -1 -1 -1 -1 21 -1 -1 -1 -1 -1 24 22 -1 20 19 18 -1 -1 
0 -1 -1 -1 4 5 6 -1 -1 -1 -1 -1 -1 3 -1 -1 -1 -1 1 -1 9 -1 2 10 -1 -1 7 11 -1 -1 -1 25 -1 14 -1 -1 -1 -1 -1 -1 -1 -1 -1 -1 15 -1 -1 12 8 29 17 28 -1 -1 -1 -1 -1 -1 -1 -1 -1 16 27 23 -1 -1 26 -1 -1 -1 -1 -1 -1 -1 -1 -1 21 -1 -1 -1 -1 -1 24 22 -1 20 19 18 -1 -1 
0 -1 -1 -1 4 5 6 -1 -1 -1 -1 -1 -1 3 -1 -1 -1 -1 1 -1 9 -1 2 10 -1 -1 7 11 -1 -1 -1 25 -1 14 -1 -1 -1 -1 -1 -1 -1 -1 -1 -1 15 -1 -1 12 8 29 17 28 -1 -1 -1 -1 -1 -1 16 -1 -1 -1 27 23 -1 -1 26 -1 -1 -1 -1 -1 -1 -1 -1 -1 21 -1 -1 -1 -1 -1 24 22 -1 20 19 18 -1 -1 
-1 0 -1 -1 4 5 6 -1 -1 -1 -1 -1 -1 3 -1 -1 -1 -1 1 -1 9 -1 2 10 -1 -1 7 11 -1 -1 -1 25 -1 14 -1 -1 -1 -1 -1 -1 -1 -1 -1 -1 15 -1 -1 12 8 29 17 28 -1 -1 -1 -1 -1 -1 16 -1 -1 -1 27 23 -1 -1 26 -1 -1 -1 -1 -1 -1 -1 -1 -1 21 -1 -1 -1 -1 -1 24 22 -1 20 19 18 -1 -1 
-1 24 -1 -1 4 5 6 -1 -1 -1 -1 -1 -1 3 -1 -1 -1 -1 1 -1 9 -1 2 10 -1 -1 7 11 -1 -1 -1 25 -1 14 -1 -1 -1 -1 -1 -1 -1 -1 -1 -1 15 -1 -1 12 8 29 17 28 -1 -1 -1 -1 -1 -1 16 -1 -1 -1 27 23 -1 -1 26 -1 -1 -1 -1 -1 -1 -1 -1 -1 21 -1 -1 -1 -1 -1 -1 22 -1 20 19 18 -1 -1 
-1 1 -1 -1 4 5 6 -1 -1 -1 -1 -1 -1 3 -1 -1 -1 -1 -1 -1 9 -1 2 10 -1 -1 7 11 -1 -1 -1 25 -1 14 -1 -1 -1 -1 -1 -1 -1 -1 -1 -1 15 -1 -1 12 8 29 17 28 -1 -1 -1 -1 -1 -1 16 -1 -1 -1 27 23 -1 -1 26 -1 -1 -1 -1 -1 -1 -1 -1 -1 21 -1 -1 -1 -1 -1 -1 22 -1 20 19 18 -1 -1 
-1 1 -1 -1 4 5 6 -1 -1 -1 -1 -1 -1 3 -1 -1 -1 -1 -1 -1 9 -1 2 10 -1 -1 7 11 -1 -1 -1 25 -1 14 -1 -1 -1 -1 -1 -1 -1 -1 -1 -1 15 -1 -1 12 8 29 17 28 -1 -1 -1 -1 -1 -1 16 -1 -1 -1 27 23 -1 -1 26 22 -1 -1 -1 -1 -1 -1 -1 -1 21 -1 -1 -1 -1 -1 -1 -1 -1 20 19 18 -1 -1 
-1 1 -1 -1 4 5 6 -1 -1 -1 -1 -1 -1 3 -1 -1 -1 -1 -1 -1 -1 9 2 10 -1 -1 7 11 -1 -1 -1 25 -1 14 -1 -1 -1 -1 -1 -1 -1 -1 -1 -1 15 -1 -1 12 8 29 17 28 -1 -1 -1 -1 -1 -1 16 -1 -1 -1 27 23 -1 -1 26 22 -1 -1 -1 -1 -1 -1 -1 -1 21 -1 -1 -1 -1 -1 -1 -1 -1 20 19 18 -1 -1 
-1 1 -1 -1 4 5 6 -1 -1 -1 -1 -1 -1 3 -1 -1 -1 -1 -1 -1 -1 26 2 10 -1 -1 7 11 -1 -1 -1 25 -1 14 -1 -1 -1 -1 -1 -1 -1 -1 -1 -1 15 -1 -1 12 8 29 17 28 -1 -1 -1 -1 -1 -1 16 -1 -1 -1 27 23 -1 -1 -1 22 -1 -1 -1 -1 -1 -1 -1 -1 21 -1 -1 -1 -1 -1 -1 -1 -1 20 19 18 -1 -1 
-1 1 -1 -1 4 5 6 -1 -1 -1 -1 -1 -1 3 -1 -1 -1 -1 -1 -1 -1 10 2 -1 -1 -1 7 11 -1 -1 -1 25 -1 14 -1 -1 -1 -1 -1 -1 -1 -1 -1 -1 15 -1 -1 12 8 29 17 28 -1 -1 -1 -1 -1 -1 16 -1 -1 -1 27 23 -1 -1 -1 22 -1 -1 -1 -1 -1 -1 -1 -1 21 -1 -1 -1 -1 -1 -1 -1 -1 20 19 18 -1 -1 
-1 1 -1 -1 4 5 6 -1 -1 -1 -1 -1 -1 3 -1 -1 -1 -1 -1 -1 -1 10 2 -1 -1 -1 7 11 -1 -1 -1 25 -1 14 -1 -1 -1 -1 -1 -1 -1 -1 -1 -1 15 -1 -1 22 8 29 17 28 -1 -1 -1 -1 -1 -1 16 -1 -1 -1 27 23 -1 -1 -1 -1 -1 -1 -1 -1 -1 -1 -1 -1 21 -1 -1 -1 -1 -1 -1 -1 -1 20 19 18 -1 -1 
-1 1 -1 -1 4 5 6 -1 -1 -1 -1 -1 -1 3 -1 -1 -1 -1 -1 -1 -1 10 2 -1 -1 -1 7 11 -1 -1 -1 25 -1 14 -1 -1 -1 -1 -1 -1 -1 -1 -1 -1 15 -1 -1 8 -1 29 17 28 -1 -1 -1 -1 -1 -1 16 -1 -1 -1 27 23 -1 -1 -1 -1 -1 -1 -1 -1 -1 -1 -1 -1 21 -1 -1 -1 -1 -1 -1 -1 -1 20 19 18 -1 -1 
-1 1 -1 -1 4 5 6 -1 -1 -1 -1 -1 -1 3 -1 -1 -1 -1 -1 -1 -1 10 2 -1 -1 -1 7 11 -1 -1 -1 25 -1 14 -1 -1 -1 -1 -1 -1 -1 -1 -1 -1 15 -1 -1 8 -1 29 17 28 -1 -1 -1 -1 -1 -1 16 -1 -1 -1 27 23 -1 -1 -1 18 -1 -1 -1 -1 -1 -1 -1 -1 21 -1 -1 -1 -1 -1 -1 -1 -1 20 19 -1 -1 -1 
-1 1 -1 -1 4 5 6 -1 -1 -1 -1 -1 -1 3 -1 -1 -1 -1 -1 -1 -1 10 2 -1 -1 -1 7 11 -1 -1 -1 25 -1 14 -1 -1 -1 -1 -1 -1 -1 -1 -1 -1 15 -1 8 -1 -1 29 17 28 -1 -1 -1 -1 -1 -1 16 -1 -1 -1 27 23 -1 -1 -1 18 -1 -1 -1 -1 -1 -1 -1 -1 21 -1 -1 -1 -1 -1 -1 -1 -1 20 19 -1 -1 -1 
-1 1 -1 -1 4 5 6 -1 -1 -1 -1 -1 -1 3 -1 -1 -1 -1 -1 -1 -1 10 2 -1 -1 -1 7 11 -1 -1 -1 25 -1 14 -1 -1 -1 -1 -1 -1 -1 -1 -1 -1 15 -1 8 -1 -1 29 17 28 -1 -1 -1 -1 23 -1 16 -1 -1 -1 27 -1 -1 -1 -1 18 -1 -1 -1 -1 -1 -1 -1 -1 21 -1 -1 -1 -1 -1 -1 -1 -1 20 19 -1 -1 -1 
-1 1 -1 9 4 5 6 -1 -1 -1 -1 -1 -1 3 -1 -1 -1 -1 -1 -1 -1 -1 2 -1 -1 -1 7 11 -1 -1 -1 25 -1 14 -1 -1 -1 -1 -1 -1 -1 -1 -1 -1 15 -1 8 -1 -1 29 17 28 -1 -1 -1 -1 23 -1 16 -1 -1 -1 27 -1 -1 -1 -1 18 -1 -1 -1 -1 -1 -1 -1 -1 21 -1 -1 -1 -1 -1 -1 -1 -1 20 19 -1 -1 -1 
-1 1 -1 9 4 5 6 -1 -1 -1 -1 -1 -1 3 -1 -1 -1 -1 -1 -1 -1 -1 2 -1 -1 -1 7 11 -1 -1 -1 25 -1 14 -1 -1 -1 -1 -1 -1 -1 -1 -1 -1 15 -1 8 -1 -1 29 17 28 -1 -1 -1 -1 23 16 -1 -1 -1 -1 27 -1 -1 -1 -1 18 -1 -1 -1 -1 -1 -1 -1 -1 21 -1 -1 -1 -1 -1 -1 -1 -1 20 19 -1 -1 -1 
-1 -1 -1 9 4 5 6 -1 -1 -1 0 -1 -1 3 -1 -1 -1 -1 -1 -1 -1 -1 2 -1 -1 -1 7 11 -1 -1 -1 25 -1 14 -1 -1 -1 -1 -1 -1 -1 -1 -1 -1 15 -1 8 -1 -1 29 17 28 -1 -1 -1 -1 23 16 -1 -1 -1 -1 27 -1 -1 -1 -1 18 -1 -1 -1 -1 -1 -1 -1 -1 21 -1 -1 -1 -1 -1 -1 -1 -1 20 19 -1 -1 -1 
-1 -1 -1 9 4 5 6 -1 -1 -1 0 -1 -1 3 -1 -1 -1 -1 -1 -1 -1 -1 2 -1 -1 -1 7 11 -1 -1 -1 25 -1 14 -1 -1 -1 -1 -1 -1 29 -1 -1 -1 15 -1 8 -1 -1 -1 17 28 -1 -1 -1 -1 23 16 -1 -1 -1 -1 27 -1 -1 -1 -1 18 -1 -1 -1 -1 -1 -1 -1 -1 21 -1 -1 -1 -1 -1 -1 -1 -1 20 19 -1 -1 -1 
-1 -1 -1 9 4 5 6 -1 -1 -1 0 -1 -1 3 -1 -1 -1 -1 -1 -1 1 -1 2 -1 -1 -1 7 11 -1 -1 -1 25 -1 14 -1 -1 -1 -1 -1 -1 29 -1 -1 -1 15 -1 8 -1 -1 -1 17 28 -1 -1 -1 -1 23 16 -1 -1 -1 -1 27 -1 -1 -1 -1 18 -1 -1 -1 -1 -1 -1 -1 -1 21 -1 -1 -1 -1 -1 -1 -1 -1 20 19 -1 -1 -1 
-1 -1 -1 9 4 5 6 -1 -1 -1 0 -1 -1 3 -1 -1 -1 -1 -1 -1 1 -1 2 -1 -1 -1 7 11 -1 25 -1 -1 -1 14 -1 -1 -1 -1 -1 -1 29 -1 -1 -1 15 -1 8 -1 -1 -1 17 28 -1 -1 -1 -1 23 16 -1 -1 -1 -1 27 -1 -1 -1 -1 18 -1 -1 -1 -1 -1 -1 -1 -1 21 -1 -1 -1 -1 -1 -1 -1 -1 20 19 -1 -1 -1 
-1 -1 -1 9 4 5 6 -1 -1 0 -1 -1 -1 3 -1 -1 -1 -1 -1 -1 1 -1 2 -1 -1 -1 7 11 -1 25 -1 -1 -1 14 -1 -1 -1 -1 -1 -1 29 -1 -1 -1 15 -1 8 -1 -1 -1 17 28 -1 -1 -1 -1 23 16 -1 -1 -1 -1 27 -1 -1 -1 -1 18 -1 -1 -1 -1 -1 -1 -1 -1 21 -1 -1 -1 -1 -1 -1 -1 -1 20 19 -1 -1 -1 
-1 -1 -1 9 4 5 6 -1 -1 0 -1 -1 -1 3 -1 -1 -1 -1 -1 -1 1 -1 2 -1 -1 -1 7 11 -1 25 -1 -1 -1 14 -1 -1 -1 -1 -1 -1 29 -1 -1 -1 15 -1 8 -1 -1 -1 17 28 -1 -1 -1 -1 23 -1 16 -1 -1 -1 27 -1 -1 -1 -1 18 -1 -1 -1 -1 -1 -1 -1 -1 21 -1 -1 -1 -1 -1 -1 -1 -1 20 19 -1 -1 -1 
-1 -1 9 -1 4 5 6 -1 -1 0 -1 -1 -1 3 -1 -1 -1 -1 -1 -1 1 -1 2 -1 -1 -1 7 11 -1 25 -1 -1 -1 14 -1 -1 -1 -1 -1 -1 29 -1 -1 -1 15 -1 8 -1 -1 -1 17 28 -1 -1 -1 -1 23 -1 16 -1 -1 -1 27 -1 -1 -1 -1 18 -1 -1 -1 -1 -1 -1 -1 -1 21 -1 -1 -1 -1 -1 -1 -1 -1 20 19 -1 -1 -1 
-1 -1 25 -1 4 5 6 -1 -1 0 -1 -1 -1 3 -1 -1 -1 -1 -1 -1 1 -1 2 -1 -1 -1 7 11 -1 -1 -1 -1 -1 14 -1 -1 -1 -1 -1 -1 29 -1 -1 -1 15 -1 8 -1 -1 -1 17 28 -1 -1 -1 -1 23 -1 16 -1 -1 -1 27 -1 -1 -1 -1 18 -1 -1 -1 -1 -1 -1 -1 -1 21 -1 -1 -1 -1 -1 -1 -1 -1 20 19 -1 -1 -1 
-1 -1 2 -1 4 5 6 -1 -1 0 -1 -1 -1 3 -1 -1 -1 -1 -1 -1 1 -1 -1 -1 -1 -1 7 11 -1 -1 -1 -1 -1 14 -1 -1 -1 -1 -1 -1 29 -1 -1 -1 15 -1 8 -1 -1 -1 17 28 -1 -1 -1 -1 23 -1 16 -1 -1 -1 27 -1 -1 -1 -1 18 -1 -1 -1 -1 -1 -1 -1 -1 21 -1 -1 -1 -1 -1 -1 -1 -1 20 19 -1 -1 -1 
-1 -1 2 -1 4 5 6 -1 -1 0 -1 -1 -1 3 -1 -1 -1 -1 -1 -1 1 -1 -1 -1 -1 -1 7 11 -1 -1 -1 -1 -1 14 -1 -1 -1 -1 -1 23 29 -1 -1 -1 15 -1 8 -1 -1 -1 17 28 -1 -1 -1 -1 -1 -1 16 -1 -1 -1 27 -1 -1 -1 -1 18 -1 -1 -1 -1 -1 -1 -1 -1 21 -1 -1 -1 -1 -1 -1 -1 -1 20 19 -1 -1 -1 
-1 -1 2 -1 4 5 6 -1 -1 -1 -1 -1 -1 0 -1 -1 -1 -1 -1 -1 1 -1 -1 -1 -1 -1 7 11 -1 -1 -1 -1 -1 14 -1 -1 -1 -1 -1 23 29 -1 -1 -1 15 -1 8 -1 -1 -1 17 28 -1 -1 -1 -1 -1 -1 16 -1 -1 -1 27 -1 -1 -1 -1 18 -1 -1 -1 -1 -1 -1 -1 -1 21 -1 -1 -1 -1 -1 -1 -1 -1 20 19 -1 -1 -1 
-1 -1 2 -1 4 5 6 -1 -1 -1 -1 -1 -1 0 -1 -1 -1 -1 -1 -1 1 -1 -1 -1 -1 -1 7 11 -1 -1 -1 -1 -1 14 -1 -1 -1 -1 -1 -1 29 -1 -1 -1 15 -1 8 -1 -1 -1 17 28 -1 -1 -1 -1 -1 -1 23 -1 -1 -1 27 -1 -1 -1 -1 18 -1 -1 -1 -1 -1 -1 -1 -1 21 -1 -1 -1 -1 -1 -1 -1 -1 20 19 -1 -1 -1 
-1 -1 2 -1 4 5 6 -1 -1 -1 -1 -1 -1 0 -1 -1 -1 -1 -1 -1 -1 -1 -1 -1 -1 -1 7 11 -1 -1 -1 -1 -1 14 -1 -1 -1 1 -1 -1 29 -1 -1 -1 15 -1 8 -1 -1 -1 17 28 -1 -1 -1 -1 -1 -1 23 -1 -1 -1 27 -1 -1 -1 -1 18 -1 -1 -1 -1 -1 -1 -1 -1 21 -1 -1 -1 -1 -1 -1 -1 -1 20 19 -1 -1 -1 
-1 -1 2 -1 4 5 6 -1 -1 -1 -1 -1 -1 0 -1 -1 -1 -1 -1 -1 -1 -1 -1 -1 -1 -1 7 11 -1 -1 -1 -1 -1 14 -1 -1 -1 1 -1 -1 29 -1 -1 -1 15 -1 8 -1 -1 -1 17 28 -1 -1 -1 -1 -1 -1 -1 -1 -1 -1 27 -1 -1 -1 -1 18 -1 23 -1 -1 -1 -1 -1 -1 21 -1 -1 -1 -1 -1 -1 -1 -1 20 19 -1 -1 -1 
-1 -1 2 -1 4 5 6 -1 -1 -1 -1 -1 -1 0 -1 -1 -1 -1 -1 -1 -1 -1 -1 -1 -1 -1 7 11 -1 -1 -1 -1 -1 14 -1 -1 -1 -1 -1 -1 29 -1 -1 -1 15 -1 8 -1 1 -1 17 28 -1 -1 -1 -1 -1 -1 -1 -1 -1 -1 27 -1 -1 -1 -1 18 -1 23 -1 -1 -1 -1 -1 -1 21 -1 -1 -1 -1 -1 -1 -1 -1 20 19 -1 -1 -1 
-1 -1 2 -1 4 5 6 -1 -1 -1 -1 -1 -1 0 -1 -1 -1 -1 -1 -1 -1 -1 -1 -1 -1 -1 7 11 -1 -1 -1 -1 -1 14 -1 -1 -1 -1 -1 -1 29 -1 -1 -1 15 -1 8 -1 1 -1 17 28 23 -1 -1 -1 -1 -1 -1 -1 -1 -1 27 -1 -1 -1 -1 18 -1 -1 -1 -1 -1 -1 -1 -1 21 -1 -1 -1 -1 -1 -1 -1 -1 20 19 -1 -1 -1 
-1 -1 -1 -1 4 5 6 -1 -1 -1 -1 -1 -1 0 -1 -1 -1 -1 -1 -1 -1 -1 2 -1 -1 -1 7 11 -1 -1 -1 -1 -1 14 -1 -1 -1 -1 -1 -1 29 -1 -1 -1 15 -1 8 -1 1 -1 17 28 23 -1 -1 -1 -1 -1 -1 -1 -1 -1 27 -1 -1 -1 -1 18 -1 -1 -1 -1 -1 -1 -1 -1 21 -1 -1 -1 -1 -1 -1 -1 -1 20 19 -1 -1 -1 
-1 -1 -1 -1 4 5 6 -1 -1 -1 -1 -1 -1 0 -1 -1 -1 -1 -1 -1 -1 -1 2 -1 -1 -1 7 11 -1 -1 -1 -1 -1 17 -1 -1 -1 -1 -1 -1 29 -1 -1 -1 15 -1 8 -1 1 -1 -1 28 23 -1 -1 -1 -1 -1 -1 -1 -1 -1 27 -1 -1 -1 -1 18 -1 -1 -1 -1 -1 -1 -1 -1 21 -1 -1 -1 -1 -1 -1 -1 -1 20 19 -1 -1 -1 
-1 -1 -1 -1 4 5 6 -1 -1 -1 -1 -1 -1 0 -1 -1 -1 -1 -1 -1 -1 -1 2 -1 -1 -1 7 11 -1 -1 -1 -1 -1 17 -1 -1 -1 -1 -1 -1 29 -1 -1 -1 15 -1 8 -1 -1 -1 -1 28 23 -1 -1 -1 -1 -1 -1 1 -1 -1 27 -1 -1 -1 -1 18 -1 -1 -1 -1 -1 -1 -1 -1 21 -1 -1 -1 -1 -1 -1 -1 -1 20 19 -1 -1 -1 
-1 -1 -1 -1 4 5 6 -1 -1 -1 -1 -1 -1 0 -1 -1 -1 -1 -1 -1 -1 -1 2 -1 -1 -1 7 11 -1 -1 -1 -1 -1 17 -1 -1 -1 -1 -1 -1 -1 29 -1 -1 15 -1 8 -1 -1 -1 -1 28 23 -1 -1 -1 -1 -1 -1 1 -1 -1 27 -1 -1 -1 -1 18 -1 -1 -1 -1 -1 -1 -1 -1 21 -1 -1 -1 -1 -1 -1 -1 -1 20 19 -1 -1 -1 
-1 -1 -1 4 -1 5 6 -1 -1 -1 -1 -1 -1 0 -1 -1 -1 -1 -1 -1 -1 -1 2 -1 -1 -1 7 11 -1 -1 -1 -1 -1 17 -1 -1 -1 -1 -1 -1 -1 29 -1 -1 15 -1 8 -1 -1 -1 -1 28 23 -1 -1 -1 -1 -1 -1 1 -1 -1 27 -1 -1 -1 -1 18 -1 -1 -1 -1 -1 -1 -1 -1 21 -1 -1 -1 -1 -1 -1 -1 -1 20 19 -1 -1 -1 
-1 -1 -1 4 -1 5 6 -1 -1 -1 -1 -1 -1 0 -1 -1 -1 -1 -1 -1 -1 -1 2 -1 -1 -1 7 11 -1 -1 -1 -1 -1 17 -1 -1 -1 -1 -1 -1 -1 29 -1 -1 15 -1 8 -1 -1 -1 -1 28 23 -1 -1 -1 -1 -1 -1 1 -1 -1 27 -1 -1 -1 -1 18 21 -1 -1 -1 -1 -1 -1 -1 -1 -1 -1 -1 -1 -1 -1 -1 -1 20 19 -1 -1 -1 
-1 -1 -1 4 -1 5 6 -1 -1 -1 -1 -1 -1 0 -1 -1 -1 -1 -1 -1 -1 -1 2 -1 -1 -1 7 11 -1 -1 -1 -1 -1 17 -1 -1 -1 -1 -1 -1 -1 29 -1 -1 15 -1 8 -1 -1 -1 -1 28 1 -1 -1 -1 -1 -1 -1 -1 -1 -1 27 -1 -1 -1 -1 18 21 -1 -1 -1 -1 -1 -1 -1 -1 -1 -1 -1 -1 -1 -1 -1 -1 20 19 -1 -1 -1 
-1 -1 -1 4 -1 5 6 -1 -1 -1 -1 -1 -1 0 -1 -1 -1 -1 -1 -1 -1 -1 2 -1 -1 -1 7 11 -1 -1 -1 -1 -1 -1 -1 -1 -1 -1 -1 -1 -1 29 -1 -1 15 -1 8 -1 -1 -1 -1 28 17 -1 -1 -1 -1 -1 -1 -1 -1 -1 27 -1 -1 -1 -1 18 21 -1 -1 -1 -1 -1 -1 -1 -1 -1 -1 -1 -1 -1 -1 -1 -1 20 19 -1 -1 -1 
-1 -1 -1 4 -1 5 6 -1 -1 -1 -1 -1 -1 0 -1 -1 -1 -1 -1 -1 -1 -1 2 -1 -1 -1 -1 11 -1 -1 -1 -1 -1 -1 -1 -1 -1 -1 -1 -1 -1 29 -1 7 15 -1 8 -1 -1 -1 -1 28 17 -1 -1 -1 -1 -1 -1 -1 -1 -1 27 -1 -1 -1 -1 18 21 -1 -1 -1 -1 -1 -1 -1 -1 -1 -1 -1 -1 -1 -1 -1 -1 20 19 -1 -1 -1 
-1 -1 -1 4 -1 5 6 -1 -1 -1 -1 -1 -1 0 -1 -1 -1 -1 -1 -1 -1 -1 2 -1 -1 -1 -1 11 -1 -1 -1 -1 -1 -1 -1 -1 -1 -1 -1 -1 -1 29 28 7 15 -1 8 -1 -1 -1 -1 -1 17 -1 -1 -1 -1 -1 -1 -1 -1 -1 27 -1 -1 -1 -1 18 21 -1 -1 -1 -1 -1 -1 -1 -1 -1 -1 -1 -1 -1 -1 -1 -1 20 19 -1 -1 -1 
-1 -1 -1 4 -1 5 6 -1 -1 -1 -1 -1 -1 0 -1 -1 -1 -1 -1 -1 -1 -1 -1 -1 -1 -1 -1 11 -1 -1 -1 -1 -1 -1 -1 -1 -1 -1 -1 -1 -1 29 2 7 15 -1 8 -1 -1 -1 -1 -1 17 -1 -1 -1 -1 -1 -1 -1 -1 -1 27 -1 -1 -1 -1 18 21 -1 -1 -1 -1 -1 -1 -1 -1 -1 -1 -1 -1 -1 -1 -1 -1 20 19 -1 -1 -1 
-1 -1 -1 4 -1 5 6 -1 -1 -1 -1 -1 -1 0 -1 -1 -1 -1 -1 -1 -1 -1 -1 -1 -1 -1 -1 11 -1 -1 -1 -1 -1 -1 -1 -1 -1 -1 -1 -1 -1 -1 29 7 15 -1 8 -1 -1 -1 -1 -1 17 -1 -1 -1 -1 -1 -1 -1 -1 -1 27 -1 -1 -1 -1 18 21 -1 -1 -1 -1 -1 -1 -1 -1 -1 -1 -1 -1 -1 -1 -1 -1 20 19 -1 -1 -1 
-1 -1 -1 4 -1 5 6 -1 -1 -1 -1 -1 -1 0 -1 -1 -1 -1 -1 -1 -1 -1 -1 -1 -1 -1 -1 11 -1 -1 -1 -1 -1 1 -1 -1 -1 -1 -1 -1 -1 -1 29 7 15 -1 8 -1 -1 -1 -1 -1 -1 -1 -1 -1 -1 -1 -1 -1 -1 -1 27 -1 -1 -1 -1 18 21 -1 -1 -1 -1 -1 -1 -1 -1 -1 -1 -1 -1 -1 -1 -1 -1 20 19 -1 -1 -1 
-1 -1 -1 4 -1 5 6 -1 -1 -1 -1 -1 -1 0 -1 -1 -1 -1 -1 -1 -1 -1 -1 -1 -1 -1 -1 11 -1 -1 -1 -1 -1 17 -1 -1 -1 -1 -1 -1 -1 -1 29 7 15 -1 8 -1 -1 -1 -1 -1 -1 -1 -1 -1 -1 -1 -1 -1 -1 -1 27 -1 -1 -1 -1 18 21 -1 -1 -1 -1 -1 -1 -1 -1 -1 -1 -1 -1 -1 -1 -1 -1 20 19 -1 -1 -1 
-1 -1 -1 4 -1 5 6 -1 -1 -1 -1 -1 -1 0 -1 -1 -1 -1 -1 -1 -1 -1 -1 -1 -1 -1 -1 11 -1 -1 -1 -1 -1 -1 -1 -1 -1 -1 -1 -1 1 -1 29 7 15 -1 8 -1 -1 -1 -1 -1 -1 -1 -1 -1 -1 -1 -1 -1 -1 -1 27 -1 -1 -1 -1 18 21 -1 -1 -1 -1 -1 -1 -1 -1 -1 -1 -1 -1 -1 -1 -1 -1 20 19 -1 -1 -1 
-1 -1 -1 4 -1 5 6 -1 -1 -1 -1 -1 -1 0 -1 -1 -1 -1 -1 -1 -1 -1 -1 -1 -1 -1 -1 11 -1 -1 -1 -1 -1 -1 -1 -1 -1 -1 -1 -1 1 -1 -1 28 15 -1 8 -1 -1 -1 -1 -1 -1 -1 -1 -1 -1 -1 -1 -1 -1 -1 27 -1 -1 -1 -1 18 21 -1 -1 -1 -1 -1 -1 -1 -1 -1 -1 -1 -1 -1 -1 -1 -1 20 19 -1 -1 -1 
-1 -1 -1 4 -1 5 6 -1 -1 -1 -1 -1 -1 0 -1 -1 -1 -1 -1 -1 -1 -1 -1 -1 -1 -1 -1 11 -1 -1 -1 -1 -1 -1 -1 -1 -1 -1 -1 -1 -1 -1 -1 28 15 -1 8 -1 -1 -1 -1 -1 -1 -1 -1 -1 -1 1 -1 -1 -1 -1 27 -1 -1 -1 -1 18 21 -1 -1 -1 -1 -1 -1 -1 -1 -1 -1 -1 -1 -1 -1 -1 -1 20 19 -1 -1 -1 
-1 -1 -1 4 -1 5 6 -1 -1 -1 -1 -1 -1 0 -1 -1 -1 -1 -1 -1 -1 -1 -1 -1 -1 -1 -1 11 -1 -1 -1 -1 -1 -1 -1 -1 -1 -1 -1 -1 -1 -1 -1 28 15 -1 8 -1 -1 -1 -1 -1 -1 -1 -1 -1 -1 1 -1 -1 -1 -1 27 -1 -1 -1 -1 -1 21 -1 -1 -1 -1 -1 -1 -1 -1 -1 -1 -1 -1 -1 -1 -1 -1 20 19 18 -1 -1 
-1 -1 -1 4 -1 5 6 -1 -1 -1 -1 -1 -1 0 -1 -1 -1 -1 -1 -1 -1 -1 -1 -1 -1 -1 -1 11 -1 -1 -1 -1 -1 -1 -1 -1 -1 -1 -1 -1 -1 -1 -1 28 15 -1 8 -1 -1 -1 1 -1 -1 -1 -1 -1 -1 -1 -1 -1 -1 -1 27 -1 -1 -1 -1 -1 21 -1 -1 -1 -1 -1 -1 -1 -1 -1 -1 -1 -1 -1 -1 -1 -1 20 19 18 -1 -1 
-1 -1 -1 4 -1 5 6 -1 -1 -1 -1 -1 -1 0 -1 -1 -1 -1 -1 -1 -1 -1 -1 -1 -1 -1 -1 11 -1 -1 -1 -1 -1 -1 -1 -1 -1 -1 -1 -1 -1 -1 -1 -1 28 -1 8 -1 -1 -1 1 -1 -1 -1 -1 -1 -1 -1 -1 -1 -1 -1 27 -1 -1 -1 -1 -1 21 -1 -1 -1 -1 -1 -1 -1 -1 -1 -1 -1 -1 -1 -1 -1 -1 20 19 18 -1 -1 
-1 -1 -1 4 -1 5 6 -1 -1 -1 -1 -1 -1 0 -1 -1 -1 -1 -1 -1 -1 -1 -1 -1 -1 -1 -1 -1 -1 -1 -1 -1 -1 -1 -1 -1 11 -1 -1 -1 -1 -1 -1 -1 28 -1 8 -1 -1 -1 1 -1 -1 -1 -1 -1 -1 -1 -1 -1 -1 -1 27 -1 -1 -1 -1 -1 21 -1 -1 -1 -1 -1 -1 -1 -1 -1 -1 -1 -1 -1 -1 -1 -1 20 19 18 -1 -1 
-1 -1 -1 4 -1 5 6 -1 -1 -1 -1 -1 -1 0 -1 -1 -1 -1 -1 -1 -1 -1 -1 -1 -1 -1 -1 -1 -1 -1 -1 -1 -1 -1 -1 -1 11 -1 -1 -1 -1 -1 -1 -1 28 -1 8 -1 -1 -1 17 -1 -1 -1 -1 -1 -1 -1 -1 -1 -1 -1 27 -1 -1 -1 -1 -1 21 -1 -1 -1 -1 -1 -1 -1 -1 -1 -1 -1 -1 -1 -1 -1 -1 20 19 18 -1 -1 
-1 -1 -1 4 -1 5 6 -1 -1 -1 -1 -1 -1 0 -1 -1 -1 -1 -1 -1 -1 -1 -1 -1 -1 -1 -1 -1 -1 -1 -1 -1 -1 -1 -1 -1 -1 -1 -1 -1 -1 -1 -1 -1 28 11 8 -1 -1 -1 17 -1 -1 -1 -1 -1 -1 -1 -1 -1 -1 -1 27 -1 -1 -1 -1 -1 21 -1 -1 -1 -1 -1 -1 -1 -1 -1 -1 -1 -1 -1 -1 -1 -1 20 19 18 -1 -1 
-1 -1 -1 4 -1 5 6 -1 -1 -1 -1 -1 -1 0 -1 -1 -1 -1 -1 -1 -1 -1 -1 -1 -1 -1 -1 -1 -1 -1 -1 -1 -1 -1 -1 -1 -1 -1 -1 -1 -1 -1 -1 28 -1 11 8 -1 -1 -1 17 -1 -1 -1 -1 -1 -1 -1 -1 -1 -1 -1 27 -1 -1 -1 -1 -1 21 -1 -1 -1 -1 -1 -1 -1 -1 -1 -1 -1 -1 -1 -1 -1 -1 20 19 18 -1 -1 
-1 -1 -1 4 -1 5 6 -1 -1 -1 -1 -1 -1 0 -1 -1 -1 -1 -1 -1 -1 -1 -1 -1 -1 -1 -1 -1 -1 -1 -1 -1 -1 -1 -1 -1 -1 -1 -1 -1 -1 -1 -1 28 -1 11 8 -1 -1 -1 17 -1 -1 -1 -1 -1 -1 -1 2 -1 -1 -1 27 -1 -1 -1 -1 -1 21 -1 -1 -1 -1 -1 -1 -1 -1 -1 -1 -1 -1 -1 -1 -1 -1 20 19 18 -1 -1 
-1 -1 -1 4 -1 5 6 -1 -1 -1 -1 -1 -1 0 -1 -1 -1 -1 -1 -1 -1 -1 -1 -1 -1 -1 -1 -1 -1 -1 -1 -1 -1 -1 -1 -1 -1 -1 -1 -1 -1 -1 -1 28 -1 11 8 -1 -1 -1 17 -1 -1 27 -1 -1 -1 -1 2 -1 -1 -1 -1 -1 -1 -1 -1 -1 21 -1 -1 -1 -1 -1 -1 -1 -1 -1 -1 -1 -1 -1 -1 -1 -1 20 19 18 -1 -1 
-1 -1 -1 4 -1 5 6 -1 -1 -1 -1 -1 -1 0 -1 -1 -1 -1 -1 -1 -1 -1 -1 -1 -1 -1 -1 -1 -1 -1 -1 -1 -1 -1 -1 -1 -1 -1 -1 -1 -1 -1 -1 28 -1 -1 8 -1 -1 -1 17 -1 -1 27 11 -1 -1 -1 2 -1 -1 -1 -1 -1 -1 -1 -1 -1 21 -1 -1 -1 -1 -1 -1 -1 -1 -1 -1 -1 -1 -1 -1 -1 -1 20 19 18 -1 -1 
-1 -1 -1 4 -1 5 6 -1 -1 -1 -1 -1 -1 0 -1 -1 -1 -1 -1 -1 -1 -1 -1 -1 -1 -1 -1 -1 -1 -1 -1 -1 -1 -1 -1 -1 -1 -1 -1 -1 -1 -1 -1 28 27 -1 8 -1 -1 -1 17 -1 -1 -1 11 -1 -1 -1 2 -1 -1 -1 -1 -1 -1 -1 -1 -1 21 -1 -1 -1 -1 -1 -1 -1 -1 -1 -1 -1 -1 -1 -1 -1 -1 20 19 18 -1 -1 
-1 -1 -1 4 -1 5 6 -1 -1 -1 -1 -1 -1 0 -1 -1 -1 -1 -1 -1 -1 -1 -1 -1 -1 -1 -1 -1 -1 -1 -1 -1 -1 -1 -1 -1 -1 -1 -1 -1 -1 -1 -1 28 27 -1 8 -1 -1 -1 17 -1 -1 -1 -1 11 -1 -1 2 -1 -1 -1 -1 -1 -1 -1 -1 -1 21 -1 -1 -1 -1 -1 -1 -1 -1 -1 -1 -1 -1 -1 -1 -1 -1 20 19 18 -1 -1 
-1 -1 -1 4 -1 5 6 -1 -1 -1 -1 -1 -1 0 -1 -1 -1 -1 -1 -1 -1 -1 -1 -1 -1 -1 -1 -1 -1 -1 -1 -1 -1 -1 -1 -1 -1 -1 -1 17 -1 -1 -1 28 27 -1 8 -1 -1 -1 -1 -1 -1 -1 -1 11 -1 -1 2 -1 -1 -1 -1 -1 -1 -1 -1 -1 21 -1 -1 -1 -1 -1 -1 -1 -1 -1 -1 -1 -1 -1 -1 -1 -1 20 19 18 -1 -1 
-1 -1 -1 4 -1 5 6 -1 -1 -1 -1 -1 -1 0 -1 -1 -1 -1 -1 -1 -1 -1 -1 -1 -1 -1 -1 -1 -1 -1 -1 -1 -1 -1 -1 -1 -1 -1 -1 17 -1 -1 -1 28 27 -1 8 -1 -1 -1 -1 -1 -1 -1 11 -1 -1 -1 2 -1 -1 -1 -1 -1 -1 -1 -1 -1 21 -1 -1 -1 -1 -1 -1 -1 -1 -1 -1 -1 -1 -1 -1 -1 -1 20 19 18 -1 -1 
-1 -1 -1 4 -1 5 6 -1 -1 -1 -1 -1 -1 0 -1 -1 -1 -1 -1 -1 -1 -1 -1 -1 -1 -1 -1 -1 -1 -1 -1 -1 17 -1 -1 -1 -1 -1 -1 -1 -1 -1 -1 28 27 -1 8 -1 -1 -1 -1 -1 -1 -1 11 -1 -1 -1 2 -1 -1 -1 -1 -1 -1 -1 -1 -1 21 -1 -1 -1 -1 -1 -1 -1 -1 -1 -1 -1 -1 -1 -1 -1 -1 20 19 18 -1 -1 
-1 -1 -1 4 -1 5 6 -1 -1 -1 -1 -1 -1 0 -1 -1 -1 -1 -1 -1 -1 -1 -1 -1 -1 -1 -1 -1 -1 -1 -1 -1 17 -1 -1 -1 -1 -1 -1 -1 -1 -1 -1 28 27 -1 8 -1 -1 -1 -1 -1 -1 -1 -1 11 -1 -1 2 -1 -1 -1 -1 -1 -1 -1 -1 -1 21 -1 -1 -1 -1 -1 -1 -1 -1 -1 -1 -1 -1 -1 -1 -1 -1 20 19 18 -1 -1 
-1 -1 -1 4 -1 5 6 -1 -1 -1 -1 -1 -1 0 -1 -1 -1 -1 -1 -1 -1 -1 -1 -1 -1 -1 -1 -1 -1 -1 -1 -1 17 -1 -1 -1 -1 -1 -1 -1 -1 -1 28 -1 27 -1 8 -1 -1 -1 -1 -1 -1 -1 -1 11 -1 -1 2 -1 -1 -1 -1 -1 -1 -1 -1 -1 21 -1 -1 -1 -1 -1 -1 -1 -1 -1 -1 -1 -1 -1 -1 -1 -1 20 19 18 -1 -1 
-1 -1 -1 4 -1 5 6 -1 -1 -1 -1 -1 -1 0 -1 -1 -1 -1 -1 -1 -1 -1 -1 -1 -1 -1 -1 -1 -1 -1 -1 -1 17 -1 -1 -1 -1 -1 -1 -1 -1 -1 28 -1 27 -1 8 -1 -1 -1 -1 -1 -1 -1 -1 11 -1 -1 2 -1 -1 -1 -1 -1 -1 -1 -1 -1 21 1 -1 -1 -1 -1 -1 -1 -1 -1 -1 -1 -1 -1 -1 -1 -1 20 19 18 -1 -1 
-1 -1 -1 4 -1 5 6 -1 -1 -1 -1 -1 -1 0 -1 -1 -1 -1 -1 -1 -1 -1 -1 -1 -1 -1 -1 -1 -1 -1 -1 -1 17 28 -1 -1 -1 -1 -1 -1 -1 -1 -1 -1 27 -1 8 -1 -1 -1 -1 -1 -1 -1 -1 11 -1 -1 2 -1 -1 -1 -1 -1 -1 -1 -1 -1 21 1 -1 -1 -1 -1 -1 -1 -1 -1 -1 -1 -1 -1 -1 -1 -1 20 19 18 -1 -1 
-1 -1 -1 4 -1 5 6 -1 -1 -1 -1 -1 -1 0 -1 -1 -1 -1 -1 -1 -1 -1 -1 -1 -1 -1 -1 -1 -1 -1 -1 -1 17 28 -1 -1 -1 -1 2 -1 -1 -1 -1 -1 27 -1 8 -1 -1 -1 -1 -1 -1 -1 -1 11 -1 -1 -1 -1 -1 -1 -1 -1 -1 -1 -1 -1 21 1 -1 -1 -1 -1 -1 -1 -1 -1 -1 -1 -1 -1 -1 -1 -1 20 19 18 -1 -1 
-1 -1 -1 4 -1 5 6 -1 -1 -1 -1 -1 -1 0 -1 -1 -1 -1 -1 -1 -1 -1 -1 -1 -1 -1 -1 -1 -1 -1 -1 -1 -1 28 -1 -1 -1 -1 2 -1 -1 -1 -1 -1 27 -1 8 -1 -1 -1 -1 17 -1 -1 -1 11 -1 -1 -1 -1 -1 -1 -1 -1 -1 -1 -1 -1 21 1 -1 -1 -1 -1 -1 -1 -1 -1 -1 -1 -1 -1 -1 -1 -1 20 19 18 -1 -1 
-1 -1 -1 4 -1 5 6 -1 -1 -1 -1 -1 -1 0 -1 -1 -1 -1 -1 -1 -1 -1 -1 -1 -1 -1 -1 -1 -1 -1 -1 -1 -1 28 -1 -1 -1 -1 2 -1 -1 -1 -1 -1 27 -1 8 -1 -1 -1 -1 17 -1 -1 -1 11 -1 -1 1 -1 -1 -1 -1 -1 -1 -1 -1 -1 21 -1 -1 -1 -1 -1 -1 -1 -1 -1 -1 -1 -1 -1 -1 -1 -1 20 19 18 -1 -1 
-1 -1 -1 4 -1 5 6 -1 -1 -1 -1 -1 -1 0 -1 -1 -1 -1 -1 -1 -1 -1 -1 -1 -1 -1 -1 -1 -1 -1 -1 -1 -1 28 -1 -1 -1 -1 2 -1 -1 -1 -1 27 -1 -1 8 -1 -1 -1 -1 17 -1 -1 -1 11 -1 -1 1 -1 -1 -1 -1 -1 -1 -1 -1 -1 21 -1 -1 -1 -1 -1 -1 -1 -1 -1 -1 -1 -1 -1 -1 -1 -1 20 19 18 -1 -1 
-1 -1 -1 4 -1 5 6 -1 -1 -1 -1 -1 -1 0 -1 -1 -1 -1 -1 -1 -1 -1 -1 -1 -1 -1 -1 -1 -1 -1 -1 -1 -1 28 -1 -1 -1 -1 -1 -1 -1 -1 -1 27 -1 -1 8 -1 -1 -1 -1 17 -1 -1 -1 11 -1 -1 2 -1 -1 -1 -1 -1 -1 -1 -1 -1 21 -1 -1 -1 -1 -1 -1 -1 -1 -1 -1 -1 -1 -1 -1 -1 -1 20 19 18 -1 -1 
-1 -1 -1 4 -1 5 6 -1 -1 -1 -1 -1 -1 0 -1 -1 -1 -1 -1 -1 -1 -1 -1 -1 -1 -1 -1 -1 -1 -1 -1 -1 -1 28 -1 -1 -1 -1 -1 -1 -1 -1 -1 27 -1 -1 8 -1 -1 -1 -1 17 -1 -1 -1 11 -1 -1 2 -1 -1 -1 -1 -1 -1 -1 -1 -1 21 -1 -1 -1 -1 -1 -1 -1 19 -1 -1 -1 -1 -1 -1 -1 -1 20 -1 18 -1 -1 
-1 -1 -1 4 -1 5 6 -1 -1 -1 -1 -1 -1 0 -1 -1 -1 -1 -1 -1 -1 -1 -1 -1 -1 -1 -1 -1 -1 -1 -1 -1 -1 28 -1 -1 -1 -1 2 -1 -1 -1 -1 27 -1 -1 8 -1 -1 -1 -1 17 -1 -1 -1 11 -1 -1 -1 -1 -1 -1 -1 -1 -1 -1 -1 -1 21 -1 -1 -1 -1 -1 -1 -1 19 -1 -1 -1 -1 -1 -1 -1 -1 20 -1 18 -1 -1 
-1 -1 -1 4 -1 5 6 -1 -1 -1 -1 -1 -1 0 -1 -1 -1 -1 -1 -1 -1 -1 -1 -1 -1 -1 -1 -1 -1 -1 -1 -1 -1 28 -1 -1 -1 -1 2 -1 17 -1 -1 27 -1 -1 8 -1 -1 -1 -1 -1 -1 -1 -1 11 -1 -1 -1 -1 -1 -1 -1 -1 -1 -1 -1 -1 21 -1 -1 -1 -1 -1 -1 -1 19 -1 -1 -1 -1 -1 -1 -1 -1 20 -1 18 -1 -1 
-1 -1 -1 4 -1 5 6 -1 -1 -1 -1 -1 -1 0 -1 -1 -1 -1 -1 -1 -1 -1 -1 -1 -1 -1 -1 -1 -1 -1 -1 -1 -1 28 -1 -1 -1 -1 -1 -1 17 -1 -1 27 -1 -1 8 -1 -1 -1 -1 -1 -1 -1 -1 11 -1 -1 2 -1 -1 -1 -1 -1 -1 -1 -1 -1 21 -1 -1 -1 -1 -1 -1 -1 19 -1 -1 -1 -1 -1 -1 -1 -1 20 -1 18 -1 -1 
-1 -1 -1 4 -1 5 6 -1 -1 -1 -1 -1 -1 0 -1 -1 -1 -1 -1 -1 -1 -1 -1 -1 -1 -1 -1 -1 -1 -1 -1 -1 28 -1 -1 -1 -1 -1 -1 -1 17 -1 -1 27 -1 -1 8 -1 -1 -1 -1 -1 -1 -1 -1 11 -1 -1 2 -1 -1 -1 -1 -1 -1 -1 -1 -1 21 -1 -1 -1 -1 -1 -1 -1 19 -1 -1 -1 -1 -1 -1 -1 -1 20 -1 18 -1 -1 
-1 -1 -1 4 -1 5 6 -1 -1 -1 -1 -1 -1 0 -1 -1 -1 -1 -1 -1 -1 -1 -1 -1 -1 -1 -1 -1 -1 -1 -1 -1 28 -1 -1 -1 -1 -1 -1 -1 17 -1 -1 27 -1 -1 8 -1 -1 -1 -1 -1 -1 -1 -1 11 -1 -1 -1 -1 -1 -1 -1 -1 -1 -1 -1 -1 21 1 -1 -1 -1 -1 -1 -1 19 -1 -1 -1 -1 -1 -1 -1 -1 20 -1 18 -1 -1 
-1 -1 -1 4 -1 5 6 -1 -1 -1 -1 -1 -1 0 -1 -1 -1 -1 -1 -1 -1 -1 -1 -1 -1 -1 -1 -1 -1 -1 -1 -1 28 -1 -1 -1 -1 -1 -1 -1 17 -1 27 -1 -1 -1 8 -1 -1 -1 -1 -1 -1 -1 -1 11 -1 -1 -1 -1 -1 -1 -1 -1 -1 -1 -1 -1 21 1 -1 -1 -1 -1 -1 -1 19 -1 -1 -1 -1 -1 -1 -1 -1 20 -1 18 -1 -1 
-1 -1 -1 4 -1 5 6 -1 -1 -1 -1 -1 -1 0 -1 -1 -1 -1 -1 -1 -1 -1 -1 -1 -1 -1 -1 -1 -1 -1 -1 -1 28 -1 -1 -1 -1 -1 -1 -1 17 -1 27 -1 -1 -1 8 -1 -1 -1 -1 -1 -1 -1 -1 11 -1 -1 1 -1 -1 -1 -1 -1 -1 -1 -1 -1 21 -1 -1 -1 -1 -1 -1 -1 19 -1 -1 -1 -1 -1 -1 -1 -1 20 -1 18 -1 -1 
-1 -1 -1 4 -1 5 6 -1 -1 -1 -1 -1 -1 0 -1 -1 -1 -1 -1 -1 -1 -1 -1 -1 -1 -1 -1 -1 -1 -1 -1 -1 28 -1 -1 -1 -1 -1 -1 -1 17 27 -1 -1 -1 -1 8 -1 -1 -1 -1 -1 -1 -1 -1 11 -1 -1 1 -1 -1 -1 -1 -1 -1 -1 -1 -1 21 -1 -1 -1 -1 -1 -1 -1 19 -1 -1 -1 -1 -1 -1 -1 -1 20 -1 18 -1 -1 
-1 -1 -1 4 -1 5 6 -1 -1 -1 -1 -1 -1 0 -1 -1 -1 -1 -1 -1 -1 -1 -1 -1 -1 -1 -1 -1 -1 -1 -1 -1 28 -1 -1 -1 -1 -1 -1 -1 17 27 -1 -1 -1 -1 8 -1 -1 -1 -1 -1 -1 -1 -1 11 -1 -1 -1 -1 -1 -1 -1 -1 -1 -1 -1 -1 21 1 -1 -1 -1 -1 -1 -1 19 -1 -1 -1 -1 -1 -1 -1 -1 20 -1 18 -1 -1 
-1 -1 -1 4 -1 5 6 -1 -1 -1 -1 -1 -1 0 -1 -1 -1 -1 -1 -1 -1 -1 -1 -1 -1 -1 -1 -1 -1 -1 -1 -1 28 -1 -1 -1 -1 -1 -1 -1 17 27 -1 -1 -1 -1 8 -1 -1 -1 -1 -1 -1 -1 -1 11 -1 -1 -1 -1 31 -1 -1 -1 -1 -1 -1 -1 21 1 -1 -1 -1 -1 -1 -1 19 -1 -1 -1 -1 -1 -1 -1 -1 20 -1 18 -1 -1 
-1 -1 -1 4 -1 5 6 -1 -1 -1 -1 -1 -1 0 -1 -1 -1 -1 -1 -1 -1 -1 -1 -1 -1 -1 -1 -1 -1 -1 -1 -1 28 -1 -1 -1 -1 -1 -1 -1 17 27 -1 -1 -1 -1 8 -1 -1 -1 -1 -1 -1 -1 -1 -1 11 -1 -1 -1 31 -1 -1 -1 -1 -1 -1 -1 21 1 -1 -1 -1 -1 -1 -1 19 -1 -1 -1 -1 -1 -1 -1 -1 20 -1 18 -1 -1 
-1 -1 -1 4 -1 5 6 -1 -1 -1 -1 -1 -1 0 -1 -1 -1 -1 -1 -1 -1 -1 -1 -1 -1 -1 -1 -1 -1 -1 -1 -1 28 -1 -1 -1 -1 -1 -1 -1 -1 27 -1 -1 -1 -1 8 -1 -1 -1 -1 17 -1 -1 -1 -1 11 -1 -1 -1 31 -1 -1 -1 -1 -1 -1 -1 21 1 -1 -1 -1 -1 -1 -1 19 -1 -1 -1 -1 -1 -1 -1 -1 20 -1 18 -1 -1 
-1 -1 -1 4 -1 5 6 -1 -1 -1 -1 -1 -1 0 -1 -1 -1 -1 -1 -1 -1 -1 -1 -1 -1 -1 -1 -1 -1 -1 -1 -1 28 -1 -1 -1 -1 -1 -1 -1 -1 27 -1 -1 -1 -1 8 -1 -1 -1 -1 17 -1 -1 -1 -1 11 -1 1 -1 31 -1 -1 -1 -1 -1 -1 -1 21 -1 -1 -1 -1 -1 -1 -1 19 -1 -1 -1 -1 -1 -1 -1 -1 20 -1 18 -1 -1 
-1 -1 -1 4 -1 5 6 -1 -1 -1 -1 -1 -1 0 -1 -1 -1 -1 -1 -1 -1 -1 -1 -1 -1 -1 -1 -1 -1 -1 -1 -1 28 -1 -1 -1 -1 -1 -1 -1 -1 29 -1 -1 -1 -1 8 -1 -1 -1 -1 17 -1 -1 -1 -1 11 -1 1 -1 31 -1 -1 -1 -1 -1 -1 -1 21 -1 -1 -1 -1 -1 -1 -1 19 -1 -1 -1 -1 -1 -1 -1 -1 20 -1 18 -1 -1 
-1 -1 -1 4 -1 5 6 -1 -1 -1 -1 -1 -1 0 -1 -1 -1 -1 -1 -1 -1 -1 -1 -1 -1 -1 -1 -1 -1 -1 -1 -1 28 -1 -1 -1 -1 -1 -1 -1 -1 29 2 -1 -1 -1 8 -1 -1 -1 -1 17 -1 -1 -1 -1 11 -1 -1 -1 31 -1 -1 -1 -1 -1 -1 -1 21 -1 -1 -1 -1 -1 -1 -1 19 -1 -1 -1 -1 -1 -1 -1 -1 20 -1 18 -1 -1 
-1 -1 -1 4 -1 5 6 -1 -1 -1 -1 -1 -1 0 -1 -1 -1 -1 -1 -1 -1 -1 -1 -1 -1 -1 -1 -1 -1 -1 -1 28 -1 -1 -1 -1 -1 -1 -1 -1 -1 29 2 -1 -1 -1 8 -1 -1 -1 -1 17 -1 -1 -1 -1 11 -1 -1 -1 31 -1 -1 -1 -1 -1 -1 -1 21 -1 -1 -1 -1 -1 -1 -1 19 -1 -1 -1 -1 -1 -1 -1 -1 20 -1 18 -1 -1 
-1 -1 -1 4 -1 5 6 -1 -1 -1 -1 -1 -1 0 -1 -1 -1 -1 -1 -1 -1 -1 -1 -1 -1 -1 -1 -1 -1 -1 -1 28 -1 -1 -1 -1 -1 -1 -1 -1 -1 29 2 -1 -1 -1 8 -1 -1 -1 -1 17 -1 -1 -1 11 -1 -1 -1 -1 31 -1 -1 -1 -1 -1 -1 -1 21 -1 -1 -1 -1 -1 -1 -1 19 -1 -1 -1 -1 -1 -1 -1 -1 20 -1 18 -1 -1 
-1 -1 -1 4 -1 5 6 -1 -1 -1 -1 -1 -1 0 -1 -1 -1 -1 -1 -1 -1 -1 -1 -1 -1 -1 -1 -1 -1 -1 -1 28 -1 -1 -1 -1 -1 -1 -1 -1 27 -1 2 -1 -1 -1 8 -1 -1 -1 -1 17 -1 -1 -1 11 -1 -1 -1 -1 31 -1 -1 -1 -1 -1 -1 -1 21 -1 -1 -1 -1 -1 -1 -1 19 -1 -1 -1 -1 -1 -1 -1 -1 20 -1 18 -1 -1 
-1 -1 -1 4 -1 5 6 -1 -1 -1 -1 -1 -1 0 -1 -1 -1 -1 -1 -1 -1 -1 -1 -1 -1 -1 -1 -1 -1 -1 -1 28 -1 -1 -1 -1 -1 -1 -1 -1 27 -1 2 -1 -1 -1 8 -1 -1 -1 -1 17 -1 -1 -1 -1 11 -1 -1 -1 31 -1 -1 -1 -1 -1 -1 -1 21 -1 -1 -1 -1 -1 -1 -1 19 -1 -1 -1 -1 -1 -1 -1 -1 20 -1 18 -1 -1 
-1 -1 -1 4 -1 5 6 -1 -1 -1 -1 -1 -1 0 -1 -1 -1 -1 -1 -1 -1 -1 -1 -1 -1 -1 -1 -1 -1 -1 -1 28 -1 -1 -1 -1 -1 -1 -1 -1 27 -1 2 -1 -1 -1 8 -1 -1 -1 -1 17 -1 -1 -1 -1 11 -1 -1 -1 31 -1 -1 -1 -1 -1 -1 18 21 -1 -1 -1 -1 -1 -1 -1 19 -1 -1 -1 -1 -1 -1 -1 -1 20 -1 -1 -1 -1 
-1 -1 -1 4 -1 5 6 -1 -1 -1 -1 -1 -1 0 -1 -1 -1 -1 -1 -1 -1 -1 -1 -1 -1 -1 -1 -1 -1 -1 -1 28 -1 -1 -1 -1 -1 -1 -1 -1 27 -1 2 -1 -1 -1 8 -1 -1 -1 -1 17 -1 -1 -1 11 -1 -1 -1 -1 31 -1 -1 -1 -1 -1 -1 18 21 -1 -1 -1 -1 -1 -1 -1 19 -1 -1 -1 -1 -1 -1 -1 -1 20 -1 -1 -1 -1 
-1 -1 -1 4 -1 5 6 -1 -1 -1 -1 -1 -1 0 -1 -1 -1 -1 -1 -1 -1 -1 -1 -1 -1 -1 -1 -1 -1 -1 -1 28 17 -1 -1 -1 -1 -1 -1 -1 27 -1 2 -1 -1 -1 8 -1 -1 -1 -1 -1 -1 -1 -1 11 -1 -1 -1 -1 31 -1 -1 -1 -1 -1 -1 18 21 -1 -1 -1 -1 -1 -1 -1 19 -1 -1 -1 -1 -1 -1 -1 -1 20 -1 -1 -1 -1 
-1 -1 -1 4 -1 5 6 -1 -1 -1 -1 -1 -1 0 -1 -1 -1 -1 -1 -1 -1 -1 -1 -1 -1 -1 -1 -1 -1 -1 -1 28 17 -1 -1 -1 -1 -1 -1 -1 27 -1 2 -1 -1 -1 8 -1 -1 -1 -1 1 -1 -1 -1 11 -1 -1 -1 -1 31 -1 -1 -1 -1 -1 -1 18 21 -1 -1 -1 -1 -1 -1 -1 19 -1 -1 -1 -1 -1 -1 -1 -1 20 -1 -1 -1 -1 
-1 -1 -1 4 -1 5 6 -1 -1 -1 -1 -1 -1 0 -1 -1 -1 -1 -1 -1 -1 -1 -1 -1 -1 -1 -1 -1 -1 -1 -1 28 17 -1 -1 -1 -1 -1 -1 -1 27 -1 2 -1 -1 -1 8 -1 -1 -1 -1 18 -1 -1 -1 11 -1 -1 -1 -1 31 -1 -1 -1 -1 -1 -1 -1 21 -1 -1 -1 -1 -1 -1 -1 19 -1 -1 -1 -1 -1 -1 -1 -1 20 -1 -1 -1 -1 
-1 -1 -1 4 -1 5 6 -1 -1 -1 -1 -1 -1 0 -1 -1 -1 -1 -1 -1 -1 -1 -1 -1 -1 -1 -1 -1 -1 -1 -1 28 17 -1 -1 -1 -1 -1 -1 -1 27 -1 2 -1 -1 -1 8 -1 -1 -1 -1 18 -1 -1 11 -1 -1 -1 -1 -1 31 -1 -1 -1 -1 -1 -1 -1 21 -1 -1 -1 -1 -1 -1 -1 19 -1 -1 -1 -1 -1 -1 -1 -1 20 -1 -1 -1 -1 
-1 -1 -1 4 -1 5 6 -1 -1 -1 -1 -1 -1 0 -1 -1 -1 -1 -1 -1 -1 -1 -1 -1 -1 -1 -1 -1 -1 -1 28 -1 17 -1 -1 -1 -1 -1 -1 -1 27 -1 2 -1 -1 -1 8 -1 -1 -1 -1 18 -1 -1 11 -1 -1 -1 -1 -1 31 -1 -1 -1 -1 -1 -1 -1 21 -1 -1 -1 -1 -1 -1 -1 19 -1 -1 -1 -1 -1 -1 -1 -1 20 -1 -1 -1 -1 
-1 -1 -1 4 -1 5 6 -1 -1 -1 -1 -1 -1 0 -1 -1 -1 -1 -1 -1 -1 -1 -1 -1 -1 -1 -1 -1 -1 -1 28 -1 17 -1 -1 -1 -1 -1 -1 -1 27 -1 2 -1 -1 -1 8 -1 -1 -1 -1 18 -1 -1 -1 11 -1 -1 -1 -1 31 -1 -1 -1 -1 -1 -1 -1 21 -1 -1 -1 -1 -1 -1 -1 19 -1 -1 -1 -1 -1 -1 -1 -1 20 -1 -1 -1 -1 
-1 -1 -1 4 -1 5 6 -1 -1 -1 -1 -1 -1 0 -1 -1 -1 -1 -1 -1 -1 -1 -1 -1 -1 -1 -1 -1 -1 28 -1 -1 17 -1 -1 -1 -1 -1 -1 -1 27 -1 2 -1 -1 -1 8 -1 -1 -1 -1 18 -1 -1 -1 11 -1 -1 -1 -1 31 -1 -1 -1 -1 -1 -1 -1 21 -1 -1 -1 -1 -1 -1 -1 19 -1 -1 -1 -1 -1 -1 -1 -1 20 -1 -1 -1 -1 
-1 -1 -1 4 -1 5 6 -1 -1 -1 -1 -1 -1 0 -1 -1 -1 -1 -1 -1 -1 -1 -1 -1 -1 -1 -1 -1 -1 28 -1 -1 17 -1 -1 -1 -1 -1 -1 -1 27 -1 -1 -1 -1 -1 8 -1 -1 -1 -1 18 -1 -1 -1 11 -1 -1 -1 -1 31 -1 2 -1 -1 -1 -1 -1 21 -1 -1 -1 -1 -1 -1 -1 19 -1 -1 -1 -1 -1 -1 -1 -1 20 -1 -1 -1 -1 
-1 -1 -1 4 -1 5 6 -1 -1 -1 -1 -1 -1 0 -1 -1 -1 -1 -1 -1 28 -1 -1 -1 -1 -1 -1 -1 -1 -1 -1 -1 17 -1 -1 -1 -1 -1 -1 -1 27 -1 -1 -1 -1 -1 8 -1 -1 -1 -1 18 -1 -1 -1 11 -1 -1 -1 -1 31 -1 2 -1 -1 -1 -1 -1 21 -1 -1 -1 -1 -1 -1 -1 19 -1 -1 -1 -1 -1 -1 -1 -1 20 -1 -1 -1 -1 
-1 -1 -1 4 -1 5 6 -1 -1 -1 -1 -1 -1 0 -1 -1 -1 -1 -1 -1 28 -1 -1 -1 -1 -1 -1 -1 -1 -1 -1 -1 17 -1 -1 -1 -1 -1 -1 -1 27 -1 2 -1 -1 -1 8 -1 -1 -1 -1 18 -1 -1 -1 11 -1 -1 -1 -1 31 -1 -1 -1 -1 -1 -1 -1 21 -1 -1 -1 -1 -1 -1 -1 19 -1 -1 -1 -1 -1 -1 -1 -1 20 -1 -1 -1 -1 
-1 -1 -1 4 -1 5 6 -1 -1 -1 -1 28 -1 0 -1 -1 -1 -1 -1 -1 -1 -1 -1 -1 -1 -1 -1 -1 -1 -1 -1 -1 17 -1 -1 -1 -1 -1 -1 -1 27 -1 2 -1 -1 -1 8 -1 -1 -1 -1 18 -1 -1 -1 11 -1 -1 -1 -1 31 -1 -1 -1 -1 -1 -1 -1 21 -1 -1 -1 -1 -1 -1 -1 19 -1 -1 -1 -1 -1 -1 -1 -1 20 -1 -1 -1 -1 
-1 -1 -1 4 -1 5 6 -1 -1 -1 -1 28 -1 0 -1 -1 -1 -1 -1 -1 -1 -1 -1 -1 -1 -1 -1 -1 -1 -1 -1 -1 1 -1 -1 -1 -1 -1 -1 -1 27 -1 2 -1 -1 -1 8 -1 -1 -1 -1 -1 -1 -1 -1 11 -1 -1 -1 -1 31 -1 -1 -1 -1 -1 -1 -1 21 -1 -1 -1 -1 -1 -1 -1 19 -1 -1 -1 -1 -1 -1 -1 -1 20 -1 -1 -1 -1 
-1 -1 -1 4 -1 5 6 -1 -1 -1 -1 28 -1 0 -1 -1 -1 -1 -1 -1 -1 -1 -1 -1 -1 -1 -1 -1 -1 -1 -1 27 1 -1 -1 -1 -1 -1 -1 -1 -1 -1 2 -1 -1 -1 8 -1 -1 -1 -1 -1 -1 -1 -1 11 -1 -1 -1 -1 31 -1 -1 -1 -1 -1 -1 -1 21 -1 -1 -1 -1 -1 -1 -1 19 -1 -1 -1 -1 -1 -1 -1 -1 20 -1 -1 -1 -1 
-1 -1 -1 4 -1 5 6 -1 -1 -1 -1 28 -1 0 -1 -1 -1 -1 -1 -1 -1 -1 -1 -1 -1 -1 -1 -1 -1 -1 -1 27 1 -1 -1 -1 -1 -1 -1 -1 -1 -1 2 -1 -1 -1 8 -1 -1 -1 -1 -1 -1 -1 11 -1 -1 -1 -1 -1 31 -1 -1 -1 -1 -1 -1 -1 21 -1 -1 -1 -1 -1 -1 -1 19 -1 -1 -1 -1 -1 -1 -1 -1 20 -1 -1 -1 -1 
-1 -1 -1 4 -1 5 6 -1 -1 -1 -1 28 -1 0 -1 -1 -1 -1 -1 -1 -1 -1 -1 -1 -1 -1 -1 -1 -1 -1 -1 27 1 -1 -1 -1 -1 -1 -1 -1 -1 -1 2 -1 -1 -1 8 -1 -1 -1 -1 -1 -1 -1 11 -1 -1 -1 -1 -1 31 -1 -1 -1 -1 -1 -1 -1 21 -1 -1 -1 -1 -1 -1 -1 -1 -1 -1 -1 -1 -1 -1 -1 -1 20 19 -1 -1 -1 
-1 -1 -1 4 -1 5 6 -1 -1 -1 -1 28 -1 0 -1 -1 -1 -1 -1 -1 -1 -1 -1 -1 -1 -1 -1 -1 -1 -1 -1 27 1 -1 -1 -1 -1 -1 -1 -1 -1 -1 2 -1 -1 -1 8 -1 -1 -1 -1 -1 -1 -1 -1 11 -1 -1 -1 -1 31 -1 -1 -1 -1 -1 -1 -1 21 -1 -1 -1 -1 -1 -1 -1 -1 -1 -1 -1 -1 -1 -1 -1 -1 20 19 -1 -1 -1 
-1 -1 -1 4 -1 5 6 -1 -1 -1 -1 28 -1 0 -1 -1 -1 -1 -1 -1 -1 -1 -1 -1 -1 -1 -1 -1 -1 -1 -1 27 1 -1 -1 -1 -1 -1 -1 -1 -1 -1 2 -1 -1 -1 8 -1 -1 -1 -1 -1 -1 -1 -1 11 -1 -1 -1 -1 31 -1 -1 -1 -1 -1 -1 -1 21 -1 -1 18 -1 -1 -1 -1 -1 -1 -1 -1 -1 -1 -1 -1 -1 20 19 -1 -1 -1 
-1 -1 -1 4 -1 5 6 -1 -1 -1 -1 28 -1 0 -1 -1 -1 -1 -1 -1 -1 -1 -1 -1 -1 -1 -1 -1 -1 -1 -1 27 1 -1 -1 -1 -1 -1 -1 -1 -1 -1 2 -1 -1 -1 8 -1 -1 -1 -1 -1 -1 -1 11 -1 -1 -1 -1 -1 31 -1 -1 -1 -1 -1 -1 -1 21 -1 -1 18 -1 -1 -1 -1 -1 -1 -1 -1 -1 -1 -1 -1 -1 20 19 -1 -1 -1 
-1 -1 -1 4 -1 5 6 -1 -1 -1 -1 28 -1 0 -1 -1 -1 -1 -1 -1 -1 -1 -1 -1 -1 -1 -1 -1 -1 -1 -1 27 -1 -1 -1 -1 -1 -1 -1 -1 -1 -1 2 -1 -1 -1 8 -1 -1 17 -1 -1 -1 -1 11 -1 -1 -1 -1 -1 31 -1 -1 -1 -1 -1 -1 -1 21 -1 -1 18 -1 -1 -1 -1 -1 -1 -1 -1 -1 -1 -1 -1 -1 20 19 -1 -1 -1 
-1 -1 -1 4 -1 5 6 -1 -1 -1 -1 28 -1 0 -1 -1 -1 -1 -1 -1 -1 -1 -1 -1 -1 -1 -1 -1 -1 -1 -1 27 -1 -1 -1 -1 -1 -1 -1 -1 -1 -1 2 1 -1 -1 8 -1 -1 17 -1 -1 -1 -1 11 -1 -1 -1 -1 -1 31 -1 -1 -1 -1 -1 -1 -1 21 -1 -1 18 -1 -1 -1 -1 -1 -1 -1 -1 -1 -1 -1 -1 -1 20 19 -1 -1 -1 
-1 -1 -1 4 -1 5 6 -1 -1 -1 -1 28 -1 0 -1 -1 -1 -1 -1 -1 -1 -1 -1 -1 -1 -1 -1 -1 -1 -1 -1 27 -1 -1 -1 -1 -1 -1 17 -1 -1 -1 2 1 -1 -1 8 -1 -1 -1 -1 -1 -1 -1 11 -1 -1 -1 -1 -1 31 -1 -1 -1 -1 -1 -1 -1 21 -1 -1 18 -1 -1 -1 -1 -1 -1 -1 -1 -1 -1 -1 -1 -1 20 19 -1 -1 -1 
-1 -1 -1 4 -1 5 6 -1 -1 -1 -1 28 -1 0 -1 -1 -1 -1 -1 -1 -1 -1 -1 -1 -1 -1 -1 -1 -1 -1 -1 27 -1 -1 -1 -1 -1 -1 17 -1 -1 -1 2 -1 -1 -1 8 -1 -1 -1 1 -1 -1 -1 11 -1 -1 -1 -1 -1 31 -1 -1 -1 -1 -1 -1 -1 21 -1 -1 18 -1 -1 -1 -1 -1 -1 -1 -1 -1 -1 -1 -1 -1 20 19 -1 -1 -1 
-1 -1 -1 4 -1 5 6 -1 -1 -1 -1 28 -1 0 -1 -1 -1 -1 -1 17 -1 -1 -1 -1 -1 -1 -1 -1 -1 -1 -1 27 -1 -1 -1 -1 -1 -1 -1 -1 -1 -1 2 -1 -1 -1 8 -1 -1 -1 1 -1 -1 -1 11 -1 -1 -1 -1 -1 31 -1 -1 -1 -1 -1 -1 -1 21 -1 -1 18 -1 -1 -1 -1 -1 -1 -1 -1 -1 -1 -1 -1 -1 20 19 -1 -1 -1 
-1 -1 -1 4 -1 5 6 -1 -1 -1 -1 28 -1 0 -1 -1 -1 -1 -1 17 -1 -1 -1 -1 -1 -1 -1 -1 -1 -1 -1 27 -1 -1 -1 -1 -1 -1 -1 -1 -1 -1 -1 -1 -1 -1 8 -1 -1 -1 1 -1 -1 -1 11 -1 -1 -1 2 -1 31 -1 -1 -1 -1 -1 -1 -1 21 -1 -1 18 -1 -1 -1 -1 -1 -1 -1 -1 -1 -1 -1 -1 -1 20 19 -1 -1 -1 
-1 -1 -1 4 -1 5 6 -1 -1 -1 -1 28 -1 0 -1 -1 -1 -1 -1 17 -1 -1 -1 -1 -1 -1 -1 -1 -1 -1 -1 -1 27 -1 -1 -1 -1 -1 -1 -1 -1 -1 -1 -1 -1 -1 8 -1 -1 -1 1 -1 -1 -1 11 -1 -1 -1 2 -1 31 -1 -1 -1 -1 -1 -1 -1 21 -1 -1 18 -1 -1 -1 -1 -1 -1 -1 -1 -1 -1 -1 -1 -1 20 19 -1 -1 -1 
-1 -1 -1 -1 4 5 6 -1 -1 -1 -1 28 -1 0 -1 -1 -1 -1 -1 17 -1 -1 -1 -1 -1 -1 -1 -1 -1 -1 -1 -1 27 -1 -1 -1 -1 -1 -1 -1 -1 -1 -1 -1 -1 -1 8 -1 -1 -1 1 -1 -1 -1 11 -1 -1 -1 2 -1 31 -1 -1 -1 -1 -1 -1 -1 21 -1 -1 18 -1 -1 -1 -1 -1 -1 -1 -1 -1 -1 -1 -1 -1 20 19 -1 -1 -1 
-1 -1 -1 -1 4 5 6 -1 -1 -1 -1 -1 28 0 -1 -1 -1 -1 -1 17 -1 -1 -1 -1 -1 -1 -1 -1 -1 -1 -1 -1 27 -1 -1 -1 -1 -1 -1 -1 -1 -1 -1 -1 -1 -1 8 -1 -1 -1 1 -1 -1 -1 11 -1 -1 -1 2 -1 31 -1 -1 -1 -1 -1 -1 -1 21 -1 -1 18 -1 -1 -1 -1 -1 -1 -1 -1 -1 -1 -1 -1 -1 20 19 -1 -1 -1 
-1 -1 -1 -1 4 5 6 -1 -1 -1 -1 -1 28 0 -1 -1 -1 -1 -1 17 -1 -1 -1 -1 -1 -1 -1 -1 -1 -1 -1 -1 27 -1 -1 -1 -1 -1 -1 -1 -1 -1 -1 -1 -1 -1 8 -1 -1 -1 -1 -1 -1 -1 11 -1 -1 1 2 -1 31 -1 -1 -1 -1 -1 -1 -1 21 -1 -1 18 -1 -1 -1 -1 -1 -1 -1 -1 -1 -1 -1 -1 -1 20 19 -1 -1 -1 
-1 -1 -1 -1 4 5 6 -1 -1 -1 -1 -1 28 0 -1 -1 -1 -1 -1 -1 -1 -1 -1 -1 -1 -1 -1 -1 -1 -1 17 -1 27 -1 -1 -1 -1 -1 -1 -1 -1 -1 -1 -1 -1 -1 8 -1 -1 -1 -1 -1 -1 -1 11 -1 -1 1 2 -1 31 -1 -1 -1 -1 -1 -1 -1 21 -1 -1 18 -1 -1 -1 -1 -1 -1 -1 -1 -1 -1 -1 -1 -1 20 19 -1 -1 -1 
-1 -1 -1 -1 4 5 6 -1 -1 -1 -1 -1 28 0 -1 -1 -1 -1 -1 -1 -1 -1 -1 -1 -1 -1 -1 -1 -1 -1 17 -1 27 -1 -1 -1 -1 -1 1 -1 -1 -1 -1 -1 -1 -1 8 -1 -1 -1 -1 -1 -1 -1 11 -1 -1 -1 2 -1 31 -1 -1 -1 -1 -1 -1 -1 21 -1 -1 18 -1 -1 -1 -1 -1 -1 -1 -1 -1 -1 -1 -1 -1 20 19 -1 -1 -1 
-1 -1 -1 -1 4 5 6 -1 -1 -1 -1 28 -1 0 -1 -1 -1 -1 -1 -1 -1 -1 -1 -1 -1 -1 -1 -1 -1 -1 17 -1 27 -1 -1 -1 -1 -1 1 -1 -1 -1 -1 -1 -1 -1 8 -1 -1 -1 -1 -1 -1 -1 11 -1 -1 -1 2 -1 31 -1 -1 -1 -1 -1 -1 -1 21 -1 -1 18 -1 -1 -1 -1 -1 -1 -1 -1 -1 -1 -1 -1 -1 20 19 -1 -1 -1 
-1 -1 -1 4 -1 5 6 -1 -1 -1 -1 28 -1 0 -1 -1 -1 -1 -1 -1 -1 -1 -1 -1 -1 -1 -1 -1 -1 -1 17 -1 27 -1 -1 -1 -1 -1 1 -1 -1 -1 -1 -1 -1 -1 8 -1 -1 -1 -1 -1 -1 -1 11 -1 -1 -1 2 -1 31 -1 -1 -1 -1 -1 -1 -1 21 -1 -1 18 -1 -1 -1 -1 -1 -1 -1 -1 -1 -1 -1 -1 -1 20 19 -1 -1 -1 
-1 -1 -1 4 -1 5 6 -1 -1 -1 -1 28 -1 0 -1 -1 -1 -1 -1 -1 -1 -1 -1 -1 -1 -1 -1 -1 -1 -1 17 27 -1 -1 -1 -1 -1 -1 1 -1 -1 -1 -1 -1 -1 -1 8 -1 -1 -1 -1 -1 -1 -1 11 -1 -1 -1 2 -1 31 -1 -1 -1 -1 -1 -1 -1 21 -1 -1 18 -1 -1 -1 -1 -1 -1 -1 -1 -1 -1 -1 -1 -1 20 19 -1 -1 -1 
-1 -1 -1 4 -1 5 6 -1 -1 -1 -1 28 -1 0 -1 -1 -1 -1 -1 -1 -1 -1 -1 -1 -1 -1 -1 -1 -1 -1 17 27 -1 -1 -1 -1 -1 -1 1 -1 -1 -1 2 -1 -1 -1 8 -1 -1 -1 -1 -1 -1 -1 11 -1 -1 -1 -1 -1 31 -1 -1 -1 -1 -1 -1 -1 21 -1 -1 18 -1 -1 -1 -1 -1 -1 -1 -1 -1 -1 -1 -1 -1 20 19 -1 -1 -1 
-1 -1 -1 4 -1 5 6 -1 -1 -1 -1 28 -1 0 -1 -1 -1 -1 -1 -1 -1 -1 -1 -1 -1 -1 -1 -1 -1 -1 -1 27 -1 -1 -1 -1 -1 -1 1 -1 -1 -1 2 -1 -1 -1 8 17 -1 -1 -1 -1 -1 -1 11 -1 -1 -1 -1 -1 31 -1 -1 -1 -1 -1 -1 -1 21 -1 -1 18 -1 -1 -1 -1 -1 -1 -1 -1 -1 -1 -1 -1 -1 20 19 -1 -1 -1 
-1 -1 -1 4 -1 5 6 -1 -1 -1 -1 28 -1 0 -1 -1 -1 -1 -1 -1 -1 -1 -1 -1 -1 -1 -1 1 -1 -1 -1 27 -1 -1 -1 -1 -1 -1 -1 -1 -1 -1 2 -1 -1 -1 8 17 -1 -1 -1 -1 -1 -1 11 -1 -1 -1 -1 -1 31 -1 -1 -1 -1 -1 -1 -1 21 -1 -1 18 -1 -1 -1 -1 -1 -1 -1 -1 -1 -1 -1 -1 -1 20 19 -1 -1 -1 
-1 -1 -1 4 -1 5 6 -1 -1 -1 28 -1 -1 0 -1 -1 -1 -1 -1 -1 -1 -1 -1 -1 -1 -1 -1 1 -1 -1 -1 27 -1 -1 -1 -1 -1 -1 -1 -1 -1 -1 2 -1 -1 -1 8 17 -1 -1 -1 -1 -1 -1 11 -1 -1 -1 -1 -1 31 -1 -1 -1 -1 -1 -1 -1 21 -1 -1 18 -1 -1 -1 -1 -1 -1 -1 -1 -1 -1 -1 -1 -1 20 19 -1 -1 -1 
-1 -1 -1 4 -1 5 6 -1 -1 -1 28 -1 -1 0 -1 -1 -1 -1 -1 -1 -1 -1 -1 -1 -1 -1 -1 -1 -1 -1 -1 27 -1 -1 -1 -1 -1 -1 1 -1 -1 -1 2 -1 -1 -1 8 17 -1 -1 -1 -1 -1 -1 11 -1 -1 -1 -1 -1 31 -1 -1 -1 -1 -1 -1 -1 21 -1 -1 18 -1 -1 -1 -1 -1 -1 -1 -1 -1 -1 -1 -1 -1 20 19 -1 -1 -1 
-1 -1 -1 4 -1 5 6 -1 -1 -1 -1 28 -1 0 -1 -1 -1 -1 -1 -1 -1 -1 -1 -1 -1 -1 -1 -1 -1 -1 -1 27 -1 -1 -1 -1 -1 -1 1 -1 -1 -1 2 -1 -1 -1 8 17 -1 -1 -1 -1 -1 -1 11 -1 -1 -1 -1 -1 31 -1 -1 -1 -1 -1 -1 -1 21 -1 -1 18 -1 -1 -1 -1 -1 -1 -1 -1 -1 -1 -1 -1 -1 20 19 -1 -1 -1 
-1 -1 -1 4 -1 5 6 -1 -1 -1 -1 28 -1 0 -1 -1 -1 -1 -1 -1 -1 -1 -1 -1 -1 -1 -1 1 -1 -1 -1 27 -1 -1 -1 -1 -1 -1 -1 -1 -1 -1 2 -1 -1 -1 8 17 -1 -1 -1 -1 -1 -1 11 -1 -1 -1 -1 -1 31 -1 -1 -1 -1 -1 -1 -1 21 -1 -1 18 -1 -1 -1 -1 -1 -1 -1 -1 -1 -1 -1 -1 -1 20 19 -1 -1 -1 
-1 -1 -1 4 -1 5 6 -1 -1 -1 28 -1 -1 0 -1 -1 -1 -1 -1 -1 -1 -1 -1 -1 -1 -1 -1 1 -1 -1 -1 27 -1 -1 -1 -1 -1 -1 -1 -1 -1 -1 2 -1 -1 -1 8 17 -1 -1 -1 -1 -1 -1 11 -1 -1 -1 -1 -1 31 -1 -1 -1 -1 -1 -1 -1 21 -1 -1 18 -1 -1 -1 -1 -1 -1 -1 -1 -1 -1 -1 -1 -1 20 19 -1 -1 -1 
-1 -1 -1 4 -1 5 6 -1 -1 -1 28 -1 -1 0 -1 -1 -1 -1 -1 -1 -1 -1 -1 -1 -1 -1 -1 -1 -1 -1 -1 27 -1 -1 -1 -1 -1 -1 1 -1 -1 -1 2 -1 -1 -1 8 17 -1 -1 -1 -1 -1 -1 11 -1 -1 -1 -1 -1 31 -1 -1 -1 -1 -1 -1 -1 21 -1 -1 18 -1 -1 -1 -1 -1 -1 -1 -1 -1 -1 -1 -1 -1 20 19 -1 -1 -1 
-1 -1 -1 4 -1 5 6 -1 -1 -1 -1 28 -1 0 -1 -1 -1 -1 -1 -1 -1 -1 -1 -1 -1 -1 -1 -1 -1 -1 -1 27 -1 -1 -1 -1 -1 -1 1 -1 -1 -1 2 -1 -1 -1 8 17 -1 -1 -1 -1 -1 -1 11 -1 -1 -1 -1 -1 31 -1 -1 -1 -1 -1 -1 -1 21 -1 -1 18 -1 -1 -1 -1 -1 -1 -1 -1 -1 -1 -1 -1 -1 20 19 -1 -1 -1 
-1 -1 -1 4 -1 5 6 -1 -1 -1 -1 28 -1 0 -1 -1 -1 -1 -1 -1 -1 -1 -1 -1 -1 -1 -1 1 -1 -1 -1 27 -1 -1 -1 -1 -1 -1 -1 -1 -1 -1 2 -1 -1 -1 8 17 -1 -1 -1 -1 -1 -1 11 -1 -1 -1 -1 -1 31 -1 -1 -1 -1 -1 -1 -1 21 -1 -1 18 -1 -1 -1 -1 -1 -1 -1 -1 -1 -1 -1 -1 -1 20 19 -1 -1 -1 
-1 -1 -1 4 -1 5 6 -1 -1 -1 28 -1 -1 0 -1 -1 -1 -1 -1 -1 -1 -1 -1 -1 -1 -1 -1 1 -1 -1 -1 27 -1 -1 -1 -1 -1 -1 -1 -1 -1 -1 2 -1 -1 -1 8 17 -1 -1 -1 -1 -1 -1 11 -1 -1 -1 -1 -1 31 -1 -1 -1 -1 -1 -1 -1 21 -1 -1 18 -1 -1 -1 -1 -1 -1 -1 -1 -1 -1 -1 -1 -1 20 19 -1 -1 -1 
-1 -1 -1 4 -1 5 6 -1 -1 -1 28 -1 -1 0 -1 -1 -1 -1 -1 -1 -1 -1 -1 -1 -1 -1 -1 1 -1 -1 -1 27 -1 -1 -1 -1 -1 -1 -1 -1 -1 -1 2 -1 -1 -1 8 17 -1 -1 -1 -1 -1 -1 -1 -1 -1 -1 -1 -1 31 -1 -1 11 -1 -1 -1 -1 21 -1 -1 18 -1 -1 -1 -1 -1 -1 -1 -1 -1 -1 -1 -1 -1 20 19 -1 -1 -1 
-1 -1 -1 4 -1 5 6 -1 -1 -1 28 -1 -1 0 -1 -1 -1 -1 -1 -1 -1 -1 -1 -1 -1 -1 -1 1 -1 -1 -1 27 -1 -1 -1 -1 -1 -1 -1 -1 17 -1 2 -1 -1 -1 8 -1 -1 -1 -1 -1 -1 -1 -1 -1 -1 -1 -1 -1 31 -1 -1 11 -1 -1 -1 -1 21 -1 -1 18 -1 -1 -1 -1 -1 -1 -1 -1 -1 -1 -1 -1 -1 20 19 -1 -1 -1 
-1 -1 -1 4 -1 5 6 -1 -1 -1 28 -1 -1 0 -1 -1 -1 -1 -1 -1 -1 -1 -1 -1 -1 -1 -1 -1 -1 -1 -1 27 -1 -1 -1 -1 -1 -1 -1 -1 17 -1 2 -1 -1 -1 1 -1 -1 -1 -1 -1 -1 -1 -1 -1 -1 -1 -1 -1 31 -1 -1 11 -1 -1 -1 -1 21 -1 -1 18 -1 -1 -1 -1 -1 -1 -1 -1 -1 -1 -1 -1 -1 20 19 -1 -1 -1 
-1 -1 -1 4 -1 5 6 -1 -1 -1 28 -1 -1 0 -1 -1 -1 -1 -1 -1 -1 -1 -1 -1 -1 -1 -1 -1 -1 17 -1 27 -1 -1 -1 -1 -1 -1 -1 -1 -1 -1 2 -1 -1 -1 1 -1 -1 -1 -1 -1 -1 -1 -1 -1 -1 -1 -1 -1 31 -1 -1 11 -1 -1 -1 -1 21 -1 -1 18 -1 -1 -1 -1 -1 -1 -1 -1 -1 -1 -1 -1 -1 20 19 -1 -1 -1 
-1 -1 -1 4 -1 5 6 -1 -1 -1 28 -1 -1 -1 -1 -1 -1 -1 -1 -1 -1 3 -1 -1 -1 -1 -1 -1 -1 17 -1 27 -1 -1 -1 -1 -1 -1 -1 -1 -1 -1 2 -1 -1 -1 1 -1 -1 -1 -1 -1 -1 -1 -1 -1 -1 -1 -1 -1 31 -1 -1 11 -1 -1 -1 -1 21 -1 -1 18 -1 -1 -1 -1 -1 -1 -1 -1 -1 -1 -1 -1 -1 20 19 -1 -1 -1 
-1 -1 -1 4 -1 5 6 -1 -1 -1 28 -1 -1 -1 -1 -1 -1 -1 -1 -1 -1 3 -1 -1 -1 -1 -1 -1 -1 17 -1 -1 27 -1 -1 -1 -1 -1 -1 -1 -1 -1 2 -1 -1 -1 1 -1 -1 -1 -1 -1 -1 -1 -1 -1 -1 -1 -1 -1 31 -1 -1 11 -1 -1 -1 -1 21 -1 -1 18 -1 -1 -1 -1 -1 -1 -1 -1 -1 -1 -1 -1 -1 20 19 -1 -1 -1 
-1 -1 -1 4 -1 -1 6 -1 -1 -1 28 -1 -1 5 -1 -1 -1 -1 -1 -1 -1 3 -1 -1 -1 -1 -1 -1 -1 17 -1 -1 27 -1 -1 -1 -1 -1 -1 -1 -1 -1 2 -1 -1 -1 1 -1 -1 -1 -1 -1 -1 -1 -1 -1 -1 -1 -1 -1 31 -1 -1 11 -1 -1 -1 -1 21 -1 -1 18 -1 -1 -1 -1 -1 -1 -1 -1 -1 -1 -1 -1 -1 20 19 -1 -1 -1 
-1 -1 -1 4 -1 -1 6 -1 -1 -1 -1 28 -1 5 -1 -1 -1 -1 -1 -1 -1 3 -1 -1 -1 -1 -1 -1 -1 17 -1 -1 27 -1 -1 -1 -1 -1 -1 -1 -1 -1 2 -1 -1 -1 1 -1 -1 -1 -1 -1 -1 -1 -1 -1 -1 -1 -1 -1 31 -1 -1 11 -1 -1 -1 -1 21 -1 -1 18 -1 -1 -1 -1 -1 -1 -1 -1 -1 -1 -1 -1 -1 20 19 -1 -1 -1 
-1 -1 -1 4 -1 -1 6 -1 -1 -1 -1 28 -1 5 -1 -1 -1 -1 -1 -1 -1 3 -1 -1 -1 -1 -1 -1 -1 17 -1 -1 27 -1 -1 -1 -1 -1 -1 1 -1 -1 2 -1 -1 -1 -1 -1 -1 -1 -1 -1 -1 -1 -1 -1 -1 -1 -1 -1 31 -1 -1 11 -1 -1 -1 -1 21 -1 -1 18 -1 -1 -1 -1 -1 -1 -1 -1 -1 -1 -1 -1 -1 20 19 -1 -1 -1 
