0 1 2 3 4 5 6 7 8 -1 -1 -1 -1 -1 -1 -1 -1 -1 -1 9 -1 -1 -1 -1 -1 10 -1 11 -1 12 -1 28 -1 14 -1 15 -1 -1 -1 -1 -1 -1 -1 -1 -1 -1 -1 30 -1 -1 -1 -1 -1 -1 -1 -1 -1 -1 29 -1 -1 -1 27 -1 26 -1 -1 -1 -1 -1 25 -1 -1 -1 -1 -1 -1 -1 -1 -1 -1 24 23 22 21 20 19 18 17 16 
0 1 2 3 4 5 6 7 8 -1 -1 -1 -1 -1 -1 -1 -1 -1 -1 -1 9 -1 -1 -1 -1 10 -1 11 -1 12 -1 28 -1 14 -1 15 -1 -1 -1 -1 -1 -1 -1 -1 -1 -1 -1 30 -1 -1 -1 -1 -1 -1 -1 -1 -1 -1 29 -1 -1 -1 27 -1 26 -1 -1 -1 -1 -1 25 -1 -1 -1 -1 -1 -1 -1 -1 -1 -1 24 23 22 21 20 19 18 17 16 
0 1 2 3 4 5 6 7 8 -1 -1 -1 -1 -1 -1 -1 -1 -1 -1 -1 9 -1 -1 -1 -1 10 -1 11 -1 12 -1 28 -1 14 -1 15 -1 -1 -1 -1 -1 -1 -1 -1 -1 -1 -1 30 -1 -1 -1 -1 -1 -1 -1 -1 -1 -1 29 -1 -1 -1 27 -1 26 -1 -1 25 -1 -1 -1 -1 -1 -1 -1 -1 -1 -1 -1 -1 -1 24 23 22 21 20 19 18 17 16 
0 1 -1 3 4 5 6 7 8 -1 -1 -1 -1 -1 -1 -1 -1 -1 -1 -1 9 -1 2 -1 -1 10 -1 11 -1 12 -1 28 -1 14 -1 15 -1 -1 -1 -1 -1 -1 -1 -1 -1 -1 -1 30 -1 -1 -1 -1 -1 -1 -1 -1 -1 -1 29 -1 -1 -1 27 -1 26 -1 -1 25 -1 -1 -1 -1 -1 -1 -1 -1 -1 -1 -1 -1 -1 24 23 22 21 20 19 18 17 16 
0 1 -1 3 4 5 6 7 8 -1 -1 -1 -1 -1 -1 -1 -1 -1 -1 -1 9 -1 2 -1 -1 10 -1 11 -1 12 -1 28 -1 14 -1 15 -1 -1 -1 -1 -1 -1 -1 -1 -1 -1 -1 30 -1 -1 -1 -1 -1 -1 -1 -1 -1 -1 29 -1 -1 -1 27 -1 26 -1 -1 25 -1 17 -1 -1 -1 -1 -1 -1 -1 -1 -1 -1 -1 24 23 22 21 20 19 18 -1 16 
0 1 -1 3 4 5 6 7 8 -1 -1 -1 -1 -1 -1 -1 -1 -1 -1 -1 9 -1 2 -1 -1 10 -1 11 -1 -1 -1 28 -1 14 -1 15 -1 -1 12 -1 -1 -1 -1 -1 -1 -1 -1 30 -1 -1 -1 -1 -1 -1 -1 -1 -1 -1 29 -1 -1 -1 27 -1 26 -1 -1 25 -1 17 -1 -1 -1 -1 -1 -1 -1 -1 -1 -1 -1 24 23 22 21 20 19 18 -1 16 
0 1 -1 3 4 5 6 7 8 -1 -1 -1 -1 -1 -1 -1 -1 -1 -1 -1 9 -1 2 -1 -1 10 -1 11 -1 -1 -1 28 -1 14 -1 15 -1 -1 12 -1 -1 -1 -1 -1 -1 -1 -1 30 -1 -1 -1 -1 -1 -1 -1 -1 -1 -1 29 -1 -1 -1 27 -1 26 -1 -1 25 -1 17 -1 -1 -1 -1 -1 -1 -1 -1 -1 -1 -1 24 23 22 21 20 19 18 16 -1 
0 1 -1 3 4 5 6 7 8 -1 -1 -1 -1 -1 -1 -1 -1 -1 -1 -1 9 -1 2 -1 -1 10 -1 11 -1 -1 -1 28 -1 14 -1 15 -1 -1 -1 -1 -1 -1 -1 -1 -1 -1 -1 12 -1 -1 -1 -1 -1 -1 -1 -1 -1 -1 29 -1 -1 -1 27 -1 26 -1 -1 25 -1 17 -1 -1 -1 -1 -1 -1 -1 -1 -1 -1 -1 24 23 22 21 20 19 18 16 -1 
0 1 -1 3 4 5 6 7 8 -1 -1 -1 -1 -1 -1 -1 -1 -1 -1 -1 9 -1 2 -1 -1 10 -1 11 -1 -1 -1 28 -1 14 -1 15 -1 -1 -1 -1 -1 -1 -1 -1 -1 -1 -1 12 -1 -1 -1 -1 -1 -1 -1 -1 -1 -1 29 -1 -1 -1 27 23 26 -1 -1 25 -1 17 -1 -1 -1 -1 -1 -1 -1 -1 -1 -1 -1 24 -1 22 21 20 19 18 16 -1 
0 1 -1 3 4 5 6 7 -1 -1 -1 -1 -1 -1 -1 -1 -1 8 -1 -1 9 -1 2 -1 -1 10 -1 11 -1 -1 -1 28 -1 14 -1 15 -1 -1 -1 -1 -1 -1 -1 -1 -1 -1 -1 12 -1 -1 -1 -1 -1 -1 -1 -1 -1 -1 29 -1 -1 -1 27 23 26 -1 -1 25 -1 17 -1 -1 -1 -1 -1 -1 -1 -1 -1 -1 -1 24 -1 22 21 20 19 18 16 -1 
0 1 -1 3 4 5 6 7 -1 -1 -1 -1 -1 -1 -1 -1 -1 8 -1 -1 9 -1 2 -1 -1 10 -1 11 -1 -1 -1 28 -1 14 -1 15 -1 -1 -1 -1 -1 -1 -1 -1 -1 -1 -1 12 -1 -1 -1 -1 16 -1 -1 -1 -1 -1 29 -1 -1 -1 27 23 26 -1 -1 25 -1 17 -1 -1 -1 -1 -1 -1 -1 -1 -1 -1 -1 24 -1 22 21 20 19 18 -1 -1 
0 1 -1 3 4 5 6 7 -1 -1 -1 -1 8 -1 -1 -1 -1 -1 -1 -1 9 -1 2 -1 -1 10 -1 11 -1 -1 -1 28 -1 14 -1 15 -1 -1 -1 -1 -1 -1 -1 -1 -1 -1 -1 12 -1 -1 -1 -1 16 -1 -1 -1 -1 -1 29 -1 -1 -1 27 23 26 -1 -1 25 -1 17 -1 -1 -1 -1 -1 -1 -1 -1 -1 -1 -1 24 -1 22 21 20 19 18 -1 -1 
0 1 -1 3 4 5 6 7 -1 -1 -1 -1 8 -1 -1 -1 -1 -1 -1 -1 9 -1 2 -1 -1 10 -1 11 -1 -1 -1 28 -1 14 -1 15 -1 -1 -1 -1 -1 -1 -1 -1 -1 -1 -1 16 -1 -1 -1 -1 -1 -1 -1 -1 -1 -1 29 -1 -1 -1 27 23 26 -1 -1 25 -1 17 -1 -1 -1 -1 -1 -1 -1 -1 -1 -1 -1 24 -1 22 21 20 19 18 -1 -1 
0 1 -1 3 4 5 6 7 -1 -1 -1 -1 -1 -1 -1 -1 -1 -1 -1 -1 9 -1 2 -1 -1 10 -1 11 -1 -1 8 28 -1 14 -1 15 -1 -1 -1 -1 -1 -1 -1 -1 -1 -1 -1 16 -1 -1 -1 -1 -1 -1 -1 -1 -1 -1 29 -1 -1 -1 27 23 26 -1 -1 25 -1 17 -1 -1 -1 -1 -1 -1 -1 -1 -1 -1 -1 24 -1 22 21 20 19 18 -1 -1 
0 1 -1 3 4 5 6 7 -1 -1 -1 -1 -1 -1 -1 -1 -1 -1 -1 -1 9 -1 2 -1 -1 10 -1 11 -1 -1 8 28 -1 14 -1 15 -1 -1 -1 -1 -1 -1 -1 -1 -1 -1 -1 16 -1 -1 -1 -1 -1 -1 -1 -1 -1 -1 29 -1 -1 -1 27 23 26 -1 -1 25 -1 17 -1 -1 -1 -1 -1 -1 -1 -1 -1 -1 -1 -1 24 22 21 20 19 18 -1 -1 
0 -1 -1 3 4 5 6 7 -1 -1 -1 -1 1 -1 -1 -1 -1 -1 -1 -1 9 -1 2 -1 -1 10 -1 11 -1 -1 8 28 -1 14 -1 15 -1 -1 -1 -1 -1 -1 -1 -1 -1 -1 -1 16 -1 -1 -1 -1 -1 -1 -1 -1 -1 -1 29 -1 -1 -1 27 23 26 -1 -1 25 -1 17 -1 -1 -1 -1 -1 -1 -1 -1 -1 -1 -1 -1 24 22 21 20 19 18 -1 -1 
0 -1 -1 3 4 5 6 7 -1 -1 -1 -1 1 -1 -1 -1 -1 -1 -1 -1 9 -1 2 -1 -1 10 -1 11 -1 -1 8 28 -1 14 -1 15 -1 -1 -1 -1 -1 -1 -1 -1 -1 -1 -1 16 -1 -1 -1 -1 -1 -1 -1 -1 -1 -1 29 -1 -1 -1 27 23 26 -1 -1 25 -1 17 -1 -1 -1 -1 -1 -1 21 -1 -1 -1 -1 -1 24 22 -1 20 19 18 -1 -1 
-1 0 -1 3 4 5 6 7 -1 -1 -1 -1 1 -1 -1 -1 -1 -1 -1 -1 9 -1 2 -1 -1 10 -1 11 -1 -1 8 28 -1 14 -1 15 -1 -1 -1 -1 -1 -1 -1 -1 -1 -1 -1 16 -1 -1 -1 -1 -1 -1 -1 -1 -1 -1 29 -1 -1 -1 27 23 26 -1 -1 25 -1 17 -1 -1 -1 -1 -1 -1 21 -1 -1 -1 -1 -1 24 22 -1 20 19 18 -1 -1 
-1 0 -1 3 4 5 6 7 -1 -1 -1 -1 1 -1 -1 -1 -1 -1 -1 -1 9 -1 2 -1 -1 10 -1 11 -1 -1 8 28 -1 14 -1 15 -1 -1 -1 -1 -1 -1 -1 -1 -1 31 -1 16 -1 -1 -1 -1 -1 -1 -1 -1 -1 -1 29 -1 -1 -1 27 23 26 -1 -1 25 -1 17 -1 -1 -1 -1 -1 -1 21 -1 -1 -1 -1 -1 24 22 -1 20 19 18 -1 -1 
-1 -1 -1 3 4 5 6 7 -1 -1 -1 -1 1 -1 -1 -1 -1 -1 -1 -1 9 -1 2 -1 -1 10 -1 11 -1 -1 8 28 -1 14 -1 15 -1 -1 -1 -1 -1 -1 -1 -1 -1 31 -1 16 -1 -1 -1 -1 -1 -1 -1 0 -1 -1 29 -1 -1 -1 27 23 26 -1 -1 25 -1 17 -1 -1 -1 -1 -1 -1 21 -1 -1 -1 -1 -1 24 22 -1 20 19 18 -1 -1 
-1 -1 -1 3 4 5 6 7 -1 -1 -1 -1 1 -1 -1 -1 -1 -1 -1 -1 9 -1 2 -1 -1 10 -1 11 -1 -1 8 28 -1 14 -1 15 -1 -1 -1 -1 -1 -1 -1 -1 -1 31 -1 16 -1 -1 -1 -1 -1 -1 -1 0 -1 -1 29 -1 -1 -1 27 23 -1 -1 26 25 -1 17 -1 -1 -1 -1 -1 -1 21 -1 -1 -1 -1 -1 24 22 -1 20 19 18 -1 -1 
-1 -1 -1 3 4 5 6 7 -1 -1 -1 -1 1 -1 -1 -1 -1 -1 -1 -1 9 -1 2 -1 -1 10 -1 11 -1 -1 8 28 -1 14 -1 15 -1 -1 -1 -1 -1 -1 -1 -1 -1 31 -1 16 -1 -1 -1 -1 -1 -1 -1 -1 -1 -1 29 -1 -1 -1 27 23 -1 -1 26 25 -1 17 -1 -1 -1 -1 -1 -1 21 -1 -1 -1 -1 -1 0 22 -1 20 19 18 -1 -1 
-1 -1 -1 3 4 5 6 7 -1 -1 -1 -1 1 -1 -1 -1 -1 -1 -1 -1 9 -1 2 -1 -1 10 -1 11 -1 -1 8 28 -1 14 -1 15 -1 -1 -1 -1 -1 -1 -1 -1 -1 31 -1 16 -1 -1 -1 -1 -1 -1 -1 -1 -1 -1 29 -1 -1 -1 27 -1 -1 -1 26 25 -1 17 -1 -1 -1 -1 -1 -1 21 -1 -1 -1 -1 -1 23 22 -1 20 19 18 -1 -1 
-1 -1 -1 3 4 5 6 7 -1 -1 -1 -1 -1 -1 -1 -1 -1 -1 -1 -1 9 -1 2 -1 -1 10 -1 11 -1 1 8 28 -1 14 -1 15 -1 -1 -1 -1 -1 -1 -1 -1 -1 31 -1 16 -1 -1 -1 -1 -1 -1 -1 -1 -1 -1 29 -1 -1 -1 27 -1 -1 -1 26 25 -1 17 -1 -1 -1 -1 -1 -1 21 -1 -1 -1 -1 -1 23 22 -1 20 19 18 -1 -1 
-1 -1 -1 3 4 5 6 7 -1 -1 -1 -1 -1 -1 -1 -1 -1 -1 -1 -1 9 -1 2 -1 -1 10 -1 11 -1 1 8 28 -1 14 -1 15 -1 -1 -1 -1 -1 -1 -1 -1 -1 31 -1 -1 -1 -1 -1 -1 16 -1 -1 -1 -1 -1 29 -1 -1 -1 27 -1 -1 -1 26 25 -1 17 -1 -1 -1 -1 -1 -1 21 -1 -1 -1 -1 -1 23 22 -1 20 19 18 -1 -1 
-1 -1 -1 3 4 5 6 -1 -1 -1 -1 -1 -1 -1 -1 -1 -1 -1 -1 -1 9 -1 2 -1 -1 10 7 11 -1 1 8 28 -1 14 -1 15 -1 -1 -1 -1 -1 -1 -1 -1 -1 31 -1 -1 -1 -1 -1 -1 16 -1 -1 -1 -1 -1 29 -1 -1 -1 27 -1 -1 -1 26 25 -1 17 -1 -1 -1 -1 -1 -1 21 -1 -1 -1 -1 -1 23 22 -1 20 19 18 -1 -1 
-1 -1 -1 3 4 5 6 -1 -1 -1 -1 -1 -1 -1 -1 -1 -1 -1 -1 -1 9 -1 2 -1 -1 10 7 11 -1 1 8 28 -1 14 -1 15 -1 -1 -1 -1 -1 -1 -1 -1 -1 31 -1 -1 -1 -1 -1 -1 16 -1 -1 -1 -1 -1 29 -1 -1 -1 27 -1 -1 -1 26 -1 25 17 -1 -1 -1 -1 -1 -1 21 -1 -1 -1 -1 -1 23 22 -1 20 19 18 -1 -1 
-1 -1 -1 3 4 5 6 -1 -1 -1 -1 -1 -1 -1 -1 -1 -1 -1 -1 -1 9 -1 2 -1 -1 10 7 11 -1 1 8 28 -1 14 -1 -1 -1 -1 -1 -1 -1 -1 -1 -1 15 31 -1 -1 -1 -1 -1 -1 16 -1 -1 -1 -1 -1 29 -1 -1 -1 27 -1 -1 -1 26 -1 25 17 -1 -1 -1 -1 -1 -1 21 -1 -1 -1 -1 -1 23 22 -1 20 19 18 -1 -1 
-1 -1 -1 3 4 5 6 -1 -1 -1 -1 -1 -1 -1 -1 -1 -1 -1 -1 -1 9 -1 2 -1 -1 10 7 11 -1 1 8 28 25 14 -1 -1 -1 -1 -1 -1 -1 -1 -1 -1 15 31 -1 -1 -1 -1 -1 -1 16 -1 -1 -1 -1 -1 29 -1 -1 -1 27 -1 -1 -1 26 -1 -1 17 -1 -1 -1 -1 -1 -1 21 -1 -1 -1 -1 -1 23 22 -1 20 19 18 -1 -1 
-1 -1 -1 3 4 5 6 -1 -1 -1 -1 -1 -1 -1 -1 -1 -1 -1 -1 -1 9 -1 2 -1 -1 10 7 11 -1 1 -1 28 25 14 -1 -1 -1 -1 -1 -1 -1 -1 -1 -1 15 31 -1 -1 8 -1 -1 -1 16 -1 -1 -1 -1 -1 29 -1 -1 -1 27 -1 -1 -1 26 -1 -1 17 -1 -1 -1 -1 -1 -1 21 -1 -1 -1 -1 -1 23 22 -1 20 19 18 -1 -1 
-1 -1 -1 3 4 5 6 -1 -1 -1 -1 -1 -1 -1 -1 -1 -1 -1 -1 -1 9 -1 2 -1 -1 10 7 11 -1 1 -1 28 25 14 -1 -1 -1 -1 -1 -1 -1 -1 -1 -1 15 31 -1 -1 16 -1 -1 -1 -1 -1 -1 -1 -1 -1 29 -1 -1 -1 27 -1 -1 -1 26 -1 -1 17 -1 -1 -1 -1 -1 -1 21 -1 -1 -1 -1 -1 23 22 -1 20 19 18 -1 -1 
-1 -1 -1 3 4 5 6 -1 -1 -1 -1 -1 -1 -1 -1 -1 -1 -1 -1 -1 9 -1 2 -1 -1 10 7 11 -1 -1 -1 28 25 14 -1 -1 -1 -1 -1 -1 -1 -1 -1 -1 15 31 -1 -1 1 -1 -1 -1 -1 -1 -1 -1 -1 -1 29 -1 -1 -1 27 -1 -1 -1 26 -1 -1 17 -1 -1 -1 -1 -1 -1 21 -1 -1 -1 -1 -1 23 22 -1 20 19 18 -1 -1 
-1 -1 -1 3 4 5 6 -1 -1 -1 -1 -1 -1 -1 -1 -1 -1 -1 -1 -1 9 -1 2 -1 -1 10 7 11 -1 -1 -1 28 25 14 -1 -1 -1 -1 -1 -1 -1 -1 -1 -1 15 31 -1 -1 1 -1 -1 28 -1 -1 -1 -1 -1 -1 29 -1 -1 -1 27 -1 -1 -1 26 -1 -1 17 -1 -1 -1 -1 -1 -1 21 -1 -1 -1 -1 -1 23 22 -1 20 19 18 -1 -1 
-1 -1 -1 3 4 5 6 -1 -1 -1 -1 -1 -1 -1 -1 -1 -1 -1 9 -1 -1 -1 2 -1 -1 10 7 11 -1 -1 -1 28 25 14 -1 -1 -1 -1 -1 -1 -1 -1 -1 -1 15 31 -1 -1 1 -1 -1 28 -1 -1 -1 -1 -1 -1 29 -1 -1 -1 27 -1 -1 -1 26 -1 -1 17 -1 -1 -1 -1 -1 -1 21 -1 -1 -1 -1 -1 23 22 -1 20 19 18 -1 -1 
-1 -1 -1 3 4 5 6 -1 -1 -1 -1 -1 -1 -1 -1 -1 -1 -1 9 -1 -1 -1 2 -1 -1 10 7 25 -1 -1 -1 28 -1 14 -1 -1 -1 -1 -1 -1 -1 -1 -1 -1 15 31 -1 -1 1 -1 -1 28 -1 -1 -1 -1 -1 -1 29 -1 -1 -1 27 -1 -1 -1 26 -1 -1 17 -1 -1 -1 -1 -1 -1 21 -1 -1 -1 -1 -1 23 22 -1 20 19 18 -1 -1 
-1 -1 -1 3 4 5 6 -1 -1 -1 -1 -1 -1 -1 -1 -1 -1 -1 -1 -1 -1 -1 2 -1 -1 10 7 25 -1 -1 -1 28 -1 14 -1 -1 -1 -1 -1 -1 -1 -1 -1 -1 15 9 -1 -1 1 -1 -1 28 -1 -1 -1 -1 -1 -1 29 -1 -1 -1 27 -1 -1 -1 26 -1 -1 17 -1 -1 -1 -1 -1 -1 21 -1 -1 -1 -1 -1 23 22 -1 20 19 18 -1 -1 
-1 -1 -1 3 4 5 6 -1 -1 -1 -1 -1 -1 -1 -1 -1 -1 -1 -1 -1 -1 -1 2 -1 -1 10 7 25 -1 -1 -1 28 -1 14 -1 -1 -1 -1 -1 -1 -1 -1 -1 -1 15 9 -1 -1 1 -1 -1 28 -1 -1 -1 -1 -1 -1 29 -1 -1 -1 27 -1 -1 -1 26 22 -1 17 -1 -1 -1 -1 -1 -1 21 -1 -1 -1 -1 -1 23 -1 -1 20 19 18 -1 -1 
-1 -1 -1 3 4 5 6 -1 -1 -1 -1 -1 -1 -1 -1 -1 -1 -1 -1 -1 -1 -1 2 -1 -1 -1 7 25 -1 -1 -1 28 -1 14 -1 -1 -1 -1 -1 -1 -1 -1 -1 10 15 9 -1 -1 1 -1 -1 28 -1 -1 -1 -1 -1 -1 29 -1 -1 -1 27 -1 -1 -1 26 22 -1 17 -1 -1 -1 -1 -1 -1 21 -1 -1 -1 -1 -1 23 -1 -1 20 19 18 -1 -1 
-1 -1 -1 3 4 5 6 -1 -1 -1 -1 -1 -1 -1 -1 -1 -1 -1 -1 -1 -1 -1 2 -1 -1 -1 7 25 -1 -1 -1 28 -1 14 -1 -1 -1 -1 -1 -1 -1 -1 -1 10 15 9 -1 -1 1 -1 -1 28 -1 -1 -1 -1 -1 -1 29 -1 -1 -1 27 23 -1 -1 26 22 -1 17 -1 -1 -1 -1 -1 -1 21 -1 -1 -1 -1 -1 -1 -1 -1 20 19 18 -1 -1 
-1 -1 -1 3 4 5 6 -1 -1 -1 -1 -1 -1 -1 -1 -1 -1 -1 -1 -1 -1 -1 2 -1 -1 -1 7 25 -1 -1 -1 28 -1 14 -1 -1 -1 -1 10 -1 -1 -1 -1 -1 15 9 -1 -1 1 -1 -1 28 -1 -1 -1 -1 -1 -1 29 -1 -1 -1 27 23 -1 -1 26 22 -1 17 -1 -1 -1 -1 -1 -1 21 -1 -1 -1 -1 -1 -1 -1 -1 20 19 18 -1 -1 
-1 -1 -1 3 4 5 6 -1 -1 -1 -1 -1 -1 -1 -1 -1 -1 -1 -1 -1 -1 -1 2 -1 -1 -1 7 25 -1 -1 -1 28 -1 14 -1 -1 -1 -1 10 -1 -1 -1 -1 -1 15 9 -1 -1 1 -1 -1 28 -1 -1 -1 -1 23 -1 29 -1 -1 -1 27 -1 -1 -1 26 22 -1 17 -1 -1 -1 -1 -1 -1 21 -1 -1 -1 -1 -1 -1 -1 -1 20 19 18 -1 -1 
-1 -1 -1 3 4 5 6 -1 -1 -1 -1 -1 -1 -1 -1 -1 -1 -1 -1 -1 -1 -1 2 -1 -1 -1 7 25 -1 -1 -1 28 -1 14 -1 -1 -1 -1 10 -1 -1 -1 -1 -1 15 -1 9 -1 1 -1 -1 28 -1 -1 -1 -1 23 -1 29 -1 -1 -1 27 -1 -1 -1 26 22 -1 17 -1 -1 -1 -1 -1 -1 21 -1 -1 -1 -1 -1 -1 -1 -1 20 19 18 -1 -1 
-1 -1 -1 3 4 5 6 -1 -1 -1 -1 -1 -1 -1 -1 -1 -1 -1 -1 -1 -1 -1 2 -1 -1 -1 7 -1 -1 -1 -1 28 -1 14 -1 -1 25 -1 10 -1 -1 -1 -1 -1 15 -1 9 -1 1 -1 -1 28 -1 -1 -1 -1 23 -1 29 -1 -1 -1 27 -1 -1 -1 26 22 -1 17 -1 -1 -1 -1 -1 -1 21 -1 -1 -1 -1 -1 -1 -1 -1 20 19 18 -1 -1 
-1 -1 -1 3 4 5 6 -1 -1 -1 -1 10 -1 -1 -1 -1 -1 -1 -1 -1 -1 -1 2 -1 -1 -1 7 -1 -1 -1 -1 28 -1 14 -1 -1 25 -1 -1 -1 -1 -1 -1 -1 15 -1 9 -1 1 -1 -1 28 -1 -1 -1 -1 23 -1 29 -1 -1 -1 27 -1 -1 -1 26 22 -1 17 -1 -1 -1 -1 -1 -1 21 -1 -1 -1 -1 -1 -1 -1 -1 20 19 18 -1 -1 
-1 -1 -1 3 4 5 6 -1 -1 -1 -1 10 -1 -1 -1 -1 -1 -1 -1 -1 -1 -1 2 -1 -1 -1 7 -1 -1 -1 -1 28 -1 14 -1 -1 25 -1 -1 -1 -1 -1 -1 -1 15 -1 9 -1 1 -1 -1 28 -1 -1 -1 -1 23 -1 29 -1 -1 -1 27 -1 26 -1 -1 22 -1 17 -1 -1 -1 -1 -1 -1 21 -1 -1 -1 -1 -1 -1 -1 -1 20 19 18 -1 -1 
-1 -1 -1 -1 4 5 6 -1 -1 -1 -1 10 -1 3 -1 -1 -1 -1 -1 -1 -1 -1 2 -1 -1 -1 7 -1 -1 -1 -1 28 -1 14 -1 -1 25 -1 -1 -1 -1 -1 -1 -1 15 -1 9 -1 1 -1 -1 28 -1 -1 -1 -1 23 -1 29 -1 -1 -1 27 -1 26 -1 -1 22 -1 17 -1 -1 -1 -1 -1 -1 21 -1 -1 -1 -1 -1 -1 -1 -1 20 19 18 -1 -1 
-1 -1 -1 -1 4 5 6 -1 -1 -1 -1 10 -1 3 -1 -1 -1 -1 -1 -1 -1 -1 2 -1 -1 -1 7 -1 -1 -1 -1 28 -1 14 -1 -1 25 -1 -1 23 -1 -1 -1 -1 15 -1 9 -1 1 -1 -1 28 -1 -1 -1 -1 -1 -1 29 -1 -1 -1 27 -1 26 -1 -1 22 -1 17 -1 -1 -1 -1 -1 -1 21 -1 -1 -1 -1 -1 -1 -1 -1 20 19 18 -1 -1 
-1 -1 -1 -1 4 5 6 -1 -1 -1 -1 10 -1 3 -1 -1 -1 -1 -1 -1 -1 -1 -1 -1 -1 -1 7 -1 -1 -1 -1 28 -1 14 -1 -1 25 -1 2 23 -1 -1 -1 -1 15 -1 9 -1 1 -1 -1 28 -1 -1 -1 -1 -1 -1 29 -1 -1 -1 27 -1 26 -1 -1 22 -1 17 -1 -1 -1 -1 -1 -1 21 -1 -1 -1 -1 -1 -1 -1 -1 20 19 18 -1 -1 
-1 -1 -1 -1 4 5 6 -1 -1 -1 -1 10 -1 3 -1 -1 -1 -1 -1 -1 -1 -1 -1 -1 -1 -1 7 -1 -1 -1 -1 28 -1 14 -1 -1 -1 -1 2 23 -1 -1 -1 -1 15 25 9 -1 1 -1 -1 28 -1 -1 -1 -1 -1 -1 29 -1 -1 -1 27 -1 26 -1 -1 22 -1 17 -1 -1 -1 -1 -1 -1 21 -1 -1 -1 -1 -1 -1 -1 -1 20 19 18 -1 -1 
-1 -1 -1 -1 4 5 6 -1 -1 -1 -1 -1 10 3 -1 -1 -1 -1 -1 -1 -1 -1 -1 -1 -1 -1 7 -1 -1 -1 -1 28 -1 14 -1 -1 -1 -1 2 23 -1 -1 -1 -1 15 25 9 -1 1 -1 -1 28 -1 -1 -1 -1 -1 -1 29 -1 -1 -1 27 -1 26 -1 -1 22 -1 17 -1 -1 -1 -1 -1 -1 21 -1 -1 -1 -1 -1 -1 -1 -1 20 19 18 -1 -1 
-1 -1 -1 -1 4 5 6 -1 -1 -1 -1 -1 10 3 -1 -1 -1 -1 -1 -1 23 -1 -1 -1 -1 -1 7 -1 -1 -1 -1 28 -1 14 -1 -1 -1 -1 2 -1 -1 -1 -1 -1 15 25 9 -1 1 -1 -1 28 -1 -1 -1 -1 -1 -1 29 -1 -1 -1 27 -1 26 -1 -1 22 -1 17 -1 -1 -1 -1 -1 -1 21 -1 -1 -1 -1 -1 -1 -1 -1 20 19 18 -1 -1 
-1 -1 -1 -1 4 5 6 -1 -1 -1 -1 -1 10 3 -1 -1 -1 -1 -1 9 23 -1 -1 -1 -1 -1 7 -1 -1 -1 -1 28 -1 14 -1 -1 -1 -1 2 -1 -1 -1 -1 -1 15 25 -1 -1 1 -1 -1 28 -1 -1 -1 -1 -1 -1 29 -1 -1 -1 27 -1 26 -1 -1 22 -1 17 -1 -1 -1 -1 -1 -1 21 -1 -1 -1 -1 -1 -1 -1 -1 20 19 18 -1 -1 
-1 -1 -1 -1 4 5 6 -1 -1 -1 -1 -1 10 3 -1 -1 -1 -1 -1 9 23 -1 -1 -1 -1 -1 7 -1 -1 -1 -1 28 -1 14 -1 -1 -1 -1 2 -1 -1 -1 -1 -1 15 25 -1 -1 1 -1 17 28 -1 -1 -1 -1 -1 -1 29 -1 -1 -1 27 -1 26 -1 -1 22 -1 -1 -1 -1 -1 -1 -1 -1 21 -1 -1 -1 -1 -1 -1 -1 -1 20 19 18 -1 -1 
-1 -1 -1 -1 4 5 6 -1 -1 -1 -1 -1 10 -1 -1 -1 -1 -1 -1 9 23 3 -1 -1 -1 -1 7 -1 -1 -1 -1 28 -1 14 -1 -1 -1 -1 2 -1 -1 -1 -1 -1 15 25 -1 -1 1 -1 17 28 -1 -1 -1 -1 -1 -1 29 -1 -1 -1 27 -1 26 -1 -1 22 -1 -1 -1 -1 -1 -1 -1 -1 21 -1 -1 -1 -1 -1 -1 -1 -1 20 19 18 -1 -1 
-1 -1 -1 -1 4 5 6 -1 -1 -1 -1 -1 10 -1 -1 -1 -1 -1 -1 9 23 3 -1 -1 -1 -1 7 -1 -1 -1 -1 28 -1 14 -1 -1 -1 -1 2 -1 -1 -1 -1 -1 15 25 -1 22 1 -1 17 28 -1 -1 -1 -1 -1 -1 29 -1 -1 -1 27 -1 26 -1 -1 -1 -1 -1 -1 -1 -1 -1 -1 -1 21 -1 -1 -1 -1 -1 -1 -1 -1 20 19 18 -1 -1 
-1 -1 -1 -1 4 5 6 -1 -1 -1 -1 -1 10 -1 -1 -1 -1 -1 -1 -1 23 3 -1 -1 -1 -1 7 -1 -1 -1 -1 28 -1 14 -1 -1 -1 -1 2 -1 -1 -1 -1 -1 15 25 9 22 1 -1 17 28 -1 -1 -1 -1 -1 -1 29 -1 -1 -1 27 -1 26 -1 -1 -1 -1 -1 -1 -1 -1 -1 -1 -1 21 -1 -1 -1 -1 -1 -1 -1 -1 20 19 18 -1 -1 
-1 -1 -1 -1 4 5 6 -1 -1 -1 -1 -1 10 -1 -1 -1 -1 -1 -1 -1 23 3 -1 -1 -1 -1 7 -1 -1 -1 -1 28 -1 14 -1 -1 -1 -1 2 -1 -1 -1 -1 -1 15 25 9 22 1 -1 17 28 -1 -1 -1 -1 -1 -1 29 -1 -1 -1 27 -1 -1 -1 26 -1 -1 -1 -1 -1 -1 -1 -1 -1 21 -1 -1 -1 -1 -1 -1 -1 -1 20 19 18 -1 -1 
-1 -1 -1 -1 4 5 6 -1 -1 -1 -1 -1 10 -1 -1 -1 -1 -1 -1 -1 23 3 -1 -1 -1 -1 7 -1 -1 -1 -1 28 -1 14 -1 -1 -1 -1 2 -1 -1 -1 -1 -1 15 25 -1 22 1 -1 17 28 -1 -1 -1 9 -1 -1 29 -1 -1 -1 27 -1 -1 -1 26 -1 -1 -1 -1 -1 -1 -1 -1 -1 21 -1 -1 -1 -1 -1 -1 -1 -1 20 19 18 -1 -1 
-1 23 -1 -1 4 5 6 -1 -1 -1 -1 -1 10 -1 -1 -1 -1 -1 -1 -1 -1 3 -1 -1 -1 -1 7 -1 -1 -1 -1 28 -1 14 -1 -1 -1 -1 2 -1 -1 -1 -1 -1 15 25 -1 22 1 -1 17 28 -1 -1 -1 9 -1 -1 29 -1 -1 -1 27 -1 -1 -1 26 -1 -1 -1 -1 -1 -1 -1 -1 -1 21 -1 -1 -1 -1 -1 -1 -1 -1 20 19 18 -1 -1 
-1 23 -1 -1 4 5 6 -1 -1 -1 10 -1 -1 -1 -1 -1 -1 -1 -1 -1 -1 3 -1 -1 -1 -1 7 -1 -1 -1 -1 28 -1 14 -1 -1 -1 -1 2 -1 -1 -1 -1 -1 15 25 -1 22 1 -1 17 28 -1 -1 -1 9 -1 -1 29 -1 -1 -1 27 -1 -1 -1 26 -1 -1 -1 -1 -1 -1 -1 -1 -1 21 -1 -1 -1 -1 -1 -1 -1 -1 20 19 18 -1 -1 
-1 23 -1 -1 4 5 6 -1 -1 -1 10 -1 -1 -1 -1 -1 -1 -1 -1 -1 -1 3 -1 -1 -1 -1 7 -1 -1 -1 -1 28 -1 14 -1 -1 -1 -1 2 -1 -1 -1 -1 -1 15 -1 -1 22 25 -1 17 28 -1 -1 -1 9 -1 -1 29 -1 -1 -1 27 -1 -1 -1 26 -1 -1 -1 -1 -1 -1 -1 -1 -1 21 -1 -1 -1 -1 -1 -1 -1 -1 20 19 18 -1 -1 
-1 9 -1 -1 4 5 6 -1 -1 -1 10 -1 -1 -1 -1 -1 -1 -1 -1 -1 -1 3 -1 -1 -1 -1 7 -1 -1 -1 -1 28 -1 14 -1 -1 -1 -1 2 -1 -1 -1 -1 -1 15 -1 -1 22 25 -1 17 28 -1 -1 -1 -1 -1 -1 29 -1 -1 -1 27 -1 -1 -1 26 -1 -1 -1 -1 -1 -1 -1 -1 -1 21 -1 -1 -1 -1 -1 -1 -1 -1 20 19 18 -1 -1 
-1 9 -1 -1 4 5 6 -1 -1 -1 10 -1 -1 -1 -1 -1 -1 -1 -1 -1 -1 3 -1 -1 -1 -1 7 -1 -1 -1 -1 17 -1 14 -1 -1 -1 -1 2 -1 -1 -1 -1 -1 15 -1 -1 22 25 -1 -1 28 -1 -1 -1 -1 -1 -1 29 -1 -1 -1 27 -1 -1 -1 26 -1 -1 -1 -1 -1 -1 -1 -1 -1 21 -1 -1 -1 -1 -1 -1 -1 -1 20 19 18 -1 -1 
-1 9 -1 -1 4 5 6 -1 -1 -1 10 -1 -1 -1 -1 -1 -1 -1 -1 -1 -1 3 2 -1 -1 -1 7 -1 -1 -1 -1 17 -1 14 -1 -1 -1 -1 -1 -1 -1 -1 -1 -1 15 -1 -1 22 25 -1 -1 28 -1 -1 -1 -1 -1 -1 29 -1 -1 -1 27 -1 -1 -1 26 -1 -1 -1 -1 -1 -1 -1 -1 -1 21 -1 -1 -1 -1 -1 -1 -1 -1 20 19 18 -1 -1 
-1 9 -1 -1 4 5 6 -1 -1 -1 10 -1 -1 -1 -1 -1 -1 -1 -1 -1 17 3 2 -1 -1 -1 7 -1 -1 -1 -1 -1 -1 14 -1 -1 -1 -1 -1 -1 -1 -1 -1 -1 15 -1 -1 22 25 -1 -1 28 -1 -1 -1 -1 -1 -1 29 -1 -1 -1 27 -1 -1 -1 26 -1 -1 -1 -1 -1 -1 -1 -1 -1 21 -1 -1 -1 -1 -1 -1 -1 -1 20 19 18 -1 -1 
9 -1 -1 -1 4 5 6 -1 -1 -1 10 -1 -1 -1 -1 -1 -1 -1 -1 -1 17 3 2 -1 -1 -1 7 -1 -1 -1 -1 -1 -1 14 -1 -1 -1 -1 -1 -1 -1 -1 -1 -1 15 -1 -1 22 25 -1 -1 28 -1 -1 -1 -1 -1 -1 29 -1 -1 -1 27 -1 -1 -1 26 -1 -1 -1 -1 -1 -1 -1 -1 -1 21 -1 -1 -1 -1 -1 -1 -1 -1 20 19 18 -1 -1 
9 -1 -1 -1 4 5 6 -1 -1 -1 10 -1 -1 -1 -1 -1 -1 -1 -1 -1 17 26 2 -1 -1 -1 7 -1 -1 -1 -1 -1 -1 14 -1 -1 -1 -1 -1 -1 -1 -1 -1 -1 15 -1 -1 22 25 -1 -1 28 -1 -1 -1 -1 -1 -1 29 -1 -1 -1 27 -1 -1 -1 -1 -1 -1 -1 -1 -1 -1 -1 -1 -1 21 -1 -1 -1 -1 -1 -1 -1 -1 20 19 18 -1 -1 
9 -1 -1 -1 4 5 6 -1 -1 -1 10 -1 -1 -1 -1 -1 -1 -1 -1 -1 17 26 2 -1 -1 -1 -1 -1 -1 -1 -1 -1 -1 14 -1 -1 -1 -1 -1 -1 -1 -1 -1 7 15 -1 -1 22 25 -1 -1 28 -1 -1 -1 -1 -1 -1 29 -1 -1 -1 27 -1 -1 -1 -1 -1 -1 -1 -1 -1 -1 -1 -1 -1 21 -1 -1 -1 -1 -1 -1 -1 -1 20 19 18 -1 -1 
9 -1 -1 -1 4 5 6 -1 -1 -1 10 -1 26 -1 -1 -1 -1 -1 -1 -1 17 -1 2 -1 -1 -1 -1 -1 -1 -1 -1 -1 -1 14 -1 -1 -1 -1 -1 -1 -1 -1 -1 7 15 -1 -1 22 25 -1 -1 28 -1 -1 -1 -1 -1 -1 29 -1 -1 -1 27 -1 -1 -1 -1 -1 -1 -1 -1 -1 -1 -1 -1 -1 21 -1 -1 -1 -1 -1 -1 -1 -1 20 19 18 -1 -1 
-1 -1 -1 -1 4 5 6 -1 -1 -1 10 -1 26 -1 -1 -1 -1 -1 -1 -1 17 -1 2 -1 -1 -1 -1 -1 -1 -1 -1 -1 -1 14 -1 -1 -1 -1 -1 -1 -1 -1 -1 7 15 -1 -1 22 25 -1 -1 28 -1 -1 9 -1 -1 -1 29 -1 -1 -1 27 -1 -1 -1 -1 -1 -1 -1 -1 -1 -1 -1 -1 -1 21 -1 -1 -1 -1 -1 -1 -1 -1 20 19 18 -1 -1 
-1 -1 -1 -1 4 5 6 -1 -1 -1 10 -1 26 -1 -1 -1 -1 -1 -1 -1 17 -1 2 -1 -1 -1 -1 -1 -1 -1 -1 -1 -1 14 -1 -1 -1 -1 -1 -1 -1 -1 -1 7 15 -1 -1 -1 25 -1 -1 28 -1 -1 9 -1 -1 -1 29 -1 -1 -1 27 -1 -1 -1 -1 22 -1 -1 -1 -1 -1 -1 -1 -1 21 -1 -1 -1 -1 -1 -1 -1 -1 20 19 18 -1 -1 
-1 -1 -1 -1 4 5 6 -1 -1 -1 10 -1 26 -1 -1 -1 -1 -1 -1 -1 17 -1 2 -1 -1 -1 -1 -1 -1 -1 -1 -1 -1 14 -1 -1 -1 -1 -1 -1 -1 -1 -1 7 15 -1 -1 -1 25 -1 -1 28 -1 -1 -1 -1 -1 -1 29 -1 -1 -1 9 -1 -1 -1 -1 22 -1 -1 -1 -1 -1 -1 -1 -1 21 -1 -1 -1 -1 -1 -1 -1 -1 20 19 18 -1 -1 
-1 -1 -1 -1 4 5 6 -1 -1 -1 10 -1 26 -1 -1 -1 -1 -1 -1 -1 17 -1 2 -1 -1 -1 -1 -1 -1 -1 -1 -1 -1 14 -1 -1 -1 -1 -1 -1 -1 -1 -1 7 15 -1 -1 -1 -1 25 -1 28 -1 -1 -1 -1 -1 -1 29 -1 -1 -1 9 -1 -1 -1 -1 22 -1 -1 -1 -1 -1 -1 -1 -1 21 -1 -1 -1 -1 -1 -1 -1 -1 20 19 18 -1 -1 
-1 -1 -1 -1 4 -1 6 -1 -1 -1 10 -1 26 5 -1 -1 -1 -1 -1 -1 17 -1 2 -1 -1 -1 -1 -1 -1 -1 -1 -1 -1 14 -1 -1 -1 -1 -1 -1 -1 -1 -1 7 15 -1 -1 -1 -1 25 -1 28 -1 -1 -1 -1 -1 -1 29 -1 -1 -1 9 -1 -1 -1 -1 22 -1 -1 -1 -1 -1 -1 -1 -1 21 -1 -1 -1 -1 -1 -1 -1 -1 20 19 18 -1 -1 
-1 -1 -1 -1 4 -1 6 -1 -1 -1 10 -1 -1 5 -1 -1 -1 -1 -1 -1 17 -1 2 -1 -1 -1 -1 -1 -1 -1 -1 -1 -1 14 -1 -1 -1 -1 -1 26 -1 -1 -1 7 15 -1 -1 -1 -1 25 -1 28 -1 -1 -1 -1 -1 -1 29 -1 -1 -1 9 -1 -1 -1 -1 22 -1 -1 -1 -1 -1 -1 -1 -1 21 -1 -1 -1 -1 -1 -1 -1 -1 20 19 18 -1 -1 
-1 -1 -1 -1 4 -1 6 -1 -1 -1 10 -1 -1 5 -1 -1 -1 -1 -1 -1 17 -1 2 -1 -1 -1 -1 -1 -1 -1 -1 -1 -1 14 -1 -1 -1 -1 -1 26 -1 -1 -1 -1 15 -1 -1 -1 -1 25 -1 28 -1 -1 -1 -1 -1 -1 29 -1 7 -1 9 -1 -1 -1 -1 22 -1 -1 -1 -1 -1 -1 -1 -1 21 -1 -1 -1 -1 -1 -1 -1 -1 20 19 18 -1 -1 
-1 -1 -1 -1 4 -1 6 -1 -1 -1 10 -1 -1 25 -1 -1 -1 -1 -1 -1 17 -1 2 -1 -1 -1 -1 -1 -1 -1 -1 -1 -1 14 -1 -1 -1 -1 -1 26 -1 -1 -1 -1 15 -1 -1 -1 -1 -1 -1 28 -1 -1 -1 -1 -1 -1 29 -1 7 -1 9 -1 -1 -1 -1 22 -1 -1 -1 -1 -1 -1 -1 -1 21 -1 -1 -1 -1 -1 -1 -1 -1 20 19 18 -1 -1 
-1 -1 -1 -1 4 -1 6 -1 -1 -1 10 -1 -1 25 -1 -1 -1 -1 -1 -1 17 -1 2 -1 -1 -1 -1 -1 -1 -1 -1 -1 -1 14 -1 -1 -1 -1 -1 26 -1 -1 -1 -1 15 -1 -1 -1 -1 -1 -1 28 -1 -1 -1 -1 -1 -1 29 -1 7 9 -1 -1 -1 -1 -1 22 -1 -1 -1 -1 -1 -1 -1 -1 21 -1 -1 -1 -1 -1 -1 -1 -1 20 19 18 -1 -1 
-1 -1 -1 -1 4 -1 6 -1 -1 -1 10 -1 -1 25 -1 -1 -1 -1 -1 -1 17 -1 2 -1 -1 -1 -1 -1 -1 -1 -1 -1 -1 14 -1 -1 -1 -1 -1 -1 -1 -1 -1 26 15 -1 -1 -1 -1 -1 -1 28 -1 -1 -1 -1 -1 -1 29 -1 7 9 -1 -1 -1 -1 -1 22 -1 -1 -1 -1 -1 -1 -1 -1 21 -1 -1 -1 -1 -1 -1 -1 -1 20 19 18 -1 -1 
-1 -1 -1 -1 4 -1 -1 -1 -1 -1 10 -1 -1 25 -1 -1 -1 -1 -1 -1 17 -1 2 -1 -1 -1 6 -1 -1 -1 -1 -1 -1 14 -1 -1 -1 -1 -1 -1 -1 -1 -1 26 15 -1 -1 -1 -1 -1 -1 28 -1 -1 -1 -1 -1 -1 29 -1 7 9 -1 -1 -1 -1 -1 22 -1 -1 -1 -1 -1 -1 -1 -1 21 -1 -1 -1 -1 -1 -1 -1 -1 20 19 18 -1 -1 
-1 -1 -1 -1 4 -1 -1 -1 -1 -1 10 -1 -1 25 -1 -1 -1 -1 -1 -1 17 -1 2 -1 -1 -1 6 -1 -1 -1 -1 -1 -1 14 -1 -1 -1 -1 -1 -1 -1 -1 -1 26 15 -1 -1 -1 -1 29 -1 28 -1 -1 -1 -1 -1 -1 -1 -1 7 9 -1 -1 -1 -1 -1 22 -1 -1 -1 -1 -1 -1 -1 -1 21 -1 -1 -1 -1 -1 -1 -1 -1 20 19 18 -1 -1 
-1 -1 -1 -1 4 -1 -1 -1 -1 -1 10 -1 -1 25 -1 -1 -1 -1 -1 -1 17 -1 2 -1 -1 -1 6 -1 -1 -1 -1 -1 -1 -1 -1 -1 -1 -1 -1 -1 -1 -1 14 26 15 -1 -1 -1 -1 29 -1 28 -1 -1 -1 -1 -1 -1 -1 -1 7 9 -1 -1 -1 -1 -1 22 -1 -1 -1 -1 -1 -1 -1 -1 21 -1 -1 -1 -1 -1 -1 -1 -1 20 19 18 -1 -1 
-1 -1 -1 -1 4 -1 -1 -1 -1 -1 10 -1 -1 25 -1 -1 -1 -1 -1 -1 17 -1 2 -1 -1 -1 6 -1 -1 -1 -1 -1 -1 -1 -1 -1 -1 -1 -1 -1 29 -1 14 26 15 -1 -1 -1 -1 -1 -1 28 -1 -1 -1 -1 -1 -1 -1 -1 7 9 -1 -1 -1 -1 -1 22 -1 -1 -1 -1 -1 -1 -1 -1 21 -1 -1 -1 -1 -1 -1 -1 -1 20 19 18 -1 -1 
-1 -1 -1 -1 4 -1 -1 -1 -1 -1 10 -1 -1 25 -1 -1 -1 -1 -1 -1 17 -1 2 -1 -1 -1 6 -1 -1 -1 -1 -1 -1 -1 -1 -1 -1 -1 -1 -1 29 -1 -1 26 15 -1 -1 -1 -1 -1 -1 14 -1 -1 -1 -1 -1 -1 -1 -1 7 9 -1 -1 -1 -1 -1 22 -1 -1 -1 -1 -1 -1 -1 -1 21 -1 -1 -1 -1 -1 -1 -1 -1 20 19 18 -1 -1 
-1 -1 -1 -1 4 -1 -1 -1 -1 -1 10 -1 -1 25 -1 -1 -1 -1 -1 -1 17 -1 2 -1 -1 -1 6 -1 -1 -1 -1 29 -1 -1 -1 -1 -1 -1 -1 -1 -1 -1 -1 26 15 -1 -1 -1 -1 -1 -1 14 -1 -1 -1 -1 -1 -1 -1 -1 7 9 -1 -1 -1 -1 -1 22 -1 -1 -1 -1 -1 -1 -1 -1 21 -1 -1 -1 -1 -1 -1 -1 -1 20 19 18 -1 -1 
-1 -1 -1 -1 4 -1 -1 -1 -1 -1 10 -1 -1 25 -1 -1 -1 -1 -1 -1 17 -1 2 -1 -1 -1 -1 -1 -1 -1 -1 29 -1 -1 -1 -1 -1 -1 -1 -1 -1 -1 6 26 15 -1 -1 -1 -1 -1 -1 14 -1 -1 -1 -1 -1 -1 -1 -1 7 9 -1 -1 -1 -1 -1 22 -1 -1 -1 -1 -1 -1 -1 -1 21 -1 -1 -1 -1 -1 -1 -1 -1 20 19 18 -1 -1 
-1 -1 -1 -1 4 -1 -1 -1 -1 -1 10 -1 -1 25 -1 -1 -1 -1 -1 -1 17 -1 2 -1 -1 -1 -1 -1 -1 -1 -1 29 -1 -1 -1 -1 -1 -1 -1 -1 -1 -1 6 26 15 -1 -1 -1 -1 -1 -1 22 -1 -1 -1 -1 -1 -1 -1 -1 7 9 -1 -1 -1 -1 -1 -1 -1 -1 -1 -1 -1 -1 -1 -1 21 -1 -1 -1 -1 -1 -1 -1 -1 20 19 18 -1 -1 
-1 -1 -1 -1 4 -1 -1 -1 -1 -1 10 -1 -1 25 -1 -1 -1 -1 -1 -1 17 -1 2 -1 -1 -1 -1 -1 -1 -1 -1 29 -1 -1 -1 -1 -1 -1 -1 -1 -1 -1 6 26 -1 -1 -1 -1 -1 -1 -1 22 -1 15 -1 -1 -1 -1 -1 -1 7 9 -1 -1 -1 -1 -1 -1 -1 -1 -1 -1 -1 -1 -1 -1 21 -1 -1 -1 -1 -1 -1 -1 -1 20 19 18 -1 -1 
-1 -1 -1 -1 4 -1 -1 -1 -1 -1 10 -1 -1 -1 -1 25 -1 -1 -1 -1 17 -1 2 -1 -1 -1 -1 -1 -1 -1 -1 29 -1 -1 -1 -1 -1 -1 -1 -1 -1 -1 6 26 -1 -1 -1 -1 -1 -1 -1 22 -1 15 -1 -1 -1 -1 -1 -1 7 9 -1 -1 -1 -1 -1 -1 -1 -1 -1 -1 -1 -1 -1 -1 21 -1 -1 -1 -1 -1 -1 -1 -1 20 19 18 -1 -1 
-1 -1 -1 -1 4 -1 -1 -1 -1 -1 10 -1 -1 -1 -1 25 -1 -1 -1 -1 17 -1 2 -1 -1 -1 -1 -1 -1 -1 -1 29 -1 -1 -1 -1 -1 -1 -1 -1 -1 -1 6 26 -1 -1 -1 -1 -1 -1 -1 22 15 -1 -1 -1 -1 -1 -1 -1 7 9 -1 -1 -1 -1 -1 -1 -1 -1 -1 -1 -1 -1 -1 -1 21 -1 -1 -1 -1 -1 -1 -1 -1 20 19 18 -1 -1 
-1 -1 -1 -1 4 -1 -1 -1 -1 -1 10 -1 -1 -1 -1 25 -1 -1 -1 -1 17 -1 2 -1 -1 -1 -1 -1 -1 -1 -1 29 -1 -1 -1 -1 -1 -1 -1 -1 -1 -1 6 -1 26 -1 -1 -1 -1 -1 -1 22 15 -1 -1 -1 -1 -1 -1 -1 7 9 -1 -1 -1 -1 -1 -1 -1 -1 -1 -1 -1 -1 -1 -1 21 -1 -1 -1 -1 -1 -1 -1 -1 20 19 18 -1 -1 
-1 -1 -1 -1 4 -1 -1 -1 -1 -1 10 -1 -1 -1 -1 25 -1 -1 -1 -1 17 -1 2 -1 -1 -1 -1 -1 -1 -1 -1 29 -1 -1 -1 -1 -1 -1 -1 -1 -1 -1 6 -1 26 -1 -1 -1 -1 -1 -1 15 -1 -1 -1 -1 -1 -1 -1 -1 7 9 -1 -1 -1 -1 -1 -1 -1 -1 -1 -1 -1 -1 -1 -1 21 -1 -1 -1 -1 -1 -1 -1 -1 20 19 18 -1 -1 
-1 -1 -1 -1 4 -1 -1 -1 26 -1 10 -1 -1 -1 -1 25 -1 -1 -1 -1 17 -1 2 -1 -1 -1 -1 -1 -1 -1 -1 29 -1 -1 -1 -1 -1 -1 -1 -1 -1 -1 6 -1 -1 -1 -1 -1 -1 -1 -1 15 -1 -1 -1 -1 -1 -1 -1 -1 7 9 -1 -1 -1 -1 -1 -1 -1 -1 -1 -1 -1 -1 -1 -1 21 -1 -1 -1 -1 -1 -1 -1 -1 20 19 18 -1 -1 
-1 -1 -1 -1 4 -1 -1 -1 26 -1 10 -1 -1 -1 -1 25 -1 -1 -1 -1 17 -1 2 -1 -1 9 -1 -1 -1 -1 -1 29 -1 -1 -1 -1 -1 -1 -1 -1 -1 -1 6 -1 -1 -1 -1 -1 -1 -1 -1 15 -1 -1 -1 -1 -1 -1 -1 -1 7 -1 -1 -1 -1 -1 -1 -1 -1 -1 -1 -1 -1 -1 -1 -1 21 -1 -1 -1 -1 -1 -1 -1 -1 20 19 18 -1 -1 
-1 -1 -1 -1 4 -1 -1 -1 26 -1 10 -1 -1 -1 -1 25 -1 -1 -1 -1 17 -1 29 -1 -1 9 -1 -1 -1 -1 -1 -1 -1 -1 -1 -1 -1 -1 -1 -1 -1 -1 6 -1 -1 -1 -1 -1 -1 -1 -1 15 -1 -1 -1 -1 -1 -1 -1 -1 7 -1 -1 -1 -1 -1 -1 -1 -1 -1 -1 -1 -1 -1 -1 -1 21 -1 -1 -1 -1 -1 -1 -1 -1 20 19 18 -1 -1 
-1 -1 -1 -1 4 -1 -1 -1 26 -1 10 -1 -1 -1 -1 25 -1 -1 -1 -1 17 -1 6 -1 -1 9 -1 -1 -1 -1 -1 -1 -1 -1 -1 -1 -1 -1 -1 -1 -1 -1 -1 -1 -1 -1 -1 -1 -1 -1 -1 15 -1 -1 -1 -1 -1 -1 -1 -1 7 -1 -1 -1 -1 -1 -1 -1 -1 -1 -1 -1 -1 -1 -1 -1 21 -1 -1 -1 -1 -1 -1 -1 -1 20 19 18 -1 -1 
-1 -1 -1 -1 4 -1 25 -1 26 -1 10 -1 -1 -1 -1 -1 -1 -1 -1 -1 17 -1 6 -1 -1 9 -1 -1 -1 -1 -1 -1 -1 -1 -1 -1 -1 -1 -1 -1 -1 -1 -1 -1 -1 -1 -1 -1 -1 -1 -1 15 -1 -1 -1 -1 -1 -1 -1 -1 7 -1 -1 -1 -1 -1 -1 -1 -1 -1 -1 -1 -1 -1 -1 -1 21 -1 -1 -1 -1 -1 -1 -1 -1 20 19 18 -1 -1 
-1 -1 -1 -1 4 -1 25 9 26 -1 10 -1 -1 -1 -1 -1 -1 -1 -1 -1 17 -1 6 -1 -1 -1 -1 -1 -1 -1 -1 -1 -1 -1 -1 -1 -1 -1 -1 -1 -1 -1 -1 -1 -1 -1 -1 -1 -1 -1 -1 15 -1 -1 -1 -1 -1 -1 -1 -1 7 -1 -1 -1 -1 -1 -1 -1 -1 -1 -1 -1 -1 -1 -1 -1 21 -1 -1 -1 -1 -1 -1 -1 -1 20 19 18 -1 -1 
-1 -1 -1 -1 4 -1 -1 9 26 -1 10 -1 -1 -1 -1 -1 -1 -1 -1 -1 17 -1 6 -1 -1 -1 -1 -1 -1 -1 -1 -1 -1 -1 -1 -1 -1 -1 -1 -1 -1 -1 -1 -1 -1 -1 -1 -1 -1 -1 -1 15 -1 -1 -1 -1 -1 -1 -1 -1 25 -1 -1 -1 -1 -1 -1 -1 -1 -1 -1 -1 -1 -1 -1 -1 21 -1 -1 -1 -1 -1 -1 -1 -1 20 19 18 -1 -1 
