0 1 2 3 4 5 6 7 8 -1 -1 -1 -1 -1 -1 -1 -1 -1 -1 9 -1 -1 -1 -1 -1 10 -1 11 -1 12 -1 28 -1 14 -1 15 -1 -1 -1 -1 -1 -1 -1 -1 -1 -1 -1 30 -1 -1 -1 -1 -1 -1 -1 -1 -1 -1 29 -1 -1 -1 27 -1 26 -1 -1 -1 -1 -1 25 -1 -1 -1 -1 -1 -1 -1 -1 -1 -1 24 23 22 21 20 19 18 17 16 
0 1 2 3 4 5 6 7 8 -1 -1 -1 -1 -1 -1 -1 -1 -1 -1 -1 9 -1 -1 -1 -1 10 -1 11 -1 12 -1 28 -1 14 -1 15 -1 -1 -1 -1 -1 -1 -1 -1 -1 -1 -1 30 -1 -1 -1 -1 -1 -1 -1 -1 -1 -1 29 -1 -1 -1 27 -1 26 -1 -1 -1 -1 -1 25 -1 -1 -1 -1 -1 -1 -1 -1 -1 -1 24 23 22 21 20 19 18 17 16 
0 1 2 3 4 5 6 7 8 -1 -1 -1 -1 -1 -1 -1 -1 -1 -1 -1 9 -1 -1 -1 -1 10 -1 11 -1 12 -1 28 -1 14 -1 15 -1 -1 -1 -1 -1 -1 -1 -1 -1 -1 -1 30 -1 -1 -1 -1 -1 -1 -1 -1 -1 -1 29 -1 -1 -1 27 -1 26 -1 -1 25 -1 -1 -1 -1 -1 -1 -1 -1 -1 -1 -1 -1 -1 24 23 22 21 20 19 18 17 16 
0 1 -1 3 4 5 6 7 8 -1 -1 -1 -1 -1 -1 -1 -1 -1 -1 -1 9 -1 2 -1 -1 10 -1 11 -1 12 -1 28 -1 14 -1 15 -1 -1 -1 -1 -1 -1 -1 -1 -1 -1 -1 30 -1 -1 -1 -1 -1 -1 -1 -1 -1 -1 29 -1 -1 -1 27 -1 26 -1 -1 25 -1 -1 -1 -1 -1 -1 -1 -1 -1 -1 -1 -1 -1 24 23 22 21 20 19 18 17 16 
0 1 -1 3 4 5 6 7 8 -1 -1 -1 -1 -1 -1 -1 -1 -1 -1 -1 9 -1 2 -1 -1 10 -1 11 -1 12 -1 28 -1 14 -1 15 -1 -1 -1 -1 -1 -1 -1 -1 -1 -1 -1 30 -1 -1 -1 -1 -1 -1 -1 -1 -1 -1 29 -1 -1 -1 27 -1 26 -1 -1 25 -1 17 -1 -1 -1 -1 -1 -1 -1 -1 -1 -1 -1 24 23 22 21 20 19 18 -1 16 
0 1 -1 3 4 5 6 7 8 -1 -1 -1 -1 -1 -1 -1 -1 -1 -1 -1 9 -1 2 -1 -1 10 -1 11 -1 -1 -1 28 -1 14 -1 15 -1 -1 12 -1 -1 -1 -1 -1 -1 -1 -1 30 -1 -1 -1 -1 -1 -1 -1 -1 -1 -1 29 -1 -1 -1 27 -1 26 -1 -1 25 -1 17 -1 -1 -1 -1 -1 -1 -1 -1 -1 -1 -1 24 23 22 21 20 19 18 -1 16 
0 1 -1 3 4 5 6 7 8 -1 -1 -1 -1 -1 -1 -1 -1 -1 -1 -1 9 -1 2 -1 -1 10 -1 11 -1 -1 -1 28 -1 14 -1 15 -1 -1 12 -1 -1 -1 -1 -1 -1 -1 -1 30 -1 -1 -1 -1 -1 -1 -1 -1 -1 -1 29 -1 -1 -1 27 -1 26 -1 -1 25 -1 17 -1 -1 -1 -1 -1 -1 -1 -1 -1 -1 -1 24 23 22 21 20 19 18 16 -1 
0 1 -1 3 4 5 6 7 8 -1 -1 -1 -1 -1 -1 -1 -1 -1 -1 -1 9 -1 2 -1 -1 10 -1 11 -1 -1 -1 28 -1 14 -1 15 -1 -1 -1 -1 -1 -1 -1 -1 -1 -1 -1 12 -1 -1 -1 -1 -1 -1 -1 -1 -1 -1 29 -1 -1 -1 27 -1 26 -1 -1 25 -1 17 -1 -1 -1 -1 -1 -1 -1 -1 -1 -1 -1 24 23 22 21 20 19 18 16 -1 
0 1 -1 3 4 5 6 7 8 -1 -1 -1 -1 -1 -1 -1 -1 -1 -1 -1 9 -1 2 -1 -1 10 -1 11 -1 -1 -1 28 -1 14 -1 15 -1 -1 -1 -1 -1 -1 -1 -1 -1 -1 -1 12 -1 -1 -1 -1 -1 -1 -1 -1 -1 -1 29 -1 -1 -1 27 23 26 -1 -1 25 -1 17 -1 -1 -1 -1 -1 -1 -1 -1 -1 -1 -1 24 -1 22 21 20 19 18 16 -1 
0 1 -1 3 4 5 6 7 -1 -1 -1 -1 -1 -1 -1 -1 -1 8 -1 -1 9 -1 2 -1 -1 10 -1 11 -1 -1 -1 28 -1 14 -1 15 -1 -1 -1 -1 -1 -1 -1 -1 -1 -1 -1 12 -1 -1 -1 -1 -1 -1 -1 -1 -1 -1 29 -1 -1 -1 27 23 26 -1 -1 25 -1 17 -1 -1 -1 -1 -1 -1 -1 -1 -1 -1 -1 24 -1 22 21 20 19 18 16 -1 
0 1 -1 3 4 5 6 7 -1 -1 -1 -1 -1 -1 -1 -1 -1 8 -1 -1 9 -1 2 -1 -1 10 -1 11 -1 -1 -1 28 -1 14 -1 15 -1 -1 -1 -1 -1 -1 -1 -1 -1 -1 -1 12 -1 -1 -1 -1 -1 -1 -1 -1 -1 -1 29 -1 -1 -1 27 23 26 -1 -1 25 -1 17 -1 -1 -1 -1 -1 -1 -1 -1 -1 -1 -1 -1 24 22 21 20 19 18 16 -1 
0 1 -1 3 4 5 6 7 -1 -1 -1 -1 8 -1 -1 -1 -1 -1 -1 -1 9 -1 2 -1 -1 10 -1 11 -1 -1 -1 28 -1 14 -1 15 -1 -1 -1 -1 -1 -1 -1 -1 -1 -1 -1 12 -1 -1 -1 -1 -1 -1 -1 -1 -1 -1 29 -1 -1 -1 27 23 26 -1 -1 25 -1 17 -1 -1 -1 -1 -1 -1 -1 -1 -1 -1 -1 -1 24 22 21 20 19 18 16 -1 
0 1 -1 3 4 5 6 7 -1 -1 -1 -1 8 -1 -1 -1 -1 -1 -1 -1 9 -1 2 -1 -1 10 -1 11 -1 -1 -1 28 -1 14 -1 15 -1 -1 -1 -1 -1 -1 -1 -1 -1 -1 -1 12 -1 -1 -1 -1 16 -1 -1 -1 -1 -1 29 -1 -1 -1 27 23 26 -1 -1 25 -1 17 -1 -1 -1 -1 -1 -1 -1 -1 -1 -1 -1 -1 24 22 21 20 19 18 -1 -1 
0 1 -1 3 4 5 6 7 -1 -1 -1 -1 -1 -1 -1 -1 -1 -1 -1 -1 9 -1 2 -1 -1 10 -1 11 -1 -1 -1 28 -1 14 -1 15 -1 -1 -1 -1 -1 -1 -1 -1 -1 -1 -1 12 8 -1 -1 -1 16 -1 -1 -1 -1 -1 29 -1 -1 -1 27 23 26 -1 -1 25 -1 17 -1 -1 -1 -1 -1 -1 -1 -1 -1 -1 -1 -1 24 22 21 20 19 18 -1 -1 
0 1 -1 3 4 5 6 7 -1 -1 -1 -1 -1 -1 -1 -1 -1 -1 -1 -1 9 -1 2 -1 -1 10 -1 11 -1 -1 -1 28 -1 14 -1 15 -1 -1 -1 -1 -1 -1 -1 -1 -1 -1 26 12 8 -1 -1 -1 16 -1 -1 -1 -1 -1 29 -1 -1 -1 27 23 -1 -1 -1 25 -1 17 -1 -1 -1 -1 -1 -1 -1 -1 -1 -1 -1 -1 24 22 21 20 19 18 -1 -1 
0 1 -1 3 4 5 6 7 -1 -1 -1 -1 -1 -1 -1 -1 -1 -1 -1 -1 9 -1 2 -1 -1 10 -1 11 -1 -1 8 28 -1 14 -1 15 -1 -1 -1 -1 -1 -1 -1 -1 -1 -1 26 12 -1 -1 -1 -1 16 -1 -1 -1 -1 -1 29 -1 -1 -1 27 23 -1 -1 -1 25 -1 17 -1 -1 -1 -1 -1 -1 -1 -1 -1 -1 -1 -1 24 22 21 20 19 18 -1 -1 
0 1 -1 3 4 5 6 7 -1 -1 -1 -1 -1 -1 -1 -1 -1 -1 -1 -1 9 -1 2 -1 -1 10 -1 11 -1 -1 8 28 -1 14 -1 15 -1 -1 -1 -1 -1 -1 -1 -1 -1 26 -1 12 -1 -1 -1 -1 16 -1 -1 -1 -1 -1 29 -1 -1 -1 27 23 -1 -1 -1 25 -1 17 -1 -1 -1 -1 -1 -1 -1 -1 -1 -1 -1 -1 24 22 21 20 19 18 -1 -1 
0 -1 -1 3 4 5 6 7 -1 -1 -1 -1 -1 -1 -1 -1 -1 -1 1 -1 9 -1 2 -1 -1 10 -1 11 -1 -1 8 28 -1 14 -1 15 -1 -1 -1 -1 -1 -1 -1 -1 -1 26 -1 12 -1 -1 -1 -1 16 -1 -1 -1 -1 -1 29 -1 -1 -1 27 23 -1 -1 -1 25 -1 17 -1 -1 -1 -1 -1 -1 -1 -1 -1 -1 -1 -1 24 22 21 20 19 18 -1 -1 
0 -1 -1 3 4 5 6 7 -1 -1 -1 -1 -1 -1 -1 -1 -1 -1 1 -1 9 -1 2 -1 -1 10 -1 11 -1 -1 8 28 -1 14 -1 15 -1 -1 -1 -1 -1 -1 -1 -1 -1 26 -1 16 -1 -1 -1 -1 -1 -1 -1 -1 -1 -1 29 -1 -1 -1 27 23 -1 -1 -1 25 -1 17 -1 -1 -1 -1 -1 -1 -1 -1 -1 -1 -1 -1 24 22 21 20 19 18 -1 -1 
0 -1 -1 3 4 5 6 7 -1 -1 -1 -1 -1 -1 -1 -1 -1 -1 1 -1 9 -1 2 -1 -1 10 -1 -1 -1 -1 8 28 -1 14 -1 15 11 -1 -1 -1 -1 -1 -1 -1 -1 26 -1 16 -1 -1 -1 -1 -1 -1 -1 -1 -1 -1 29 -1 -1 -1 27 23 -1 -1 -1 25 -1 17 -1 -1 -1 -1 -1 -1 -1 -1 -1 -1 -1 -1 24 22 21 20 19 18 -1 -1 
0 -1 -1 3 4 5 6 7 -1 -1 -1 -1 -1 -1 -1 -1 -1 -1 26 -1 9 -1 2 -1 -1 10 -1 -1 -1 -1 8 28 -1 14 -1 15 11 -1 -1 -1 -1 -1 -1 -1 -1 -1 -1 16 -1 -1 -1 -1 -1 -1 -1 -1 -1 -1 29 -1 -1 -1 27 23 -1 -1 -1 25 -1 17 -1 -1 -1 -1 -1 -1 -1 -1 -1 -1 -1 -1 24 22 21 20 19 18 -1 -1 
-1 -1 -1 3 4 5 6 7 -1 -1 -1 -1 -1 -1 -1 -1 -1 -1 0 -1 9 -1 2 -1 -1 10 -1 -1 -1 -1 8 28 -1 14 -1 15 11 -1 -1 -1 -1 -1 -1 -1 -1 -1 -1 16 -1 -1 -1 -1 -1 -1 -1 -1 -1 -1 29 -1 -1 -1 27 23 -1 -1 -1 25 -1 17 -1 -1 -1 -1 -1 -1 -1 -1 -1 -1 -1 -1 24 22 21 20 19 18 -1 -1 
-1 -1 -1 3 4 5 6 7 -1 -1 -1 -1 -1 -1 -1 -1 -1 -1 0 -1 9 -1 2 -1 -1 10 -1 -1 -1 -1 8 28 -1 14 -1 15 11 -1 -1 -1 -1 -1 -1 -1 -1 -1 -1 16 -1 -1 -1 28 -1 -1 -1 -1 -1 -1 29 -1 -1 -1 27 23 -1 -1 -1 25 -1 17 -1 -1 -1 -1 -1 -1 -1 -1 -1 -1 -1 -1 24 22 21 20 19 18 -1 -1 
-1 -1 -1 3 4 5 6 -1 -1 -1 -1 -1 -1 -1 -1 -1 -1 -1 0 -1 9 -1 2 -1 7 10 -1 -1 -1 -1 8 28 -1 14 -1 15 11 -1 -1 -1 -1 -1 -1 -1 -1 -1 -1 16 -1 -1 -1 28 -1 -1 -1 -1 -1 -1 29 -1 -1 -1 27 23 -1 -1 -1 25 -1 17 -1 -1 -1 -1 -1 -1 -1 -1 -1 -1 -1 -1 24 22 21 20 19 18 -1 -1 
-1 -1 -1 3 4 5 6 -1 -1 -1 -1 -1 -1 -1 -1 -1 -1 -1 0 -1 9 -1 2 -1 7 10 -1 -1 -1 -1 8 28 -1 14 -1 15 11 -1 -1 -1 -1 -1 -1 -1 -1 -1 -1 16 -1 -1 -1 28 -1 -1 -1 -1 -1 -1 29 -1 -1 -1 27 23 -1 -1 -1 25 -1 17 -1 -1 -1 -1 -1 -1 21 -1 -1 -1 -1 -1 24 22 -1 20 19 18 -1 -1 
-1 -1 -1 3 4 5 6 -1 -1 -1 -1 -1 -1 -1 -1 -1 -1 -1 0 -1 9 -1 2 -1 7 -1 -1 -1 -1 -1 8 28 -1 14 -1 15 11 -1 -1 -1 -1 -1 -1 -1 -1 -1 -1 16 -1 -1 -1 28 -1 -1 -1 -1 -1 -1 29 -1 -1 10 27 23 -1 -1 -1 25 -1 17 -1 -1 -1 -1 -1 -1 21 -1 -1 -1 -1 -1 24 22 -1 20 19 18 -1 -1 
-1 -1 -1 3 4 5 6 -1 -1 -1 -1 -1 -1 -1 -1 -1 -1 -1 0 -1 9 -1 2 -1 7 -1 -1 -1 -1 -1 8 28 -1 14 -1 15 11 -1 -1 -1 -1 -1 -1 -1 -1 -1 -1 16 -1 -1 -1 28 -1 -1 -1 -1 -1 -1 29 -1 -1 10 27 23 -1 -1 -1 -1 25 17 -1 -1 -1 -1 -1 -1 21 -1 -1 -1 -1 -1 24 22 -1 20 19 18 -1 -1 
-1 -1 -1 3 4 5 6 -1 -1 -1 -1 -1 -1 -1 -1 -1 -1 -1 0 -1 9 -1 2 -1 7 -1 -1 -1 -1 -1 -1 28 -1 14 -1 15 11 -1 -1 -1 -1 -1 -1 -1 -1 -1 -1 16 -1 -1 -1 28 -1 -1 -1 -1 -1 -1 29 -1 -1 10 27 23 -1 -1 -1 -1 25 17 -1 -1 -1 -1 -1 8 21 -1 -1 -1 -1 -1 24 22 -1 20 19 18 -1 -1 
-1 -1 -1 3 4 5 6 -1 -1 -1 -1 -1 -1 -1 -1 -1 -1 -1 0 -1 9 -1 2 -1 7 -1 -1 -1 -1 -1 -1 28 -1 14 -1 15 11 -1 -1 -1 -1 -1 -1 -1 -1 -1 -1 16 -1 -1 -1 28 -1 -1 -1 -1 -1 -1 29 -1 -1 10 27 23 -1 -1 -1 18 25 17 -1 -1 -1 -1 -1 8 21 -1 -1 -1 -1 -1 24 22 -1 20 19 -1 -1 -1 
-1 -1 -1 3 4 5 6 -1 -1 -1 -1 -1 -1 -1 -1 -1 -1 -1 0 -1 -1 -1 2 -1 7 -1 -1 -1 -1 -1 -1 28 -1 14 -1 15 11 -1 9 -1 -1 -1 -1 -1 -1 -1 -1 16 -1 -1 -1 28 -1 -1 -1 -1 -1 -1 29 -1 -1 10 27 23 -1 -1 -1 18 25 17 -1 -1 -1 -1 -1 8 21 -1 -1 -1 -1 -1 24 22 -1 20 19 -1 -1 -1 
-1 -1 -1 3 4 5 6 -1 -1 -1 -1 -1 -1 -1 -1 -1 -1 -1 0 -1 -1 -1 2 -1 7 -1 -1 -1 -1 -1 -1 28 -1 14 -1 15 11 -1 9 -1 -1 -1 -1 -1 -1 -1 -1 16 -1 -1 -1 28 -1 -1 -1 -1 -1 -1 29 -1 -1 10 27 23 -1 -1 -1 18 -1 17 -1 -1 -1 -1 -1 8 21 25 -1 -1 -1 -1 24 22 -1 20 19 -1 -1 -1 
-1 -1 -1 3 4 5 6 -1 -1 -1 -1 -1 -1 -1 -1 -1 -1 -1 0 -1 -1 -1 2 -1 7 -1 -1 -1 -1 -1 -1 28 -1 14 -1 15 11 -1 9 8 -1 -1 -1 -1 -1 -1 -1 16 -1 -1 -1 28 -1 -1 -1 -1 -1 -1 29 -1 -1 10 27 23 -1 -1 -1 18 -1 17 -1 -1 -1 -1 -1 -1 21 25 -1 -1 -1 -1 24 22 -1 20 19 -1 -1 -1 
-1 -1 -1 3 4 5 6 -1 -1 -1 -1 -1 -1 -1 -1 -1 -1 -1 0 -1 -1 -1 2 -1 7 -1 -1 -1 -1 -1 -1 28 -1 14 -1 15 11 -1 9 8 -1 -1 -1 -1 -1 -1 -1 -1 -1 -1 16 28 -1 -1 -1 -1 -1 -1 29 -1 -1 10 27 23 -1 -1 -1 18 -1 17 -1 -1 -1 -1 -1 -1 21 25 -1 -1 -1 -1 24 22 -1 20 19 -1 -1 -1 
-1 -1 -1 3 4 5 6 -1 -1 -1 -1 -1 -1 -1 -1 -1 -1 -1 0 -1 -1 -1 2 -1 7 -1 -1 -1 -1 -1 -1 28 -1 -1 -1 15 11 -1 9 8 -1 -1 14 -1 -1 -1 -1 -1 -1 -1 16 28 -1 -1 -1 -1 -1 -1 29 -1 -1 10 27 23 -1 -1 -1 18 -1 17 -1 -1 -1 -1 -1 -1 21 25 -1 -1 -1 -1 24 22 -1 20 19 -1 -1 -1 
-1 -1 -1 3 4 5 6 -1 -1 -1 -1 -1 -1 -1 -1 -1 -1 -1 0 -1 -1 -1 2 -1 7 -1 -1 -1 -1 -1 -1 28 -1 -1 -1 15 11 -1 9 8 -1 -1 14 -1 -1 -1 -1 -1 -1 -1 16 28 -1 -1 -1 -1 -1 -1 29 -1 -1 10 27 23 -1 -1 -1 18 25 17 -1 -1 -1 -1 -1 -1 21 -1 -1 -1 -1 -1 24 22 -1 20 19 -1 -1 -1 
-1 -1 -1 -1 4 5 6 -1 -1 -1 -1 -1 -1 3 -1 -1 -1 -1 0 -1 -1 -1 2 -1 7 -1 -1 -1 -1 -1 -1 28 -1 -1 -1 15 11 -1 9 8 -1 -1 14 -1 -1 -1 -1 -1 -1 -1 16 28 -1 -1 -1 -1 -1 -1 29 -1 -1 10 27 23 -1 -1 -1 18 25 17 -1 -1 -1 -1 -1 -1 21 -1 -1 -1 -1 -1 24 22 -1 20 19 -1 -1 -1 
-1 -1 -1 -1 4 5 6 -1 -1 -1 -1 -1 -1 3 -1 -1 -1 -1 0 -1 -1 -1 2 -1 7 -1 -1 -1 -1 -1 -1 28 -1 -1 -1 15 11 -1 9 8 -1 -1 14 -1 -1 -1 -1 -1 -1 -1 -1 28 -1 -1 -1 -1 -1 -1 29 16 -1 10 27 23 -1 -1 -1 18 25 17 -1 -1 -1 -1 -1 -1 21 -1 -1 -1 -1 -1 24 22 -1 20 19 -1 -1 -1 
-1 -1 -1 -1 4 5 6 -1 -1 -1 -1 -1 -1 3 -1 -1 -1 -1 0 -1 -1 -1 2 -1 7 -1 -1 -1 -1 -1 -1 28 -1 -1 -1 15 11 -1 9 8 -1 -1 14 10 -1 -1 -1 -1 -1 -1 -1 28 -1 -1 -1 -1 -1 -1 29 16 -1 -1 27 23 -1 -1 -1 18 25 17 -1 -1 -1 -1 -1 -1 21 -1 -1 -1 -1 -1 24 22 -1 20 19 -1 -1 -1 
-1 -1 -1 -1 4 5 6 -1 -1 -1 -1 -1 -1 3 -1 -1 -1 -1 0 -1 -1 -1 2 -1 7 -1 -1 -1 -1 -1 -1 28 -1 -1 -1 15 11 -1 9 8 -1 -1 14 10 -1 -1 -1 -1 -1 -1 -1 28 -1 -1 -1 -1 23 -1 29 16 -1 -1 27 -1 -1 -1 -1 18 25 17 -1 -1 -1 -1 -1 -1 21 -1 -1 -1 -1 -1 24 22 -1 20 19 -1 -1 -1 
-1 -1 -1 -1 4 5 6 -1 -1 -1 -1 -1 -1 3 -1 -1 -1 -1 0 -1 -1 -1 2 -1 7 -1 -1 -1 -1 -1 -1 28 -1 -1 -1 15 11 -1 9 -1 -1 -1 14 10 -1 -1 -1 -1 -1 -1 -1 28 -1 -1 -1 -1 23 8 29 16 -1 -1 27 -1 -1 -1 -1 18 25 17 -1 -1 -1 -1 -1 -1 21 -1 -1 -1 -1 -1 24 22 -1 20 19 -1 -1 -1 
-1 -1 -1 -1 4 5 6 -1 -1 -1 -1 -1 -1 3 -1 -1 -1 -1 0 -1 -1 -1 2 -1 7 -1 -1 -1 -1 -1 -1 28 -1 -1 -1 15 11 -1 9 -1 -1 -1 28 10 -1 -1 -1 -1 -1 -1 -1 -1 -1 -1 -1 -1 23 8 29 16 -1 -1 27 -1 -1 -1 -1 18 25 17 -1 -1 -1 -1 -1 -1 21 -1 -1 -1 -1 -1 24 22 -1 20 19 -1 -1 -1 
-1 -1 -1 -1 4 5 6 -1 -1 -1 -1 -1 -1 3 -1 -1 -1 -1 0 -1 -1 -1 -1 -1 7 -1 -1 -1 -1 -1 -1 28 -1 -1 -1 15 11 -1 9 -1 -1 -1 2 10 -1 -1 -1 -1 -1 -1 -1 -1 -1 -1 -1 -1 23 8 29 16 -1 -1 27 -1 -1 -1 -1 18 25 17 -1 -1 -1 -1 -1 -1 21 -1 -1 -1 -1 -1 24 22 -1 20 19 -1 -1 -1 
-1 -1 -1 -1 4 5 6 -1 -1 -1 -1 -1 -1 3 -1 -1 -1 -1 0 -1 -1 -1 -1 -1 7 -1 -1 -1 -1 -1 -1 28 -1 -1 -1 15 11 -1 9 -1 -1 -1 2 10 -1 -1 -1 -1 -1 -1 -1 -1 -1 -1 -1 24 23 8 29 16 -1 -1 27 -1 -1 -1 -1 18 25 17 -1 -1 -1 -1 -1 -1 21 -1 -1 -1 -1 -1 -1 22 -1 20 19 -1 -1 -1 
-1 -1 -1 -1 4 5 6 -1 -1 -1 -1 -1 -1 3 -1 -1 -1 -1 -1 -1 -1 0 -1 -1 7 -1 -1 -1 -1 -1 -1 28 -1 -1 -1 15 11 -1 9 -1 -1 -1 2 10 -1 -1 -1 -1 -1 -1 -1 -1 -1 -1 -1 24 23 8 29 16 -1 -1 27 -1 -1 -1 -1 18 25 17 -1 -1 -1 -1 -1 -1 21 -1 -1 -1 -1 -1 -1 22 -1 20 19 -1 -1 -1 
-1 -1 -1 -1 4 5 6 -1 -1 -1 -1 -1 -1 3 -1 -1 -1 -1 -1 -1 -1 0 -1 -1 7 -1 -1 -1 -1 -1 -1 28 -1 -1 -1 15 11 -1 9 -1 -1 -1 2 10 -1 -1 -1 -1 -1 -1 -1 -1 -1 -1 -1 24 23 8 29 -1 -1 16 27 -1 -1 -1 -1 18 25 17 -1 -1 -1 -1 -1 -1 21 -1 -1 -1 -1 -1 -1 22 -1 20 19 -1 -1 -1 
-1 -1 -1 -1 4 5 6 -1 -1 -1 -1 -1 -1 3 -1 -1 -1 -1 -1 -1 -1 -1 -1 0 7 -1 -1 -1 -1 -1 -1 28 -1 -1 -1 15 11 -1 9 -1 -1 -1 2 10 -1 -1 -1 -1 -1 -1 -1 -1 -1 -1 -1 24 23 8 29 -1 -1 16 27 -1 -1 -1 -1 18 25 17 -1 -1 -1 -1 -1 -1 21 -1 -1 -1 -1 -1 -1 22 -1 20 19 -1 -1 -1 
-1 -1 -1 -1 4 5 6 -1 -1 -1 -1 -1 -1 3 -1 -1 -1 -1 -1 -1 -1 -1 -1 0 7 -1 -1 -1 -1 -1 -1 28 -1 -1 -1 15 11 -1 9 -1 -1 -1 2 10 -1 -1 -1 -1 -1 -1 -1 -1 -1 -1 -1 24 23 8 29 25 -1 16 27 -1 -1 -1 -1 18 -1 17 -1 -1 -1 -1 -1 -1 21 -1 -1 -1 -1 -1 -1 22 -1 20 19 -1 -1 -1 
-1 -1 -1 -1 4 5 6 -1 -1 -1 -1 -1 -1 3 -1 -1 -1 -1 -1 -1 -1 -1 -1 0 7 -1 -1 -1 -1 -1 -1 28 -1 -1 -1 15 11 -1 9 -1 -1 -1 2 10 -1 -1 -1 -1 8 -1 -1 -1 -1 -1 -1 24 23 -1 29 25 -1 16 27 -1 -1 -1 -1 18 -1 17 -1 -1 -1 -1 -1 -1 21 -1 -1 -1 -1 -1 -1 22 -1 20 19 -1 -1 -1 
-1 -1 -1 -1 4 5 6 -1 -1 -1 -1 -1 -1 3 -1 -1 -1 -1 -1 -1 -1 -1 -1 0 7 -1 -1 -1 -1 -1 -1 28 -1 -1 -1 15 11 -1 9 -1 -1 -1 2 10 -1 -1 -1 -1 8 23 -1 -1 -1 -1 -1 24 -1 -1 29 25 -1 16 27 -1 -1 -1 -1 18 -1 17 -1 -1 -1 -1 -1 -1 21 -1 -1 -1 -1 -1 -1 22 -1 20 19 -1 -1 -1 
-1 -1 -1 -1 4 5 6 -1 -1 -1 -1 -1 -1 3 -1 -1 -1 -1 -1 -1 -1 -1 2 0 7 -1 -1 -1 -1 -1 -1 28 -1 -1 -1 15 11 -1 9 -1 -1 -1 -1 10 -1 -1 -1 -1 8 23 -1 -1 -1 -1 -1 24 -1 -1 29 25 -1 16 27 -1 -1 -1 -1 18 -1 17 -1 -1 -1 -1 -1 -1 21 -1 -1 -1 -1 -1 -1 22 -1 20 19 -1 -1 -1 
-1 -1 -1 -1 4 5 6 -1 -1 -1 -1 -1 -1 3 -1 -1 -1 -1 -1 -1 -1 -1 2 0 7 -1 -1 -1 -1 -1 -1 28 -1 -1 -1 15 11 -1 9 -1 -1 -1 -1 10 -1 -1 -1 -1 8 23 25 -1 -1 -1 -1 24 -1 -1 29 -1 -1 16 27 -1 -1 -1 -1 18 -1 17 -1 -1 -1 -1 -1 -1 21 -1 -1 -1 -1 -1 -1 22 -1 20 19 -1 -1 -1 
-1 -1 -1 -1 4 5 6 -1 -1 -1 -1 -1 -1 3 -1 -1 -1 -1 -1 -1 -1 -1 2 0 7 -1 -1 -1 -1 -1 -1 28 -1 -1 -1 15 11 -1 9 8 -1 -1 -1 10 -1 -1 -1 -1 -1 23 25 -1 -1 -1 -1 24 -1 -1 29 -1 -1 16 27 -1 -1 -1 -1 18 -1 17 -1 -1 -1 -1 -1 -1 21 -1 -1 -1 -1 -1 -1 22 -1 20 19 -1 -1 -1 
-1 -1 -1 -1 4 5 6 -1 -1 -1 -1 -1 -1 3 -1 -1 -1 -1 -1 -1 -1 -1 2 0 7 -1 -1 -1 -1 -1 -1 28 -1 -1 -1 15 11 -1 9 8 -1 -1 -1 10 -1 -1 -1 -1 -1 23 -1 25 -1 -1 -1 24 -1 -1 29 -1 -1 16 27 -1 -1 -1 -1 18 -1 17 -1 -1 -1 -1 -1 -1 21 -1 -1 -1 -1 -1 -1 22 -1 20 19 -1 -1 -1 
-1 -1 -1 -1 4 5 6 -1 -1 -1 -1 -1 -1 3 -1 -1 -1 -1 -1 -1 -1 -1 2 0 7 -1 -1 -1 -1 -1 -1 28 -1 -1 -1 15 11 -1 -1 8 -1 -1 -1 10 -1 -1 -1 -1 -1 23 -1 25 -1 -1 -1 24 -1 -1 29 -1 -1 16 27 -1 -1 9 -1 18 -1 17 -1 -1 -1 -1 -1 -1 21 -1 -1 -1 -1 -1 -1 22 -1 20 19 -1 -1 -1 
-1 -1 -1 -1 4 5 6 -1 -1 -1 -1 -1 -1 3 -1 -1 -1 -1 -1 -1 -1 -1 2 0 7 -1 -1 -1 -1 -1 -1 28 -1 -1 -1 15 11 -1 -1 8 -1 -1 -1 10 -1 -1 -1 -1 -1 23 -1 25 -1 -1 -1 24 -1 -1 29 -1 -1 16 27 -1 -1 9 -1 18 -1 -1 -1 -1 -1 -1 -1 -1 21 -1 -1 -1 17 -1 -1 22 -1 20 19 -1 -1 -1 
-1 -1 -1 -1 4 5 6 -1 -1 -1 -1 -1 -1 3 -1 -1 -1 -1 -1 -1 -1 -1 2 0 7 -1 -1 -1 -1 -1 -1 -1 -1 -1 -1 15 11 -1 -1 8 13 -1 -1 10 -1 -1 -1 -1 -1 23 -1 25 -1 -1 -1 24 -1 -1 29 -1 -1 16 27 -1 -1 9 -1 18 -1 -1 -1 -1 -1 -1 -1 -1 21 -1 -1 -1 17 -1 -1 22 -1 20 19 -1 -1 -1 
-1 -1 -1 -1 4 5 6 -1 -1 -1 -1 -1 -1 3 -1 -1 -1 -1 -1 -1 -1 -1 2 0 7 -1 -1 -1 -1 -1 -1 -1 -1 -1 -1 15 11 -1 -1 8 13 -1 -1 10 -1 -1 -1 -1 -1 -1 -1 25 -1 -1 -1 24 23 -1 29 -1 -1 16 27 -1 -1 9 -1 18 -1 -1 -1 -1 -1 -1 -1 -1 21 -1 -1 -1 17 -1 -1 22 -1 20 19 -1 -1 -1 
-1 -1 -1 -1 4 5 6 -1 -1 -1 -1 -1 -1 3 -1 -1 -1 -1 -1 -1 -1 -1 2 0 7 -1 -1 -1 -1 -1 -1 -1 -1 -1 -1 15 11 -1 -1 -1 13 -1 -1 10 -1 -1 -1 -1 -1 -1 -1 25 -1 -1 -1 24 23 8 29 -1 -1 16 27 -1 -1 9 -1 18 -1 -1 -1 -1 -1 -1 -1 -1 21 -1 -1 -1 17 -1 -1 22 -1 20 19 -1 -1 -1 
-1 -1 -1 -1 4 5 6 -1 -1 -1 -1 -1 -1 3 -1 -1 -1 -1 -1 -1 -1 -1 2 0 7 -1 -1 -1 -1 -1 -1 -1 -1 -1 -1 15 11 -1 -1 -1 13 -1 -1 10 -1 -1 -1 -1 -1 -1 -1 -1 -1 -1 -1 24 23 8 29 -1 25 16 27 -1 -1 9 -1 18 -1 -1 -1 -1 -1 -1 -1 -1 21 -1 -1 -1 17 -1 -1 22 -1 20 19 -1 -1 -1 
-1 -1 -1 -1 4 5 6 -1 -1 -1 -1 -1 -1 3 -1 -1 -1 -1 -1 -1 -1 -1 2 0 7 -1 -1 -1 -1 -1 8 -1 -1 -1 -1 15 11 -1 -1 -1 13 -1 -1 10 -1 -1 -1 -1 -1 -1 -1 -1 -1 -1 -1 24 23 -1 29 -1 25 16 27 -1 -1 9 -1 18 -1 -1 -1 -1 -1 -1 -1 -1 21 -1 -1 -1 17 -1 -1 22 -1 20 19 -1 -1 -1 
-1 -1 -1 -1 4 5 6 -1 -1 -1 -1 -1 -1 3 -1 -1 -1 -1 -1 -1 -1 -1 2 0 7 -1 -1 -1 -1 -1 8 -1 -1 -1 -1 15 11 -1 -1 -1 13 -1 -1 10 -1 -1 -1 -1 -1 -1 -1 -1 -1 -1 -1 24 23 -1 29 -1 -1 16 27 -1 -1 9 -1 18 -1 -1 -1 -1 -1 -1 -1 -1 21 -1 -1 -1 17 -1 -1 22 -1 20 19 25 -1 -1 
-1 -1 -1 -1 4 5 6 -1 -1 -1 -1 -1 -1 3 -1 -1 -1 -1 -1 -1 -1 -1 2 0 7 -1 -1 -1 -1 -1 8 -1 -1 -1 -1 15 11 -1 -1 -1 13 -1 -1 -1 10 -1 -1 -1 -1 -1 -1 -1 -1 -1 -1 24 23 -1 29 -1 -1 16 27 -1 -1 9 -1 18 -1 -1 -1 -1 -1 -1 -1 -1 21 -1 -1 -1 17 -1 -1 22 -1 20 19 25 -1 -1 
-1 24 -1 -1 4 5 6 -1 -1 -1 -1 -1 -1 3 -1 -1 -1 -1 -1 -1 -1 -1 2 0 7 -1 -1 -1 -1 -1 8 -1 -1 -1 -1 15 11 -1 -1 -1 13 -1 -1 -1 10 -1 -1 -1 -1 -1 -1 -1 -1 -1 -1 -1 23 -1 29 -1 -1 16 27 -1 -1 9 -1 18 -1 -1 -1 -1 -1 -1 -1 -1 21 -1 -1 -1 17 -1 -1 22 -1 20 19 25 -1 -1 
-1 24 -1 8 4 5 6 -1 -1 -1 -1 -1 -1 3 -1 -1 -1 -1 -1 -1 -1 -1 2 0 7 -1 -1 -1 -1 -1 -1 -1 -1 -1 -1 15 11 -1 -1 -1 13 -1 -1 -1 10 -1 -1 -1 -1 -1 -1 -1 -1 -1 -1 -1 23 -1 29 -1 -1 16 27 -1 -1 9 -1 18 -1 -1 -1 -1 -1 -1 -1 -1 21 -1 -1 -1 17 -1 -1 22 -1 20 19 25 -1 -1 
-1 -1 -1 8 4 5 6 -1 -1 -1 -1 -1 -1 3 -1 -1 -1 -1 -1 -1 -1 -1 2 0 7 -1 -1 -1 -1 -1 -1 -1 -1 -1 -1 15 11 -1 -1 -1 13 -1 -1 -1 10 -1 -1 -1 -1 -1 -1 -1 -1 -1 -1 -1 23 -1 29 -1 -1 16 27 -1 24 9 -1 18 -1 -1 -1 -1 -1 -1 -1 -1 21 -1 -1 -1 17 -1 -1 22 -1 20 19 25 -1 -1 
-1 -1 -1 8 4 5 6 -1 -1 -1 -1 -1 -1 3 -1 -1 -1 -1 -1 -1 -1 -1 2 0 7 -1 -1 -1 -1 -1 -1 -1 -1 -1 -1 15 11 -1 -1 -1 13 -1 -1 -1 -1 -1 -1 -1 -1 -1 -1 -1 -1 -1 -1 -1 23 -1 29 -1 -1 16 27 -1 24 9 -1 18 -1 -1 -1 -1 -1 -1 -1 -1 21 -1 -1 -1 10 -1 -1 22 -1 20 19 25 -1 -1 
-1 -1 -1 8 4 5 6 -1 -1 -1 -1 -1 -1 3 -1 -1 -1 -1 -1 -1 -1 -1 2 0 7 -1 -1 -1 -1 -1 -1 -1 -1 -1 -1 15 11 -1 -1 -1 13 -1 -1 -1 -1 -1 -1 -1 -1 -1 -1 -1 -1 -1 -1 -1 23 -1 29 -1 -1 16 27 -1 -1 24 -1 18 -1 -1 -1 -1 -1 -1 -1 -1 21 -1 -1 -1 10 -1 -1 22 -1 20 19 25 -1 -1 
-1 -1 8 -1 4 5 6 -1 -1 -1 -1 -1 -1 3 -1 -1 -1 -1 -1 -1 -1 -1 2 0 7 -1 -1 -1 -1 -1 -1 -1 -1 -1 -1 15 11 -1 -1 -1 13 -1 -1 -1 -1 -1 -1 -1 -1 -1 -1 -1 -1 -1 -1 -1 23 -1 29 -1 -1 16 27 -1 -1 24 -1 18 -1 -1 -1 -1 -1 -1 -1 -1 21 -1 -1 -1 10 -1 -1 22 -1 20 19 25 -1 -1 
-1 -1 8 -1 4 5 6 -1 -1 -1 -1 -1 -1 3 -1 -1 -1 -1 -1 -1 -1 -1 2 0 7 -1 -1 -1 -1 -1 -1 -1 -1 -1 -1 15 11 -1 -1 -1 13 -1 -1 -1 -1 -1 -1 -1 -1 -1 -1 -1 -1 -1 -1 -1 23 -1 29 -1 -1 -1 27 -1 -1 24 -1 18 -1 -1 -1 -1 -1 -1 -1 -1 21 -1 -1 16 10 -1 -1 22 -1 20 19 25 -1 -1 
-1 -1 8 -1 4 5 6 -1 -1 -1 -1 -1 -1 3 -1 -1 -1 -1 -1 -1 -1 -1 2 0 7 -1 -1 -1 -1 -1 -1 -1 -1 -1 -1 15 11 -1 -1 -1 13 -1 -1 -1 -1 -1 -1 -1 -1 -1 -1 -1 -1 -1 -1 -1 23 -1 29 -1 -1 -1 27 -1 -1 24 -1 18 -1 -1 -1 -1 -1 -1 -1 -1 21 -1 -1 16 -1 -1 -1 22 -1 20 19 25 -1 10 
-1 -1 8 -1 4 5 6 -1 -1 -1 -1 -1 -1 3 -1 -1 -1 -1 -1 -1 -1 -1 2 0 7 -1 -1 -1 -1 -1 -1 -1 -1 -1 -1 15 11 -1 -1 -1 13 -1 -1 -1 -1 -1 -1 -1 -1 -1 -1 -1 -1 -1 -1 -1 23 -1 29 -1 -1 -1 27 -1 -1 24 -1 18 -1 -1 -1 -1 -1 -1 -1 -1 21 -1 -1 -1 -1 -1 -1 22 -1 20 19 25 16 10 
-1 -1 8 -1 4 5 6 -1 -1 -1 -1 -1 -1 3 -1 -1 -1 -1 -1 -1 -1 -1 2 0 7 -1 -1 -1 -1 -1 -1 -1 -1 -1 -1 15 11 -1 -1 -1 13 -1 -1 -1 -1 -1 -1 -1 -1 -1 -1 -1 -1 -1 -1 -1 23 -1 29 -1 -1 -1 27 -1 -1 24 -1 18 -1 -1 -1 -1 -1 -1 -1 -1 21 -1 -1 -1 10 -1 -1 22 -1 20 19 25 16 -1 
-1 -1 8 -1 4 5 6 -1 -1 -1 -1 -1 -1 3 -1 -1 -1 -1 -1 -1 -1 -1 2 0 7 -1 -1 -1 -1 -1 -1 -1 -1 -1 -1 15 11 -1 -1 -1 13 -1 -1 -1 -1 -1 -1 -1 -1 -1 -1 -1 -1 -1 -1 -1 23 -1 29 -1 -1 -1 27 -1 -1 24 -1 18 -1 25 -1 -1 -1 -1 -1 -1 21 -1 -1 -1 10 -1 -1 22 -1 20 19 -1 16 -1 
-1 -1 -1 -1 4 5 6 -1 -1 -1 -1 -1 -1 3 -1 -1 -1 -1 -1 -1 -1 -1 2 0 7 -1 -1 -1 -1 -1 -1 -1 -1 -1 -1 15 11 -1 8 -1 13 -1 -1 -1 -1 -1 -1 -1 -1 -1 -1 -1 -1 -1 -1 -1 23 -1 29 -1 -1 -1 27 -1 -1 24 -1 18 -1 25 -1 -1 -1 -1 -1 -1 21 -1 -1 -1 10 -1 -1 22 -1 20 19 -1 16 -1 
-1 -1 -1 -1 4 5 6 -1 -1 -1 -1 -1 -1 3 -1 -1 -1 -1 -1 -1 -1 -1 2 0 7 -1 -1 -1 -1 -1 -1 -1 -1 -1 -1 15 11 -1 8 -1 13 -1 -1 -1 -1 -1 -1 -1 -1 -1 -1 -1 -1 -1 -1 -1 23 -1 29 -1 -1 16 27 -1 -1 24 -1 18 -1 25 -1 -1 -1 -1 -1 -1 21 -1 -1 -1 10 -1 -1 22 -1 20 19 -1 -1 -1 
-1 -1 -1 -1 4 5 6 -1 -1 -1 -1 -1 -1 3 -1 -1 -1 -1 -1 -1 -1 -1 2 -1 7 -1 -1 -1 -1 -1 -1 -1 -1 -1 -1 15 11 -1 8 -1 13 -1 -1 -1 -1 -1 -1 -1 -1 -1 0 -1 -1 -1 -1 -1 23 -1 29 -1 -1 16 27 -1 -1 24 -1 18 -1 25 -1 -1 -1 -1 -1 -1 21 -1 -1 -1 10 -1 -1 22 -1 20 19 -1 -1 -1 
-1 -1 -1 -1 4 5 6 -1 -1 -1 -1 -1 -1 3 -1 -1 -1 -1 -1 -1 -1 -1 2 -1 7 -1 -1 -1 -1 -1 -1 -1 -1 -1 -1 15 11 -1 8 -1 13 -1 -1 -1 -1 -1 -1 -1 -1 -1 0 -1 -1 -1 -1 -1 -1 -1 29 -1 -1 16 27 23 -1 24 -1 18 -1 25 -1 -1 -1 -1 -1 -1 21 -1 -1 -1 10 -1 -1 22 -1 20 19 -1 -1 -1 
-1 -1 -1 -1 4 5 6 -1 -1 -1 -1 -1 -1 3 -1 -1 -1 -1 -1 -1 -1 -1 2 -1 7 -1 -1 -1 -1 -1 -1 -1 -1 -1 -1 15 11 -1 -1 -1 13 -1 -1 -1 -1 -1 -1 -1 -1 -1 0 -1 -1 -1 -1 -1 -1 -1 29 -1 -1 16 27 23 -1 8 -1 18 -1 25 -1 -1 -1 -1 -1 -1 21 -1 -1 -1 10 -1 -1 22 -1 20 19 -1 -1 -1 
-1 -1 -1 -1 4 5 6 -1 -1 -1 -1 -1 -1 3 -1 -1 -1 -1 -1 -1 -1 -1 2 -1 7 -1 -1 -1 -1 -1 -1 -1 -1 -1 -1 15 11 -1 -1 -1 13 -1 -1 -1 -1 -1 -1 -1 -1 -1 0 -1 -1 -1 -1 -1 -1 -1 29 -1 -1 16 27 23 -1 25 -1 18 -1 -1 -1 -1 -1 -1 -1 -1 21 -1 -1 -1 10 -1 -1 22 -1 20 19 -1 -1 -1 
-1 -1 -1 -1 4 5 6 -1 -1 -1 -1 -1 -1 3 -1 -1 -1 -1 -1 -1 -1 -1 2 -1 -1 -1 -1 -1 -1 -1 -1 7 -1 -1 -1 15 11 -1 -1 -1 13 -1 -1 -1 -1 -1 -1 -1 -1 -1 0 -1 -1 -1 -1 -1 -1 -1 29 -1 -1 16 27 23 -1 25 -1 18 -1 -1 -1 -1 -1 -1 -1 -1 21 -1 -1 -1 10 -1 -1 22 -1 20 19 -1 -1 -1 
-1 -1 -1 -1 4 5 6 -1 -1 -1 -1 -1 -1 3 -1 -1 -1 -1 -1 -1 -1 -1 2 -1 -1 -1 -1 -1 -1 -1 -1 7 -1 -1 -1 15 11 -1 -1 -1 13 -1 -1 -1 -1 -1 -1 -1 -1 -1 0 -1 -1 -1 -1 -1 -1 -1 29 -1 -1 16 27 23 -1 -1 -1 18 -1 -1 -1 -1 -1 -1 25 -1 21 -1 -1 -1 10 -1 -1 22 -1 20 19 -1 -1 -1 
-1 -1 -1 -1 4 5 6 -1 -1 -1 -1 -1 -1 3 -1 -1 -1 -1 -1 -1 -1 -1 2 -1 -1 -1 -1 -1 -1 -1 -1 -1 -1 -1 -1 15 11 -1 -1 -1 13 -1 7 -1 -1 -1 -1 -1 -1 -1 0 -1 -1 -1 -1 -1 -1 -1 29 -1 -1 16 27 23 -1 -1 -1 18 -1 -1 -1 -1 -1 -1 25 -1 21 -1 -1 -1 10 -1 -1 22 -1 20 19 -1 -1 -1 
-1 -1 -1 -1 4 5 6 -1 -1 -1 -1 -1 -1 3 -1 -1 -1 -1 -1 -1 -1 -1 2 -1 -1 -1 -1 -1 -1 -1 -1 -1 -1 -1 -1 15 11 -1 -1 -1 13 -1 7 -1 -1 -1 -1 -1 -1 -1 0 -1 -1 -1 -1 -1 -1 -1 29 -1 16 -1 27 23 -1 -1 -1 18 -1 -1 -1 -1 -1 -1 25 -1 21 -1 -1 -1 10 -1 -1 22 -1 20 19 -1 -1 -1 
-1 -1 -1 -1 4 5 6 -1 -1 -1 -1 -1 -1 3 -1 -1 -1 -1 -1 -1 -1 -1 2 -1 -1 -1 -1 -1 -1 -1 -1 -1 -1 -1 -1 15 11 -1 -1 -1 13 -1 7 -1 -1 -1 -1 -1 -1 -1 0 -1 -1 -1 -1 -1 -1 -1 29 -1 16 -1 27 23 -1 -1 -1 18 -1 -1 -1 -1 -1 -1 25 -1 21 -1 -1 -1 -1 -1 -1 22 -1 20 19 -1 -1 10 
-1 -1 -1 -1 4 5 6 -1 -1 -1 -1 -1 -1 3 -1 -1 -1 -1 -1 -1 -1 -1 2 -1 -1 -1 -1 -1 -1 -1 -1 -1 -1 -1 -1 15 11 -1 -1 -1 13 -1 7 -1 -1 -1 -1 -1 -1 -1 0 -1 -1 -1 -1 -1 -1 -1 29 -1 -1 -1 27 23 -1 -1 -1 18 -1 -1 -1 -1 -1 -1 25 -1 21 -1 -1 -1 -1 -1 -1 22 -1 20 19 16 -1 10 
-1 -1 -1 -1 4 5 6 -1 -1 -1 -1 -1 -1 3 -1 -1 -1 -1 -1 -1 -1 -1 2 -1 -1 -1 -1 -1 -1 -1 -1 -1 -1 -1 -1 15 11 -1 -1 -1 13 -1 7 -1 -1 -1 -1 -1 -1 -1 0 -1 -1 -1 -1 -1 -1 -1 29 -1 -1 -1 27 23 -1 -1 -1 18 -1 -1 -1 10 -1 -1 25 -1 21 -1 -1 -1 -1 -1 -1 22 -1 20 19 16 -1 -1 
-1 -1 -1 -1 4 5 6 -1 -1 -1 -1 -1 -1 3 -1 -1 -1 -1 -1 -1 -1 -1 2 -1 -1 -1 -1 -1 -1 -1 -1 -1 -1 -1 -1 15 11 -1 -1 -1 13 -1 7 -1 -1 -1 -1 -1 -1 -1 0 -1 -1 -1 -1 -1 23 -1 29 -1 -1 -1 27 -1 -1 -1 -1 18 -1 -1 -1 10 -1 -1 25 -1 21 -1 -1 -1 -1 -1 -1 22 -1 20 19 16 -1 -1 
-1 -1 -1 -1 4 5 6 -1 -1 -1 -1 -1 -1 3 -1 -1 -1 -1 -1 -1 -1 -1 2 -1 -1 -1 -1 -1 -1 -1 -1 -1 -1 -1 -1 15 11 -1 -1 -1 13 -1 7 -1 -1 -1 -1 -1 0 -1 -1 -1 -1 -1 -1 -1 23 -1 29 -1 -1 -1 27 -1 -1 -1 -1 18 -1 -1 -1 10 -1 -1 25 -1 21 -1 -1 -1 -1 -1 -1 22 -1 20 19 16 -1 -1 
-1 -1 -1 -1 4 5 6 -1 -1 -1 -1 -1 -1 3 -1 -1 -1 -1 -1 -1 -1 -1 2 -1 -1 -1 -1 -1 -1 -1 -1 -1 -1 -1 -1 15 11 -1 -1 -1 13 -1 7 -1 -1 -1 -1 -1 0 -1 -1 -1 -1 -1 -1 -1 23 -1 29 -1 -1 -1 27 -1 -1 -1 -1 18 -1 -1 -1 10 25 -1 -1 -1 21 -1 -1 -1 -1 -1 -1 22 -1 20 19 16 -1 -1 
-1 -1 -1 -1 4 5 6 -1 -1 -1 -1 -1 -1 3 -1 -1 -1 -1 -1 -1 -1 -1 2 -1 -1 -1 -1 -1 -1 -1 -1 -1 -1 -1 -1 15 11 -1 -1 -1 13 -1 7 -1 -1 -1 -1 -1 -1 -1 -1 -1 -1 -1 -1 -1 23 0 29 -1 -1 -1 27 -1 -1 -1 -1 18 -1 -1 -1 10 25 -1 -1 -1 21 -1 -1 -1 -1 -1 -1 22 -1 20 19 16 -1 -1 
-1 -1 -1 -1 4 5 6 -1 -1 -1 -1 -1 -1 3 -1 -1 -1 -1 -1 -1 -1 -1 2 -1 -1 -1 -1 -1 -1 -1 -1 -1 -1 -1 -1 15 11 23 -1 -1 13 -1 7 -1 -1 -1 -1 -1 -1 -1 -1 -1 -1 -1 -1 -1 -1 0 29 -1 -1 -1 27 -1 -1 -1 -1 18 -1 -1 -1 10 25 -1 -1 -1 21 -1 -1 -1 -1 -1 -1 22 -1 20 19 16 -1 -1 
-1 -1 -1 -1 4 5 6 -1 -1 -1 -1 -1 -1 3 -1 -1 -1 -1 -1 -1 -1 -1 2 -1 -1 -1 -1 -1 -1 -1 -1 -1 -1 -1 -1 15 11 23 -1 -1 13 -1 7 -1 -1 -1 -1 -1 -1 -1 -1 -1 -1 -1 -1 0 -1 -1 29 -1 -1 -1 27 -1 -1 -1 -1 18 -1 -1 -1 10 25 -1 -1 -1 21 -1 -1 -1 -1 -1 -1 22 -1 20 19 16 -1 -1 
-1 -1 -1 -1 4 5 6 -1 -1 -1 -1 -1 -1 3 -1 -1 -1 -1 -1 -1 -1 -1 2 -1 -1 -1 -1 -1 -1 -1 23 -1 -1 -1 -1 15 11 -1 -1 -1 13 -1 7 -1 -1 -1 -1 -1 -1 -1 -1 -1 -1 -1 -1 0 -1 -1 29 -1 -1 -1 27 -1 -1 -1 -1 18 -1 -1 -1 10 25 -1 -1 -1 21 -1 -1 -1 -1 -1 -1 22 -1 20 19 16 -1 -1 
-1 -1 -1 -1 4 5 6 -1 -1 -1 -1 -1 -1 3 -1 -1 -1 -1 -1 -1 -1 -1 2 -1 -1 -1 -1 -1 -1 -1 23 -1 -1 -1 -1 15 11 -1 -1 -1 13 -1 7 -1 -1 -1 -1 -1 -1 -1 -1 -1 -1 -1 0 -1 -1 -1 29 -1 -1 -1 27 -1 -1 -1 -1 18 -1 -1 -1 10 25 -1 -1 -1 21 -1 -1 -1 -1 -1 -1 22 -1 20 19 16 -1 -1 
-1 -1 -1 -1 4 5 6 -1 -1 -1 -1 23 -1 3 -1 -1 -1 -1 -1 -1 -1 -1 2 -1 -1 -1 -1 -1 -1 -1 -1 -1 -1 -1 -1 15 11 -1 -1 -1 13 -1 7 -1 -1 -1 -1 -1 -1 -1 -1 -1 -1 -1 0 -1 -1 -1 29 -1 -1 -1 27 -1 -1 -1 -1 18 -1 -1 -1 10 25 -1 -1 -1 21 -1 -1 -1 -1 -1 -1 22 -1 20 19 16 -1 -1 
-1 -1 -1 4 -1 5 6 -1 -1 -1 -1 23 -1 3 -1 -1 -1 -1 -1 -1 -1 -1 2 -1 -1 -1 -1 -1 -1 -1 -1 -1 -1 -1 -1 15 11 -1 -1 -1 13 -1 7 -1 -1 -1 -1 -1 -1 -1 -1 -1 -1 -1 0 -1 -1 -1 29 -1 -1 -1 27 -1 -1 -1 -1 18 -1 -1 -1 10 25 -1 -1 -1 21 -1 -1 -1 -1 -1 -1 22 -1 20 19 16 -1 -1 
-1 -1 -1 4 -1 5 6 -1 -1 -1 -1 23 -1 3 -1 -1 -1 -1 -1 -1 -1 -1 2 -1 -1 -1 -1 -1 -1 -1 -1 -1 -1 -1 -1 15 11 -1 -1 -1 13 -1 7 -1 -1 -1 -1 -1 -1 -1 -1 16 -1 -1 0 -1 -1 -1 29 -1 -1 -1 27 -1 -1 -1 -1 18 -1 -1 -1 10 25 -1 -1 -1 21 -1 -1 -1 -1 -1 -1 22 -1 20 19 -1 -1 -1 
-1 -1 -1 4 -1 5 6 -1 -1 -1 -1 23 -1 3 -1 -1 -1 -1 -1 -1 -1 -1 2 -1 -1 -1 -1 -1 -1 -1 -1 -1 -1 -1 -1 15 11 -1 -1 -1 -1 -1 7 -1 -1 -1 -1 -1 -1 13 -1 16 -1 -1 0 -1 -1 -1 29 -1 -1 -1 27 -1 -1 -1 -1 18 -1 -1 -1 10 25 -1 -1 -1 21 -1 -1 -1 -1 -1 -1 22 -1 20 19 -1 -1 -1 
-1 -1 -1 4 -1 5 6 -1 -1 -1 -1 23 -1 3 -1 -1 -1 -1 -1 -1 -1 -1 2 -1 -1 -1 -1 -1 -1 -1 -1 -1 -1 -1 -1 15 11 -1 -1 -1 -1 -1 7 -1 -1 -1 -1 -1 -1 13 -1 16 -1 -1 0 -1 -1 -1 29 -1 -1 -1 27 -1 -1 -1 -1 18 -1 -1 -1 10 -1 -1 -1 25 21 -1 -1 -1 -1 -1 -1 22 -1 20 19 -1 -1 -1 
-1 -1 -1 4 -1 5 6 -1 -1 -1 -1 23 -1 3 -1 -1 -1 -1 -1 -1 -1 -1 2 -1 -1 -1 -1 -1 -1 -1 -1 -1 -1 -1 -1 15 11 -1 -1 -1 -1 -1 7 -1 -1 -1 -1 -1 -1 13 -1 16 -1 -1 -1 -1 0 -1 29 -1 -1 -1 27 -1 -1 -1 -1 18 -1 -1 -1 10 -1 -1 -1 25 21 -1 -1 -1 -1 -1 -1 22 -1 20 19 -1 -1 -1 
-1 -1 -1 4 -1 5 6 -1 -1 -1 -1 -1 -1 3 -1 -1 -1 -1 -1 -1 -1 -1 2 -1 -1 -1 -1 -1 -1 -1 23 -1 -1 -1 -1 15 11 -1 -1 -1 -1 -1 7 -1 -1 -1 -1 -1 -1 13 -1 16 -1 -1 -1 -1 0 -1 29 -1 -1 -1 27 -1 -1 -1 -1 18 -1 -1 -1 10 -1 -1 -1 25 21 -1 -1 -1 -1 -1 -1 22 -1 20 19 -1 -1 -1 
-1 -1 -1 -1 4 5 6 -1 -1 -1 -1 -1 -1 3 -1 -1 -1 -1 -1 -1 -1 -1 2 -1 -1 -1 -1 -1 -1 -1 23 -1 -1 -1 -1 15 11 -1 -1 -1 -1 -1 7 -1 -1 -1 -1 -1 -1 13 -1 16 -1 -1 -1 -1 0 -1 29 -1 -1 -1 27 -1 -1 -1 -1 18 -1 -1 -1 10 -1 -1 -1 25 21 -1 -1 -1 -1 -1 -1 22 -1 20 19 -1 -1 -1 
-1 -1 -1 -1 4 5 6 -1 -1 -1 -1 -1 -1 3 -1 -1 -1 -1 -1 -1 -1 -1 2 -1 -1 -1 -1 -1 -1 -1 -1 -1 -1 -1 -1 15 11 -1 -1 -1 -1 -1 7 -1 -1 -1 -1 -1 -1 23 -1 16 -1 -1 -1 -1 0 -1 29 -1 -1 -1 27 -1 -1 -1 -1 18 -1 -1 -1 10 -1 -1 -1 25 21 -1 -1 -1 -1 -1 -1 22 -1 20 19 -1 -1 -1 
-1 -1 -1 -1 4 5 6 -1 -1 -1 -1 -1 -1 3 -1 -1 -1 -1 -1 -1 -1 -1 2 -1 -1 -1 -1 -1 -1 -1 -1 -1 -1 -1 -1 15 11 -1 -1 -1 -1 -1 -1 -1 -1 -1 -1 -1 -1 7 -1 16 -1 -1 -1 -1 0 -1 29 -1 -1 -1 27 -1 -1 -1 -1 18 -1 -1 -1 10 -1 -1 -1 25 21 -1 -1 -1 -1 -1 -1 22 -1 20 19 -1 -1 -1 
-1 -1 -1 -1 4 5 6 -1 -1 -1 -1 -1 -1 3 -1 -1 -1 -1 -1 -1 -1 -1 2 -1 -1 -1 -1 -1 -1 -1 -1 -1 -1 -1 -1 15 11 -1 -1 -1 -1 -1 -1 -1 -1 -1 -1 -1 -1 29 -1 16 -1 -1 -1 -1 0 -1 -1 -1 -1 -1 27 -1 -1 -1 -1 18 -1 -1 -1 10 -1 -1 -1 25 21 -1 -1 -1 -1 -1 -1 22 -1 20 19 -1 -1 -1 
-1 -1 -1 -1 4 5 6 -1 -1 -1 -1 -1 -1 3 -1 -1 -1 -1 -1 -1 -1 -1 2 -1 -1 -1 -1 -1 -1 -1 -1 -1 -1 -1 -1 15 11 -1 -1 -1 -1 -1 -1 -1 -1 -1 -1 -1 -1 29 -1 16 -1 -1 -1 -1 -1 -1 -1 -1 -1 -1 27 -1 -1 -1 -1 18 -1 -1 -1 10 -1 -1 -1 25 21 -1 -1 -1 -1 -1 -1 0 -1 20 19 -1 -1 -1 
-1 -1 -1 -1 4 5 6 -1 -1 -1 -1 -1 -1 3 -1 -1 -1 -1 -1 -1 -1 -1 2 -1 -1 -1 -1 -1 -1 -1 -1 -1 -1 -1 -1 15 11 -1 -1 -1 -1 -1 -1 -1 -1 -1 -1 -1 -1 29 -1 16 -1 -1 -1 -1 -1 -1 -1 -1 -1 -1 27 -1 -1 -1 -1 18 -1 -1 -1 10 -1 -1 -1 -1 21 -1 -1 -1 -1 -1 -1 0 25 20 19 -1 -1 -1 
-1 -1 -1 -1 4 5 6 -1 -1 -1 -1 -1 -1 3 -1 -1 -1 -1 -1 -1 -1 -1 2 -1 -1 -1 -1 -1 -1 -1 -1 -1 -1 -1 -1 15 11 -1 -1 -1 -1 -1 -1 -1 -1 -1 -1 -1 -1 29 -1 16 -1 -1 -1 -1 0 -1 -1 -1 -1 -1 27 -1 -1 -1 -1 18 -1 -1 -1 10 -1 -1 -1 -1 21 -1 -1 -1 -1 -1 -1 -1 25 20 19 -1 -1 -1 
-1 -1 -1 -1 4 5 6 -1 -1 -1 -1 -1 -1 3 -1 -1 -1 -1 -1 -1 -1 -1 2 -1 -1 -1 -1 -1 -1 -1 -1 -1 -1 -1 -1 15 11 -1 -1 -1 -1 -1 -1 -1 -1 -1 -1 -1 -1 29 -1 16 -1 27 -1 -1 0 -1 -1 -1 -1 -1 -1 -1 -1 -1 -1 18 -1 -1 -1 10 -1 -1 -1 -1 21 -1 -1 -1 -1 -1 -1 -1 25 20 19 -1 -1 -1 
-1 -1 -1 -1 4 5 6 -1 -1 -1 -1 -1 -1 3 -1 -1 -1 -1 -1 -1 -1 -1 2 -1 -1 -1 -1 -1 -1 -1 -1 -1 -1 -1 -1 15 11 -1 -1 -1 -1 -1 -1 -1 -1 -1 -1 -1 -1 29 -1 16 -1 27 -1 -1 -1 -1 0 -1 -1 -1 -1 -1 -1 -1 -1 18 -1 -1 -1 10 -1 -1 -1 -1 21 -1 -1 -1 -1 -1 -1 -1 25 20 19 -1 -1 -1 
-1 -1 -1 -1 4 5 6 -1 -1 -1 -1 -1 -1 3 -1 -1 -1 -1 -1 -1 -1 -1 2 -1 -1 -1 -1 -1 -1 -1 -1 -1 -1 -1 -1 15 11 -1 -1 -1 -1 -1 -1 -1 -1 -1 -1 -1 -1 29 -1 16 -1 27 -1 -1 -1 -1 0 -1 -1 -1 -1 -1 -1 -1 25 18 -1 -1 -1 10 -1 -1 -1 -1 21 -1 -1 -1 -1 -1 -1 -1 -1 20 19 -1 -1 -1 
-1 -1 -1 -1 4 5 6 -1 -1 -1 -1 -1 -1 3 -1 -1 -1 -1 -1 -1 -1 -1 2 -1 -1 -1 -1 -1 -1 -1 -1 -1 -1 -1 -1 15 11 -1 -1 -1 -1 -1 -1 -1 -1 -1 -1 -1 -1 29 -1 16 -1 27 -1 -1 -1 -1 0 -1 -1 -1 10 -1 -1 -1 25 18 -1 -1 -1 -1 -1 -1 -1 -1 21 -1 -1 -1 -1 -1 -1 -1 -1 20 19 -1 -1 -1 
-1 -1 -1 -1 4 5 6 -1 -1 -1 -1 -1 -1 3 -1 -1 -1 -1 -1 -1 -1 -1 2 -1 -1 -1 -1 -1 -1 -1 -1 -1 -1 -1 -1 15 11 -1 -1 -1 -1 -1 -1 -1 -1 -1 -1 -1 -1 29 -1 16 -1 27 -1 -1 -1 -1 0 -1 -1 -1 10 -1 -1 -1 25 -1 -1 -1 -1 -1 -1 -1 -1 -1 21 -1 -1 -1 -1 -1 -1 -1 -1 20 19 18 -1 -1 
-1 -1 -1 -1 4 5 6 -1 -1 -1 -1 -1 -1 3 -1 -1 -1 -1 -1 -1 -1 -1 2 -1 -1 -1 -1 -1 -1 -1 -1 -1 -1 -1 -1 15 -1 -1 -1 -1 -1 -1 -1 -1 -1 11 -1 -1 -1 29 -1 16 -1 27 -1 -1 -1 -1 0 -1 -1 -1 10 -1 -1 -1 25 -1 -1 -1 -1 -1 -1 -1 -1 -1 21 -1 -1 -1 -1 -1 -1 -1 -1 20 19 18 -1 -1 
-1 -1 -1 -1 4 5 6 -1 -1 -1 -1 -1 -1 3 -1 -1 -1 -1 -1 -1 -1 -1 2 -1 -1 -1 -1 -1 -1 -1 25 -1 -1 -1 -1 15 -1 -1 -1 -1 -1 -1 -1 -1 -1 11 -1 -1 -1 29 -1 16 -1 27 -1 -1 -1 -1 0 -1 -1 -1 10 -1 -1 -1 -1 -1 -1 -1 -1 -1 -1 -1 -1 -1 21 -1 -1 -1 -1 -1 -1 -1 -1 20 19 18 -1 -1 
-1 -1 -1 -1 4 5 6 -1 -1 -1 -1 -1 -1 3 -1 -1 -1 -1 -1 -1 -1 -1 2 -1 -1 -1 -1 -1 -1 -1 25 -1 -1 -1 -1 15 -1 -1 -1 -1 -1 -1 -1 -1 -1 -1 -1 -1 -1 29 -1 16 -1 27 11 -1 -1 -1 0 -1 -1 -1 10 -1 -1 -1 -1 -1 -1 -1 -1 -1 -1 -1 -1 -1 21 -1 -1 -1 -1 -1 -1 -1 -1 20 19 18 -1 -1 
-1 -1 -1 -1 4 5 6 -1 -1 -1 -1 -1 -1 3 -1 -1 -1 -1 -1 -1 -1 -1 2 -1 -1 -1 -1 -1 -1 -1 -1 25 -1 -1 -1 15 -1 -1 -1 -1 -1 -1 -1 -1 -1 -1 -1 -1 -1 29 -1 16 -1 27 11 -1 -1 -1 0 -1 -1 -1 10 -1 -1 -1 -1 -1 -1 -1 -1 -1 -1 -1 -1 -1 21 -1 -1 -1 -1 -1 -1 -1 -1 20 19 18 -1 -1 
-1 -1 -1 -1 4 5 6 -1 -1 -1 -1 -1 -1 3 -1 -1 -1 -1 -1 -1 -1 -1 2 -1 -1 -1 -1 -1 -1 -1 -1 25 -1 -1 -1 15 -1 -1 -1 -1 -1 -1 -1 -1 -1 -1 -1 -1 -1 29 -1 16 -1 27 11 0 -1 -1 -1 -1 -1 -1 10 -1 -1 -1 -1 -1 -1 -1 -1 -1 -1 -1 -1 -1 21 -1 -1 -1 -1 -1 -1 -1 -1 20 19 18 -1 -1 
-1 -1 -1 -1 4 5 6 -1 -1 -1 -1 -1 -1 3 -1 -1 -1 -1 -1 -1 -1 -1 2 -1 -1 -1 -1 -1 -1 -1 -1 25 -1 -1 -1 15 -1 -1 -1 -1 29 -1 -1 -1 -1 -1 -1 -1 -1 -1 -1 16 -1 27 11 0 -1 -1 -1 -1 -1 -1 10 -1 -1 -1 -1 -1 -1 -1 -1 -1 -1 -1 -1 -1 21 -1 -1 -1 -1 -1 -1 -1 -1 20 19 18 -1 -1 
-1 -1 -1 -1 4 5 6 -1 -1 -1 -1 -1 -1 3 -1 -1 -1 -1 -1 -1 -1 -1 2 -1 -1 -1 -1 -1 -1 -1 -1 25 -1 -1 -1 15 -1 -1 -1 -1 29 -1 -1 -1 -1 -1 -1 -1 -1 -1 -1 16 -1 27 11 -1 -1 -1 -1 -1 -1 -1 10 -1 -1 -1 -1 -1 -1 -1 -1 -1 -1 -1 -1 -1 21 -1 -1 -1 -1 -1 0 -1 -1 20 19 18 -1 -1 
-1 -1 -1 -1 4 5 6 -1 -1 -1 -1 -1 -1 3 -1 -1 -1 -1 -1 -1 -1 -1 2 -1 -1 -1 -1 -1 -1 -1 -1 25 -1 -1 -1 15 -1 -1 -1 -1 29 -1 -1 -1 -1 -1 -1 -1 -1 -1 -1 16 -1 27 11 -1 -1 -1 -1 -1 -1 -1 10 -1 -1 -1 -1 -1 -1 -1 -1 -1 -1 -1 -1 -1 -1 -1 -1 -1 -1 -1 0 -1 21 20 19 18 -1 -1 
-1 -1 -1 -1 4 5 6 -1 -1 -1 -1 -1 -1 3 -1 -1 -1 -1 -1 -1 -1 -1 2 -1 -1 -1 -1 -1 -1 -1 -1 25 -1 -1 -1 15 -1 0 -1 -1 29 -1 -1 -1 -1 -1 -1 -1 -1 -1 -1 16 -1 27 11 -1 -1 -1 -1 -1 -1 -1 10 -1 -1 -1 -1 -1 -1 -1 -1 -1 -1 -1 -1 -1 -1 -1 -1 -1 -1 -1 -1 -1 21 20 19 18 -1 -1 
-1 -1 -1 -1 4 5 6 -1 -1 -1 -1 -1 -1 3 -1 -1 -1 -1 -1 -1 -1 -1 2 -1 -1 -1 -1 -1 -1 -1 -1 25 -1 -1 -1 15 -1 0 -1 -1 29 -1 -1 -1 -1 -1 -1 -1 -1 16 -1 -1 -1 27 11 -1 -1 -1 -1 -1 -1 -1 10 -1 -1 -1 -1 -1 -1 -1 -1 -1 -1 -1 -1 -1 -1 -1 -1 -1 -1 -1 -1 -1 21 20 19 18 -1 -1 
-1 -1 -1 -1 4 5 6 -1 -1 -1 -1 -1 -1 3 -1 -1 -1 -1 -1 -1 -1 -1 2 -1 -1 -1 -1 -1 -1 -1 -1 25 -1 -1 -1 15 -1 0 -1 -1 29 -1 -1 -1 -1 -1 -1 -1 -1 16 -1 -1 -1 27 11 -1 -1 10 -1 -1 -1 -1 -1 -1 -1 -1 -1 -1 -1 -1 -1 -1 -1 -1 -1 -1 -1 -1 -1 -1 -1 -1 -1 -1 21 20 19 18 -1 -1 
-1 -1 -1 -1 4 5 6 -1 -1 -1 -1 -1 -1 3 -1 -1 -1 -1 -1 -1 -1 -1 2 -1 -1 -1 -1 -1 -1 -1 -1 25 -1 -1 -1 15 -1 0 -1 -1 29 -1 -1 -1 -1 -1 -1 -1 -1 16 -1 -1 -1 27 11 -1 -1 10 -1 -1 -1 -1 -1 -1 -1 -1 -1 18 -1 -1 -1 -1 -1 -1 -1 -1 -1 -1 -1 -1 -1 -1 -1 -1 21 20 19 -1 -1 -1 
-1 -1 -1 10 4 5 6 -1 -1 -1 -1 -1 -1 3 -1 -1 -1 -1 -1 -1 -1 -1 2 -1 -1 -1 -1 -1 -1 -1 -1 25 -1 -1 -1 15 -1 0 -1 -1 29 -1 -1 -1 -1 -1 -1 -1 -1 16 -1 -1 -1 27 11 -1 -1 -1 -1 -1 -1 -1 -1 -1 -1 -1 -1 18 -1 -1 -1 -1 -1 -1 -1 -1 -1 -1 -1 -1 -1 -1 -1 -1 21 20 19 -1 -1 -1 
-1 -1 -1 10 4 5 6 -1 -1 -1 -1 -1 -1 3 -1 -1 -1 -1 -1 -1 -1 -1 2 -1 -1 -1 -1 -1 -1 -1 25 -1 -1 -1 -1 15 -1 0 -1 -1 29 -1 -1 -1 -1 -1 -1 -1 -1 16 -1 -1 -1 27 11 -1 -1 -1 -1 -1 -1 -1 -1 -1 -1 -1 -1 18 -1 -1 -1 -1 -1 -1 -1 -1 -1 -1 -1 -1 -1 -1 -1 -1 21 20 19 -1 -1 -1 
-1 -1 -1 10 4 5 6 -1 -1 -1 -1 -1 -1 3 -1 -1 -1 -1 -1 -1 -1 -1 2 -1 -1 -1 -1 -1 -1 -1 25 -1 -1 -1 -1 15 -1 0 -1 -1 29 -1 -1 -1 -1 -1 -1 -1 -1 16 -1 -1 -1 27 -1 11 -1 -1 -1 -1 -1 -1 -1 -1 -1 -1 -1 18 -1 -1 -1 -1 -1 -1 -1 -1 -1 -1 -1 -1 -1 -1 -1 -1 21 20 19 -1 -1 -1 
-1 -1 -1 10 4 5 6 -1 -1 -1 -1 -1 -1 3 -1 -1 -1 -1 -1 -1 -1 -1 2 -1 -1 -1 -1 -1 -1 -1 25 29 -1 -1 -1 15 -1 0 -1 -1 -1 -1 -1 -1 -1 -1 -1 -1 -1 16 -1 -1 -1 27 -1 11 -1 -1 -1 -1 -1 -1 -1 -1 -1 -1 -1 18 -1 -1 -1 -1 -1 -1 -1 -1 -1 -1 -1 -1 -1 -1 -1 -1 21 20 19 -1 -1 -1 
-1 -1 -1 10 4 5 6 -1 -1 -1 -1 -1 -1 3 -1 -1 -1 -1 -1 -1 -1 -1 2 -1 -1 -1 -1 -1 -1 -1 25 29 -1 -1 -1 -1 -1 0 -1 -1 -1 -1 -1 -1 15 -1 -1 -1 -1 16 -1 -1 -1 27 -1 11 -1 -1 -1 -1 -1 -1 -1 -1 -1 -1 -1 18 -1 -1 -1 -1 -1 -1 -1 -1 -1 -1 -1 -1 -1 -1 -1 -1 21 20 19 -1 -1 -1 
-1 -1 -1 10 4 5 6 -1 -1 -1 -1 -1 -1 3 -1 -1 -1 -1 -1 -1 -1 -1 2 -1 -1 -1 -1 -1 -1 -1 25 29 -1 -1 -1 -1 -1 0 -1 -1 -1 -1 -1 -1 27 -1 -1 -1 -1 16 -1 -1 -1 -1 -1 11 -1 -1 -1 -1 -1 -1 -1 -1 -1 -1 -1 18 -1 -1 -1 -1 -1 -1 -1 -1 -1 -1 -1 -1 -1 -1 -1 -1 21 20 19 -1 -1 -1 
-1 -1 -1 10 4 5 6 -1 -1 -1 -1 -1 -1 3 -1 -1 -1 -1 -1 -1 -1 -1 2 -1 -1 -1 -1 -1 -1 -1 25 29 -1 -1 -1 -1 -1 -1 -1 -1 -1 -1 -1 -1 0 -1 -1 -1 -1 16 -1 -1 -1 -1 -1 11 -1 -1 -1 -1 -1 -1 -1 -1 -1 -1 -1 18 -1 -1 -1 -1 -1 -1 -1 -1 -1 -1 -1 -1 -1 -1 -1 -1 21 20 19 -1 -1 -1 
-1 -1 -1 10 4 5 6 -1 -1 -1 -1 -1 -1 3 -1 -1 -1 -1 -1 -1 -1 -1 29 -1 -1 -1 -1 -1 -1 -1 25 -1 -1 -1 -1 -1 -1 -1 -1 -1 -1 -1 -1 -1 0 -1 -1 -1 -1 16 -1 -1 -1 -1 -1 11 -1 -1 -1 -1 -1 -1 -1 -1 -1 -1 -1 18 -1 -1 -1 -1 -1 -1 -1 -1 -1 -1 -1 -1 -1 -1 -1 -1 21 20 19 -1 -1 -1 
-1 -1 -1 10 4 5 -1 -1 -1 -1 -1 -1 -1 3 -1 -1 -1 -1 -1 -1 -1 -1 6 -1 -1 -1 -1 -1 -1 -1 25 -1 -1 -1 -1 -1 -1 -1 -1 -1 -1 -1 -1 -1 0 -1 -1 -1 -1 16 -1 -1 -1 -1 -1 11 -1 -1 -1 -1 -1 -1 -1 -1 -1 -1 -1 18 -1 -1 -1 -1 -1 -1 -1 -1 -1 -1 -1 -1 -1 -1 -1 -1 21 20 19 -1 -1 -1 
-1 -1 -1 10 4 5 -1 -1 -1 -1 -1 -1 -1 3 -1 -1 -1 -1 -1 -1 -1 -1 16 -1 -1 -1 -1 -1 -1 -1 25 -1 -1 -1 -1 -1 -1 -1 -1 -1 -1 -1 -1 -1 0 -1 -1 -1 -1 -1 -1 -1 -1 -1 -1 11 -1 -1 -1 -1 -1 -1 -1 -1 -1 -1 -1 18 -1 -1 -1 -1 -1 -1 -1 -1 -1 -1 -1 -1 -1 -1 -1 -1 21 20 19 -1 -1 -1 
-1 -1 -1 10 4 5 -1 -1 -1 -1 -1 -1 -1 3 -1 -1 -1 -1 -1 -1 -1 -1 16 -1 -1 -1 -1 -1 -1 -1 25 -1 -1 -1 -1 0 -1 -1 -1 -1 -1 -1 -1 -1 -1 -1 -1 -1 -1 -1 -1 -1 -1 -1 -1 11 -1 -1 -1 -1 -1 -1 -1 -1 -1 -1 -1 18 -1 -1 -1 -1 -1 -1 -1 -1 -1 -1 -1 -1 -1 -1 -1 -1 21 20 19 -1 -1 -1 
-1 -1 -1 10 4 5 -1 -1 -1 -1 -1 -1 -1 3 -1 -1 -1 -1 -1 -1 -1 -1 16 -1 -1 -1 -1 -1 -1 -1 -1 -1 -1 -1 -1 0 -1 -1 -1 -1 -1 -1 -1 -1 -1 -1 -1 -1 25 -1 -1 -1 -1 -1 -1 11 -1 -1 -1 -1 -1 -1 -1 -1 -1 -1 -1 18 -1 -1 -1 -1 -1 -1 -1 -1 -1 -1 -1 -1 -1 -1 -1 -1 21 20 19 -1 -1 -1 
-1 -1 -1 -1 4 5 -1 -1 -1 -1 -1 -1 -1 3 -1 -1 -1 -1 -1 -1 -1 10 16 -1 -1 -1 -1 -1 -1 -1 -1 -1 -1 -1 -1 0 -1 -1 -1 -1 -1 -1 -1 -1 -1 -1 -1 -1 25 -1 -1 -1 -1 -1 -1 11 -1 -1 -1 -1 -1 -1 -1 -1 -1 -1 -1 18 -1 -1 -1 -1 -1 -1 -1 -1 -1 -1 -1 -1 -1 -1 -1 -1 21 20 19 -1 -1 -1 
-1 -1 -1 -1 4 5 -1 -1 -1 -1 -1 -1 -1 3 -1 -1 -1 -1 -1 -1 -1 10 16 -1 -1 -1 -1 -1 -1 -1 -1 -1 -1 -1 -1 0 -1 -1 -1 -1 -1 -1 -1 -1 -1 -1 -1 -1 -1 -1 -1 25 -1 -1 -1 11 -1 -1 -1 -1 -1 -1 -1 -1 -1 -1 -1 18 -1 -1 -1 -1 -1 -1 -1 -1 -1 -1 -1 -1 -1 -1 -1 -1 21 20 19 -1 -1 -1 
-1 -1 -1 4 -1 5 -1 -1 -1 -1 -1 -1 -1 3 -1 -1 -1 -1 -1 -1 -1 10 16 -1 -1 -1 -1 -1 -1 -1 -1 -1 -1 -1 -1 0 -1 -1 -1 -1 -1 -1 -1 -1 -1 -1 -1 -1 -1 -1 -1 25 -1 -1 -1 11 -1 -1 -1 -1 -1 -1 -1 -1 -1 -1 -1 18 -1 -1 -1 -1 -1 -1 -1 -1 -1 -1 -1 -1 -1 -1 -1 -1 21 20 19 -1 -1 -1 
-1 -1 -1 4 -1 5 -1 -1 -1 -1 -1 -1 -1 3 -1 -1 -1 -1 -1 -1 -1 10 -1 -1 -1 -1 -1 -1 -1 -1 -1 -1 -1 -1 -1 0 -1 -1 -1 -1 -1 -1 -1 -1 -1 -1 -1 -1 -1 -1 -1 25 -1 -1 -1 11 -1 -1 16 -1 -1 -1 -1 -1 -1 -1 -1 18 -1 -1 -1 -1 -1 -1 -1 -1 -1 -1 -1 -1 -1 -1 -1 -1 21 20 19 -1 -1 -1 
-1 -1 -1 4 -1 5 -1 -1 -1 -1 -1 -1 -1 3 -1 -1 -1 -1 -1 -1 -1 10 -1 -1 -1 -1 -1 -1 0 -1 -1 -1 -1 -1 -1 -1 -1 -1 -1 -1 -1 -1 -1 -1 -1 -1 -1 -1 -1 -1 -1 25 -1 -1 -1 11 -1 -1 16 -1 -1 -1 -1 -1 -1 -1 -1 18 -1 -1 -1 -1 -1 -1 -1 -1 -1 -1 -1 -1 -1 -1 -1 -1 21 20 19 -1 -1 -1 
-1 -1 -1 4 -1 5 -1 -1 -1 -1 -1 -1 -1 3 -1 -1 -1 -1 -1 -1 -1 10 -1 -1 -1 -1 -1 -1 0 -1 -1 -1 -1 -1 -1 -1 -1 -1 -1 -1 -1 -1 -1 -1 -1 -1 -1 -1 -1 -1 -1 25 -1 -1 -1 11 -1 16 -1 -1 -1 -1 -1 -1 -1 -1 -1 18 -1 -1 -1 -1 -1 -1 -1 -1 -1 -1 -1 -1 -1 -1 -1 -1 21 20 19 -1 -1 -1 
