0 1 2 3 4 5 6 7 8 -1 -1 -1 -1 -1 -1 -1 -1 -1 -1 9 -1 -1 -1 -1 -1 10 -1 11 -1 12 -1 28 -1 14 -1 15 -1 -1 -1 -1 -1 -1 -1 -1 -1 -1 -1 30 -1 -1 -1 -1 -1 -1 -1 -1 -1 -1 29 -1 -1 -1 27 -1 26 -1 -1 -1 -1 -1 25 -1 -1 -1 -1 -1 -1 -1 -1 -1 -1 24 23 22 21 20 19 18 17 16 
0 1 2 3 4 5 6 7 8 -1 -1 -1 -1 -1 -1 -1 -1 -1 -1 -1 9 -1 -1 -1 -1 10 -1 11 -1 12 -1 28 -1 14 -1 15 -1 -1 -1 -1 -1 -1 -1 -1 -1 -1 -1 30 -1 -1 -1 -1 -1 -1 -1 -1 -1 -1 29 -1 -1 -1 27 -1 26 -1 -1 -1 -1 -1 25 -1 -1 -1 -1 -1 -1 -1 -1 -1 -1 24 23 22 21 20 19 18 17 16 
0 1 2 3 4 5 6 7 8 -1 -1 -1 -1 -1 -1 -1 -1 -1 -1 -1 9 -1 -1 -1 -1 10 -1 11 -1 12 -1 28 -1 14 -1 15 -1 -1 -1 -1 -1 -1 -1 -1 -1 -1 -1 30 -1 -1 -1 -1 -1 -1 -1 -1 -1 -1 29 -1 -1 -1 27 -1 26 -1 -1 25 -1 -1 -1 -1 -1 -1 -1 -1 -1 -1 -1 -1 -1 24 23 22 21 20 19 18 17 16 
0 1 -1 3 4 5 6 7 8 -1 -1 -1 -1 -1 -1 -1 -1 -1 -1 -1 9 -1 2 -1 -1 10 -1 11 -1 12 -1 28 -1 14 -1 15 -1 -1 -1 -1 -1 -1 -1 -1 -1 -1 -1 30 -1 -1 -1 -1 -1 -1 -1 -1 -1 -1 29 -1 -1 -1 27 -1 26 -1 -1 25 -1 -1 -1 -1 -1 -1 -1 -1 -1 -1 -1 -1 -1 24 23 22 21 20 19 18 17 16 
0 1 -1 3 4 5 6 7 8 -1 -1 -1 -1 -1 -1 -1 -1 -1 -1 -1 9 -1 2 -1 -1 10 -1 11 -1 12 -1 28 -1 14 -1 15 -1 -1 -1 -1 -1 -1 -1 -1 -1 -1 -1 30 -1 -1 -1 -1 -1 -1 -1 -1 -1 -1 29 -1 -1 -1 27 -1 26 -1 -1 25 -1 17 -1 -1 -1 -1 -1 -1 -1 -1 -1 -1 -1 24 23 22 21 20 19 18 -1 16 
0 1 -1 3 4 5 6 7 8 -1 -1 -1 -1 -1 -1 -1 -1 -1 -1 -1 9 -1 2 -1 -1 10 -1 11 -1 -1 -1 28 -1 14 -1 15 -1 -1 12 -1 -1 -1 -1 -1 -1 -1 -1 30 -1 -1 -1 -1 -1 -1 -1 -1 -1 -1 29 -1 -1 -1 27 -1 26 -1 -1 25 -1 17 -1 -1 -1 -1 -1 -1 -1 -1 -1 -1 -1 24 23 22 21 20 19 18 -1 16 
0 1 -1 3 4 5 6 7 8 -1 -1 -1 -1 -1 -1 -1 -1 -1 -1 -1 9 -1 2 -1 -1 10 -1 11 -1 -1 -1 28 -1 14 -1 15 -1 -1 12 -1 -1 -1 -1 -1 -1 -1 -1 30 -1 -1 -1 -1 -1 -1 -1 -1 -1 -1 29 -1 -1 -1 27 23 26 -1 -1 25 -1 17 -1 -1 -1 -1 -1 -1 -1 -1 -1 -1 -1 24 -1 22 21 20 19 18 -1 16 
0 1 -1 3 4 5 6 7 8 -1 -1 -1 -1 -1 -1 -1 -1 -1 -1 -1 9 -1 2 -1 -1 10 -1 11 -1 -1 -1 28 -1 14 -1 15 -1 -1 -1 -1 -1 -1 -1 -1 -1 -1 -1 12 -1 -1 -1 -1 -1 -1 -1 -1 -1 -1 29 -1 -1 -1 27 23 26 -1 -1 25 -1 17 -1 -1 -1 -1 -1 -1 -1 -1 -1 -1 -1 24 -1 22 21 20 19 18 -1 16 
0 1 -1 3 4 5 6 7 8 -1 -1 -1 -1 -1 -1 -1 -1 -1 -1 -1 9 -1 2 -1 -1 10 -1 11 -1 -1 -1 28 -1 14 -1 15 -1 -1 -1 -1 -1 -1 -1 -1 -1 -1 -1 12 -1 -1 -1 -1 -1 -1 -1 -1 -1 -1 29 -1 -1 -1 27 23 26 -1 -1 25 -1 17 -1 -1 -1 -1 -1 -1 -1 -1 -1 -1 -1 24 -1 22 21 20 19 18 16 -1 
0 1 -1 3 4 5 6 7 -1 -1 -1 -1 -1 -1 -1 -1 -1 8 -1 -1 9 -1 2 -1 -1 10 -1 11 -1 -1 -1 28 -1 14 -1 15 -1 -1 -1 -1 -1 -1 -1 -1 -1 -1 -1 12 -1 -1 -1 -1 -1 -1 -1 -1 -1 -1 29 -1 -1 -1 27 23 26 -1 -1 25 -1 17 -1 -1 -1 -1 -1 -1 -1 -1 -1 -1 -1 24 -1 22 21 20 19 18 16 -1 
0 1 -1 3 4 5 6 7 -1 -1 -1 -1 -1 -1 -1 -1 -1 8 -1 -1 9 -1 2 -1 -1 10 -1 11 -1 -1 -1 28 -1 14 -1 15 -1 -1 -1 -1 -1 -1 -1 -1 -1 -1 -1 12 -1 -1 -1 -1 -1 -1 -1 -1 -1 -1 29 -1 -1 -1 27 23 26 -1 -1 25 -1 17 -1 -1 -1 -1 -1 -1 -1 -1 -1 -1 -1 -1 24 22 21 20 19 18 16 -1 
0 1 -1 3 4 5 6 7 -1 -1 -1 -1 8 -1 -1 -1 -1 -1 -1 -1 9 -1 2 -1 -1 10 -1 11 -1 -1 -1 28 -1 14 -1 15 -1 -1 -1 -1 -1 -1 -1 -1 -1 -1 -1 12 -1 -1 -1 -1 -1 -1 -1 -1 -1 -1 29 -1 -1 -1 27 23 26 -1 -1 25 -1 17 -1 -1 -1 -1 -1 -1 -1 -1 -1 -1 -1 -1 24 22 21 20 19 18 16 -1 
0 1 -1 3 4 5 6 7 -1 -1 -1 -1 8 -1 -1 -1 -1 -1 -1 -1 9 -1 2 -1 -1 10 -1 11 -1 -1 -1 28 -1 14 -1 15 -1 -1 -1 -1 -1 -1 -1 -1 -1 -1 -1 12 -1 -1 -1 -1 -1 -1 -1 -1 -1 -1 29 -1 -1 -1 27 23 26 -1 -1 25 -1 17 -1 -1 -1 -1 -1 -1 21 -1 -1 -1 -1 -1 24 22 -1 20 19 18 16 -1 
0 1 -1 3 4 5 6 7 -1 -1 -1 -1 -1 -1 -1 -1 -1 -1 -1 -1 9 -1 2 -1 -1 10 -1 11 -1 -1 8 28 -1 14 -1 15 -1 -1 -1 -1 -1 -1 -1 -1 -1 -1 -1 12 -1 -1 -1 -1 -1 -1 -1 -1 -1 -1 29 -1 -1 -1 27 23 26 -1 -1 25 -1 17 -1 -1 -1 -1 -1 -1 21 -1 -1 -1 -1 -1 24 22 -1 20 19 18 16 -1 
0 1 -1 3 4 5 6 7 -1 -1 -1 -1 -1 -1 -1 -1 -1 -1 -1 -1 9 -1 2 -1 -1 10 -1 11 -1 -1 8 28 -1 14 -1 15 -1 -1 -1 -1 -1 -1 -1 -1 -1 -1 -1 12 -1 -1 -1 28 -1 -1 -1 -1 -1 -1 29 -1 -1 -1 27 23 26 -1 -1 25 -1 17 -1 -1 -1 -1 -1 -1 21 -1 -1 -1 -1 -1 24 22 -1 20 19 18 16 -1 
0 1 -1 3 4 5 6 -1 -1 -1 -1 -1 -1 -1 -1 -1 -1 -1 -1 -1 9 -1 2 -1 -1 10 7 11 -1 -1 8 28 -1 14 -1 15 -1 -1 -1 -1 -1 -1 -1 -1 -1 -1 -1 12 -1 -1 -1 28 -1 -1 -1 -1 -1 -1 29 -1 -1 -1 27 23 26 -1 -1 25 -1 17 -1 -1 -1 -1 -1 -1 21 -1 -1 -1 -1 -1 24 22 -1 20 19 18 16 -1 
0 1 -1 3 4 5 6 -1 -1 -1 -1 -1 -1 -1 -1 -1 -1 -1 -1 -1 9 -1 2 -1 -1 10 7 11 -1 -1 8 28 -1 14 -1 15 -1 -1 -1 -1 -1 -1 -1 -1 -1 -1 -1 12 -1 -1 -1 28 -1 -1 -1 -1 -1 -1 29 -1 -1 -1 27 23 -1 -1 26 25 -1 17 -1 -1 -1 -1 -1 -1 21 -1 -1 -1 -1 -1 24 22 -1 20 19 18 16 -1 
0 1 -1 3 4 5 6 -1 -1 -1 -1 -1 -1 -1 -1 -1 -1 -1 -1 -1 9 -1 2 -1 -1 10 7 11 -1 -1 8 28 -1 14 -1 -1 -1 -1 -1 -1 -1 -1 -1 -1 15 -1 -1 12 -1 -1 -1 28 -1 -1 -1 -1 -1 -1 29 -1 -1 -1 27 23 -1 -1 26 25 -1 17 -1 -1 -1 -1 -1 -1 21 -1 -1 -1 -1 -1 24 22 -1 20 19 18 16 -1 
0 1 -1 3 4 5 6 -1 -1 -1 -1 -1 -1 -1 -1 -1 -1 -1 -1 -1 9 -1 2 -1 -1 10 7 11 -1 -1 8 28 -1 14 -1 -1 -1 -1 -1 -1 -1 -1 -1 -1 15 -1 -1 12 -1 -1 17 28 -1 -1 -1 -1 -1 -1 29 -1 -1 -1 27 23 -1 -1 26 25 -1 -1 -1 -1 -1 -1 -1 -1 21 -1 -1 -1 -1 -1 24 22 -1 20 19 18 16 -1 
0 -1 -1 3 4 5 6 -1 -1 -1 -1 -1 -1 -1 -1 -1 -1 -1 1 -1 9 -1 2 -1 -1 10 7 11 -1 -1 8 28 -1 14 -1 -1 -1 -1 -1 -1 -1 -1 -1 -1 15 -1 -1 12 -1 -1 17 28 -1 -1 -1 -1 -1 -1 29 -1 -1 -1 27 23 -1 -1 26 25 -1 -1 -1 -1 -1 -1 -1 -1 21 -1 -1 -1 -1 -1 24 22 -1 20 19 18 16 -1 
0 -1 -1 3 4 5 6 -1 -1 -1 -1 -1 -1 -1 -1 -1 -1 -1 1 -1 9 -1 2 -1 -1 10 7 11 -1 -1 8 28 -1 14 -1 -1 -1 -1 -1 -1 -1 -1 -1 -1 15 -1 -1 12 -1 29 17 28 -1 -1 -1 -1 -1 -1 -1 -1 -1 -1 27 23 -1 -1 26 25 -1 -1 -1 -1 -1 -1 -1 -1 21 -1 -1 -1 -1 -1 24 22 -1 20 19 18 16 -1 
0 -1 -1 -1 4 5 6 -1 -1 -1 -1 -1 -1 3 -1 -1 -1 -1 1 -1 9 -1 2 -1 -1 10 7 11 -1 -1 8 28 -1 14 -1 -1 -1 -1 -1 -1 -1 -1 -1 -1 15 -1 -1 12 -1 29 17 28 -1 -1 -1 -1 -1 -1 -1 -1 -1 -1 27 23 -1 -1 26 25 -1 -1 -1 -1 -1 -1 -1 -1 21 -1 -1 -1 -1 -1 24 22 -1 20 19 18 16 -1 
0 -1 -1 -1 4 5 6 -1 -1 -1 -1 -1 -1 3 -1 -1 -1 -1 1 -1 9 -1 2 -1 -1 10 7 11 -1 -1 8 28 -1 17 -1 -1 -1 -1 -1 -1 -1 -1 -1 -1 15 -1 -1 12 -1 29 -1 28 -1 -1 -1 -1 -1 -1 -1 -1 -1 -1 27 23 -1 -1 26 25 -1 -1 -1 -1 -1 -1 -1 -1 21 -1 -1 -1 -1 -1 24 22 -1 20 19 18 16 -1 
-1 0 -1 -1 4 5 6 -1 -1 -1 -1 -1 -1 3 -1 -1 -1 -1 1 -1 9 -1 2 -1 -1 10 7 11 -1 -1 8 28 -1 17 -1 -1 -1 -1 -1 -1 -1 -1 -1 -1 15 -1 -1 12 -1 29 -1 28 -1 -1 -1 -1 -1 -1 -1 -1 -1 -1 27 23 -1 -1 26 25 -1 -1 -1 -1 -1 -1 -1 -1 21 -1 -1 -1 -1 -1 24 22 -1 20 19 18 16 -1 
-1 24 -1 -1 4 5 6 -1 -1 -1 -1 -1 -1 3 -1 -1 -1 -1 1 -1 9 -1 2 -1 -1 10 7 11 -1 -1 8 28 -1 17 -1 -1 -1 -1 -1 -1 -1 -1 -1 -1 15 -1 -1 12 -1 29 -1 28 -1 -1 -1 -1 -1 -1 -1 -1 -1 -1 27 23 -1 -1 26 25 -1 -1 -1 -1 -1 -1 -1 -1 21 -1 -1 -1 -1 -1 -1 22 -1 20 19 18 16 -1 
-1 1 -1 -1 4 5 6 -1 -1 -1 -1 -1 -1 3 -1 -1 -1 -1 -1 -1 9 -1 2 -1 -1 10 7 11 -1 -1 8 28 -1 17 -1 -1 -1 -1 -1 -1 -1 -1 -1 -1 15 -1 -1 12 -1 29 -1 28 -1 -1 -1 -1 -1 -1 -1 -1 -1 -1 27 23 -1 -1 26 25 -1 -1 -1 -1 -1 -1 -1 -1 21 -1 -1 -1 -1 -1 -1 22 -1 20 19 18 16 -1 
-1 1 -1 -1 4 5 6 -1 -1 -1 -1 -1 -1 3 -1 -1 -1 -1 -1 -1 9 -1 2 -1 -1 10 7 11 -1 -1 8 28 -1 17 -1 -1 -1 -1 -1 -1 -1 -1 28 -1 15 -1 -1 12 -1 29 -1 -1 -1 -1 -1 -1 -1 -1 -1 -1 -1 -1 27 23 -1 -1 26 25 -1 -1 -1 -1 -1 -1 -1 -1 21 -1 -1 -1 -1 -1 -1 22 -1 20 19 18 16 -1 
-1 1 -1 -1 4 5 6 -1 -1 -1 -1 -1 -1 3 -1 -1 -1 -1 -1 -1 9 -1 2 -1 10 -1 7 11 -1 -1 8 28 -1 17 -1 -1 -1 -1 -1 -1 -1 -1 28 -1 15 -1 -1 12 -1 29 -1 -1 -1 -1 -1 -1 -1 -1 -1 -1 -1 -1 27 23 -1 -1 26 25 -1 -1 -1 -1 -1 -1 -1 -1 21 -1 -1 -1 -1 -1 -1 22 -1 20 19 18 16 -1 
-1 1 -1 -1 4 5 6 -1 -1 -1 -1 -1 -1 3 -1 -1 -1 -1 -1 -1 9 -1 2 -1 10 -1 17 11 -1 -1 8 28 -1 -1 -1 -1 -1 -1 -1 -1 -1 -1 28 -1 15 -1 -1 12 -1 29 -1 -1 -1 -1 -1 -1 -1 -1 -1 -1 -1 -1 27 23 -1 -1 26 25 -1 -1 -1 -1 -1 -1 -1 -1 21 -1 -1 -1 -1 -1 -1 22 -1 20 19 18 16 -1 
-1 1 -1 -1 4 5 -1 -1 -1 -1 -1 -1 -1 3 -1 -1 -1 -1 -1 -1 9 -1 2 -1 10 -1 6 11 -1 -1 8 28 -1 -1 -1 -1 -1 -1 -1 -1 -1 -1 28 -1 15 -1 -1 12 -1 29 -1 -1 -1 -1 -1 -1 -1 -1 -1 -1 -1 -1 27 23 -1 -1 26 25 -1 -1 -1 -1 -1 -1 -1 -1 21 -1 -1 -1 -1 -1 -1 22 -1 20 19 18 16 -1 
-1 1 -1 -1 4 5 -1 -1 -1 -1 -1 -1 -1 3 -1 -1 -1 -1 -1 -1 9 -1 2 -1 10 -1 6 11 -1 -1 8 28 -1 28 -1 -1 -1 -1 -1 -1 -1 -1 -1 -1 15 -1 -1 12 -1 29 -1 -1 -1 -1 -1 -1 -1 -1 -1 -1 -1 -1 27 23 -1 -1 26 25 -1 -1 -1 -1 -1 -1 -1 -1 21 -1 -1 -1 -1 -1 -1 22 -1 20 19 18 16 -1 
-1 1 -1 -1 4 5 10 -1 -1 -1 -1 -1 -1 3 -1 -1 -1 -1 -1 -1 9 -1 2 -1 -1 -1 6 11 -1 -1 8 28 -1 28 -1 -1 -1 -1 -1 -1 -1 -1 -1 -1 15 -1 -1 12 -1 29 -1 -1 -1 -1 -1 -1 -1 -1 -1 -1 -1 -1 27 23 -1 -1 26 25 -1 -1 -1 -1 -1 -1 -1 -1 21 -1 -1 -1 -1 -1 -1 22 -1 20 19 18 16 -1 
-1 1 -1 -1 4 5 10 -1 -1 -1 -1 -1 -1 3 -1 -1 -1 -1 -1 -1 9 -1 2 -1 -1 -1 6 11 -1 -1 8 28 28 -1 -1 -1 -1 -1 -1 -1 -1 -1 -1 -1 15 -1 -1 12 -1 29 -1 -1 -1 -1 -1 -1 -1 -1 -1 -1 -1 -1 27 23 -1 -1 26 25 -1 -1 -1 -1 -1 -1 -1 -1 21 -1 -1 -1 -1 -1 -1 22 -1 20 19 18 16 -1 
-1 1 -1 -1 4 5 -1 -1 -1 -1 -1 -1 -1 3 -1 -1 -1 -1 -1 -1 9 -1 2 -1 -1 -1 6 11 -1 -1 8 28 28 -1 -1 -1 -1 -1 -1 -1 -1 -1 -1 -1 15 -1 -1 12 -1 29 -1 -1 -1 -1 -1 -1 -1 -1 -1 -1 10 -1 27 23 -1 -1 26 25 -1 -1 -1 -1 -1 -1 -1 -1 21 -1 -1 -1 -1 -1 -1 22 -1 20 19 18 16 -1 
-1 1 -1 -1 4 5 -1 -1 -1 -1 -1 -1 -1 3 -1 -1 -1 -1 -1 -1 9 -1 2 -1 -1 -1 6 11 -1 -1 8 28 28 -1 -1 -1 -1 -1 -1 -1 -1 -1 -1 -1 15 -1 -1 12 -1 29 -1 -1 -1 -1 -1 -1 -1 -1 -1 -1 10 16 27 23 -1 -1 26 25 -1 -1 -1 -1 -1 -1 -1 -1 21 -1 -1 -1 -1 -1 -1 22 -1 20 19 18 -1 -1 
-1 1 -1 -1 4 5 -1 -1 -1 -1 -1 -1 -1 3 -1 -1 -1 -1 -1 -1 9 -1 2 -1 -1 -1 6 11 -1 -1 -1 28 28 -1 -1 -1 -1 -1 -1 -1 -1 -1 -1 -1 15 -1 -1 12 -1 29 -1 -1 -1 -1 -1 -1 -1 8 -1 -1 10 16 27 23 -1 -1 26 25 -1 -1 -1 -1 -1 -1 -1 -1 21 -1 -1 -1 -1 -1 -1 22 -1 20 19 18 -1 -1 
-1 1 -1 -1 4 5 -1 -1 -1 -1 -1 -1 -1 3 -1 -1 -1 -1 -1 -1 9 -1 2 -1 -1 -1 6 11 -1 -1 -1 25 28 -1 -1 -1 -1 -1 -1 -1 -1 -1 -1 -1 15 -1 -1 12 -1 29 -1 -1 -1 -1 -1 -1 -1 8 -1 -1 10 16 27 23 -1 -1 26 -1 -1 -1 -1 -1 -1 -1 -1 -1 21 -1 -1 -1 -1 -1 -1 22 -1 20 19 18 -1 -1 
-1 1 -1 -1 4 5 -1 -1 -1 -1 -1 -1 -1 3 -1 -1 -1 -1 -1 -1 9 -1 2 -1 -1 -1 6 11 -1 -1 -1 25 28 -1 -1 -1 -1 -1 -1 -1 -1 -1 -1 -1 15 -1 -1 -1 -1 29 -1 -1 -1 -1 -1 -1 12 8 -1 -1 10 16 27 23 -1 -1 26 -1 -1 -1 -1 -1 -1 -1 -1 -1 21 -1 -1 -1 -1 -1 -1 22 -1 20 19 18 -1 -1 
-1 1 -1 -1 4 5 -1 -1 -1 -1 -1 -1 -1 3 -1 -1 -1 -1 -1 -1 9 -1 2 -1 -1 -1 6 11 -1 -1 -1 25 28 -1 -1 -1 -1 -1 -1 -1 -1 -1 -1 -1 15 31 -1 -1 -1 29 -1 -1 -1 -1 -1 -1 12 8 -1 -1 10 16 27 23 -1 -1 26 -1 -1 -1 -1 -1 -1 -1 -1 -1 21 -1 -1 -1 -1 -1 -1 22 -1 20 19 18 -1 -1 
-1 1 -1 -1 4 5 -1 -1 -1 -1 -1 -1 -1 3 -1 -1 -1 -1 -1 -1 9 -1 2 -1 -1 -1 6 11 -1 -1 -1 25 28 -1 -1 -1 -1 -1 -1 -1 -1 -1 -1 -1 15 31 -1 -1 -1 29 -1 -1 -1 -1 -1 -1 -1 8 -1 -1 10 16 27 23 -1 12 26 -1 -1 -1 -1 -1 -1 -1 -1 -1 21 -1 -1 -1 -1 -1 -1 22 -1 20 19 18 -1 -1 
-1 1 -1 -1 4 5 -1 -1 -1 -1 -1 -1 -1 3 -1 -1 -1 -1 -1 -1 9 -1 2 -1 -1 -1 6 11 -1 -1 -1 25 28 -1 -1 -1 -1 -1 -1 -1 -1 -1 -1 -1 15 31 23 -1 -1 29 -1 -1 -1 -1 -1 -1 -1 8 -1 -1 10 16 27 -1 -1 12 26 -1 -1 -1 -1 -1 -1 -1 -1 -1 21 -1 -1 -1 -1 -1 -1 22 -1 20 19 18 -1 -1 
-1 1 -1 -1 4 5 -1 -1 -1 -1 -1 -1 -1 3 -1 -1 -1 -1 -1 -1 9 -1 2 -1 -1 -1 6 11 -1 -1 -1 25 28 -1 -1 -1 -1 -1 -1 -1 -1 -1 -1 -1 15 31 23 -1 -1 29 -1 -1 -1 -1 -1 8 -1 -1 -1 -1 10 16 27 -1 -1 12 26 -1 -1 -1 -1 -1 -1 -1 -1 -1 21 -1 -1 -1 -1 -1 -1 22 -1 20 19 18 -1 -1 
-1 1 -1 -1 4 5 -1 -1 -1 -1 -1 -1 -1 3 -1 -1 -1 -1 -1 -1 9 26 2 -1 -1 -1 6 11 -1 -1 -1 25 28 -1 -1 -1 -1 -1 -1 -1 -1 -1 -1 -1 15 31 23 -1 -1 29 -1 -1 -1 -1 -1 8 -1 -1 -1 -1 10 16 27 -1 -1 12 -1 -1 -1 -1 -1 -1 -1 -1 -1 -1 21 -1 -1 -1 -1 -1 -1 22 -1 20 19 18 -1 -1 
-1 1 -1 -1 4 5 6 -1 -1 -1 -1 -1 -1 3 -1 -1 -1 -1 -1 -1 9 26 2 -1 -1 -1 -1 11 -1 -1 -1 25 28 -1 -1 -1 -1 -1 -1 -1 -1 -1 -1 -1 15 31 23 -1 -1 29 -1 -1 -1 -1 -1 8 -1 -1 -1 -1 10 16 27 -1 -1 12 -1 -1 -1 -1 -1 -1 -1 -1 -1 -1 21 -1 -1 -1 -1 -1 -1 22 -1 20 19 18 -1 -1 
-1 1 -1 -1 4 5 6 -1 -1 -1 -1 -1 -1 3 -1 -1 -1 -1 -1 -1 9 26 2 -1 -1 -1 -1 11 -1 -1 -1 25 28 -1 -1 -1 -1 -1 -1 -1 -1 -1 -1 -1 15 31 23 -1 -1 29 -1 -1 -1 -1 -1 8 -1 -1 -1 -1 10 16 27 -1 -1 12 -1 22 -1 -1 -1 -1 -1 -1 -1 -1 21 -1 -1 -1 -1 -1 -1 -1 -1 20 19 18 -1 -1 
-1 1 -1 -1 4 5 6 -1 -1 -1 -1 -1 -1 3 -1 -1 -1 -1 -1 -1 9 26 2 -1 -1 -1 -1 11 -1 -1 -1 25 28 -1 -1 -1 -1 -1 -1 -1 -1 -1 -1 -1 15 31 23 -1 -1 29 -1 -1 -1 -1 -1 8 -1 -1 -1 -1 10 16 27 -1 -1 -1 -1 22 -1 -1 -1 -1 -1 -1 12 -1 21 -1 -1 -1 -1 -1 -1 -1 -1 20 19 18 -1 -1 
-1 1 -1 -1 4 5 6 -1 -1 -1 -1 -1 -1 3 -1 -1 -1 -1 -1 -1 9 26 2 -1 -1 -1 -1 11 -1 -1 -1 25 28 -1 -1 -1 -1 -1 -1 23 -1 -1 -1 -1 15 31 -1 -1 -1 29 -1 -1 -1 -1 -1 8 -1 -1 -1 -1 10 16 27 -1 -1 -1 -1 22 -1 -1 -1 -1 -1 -1 12 -1 21 -1 -1 -1 -1 -1 -1 -1 -1 20 19 18 -1 -1 
-1 1 -1 -1 4 5 6 -1 -1 -1 -1 -1 -1 3 -1 -1 -1 -1 -1 -1 -1 26 2 -1 -1 -1 -1 11 -1 -1 -1 25 28 -1 -1 -1 -1 -1 -1 23 -1 -1 -1 -1 15 31 -1 -1 -1 29 -1 -1 -1 -1 -1 8 -1 -1 -1 -1 10 16 27 -1 -1 9 -1 22 -1 -1 -1 -1 -1 -1 12 -1 21 -1 -1 -1 -1 -1 -1 -1 -1 20 19 18 -1 -1 
-1 1 -1 -1 4 5 6 -1 -1 -1 -1 -1 -1 3 -1 -1 -1 -1 -1 -1 -1 26 2 -1 -1 -1 -1 11 -1 -1 -1 25 28 -1 -1 -1 -1 -1 -1 23 -1 -1 -1 -1 15 31 -1 -1 -1 29 -1 -1 -1 -1 -1 8 -1 -1 -1 -1 10 16 27 -1 -1 9 -1 22 -1 -1 -1 -1 -1 -1 12 -1 -1 -1 -1 -1 -1 -1 -1 -1 21 20 19 18 -1 -1 
-1 -1 -1 -1 4 5 6 -1 -1 -1 -1 -1 -1 3 -1 -1 -1 -1 -1 -1 1 26 2 -1 -1 -1 -1 11 -1 -1 -1 25 28 -1 -1 -1 -1 -1 -1 23 -1 -1 -1 -1 15 31 -1 -1 -1 29 -1 -1 -1 -1 -1 8 -1 -1 -1 -1 10 16 27 -1 -1 9 -1 22 -1 -1 -1 -1 -1 -1 12 -1 -1 -1 -1 -1 -1 -1 -1 -1 21 20 19 18 -1 -1 
-1 -1 -1 -1 4 5 6 -1 -1 -1 -1 -1 -1 3 -1 -1 -1 -1 -1 -1 1 26 2 -1 -1 -1 -1 11 -1 -1 -1 25 28 -1 -1 -1 -1 -1 -1 23 29 -1 -1 -1 15 31 -1 -1 -1 -1 -1 -1 -1 -1 -1 8 -1 -1 -1 -1 10 16 27 -1 -1 9 -1 22 -1 -1 -1 -1 -1 -1 12 -1 -1 -1 -1 -1 -1 -1 -1 -1 21 20 19 18 -1 -1 
-1 -1 -1 -1 4 5 6 -1 -1 -1 -1 -1 -1 3 -1 -1 -1 -1 -1 -1 -1 26 2 -1 -1 -1 -1 11 -1 -1 -1 25 28 -1 -1 -1 -1 -1 -1 1 29 -1 -1 -1 15 31 -1 -1 -1 -1 -1 -1 -1 -1 -1 8 -1 -1 -1 -1 10 16 27 -1 -1 9 -1 22 -1 -1 -1 -1 -1 -1 12 -1 -1 -1 -1 -1 -1 -1 -1 -1 21 20 19 18 -1 -1 
-1 -1 -1 -1 4 5 6 -1 -1 -1 -1 -1 -1 3 -1 -1 -1 -1 -1 -1 -1 26 2 -1 -1 -1 -1 11 -1 -1 -1 25 28 -1 -1 -1 -1 -1 -1 29 -1 -1 -1 -1 15 31 -1 -1 -1 -1 -1 -1 -1 -1 -1 8 -1 -1 -1 -1 10 16 27 -1 -1 9 -1 22 -1 -1 -1 -1 -1 -1 12 -1 -1 -1 -1 -1 -1 -1 -1 -1 21 20 19 18 -1 -1 
-1 -1 -1 -1 4 5 6 -1 -1 -1 -1 -1 -1 3 -1 -1 -1 -1 -1 -1 -1 26 2 -1 -1 -1 -1 11 -1 -1 -1 25 28 -1 -1 -1 -1 -1 -1 29 -1 -1 -1 -1 15 31 -1 -1 -1 -1 -1 -1 -1 -1 -1 8 -1 -1 -1 -1 10 16 27 -1 9 -1 -1 22 -1 -1 -1 -1 -1 -1 12 -1 -1 -1 -1 -1 -1 -1 -1 -1 21 20 19 18 -1 -1 
-1 -1 -1 -1 4 5 6 -1 -1 -1 -1 -1 -1 3 -1 -1 -1 -1 -1 -1 -1 26 2 -1 -1 -1 -1 11 -1 -1 -1 25 28 -1 -1 -1 -1 -1 -1 29 -1 -1 -1 -1 15 31 -1 -1 -1 -1 -1 -1 -1 -1 -1 8 -1 -1 -1 -1 10 16 27 -1 9 -1 -1 -1 -1 -1 -1 -1 -1 -1 12 -1 -1 -1 -1 -1 -1 -1 -1 22 21 20 19 18 -1 -1 
-1 -1 -1 -1 4 5 6 -1 -1 -1 -1 -1 -1 3 -1 -1 -1 -1 -1 -1 -1 26 2 -1 -1 -1 -1 11 -1 -1 -1 25 28 -1 -1 -1 -1 -1 -1 29 -1 -1 -1 -1 15 31 -1 -1 -1 -1 -1 -1 -1 -1 -1 8 10 -1 -1 -1 -1 16 27 -1 9 -1 -1 -1 -1 -1 -1 -1 -1 -1 12 -1 -1 -1 -1 -1 -1 -1 -1 22 21 20 19 18 -1 -1 
-1 -1 -1 -1 4 5 6 -1 -1 -1 -1 -1 -1 3 -1 -1 -1 -1 -1 -1 -1 26 2 -1 -1 -1 -1 11 -1 -1 -1 25 28 -1 -1 -1 -1 -1 -1 29 -1 -1 -1 -1 15 31 -1 -1 -1 -1 -1 -1 -1 -1 -1 8 10 16 -1 -1 -1 -1 27 -1 9 -1 -1 -1 -1 -1 -1 -1 -1 -1 12 -1 -1 -1 -1 -1 -1 -1 -1 22 21 20 19 18 -1 -1 
-1 -1 -1 -1 4 5 6 -1 -1 -1 -1 -1 -1 3 -1 -1 -1 -1 -1 -1 -1 26 2 -1 -1 -1 -1 11 -1 -1 -1 25 28 -1 -1 -1 -1 -1 -1 29 -1 -1 -1 -1 15 31 -1 -1 -1 -1 -1 -1 -1 -1 -1 8 -1 16 -1 -1 -1 -1 27 -1 9 -1 -1 -1 -1 -1 -1 -1 -1 -1 12 -1 -1 -1 -1 -1 -1 -1 -1 10 21 20 19 18 -1 -1 
-1 -1 -1 -1 4 5 6 -1 -1 -1 -1 -1 -1 3 -1 -1 -1 -1 -1 -1 -1 26 2 -1 -1 -1 -1 11 -1 -1 -1 25 28 -1 -1 -1 -1 -1 -1 29 -1 -1 -1 -1 15 31 -1 -1 -1 -1 -1 -1 -1 -1 -1 8 -1 16 -1 -1 -1 -1 27 -1 9 -1 -1 -1 -1 -1 -1 -1 -1 -1 12 -1 20 -1 -1 -1 -1 -1 -1 10 21 -1 19 18 -1 -1 
-1 -1 -1 -1 4 5 6 -1 -1 -1 -1 -1 -1 3 -1 -1 -1 -1 -1 -1 -1 26 2 -1 -1 -1 -1 11 -1 -1 -1 25 28 -1 -1 -1 -1 -1 -1 29 -1 -1 -1 -1 15 31 -1 -1 -1 -1 -1 -1 -1 -1 -1 8 -1 16 -1 -1 -1 -1 27 -1 9 -1 -1 -1 -1 -1 -1 -1 -1 -1 12 -1 20 -1 -1 -1 -1 -1 -1 10 21 -1 19 18 -1 -1 
-1 -1 -1 -1 4 5 6 -1 -1 -1 -1 -1 -1 3 -1 -1 -1 -1 -1 -1 -1 26 2 -1 -1 -1 -1 11 -1 -1 29 25 28 -1 -1 -1 -1 -1 -1 -1 -1 -1 -1 -1 15 31 -1 -1 -1 -1 -1 -1 -1 -1 -1 8 -1 16 -1 -1 -1 -1 27 -1 9 -1 -1 -1 -1 -1 -1 -1 -1 -1 12 -1 20 -1 -1 -1 -1 -1 -1 10 21 -1 19 18 -1 -1 
-1 -1 -1 -1 4 5 6 -1 -1 -1 -1 -1 -1 3 -1 -1 -1 -1 -1 -1 -1 26 2 -1 -1 -1 -1 11 -1 -1 29 25 28 -1 -1 -1 -1 -1 -1 -1 -1 -1 -1 -1 15 31 -1 -1 -1 -1 -1 -1 -1 -1 -1 8 -1 16 -1 -1 -1 -1 27 -1 -1 -1 -1 -1 -1 -1 -1 -1 -1 9 12 -1 20 -1 -1 -1 -1 -1 -1 10 21 -1 19 18 -1 -1 
-1 -1 -1 -1 4 5 6 -1 -1 -1 -1 -1 -1 3 -1 -1 -1 -1 -1 -1 -1 26 2 -1 -1 -1 -1 11 -1 -1 29 25 28 -1 -1 -1 -1 -1 -1 -1 -1 -1 -1 -1 15 31 -1 -1 -1 -1 -1 -1 -1 -1 -1 8 -1 16 -1 -1 -1 -1 27 -1 -1 -1 -1 20 -1 -1 -1 -1 -1 9 12 -1 -1 -1 -1 -1 -1 -1 -1 10 21 -1 19 18 -1 -1 
-1 -1 -1 -1 4 5 6 -1 -1 -1 -1 -1 -1 3 -1 -1 -1 -1 -1 -1 -1 26 2 -1 -1 -1 -1 11 -1 -1 29 25 28 -1 -1 -1 -1 -1 -1 -1 -1 -1 -1 -1 15 31 -1 -1 -1 -1 -1 -1 -1 -1 -1 8 -1 16 -1 -1 -1 -1 27 -1 -1 -1 -1 20 -1 -1 -1 -1 -1 9 12 -1 -1 -1 -1 -1 -1 10 -1 -1 21 -1 19 18 -1 -1 
-1 -1 -1 -1 4 5 6 -1 -1 -1 -1 -1 -1 3 -1 -1 -1 -1 -1 -1 -1 26 2 -1 -1 -1 -1 11 -1 -1 29 25 28 -1 -1 -1 -1 -1 -1 -1 -1 -1 -1 -1 15 31 -1 -1 -1 -1 -1 -1 -1 -1 -1 8 -1 16 -1 -1 -1 -1 27 -1 -1 -1 -1 -1 20 -1 -1 -1 -1 9 12 -1 -1 -1 -1 -1 -1 10 -1 -1 21 -1 19 18 -1 -1 
-1 -1 -1 -1 4 5 6 -1 -1 -1 0 -1 -1 3 -1 -1 -1 -1 -1 -1 -1 26 2 -1 -1 -1 -1 11 -1 -1 29 25 28 -1 -1 -1 -1 -1 -1 -1 -1 -1 -1 -1 15 31 -1 -1 -1 -1 -1 -1 -1 -1 -1 8 -1 16 -1 -1 -1 -1 27 -1 -1 -1 -1 -1 20 -1 -1 -1 -1 9 12 -1 -1 -1 -1 -1 -1 10 -1 -1 21 -1 19 18 -1 -1 
-1 -1 -1 -1 4 5 6 -1 -1 -1 0 -1 -1 3 -1 -1 -1 -1 -1 -1 -1 26 2 -1 -1 -1 -1 11 -1 -1 29 25 28 -1 -1 -1 -1 -1 -1 -1 -1 -1 -1 -1 15 31 -1 -1 -1 -1 -1 -1 -1 -1 -1 8 -1 -1 -1 -1 -1 -1 27 -1 -1 -1 16 -1 20 -1 -1 -1 -1 9 12 -1 -1 -1 -1 -1 -1 10 -1 -1 21 -1 19 18 -1 -1 
-1 -1 -1 -1 4 5 6 -1 -1 -1 0 -1 -1 3 -1 -1 -1 -1 -1 -1 -1 26 2 -1 -1 -1 -1 11 -1 -1 29 25 28 -1 -1 -1 -1 -1 -1 -1 -1 -1 -1 -1 15 31 -1 -1 -1 -1 -1 -1 -1 -1 -1 8 -1 -1 -1 -1 -1 -1 27 10 -1 -1 16 -1 20 -1 -1 -1 -1 9 12 -1 -1 -1 -1 -1 -1 -1 -1 -1 21 -1 19 18 -1 -1 
-1 -1 -1 -1 4 5 6 -1 -1 -1 0 -1 -1 3 -1 -1 -1 -1 -1 -1 -1 26 2 -1 -1 -1 -1 11 -1 -1 29 -1 28 -1 -1 -1 -1 -1 -1 -1 -1 -1 -1 -1 15 31 -1 -1 -1 -1 -1 -1 -1 -1 -1 8 -1 -1 -1 -1 -1 -1 27 10 -1 -1 16 25 20 -1 -1 -1 -1 9 12 -1 -1 -1 -1 -1 -1 -1 -1 -1 21 -1 19 18 -1 -1 
-1 -1 -1 -1 4 5 6 -1 -1 -1 0 -1 -1 3 -1 -1 -1 -1 -1 -1 -1 26 2 -1 -1 -1 -1 11 -1 -1 29 -1 28 -1 -1 -1 -1 -1 -1 -1 -1 -1 -1 -1 15 31 -1 -1 -1 -1 -1 -1 -1 -1 -1 8 -1 -1 -1 -1 -1 -1 27 -1 -1 -1 10 25 20 -1 -1 -1 -1 9 12 -1 -1 -1 -1 -1 -1 -1 -1 -1 21 -1 19 18 -1 -1 
-1 -1 -1 -1 4 5 6 -1 -1 -1 0 -1 -1 3 -1 -1 -1 -1 -1 -1 -1 26 2 -1 -1 -1 -1 11 -1 -1 29 -1 28 -1 -1 -1 -1 -1 -1 -1 -1 -1 -1 -1 15 31 -1 -1 -1 -1 -1 -1 -1 -1 -1 8 -1 -1 -1 -1 -1 -1 27 -1 25 -1 10 -1 20 -1 -1 -1 -1 9 12 -1 -1 -1 -1 -1 -1 -1 -1 -1 21 -1 19 18 -1 -1 
-1 -1 -1 -1 4 5 6 -1 -1 -1 0 -1 -1 -1 -1 -1 -1 -1 -1 -1 -1 3 2 -1 -1 -1 -1 11 -1 -1 29 -1 28 -1 -1 -1 -1 -1 -1 -1 -1 -1 -1 -1 15 31 -1 -1 -1 -1 -1 -1 -1 -1 -1 8 -1 -1 -1 -1 -1 -1 27 -1 25 -1 10 -1 20 -1 -1 -1 -1 9 12 -1 -1 -1 -1 -1 -1 -1 -1 -1 21 -1 19 18 -1 -1 
-1 -1 -1 -1 4 5 6 -1 -1 -1 0 -1 -1 -1 -1 -1 -1 -1 -1 -1 -1 29 2 -1 -1 -1 -1 11 -1 -1 -1 -1 28 -1 -1 -1 -1 -1 -1 -1 -1 -1 -1 -1 15 31 -1 -1 -1 -1 -1 -1 -1 -1 -1 8 -1 -1 -1 -1 -1 -1 27 -1 25 -1 10 -1 20 -1 -1 -1 -1 9 12 -1 -1 -1 -1 -1 -1 -1 -1 -1 21 -1 19 18 -1 -1 
-1 -1 -1 -1 4 -1 6 -1 -1 -1 0 -1 -1 5 -1 -1 -1 -1 -1 -1 -1 29 2 -1 -1 -1 -1 11 -1 -1 -1 -1 28 -1 -1 -1 -1 -1 -1 -1 -1 -1 -1 -1 15 31 -1 -1 -1 -1 -1 -1 -1 -1 -1 8 -1 -1 -1 -1 -1 -1 27 -1 25 -1 10 -1 20 -1 -1 -1 -1 9 12 -1 -1 -1 -1 -1 -1 -1 -1 -1 21 -1 19 18 -1 -1 
-1 -1 -1 -1 4 -1 6 -1 -1 -1 0 -1 29 5 -1 -1 -1 -1 -1 -1 -1 -1 2 -1 -1 -1 -1 11 -1 -1 -1 -1 28 -1 -1 -1 -1 -1 -1 -1 -1 -1 -1 -1 15 31 -1 -1 -1 -1 -1 -1 -1 -1 -1 8 -1 -1 -1 -1 -1 -1 27 -1 25 -1 10 -1 20 -1 -1 -1 -1 9 12 -1 -1 -1 -1 -1 -1 -1 -1 -1 21 -1 19 18 -1 -1 
-1 -1 -1 -1 4 -1 6 -1 -1 -1 0 -1 29 -1 -1 -1 -1 -1 -1 -1 -1 5 2 -1 -1 -1 -1 11 -1 -1 -1 -1 28 -1 -1 -1 -1 -1 -1 -1 -1 -1 -1 -1 15 31 -1 -1 -1 -1 -1 -1 -1 -1 -1 8 -1 -1 -1 -1 -1 -1 27 -1 25 -1 10 -1 20 -1 -1 -1 -1 9 12 -1 -1 -1 -1 -1 -1 -1 -1 -1 21 -1 19 18 -1 -1 
-1 -1 -1 -1 4 -1 6 -1 -1 -1 0 29 -1 -1 -1 -1 -1 -1 -1 -1 -1 5 2 -1 -1 -1 -1 11 -1 -1 -1 -1 28 -1 -1 -1 -1 -1 -1 -1 -1 -1 -1 -1 15 31 -1 -1 -1 -1 -1 -1 -1 -1 -1 8 -1 -1 -1 -1 -1 -1 27 -1 25 -1 10 -1 20 -1 -1 -1 -1 9 12 -1 -1 -1 -1 -1 -1 -1 -1 -1 21 -1 19 18 -1 -1 
-1 -1 -1 -1 4 -1 6 -1 -1 -1 0 29 -1 -1 -1 -1 -1 -1 -1 -1 -1 5 2 -1 -1 -1 -1 11 -1 -1 -1 -1 28 -1 -1 -1 -1 -1 -1 -1 -1 -1 -1 -1 15 31 -1 -1 -1 -1 -1 -1 -1 -1 -1 8 -1 -1 -1 -1 -1 -1 27 -1 25 -1 10 -1 20 -1 -1 -1 -1 -1 12 -1 -1 -1 -1 -1 -1 -1 9 -1 21 -1 19 18 -1 -1 
-1 -1 -1 -1 4 -1 6 -1 -1 -1 0 29 -1 -1 -1 -1 -1 -1 -1 -1 -1 5 2 -1 -1 -1 -1 11 -1 -1 -1 -1 28 -1 -1 -1 -1 25 -1 -1 -1 -1 -1 -1 15 31 -1 -1 -1 -1 -1 -1 -1 -1 -1 8 -1 -1 -1 -1 -1 -1 27 -1 -1 -1 10 -1 20 -1 -1 -1 -1 -1 12 -1 -1 -1 -1 -1 -1 -1 9 -1 21 -1 19 18 -1 -1 
-1 -1 -1 -1 4 -1 6 -1 -1 -1 0 29 -1 -1 -1 -1 -1 -1 -1 -1 -1 5 2 -1 -1 -1 -1 11 -1 -1 -1 -1 28 -1 -1 -1 -1 25 -1 -1 -1 -1 -1 -1 15 31 -1 -1 -1 -1 -1 -1 -1 -1 -1 8 -1 -1 -1 -1 -1 -1 27 -1 -1 -1 10 -1 20 -1 -1 -1 -1 -1 12 -1 -1 -1 -1 -1 -1 -1 -1 9 21 -1 19 18 -1 -1 
-1 -1 -1 -1 4 -1 6 -1 -1 -1 0 29 -1 -1 -1 -1 -1 -1 -1 -1 -1 5 2 -1 -1 -1 -1 11 -1 -1 -1 -1 28 -1 -1 -1 -1 -1 -1 -1 25 -1 -1 -1 15 31 -1 -1 -1 -1 -1 -1 -1 -1 -1 8 -1 -1 -1 -1 -1 -1 27 -1 -1 -1 10 -1 20 -1 -1 -1 -1 -1 12 -1 -1 -1 -1 -1 -1 -1 -1 9 21 -1 19 18 -1 -1 
-1 -1 2 -1 4 -1 6 -1 -1 -1 0 29 -1 -1 -1 -1 -1 -1 -1 -1 -1 5 -1 -1 -1 -1 -1 11 -1 -1 -1 -1 28 -1 -1 -1 -1 -1 -1 -1 25 -1 -1 -1 15 31 -1 -1 -1 -1 -1 -1 -1 -1 -1 8 -1 -1 -1 -1 -1 -1 27 -1 -1 -1 10 -1 20 -1 -1 -1 -1 -1 12 -1 -1 -1 -1 -1 -1 -1 -1 9 21 -1 19 18 -1 -1 
-1 -1 2 -1 4 -1 6 -1 -1 -1 0 29 -1 -1 -1 -1 -1 -1 -1 -1 -1 5 -1 -1 -1 -1 -1 11 -1 -1 -1 28 -1 -1 -1 -1 -1 -1 -1 -1 25 -1 -1 -1 15 31 -1 -1 -1 -1 -1 -1 -1 -1 -1 8 -1 -1 -1 -1 -1 -1 27 -1 -1 -1 10 -1 20 -1 -1 -1 -1 -1 12 -1 -1 -1 -1 -1 -1 -1 -1 9 21 -1 19 18 -1 -1 
-1 -1 2 4 -1 -1 6 -1 -1 -1 0 29 -1 -1 -1 -1 -1 -1 -1 -1 -1 5 -1 -1 -1 -1 -1 11 -1 -1 -1 28 -1 -1 -1 -1 -1 -1 -1 -1 25 -1 -1 -1 15 31 -1 -1 -1 -1 -1 -1 -1 -1 -1 8 -1 -1 -1 -1 -1 -1 27 -1 -1 -1 10 -1 20 -1 -1 -1 -1 -1 12 -1 -1 -1 -1 -1 -1 -1 -1 9 21 -1 19 18 -1 -1 
-1 -1 2 4 -1 -1 6 -1 -1 -1 29 -1 -1 -1 -1 -1 -1 -1 -1 -1 -1 5 -1 -1 -1 -1 -1 11 -1 -1 -1 28 -1 -1 -1 -1 -1 -1 -1 -1 25 -1 -1 -1 15 31 -1 -1 -1 -1 -1 -1 -1 -1 -1 8 -1 -1 -1 -1 -1 -1 27 -1 -1 -1 10 -1 20 -1 -1 -1 -1 -1 12 -1 -1 -1 -1 -1 -1 -1 -1 9 21 -1 19 18 -1 -1 
-1 -1 2 4 -1 -1 6 -1 -1 -1 29 -1 -1 -1 -1 -1 -1 -1 -1 -1 -1 5 -1 -1 -1 -1 -1 11 -1 -1 -1 28 -1 -1 -1 -1 -1 -1 -1 10 25 -1 -1 -1 15 31 -1 -1 -1 -1 -1 -1 -1 -1 -1 8 -1 -1 -1 -1 -1 -1 27 -1 -1 -1 -1 -1 20 -1 -1 -1 -1 -1 12 -1 -1 -1 -1 -1 -1 -1 -1 9 21 -1 19 18 -1 -1 
-1 -1 2 4 -1 -1 6 -1 -1 -1 29 -1 -1 -1 -1 -1 -1 -1 -1 -1 -1 5 -1 -1 -1 -1 -1 11 -1 -1 -1 28 -1 -1 -1 -1 31 -1 -1 10 25 -1 -1 -1 15 -1 -1 -1 -1 -1 -1 -1 -1 -1 -1 8 -1 -1 -1 -1 -1 -1 27 -1 -1 -1 -1 -1 20 -1 -1 -1 -1 -1 12 -1 -1 -1 -1 -1 -1 -1 -1 9 21 -1 19 18 -1 -1 
-1 -1 2 4 -1 -1 6 -1 -1 -1 29 -1 -1 -1 -1 -1 -1 -1 -1 -1 -1 5 -1 -1 -1 -1 -1 -1 -1 -1 -1 28 -1 -1 -1 -1 11 -1 -1 10 25 -1 -1 -1 15 -1 -1 -1 -1 -1 -1 -1 -1 -1 -1 8 -1 -1 -1 -1 -1 -1 27 -1 -1 -1 -1 -1 20 -1 -1 -1 -1 -1 12 -1 -1 -1 -1 -1 -1 -1 -1 9 21 -1 19 18 -1 -1 
-1 -1 2 4 -1 -1 6 -1 -1 -1 29 -1 -1 -1 -1 -1 -1 -1 -1 -1 -1 5 -1 -1 -1 -1 -1 -1 -1 -1 -1 28 -1 -1 -1 -1 25 -1 -1 10 -1 -1 -1 -1 15 -1 -1 -1 -1 -1 -1 -1 -1 -1 -1 8 -1 -1 -1 -1 -1 -1 27 -1 -1 -1 -1 -1 20 -1 -1 -1 -1 -1 12 -1 -1 -1 -1 -1 -1 -1 -1 9 21 -1 19 18 -1 -1 
-1 -1 2 4 -1 -1 6 -1 -1 -1 29 -1 -1 -1 -1 -1 -1 -1 -1 -1 -1 5 -1 -1 -1 -1 -1 -1 -1 -1 -1 28 -1 -1 -1 -1 25 -1 -1 -1 -1 -1 -1 -1 15 -1 -1 -1 -1 -1 -1 -1 -1 -1 -1 8 -1 10 -1 -1 -1 -1 27 -1 -1 -1 -1 -1 20 -1 -1 -1 -1 -1 12 -1 -1 -1 -1 -1 -1 -1 -1 9 21 -1 19 18 -1 -1 
-1 -1 2 4 -1 -1 6 -1 -1 -1 29 -1 -1 -1 -1 -1 -1 -1 -1 -1 -1 5 -1 -1 -1 -1 -1 -1 -1 -1 -1 28 -1 -1 -1 -1 25 -1 -1 -1 -1 -1 -1 -1 15 -1 -1 -1 -1 -1 -1 -1 -1 -1 -1 8 -1 10 -1 -1 -1 -1 27 -1 -1 -1 -1 18 20 -1 -1 -1 -1 -1 12 -1 -1 -1 -1 -1 -1 -1 -1 9 21 -1 19 -1 -1 -1 
-1 -1 2 4 -1 -1 6 -1 -1 -1 29 -1 -1 -1 -1 -1 -1 -1 -1 -1 -1 5 -1 -1 -1 -1 -1 -1 -1 -1 -1 28 -1 -1 -1 -1 25 -1 -1 -1 -1 -1 -1 -1 15 -1 -1 -1 -1 -1 -1 -1 -1 -1 -1 8 -1 10 -1 -1 -1 -1 27 -1 -1 -1 -1 18 20 -1 -1 -1 -1 -1 12 -1 -1 -1 -1 -1 -1 -1 9 -1 21 -1 19 -1 -1 -1 
-1 -1 2 4 -1 -1 6 -1 -1 -1 29 -1 -1 -1 -1 -1 -1 -1 -1 -1 -1 5 -1 -1 -1 -1 -1 -1 -1 -1 -1 28 -1 -1 -1 -1 -1 -1 -1 25 -1 -1 -1 -1 15 -1 -1 -1 -1 -1 -1 -1 -1 -1 -1 8 -1 10 -1 -1 -1 -1 27 -1 -1 -1 -1 18 20 -1 -1 -1 -1 -1 12 -1 -1 -1 -1 -1 -1 -1 9 -1 21 -1 19 -1 -1 -1 
-1 -1 2 4 -1 -1 6 -1 -1 -1 29 -1 -1 3 -1 -1 -1 -1 -1 -1 -1 -1 -1 -1 -1 -1 -1 -1 -1 -1 -1 28 -1 -1 -1 -1 -1 -1 -1 25 -1 -1 -1 -1 15 -1 -1 -1 -1 -1 -1 -1 -1 -1 -1 8 -1 10 -1 -1 -1 -1 27 -1 -1 -1 -1 18 20 -1 -1 -1 -1 -1 12 -1 -1 -1 -1 -1 -1 -1 9 -1 21 -1 19 -1 -1 -1 
-1 -1 2 4 -1 -1 6 -1 -1 -1 -1 29 -1 3 -1 -1 -1 -1 -1 -1 -1 -1 -1 -1 -1 -1 -1 -1 -1 -1 -1 28 -1 -1 -1 -1 -1 -1 -1 25 -1 -1 -1 -1 15 -1 -1 -1 -1 -1 -1 -1 -1 -1 -1 8 -1 10 -1 -1 -1 -1 27 -1 -1 -1 -1 18 20 -1 -1 -1 -1 -1 12 -1 -1 -1 -1 -1 -1 -1 9 -1 21 -1 19 -1 -1 -1 
-1 -1 2 4 -1 -1 6 -1 -1 -1 -1 29 -1 3 -1 -1 -1 -1 -1 -1 -1 -1 -1 -1 -1 -1 -1 -1 -1 -1 -1 28 -1 -1 -1 -1 -1 -1 -1 25 -1 -1 -1 -1 15 -1 -1 -1 -1 -1 -1 -1 -1 -1 -1 9 -1 10 -1 -1 -1 -1 27 -1 -1 -1 -1 18 20 -1 -1 -1 -1 -1 12 -1 -1 -1 -1 -1 -1 -1 -1 -1 21 -1 19 -1 -1 -1 
-1 -1 2 4 -1 -1 6 -1 -1 -1 -1 29 -1 3 -1 -1 -1 -1 -1 -1 -1 -1 -1 -1 -1 -1 -1 -1 -1 -1 -1 28 -1 -1 -1 -1 -1 -1 -1 -1 25 -1 -1 -1 15 -1 -1 -1 -1 -1 -1 -1 -1 -1 -1 9 -1 10 -1 -1 -1 -1 27 -1 -1 -1 -1 18 20 -1 -1 -1 -1 -1 12 -1 -1 -1 -1 -1 -1 -1 -1 -1 21 -1 19 -1 -1 -1 
-1 -1 2 4 -1 -1 6 -1 -1 -1 -1 29 -1 -1 -1 -1 -1 -1 -1 -1 -1 3 -1 -1 -1 -1 -1 -1 -1 -1 -1 28 -1 -1 -1 -1 -1 -1 -1 -1 25 -1 -1 -1 15 -1 -1 -1 -1 -1 -1 -1 -1 -1 -1 9 -1 10 -1 -1 -1 -1 27 -1 -1 -1 -1 18 20 -1 -1 -1 -1 -1 12 -1 -1 -1 -1 -1 -1 -1 -1 -1 21 -1 19 -1 -1 -1 
-1 -1 2 4 -1 -1 6 -1 -1 -1 -1 29 -1 -1 -1 -1 -1 -1 -1 -1 -1 3 -1 -1 -1 -1 -1 -1 -1 -1 -1 28 -1 -1 -1 -1 -1 -1 25 -1 -1 -1 -1 -1 15 -1 -1 -1 -1 -1 -1 -1 -1 -1 -1 9 -1 10 -1 -1 -1 -1 27 -1 -1 -1 -1 18 20 -1 -1 -1 -1 -1 12 -1 -1 -1 -1 -1 -1 -1 -1 -1 21 -1 19 -1 -1 -1 
-1 -1 -1 4 -1 -1 6 -1 -1 -1 -1 29 -1 -1 -1 -1 -1 -1 2 -1 -1 3 -1 -1 -1 -1 -1 -1 -1 -1 -1 28 -1 -1 -1 -1 -1 -1 25 -1 -1 -1 -1 -1 15 -1 -1 -1 -1 -1 -1 -1 -1 -1 -1 9 -1 10 -1 -1 -1 -1 27 -1 -1 -1 -1 18 20 -1 -1 -1 -1 -1 12 -1 -1 -1 -1 -1 -1 -1 -1 -1 21 -1 19 -1 -1 -1 
-1 -1 -1 4 -1 -1 6 -1 -1 -1 -1 29 -1 -1 -1 -1 -1 -1 2 -1 -1 3 -1 -1 -1 -1 -1 -1 -1 -1 -1 28 -1 -1 -1 -1 -1 -1 -1 -1 -1 -1 -1 25 15 -1 -1 -1 -1 -1 -1 -1 -1 -1 -1 9 -1 10 -1 -1 -1 -1 27 -1 -1 -1 -1 18 20 -1 -1 -1 -1 -1 12 -1 -1 -1 -1 -1 -1 -1 -1 -1 21 -1 19 -1 -1 -1 
-1 -1 -1 4 -1 -1 6 -1 -1 -1 -1 29 -1 -1 -1 -1 -1 -1 -1 -1 -1 3 -1 -1 -1 -1 -1 -1 -1 -1 -1 28 -1 -1 -1 -1 -1 -1 2 -1 -1 -1 -1 25 15 -1 -1 -1 -1 -1 -1 -1 -1 -1 -1 9 -1 10 -1 -1 -1 -1 27 -1 -1 -1 -1 18 20 -1 -1 -1 -1 -1 12 -1 -1 -1 -1 -1 -1 -1 -1 -1 21 -1 19 -1 -1 -1 
