0 1 2 3 4 5 6 7 8 -1 -1 -1 -1 -1 -1 -1 -1 -1 -1 9 -1 -1 -1 -1 -1 10 -1 11 -1 12 -1 28 -1 14 -1 15 -1 -1 -1 -1 -1 -1 -1 -1 -1 -1 -1 30 -1 -1 -1 -1 -1 -1 -1 -1 -1 -1 29 -1 -1 -1 27 -1 26 -1 -1 -1 -1 -1 25 -1 -1 -1 -1 -1 -1 -1 -1 -1 -1 24 23 22 21 20 19 18 17 16 
0 1 2 3 4 5 6 7 8 -1 -1 -1 -1 -1 -1 -1 -1 -1 -1 -1 9 -1 -1 -1 -1 10 -1 11 -1 12 -1 28 -1 14 -1 15 -1 -1 -1 -1 -1 -1 -1 -1 -1 -1 -1 30 -1 -1 -1 -1 -1 -1 -1 -1 -1 -1 29 -1 -1 -1 27 -1 26 -1 -1 -1 -1 -1 25 -1 -1 -1 -1 -1 -1 -1 -1 -1 -1 24 23 22 21 20 19 18 17 16 
0 1 2 3 4 5 6 7 8 -1 -1 -1 -1 -1 -1 -1 -1 -1 -1 -1 9 -1 -1 -1 -1 10 -1 11 -1 12 -1 28 -1 14 -1 15 -1 -1 -1 -1 -1 -1 -1 -1 -1 -1 -1 30 -1 -1 -1 -1 -1 -1 -1 -1 -1 -1 29 -1 -1 -1 27 -1 26 -1 -1 25 -1 -1 -1 -1 -1 -1 -1 -1 -1 -1 -1 -1 -1 24 23 22 21 20 19 18 17 16 
0 1 -1 3 4 5 6 7 8 -1 -1 -1 -1 -1 -1 -1 -1 -1 -1 -1 9 -1 2 -1 -1 10 -1 11 -1 12 -1 28 -1 14 -1 15 -1 -1 -1 -1 -1 -1 -1 -1 -1 -1 -1 30 -1 -1 -1 -1 -1 -1 -1 -1 -1 -1 29 -1 -1 -1 27 -1 26 -1 -1 25 -1 -1 -1 -1 -1 -1 -1 -1 -1 -1 -1 -1 -1 24 23 22 21 20 19 18 17 16 
0 1 -1 3 4 5 6 7 8 -1 -1 -1 -1 -1 -1 -1 -1 -1 -1 -1 9 -1 2 -1 -1 10 -1 11 -1 12 -1 28 -1 14 -1 15 -1 -1 -1 -1 -1 -1 -1 -1 -1 -1 -1 30 -1 -1 -1 -1 -1 -1 -1 -1 -1 -1 29 -1 -1 -1 27 23 26 -1 -1 25 -1 -1 -1 -1 -1 -1 -1 -1 -1 -1 -1 -1 -1 24 -1 22 21 20 19 18 17 16 
0 1 -1 3 4 5 6 7 -1 -1 -1 -1 -1 -1 -1 -1 -1 8 -1 -1 9 -1 2 -1 -1 10 -1 11 -1 12 -1 28 -1 14 -1 15 -1 -1 -1 -1 -1 -1 -1 -1 -1 -1 -1 30 -1 -1 -1 -1 -1 -1 -1 -1 -1 -1 29 -1 -1 -1 27 23 26 -1 -1 25 -1 -1 -1 -1 -1 -1 -1 -1 -1 -1 -1 -1 -1 24 -1 22 21 20 19 18 17 16 
0 1 -1 3 4 5 6 7 -1 -1 -1 -1 -1 -1 -1 -1 -1 8 -1 -1 9 -1 2 -1 -1 10 -1 11 -1 12 -1 28 -1 14 -1 15 -1 -1 -1 -1 -1 -1 -1 -1 -1 -1 -1 30 -1 -1 -1 -1 -1 -1 -1 -1 -1 -1 29 -1 -1 -1 27 23 26 -1 -1 25 -1 17 -1 -1 -1 -1 -1 -1 -1 -1 -1 -1 -1 24 -1 22 21 20 19 18 -1 16 
0 1 -1 3 4 5 6 7 -1 -1 -1 -1 8 -1 -1 -1 -1 -1 -1 -1 9 -1 2 -1 -1 10 -1 11 -1 12 -1 28 -1 14 -1 15 -1 -1 -1 -1 -1 -1 -1 -1 -1 -1 -1 30 -1 -1 -1 -1 -1 -1 -1 -1 -1 -1 29 -1 -1 -1 27 23 26 -1 -1 25 -1 17 -1 -1 -1 -1 -1 -1 -1 -1 -1 -1 -1 24 -1 22 21 20 19 18 -1 16 
0 1 -1 3 4 5 6 7 -1 -1 -1 -1 8 -1 -1 -1 -1 -1 -1 -1 9 -1 2 -1 -1 10 -1 11 -1 12 -1 28 -1 14 -1 15 -1 -1 -1 -1 -1 -1 -1 -1 -1 -1 -1 30 -1 -1 -1 -1 -1 -1 -1 -1 -1 -1 29 -1 -1 -1 27 23 26 -1 -1 25 -1 17 -1 -1 -1 -1 -1 -1 -1 -1 -1 -1 -1 24 -1 22 21 20 19 18 16 -1 
0 1 -1 -1 4 5 6 7 -1 -1 -1 -1 8 3 -1 -1 -1 -1 -1 -1 9 -1 2 -1 -1 10 -1 11 -1 12 -1 28 -1 14 -1 15 -1 -1 -1 -1 -1 -1 -1 -1 -1 -1 -1 30 -1 -1 -1 -1 -1 -1 -1 -1 -1 -1 29 -1 -1 -1 27 23 26 -1 -1 25 -1 17 -1 -1 -1 -1 -1 -1 -1 -1 -1 -1 -1 24 -1 22 21 20 19 18 16 -1 
0 1 -1 -1 4 5 6 7 -1 -1 -1 -1 8 3 -1 -1 -1 -1 -1 -1 9 -1 2 -1 -1 10 -1 11 -1 12 -1 28 -1 14 -1 15 -1 -1 -1 -1 -1 -1 -1 -1 -1 -1 -1 30 -1 -1 -1 -1 -1 -1 -1 -1 -1 -1 29 -1 -1 -1 27 23 26 -1 -1 25 -1 17 -1 -1 -1 -1 -1 -1 -1 -1 -1 -1 -1 -1 24 22 21 20 19 18 16 -1 
0 1 -1 -1 4 5 6 -1 -1 -1 -1 -1 8 3 -1 -1 -1 -1 -1 -1 9 -1 2 -1 -1 10 7 11 -1 12 -1 28 -1 14 -1 15 -1 -1 -1 -1 -1 -1 -1 -1 -1 -1 -1 30 -1 -1 -1 -1 -1 -1 -1 -1 -1 -1 29 -1 -1 -1 27 23 26 -1 -1 25 -1 17 -1 -1 -1 -1 -1 -1 -1 -1 -1 -1 -1 -1 24 22 21 20 19 18 16 -1 
0 1 -1 -1 4 5 6 -1 -1 -1 -1 -1 8 3 -1 -1 -1 -1 -1 -1 9 -1 2 -1 -1 10 7 11 -1 12 -1 28 -1 14 -1 15 -1 -1 -1 -1 -1 -1 -1 -1 -1 -1 -1 30 -1 -1 -1 28 -1 -1 -1 -1 -1 -1 29 -1 -1 -1 27 23 26 -1 -1 25 -1 17 -1 -1 -1 -1 -1 -1 -1 -1 -1 -1 -1 -1 24 22 21 20 19 18 16 -1 
0 1 -1 -1 4 5 6 -1 -1 -1 -1 -1 -1 3 -1 -1 -1 -1 -1 -1 9 -1 2 -1 -1 10 7 11 -1 12 -1 28 -1 14 -1 15 -1 -1 -1 8 -1 -1 -1 -1 -1 -1 -1 30 -1 -1 -1 28 -1 -1 -1 -1 -1 -1 29 -1 -1 -1 27 23 26 -1 -1 25 -1 17 -1 -1 -1 -1 -1 -1 -1 -1 -1 -1 -1 -1 24 22 21 20 19 18 16 -1 
0 1 -1 -1 4 5 6 -1 -1 -1 -1 -1 -1 3 -1 -1 -1 -1 -1 -1 9 -1 2 -1 -1 10 7 11 -1 12 -1 28 -1 14 -1 15 -1 -1 -1 8 -1 -1 -1 -1 -1 -1 -1 30 -1 -1 17 28 -1 -1 -1 -1 -1 -1 29 -1 -1 -1 27 23 26 -1 -1 25 -1 -1 -1 -1 -1 -1 -1 -1 -1 -1 -1 -1 -1 -1 24 22 21 20 19 18 16 -1 
0 1 -1 -1 4 5 6 -1 -1 -1 -1 -1 -1 3 -1 -1 -1 -1 -1 -1 9 -1 2 -1 -1 10 7 11 -1 12 -1 28 -1 14 -1 15 -1 -1 -1 -1 -1 8 -1 -1 -1 -1 -1 30 -1 -1 17 28 -1 -1 -1 -1 -1 -1 29 -1 -1 -1 27 23 26 -1 -1 25 -1 -1 -1 -1 -1 -1 -1 -1 -1 -1 -1 -1 -1 -1 24 22 21 20 19 18 16 -1 
0 1 -1 -1 4 5 6 -1 -1 -1 -1 -1 -1 3 -1 -1 -1 -1 -1 -1 9 -1 2 -1 -1 10 7 11 -1 12 -1 28 -1 14 -1 15 -1 -1 -1 -1 -1 8 -1 -1 -1 -1 26 30 -1 -1 17 28 -1 -1 -1 -1 -1 -1 29 -1 -1 -1 27 23 -1 -1 -1 25 -1 -1 -1 -1 -1 -1 -1 -1 -1 -1 -1 -1 -1 -1 24 22 21 20 19 18 16 -1 
0 -1 -1 -1 4 5 6 -1 -1 -1 -1 -1 1 3 -1 -1 -1 -1 -1 -1 9 -1 2 -1 -1 10 7 11 -1 12 -1 28 -1 14 -1 15 -1 -1 -1 -1 -1 8 -1 -1 -1 -1 26 30 -1 -1 17 28 -1 -1 -1 -1 -1 -1 29 -1 -1 -1 27 23 -1 -1 -1 25 -1 -1 -1 -1 -1 -1 -1 -1 -1 -1 -1 -1 -1 -1 24 22 21 20 19 18 16 -1 
0 -1 -1 -1 4 5 6 -1 -1 -1 -1 -1 1 3 -1 -1 -1 -1 -1 -1 9 -1 2 -1 -1 10 7 11 -1 12 -1 28 -1 14 -1 15 -1 -1 -1 -1 -1 8 -1 -1 -1 -1 26 30 -1 -1 17 28 -1 -1 -1 -1 -1 -1 29 -1 -1 -1 27 23 -1 -1 -1 -1 25 -1 -1 -1 -1 -1 -1 -1 -1 -1 -1 -1 -1 -1 24 22 21 20 19 18 16 -1 
0 -1 -1 -1 4 5 6 -1 -1 -1 -1 -1 1 3 -1 -1 -1 -1 -1 -1 9 -1 2 -1 -1 10 7 11 -1 12 -1 28 -1 14 -1 15 8 -1 -1 -1 -1 -1 -1 -1 -1 -1 26 30 -1 -1 17 28 -1 -1 -1 -1 -1 -1 29 -1 -1 -1 27 23 -1 -1 -1 -1 25 -1 -1 -1 -1 -1 -1 -1 -1 -1 -1 -1 -1 -1 24 22 21 20 19 18 16 -1 
0 -1 -1 -1 4 5 6 -1 -1 -1 -1 -1 1 3 -1 -1 -1 -1 -1 -1 9 -1 2 -1 -1 10 7 11 -1 12 -1 28 -1 17 -1 15 8 -1 -1 -1 -1 -1 -1 -1 -1 -1 26 30 -1 -1 -1 28 -1 -1 -1 -1 -1 -1 29 -1 -1 -1 27 23 -1 -1 -1 -1 25 -1 -1 -1 -1 -1 -1 -1 -1 -1 -1 -1 -1 -1 24 22 21 20 19 18 16 -1 
0 -1 -1 -1 4 5 6 -1 -1 -1 -1 -1 1 3 -1 -1 -1 -1 -1 -1 9 -1 2 10 -1 -1 7 11 -1 12 -1 28 -1 17 -1 15 8 -1 -1 -1 -1 -1 -1 -1 -1 -1 26 30 -1 -1 -1 28 -1 -1 -1 -1 -1 -1 29 -1 -1 -1 27 23 -1 -1 -1 -1 25 -1 -1 -1 -1 -1 -1 -1 -1 -1 -1 -1 -1 -1 24 22 21 20 19 18 16 -1 
0 -1 -1 -1 4 5 6 -1 -1 -1 -1 -1 1 3 -1 -1 -1 -1 -1 -1 9 -1 2 10 -1 -1 7 11 -1 12 -1 28 -1 17 -1 15 8 -1 -1 -1 -1 -1 -1 -1 -1 31 26 30 -1 -1 -1 28 -1 -1 -1 -1 -1 -1 29 -1 -1 -1 27 23 -1 -1 -1 -1 25 -1 -1 -1 -1 -1 -1 -1 -1 -1 -1 -1 -1 -1 24 22 21 20 19 18 16 -1 
0 -1 -1 -1 4 5 6 -1 -1 -1 -1 -1 1 3 -1 -1 -1 -1 -1 -1 9 -1 2 10 -1 -1 7 11 -1 12 -1 28 -1 17 -1 15 -1 8 -1 -1 -1 -1 -1 -1 -1 31 26 30 -1 -1 -1 28 -1 -1 -1 -1 -1 -1 29 -1 -1 -1 27 23 -1 -1 -1 -1 25 -1 -1 -1 -1 -1 -1 -1 -1 -1 -1 -1 -1 -1 24 22 21 20 19 18 16 -1 
0 -1 -1 -1 4 5 6 -1 -1 -1 -1 -1 1 3 17 -1 -1 -1 -1 -1 9 -1 2 10 -1 -1 7 11 -1 12 -1 28 -1 -1 -1 15 -1 8 -1 -1 -1 -1 -1 -1 -1 31 26 30 -1 -1 -1 28 -1 -1 -1 -1 -1 -1 29 -1 -1 -1 27 23 -1 -1 -1 -1 25 -1 -1 -1 -1 -1 -1 -1 -1 -1 -1 -1 -1 -1 24 22 21 20 19 18 16 -1 
0 -1 -1 -1 4 5 6 -1 -1 -1 -1 -1 1 3 17 -1 -1 -1 -1 -1 9 -1 2 10 -1 -1 7 11 -1 12 -1 28 -1 -1 -1 15 -1 -1 -1 -1 -1 8 -1 -1 -1 31 26 30 -1 -1 -1 28 -1 -1 -1 -1 -1 -1 29 -1 -1 -1 27 23 -1 -1 -1 -1 25 -1 -1 -1 -1 -1 -1 -1 -1 -1 -1 -1 -1 -1 24 22 21 20 19 18 16 -1 
0 -1 -1 -1 4 5 6 -1 -1 -1 -1 -1 1 3 17 -1 -1 -1 -1 -1 9 -1 2 10 -1 -1 7 11 -1 12 -1 28 -1 -1 -1 15 -1 -1 -1 -1 -1 8 -1 -1 -1 31 26 30 -1 -1 -1 28 -1 -1 -1 -1 -1 -1 29 -1 -1 -1 27 23 -1 -1 -1 -1 -1 25 -1 -1 -1 -1 -1 -1 -1 -1 -1 -1 -1 -1 24 22 21 20 19 18 16 -1 
0 -1 -1 -1 4 5 6 -1 -1 -1 -1 -1 1 3 17 -1 -1 -1 -1 -1 9 -1 2 -1 10 -1 7 11 -1 12 -1 28 -1 -1 -1 15 -1 -1 -1 -1 -1 8 -1 -1 -1 31 26 30 -1 -1 -1 28 -1 -1 -1 -1 -1 -1 29 -1 -1 -1 27 23 -1 -1 -1 -1 -1 25 -1 -1 -1 -1 -1 -1 -1 -1 -1 -1 -1 -1 24 22 21 20 19 18 16 -1 
0 -1 -1 -1 4 5 6 -1 -1 -1 -1 -1 1 3 17 -1 -1 -1 -1 -1 9 -1 2 -1 25 -1 7 11 -1 12 -1 28 -1 -1 -1 15 -1 -1 -1 -1 -1 8 -1 -1 -1 31 26 30 -1 -1 -1 28 -1 -1 -1 -1 -1 -1 29 -1 -1 -1 27 23 -1 -1 -1 -1 -1 -1 -1 -1 -1 -1 -1 -1 -1 -1 -1 -1 -1 -1 24 22 21 20 19 18 16 -1 
0 -1 -1 -1 4 5 6 -1 -1 -1 -1 -1 1 3 17 -1 -1 -1 -1 -1 -1 -1 2 -1 9 -1 7 11 -1 12 -1 28 -1 -1 -1 15 -1 -1 -1 -1 -1 8 -1 -1 -1 31 26 30 -1 -1 -1 28 -1 -1 -1 -1 -1 -1 29 -1 -1 -1 27 23 -1 -1 -1 -1 -1 -1 -1 -1 -1 -1 -1 -1 -1 -1 -1 -1 -1 -1 24 22 21 20 19 18 16 -1 
0 -1 -1 -1 4 5 6 -1 -1 -1 -1 -1 1 3 -1 -1 -1 -1 -1 -1 -1 -1 2 -1 9 17 7 11 -1 12 -1 28 -1 -1 -1 15 -1 -1 -1 -1 -1 8 -1 -1 -1 31 26 30 -1 -1 -1 28 -1 -1 -1 -1 -1 -1 29 -1 -1 -1 27 23 -1 -1 -1 -1 -1 -1 -1 -1 -1 -1 -1 -1 -1 -1 -1 -1 -1 -1 24 22 21 20 19 18 16 -1 
0 -1 -1 -1 4 5 6 -1 -1 -1 -1 -1 1 3 -1 -1 -1 -1 -1 -1 -1 -1 2 -1 9 17 7 -1 -1 12 -1 28 -1 -1 -1 15 11 -1 -1 -1 -1 8 -1 -1 -1 31 26 30 -1 -1 -1 28 -1 -1 -1 -1 -1 -1 29 -1 -1 -1 27 23 -1 -1 -1 -1 -1 -1 -1 -1 -1 -1 -1 -1 -1 -1 -1 -1 -1 -1 24 22 21 20 19 18 16 -1 
0 -1 -1 -1 4 5 6 -1 -1 -1 -1 -1 1 3 -1 -1 -1 -1 -1 -1 -1 -1 2 -1 9 17 7 -1 -1 12 -1 28 -1 -1 -1 15 11 26 -1 -1 -1 8 -1 -1 -1 31 -1 30 -1 -1 -1 28 -1 -1 -1 -1 -1 -1 29 -1 -1 -1 27 23 -1 -1 -1 -1 -1 -1 -1 -1 -1 -1 -1 -1 -1 -1 -1 -1 -1 -1 24 22 21 20 19 18 16 -1 
0 -1 -1 -1 4 5 6 -1 -1 -1 -1 -1 1 3 -1 9 -1 -1 -1 -1 -1 -1 2 -1 -1 17 7 -1 -1 12 -1 28 -1 -1 -1 15 11 26 -1 -1 -1 8 -1 -1 -1 31 -1 30 -1 -1 -1 28 -1 -1 -1 -1 -1 -1 29 -1 -1 -1 27 23 -1 -1 -1 -1 -1 -1 -1 -1 -1 -1 -1 -1 -1 -1 -1 -1 -1 -1 24 22 21 20 19 18 16 -1 
0 -1 -1 -1 4 5 6 -1 -1 -1 -1 -1 1 3 -1 9 -1 -1 -1 -1 -1 -1 2 -1 -1 17 7 -1 -1 12 -1 28 -1 -1 -1 15 11 26 -1 -1 -1 8 28 -1 -1 31 -1 30 -1 -1 -1 -1 -1 -1 -1 -1 -1 -1 29 -1 -1 -1 27 23 -1 -1 -1 -1 -1 -1 -1 -1 -1 -1 -1 -1 -1 -1 -1 -1 -1 -1 24 22 21 20 19 18 16 -1 
0 -1 -1 -1 4 5 6 -1 -1 -1 -1 -1 1 3 -1 9 -1 -1 -1 -1 -1 -1 -1 -1 -1 17 7 -1 -1 12 -1 28 -1 -1 -1 15 11 26 -1 -1 -1 8 2 -1 -1 31 -1 30 -1 -1 -1 -1 -1 -1 -1 -1 -1 -1 29 -1 -1 -1 27 23 -1 -1 -1 -1 -1 -1 -1 -1 -1 -1 -1 -1 -1 -1 -1 -1 -1 -1 24 22 21 20 19 18 16 -1 
0 -1 -1 -1 4 5 6 -1 -1 -1 -1 -1 1 3 -1 9 -1 -1 -1 -1 -1 -1 -1 -1 -1 17 7 -1 -1 12 -1 28 -1 -1 -1 15 31 26 -1 -1 -1 8 2 -1 -1 -1 -1 30 -1 -1 -1 -1 -1 -1 -1 -1 -1 -1 29 -1 -1 -1 27 23 -1 -1 -1 -1 -1 -1 -1 -1 -1 -1 -1 -1 -1 -1 -1 -1 -1 -1 24 22 21 20 19 18 16 -1 
0 -1 -1 -1 4 5 6 -1 -1 -1 -1 -1 1 3 -1 9 -1 -1 -1 -1 -1 -1 2 -1 -1 17 7 -1 -1 12 -1 28 -1 -1 -1 15 31 26 -1 -1 -1 8 -1 -1 -1 -1 -1 30 -1 -1 -1 -1 -1 -1 -1 -1 -1 -1 29 -1 -1 -1 27 23 -1 -1 -1 -1 -1 -1 -1 -1 -1 -1 -1 -1 -1 -1 -1 -1 -1 -1 24 22 21 20 19 18 16 -1 
0 -1 -1 -1 4 5 6 -1 -1 -1 -1 -1 1 3 -1 9 -1 -1 -1 -1 -1 -1 2 -1 -1 17 7 -1 -1 12 -1 28 -1 -1 -1 15 31 26 -1 -1 -1 8 -1 -1 -1 -1 -1 30 -1 -1 -1 -1 -1 -1 -1 -1 -1 -1 29 -1 -1 -1 27 23 -1 -1 -1 18 -1 -1 -1 -1 -1 -1 -1 -1 -1 -1 -1 -1 -1 -1 24 22 21 20 19 -1 16 -1 
-1 -1 -1 -1 4 5 6 -1 -1 -1 -1 -1 1 3 -1 9 -1 -1 -1 -1 -1 -1 2 -1 -1 17 7 -1 -1 12 -1 28 -1 -1 -1 15 0 26 -1 -1 -1 8 -1 -1 -1 -1 -1 30 -1 -1 -1 -1 -1 -1 -1 -1 -1 -1 29 -1 -1 -1 27 23 -1 -1 -1 18 -1 -1 -1 -1 -1 -1 -1 -1 -1 -1 -1 -1 -1 -1 24 22 21 20 19 -1 16 -1 
-1 -1 -1 -1 4 5 6 -1 -1 -1 26 -1 1 3 -1 9 -1 -1 -1 -1 -1 -1 2 -1 -1 17 7 -1 -1 12 -1 28 -1 -1 -1 15 0 -1 -1 -1 -1 8 -1 -1 -1 -1 -1 30 -1 -1 -1 -1 -1 -1 -1 -1 -1 -1 29 -1 -1 -1 27 23 -1 -1 -1 18 -1 -1 -1 -1 -1 -1 -1 -1 -1 -1 -1 -1 -1 -1 24 22 21 20 19 -1 16 -1 
-1 -1 -1 -1 4 5 6 -1 -1 -1 26 -1 1 3 -1 -1 -1 -1 -1 -1 -1 -1 2 -1 9 17 7 -1 -1 12 -1 28 -1 -1 -1 15 0 -1 -1 -1 -1 8 -1 -1 -1 -1 -1 30 -1 -1 -1 -1 -1 -1 -1 -1 -1 -1 29 -1 -1 -1 27 23 -1 -1 -1 18 -1 -1 -1 -1 -1 -1 -1 -1 -1 -1 -1 -1 -1 -1 24 22 21 20 19 -1 16 -1 
-1 -1 -1 -1 4 5 6 -1 -1 -1 26 -1 1 3 -1 -1 -1 -1 -1 -1 -1 -1 2 -1 9 17 7 -1 -1 12 -1 28 -1 -1 -1 15 0 -1 -1 -1 -1 8 -1 -1 -1 -1 -1 30 -1 -1 -1 -1 16 -1 -1 -1 -1 -1 29 -1 -1 -1 27 23 -1 -1 -1 18 -1 -1 -1 -1 -1 -1 -1 -1 -1 -1 -1 -1 -1 -1 24 22 21 20 19 -1 -1 -1 
-1 -1 -1 -1 4 5 6 -1 -1 -1 26 -1 1 3 -1 -1 -1 -1 -1 -1 -1 -1 2 -1 9 17 7 -1 -1 12 -1 28 -1 -1 -1 15 -1 0 -1 -1 -1 8 -1 -1 -1 -1 -1 30 -1 -1 -1 -1 16 -1 -1 -1 -1 -1 29 -1 -1 -1 27 23 -1 -1 -1 18 -1 -1 -1 -1 -1 -1 -1 -1 -1 -1 -1 -1 -1 -1 24 22 21 20 19 -1 -1 -1 
-1 -1 -1 -1 4 5 6 -1 -1 -1 26 -1 1 3 -1 -1 -1 -1 -1 -1 -1 -1 2 -1 9 17 7 -1 -1 12 -1 28 -1 -1 -1 15 -1 24 -1 -1 -1 8 -1 -1 -1 -1 -1 30 -1 -1 -1 -1 16 -1 -1 -1 -1 -1 29 -1 -1 -1 27 23 -1 -1 -1 18 -1 -1 -1 -1 -1 -1 -1 -1 -1 -1 -1 -1 -1 -1 -1 22 21 20 19 -1 -1 -1 
-1 -1 -1 -1 4 5 6 -1 -1 -1 26 -1 1 3 -1 -1 -1 -1 -1 -1 -1 -1 2 -1 9 17 7 -1 -1 12 -1 28 -1 -1 -1 15 -1 8 -1 -1 -1 -1 -1 -1 -1 -1 -1 30 -1 -1 -1 -1 16 -1 -1 -1 -1 -1 29 -1 -1 -1 27 23 -1 -1 -1 18 -1 -1 -1 -1 -1 -1 -1 -1 -1 -1 -1 -1 -1 -1 -1 22 21 20 19 -1 -1 -1 
-1 -1 -1 -1 4 5 6 -1 -1 26 -1 -1 1 3 -1 -1 -1 -1 -1 -1 -1 -1 2 -1 9 17 7 -1 -1 12 -1 28 -1 -1 -1 15 -1 8 -1 -1 -1 -1 -1 -1 -1 -1 -1 30 -1 -1 -1 -1 16 -1 -1 -1 -1 -1 29 -1 -1 -1 27 23 -1 -1 -1 18 -1 -1 -1 -1 -1 -1 -1 -1 -1 -1 -1 -1 -1 -1 -1 22 21 20 19 -1 -1 -1 
-1 -1 -1 -1 4 5 6 -1 -1 26 -1 -1 1 3 -1 -1 -1 -1 -1 -1 -1 -1 2 -1 9 17 7 -1 -1 12 -1 28 -1 -1 -1 -1 -1 8 -1 -1 -1 -1 -1 -1 15 -1 -1 30 -1 -1 -1 -1 16 -1 -1 -1 -1 -1 29 -1 -1 -1 27 23 -1 -1 -1 18 -1 -1 -1 -1 -1 -1 -1 -1 -1 -1 -1 -1 -1 -1 -1 22 21 20 19 -1 -1 -1 
-1 -1 -1 -1 4 5 6 -1 -1 26 -1 -1 1 3 -1 -1 -1 -1 -1 -1 -1 -1 2 -1 9 17 7 -1 -1 12 -1 28 -1 -1 -1 -1 -1 8 -1 -1 -1 -1 -1 -1 15 -1 -1 30 -1 -1 -1 16 -1 -1 -1 -1 -1 -1 29 -1 -1 -1 27 23 -1 -1 -1 18 -1 -1 -1 -1 -1 -1 -1 -1 -1 -1 -1 -1 -1 -1 -1 22 21 20 19 -1 -1 -1 
-1 -1 -1 -1 4 5 6 -1 -1 26 -1 -1 1 3 -1 -1 -1 -1 -1 -1 -1 -1 2 9 -1 17 7 -1 -1 12 -1 28 -1 -1 -1 -1 -1 8 -1 -1 -1 -1 -1 -1 15 -1 -1 30 -1 -1 -1 16 -1 -1 -1 -1 -1 -1 29 -1 -1 -1 27 23 -1 -1 -1 18 -1 -1 -1 -1 -1 -1 -1 -1 -1 -1 -1 -1 -1 -1 -1 22 21 20 19 -1 -1 -1 
-1 -1 -1 -1 4 5 6 -1 -1 26 -1 -1 1 3 -1 -1 -1 -1 -1 -1 -1 -1 2 9 -1 17 7 -1 -1 12 -1 28 -1 -1 -1 -1 -1 8 30 -1 -1 -1 -1 -1 15 -1 -1 -1 -1 -1 -1 16 -1 -1 -1 -1 -1 -1 29 -1 -1 -1 27 23 -1 -1 -1 18 -1 -1 -1 -1 -1 -1 -1 -1 -1 -1 -1 -1 -1 -1 -1 22 21 20 19 -1 -1 -1 
-1 -1 -1 -1 4 5 6 -1 -1 26 -1 -1 1 3 -1 -1 -1 -1 -1 -1 -1 -1 2 9 -1 17 7 -1 -1 -1 -1 28 -1 -1 -1 -1 -1 8 12 -1 -1 -1 -1 -1 15 -1 -1 -1 -1 -1 -1 16 -1 -1 -1 -1 -1 -1 29 -1 -1 -1 27 23 -1 -1 -1 18 -1 -1 -1 -1 -1 -1 -1 -1 -1 -1 -1 -1 -1 -1 -1 22 21 20 19 -1 -1 -1 
-1 -1 -1 -1 4 5 6 -1 -1 26 -1 -1 1 3 -1 -1 -1 -1 -1 -1 -1 -1 2 9 -1 -1 7 -1 -1 -1 -1 28 -1 -1 -1 -1 -1 8 12 -1 -1 -1 -1 -1 17 -1 -1 -1 -1 -1 -1 16 -1 -1 -1 -1 -1 -1 29 -1 -1 -1 27 23 -1 -1 -1 18 -1 -1 -1 -1 -1 -1 -1 -1 -1 -1 -1 -1 -1 -1 -1 22 21 20 19 -1 -1 -1 
-1 -1 -1 -1 4 5 6 -1 -1 26 -1 -1 -1 3 -1 -1 -1 -1 -1 1 -1 -1 2 9 -1 -1 7 -1 -1 -1 -1 28 -1 -1 -1 -1 -1 8 12 -1 -1 -1 -1 -1 17 -1 -1 -1 -1 -1 -1 16 -1 -1 -1 -1 -1 -1 29 -1 -1 -1 27 23 -1 -1 -1 18 -1 -1 -1 -1 -1 -1 -1 -1 -1 -1 -1 -1 -1 -1 -1 22 21 20 19 -1 -1 -1 
-1 -1 -1 -1 4 5 6 -1 -1 26 -1 -1 -1 3 -1 -1 -1 -1 -1 1 -1 -1 2 9 -1 -1 7 -1 -1 -1 -1 28 -1 -1 -1 -1 -1 8 12 -1 -1 -1 -1 -1 17 -1 -1 -1 -1 -1 -1 16 -1 27 -1 -1 -1 -1 29 -1 -1 -1 -1 23 -1 -1 -1 18 -1 -1 -1 -1 -1 -1 -1 -1 -1 -1 -1 -1 -1 -1 -1 22 21 20 19 -1 -1 -1 
-1 -1 -1 -1 4 5 6 -1 -1 26 -1 -1 -1 3 -1 -1 -1 -1 -1 1 -1 -1 2 9 -1 -1 7 -1 -1 -1 -1 28 -1 -1 -1 -1 0 -1 12 -1 -1 -1 -1 -1 17 -1 -1 -1 -1 -1 -1 16 -1 27 -1 -1 -1 -1 29 -1 -1 -1 -1 23 -1 -1 -1 18 -1 -1 -1 -1 -1 -1 -1 -1 -1 -1 -1 -1 -1 -1 -1 22 21 20 19 -1 -1 -1 
-1 -1 -1 -1 4 5 6 -1 -1 -1 26 -1 -1 3 -1 -1 -1 -1 -1 1 -1 -1 2 9 -1 -1 7 -1 -1 -1 -1 28 -1 -1 -1 -1 0 -1 12 -1 -1 -1 -1 -1 17 -1 -1 -1 -1 -1 -1 16 -1 27 -1 -1 -1 -1 29 -1 -1 -1 -1 23 -1 -1 -1 18 -1 -1 -1 -1 -1 -1 -1 -1 -1 -1 -1 -1 -1 -1 -1 22 21 20 19 -1 -1 -1 
-1 -1 -1 -1 4 5 6 -1 -1 -1 26 -1 -1 3 -1 -1 -1 -1 -1 1 -1 -1 2 9 -1 -1 7 -1 -1 -1 -1 28 -1 -1 -1 -1 -1 -1 12 -1 -1 -1 -1 -1 17 -1 -1 -1 -1 -1 -1 16 -1 27 0 -1 -1 -1 29 -1 -1 -1 -1 23 -1 -1 -1 18 -1 -1 -1 -1 -1 -1 -1 -1 -1 -1 -1 -1 -1 -1 -1 22 21 20 19 -1 -1 -1 
-1 -1 -1 -1 4 5 6 -1 -1 -1 26 -1 -1 3 -1 -1 -1 -1 -1 1 -1 -1 2 9 -1 -1 7 -1 -1 -1 -1 28 -1 -1 -1 -1 -1 -1 12 -1 -1 -1 -1 -1 17 -1 -1 -1 -1 16 -1 -1 -1 27 0 -1 -1 -1 29 -1 -1 -1 -1 23 -1 -1 -1 18 -1 -1 -1 -1 -1 -1 -1 -1 -1 -1 -1 -1 -1 -1 -1 22 21 20 19 -1 -1 -1 
-1 -1 -1 -1 4 5 6 -1 -1 -1 26 -1 -1 3 -1 -1 -1 -1 -1 1 -1 -1 2 9 -1 -1 -1 -1 -1 -1 -1 28 -1 -1 -1 -1 -1 -1 12 -1 -1 -1 -1 7 17 -1 -1 -1 -1 16 -1 -1 -1 27 0 -1 -1 -1 29 -1 -1 -1 -1 23 -1 -1 -1 18 -1 -1 -1 -1 -1 -1 -1 -1 -1 -1 -1 -1 -1 -1 -1 22 21 20 19 -1 -1 -1 
-1 -1 -1 -1 4 5 6 -1 -1 -1 26 -1 -1 3 -1 -1 -1 -1 -1 1 -1 -1 2 9 -1 17 -1 -1 -1 -1 -1 28 -1 -1 -1 -1 -1 -1 12 -1 -1 -1 -1 7 -1 -1 -1 -1 -1 16 -1 -1 -1 27 0 -1 -1 -1 29 -1 -1 -1 -1 23 -1 -1 -1 18 -1 -1 -1 -1 -1 -1 -1 -1 -1 -1 -1 -1 -1 -1 -1 22 21 20 19 -1 -1 -1 
-1 -1 -1 -1 4 5 6 -1 -1 -1 26 -1 -1 3 -1 -1 -1 -1 -1 1 -1 -1 2 9 -1 17 -1 -1 -1 -1 -1 28 -1 -1 -1 -1 -1 -1 12 -1 -1 -1 -1 -1 -1 -1 -1 -1 -1 16 -1 -1 -1 27 0 -1 -1 -1 29 -1 7 -1 -1 23 -1 -1 -1 18 -1 -1 -1 -1 -1 -1 -1 -1 -1 -1 -1 -1 -1 -1 -1 22 21 20 19 -1 -1 -1 
-1 -1 -1 -1 4 5 6 -1 -1 -1 26 -1 -1 3 -1 -1 -1 -1 -1 1 -1 -1 2 9 -1 17 -1 -1 -1 -1 -1 16 -1 -1 -1 -1 -1 -1 12 -1 -1 -1 -1 -1 -1 -1 -1 -1 -1 -1 -1 -1 -1 27 0 -1 -1 -1 29 -1 7 -1 -1 23 -1 -1 -1 18 -1 -1 -1 -1 -1 -1 -1 -1 -1 -1 -1 -1 -1 -1 -1 22 21 20 19 -1 -1 -1 
-1 -1 -1 -1 4 5 6 -1 -1 -1 26 -1 -1 3 -1 -1 -1 -1 -1 1 -1 -1 2 9 -1 17 -1 -1 -1 -1 -1 16 -1 -1 -1 -1 -1 -1 12 -1 -1 -1 -1 -1 -1 -1 -1 -1 -1 -1 -1 -1 -1 27 0 -1 -1 -1 29 -1 -1 -1 -1 23 -1 -1 -1 7 -1 -1 -1 -1 -1 -1 -1 -1 -1 -1 -1 -1 -1 -1 -1 22 21 20 19 -1 -1 -1 
-1 -1 -1 -1 4 5 6 -1 -1 -1 26 -1 -1 3 -1 -1 -1 -1 -1 1 -1 -1 2 9 -1 17 -1 -1 -1 -1 -1 16 -1 -1 -1 -1 -1 -1 12 -1 -1 -1 -1 -1 -1 -1 -1 -1 -1 -1 -1 -1 -1 27 0 -1 -1 -1 29 -1 -1 -1 -1 23 -1 -1 -1 22 -1 -1 -1 -1 -1 -1 -1 -1 -1 -1 -1 -1 -1 -1 -1 -1 21 20 19 -1 -1 -1 
-1 -1 -1 -1 4 5 6 -1 -1 -1 26 -1 -1 3 -1 -1 -1 -1 -1 1 -1 -1 2 9 -1 17 -1 -1 -1 -1 -1 16 -1 -1 -1 -1 -1 -1 12 -1 -1 -1 -1 -1 -1 -1 -1 -1 -1 -1 -1 -1 -1 27 -1 -1 -1 -1 29 -1 -1 -1 -1 0 -1 -1 -1 22 -1 -1 -1 -1 -1 -1 -1 -1 -1 -1 -1 -1 -1 -1 -1 -1 21 20 19 -1 -1 -1 
-1 -1 -1 -1 4 5 6 -1 -1 -1 26 -1 -1 3 -1 -1 -1 -1 -1 1 -1 -1 2 9 -1 17 -1 -1 -1 -1 -1 16 -1 -1 -1 -1 -1 -1 12 -1 -1 -1 -1 -1 -1 -1 -1 -1 -1 -1 -1 -1 -1 27 -1 -1 -1 -1 29 -1 -1 -1 -1 0 -1 -1 -1 22 -1 -1 -1 -1 -1 -1 -1 -1 19 -1 -1 -1 -1 -1 -1 -1 21 20 -1 -1 -1 -1 
-1 -1 -1 -1 4 5 6 -1 -1 -1 26 -1 -1 3 -1 -1 -1 -1 -1 1 -1 -1 2 9 -1 17 -1 -1 -1 -1 -1 16 -1 -1 -1 -1 -1 -1 12 -1 -1 -1 -1 -1 -1 -1 -1 -1 -1 -1 -1 -1 -1 27 -1 -1 -1 -1 29 -1 -1 -1 -1 -1 -1 -1 -1 0 -1 -1 -1 -1 -1 -1 -1 -1 19 -1 -1 -1 -1 -1 -1 -1 21 20 -1 -1 -1 -1 
-1 -1 -1 -1 4 5 6 -1 17 -1 26 -1 -1 3 -1 -1 -1 -1 -1 1 -1 -1 2 9 -1 -1 -1 -1 -1 -1 -1 16 -1 -1 -1 -1 -1 -1 12 -1 -1 -1 -1 -1 -1 -1 -1 -1 -1 -1 -1 -1 -1 27 -1 -1 -1 -1 29 -1 -1 -1 -1 -1 -1 -1 -1 0 -1 -1 -1 -1 -1 -1 -1 -1 19 -1 -1 -1 -1 -1 -1 -1 21 20 -1 -1 -1 -1 
-1 -1 -1 -1 4 5 6 -1 17 -1 26 -1 -1 3 -1 -1 -1 -1 -1 1 -1 -1 2 9 -1 -1 -1 -1 -1 -1 -1 16 -1 -1 -1 -1 -1 -1 -1 -1 -1 -1 -1 -1 -1 -1 -1 12 -1 -1 -1 -1 -1 27 -1 -1 -1 -1 29 -1 -1 -1 -1 -1 -1 -1 -1 0 -1 -1 -1 -1 -1 -1 -1 -1 19 -1 -1 -1 -1 -1 -1 -1 21 20 -1 -1 -1 -1 
-1 -1 -1 -1 4 5 6 -1 -1 -1 26 -1 -1 3 -1 17 -1 -1 -1 1 -1 -1 2 9 -1 -1 -1 -1 -1 -1 -1 16 -1 -1 -1 -1 -1 -1 -1 -1 -1 -1 -1 -1 -1 -1 -1 12 -1 -1 -1 -1 -1 27 -1 -1 -1 -1 29 -1 -1 -1 -1 -1 -1 -1 -1 0 -1 -1 -1 -1 -1 -1 -1 -1 19 -1 -1 -1 -1 -1 -1 -1 21 20 -1 -1 -1 -1 
-1 -1 -1 4 -1 5 6 -1 -1 -1 26 -1 -1 3 -1 17 -1 -1 -1 1 -1 -1 2 9 -1 -1 -1 -1 -1 -1 -1 16 -1 -1 -1 -1 -1 -1 -1 -1 -1 -1 -1 -1 -1 -1 -1 12 -1 -1 -1 -1 -1 27 -1 -1 -1 -1 29 -1 -1 -1 -1 -1 -1 -1 -1 0 -1 -1 -1 -1 -1 -1 -1 -1 19 -1 -1 -1 -1 -1 -1 -1 21 20 -1 -1 -1 -1 
-1 -1 -1 4 -1 5 6 -1 -1 -1 -1 26 -1 3 -1 17 -1 -1 -1 1 -1 -1 2 9 -1 -1 -1 -1 -1 -1 -1 16 -1 -1 -1 -1 -1 -1 -1 -1 -1 -1 -1 -1 -1 -1 -1 12 -1 -1 -1 -1 -1 27 -1 -1 -1 -1 29 -1 -1 -1 -1 -1 -1 -1 -1 0 -1 -1 -1 -1 -1 -1 -1 -1 19 -1 -1 -1 -1 -1 -1 -1 21 20 -1 -1 -1 -1 
-1 -1 -1 4 -1 5 6 -1 -1 -1 -1 26 -1 3 -1 17 -1 -1 -1 -1 -1 -1 2 9 -1 -1 -1 -1 -1 -1 -1 16 -1 -1 -1 -1 1 -1 -1 -1 -1 -1 -1 -1 -1 -1 -1 12 -1 -1 -1 -1 -1 27 -1 -1 -1 -1 29 -1 -1 -1 -1 -1 -1 -1 -1 0 -1 -1 -1 -1 -1 -1 -1 -1 19 -1 -1 -1 -1 -1 -1 -1 21 20 -1 -1 -1 -1 
-1 -1 -1 4 -1 5 6 -1 -1 -1 -1 26 -1 3 -1 17 -1 -1 -1 -1 -1 -1 2 9 -1 -1 -1 -1 -1 -1 16 -1 -1 -1 -1 -1 1 -1 -1 -1 -1 -1 -1 -1 -1 -1 -1 12 -1 -1 -1 -1 -1 27 -1 -1 -1 -1 29 -1 -1 -1 -1 -1 -1 -1 -1 0 -1 -1 -1 -1 -1 -1 -1 -1 19 -1 -1 -1 -1 -1 -1 -1 21 20 -1 -1 -1 -1 
-1 -1 -1 4 -1 5 6 -1 -1 -1 -1 26 -1 -1 -1 17 -1 -1 -1 -1 -1 3 2 9 -1 -1 -1 -1 -1 -1 16 -1 -1 -1 -1 -1 1 -1 -1 -1 -1 -1 -1 -1 -1 -1 -1 12 -1 -1 -1 -1 -1 27 -1 -1 -1 -1 29 -1 -1 -1 -1 -1 -1 -1 -1 0 -1 -1 -1 -1 -1 -1 -1 -1 19 -1 -1 -1 -1 -1 -1 -1 21 20 -1 -1 -1 -1 
-1 -1 -1 4 -1 5 6 -1 -1 -1 -1 26 -1 -1 -1 -1 -1 -1 -1 -1 -1 3 2 9 -1 -1 -1 -1 -1 -1 16 -1 -1 -1 17 -1 1 -1 -1 -1 -1 -1 -1 -1 -1 -1 -1 12 -1 -1 -1 -1 -1 27 -1 -1 -1 -1 29 -1 -1 -1 -1 -1 -1 -1 -1 0 -1 -1 -1 -1 -1 -1 -1 -1 19 -1 -1 -1 -1 -1 -1 -1 21 20 -1 -1 -1 -1 
-1 -1 -1 4 -1 5 6 -1 -1 -1 -1 26 -1 -1 -1 -1 -1 -1 -1 -1 -1 3 2 -1 -1 9 -1 -1 -1 -1 16 -1 -1 -1 17 -1 1 -1 -1 -1 -1 -1 -1 -1 -1 -1 -1 12 -1 -1 -1 -1 -1 27 -1 -1 -1 -1 29 -1 -1 -1 -1 -1 -1 -1 -1 0 -1 -1 -1 -1 -1 -1 -1 -1 19 -1 -1 -1 -1 -1 -1 -1 21 20 -1 -1 -1 -1 
-1 -1 -1 4 -1 5 6 -1 -1 -1 -1 26 -1 -1 -1 -1 -1 -1 -1 -1 -1 3 2 -1 -1 9 -1 -1 -1 -1 16 -1 -1 -1 -1 -1 1 -1 -1 -1 -1 17 -1 -1 -1 -1 -1 12 -1 -1 -1 -1 -1 27 -1 -1 -1 -1 29 -1 -1 -1 -1 -1 -1 -1 -1 0 -1 -1 -1 -1 -1 -1 -1 -1 19 -1 -1 -1 -1 -1 -1 -1 21 20 -1 -1 -1 -1 
-1 -1 -1 4 -1 5 6 -1 -1 -1 -1 26 -1 -1 -1 -1 -1 -1 -1 -1 -1 3 2 -1 -1 9 -1 -1 -1 -1 16 -1 -1 -1 -1 -1 -1 -1 -1 -1 -1 17 -1 -1 -1 -1 -1 12 -1 -1 -1 -1 -1 27 -1 1 -1 -1 29 -1 -1 -1 -1 -1 -1 -1 -1 0 -1 -1 -1 -1 -1 -1 -1 -1 19 -1 -1 -1 -1 -1 -1 -1 21 20 -1 -1 -1 -1 
-1 -1 -1 4 -1 5 6 -1 -1 -1 -1 26 -1 -1 -1 -1 -1 -1 -1 -1 -1 3 2 -1 -1 9 -1 -1 16 -1 -1 -1 -1 -1 -1 -1 -1 -1 -1 -1 -1 17 -1 -1 -1 -1 -1 12 -1 -1 -1 -1 -1 27 -1 1 -1 -1 29 -1 -1 -1 -1 -1 -1 -1 -1 0 -1 -1 -1 -1 -1 -1 -1 -1 19 -1 -1 -1 -1 -1 -1 -1 21 20 -1 -1 -1 -1 
-1 -1 -1 4 -1 5 6 -1 -1 -1 -1 26 -1 -1 -1 -1 -1 -1 -1 -1 -1 3 2 -1 -1 9 -1 -1 16 -1 -1 -1 -1 -1 -1 -1 -1 -1 -1 -1 -1 17 -1 -1 -1 -1 -1 12 -1 -1 -1 -1 -1 27 -1 -1 -1 -1 29 -1 -1 -1 -1 -1 -1 -1 1 0 -1 -1 -1 -1 -1 -1 -1 -1 19 -1 -1 -1 -1 -1 -1 -1 21 20 -1 -1 -1 -1 
-1 -1 -1 4 -1 5 6 -1 -1 -1 -1 26 -1 -1 -1 -1 -1 -1 -1 -1 -1 3 2 -1 -1 9 -1 -1 16 -1 -1 -1 -1 -1 -1 -1 -1 -1 -1 -1 -1 17 -1 -1 -1 -1 -1 12 -1 -1 -1 -1 -1 27 -1 -1 -1 -1 29 -1 -1 -1 -1 -1 -1 -1 1 0 -1 -1 -1 -1 -1 -1 -1 -1 19 -1 -1 -1 -1 -1 -1 -1 21 -1 20 -1 -1 -1 
-1 -1 -1 4 -1 5 6 -1 -1 -1 -1 26 -1 -1 -1 -1 -1 -1 -1 -1 -1 3 2 9 -1 -1 -1 -1 16 -1 -1 -1 -1 -1 -1 -1 -1 -1 -1 -1 -1 17 -1 -1 -1 -1 -1 12 -1 -1 -1 -1 -1 27 -1 -1 -1 -1 29 -1 -1 -1 -1 -1 -1 -1 1 0 -1 -1 -1 -1 -1 -1 -1 -1 19 -1 -1 -1 -1 -1 -1 -1 21 -1 20 -1 -1 -1 
-1 -1 -1 4 -1 5 6 -1 -1 -1 -1 26 -1 -1 -1 -1 -1 -1 -1 -1 -1 3 2 9 -1 -1 -1 -1 -1 -1 -1 -1 16 -1 -1 -1 -1 -1 -1 -1 -1 17 -1 -1 -1 -1 -1 12 -1 -1 -1 -1 -1 27 -1 -1 -1 -1 29 -1 -1 -1 -1 -1 -1 -1 1 0 -1 -1 -1 -1 -1 -1 -1 -1 19 -1 -1 -1 -1 -1 -1 -1 21 -1 20 -1 -1 -1 
-1 -1 -1 4 -1 5 6 -1 -1 -1 -1 26 -1 -1 -1 -1 -1 -1 -1 -1 -1 3 2 9 -1 -1 -1 -1 -1 -1 -1 -1 16 -1 -1 -1 -1 -1 -1 -1 -1 17 -1 -1 -1 -1 -1 12 -1 -1 -1 -1 -1 27 -1 -1 -1 -1 0 -1 -1 -1 -1 -1 -1 -1 1 -1 -1 -1 -1 -1 -1 -1 -1 -1 19 -1 -1 -1 -1 -1 -1 -1 21 -1 20 -1 -1 -1 
-1 -1 -1 4 -1 5 6 -1 -1 -1 -1 26 -1 -1 -1 -1 -1 -1 -1 -1 -1 3 2 9 -1 -1 -1 -1 -1 -1 -1 -1 16 -1 -1 -1 -1 -1 -1 -1 -1 17 -1 -1 -1 -1 -1 12 -1 -1 -1 -1 -1 27 -1 -1 -1 -1 0 -1 -1 -1 -1 -1 -1 -1 19 -1 -1 -1 -1 -1 -1 -1 -1 -1 -1 -1 -1 -1 -1 -1 -1 -1 21 -1 20 -1 -1 -1 
-1 -1 -1 4 -1 -1 6 -1 -1 -1 -1 26 -1 5 -1 -1 -1 -1 -1 -1 -1 3 2 9 -1 -1 -1 -1 -1 -1 -1 -1 16 -1 -1 -1 -1 -1 -1 -1 -1 17 -1 -1 -1 -1 -1 12 -1 -1 -1 -1 -1 27 -1 -1 -1 -1 0 -1 -1 -1 -1 -1 -1 -1 19 -1 -1 -1 -1 -1 -1 -1 -1 -1 -1 -1 -1 -1 -1 -1 -1 -1 21 -1 20 -1 -1 -1 
-1 -1 -1 4 -1 -1 6 -1 -1 -1 -1 26 -1 5 -1 -1 -1 -1 -1 -1 -1 3 2 9 -1 -1 -1 -1 -1 -1 -1 -1 16 -1 -1 -1 -1 -1 -1 -1 -1 17 -1 -1 -1 -1 -1 12 -1 -1 -1 -1 -1 27 -1 -1 -1 -1 0 -1 -1 -1 -1 -1 -1 -1 -1 -1 -1 -1 -1 -1 -1 -1 -1 -1 19 -1 -1 -1 -1 -1 -1 -1 21 -1 20 -1 -1 -1 
-1 -1 -1 4 -1 -1 6 -1 -1 -1 -1 26 -1 5 -1 -1 -1 -1 -1 -1 -1 3 2 9 -1 -1 -1 -1 -1 -1 -1 -1 16 -1 -1 -1 -1 -1 -1 -1 -1 17 -1 -1 -1 -1 -1 12 -1 -1 -1 -1 -1 27 -1 -1 -1 -1 -1 0 -1 -1 -1 -1 -1 -1 -1 -1 -1 -1 -1 -1 -1 -1 -1 -1 19 -1 -1 -1 -1 -1 -1 -1 21 -1 20 -1 -1 -1 
-1 -1 -1 4 -1 -1 6 -1 -1 -1 -1 26 -1 5 -1 -1 -1 -1 -1 -1 -1 3 2 9 -1 -1 -1 -1 -1 -1 -1 -1 16 -1 -1 -1 -1 -1 -1 -1 -1 17 -1 -1 -1 -1 -1 12 -1 -1 -1 -1 -1 27 -1 -1 -1 -1 -1 0 -1 -1 -1 -1 -1 -1 -1 -1 -1 -1 -1 -1 -1 -1 -1 -1 19 -1 -1 -1 -1 -1 -1 -1 21 20 -1 -1 -1 -1 
-1 -1 -1 4 -1 -1 6 -1 -1 -1 -1 26 -1 5 -1 -1 -1 -1 -1 -1 -1 3 2 -1 -1 -1 -1 -1 -1 -1 -1 -1 16 -1 -1 -1 -1 -1 -1 -1 -1 9 -1 -1 -1 -1 -1 12 -1 -1 -1 -1 -1 27 -1 -1 -1 -1 -1 0 -1 -1 -1 -1 -1 -1 -1 -1 -1 -1 -1 -1 -1 -1 -1 -1 19 -1 -1 -1 -1 -1 -1 -1 21 20 -1 -1 -1 -1 
-1 -1 -1 4 -1 -1 6 -1 -1 -1 -1 26 -1 5 -1 -1 -1 -1 -1 -1 -1 3 2 -1 -1 -1 -1 -1 -1 -1 -1 -1 16 -1 -1 -1 -1 -1 -1 -1 -1 9 -1 -1 -1 -1 -1 12 -1 -1 -1 -1 -1 27 -1 -1 -1 -1 -1 0 -1 -1 -1 -1 -1 -1 19 -1 -1 -1 -1 -1 -1 -1 -1 -1 -1 -1 -1 -1 -1 -1 -1 -1 21 20 -1 -1 -1 -1 
-1 -1 -1 4 -1 -1 6 -1 -1 -1 -1 26 -1 5 -1 -1 -1 -1 -1 -1 -1 3 2 -1 -1 -1 -1 -1 -1 -1 -1 -1 16 -1 -1 -1 -1 -1 -1 -1 -1 9 -1 -1 -1 -1 -1 -1 -1 -1 -1 -1 -1 27 -1 -1 12 -1 -1 0 -1 -1 -1 -1 -1 -1 19 -1 -1 -1 -1 -1 -1 -1 -1 -1 -1 -1 -1 -1 -1 -1 -1 -1 21 20 -1 -1 -1 -1 
-1 -1 -1 4 -1 -1 6 -1 -1 -1 -1 26 -1 5 -1 -1 -1 -1 -1 -1 -1 3 2 -1 -1 -1 -1 -1 16 -1 -1 -1 -1 -1 -1 -1 -1 -1 -1 -1 -1 9 -1 -1 -1 -1 -1 -1 -1 -1 -1 -1 -1 27 -1 -1 12 -1 -1 0 -1 -1 -1 -1 -1 -1 19 -1 -1 -1 -1 -1 -1 -1 -1 -1 -1 -1 -1 -1 -1 -1 -1 -1 21 20 -1 -1 -1 -1 
-1 -1 -1 4 -1 -1 6 -1 -1 -1 -1 26 -1 5 -1 -1 -1 -1 -1 -1 -1 3 2 -1 -1 -1 -1 -1 16 -1 -1 -1 -1 -1 -1 -1 -1 -1 -1 -1 -1 9 -1 -1 -1 -1 -1 -1 -1 -1 -1 -1 -1 27 -1 -1 12 -1 0 -1 -1 -1 -1 -1 -1 -1 19 -1 -1 -1 -1 -1 -1 -1 -1 -1 -1 -1 -1 -1 -1 -1 -1 -1 21 20 -1 -1 -1 -1 
-1 -1 -1 4 -1 -1 6 -1 -1 -1 -1 26 -1 5 -1 -1 -1 -1 -1 -1 -1 3 2 -1 -1 -1 -1 -1 16 -1 -1 -1 -1 -1 -1 -1 -1 -1 -1 -1 -1 9 -1 -1 -1 -1 -1 -1 -1 -1 -1 -1 -1 27 -1 -1 12 -1 19 -1 -1 -1 -1 -1 -1 -1 -1 -1 -1 -1 -1 -1 -1 -1 -1 -1 -1 -1 -1 -1 -1 -1 -1 -1 21 20 -1 -1 -1 -1 
-1 -1 -1 4 -1 -1 6 -1 -1 -1 -1 26 -1 5 -1 -1 -1 -1 -1 -1 -1 3 2 -1 -1 -1 -1 -1 16 -1 -1 -1 -1 -1 -1 -1 -1 -1 -1 -1 -1 9 -1 -1 -1 -1 -1 -1 -1 -1 -1 -1 -1 27 -1 -1 -1 -1 19 -1 -1 -1 -1 -1 -1 12 -1 -1 -1 -1 -1 -1 -1 -1 -1 -1 -1 -1 -1 -1 -1 -1 -1 -1 21 20 -1 -1 -1 -1 
-1 -1 -1 4 -1 -1 6 -1 -1 -1 -1 -1 -1 5 -1 -1 -1 -1 -1 -1 -1 3 2 -1 -1 -1 -1 -1 16 26 -1 -1 -1 -1 -1 -1 -1 -1 -1 -1 -1 9 -1 -1 -1 -1 -1 -1 -1 -1 -1 -1 -1 27 -1 -1 -1 -1 19 -1 -1 -1 -1 -1 -1 12 -1 -1 -1 -1 -1 -1 -1 -1 -1 -1 -1 -1 -1 -1 -1 -1 -1 -1 21 20 -1 -1 -1 -1 
-1 -1 -1 -1 4 -1 6 -1 -1 -1 -1 -1 -1 5 -1 -1 -1 -1 -1 -1 -1 3 2 -1 -1 -1 -1 -1 16 26 -1 -1 -1 -1 -1 -1 -1 -1 -1 -1 -1 9 -1 -1 -1 -1 -1 -1 -1 -1 -1 -1 -1 27 -1 -1 -1 -1 19 -1 -1 -1 -1 -1 -1 12 -1 -1 -1 -1 -1 -1 -1 -1 -1 -1 -1 -1 -1 -1 -1 -1 -1 -1 21 20 -1 -1 -1 -1 
-1 -1 -1 -1 4 -1 6 -1 -1 -1 -1 -1 -1 5 -1 -1 -1 -1 -1 -1 -1 3 2 -1 -1 -1 -1 -1 16 -1 -1 26 -1 -1 -1 -1 -1 -1 -1 -1 -1 9 -1 -1 -1 -1 -1 -1 -1 -1 -1 -1 -1 27 -1 -1 -1 -1 19 -1 -1 -1 -1 -1 -1 12 -1 -1 -1 -1 -1 -1 -1 -1 -1 -1 -1 -1 -1 -1 -1 -1 -1 -1 21 20 -1 -1 -1 -1 
-1 -1 -1 -1 -1 4 6 -1 -1 -1 -1 -1 -1 5 -1 -1 -1 -1 -1 -1 -1 3 2 -1 -1 -1 -1 -1 16 -1 -1 26 -1 -1 -1 -1 -1 -1 -1 -1 -1 9 -1 -1 -1 -1 -1 -1 -1 -1 -1 -1 -1 27 -1 -1 -1 -1 19 -1 -1 -1 -1 -1 -1 12 -1 -1 -1 -1 -1 -1 -1 -1 -1 -1 -1 -1 -1 -1 -1 -1 -1 -1 21 20 -1 -1 -1 -1 
-1 -1 -1 -1 -1 4 6 -1 -1 -1 -1 -1 -1 5 -1 -1 -1 -1 -1 -1 -1 3 2 -1 -1 -1 -1 -1 16 -1 -1 -1 -1 -1 26 -1 -1 -1 -1 -1 -1 9 -1 -1 -1 -1 -1 -1 -1 -1 -1 -1 -1 27 -1 -1 -1 -1 19 -1 -1 -1 -1 -1 -1 12 -1 -1 -1 -1 -1 -1 -1 -1 -1 -1 -1 -1 -1 -1 -1 -1 -1 -1 21 20 -1 -1 -1 -1 
-1 -1 -1 -1 4 -1 6 -1 -1 -1 -1 -1 -1 5 -1 -1 -1 -1 -1 -1 -1 3 2 -1 -1 -1 -1 -1 16 -1 -1 -1 -1 -1 26 -1 -1 -1 -1 -1 -1 9 -1 -1 -1 -1 -1 -1 -1 -1 -1 -1 -1 27 -1 -1 -1 -1 19 -1 -1 -1 -1 -1 -1 12 -1 -1 -1 -1 -1 -1 -1 -1 -1 -1 -1 -1 -1 -1 -1 -1 -1 -1 21 20 -1 -1 -1 -1 
-1 -1 -1 -1 4 -1 6 -1 -1 -1 -1 -1 -1 5 -1 -1 -1 -1 -1 -1 -1 3 2 -1 -1 -1 -1 -1 -1 -1 -1 -1 16 -1 26 -1 -1 -1 -1 -1 -1 9 -1 -1 -1 -1 -1 -1 -1 -1 -1 -1 -1 27 -1 -1 -1 -1 19 -1 -1 -1 -1 -1 -1 12 -1 -1 -1 -1 -1 -1 -1 -1 -1 -1 -1 -1 -1 -1 -1 -1 -1 -1 21 20 -1 -1 -1 -1 
-1 -1 -1 -1 4 -1 6 -1 -1 -1 -1 -1 -1 5 -1 -1 -1 -1 -1 -1 -1 3 2 -1 -1 -1 -1 -1 -1 -1 -1 -1 16 -1 26 -1 -1 -1 -1 -1 -1 9 -1 -1 -1 -1 -1 -1 -1 -1 -1 -1 -1 27 -1 -1 -1 -1 -1 0 -1 -1 -1 -1 -1 12 -1 -1 -1 -1 -1 -1 -1 -1 -1 -1 -1 -1 -1 -1 -1 -1 -1 -1 21 20 -1 -1 -1 -1 
-1 -1 -1 -1 4 -1 6 -1 -1 -1 -1 -1 -1 5 -1 -1 -1 -1 -1 -1 -1 3 2 -1 -1 -1 -1 -1 -1 16 -1 -1 -1 -1 26 -1 -1 -1 -1 -1 -1 9 -1 -1 -1 -1 -1 -1 -1 -1 -1 -1 -1 27 -1 -1 -1 -1 -1 0 -1 -1 -1 -1 -1 12 -1 -1 -1 -1 -1 -1 -1 -1 -1 -1 -1 -1 -1 -1 -1 -1 -1 -1 21 20 -1 -1 -1 -1 
-1 -1 -1 -1 4 -1 6 -1 -1 -1 -1 -1 -1 5 -1 -1 -1 -1 -1 -1 -1 3 2 -1 -1 -1 -1 -1 -1 16 -1 -1 -1 -1 26 -1 -1 -1 -1 -1 9 -1 -1 -1 -1 -1 -1 -1 -1 -1 -1 -1 -1 27 -1 -1 -1 -1 -1 0 -1 -1 -1 -1 -1 12 -1 -1 -1 -1 -1 -1 -1 -1 -1 -1 -1 -1 -1 -1 -1 -1 -1 -1 21 20 -1 -1 -1 -1 
-1 -1 -1 -1 4 -1 6 -1 -1 -1 -1 -1 -1 5 -1 -1 -1 -1 -1 -1 -1 3 2 -1 -1 -1 -1 -1 -1 16 -1 -1 -1 -1 26 -1 -1 -1 -1 -1 9 -1 -1 -1 -1 -1 -1 -1 -1 -1 -1 -1 -1 27 -1 -1 -1 -1 -1 0 -1 -1 -1 -1 -1 12 -1 -1 -1 -1 -1 -1 -1 -1 -1 -1 -1 -1 -1 -1 -1 -1 -1 -1 20 -1 -1 -1 -1 -1 
-1 -1 -1 -1 4 -1 6 -1 -1 -1 -1 -1 -1 5 -1 -1 -1 -1 -1 -1 -1 3 2 -1 -1 -1 -1 -1 -1 16 -1 -1 -1 -1 26 -1 -1 -1 9 -1 -1 -1 -1 -1 -1 -1 -1 -1 -1 -1 -1 -1 -1 27 -1 -1 -1 -1 -1 0 -1 -1 -1 -1 -1 12 -1 -1 -1 -1 -1 -1 -1 -1 -1 -1 -1 -1 -1 -1 -1 -1 -1 -1 20 -1 -1 -1 -1 -1 
-1 -1 -1 -1 4 -1 6 -1 -1 -1 -1 -1 -1 5 -1 -1 -1 -1 -1 -1 -1 3 2 -1 -1 -1 -1 -1 -1 16 -1 26 -1 -1 -1 -1 -1 -1 9 -1 -1 -1 -1 -1 -1 -1 -1 -1 -1 -1 -1 -1 -1 27 -1 -1 -1 -1 -1 0 -1 -1 -1 -1 -1 12 -1 -1 -1 -1 -1 -1 -1 -1 -1 -1 -1 -1 -1 -1 -1 -1 -1 -1 20 -1 -1 -1 -1 -1 
-1 -1 -1 -1 -1 4 6 -1 -1 -1 -1 -1 -1 5 -1 -1 -1 -1 -1 -1 -1 3 2 -1 -1 -1 -1 -1 -1 16 -1 26 -1 -1 -1 -1 -1 -1 9 -1 -1 -1 -1 -1 -1 -1 -1 -1 -1 -1 -1 -1 -1 27 -1 -1 -1 -1 -1 0 -1 -1 -1 -1 -1 12 -1 -1 -1 -1 -1 -1 -1 -1 -1 -1 -1 -1 -1 -1 -1 -1 -1 -1 20 -1 -1 -1 -1 -1 
-1 -1 -1 -1 -1 4 6 -1 -1 -1 -1 -1 -1 5 -1 -1 -1 -1 -1 -1 -1 3 2 -1 -1 -1 -1 -1 -1 16 -1 -1 -1 -1 -1 -1 -1 -1 9 -1 -1 -1 -1 -1 -1 -1 -1 -1 -1 -1 -1 -1 -1 27 -1 -1 -1 -1 -1 0 -1 -1 -1 -1 -1 12 -1 26 -1 -1 -1 -1 -1 -1 -1 -1 -1 -1 -1 -1 -1 -1 -1 -1 20 -1 -1 -1 -1 -1 
-1 -1 -1 -1 -1 4 6 -1 -1 -1 -1 -1 -1 5 -1 -1 -1 -1 -1 -1 -1 3 2 -1 -1 -1 -1 -1 -1 16 -1 -1 -1 -1 -1 -1 -1 -1 9 -1 -1 -1 -1 -1 -1 -1 -1 -1 -1 -1 -1 -1 -1 27 -1 0 -1 -1 -1 -1 -1 -1 -1 -1 -1 12 -1 26 -1 -1 -1 -1 -1 -1 -1 -1 -1 -1 -1 -1 -1 -1 -1 -1 20 -1 -1 -1 -1 -1 
