0 1 2 3 4 5 6 7 8 -1 -1 -1 -1 -1 -1 -1 -1 -1 -1 9 -1 -1 -1 -1 -1 10 -1 11 -1 12 -1 28 -1 14 -1 15 -1 -1 -1 -1 -1 -1 -1 -1 -1 -1 -1 30 -1 -1 -1 -1 -1 -1 -1 -1 -1 -1 29 -1 -1 -1 27 -1 26 -1 -1 -1 -1 -1 25 -1 -1 -1 -1 -1 -1 -1 -1 -1 -1 24 23 22 21 20 19 18 17 16 
0 1 2 3 4 5 6 7 8 -1 -1 -1 -1 -1 -1 -1 -1 -1 -1 -1 9 -1 -1 -1 -1 10 -1 11 -1 12 -1 28 -1 14 -1 15 -1 -1 -1 -1 -1 -1 -1 -1 -1 -1 -1 30 -1 -1 -1 -1 -1 -1 -1 -1 -1 -1 29 -1 -1 -1 27 -1 26 -1 -1 -1 -1 -1 25 -1 -1 -1 -1 -1 -1 -1 -1 -1 -1 24 23 22 21 20 19 18 17 16 
0 1 2 3 4 5 6 7 8 -1 -1 -1 -1 -1 -1 -1 -1 -1 -1 -1 9 -1 -1 -1 -1 10 -1 11 -1 12 -1 28 -1 14 -1 15 -1 -1 -1 -1 -1 -1 -1 -1 -1 -1 -1 30 -1 -1 -1 -1 -1 -1 -1 -1 -1 -1 29 -1 -1 -1 27 -1 26 -1 -1 25 -1 -1 -1 -1 -1 -1 -1 -1 -1 -1 -1 -1 -1 24 23 22 21 20 19 18 17 16 
0 1 -1 3 4 5 6 7 8 -1 -1 -1 -1 -1 -1 -1 -1 -1 -1 -1 9 -1 2 -1 -1 10 -1 11 -1 12 -1 28 -1 14 -1 15 -1 -1 -1 -1 -1 -1 -1 -1 -1 -1 -1 30 -1 -1 -1 -1 -1 -1 -1 -1 -1 -1 29 -1 -1 -1 27 -1 26 -1 -1 25 -1 -1 -1 -1 -1 -1 -1 -1 -1 -1 -1 -1 -1 24 23 22 21 20 19 18 17 16 
0 1 -1 3 4 5 6 7 8 -1 -1 -1 -1 -1 -1 -1 -1 -1 -1 -1 9 -1 2 -1 -1 10 -1 11 -1 12 -1 28 -1 14 -1 15 -1 -1 -1 -1 -1 -1 -1 -1 -1 -1 -1 30 -1 -1 -1 -1 -1 -1 -1 -1 -1 -1 29 -1 -1 -1 27 23 26 -1 -1 25 -1 -1 -1 -1 -1 -1 -1 -1 -1 -1 -1 -1 -1 24 -1 22 21 20 19 18 17 16 
0 1 -1 3 4 5 6 7 -1 -1 -1 -1 -1 -1 -1 -1 -1 8 -1 -1 9 -1 2 -1 -1 10 -1 11 -1 12 -1 28 -1 14 -1 15 -1 -1 -1 -1 -1 -1 -1 -1 -1 -1 -1 30 -1 -1 -1 -1 -1 -1 -1 -1 -1 -1 29 -1 -1 -1 27 23 26 -1 -1 25 -1 -1 -1 -1 -1 -1 -1 -1 -1 -1 -1 -1 -1 24 -1 22 21 20 19 18 17 16 
0 1 -1 3 4 5 6 7 -1 -1 -1 -1 -1 -1 -1 -1 -1 8 -1 -1 9 -1 2 -1 -1 10 -1 11 -1 12 -1 25 -1 14 -1 15 -1 -1 -1 -1 -1 -1 -1 -1 -1 -1 -1 30 -1 -1 -1 -1 -1 -1 -1 -1 -1 -1 29 -1 -1 -1 27 23 26 -1 -1 -1 -1 -1 -1 -1 -1 -1 -1 -1 -1 -1 -1 -1 -1 24 -1 22 21 20 19 18 17 16 
0 1 -1 -1 4 5 6 7 -1 -1 -1 -1 -1 3 -1 -1 -1 8 -1 -1 9 -1 2 -1 -1 10 -1 11 -1 12 -1 25 -1 14 -1 15 -1 -1 -1 -1 -1 -1 -1 -1 -1 -1 -1 30 -1 -1 -1 -1 -1 -1 -1 -1 -1 -1 29 -1 -1 -1 27 23 26 -1 -1 -1 -1 -1 -1 -1 -1 -1 -1 -1 -1 -1 -1 -1 -1 24 -1 22 21 20 19 18 17 16 
0 1 -1 -1 4 5 6 7 -1 -1 -1 -1 -1 3 -1 -1 -1 8 -1 -1 9 -1 2 -1 -1 10 -1 11 -1 12 -1 25 -1 14 -1 15 -1 -1 -1 -1 -1 -1 -1 -1 -1 -1 -1 30 -1 -1 -1 -1 -1 -1 -1 -1 -1 -1 29 -1 -1 -1 27 23 26 -1 -1 -1 -1 -1 -1 -1 -1 -1 -1 -1 -1 -1 -1 -1 -1 -1 24 22 21 20 19 18 17 16 
0 -1 -1 -1 4 5 6 7 -1 -1 -1 -1 1 3 -1 -1 -1 8 -1 -1 9 -1 2 -1 -1 10 -1 11 -1 12 -1 25 -1 14 -1 15 -1 -1 -1 -1 -1 -1 -1 -1 -1 -1 -1 30 -1 -1 -1 -1 -1 -1 -1 -1 -1 -1 29 -1 -1 -1 27 23 26 -1 -1 -1 -1 -1 -1 -1 -1 -1 -1 -1 -1 -1 -1 -1 -1 -1 24 22 21 20 19 18 17 16 
0 -1 -1 -1 4 5 6 7 -1 -1 -1 -1 1 3 -1 -1 -1 8 -1 -1 9 -1 2 -1 -1 10 -1 11 -1 12 -1 -1 -1 14 -1 15 -1 -1 -1 -1 25 -1 -1 -1 -1 -1 -1 30 -1 -1 -1 -1 -1 -1 -1 -1 -1 -1 29 -1 -1 -1 27 23 26 -1 -1 -1 -1 -1 -1 -1 -1 -1 -1 -1 -1 -1 -1 -1 -1 -1 24 22 21 20 19 18 17 16 
0 -1 -1 -1 4 5 6 7 -1 -1 -1 -1 1 3 8 -1 -1 -1 -1 -1 9 -1 2 -1 -1 10 -1 11 -1 12 -1 -1 -1 14 -1 15 -1 -1 -1 -1 25 -1 -1 -1 -1 -1 -1 30 -1 -1 -1 -1 -1 -1 -1 -1 -1 -1 29 -1 -1 -1 27 23 26 -1 -1 -1 -1 -1 -1 -1 -1 -1 -1 -1 -1 -1 -1 -1 -1 -1 24 22 21 20 19 18 17 16 
0 -1 -1 -1 4 5 6 7 -1 -1 -1 -1 1 3 8 -1 -1 -1 -1 -1 9 -1 2 -1 -1 10 -1 11 -1 12 -1 -1 -1 14 -1 15 -1 -1 -1 -1 25 -1 -1 -1 -1 -1 -1 30 -1 -1 -1 -1 -1 -1 -1 -1 -1 -1 29 -1 -1 -1 27 23 26 -1 -1 -1 -1 17 -1 -1 -1 -1 -1 -1 -1 -1 -1 -1 -1 -1 24 22 21 20 19 18 -1 16 
0 -1 -1 -1 4 5 6 7 -1 -1 -1 -1 1 3 -1 -1 -1 -1 -1 -1 9 -1 2 -1 -1 10 -1 11 -1 12 -1 -1 -1 14 -1 15 -1 -1 -1 -1 25 8 -1 -1 -1 -1 -1 30 -1 -1 -1 -1 -1 -1 -1 -1 -1 -1 29 -1 -1 -1 27 23 26 -1 -1 -1 -1 17 -1 -1 -1 -1 -1 -1 -1 -1 -1 -1 -1 -1 24 22 21 20 19 18 -1 16 
0 -1 -1 -1 4 5 6 7 -1 -1 -1 -1 1 3 -1 -1 -1 -1 -1 -1 9 -1 2 -1 -1 10 -1 11 -1 12 -1 -1 -1 14 -1 15 -1 -1 -1 -1 25 8 -1 -1 -1 -1 -1 30 -1 -1 -1 -1 -1 -1 -1 -1 -1 -1 29 -1 -1 -1 27 23 -1 -1 -1 26 -1 17 -1 -1 -1 -1 -1 -1 -1 -1 -1 -1 -1 -1 24 22 21 20 19 18 -1 16 
0 -1 -1 -1 4 5 6 7 -1 -1 -1 -1 1 3 -1 -1 -1 -1 -1 -1 9 -1 2 -1 -1 10 -1 11 -1 12 -1 -1 -1 14 -1 15 -1 -1 -1 -1 25 -1 8 -1 -1 -1 -1 30 -1 -1 -1 -1 -1 -1 -1 -1 -1 -1 29 -1 -1 -1 27 23 -1 -1 -1 26 -1 17 -1 -1 -1 -1 -1 -1 -1 -1 -1 -1 -1 -1 24 22 21 20 19 18 -1 16 
0 -1 -1 -1 4 5 6 7 -1 -1 -1 -1 1 3 -1 -1 -1 -1 -1 -1 9 -1 2 -1 -1 10 -1 11 -1 12 -1 -1 -1 14 -1 15 -1 -1 -1 -1 25 -1 8 -1 -1 -1 -1 30 -1 -1 -1 -1 -1 -1 -1 -1 -1 -1 29 -1 -1 -1 27 23 -1 -1 -1 26 -1 17 -1 -1 -1 -1 -1 -1 -1 -1 -1 -1 -1 -1 24 22 21 20 19 18 16 -1 
0 -1 -1 -1 4 5 6 7 -1 -1 -1 -1 1 3 -1 -1 -1 -1 -1 -1 9 -1 2 -1 -1 10 -1 11 -1 12 -1 -1 -1 14 -1 15 -1 -1 -1 -1 25 -1 -1 -1 -1 -1 -1 30 -1 -1 -1 -1 -1 -1 -1 -1 -1 -1 29 -1 8 -1 27 23 -1 -1 -1 26 -1 17 -1 -1 -1 -1 -1 -1 -1 -1 -1 -1 -1 -1 24 22 21 20 19 18 16 -1 
0 -1 -1 -1 4 5 6 7 -1 -1 -1 -1 1 3 -1 -1 -1 -1 -1 -1 9 -1 2 -1 -1 10 -1 11 -1 12 -1 -1 -1 14 -1 15 -1 -1 -1 -1 25 -1 -1 -1 -1 -1 -1 30 -1 -1 -1 -1 -1 -1 -1 -1 -1 -1 29 -1 8 -1 27 23 -1 -1 -1 26 -1 17 16 -1 -1 -1 -1 -1 -1 -1 -1 -1 -1 -1 24 22 21 20 19 18 -1 -1 
0 -1 -1 -1 4 5 6 -1 -1 -1 -1 -1 1 3 -1 -1 -1 -1 -1 -1 9 -1 2 -1 -1 10 7 11 -1 12 -1 -1 -1 14 -1 15 -1 -1 -1 -1 25 -1 -1 -1 -1 -1 -1 30 -1 -1 -1 -1 -1 -1 -1 -1 -1 -1 29 -1 8 -1 27 23 -1 -1 -1 26 -1 17 16 -1 -1 -1 -1 -1 -1 -1 -1 -1 -1 -1 24 22 21 20 19 18 -1 -1 
0 -1 -1 -1 4 5 6 -1 -1 -1 -1 -1 1 3 -1 -1 -1 -1 -1 -1 9 -1 2 -1 -1 10 7 11 -1 12 -1 -1 -1 14 -1 15 -1 -1 -1 25 -1 -1 -1 -1 -1 -1 -1 30 -1 -1 -1 -1 -1 -1 -1 -1 -1 -1 29 -1 8 -1 27 23 -1 -1 -1 26 -1 17 16 -1 -1 -1 -1 -1 -1 -1 -1 -1 -1 -1 24 22 21 20 19 18 -1 -1 
0 -1 -1 -1 4 5 6 -1 -1 -1 -1 -1 1 3 -1 -1 -1 -1 -1 -1 9 -1 2 -1 10 -1 7 11 -1 12 -1 -1 -1 14 -1 15 -1 -1 -1 25 -1 -1 -1 -1 -1 -1 -1 30 -1 -1 -1 -1 -1 -1 -1 -1 -1 -1 29 -1 8 -1 27 23 -1 -1 -1 26 -1 17 16 -1 -1 -1 -1 -1 -1 -1 -1 -1 -1 -1 24 22 21 20 19 18 -1 -1 
0 -1 -1 -1 4 5 6 -1 -1 -1 -1 -1 1 3 -1 -1 -1 -1 -1 -1 9 -1 2 -1 10 -1 7 11 -1 12 -1 -1 -1 14 -1 15 -1 -1 -1 -1 -1 -1 -1 -1 -1 -1 -1 30 -1 -1 -1 -1 -1 -1 -1 -1 -1 -1 29 -1 8 -1 27 23 -1 -1 25 26 -1 17 16 -1 -1 -1 -1 -1 -1 -1 -1 -1 -1 -1 24 22 21 20 19 18 -1 -1 
0 -1 -1 -1 4 5 6 -1 -1 -1 -1 -1 1 3 -1 -1 -1 -1 -1 -1 9 -1 2 -1 10 -1 7 11 -1 12 -1 -1 -1 14 -1 15 -1 -1 -1 -1 -1 -1 -1 -1 -1 -1 -1 30 -1 -1 -1 8 -1 -1 -1 -1 -1 -1 29 -1 -1 -1 27 23 -1 -1 25 26 -1 17 16 -1 -1 -1 -1 -1 -1 -1 -1 -1 -1 -1 24 22 21 20 19 18 -1 -1 
0 -1 -1 -1 4 5 6 -1 -1 -1 -1 -1 1 3 -1 -1 -1 -1 -1 -1 9 -1 2 -1 10 -1 7 11 -1 12 -1 -1 -1 14 -1 15 -1 -1 -1 -1 -1 -1 -1 -1 -1 -1 -1 30 -1 -1 -1 8 16 -1 -1 -1 -1 -1 29 -1 -1 -1 27 23 -1 -1 25 26 -1 17 -1 -1 -1 -1 -1 -1 -1 -1 -1 -1 -1 -1 24 22 21 20 19 18 -1 -1 
0 -1 -1 -1 4 5 6 -1 -1 -1 -1 -1 1 3 -1 -1 -1 -1 -1 -1 9 -1 2 -1 10 -1 7 11 -1 12 -1 -1 -1 14 -1 15 -1 -1 -1 -1 -1 -1 -1 -1 -1 -1 -1 8 -1 -1 -1 -1 16 -1 -1 -1 -1 -1 29 -1 -1 -1 27 23 -1 -1 25 26 -1 17 -1 -1 -1 -1 -1 -1 -1 -1 -1 -1 -1 -1 24 22 21 20 19 18 -1 -1 
0 -1 -1 -1 4 5 6 -1 -1 -1 -1 -1 1 3 -1 -1 -1 -1 -1 -1 9 -1 2 -1 10 -1 7 11 -1 12 -1 -1 -1 14 -1 15 -1 -1 -1 -1 -1 -1 -1 -1 -1 -1 -1 16 -1 -1 -1 -1 -1 -1 -1 -1 -1 -1 29 -1 -1 -1 27 23 -1 -1 25 26 -1 17 -1 -1 -1 -1 -1 -1 -1 -1 -1 -1 -1 -1 24 22 21 20 19 18 -1 -1 
0 -1 -1 -1 4 5 6 -1 -1 -1 -1 -1 1 3 -1 -1 -1 -1 -1 -1 -1 -1 2 -1 10 -1 7 11 -1 12 -1 -1 -1 14 -1 15 -1 -1 -1 -1 -1 -1 -1 -1 -1 -1 -1 9 -1 -1 -1 -1 -1 -1 -1 -1 -1 -1 29 -1 -1 -1 27 23 -1 -1 25 26 -1 17 -1 -1 -1 -1 -1 -1 -1 -1 -1 -1 -1 -1 24 22 21 20 19 18 -1 -1 
0 -1 -1 -1 4 5 6 -1 -1 -1 -1 -1 1 3 -1 -1 -1 -1 -1 -1 -1 -1 2 -1 10 -1 7 11 -1 12 -1 -1 -1 14 -1 15 -1 -1 -1 -1 -1 -1 -1 -1 -1 -1 24 9 -1 -1 -1 -1 -1 -1 -1 -1 -1 -1 29 -1 -1 -1 27 23 -1 -1 25 26 -1 17 -1 -1 -1 -1 -1 -1 -1 -1 -1 -1 -1 -1 -1 22 21 20 19 18 -1 -1 
0 -1 -1 -1 4 5 6 -1 -1 -1 -1 -1 1 3 -1 -1 -1 -1 -1 -1 -1 -1 2 -1 10 -1 7 11 -1 -1 -1 -1 -1 14 -1 15 -1 -1 12 -1 -1 -1 -1 -1 -1 -1 24 9 -1 -1 -1 -1 -1 -1 -1 -1 -1 -1 29 -1 -1 -1 27 23 -1 -1 25 26 -1 17 -1 -1 -1 -1 -1 -1 -1 -1 -1 -1 -1 -1 -1 22 21 20 19 18 -1 -1 
0 -1 -1 -1 4 5 6 -1 -1 -1 -1 -1 1 3 -1 -1 -1 -1 -1 -1 -1 -1 2 -1 10 -1 7 11 24 -1 -1 -1 -1 14 -1 15 -1 -1 12 -1 -1 -1 -1 -1 -1 -1 -1 9 -1 -1 -1 -1 -1 -1 -1 -1 -1 -1 29 -1 -1 -1 27 23 -1 -1 25 26 -1 17 -1 -1 -1 -1 -1 -1 -1 -1 -1 -1 -1 -1 -1 22 21 20 19 18 -1 -1 
-1 0 -1 -1 4 5 6 -1 -1 -1 -1 -1 1 3 -1 -1 -1 -1 -1 -1 -1 -1 2 -1 10 -1 7 11 24 -1 -1 -1 -1 14 -1 15 -1 -1 12 -1 -1 -1 -1 -1 -1 -1 -1 9 -1 -1 -1 -1 -1 -1 -1 -1 -1 -1 29 -1 -1 -1 27 23 -1 -1 25 26 -1 17 -1 -1 -1 -1 -1 -1 -1 -1 -1 -1 -1 -1 -1 22 21 20 19 18 -1 -1 
-1 0 -1 -1 4 5 6 -1 -1 -1 -1 -1 1 3 -1 -1 -1 -1 -1 -1 -1 -1 2 -1 10 -1 7 24 -1 -1 -1 -1 -1 14 -1 15 -1 -1 12 -1 -1 -1 -1 -1 -1 -1 -1 9 -1 -1 -1 -1 -1 -1 -1 -1 -1 -1 29 -1 -1 -1 27 23 -1 -1 25 26 -1 17 -1 -1 -1 -1 -1 -1 -1 -1 -1 -1 -1 -1 -1 22 21 20 19 18 -1 -1 
-1 -1 -1 -1 4 5 6 -1 -1 -1 -1 -1 1 3 -1 -1 -1 -1 -1 -1 -1 -1 2 -1 10 -1 7 24 -1 -1 -1 -1 -1 14 -1 15 -1 -1 12 -1 -1 -1 -1 -1 -1 -1 -1 9 -1 -1 -1 -1 -1 -1 -1 0 -1 -1 29 -1 -1 -1 27 23 -1 -1 25 26 -1 17 -1 -1 -1 -1 -1 -1 -1 -1 -1 -1 -1 -1 -1 22 21 20 19 18 -1 -1 
-1 -1 -1 -1 4 5 6 -1 -1 -1 -1 -1 1 3 -1 -1 -1 -1 -1 -1 -1 -1 2 -1 10 -1 7 24 -1 -1 -1 -1 -1 14 -1 15 -1 -1 12 -1 -1 -1 -1 -1 -1 -1 -1 9 -1 -1 -1 -1 -1 -1 -1 0 -1 -1 29 -1 -1 -1 27 23 -1 -1 25 26 -1 17 -1 18 -1 -1 -1 -1 -1 -1 -1 -1 -1 -1 -1 22 21 20 19 -1 -1 -1 
-1 -1 -1 -1 4 5 6 -1 -1 -1 -1 -1 -1 3 -1 -1 -1 -1 -1 1 -1 -1 2 -1 10 -1 7 24 -1 -1 -1 -1 -1 14 -1 15 -1 -1 12 -1 -1 -1 -1 -1 -1 -1 -1 9 -1 -1 -1 -1 -1 -1 -1 0 -1 -1 29 -1 -1 -1 27 23 -1 -1 25 26 -1 17 -1 18 -1 -1 -1 -1 -1 -1 -1 -1 -1 -1 -1 22 21 20 19 -1 -1 -1 
-1 -1 -1 -1 4 5 6 -1 -1 -1 -1 -1 -1 3 -1 -1 -1 -1 -1 1 -1 -1 2 -1 10 -1 7 24 -1 -1 -1 -1 -1 14 -1 15 -1 -1 12 -1 -1 -1 -1 -1 -1 -1 -1 9 -1 -1 -1 -1 17 -1 -1 0 -1 -1 29 -1 -1 -1 27 23 -1 -1 25 26 -1 -1 -1 18 -1 -1 -1 -1 -1 -1 -1 -1 -1 -1 -1 22 21 20 19 -1 -1 -1 
-1 -1 -1 -1 4 5 6 -1 -1 -1 -1 -1 -1 3 -1 -1 -1 -1 -1 1 -1 -1 2 -1 10 -1 7 24 -1 -1 -1 -1 -1 14 -1 15 -1 -1 12 -1 -1 -1 -1 -1 -1 -1 -1 9 -1 -1 -1 -1 17 -1 -1 -1 -1 0 29 -1 -1 -1 27 23 -1 -1 25 26 -1 -1 -1 18 -1 -1 -1 -1 -1 -1 -1 -1 -1 -1 -1 22 21 20 19 -1 -1 -1 
-1 -1 -1 -1 4 5 6 -1 -1 -1 -1 -1 -1 3 -1 -1 -1 -1 -1 1 -1 -1 2 -1 10 -1 7 24 -1 -1 -1 -1 -1 14 -1 15 -1 -1 12 -1 -1 -1 -1 -1 -1 -1 -1 9 -1 -1 -1 -1 17 -1 -1 -1 -1 0 29 -1 -1 -1 27 23 -1 -1 25 26 -1 -1 -1 18 -1 -1 -1 -1 21 -1 -1 -1 -1 -1 -1 22 -1 20 19 -1 -1 -1 
-1 -1 -1 -1 4 5 6 -1 -1 -1 -1 -1 -1 3 -1 -1 -1 -1 -1 1 -1 -1 2 -1 10 -1 7 24 -1 -1 0 -1 -1 14 -1 15 -1 -1 12 -1 -1 -1 -1 -1 -1 -1 -1 9 -1 -1 -1 -1 17 -1 -1 -1 -1 -1 29 -1 -1 -1 27 23 -1 -1 25 26 -1 -1 -1 18 -1 -1 -1 -1 21 -1 -1 -1 -1 -1 -1 22 -1 20 19 -1 -1 -1 
-1 -1 -1 -1 4 5 6 -1 -1 -1 -1 -1 -1 3 -1 -1 -1 -1 -1 1 -1 -1 2 -1 10 -1 7 -1 -1 -1 0 -1 -1 14 -1 15 -1 -1 12 -1 -1 -1 -1 -1 -1 24 -1 9 -1 -1 -1 -1 17 -1 -1 -1 -1 -1 29 -1 -1 -1 27 23 -1 -1 25 26 -1 -1 -1 18 -1 -1 -1 -1 21 -1 -1 -1 -1 -1 -1 22 -1 20 19 -1 -1 -1 
-1 -1 -1 -1 4 5 6 -1 -1 -1 -1 -1 -1 3 -1 -1 -1 -1 -1 1 -1 -1 2 -1 10 -1 7 -1 -1 -1 -1 -1 0 14 -1 15 -1 -1 12 -1 -1 -1 -1 -1 -1 24 -1 9 -1 -1 -1 -1 17 -1 -1 -1 -1 -1 29 -1 -1 -1 27 23 -1 -1 25 26 -1 -1 -1 18 -1 -1 -1 -1 21 -1 -1 -1 -1 -1 -1 22 -1 20 19 -1 -1 -1 
-1 -1 -1 -1 4 5 6 -1 -1 -1 -1 -1 -1 3 -1 -1 -1 -1 -1 1 -1 -1 2 -1 10 -1 7 -1 -1 -1 -1 -1 0 14 -1 15 -1 -1 12 -1 -1 -1 -1 -1 -1 -1 24 9 -1 -1 -1 -1 17 -1 -1 -1 -1 -1 29 -1 -1 -1 27 23 -1 -1 25 26 -1 -1 -1 18 -1 -1 -1 -1 21 -1 -1 -1 -1 -1 -1 22 -1 20 19 -1 -1 -1 
-1 -1 1 -1 4 5 6 -1 -1 -1 -1 -1 -1 3 -1 -1 -1 -1 -1 -1 -1 -1 2 -1 10 -1 7 -1 -1 -1 -1 -1 0 14 -1 15 -1 -1 12 -1 -1 -1 -1 -1 -1 -1 24 9 -1 -1 -1 -1 17 -1 -1 -1 -1 -1 29 -1 -1 -1 27 23 -1 -1 25 26 -1 -1 -1 18 -1 -1 -1 -1 21 -1 -1 -1 -1 -1 -1 22 -1 20 19 -1 -1 -1 
-1 -1 1 -1 4 5 6 -1 -1 -1 -1 -1 -1 3 -1 -1 -1 -1 -1 -1 -1 -1 2 -1 10 -1 7 -1 -1 -1 -1 -1 0 14 -1 15 -1 -1 12 -1 -1 -1 -1 -1 -1 -1 24 9 -1 -1 -1 -1 17 -1 -1 -1 23 -1 29 -1 -1 -1 27 -1 -1 -1 25 26 -1 -1 -1 18 -1 -1 -1 -1 21 -1 -1 -1 -1 -1 -1 22 -1 20 19 -1 -1 -1 
-1 -1 1 -1 4 5 6 -1 -1 -1 -1 -1 -1 3 -1 -1 -1 -1 -1 -1 -1 -1 2 -1 10 -1 7 -1 -1 -1 -1 -1 0 -1 -1 15 -1 -1 12 -1 -1 -1 14 -1 -1 -1 24 9 -1 -1 -1 -1 17 -1 -1 -1 23 -1 29 -1 -1 -1 27 -1 -1 -1 25 26 -1 -1 -1 18 -1 -1 -1 -1 21 -1 -1 -1 -1 -1 -1 22 -1 20 19 -1 -1 -1 
-1 -1 1 -1 4 5 6 -1 -1 -1 -1 -1 -1 3 -1 -1 -1 -1 -1 -1 -1 -1 2 -1 10 -1 7 -1 -1 -1 -1 -1 0 -1 -1 15 -1 -1 12 -1 -1 -1 14 -1 -1 -1 24 9 -1 -1 -1 -1 17 -1 -1 -1 23 -1 29 -1 -1 -1 27 22 -1 -1 25 26 -1 -1 -1 18 -1 -1 -1 -1 21 -1 -1 -1 -1 -1 -1 -1 -1 20 19 -1 -1 -1 
-1 -1 1 -1 4 5 6 -1 -1 -1 -1 -1 -1 3 -1 -1 -1 -1 -1 -1 -1 -1 2 -1 10 -1 7 -1 -1 -1 -1 -1 0 -1 -1 15 -1 -1 12 -1 -1 -1 -1 -1 -1 -1 24 9 -1 -1 -1 14 17 -1 -1 -1 23 -1 29 -1 -1 -1 27 22 -1 -1 25 26 -1 -1 -1 18 -1 -1 -1 -1 21 -1 -1 -1 -1 -1 -1 -1 -1 20 19 -1 -1 -1 
-1 -1 1 -1 4 5 6 -1 -1 -1 -1 -1 -1 3 -1 -1 -1 -1 -1 -1 -1 -1 2 -1 10 -1 7 -1 -1 -1 -1 -1 0 -1 -1 15 -1 -1 12 -1 -1 -1 -1 -1 -1 -1 24 9 -1 23 -1 14 17 -1 -1 -1 -1 -1 29 -1 -1 -1 27 22 -1 -1 25 26 -1 -1 -1 18 -1 -1 -1 -1 21 -1 -1 -1 -1 -1 -1 -1 -1 20 19 -1 -1 -1 
-1 -1 1 -1 4 5 6 -1 -1 -1 -1 -1 -1 3 -1 -1 -1 -1 -1 -1 -1 -1 2 -1 10 -1 7 -1 -1 0 -1 -1 -1 -1 -1 15 -1 -1 12 -1 -1 -1 -1 -1 -1 -1 24 9 -1 23 -1 14 17 -1 -1 -1 -1 -1 29 -1 -1 -1 27 22 -1 -1 25 26 -1 -1 -1 18 -1 -1 -1 -1 21 -1 -1 -1 -1 -1 -1 -1 -1 20 19 -1 -1 -1 
-1 -1 1 -1 4 5 6 -1 -1 -1 -1 -1 -1 3 -1 -1 -1 -1 -1 -1 -1 -1 2 -1 10 -1 7 -1 -1 0 -1 -1 -1 -1 -1 15 -1 -1 12 -1 -1 -1 -1 -1 -1 -1 24 9 -1 23 -1 14 -1 -1 -1 -1 -1 -1 29 -1 -1 -1 27 22 -1 -1 25 26 -1 17 -1 18 -1 -1 -1 -1 21 -1 -1 -1 -1 -1 -1 -1 -1 20 19 -1 -1 -1 
-1 -1 1 -1 4 5 6 -1 -1 -1 -1 -1 -1 3 -1 -1 -1 -1 -1 -1 -1 -1 2 -1 10 -1 7 -1 -1 0 -1 -1 -1 -1 -1 15 -1 -1 12 -1 -1 -1 -1 -1 -1 -1 24 9 -1 23 14 -1 -1 -1 -1 -1 -1 -1 29 -1 -1 -1 27 22 -1 -1 25 26 -1 17 -1 18 -1 -1 -1 -1 21 -1 -1 -1 -1 -1 -1 -1 -1 20 19 -1 -1 -1 
-1 -1 1 -1 4 5 6 -1 -1 -1 -1 -1 -1 3 -1 -1 -1 -1 -1 -1 -1 -1 2 -1 10 -1 7 -1 -1 0 -1 -1 -1 -1 -1 15 -1 -1 12 -1 -1 -1 -1 -1 -1 -1 24 9 -1 -1 14 -1 -1 -1 -1 -1 23 -1 29 -1 -1 -1 27 22 -1 -1 25 26 -1 17 -1 18 -1 -1 -1 -1 21 -1 -1 -1 -1 -1 -1 -1 -1 20 19 -1 -1 -1 
-1 -1 1 -1 4 5 6 -1 -1 -1 -1 -1 -1 3 -1 -1 -1 -1 -1 -1 -1 -1 2 -1 -1 -1 7 -1 -1 0 -1 -1 -1 -1 -1 15 -1 -1 12 -1 -1 -1 -1 -1 -1 -1 24 9 -1 -1 14 -1 -1 -1 -1 -1 23 -1 29 -1 10 -1 27 22 -1 -1 25 26 -1 17 -1 18 -1 -1 -1 -1 21 -1 -1 -1 -1 -1 -1 -1 -1 20 19 -1 -1 -1 
-1 -1 1 -1 4 5 6 -1 -1 -1 -1 -1 -1 3 -1 -1 -1 -1 -1 -1 -1 -1 2 -1 -1 -1 7 -1 -1 0 -1 -1 -1 -1 -1 15 -1 -1 12 -1 -1 -1 -1 -1 -1 -1 24 9 -1 29 14 -1 -1 -1 -1 -1 23 -1 -1 -1 10 -1 27 22 -1 -1 25 26 -1 17 -1 18 -1 -1 -1 -1 21 -1 -1 -1 -1 -1 -1 -1 -1 20 19 -1 -1 -1 
-1 -1 1 -1 4 5 6 -1 -1 -1 -1 -1 -1 3 -1 -1 -1 -1 -1 -1 -1 -1 2 -1 -1 -1 -1 -1 -1 0 -1 -1 -1 7 -1 15 -1 -1 12 -1 -1 -1 -1 -1 -1 -1 24 9 -1 29 14 -1 -1 -1 -1 -1 23 -1 -1 -1 10 -1 27 22 -1 -1 25 26 -1 17 -1 18 -1 -1 -1 -1 21 -1 -1 -1 -1 -1 -1 -1 -1 20 19 -1 -1 -1 
-1 -1 1 -1 4 5 6 -1 -1 -1 -1 -1 -1 3 -1 -1 -1 -1 -1 -1 -1 -1 2 -1 -1 -1 -1 -1 -1 0 -1 -1 -1 7 -1 15 -1 -1 12 -1 -1 -1 -1 -1 -1 -1 24 9 -1 29 14 -1 -1 -1 -1 -1 -1 -1 -1 -1 10 -1 27 22 -1 -1 25 26 -1 17 -1 18 -1 23 -1 -1 21 -1 -1 -1 -1 -1 -1 -1 -1 20 19 -1 -1 -1 
-1 -1 1 -1 4 5 6 -1 -1 -1 -1 -1 -1 3 -1 -1 -1 -1 -1 -1 -1 -1 2 -1 -1 -1 -1 -1 -1 0 -1 -1 -1 -1 -1 15 -1 -1 12 -1 -1 -1 -1 -1 -1 -1 24 9 -1 29 14 -1 7 -1 -1 -1 -1 -1 -1 -1 10 -1 27 22 -1 -1 25 26 -1 17 -1 18 -1 23 -1 -1 21 -1 -1 -1 -1 -1 -1 -1 -1 20 19 -1 -1 -1 
-1 -1 1 -1 4 5 6 -1 -1 -1 -1 -1 -1 3 -1 -1 -1 -1 -1 -1 -1 -1 2 -1 -1 -1 -1 -1 -1 0 -1 -1 -1 -1 -1 15 -1 -1 12 -1 -1 -1 -1 -1 -1 -1 24 9 -1 29 14 -1 7 -1 -1 -1 -1 -1 -1 -1 10 -1 27 22 -1 25 -1 26 -1 17 -1 18 -1 23 -1 -1 21 -1 -1 -1 -1 -1 -1 -1 -1 20 19 -1 -1 -1 
-1 -1 1 -1 4 5 6 -1 -1 -1 -1 -1 -1 3 -1 -1 -1 -1 -1 -1 -1 -1 2 -1 -1 -1 -1 -1 -1 0 -1 -1 -1 -1 -1 15 -1 -1 12 -1 -1 -1 -1 -1 -1 -1 24 9 -1 29 14 -1 -1 -1 -1 -1 -1 -1 -1 7 10 -1 27 22 -1 25 -1 26 -1 17 -1 18 -1 23 -1 -1 21 -1 -1 -1 -1 -1 -1 -1 -1 20 19 -1 -1 -1 
-1 -1 1 -1 4 5 6 -1 -1 -1 -1 -1 -1 3 -1 -1 -1 -1 -1 -1 -1 -1 2 -1 -1 -1 -1 -1 -1 0 -1 -1 -1 -1 -1 15 -1 -1 12 -1 -1 -1 -1 -1 -1 -1 24 22 -1 29 14 -1 -1 -1 -1 -1 -1 -1 -1 7 10 -1 27 -1 -1 25 -1 26 -1 17 -1 18 -1 23 -1 -1 21 -1 -1 -1 -1 -1 -1 -1 -1 20 19 -1 -1 -1 
-1 -1 1 -1 4 5 6 -1 -1 -1 -1 -1 -1 3 -1 -1 -1 -1 -1 -1 -1 -1 2 -1 -1 -1 -1 -1 -1 0 -1 -1 -1 -1 -1 15 -1 -1 -1 -1 -1 -1 -1 -1 -1 -1 24 12 -1 29 14 -1 -1 -1 -1 -1 -1 -1 -1 7 10 -1 27 -1 -1 25 -1 26 -1 17 -1 18 -1 23 -1 -1 21 -1 -1 -1 -1 -1 -1 -1 -1 20 19 -1 -1 -1 
-1 -1 1 -1 4 5 6 -1 -1 -1 -1 -1 -1 3 -1 -1 -1 -1 -1 -1 -1 -1 2 -1 -1 -1 -1 -1 -1 25 -1 -1 -1 -1 -1 15 -1 -1 -1 -1 -1 -1 -1 -1 -1 -1 24 12 -1 29 14 -1 -1 -1 -1 -1 -1 -1 -1 7 10 -1 27 -1 -1 -1 -1 26 -1 17 -1 18 -1 23 -1 -1 21 -1 -1 -1 -1 -1 -1 -1 -1 20 19 -1 -1 -1 
-1 -1 1 -1 4 5 6 -1 -1 -1 -1 -1 -1 3 -1 -1 -1 -1 -1 -1 -1 -1 2 -1 -1 -1 -1 -1 -1 25 -1 -1 -1 -1 -1 15 -1 -1 -1 -1 -1 -1 -1 -1 -1 -1 12 -1 -1 29 14 -1 -1 -1 -1 -1 -1 -1 -1 7 10 -1 27 -1 -1 -1 -1 26 -1 17 -1 18 -1 23 -1 -1 21 -1 -1 -1 -1 -1 -1 -1 -1 20 19 -1 -1 -1 
-1 -1 1 -1 4 5 6 -1 -1 -1 -1 -1 -1 3 -1 -1 -1 -1 -1 -1 -1 -1 2 -1 -1 -1 -1 -1 -1 25 -1 -1 -1 -1 -1 15 -1 -1 -1 -1 -1 -1 -1 -1 -1 -1 12 -1 -1 29 14 -1 -1 -1 -1 -1 -1 -1 -1 7 10 -1 27 -1 -1 -1 -1 -1 26 17 -1 18 -1 23 -1 -1 21 -1 -1 -1 -1 -1 -1 -1 -1 20 19 -1 -1 -1 
-1 -1 1 -1 4 5 6 -1 -1 -1 -1 -1 -1 3 -1 -1 -1 -1 -1 -1 -1 -1 2 -1 -1 -1 -1 -1 -1 25 -1 -1 -1 -1 -1 15 -1 -1 -1 -1 -1 -1 -1 -1 -1 -1 12 -1 -1 14 -1 -1 -1 -1 -1 -1 -1 -1 -1 7 10 -1 27 -1 -1 -1 -1 -1 26 17 -1 18 -1 23 -1 -1 21 -1 -1 -1 -1 -1 -1 -1 -1 20 19 -1 -1 -1 
-1 -1 1 -1 4 5 6 -1 -1 -1 -1 -1 -1 3 -1 -1 -1 -1 -1 -1 -1 -1 2 -1 -1 -1 -1 -1 -1 25 -1 -1 -1 -1 -1 15 -1 -1 -1 -1 -1 -1 -1 -1 -1 -1 12 -1 -1 14 -1 -1 -1 -1 -1 -1 -1 -1 -1 7 10 -1 27 -1 -1 -1 23 -1 26 17 -1 18 -1 -1 -1 -1 21 -1 -1 -1 -1 -1 -1 -1 -1 20 19 -1 -1 -1 
-1 -1 1 -1 4 5 6 -1 -1 -1 -1 -1 -1 3 -1 -1 -1 -1 -1 -1 -1 -1 2 -1 -1 -1 -1 -1 -1 25 -1 -1 -1 -1 -1 15 -1 -1 -1 -1 -1 -1 -1 -1 -1 -1 12 -1 -1 14 -1 -1 -1 -1 -1 -1 -1 -1 -1 -1 10 -1 27 -1 -1 -1 7 -1 26 17 -1 18 -1 -1 -1 -1 21 -1 -1 -1 -1 -1 -1 -1 -1 20 19 -1 -1 -1 
-1 -1 1 -1 4 5 6 -1 -1 -1 -1 -1 -1 3 -1 -1 -1 -1 -1 -1 -1 -1 2 -1 -1 -1 -1 -1 -1 25 -1 -1 -1 -1 -1 15 -1 -1 -1 -1 -1 -1 -1 -1 -1 -1 12 -1 -1 14 -1 -1 -1 -1 -1 -1 -1 -1 -1 -1 10 -1 27 -1 -1 -1 21 -1 26 17 -1 18 -1 -1 -1 -1 -1 -1 -1 -1 -1 -1 -1 -1 -1 20 19 -1 -1 -1 
-1 -1 -1 -1 4 5 6 -1 -1 -1 -1 -1 -1 3 -1 -1 -1 -1 -1 -1 -1 1 2 -1 -1 -1 -1 -1 -1 25 -1 -1 -1 -1 -1 15 -1 -1 -1 -1 -1 -1 -1 -1 -1 -1 12 -1 -1 14 -1 -1 -1 -1 -1 -1 -1 -1 -1 -1 10 -1 27 -1 -1 -1 21 -1 26 17 -1 18 -1 -1 -1 -1 -1 -1 -1 -1 -1 -1 -1 -1 -1 20 19 -1 -1 -1 
-1 -1 -1 -1 4 5 6 -1 -1 -1 -1 -1 -1 3 -1 -1 -1 -1 -1 -1 -1 1 2 -1 -1 -1 -1 -1 -1 25 -1 -1 26 -1 -1 15 -1 -1 -1 -1 -1 -1 -1 -1 -1 -1 12 -1 -1 14 -1 -1 -1 -1 -1 -1 -1 -1 -1 -1 10 -1 27 -1 -1 -1 21 -1 -1 17 -1 18 -1 -1 -1 -1 -1 -1 -1 -1 -1 -1 -1 -1 -1 20 19 -1 -1 -1 
-1 -1 -1 -1 4 5 6 -1 -1 -1 -1 -1 -1 3 -1 -1 -1 -1 -1 -1 -1 1 2 -1 -1 -1 -1 -1 -1 25 -1 -1 26 -1 -1 -1 -1 -1 -1 -1 -1 -1 -1 -1 15 -1 12 -1 -1 14 -1 -1 -1 -1 -1 -1 -1 -1 -1 -1 10 -1 27 -1 -1 -1 21 -1 -1 17 -1 18 -1 -1 -1 -1 -1 -1 -1 -1 -1 -1 -1 -1 -1 20 19 -1 -1 -1 
-1 -1 -1 -1 4 5 6 -1 -1 -1 -1 -1 -1 3 -1 -1 -1 -1 -1 -1 -1 1 2 -1 -1 -1 -1 -1 -1 -1 25 -1 26 -1 -1 -1 -1 -1 -1 -1 -1 -1 -1 -1 15 -1 12 -1 -1 14 -1 -1 -1 -1 -1 -1 -1 -1 -1 -1 10 -1 27 -1 -1 -1 21 -1 -1 17 -1 18 -1 -1 -1 -1 -1 -1 -1 -1 -1 -1 -1 -1 -1 20 19 -1 -1 -1 
-1 -1 1 -1 4 5 6 -1 -1 -1 -1 -1 -1 3 -1 -1 -1 -1 -1 -1 -1 -1 2 -1 -1 -1 -1 -1 -1 -1 25 -1 26 -1 -1 -1 -1 -1 -1 -1 -1 -1 -1 -1 15 -1 12 -1 -1 14 -1 -1 -1 -1 -1 -1 -1 -1 -1 -1 10 -1 27 -1 -1 -1 21 -1 -1 17 -1 18 -1 -1 -1 -1 -1 -1 -1 -1 -1 -1 -1 -1 -1 20 19 -1 -1 -1 
-1 -1 1 -1 4 5 6 -1 -1 -1 -1 -1 -1 3 -1 -1 -1 -1 -1 -1 -1 -1 2 -1 -1 -1 -1 -1 -1 -1 25 -1 -1 -1 26 -1 -1 -1 -1 -1 -1 -1 -1 -1 15 -1 12 -1 -1 14 -1 -1 -1 -1 -1 -1 -1 -1 -1 -1 10 -1 27 -1 -1 -1 21 -1 -1 17 -1 18 -1 -1 -1 -1 -1 -1 -1 -1 -1 -1 -1 -1 -1 20 19 -1 -1 -1 
-1 -1 -1 -1 4 5 6 -1 -1 -1 -1 -1 -1 3 -1 -1 -1 -1 -1 1 -1 -1 2 -1 -1 -1 -1 -1 -1 -1 25 -1 -1 -1 26 -1 -1 -1 -1 -1 -1 -1 -1 -1 15 -1 12 -1 -1 14 -1 -1 -1 -1 -1 -1 -1 -1 -1 -1 10 -1 27 -1 -1 -1 21 -1 -1 17 -1 18 -1 -1 -1 -1 -1 -1 -1 -1 -1 -1 -1 -1 -1 20 19 -1 -1 -1 
-1 -1 -1 -1 4 5 6 -1 -1 -1 -1 -1 -1 3 -1 -1 -1 -1 -1 1 -1 -1 2 -1 -1 -1 -1 -1 -1 -1 -1 -1 -1 -1 26 -1 -1 -1 -1 25 -1 -1 -1 -1 15 -1 12 -1 -1 14 -1 -1 -1 -1 -1 -1 -1 -1 -1 -1 10 -1 27 -1 -1 -1 21 -1 -1 17 -1 18 -1 -1 -1 -1 -1 -1 -1 -1 -1 -1 -1 -1 -1 20 19 -1 -1 -1 
-1 -1 -1 -1 4 5 6 -1 -1 -1 -1 -1 -1 3 -1 -1 -1 -1 -1 -1 -1 -1 2 -1 -1 -1 -1 -1 -1 -1 -1 -1 -1 -1 26 -1 -1 -1 1 25 -1 -1 -1 -1 15 -1 12 -1 -1 14 -1 -1 -1 -1 -1 -1 -1 -1 -1 -1 10 -1 27 -1 -1 -1 21 -1 -1 17 -1 18 -1 -1 -1 -1 -1 -1 -1 -1 -1 -1 -1 -1 -1 20 19 -1 -1 -1 
-1 -1 -1 -1 4 5 6 -1 -1 -1 -1 -1 -1 3 -1 -1 -1 -1 -1 -1 -1 -1 2 -1 -1 -1 -1 -1 -1 -1 -1 -1 -1 -1 -1 -1 -1 -1 1 25 -1 -1 -1 -1 15 -1 12 -1 -1 14 -1 -1 -1 -1 -1 -1 -1 -1 -1 -1 10 26 27 -1 -1 -1 21 -1 -1 17 -1 18 -1 -1 -1 -1 -1 -1 -1 -1 -1 -1 -1 -1 -1 20 19 -1 -1 -1 
-1 -1 -1 -1 4 5 6 -1 -1 -1 -1 -1 -1 3 -1 -1 -1 -1 -1 -1 -1 -1 2 -1 -1 -1 -1 -1 -1 -1 -1 -1 -1 -1 -1 -1 -1 -1 1 25 -1 -1 -1 -1 15 -1 12 -1 -1 14 -1 -1 -1 -1 -1 -1 -1 -1 -1 -1 -1 26 10 -1 -1 -1 21 -1 -1 17 -1 18 -1 -1 -1 -1 -1 -1 -1 -1 -1 -1 -1 -1 -1 20 19 -1 -1 -1 
-1 -1 -1 -1 4 5 6 -1 -1 -1 -1 -1 -1 3 -1 -1 -1 -1 -1 -1 -1 -1 2 -1 -1 -1 -1 -1 -1 -1 -1 -1 -1 -1 -1 -1 -1 -1 1 25 -1 -1 -1 -1 15 -1 12 -1 -1 14 -1 -1 26 -1 -1 -1 -1 -1 -1 -1 -1 -1 10 -1 -1 -1 21 -1 -1 17 -1 18 -1 -1 -1 -1 -1 -1 -1 -1 -1 -1 -1 -1 -1 20 19 -1 -1 -1 
-1 -1 -1 -1 4 5 6 -1 -1 -1 -1 -1 -1 3 -1 -1 -1 -1 -1 -1 -1 -1 2 -1 -1 -1 -1 -1 -1 -1 -1 -1 -1 -1 -1 -1 -1 -1 1 25 -1 -1 -1 -1 15 -1 -1 -1 -1 14 -1 -1 26 -1 -1 12 -1 -1 -1 -1 -1 -1 10 -1 -1 -1 21 -1 -1 17 -1 18 -1 -1 -1 -1 -1 -1 -1 -1 -1 -1 -1 -1 -1 20 19 -1 -1 -1 
-1 -1 -1 -1 4 5 6 -1 -1 -1 -1 -1 -1 3 -1 -1 -1 -1 -1 -1 -1 -1 2 -1 -1 -1 -1 -1 -1 -1 -1 -1 -1 -1 -1 -1 -1 -1 1 25 -1 -1 -1 -1 15 31 -1 -1 -1 14 -1 -1 26 -1 -1 12 -1 -1 -1 -1 -1 -1 10 -1 -1 -1 21 -1 -1 17 -1 18 -1 -1 -1 -1 -1 -1 -1 -1 -1 -1 -1 -1 -1 20 19 -1 -1 -1 
-1 -1 -1 -1 4 5 6 -1 -1 -1 -1 -1 -1 3 -1 -1 -1 -1 -1 -1 -1 -1 2 -1 -1 -1 -1 -1 -1 -1 -1 -1 -1 -1 -1 -1 -1 -1 1 25 -1 -1 -1 -1 15 31 -1 -1 -1 14 -1 -1 26 -1 -1 12 -1 -1 -1 -1 -1 10 -1 -1 -1 -1 21 -1 -1 17 -1 18 -1 -1 -1 -1 -1 -1 -1 -1 -1 -1 -1 -1 -1 20 19 -1 -1 -1 
-1 -1 -1 -1 4 5 6 -1 -1 -1 -1 -1 -1 3 -1 -1 -1 -1 -1 -1 -1 -1 2 -1 -1 -1 -1 -1 -1 -1 -1 -1 -1 -1 -1 -1 31 -1 1 25 -1 -1 -1 -1 15 -1 -1 -1 -1 14 -1 -1 26 -1 -1 12 -1 -1 -1 -1 -1 10 -1 -1 -1 -1 21 -1 -1 17 -1 18 -1 -1 -1 -1 -1 -1 -1 -1 -1 -1 -1 -1 -1 20 19 -1 -1 -1 
-1 -1 -1 -1 4 5 6 -1 -1 -1 -1 -1 -1 3 -1 -1 -1 -1 -1 -1 -1 -1 2 -1 -1 -1 -1 -1 -1 -1 -1 -1 -1 -1 -1 -1 31 -1 1 25 -1 -1 -1 -1 -1 -1 -1 -1 -1 14 -1 -1 26 15 -1 12 -1 -1 -1 -1 -1 10 -1 -1 -1 -1 21 -1 -1 17 -1 18 -1 -1 -1 -1 -1 -1 -1 -1 -1 -1 -1 -1 -1 20 19 -1 -1 -1 
-1 -1 -1 -1 4 5 6 -1 -1 -1 -1 -1 -1 3 -1 -1 -1 -1 -1 -1 -1 -1 2 -1 -1 -1 -1 -1 -1 -1 -1 -1 -1 -1 26 -1 31 -1 1 25 -1 -1 -1 -1 -1 -1 -1 -1 -1 14 -1 -1 -1 15 -1 12 -1 -1 -1 -1 -1 10 -1 -1 -1 -1 21 -1 -1 17 -1 18 -1 -1 -1 -1 -1 -1 -1 -1 -1 -1 -1 -1 -1 20 19 -1 -1 -1 
-1 -1 -1 -1 4 5 6 -1 -1 -1 -1 -1 -1 3 -1 -1 -1 -1 -1 -1 -1 -1 2 -1 -1 -1 -1 -1 -1 -1 -1 -1 -1 -1 26 -1 31 -1 1 25 -1 -1 -1 -1 -1 -1 -1 -1 -1 14 -1 -1 -1 15 -1 -1 12 -1 -1 -1 -1 10 -1 -1 -1 -1 21 -1 -1 17 -1 18 -1 -1 -1 -1 -1 -1 -1 -1 -1 -1 -1 -1 -1 20 19 -1 -1 -1 
-1 -1 -1 -1 4 5 6 -1 -1 -1 -1 -1 -1 3 -1 -1 -1 -1 -1 -1 -1 -1 2 -1 -1 -1 -1 -1 -1 -1 -1 -1 -1 -1 26 -1 -1 31 1 25 -1 -1 -1 -1 -1 -1 -1 -1 -1 14 -1 -1 -1 15 -1 -1 12 -1 -1 -1 -1 10 -1 -1 -1 -1 21 -1 -1 17 -1 18 -1 -1 -1 -1 -1 -1 -1 -1 -1 -1 -1 -1 -1 20 19 -1 -1 -1 
-1 -1 -1 -1 4 5 6 -1 -1 -1 -1 -1 -1 3 -1 -1 -1 -1 -1 -1 -1 -1 2 -1 -1 -1 -1 -1 -1 -1 -1 -1 -1 -1 26 -1 -1 31 -1 25 -1 -1 -1 -1 -1 -1 -1 -1 -1 14 -1 -1 -1 15 -1 1 12 -1 -1 -1 -1 10 -1 -1 -1 -1 21 -1 -1 17 -1 18 -1 -1 -1 -1 -1 -1 -1 -1 -1 -1 -1 -1 -1 20 19 -1 -1 -1 
-1 -1 -1 -1 4 5 6 -1 -1 -1 -1 -1 -1 3 -1 -1 -1 -1 -1 -1 -1 -1 2 -1 -1 -1 -1 -1 -1 -1 -1 -1 -1 -1 26 -1 -1 31 -1 25 -1 -1 -1 -1 -1 -1 -1 -1 -1 14 -1 -1 -1 15 -1 1 12 -1 -1 -1 -1 10 -1 -1 -1 -1 21 -1 -1 17 -1 18 -1 -1 -1 -1 19 -1 -1 -1 -1 -1 -1 -1 -1 20 -1 -1 -1 -1 
-1 -1 -1 -1 4 5 6 -1 -1 -1 -1 -1 -1 3 -1 -1 -1 -1 -1 -1 -1 -1 2 -1 -1 -1 -1 -1 -1 -1 -1 -1 -1 -1 26 -1 -1 31 -1 25 -1 -1 -1 -1 -1 -1 -1 -1 -1 14 -1 -1 -1 15 -1 1 -1 12 -1 -1 -1 10 -1 -1 -1 -1 21 -1 -1 17 -1 18 -1 -1 -1 -1 19 -1 -1 -1 -1 -1 -1 -1 -1 20 -1 -1 -1 -1 
-1 -1 -1 -1 4 5 6 -1 -1 -1 -1 -1 -1 3 -1 -1 -1 -1 -1 -1 -1 -1 2 -1 -1 -1 -1 -1 31 -1 -1 -1 -1 -1 26 -1 -1 -1 -1 25 -1 -1 -1 -1 -1 -1 -1 -1 -1 14 -1 -1 -1 15 -1 1 -1 12 -1 -1 -1 10 -1 -1 -1 -1 21 -1 -1 17 -1 18 -1 -1 -1 -1 19 -1 -1 -1 -1 -1 -1 -1 -1 20 -1 -1 -1 -1 
-1 -1 -1 -1 4 5 6 -1 -1 -1 -1 -1 -1 3 -1 -1 -1 -1 -1 -1 -1 -1 2 -1 -1 -1 -1 -1 31 -1 -1 -1 -1 -1 26 -1 -1 -1 -1 25 -1 -1 -1 -1 -1 -1 -1 -1 -1 14 -1 -1 -1 15 -1 1 -1 -1 12 -1 -1 10 -1 -1 -1 -1 21 -1 -1 17 -1 18 -1 -1 -1 -1 19 -1 -1 -1 -1 -1 -1 -1 -1 20 -1 -1 -1 -1 
-1 -1 -1 -1 4 5 6 -1 -1 -1 -1 -1 -1 3 -1 -1 -1 -1 -1 -1 -1 -1 2 -1 -1 -1 -1 -1 -1 31 -1 -1 -1 -1 26 -1 -1 -1 -1 25 -1 -1 -1 -1 -1 -1 -1 -1 -1 14 -1 -1 -1 15 -1 1 -1 -1 12 -1 -1 10 -1 -1 -1 -1 21 -1 -1 17 -1 18 -1 -1 -1 -1 19 -1 -1 -1 -1 -1 -1 -1 -1 20 -1 -1 -1 -1 
-1 -1 -1 -1 4 5 6 -1 -1 -1 -1 -1 -1 3 -1 -1 -1 -1 -1 -1 -1 -1 2 -1 -1 -1 -1 -1 -1 31 -1 -1 -1 -1 26 -1 -1 -1 -1 25 -1 -1 -1 -1 -1 -1 -1 -1 -1 14 -1 -1 -1 15 -1 -1 -1 -1 12 -1 -1 10 -1 -1 -1 -1 21 -1 -1 17 -1 18 -1 -1 1 -1 19 -1 -1 -1 -1 -1 -1 -1 -1 20 -1 -1 -1 -1 
-1 -1 -1 -1 4 5 6 -1 -1 -1 -1 -1 -1 3 -1 -1 -1 -1 -1 -1 -1 -1 2 -1 -1 -1 -1 -1 -1 31 -1 -1 -1 -1 26 -1 -1 -1 -1 25 -1 -1 -1 -1 -1 -1 -1 -1 -1 14 -1 -1 -1 15 -1 -1 -1 -1 12 -1 -1 10 -1 -1 -1 -1 21 -1 -1 17 -1 18 -1 -1 1 -1 19 -1 -1 -1 -1 -1 -1 -1 -1 -1 20 -1 -1 -1 
-1 -1 -1 -1 4 5 6 -1 -1 -1 -1 -1 -1 3 -1 -1 -1 -1 -1 -1 -1 -1 2 -1 -1 -1 -1 -1 -1 31 -1 -1 -1 -1 26 -1 -1 -1 -1 25 -1 -1 -1 -1 -1 -1 -1 -1 -1 14 -1 -1 -1 15 -1 -1 -1 -1 -1 12 -1 10 -1 -1 -1 -1 21 -1 -1 17 -1 18 -1 -1 1 -1 19 -1 -1 -1 -1 -1 -1 -1 -1 -1 20 -1 -1 -1 
-1 -1 -1 -1 4 5 6 -1 -1 -1 -1 -1 -1 3 -1 -1 -1 -1 -1 -1 -1 -1 2 -1 -1 -1 -1 -1 -1 31 -1 -1 -1 -1 26 -1 -1 -1 -1 -1 -1 25 -1 -1 -1 -1 -1 -1 -1 14 -1 -1 -1 15 -1 -1 -1 -1 -1 12 -1 10 -1 -1 -1 -1 21 -1 -1 17 -1 18 -1 -1 1 -1 19 -1 -1 -1 -1 -1 -1 -1 -1 -1 20 -1 -1 -1 
-1 -1 -1 -1 4 5 6 -1 -1 -1 -1 -1 -1 3 -1 -1 -1 -1 -1 -1 -1 -1 2 -1 -1 -1 -1 -1 -1 31 -1 -1 -1 -1 26 -1 -1 -1 -1 -1 -1 25 -1 -1 -1 -1 -1 -1 -1 14 -1 -1 -1 15 -1 -1 -1 -1 -1 12 -1 -1 -1 -1 -1 -1 21 -1 -1 17 -1 18 -1 -1 1 -1 19 -1 -1 10 -1 -1 -1 -1 -1 -1 20 -1 -1 -1 
-1 -1 -1 -1 4 5 6 -1 -1 -1 -1 -1 -1 3 -1 -1 -1 -1 -1 -1 -1 -1 2 -1 -1 -1 -1 -1 -1 31 -1 -1 -1 -1 26 -1 -1 -1 -1 -1 -1 25 -1 -1 -1 -1 -1 -1 -1 14 -1 -1 -1 15 -1 -1 -1 -1 -1 12 -1 -1 -1 -1 -1 -1 21 -1 -1 17 -1 18 -1 -1 1 -1 19 20 -1 10 -1 -1 -1 -1 -1 -1 -1 -1 -1 -1 
-1 -1 -1 -1 4 5 6 -1 -1 -1 -1 -1 -1 3 -1 -1 -1 -1 -1 -1 -1 -1 2 -1 -1 -1 -1 -1 -1 31 -1 -1 -1 -1 26 -1 -1 -1 -1 -1 -1 25 -1 -1 -1 -1 -1 -1 -1 14 -1 -1 -1 15 -1 -1 -1 -1 -1 12 -1 -1 -1 -1 -1 -1 21 -1 -1 17 -1 18 -1 -1 1 -1 19 20 10 -1 -1 -1 -1 -1 -1 -1 -1 -1 -1 -1 
-1 -1 -1 -1 4 5 6 -1 -1 -1 -1 -1 -1 3 -1 -1 -1 -1 -1 -1 -1 -1 2 -1 -1 -1 -1 -1 -1 31 -1 -1 -1 -1 26 -1 -1 -1 -1 -1 -1 25 -1 -1 -1 -1 -1 -1 -1 14 -1 -1 -1 15 -1 -1 -1 -1 -1 12 -1 -1 -1 -1 -1 -1 21 -1 -1 17 -1 18 -1 -1 1 -1 -1 20 10 -1 -1 -1 -1 -1 19 -1 -1 -1 -1 -1 
-1 -1 -1 -1 4 5 6 -1 -1 -1 -1 -1 -1 3 -1 -1 -1 -1 -1 -1 -1 -1 2 -1 -1 -1 -1 -1 -1 31 -1 -1 -1 -1 26 -1 -1 -1 -1 -1 -1 25 -1 -1 -1 -1 -1 -1 -1 14 -1 -1 -1 15 -1 1 -1 -1 -1 12 -1 -1 -1 -1 -1 -1 21 -1 -1 17 -1 18 -1 -1 -1 -1 -1 20 10 -1 -1 -1 -1 -1 19 -1 -1 -1 -1 -1 
-1 -1 -1 -1 4 5 6 -1 -1 -1 -1 -1 -1 3 -1 -1 -1 -1 -1 -1 -1 -1 2 -1 -1 -1 -1 -1 -1 31 -1 -1 -1 -1 26 -1 -1 -1 -1 -1 -1 25 -1 -1 -1 -1 -1 -1 -1 14 -1 -1 -1 15 -1 1 -1 -1 -1 12 -1 -1 -1 -1 -1 -1 21 -1 -1 17 -1 18 -1 -1 -1 -1 19 20 10 -1 -1 -1 -1 -1 -1 -1 -1 -1 -1 -1 
-1 -1 -1 -1 4 5 6 -1 -1 -1 -1 -1 -1 3 -1 -1 -1 -1 -1 -1 -1 -1 2 -1 -1 -1 -1 -1 -1 31 -1 -1 -1 -1 26 -1 -1 -1 -1 -1 -1 25 -1 -1 -1 -1 -1 -1 -1 14 -1 -1 -1 15 -1 1 -1 -1 -1 -1 12 -1 -1 -1 -1 -1 21 -1 -1 17 -1 18 -1 -1 -1 -1 19 20 10 -1 -1 -1 -1 -1 -1 -1 -1 -1 -1 -1 
-1 -1 -1 -1 4 5 6 -1 -1 -1 -1 -1 -1 3 -1 -1 -1 -1 -1 -1 -1 -1 2 -1 -1 -1 -1 -1 -1 31 -1 -1 -1 -1 26 -1 -1 -1 -1 -1 -1 25 -1 -1 -1 -1 -1 -1 -1 14 -1 -1 -1 15 -1 1 -1 -1 -1 -1 12 -1 -1 -1 -1 -1 21 -1 -1 -1 -1 18 -1 -1 -1 -1 19 20 10 -1 17 -1 -1 -1 -1 -1 -1 -1 -1 -1 
-1 -1 -1 -1 4 5 6 -1 -1 -1 -1 -1 -1 3 -1 -1 -1 -1 -1 -1 -1 -1 2 -1 -1 -1 -1 -1 -1 31 -1 -1 -1 -1 26 -1 -1 -1 -1 -1 -1 25 -1 -1 -1 -1 -1 -1 -1 14 -1 -1 -1 15 -1 1 -1 -1 -1 -1 12 -1 -1 -1 -1 -1 21 -1 -1 -1 -1 18 -1 -1 -1 -1 19 20 -1 10 17 -1 -1 -1 -1 -1 -1 -1 -1 -1 
-1 -1 -1 -1 4 5 6 -1 -1 -1 -1 -1 -1 3 -1 -1 -1 -1 -1 -1 -1 -1 2 -1 -1 -1 -1 -1 -1 31 -1 -1 -1 -1 26 -1 -1 -1 30 -1 -1 25 -1 -1 -1 -1 -1 -1 -1 14 -1 -1 -1 15 -1 1 -1 -1 -1 -1 12 -1 -1 -1 -1 -1 21 -1 -1 -1 -1 18 -1 -1 -1 -1 19 20 -1 10 17 -1 -1 -1 -1 -1 -1 -1 -1 -1 
-1 -1 -1 -1 4 5 6 -1 -1 -1 -1 -1 -1 3 -1 -1 -1 -1 -1 -1 -1 -1 2 -1 -1 -1 -1 -1 -1 31 -1 -1 13 -1 26 -1 -1 -1 30 -1 -1 25 -1 -1 -1 -1 -1 -1 -1 14 -1 -1 -1 15 -1 1 -1 -1 -1 -1 12 -1 -1 -1 -1 -1 21 -1 -1 -1 -1 18 -1 -1 -1 -1 19 20 -1 10 17 -1 -1 -1 -1 -1 -1 -1 -1 -1 
-1 -1 -1 -1 4 5 6 -1 -1 -1 -1 -1 -1 3 -1 -1 -1 -1 -1 -1 -1 -1 2 -1 -1 -1 -1 -1 -1 30 -1 -1 13 -1 26 -1 -1 -1 -1 -1 -1 25 -1 -1 -1 -1 -1 -1 -1 14 -1 -1 -1 15 -1 1 -1 -1 -1 -1 12 -1 -1 -1 -1 -1 21 -1 -1 -1 -1 18 -1 -1 -1 -1 19 20 -1 10 17 -1 -1 -1 -1 -1 -1 -1 -1 -1 
-1 -1 -1 -1 4 5 6 -1 -1 -1 -1 -1 -1 3 -1 -1 -1 -1 -1 -1 -1 -1 2 -1 -1 -1 -1 -1 -1 30 -1 -1 13 -1 26 -1 -1 -1 -1 -1 -1 25 -1 -1 -1 -1 -1 -1 1 14 -1 -1 -1 15 -1 -1 -1 -1 -1 -1 12 -1 -1 -1 -1 -1 21 -1 -1 -1 -1 18 -1 -1 -1 -1 19 20 -1 10 17 -1 -1 -1 -1 -1 -1 -1 -1 -1 
-1 -1 -1 -1 4 5 6 -1 -1 -1 -1 -1 -1 3 -1 -1 -1 -1 -1 -1 -1 -1 2 -1 -1 -1 -1 -1 -1 30 -1 -1 13 -1 26 -1 25 -1 -1 -1 -1 -1 -1 -1 -1 -1 -1 -1 1 14 -1 -1 -1 15 -1 -1 -1 -1 -1 -1 12 -1 -1 -1 -1 -1 21 -1 -1 -1 -1 18 -1 -1 -1 -1 19 20 -1 10 17 -1 -1 -1 -1 -1 -1 -1 -1 -1 
-1 -1 -1 -1 4 5 6 -1 -1 -1 -1 -1 -1 3 -1 -1 -1 -1 -1 -1 -1 -1 2 -1 -1 -1 -1 -1 -1 30 -1 1 13 -1 26 -1 25 -1 -1 -1 -1 -1 -1 -1 -1 -1 -1 -1 -1 14 -1 -1 -1 15 -1 -1 -1 -1 -1 -1 12 -1 -1 -1 -1 -1 21 -1 -1 -1 -1 18 -1 -1 -1 -1 19 20 -1 10 17 -1 -1 -1 -1 -1 -1 -1 -1 -1 
-1 -1 -1 -1 4 5 6 -1 -1 -1 -1 -1 -1 3 -1 -1 -1 -1 -1 -1 -1 -1 2 -1 -1 -1 -1 -1 -1 30 -1 1 13 -1 26 -1 -1 -1 -1 -1 -1 -1 -1 -1 -1 -1 -1 -1 -1 14 -1 -1 -1 15 25 -1 -1 -1 -1 -1 12 -1 -1 -1 -1 -1 21 -1 -1 -1 -1 18 -1 -1 -1 -1 19 20 -1 10 17 -1 -1 -1 -1 -1 -1 -1 -1 -1 
-1 -1 -1 -1 4 5 6 -1 -1 -1 -1 -1 -1 3 -1 -1 -1 -1 -1 -1 -1 -1 2 -1 -1 -1 -1 -1 -1 30 -1 1 13 -1 26 -1 -1 -1 -1 -1 -1 -1 -1 -1 -1 -1 -1 -1 -1 14 -1 -1 -1 15 25 -1 -1 -1 -1 -1 -1 -1 -1 -1 -1 -1 21 -1 -1 12 -1 18 -1 -1 -1 -1 19 20 -1 10 17 -1 -1 -1 -1 -1 -1 -1 -1 -1 
-1 -1 -1 -1 4 5 6 -1 -1 -1 -1 -1 -1 3 -1 -1 -1 -1 -1 -1 -1 -1 2 -1 -1 -1 -1 -1 -1 30 -1 1 13 -1 -1 -1 -1 -1 -1 -1 -1 -1 -1 -1 -1 -1 -1 -1 -1 14 -1 -1 -1 15 25 -1 -1 -1 -1 -1 -1 26 -1 -1 -1 -1 21 -1 -1 12 -1 18 -1 -1 -1 -1 19 20 -1 10 17 -1 -1 -1 -1 -1 -1 -1 -1 -1 
-1 -1 -1 -1 4 5 6 -1 -1 -1 -1 -1 -1 3 -1 -1 -1 -1 -1 -1 -1 -1 2 -1 -1 -1 -1 -1 -1 30 -1 -1 13 -1 -1 -1 -1 -1 1 -1 -1 -1 -1 -1 -1 -1 -1 -1 -1 14 -1 -1 -1 15 25 -1 -1 -1 -1 -1 -1 26 -1 -1 -1 -1 21 -1 -1 12 -1 18 -1 -1 -1 -1 19 20 -1 10 17 -1 -1 -1 -1 -1 -1 -1 -1 -1 
-1 -1 -1 -1 4 5 6 -1 -1 -1 -1 -1 -1 3 -1 -1 -1 -1 -1 -1 -1 -1 2 -1 -1 -1 -1 -1 -1 30 -1 -1 13 -1 -1 -1 -1 -1 1 -1 -1 -1 -1 -1 -1 -1 -1 -1 -1 14 -1 -1 -1 15 25 -1 -1 -1 26 -1 -1 -1 -1 -1 -1 -1 21 -1 -1 12 -1 18 -1 -1 -1 -1 19 20 -1 10 17 -1 -1 -1 -1 -1 -1 -1 -1 -1 
-1 -1 -1 -1 4 5 6 -1 -1 -1 -1 -1 -1 3 -1 -1 -1 -1 -1 -1 -1 -1 2 -1 -1 -1 -1 -1 -1 30 -1 -1 13 -1 -1 -1 -1 -1 1 -1 -1 -1 -1 -1 -1 -1 -1 -1 -1 14 -1 -1 -1 15 25 -1 -1 -1 26 -1 -1 -1 -1 -1 -1 -1 21 -1 -1 -1 12 18 -1 -1 -1 -1 19 20 -1 10 17 -1 -1 -1 -1 -1 -1 -1 -1 -1 
-1 -1 -1 -1 4 5 6 -1 -1 -1 -1 -1 -1 3 -1 -1 -1 -1 -1 -1 -1 -1 2 -1 -1 -1 -1 -1 -1 30 -1 -1 13 -1 -1 -1 -1 -1 1 -1 -1 -1 -1 -1 -1 -1 -1 -1 -1 14 -1 18 -1 15 25 -1 -1 -1 26 -1 -1 -1 -1 -1 -1 -1 21 -1 -1 -1 12 -1 -1 -1 -1 -1 19 20 -1 10 17 -1 -1 -1 -1 -1 -1 -1 -1 -1 
-1 -1 -1 -1 4 5 6 -1 -1 -1 -1 -1 -1 3 -1 -1 -1 -1 -1 -1 -1 -1 2 -1 -1 -1 -1 -1 -1 30 -1 -1 13 -1 -1 -1 -1 -1 1 -1 -1 -1 -1 -1 -1 -1 -1 -1 -1 14 -1 18 15 -1 25 -1 -1 -1 26 -1 -1 -1 -1 -1 -1 -1 21 -1 -1 -1 12 -1 -1 -1 -1 -1 19 20 -1 10 17 -1 -1 -1 -1 -1 -1 -1 -1 -1 
-1 -1 -1 -1 4 5 6 -1 -1 -1 -1 -1 -1 3 -1 -1 -1 -1 -1 -1 -1 -1 2 -1 -1 -1 -1 -1 -1 30 -1 -1 13 -1 -1 -1 -1 -1 1 -1 -1 -1 -1 -1 -1 -1 -1 -1 -1 14 -1 18 15 -1 -1 -1 -1 -1 26 -1 -1 -1 -1 25 -1 -1 21 -1 -1 -1 12 -1 -1 -1 -1 -1 19 20 -1 10 17 -1 -1 -1 -1 -1 -1 -1 -1 -1 
-1 -1 -1 -1 4 5 6 -1 -1 -1 -1 -1 -1 3 -1 -1 -1 -1 -1 -1 -1 -1 2 -1 -1 -1 -1 -1 -1 30 -1 -1 13 -1 -1 -1 11 -1 1 -1 -1 -1 -1 -1 -1 -1 -1 -1 -1 14 -1 18 15 -1 -1 -1 -1 -1 26 -1 -1 -1 -1 25 -1 -1 21 -1 -1 -1 12 -1 -1 -1 -1 -1 19 20 -1 10 17 -1 -1 -1 -1 -1 -1 -1 -1 -1 
-1 -1 -1 -1 4 5 6 -1 -1 -1 -1 -1 -1 3 -1 -1 -1 -1 -1 -1 -1 -1 2 -1 -1 -1 -1 -1 -1 30 -1 -1 13 -1 -1 -1 11 -1 1 -1 -1 -1 -1 -1 -1 -1 -1 -1 -1 14 -1 18 15 -1 -1 -1 -1 -1 26 -1 -1 -1 -1 25 -1 -1 21 -1 -1 -1 12 -1 -1 -1 -1 -1 19 -1 -1 10 17 -1 -1 -1 -1 -1 20 -1 -1 -1 
-1 -1 -1 4 -1 5 6 -1 -1 -1 -1 -1 -1 3 -1 -1 -1 -1 -1 -1 -1 -1 2 -1 -1 -1 -1 -1 -1 30 -1 -1 13 -1 -1 -1 11 -1 1 -1 -1 -1 -1 -1 -1 -1 -1 -1 -1 14 -1 18 15 -1 -1 -1 -1 -1 26 -1 -1 -1 -1 25 -1 -1 21 -1 -1 -1 12 -1 -1 -1 -1 -1 19 -1 -1 10 17 -1 -1 -1 -1 -1 20 -1 -1 -1 
-1 -1 -1 4 -1 5 6 -1 -1 -1 -1 -1 -1 3 -1 -1 -1 -1 -1 -1 -1 -1 2 -1 -1 -1 -1 -1 -1 30 -1 -1 13 -1 -1 -1 11 -1 1 -1 -1 -1 -1 -1 -1 -1 -1 -1 -1 14 -1 18 15 -1 -1 -1 -1 -1 26 -1 -1 -1 -1 25 -1 -1 21 -1 -1 -1 12 -1 -1 -1 -1 -1 19 -1 -1 10 17 -1 -1 -1 -1 20 -1 -1 -1 -1 
-1 -1 -1 4 -1 5 6 -1 -1 -1 -1 -1 -1 3 -1 -1 -1 -1 -1 -1 -1 -1 2 -1 -1 -1 -1 -1 -1 30 -1 -1 -1 13 -1 -1 11 -1 1 -1 -1 -1 -1 -1 -1 -1 -1 -1 -1 14 -1 18 15 -1 -1 -1 -1 -1 26 -1 -1 -1 -1 25 -1 -1 21 -1 -1 -1 12 -1 -1 -1 -1 -1 19 -1 -1 10 17 -1 -1 -1 -1 20 -1 -1 -1 -1 
-1 -1 -1 4 -1 5 6 -1 -1 -1 -1 -1 -1 3 -1 -1 -1 -1 -1 -1 -1 -1 2 -1 -1 -1 -1 -1 -1 30 -1 -1 -1 13 -1 -1 11 -1 1 -1 26 -1 -1 -1 -1 -1 -1 -1 -1 14 -1 18 15 -1 -1 -1 -1 -1 -1 -1 -1 -1 -1 25 -1 -1 21 -1 -1 -1 12 -1 -1 -1 -1 -1 19 -1 -1 10 17 -1 -1 -1 -1 20 -1 -1 -1 -1 
-1 -1 -1 4 -1 5 6 -1 -1 -1 -1 -1 -1 3 -1 -1 -1 -1 -1 -1 -1 -1 2 -1 -1 -1 -1 -1 -1 30 -1 -1 -1 13 -1 -1 11 -1 1 -1 26 -1 -1 -1 -1 -1 -1 -1 -1 14 -1 18 15 -1 -1 -1 -1 -1 -1 -1 -1 -1 -1 25 -1 -1 21 -1 -1 -1 -1 12 -1 -1 -1 -1 19 -1 -1 10 17 -1 -1 -1 -1 20 -1 -1 -1 -1 
-1 -1 -1 4 -1 5 6 -1 -1 -1 -1 -1 -1 3 -1 -1 -1 -1 -1 -1 -1 -1 2 -1 -1 -1 -1 -1 -1 30 -1 -1 -1 13 -1 -1 11 -1 1 -1 26 -1 -1 -1 -1 -1 -1 -1 -1 14 -1 18 15 -1 -1 -1 -1 -1 -1 -1 -1 -1 -1 -1 -1 -1 21 -1 -1 -1 -1 25 -1 -1 -1 -1 19 -1 -1 10 17 -1 -1 -1 -1 20 -1 -1 -1 -1 
-1 -1 -1 4 -1 5 6 -1 -1 -1 -1 -1 -1 3 -1 -1 -1 -1 -1 -1 -1 -1 2 -1 -1 -1 -1 -1 -1 30 -1 -1 -1 13 -1 -1 11 -1 1 -1 26 -1 -1 -1 -1 -1 -1 -1 -1 14 -1 18 -1 -1 -1 -1 -1 -1 -1 -1 -1 15 -1 -1 -1 -1 21 -1 -1 -1 -1 25 -1 -1 -1 -1 19 -1 -1 10 17 -1 -1 -1 -1 20 -1 -1 -1 -1 
-1 -1 -1 4 -1 5 6 -1 -1 -1 -1 -1 -1 3 -1 -1 -1 25 -1 -1 -1 -1 2 -1 -1 -1 -1 -1 -1 30 -1 -1 -1 13 -1 -1 11 -1 1 -1 26 -1 -1 -1 -1 -1 -1 -1 -1 14 -1 18 -1 -1 -1 -1 -1 -1 -1 -1 -1 15 -1 -1 -1 -1 21 -1 -1 -1 -1 -1 -1 -1 -1 -1 19 -1 -1 10 17 -1 -1 -1 -1 20 -1 -1 -1 -1 
-1 -1 -1 4 -1 5 6 -1 -1 -1 -1 -1 -1 -1 -1 -1 -1 25 -1 -1 -1 -1 2 3 -1 -1 -1 -1 -1 30 -1 -1 -1 13 -1 -1 11 -1 1 -1 26 -1 -1 -1 -1 -1 -1 -1 -1 14 -1 18 -1 -1 -1 -1 -1 -1 -1 -1 -1 15 -1 -1 -1 -1 21 -1 -1 -1 -1 -1 -1 -1 -1 -1 19 -1 -1 10 17 -1 -1 -1 -1 20 -1 -1 -1 -1 
-1 -1 -1 4 -1 5 6 -1 -1 -1 -1 -1 -1 -1 -1 -1 -1 25 -1 -1 -1 -1 2 3 -1 -1 -1 -1 -1 30 -1 -1 -1 13 -1 -1 11 -1 1 -1 -1 26 -1 -1 -1 -1 -1 -1 -1 14 -1 18 -1 -1 -1 -1 -1 -1 -1 -1 -1 15 -1 -1 -1 -1 21 -1 -1 -1 -1 -1 -1 -1 -1 -1 19 -1 -1 10 17 -1 -1 -1 -1 20 -1 -1 -1 -1 
-1 -1 -1 -1 4 5 6 -1 -1 -1 -1 -1 -1 -1 -1 -1 -1 25 -1 -1 -1 -1 2 3 -1 -1 -1 -1 -1 30 -1 -1 -1 13 -1 -1 11 -1 1 -1 -1 26 -1 -1 -1 -1 -1 -1 -1 14 -1 18 -1 -1 -1 -1 -1 -1 -1 -1 -1 15 -1 -1 -1 -1 21 -1 -1 -1 -1 -1 -1 -1 -1 -1 19 -1 -1 10 17 -1 -1 -1 -1 20 -1 -1 -1 -1 
