0 1 2 3 4 5 6 7 8 -1 -1 -1 -1 -1 -1 -1 -1 -1 -1 9 -1 -1 -1 -1 -1 10 -1 11 -1 12 -1 28 -1 14 -1 15 -1 -1 -1 -1 -1 -1 -1 -1 -1 -1 -1 30 -1 -1 -1 -1 -1 -1 -1 -1 -1 -1 29 -1 -1 -1 27 -1 26 -1 -1 -1 -1 -1 25 -1 -1 -1 -1 -1 -1 -1 -1 -1 -1 24 23 22 21 20 19 18 17 16 
0 1 2 3 4 5 6 7 8 -1 -1 -1 -1 -1 -1 -1 -1 -1 -1 -1 9 -1 -1 -1 -1 10 -1 11 -1 12 -1 28 -1 14 -1 15 -1 -1 -1 -1 -1 -1 -1 -1 -1 -1 -1 30 -1 -1 -1 -1 -1 -1 -1 -1 -1 -1 29 -1 -1 -1 27 -1 26 -1 -1 -1 -1 -1 25 -1 -1 -1 -1 -1 -1 -1 -1 -1 -1 24 23 22 21 20 19 18 17 16 
0 1 2 3 4 5 6 7 8 -1 -1 -1 -1 -1 -1 -1 -1 -1 -1 -1 9 -1 -1 -1 -1 10 -1 11 -1 12 -1 28 -1 14 -1 15 -1 -1 -1 -1 -1 -1 -1 -1 -1 -1 -1 30 -1 -1 -1 -1 -1 -1 -1 -1 -1 -1 29 -1 -1 -1 27 -1 26 -1 -1 25 -1 -1 -1 -1 -1 -1 -1 -1 -1 -1 -1 -1 -1 24 23 22 21 20 19 18 17 16 
0 1 -1 3 4 5 6 7 8 -1 -1 -1 -1 -1 -1 -1 -1 -1 -1 -1 9 -1 2 -1 -1 10 -1 11 -1 12 -1 28 -1 14 -1 15 -1 -1 -1 -1 -1 -1 -1 -1 -1 -1 -1 30 -1 -1 -1 -1 -1 -1 -1 -1 -1 -1 29 -1 -1 -1 27 -1 26 -1 -1 25 -1 -1 -1 -1 -1 -1 -1 -1 -1 -1 -1 -1 -1 24 23 22 21 20 19 18 17 16 
0 1 -1 3 4 5 6 7 8 -1 -1 -1 -1 -1 -1 -1 -1 -1 -1 -1 9 -1 2 -1 -1 10 -1 11 -1 12 -1 25 -1 14 -1 15 -1 -1 -1 -1 -1 -1 -1 -1 -1 -1 -1 30 -1 -1 -1 -1 -1 -1 -1 -1 -1 -1 29 -1 -1 -1 27 -1 26 -1 -1 -1 -1 -1 -1 -1 -1 -1 -1 -1 -1 -1 -1 -1 -1 24 23 22 21 20 19 18 17 16 
0 1 -1 -1 4 5 6 7 8 -1 -1 -1 -1 3 -1 -1 -1 -1 -1 -1 9 -1 2 -1 -1 10 -1 11 -1 12 -1 25 -1 14 -1 15 -1 -1 -1 -1 -1 -1 -1 -1 -1 -1 -1 30 -1 -1 -1 -1 -1 -1 -1 -1 -1 -1 29 -1 -1 -1 27 -1 26 -1 -1 -1 -1 -1 -1 -1 -1 -1 -1 -1 -1 -1 -1 -1 -1 24 23 22 21 20 19 18 17 16 
0 1 -1 -1 4 5 6 7 8 -1 -1 -1 -1 3 -1 -1 -1 -1 -1 -1 9 -1 2 -1 -1 10 -1 11 -1 12 -1 25 -1 14 -1 15 -1 -1 -1 -1 -1 -1 -1 -1 -1 -1 -1 30 -1 -1 -1 -1 -1 -1 -1 -1 -1 -1 29 -1 -1 -1 27 -1 26 -1 -1 22 -1 -1 -1 -1 -1 -1 -1 -1 -1 -1 -1 -1 -1 24 23 -1 21 20 19 18 17 16 
0 -1 -1 -1 4 5 6 7 8 -1 -1 -1 1 3 -1 -1 -1 -1 -1 -1 9 -1 2 -1 -1 10 -1 11 -1 12 -1 25 -1 14 -1 15 -1 -1 -1 -1 -1 -1 -1 -1 -1 -1 -1 30 -1 -1 -1 -1 -1 -1 -1 -1 -1 -1 29 -1 -1 -1 27 -1 26 -1 -1 22 -1 -1 -1 -1 -1 -1 -1 -1 -1 -1 -1 -1 -1 24 23 -1 21 20 19 18 17 16 
0 -1 -1 -1 4 5 6 7 8 -1 -1 -1 1 3 -1 -1 -1 -1 -1 -1 9 -1 2 -1 -1 10 -1 11 -1 12 -1 -1 -1 14 -1 15 -1 -1 -1 -1 25 -1 -1 -1 -1 -1 -1 30 -1 -1 -1 -1 -1 -1 -1 -1 -1 -1 29 -1 -1 -1 27 -1 26 -1 -1 22 -1 -1 -1 -1 -1 -1 -1 -1 -1 -1 -1 -1 -1 24 23 -1 21 20 19 18 17 16 
-1 0 -1 -1 4 5 6 7 8 -1 -1 -1 1 3 -1 -1 -1 -1 -1 -1 9 -1 2 -1 -1 10 -1 11 -1 12 -1 -1 -1 14 -1 15 -1 -1 -1 -1 25 -1 -1 -1 -1 -1 -1 30 -1 -1 -1 -1 -1 -1 -1 -1 -1 -1 29 -1 -1 -1 27 -1 26 -1 -1 22 -1 -1 -1 -1 -1 -1 -1 -1 -1 -1 -1 -1 -1 24 23 -1 21 20 19 18 17 16 
-1 0 -1 -1 4 5 6 7 8 -1 -1 -1 1 3 -1 -1 -1 -1 -1 -1 9 -1 2 -1 -1 10 -1 11 -1 12 -1 -1 -1 14 -1 15 -1 -1 -1 -1 25 -1 -1 -1 -1 -1 -1 30 -1 -1 -1 -1 -1 -1 -1 -1 -1 -1 29 -1 -1 -1 27 -1 26 -1 -1 22 -1 -1 -1 -1 -1 -1 -1 23 -1 -1 -1 -1 -1 24 -1 -1 21 20 19 18 17 16 
-1 0 -1 -1 4 5 6 7 -1 -1 -1 -1 1 3 -1 -1 -1 8 -1 -1 9 -1 2 -1 -1 10 -1 11 -1 12 -1 -1 -1 14 -1 15 -1 -1 -1 -1 25 -1 -1 -1 -1 -1 -1 30 -1 -1 -1 -1 -1 -1 -1 -1 -1 -1 29 -1 -1 -1 27 -1 26 -1 -1 22 -1 -1 -1 -1 -1 -1 -1 23 -1 -1 -1 -1 -1 24 -1 -1 21 20 19 18 17 16 
-1 0 -1 -1 4 5 6 7 -1 -1 -1 -1 1 3 -1 -1 -1 8 -1 -1 9 -1 2 -1 -1 10 -1 11 -1 12 -1 -1 -1 14 -1 15 -1 -1 -1 -1 25 -1 -1 -1 -1 -1 -1 30 -1 -1 -1 -1 -1 -1 -1 -1 -1 -1 29 -1 -1 -1 27 -1 26 -1 -1 22 -1 17 -1 -1 -1 -1 -1 23 -1 -1 -1 -1 -1 24 -1 -1 21 20 19 18 -1 16 
-1 0 -1 -1 4 5 6 7 -1 -1 -1 -1 1 3 8 -1 -1 -1 -1 -1 9 -1 2 -1 -1 10 -1 11 -1 12 -1 -1 -1 14 -1 15 -1 -1 -1 -1 25 -1 -1 -1 -1 -1 -1 30 -1 -1 -1 -1 -1 -1 -1 -1 -1 -1 29 -1 -1 -1 27 -1 26 -1 -1 22 -1 17 -1 -1 -1 -1 -1 23 -1 -1 -1 -1 -1 24 -1 -1 21 20 19 18 -1 16 
-1 0 -1 -1 4 5 6 7 -1 -1 -1 -1 1 3 8 -1 -1 -1 -1 -1 9 -1 2 -1 -1 10 -1 11 -1 12 -1 -1 -1 14 -1 15 -1 -1 -1 -1 25 -1 -1 -1 -1 -1 -1 30 -1 -1 -1 -1 -1 -1 -1 -1 -1 -1 29 -1 -1 -1 27 -1 26 -1 -1 22 -1 17 -1 -1 -1 -1 -1 23 -1 -1 -1 -1 -1 -1 24 -1 21 20 19 18 -1 16 
-1 -1 -1 -1 4 5 6 7 -1 -1 -1 -1 1 3 8 -1 -1 -1 -1 -1 9 -1 2 -1 -1 10 -1 11 -1 12 -1 -1 -1 14 -1 15 -1 0 -1 -1 25 -1 -1 -1 -1 -1 -1 30 -1 -1 -1 -1 -1 -1 -1 -1 -1 -1 29 -1 -1 -1 27 -1 26 -1 -1 22 -1 17 -1 -1 -1 -1 -1 23 -1 -1 -1 -1 -1 -1 24 -1 21 20 19 18 -1 16 
-1 -1 -1 -1 4 5 6 7 -1 -1 -1 -1 1 3 8 -1 -1 -1 -1 -1 9 -1 2 -1 -1 10 -1 11 -1 12 -1 -1 -1 14 -1 15 -1 0 -1 -1 25 -1 -1 -1 -1 -1 -1 30 -1 29 -1 -1 -1 -1 -1 -1 -1 -1 -1 -1 -1 -1 27 -1 26 -1 -1 22 -1 17 -1 -1 -1 -1 -1 23 -1 -1 -1 -1 -1 -1 24 -1 21 20 19 18 -1 16 
-1 -1 -1 -1 4 5 6 7 -1 -1 -1 -1 1 3 -1 -1 -1 -1 -1 -1 9 -1 2 -1 -1 10 -1 11 -1 12 -1 -1 -1 14 -1 15 -1 0 -1 -1 25 -1 -1 -1 -1 -1 -1 30 -1 29 -1 -1 -1 -1 -1 -1 -1 -1 -1 8 -1 -1 27 -1 26 -1 -1 22 -1 17 -1 -1 -1 -1 -1 23 -1 -1 -1 -1 -1 -1 24 -1 21 20 19 18 -1 16 
-1 -1 -1 -1 4 5 6 7 -1 -1 -1 -1 1 3 -1 -1 -1 -1 -1 -1 9 -1 2 -1 -1 10 -1 11 -1 12 -1 -1 -1 14 -1 15 -1 0 -1 -1 25 -1 -1 -1 -1 -1 -1 30 -1 29 -1 -1 -1 -1 -1 -1 -1 -1 -1 8 -1 -1 27 -1 26 -1 -1 22 -1 17 -1 -1 -1 -1 -1 23 -1 -1 -1 -1 -1 -1 24 -1 21 20 19 18 16 -1 
-1 -1 -1 -1 4 5 6 -1 -1 -1 -1 -1 1 3 -1 -1 -1 -1 -1 -1 9 -1 2 -1 -1 10 7 11 -1 12 -1 -1 -1 14 -1 15 -1 0 -1 -1 25 -1 -1 -1 -1 -1 -1 30 -1 29 -1 -1 -1 -1 -1 -1 -1 -1 -1 8 -1 -1 27 -1 26 -1 -1 22 -1 17 -1 -1 -1 -1 -1 23 -1 -1 -1 -1 -1 -1 24 -1 21 20 19 18 16 -1 
-1 -1 -1 -1 4 5 6 -1 -1 -1 -1 -1 1 3 -1 -1 -1 -1 -1 -1 9 -1 2 -1 -1 10 7 11 -1 12 -1 -1 -1 14 -1 15 -1 0 -1 -1 25 -1 -1 -1 -1 -1 -1 30 -1 29 -1 -1 -1 -1 -1 -1 -1 -1 17 8 -1 -1 27 -1 26 -1 -1 22 -1 -1 -1 -1 -1 -1 -1 23 -1 -1 -1 -1 -1 -1 24 -1 21 20 19 18 16 -1 
-1 -1 -1 -1 4 5 6 -1 -1 -1 -1 -1 1 3 -1 -1 -1 -1 -1 -1 9 -1 2 -1 -1 10 7 11 -1 12 -1 -1 -1 14 -1 15 -1 -1 -1 -1 25 -1 -1 -1 -1 -1 -1 30 -1 29 -1 -1 -1 -1 -1 0 -1 -1 17 8 -1 -1 27 -1 26 -1 -1 22 -1 -1 -1 -1 -1 -1 -1 23 -1 -1 -1 -1 -1 -1 24 -1 21 20 19 18 16 -1 
-1 -1 -1 -1 4 5 6 -1 -1 -1 -1 -1 1 3 -1 -1 -1 -1 -1 -1 9 -1 2 -1 -1 10 7 11 -1 12 -1 -1 -1 14 -1 15 -1 -1 -1 -1 25 -1 -1 -1 -1 -1 -1 30 -1 29 -1 -1 16 -1 -1 0 -1 -1 17 8 -1 -1 27 -1 26 -1 -1 22 -1 -1 -1 -1 -1 -1 -1 23 -1 -1 -1 -1 -1 -1 24 -1 21 20 19 18 -1 -1 
-1 -1 -1 -1 4 5 6 -1 -1 -1 -1 -1 1 3 -1 -1 -1 -1 -1 -1 9 -1 2 -1 10 -1 7 11 -1 12 -1 -1 -1 14 -1 15 -1 -1 -1 -1 25 -1 -1 -1 -1 -1 -1 30 -1 29 -1 -1 16 -1 -1 0 -1 -1 17 8 -1 -1 27 -1 26 -1 -1 22 -1 -1 -1 -1 -1 -1 -1 23 -1 -1 -1 -1 -1 -1 24 -1 21 20 19 18 -1 -1 
-1 -1 -1 -1 4 5 6 -1 -1 -1 -1 -1 1 3 -1 -1 -1 -1 -1 -1 9 -1 2 -1 10 -1 7 11 -1 12 -1 -1 -1 14 -1 15 -1 -1 -1 -1 25 -1 -1 -1 -1 -1 -1 30 -1 29 -1 -1 16 -1 -1 0 -1 -1 17 8 -1 -1 27 -1 26 -1 -1 22 -1 -1 -1 -1 -1 -1 -1 23 21 -1 -1 -1 -1 -1 24 -1 -1 20 19 18 -1 -1 
-1 -1 -1 -1 4 5 6 -1 -1 -1 -1 -1 1 3 -1 -1 -1 -1 -1 -1 9 -1 2 -1 -1 -1 7 11 -1 12 -1 -1 -1 14 -1 15 -1 -1 -1 -1 25 -1 -1 -1 -1 -1 -1 30 -1 29 -1 -1 16 -1 -1 0 -1 -1 17 8 10 -1 27 -1 26 -1 -1 22 -1 -1 -1 -1 -1 -1 -1 23 21 -1 -1 -1 -1 -1 24 -1 -1 20 19 18 -1 -1 
-1 -1 -1 -1 4 5 6 -1 -1 -1 -1 -1 1 3 -1 -1 -1 -1 -1 -1 9 -1 2 -1 -1 -1 7 11 -1 12 -1 -1 -1 14 -1 15 -1 -1 -1 -1 25 -1 -1 -1 -1 -1 -1 30 -1 29 -1 -1 16 -1 -1 0 -1 -1 -1 8 10 -1 27 -1 26 17 -1 22 -1 -1 -1 -1 -1 -1 -1 23 21 -1 -1 -1 -1 -1 24 -1 -1 20 19 18 -1 -1 
-1 -1 -1 -1 4 5 6 -1 -1 -1 -1 -1 1 3 -1 -1 -1 -1 -1 -1 9 -1 2 -1 -1 -1 7 11 -1 -1 -1 -1 -1 14 -1 15 -1 -1 12 -1 25 -1 -1 -1 -1 -1 -1 30 -1 29 -1 -1 16 -1 -1 0 -1 -1 -1 8 10 -1 27 -1 26 17 -1 22 -1 -1 -1 -1 -1 -1 -1 23 21 -1 -1 -1 -1 -1 24 -1 -1 20 19 18 -1 -1 
-1 -1 -1 -1 4 5 6 -1 -1 -1 -1 -1 1 3 -1 -1 -1 -1 -1 -1 9 -1 2 -1 -1 -1 7 11 -1 -1 -1 -1 -1 14 -1 15 -1 -1 30 -1 25 -1 -1 -1 -1 -1 -1 -1 -1 29 -1 -1 16 -1 -1 0 -1 -1 -1 8 10 -1 27 -1 26 17 -1 22 -1 -1 -1 -1 -1 -1 -1 23 21 -1 -1 -1 -1 -1 24 -1 -1 20 19 18 -1 -1 
-1 -1 -1 -1 4 5 6 -1 -1 -1 -1 -1 1 3 -1 -1 -1 -1 -1 -1 -1 -1 2 -1 -1 -1 7 11 -1 -1 -1 -1 -1 14 -1 15 -1 -1 30 -1 25 -1 -1 -1 -1 -1 -1 -1 -1 29 -1 -1 16 -1 -1 0 -1 -1 -1 8 10 -1 27 -1 26 9 -1 22 -1 -1 -1 -1 -1 -1 -1 23 21 -1 -1 -1 -1 -1 24 -1 -1 20 19 18 -1 -1 
-1 -1 -1 -1 4 5 6 -1 -1 -1 -1 -1 1 3 -1 -1 -1 -1 -1 -1 -1 -1 2 -1 -1 -1 7 11 -1 -1 -1 -1 -1 14 -1 15 -1 -1 30 -1 25 -1 -1 -1 -1 -1 -1 -1 -1 29 -1 -1 16 -1 -1 0 -1 -1 -1 8 10 -1 27 -1 26 9 -1 22 -1 -1 -1 -1 -1 -1 -1 23 21 -1 -1 -1 -1 -1 -1 24 -1 20 19 18 -1 -1 
-1 -1 -1 -1 4 5 6 -1 -1 -1 -1 -1 1 3 -1 -1 -1 -1 -1 -1 -1 -1 2 -1 -1 -1 7 11 -1 -1 -1 -1 -1 14 -1 15 -1 -1 30 -1 25 -1 -1 -1 -1 -1 -1 -1 -1 29 -1 -1 16 -1 -1 0 -1 8 -1 -1 10 -1 27 -1 26 9 -1 22 -1 -1 -1 -1 -1 -1 -1 23 21 -1 -1 -1 -1 -1 -1 24 -1 20 19 18 -1 -1 
-1 -1 -1 -1 4 5 6 -1 -1 -1 -1 -1 1 3 -1 -1 -1 -1 -1 -1 -1 -1 2 -1 -1 -1 7 11 -1 -1 -1 -1 -1 14 -1 15 -1 -1 30 -1 25 -1 -1 -1 -1 -1 -1 -1 -1 29 -1 -1 16 -1 -1 0 -1 8 -1 -1 10 -1 27 -1 26 24 -1 22 -1 -1 -1 -1 -1 -1 -1 23 21 -1 -1 -1 -1 -1 -1 -1 -1 20 19 18 -1 -1 
-1 -1 -1 -1 4 5 6 -1 -1 -1 -1 -1 1 3 -1 -1 -1 -1 -1 -1 -1 -1 2 -1 -1 -1 7 11 -1 -1 -1 -1 -1 14 -1 15 -1 -1 30 -1 25 -1 -1 -1 -1 -1 -1 -1 -1 29 -1 -1 16 -1 -1 0 -1 -1 -1 -1 10 -1 27 -1 26 24 -1 22 -1 -1 -1 -1 -1 -1 -1 8 21 -1 -1 -1 -1 -1 -1 -1 -1 20 19 18 -1 -1 
-1 -1 -1 -1 4 5 6 -1 -1 -1 -1 -1 1 3 -1 -1 -1 -1 -1 -1 -1 -1 2 -1 -1 -1 7 11 -1 -1 -1 -1 -1 14 -1 15 -1 -1 30 -1 25 -1 -1 -1 -1 -1 -1 -1 -1 29 16 -1 -1 -1 -1 0 -1 -1 -1 -1 10 -1 27 -1 26 24 -1 22 -1 -1 -1 -1 -1 -1 -1 8 21 -1 -1 -1 -1 -1 -1 -1 -1 20 19 18 -1 -1 
-1 -1 -1 -1 4 5 6 -1 -1 -1 -1 -1 1 3 -1 -1 -1 -1 -1 -1 -1 -1 2 -1 -1 -1 7 11 -1 -1 -1 -1 -1 14 -1 15 -1 -1 30 -1 25 -1 -1 -1 -1 -1 -1 -1 -1 29 16 -1 -1 -1 -1 0 -1 8 -1 -1 10 -1 27 -1 26 24 -1 22 -1 -1 -1 -1 -1 -1 -1 -1 21 -1 -1 -1 -1 -1 -1 -1 -1 20 19 18 -1 -1 
-1 -1 -1 -1 4 5 6 -1 -1 -1 -1 -1 1 3 -1 -1 -1 -1 -1 -1 -1 -1 2 -1 -1 -1 7 11 -1 -1 -1 -1 16 14 -1 15 -1 -1 30 -1 25 -1 -1 -1 -1 -1 -1 -1 -1 29 -1 -1 -1 -1 -1 0 -1 8 -1 -1 10 -1 27 -1 26 24 -1 22 -1 -1 -1 -1 -1 -1 -1 -1 21 -1 -1 -1 -1 -1 -1 -1 -1 20 19 18 -1 -1 
-1 -1 -1 -1 4 5 6 -1 -1 -1 -1 -1 1 3 -1 -1 -1 -1 -1 -1 -1 -1 2 -1 -1 -1 7 11 -1 -1 -1 -1 16 14 -1 15 -1 -1 30 -1 25 -1 -1 -1 -1 -1 -1 -1 -1 29 -1 -1 -1 -1 -1 0 -1 8 10 -1 -1 -1 27 -1 26 24 -1 22 -1 -1 -1 -1 -1 -1 -1 -1 21 -1 -1 -1 -1 -1 -1 -1 -1 20 19 18 -1 -1 
-1 -1 -1 -1 4 5 6 -1 -1 -1 -1 -1 1 3 -1 -1 -1 -1 -1 -1 -1 -1 2 -1 -1 -1 7 11 -1 -1 -1 -1 16 14 -1 15 -1 -1 -1 30 25 -1 -1 -1 -1 -1 -1 -1 -1 29 -1 -1 -1 -1 -1 0 -1 8 10 -1 -1 -1 27 -1 26 24 -1 22 -1 -1 -1 -1 -1 -1 -1 -1 21 -1 -1 -1 -1 -1 -1 -1 -1 20 19 18 -1 -1 
-1 -1 -1 -1 4 5 6 -1 -1 -1 -1 -1 1 3 -1 -1 -1 -1 -1 -1 -1 -1 2 -1 -1 -1 7 11 -1 -1 -1 -1 16 14 -1 15 -1 -1 -1 30 10 -1 -1 -1 -1 -1 -1 -1 -1 29 -1 -1 -1 -1 -1 0 -1 8 -1 -1 -1 -1 27 -1 26 24 -1 22 -1 -1 -1 -1 -1 -1 -1 -1 21 -1 -1 -1 -1 -1 -1 -1 -1 20 19 18 -1 -1 
-1 -1 -1 -1 4 5 6 -1 -1 -1 -1 -1 1 3 -1 -1 -1 -1 -1 -1 -1 -1 2 -1 -1 -1 7 11 -1 -1 -1 -1 16 14 -1 15 -1 -1 -1 30 29 -1 -1 -1 -1 -1 -1 -1 -1 -1 -1 -1 -1 -1 -1 0 -1 8 -1 -1 -1 -1 27 -1 26 24 -1 22 -1 -1 -1 -1 -1 -1 -1 -1 21 -1 -1 -1 -1 -1 -1 -1 -1 20 19 18 -1 -1 
-1 -1 -1 -1 4 5 6 -1 -1 -1 -1 -1 1 3 -1 -1 -1 -1 -1 -1 -1 -1 2 -1 -1 -1 7 11 -1 -1 -1 -1 16 14 -1 15 -1 -1 -1 30 29 -1 -1 -1 -1 -1 -1 -1 -1 -1 -1 -1 -1 -1 -1 -1 0 8 -1 -1 -1 -1 27 -1 26 24 -1 22 -1 -1 -1 -1 -1 -1 -1 -1 21 -1 -1 -1 -1 -1 -1 -1 -1 20 19 18 -1 -1 
-1 -1 -1 -1 4 5 6 -1 -1 -1 -1 -1 1 3 -1 -1 -1 -1 -1 -1 -1 -1 2 -1 -1 -1 7 11 -1 -1 -1 -1 16 14 -1 15 -1 -1 -1 30 29 -1 -1 -1 -1 -1 -1 -1 -1 -1 -1 -1 -1 -1 -1 -1 24 8 -1 -1 -1 -1 27 -1 26 -1 -1 22 -1 -1 -1 -1 -1 -1 -1 -1 21 -1 -1 -1 -1 -1 -1 -1 -1 20 19 18 -1 -1 
-1 -1 -1 -1 4 5 6 -1 -1 -1 -1 -1 1 3 -1 -1 -1 -1 -1 -1 -1 -1 2 -1 -1 -1 7 11 -1 -1 -1 -1 16 14 -1 15 -1 -1 -1 30 29 -1 -1 -1 -1 -1 -1 -1 -1 -1 -1 -1 -1 -1 -1 -1 8 -1 -1 -1 -1 -1 27 -1 26 -1 -1 22 -1 -1 -1 -1 -1 -1 -1 -1 21 -1 -1 -1 -1 -1 -1 -1 -1 20 19 18 -1 -1 
-1 -1 -1 -1 4 5 6 -1 -1 -1 -1 -1 1 3 -1 -1 -1 -1 -1 -1 -1 -1 2 -1 -1 -1 7 16 -1 -1 -1 -1 -1 14 -1 15 -1 -1 -1 30 29 -1 -1 -1 -1 -1 -1 -1 -1 -1 -1 -1 -1 -1 -1 -1 8 -1 -1 -1 -1 -1 27 -1 26 -1 -1 22 -1 -1 -1 -1 -1 -1 -1 -1 21 -1 -1 -1 -1 -1 -1 -1 -1 20 19 18 -1 -1 
-1 -1 -1 -1 4 5 6 -1 -1 -1 -1 -1 1 3 -1 -1 -1 -1 -1 -1 -1 -1 2 -1 -1 -1 7 16 -1 -1 -1 -1 -1 14 -1 -1 -1 -1 -1 30 29 -1 -1 -1 15 -1 -1 -1 -1 -1 -1 -1 -1 -1 -1 -1 8 -1 -1 -1 -1 -1 27 -1 26 -1 -1 22 -1 -1 -1 -1 -1 -1 -1 -1 21 -1 -1 -1 -1 -1 -1 -1 -1 20 19 18 -1 -1 
-1 -1 -1 -1 4 5 6 -1 -1 -1 -1 -1 1 3 -1 -1 -1 -1 -1 -1 -1 -1 2 -1 -1 -1 7 16 -1 -1 -1 -1 -1 14 -1 -1 -1 -1 -1 30 29 -1 -1 -1 15 31 -1 -1 -1 -1 -1 -1 -1 -1 -1 -1 8 -1 -1 -1 -1 -1 27 -1 26 -1 -1 22 -1 -1 -1 -1 -1 -1 -1 -1 21 -1 -1 -1 -1 -1 -1 -1 -1 20 19 18 -1 -1 
-1 -1 -1 -1 4 5 6 -1 -1 -1 -1 -1 1 3 -1 -1 -1 -1 -1 -1 -1 -1 2 -1 -1 -1 7 16 -1 -1 -1 -1 -1 14 -1 -1 -1 -1 -1 30 29 -1 -1 -1 15 31 -1 -1 -1 -1 -1 -1 -1 -1 -1 -1 -1 -1 -1 -1 -1 -1 0 -1 26 -1 -1 22 -1 -1 -1 -1 -1 -1 -1 -1 21 -1 -1 -1 -1 -1 -1 -1 -1 20 19 18 -1 -1 
-1 -1 -1 -1 4 5 6 -1 -1 -1 -1 -1 1 3 -1 -1 -1 -1 -1 -1 -1 -1 2 -1 -1 -1 7 16 -1 -1 -1 -1 -1 14 -1 -1 -1 -1 -1 30 29 -1 -1 -1 15 31 -1 -1 -1 -1 -1 -1 -1 -1 -1 -1 -1 -1 -1 -1 -1 -1 0 -1 -1 -1 26 22 -1 -1 -1 -1 -1 -1 -1 -1 21 -1 -1 -1 -1 -1 -1 -1 -1 20 19 18 -1 -1 
-1 -1 -1 -1 4 5 6 -1 -1 -1 -1 -1 -1 3 -1 -1 -1 -1 -1 1 -1 -1 2 -1 -1 -1 7 16 -1 -1 -1 -1 -1 14 -1 -1 -1 -1 -1 30 29 -1 -1 -1 15 31 -1 -1 -1 -1 -1 -1 -1 -1 -1 -1 -1 -1 -1 -1 -1 -1 0 -1 -1 -1 26 22 -1 -1 -1 -1 -1 -1 -1 -1 21 -1 -1 -1 -1 -1 -1 -1 -1 20 19 18 -1 -1 
-1 -1 -1 -1 4 5 6 -1 -1 -1 -1 -1 -1 3 -1 -1 -1 -1 -1 1 -1 -1 2 -1 -1 -1 7 -1 16 -1 -1 -1 -1 14 -1 -1 -1 -1 -1 30 29 -1 -1 -1 15 31 -1 -1 -1 -1 -1 -1 -1 -1 -1 -1 -1 -1 -1 -1 -1 -1 0 -1 -1 -1 26 22 -1 -1 -1 -1 -1 -1 -1 -1 21 -1 -1 -1 -1 -1 -1 -1 -1 20 19 18 -1 -1 
-1 -1 1 -1 4 5 6 -1 -1 -1 -1 -1 -1 3 -1 -1 -1 -1 -1 -1 -1 -1 2 -1 -1 -1 7 -1 16 -1 -1 -1 -1 14 -1 -1 -1 -1 -1 30 29 -1 -1 -1 15 31 -1 -1 -1 -1 -1 -1 -1 -1 -1 -1 -1 -1 -1 -1 -1 -1 0 -1 -1 -1 26 22 -1 -1 -1 -1 -1 -1 -1 -1 21 -1 -1 -1 -1 -1 -1 -1 -1 20 19 18 -1 -1 
-1 -1 1 -1 4 5 6 -1 -1 -1 -1 -1 -1 3 -1 -1 -1 -1 -1 -1 -1 -1 2 -1 -1 -1 7 -1 16 -1 -1 -1 -1 14 -1 -1 31 -1 -1 30 29 -1 -1 -1 15 -1 -1 -1 -1 -1 -1 -1 -1 -1 -1 -1 -1 -1 -1 -1 -1 -1 0 -1 -1 -1 26 22 -1 -1 -1 -1 -1 -1 -1 -1 21 -1 -1 -1 -1 -1 -1 -1 -1 20 19 18 -1 -1 
-1 -1 1 -1 4 5 6 -1 -1 -1 -1 -1 -1 3 -1 -1 -1 -1 -1 -1 -1 -1 2 -1 -1 -1 7 -1 16 -1 -1 -1 -1 14 -1 -1 31 -1 -1 30 29 -1 -1 -1 15 -1 -1 -1 -1 -1 -1 -1 -1 -1 0 -1 -1 -1 -1 -1 -1 -1 -1 -1 -1 -1 26 22 -1 -1 -1 -1 -1 -1 -1 -1 21 -1 -1 -1 -1 -1 -1 -1 -1 20 19 18 -1 -1 
-1 -1 1 -1 4 5 6 -1 -1 -1 -1 -1 -1 3 -1 -1 -1 -1 -1 -1 -1 -1 2 -1 -1 -1 7 31 16 -1 -1 -1 -1 14 -1 -1 -1 -1 -1 30 29 -1 -1 -1 15 -1 -1 -1 -1 -1 -1 -1 -1 -1 0 -1 -1 -1 -1 -1 -1 -1 -1 -1 -1 -1 26 22 -1 -1 -1 -1 -1 -1 -1 -1 21 -1 -1 -1 -1 -1 -1 -1 -1 20 19 18 -1 -1 
-1 -1 1 -1 4 5 6 -1 -1 -1 -1 -1 -1 3 -1 -1 -1 -1 -1 -1 -1 -1 2 -1 -1 -1 7 31 16 -1 -1 -1 -1 14 -1 -1 -1 -1 -1 30 29 -1 -1 -1 -1 -1 -1 -1 -1 -1 -1 -1 -1 15 0 -1 -1 -1 -1 -1 -1 -1 -1 -1 -1 -1 26 22 -1 -1 -1 -1 -1 -1 -1 -1 21 -1 -1 -1 -1 -1 -1 -1 -1 20 19 18 -1 -1 
-1 -1 1 -1 4 5 6 -1 -1 -1 -1 -1 -1 3 -1 -1 -1 -1 -1 -1 -1 -1 2 -1 -1 -1 7 31 16 -1 -1 -1 -1 14 -1 -1 -1 -1 -1 30 29 -1 -1 -1 -1 -1 -1 -1 26 -1 -1 -1 -1 15 0 -1 -1 -1 -1 -1 -1 -1 -1 -1 -1 -1 -1 22 -1 -1 -1 -1 -1 -1 -1 -1 21 -1 -1 -1 -1 -1 -1 -1 -1 20 19 18 -1 -1 
-1 -1 1 -1 4 5 6 -1 -1 -1 -1 -1 -1 3 -1 -1 -1 -1 -1 -1 -1 -1 2 -1 -1 -1 -1 31 16 -1 -1 -1 -1 14 -1 -1 -1 -1 -1 30 29 -1 -1 7 -1 -1 -1 -1 26 -1 -1 -1 -1 15 0 -1 -1 -1 -1 -1 -1 -1 -1 -1 -1 -1 -1 22 -1 -1 -1 -1 -1 -1 -1 -1 21 -1 -1 -1 -1 -1 -1 -1 -1 20 19 18 -1 -1 
-1 -1 1 -1 4 5 6 -1 -1 -1 -1 -1 -1 3 -1 -1 -1 -1 -1 -1 -1 -1 2 -1 -1 -1 -1 31 -1 -1 -1 -1 -1 16 -1 -1 -1 -1 -1 30 29 -1 -1 7 -1 -1 -1 -1 26 -1 -1 -1 -1 15 0 -1 -1 -1 -1 -1 -1 -1 -1 -1 -1 -1 -1 22 -1 -1 -1 -1 -1 -1 -1 -1 21 -1 -1 -1 -1 -1 -1 -1 -1 20 19 18 -1 -1 
-1 -1 1 -1 4 5 6 -1 -1 -1 -1 -1 -1 3 -1 -1 -1 -1 -1 -1 -1 -1 2 -1 -1 -1 -1 31 -1 -1 -1 -1 -1 16 -1 -1 -1 -1 -1 30 29 -1 -1 -1 -1 -1 -1 -1 26 -1 7 -1 -1 15 0 -1 -1 -1 -1 -1 -1 -1 -1 -1 -1 -1 -1 22 -1 -1 -1 -1 -1 -1 -1 -1 21 -1 -1 -1 -1 -1 -1 -1 -1 20 19 18 -1 -1 
-1 -1 1 -1 4 5 6 -1 -1 -1 -1 -1 -1 3 -1 -1 -1 -1 -1 -1 -1 -1 2 -1 -1 -1 -1 31 -1 16 -1 -1 -1 -1 -1 -1 -1 -1 -1 30 29 -1 -1 -1 -1 -1 -1 -1 26 -1 7 -1 -1 15 0 -1 -1 -1 -1 -1 -1 -1 -1 -1 -1 -1 -1 22 -1 -1 -1 -1 -1 -1 -1 -1 21 -1 -1 -1 -1 -1 -1 -1 -1 20 19 18 -1 -1 
-1 -1 1 -1 4 5 6 -1 -1 -1 -1 -1 -1 3 -1 -1 -1 -1 -1 -1 -1 -1 2 -1 -1 -1 -1 31 -1 16 -1 -1 -1 -1 -1 -1 -1 -1 -1 30 29 -1 -1 -1 -1 -1 -1 -1 26 -1 -1 -1 -1 15 0 -1 -1 -1 -1 -1 -1 7 -1 -1 -1 -1 -1 22 -1 -1 -1 -1 -1 -1 -1 -1 21 -1 -1 -1 -1 -1 -1 -1 -1 20 19 18 -1 -1 
-1 -1 1 -1 4 5 6 -1 -1 -1 -1 -1 -1 3 -1 -1 -1 -1 -1 -1 -1 -1 2 -1 -1 -1 -1 31 -1 16 -1 -1 -1 -1 -1 -1 -1 -1 -1 30 29 -1 -1 -1 -1 -1 -1 -1 -1 -1 -1 -1 -1 15 0 -1 -1 -1 -1 -1 -1 7 -1 -1 -1 -1 26 22 -1 -1 -1 -1 -1 -1 -1 -1 21 -1 -1 -1 -1 -1 -1 -1 -1 20 19 18 -1 -1 
-1 -1 1 -1 4 5 6 -1 -1 -1 -1 -1 -1 3 -1 -1 -1 -1 -1 -1 -1 -1 2 -1 -1 -1 -1 31 -1 16 -1 -1 -1 -1 -1 -1 -1 -1 -1 30 29 -1 -1 -1 -1 -1 -1 -1 -1 -1 -1 -1 -1 15 0 -1 -1 -1 -1 -1 -1 -1 -1 -1 -1 -1 26 22 -1 -1 -1 -1 -1 -1 -1 -1 21 -1 7 -1 -1 -1 -1 -1 -1 20 19 18 -1 -1 
-1 -1 1 -1 4 5 6 -1 -1 -1 -1 -1 -1 3 -1 -1 -1 -1 -1 -1 -1 -1 2 -1 -1 -1 -1 31 -1 16 -1 -1 -1 -1 -1 -1 -1 -1 -1 30 29 -1 -1 -1 -1 -1 -1 -1 -1 -1 -1 -1 -1 15 0 -1 -1 -1 -1 -1 -1 -1 -1 -1 -1 -1 26 22 -1 -1 -1 -1 -1 -1 -1 -1 21 -1 7 -1 -1 -1 -1 -1 20 -1 19 18 -1 -1 
-1 -1 1 -1 4 5 6 -1 -1 -1 -1 -1 -1 3 -1 -1 -1 -1 -1 -1 -1 -1 2 -1 -1 -1 -1 31 -1 16 -1 -1 -1 -1 -1 -1 -1 -1 -1 30 29 -1 -1 -1 -1 -1 -1 -1 -1 -1 -1 -1 -1 15 0 -1 -1 -1 -1 7 -1 -1 -1 -1 -1 -1 26 22 -1 -1 -1 -1 -1 -1 -1 -1 21 -1 -1 -1 -1 -1 -1 -1 20 -1 19 18 -1 -1 
-1 -1 1 -1 4 5 6 -1 -1 -1 -1 -1 -1 3 -1 -1 -1 -1 -1 -1 -1 -1 2 -1 -1 -1 -1 -1 31 16 -1 -1 -1 -1 -1 -1 -1 -1 -1 30 29 -1 -1 -1 -1 -1 -1 -1 -1 -1 -1 -1 -1 15 0 -1 -1 -1 -1 7 -1 -1 -1 -1 -1 -1 26 22 -1 -1 -1 -1 -1 -1 -1 -1 21 -1 -1 -1 -1 -1 -1 -1 20 -1 19 18 -1 -1 
-1 -1 1 -1 4 5 6 -1 -1 -1 -1 -1 -1 3 -1 -1 -1 -1 -1 -1 -1 -1 2 -1 -1 -1 -1 -1 31 16 -1 -1 -1 -1 -1 -1 -1 -1 -1 30 29 -1 -1 -1 -1 -1 -1 -1 -1 -1 -1 -1 -1 15 -1 0 -1 -1 -1 7 -1 -1 -1 -1 -1 -1 26 22 -1 -1 -1 -1 -1 -1 -1 -1 21 -1 -1 -1 -1 -1 -1 -1 20 -1 19 18 -1 -1 
-1 -1 1 -1 4 5 6 -1 -1 -1 -1 -1 -1 3 -1 -1 -1 -1 -1 -1 -1 -1 2 -1 -1 -1 -1 31 -1 16 -1 -1 -1 -1 -1 -1 -1 -1 -1 30 29 -1 -1 -1 -1 -1 -1 -1 -1 -1 -1 -1 -1 15 -1 0 -1 -1 -1 7 -1 -1 -1 -1 -1 -1 26 22 -1 -1 -1 -1 -1 -1 -1 -1 21 -1 -1 -1 -1 -1 -1 -1 20 -1 19 18 -1 -1 
-1 -1 1 -1 4 5 6 -1 -1 -1 -1 -1 -1 3 -1 -1 -1 -1 -1 -1 -1 -1 2 -1 -1 -1 -1 31 -1 16 -1 -1 -1 -1 -1 -1 -1 -1 -1 30 29 -1 -1 -1 -1 -1 -1 -1 -1 -1 -1 -1 -1 15 0 -1 -1 -1 -1 7 -1 -1 -1 -1 -1 -1 26 22 -1 -1 -1 -1 -1 -1 -1 -1 21 -1 -1 -1 -1 -1 -1 -1 20 -1 19 18 -1 -1 
-1 -1 1 -1 4 5 6 -1 -1 -1 -1 -1 -1 3 -1 -1 -1 -1 -1 -1 -1 -1 2 -1 -1 -1 -1 -1 31 16 -1 -1 -1 -1 -1 -1 -1 -1 -1 30 29 -1 -1 -1 -1 -1 -1 -1 -1 -1 -1 -1 -1 15 0 -1 -1 -1 -1 7 -1 -1 -1 -1 -1 -1 26 22 -1 -1 -1 -1 -1 -1 -1 -1 21 -1 -1 -1 -1 -1 -1 -1 20 -1 19 18 -1 -1 
-1 -1 1 -1 4 5 6 -1 -1 -1 -1 -1 -1 3 -1 -1 -1 -1 -1 -1 -1 -1 2 -1 -1 -1 -1 -1 31 16 -1 -1 -1 -1 -1 -1 -1 -1 -1 30 29 -1 -1 -1 -1 -1 -1 -1 -1 -1 -1 -1 -1 15 -1 0 -1 -1 -1 7 -1 -1 -1 -1 -1 -1 26 22 -1 -1 -1 -1 -1 -1 -1 -1 21 -1 -1 -1 -1 -1 -1 -1 20 -1 19 18 -1 -1 
-1 -1 1 -1 4 5 6 -1 -1 -1 -1 -1 -1 3 -1 -1 -1 -1 -1 -1 -1 -1 2 -1 -1 -1 -1 31 -1 16 -1 -1 -1 -1 -1 -1 -1 -1 -1 30 29 -1 -1 -1 -1 -1 -1 -1 -1 -1 -1 -1 -1 15 -1 0 -1 -1 -1 7 -1 -1 -1 -1 -1 -1 26 22 -1 -1 -1 -1 -1 -1 -1 -1 21 -1 -1 -1 -1 -1 -1 -1 20 -1 19 18 -1 -1 
-1 -1 1 -1 4 5 6 -1 -1 -1 -1 -1 -1 3 -1 -1 -1 -1 -1 -1 -1 -1 2 -1 -1 -1 -1 31 -1 16 -1 -1 -1 -1 -1 -1 -1 -1 -1 30 29 -1 -1 -1 -1 -1 -1 -1 -1 -1 -1 -1 -1 15 0 -1 -1 -1 -1 7 -1 -1 -1 -1 -1 -1 26 22 -1 -1 -1 -1 -1 -1 -1 -1 21 -1 -1 -1 -1 -1 -1 -1 20 -1 19 18 -1 -1 
-1 -1 1 -1 4 5 6 -1 -1 -1 -1 -1 -1 3 -1 -1 -1 -1 -1 -1 -1 -1 2 -1 -1 -1 -1 -1 31 16 -1 -1 -1 -1 -1 -1 -1 -1 -1 30 29 -1 -1 -1 -1 -1 -1 -1 -1 -1 -1 -1 -1 15 0 -1 -1 -1 -1 7 -1 -1 -1 -1 -1 -1 26 22 -1 -1 -1 -1 -1 -1 -1 -1 21 -1 -1 -1 -1 -1 -1 -1 20 -1 19 18 -1 -1 
-1 -1 1 -1 4 5 6 -1 -1 -1 -1 -1 -1 3 -1 -1 -1 -1 -1 -1 -1 -1 2 -1 -1 -1 -1 -1 31 16 -1 -1 -1 -1 -1 -1 -1 -1 -1 30 29 -1 -1 -1 -1 -1 -1 -1 -1 -1 -1 -1 -1 15 -1 0 -1 -1 -1 7 -1 -1 -1 -1 -1 -1 26 22 -1 -1 -1 -1 -1 -1 -1 -1 21 -1 -1 -1 -1 -1 -1 -1 20 -1 19 18 -1 -1 
