0 1 2 3 4 5 6 7 8 -1 -1 -1 -1 -1 -1 -1 -1 -1 -1 9 -1 -1 -1 -1 -1 10 -1 11 -1 12 -1 28 -1 14 -1 15 -1 -1 -1 -1 -1 -1 -1 -1 -1 -1 -1 30 -1 -1 -1 -1 -1 -1 -1 -1 -1 -1 29 -1 -1 -1 27 -1 26 -1 -1 -1 -1 -1 25 -1 -1 -1 -1 -1 -1 -1 -1 -1 -1 24 23 22 21 20 19 18 17 16 
0 1 2 3 4 5 6 7 8 -1 -1 -1 -1 -1 -1 -1 -1 -1 -1 -1 9 -1 -1 -1 -1 10 -1 11 -1 12 -1 28 -1 14 -1 15 -1 -1 -1 -1 -1 -1 -1 -1 -1 -1 -1 30 -1 -1 -1 -1 -1 -1 -1 -1 -1 -1 29 -1 -1 -1 27 -1 26 -1 -1 -1 -1 -1 25 -1 -1 -1 -1 -1 -1 -1 -1 -1 -1 24 23 22 21 20 19 18 17 16 
0 1 2 3 4 5 6 7 8 -1 -1 -1 -1 -1 -1 -1 -1 -1 -1 -1 9 -1 -1 -1 -1 10 -1 11 -1 12 -1 28 -1 14 -1 15 -1 -1 -1 -1 -1 -1 -1 -1 -1 -1 -1 30 -1 -1 -1 -1 -1 -1 -1 -1 -1 -1 29 -1 -1 -1 27 -1 26 -1 -1 25 -1 -1 -1 -1 -1 -1 -1 -1 -1 -1 -1 -1 -1 24 23 22 21 20 19 18 17 16 
0 1 -1 3 4 5 6 7 8 -1 -1 -1 -1 -1 -1 -1 -1 -1 -1 -1 9 -1 2 -1 -1 10 -1 11 -1 12 -1 28 -1 14 -1 15 -1 -1 -1 -1 -1 -1 -1 -1 -1 -1 -1 30 -1 -1 -1 -1 -1 -1 -1 -1 -1 -1 29 -1 -1 -1 27 -1 26 -1 -1 25 -1 -1 -1 -1 -1 -1 -1 -1 -1 -1 -1 -1 -1 24 23 22 21 20 19 18 17 16 
0 1 -1 3 4 5 6 7 8 -1 -1 -1 -1 -1 -1 -1 -1 -1 -1 -1 9 -1 2 -1 -1 10 -1 11 -1 12 -1 25 -1 14 -1 15 -1 -1 -1 -1 -1 -1 -1 -1 -1 -1 -1 30 -1 -1 -1 -1 -1 -1 -1 -1 -1 -1 29 -1 -1 -1 27 -1 26 -1 -1 -1 -1 -1 -1 -1 -1 -1 -1 -1 -1 -1 -1 -1 -1 24 23 22 21 20 19 18 17 16 
0 1 -1 -1 4 5 6 7 8 -1 -1 -1 -1 3 -1 -1 -1 -1 -1 -1 9 -1 2 -1 -1 10 -1 11 -1 12 -1 25 -1 14 -1 15 -1 -1 -1 -1 -1 -1 -1 -1 -1 -1 -1 30 -1 -1 -1 -1 -1 -1 -1 -1 -1 -1 29 -1 -1 -1 27 -1 26 -1 -1 -1 -1 -1 -1 -1 -1 -1 -1 -1 -1 -1 -1 -1 -1 24 23 22 21 20 19 18 17 16 
0 1 -1 -1 4 5 6 7 8 -1 -1 -1 -1 3 -1 -1 -1 -1 -1 -1 9 -1 2 -1 -1 10 -1 11 -1 12 -1 25 -1 14 -1 15 -1 -1 -1 -1 -1 -1 -1 -1 -1 -1 -1 30 -1 -1 -1 -1 -1 -1 -1 -1 -1 -1 29 -1 -1 -1 27 -1 26 -1 -1 22 -1 -1 -1 -1 -1 -1 -1 -1 -1 -1 -1 -1 -1 24 23 -1 21 20 19 18 17 16 
0 -1 -1 -1 4 5 6 7 8 -1 -1 -1 1 3 -1 -1 -1 -1 -1 -1 9 -1 2 -1 -1 10 -1 11 -1 12 -1 25 -1 14 -1 15 -1 -1 -1 -1 -1 -1 -1 -1 -1 -1 -1 30 -1 -1 -1 -1 -1 -1 -1 -1 -1 -1 29 -1 -1 -1 27 -1 26 -1 -1 22 -1 -1 -1 -1 -1 -1 -1 -1 -1 -1 -1 -1 -1 24 23 -1 21 20 19 18 17 16 
0 -1 -1 -1 4 5 6 7 8 -1 -1 -1 1 3 -1 -1 -1 -1 -1 -1 9 -1 2 -1 -1 10 -1 11 -1 12 -1 -1 -1 14 -1 15 -1 -1 -1 -1 25 -1 -1 -1 -1 -1 -1 30 -1 -1 -1 -1 -1 -1 -1 -1 -1 -1 29 -1 -1 -1 27 -1 26 -1 -1 22 -1 -1 -1 -1 -1 -1 -1 -1 -1 -1 -1 -1 -1 24 23 -1 21 20 19 18 17 16 
-1 0 -1 -1 4 5 6 7 8 -1 -1 -1 1 3 -1 -1 -1 -1 -1 -1 9 -1 2 -1 -1 10 -1 11 -1 12 -1 -1 -1 14 -1 15 -1 -1 -1 -1 25 -1 -1 -1 -1 -1 -1 30 -1 -1 -1 -1 -1 -1 -1 -1 -1 -1 29 -1 -1 -1 27 -1 26 -1 -1 22 -1 -1 -1 -1 -1 -1 -1 -1 -1 -1 -1 -1 -1 24 23 -1 21 20 19 18 17 16 
-1 0 -1 -1 4 5 6 7 8 -1 -1 -1 1 3 -1 -1 -1 -1 -1 -1 9 -1 2 -1 -1 10 -1 11 -1 12 -1 -1 -1 14 -1 15 -1 -1 -1 -1 25 -1 -1 -1 -1 -1 -1 30 -1 -1 -1 -1 -1 -1 -1 -1 -1 -1 29 -1 -1 -1 27 -1 26 -1 -1 22 -1 -1 -1 -1 -1 -1 -1 23 -1 -1 -1 -1 -1 24 -1 -1 21 20 19 18 17 16 
-1 0 -1 -1 4 5 6 7 -1 -1 -1 -1 1 3 -1 -1 -1 8 -1 -1 9 -1 2 -1 -1 10 -1 11 -1 12 -1 -1 -1 14 -1 15 -1 -1 -1 -1 25 -1 -1 -1 -1 -1 -1 30 -1 -1 -1 -1 -1 -1 -1 -1 -1 -1 29 -1 -1 -1 27 -1 26 -1 -1 22 -1 -1 -1 -1 -1 -1 -1 23 -1 -1 -1 -1 -1 24 -1 -1 21 20 19 18 17 16 
-1 0 -1 -1 4 5 6 7 -1 -1 -1 -1 1 3 -1 -1 -1 8 -1 -1 9 -1 2 -1 -1 10 -1 11 -1 12 -1 -1 -1 14 -1 15 -1 -1 -1 -1 25 -1 -1 -1 -1 -1 -1 30 -1 -1 -1 -1 -1 -1 -1 -1 -1 -1 29 -1 -1 -1 27 -1 26 -1 -1 22 -1 17 -1 -1 -1 -1 -1 23 -1 -1 -1 -1 -1 24 -1 -1 21 20 19 18 -1 16 
-1 0 -1 -1 4 5 6 7 -1 -1 -1 -1 1 3 8 -1 -1 -1 -1 -1 9 -1 2 -1 -1 10 -1 11 -1 12 -1 -1 -1 14 -1 15 -1 -1 -1 -1 25 -1 -1 -1 -1 -1 -1 30 -1 -1 -1 -1 -1 -1 -1 -1 -1 -1 29 -1 -1 -1 27 -1 26 -1 -1 22 -1 17 -1 -1 -1 -1 -1 23 -1 -1 -1 -1 -1 24 -1 -1 21 20 19 18 -1 16 
-1 0 -1 -1 4 5 6 7 -1 -1 -1 -1 1 3 8 -1 -1 -1 -1 -1 9 -1 2 -1 -1 10 -1 11 -1 12 -1 -1 -1 14 -1 15 -1 -1 -1 -1 25 -1 -1 -1 -1 -1 -1 30 -1 -1 -1 28 -1 -1 -1 -1 -1 -1 29 -1 -1 -1 27 -1 26 -1 -1 22 -1 17 -1 -1 -1 -1 -1 23 -1 -1 -1 -1 -1 24 -1 -1 21 20 19 18 -1 16 
-1 0 -1 -1 4 5 6 7 -1 -1 -1 -1 1 3 -1 -1 -1 -1 -1 -1 9 -1 2 -1 -1 10 -1 11 -1 12 -1 -1 -1 14 -1 15 -1 -1 -1 -1 25 -1 -1 -1 -1 -1 -1 30 -1 -1 -1 28 -1 -1 -1 -1 -1 -1 29 -1 -1 -1 27 -1 26 -1 -1 22 -1 17 -1 -1 -1 -1 -1 23 -1 8 -1 -1 -1 24 -1 -1 21 20 19 18 -1 16 
-1 0 -1 -1 4 5 6 7 -1 -1 -1 -1 1 3 -1 -1 -1 -1 -1 -1 9 -1 2 -1 -1 10 -1 11 -1 12 -1 -1 -1 14 -1 15 -1 -1 -1 -1 25 -1 -1 -1 -1 -1 -1 30 -1 -1 -1 28 -1 -1 -1 -1 -1 -1 29 -1 -1 -1 27 -1 26 -1 -1 22 -1 17 -1 -1 -1 -1 -1 23 21 8 -1 -1 -1 24 -1 -1 -1 20 19 18 -1 16 
-1 0 -1 -1 4 5 6 -1 -1 -1 -1 -1 1 3 -1 -1 -1 -1 -1 -1 9 -1 2 -1 7 10 -1 11 -1 12 -1 -1 -1 14 -1 15 -1 -1 -1 -1 25 -1 -1 -1 -1 -1 -1 30 -1 -1 -1 28 -1 -1 -1 -1 -1 -1 29 -1 -1 -1 27 -1 26 -1 -1 22 -1 17 -1 -1 -1 -1 -1 23 21 8 -1 -1 -1 24 -1 -1 -1 20 19 18 -1 16 
-1 0 -1 -1 4 5 6 -1 -1 -1 -1 -1 1 3 -1 -1 -1 -1 -1 -1 9 -1 2 -1 7 10 -1 11 -1 12 -1 -1 -1 14 -1 15 -1 -1 -1 -1 25 -1 -1 -1 -1 -1 -1 30 -1 29 -1 28 -1 -1 -1 -1 -1 -1 -1 -1 -1 -1 27 -1 26 -1 -1 22 -1 17 -1 -1 -1 -1 -1 23 21 8 -1 -1 -1 24 -1 -1 -1 20 19 18 -1 16 
-1 0 -1 -1 4 5 6 -1 -1 -1 -1 -1 1 3 -1 -1 -1 -1 -1 -1 9 -1 2 -1 -1 10 -1 11 -1 12 -1 7 -1 14 -1 15 -1 -1 -1 -1 25 -1 -1 -1 -1 -1 -1 30 -1 29 -1 28 -1 -1 -1 -1 -1 -1 -1 -1 -1 -1 27 -1 26 -1 -1 22 -1 17 -1 -1 -1 -1 -1 23 21 8 -1 -1 -1 24 -1 -1 -1 20 19 18 -1 16 
-1 0 -1 -1 4 5 6 -1 -1 -1 -1 -1 1 3 -1 -1 -1 -1 -1 -1 9 -1 2 -1 -1 10 -1 11 -1 12 -1 7 -1 14 -1 15 -1 -1 -1 -1 25 -1 -1 -1 -1 -1 -1 30 -1 29 -1 28 -1 -1 -1 -1 -1 -1 -1 -1 -1 -1 27 -1 -1 26 -1 22 -1 17 -1 -1 -1 -1 -1 23 21 8 -1 -1 -1 24 -1 -1 -1 20 19 18 -1 16 
-1 0 -1 -1 4 5 6 -1 -1 -1 -1 -1 1 3 -1 -1 -1 -1 -1 -1 9 -1 2 -1 -1 10 -1 11 -1 12 -1 7 -1 -1 -1 15 -1 -1 -1 -1 25 -1 14 -1 -1 -1 -1 30 -1 29 -1 28 -1 -1 -1 -1 -1 -1 -1 -1 -1 -1 27 -1 -1 26 -1 22 -1 17 -1 -1 -1 -1 -1 23 21 8 -1 -1 -1 24 -1 -1 -1 20 19 18 -1 16 
-1 0 -1 -1 4 5 6 -1 -1 -1 -1 -1 1 3 -1 -1 -1 -1 -1 -1 9 -1 2 -1 -1 10 -1 11 -1 12 -1 7 -1 -1 -1 15 -1 -1 -1 -1 25 -1 14 -1 -1 -1 -1 30 -1 29 -1 28 -1 -1 -1 -1 -1 -1 23 -1 -1 -1 27 -1 -1 26 -1 22 -1 17 -1 -1 -1 -1 -1 -1 21 8 -1 -1 -1 24 -1 -1 -1 20 19 18 -1 16 
-1 0 -1 -1 4 5 6 -1 -1 -1 -1 -1 1 3 -1 -1 -1 -1 -1 -1 9 -1 2 -1 -1 10 -1 11 -1 12 -1 7 -1 -1 -1 15 -1 -1 -1 -1 25 -1 -1 -1 -1 -1 -1 30 -1 29 -1 14 -1 -1 -1 -1 -1 -1 23 -1 -1 -1 27 -1 -1 26 -1 22 -1 17 -1 -1 -1 -1 -1 -1 21 8 -1 -1 -1 24 -1 -1 -1 20 19 18 -1 16 
-1 0 -1 -1 4 5 6 -1 -1 -1 -1 -1 1 3 -1 -1 -1 -1 -1 -1 9 -1 2 -1 -1 10 -1 11 -1 12 -1 7 -1 -1 -1 15 -1 -1 -1 -1 25 -1 -1 -1 -1 -1 -1 30 -1 29 -1 22 -1 -1 -1 -1 -1 -1 23 -1 -1 -1 27 -1 -1 26 -1 -1 -1 17 -1 -1 -1 -1 -1 -1 21 8 -1 -1 -1 24 -1 -1 -1 20 19 18 -1 16 
-1 0 -1 -1 4 5 6 -1 -1 -1 -1 -1 1 3 -1 -1 -1 -1 -1 -1 9 -1 2 -1 -1 10 -1 11 -1 12 -1 7 -1 -1 -1 15 -1 -1 -1 -1 25 -1 -1 -1 -1 -1 -1 30 -1 29 -1 22 -1 -1 -1 -1 -1 -1 23 -1 -1 -1 27 -1 -1 26 -1 -1 -1 17 -1 -1 -1 -1 -1 -1 21 -1 -1 8 -1 24 -1 -1 -1 20 19 18 -1 16 
-1 0 -1 -1 4 5 6 -1 -1 -1 -1 -1 1 3 -1 -1 -1 -1 -1 -1 9 -1 2 -1 -1 10 -1 11 -1 12 -1 7 -1 -1 -1 15 -1 -1 -1 -1 25 -1 -1 -1 -1 -1 -1 30 -1 29 -1 22 -1 -1 -1 -1 -1 -1 23 -1 -1 -1 27 -1 -1 26 -1 -1 -1 17 -1 -1 -1 -1 -1 -1 21 -1 -1 8 -1 -1 -1 -1 24 20 19 18 -1 16 
-1 -1 -1 -1 4 5 6 -1 -1 -1 0 -1 1 3 -1 -1 -1 -1 -1 -1 9 -1 2 -1 -1 10 -1 11 -1 12 -1 7 -1 -1 -1 15 -1 -1 -1 -1 25 -1 -1 -1 -1 -1 -1 30 -1 29 -1 22 -1 -1 -1 -1 -1 -1 23 -1 -1 -1 27 -1 -1 26 -1 -1 -1 17 -1 -1 -1 -1 -1 -1 21 -1 -1 8 -1 -1 -1 -1 24 20 19 18 -1 16 
-1 -1 -1 -1 4 5 6 -1 -1 -1 0 -1 1 3 -1 -1 -1 -1 -1 -1 9 -1 2 -1 -1 10 -1 11 -1 12 -1 7 -1 -1 -1 15 -1 -1 -1 -1 -1 25 -1 -1 -1 -1 -1 30 -1 29 -1 22 -1 -1 -1 -1 -1 -1 23 -1 -1 -1 27 -1 -1 26 -1 -1 -1 17 -1 -1 -1 -1 -1 -1 21 -1 -1 8 -1 -1 -1 -1 24 20 19 18 -1 16 
-1 -1 9 -1 4 5 6 -1 -1 -1 0 -1 1 3 -1 -1 -1 -1 -1 -1 -1 -1 2 -1 -1 10 -1 11 -1 12 -1 7 -1 -1 -1 15 -1 -1 -1 -1 -1 25 -1 -1 -1 -1 -1 30 -1 29 -1 22 -1 -1 -1 -1 -1 -1 23 -1 -1 -1 27 -1 -1 26 -1 -1 -1 17 -1 -1 -1 -1 -1 -1 21 -1 -1 8 -1 -1 -1 -1 24 20 19 18 -1 16 
-1 -1 9 -1 4 5 6 -1 -1 -1 0 -1 1 3 -1 -1 -1 -1 -1 -1 -1 -1 2 -1 -1 10 -1 11 -1 12 -1 7 -1 -1 -1 15 -1 -1 -1 -1 29 25 -1 -1 -1 -1 -1 30 -1 -1 -1 22 -1 -1 -1 -1 -1 -1 23 -1 -1 -1 27 -1 -1 26 -1 -1 -1 17 -1 -1 -1 -1 -1 -1 21 -1 -1 8 -1 -1 -1 -1 24 20 19 18 -1 16 
-1 -1 9 -1 4 5 6 -1 -1 -1 0 -1 1 3 -1 -1 -1 -1 -1 -1 -1 -1 2 -1 -1 10 -1 11 -1 12 -1 -1 -1 -1 -1 15 -1 -1 -1 -1 29 25 7 -1 -1 -1 -1 30 -1 -1 -1 22 -1 -1 -1 -1 -1 -1 23 -1 -1 -1 27 -1 -1 26 -1 -1 -1 17 -1 -1 -1 -1 -1 -1 21 -1 -1 8 -1 -1 -1 -1 24 20 19 18 -1 16 
-1 -1 9 -1 4 5 6 -1 -1 -1 0 -1 1 3 25 -1 -1 -1 -1 -1 -1 -1 2 -1 -1 10 -1 11 -1 12 -1 -1 -1 -1 -1 15 -1 -1 -1 -1 29 -1 7 -1 -1 -1 -1 30 -1 -1 -1 22 -1 -1 -1 -1 -1 -1 23 -1 -1 -1 27 -1 -1 26 -1 -1 -1 17 -1 -1 -1 -1 -1 -1 21 -1 -1 8 -1 -1 -1 -1 24 20 19 18 -1 16 
-1 -1 9 -1 4 5 6 -1 -1 -1 0 -1 1 3 25 -1 10 -1 -1 -1 -1 -1 2 -1 -1 -1 -1 11 -1 12 -1 -1 -1 -1 -1 15 -1 -1 -1 -1 29 -1 7 -1 -1 -1 -1 30 -1 -1 -1 22 -1 -1 -1 -1 -1 -1 23 -1 -1 -1 27 -1 -1 26 -1 -1 -1 17 -1 -1 -1 -1 -1 -1 21 -1 -1 8 -1 -1 -1 -1 24 20 19 18 -1 16 
-1 -1 9 -1 4 5 6 -1 -1 -1 0 -1 1 3 25 -1 10 -1 -1 -1 -1 -1 2 -1 -1 -1 -1 11 -1 12 -1 -1 -1 -1 -1 15 -1 -1 -1 -1 29 -1 7 -1 -1 -1 -1 30 -1 -1 -1 22 -1 -1 -1 -1 -1 -1 23 -1 -1 -1 27 -1 -1 -1 -1 26 -1 17 -1 -1 -1 -1 -1 -1 21 -1 -1 8 -1 -1 -1 -1 24 20 19 18 -1 16 
-1 -1 9 -1 4 5 6 -1 -1 -1 0 -1 1 3 25 -1 10 -1 -1 -1 -1 -1 2 -1 -1 7 -1 11 -1 12 -1 -1 -1 -1 -1 15 -1 -1 -1 -1 29 -1 -1 -1 -1 -1 -1 30 -1 -1 -1 22 -1 -1 -1 -1 -1 -1 23 -1 -1 -1 27 -1 -1 -1 -1 26 -1 17 -1 -1 -1 -1 -1 -1 21 -1 -1 8 -1 -1 -1 -1 24 20 19 18 -1 16 
-1 -1 9 -1 4 5 6 -1 -1 -1 0 -1 1 3 -1 25 10 -1 -1 -1 -1 -1 2 -1 -1 7 -1 11 -1 12 -1 -1 -1 -1 -1 15 -1 -1 -1 -1 29 -1 -1 -1 -1 -1 -1 30 -1 -1 -1 22 -1 -1 -1 -1 -1 -1 23 -1 -1 -1 27 -1 -1 -1 -1 26 -1 17 -1 -1 -1 -1 -1 -1 21 -1 -1 8 -1 -1 -1 -1 24 20 19 18 -1 16 
-1 -1 9 -1 4 5 6 -1 -1 -1 -1 0 1 3 -1 25 10 -1 -1 -1 -1 -1 2 -1 -1 7 -1 11 -1 12 -1 -1 -1 -1 -1 15 -1 -1 -1 -1 29 -1 -1 -1 -1 -1 -1 30 -1 -1 -1 22 -1 -1 -1 -1 -1 -1 23 -1 -1 -1 27 -1 -1 -1 -1 26 -1 17 -1 -1 -1 -1 -1 -1 21 -1 -1 8 -1 -1 -1 -1 24 20 19 18 -1 16 
-1 -1 9 -1 4 5 6 -1 -1 -1 -1 0 1 3 -1 25 10 -1 -1 -1 -1 -1 2 -1 -1 7 -1 11 -1 12 -1 -1 -1 -1 -1 15 -1 -1 -1 -1 29 -1 -1 -1 -1 -1 -1 30 -1 -1 -1 22 -1 -1 -1 -1 -1 -1 23 -1 -1 -1 27 -1 -1 -1 -1 26 -1 17 -1 -1 -1 -1 -1 24 21 -1 -1 8 -1 -1 -1 -1 -1 20 19 18 -1 16 
-1 -1 9 -1 4 5 6 -1 -1 -1 0 -1 1 3 -1 25 10 -1 -1 -1 -1 -1 2 -1 -1 7 -1 11 -1 12 -1 -1 -1 -1 -1 15 -1 -1 -1 -1 29 -1 -1 -1 -1 -1 -1 30 -1 -1 -1 22 -1 -1 -1 -1 -1 -1 23 -1 -1 -1 27 -1 -1 -1 -1 26 -1 17 -1 -1 -1 -1 -1 24 21 -1 -1 8 -1 -1 -1 -1 -1 20 19 18 -1 16 
-1 -1 9 -1 4 5 6 -1 -1 -1 0 -1 1 3 -1 25 10 -1 -1 -1 -1 -1 2 -1 -1 7 -1 11 -1 12 -1 -1 -1 -1 -1 15 -1 -1 -1 -1 29 -1 -1 -1 -1 -1 -1 30 -1 -1 -1 22 -1 -1 -1 -1 -1 -1 23 -1 -1 -1 27 -1 -1 -1 -1 26 -1 17 -1 -1 -1 -1 -1 -1 21 -1 -1 8 -1 -1 -1 -1 24 20 19 18 -1 16 
-1 -1 -1 9 4 5 6 -1 -1 -1 0 -1 1 3 -1 25 10 -1 -1 -1 -1 -1 2 -1 -1 7 -1 11 -1 12 -1 -1 -1 -1 -1 15 -1 -1 -1 -1 29 -1 -1 -1 -1 -1 -1 30 -1 -1 -1 22 -1 -1 -1 -1 -1 -1 23 -1 -1 -1 27 -1 -1 -1 -1 26 -1 17 -1 -1 -1 -1 -1 -1 21 -1 -1 8 -1 -1 -1 -1 24 20 19 18 -1 16 
-1 -1 -1 9 4 5 6 -1 -1 -1 0 -1 1 3 -1 25 10 -1 -1 -1 -1 -1 2 -1 -1 7 -1 11 -1 12 -1 -1 -1 -1 -1 15 -1 -1 -1 -1 29 -1 -1 -1 -1 -1 -1 30 -1 -1 -1 22 -1 -1 -1 -1 -1 -1 23 -1 -1 -1 27 -1 -1 -1 -1 26 -1 17 -1 -1 -1 -1 -1 -1 21 -1 -1 8 -1 -1 -1 24 -1 20 19 18 -1 16 
-1 -1 -1 9 4 5 6 -1 -1 -1 -1 -1 1 3 -1 25 10 -1 -1 -1 -1 -1 2 -1 -1 7 -1 11 -1 12 -1 -1 -1 -1 -1 15 -1 0 -1 -1 29 -1 -1 -1 -1 -1 -1 30 -1 -1 -1 22 -1 -1 -1 -1 -1 -1 23 -1 -1 -1 27 -1 -1 -1 -1 26 -1 17 -1 -1 -1 -1 -1 -1 21 -1 -1 8 -1 -1 -1 24 -1 20 19 18 -1 16 
-1 -1 -1 9 4 5 6 -1 -1 -1 -1 -1 1 3 -1 25 10 -1 -1 -1 -1 -1 2 -1 -1 7 -1 11 -1 12 -1 -1 -1 -1 -1 15 -1 0 -1 -1 29 -1 -1 -1 -1 -1 -1 30 -1 -1 -1 22 -1 -1 -1 -1 -1 -1 23 -1 -1 -1 27 -1 -1 -1 -1 26 -1 17 -1 -1 -1 -1 -1 -1 21 -1 -1 8 16 -1 -1 24 -1 20 19 18 -1 -1 
-1 -1 -1 9 4 5 6 -1 -1 -1 -1 -1 1 3 -1 25 10 -1 -1 -1 -1 -1 2 -1 -1 7 -1 11 -1 12 -1 -1 -1 -1 -1 15 -1 0 -1 -1 29 -1 -1 -1 -1 -1 -1 30 -1 -1 -1 22 -1 -1 -1 -1 -1 -1 23 -1 -1 -1 27 -1 -1 -1 -1 26 -1 17 -1 -1 -1 -1 -1 -1 21 -1 -1 -1 8 -1 -1 24 -1 20 19 18 -1 -1 
-1 -1 -1 9 4 5 6 -1 -1 -1 -1 -1 1 3 -1 25 10 -1 -1 -1 -1 -1 2 -1 -1 7 -1 11 -1 12 -1 -1 -1 -1 -1 15 -1 0 -1 -1 29 -1 -1 -1 -1 -1 -1 30 -1 -1 -1 22 -1 -1 -1 -1 -1 -1 23 -1 -1 -1 27 -1 -1 -1 -1 26 -1 -1 -1 -1 -1 -1 -1 -1 21 -1 -1 -1 17 -1 -1 24 -1 20 19 18 -1 -1 
-1 -1 -1 9 4 5 6 -1 -1 -1 -1 -1 -1 3 -1 25 10 -1 -1 1 -1 -1 2 -1 -1 7 -1 11 -1 12 -1 -1 -1 -1 -1 15 -1 0 -1 -1 29 -1 -1 -1 -1 -1 -1 30 -1 -1 -1 22 -1 -1 -1 -1 -1 -1 23 -1 -1 -1 27 -1 -1 -1 -1 26 -1 -1 -1 -1 -1 -1 -1 -1 21 -1 -1 -1 17 -1 -1 24 -1 20 19 18 -1 -1 
-1 -1 -1 9 4 5 6 -1 -1 -1 -1 -1 -1 3 -1 25 10 -1 -1 1 -1 -1 2 -1 -1 7 -1 11 -1 12 -1 29 -1 -1 -1 15 -1 0 -1 -1 -1 -1 -1 -1 -1 -1 -1 30 -1 -1 -1 22 -1 -1 -1 -1 -1 -1 23 -1 -1 -1 27 -1 -1 -1 -1 26 -1 -1 -1 -1 -1 -1 -1 -1 21 -1 -1 -1 17 -1 -1 24 -1 20 19 18 -1 -1 
-1 -1 -1 -1 4 5 6 -1 -1 -1 -1 -1 9 3 -1 25 10 -1 -1 1 -1 -1 2 -1 -1 7 -1 11 -1 12 -1 29 -1 -1 -1 15 -1 0 -1 -1 -1 -1 -1 -1 -1 -1 -1 30 -1 -1 -1 22 -1 -1 -1 -1 -1 -1 23 -1 -1 -1 27 -1 -1 -1 -1 26 -1 -1 -1 -1 -1 -1 -1 -1 21 -1 -1 -1 17 -1 -1 24 -1 20 19 18 -1 -1 
-1 -1 -1 -1 4 5 6 -1 -1 -1 -1 -1 9 3 -1 -1 10 -1 -1 1 -1 -1 2 -1 25 7 -1 11 -1 12 -1 29 -1 -1 -1 15 -1 0 -1 -1 -1 -1 -1 -1 -1 -1 -1 30 -1 -1 -1 22 -1 -1 -1 -1 -1 -1 23 -1 -1 -1 27 -1 -1 -1 -1 26 -1 -1 -1 -1 -1 -1 -1 -1 21 -1 -1 -1 17 -1 -1 24 -1 20 19 18 -1 -1 
-1 -1 -1 -1 4 5 6 -1 -1 -1 -1 -1 -1 3 -1 -1 10 -1 -1 1 -1 9 2 -1 25 7 -1 11 -1 12 -1 29 -1 -1 -1 15 -1 0 -1 -1 -1 -1 -1 -1 -1 -1 -1 30 -1 -1 -1 22 -1 -1 -1 -1 -1 -1 23 -1 -1 -1 27 -1 -1 -1 -1 26 -1 -1 -1 -1 -1 -1 -1 -1 21 -1 -1 -1 17 -1 -1 24 -1 20 19 18 -1 -1 
-1 -1 -1 -1 4 5 6 -1 -1 -1 -1 -1 -1 3 -1 -1 10 -1 -1 1 -1 25 2 -1 -1 7 -1 11 -1 12 -1 29 -1 -1 -1 15 -1 0 -1 -1 -1 -1 -1 -1 -1 -1 -1 30 -1 -1 -1 22 -1 -1 -1 -1 -1 -1 23 -1 -1 -1 27 -1 -1 -1 -1 26 -1 -1 -1 -1 -1 -1 -1 -1 21 -1 -1 -1 17 -1 -1 24 -1 20 19 18 -1 -1 
-1 -1 -1 -1 4 5 6 -1 -1 -1 -1 -1 -1 -1 -1 -1 10 -1 -1 1 -1 3 2 -1 -1 7 -1 11 -1 12 -1 29 -1 -1 -1 15 -1 0 -1 -1 -1 -1 -1 -1 -1 -1 -1 30 -1 -1 -1 22 -1 -1 -1 -1 -1 -1 23 -1 -1 -1 27 -1 -1 -1 -1 26 -1 -1 -1 -1 -1 -1 -1 -1 21 -1 -1 -1 17 -1 -1 24 -1 20 19 18 -1 -1 
-1 -1 -1 -1 4 5 6 -1 -1 -1 -1 -1 -1 -1 -1 -1 10 -1 -1 1 -1 3 2 -1 -1 7 -1 11 -1 12 -1 29 -1 -1 -1 15 -1 0 -1 -1 -1 -1 -1 -1 -1 -1 -1 30 -1 -1 -1 22 -1 -1 -1 -1 -1 -1 23 -1 -1 -1 27 -1 -1 -1 -1 26 -1 17 -1 -1 -1 -1 -1 -1 21 -1 -1 -1 -1 -1 -1 24 -1 20 19 18 -1 -1 
-1 -1 -1 -1 4 5 6 -1 -1 -1 -1 -1 10 -1 -1 -1 -1 -1 -1 1 -1 3 2 -1 -1 7 -1 11 -1 12 -1 29 -1 -1 -1 15 -1 0 -1 -1 -1 -1 -1 -1 -1 -1 -1 30 -1 -1 -1 22 -1 -1 -1 -1 -1 -1 23 -1 -1 -1 27 -1 -1 -1 -1 26 -1 17 -1 -1 -1 -1 -1 -1 21 -1 -1 -1 -1 -1 -1 24 -1 20 19 18 -1 -1 
-1 -1 -1 -1 4 5 6 -1 -1 -1 -1 -1 10 -1 -1 -1 -1 -1 -1 1 -1 3 2 -1 -1 7 -1 11 -1 12 -1 29 -1 -1 -1 15 -1 0 -1 -1 -1 -1 -1 -1 -1 -1 -1 30 -1 -1 -1 22 -1 -1 -1 -1 -1 -1 23 -1 -1 -1 27 -1 -1 -1 -1 26 -1 17 -1 -1 -1 -1 -1 -1 -1 -1 -1 -1 -1 -1 -1 24 21 20 19 18 -1 -1 
-1 -1 -1 -1 4 5 6 -1 -1 -1 -1 -1 10 -1 -1 -1 -1 -1 -1 1 -1 3 2 -1 -1 -1 -1 11 -1 12 -1 29 -1 -1 -1 15 -1 0 -1 -1 -1 -1 7 -1 -1 -1 -1 30 -1 -1 -1 22 -1 -1 -1 -1 -1 -1 23 -1 -1 -1 27 -1 -1 -1 -1 26 -1 17 -1 -1 -1 -1 -1 -1 -1 -1 -1 -1 -1 -1 -1 24 21 20 19 18 -1 -1 
-1 -1 -1 -1 4 5 6 -1 -1 -1 -1 -1 10 -1 -1 -1 -1 -1 -1 1 -1 3 2 -1 -1 -1 -1 11 -1 12 -1 29 -1 -1 -1 15 -1 0 -1 -1 -1 -1 7 -1 -1 -1 -1 30 -1 -1 -1 22 -1 -1 -1 -1 24 -1 23 -1 -1 -1 27 -1 -1 -1 -1 26 -1 17 -1 -1 -1 -1 -1 -1 -1 -1 -1 -1 -1 -1 -1 -1 21 20 19 18 -1 -1 
-1 -1 -1 -1 4 -1 6 -1 -1 -1 -1 -1 10 5 -1 -1 -1 -1 -1 1 -1 3 2 -1 -1 -1 -1 11 -1 12 -1 29 -1 -1 -1 15 -1 0 -1 -1 -1 -1 7 -1 -1 -1 -1 30 -1 -1 -1 22 -1 -1 -1 -1 24 -1 23 -1 -1 -1 27 -1 -1 -1 -1 26 -1 17 -1 -1 -1 -1 -1 -1 -1 -1 -1 -1 -1 -1 -1 -1 21 20 19 18 -1 -1 
-1 -1 -1 -1 4 -1 6 -1 -1 -1 -1 -1 10 5 -1 -1 -1 -1 -1 1 -1 3 2 -1 -1 -1 -1 11 -1 12 -1 29 -1 -1 -1 15 -1 0 -1 -1 -1 -1 7 -1 -1 -1 -1 30 -1 -1 -1 22 -1 -1 -1 -1 24 -1 23 -1 -1 -1 27 -1 -1 -1 -1 26 -1 17 -1 -1 -1 -1 -1 -1 19 -1 -1 -1 -1 -1 -1 -1 21 20 -1 18 -1 -1 
-1 -1 -1 -1 4 -1 6 -1 -1 -1 -1 -1 10 5 -1 -1 -1 -1 -1 9 -1 -1 2 -1 -1 -1 -1 11 -1 12 -1 29 -1 -1 -1 15 -1 0 -1 -1 -1 -1 7 -1 -1 -1 -1 30 -1 -1 -1 22 -1 -1 -1 -1 24 -1 23 -1 -1 -1 27 -1 -1 -1 -1 26 -1 17 -1 -1 -1 -1 -1 -1 19 -1 -1 -1 -1 -1 -1 -1 21 20 -1 18 -1 -1 
-1 -1 -1 -1 4 -1 6 -1 -1 -1 -1 -1 10 5 -1 -1 -1 -1 -1 9 -1 -1 2 -1 -1 -1 -1 11 -1 12 -1 29 -1 -1 -1 15 -1 0 -1 -1 -1 -1 7 -1 -1 -1 -1 30 -1 -1 -1 22 -1 -1 -1 -1 -1 24 23 -1 -1 -1 27 -1 -1 -1 -1 26 -1 17 -1 -1 -1 -1 -1 -1 19 -1 -1 -1 -1 -1 -1 -1 21 20 -1 18 -1 -1 
-1 -1 -1 -1 4 -1 6 -1 -1 -1 -1 -1 10 5 -1 -1 -1 -1 -1 -1 -1 9 2 -1 -1 -1 -1 11 -1 12 -1 29 -1 -1 -1 15 -1 0 -1 -1 -1 -1 7 -1 -1 -1 -1 30 -1 -1 -1 22 -1 -1 -1 -1 -1 24 23 -1 -1 -1 27 -1 -1 -1 -1 26 -1 17 -1 -1 -1 -1 -1 -1 19 -1 -1 -1 -1 -1 -1 -1 21 20 -1 18 -1 -1 
-1 -1 -1 -1 4 -1 6 -1 -1 -1 -1 -1 10 5 -1 -1 -1 -1 -1 -1 -1 9 2 -1 -1 -1 -1 11 -1 12 -1 29 -1 -1 -1 15 -1 0 -1 -1 -1 -1 7 -1 -1 -1 -1 30 -1 -1 -1 22 -1 -1 -1 -1 24 -1 23 -1 -1 -1 27 -1 -1 -1 -1 26 -1 17 -1 -1 -1 -1 -1 -1 19 -1 -1 -1 -1 -1 -1 -1 21 20 -1 18 -1 -1 
-1 -1 -1 -1 4 -1 6 -1 -1 -1 -1 -1 10 5 -1 -1 -1 -1 -1 9 -1 -1 2 -1 -1 -1 -1 11 -1 12 -1 29 -1 -1 -1 15 -1 0 -1 -1 -1 -1 7 -1 -1 -1 -1 30 -1 -1 -1 22 -1 -1 -1 -1 24 -1 23 -1 -1 -1 27 -1 -1 -1 -1 26 -1 17 -1 -1 -1 -1 -1 -1 19 -1 -1 -1 -1 -1 -1 -1 21 20 -1 18 -1 -1 
-1 -1 -1 -1 4 -1 6 -1 -1 -1 -1 -1 10 5 -1 -1 -1 -1 -1 9 -1 -1 2 -1 -1 -1 -1 11 -1 12 -1 29 -1 -1 -1 15 -1 0 -1 -1 -1 -1 7 -1 -1 -1 -1 30 -1 -1 -1 22 -1 -1 -1 -1 24 -1 23 -1 -1 -1 27 -1 -1 -1 -1 26 -1 17 -1 -1 -1 -1 -1 -1 19 -1 -1 -1 -1 -1 -1 -1 21 -1 20 18 -1 -1 
-1 -1 -1 4 -1 -1 6 -1 -1 -1 -1 -1 10 5 -1 -1 -1 -1 -1 9 -1 -1 2 -1 -1 -1 -1 11 -1 12 -1 29 -1 -1 -1 15 -1 0 -1 -1 -1 -1 7 -1 -1 -1 -1 30 -1 -1 -1 22 -1 -1 -1 -1 24 -1 23 -1 -1 -1 27 -1 -1 -1 -1 26 -1 17 -1 -1 -1 -1 -1 -1 19 -1 -1 -1 -1 -1 -1 -1 21 -1 20 18 -1 -1 
-1 -1 -1 4 -1 -1 6 -1 -1 -1 -1 -1 10 5 -1 -1 -1 -1 -1 9 -1 -1 2 -1 -1 -1 -1 11 -1 12 -1 29 -1 -1 -1 15 -1 0 -1 -1 -1 -1 7 -1 -1 -1 -1 30 -1 -1 -1 22 -1 -1 -1 -1 -1 -1 23 -1 -1 -1 27 -1 -1 24 -1 26 -1 17 -1 -1 -1 -1 -1 -1 19 -1 -1 -1 -1 -1 -1 -1 21 -1 20 18 -1 -1 
-1 -1 -1 4 -1 -1 6 -1 -1 -1 -1 -1 10 5 -1 -1 -1 -1 -1 9 -1 -1 2 -1 -1 -1 -1 11 -1 12 -1 29 -1 -1 -1 15 -1 -1 -1 -1 -1 -1 7 -1 -1 -1 -1 30 -1 -1 -1 22 -1 -1 -1 0 -1 -1 23 -1 -1 -1 27 -1 -1 24 -1 26 -1 17 -1 -1 -1 -1 -1 -1 19 -1 -1 -1 -1 -1 -1 -1 21 -1 20 18 -1 -1 
-1 -1 -1 4 -1 -1 6 -1 -1 -1 -1 -1 10 5 -1 -1 -1 -1 -1 9 -1 -1 29 -1 -1 -1 -1 11 -1 12 -1 -1 -1 -1 -1 15 -1 -1 -1 -1 -1 -1 7 -1 -1 -1 -1 30 -1 -1 -1 22 -1 -1 -1 0 -1 -1 23 -1 -1 -1 27 -1 -1 24 -1 26 -1 17 -1 -1 -1 -1 -1 -1 19 -1 -1 -1 -1 -1 -1 -1 21 -1 20 18 -1 -1 
-1 -1 -1 4 -1 -1 -1 -1 -1 -1 -1 -1 10 5 -1 -1 -1 -1 -1 9 -1 -1 6 -1 -1 -1 -1 11 -1 12 -1 -1 -1 -1 -1 15 -1 -1 -1 -1 -1 -1 7 -1 -1 -1 -1 30 -1 -1 -1 22 -1 -1 -1 0 -1 -1 23 -1 -1 -1 27 -1 -1 24 -1 26 -1 17 -1 -1 -1 -1 -1 -1 19 -1 -1 -1 -1 -1 -1 -1 21 -1 20 18 -1 -1 
-1 -1 -1 4 -1 -1 -1 -1 -1 -1 -1 -1 10 5 -1 -1 -1 -1 -1 9 -1 -1 26 -1 -1 -1 -1 11 -1 12 -1 -1 -1 -1 -1 15 -1 -1 -1 -1 -1 -1 7 -1 -1 -1 -1 30 -1 -1 -1 22 -1 -1 -1 0 -1 -1 23 -1 -1 -1 27 -1 -1 24 -1 -1 -1 17 -1 -1 -1 -1 -1 -1 19 -1 -1 -1 -1 -1 -1 -1 21 -1 20 18 -1 -1 
-1 -1 -1 4 -1 -1 -1 -1 -1 -1 -1 -1 10 5 -1 -1 -1 -1 -1 9 -1 -1 26 -1 -1 -1 -1 11 -1 12 -1 -1 -1 -1 -1 15 -1 -1 -1 -1 -1 -1 -1 -1 -1 -1 -1 30 -1 7 -1 22 -1 -1 -1 0 -1 -1 23 -1 -1 -1 27 -1 -1 24 -1 -1 -1 17 -1 -1 -1 -1 -1 -1 19 -1 -1 -1 -1 -1 -1 -1 21 -1 20 18 -1 -1 
-1 -1 -1 4 -1 -1 -1 -1 -1 -1 -1 -1 10 5 -1 -1 -1 -1 -1 26 -1 -1 -1 -1 -1 -1 -1 11 -1 12 -1 -1 -1 -1 -1 15 -1 -1 -1 -1 -1 -1 -1 -1 -1 -1 -1 30 -1 7 -1 22 -1 -1 -1 0 -1 -1 23 -1 -1 -1 27 -1 -1 24 -1 -1 -1 17 -1 -1 -1 -1 -1 -1 19 -1 -1 -1 -1 -1 -1 -1 21 -1 20 18 -1 -1 
-1 -1 -1 4 -1 -1 -1 -1 -1 -1 -1 -1 10 5 -1 -1 -1 -1 -1 0 -1 -1 -1 -1 -1 -1 -1 11 -1 12 -1 -1 -1 -1 -1 15 -1 -1 -1 -1 -1 -1 -1 -1 -1 -1 -1 30 -1 7 -1 22 -1 -1 -1 -1 -1 -1 23 -1 -1 -1 27 -1 -1 24 -1 -1 -1 17 -1 -1 -1 -1 -1 -1 19 -1 -1 -1 -1 -1 -1 -1 21 -1 20 18 -1 -1 
-1 -1 -1 4 -1 -1 -1 -1 -1 -1 -1 -1 10 5 -1 -1 -1 -1 -1 0 -1 -1 -1 -1 -1 -1 -1 11 -1 12 -1 -1 -1 -1 -1 15 -1 -1 -1 -1 -1 -1 -1 -1 -1 -1 -1 30 -1 7 -1 22 -1 -1 -1 -1 -1 -1 23 -1 -1 -1 27 -1 -1 -1 -1 -1 24 17 -1 -1 -1 -1 -1 -1 19 -1 -1 -1 -1 -1 -1 -1 21 -1 20 18 -1 -1 
-1 -1 -1 4 -1 -1 -1 -1 -1 -1 -1 -1 10 5 -1 -1 -1 -1 -1 -1 -1 -1 -1 -1 -1 -1 -1 11 -1 12 -1 -1 -1 -1 -1 15 -1 -1 -1 -1 -1 -1 -1 -1 -1 -1 -1 30 -1 7 -1 22 -1 -1 -1 0 -1 -1 23 -1 -1 -1 27 -1 -1 -1 -1 -1 24 17 -1 -1 -1 -1 -1 -1 19 -1 -1 -1 -1 -1 -1 -1 21 -1 20 18 -1 -1 
-1 -1 -1 4 -1 -1 -1 -1 -1 -1 -1 -1 10 5 -1 -1 -1 -1 -1 -1 -1 -1 -1 -1 -1 -1 -1 11 -1 12 -1 -1 -1 -1 -1 15 -1 -1 -1 -1 -1 24 -1 -1 -1 -1 -1 30 -1 7 -1 22 -1 -1 -1 0 -1 -1 23 -1 -1 -1 27 -1 -1 -1 -1 -1 -1 17 -1 -1 -1 -1 -1 -1 19 -1 -1 -1 -1 -1 -1 -1 21 -1 20 18 -1 -1 
-1 -1 -1 4 -1 -1 -1 -1 -1 -1 -1 -1 10 5 -1 -1 -1 -1 9 -1 -1 -1 -1 -1 -1 -1 -1 11 -1 12 -1 -1 -1 -1 -1 15 -1 -1 -1 -1 -1 24 -1 -1 -1 -1 -1 30 -1 7 -1 22 -1 -1 -1 0 -1 -1 23 -1 -1 -1 27 -1 -1 -1 -1 -1 -1 17 -1 -1 -1 -1 -1 -1 19 -1 -1 -1 -1 -1 -1 -1 21 -1 20 18 -1 -1 
-1 -1 -1 4 -1 -1 -1 -1 -1 -1 -1 -1 10 5 -1 -1 -1 -1 9 -1 -1 -1 -1 -1 -1 -1 -1 11 -1 12 -1 -1 -1 -1 -1 15 -1 -1 -1 -1 24 -1 -1 -1 -1 -1 -1 30 -1 7 -1 22 -1 -1 -1 0 -1 -1 23 -1 -1 -1 27 -1 -1 -1 -1 -1 -1 17 -1 -1 -1 -1 -1 -1 19 -1 -1 -1 -1 -1 -1 -1 21 -1 20 18 -1 -1 
-1 -1 -1 4 -1 -1 -1 -1 -1 -1 -1 -1 10 5 -1 -1 -1 -1 9 -1 -1 -1 -1 -1 -1 -1 -1 11 -1 12 -1 -1 -1 -1 -1 15 -1 -1 -1 -1 24 -1 -1 -1 -1 -1 -1 30 -1 -1 -1 22 -1 -1 -1 0 -1 -1 23 -1 7 -1 27 -1 -1 -1 -1 -1 -1 17 -1 -1 -1 -1 -1 -1 19 -1 -1 -1 -1 -1 -1 -1 21 -1 20 18 -1 -1 
-1 -1 -1 4 -1 -1 -1 -1 -1 -1 -1 -1 10 5 -1 -1 -1 -1 9 -1 -1 -1 -1 -1 -1 -1 -1 11 -1 12 -1 -1 -1 -1 -1 15 -1 -1 -1 -1 24 -1 -1 -1 -1 -1 -1 30 -1 -1 -1 22 -1 -1 -1 0 -1 -1 23 -1 7 -1 27 -1 -1 -1 -1 -1 -1 17 -1 -1 -1 -1 -1 -1 19 -1 -1 -1 -1 -1 -1 -1 21 -1 20 -1 -1 -1 
-1 -1 -1 4 -1 -1 -1 -1 -1 -1 -1 -1 10 5 -1 -1 -1 -1 -1 -1 -1 -1 -1 -1 -1 -1 -1 11 -1 12 -1 -1 -1 -1 -1 15 -1 -1 -1 -1 24 -1 -1 -1 -1 -1 -1 30 -1 -1 -1 22 -1 -1 -1 0 -1 -1 23 -1 7 -1 27 9 -1 -1 -1 -1 -1 17 -1 -1 -1 -1 -1 -1 19 -1 -1 -1 -1 -1 -1 -1 21 -1 20 -1 -1 -1 
-1 -1 -1 4 -1 -1 -1 -1 -1 -1 -1 -1 10 5 -1 -1 -1 -1 -1 -1 -1 -1 -1 -1 -1 -1 -1 11 -1 12 -1 -1 -1 -1 -1 15 -1 -1 -1 -1 -1 -1 24 -1 -1 -1 -1 30 -1 -1 -1 22 -1 -1 -1 0 -1 -1 23 -1 7 -1 27 9 -1 -1 -1 -1 -1 17 -1 -1 -1 -1 -1 -1 19 -1 -1 -1 -1 -1 -1 -1 21 -1 20 -1 -1 -1 
-1 -1 -1 4 -1 -1 -1 -1 -1 -1 -1 -1 10 5 -1 -1 -1 -1 -1 -1 -1 -1 -1 -1 -1 -1 -1 11 -1 12 -1 -1 -1 -1 -1 15 -1 -1 -1 -1 -1 -1 24 -1 -1 -1 -1 30 -1 7 -1 22 -1 -1 -1 0 -1 -1 23 -1 -1 -1 27 9 -1 -1 -1 -1 -1 17 -1 -1 -1 -1 -1 -1 19 -1 -1 -1 -1 -1 -1 -1 21 -1 20 -1 -1 -1 
-1 -1 -1 4 -1 -1 24 -1 -1 -1 -1 -1 10 5 -1 -1 -1 -1 -1 -1 -1 -1 -1 -1 -1 -1 -1 11 -1 12 -1 -1 -1 -1 -1 15 -1 -1 -1 -1 -1 -1 -1 -1 -1 -1 -1 30 -1 7 -1 22 -1 -1 -1 0 -1 -1 23 -1 -1 -1 27 9 -1 -1 -1 -1 -1 17 -1 -1 -1 -1 -1 -1 19 -1 -1 -1 -1 -1 -1 -1 21 -1 20 -1 -1 -1 
-1 -1 -1 -1 -1 -1 24 -1 -1 -1 -1 -1 4 5 -1 -1 -1 -1 -1 -1 -1 -1 -1 -1 -1 -1 -1 11 -1 12 -1 -1 -1 -1 -1 15 -1 -1 -1 -1 -1 -1 -1 -1 -1 -1 -1 30 -1 7 -1 22 -1 -1 -1 0 -1 -1 23 -1 -1 -1 27 9 -1 -1 -1 -1 -1 17 -1 -1 -1 -1 -1 -1 19 -1 -1 -1 -1 -1 -1 -1 21 -1 20 -1 -1 -1 
-1 -1 -1 -1 -1 -1 -1 -1 -1 -1 -1 -1 4 5 -1 -1 -1 -1 -1 -1 -1 -1 -1 -1 -1 -1 -1 11 -1 12 -1 -1 -1 -1 -1 15 -1 -1 -1 -1 -1 -1 -1 -1 -1 -1 -1 30 -1 7 -1 24 -1 -1 -1 0 -1 -1 23 -1 -1 -1 27 9 -1 -1 -1 -1 -1 17 -1 -1 -1 -1 -1 -1 19 -1 -1 -1 -1 -1 -1 -1 21 -1 20 -1 -1 -1 
-1 -1 -1 -1 -1 -1 -1 -1 -1 -1 -1 -1 4 5 -1 -1 -1 -1 -1 -1 -1 -1 -1 -1 -1 -1 -1 11 -1 12 -1 -1 7 -1 -1 15 -1 -1 -1 -1 -1 -1 -1 -1 -1 -1 -1 30 -1 -1 -1 24 -1 -1 -1 0 -1 -1 23 -1 -1 -1 27 9 -1 -1 -1 -1 -1 17 -1 -1 -1 -1 -1 -1 19 -1 -1 -1 -1 -1 -1 -1 21 -1 20 -1 -1 -1 
-1 -1 -1 -1 -1 -1 -1 -1 -1 -1 -1 -1 4 5 -1 -1 -1 -1 -1 -1 -1 -1 -1 -1 -1 -1 -1 11 -1 12 -1 -1 7 -1 -1 15 -1 -1 -1 -1 -1 -1 -1 -1 -1 -1 -1 30 -1 -1 24 -1 -1 -1 -1 0 -1 -1 23 -1 -1 -1 27 9 -1 -1 -1 -1 -1 17 -1 -1 -1 -1 -1 -1 19 -1 -1 -1 -1 -1 -1 -1 21 -1 20 -1 -1 -1 
-1 -1 -1 -1 -1 -1 -1 -1 -1 -1 -1 -1 4 5 -1 -1 -1 -1 -1 -1 -1 -1 -1 -1 -1 -1 -1 11 -1 12 -1 -1 -1 -1 -1 15 -1 -1 -1 -1 -1 -1 -1 7 -1 -1 -1 30 -1 -1 24 -1 -1 -1 -1 0 -1 -1 23 -1 -1 -1 27 9 -1 -1 -1 -1 -1 17 -1 -1 -1 -1 -1 -1 19 -1 -1 -1 -1 -1 -1 -1 21 -1 20 -1 -1 -1 
-1 -1 -1 -1 -1 -1 -1 -1 -1 -1 -1 -1 4 5 -1 -1 -1 -1 -1 -1 -1 -1 -1 -1 -1 -1 -1 11 -1 12 -1 -1 -1 -1 -1 15 -1 -1 -1 -1 -1 -1 -1 7 -1 -1 -1 30 -1 -1 -1 -1 24 -1 -1 0 -1 -1 23 -1 -1 -1 27 9 -1 -1 -1 -1 -1 17 -1 -1 -1 -1 -1 -1 19 -1 -1 -1 -1 -1 -1 -1 21 -1 20 -1 -1 -1 
-1 -1 -1 -1 -1 -1 -1 -1 -1 -1 -1 -1 4 5 -1 -1 -1 -1 -1 -1 -1 -1 -1 -1 -1 -1 -1 11 -1 12 -1 -1 -1 -1 -1 15 -1 -1 -1 -1 -1 -1 -1 7 -1 -1 -1 30 -1 -1 -1 -1 24 -1 -1 0 -1 -1 23 -1 -1 -1 27 -1 -1 -1 -1 9 -1 17 -1 -1 -1 -1 -1 -1 19 -1 -1 -1 -1 -1 -1 -1 21 -1 20 -1 -1 -1 
-1 -1 -1 -1 -1 -1 -1 -1 -1 -1 -1 -1 4 5 -1 -1 -1 -1 -1 -1 -1 -1 -1 -1 -1 -1 -1 11 -1 12 -1 -1 -1 -1 -1 15 -1 -1 -1 -1 -1 -1 -1 24 -1 -1 -1 30 -1 -1 -1 -1 -1 -1 -1 0 -1 -1 23 -1 -1 -1 27 -1 -1 -1 -1 9 -1 17 -1 -1 -1 -1 -1 -1 19 -1 -1 -1 -1 -1 -1 -1 21 -1 20 -1 -1 -1 
-1 -1 -1 -1 -1 -1 -1 -1 -1 -1 -1 -1 4 5 -1 -1 -1 -1 -1 -1 -1 -1 -1 -1 -1 -1 -1 11 -1 12 -1 9 -1 -1 -1 15 -1 -1 -1 -1 -1 -1 -1 24 -1 -1 -1 30 -1 -1 -1 -1 -1 -1 -1 0 -1 -1 23 -1 -1 -1 27 -1 -1 -1 -1 -1 -1 17 -1 -1 -1 -1 -1 -1 19 -1 -1 -1 -1 -1 -1 -1 21 -1 20 -1 -1 -1 
-1 -1 -1 -1 -1 -1 -1 -1 -1 -1 -1 -1 4 5 -1 -1 -1 -1 -1 -1 -1 -1 -1 -1 -1 -1 -1 11 -1 12 -1 9 -1 -1 -1 15 -1 -1 -1 -1 -1 -1 24 -1 -1 -1 -1 30 -1 -1 -1 -1 -1 -1 -1 0 -1 -1 23 -1 -1 -1 27 -1 -1 -1 -1 -1 -1 17 -1 -1 -1 -1 -1 -1 19 -1 -1 -1 -1 -1 -1 -1 21 -1 20 -1 -1 -1 
-1 -1 -1 -1 -1 -1 -1 -1 -1 -1 -1 -1 4 5 -1 -1 -1 -1 -1 -1 -1 -1 -1 -1 -1 -1 -1 -1 -1 12 -1 9 -1 -1 -1 15 11 -1 -1 -1 -1 -1 24 -1 -1 -1 -1 30 -1 -1 -1 -1 -1 -1 -1 0 -1 -1 23 -1 -1 -1 27 -1 -1 -1 -1 -1 -1 17 -1 -1 -1 -1 -1 -1 19 -1 -1 -1 -1 -1 -1 -1 21 -1 20 -1 -1 -1 
-1 -1 -1 -1 -1 -1 -1 -1 -1 -1 -1 -1 4 5 -1 -1 -1 -1 -1 -1 -1 -1 -1 -1 -1 -1 -1 -1 -1 12 -1 9 -1 -1 -1 15 11 -1 -1 -1 -1 -1 24 -1 -1 -1 -1 30 -1 -1 -1 -1 -1 -1 -1 0 -1 -1 23 -1 -1 -1 27 -1 -1 -1 -1 -1 -1 17 -1 -1 -1 -1 -1 -1 19 -1 -1 -1 -1 -1 -1 -1 21 20 -1 -1 -1 -1 
-1 -1 -1 -1 -1 -1 -1 -1 -1 -1 -1 -1 4 5 -1 -1 -1 -1 -1 -1 -1 -1 -1 -1 -1 -1 -1 -1 -1 12 -1 9 -1 -1 -1 15 -1 -1 -1 -1 -1 -1 24 -1 -1 11 -1 30 -1 -1 -1 -1 -1 -1 -1 0 -1 -1 23 -1 -1 -1 27 -1 -1 -1 -1 -1 -1 17 -1 -1 -1 -1 -1 -1 19 -1 -1 -1 -1 -1 -1 -1 21 20 -1 -1 -1 -1 
-1 -1 -1 -1 -1 -1 -1 -1 -1 -1 -1 -1 4 5 -1 -1 -1 -1 -1 -1 -1 -1 -1 -1 -1 -1 -1 -1 -1 12 -1 9 -1 -1 -1 15 -1 -1 -1 -1 -1 -1 24 -1 -1 11 -1 30 -1 -1 17 -1 -1 -1 -1 0 -1 -1 23 -1 -1 -1 27 -1 -1 -1 -1 -1 -1 -1 -1 -1 -1 -1 -1 -1 19 -1 -1 -1 -1 -1 -1 -1 21 20 -1 -1 -1 -1 
-1 -1 -1 -1 -1 -1 -1 -1 -1 -1 -1 -1 4 5 -1 -1 -1 -1 -1 -1 -1 -1 -1 -1 -1 -1 -1 -1 -1 12 -1 9 -1 -1 -1 15 -1 -1 -1 -1 -1 -1 24 -1 -1 11 -1 30 -1 -1 17 -1 -1 -1 -1 -1 -1 -1 23 -1 -1 -1 0 -1 -1 -1 -1 -1 -1 -1 -1 -1 -1 -1 -1 -1 19 -1 -1 -1 -1 -1 -1 -1 21 20 -1 -1 -1 -1 
-1 -1 -1 -1 -1 -1 -1 -1 -1 -1 -1 -1 4 5 -1 -1 -1 -1 -1 -1 -1 -1 -1 -1 -1 -1 -1 -1 -1 12 -1 9 -1 24 -1 15 -1 -1 -1 -1 -1 -1 -1 -1 -1 11 -1 30 -1 -1 17 -1 -1 -1 -1 -1 -1 -1 23 -1 -1 -1 0 -1 -1 -1 -1 -1 -1 -1 -1 -1 -1 -1 -1 -1 19 -1 -1 -1 -1 -1 -1 -1 21 20 -1 -1 -1 -1 
-1 -1 -1 -1 -1 -1 -1 -1 -1 -1 -1 -1 4 5 -1 -1 -1 -1 -1 -1 -1 -1 -1 -1 -1 -1 -1 -1 -1 12 -1 9 -1 24 -1 15 -1 -1 -1 -1 -1 -1 -1 -1 0 11 -1 30 -1 -1 17 -1 -1 -1 -1 -1 -1 -1 23 -1 -1 -1 -1 -1 -1 -1 -1 -1 -1 -1 -1 -1 -1 -1 -1 -1 19 -1 -1 -1 -1 -1 -1 -1 21 20 -1 -1 -1 -1 
-1 -1 -1 -1 -1 -1 -1 -1 -1 -1 -1 -1 4 5 -1 -1 -1 -1 -1 -1 -1 -1 -1 -1 -1 -1 -1 -1 -1 24 -1 9 -1 -1 -1 15 -1 -1 -1 -1 -1 -1 -1 -1 0 11 -1 30 -1 -1 17 -1 -1 -1 -1 -1 -1 -1 23 -1 -1 -1 -1 -1 -1 -1 -1 -1 -1 -1 -1 -1 -1 -1 -1 -1 19 -1 -1 -1 -1 -1 -1 -1 21 20 -1 -1 -1 -1 
-1 -1 -1 -1 -1 -1 -1 -1 -1 -1 -1 -1 4 5 -1 -1 -1 -1 -1 -1 -1 -1 -1 -1 -1 -1 -1 -1 -1 24 -1 9 -1 -1 -1 15 -1 -1 -1 -1 -1 0 -1 -1 -1 11 -1 30 -1 -1 17 -1 -1 -1 -1 -1 -1 -1 23 -1 -1 -1 -1 -1 -1 -1 -1 -1 -1 -1 -1 -1 -1 -1 -1 -1 19 -1 -1 -1 -1 -1 -1 -1 21 20 -1 -1 -1 -1 
-1 -1 -1 -1 -1 -1 -1 -1 -1 -1 -1 -1 4 5 -1 -1 -1 -1 -1 -1 -1 -1 -1 -1 -1 -1 -1 -1 -1 24 -1 9 -1 -1 -1 15 -1 -1 -1 -1 -1 0 -1 -1 -1 11 -1 30 -1 -1 -1 -1 -1 -1 -1 -1 -1 17 23 -1 -1 -1 -1 -1 -1 -1 -1 -1 -1 -1 -1 -1 -1 -1 -1 -1 19 -1 -1 -1 -1 -1 -1 -1 21 20 -1 -1 -1 -1 
-1 -1 -1 -1 -1 -1 -1 -1 -1 -1 -1 -1 4 5 -1 -1 -1 -1 -1 -1 -1 -1 -1 -1 -1 -1 -1 -1 -1 24 -1 9 -1 -1 -1 15 -1 -1 -1 -1 -1 -1 0 -1 -1 11 -1 30 -1 -1 -1 -1 -1 -1 -1 -1 -1 17 23 -1 -1 -1 -1 -1 -1 -1 -1 -1 -1 -1 -1 -1 -1 -1 -1 -1 19 -1 -1 -1 -1 -1 -1 -1 21 20 -1 -1 -1 -1 
-1 -1 -1 -1 -1 -1 -1 -1 -1 -1 -1 -1 4 5 -1 -1 -1 -1 -1 -1 -1 -1 -1 -1 -1 -1 -1 -1 -1 24 -1 9 -1 -1 -1 22 -1 -1 -1 -1 -1 -1 0 -1 -1 11 -1 30 -1 -1 -1 -1 -1 -1 -1 -1 -1 17 23 -1 -1 -1 -1 -1 -1 -1 -1 -1 -1 -1 -1 -1 -1 -1 -1 -1 19 -1 -1 -1 -1 -1 -1 -1 21 20 -1 -1 -1 -1 
-1 -1 -1 -1 -1 -1 -1 -1 -1 -1 -1 -1 4 5 -1 -1 -1 -1 -1 -1 -1 -1 -1 -1 -1 -1 -1 -1 -1 24 -1 9 -1 -1 -1 22 -1 -1 -1 0 -1 -1 -1 -1 -1 11 -1 30 -1 -1 -1 -1 -1 -1 -1 -1 -1 17 23 -1 -1 -1 -1 -1 -1 -1 -1 -1 -1 -1 -1 -1 -1 -1 -1 -1 19 -1 -1 -1 -1 -1 -1 -1 21 20 -1 -1 -1 -1 
-1 -1 -1 -1 -1 -1 -1 -1 -1 -1 -1 -1 4 5 -1 -1 -1 -1 -1 -1 -1 -1 -1 -1 -1 -1 -1 -1 -1 24 -1 9 -1 -1 -1 22 -1 -1 17 0 -1 -1 -1 -1 -1 11 -1 30 -1 -1 -1 -1 -1 -1 -1 -1 -1 -1 23 -1 -1 -1 -1 -1 -1 -1 -1 -1 -1 -1 -1 -1 -1 -1 -1 -1 19 -1 -1 -1 -1 -1 -1 -1 21 20 -1 -1 -1 -1 
-1 -1 -1 -1 -1 5 -1 -1 -1 -1 -1 -1 4 -1 -1 -1 -1 -1 -1 -1 -1 -1 -1 -1 -1 -1 -1 -1 -1 24 -1 9 -1 -1 -1 22 -1 -1 17 0 -1 -1 -1 -1 -1 11 -1 30 -1 -1 -1 -1 -1 -1 -1 -1 -1 -1 23 -1 -1 -1 -1 -1 -1 -1 -1 -1 -1 -1 -1 -1 -1 -1 -1 -1 19 -1 -1 -1 -1 -1 -1 -1 21 20 -1 -1 -1 -1 
-1 -1 -1 -1 -1 5 -1 -1 -1 -1 -1 -1 4 -1 -1 -1 -1 -1 -1 -1 -1 -1 -1 -1 -1 -1 -1 -1 -1 24 -1 9 -1 -1 -1 22 -1 -1 -1 0 -1 -1 -1 -1 -1 17 -1 30 -1 -1 -1 -1 -1 -1 -1 -1 -1 -1 23 -1 -1 -1 -1 -1 -1 -1 -1 -1 -1 -1 -1 -1 -1 -1 -1 -1 19 -1 -1 -1 -1 -1 -1 -1 21 20 -1 -1 -1 -1 
-1 -1 -1 -1 -1 5 -1 -1 -1 -1 -1 -1 4 -1 -1 -1 -1 -1 -1 -1 -1 -1 -1 -1 -1 -1 -1 -1 -1 24 -1 9 -1 -1 -1 -1 -1 -1 -1 0 -1 -1 -1 -1 15 17 -1 30 -1 -1 -1 -1 -1 -1 -1 -1 -1 -1 23 -1 -1 -1 -1 -1 -1 -1 -1 -1 -1 -1 -1 -1 -1 -1 -1 -1 19 -1 -1 -1 -1 -1 -1 -1 21 20 -1 -1 -1 -1 
-1 -1 -1 -1 -1 5 -1 -1 -1 -1 -1 -1 4 -1 -1 -1 -1 -1 -1 -1 -1 -1 -1 -1 -1 -1 -1 -1 -1 24 -1 9 -1 -1 -1 -1 -1 -1 30 0 -1 -1 -1 -1 15 17 -1 -1 -1 -1 -1 -1 -1 -1 -1 -1 -1 -1 23 -1 -1 -1 -1 -1 -1 -1 -1 -1 -1 -1 -1 -1 -1 -1 -1 -1 19 -1 -1 -1 -1 -1 -1 -1 21 20 -1 -1 -1 -1 
-1 -1 -1 -1 -1 5 -1 -1 -1 -1 -1 -1 4 -1 -1 -1 -1 -1 -1 -1 -1 -1 -1 -1 -1 -1 -1 -1 -1 24 -1 9 -1 -1 -1 -1 -1 -1 30 -1 -1 -1 -1 0 15 17 -1 -1 -1 -1 -1 -1 -1 -1 -1 -1 -1 -1 23 -1 -1 -1 -1 -1 -1 -1 -1 -1 -1 -1 -1 -1 -1 -1 -1 -1 19 -1 -1 -1 -1 -1 -1 -1 21 20 -1 -1 -1 -1 
-1 -1 -1 -1 -1 5 -1 -1 -1 -1 -1 -1 4 -1 -1 -1 -1 -1 -1 -1 -1 -1 -1 -1 -1 -1 -1 -1 -1 24 -1 9 -1 -1 -1 -1 -1 -1 30 -1 -1 -1 -1 0 15 17 -1 -1 -1 -1 -1 22 -1 -1 -1 -1 -1 -1 23 -1 -1 -1 -1 -1 -1 -1 -1 -1 -1 -1 -1 -1 -1 -1 -1 -1 19 -1 -1 -1 -1 -1 -1 -1 21 20 -1 -1 -1 -1 
-1 -1 -1 -1 -1 5 -1 -1 -1 -1 -1 -1 4 -1 -1 -1 -1 -1 -1 -1 -1 -1 -1 -1 -1 -1 -1 -1 -1 24 -1 9 -1 -1 -1 -1 -1 -1 30 -1 -1 -1 0 -1 15 17 -1 -1 -1 -1 -1 22 -1 -1 -1 -1 -1 -1 23 -1 -1 -1 -1 -1 -1 -1 -1 -1 -1 -1 -1 -1 -1 -1 -1 -1 19 -1 -1 -1 -1 -1 -1 -1 21 20 -1 -1 -1 -1 
-1 -1 -1 -1 -1 5 -1 -1 -1 -1 -1 -1 4 -1 -1 -1 -1 -1 -1 -1 -1 -1 -1 -1 -1 -1 -1 -1 -1 24 -1 9 -1 -1 -1 -1 -1 -1 30 -1 -1 -1 0 -1 15 17 -1 -1 -1 -1 -1 22 -1 -1 -1 -1 -1 -1 23 -1 -1 -1 -1 -1 -1 -1 -1 -1 -1 -1 -1 -1 -1 -1 -1 -1 19 -1 -1 -1 -1 -1 -1 -1 21 -1 20 -1 -1 -1 
-1 -1 -1 -1 -1 5 -1 -1 -1 -1 -1 -1 4 -1 -1 -1 -1 -1 -1 -1 -1 -1 -1 -1 -1 -1 -1 -1 -1 24 -1 9 -1 -1 -1 -1 -1 -1 30 -1 -1 0 -1 -1 15 17 -1 -1 -1 -1 -1 22 -1 -1 -1 -1 -1 -1 23 -1 -1 -1 -1 -1 -1 -1 -1 -1 -1 -1 -1 -1 -1 -1 -1 -1 19 -1 -1 -1 -1 -1 -1 -1 21 -1 20 -1 -1 -1 
-1 -1 -1 -1 -1 5 -1 -1 -1 -1 -1 -1 4 -1 -1 -1 -1 -1 -1 -1 -1 -1 -1 -1 -1 -1 -1 -1 -1 24 -1 9 -1 -1 -1 -1 -1 -1 30 -1 -1 0 -1 -1 15 17 -1 -1 -1 -1 -1 22 -1 -1 -1 -1 -1 -1 23 -1 -1 -1 -1 -1 -1 -1 -1 -1 -1 -1 -1 -1 -1 -1 -1 -1 19 -1 -1 -1 -1 -1 -1 -1 21 20 -1 -1 -1 -1 
-1 -1 -1 -1 -1 5 -1 -1 -1 -1 -1 -1 4 -1 -1 -1 -1 -1 -1 -1 -1 -1 -1 -1 -1 -1 -1 -1 -1 24 -1 -1 -1 -1 9 -1 -1 -1 30 -1 -1 0 -1 -1 15 17 -1 -1 -1 -1 -1 22 -1 -1 -1 -1 -1 -1 23 -1 -1 -1 -1 -1 -1 -1 -1 -1 -1 -1 -1 -1 -1 -1 -1 -1 19 -1 -1 -1 -1 -1 -1 -1 21 20 -1 -1 -1 -1 
-1 -1 -1 -1 -1 5 -1 -1 -1 -1 -1 -1 4 -1 -1 -1 -1 -1 -1 -1 -1 -1 -1 -1 -1 -1 -1 -1 17 24 -1 -1 -1 -1 9 -1 -1 -1 30 -1 -1 0 -1 -1 15 -1 -1 -1 -1 -1 -1 22 -1 -1 -1 -1 -1 -1 23 -1 -1 -1 -1 -1 -1 -1 -1 -1 -1 -1 -1 -1 -1 -1 -1 -1 19 -1 -1 -1 -1 -1 -1 -1 21 20 -1 -1 -1 -1 
-1 -1 -1 -1 -1 -1 -1 -1 -1 -1 -1 -1 4 5 -1 -1 -1 -1 -1 -1 -1 -1 -1 -1 -1 -1 -1 -1 17 24 -1 -1 -1 -1 9 -1 -1 -1 30 -1 -1 0 -1 -1 15 -1 -1 -1 -1 -1 -1 22 -1 -1 -1 -1 -1 -1 23 -1 -1 -1 -1 -1 -1 -1 -1 -1 -1 -1 -1 -1 -1 -1 -1 -1 19 -1 -1 -1 -1 -1 -1 -1 21 20 -1 -1 -1 -1 
-1 -1 -1 -1 -1 -1 -1 -1 -1 -1 -1 24 4 5 -1 -1 -1 -1 -1 -1 -1 -1 -1 -1 -1 -1 -1 -1 17 -1 -1 -1 -1 -1 9 -1 -1 -1 30 -1 -1 0 -1 -1 15 -1 -1 -1 -1 -1 -1 22 -1 -1 -1 -1 -1 -1 23 -1 -1 -1 -1 -1 -1 -1 -1 -1 -1 -1 -1 -1 -1 -1 -1 -1 19 -1 -1 -1 -1 -1 -1 -1 21 20 -1 -1 -1 -1 
-1 -1 -1 4 -1 -1 -1 -1 -1 -1 -1 24 -1 5 -1 -1 -1 -1 -1 -1 -1 -1 -1 -1 -1 -1 -1 -1 17 -1 -1 -1 -1 -1 9 -1 -1 -1 30 -1 -1 0 -1 -1 15 -1 -1 -1 -1 -1 -1 22 -1 -1 -1 -1 -1 -1 23 -1 -1 -1 -1 -1 -1 -1 -1 -1 -1 -1 -1 -1 -1 -1 -1 -1 19 -1 -1 -1 -1 -1 -1 -1 21 20 -1 -1 -1 -1 
-1 -1 24 4 -1 -1 -1 -1 -1 -1 -1 -1 -1 5 -1 -1 -1 -1 -1 -1 -1 -1 -1 -1 -1 -1 -1 -1 17 -1 -1 -1 -1 -1 9 -1 -1 -1 30 -1 -1 0 -1 -1 15 -1 -1 -1 -1 -1 -1 22 -1 -1 -1 -1 -1 -1 23 -1 -1 -1 -1 -1 -1 -1 -1 -1 -1 -1 -1 -1 -1 -1 -1 -1 19 -1 -1 -1 -1 -1 -1 -1 21 20 -1 -1 -1 -1 
-1 -1 24 -1 -1 -1 -1 -1 -1 -1 -1 -1 4 5 -1 -1 -1 -1 -1 -1 -1 -1 -1 -1 -1 -1 -1 -1 17 -1 -1 -1 -1 -1 9 -1 -1 -1 30 -1 -1 0 -1 -1 15 -1 -1 -1 -1 -1 -1 22 -1 -1 -1 -1 -1 -1 23 -1 -1 -1 -1 -1 -1 -1 -1 -1 -1 -1 -1 -1 -1 -1 -1 -1 19 -1 -1 -1 -1 -1 -1 -1 21 20 -1 -1 -1 -1 
-1 -1 24 -1 -1 -1 -1 -1 -1 -1 -1 -1 4 5 -1 -1 -1 -1 -1 -1 -1 -1 -1 -1 -1 -1 -1 -1 -1 -1 -1 -1 -1 -1 9 -1 -1 -1 30 -1 -1 0 -1 -1 15 -1 -1 17 -1 -1 -1 22 -1 -1 -1 -1 -1 -1 23 -1 -1 -1 -1 -1 -1 -1 -1 -1 -1 -1 -1 -1 -1 -1 -1 -1 19 -1 -1 -1 -1 -1 -1 -1 21 20 -1 -1 -1 -1 
-1 -1 24 -1 -1 -1 -1 -1 -1 -1 -1 -1 4 -1 -1 -1 -1 -1 -1 -1 -1 -1 -1 5 -1 -1 -1 -1 -1 -1 -1 -1 -1 -1 9 -1 -1 -1 30 -1 -1 0 -1 -1 15 -1 -1 17 -1 -1 -1 22 -1 -1 -1 -1 -1 -1 23 -1 -1 -1 -1 -1 -1 -1 -1 -1 -1 -1 -1 -1 -1 -1 -1 -1 19 -1 -1 -1 -1 -1 -1 -1 21 20 -1 -1 -1 -1 
-1 -1 24 -1 -1 -1 -1 -1 -1 -1 -1 -1 4 -1 -1 -1 -1 -1 -1 -1 -1 -1 -1 5 -1 -1 -1 -1 -1 30 -1 -1 -1 -1 9 -1 -1 -1 -1 -1 -1 0 -1 -1 15 -1 -1 17 -1 -1 -1 22 -1 -1 -1 -1 -1 -1 23 -1 -1 -1 -1 -1 -1 -1 -1 -1 -1 -1 -1 -1 -1 -1 -1 -1 19 -1 -1 -1 -1 -1 -1 -1 21 20 -1 -1 -1 -1 
-1 -1 24 -1 -1 -1 -1 -1 -1 -1 -1 -1 4 -1 -1 -1 -1 -1 -1 -1 -1 -1 -1 5 -1 -1 -1 -1 -1 30 -1 -1 -1 -1 9 -1 -1 -1 0 -1 -1 -1 -1 -1 15 -1 -1 17 -1 -1 -1 22 -1 -1 -1 -1 -1 -1 23 -1 -1 -1 -1 -1 -1 -1 -1 -1 -1 -1 -1 -1 -1 -1 -1 -1 19 -1 -1 -1 -1 -1 -1 -1 21 20 -1 -1 -1 -1 
-1 -1 -1 -1 -1 -1 -1 -1 -1 -1 -1 24 4 -1 -1 -1 -1 -1 -1 -1 -1 -1 -1 5 -1 -1 -1 -1 -1 30 -1 -1 -1 -1 9 -1 -1 -1 0 -1 -1 -1 -1 -1 15 -1 -1 17 -1 -1 -1 22 -1 -1 -1 -1 -1 -1 23 -1 -1 -1 -1 -1 -1 -1 -1 -1 -1 -1 -1 -1 -1 -1 -1 -1 19 -1 -1 -1 -1 -1 -1 -1 21 20 -1 -1 -1 -1 
-1 -1 -1 4 -1 -1 -1 -1 -1 -1 -1 24 -1 -1 -1 -1 -1 -1 -1 -1 -1 -1 -1 5 -1 -1 -1 -1 -1 30 -1 -1 -1 -1 9 -1 -1 -1 0 -1 -1 -1 -1 -1 15 -1 -1 17 -1 -1 -1 22 -1 -1 -1 -1 -1 -1 23 -1 -1 -1 -1 -1 -1 -1 -1 -1 -1 -1 -1 -1 -1 -1 -1 -1 19 -1 -1 -1 -1 -1 -1 -1 21 20 -1 -1 -1 -1 
-1 -1 24 4 -1 -1 -1 -1 -1 -1 -1 -1 -1 -1 -1 -1 -1 -1 -1 -1 -1 -1 -1 5 -1 -1 -1 -1 -1 30 -1 -1 -1 -1 9 -1 -1 -1 0 -1 -1 -1 -1 -1 15 -1 -1 17 -1 -1 -1 22 -1 -1 -1 -1 -1 -1 23 -1 -1 -1 -1 -1 -1 -1 -1 -1 -1 -1 -1 -1 -1 -1 -1 -1 19 -1 -1 -1 -1 -1 -1 -1 21 20 -1 -1 -1 -1 
-1 -1 24 -1 -1 -1 -1 -1 -1 -1 -1 -1 4 -1 -1 -1 -1 -1 -1 -1 -1 -1 -1 5 -1 -1 -1 -1 -1 30 -1 -1 -1 -1 9 -1 -1 -1 0 -1 -1 -1 -1 -1 15 -1 -1 17 -1 -1 -1 22 -1 -1 -1 -1 -1 -1 23 -1 -1 -1 -1 -1 -1 -1 -1 -1 -1 -1 -1 -1 -1 -1 -1 -1 19 -1 -1 -1 -1 -1 -1 -1 21 20 -1 -1 -1 -1 
-1 -1 -1 -1 -1 -1 -1 24 -1 -1 -1 -1 4 -1 -1 -1 -1 -1 -1 -1 -1 -1 -1 5 -1 -1 -1 -1 -1 30 -1 -1 -1 -1 9 -1 -1 -1 0 -1 -1 -1 -1 -1 15 -1 -1 17 -1 -1 -1 22 -1 -1 -1 -1 -1 -1 23 -1 -1 -1 -1 -1 -1 -1 -1 -1 -1 -1 -1 -1 -1 -1 -1 -1 19 -1 -1 -1 -1 -1 -1 -1 21 20 -1 -1 -1 -1 
-1 -1 -1 -1 -1 -1 -1 24 -1 -1 -1 -1 4 -1 -1 -1 -1 -1 -1 -1 -1 -1 -1 5 -1 -1 -1 -1 -1 30 -1 -1 -1 9 -1 -1 -1 -1 0 -1 -1 -1 -1 -1 15 -1 -1 17 -1 -1 -1 22 -1 -1 -1 -1 -1 -1 23 -1 -1 -1 -1 -1 -1 -1 -1 -1 -1 -1 -1 -1 -1 -1 -1 -1 19 -1 -1 -1 -1 -1 -1 -1 21 20 -1 -1 -1 -1 
-1 -1 -1 -1 -1 -1 -1 24 -1 -1 -1 -1 4 -1 -1 -1 -1 -1 -1 -1 -1 -1 -1 5 -1 -1 -1 -1 -1 -1 30 -1 -1 9 -1 -1 -1 -1 0 -1 -1 -1 -1 -1 15 -1 -1 17 -1 -1 -1 22 -1 -1 -1 -1 -1 -1 23 -1 -1 -1 -1 -1 -1 -1 -1 -1 -1 -1 -1 -1 -1 -1 -1 -1 19 -1 -1 -1 -1 -1 -1 -1 21 20 -1 -1 -1 -1 
-1 -1 -1 -1 -1 -1 -1 24 -1 -1 -1 -1 4 3 -1 -1 -1 -1 -1 -1 -1 -1 -1 5 -1 -1 -1 -1 -1 -1 30 -1 -1 9 -1 -1 -1 -1 0 -1 -1 -1 -1 -1 15 -1 -1 17 -1 -1 -1 22 -1 -1 -1 -1 -1 -1 23 -1 -1 -1 -1 -1 -1 -1 -1 -1 -1 -1 -1 -1 -1 -1 -1 -1 19 -1 -1 -1 -1 -1 -1 -1 21 20 -1 -1 -1 -1 
-1 -1 -1 -1 -1 -1 24 -1 -1 -1 -1 -1 4 3 -1 -1 -1 -1 -1 -1 -1 -1 -1 5 -1 -1 -1 -1 -1 -1 30 -1 -1 9 -1 -1 -1 -1 0 -1 -1 -1 -1 -1 15 -1 -1 17 -1 -1 -1 22 -1 -1 -1 -1 -1 -1 23 -1 -1 -1 -1 -1 -1 -1 -1 -1 -1 -1 -1 -1 -1 -1 -1 -1 19 -1 -1 -1 -1 -1 -1 -1 21 20 -1 -1 -1 -1 
-1 -1 -1 -1 -1 -1 24 -1 -1 -1 -1 -1 4 3 -1 -1 -1 -1 -1 -1 -1 -1 -1 5 -1 -1 -1 -1 -1 -1 30 -1 -1 -1 9 -1 -1 -1 0 -1 -1 -1 -1 -1 15 -1 -1 17 -1 -1 -1 22 -1 -1 -1 -1 -1 -1 23 -1 -1 -1 -1 -1 -1 -1 -1 -1 -1 -1 -1 -1 -1 -1 -1 -1 19 -1 -1 -1 -1 -1 -1 -1 21 20 -1 -1 -1 -1 
-1 -1 -1 -1 -1 -1 -1 -1 -1 -1 -1 -1 4 3 -1 -1 -1 -1 -1 -1 -1 -1 -1 5 -1 -1 -1 -1 -1 -1 30 -1 -1 -1 9 -1 -1 -1 0 -1 -1 -1 -1 -1 15 -1 -1 17 -1 -1 -1 24 -1 -1 -1 -1 -1 -1 23 -1 -1 -1 -1 -1 -1 -1 -1 -1 -1 -1 -1 -1 -1 -1 -1 -1 19 -1 -1 -1 -1 -1 -1 -1 21 20 -1 -1 -1 -1 
-1 -1 -1 4 -1 -1 -1 -1 -1 -1 -1 -1 -1 3 -1 -1 -1 -1 -1 -1 -1 -1 -1 5 -1 -1 -1 -1 -1 -1 30 -1 -1 -1 9 -1 -1 -1 0 -1 -1 -1 -1 -1 15 -1 -1 17 -1 -1 -1 24 -1 -1 -1 -1 -1 -1 23 -1 -1 -1 -1 -1 -1 -1 -1 -1 -1 -1 -1 -1 -1 -1 -1 -1 19 -1 -1 -1 -1 -1 -1 -1 21 20 -1 -1 -1 -1 
-1 -1 -1 4 -1 -1 24 -1 -1 -1 -1 -1 -1 3 -1 -1 -1 -1 -1 -1 -1 -1 -1 5 -1 -1 -1 -1 -1 -1 30 -1 -1 -1 9 -1 -1 -1 0 -1 -1 -1 -1 -1 15 -1 -1 17 -1 -1 -1 -1 -1 -1 -1 -1 -1 -1 23 -1 -1 -1 -1 -1 -1 -1 -1 -1 -1 -1 -1 -1 -1 -1 -1 -1 19 -1 -1 -1 -1 -1 -1 -1 21 20 -1 -1 -1 -1 
-1 -1 -1 -1 -1 -1 24 -1 -1 -1 -1 -1 4 3 -1 -1 -1 -1 -1 -1 -1 -1 -1 5 -1 -1 -1 -1 -1 -1 30 -1 -1 -1 9 -1 -1 -1 0 -1 -1 -1 -1 -1 15 -1 -1 17 -1 -1 -1 -1 -1 -1 -1 -1 -1 -1 23 -1 -1 -1 -1 -1 -1 -1 -1 -1 -1 -1 -1 -1 -1 -1 -1 -1 19 -1 -1 -1 -1 -1 -1 -1 21 20 -1 -1 -1 -1 
-1 -1 -1 -1 -1 -1 24 -1 -1 -1 -1 -1 4 3 -1 -1 -1 -1 -1 -1 -1 -1 -1 5 -1 -1 -1 -1 -1 -1 30 -1 -1 -1 9 -1 -1 -1 0 -1 -1 -1 -1 -1 15 -1 -1 -1 -1 -1 -1 -1 -1 -1 -1 -1 -1 -1 23 -1 -1 -1 -1 -1 -1 -1 17 -1 -1 -1 -1 -1 -1 -1 -1 -1 19 -1 -1 -1 -1 -1 -1 -1 21 20 -1 -1 -1 -1 
-1 -1 -1 -1 -1 -1 24 -1 -1 -1 -1 -1 4 3 -1 -1 -1 -1 -1 -1 -1 -1 -1 5 -1 -1 -1 -1 -1 -1 30 -1 -1 -1 9 -1 -1 -1 -1 0 -1 -1 -1 -1 15 -1 -1 -1 -1 -1 -1 -1 -1 -1 -1 -1 -1 -1 23 -1 -1 -1 -1 -1 -1 -1 17 -1 -1 -1 -1 -1 -1 -1 -1 -1 19 -1 -1 -1 -1 -1 -1 -1 21 20 -1 -1 -1 -1 
-1 -1 -1 -1 -1 -1 24 -1 -1 -1 -1 -1 4 3 -1 -1 -1 -1 -1 -1 -1 -1 -1 5 -1 -1 -1 -1 -1 -1 30 -1 -1 -1 9 -1 -1 -1 -1 0 -1 -1 -1 -1 15 -1 -1 17 -1 -1 -1 -1 -1 -1 -1 -1 -1 -1 23 -1 -1 -1 -1 -1 -1 -1 -1 -1 -1 -1 -1 -1 -1 -1 -1 -1 19 -1 -1 -1 -1 -1 -1 -1 21 20 -1 -1 -1 -1 
-1 -1 -1 -1 -1 -1 24 -1 -1 -1 -1 -1 4 3 -1 -1 -1 -1 -1 -1 -1 -1 -1 5 -1 -1 -1 -1 -1 -1 30 -1 -1 -1 9 -1 -1 -1 0 -1 -1 -1 -1 -1 15 -1 -1 17 -1 -1 -1 -1 -1 -1 -1 -1 -1 -1 23 -1 -1 -1 -1 -1 -1 -1 -1 -1 -1 -1 -1 -1 -1 -1 -1 -1 19 -1 -1 -1 -1 -1 -1 -1 21 20 -1 -1 -1 -1 
-1 -1 -1 -1 -1 -1 -1 -1 -1 -1 -1 -1 4 3 -1 -1 -1 -1 -1 -1 -1 -1 -1 5 -1 -1 -1 -1 -1 -1 30 -1 -1 -1 9 -1 -1 -1 0 -1 -1 -1 -1 -1 15 -1 -1 17 -1 -1 -1 24 -1 -1 -1 -1 -1 -1 23 -1 -1 -1 -1 -1 -1 -1 -1 -1 -1 -1 -1 -1 -1 -1 -1 -1 19 -1 -1 -1 -1 -1 -1 -1 21 20 -1 -1 -1 -1 
-1 -1 -1 4 -1 -1 -1 -1 -1 -1 -1 -1 -1 3 -1 -1 -1 -1 -1 -1 -1 -1 -1 5 -1 -1 -1 -1 -1 -1 30 -1 -1 -1 9 -1 -1 -1 0 -1 -1 -1 -1 -1 15 -1 -1 17 -1 -1 -1 24 -1 -1 -1 -1 -1 -1 23 -1 -1 -1 -1 -1 -1 -1 -1 -1 -1 -1 -1 -1 -1 -1 -1 -1 19 -1 -1 -1 -1 -1 -1 -1 21 20 -1 -1 -1 -1 
-1 -1 -1 4 -1 -1 -1 -1 -1 -1 -1 -1 -1 3 -1 -1 -1 -1 -1 -1 -1 -1 -1 5 -1 -1 -1 -1 -1 -1 -1 30 -1 -1 9 -1 -1 -1 0 -1 -1 -1 -1 -1 15 -1 -1 17 -1 -1 -1 24 -1 -1 -1 -1 -1 -1 23 -1 -1 -1 -1 -1 -1 -1 -1 -1 -1 -1 -1 -1 -1 -1 -1 -1 19 -1 -1 -1 -1 -1 -1 -1 21 20 -1 -1 -1 -1 
-1 -1 -1 4 -1 3 -1 -1 -1 -1 -1 -1 -1 -1 -1 -1 -1 -1 -1 -1 -1 -1 -1 5 -1 -1 -1 -1 -1 -1 -1 30 -1 -1 9 -1 -1 -1 0 -1 -1 -1 -1 -1 15 -1 -1 17 -1 -1 -1 24 -1 -1 -1 -1 -1 -1 23 -1 -1 -1 -1 -1 -1 -1 -1 -1 -1 -1 -1 -1 -1 -1 -1 -1 19 -1 -1 -1 -1 -1 -1 -1 21 20 -1 -1 -1 -1 
-1 -1 -1 4 -1 3 -1 -1 -1 -1 -1 -1 -1 -1 -1 -1 -1 -1 -1 -1 -1 -1 -1 5 24 -1 -1 -1 -1 -1 -1 30 -1 -1 9 -1 -1 -1 0 -1 -1 -1 -1 -1 15 -1 -1 17 -1 -1 -1 -1 -1 -1 -1 -1 -1 -1 23 -1 -1 -1 -1 -1 -1 -1 -1 -1 -1 -1 -1 -1 -1 -1 -1 -1 19 -1 -1 -1 -1 -1 -1 -1 21 20 -1 -1 -1 -1 
-1 -1 -1 4 -1 3 -1 -1 -1 -1 -1 -1 -1 -1 -1 -1 -1 -1 -1 -1 -1 -1 -1 5 24 -1 -1 -1 -1 -1 -1 30 -1 -1 -1 -1 -1 -1 0 -1 -1 -1 -1 -1 15 -1 -1 17 -1 -1 -1 -1 -1 -1 -1 -1 -1 -1 23 -1 -1 -1 -1 -1 -1 -1 -1 -1 -1 -1 -1 -1 -1 -1 -1 -1 19 -1 -1 -1 -1 -1 -1 -1 21 20 -1 -1 -1 -1 
-1 -1 -1 4 -1 3 -1 -1 -1 -1 -1 -1 -1 -1 -1 -1 -1 -1 -1 -1 -1 -1 -1 5 24 -1 -1 -1 -1 -1 -1 30 -1 -1 -1 -1 -1 -1 0 -1 -1 -1 -1 -1 15 -1 -1 17 -1 -1 -1 -1 -1 -1 -1 -1 -1 -1 23 -1 -1 -1 -1 -1 -1 -1 -1 -1 -1 -1 -1 -1 -1 -1 -1 -1 -1 -1 -1 -1 -1 -1 -1 -1 21 20 19 -1 -1 -1 
-1 -1 -1 4 -1 -1 -1 -1 -1 -1 -1 -1 -1 -1 -1 -1 -1 -1 -1 -1 -1 -1 -1 5 24 -1 -1 -1 -1 -1 -1 30 -1 -1 -1 -1 -1 -1 0 -1 -1 -1 -1 -1 15 -1 -1 17 -1 -1 -1 -1 -1 -1 -1 -1 -1 -1 23 -1 -1 -1 -1 -1 -1 -1 -1 -1 -1 -1 -1 -1 -1 -1 -1 -1 -1 -1 -1 -1 -1 -1 -1 -1 21 20 19 -1 -1 -1 
-1 -1 -1 4 -1 -1 -1 -1 -1 -1 -1 -1 -1 -1 -1 -1 -1 -1 -1 -1 -1 -1 -1 5 -1 -1 -1 -1 -1 -1 -1 30 -1 -1 -1 -1 -1 -1 0 -1 -1 -1 -1 -1 15 -1 -1 17 -1 -1 -1 24 -1 -1 -1 -1 -1 -1 23 -1 -1 -1 -1 -1 -1 -1 -1 -1 -1 -1 -1 -1 -1 -1 -1 -1 -1 -1 -1 -1 -1 -1 -1 -1 21 20 19 -1 -1 -1 
-1 -1 -1 4 -1 -1 -1 -1 -1 -1 -1 -1 -1 -1 -1 -1 -1 -1 -1 -1 -1 -1 -1 5 -1 -1 -1 -1 -1 -1 -1 30 -1 -1 9 -1 -1 -1 0 -1 -1 -1 -1 -1 15 -1 -1 17 -1 -1 -1 24 -1 -1 -1 -1 -1 -1 23 -1 -1 -1 -1 -1 -1 -1 -1 -1 -1 -1 -1 -1 -1 -1 -1 -1 -1 -1 -1 -1 -1 -1 -1 -1 21 20 19 -1 -1 -1 
-1 -1 -1 4 -1 -1 -1 -1 -1 -1 -1 -1 -1 29 -1 -1 -1 -1 -1 -1 -1 -1 -1 5 -1 -1 -1 -1 -1 -1 -1 30 -1 -1 9 -1 -1 -1 0 -1 -1 -1 -1 -1 15 -1 -1 17 -1 -1 -1 24 -1 -1 -1 -1 -1 -1 23 -1 -1 -1 -1 -1 -1 -1 -1 -1 -1 -1 -1 -1 -1 -1 -1 -1 -1 -1 -1 -1 -1 -1 -1 -1 21 20 19 -1 -1 -1 
-1 -1 -1 4 -1 -1 -1 -1 -1 -1 -1 -1 -1 29 -1 -1 -1 -1 -1 -1 0 -1 -1 5 -1 -1 -1 -1 -1 -1 -1 30 -1 -1 9 -1 -1 -1 -1 -1 -1 -1 -1 -1 15 -1 -1 17 -1 -1 -1 24 -1 -1 -1 -1 -1 -1 23 -1 -1 -1 -1 -1 -1 -1 -1 -1 -1 -1 -1 -1 -1 -1 -1 -1 -1 -1 -1 -1 -1 -1 -1 -1 21 20 19 -1 -1 -1 
-1 -1 -1 4 -1 -1 -1 -1 -1 -1 -1 -1 -1 29 -1 -1 -1 -1 -1 -1 0 -1 -1 5 -1 -1 -1 -1 -1 -1 -1 30 -1 -1 9 -1 -1 -1 -1 -1 -1 -1 -1 -1 15 -1 -1 17 24 -1 -1 -1 -1 -1 -1 -1 -1 -1 23 -1 -1 -1 -1 -1 -1 -1 -1 -1 -1 -1 -1 -1 -1 -1 -1 -1 -1 -1 -1 -1 -1 -1 -1 -1 21 20 19 -1 -1 -1 
-1 -1 -1 -1 4 -1 -1 -1 -1 -1 -1 -1 -1 29 -1 -1 -1 -1 -1 -1 0 -1 -1 5 -1 -1 -1 -1 -1 -1 -1 30 -1 -1 9 -1 -1 -1 -1 -1 -1 -1 -1 -1 15 -1 -1 17 24 -1 -1 -1 -1 -1 -1 -1 -1 -1 23 -1 -1 -1 -1 -1 -1 -1 -1 -1 -1 -1 -1 -1 -1 -1 -1 -1 -1 -1 -1 -1 -1 -1 -1 -1 21 20 19 -1 -1 -1 
-1 -1 -1 -1 4 -1 -1 -1 -1 -1 -1 -1 -1 29 -1 -1 -1 -1 -1 -1 0 -1 -1 5 -1 -1 -1 -1 -1 -1 -1 30 -1 -1 9 -1 -1 -1 -1 -1 -1 -1 -1 -1 15 -1 -1 17 -1 24 -1 -1 -1 -1 -1 -1 -1 -1 23 -1 -1 -1 -1 -1 -1 -1 -1 -1 -1 -1 -1 -1 -1 -1 -1 -1 -1 -1 -1 -1 -1 -1 -1 -1 21 20 19 -1 -1 -1 
-1 -1 -1 4 -1 -1 -1 -1 -1 -1 -1 -1 -1 29 -1 -1 -1 -1 -1 -1 0 -1 -1 5 -1 -1 -1 -1 -1 -1 -1 30 -1 -1 9 -1 -1 -1 -1 -1 -1 -1 -1 -1 15 -1 -1 17 -1 24 -1 -1 -1 -1 -1 -1 -1 -1 23 -1 -1 -1 -1 -1 -1 -1 -1 -1 -1 -1 -1 -1 -1 -1 -1 -1 -1 -1 -1 -1 -1 -1 -1 -1 21 20 19 -1 -1 -1 
-1 -1 -1 4 -1 -1 -1 -1 -1 -1 -1 -1 -1 29 -1 -1 -1 -1 -1 -1 0 -1 -1 5 -1 -1 -1 -1 -1 -1 -1 30 -1 -1 9 -1 -1 -1 -1 -1 -1 -1 -1 -1 15 -1 -1 17 24 -1 -1 -1 -1 -1 -1 -1 -1 -1 23 -1 -1 -1 -1 -1 -1 -1 -1 -1 -1 -1 -1 -1 -1 -1 -1 -1 -1 -1 -1 -1 -1 -1 -1 -1 21 20 19 -1 -1 -1 
-1 -1 -1 -1 4 -1 -1 -1 -1 -1 -1 -1 -1 29 -1 -1 -1 -1 -1 -1 0 -1 -1 5 -1 -1 -1 -1 -1 -1 -1 30 -1 -1 9 -1 -1 -1 -1 -1 -1 -1 -1 -1 15 -1 -1 17 24 -1 -1 -1 -1 -1 -1 -1 -1 -1 23 -1 -1 -1 -1 -1 -1 -1 -1 -1 -1 -1 -1 -1 -1 -1 -1 -1 -1 -1 -1 -1 -1 -1 -1 -1 21 20 19 -1 -1 -1 
-1 -1 -1 -1 4 -1 -1 -1 -1 -1 -1 -1 -1 29 -1 -1 -1 -1 -1 -1 0 -1 -1 5 -1 -1 -1 -1 -1 -1 -1 30 -1 -1 9 -1 -1 -1 -1 -1 -1 -1 -1 -1 15 -1 -1 17 -1 24 -1 -1 -1 -1 -1 -1 -1 -1 23 -1 -1 -1 -1 -1 -1 -1 -1 -1 -1 -1 -1 -1 -1 -1 -1 -1 -1 -1 -1 -1 -1 -1 -1 -1 21 20 19 -1 -1 -1 
-1 -1 -1 4 -1 -1 -1 -1 -1 -1 -1 -1 -1 29 -1 -1 -1 -1 -1 -1 0 -1 -1 5 -1 -1 -1 -1 -1 -1 -1 30 -1 -1 9 -1 -1 -1 -1 -1 -1 -1 -1 -1 15 -1 -1 17 -1 24 -1 -1 -1 -1 -1 -1 -1 -1 23 -1 -1 -1 -1 -1 -1 -1 -1 -1 -1 -1 -1 -1 -1 -1 -1 -1 -1 -1 -1 -1 -1 -1 -1 -1 21 20 19 -1 -1 -1 
-1 -1 -1 4 -1 -1 -1 -1 -1 -1 -1 -1 -1 29 -1 -1 -1 -1 -1 -1 0 -1 -1 5 -1 -1 -1 -1 -1 -1 17 30 -1 -1 9 -1 -1 -1 -1 -1 -1 -1 -1 -1 15 -1 -1 -1 -1 24 -1 -1 -1 -1 -1 -1 -1 -1 23 -1 -1 -1 -1 -1 -1 -1 -1 -1 -1 -1 -1 -1 -1 -1 -1 -1 -1 -1 -1 -1 -1 -1 -1 -1 21 20 19 -1 -1 -1 
-1 -1 -1 3 -1 -1 -1 -1 -1 -1 -1 -1 -1 29 -1 -1 -1 -1 -1 -1 0 -1 -1 5 -1 -1 -1 -1 -1 -1 17 30 -1 -1 9 -1 -1 -1 -1 -1 -1 -1 -1 -1 15 -1 -1 -1 -1 24 -1 -1 -1 -1 -1 -1 -1 -1 23 -1 -1 -1 -1 -1 -1 -1 -1 -1 -1 -1 -1 -1 -1 -1 -1 -1 -1 -1 -1 -1 -1 -1 -1 -1 21 20 19 -1 -1 -1 
-1 -1 -1 3 -1 -1 -1 -1 -1 -1 -1 -1 -1 29 -1 -1 -1 -1 -1 -1 0 -1 -1 5 -1 -1 -1 -1 -1 -1 17 30 -1 -1 9 -1 -1 -1 -1 -1 -1 -1 -1 -1 15 -1 -1 -1 -1 -1 -1 -1 24 -1 -1 -1 -1 -1 23 -1 -1 -1 -1 -1 -1 -1 -1 -1 -1 -1 -1 -1 -1 -1 -1 -1 -1 -1 -1 -1 -1 -1 -1 -1 21 20 19 -1 -1 -1 
-1 -1 -1 3 -1 -1 -1 -1 -1 -1 -1 -1 -1 29 -1 -1 -1 -1 -1 -1 -1 -1 -1 5 -1 -1 -1 -1 -1 0 17 30 -1 -1 9 -1 -1 -1 -1 -1 -1 -1 -1 -1 15 -1 -1 -1 -1 -1 -1 -1 24 -1 -1 -1 -1 -1 23 -1 -1 -1 -1 -1 -1 -1 -1 -1 -1 -1 -1 -1 -1 -1 -1 -1 -1 -1 -1 -1 -1 -1 -1 -1 21 20 19 -1 -1 -1 
-1 -1 -1 3 -1 -1 -1 -1 -1 -1 -1 -1 -1 29 -1 -1 -1 -1 -1 -1 -1 -1 -1 5 -1 -1 -1 -1 -1 0 -1 30 -1 -1 9 -1 -1 -1 -1 -1 -1 -1 -1 -1 15 -1 -1 17 -1 -1 -1 -1 24 -1 -1 -1 -1 -1 23 -1 -1 -1 -1 -1 -1 -1 -1 -1 -1 -1 -1 -1 -1 -1 -1 -1 -1 -1 -1 -1 -1 -1 -1 -1 21 20 19 -1 -1 -1 
-1 -1 -1 3 -1 -1 -1 -1 -1 -1 -1 -1 -1 29 -1 -1 -1 -1 -1 -1 -1 -1 -1 5 -1 -1 -1 -1 -1 0 -1 30 -1 -1 -1 -1 -1 -1 -1 -1 -1 -1 -1 9 15 -1 -1 17 -1 -1 -1 -1 24 -1 -1 -1 -1 -1 23 -1 -1 -1 -1 -1 -1 -1 -1 -1 -1 -1 -1 -1 -1 -1 -1 -1 -1 -1 -1 -1 -1 -1 -1 -1 21 20 19 -1 -1 -1 
-1 -1 -1 3 -1 -1 -1 -1 -1 -1 -1 -1 29 -1 -1 -1 -1 -1 -1 -1 -1 -1 -1 5 -1 -1 -1 -1 -1 0 -1 30 -1 -1 -1 -1 -1 -1 -1 -1 -1 -1 -1 9 15 -1 -1 17 -1 -1 -1 -1 24 -1 -1 -1 -1 -1 23 -1 -1 -1 -1 -1 -1 -1 -1 -1 -1 -1 -1 -1 -1 -1 -1 -1 -1 -1 -1 -1 -1 -1 -1 -1 21 20 19 -1 -1 -1 
-1 -1 -1 3 -1 -1 -1 -1 -1 -1 -1 -1 29 -1 -1 -1 -1 -1 -1 -1 -1 -1 -1 5 -1 -1 -1 -1 -1 0 -1 30 -1 -1 -1 -1 -1 -1 -1 -1 9 -1 -1 -1 15 -1 -1 17 -1 -1 -1 -1 24 -1 -1 -1 -1 -1 23 -1 -1 -1 -1 -1 -1 -1 -1 -1 -1 -1 -1 -1 -1 -1 -1 -1 -1 -1 -1 -1 -1 -1 -1 -1 21 20 19 -1 -1 -1 
-1 -1 -1 3 -1 -1 -1 -1 -1 -1 -1 -1 29 -1 -1 -1 -1 -1 -1 -1 -1 -1 -1 5 -1 -1 -1 -1 -1 0 -1 30 -1 -1 -1 -1 -1 -1 -1 -1 9 -1 -1 -1 15 -1 -1 17 -1 -1 -1 -1 24 -1 -1 -1 -1 -1 23 -1 -1 -1 -1 -1 -1 -1 -1 -1 -1 -1 -1 -1 -1 -1 -1 -1 19 -1 -1 -1 -1 -1 -1 -1 21 20 -1 -1 -1 -1 
-1 -1 -1 3 -1 -1 -1 -1 -1 -1 -1 -1 29 -1 -1 -1 -1 -1 -1 -1 -1 -1 -1 5 -1 -1 -1 -1 -1 -1 -1 30 -1 -1 -1 -1 -1 -1 0 -1 9 -1 -1 -1 15 -1 -1 17 -1 -1 -1 -1 24 -1 -1 -1 -1 -1 23 -1 -1 -1 -1 -1 -1 -1 -1 -1 -1 -1 -1 -1 -1 -1 -1 -1 19 -1 -1 -1 -1 -1 -1 -1 21 20 -1 -1 -1 -1 
-1 -1 -1 3 -1 -1 -1 -1 -1 -1 -1 -1 29 -1 -1 -1 -1 -1 -1 -1 -1 -1 -1 5 -1 -1 -1 -1 -1 -1 -1 30 -1 -1 -1 -1 -1 -1 0 -1 9 -1 -1 -1 15 -1 -1 17 24 -1 -1 -1 -1 -1 -1 -1 -1 -1 23 -1 -1 -1 -1 -1 -1 -1 -1 -1 -1 -1 -1 -1 -1 -1 -1 -1 19 -1 -1 -1 -1 -1 -1 -1 21 20 -1 -1 -1 -1 
-1 -1 -1 -1 4 -1 -1 -1 -1 -1 -1 -1 29 -1 -1 -1 -1 -1 -1 -1 -1 -1 -1 5 -1 -1 -1 -1 -1 -1 -1 30 -1 -1 -1 -1 -1 -1 0 -1 9 -1 -1 -1 15 -1 -1 17 24 -1 -1 -1 -1 -1 -1 -1 -1 -1 23 -1 -1 -1 -1 -1 -1 -1 -1 -1 -1 -1 -1 -1 -1 -1 -1 -1 19 -1 -1 -1 -1 -1 -1 -1 21 20 -1 -1 -1 -1 
-1 -1 -1 -1 4 -1 -1 -1 -1 -1 -1 -1 29 -1 -1 -1 -1 -1 -1 -1 -1 -1 -1 5 -1 -1 -1 -1 -1 -1 24 30 -1 -1 -1 -1 -1 -1 0 -1 9 -1 -1 -1 15 -1 -1 17 -1 -1 -1 -1 -1 -1 -1 -1 -1 -1 23 -1 -1 -1 -1 -1 -1 -1 -1 -1 -1 -1 -1 -1 -1 -1 -1 -1 19 -1 -1 -1 -1 -1 -1 -1 21 20 -1 -1 -1 -1 
