0 1 2 3 4 5 6 7 8 -1 -1 -1 -1 -1 -1 -1 -1 -1 -1 9 -1 -1 -1 -1 -1 10 -1 11 -1 12 -1 28 -1 14 -1 15 -1 -1 -1 -1 -1 -1 -1 -1 -1 -1 -1 30 -1 -1 -1 -1 -1 -1 -1 -1 -1 -1 29 -1 -1 -1 27 -1 26 -1 -1 -1 -1 -1 25 -1 -1 -1 -1 -1 -1 -1 -1 -1 -1 24 23 22 21 20 19 18 17 16 
0 1 2 3 4 5 6 7 8 -1 -1 -1 -1 -1 -1 -1 -1 -1 -1 -1 9 -1 -1 -1 -1 10 -1 11 -1 12 -1 28 -1 14 -1 15 -1 -1 -1 -1 -1 -1 -1 -1 -1 -1 -1 30 -1 -1 -1 -1 -1 -1 -1 -1 -1 -1 29 -1 -1 -1 27 -1 26 -1 -1 -1 -1 -1 25 -1 -1 -1 -1 -1 -1 -1 -1 -1 -1 24 23 22 21 20 19 18 17 16 
0 1 2 3 4 5 6 7 8 -1 -1 -1 -1 -1 -1 -1 -1 -1 -1 -1 9 -1 -1 -1 -1 10 -1 11 -1 12 -1 28 -1 14 -1 15 -1 -1 -1 -1 -1 -1 -1 -1 -1 -1 -1 30 -1 -1 -1 -1 -1 -1 -1 -1 -1 -1 29 -1 -1 -1 27 -1 26 -1 -1 25 -1 -1 -1 -1 -1 -1 -1 -1 -1 -1 -1 -1 -1 24 23 22 21 20 19 18 17 16 
0 1 -1 3 4 5 6 7 8 -1 -1 -1 -1 -1 -1 -1 -1 -1 -1 -1 9 -1 2 -1 -1 10 -1 11 -1 12 -1 28 -1 14 -1 15 -1 -1 -1 -1 -1 -1 -1 -1 -1 -1 -1 30 -1 -1 -1 -1 -1 -1 -1 -1 -1 -1 29 -1 -1 -1 27 -1 26 -1 -1 25 -1 -1 -1 -1 -1 -1 -1 -1 -1 -1 -1 -1 -1 24 23 22 21 20 19 18 17 16 
0 1 -1 3 4 5 6 7 8 -1 -1 -1 -1 -1 -1 -1 -1 -1 -1 -1 9 -1 2 -1 -1 10 -1 11 -1 12 -1 25 -1 14 -1 15 -1 -1 -1 -1 -1 -1 -1 -1 -1 -1 -1 30 -1 -1 -1 -1 -1 -1 -1 -1 -1 -1 29 -1 -1 -1 27 -1 26 -1 -1 -1 -1 -1 -1 -1 -1 -1 -1 -1 -1 -1 -1 -1 -1 24 23 22 21 20 19 18 17 16 
0 1 -1 -1 4 5 6 7 8 -1 -1 -1 -1 3 -1 -1 -1 -1 -1 -1 9 -1 2 -1 -1 10 -1 11 -1 12 -1 25 -1 14 -1 15 -1 -1 -1 -1 -1 -1 -1 -1 -1 -1 -1 30 -1 -1 -1 -1 -1 -1 -1 -1 -1 -1 29 -1 -1 -1 27 -1 26 -1 -1 -1 -1 -1 -1 -1 -1 -1 -1 -1 -1 -1 -1 -1 -1 24 23 22 21 20 19 18 17 16 
0 1 -1 -1 4 5 6 7 8 -1 -1 -1 -1 3 -1 -1 -1 -1 -1 -1 9 -1 2 -1 -1 10 -1 11 -1 12 -1 25 -1 14 -1 15 -1 -1 -1 -1 -1 -1 -1 -1 -1 -1 -1 30 -1 -1 -1 -1 -1 -1 -1 -1 -1 -1 29 -1 -1 -1 27 -1 26 -1 -1 22 -1 -1 -1 -1 -1 -1 -1 -1 -1 -1 -1 -1 -1 24 23 -1 21 20 19 18 17 16 
0 -1 -1 -1 4 5 6 7 8 -1 -1 -1 1 3 -1 -1 -1 -1 -1 -1 9 -1 2 -1 -1 10 -1 11 -1 12 -1 25 -1 14 -1 15 -1 -1 -1 -1 -1 -1 -1 -1 -1 -1 -1 30 -1 -1 -1 -1 -1 -1 -1 -1 -1 -1 29 -1 -1 -1 27 -1 26 -1 -1 22 -1 -1 -1 -1 -1 -1 -1 -1 -1 -1 -1 -1 -1 24 23 -1 21 20 19 18 17 16 
0 -1 -1 -1 4 5 6 7 8 -1 -1 -1 1 3 -1 -1 -1 -1 -1 -1 9 -1 2 -1 -1 10 -1 11 -1 12 -1 -1 -1 14 -1 15 -1 -1 -1 -1 25 -1 -1 -1 -1 -1 -1 30 -1 -1 -1 -1 -1 -1 -1 -1 -1 -1 29 -1 -1 -1 27 -1 26 -1 -1 22 -1 -1 -1 -1 -1 -1 -1 -1 -1 -1 -1 -1 -1 24 23 -1 21 20 19 18 17 16 
-1 0 -1 -1 4 5 6 7 8 -1 -1 -1 1 3 -1 -1 -1 -1 -1 -1 9 -1 2 -1 -1 10 -1 11 -1 12 -1 -1 -1 14 -1 15 -1 -1 -1 -1 25 -1 -1 -1 -1 -1 -1 30 -1 -1 -1 -1 -1 -1 -1 -1 -1 -1 29 -1 -1 -1 27 -1 26 -1 -1 22 -1 -1 -1 -1 -1 -1 -1 -1 -1 -1 -1 -1 -1 24 23 -1 21 20 19 18 17 16 
-1 0 -1 -1 4 5 6 7 8 -1 -1 -1 1 3 -1 -1 -1 -1 -1 -1 9 -1 2 -1 -1 10 -1 11 -1 12 -1 -1 -1 14 -1 15 -1 -1 -1 -1 25 -1 -1 -1 -1 -1 -1 30 -1 -1 -1 -1 -1 -1 -1 -1 -1 -1 29 -1 -1 -1 27 -1 26 -1 -1 22 -1 -1 -1 -1 -1 -1 -1 23 -1 -1 -1 -1 -1 24 -1 -1 21 20 19 18 17 16 
-1 0 -1 -1 4 5 6 7 -1 -1 -1 -1 1 3 -1 -1 -1 8 -1 -1 9 -1 2 -1 -1 10 -1 11 -1 12 -1 -1 -1 14 -1 15 -1 -1 -1 -1 25 -1 -1 -1 -1 -1 -1 30 -1 -1 -1 -1 -1 -1 -1 -1 -1 -1 29 -1 -1 -1 27 -1 26 -1 -1 22 -1 -1 -1 -1 -1 -1 -1 23 -1 -1 -1 -1 -1 24 -1 -1 21 20 19 18 17 16 
-1 0 -1 -1 4 5 6 7 -1 -1 -1 -1 1 3 -1 -1 -1 8 -1 -1 9 -1 2 -1 -1 10 -1 11 -1 12 -1 -1 -1 14 -1 15 -1 -1 -1 -1 25 -1 -1 -1 -1 -1 -1 30 -1 -1 -1 -1 -1 -1 -1 -1 -1 -1 29 -1 -1 -1 27 -1 26 -1 -1 22 -1 17 -1 -1 -1 -1 -1 23 -1 -1 -1 -1 -1 24 -1 -1 21 20 19 18 -1 16 
-1 0 -1 -1 4 5 6 7 -1 -1 -1 -1 1 3 8 -1 -1 -1 -1 -1 9 -1 2 -1 -1 10 -1 11 -1 12 -1 -1 -1 14 -1 15 -1 -1 -1 -1 25 -1 -1 -1 -1 -1 -1 30 -1 -1 -1 -1 -1 -1 -1 -1 -1 -1 29 -1 -1 -1 27 -1 26 -1 -1 22 -1 17 -1 -1 -1 -1 -1 23 -1 -1 -1 -1 -1 24 -1 -1 21 20 19 18 -1 16 
-1 0 -1 -1 4 5 6 7 -1 -1 -1 -1 1 3 8 -1 -1 -1 -1 -1 9 -1 2 -1 -1 10 -1 11 -1 12 -1 -1 -1 14 -1 15 -1 -1 -1 -1 25 -1 -1 -1 -1 -1 -1 30 -1 -1 -1 -1 -1 -1 -1 -1 -1 -1 29 -1 -1 -1 27 -1 26 -1 -1 22 -1 17 -1 -1 -1 -1 -1 23 -1 -1 -1 -1 -1 -1 24 -1 21 20 19 18 -1 16 
-1 -1 -1 -1 4 5 6 7 -1 -1 -1 -1 1 3 8 -1 -1 -1 -1 -1 9 -1 2 -1 -1 10 -1 11 -1 12 -1 -1 -1 14 -1 15 -1 0 -1 -1 25 -1 -1 -1 -1 -1 -1 30 -1 -1 -1 -1 -1 -1 -1 -1 -1 -1 29 -1 -1 -1 27 -1 26 -1 -1 22 -1 17 -1 -1 -1 -1 -1 23 -1 -1 -1 -1 -1 -1 24 -1 21 20 19 18 -1 16 
-1 -1 -1 -1 4 5 6 7 -1 -1 -1 -1 1 3 8 -1 -1 -1 -1 -1 9 -1 2 -1 -1 10 -1 11 -1 12 -1 -1 -1 14 -1 15 -1 0 -1 -1 25 -1 -1 -1 -1 -1 -1 30 -1 29 -1 -1 -1 -1 -1 -1 -1 -1 -1 -1 -1 -1 27 -1 26 -1 -1 22 -1 17 -1 -1 -1 -1 -1 23 -1 -1 -1 -1 -1 -1 24 -1 21 20 19 18 -1 16 
-1 -1 -1 -1 4 5 6 7 -1 -1 -1 -1 1 3 -1 -1 -1 -1 -1 -1 9 -1 2 -1 -1 10 -1 11 -1 12 -1 -1 -1 14 -1 15 -1 0 -1 -1 25 -1 -1 -1 -1 -1 -1 30 -1 29 -1 -1 -1 -1 -1 -1 -1 -1 -1 8 -1 -1 27 -1 26 -1 -1 22 -1 17 -1 -1 -1 -1 -1 23 -1 -1 -1 -1 -1 -1 24 -1 21 20 19 18 -1 16 
-1 -1 -1 -1 4 5 6 7 -1 -1 -1 -1 1 3 -1 -1 -1 -1 -1 -1 9 -1 2 -1 -1 10 -1 11 -1 12 -1 -1 -1 14 -1 15 -1 0 -1 -1 25 -1 -1 -1 -1 -1 -1 30 -1 29 -1 28 -1 -1 -1 -1 -1 -1 -1 8 -1 -1 27 -1 26 -1 -1 22 -1 17 -1 -1 -1 -1 -1 23 -1 -1 -1 -1 -1 -1 24 -1 21 20 19 18 -1 16 
-1 -1 -1 -1 4 5 6 7 -1 -1 -1 -1 1 3 -1 -1 -1 -1 -1 -1 9 -1 2 -1 -1 10 -1 11 -1 12 -1 -1 -1 14 -1 15 -1 0 -1 -1 25 -1 -1 -1 -1 -1 -1 30 -1 29 -1 28 -1 -1 8 -1 -1 -1 -1 -1 -1 -1 27 -1 26 -1 -1 22 -1 17 -1 -1 -1 -1 -1 23 -1 -1 -1 -1 -1 -1 24 -1 21 20 19 18 -1 16 
-1 -1 -1 -1 4 5 6 7 -1 -1 -1 -1 1 3 -1 -1 -1 -1 -1 -1 9 -1 2 -1 -1 10 -1 11 -1 12 -1 -1 -1 14 -1 15 -1 0 -1 -1 25 -1 -1 -1 -1 -1 -1 30 -1 29 -1 28 -1 -1 8 -1 -1 -1 -1 -1 -1 -1 27 -1 26 -1 -1 22 -1 17 -1 -1 -1 -1 -1 23 -1 -1 -1 -1 16 -1 24 -1 21 20 19 18 -1 -1 
-1 -1 -1 -1 4 5 6 -1 -1 -1 -1 -1 1 3 -1 -1 -1 -1 -1 -1 9 -1 2 -1 7 10 -1 11 -1 12 -1 -1 -1 14 -1 15 -1 0 -1 -1 25 -1 -1 -1 -1 -1 -1 30 -1 29 -1 28 -1 -1 8 -1 -1 -1 -1 -1 -1 -1 27 -1 26 -1 -1 22 -1 17 -1 -1 -1 -1 -1 23 -1 -1 -1 -1 16 -1 24 -1 21 20 19 18 -1 -1 
-1 -1 -1 -1 4 5 6 -1 -1 -1 -1 -1 1 3 -1 -1 -1 -1 -1 -1 9 -1 2 -1 7 10 -1 11 -1 12 -1 -1 -1 14 -1 15 -1 0 -1 -1 25 -1 -1 -1 -1 -1 -1 30 -1 29 -1 28 -1 -1 8 -1 -1 -1 -1 -1 -1 -1 27 -1 26 -1 -1 22 -1 17 -1 -1 -1 -1 -1 23 -1 -1 -1 16 -1 -1 24 -1 21 20 19 18 -1 -1 
-1 -1 -1 -1 4 5 6 -1 -1 -1 -1 -1 1 3 -1 -1 -1 -1 -1 -1 9 -1 2 -1 7 10 -1 11 -1 12 -1 -1 -1 14 -1 15 -1 0 -1 -1 25 -1 -1 -1 -1 -1 -1 30 -1 29 -1 28 -1 -1 -1 -1 -1 -1 -1 -1 -1 -1 27 -1 26 -1 -1 22 -1 17 -1 -1 8 -1 -1 23 -1 -1 -1 16 -1 -1 24 -1 21 20 19 18 -1 -1 
-1 -1 -1 -1 4 5 6 -1 -1 -1 -1 -1 1 3 -1 -1 -1 -1 -1 -1 9 -1 2 -1 7 10 -1 11 -1 12 -1 -1 -1 14 -1 15 -1 0 -1 -1 25 -1 -1 -1 -1 -1 26 30 -1 29 -1 28 -1 -1 -1 -1 -1 -1 -1 -1 -1 -1 27 -1 -1 -1 -1 22 -1 17 -1 -1 8 -1 -1 23 -1 -1 -1 16 -1 -1 24 -1 21 20 19 18 -1 -1 
-1 -1 -1 -1 4 5 6 -1 -1 -1 -1 -1 1 3 -1 -1 -1 -1 -1 9 -1 -1 2 -1 7 10 -1 11 -1 12 -1 -1 -1 14 -1 15 -1 0 -1 -1 25 -1 -1 -1 -1 -1 26 30 -1 29 -1 28 -1 -1 -1 -1 -1 -1 -1 -1 -1 -1 27 -1 -1 -1 -1 22 -1 17 -1 -1 8 -1 -1 23 -1 -1 -1 16 -1 -1 24 -1 21 20 19 18 -1 -1 
-1 -1 -1 -1 4 5 6 -1 -1 -1 -1 -1 1 3 -1 -1 -1 -1 -1 9 -1 -1 2 -1 7 10 -1 11 -1 12 -1 -1 -1 14 -1 15 -1 0 30 -1 25 -1 -1 -1 -1 -1 26 -1 -1 29 -1 28 -1 -1 -1 -1 -1 -1 -1 -1 -1 -1 27 -1 -1 -1 -1 22 -1 17 -1 -1 8 -1 -1 23 -1 -1 -1 16 -1 -1 24 -1 21 20 19 18 -1 -1 
-1 -1 -1 -1 4 5 6 -1 -1 -1 -1 -1 1 3 -1 -1 -1 -1 -1 9 -1 -1 2 -1 7 10 -1 11 -1 12 -1 -1 -1 14 -1 15 -1 -1 0 -1 25 -1 -1 -1 -1 -1 26 -1 -1 29 -1 28 -1 -1 -1 -1 -1 -1 -1 -1 -1 -1 27 -1 -1 -1 -1 22 -1 17 -1 -1 8 -1 -1 23 -1 -1 -1 16 -1 -1 24 -1 21 20 19 18 -1 -1 
-1 -1 -1 -1 4 5 6 -1 -1 -1 -1 -1 1 3 -1 -1 -1 -1 -1 9 -1 -1 2 -1 7 10 -1 11 -1 12 -1 -1 -1 14 -1 15 -1 -1 0 -1 25 -1 -1 -1 -1 -1 -1 -1 26 29 -1 28 -1 -1 -1 -1 -1 -1 -1 -1 -1 -1 27 -1 -1 -1 -1 22 -1 17 -1 -1 8 -1 -1 23 -1 -1 -1 16 -1 -1 24 -1 21 20 19 18 -1 -1 
-1 -1 -1 -1 4 5 6 -1 -1 -1 -1 -1 1 3 -1 -1 -1 -1 -1 9 -1 -1 2 -1 -1 10 -1 11 -1 12 -1 7 -1 14 -1 15 -1 -1 0 -1 25 -1 -1 -1 -1 -1 -1 -1 26 29 -1 28 -1 -1 -1 -1 -1 -1 -1 -1 -1 -1 27 -1 -1 -1 -1 22 -1 17 -1 -1 8 -1 -1 23 -1 -1 -1 16 -1 -1 24 -1 21 20 19 18 -1 -1 
-1 -1 -1 -1 4 5 6 -1 -1 -1 -1 -1 1 3 -1 -1 -1 -1 -1 9 -1 -1 2 -1 -1 10 -1 11 -1 12 -1 7 -1 14 -1 15 -1 -1 0 -1 25 -1 -1 -1 -1 -1 -1 -1 26 29 -1 28 -1 -1 -1 -1 -1 -1 17 -1 -1 -1 27 -1 -1 -1 -1 22 -1 -1 -1 -1 8 -1 -1 23 -1 -1 -1 16 -1 -1 24 -1 21 20 19 18 -1 -1 
-1 -1 -1 -1 4 5 6 -1 -1 -1 -1 -1 1 3 -1 -1 -1 -1 -1 9 -1 -1 2 -1 -1 10 -1 11 -1 12 -1 7 -1 14 -1 15 -1 -1 -1 -1 25 -1 -1 -1 -1 -1 -1 -1 26 29 -1 28 -1 -1 -1 -1 -1 -1 17 -1 -1 -1 27 -1 -1 -1 -1 22 -1 -1 -1 -1 8 -1 0 23 -1 -1 -1 16 -1 -1 24 -1 21 20 19 18 -1 -1 
-1 -1 -1 -1 4 5 6 -1 -1 -1 -1 -1 1 3 -1 -1 -1 -1 -1 9 -1 -1 2 -1 -1 10 -1 11 -1 12 -1 7 -1 14 -1 15 -1 -1 -1 -1 25 -1 -1 -1 -1 -1 -1 22 26 29 -1 28 -1 -1 -1 -1 -1 -1 17 -1 -1 -1 27 -1 -1 -1 -1 -1 -1 -1 -1 -1 8 -1 0 23 -1 -1 -1 16 -1 -1 24 -1 21 20 19 18 -1 -1 
-1 -1 -1 -1 4 5 6 -1 -1 -1 -1 -1 1 3 -1 -1 -1 -1 -1 9 -1 -1 2 -1 -1 10 -1 11 -1 -1 -1 7 -1 14 -1 15 -1 -1 12 -1 25 -1 -1 -1 -1 -1 -1 22 26 29 -1 28 -1 -1 -1 -1 -1 -1 17 -1 -1 -1 27 -1 -1 -1 -1 -1 -1 -1 -1 -1 8 -1 0 23 -1 -1 -1 16 -1 -1 24 -1 21 20 19 18 -1 -1 
-1 -1 -1 -1 4 5 6 -1 -1 -1 -1 -1 1 3 -1 -1 -1 -1 -1 9 -1 -1 2 -1 -1 10 -1 11 -1 -1 -1 7 -1 14 -1 15 -1 -1 12 -1 25 -1 -1 -1 -1 -1 -1 22 -1 29 -1 28 -1 -1 -1 -1 -1 -1 17 -1 -1 -1 27 -1 -1 -1 26 -1 -1 -1 -1 -1 8 -1 0 23 -1 -1 -1 16 -1 -1 24 -1 21 20 19 18 -1 -1 
-1 -1 -1 -1 4 5 6 -1 -1 -1 -1 -1 1 3 -1 -1 -1 -1 -1 9 -1 -1 2 -1 -1 10 -1 11 -1 -1 -1 7 -1 14 -1 15 -1 -1 -1 -1 25 -1 -1 -1 -1 -1 -1 12 -1 29 -1 28 -1 -1 -1 -1 -1 -1 17 -1 -1 -1 27 -1 -1 -1 26 -1 -1 -1 -1 -1 8 -1 0 23 -1 -1 -1 16 -1 -1 24 -1 21 20 19 18 -1 -1 
-1 -1 -1 -1 4 5 6 -1 -1 -1 -1 -1 1 3 -1 -1 -1 -1 -1 9 -1 -1 2 -1 -1 10 -1 11 -1 -1 -1 7 -1 14 -1 15 -1 -1 -1 -1 25 -1 -1 -1 -1 -1 -1 12 -1 29 -1 28 -1 -1 -1 -1 -1 -1 17 -1 -1 -1 27 -1 -1 -1 -1 -1 26 -1 -1 -1 8 -1 0 23 -1 -1 -1 16 -1 -1 24 -1 21 20 19 18 -1 -1 
-1 -1 -1 -1 4 5 6 -1 -1 -1 -1 -1 1 3 -1 -1 -1 -1 -1 9 -1 -1 2 -1 -1 10 -1 11 -1 -1 -1 7 -1 14 -1 15 -1 -1 -1 -1 25 -1 -1 -1 -1 -1 12 -1 -1 29 -1 28 -1 -1 -1 -1 -1 -1 17 -1 -1 -1 27 -1 -1 -1 -1 -1 26 -1 -1 -1 8 -1 0 23 -1 -1 -1 16 -1 -1 24 -1 21 20 19 18 -1 -1 
-1 -1 -1 -1 4 5 6 -1 -1 -1 -1 -1 1 3 -1 -1 -1 -1 -1 9 -1 -1 2 -1 -1 10 -1 11 -1 -1 -1 7 -1 14 -1 15 -1 -1 -1 -1 25 -1 -1 -1 -1 -1 24 -1 -1 29 -1 28 -1 -1 -1 -1 -1 -1 17 -1 -1 -1 27 -1 -1 -1 -1 -1 26 -1 -1 -1 8 -1 0 23 -1 -1 -1 16 -1 -1 -1 -1 21 20 19 18 -1 -1 
-1 -1 -1 -1 4 5 6 -1 -1 -1 -1 -1 1 3 -1 -1 -1 -1 -1 9 -1 -1 2 -1 -1 10 -1 11 -1 -1 -1 7 -1 14 -1 15 -1 -1 -1 -1 25 -1 -1 -1 -1 -1 24 -1 -1 29 -1 28 -1 -1 -1 -1 -1 -1 17 -1 -1 -1 27 -1 -1 -1 -1 -1 26 -1 -1 -1 -1 -1 0 23 -1 -1 -1 16 -1 8 -1 -1 21 20 19 18 -1 -1 
-1 -1 -1 -1 4 5 6 -1 -1 -1 -1 -1 1 3 -1 -1 -1 -1 -1 9 -1 -1 2 -1 -1 10 -1 11 -1 -1 -1 7 -1 14 -1 15 -1 -1 -1 -1 25 -1 -1 -1 -1 -1 24 -1 -1 29 -1 28 -1 -1 -1 -1 -1 -1 17 -1 -1 -1 27 -1 -1 -1 26 -1 -1 -1 -1 -1 -1 -1 0 23 -1 -1 -1 16 -1 8 -1 -1 21 20 19 18 -1 -1 
-1 -1 -1 -1 4 5 6 -1 -1 -1 -1 -1 1 3 -1 -1 -1 -1 -1 9 -1 -1 2 -1 -1 10 -1 11 -1 -1 -1 -1 -1 14 -1 15 -1 -1 7 -1 25 -1 -1 -1 -1 -1 24 -1 -1 29 -1 28 -1 -1 -1 -1 -1 -1 17 -1 -1 -1 27 -1 -1 -1 26 -1 -1 -1 -1 -1 -1 -1 0 23 -1 -1 -1 16 -1 8 -1 -1 21 20 19 18 -1 -1 
-1 -1 -1 -1 4 5 6 -1 -1 -1 -1 -1 1 3 -1 -1 -1 -1 -1 9 -1 -1 2 -1 -1 10 -1 11 -1 -1 -1 -1 -1 14 -1 15 -1 -1 7 -1 25 -1 -1 -1 -1 -1 24 -1 -1 29 -1 28 -1 -1 -1 -1 -1 -1 17 -1 -1 -1 27 -1 -1 -1 26 -1 23 -1 -1 -1 -1 -1 0 -1 -1 -1 -1 16 -1 8 -1 -1 21 20 19 18 -1 -1 
-1 -1 -1 -1 4 5 6 -1 -1 -1 -1 -1 1 3 -1 -1 -1 -1 -1 9 -1 -1 2 -1 -1 10 -1 11 -1 -1 -1 -1 -1 14 -1 15 -1 -1 7 -1 25 -1 -1 -1 -1 -1 24 -1 -1 29 -1 28 -1 -1 -1 -1 0 -1 17 -1 -1 -1 27 -1 -1 -1 26 -1 23 -1 -1 -1 -1 -1 -1 -1 -1 -1 -1 16 -1 8 -1 -1 21 20 19 18 -1 -1 
-1 -1 -1 -1 4 5 6 -1 -1 -1 -1 -1 1 3 -1 -1 -1 -1 -1 9 -1 -1 2 -1 -1 10 -1 11 -1 -1 -1 -1 -1 14 -1 15 -1 -1 7 -1 25 -1 -1 -1 -1 -1 24 -1 -1 29 -1 28 -1 -1 -1 -1 0 -1 17 -1 -1 -1 27 -1 -1 -1 26 -1 23 -1 -1 -1 -1 -1 -1 16 -1 -1 -1 -1 -1 8 -1 -1 21 20 19 18 -1 -1 
-1 -1 -1 -1 4 5 6 -1 -1 -1 -1 -1 -1 3 -1 -1 -1 -1 -1 9 -1 -1 2 -1 -1 10 -1 11 -1 1 -1 -1 -1 14 -1 15 -1 -1 7 -1 25 -1 -1 -1 -1 -1 24 -1 -1 29 -1 28 -1 -1 -1 -1 0 -1 17 -1 -1 -1 27 -1 -1 -1 26 -1 23 -1 -1 -1 -1 -1 -1 16 -1 -1 -1 -1 -1 8 -1 -1 21 20 19 18 -1 -1 
-1 -1 -1 -1 4 5 6 -1 -1 -1 -1 -1 -1 3 -1 -1 -1 -1 -1 9 -1 -1 2 -1 -1 10 -1 11 -1 1 26 -1 -1 14 -1 15 -1 -1 7 -1 25 -1 -1 -1 -1 -1 24 -1 -1 29 -1 28 -1 -1 -1 -1 0 -1 17 -1 -1 -1 27 -1 -1 -1 -1 -1 23 -1 -1 -1 -1 -1 -1 16 -1 -1 -1 -1 -1 8 -1 -1 21 20 19 18 -1 -1 
-1 -1 -1 -1 4 5 6 -1 -1 -1 -1 -1 -1 3 -1 -1 -1 -1 -1 9 -1 -1 2 -1 -1 10 -1 11 -1 1 26 -1 -1 14 -1 15 -1 -1 -1 -1 25 -1 -1 -1 -1 -1 24 -1 -1 29 -1 28 -1 -1 -1 -1 0 7 17 -1 -1 -1 27 -1 -1 -1 -1 -1 23 -1 -1 -1 -1 -1 -1 16 -1 -1 -1 -1 -1 8 -1 -1 21 20 19 18 -1 -1 
-1 -1 -1 -1 4 5 6 -1 -1 -1 -1 -1 -1 3 -1 -1 -1 -1 -1 9 -1 -1 2 -1 -1 10 -1 11 -1 1 26 -1 -1 14 -1 15 -1 -1 -1 -1 25 -1 -1 -1 -1 -1 24 -1 -1 29 -1 28 -1 -1 -1 -1 0 16 17 -1 -1 -1 27 -1 -1 -1 -1 -1 23 -1 -1 -1 -1 -1 -1 -1 -1 -1 -1 -1 -1 8 -1 -1 21 20 19 18 -1 -1 
-1 -1 -1 -1 4 5 6 -1 -1 -1 -1 -1 -1 3 -1 -1 -1 -1 -1 9 -1 -1 2 -1 -1 10 -1 11 -1 1 26 -1 -1 14 -1 15 -1 -1 -1 -1 25 -1 -1 -1 -1 -1 24 -1 -1 29 -1 28 -1 -1 -1 -1 -1 0 17 -1 -1 -1 27 -1 -1 -1 -1 -1 23 -1 -1 -1 -1 -1 -1 -1 -1 -1 -1 -1 -1 8 -1 -1 21 20 19 18 -1 -1 
-1 -1 -1 -1 4 5 6 -1 -1 -1 -1 -1 -1 3 -1 -1 -1 -1 -1 9 -1 -1 2 -1 -1 10 -1 11 -1 1 26 -1 -1 14 -1 15 -1 -1 -1 -1 25 -1 -1 -1 -1 -1 24 -1 -1 29 -1 28 -1 -1 -1 -1 -1 23 17 -1 -1 -1 27 -1 -1 -1 -1 -1 -1 -1 -1 -1 -1 -1 -1 -1 -1 -1 -1 -1 -1 8 -1 -1 21 20 19 18 -1 -1 
-1 -1 -1 -1 4 5 6 -1 -1 -1 -1 -1 -1 3 -1 -1 -1 -1 -1 9 -1 -1 2 -1 -1 10 -1 11 -1 -1 26 -1 -1 14 -1 15 -1 -1 -1 -1 25 -1 -1 -1 -1 -1 1 -1 -1 29 -1 28 -1 -1 -1 -1 -1 23 17 -1 -1 -1 27 -1 -1 -1 -1 -1 -1 -1 -1 -1 -1 -1 -1 -1 -1 -1 -1 -1 -1 8 -1 -1 21 20 19 18 -1 -1 
-1 -1 -1 -1 4 5 6 -1 -1 -1 -1 -1 -1 3 -1 -1 -1 -1 -1 9 -1 -1 2 -1 -1 10 -1 11 -1 -1 26 -1 -1 14 -1 15 -1 -1 -1 -1 25 -1 -1 -1 -1 -1 23 -1 -1 29 -1 28 -1 -1 -1 -1 -1 -1 17 -1 -1 -1 27 -1 -1 -1 -1 -1 -1 -1 -1 -1 -1 -1 -1 -1 -1 -1 -1 -1 -1 8 -1 -1 21 20 19 18 -1 -1 
-1 -1 -1 -1 4 5 6 -1 -1 -1 -1 -1 -1 3 -1 -1 -1 -1 -1 9 -1 -1 2 -1 -1 -1 -1 11 -1 -1 26 -1 -1 14 -1 15 -1 -1 -1 -1 25 -1 -1 -1 -1 -1 23 -1 -1 29 -1 28 10 -1 -1 -1 -1 -1 17 -1 -1 -1 27 -1 -1 -1 -1 -1 -1 -1 -1 -1 -1 -1 -1 -1 -1 -1 -1 -1 -1 8 -1 -1 21 20 19 18 -1 -1 
-1 -1 -1 -1 4 5 6 -1 -1 -1 -1 -1 -1 3 -1 -1 -1 -1 -1 9 -1 -1 2 -1 -1 -1 -1 11 -1 -1 26 -1 -1 14 -1 15 -1 -1 -1 -1 25 -1 -1 -1 -1 -1 23 17 -1 29 -1 28 10 -1 -1 -1 -1 -1 -1 -1 -1 -1 27 -1 -1 -1 -1 -1 -1 -1 -1 -1 -1 -1 -1 -1 -1 -1 -1 -1 -1 8 -1 -1 21 20 19 18 -1 -1 
-1 -1 -1 -1 4 5 6 -1 -1 -1 -1 -1 -1 3 -1 -1 -1 -1 -1 -1 -1 9 2 -1 -1 -1 -1 11 -1 -1 26 -1 -1 14 -1 15 -1 -1 -1 -1 25 -1 -1 -1 -1 -1 23 17 -1 29 -1 28 10 -1 -1 -1 -1 -1 -1 -1 -1 -1 27 -1 -1 -1 -1 -1 -1 -1 -1 -1 -1 -1 -1 -1 -1 -1 -1 -1 -1 8 -1 -1 21 20 19 18 -1 -1 
-1 -1 -1 -1 4 5 6 -1 -1 -1 -1 -1 -1 3 -1 -1 -1 -1 -1 -1 -1 9 2 -1 -1 -1 -1 11 -1 -1 -1 26 -1 14 -1 15 -1 -1 -1 -1 25 -1 -1 -1 -1 -1 23 17 -1 29 -1 28 10 -1 -1 -1 -1 -1 -1 -1 -1 -1 27 -1 -1 -1 -1 -1 -1 -1 -1 -1 -1 -1 -1 -1 -1 -1 -1 -1 -1 8 -1 -1 21 20 19 18 -1 -1 
-1 -1 -1 -1 4 5 6 -1 -1 -1 -1 -1 -1 3 -1 -1 -1 -1 -1 -1 -1 9 2 -1 -1 -1 -1 11 -1 -1 -1 26 -1 14 -1 15 -1 -1 -1 -1 25 -1 -1 -1 -1 -1 23 17 -1 29 -1 28 10 -1 -1 -1 -1 -1 -1 -1 -1 -1 27 -1 -1 -1 -1 -1 -1 -1 -1 -1 -1 -1 -1 -1 -1 -1 -1 -1 -1 -1 8 -1 21 20 19 18 -1 -1 
-1 -1 -1 -1 4 5 6 -1 -1 -1 -1 -1 -1 3 -1 -1 -1 -1 -1 -1 -1 9 2 -1 -1 -1 -1 11 17 -1 -1 26 -1 14 -1 15 -1 -1 -1 -1 25 -1 -1 -1 -1 -1 23 -1 -1 29 -1 28 10 -1 -1 -1 -1 -1 -1 -1 -1 -1 27 -1 -1 -1 -1 -1 -1 -1 -1 -1 -1 -1 -1 -1 -1 -1 -1 -1 -1 -1 8 -1 21 20 19 18 -1 -1 
-1 -1 -1 -1 4 5 6 -1 -1 -1 -1 -1 9 3 -1 -1 -1 -1 -1 -1 -1 -1 2 -1 -1 -1 -1 11 17 -1 -1 26 -1 14 -1 15 -1 -1 -1 -1 25 -1 -1 -1 -1 -1 23 -1 -1 29 -1 28 10 -1 -1 -1 -1 -1 -1 -1 -1 -1 27 -1 -1 -1 -1 -1 -1 -1 -1 -1 -1 -1 -1 -1 -1 -1 -1 -1 -1 -1 8 -1 21 20 19 18 -1 -1 
-1 -1 -1 -1 4 5 6 -1 -1 -1 -1 -1 9 3 -1 -1 -1 -1 -1 -1 -1 -1 2 -1 -1 -1 -1 11 17 23 -1 26 -1 14 -1 15 -1 -1 -1 -1 25 -1 -1 -1 -1 -1 -1 -1 -1 29 -1 28 10 -1 -1 -1 -1 -1 -1 -1 -1 -1 27 -1 -1 -1 -1 -1 -1 -1 -1 -1 -1 -1 -1 -1 -1 -1 -1 -1 -1 -1 8 -1 21 20 19 18 -1 -1 
-1 -1 -1 -1 4 5 6 -1 -1 -1 -1 -1 9 3 -1 -1 10 -1 -1 -1 -1 -1 2 -1 -1 -1 -1 11 17 23 -1 26 -1 14 -1 15 -1 -1 -1 -1 25 -1 -1 -1 -1 -1 -1 -1 -1 29 -1 28 -1 -1 -1 -1 -1 -1 -1 -1 -1 -1 27 -1 -1 -1 -1 -1 -1 -1 -1 -1 -1 -1 -1 -1 -1 -1 -1 -1 -1 -1 8 -1 21 20 19 18 -1 -1 
-1 -1 -1 -1 4 5 6 -1 -1 -1 -1 -1 9 3 -1 -1 10 -1 -1 -1 -1 -1 2 -1 -1 -1 -1 11 -1 23 -1 26 -1 14 -1 15 -1 -1 -1 -1 25 -1 -1 -1 -1 -1 -1 17 -1 29 -1 28 -1 -1 -1 -1 -1 -1 -1 -1 -1 -1 27 -1 -1 -1 -1 -1 -1 -1 -1 -1 -1 -1 -1 -1 -1 -1 -1 -1 -1 -1 8 -1 21 20 19 18 -1 -1 
-1 -1 -1 -1 4 5 6 -1 -1 -1 -1 -1 9 3 -1 -1 10 -1 -1 -1 -1 -1 2 -1 -1 -1 -1 11 -1 23 -1 26 -1 14 -1 15 -1 8 -1 -1 25 -1 -1 -1 -1 -1 -1 17 -1 29 -1 28 -1 -1 -1 -1 -1 -1 -1 -1 -1 -1 27 -1 -1 -1 -1 -1 -1 -1 -1 -1 -1 -1 -1 -1 -1 -1 -1 -1 -1 -1 -1 -1 21 20 19 18 -1 -1 
-1 -1 -1 -1 4 5 6 -1 -1 -1 -1 -1 9 3 -1 -1 10 -1 -1 -1 -1 -1 2 -1 -1 -1 -1 26 -1 23 -1 -1 -1 14 -1 15 -1 8 -1 -1 25 -1 -1 -1 -1 -1 -1 17 -1 29 -1 28 -1 -1 -1 -1 -1 -1 -1 -1 -1 -1 27 -1 -1 -1 -1 -1 -1 -1 -1 -1 -1 -1 -1 -1 -1 -1 -1 -1 -1 -1 -1 -1 21 20 19 18 -1 -1 
-1 -1 -1 -1 4 5 6 -1 -1 -1 -1 -1 9 3 -1 -1 10 -1 -1 -1 -1 -1 2 -1 -1 -1 -1 26 -1 23 -1 -1 -1 14 -1 15 -1 -1 8 -1 25 -1 -1 -1 -1 -1 -1 17 -1 29 -1 28 -1 -1 -1 -1 -1 -1 -1 -1 -1 -1 27 -1 -1 -1 -1 -1 -1 -1 -1 -1 -1 -1 -1 -1 -1 -1 -1 -1 -1 -1 -1 -1 21 20 19 18 -1 -1 
-1 -1 -1 -1 4 5 6 -1 -1 -1 -1 -1 9 3 -1 -1 10 -1 -1 -1 -1 -1 2 -1 -1 -1 -1 26 -1 -1 -1 -1 -1 14 -1 15 23 -1 8 -1 25 -1 -1 -1 -1 -1 -1 17 -1 29 -1 28 -1 -1 -1 -1 -1 -1 -1 -1 -1 -1 27 -1 -1 -1 -1 -1 -1 -1 -1 -1 -1 -1 -1 -1 -1 -1 -1 -1 -1 -1 -1 -1 21 20 19 18 -1 -1 
-1 -1 -1 -1 4 5 6 -1 -1 -1 -1 9 -1 3 -1 -1 10 -1 -1 -1 -1 -1 2 -1 -1 -1 -1 26 -1 -1 -1 -1 -1 14 -1 15 23 -1 8 -1 25 -1 -1 -1 -1 -1 -1 17 -1 29 -1 28 -1 -1 -1 -1 -1 -1 -1 -1 -1 -1 27 -1 -1 -1 -1 -1 -1 -1 -1 -1 -1 -1 -1 -1 -1 -1 -1 -1 -1 -1 -1 -1 21 20 19 18 -1 -1 
-1 -1 -1 -1 4 5 6 -1 -1 -1 -1 9 -1 3 -1 -1 10 -1 -1 -1 -1 -1 2 -1 -1 -1 -1 26 -1 -1 -1 -1 -1 14 -1 15 23 -1 8 -1 25 -1 -1 -1 -1 -1 -1 17 -1 29 -1 28 -1 -1 -1 -1 -1 -1 -1 -1 -1 -1 27 -1 -1 -1 -1 18 -1 -1 -1 -1 -1 -1 -1 -1 -1 -1 -1 -1 -1 -1 -1 -1 21 20 19 -1 -1 -1 
-1 -1 -1 -1 4 5 6 -1 -1 -1 -1 9 -1 3 -1 -1 -1 -1 -1 -1 -1 -1 2 -1 -1 -1 -1 26 -1 -1 -1 -1 -1 14 -1 15 23 -1 8 -1 25 -1 -1 -1 -1 -1 -1 17 -1 29 -1 28 10 -1 -1 -1 -1 -1 -1 -1 -1 -1 27 -1 -1 -1 -1 18 -1 -1 -1 -1 -1 -1 -1 -1 -1 -1 -1 -1 -1 -1 -1 -1 21 20 19 -1 -1 -1 
-1 -1 -1 -1 4 5 6 -1 -1 -1 -1 9 -1 3 -1 -1 -1 -1 -1 -1 -1 -1 2 -1 -1 -1 -1 -1 -1 -1 -1 26 -1 14 -1 15 23 -1 8 -1 25 -1 -1 -1 -1 -1 -1 17 -1 29 -1 28 10 -1 -1 -1 -1 -1 -1 -1 -1 -1 27 -1 -1 -1 -1 18 -1 -1 -1 -1 -1 -1 -1 -1 -1 -1 -1 -1 -1 -1 -1 -1 21 20 19 -1 -1 -1 
-1 -1 -1 -1 4 5 6 -1 -1 -1 -1 -1 -1 3 -1 -1 -1 -1 -1 -1 -1 -1 2 -1 -1 -1 -1 -1 -1 -1 -1 26 -1 14 -1 15 23 -1 8 -1 25 -1 -1 -1 -1 -1 -1 9 -1 29 -1 28 10 -1 -1 -1 -1 -1 -1 -1 -1 -1 27 -1 -1 -1 -1 18 -1 -1 -1 -1 -1 -1 -1 -1 -1 -1 -1 -1 -1 -1 -1 -1 21 20 19 -1 -1 -1 
-1 -1 -1 -1 4 5 6 -1 -1 -1 -1 -1 -1 3 -1 -1 -1 -1 -1 -1 -1 -1 2 -1 -1 -1 -1 -1 -1 -1 -1 26 -1 14 -1 15 -1 -1 8 -1 25 -1 -1 -1 -1 -1 -1 23 -1 29 -1 28 10 -1 -1 -1 -1 -1 -1 -1 -1 -1 27 -1 -1 -1 -1 18 -1 -1 -1 -1 -1 -1 -1 -1 -1 -1 -1 -1 -1 -1 -1 -1 21 20 19 -1 -1 -1 
-1 -1 -1 -1 4 5 6 -1 -1 -1 -1 -1 -1 3 -1 -1 -1 -1 -1 -1 -1 -1 2 -1 -1 -1 -1 -1 -1 8 -1 26 -1 14 -1 15 -1 -1 -1 -1 25 -1 -1 -1 -1 -1 -1 23 -1 29 -1 28 10 -1 -1 -1 -1 -1 -1 -1 -1 -1 27 -1 -1 -1 -1 18 -1 -1 -1 -1 -1 -1 -1 -1 -1 -1 -1 -1 -1 -1 -1 -1 21 20 19 -1 -1 -1 
-1 -1 -1 -1 4 5 6 -1 -1 -1 -1 -1 -1 3 -1 -1 -1 -1 -1 -1 -1 -1 2 -1 -1 -1 -1 -1 -1 8 -1 -1 -1 14 -1 26 -1 -1 -1 -1 25 -1 -1 -1 -1 -1 -1 23 -1 29 -1 28 10 -1 -1 -1 -1 -1 -1 -1 -1 -1 27 -1 -1 -1 -1 18 -1 -1 -1 -1 -1 -1 -1 -1 -1 -1 -1 -1 -1 -1 -1 -1 21 20 19 -1 -1 -1 
-1 -1 -1 -1 4 5 6 -1 -1 -1 -1 -1 -1 3 -1 -1 -1 -1 -1 -1 -1 -1 2 -1 -1 -1 -1 -1 -1 8 -1 -1 -1 14 -1 26 -1 -1 -1 -1 25 -1 -1 -1 -1 -1 -1 23 -1 10 -1 28 -1 -1 -1 -1 -1 -1 -1 -1 -1 -1 27 -1 -1 -1 -1 18 -1 -1 -1 -1 -1 -1 -1 -1 -1 -1 -1 -1 -1 -1 -1 -1 21 20 19 -1 -1 -1 
-1 -1 -1 -1 4 5 6 -1 -1 -1 -1 -1 -1 3 -1 -1 -1 -1 -1 -1 -1 -1 2 -1 -1 -1 -1 -1 -1 8 -1 -1 -1 14 -1 26 -1 -1 -1 -1 25 -1 -1 -1 -1 -1 -1 -1 -1 10 -1 28 -1 -1 -1 -1 -1 -1 17 -1 -1 -1 27 -1 -1 -1 -1 18 -1 -1 -1 -1 -1 -1 -1 -1 -1 -1 -1 -1 -1 -1 -1 -1 21 20 19 -1 -1 -1 
-1 -1 -1 -1 4 5 6 -1 -1 -1 -1 -1 -1 3 -1 -1 -1 -1 -1 -1 -1 -1 2 -1 -1 -1 -1 -1 -1 -1 -1 -1 -1 14 -1 26 -1 -1 8 -1 25 -1 -1 -1 -1 -1 -1 -1 -1 10 -1 28 -1 -1 -1 -1 -1 -1 17 -1 -1 -1 27 -1 -1 -1 -1 18 -1 -1 -1 -1 -1 -1 -1 -1 -1 -1 -1 -1 -1 -1 -1 -1 21 20 19 -1 -1 -1 
-1 -1 -1 -1 4 5 6 -1 -1 -1 -1 -1 -1 3 -1 -1 -1 -1 -1 -1 -1 -1 2 -1 -1 -1 -1 -1 -1 -1 -1 25 -1 14 -1 26 -1 -1 8 -1 -1 -1 -1 -1 -1 -1 -1 -1 -1 10 -1 28 -1 -1 -1 -1 -1 -1 17 -1 -1 -1 27 -1 -1 -1 -1 18 -1 -1 -1 -1 -1 -1 -1 -1 -1 -1 -1 -1 -1 -1 -1 -1 21 20 19 -1 -1 -1 
-1 -1 -1 -1 4 5 6 -1 -1 -1 -1 -1 -1 3 -1 -1 -1 -1 -1 -1 -1 -1 2 -1 -1 -1 -1 -1 -1 -1 -1 25 -1 14 -1 26 -1 -1 -1 -1 -1 -1 -1 -1 8 -1 -1 -1 -1 10 -1 28 -1 -1 -1 -1 -1 -1 17 -1 -1 -1 27 -1 -1 -1 -1 18 -1 -1 -1 -1 -1 -1 -1 -1 -1 -1 -1 -1 -1 -1 -1 -1 21 20 19 -1 -1 -1 
-1 -1 -1 -1 4 5 6 -1 -1 -1 -1 -1 -1 3 -1 -1 -1 -1 -1 -1 -1 -1 2 -1 -1 -1 -1 -1 -1 -1 -1 25 -1 14 -1 26 -1 -1 -1 -1 -1 -1 -1 -1 8 -1 -1 -1 -1 10 -1 28 -1 -1 -1 -1 -1 -1 17 -1 -1 -1 27 -1 -1 -1 -1 18 -1 -1 -1 -1 -1 -1 -1 -1 21 -1 -1 -1 -1 -1 -1 -1 -1 20 19 -1 -1 -1 
-1 -1 -1 4 -1 5 6 -1 -1 -1 -1 -1 -1 3 -1 -1 -1 -1 -1 -1 -1 -1 2 -1 -1 -1 -1 -1 -1 -1 -1 25 -1 14 -1 26 -1 -1 -1 -1 -1 -1 -1 -1 8 -1 -1 -1 -1 10 -1 28 -1 -1 -1 -1 -1 -1 17 -1 -1 -1 27 -1 -1 -1 -1 18 -1 -1 -1 -1 -1 -1 -1 -1 21 -1 -1 -1 -1 -1 -1 -1 -1 20 19 -1 -1 -1 
-1 -1 -1 4 -1 5 6 -1 -1 -1 -1 -1 -1 3 -1 -1 -1 -1 -1 -1 -1 -1 2 -1 -1 -1 -1 -1 -1 -1 -1 25 -1 14 26 -1 -1 -1 -1 -1 -1 -1 -1 -1 8 -1 -1 -1 -1 10 -1 28 -1 -1 -1 -1 -1 -1 17 -1 -1 -1 27 -1 -1 -1 -1 18 -1 -1 -1 -1 -1 -1 -1 -1 21 -1 -1 -1 -1 -1 -1 -1 -1 20 19 -1 -1 -1 
-1 -1 -1 4 -1 5 6 -1 -1 -1 -1 -1 -1 3 -1 -1 -1 -1 -1 -1 -1 -1 2 -1 -1 -1 -1 -1 -1 -1 -1 25 -1 14 26 -1 -1 -1 -1 -1 -1 -1 -1 -1 -1 -1 -1 -1 -1 10 -1 28 -1 -1 -1 -1 -1 -1 17 -1 -1 -1 8 -1 -1 -1 -1 18 -1 -1 -1 -1 -1 -1 -1 -1 21 -1 -1 -1 -1 -1 -1 -1 -1 20 19 -1 -1 -1 
-1 -1 -1 4 -1 5 6 -1 -1 -1 -1 -1 -1 3 -1 -1 -1 -1 -1 -1 -1 -1 2 -1 -1 -1 -1 -1 -1 -1 -1 25 -1 14 -1 -1 -1 -1 -1 -1 -1 -1 -1 -1 -1 -1 -1 -1 -1 10 -1 28 -1 -1 -1 -1 -1 -1 17 -1 -1 -1 8 -1 -1 -1 -1 18 -1 -1 26 -1 -1 -1 -1 -1 21 -1 -1 -1 -1 -1 -1 -1 -1 20 19 -1 -1 -1 
-1 -1 -1 4 -1 5 6 -1 -1 -1 -1 -1 -1 3 -1 -1 -1 -1 -1 -1 -1 -1 2 -1 -1 -1 -1 -1 -1 -1 -1 25 -1 14 -1 -1 -1 -1 -1 -1 -1 -1 -1 -1 -1 -1 -1 -1 -1 10 -1 28 -1 -1 -1 -1 -1 -1 17 8 -1 -1 -1 -1 -1 -1 -1 18 -1 -1 26 -1 -1 -1 -1 -1 21 -1 -1 -1 -1 -1 -1 -1 -1 20 19 -1 -1 -1 
-1 -1 -1 4 -1 5 6 -1 -1 -1 -1 -1 -1 3 -1 -1 -1 -1 -1 -1 -1 -1 2 -1 -1 -1 -1 -1 -1 -1 -1 25 -1 14 -1 -1 -1 -1 -1 -1 -1 -1 -1 -1 -1 -1 -1 -1 -1 10 -1 28 -1 -1 -1 -1 -1 -1 17 8 -1 -1 -1 -1 -1 -1 -1 18 -1 26 -1 -1 -1 -1 -1 -1 21 -1 -1 -1 -1 -1 -1 -1 -1 20 19 -1 -1 -1 
-1 -1 -1 4 -1 5 6 -1 -1 -1 -1 -1 -1 3 -1 -1 -1 -1 -1 -1 -1 -1 2 -1 -1 -1 -1 -1 -1 -1 -1 25 8 14 -1 -1 -1 -1 -1 -1 -1 -1 -1 -1 -1 -1 -1 -1 -1 10 -1 28 -1 -1 -1 -1 -1 -1 17 -1 -1 -1 -1 -1 -1 -1 -1 18 -1 26 -1 -1 -1 -1 -1 -1 21 -1 -1 -1 -1 -1 -1 -1 -1 20 19 -1 -1 -1 
-1 -1 -1 4 -1 5 6 -1 -1 -1 -1 -1 -1 3 -1 -1 -1 -1 -1 -1 -1 -1 2 -1 -1 -1 -1 -1 -1 -1 -1 -1 8 14 -1 -1 -1 -1 -1 -1 25 -1 -1 -1 -1 -1 -1 -1 -1 10 -1 28 -1 -1 -1 -1 -1 -1 17 -1 -1 -1 -1 -1 -1 -1 -1 18 -1 26 -1 -1 -1 -1 -1 -1 21 -1 -1 -1 -1 -1 -1 -1 -1 20 19 -1 -1 -1 
-1 -1 -1 4 -1 5 6 -1 -1 -1 -1 -1 -1 3 -1 -1 -1 -1 -1 -1 -1 -1 2 -1 -1 -1 -1 8 -1 -1 -1 -1 -1 14 -1 -1 -1 -1 -1 -1 25 -1 -1 -1 -1 -1 -1 -1 -1 10 -1 28 -1 -1 -1 -1 -1 -1 17 -1 -1 -1 -1 -1 -1 -1 -1 18 -1 26 -1 -1 -1 -1 -1 -1 21 -1 -1 -1 -1 -1 -1 -1 -1 20 19 -1 -1 -1 
