0 1 2 3 4 5 6 7 8 -1 -1 -1 -1 -1 -1 -1 -1 -1 -1 9 -1 -1 -1 -1 -1 10 -1 11 -1 12 -1 28 -1 14 -1 15 -1 -1 -1 -1 -1 -1 -1 -1 -1 -1 -1 30 -1 -1 -1 -1 -1 -1 -1 -1 -1 -1 29 -1 -1 -1 27 -1 26 -1 -1 -1 -1 -1 25 -1 -1 -1 -1 -1 -1 -1 -1 -1 -1 24 23 22 21 20 19 18 17 16 
0 1 2 3 4 5 6 7 8 -1 -1 -1 -1 -1 -1 -1 -1 -1 -1 9 -1 -1 -1 -1 -1 10 -1 11 -1 12 -1 28 -1 -1 -1 15 -1 -1 -1 -1 -1 -1 14 -1 -1 -1 -1 30 -1 -1 -1 -1 -1 -1 -1 -1 -1 -1 29 -1 -1 -1 27 -1 26 -1 -1 -1 -1 -1 25 -1 -1 -1 -1 -1 -1 -1 -1 -1 -1 24 23 22 21 20 19 18 17 16 
0 1 2 3 4 5 6 7 8 -1 -1 -1 -1 -1 -1 -1 -1 -1 -1 9 -1 -1 -1 -1 -1 10 -1 11 -1 12 -1 28 -1 -1 -1 15 -1 -1 -1 -1 -1 -1 14 -1 -1 -1 -1 30 -1 -1 -1 -1 -1 -1 -1 -1 -1 -1 29 -1 -1 -1 27 -1 -1 -1 -1 -1 26 -1 25 -1 -1 -1 -1 -1 -1 -1 -1 -1 -1 24 23 22 21 20 19 18 17 16 
0 1 2 3 4 5 6 7 8 -1 -1 -1 -1 -1 -1 -1 -1 -1 -1 -1 -1 -1 9 -1 -1 10 -1 11 -1 12 -1 28 -1 -1 -1 15 -1 -1 -1 -1 -1 -1 14 -1 -1 -1 -1 30 -1 -1 -1 -1 -1 -1 -1 -1 -1 -1 29 -1 -1 -1 27 -1 -1 -1 -1 -1 26 -1 25 -1 -1 -1 -1 -1 -1 -1 -1 -1 -1 24 23 22 21 20 19 18 17 16 
0 1 2 3 4 5 6 7 8 -1 -1 -1 -1 -1 -1 -1 -1 -1 -1 -1 -1 -1 9 -1 -1 10 -1 11 -1 12 -1 28 -1 -1 -1 15 -1 -1 -1 -1 -1 -1 14 -1 -1 -1 -1 30 -1 -1 -1 -1 -1 -1 -1 -1 -1 -1 29 -1 -1 -1 27 -1 -1 23 -1 -1 26 -1 25 -1 -1 -1 -1 -1 -1 -1 -1 -1 -1 24 -1 22 21 20 19 18 17 16 
0 -1 2 3 4 5 6 7 8 -1 -1 -1 -1 -1 -1 -1 -1 -1 -1 -1 1 -1 9 -1 -1 10 -1 11 -1 12 -1 28 -1 -1 -1 15 -1 -1 -1 -1 -1 -1 14 -1 -1 -1 -1 30 -1 -1 -1 -1 -1 -1 -1 -1 -1 -1 29 -1 -1 -1 27 -1 -1 23 -1 -1 26 -1 25 -1 -1 -1 -1 -1 -1 -1 -1 -1 -1 24 -1 22 21 20 19 18 17 16 
0 -1 2 3 4 5 6 7 8 -1 -1 -1 -1 -1 -1 -1 -1 -1 -1 -1 1 -1 9 -1 -1 10 -1 11 -1 12 -1 28 -1 -1 -1 15 -1 -1 -1 -1 -1 -1 14 -1 -1 -1 -1 30 -1 -1 -1 -1 -1 -1 -1 -1 -1 -1 29 -1 -1 -1 27 -1 -1 23 -1 -1 26 -1 25 -1 -1 -1 -1 -1 21 -1 -1 -1 -1 24 -1 22 -1 20 19 18 17 16 
0 -1 2 3 4 5 6 -1 8 -1 -1 -1 -1 -1 -1 -1 -1 -1 -1 -1 1 -1 9 -1 7 10 -1 11 -1 12 -1 28 -1 -1 -1 15 -1 -1 -1 -1 -1 -1 14 -1 -1 -1 -1 30 -1 -1 -1 -1 -1 -1 -1 -1 -1 -1 29 -1 -1 -1 27 -1 -1 23 -1 -1 26 -1 25 -1 -1 -1 -1 -1 21 -1 -1 -1 -1 24 -1 22 -1 20 19 18 17 16 
0 -1 2 3 4 5 6 -1 8 -1 -1 -1 -1 -1 -1 -1 -1 -1 -1 -1 1 -1 9 -1 7 10 -1 11 -1 12 -1 28 -1 -1 -1 15 -1 -1 -1 -1 -1 -1 14 -1 -1 -1 -1 30 -1 -1 -1 -1 -1 -1 -1 -1 -1 -1 29 -1 -1 -1 27 -1 -1 23 -1 22 26 -1 25 -1 -1 -1 -1 -1 21 -1 -1 -1 -1 24 -1 -1 -1 20 19 18 17 16 
-1 0 2 3 4 5 6 -1 8 -1 -1 -1 -1 -1 -1 -1 -1 -1 -1 -1 1 -1 9 -1 7 10 -1 11 -1 12 -1 28 -1 -1 -1 15 -1 -1 -1 -1 -1 -1 14 -1 -1 -1 -1 30 -1 -1 -1 -1 -1 -1 -1 -1 -1 -1 29 -1 -1 -1 27 -1 -1 23 -1 22 26 -1 25 -1 -1 -1 -1 -1 21 -1 -1 -1 -1 24 -1 -1 -1 20 19 18 17 16 
-1 0 2 3 4 5 6 -1 8 -1 -1 -1 -1 -1 -1 -1 -1 -1 -1 -1 1 -1 9 -1 7 10 -1 11 -1 12 -1 28 -1 -1 25 15 -1 -1 -1 -1 -1 -1 14 -1 -1 -1 -1 30 -1 -1 -1 -1 -1 -1 -1 -1 -1 -1 29 -1 -1 -1 27 -1 -1 23 -1 22 26 -1 -1 -1 -1 -1 -1 -1 21 -1 -1 -1 -1 24 -1 -1 -1 20 19 18 17 16 
-1 -1 2 3 4 5 6 -1 8 -1 -1 -1 -1 -1 -1 -1 -1 -1 -1 -1 1 -1 9 -1 7 10 -1 11 -1 12 -1 28 -1 -1 25 15 -1 0 -1 -1 -1 -1 14 -1 -1 -1 -1 30 -1 -1 -1 -1 -1 -1 -1 -1 -1 -1 29 -1 -1 -1 27 -1 -1 23 -1 22 26 -1 -1 -1 -1 -1 -1 -1 21 -1 -1 -1 -1 24 -1 -1 -1 20 19 18 17 16 
-1 -1 2 3 4 5 6 -1 8 -1 -1 -1 -1 -1 -1 -1 -1 -1 -1 -1 1 -1 9 -1 7 10 -1 11 -1 25 -1 28 -1 -1 -1 15 -1 0 -1 -1 -1 -1 14 -1 -1 -1 -1 30 -1 -1 -1 -1 -1 -1 -1 -1 -1 -1 29 -1 -1 -1 27 -1 -1 23 -1 22 26 -1 -1 -1 -1 -1 -1 -1 21 -1 -1 -1 -1 24 -1 -1 -1 20 19 18 17 16 
-1 -1 -1 3 4 5 6 -1 8 -1 -1 -1 -1 -1 -1 -1 -1 -1 2 -1 1 -1 9 -1 7 10 -1 11 -1 25 -1 28 -1 -1 -1 15 -1 0 -1 -1 -1 -1 14 -1 -1 -1 -1 30 -1 -1 -1 -1 -1 -1 -1 -1 -1 -1 29 -1 -1 -1 27 -1 -1 23 -1 22 26 -1 -1 -1 -1 -1 -1 -1 21 -1 -1 -1 -1 24 -1 -1 -1 20 19 18 17 16 
-1 -1 -1 3 4 5 6 -1 8 -1 -1 -1 -1 -1 -1 -1 -1 -1 2 -1 1 -1 9 -1 7 10 -1 11 -1 25 -1 28 -1 -1 -1 15 -1 0 -1 -1 -1 -1 14 -1 -1 -1 -1 30 -1 -1 -1 -1 -1 -1 -1 -1 -1 -1 29 -1 -1 -1 27 -1 -1 23 -1 22 26 -1 -1 17 -1 -1 -1 -1 21 -1 -1 -1 -1 24 -1 -1 -1 20 19 18 -1 16 
-1 -1 -1 3 4 5 6 -1 8 -1 -1 -1 -1 -1 -1 -1 -1 -1 2 -1 1 -1 9 -1 -1 10 -1 11 -1 25 -1 28 -1 -1 -1 15 -1 0 -1 -1 -1 -1 14 7 -1 -1 -1 30 -1 -1 -1 -1 -1 -1 -1 -1 -1 -1 29 -1 -1 -1 27 -1 -1 23 -1 22 26 -1 -1 17 -1 -1 -1 -1 21 -1 -1 -1 -1 24 -1 -1 -1 20 19 18 -1 16 
-1 -1 -1 3 4 5 6 -1 8 -1 -1 -1 -1 -1 -1 -1 -1 -1 2 -1 1 -1 9 -1 -1 10 -1 11 -1 25 -1 28 -1 -1 -1 15 -1 0 -1 -1 -1 -1 14 7 -1 -1 -1 30 -1 -1 -1 -1 -1 -1 -1 -1 -1 -1 29 -1 -1 -1 27 -1 -1 23 -1 22 26 -1 -1 17 -1 -1 -1 -1 21 -1 -1 -1 -1 -1 -1 -1 24 20 19 18 -1 16 
-1 -1 -1 3 4 5 6 -1 8 -1 -1 -1 -1 -1 -1 -1 -1 -1 2 -1 1 -1 9 -1 -1 10 -1 11 -1 25 -1 28 -1 -1 -1 -1 -1 0 -1 -1 -1 -1 14 7 15 -1 -1 30 -1 -1 -1 -1 -1 -1 -1 -1 -1 -1 29 -1 -1 -1 27 -1 -1 23 -1 22 26 -1 -1 17 -1 -1 -1 -1 21 -1 -1 -1 -1 -1 -1 -1 24 20 19 18 -1 16 
-1 -1 -1 3 4 5 6 -1 8 -1 -1 -1 -1 -1 -1 -1 -1 -1 2 -1 1 -1 9 -1 -1 10 -1 11 -1 25 -1 28 -1 -1 -1 -1 -1 0 -1 -1 -1 -1 14 7 15 -1 -1 30 24 -1 -1 -1 -1 -1 -1 -1 -1 -1 29 -1 -1 -1 27 -1 -1 23 -1 22 26 -1 -1 17 -1 -1 -1 -1 21 -1 -1 -1 -1 -1 -1 -1 -1 20 19 18 -1 16 
-1 -1 -1 3 4 5 6 -1 8 -1 -1 -1 -1 -1 -1 -1 -1 -1 2 -1 1 -1 -1 9 -1 10 -1 11 -1 25 -1 28 -1 -1 -1 -1 -1 0 -1 -1 -1 -1 14 7 15 -1 -1 30 24 -1 -1 -1 -1 -1 -1 -1 -1 -1 29 -1 -1 -1 27 -1 -1 23 -1 22 26 -1 -1 17 -1 -1 -1 -1 21 -1 -1 -1 -1 -1 -1 -1 -1 20 19 18 -1 16 
-1 -1 -1 3 4 5 6 -1 8 -1 -1 -1 -1 -1 -1 -1 -1 -1 2 -1 1 -1 -1 9 -1 10 -1 11 -1 25 -1 28 -1 -1 -1 -1 -1 0 -1 -1 -1 -1 14 7 15 -1 -1 30 24 -1 -1 -1 -1 -1 -1 -1 -1 -1 29 -1 -1 -1 27 -1 -1 23 -1 22 26 -1 -1 -1 -1 -1 -1 -1 21 -1 17 -1 -1 -1 -1 -1 -1 20 19 18 -1 16 
-1 -1 -1 -1 4 5 6 -1 8 -1 -1 -1 -1 3 -1 -1 -1 -1 2 -1 1 -1 -1 9 -1 10 -1 11 -1 25 -1 28 -1 -1 -1 -1 -1 0 -1 -1 -1 -1 14 7 15 -1 -1 30 24 -1 -1 -1 -1 -1 -1 -1 -1 -1 29 -1 -1 -1 27 -1 -1 23 -1 22 26 -1 -1 -1 -1 -1 -1 -1 21 -1 17 -1 -1 -1 -1 -1 -1 20 19 18 -1 16 
-1 -1 -1 -1 4 5 6 -1 8 -1 -1 -1 -1 3 -1 -1 -1 -1 2 -1 1 -1 -1 9 -1 10 -1 11 -1 25 -1 28 -1 -1 -1 -1 -1 0 -1 -1 -1 -1 14 7 15 -1 -1 30 24 -1 -1 28 -1 -1 -1 -1 -1 -1 29 -1 -1 -1 27 -1 -1 23 -1 22 26 -1 -1 -1 -1 -1 -1 -1 21 -1 17 -1 -1 -1 -1 -1 -1 20 19 18 -1 16 
-1 -1 -1 -1 4 5 -1 -1 8 -1 -1 -1 -1 3 -1 -1 -1 -1 2 -1 1 -1 6 9 -1 10 -1 11 -1 25 -1 28 -1 -1 -1 -1 -1 0 -1 -1 -1 -1 14 7 15 -1 -1 30 24 -1 -1 28 -1 -1 -1 -1 -1 -1 29 -1 -1 -1 27 -1 -1 23 -1 22 26 -1 -1 -1 -1 -1 -1 -1 21 -1 17 -1 -1 -1 -1 -1 -1 20 19 18 -1 16 
-1 -1 -1 -1 4 5 -1 -1 8 -1 -1 -1 -1 3 -1 -1 -1 -1 2 -1 1 -1 6 9 -1 10 -1 11 -1 25 -1 28 -1 -1 -1 -1 -1 0 -1 -1 -1 -1 28 7 15 -1 -1 30 24 -1 -1 -1 -1 -1 -1 -1 -1 -1 29 -1 -1 -1 27 -1 -1 23 -1 22 26 -1 -1 -1 -1 -1 -1 -1 21 -1 17 -1 -1 -1 -1 -1 -1 20 19 18 -1 16 
-1 -1 -1 -1 4 5 -1 -1 8 -1 -1 -1 -1 3 -1 -1 -1 -1 2 -1 1 -1 6 9 -1 10 -1 11 -1 25 -1 28 -1 -1 -1 -1 -1 -1 -1 -1 -1 -1 0 7 15 -1 -1 30 24 -1 -1 -1 -1 -1 -1 -1 -1 -1 29 -1 -1 -1 27 -1 -1 23 -1 22 26 -1 -1 -1 -1 -1 -1 -1 21 -1 17 -1 -1 -1 -1 -1 -1 20 19 18 -1 16 
-1 -1 -1 -1 4 5 -1 -1 8 -1 -1 -1 -1 3 -1 -1 -1 -1 2 -1 1 -1 6 9 -1 10 -1 11 -1 25 -1 28 -1 -1 -1 -1 -1 -1 -1 -1 -1 -1 0 7 15 -1 -1 30 24 -1 -1 -1 -1 -1 -1 -1 -1 -1 29 17 -1 -1 27 -1 -1 23 -1 22 26 -1 -1 -1 -1 -1 -1 -1 21 -1 -1 -1 -1 -1 -1 -1 -1 20 19 18 -1 16 
-1 -1 -1 -1 4 5 -1 -1 8 -1 -1 -1 -1 3 -1 -1 -1 -1 2 -1 1 -1 6 9 -1 10 -1 11 -1 25 -1 28 -1 -1 -1 -1 -1 -1 -1 -1 -1 -1 -1 7 15 -1 -1 30 24 -1 -1 -1 -1 -1 -1 -1 -1 -1 29 17 0 -1 27 -1 -1 23 -1 22 26 -1 -1 -1 -1 -1 -1 -1 21 -1 -1 -1 -1 -1 -1 -1 -1 20 19 18 -1 16 
-1 -1 -1 -1 4 5 -1 -1 8 -1 -1 -1 -1 3 -1 -1 -1 -1 2 -1 1 -1 6 26 -1 10 -1 11 -1 25 -1 28 -1 -1 -1 -1 -1 -1 -1 -1 -1 -1 -1 7 15 -1 -1 30 24 -1 -1 -1 -1 -1 -1 -1 -1 -1 29 17 0 -1 27 -1 -1 23 -1 22 -1 -1 -1 -1 -1 -1 -1 -1 21 -1 -1 -1 -1 -1 -1 -1 -1 20 19 18 -1 16 
-1 -1 -1 -1 4 5 -1 -1 8 -1 -1 -1 -1 -1 -1 -1 -1 -1 2 -1 1 -1 6 3 -1 10 -1 11 -1 25 -1 28 -1 -1 -1 -1 -1 -1 -1 -1 -1 -1 -1 7 15 -1 -1 30 24 -1 -1 -1 -1 -1 -1 -1 -1 -1 29 17 0 -1 27 -1 -1 23 -1 22 -1 -1 -1 -1 -1 -1 -1 -1 21 -1 -1 -1 -1 -1 -1 -1 -1 20 19 18 -1 16 
-1 -1 -1 -1 4 5 -1 -1 8 -1 -1 -1 -1 -1 -1 -1 -1 -1 2 -1 1 -1 6 3 -1 10 -1 11 -1 25 -1 28 -1 -1 -1 -1 -1 -1 -1 24 -1 -1 -1 7 15 -1 -1 30 -1 -1 -1 -1 -1 -1 -1 -1 -1 -1 29 17 0 -1 27 -1 -1 23 -1 22 -1 -1 -1 -1 -1 -1 -1 -1 21 -1 -1 -1 -1 -1 -1 -1 -1 20 19 18 -1 16 
-1 -1 -1 -1 4 5 -1 -1 8 -1 -1 -1 -1 -1 -1 -1 -1 -1 2 -1 1 -1 6 3 -1 -1 -1 11 -1 25 -1 28 -1 -1 10 -1 -1 -1 -1 24 -1 -1 -1 7 15 -1 -1 30 -1 -1 -1 -1 -1 -1 -1 -1 -1 -1 29 17 0 -1 27 -1 -1 23 -1 22 -1 -1 -1 -1 -1 -1 -1 -1 21 -1 -1 -1 -1 -1 -1 -1 -1 20 19 18 -1 16 
-1 -1 -1 -1 4 5 -1 -1 8 -1 -1 -1 -1 -1 -1 -1 -1 -1 2 -1 1 -1 6 3 -1 -1 -1 11 -1 25 -1 28 -1 -1 10 -1 -1 -1 -1 -1 -1 -1 -1 24 15 -1 -1 30 -1 -1 -1 -1 -1 -1 -1 -1 -1 -1 29 17 0 -1 27 -1 -1 23 -1 22 -1 -1 -1 -1 -1 -1 -1 -1 21 -1 -1 -1 -1 -1 -1 -1 -1 20 19 18 -1 16 
-1 -1 -1 -1 4 5 -1 -1 8 -1 -1 -1 -1 -1 -1 -1 -1 -1 2 -1 1 -1 6 3 -1 -1 -1 11 -1 10 -1 28 -1 -1 -1 -1 -1 -1 -1 -1 -1 -1 -1 24 15 -1 -1 30 -1 -1 -1 -1 -1 -1 -1 -1 -1 -1 29 17 0 -1 27 -1 -1 23 -1 22 -1 -1 -1 -1 -1 -1 -1 -1 21 -1 -1 -1 -1 -1 -1 -1 -1 20 19 18 -1 16 
-1 -1 -1 -1 4 5 -1 -1 8 -1 -1 -1 -1 -1 -1 -1 -1 -1 2 -1 1 -1 6 3 -1 -1 -1 11 -1 10 -1 28 -1 -1 -1 -1 -1 -1 -1 -1 -1 -1 -1 24 15 -1 -1 30 23 -1 -1 -1 -1 -1 -1 -1 -1 -1 29 17 0 -1 27 -1 -1 -1 -1 22 -1 -1 -1 -1 -1 -1 -1 -1 21 -1 -1 -1 -1 -1 -1 -1 -1 20 19 18 -1 16 
-1 -1 -1 -1 4 5 -1 -1 8 -1 -1 -1 -1 -1 -1 -1 -1 -1 2 -1 1 -1 6 3 -1 -1 -1 11 10 -1 -1 28 -1 -1 -1 -1 -1 -1 -1 -1 -1 -1 -1 24 15 -1 -1 30 23 -1 -1 -1 -1 -1 -1 -1 -1 -1 29 17 0 -1 27 -1 -1 -1 -1 22 -1 -1 -1 -1 -1 -1 -1 -1 21 -1 -1 -1 -1 -1 -1 -1 -1 20 19 18 -1 16 
-1 -1 -1 -1 4 5 -1 -1 8 -1 -1 -1 -1 -1 -1 -1 -1 -1 2 -1 1 -1 6 3 -1 -1 -1 11 10 -1 -1 28 -1 -1 -1 -1 -1 -1 30 -1 -1 -1 -1 24 15 -1 -1 -1 23 -1 -1 -1 -1 -1 -1 -1 -1 -1 29 17 0 -1 27 -1 -1 -1 -1 22 -1 -1 -1 -1 -1 -1 -1 -1 21 -1 -1 -1 -1 -1 -1 -1 -1 20 19 18 -1 16 
-1 -1 -1 -1 4 5 -1 -1 8 -1 10 -1 -1 -1 -1 -1 -1 -1 2 -1 1 -1 6 3 -1 -1 -1 11 -1 -1 -1 28 -1 -1 -1 -1 -1 -1 30 -1 -1 -1 -1 24 15 -1 -1 -1 23 -1 -1 -1 -1 -1 -1 -1 -1 -1 29 17 0 -1 27 -1 -1 -1 -1 22 -1 -1 -1 -1 -1 -1 -1 -1 21 -1 -1 -1 -1 -1 -1 -1 -1 20 19 18 -1 16 
-1 -1 -1 -1 4 5 -1 -1 8 -1 10 -1 -1 -1 -1 -1 -1 -1 2 -1 1 -1 6 3 -1 -1 -1 11 -1 30 -1 28 -1 -1 -1 -1 -1 -1 -1 -1 -1 -1 -1 24 15 -1 -1 -1 23 -1 -1 -1 -1 -1 -1 -1 -1 -1 29 17 0 -1 27 -1 -1 -1 -1 22 -1 -1 -1 -1 -1 -1 -1 -1 21 -1 -1 -1 -1 -1 -1 -1 -1 20 19 18 -1 16 
-1 -1 -1 1 4 5 -1 -1 8 -1 10 -1 -1 -1 -1 -1 -1 -1 2 -1 -1 -1 6 3 -1 -1 -1 11 -1 30 -1 28 -1 -1 -1 -1 -1 -1 -1 -1 -1 -1 -1 24 15 -1 -1 -1 23 -1 -1 -1 -1 -1 -1 -1 -1 -1 29 17 0 -1 27 -1 -1 -1 -1 22 -1 -1 -1 -1 -1 -1 -1 -1 21 -1 -1 -1 -1 -1 -1 -1 -1 20 19 18 -1 16 
-1 -1 -1 1 4 5 -1 -1 8 -1 10 -1 -1 -1 -1 -1 -1 -1 2 -1 -1 -1 6 3 -1 24 -1 11 -1 30 -1 28 -1 -1 -1 -1 -1 -1 -1 -1 -1 -1 -1 -1 15 -1 -1 -1 23 -1 -1 -1 -1 -1 -1 -1 -1 -1 29 17 0 -1 27 -1 -1 -1 -1 22 -1 -1 -1 -1 -1 -1 -1 -1 21 -1 -1 -1 -1 -1 -1 -1 -1 20 19 18 -1 16 
-1 -1 -1 1 4 5 -1 -1 8 -1 10 -1 -1 3 -1 -1 -1 -1 2 -1 -1 -1 6 -1 -1 24 -1 11 -1 30 -1 28 -1 -1 -1 -1 -1 -1 -1 -1 -1 -1 -1 -1 15 -1 -1 -1 23 -1 -1 -1 -1 -1 -1 -1 -1 -1 29 17 0 -1 27 -1 -1 -1 -1 22 -1 -1 -1 -1 -1 -1 -1 -1 21 -1 -1 -1 -1 -1 -1 -1 -1 20 19 18 -1 16 
-1 -1 -1 1 4 5 -1 -1 8 -1 10 -1 -1 3 -1 -1 -1 -1 2 -1 -1 -1 6 -1 -1 24 -1 11 -1 30 -1 28 -1 -1 -1 -1 -1 -1 -1 -1 -1 -1 -1 -1 15 -1 -1 -1 23 -1 -1 -1 -1 -1 -1 -1 -1 -1 29 17 0 -1 27 -1 -1 -1 -1 22 -1 -1 -1 -1 -1 -1 -1 -1 21 -1 -1 -1 -1 -1 -1 -1 -1 20 19 18 16 -1 
-1 -1 -1 1 4 5 -1 -1 8 -1 10 -1 -1 3 -1 -1 -1 -1 2 -1 -1 -1 6 -1 -1 24 -1 11 -1 30 -1 28 -1 -1 -1 -1 -1 -1 -1 -1 -1 -1 -1 -1 -1 -1 -1 -1 23 -1 -1 -1 -1 15 -1 -1 -1 -1 29 17 0 -1 27 -1 -1 -1 -1 22 -1 -1 -1 -1 -1 -1 -1 -1 21 -1 -1 -1 -1 -1 -1 -1 -1 20 19 18 16 -1 
-1 -1 -1 1 4 5 -1 -1 8 -1 10 -1 -1 3 -1 -1 -1 -1 2 -1 -1 -1 6 -1 -1 24 -1 11 -1 30 -1 28 -1 -1 -1 -1 -1 -1 -1 -1 -1 -1 -1 -1 -1 -1 -1 -1 23 -1 -1 -1 -1 15 -1 -1 -1 -1 29 17 0 16 27 -1 -1 -1 -1 22 -1 -1 -1 -1 -1 -1 -1 -1 21 -1 -1 -1 -1 -1 -1 -1 -1 20 19 18 -1 -1 
-1 -1 -1 1 4 5 -1 -1 8 -1 10 -1 -1 3 -1 -1 -1 -1 2 -1 -1 -1 6 -1 -1 24 -1 11 -1 30 -1 28 -1 -1 -1 -1 -1 -1 -1 -1 -1 -1 -1 -1 -1 -1 -1 -1 23 -1 -1 -1 -1 15 -1 -1 -1 -1 29 17 -1 0 27 -1 -1 -1 -1 22 -1 -1 -1 -1 -1 -1 -1 -1 21 -1 -1 -1 -1 -1 -1 -1 -1 20 19 18 -1 -1 
-1 -1 -1 1 4 5 -1 -1 8 -1 10 -1 -1 3 -1 -1 -1 -1 2 -1 -1 -1 6 -1 -1 24 -1 11 -1 30 -1 28 -1 -1 -1 -1 -1 -1 -1 -1 -1 -1 -1 -1 -1 -1 -1 -1 23 -1 -1 -1 -1 15 -1 -1 -1 -1 29 17 -1 -1 27 -1 -1 -1 -1 22 -1 -1 -1 -1 -1 -1 -1 -1 21 -1 -1 -1 -1 -1 -1 -1 -1 20 19 18 -1 -1 
-1 -1 -1 1 4 5 -1 -1 8 -1 10 -1 -1 3 -1 -1 -1 -1 2 -1 -1 -1 6 -1 -1 24 -1 11 -1 30 -1 28 -1 -1 -1 -1 -1 -1 -1 -1 -1 -1 -1 -1 -1 -1 -1 -1 23 -1 -1 -1 -1 -1 -1 -1 -1 -1 29 17 -1 -1 15 -1 -1 -1 -1 22 -1 -1 -1 -1 -1 -1 -1 -1 21 -1 -1 -1 -1 -1 -1 -1 -1 20 19 18 -1 -1 
-1 -1 -1 1 4 5 -1 -1 8 -1 10 -1 -1 3 -1 -1 -1 -1 2 -1 -1 -1 6 -1 -1 24 -1 11 -1 30 -1 28 -1 -1 -1 -1 -1 -1 -1 -1 -1 -1 -1 -1 -1 -1 -1 -1 23 -1 -1 -1 -1 -1 -1 -1 -1 -1 29 17 -1 -1 15 -1 -1 -1 -1 22 -1 -1 -1 -1 -1 -1 -1 -1 21 -1 -1 16 -1 -1 -1 -1 -1 20 19 18 -1 -1 
-1 -1 -1 1 4 5 -1 -1 -1 -1 10 -1 -1 3 -1 -1 -1 -1 2 -1 -1 -1 6 -1 -1 24 -1 11 -1 30 -1 28 -1 -1 -1 8 -1 -1 -1 -1 -1 -1 -1 -1 -1 -1 -1 -1 23 -1 -1 -1 -1 -1 -1 -1 -1 -1 29 17 -1 -1 15 -1 -1 -1 -1 22 -1 -1 -1 -1 -1 -1 -1 -1 21 -1 -1 16 -1 -1 -1 -1 -1 20 19 18 -1 -1 
-1 -1 -1 1 4 5 -1 -1 -1 -1 10 -1 -1 3 -1 -1 -1 -1 2 -1 -1 -1 6 -1 -1 24 -1 11 -1 30 -1 28 -1 -1 -1 8 -1 -1 -1 -1 -1 -1 -1 -1 -1 -1 -1 -1 23 -1 -1 -1 -1 -1 -1 -1 -1 -1 29 17 -1 -1 15 -1 -1 -1 -1 22 -1 -1 -1 -1 -1 16 -1 -1 21 -1 -1 -1 -1 -1 -1 -1 -1 20 19 18 -1 -1 
-1 -1 -1 1 4 5 -1 -1 -1 10 -1 -1 -1 3 -1 -1 -1 -1 2 -1 -1 -1 6 -1 -1 24 -1 11 -1 30 -1 28 -1 -1 -1 8 -1 -1 -1 -1 -1 -1 -1 -1 -1 -1 -1 -1 23 -1 -1 -1 -1 -1 -1 -1 -1 -1 29 17 -1 -1 15 -1 -1 -1 -1 22 -1 -1 -1 -1 -1 16 -1 -1 21 -1 -1 -1 -1 -1 -1 -1 -1 20 19 18 -1 -1 
-1 -1 -1 1 4 5 -1 -1 -1 10 -1 -1 -1 3 -1 -1 -1 -1 2 -1 -1 -1 6 -1 -1 24 -1 11 -1 30 -1 28 -1 -1 -1 8 -1 -1 -1 -1 -1 -1 -1 -1 -1 -1 -1 -1 23 -1 -1 -1 17 -1 -1 -1 -1 -1 29 -1 -1 -1 15 -1 -1 -1 -1 22 -1 -1 -1 -1 -1 16 -1 -1 21 -1 -1 -1 -1 -1 -1 -1 -1 20 19 18 -1 -1 
-1 -1 -1 1 4 5 -1 -1 -1 10 -1 -1 -1 3 -1 -1 -1 -1 2 -1 -1 -1 6 -1 -1 24 -1 11 -1 30 -1 28 8 -1 -1 -1 -1 -1 -1 -1 -1 -1 -1 -1 -1 -1 -1 -1 23 -1 -1 -1 17 -1 -1 -1 -1 -1 29 -1 -1 -1 15 -1 -1 -1 -1 22 -1 -1 -1 -1 -1 16 -1 -1 21 -1 -1 -1 -1 -1 -1 -1 -1 20 19 18 -1 -1 
-1 -1 -1 1 4 5 -1 -1 -1 10 -1 -1 -1 3 -1 -1 -1 -1 2 -1 -1 -1 6 -1 -1 24 -1 11 -1 30 -1 28 8 -1 -1 -1 -1 -1 -1 -1 -1 17 -1 -1 -1 -1 -1 -1 23 -1 -1 -1 -1 -1 -1 -1 -1 -1 29 -1 -1 -1 15 -1 -1 -1 -1 22 -1 -1 -1 -1 -1 16 -1 -1 21 -1 -1 -1 -1 -1 -1 -1 -1 20 19 18 -1 -1 
-1 -1 -1 1 4 5 -1 -1 -1 10 -1 -1 -1 3 -1 -1 -1 -1 2 -1 -1 -1 6 -1 -1 24 -1 11 -1 30 -1 -1 8 -1 -1 -1 -1 -1 -1 -1 13 17 -1 -1 -1 -1 -1 -1 23 -1 -1 -1 -1 -1 -1 -1 -1 -1 29 -1 -1 -1 15 -1 -1 -1 -1 22 -1 -1 -1 -1 -1 16 -1 -1 21 -1 -1 -1 -1 -1 -1 -1 -1 20 19 18 -1 -1 
-1 -1 -1 1 4 5 -1 -1 -1 10 -1 -1 -1 3 -1 -1 -1 -1 2 -1 -1 -1 6 -1 -1 24 -1 11 -1 30 -1 -1 8 -1 -1 -1 -1 -1 -1 -1 13 17 -1 -1 -1 -1 -1 -1 23 -1 -1 -1 -1 -1 -1 -1 -1 -1 29 -1 -1 -1 15 -1 -1 -1 -1 22 -1 -1 -1 -1 -1 -1 -1 -1 16 -1 -1 -1 -1 -1 -1 -1 -1 20 19 18 -1 -1 
-1 -1 -1 1 4 5 -1 -1 -1 10 -1 -1 -1 3 -1 -1 -1 -1 -1 -1 -1 -1 6 -1 -1 24 -1 11 -1 30 -1 -1 8 -1 -1 -1 -1 -1 2 -1 13 17 -1 -1 -1 -1 -1 -1 23 -1 -1 -1 -1 -1 -1 -1 -1 -1 29 -1 -1 -1 15 -1 -1 -1 -1 22 -1 -1 -1 -1 -1 -1 -1 -1 16 -1 -1 -1 -1 -1 -1 -1 -1 20 19 18 -1 -1 
-1 -1 -1 1 4 5 -1 -1 -1 10 -1 -1 -1 3 -1 -1 -1 -1 -1 -1 -1 -1 6 -1 -1 24 -1 11 -1 30 -1 -1 8 -1 -1 -1 -1 -1 2 -1 13 17 -1 -1 -1 -1 -1 -1 23 -1 -1 -1 -1 -1 -1 -1 -1 -1 29 -1 -1 -1 15 -1 -1 -1 -1 22 -1 -1 -1 -1 -1 -1 -1 16 -1 -1 -1 -1 -1 -1 -1 -1 -1 20 19 18 -1 -1 
-1 -1 -1 1 4 5 -1 -1 -1 -1 -1 -1 -1 3 -1 -1 -1 -1 -1 -1 -1 -1 6 -1 -1 24 -1 11 -1 30 -1 -1 8 -1 -1 -1 -1 -1 2 -1 13 17 -1 -1 -1 -1 -1 -1 23 -1 -1 -1 -1 -1 10 -1 -1 -1 29 -1 -1 -1 15 -1 -1 -1 -1 22 -1 -1 -1 -1 -1 -1 -1 16 -1 -1 -1 -1 -1 -1 -1 -1 -1 20 19 18 -1 -1 
-1 -1 -1 1 4 5 -1 -1 -1 -1 -1 -1 -1 3 -1 -1 -1 -1 -1 -1 -1 -1 6 -1 -1 24 -1 11 -1 30 17 -1 8 -1 -1 -1 -1 -1 2 -1 13 -1 -1 -1 -1 -1 -1 -1 23 -1 -1 -1 -1 -1 10 -1 -1 -1 29 -1 -1 -1 15 -1 -1 -1 -1 22 -1 -1 -1 -1 -1 -1 -1 16 -1 -1 -1 -1 -1 -1 -1 -1 -1 20 19 18 -1 -1 
-1 -1 -1 1 4 5 -1 -1 -1 -1 -1 -1 -1 -1 -1 -1 -1 -1 -1 -1 -1 3 6 -1 -1 24 -1 11 -1 30 17 -1 8 -1 -1 -1 -1 -1 2 -1 13 -1 -1 -1 -1 -1 -1 -1 23 -1 -1 -1 -1 -1 10 -1 -1 -1 29 -1 -1 -1 15 -1 -1 -1 -1 22 -1 -1 -1 -1 -1 -1 -1 16 -1 -1 -1 -1 -1 -1 -1 -1 -1 20 19 18 -1 -1 
-1 -1 -1 1 4 5 -1 -1 -1 -1 -1 -1 -1 -1 -1 -1 -1 -1 -1 -1 -1 3 6 -1 -1 24 -1 11 -1 30 17 -1 8 -1 -1 -1 -1 -1 2 -1 13 -1 -1 -1 -1 -1 -1 -1 23 -1 -1 -1 -1 -1 10 -1 -1 -1 29 -1 -1 -1 15 -1 -1 -1 -1 22 -1 -1 -1 -1 -1 -1 16 -1 -1 -1 -1 -1 -1 -1 -1 -1 -1 20 19 18 -1 -1 
-1 -1 -1 1 4 5 -1 -1 -1 -1 -1 -1 -1 -1 -1 -1 -1 -1 -1 -1 -1 3 6 -1 -1 24 -1 11 -1 30 17 -1 8 -1 -1 -1 10 -1 2 -1 13 -1 -1 -1 -1 -1 -1 -1 23 -1 -1 -1 -1 -1 -1 -1 -1 -1 29 -1 -1 -1 15 -1 -1 -1 -1 22 -1 -1 -1 -1 -1 -1 16 -1 -1 -1 -1 -1 -1 -1 -1 -1 -1 20 19 18 -1 -1 
-1 -1 -1 1 4 5 -1 -1 -1 -1 -1 -1 -1 -1 -1 -1 -1 -1 -1 -1 -1 3 6 -1 -1 24 -1 11 -1 30 17 -1 8 -1 -1 -1 10 -1 2 -1 13 -1 -1 -1 -1 -1 -1 -1 23 -1 -1 -1 -1 -1 -1 -1 -1 -1 29 -1 -1 -1 15 -1 -1 -1 -1 22 -1 -1 -1 -1 -1 16 -1 -1 -1 -1 -1 -1 -1 -1 -1 -1 -1 20 19 18 -1 -1 
-1 -1 -1 1 4 5 -1 -1 -1 -1 -1 -1 -1 -1 -1 -1 -1 -1 -1 -1 -1 3 6 -1 -1 24 -1 11 -1 30 17 -1 8 -1 -1 -1 10 -1 2 -1 13 -1 -1 -1 -1 -1 -1 -1 23 -1 -1 -1 -1 -1 -1 -1 -1 -1 29 -1 -1 15 -1 -1 -1 -1 -1 22 -1 -1 -1 -1 -1 16 -1 -1 -1 -1 -1 -1 -1 -1 -1 -1 -1 20 19 18 -1 -1 
-1 -1 -1 1 4 5 -1 -1 -1 -1 -1 -1 -1 -1 -1 -1 -1 -1 -1 -1 -1 3 6 -1 -1 24 -1 11 -1 30 17 -1 8 -1 -1 -1 10 -1 2 -1 13 -1 -1 -1 -1 -1 -1 -1 23 29 -1 -1 -1 -1 -1 -1 -1 -1 -1 -1 -1 15 -1 -1 -1 -1 -1 22 -1 -1 -1 -1 -1 16 -1 -1 -1 -1 -1 -1 -1 -1 -1 -1 -1 20 19 18 -1 -1 
-1 -1 -1 1 4 5 -1 -1 -1 -1 -1 -1 -1 -1 -1 -1 -1 -1 -1 -1 -1 3 6 -1 -1 24 -1 11 -1 30 17 -1 8 -1 -1 -1 10 -1 2 -1 13 -1 -1 -1 -1 -1 -1 -1 23 29 -1 -1 -1 -1 -1 -1 -1 -1 -1 -1 15 -1 -1 -1 -1 -1 -1 22 -1 -1 -1 -1 -1 16 -1 -1 -1 -1 -1 -1 -1 -1 -1 -1 -1 20 19 18 -1 -1 
-1 -1 -1 1 4 5 -1 -1 -1 -1 -1 -1 -1 -1 -1 -1 -1 -1 -1 -1 -1 3 6 -1 -1 24 -1 11 -1 30 17 -1 8 -1 -1 -1 10 -1 2 -1 29 -1 -1 -1 -1 -1 -1 -1 23 -1 -1 -1 -1 -1 -1 -1 -1 -1 -1 -1 15 -1 -1 -1 -1 -1 -1 22 -1 -1 -1 -1 -1 16 -1 -1 -1 -1 -1 -1 -1 -1 -1 -1 -1 20 19 18 -1 -1 
-1 -1 -1 1 4 5 -1 -1 -1 -1 -1 -1 -1 -1 -1 -1 -1 -1 -1 -1 -1 3 6 -1 -1 24 -1 11 -1 30 17 -1 -1 -1 -1 -1 10 -1 2 -1 29 -1 -1 -1 -1 -1 -1 -1 23 -1 8 -1 -1 -1 -1 -1 -1 -1 -1 -1 15 -1 -1 -1 -1 -1 -1 22 -1 -1 -1 -1 -1 16 -1 -1 -1 -1 -1 -1 -1 -1 -1 -1 -1 20 19 18 -1 -1 
-1 -1 -1 1 4 5 -1 -1 -1 -1 -1 -1 -1 -1 -1 -1 -1 -1 -1 -1 -1 3 6 -1 -1 24 -1 11 -1 30 17 -1 -1 -1 -1 -1 10 -1 2 -1 29 23 -1 -1 -1 -1 -1 -1 -1 -1 8 -1 -1 -1 -1 -1 -1 -1 -1 -1 15 -1 -1 -1 -1 -1 -1 22 -1 -1 -1 -1 -1 16 -1 -1 -1 -1 -1 -1 -1 -1 -1 -1 -1 20 19 18 -1 -1 
-1 -1 -1 1 4 -1 -1 -1 -1 -1 -1 -1 -1 5 -1 -1 -1 -1 -1 -1 -1 3 6 -1 -1 24 -1 11 -1 30 17 -1 -1 -1 -1 -1 10 -1 2 -1 29 23 -1 -1 -1 -1 -1 -1 -1 -1 8 -1 -1 -1 -1 -1 -1 -1 -1 -1 15 -1 -1 -1 -1 -1 -1 22 -1 -1 -1 -1 -1 16 -1 -1 -1 -1 -1 -1 -1 -1 -1 -1 -1 20 19 18 -1 -1 
-1 -1 -1 1 4 -1 -1 -1 -1 -1 -1 -1 -1 5 -1 -1 -1 -1 -1 -1 -1 3 6 -1 -1 24 -1 11 -1 30 -1 -1 -1 -1 -1 -1 10 -1 2 -1 29 23 -1 -1 -1 -1 -1 17 -1 -1 8 -1 -1 -1 -1 -1 -1 -1 -1 -1 15 -1 -1 -1 -1 -1 -1 22 -1 -1 -1 -1 -1 16 -1 -1 -1 -1 -1 -1 -1 -1 -1 -1 -1 20 19 18 -1 -1 
-1 -1 -1 1 4 -1 -1 -1 -1 -1 -1 -1 -1 5 -1 -1 -1 -1 -1 -1 -1 3 6 -1 -1 24 -1 11 -1 30 -1 -1 -1 -1 -1 -1 10 -1 2 -1 29 23 -1 -1 -1 -1 -1 17 -1 -1 8 14 -1 -1 -1 -1 -1 -1 -1 -1 15 -1 -1 -1 -1 -1 -1 22 -1 -1 -1 -1 -1 16 -1 -1 -1 -1 -1 -1 -1 -1 -1 -1 -1 20 19 18 -1 -1 
-1 -1 -1 1 4 -1 -1 -1 -1 -1 -1 -1 -1 5 -1 -1 -1 -1 -1 -1 -1 3 6 -1 -1 24 -1 11 17 30 -1 -1 -1 -1 -1 -1 10 -1 2 -1 29 23 -1 -1 -1 -1 -1 -1 -1 -1 8 14 -1 -1 -1 -1 -1 -1 -1 -1 15 -1 -1 -1 -1 -1 -1 22 -1 -1 -1 -1 -1 16 -1 -1 -1 -1 -1 -1 -1 -1 -1 -1 -1 20 19 18 -1 -1 
-1 -1 -1 1 4 -1 -1 -1 -1 -1 -1 -1 -1 5 -1 -1 -1 -1 -1 -1 -1 3 6 -1 -1 24 -1 11 17 30 -1 -1 -1 -1 -1 -1 10 -1 2 -1 29 23 -1 -1 -1 -1 -1 -1 -1 -1 8 -1 -1 -1 -1 -1 -1 -1 -1 -1 14 -1 -1 -1 -1 -1 -1 22 -1 -1 -1 -1 -1 16 -1 -1 -1 -1 -1 -1 -1 -1 -1 -1 -1 20 19 18 -1 -1 
-1 -1 -1 1 4 -1 -1 -1 -1 -1 -1 -1 -1 5 -1 -1 -1 -1 -1 -1 -1 3 6 -1 23 24 -1 11 17 30 -1 -1 -1 -1 -1 -1 10 -1 2 -1 29 -1 -1 -1 -1 -1 -1 -1 -1 -1 8 -1 -1 -1 -1 -1 -1 -1 -1 -1 14 -1 -1 -1 -1 -1 -1 22 -1 -1 -1 -1 -1 16 -1 -1 -1 -1 -1 -1 -1 -1 -1 -1 -1 20 19 18 -1 -1 
