0 1 2 3 4 5 6 7 8 -1 -1 -1 -1 -1 -1 -1 -1 -1 -1 9 -1 -1 -1 -1 -1 10 -1 11 -1 12 -1 28 -1 14 -1 15 -1 -1 -1 -1 -1 -1 -1 -1 -1 -1 -1 30 -1 -1 -1 -1 -1 -1 -1 -1 -1 -1 29 -1 -1 -1 27 -1 26 -1 -1 -1 -1 -1 25 -1 -1 -1 -1 -1 -1 -1 -1 -1 -1 24 23 22 21 20 19 18 17 16 
0 1 2 3 4 5 6 7 8 -1 -1 -1 -1 -1 -1 -1 -1 -1 -1 9 -1 -1 -1 -1 -1 10 -1 11 -1 12 -1 28 -1 -1 -1 15 -1 -1 -1 -1 -1 -1 14 -1 -1 -1 -1 30 -1 -1 -1 -1 -1 -1 -1 -1 -1 -1 29 -1 -1 -1 27 -1 26 -1 -1 -1 -1 -1 25 -1 -1 -1 -1 -1 -1 -1 -1 -1 -1 24 23 22 21 20 19 18 17 16 
0 1 2 3 4 5 6 7 8 -1 -1 -1 -1 -1 -1 -1 -1 -1 -1 9 -1 -1 -1 -1 -1 10 -1 11 -1 12 -1 28 -1 -1 -1 15 -1 -1 -1 -1 -1 -1 14 -1 -1 -1 -1 30 -1 -1 -1 -1 -1 -1 -1 -1 -1 -1 29 -1 -1 -1 27 -1 26 23 -1 -1 -1 -1 25 -1 -1 -1 -1 -1 -1 -1 -1 -1 -1 24 -1 22 21 20 19 18 17 16 
0 1 2 3 4 5 6 -1 8 -1 -1 -1 -1 -1 -1 -1 -1 -1 -1 9 -1 -1 -1 -1 7 10 -1 11 -1 12 -1 28 -1 -1 -1 15 -1 -1 -1 -1 -1 -1 14 -1 -1 -1 -1 30 -1 -1 -1 -1 -1 -1 -1 -1 -1 -1 29 -1 -1 -1 27 -1 26 23 -1 -1 -1 -1 25 -1 -1 -1 -1 -1 -1 -1 -1 -1 -1 24 -1 22 21 20 19 18 17 16 
0 1 2 3 4 5 6 -1 8 -1 -1 -1 -1 -1 -1 -1 -1 -1 -1 9 -1 -1 -1 -1 7 10 -1 11 -1 12 -1 28 -1 -1 -1 15 -1 -1 -1 -1 -1 -1 14 -1 -1 -1 -1 30 -1 -1 -1 -1 -1 -1 -1 -1 -1 -1 29 -1 -1 -1 27 -1 26 23 -1 18 -1 -1 25 -1 -1 -1 -1 -1 -1 -1 -1 -1 -1 24 -1 22 21 20 19 -1 17 16 
0 1 -1 3 4 5 6 -1 8 -1 -1 -1 -1 -1 -1 -1 -1 -1 -1 9 -1 -1 2 -1 7 10 -1 11 -1 12 -1 28 -1 -1 -1 15 -1 -1 -1 -1 -1 -1 14 -1 -1 -1 -1 30 -1 -1 -1 -1 -1 -1 -1 -1 -1 -1 29 -1 -1 -1 27 -1 26 23 -1 18 -1 -1 25 -1 -1 -1 -1 -1 -1 -1 -1 -1 -1 24 -1 22 21 20 19 -1 17 16 
0 1 -1 3 4 5 6 -1 8 -1 -1 -1 -1 -1 -1 -1 -1 -1 -1 9 -1 -1 2 -1 7 10 -1 11 -1 12 -1 28 -1 -1 -1 15 -1 -1 -1 -1 -1 -1 14 -1 -1 -1 -1 30 -1 -1 -1 -1 -1 -1 -1 -1 -1 -1 29 -1 -1 -1 27 -1 26 23 -1 18 -1 -1 25 -1 -1 -1 -1 -1 -1 17 -1 -1 -1 24 -1 22 21 20 19 -1 -1 16 
0 1 -1 3 4 5 6 -1 -1 -1 -1 -1 -1 -1 -1 -1 -1 8 -1 9 -1 -1 2 -1 7 10 -1 11 -1 12 -1 28 -1 -1 -1 15 -1 -1 -1 -1 -1 -1 14 -1 -1 -1 -1 30 -1 -1 -1 -1 -1 -1 -1 -1 -1 -1 29 -1 -1 -1 27 -1 26 23 -1 18 -1 -1 25 -1 -1 -1 -1 -1 -1 17 -1 -1 -1 24 -1 22 21 20 19 -1 -1 16 
0 1 -1 3 4 5 6 -1 -1 -1 -1 -1 -1 -1 -1 -1 -1 8 -1 9 -1 -1 2 -1 7 10 -1 11 -1 12 -1 28 -1 -1 -1 15 -1 -1 -1 -1 -1 -1 14 -1 -1 -1 -1 30 -1 -1 -1 -1 -1 -1 -1 -1 -1 -1 29 -1 -1 -1 27 -1 26 23 -1 18 -1 -1 25 -1 -1 -1 -1 -1 -1 17 -1 -1 -1 24 -1 22 21 20 19 16 -1 -1 
0 1 -1 3 4 5 6 -1 -1 -1 -1 -1 -1 -1 -1 -1 -1 8 -1 9 -1 -1 2 -1 -1 10 -1 11 -1 12 -1 28 -1 -1 -1 15 -1 -1 -1 -1 -1 7 14 -1 -1 -1 -1 30 -1 -1 -1 -1 -1 -1 -1 -1 -1 -1 29 -1 -1 -1 27 -1 26 23 -1 18 -1 -1 25 -1 -1 -1 -1 -1 -1 17 -1 -1 -1 24 -1 22 21 20 19 16 -1 -1 
0 1 -1 3 4 5 6 -1 -1 -1 -1 -1 -1 -1 -1 -1 -1 8 -1 9 -1 -1 2 -1 -1 10 -1 11 -1 12 -1 28 -1 -1 -1 15 -1 -1 -1 -1 -1 7 14 -1 -1 -1 -1 30 -1 -1 -1 -1 -1 -1 -1 -1 -1 -1 29 -1 -1 -1 27 -1 26 23 -1 18 -1 -1 25 -1 24 -1 -1 -1 -1 17 -1 -1 -1 -1 -1 22 21 20 19 16 -1 -1 
0 1 -1 3 4 5 6 -1 -1 -1 -1 -1 8 -1 -1 -1 -1 -1 -1 9 -1 -1 2 -1 -1 10 -1 11 -1 12 -1 28 -1 -1 -1 15 -1 -1 -1 -1 -1 7 14 -1 -1 -1 -1 30 -1 -1 -1 -1 -1 -1 -1 -1 -1 -1 29 -1 -1 -1 27 -1 26 23 -1 18 -1 -1 25 -1 24 -1 -1 -1 -1 17 -1 -1 -1 -1 -1 22 21 20 19 16 -1 -1 
0 1 -1 3 4 5 6 -1 -1 -1 -1 -1 8 -1 -1 -1 -1 -1 -1 9 -1 -1 2 -1 -1 10 -1 11 -1 12 -1 28 -1 -1 -1 15 -1 -1 -1 -1 -1 7 14 -1 -1 -1 -1 30 -1 -1 -1 28 -1 -1 -1 -1 -1 -1 29 -1 -1 -1 27 -1 26 23 -1 18 -1 -1 25 -1 24 -1 -1 -1 -1 17 -1 -1 -1 -1 -1 22 21 20 19 16 -1 -1 
0 1 -1 3 4 5 6 -1 -1 -1 -1 -1 8 -1 -1 -1 -1 -1 -1 9 -1 -1 2 -1 -1 10 -1 11 -1 12 -1 28 -1 -1 -1 15 -1 -1 -1 -1 -1 7 -1 -1 -1 -1 -1 30 -1 -1 -1 14 -1 -1 -1 -1 -1 -1 29 -1 -1 -1 27 -1 26 23 -1 18 -1 -1 25 -1 24 -1 -1 -1 -1 17 -1 -1 -1 -1 -1 22 21 20 19 16 -1 -1 
0 1 -1 3 4 5 6 -1 -1 -1 -1 -1 8 -1 -1 -1 -1 -1 -1 9 -1 -1 2 -1 -1 10 -1 11 -1 12 -1 28 -1 -1 -1 15 -1 -1 -1 -1 -1 7 -1 -1 -1 -1 -1 30 -1 -1 -1 16 -1 -1 -1 -1 -1 -1 29 -1 -1 -1 27 -1 26 23 -1 18 -1 -1 25 -1 24 -1 -1 -1 -1 17 -1 -1 -1 -1 -1 22 21 20 19 -1 -1 -1 
0 1 -1 3 4 5 6 -1 -1 -1 -1 -1 -1 -1 -1 -1 -1 -1 -1 9 -1 -1 2 -1 -1 10 -1 11 -1 12 -1 28 -1 -1 -1 15 -1 -1 -1 8 -1 7 -1 -1 -1 -1 -1 30 -1 -1 -1 16 -1 -1 -1 -1 -1 -1 29 -1 -1 -1 27 -1 26 23 -1 18 -1 -1 25 -1 24 -1 -1 -1 -1 17 -1 -1 -1 -1 -1 22 21 20 19 -1 -1 -1 
0 1 -1 3 4 5 6 -1 -1 -1 -1 -1 -1 -1 -1 -1 -1 -1 -1 9 -1 -1 2 -1 -1 10 -1 11 -1 12 -1 28 -1 -1 -1 15 -1 -1 -1 8 -1 7 -1 -1 -1 -1 -1 30 -1 -1 16 -1 -1 -1 -1 -1 -1 -1 29 -1 -1 -1 27 -1 26 23 -1 18 -1 -1 25 -1 24 -1 -1 -1 -1 17 -1 -1 -1 -1 -1 22 21 20 19 -1 -1 -1 
0 1 -1 3 4 5 6 -1 -1 -1 -1 -1 -1 -1 -1 -1 -1 -1 -1 9 -1 -1 2 10 -1 -1 -1 11 -1 12 -1 28 -1 -1 -1 15 -1 -1 -1 8 -1 7 -1 -1 -1 -1 -1 30 -1 -1 16 -1 -1 -1 -1 -1 -1 -1 29 -1 -1 -1 27 -1 26 23 -1 18 -1 -1 25 -1 24 -1 -1 -1 -1 17 -1 -1 -1 -1 -1 22 21 20 19 -1 -1 -1 
0 1 -1 3 4 5 6 -1 -1 -1 -1 -1 -1 -1 -1 -1 -1 -1 -1 9 -1 -1 2 10 -1 -1 -1 11 -1 12 -1 28 -1 -1 -1 15 -1 -1 -1 8 -1 7 -1 25 -1 -1 -1 30 -1 -1 16 -1 -1 -1 -1 -1 -1 -1 29 -1 -1 -1 27 -1 26 23 -1 18 -1 -1 -1 -1 24 -1 -1 -1 -1 17 -1 -1 -1 -1 -1 22 21 20 19 -1 -1 -1 
0 1 -1 3 4 5 6 -1 -1 -1 -1 -1 -1 -1 -1 -1 -1 -1 -1 9 -1 -1 2 10 7 -1 -1 11 -1 12 -1 28 -1 -1 -1 15 -1 -1 -1 8 -1 -1 -1 25 -1 -1 -1 30 -1 -1 16 -1 -1 -1 -1 -1 -1 -1 29 -1 -1 -1 27 -1 26 23 -1 18 -1 -1 -1 -1 24 -1 -1 -1 -1 17 -1 -1 -1 -1 -1 22 21 20 19 -1 -1 -1 
0 1 -1 3 4 5 6 -1 -1 -1 -1 -1 -1 -1 -1 -1 -1 -1 -1 9 -1 -1 2 10 7 -1 -1 11 -1 12 -1 28 -1 -1 -1 15 -1 -1 -1 8 -1 -1 -1 -1 -1 -1 -1 30 -1 -1 16 -1 -1 -1 -1 -1 -1 -1 29 -1 -1 -1 27 -1 26 23 -1 18 -1 -1 -1 -1 24 -1 -1 -1 -1 17 -1 25 -1 -1 -1 22 21 20 19 -1 -1 -1 
0 1 -1 -1 4 5 6 -1 -1 -1 -1 -1 -1 3 -1 -1 -1 -1 -1 9 -1 -1 2 10 7 -1 -1 11 -1 12 -1 28 -1 -1 -1 15 -1 -1 -1 8 -1 -1 -1 -1 -1 -1 -1 30 -1 -1 16 -1 -1 -1 -1 -1 -1 -1 29 -1 -1 -1 27 -1 26 23 -1 18 -1 -1 -1 -1 24 -1 -1 -1 -1 17 -1 25 -1 -1 -1 22 21 20 19 -1 -1 -1 
0 1 -1 -1 4 5 6 -1 -1 -1 -1 -1 -1 3 -1 -1 -1 -1 -1 9 -1 -1 2 10 7 -1 -1 11 -1 12 -1 28 -1 -1 -1 15 -1 -1 -1 8 -1 -1 -1 -1 -1 -1 -1 30 -1 -1 16 -1 -1 -1 -1 -1 -1 -1 29 -1 -1 -1 27 -1 26 23 -1 18 -1 -1 -1 -1 -1 -1 -1 24 -1 17 -1 25 -1 -1 -1 22 21 20 19 -1 -1 -1 
0 1 -1 -1 4 5 6 -1 -1 -1 -1 -1 -1 3 -1 -1 -1 -1 -1 9 -1 -1 2 10 7 -1 -1 11 -1 12 -1 28 -1 -1 -1 15 -1 -1 -1 -1 -1 -1 -1 -1 -1 -1 -1 30 -1 -1 16 -1 -1 -1 -1 -1 -1 -1 29 -1 -1 -1 27 -1 26 23 -1 18 -1 -1 -1 -1 -1 -1 -1 8 -1 17 -1 25 -1 -1 -1 22 21 20 19 -1 -1 -1 
0 1 -1 -1 4 5 6 -1 -1 -1 -1 -1 -1 3 -1 -1 -1 -1 -1 9 -1 -1 2 10 7 -1 -1 11 -1 12 -1 28 -1 -1 -1 15 -1 -1 -1 -1 -1 -1 -1 -1 -1 -1 -1 30 -1 -1 16 -1 -1 -1 -1 -1 -1 -1 29 -1 -1 -1 27 -1 26 23 -1 18 -1 -1 -1 -1 -1 -1 -1 25 -1 17 -1 -1 -1 -1 -1 22 21 20 19 -1 -1 -1 
0 -1 -1 -1 4 5 6 -1 -1 -1 -1 -1 -1 3 -1 -1 -1 -1 -1 9 1 -1 2 10 7 -1 -1 11 -1 12 -1 28 -1 -1 -1 15 -1 -1 -1 -1 -1 -1 -1 -1 -1 -1 -1 30 -1 -1 16 -1 -1 -1 -1 -1 -1 -1 29 -1 -1 -1 27 -1 26 23 -1 18 -1 -1 -1 -1 -1 -1 -1 25 -1 17 -1 -1 -1 -1 -1 22 21 20 19 -1 -1 -1 
0 -1 -1 -1 4 5 6 -1 -1 -1 -1 -1 -1 3 -1 -1 -1 -1 -1 9 1 -1 2 10 7 -1 -1 11 -1 12 -1 28 -1 -1 -1 15 -1 -1 -1 -1 -1 -1 -1 -1 -1 -1 -1 30 -1 -1 16 -1 -1 -1 -1 -1 -1 -1 29 -1 -1 -1 27 -1 26 23 -1 18 -1 -1 17 -1 -1 -1 -1 25 -1 -1 -1 -1 -1 -1 -1 22 21 20 19 -1 -1 -1 
0 -1 -1 -1 4 5 6 -1 -1 -1 -1 -1 -1 3 -1 -1 -1 -1 9 -1 1 -1 2 10 7 -1 -1 11 -1 12 -1 28 -1 -1 -1 15 -1 -1 -1 -1 -1 -1 -1 -1 -1 -1 -1 30 -1 -1 16 -1 -1 -1 -1 -1 -1 -1 29 -1 -1 -1 27 -1 26 23 -1 18 -1 -1 17 -1 -1 -1 -1 25 -1 -1 -1 -1 -1 -1 -1 22 21 20 19 -1 -1 -1 
0 -1 -1 -1 4 5 6 -1 -1 -1 -1 -1 -1 3 -1 -1 -1 -1 9 -1 1 -1 2 10 7 -1 -1 11 -1 12 -1 28 -1 -1 -1 15 -1 -1 -1 -1 -1 -1 -1 -1 -1 -1 -1 30 -1 -1 16 17 -1 -1 -1 -1 -1 -1 29 -1 -1 -1 27 -1 26 23 -1 18 -1 -1 -1 -1 -1 -1 -1 25 -1 -1 -1 -1 -1 -1 -1 22 21 20 19 -1 -1 -1 
-1 0 -1 -1 4 5 6 -1 -1 -1 -1 -1 -1 3 -1 -1 -1 -1 9 -1 1 -1 2 10 7 -1 -1 11 -1 12 -1 28 -1 -1 -1 15 -1 -1 -1 -1 -1 -1 -1 -1 -1 -1 -1 30 -1 -1 16 17 -1 -1 -1 -1 -1 -1 29 -1 -1 -1 27 -1 26 23 -1 18 -1 -1 -1 -1 -1 -1 -1 25 -1 -1 -1 -1 -1 -1 -1 22 21 20 19 -1 -1 -1 
-1 0 -1 -1 4 5 6 -1 -1 -1 -1 -1 -1 3 -1 -1 -1 -1 9 -1 1 -1 2 10 7 -1 -1 11 -1 12 -1 28 -1 -1 -1 15 -1 -1 -1 -1 -1 -1 -1 -1 -1 -1 26 30 -1 -1 16 17 -1 -1 -1 -1 -1 -1 29 -1 -1 -1 27 -1 -1 23 -1 18 -1 -1 -1 -1 -1 -1 -1 25 -1 -1 -1 -1 -1 -1 -1 22 21 20 19 -1 -1 -1 
-1 0 -1 -1 4 5 6 -1 -1 -1 -1 -1 -1 3 -1 -1 -1 -1 9 -1 1 -1 -1 10 7 -1 -1 11 -1 12 -1 28 -1 -1 -1 15 -1 -1 -1 -1 -1 -1 2 -1 -1 -1 26 30 -1 -1 16 17 -1 -1 -1 -1 -1 -1 29 -1 -1 -1 27 -1 -1 23 -1 18 -1 -1 -1 -1 -1 -1 -1 25 -1 -1 -1 -1 -1 -1 -1 22 21 20 19 -1 -1 -1 
-1 0 -1 -1 4 5 6 -1 -1 -1 -1 -1 -1 3 -1 -1 -1 -1 9 -1 1 -1 -1 10 7 -1 -1 11 -1 12 -1 28 -1 -1 -1 15 -1 -1 -1 -1 -1 -1 2 -1 -1 -1 26 30 -1 -1 16 17 -1 -1 -1 -1 -1 -1 29 -1 -1 -1 27 -1 -1 23 -1 18 -1 -1 -1 -1 -1 25 -1 -1 -1 -1 -1 -1 -1 -1 -1 22 21 20 19 -1 -1 -1 
-1 -1 -1 0 4 5 6 -1 -1 -1 -1 -1 -1 3 -1 -1 -1 -1 9 -1 1 -1 -1 10 7 -1 -1 11 -1 12 -1 28 -1 -1 -1 15 -1 -1 -1 -1 -1 -1 2 -1 -1 -1 26 30 -1 -1 16 17 -1 -1 -1 -1 -1 -1 29 -1 -1 -1 27 -1 -1 23 -1 18 -1 -1 -1 -1 -1 25 -1 -1 -1 -1 -1 -1 -1 -1 -1 22 21 20 19 -1 -1 -1 
-1 -1 -1 0 4 5 6 -1 -1 -1 -1 -1 -1 3 -1 -1 -1 -1 9 -1 1 -1 -1 10 7 -1 -1 11 -1 12 -1 28 -1 -1 -1 15 -1 -1 -1 -1 -1 -1 2 -1 -1 -1 26 30 -1 -1 16 17 -1 -1 -1 -1 -1 -1 29 -1 -1 -1 27 -1 -1 23 -1 18 -1 -1 -1 -1 -1 -1 -1 -1 -1 -1 25 -1 -1 -1 -1 22 21 20 19 -1 -1 -1 
-1 -1 -1 -1 4 5 6 -1 -1 -1 -1 -1 -1 3 -1 -1 -1 -1 9 -1 1 -1 -1 10 7 -1 -1 11 -1 12 -1 28 -1 -1 -1 15 -1 -1 -1 0 -1 -1 2 -1 -1 -1 26 30 -1 -1 16 17 -1 -1 -1 -1 -1 -1 29 -1 -1 -1 27 -1 -1 23 -1 18 -1 -1 -1 -1 -1 -1 -1 -1 -1 -1 25 -1 -1 -1 -1 22 21 20 19 -1 -1 -1 
-1 -1 -1 -1 4 5 6 -1 -1 -1 -1 -1 -1 3 -1 -1 -1 -1 9 -1 1 -1 -1 10 7 -1 -1 11 -1 12 -1 28 -1 -1 -1 15 -1 -1 -1 0 -1 -1 2 -1 -1 -1 26 30 16 -1 -1 17 -1 -1 -1 -1 -1 -1 29 -1 -1 -1 27 -1 -1 23 -1 18 -1 -1 -1 -1 -1 -1 -1 -1 -1 -1 25 -1 -1 -1 -1 22 21 20 19 -1 -1 -1 
-1 -1 -1 -1 4 5 6 -1 -1 -1 -1 -1 -1 3 -1 -1 -1 -1 9 -1 1 -1 -1 10 7 -1 -1 11 -1 12 -1 28 -1 -1 -1 15 -1 -1 -1 -1 -1 0 2 -1 -1 -1 26 30 16 -1 -1 17 -1 -1 -1 -1 -1 -1 29 -1 -1 -1 27 -1 -1 23 -1 18 -1 -1 -1 -1 -1 -1 -1 -1 -1 -1 25 -1 -1 -1 -1 22 21 20 19 -1 -1 -1 
-1 -1 -1 -1 4 5 6 -1 -1 -1 -1 -1 -1 3 -1 -1 -1 -1 9 -1 1 -1 -1 10 7 -1 -1 11 -1 12 16 28 -1 -1 -1 15 -1 -1 -1 -1 -1 0 2 -1 -1 -1 26 30 -1 -1 -1 17 -1 -1 -1 -1 -1 -1 29 -1 -1 -1 27 -1 -1 23 -1 18 -1 -1 -1 -1 -1 -1 -1 -1 -1 -1 25 -1 -1 -1 -1 22 21 20 19 -1 -1 -1 
-1 -1 -1 -1 4 5 6 -1 -1 -1 -1 -1 -1 3 -1 -1 -1 -1 9 -1 1 -1 -1 10 7 -1 -1 11 -1 12 16 28 -1 -1 -1 15 -1 -1 -1 -1 -1 0 -1 -1 -1 -1 26 30 -1 -1 -1 17 -1 -1 -1 -1 -1 -1 2 -1 -1 -1 27 -1 -1 23 -1 18 -1 -1 -1 -1 -1 -1 -1 -1 -1 -1 25 -1 -1 -1 -1 22 21 20 19 -1 -1 -1 
-1 -1 -1 -1 4 5 6 -1 -1 -1 -1 -1 -1 3 -1 -1 -1 -1 9 -1 1 -1 -1 10 7 -1 -1 11 -1 12 16 28 -1 -1 -1 15 -1 -1 -1 -1 -1 0 -1 -1 -1 -1 26 30 -1 -1 -1 17 -1 -1 -1 -1 -1 -1 2 -1 -1 -1 27 -1 -1 23 -1 18 -1 -1 -1 -1 -1 -1 -1 -1 19 -1 25 -1 -1 -1 -1 22 21 20 -1 -1 -1 -1 
-1 -1 -1 -1 4 5 6 -1 -1 -1 -1 -1 -1 3 -1 -1 -1 -1 9 -1 1 -1 -1 10 7 -1 -1 11 -1 -1 16 28 -1 -1 -1 15 -1 -1 12 -1 -1 0 -1 -1 -1 -1 26 30 -1 -1 -1 17 -1 -1 -1 -1 -1 -1 2 -1 -1 -1 27 -1 -1 23 -1 18 -1 -1 -1 -1 -1 -1 -1 -1 19 -1 25 -1 -1 -1 -1 22 21 20 -1 -1 -1 -1 
-1 -1 -1 -1 4 5 6 -1 -1 -1 -1 -1 -1 3 -1 -1 -1 -1 9 -1 1 -1 -1 10 7 -1 -1 11 -1 -1 16 28 -1 -1 -1 15 -1 -1 12 -1 -1 0 -1 -1 -1 -1 26 30 -1 29 -1 17 -1 -1 -1 -1 -1 -1 -1 -1 -1 -1 27 -1 -1 23 -1 18 -1 -1 -1 -1 -1 -1 -1 -1 19 -1 25 -1 -1 -1 -1 22 21 20 -1 -1 -1 -1 
-1 -1 -1 -1 4 5 6 -1 -1 -1 -1 -1 -1 3 -1 -1 -1 -1 9 -1 1 -1 -1 10 7 -1 -1 11 -1 -1 16 28 -1 -1 -1 15 -1 -1 -1 -1 -1 0 -1 -1 -1 -1 26 12 -1 29 -1 17 -1 -1 -1 -1 -1 -1 -1 -1 -1 -1 27 -1 -1 23 -1 18 -1 -1 -1 -1 -1 -1 -1 -1 19 -1 25 -1 -1 -1 -1 22 21 20 -1 -1 -1 -1 
-1 -1 -1 -1 4 5 6 -1 -1 -1 -1 -1 -1 3 -1 -1 -1 -1 9 -1 1 -1 -1 10 7 -1 -1 11 -1 -1 16 28 -1 -1 -1 15 -1 -1 -1 -1 29 0 -1 -1 -1 -1 26 12 -1 -1 -1 17 -1 -1 -1 -1 -1 -1 -1 -1 -1 -1 27 -1 -1 23 -1 18 -1 -1 -1 -1 -1 -1 -1 -1 19 -1 25 -1 -1 -1 -1 22 21 20 -1 -1 -1 -1 
-1 -1 -1 -1 4 5 6 -1 -1 -1 -1 -1 -1 3 -1 -1 -1 -1 9 -1 1 -1 -1 10 7 -1 -1 11 -1 -1 16 28 -1 -1 -1 15 -1 -1 -1 -1 29 -1 -1 -1 -1 -1 26 12 -1 -1 -1 17 -1 -1 -1 -1 -1 -1 -1 0 -1 -1 27 -1 -1 23 -1 18 -1 -1 -1 -1 -1 -1 -1 -1 19 -1 25 -1 -1 -1 -1 22 21 20 -1 -1 -1 -1 
-1 -1 -1 -1 4 5 6 -1 -1 -1 -1 -1 -1 3 -1 -1 -1 -1 9 -1 1 -1 -1 10 7 -1 -1 11 -1 -1 16 28 -1 -1 -1 15 -1 -1 -1 -1 29 -1 -1 -1 -1 -1 -1 12 -1 -1 -1 17 -1 -1 -1 -1 -1 -1 -1 0 -1 -1 27 -1 -1 23 -1 18 -1 -1 -1 -1 -1 26 -1 -1 19 -1 25 -1 -1 -1 -1 22 21 20 -1 -1 -1 -1 
-1 -1 -1 -1 4 5 6 -1 -1 -1 -1 -1 -1 3 -1 -1 -1 -1 9 -1 1 -1 -1 -1 7 -1 -1 11 -1 -1 16 28 10 -1 -1 15 -1 -1 -1 -1 29 -1 -1 -1 -1 -1 -1 12 -1 -1 -1 17 -1 -1 -1 -1 -1 -1 -1 0 -1 -1 27 -1 -1 23 -1 18 -1 -1 -1 -1 -1 26 -1 -1 19 -1 25 -1 -1 -1 -1 22 21 20 -1 -1 -1 -1 
-1 -1 -1 -1 4 5 6 -1 -1 -1 -1 -1 16 3 -1 -1 -1 -1 9 -1 1 -1 -1 -1 7 -1 -1 11 -1 -1 -1 28 10 -1 -1 15 -1 -1 -1 -1 29 -1 -1 -1 -1 -1 -1 12 -1 -1 -1 17 -1 -1 -1 -1 -1 -1 -1 0 -1 -1 27 -1 -1 23 -1 18 -1 -1 -1 -1 -1 26 -1 -1 19 -1 25 -1 -1 -1 -1 22 21 20 -1 -1 -1 -1 
-1 -1 -1 -1 4 5 6 -1 -1 -1 -1 -1 16 3 10 -1 -1 -1 9 -1 1 -1 -1 -1 7 -1 -1 11 -1 -1 -1 28 -1 -1 -1 15 -1 -1 -1 -1 29 -1 -1 -1 -1 -1 -1 12 -1 -1 -1 17 -1 -1 -1 -1 -1 -1 -1 0 -1 -1 27 -1 -1 23 -1 18 -1 -1 -1 -1 -1 26 -1 -1 19 -1 25 -1 -1 -1 -1 22 21 20 -1 -1 -1 -1 
-1 -1 -1 -1 4 5 6 -1 -1 -1 -1 -1 -1 3 10 -1 -1 -1 9 -1 1 -1 -1 -1 7 -1 -1 11 -1 -1 16 28 -1 -1 -1 15 -1 -1 -1 -1 29 -1 -1 -1 -1 -1 -1 12 -1 -1 -1 17 -1 -1 -1 -1 -1 -1 -1 0 -1 -1 27 -1 -1 23 -1 18 -1 -1 -1 -1 -1 26 -1 -1 19 -1 25 -1 -1 -1 -1 22 21 20 -1 -1 -1 -1 
-1 -1 -1 -1 4 5 6 -1 -1 -1 -1 -1 -1 3 -1 -1 -1 -1 9 -1 1 -1 -1 -1 7 -1 -1 11 -1 -1 16 28 10 -1 -1 15 -1 -1 -1 -1 29 -1 -1 -1 -1 -1 -1 12 -1 -1 -1 17 -1 -1 -1 -1 -1 -1 -1 0 -1 -1 27 -1 -1 23 -1 18 -1 -1 -1 -1 -1 26 -1 -1 19 -1 25 -1 -1 -1 -1 22 21 20 -1 -1 -1 -1 
-1 -1 -1 -1 4 5 6 -1 -1 -1 -1 -1 16 3 -1 -1 -1 -1 9 -1 1 -1 -1 -1 7 -1 -1 11 -1 -1 -1 28 10 -1 -1 15 -1 -1 -1 -1 29 -1 -1 -1 -1 -1 -1 12 -1 -1 -1 17 -1 -1 -1 -1 -1 -1 -1 0 -1 -1 27 -1 -1 23 -1 18 -1 -1 -1 -1 -1 26 -1 -1 19 -1 25 -1 -1 -1 -1 22 21 20 -1 -1 -1 -1 
-1 -1 -1 -1 4 5 6 -1 -1 -1 -1 -1 16 3 -1 -1 -1 -1 9 -1 1 -1 -1 -1 7 -1 -1 11 -1 -1 -1 28 10 -1 -1 15 -1 -1 -1 -1 29 -1 -1 -1 -1 -1 -1 -1 -1 -1 -1 17 -1 -1 -1 -1 12 -1 -1 0 -1 -1 27 -1 -1 23 -1 18 -1 -1 -1 -1 -1 26 -1 -1 19 -1 25 -1 -1 -1 -1 22 21 20 -1 -1 -1 -1 
-1 -1 -1 -1 4 5 6 -1 -1 -1 -1 -1 16 3 -1 -1 -1 -1 9 -1 1 -1 -1 -1 7 -1 -1 11 -1 -1 -1 28 10 -1 -1 15 -1 -1 -1 -1 29 -1 -1 -1 -1 -1 -1 -1 -1 -1 -1 17 -1 -1 -1 -1 12 -1 23 0 -1 -1 27 -1 -1 -1 -1 18 -1 -1 -1 -1 -1 26 -1 -1 19 -1 25 -1 -1 -1 -1 22 21 20 -1 -1 -1 -1 
-1 -1 -1 -1 4 5 6 -1 -1 -1 -1 -1 16 3 -1 -1 -1 -1 9 -1 1 -1 -1 -1 7 -1 -1 11 -1 -1 -1 28 -1 10 -1 15 -1 -1 -1 -1 29 -1 -1 -1 -1 -1 -1 -1 -1 -1 -1 17 -1 -1 -1 -1 12 -1 23 0 -1 -1 27 -1 -1 -1 -1 18 -1 -1 -1 -1 -1 26 -1 -1 19 -1 25 -1 -1 -1 -1 22 21 20 -1 -1 -1 -1 
-1 -1 -1 -1 4 5 6 -1 -1 -1 -1 -1 16 3 -1 -1 -1 -1 9 -1 1 -1 -1 -1 7 -1 -1 11 -1 -1 -1 28 -1 10 -1 15 -1 -1 -1 -1 29 -1 -1 -1 -1 -1 -1 23 -1 -1 -1 17 -1 -1 -1 -1 12 -1 -1 0 -1 -1 27 -1 -1 -1 -1 18 -1 -1 -1 -1 -1 26 -1 -1 19 -1 25 -1 -1 -1 -1 22 21 20 -1 -1 -1 -1 
-1 -1 -1 -1 4 5 6 -1 -1 -1 -1 -1 16 3 -1 -1 -1 -1 9 -1 1 -1 -1 -1 7 -1 -1 11 -1 -1 -1 28 -1 10 -1 15 -1 -1 -1 -1 29 -1 -1 -1 -1 -1 -1 23 -1 -1 -1 17 -1 -1 -1 -1 12 0 -1 -1 -1 -1 27 -1 -1 -1 -1 18 -1 -1 -1 -1 -1 26 -1 -1 19 -1 25 -1 -1 -1 -1 22 21 20 -1 -1 -1 -1 
-1 -1 -1 -1 4 5 6 -1 -1 -1 16 -1 -1 3 -1 -1 -1 -1 9 -1 1 -1 -1 -1 7 -1 -1 11 -1 -1 -1 28 -1 10 -1 15 -1 -1 -1 -1 29 -1 -1 -1 -1 -1 -1 23 -1 -1 -1 17 -1 -1 -1 -1 12 0 -1 -1 -1 -1 27 -1 -1 -1 -1 18 -1 -1 -1 -1 -1 26 -1 -1 19 -1 25 -1 -1 -1 -1 22 21 20 -1 -1 -1 -1 
-1 -1 -1 1 4 5 6 -1 -1 -1 16 -1 -1 3 -1 -1 -1 -1 9 -1 -1 -1 -1 -1 7 -1 -1 11 -1 -1 -1 28 -1 10 -1 15 -1 -1 -1 -1 29 -1 -1 -1 -1 -1 -1 23 -1 -1 -1 17 -1 -1 -1 -1 12 0 -1 -1 -1 -1 27 -1 -1 -1 -1 18 -1 -1 -1 -1 -1 26 -1 -1 19 -1 25 -1 -1 -1 -1 22 21 20 -1 -1 -1 -1 
-1 -1 -1 1 4 5 6 -1 -1 -1 -1 -1 -1 3 -1 -1 -1 -1 9 16 -1 -1 -1 -1 7 -1 -1 11 -1 -1 -1 28 -1 10 -1 15 -1 -1 -1 -1 29 -1 -1 -1 -1 -1 -1 23 -1 -1 -1 17 -1 -1 -1 -1 12 0 -1 -1 -1 -1 27 -1 -1 -1 -1 18 -1 -1 -1 -1 -1 26 -1 -1 19 -1 25 -1 -1 -1 -1 22 21 20 -1 -1 -1 -1 
-1 -1 -1 1 4 5 6 -1 -1 -1 -1 -1 -1 3 -1 -1 -1 -1 9 16 -1 0 -1 -1 7 -1 -1 11 -1 -1 -1 28 -1 10 -1 15 -1 -1 -1 -1 29 -1 -1 -1 -1 -1 -1 23 -1 -1 -1 17 -1 -1 -1 -1 12 -1 -1 -1 -1 -1 27 -1 -1 -1 -1 18 -1 -1 -1 -1 -1 26 -1 -1 19 -1 25 -1 -1 -1 -1 22 21 20 -1 -1 -1 -1 
-1 -1 -1 1 4 5 6 -1 -1 -1 -1 -1 -1 3 -1 -1 -1 -1 9 -1 -1 16 -1 -1 7 -1 -1 11 -1 -1 -1 28 -1 10 -1 15 -1 -1 -1 -1 29 -1 -1 -1 -1 -1 -1 23 -1 -1 -1 17 -1 -1 -1 -1 12 -1 -1 -1 -1 -1 27 -1 -1 -1 -1 18 -1 -1 -1 -1 -1 26 -1 -1 19 -1 25 -1 -1 -1 -1 22 21 20 -1 -1 -1 -1 
-1 -1 -1 1 4 5 6 -1 -1 -1 -1 -1 -1 -1 -1 -1 -1 -1 9 -1 -1 3 -1 -1 7 -1 -1 11 -1 -1 -1 28 -1 10 -1 15 -1 -1 -1 -1 29 -1 -1 -1 -1 -1 -1 23 -1 -1 -1 17 -1 -1 -1 -1 12 -1 -1 -1 -1 -1 27 -1 -1 -1 -1 18 -1 -1 -1 -1 -1 26 -1 -1 19 -1 25 -1 -1 -1 -1 22 21 20 -1 -1 -1 -1 
-1 -1 -1 1 4 5 6 -1 -1 -1 -1 -1 -1 -1 -1 -1 -1 -1 9 -1 -1 3 -1 -1 7 -1 -1 11 -1 -1 -1 28 -1 10 -1 15 -1 -1 -1 -1 29 -1 -1 -1 -1 -1 -1 23 -1 -1 -1 -1 -1 -1 -1 -1 12 -1 -1 -1 -1 -1 27 -1 -1 -1 -1 18 17 -1 -1 -1 -1 26 -1 -1 19 -1 25 -1 -1 -1 -1 22 21 20 -1 -1 -1 -1 
-1 -1 -1 1 4 5 6 -1 -1 -1 -1 -1 -1 -1 -1 -1 -1 -1 9 -1 -1 3 -1 -1 7 -1 -1 11 -1 -1 -1 28 -1 -1 -1 15 -1 -1 -1 -1 29 -1 -1 -1 -1 -1 -1 23 -1 -1 -1 -1 -1 -1 -1 -1 12 -1 -1 -1 -1 -1 27 -1 -1 -1 -1 18 17 -1 -1 -1 -1 26 -1 -1 19 -1 10 -1 -1 -1 -1 22 21 20 -1 -1 -1 -1 
-1 -1 -1 1 4 5 6 -1 -1 -1 -1 -1 -1 -1 -1 -1 -1 -1 9 -1 -1 3 -1 -1 7 -1 -1 11 -1 -1 -1 28 -1 -1 -1 15 -1 -1 -1 -1 29 -1 -1 -1 -1 -1 -1 23 -1 -1 -1 -1 -1 -1 -1 -1 12 -1 -1 -1 -1 -1 27 -1 -1 -1 -1 18 17 -1 -1 -1 -1 -1 -1 -1 19 -1 26 -1 -1 -1 -1 22 21 20 -1 -1 -1 -1 
-1 -1 -1 1 4 5 6 -1 -1 -1 -1 -1 -1 -1 -1 -1 -1 -1 9 -1 -1 3 -1 -1 7 -1 -1 11 -1 -1 -1 28 -1 -1 -1 15 -1 -1 -1 -1 29 -1 -1 -1 -1 -1 -1 23 -1 -1 -1 -1 -1 -1 -1 -1 12 -1 -1 -1 -1 -1 27 -1 -1 -1 -1 18 17 -1 -1 -1 -1 -1 2 -1 19 -1 26 -1 -1 -1 -1 22 21 20 -1 -1 -1 -1 
-1 -1 -1 1 4 5 6 -1 -1 -1 -1 -1 -1 -1 -1 -1 -1 -1 9 -1 -1 3 -1 -1 7 -1 -1 11 -1 -1 -1 28 -1 -1 -1 15 -1 -1 -1 29 -1 -1 -1 -1 -1 -1 -1 23 -1 -1 -1 -1 -1 -1 -1 -1 12 -1 -1 -1 -1 -1 27 -1 -1 -1 -1 18 17 -1 -1 -1 -1 -1 2 -1 19 -1 26 -1 -1 -1 -1 22 21 20 -1 -1 -1 -1 
-1 -1 -1 1 4 5 -1 -1 -1 -1 -1 -1 -1 -1 -1 -1 -1 -1 9 -1 -1 3 -1 -1 7 -1 -1 11 -1 -1 -1 28 -1 -1 -1 15 -1 -1 -1 29 -1 -1 -1 -1 -1 -1 -1 23 -1 -1 -1 -1 -1 -1 -1 -1 12 -1 -1 -1 -1 -1 27 -1 -1 -1 -1 18 17 -1 -1 -1 -1 -1 2 -1 19 -1 26 -1 -1 -1 -1 22 21 20 -1 -1 -1 -1 
-1 -1 -1 1 4 5 -1 -1 -1 -1 -1 -1 -1 -1 -1 -1 -1 -1 9 -1 -1 3 -1 -1 7 -1 -1 11 -1 -1 -1 28 -1 -1 -1 15 -1 -1 -1 29 -1 -1 -1 -1 -1 -1 -1 23 -1 17 -1 -1 -1 -1 -1 -1 12 -1 -1 -1 -1 -1 27 -1 -1 -1 -1 18 -1 -1 -1 -1 -1 -1 2 -1 19 -1 26 -1 -1 -1 -1 22 21 20 -1 -1 -1 -1 
-1 -1 -1 1 4 -1 -1 -1 -1 -1 -1 -1 -1 5 -1 -1 -1 -1 9 -1 -1 3 -1 -1 7 -1 -1 11 -1 -1 -1 28 -1 -1 -1 15 -1 -1 -1 29 -1 -1 -1 -1 -1 -1 -1 23 -1 17 -1 -1 -1 -1 -1 -1 12 -1 -1 -1 -1 -1 27 -1 -1 -1 -1 18 -1 -1 -1 -1 -1 -1 2 -1 19 -1 26 -1 -1 -1 -1 22 21 20 -1 -1 -1 -1 
-1 -1 -1 1 4 -1 -1 -1 -1 -1 -1 -1 -1 5 -1 -1 -1 -1 9 -1 -1 3 -1 -1 7 -1 -1 11 -1 -1 -1 28 -1 -1 -1 15 -1 -1 -1 29 -1 -1 -1 -1 -1 -1 -1 23 -1 -1 -1 -1 -1 -1 -1 -1 17 -1 -1 -1 -1 -1 27 -1 -1 -1 -1 18 -1 -1 -1 -1 -1 -1 2 -1 19 -1 26 -1 -1 -1 -1 22 21 20 -1 -1 -1 -1 
-1 -1 -1 1 4 -1 -1 -1 -1 -1 -1 -1 -1 5 -1 -1 -1 -1 -1 -1 9 3 -1 -1 7 -1 -1 11 -1 -1 -1 28 -1 -1 -1 15 -1 -1 -1 29 -1 -1 -1 -1 -1 -1 -1 23 -1 -1 -1 -1 -1 -1 -1 -1 17 -1 -1 -1 -1 -1 27 -1 -1 -1 -1 18 -1 -1 -1 -1 -1 -1 2 -1 19 -1 26 -1 -1 -1 -1 22 21 20 -1 -1 -1 -1 
-1 -1 -1 1 4 -1 -1 -1 -1 -1 -1 -1 -1 5 -1 -1 -1 -1 -1 -1 9 3 -1 -1 7 -1 -1 11 -1 -1 29 28 -1 -1 -1 15 -1 -1 -1 -1 -1 -1 -1 -1 -1 -1 -1 23 -1 -1 -1 -1 -1 -1 -1 -1 17 -1 -1 -1 -1 -1 27 -1 -1 -1 -1 18 -1 -1 -1 -1 -1 -1 2 -1 19 -1 26 -1 -1 -1 -1 22 21 20 -1 -1 -1 -1 
-1 -1 -1 1 4 -1 -1 -1 -1 -1 -1 -1 -1 5 -1 -1 -1 -1 -1 -1 -1 3 -1 -1 7 -1 -1 11 -1 -1 29 28 -1 -1 -1 15 -1 -1 -1 -1 -1 -1 -1 -1 -1 -1 -1 9 -1 -1 -1 -1 -1 -1 -1 -1 17 -1 -1 -1 -1 -1 27 -1 -1 -1 -1 18 -1 -1 -1 -1 -1 -1 2 -1 19 -1 26 -1 -1 -1 -1 22 21 20 -1 -1 -1 -1 
-1 -1 -1 1 4 -1 -1 -1 -1 -1 -1 -1 -1 5 -1 -1 -1 -1 -1 -1 -1 3 -1 -1 7 -1 -1 11 -1 -1 29 28 -1 -1 -1 15 -1 -1 -1 -1 -1 -1 -1 -1 -1 -1 -1 18 -1 -1 -1 -1 -1 -1 -1 -1 17 -1 -1 -1 -1 -1 27 -1 -1 -1 -1 -1 -1 -1 -1 -1 -1 -1 2 -1 19 -1 26 -1 -1 -1 -1 22 21 20 -1 -1 -1 -1 
-1 -1 -1 -1 4 -1 -1 -1 -1 -1 -1 -1 -1 5 -1 -1 -1 -1 -1 -1 1 3 -1 -1 7 -1 -1 11 -1 -1 29 28 -1 -1 -1 15 -1 -1 -1 -1 -1 -1 -1 -1 -1 -1 -1 18 -1 -1 -1 -1 -1 -1 -1 -1 17 -1 -1 -1 -1 -1 27 -1 -1 -1 -1 -1 -1 -1 -1 -1 -1 -1 2 -1 19 -1 26 -1 -1 -1 -1 22 21 20 -1 -1 -1 -1 
-1 -1 -1 -1 4 -1 -1 -1 -1 -1 -1 -1 -1 5 -1 -1 -1 -1 -1 -1 1 3 -1 -1 7 -1 -1 11 -1 29 -1 28 -1 -1 -1 15 -1 -1 -1 -1 -1 -1 -1 -1 -1 -1 -1 18 -1 -1 -1 -1 -1 -1 -1 -1 17 -1 -1 -1 -1 -1 27 -1 -1 -1 -1 -1 -1 -1 -1 -1 -1 -1 2 -1 19 -1 26 -1 -1 -1 -1 22 21 20 -1 -1 -1 -1 
-1 -1 -1 1 4 -1 -1 -1 -1 -1 -1 -1 -1 5 -1 -1 -1 -1 -1 -1 -1 3 -1 -1 7 -1 -1 11 -1 29 -1 28 -1 -1 -1 15 -1 -1 -1 -1 -1 -1 -1 -1 -1 -1 -1 18 -1 -1 -1 -1 -1 -1 -1 -1 17 -1 -1 -1 -1 -1 27 -1 -1 -1 -1 -1 -1 -1 -1 -1 -1 -1 2 -1 19 -1 26 -1 -1 -1 -1 22 21 20 -1 -1 -1 -1 
-1 -1 -1 1 4 -1 -1 -1 -1 -1 -1 -1 -1 5 -1 -1 -1 -1 -1 -1 -1 3 -1 -1 7 -1 -1 11 -1 29 -1 28 -1 -1 -1 15 -1 -1 -1 -1 -1 -1 -1 -1 -1 31 -1 18 -1 -1 -1 -1 -1 -1 -1 -1 17 -1 -1 -1 -1 -1 27 -1 -1 -1 -1 -1 -1 -1 -1 -1 -1 -1 2 -1 19 -1 26 -1 -1 -1 -1 22 21 20 -1 -1 -1 -1 
-1 -1 -1 1 4 -1 -1 -1 -1 -1 -1 -1 -1 5 -1 -1 -1 -1 -1 -1 -1 3 -1 -1 -1 -1 -1 11 -1 29 -1 28 -1 -1 -1 15 -1 -1 -1 -1 -1 -1 -1 7 -1 31 -1 18 -1 -1 -1 -1 -1 -1 -1 -1 17 -1 -1 -1 -1 -1 27 -1 -1 -1 -1 -1 -1 -1 -1 -1 -1 -1 2 -1 19 -1 26 -1 -1 -1 -1 22 21 20 -1 -1 -1 -1 
-1 -1 -1 1 4 -1 -1 -1 -1 -1 -1 -1 -1 5 -1 -1 -1 -1 -1 -1 -1 3 -1 -1 -1 -1 -1 11 -1 29 -1 28 -1 -1 -1 15 -1 -1 -1 -1 -1 -1 -1 7 -1 31 -1 -1 -1 -1 -1 -1 -1 -1 -1 -1 17 -1 -1 -1 -1 -1 27 -1 -1 -1 -1 18 -1 -1 -1 -1 -1 -1 2 -1 19 -1 26 -1 -1 -1 -1 22 21 20 -1 -1 -1 -1 
-1 -1 -1 1 4 -1 -1 -1 -1 -1 -1 -1 -1 5 -1 -1 -1 -1 -1 -1 -1 3 -1 -1 -1 -1 -1 11 -1 29 -1 28 -1 -1 -1 15 -1 -1 -1 -1 -1 -1 -1 -1 -1 31 -1 -1 -1 -1 -1 -1 -1 -1 -1 -1 17 -1 -1 -1 -1 -1 7 -1 -1 -1 -1 18 -1 -1 -1 -1 -1 -1 2 -1 19 -1 26 -1 -1 -1 -1 22 21 20 -1 -1 -1 -1 
-1 -1 -1 1 4 -1 -1 -1 -1 -1 -1 -1 -1 5 -1 -1 -1 -1 -1 -1 -1 3 -1 -1 -1 -1 -1 11 -1 29 -1 28 -1 -1 -1 15 -1 -1 -1 -1 -1 -1 -1 -1 -1 31 -1 -1 -1 -1 -1 -1 -1 -1 -1 -1 17 -1 -1 -1 -1 -1 7 -1 -1 -1 19 18 -1 -1 -1 -1 -1 -1 2 -1 -1 -1 26 -1 -1 -1 -1 22 21 20 -1 -1 -1 -1 
-1 -1 -1 1 4 -1 -1 -1 -1 -1 -1 -1 -1 5 -1 -1 -1 -1 -1 -1 -1 3 -1 -1 -1 -1 -1 11 -1 29 -1 28 -1 -1 -1 15 -1 -1 -1 -1 -1 -1 -1 7 -1 31 -1 -1 -1 -1 -1 -1 -1 -1 -1 -1 17 -1 -1 -1 -1 -1 -1 -1 -1 -1 19 18 -1 -1 -1 -1 -1 -1 2 -1 -1 -1 26 -1 -1 -1 -1 22 21 20 -1 -1 -1 -1 
-1 -1 -1 1 4 -1 -1 -1 -1 -1 -1 -1 -1 5 -1 -1 -1 -1 -1 -1 -1 3 -1 -1 -1 -1 -1 11 29 -1 -1 28 -1 -1 -1 15 -1 -1 -1 -1 -1 -1 -1 7 -1 31 -1 -1 -1 -1 -1 -1 -1 -1 -1 -1 17 -1 -1 -1 -1 -1 -1 -1 -1 -1 19 18 -1 -1 -1 -1 -1 -1 2 -1 -1 -1 26 -1 -1 -1 -1 22 21 20 -1 -1 -1 -1 
-1 -1 -1 1 4 -1 -1 -1 -1 -1 -1 -1 -1 5 -1 -1 -1 -1 -1 -1 -1 3 -1 -1 -1 -1 -1 11 29 -1 -1 28 -1 -1 -1 15 -1 -1 -1 -1 -1 -1 -1 -1 -1 31 -1 -1 -1 -1 7 -1 -1 -1 -1 -1 17 -1 -1 -1 -1 -1 -1 -1 -1 -1 19 18 -1 -1 -1 -1 -1 -1 2 -1 -1 -1 26 -1 -1 -1 -1 22 21 20 -1 -1 -1 -1 
-1 -1 -1 1 4 -1 -1 -1 -1 -1 -1 -1 -1 5 -1 -1 -1 -1 -1 -1 -1 3 -1 -1 -1 -1 -1 11 29 -1 -1 28 -1 -1 -1 15 -1 -1 -1 -1 -1 -1 -1 -1 -1 31 -1 -1 -1 -1 7 -1 -1 -1 -1 -1 17 -1 -1 -1 -1 -1 -1 -1 -1 -1 19 18 -1 -1 -1 -1 -1 -1 2 25 -1 -1 -1 -1 -1 -1 -1 22 21 20 -1 -1 -1 -1 
-1 -1 -1 1 4 -1 -1 -1 -1 -1 -1 -1 -1 5 -1 -1 -1 -1 -1 -1 -1 3 -1 -1 -1 -1 -1 11 29 -1 -1 28 -1 -1 -1 15 -1 -1 -1 -1 -1 -1 -1 -1 -1 31 -1 -1 -1 -1 7 -1 -1 -1 -1 -1 17 -1 -1 -1 -1 -1 -1 -1 -1 -1 19 18 -1 -1 -1 -1 -1 -1 2 25 -1 -1 -1 -1 -1 -1 -1 22 21 20 -1 -1 -1 -1 
-1 -1 -1 1 4 -1 -1 -1 -1 -1 -1 -1 -1 5 -1 -1 -1 -1 -1 -1 -1 3 -1 -1 -1 -1 -1 11 29 -1 -1 28 -1 -1 -1 15 -1 -1 -1 -1 -1 -1 -1 -1 -1 31 -1 -1 -1 -1 7 -1 -1 -1 -1 -1 17 -1 -1 -1 -1 -1 -1 -1 -1 -1 19 18 -1 -1 -1 -1 25 -1 2 -1 -1 -1 -1 -1 -1 -1 -1 22 21 20 -1 -1 -1 -1 
-1 -1 -1 -1 4 -1 -1 -1 -1 -1 -1 -1 -1 5 -1 -1 -1 -1 -1 -1 -1 3 1 -1 -1 -1 -1 11 29 -1 -1 28 -1 -1 -1 15 -1 -1 -1 -1 -1 -1 -1 -1 -1 31 -1 -1 -1 -1 7 -1 -1 -1 -1 -1 17 -1 -1 -1 -1 -1 -1 -1 -1 -1 19 18 -1 -1 -1 -1 25 -1 2 -1 -1 -1 -1 -1 -1 -1 -1 22 21 20 -1 -1 -1 -1 
-1 -1 -1 -1 4 -1 -1 -1 -1 -1 -1 -1 -1 5 -1 -1 -1 -1 -1 -1 -1 3 1 -1 -1 -1 -1 25 29 -1 -1 28 -1 -1 -1 15 -1 -1 -1 -1 -1 -1 -1 -1 -1 31 -1 -1 -1 -1 7 -1 -1 -1 -1 -1 17 -1 -1 -1 -1 -1 -1 -1 -1 -1 19 18 -1 -1 -1 -1 -1 -1 2 -1 -1 -1 -1 -1 -1 -1 -1 22 21 20 -1 -1 -1 -1 
-1 -1 -1 -1 4 -1 -1 -1 -1 -1 -1 -1 -1 5 -1 -1 -1 -1 -1 -1 -1 3 -1 -1 -1 -1 -1 25 29 -1 -1 28 -1 1 -1 15 -1 -1 -1 -1 -1 -1 -1 -1 -1 31 -1 -1 -1 -1 7 -1 -1 -1 -1 -1 17 -1 -1 -1 -1 -1 -1 -1 -1 -1 19 18 -1 -1 -1 -1 -1 -1 2 -1 -1 -1 -1 -1 -1 -1 -1 22 21 20 -1 -1 -1 -1 
-1 -1 -1 -1 4 -1 -1 -1 -1 -1 -1 -1 -1 5 -1 -1 -1 -1 -1 -1 -1 3 -1 -1 -1 -1 -1 25 29 -1 -1 28 -1 1 -1 15 31 -1 -1 -1 -1 -1 -1 -1 -1 -1 -1 -1 -1 -1 7 -1 -1 -1 -1 -1 17 -1 -1 -1 -1 -1 -1 -1 -1 -1 19 18 -1 -1 -1 -1 -1 -1 2 -1 -1 -1 -1 -1 -1 -1 -1 22 21 20 -1 -1 -1 -1 
-1 -1 -1 -1 4 -1 -1 -1 -1 -1 -1 -1 -1 5 -1 -1 -1 -1 -1 -1 -1 3 -1 -1 -1 -1 -1 25 29 -1 -1 28 -1 1 -1 15 31 -1 -1 -1 -1 -1 -1 -1 -1 -1 -1 -1 -1 -1 7 -1 -1 -1 -1 -1 17 -1 2 -1 -1 -1 -1 -1 -1 -1 19 18 -1 -1 -1 -1 -1 -1 -1 -1 -1 -1 -1 -1 -1 -1 -1 22 21 20 -1 -1 -1 -1 
-1 -1 -1 -1 4 -1 -1 -1 -1 -1 -1 -1 -1 5 -1 -1 -1 -1 -1 -1 -1 3 -1 -1 -1 -1 -1 25 29 -1 -1 28 -1 1 -1 15 -1 31 -1 -1 -1 -1 -1 -1 -1 -1 -1 -1 -1 -1 7 -1 -1 -1 -1 -1 17 -1 2 -1 -1 -1 -1 -1 -1 -1 19 18 -1 -1 -1 -1 -1 -1 -1 -1 -1 -1 -1 -1 -1 -1 -1 22 21 20 -1 -1 -1 -1 
-1 -1 -1 -1 4 -1 -1 -1 -1 -1 -1 -1 -1 5 -1 -1 -1 -1 -1 -1 -1 3 -1 -1 -1 -1 -1 25 29 -1 -1 28 -1 -1 -1 15 -1 31 -1 -1 1 -1 -1 -1 -1 -1 -1 -1 -1 -1 7 -1 -1 -1 -1 -1 17 -1 2 -1 -1 -1 -1 -1 -1 -1 19 18 -1 -1 -1 -1 -1 -1 -1 -1 -1 -1 -1 -1 -1 -1 -1 22 21 20 -1 -1 -1 -1 
-1 -1 -1 -1 4 -1 -1 -1 -1 -1 -1 -1 -1 5 -1 -1 -1 -1 -1 -1 -1 3 -1 -1 -1 -1 -1 25 29 -1 -1 28 -1 -1 -1 15 -1 31 -1 -1 1 -1 -1 -1 -1 -1 -1 -1 -1 -1 7 -1 -1 -1 -1 -1 17 -1 19 -1 -1 -1 -1 -1 -1 -1 -1 18 -1 -1 -1 -1 -1 -1 -1 -1 -1 -1 -1 -1 -1 -1 -1 22 21 20 -1 -1 -1 -1 
-1 -1 -1 -1 4 -1 -1 -1 -1 -1 -1 -1 -1 5 -1 -1 -1 -1 -1 -1 -1 3 -1 -1 -1 -1 -1 25 29 -1 -1 28 -1 -1 -1 -1 -1 31 -1 -1 1 -1 -1 -1 15 -1 -1 -1 -1 -1 7 -1 -1 -1 -1 -1 17 -1 19 -1 -1 -1 -1 -1 -1 -1 -1 18 -1 -1 -1 -1 -1 -1 -1 -1 -1 -1 -1 -1 -1 -1 -1 22 21 20 -1 -1 -1 -1 
-1 -1 -1 -1 4 -1 -1 -1 -1 -1 -1 -1 -1 5 -1 -1 -1 -1 -1 -1 -1 3 -1 -1 -1 -1 -1 -1 29 -1 -1 28 -1 -1 -1 -1 -1 31 -1 -1 1 -1 -1 -1 15 25 -1 -1 -1 -1 7 -1 -1 -1 -1 -1 17 -1 19 -1 -1 -1 -1 -1 -1 -1 -1 18 -1 -1 -1 -1 -1 -1 -1 -1 -1 -1 -1 -1 -1 -1 -1 22 21 20 -1 -1 -1 -1 
-1 -1 -1 -1 -1 4 -1 -1 -1 -1 -1 -1 -1 5 -1 -1 -1 -1 -1 -1 -1 3 -1 -1 -1 -1 -1 -1 29 -1 -1 28 -1 -1 -1 -1 -1 31 -1 -1 1 -1 -1 -1 15 25 -1 -1 -1 -1 7 -1 -1 -1 -1 -1 17 -1 19 -1 -1 -1 -1 -1 -1 -1 -1 18 -1 -1 -1 -1 -1 -1 -1 -1 -1 -1 -1 -1 -1 -1 -1 22 21 20 -1 -1 -1 -1 
25 -1 -1 -1 -1 4 -1 -1 -1 -1 -1 -1 -1 5 -1 -1 -1 -1 -1 -1 -1 3 -1 -1 -1 -1 -1 -1 29 -1 -1 28 -1 -1 -1 -1 -1 31 -1 -1 1 -1 -1 -1 15 -1 -1 -1 -1 -1 7 -1 -1 -1 -1 -1 17 -1 19 -1 -1 -1 -1 -1 -1 -1 -1 18 -1 -1 -1 -1 -1 -1 -1 -1 -1 -1 -1 -1 -1 -1 -1 22 21 20 -1 -1 -1 -1 
25 -1 -1 -1 -1 -1 -1 -1 -1 -1 -1 -1 -1 5 4 -1 -1 -1 -1 -1 -1 3 -1 -1 -1 -1 -1 -1 29 -1 -1 28 -1 -1 -1 -1 -1 31 -1 -1 1 -1 -1 -1 15 -1 -1 -1 -1 -1 7 -1 -1 -1 -1 -1 17 -1 19 -1 -1 -1 -1 -1 -1 -1 -1 18 -1 -1 -1 -1 -1 -1 -1 -1 -1 -1 -1 -1 -1 -1 -1 22 21 20 -1 -1 -1 -1 
25 -1 -1 -1 -1 -1 -1 -1 -1 -1 -1 -1 -1 5 4 -1 -1 -1 -1 -1 -1 3 -1 -1 -1 -1 -1 -1 29 -1 -1 28 -1 -1 -1 -1 -1 31 -1 -1 1 -1 -1 -1 15 -1 -1 -1 -1 -1 7 -1 -1 -1 -1 -1 17 -1 19 -1 -1 -1 -1 -1 -1 -1 -1 18 -1 -1 -1 -1 -1 -1 -1 -1 -1 -1 -1 -1 -1 -1 -1 22 21 -1 20 -1 -1 -1 
25 -1 -1 -1 -1 -1 -1 -1 -1 -1 -1 -1 -1 -1 4 -1 -1 -1 -1 -1 -1 3 -1 5 -1 -1 -1 -1 29 -1 -1 28 -1 -1 -1 -1 -1 31 -1 -1 1 -1 -1 -1 15 -1 -1 -1 -1 -1 7 -1 -1 -1 -1 -1 17 -1 19 -1 -1 -1 -1 -1 -1 -1 -1 18 -1 -1 -1 -1 -1 -1 -1 -1 -1 -1 -1 -1 -1 -1 -1 22 21 -1 20 -1 -1 -1 
-1 -1 -1 -1 -1 -1 -1 -1 -1 -1 -1 -1 -1 -1 4 -1 -1 -1 -1 -1 -1 3 -1 5 -1 -1 -1 -1 29 -1 -1 28 -1 -1 -1 -1 -1 31 -1 -1 1 -1 -1 -1 15 25 -1 -1 -1 -1 7 -1 -1 -1 -1 -1 17 -1 19 -1 -1 -1 -1 -1 -1 -1 -1 18 -1 -1 -1 -1 -1 -1 -1 -1 -1 -1 -1 -1 -1 -1 -1 22 21 -1 20 -1 -1 -1 
-1 -1 -1 -1 -1 4 -1 -1 -1 -1 -1 -1 -1 -1 -1 -1 -1 -1 -1 -1 -1 3 -1 5 -1 -1 -1 -1 29 -1 -1 28 -1 -1 -1 -1 -1 31 -1 -1 1 -1 -1 -1 15 25 -1 -1 -1 -1 7 -1 -1 -1 -1 -1 17 -1 19 -1 -1 -1 -1 -1 -1 -1 -1 18 -1 -1 -1 -1 -1 -1 -1 -1 -1 -1 -1 -1 -1 -1 -1 22 21 -1 20 -1 -1 -1 
-1 -1 -1 -1 -1 4 -1 -1 -1 -1 -1 -1 -1 -1 -1 -1 -1 -1 -1 -1 -1 3 -1 5 -1 -1 -1 -1 29 -1 -1 28 -1 -1 -1 -1 -1 31 -1 -1 1 -1 -1 -1 15 25 -1 -1 -1 17 7 -1 -1 -1 -1 -1 -1 -1 19 -1 -1 -1 -1 -1 -1 -1 -1 18 -1 -1 -1 -1 -1 -1 -1 -1 -1 -1 -1 -1 -1 -1 -1 22 21 -1 20 -1 -1 -1 
-1 -1 -1 -1 -1 4 -1 -1 -1 -1 -1 -1 -1 -1 -1 -1 -1 -1 -1 -1 -1 3 -1 5 -1 -1 -1 -1 29 -1 -1 28 -1 1 -1 -1 -1 31 -1 -1 -1 -1 -1 -1 15 25 -1 -1 -1 17 7 -1 -1 -1 -1 -1 -1 -1 19 -1 -1 -1 -1 -1 -1 -1 -1 18 -1 -1 -1 -1 -1 -1 -1 -1 -1 -1 -1 -1 -1 -1 -1 22 21 -1 20 -1 -1 -1 
