0 1 2 3 4 5 6 7 8 -1 -1 -1 -1 -1 -1 -1 -1 -1 -1 9 -1 -1 -1 -1 -1 10 -1 11 -1 12 -1 28 -1 14 -1 15 -1 -1 -1 -1 -1 -1 -1 -1 -1 -1 -1 30 -1 -1 -1 -1 -1 -1 -1 -1 -1 -1 29 -1 -1 -1 27 -1 26 -1 -1 -1 -1 -1 25 -1 -1 -1 -1 -1 -1 -1 -1 -1 -1 24 23 22 21 20 19 18 17 16 
0 1 2 3 4 5 6 7 8 -1 -1 -1 -1 -1 -1 -1 -1 -1 -1 9 -1 -1 -1 -1 -1 10 -1 11 -1 12 -1 28 -1 -1 -1 15 -1 -1 -1 -1 -1 -1 14 -1 -1 -1 -1 30 -1 -1 -1 -1 -1 -1 -1 -1 -1 -1 29 -1 -1 -1 27 -1 26 -1 -1 -1 -1 -1 25 -1 -1 -1 -1 -1 -1 -1 -1 -1 -1 24 23 22 21 20 19 18 17 16 
0 1 2 3 4 5 6 7 8 -1 -1 -1 -1 -1 -1 -1 -1 -1 -1 9 -1 -1 -1 -1 -1 10 -1 11 -1 12 -1 28 -1 -1 -1 15 -1 -1 -1 -1 -1 -1 14 -1 -1 -1 -1 30 -1 -1 -1 -1 -1 -1 -1 -1 -1 -1 29 -1 -1 -1 27 -1 26 23 -1 -1 -1 -1 25 -1 -1 -1 -1 -1 -1 -1 -1 -1 -1 24 -1 22 21 20 19 18 17 16 
0 1 2 3 4 5 6 -1 8 -1 -1 -1 -1 -1 -1 -1 -1 -1 -1 9 -1 -1 -1 -1 7 10 -1 11 -1 12 -1 28 -1 -1 -1 15 -1 -1 -1 -1 -1 -1 14 -1 -1 -1 -1 30 -1 -1 -1 -1 -1 -1 -1 -1 -1 -1 29 -1 -1 -1 27 -1 26 23 -1 -1 -1 -1 25 -1 -1 -1 -1 -1 -1 -1 -1 -1 -1 24 -1 22 21 20 19 18 17 16 
0 1 2 3 4 5 6 -1 8 -1 -1 -1 -1 -1 -1 -1 -1 -1 -1 9 -1 -1 -1 -1 7 10 -1 11 -1 12 -1 28 -1 -1 -1 15 -1 -1 -1 -1 -1 -1 14 -1 -1 -1 -1 30 -1 -1 -1 -1 -1 -1 -1 -1 -1 -1 29 -1 -1 -1 27 -1 26 23 -1 18 -1 -1 25 -1 -1 -1 -1 -1 -1 -1 -1 -1 -1 24 -1 22 21 20 19 -1 17 16 
0 -1 2 3 4 5 6 -1 8 -1 -1 -1 -1 -1 -1 -1 -1 -1 1 9 -1 -1 -1 -1 7 10 -1 11 -1 12 -1 28 -1 -1 -1 15 -1 -1 -1 -1 -1 -1 14 -1 -1 -1 -1 30 -1 -1 -1 -1 -1 -1 -1 -1 -1 -1 29 -1 -1 -1 27 -1 26 23 -1 18 -1 -1 25 -1 -1 -1 -1 -1 -1 -1 -1 -1 -1 24 -1 22 21 20 19 -1 17 16 
0 -1 2 3 4 5 6 -1 8 -1 -1 -1 -1 -1 -1 -1 -1 -1 1 9 -1 -1 -1 -1 7 10 -1 11 -1 12 -1 28 -1 -1 -1 15 -1 -1 -1 -1 -1 -1 14 -1 -1 -1 -1 30 -1 -1 -1 -1 -1 -1 -1 -1 -1 -1 29 -1 -1 -1 27 -1 26 23 -1 18 -1 -1 25 -1 24 -1 -1 -1 -1 -1 -1 -1 -1 -1 -1 22 21 20 19 -1 17 16 
0 -1 2 3 4 5 -1 -1 8 -1 -1 -1 -1 -1 -1 -1 -1 -1 1 9 -1 -1 6 -1 7 10 -1 11 -1 12 -1 28 -1 -1 -1 15 -1 -1 -1 -1 -1 -1 14 -1 -1 -1 -1 30 -1 -1 -1 -1 -1 -1 -1 -1 -1 -1 29 -1 -1 -1 27 -1 26 23 -1 18 -1 -1 25 -1 24 -1 -1 -1 -1 -1 -1 -1 -1 -1 -1 22 21 20 19 -1 17 16 
0 -1 2 3 4 5 -1 -1 8 -1 -1 -1 -1 -1 -1 -1 -1 -1 1 9 -1 -1 6 -1 7 10 -1 11 -1 12 -1 28 -1 -1 -1 15 -1 -1 -1 -1 -1 -1 14 -1 -1 -1 -1 30 -1 -1 -1 -1 -1 -1 -1 -1 -1 -1 29 -1 -1 -1 27 -1 26 23 -1 18 -1 -1 25 -1 -1 -1 -1 -1 -1 -1 24 -1 -1 -1 -1 22 21 20 19 -1 17 16 
0 -1 2 3 4 5 -1 -1 8 -1 -1 -1 -1 -1 -1 -1 -1 -1 1 -1 -1 9 6 -1 7 10 -1 11 -1 12 -1 28 -1 -1 -1 15 -1 -1 -1 -1 -1 -1 14 -1 -1 -1 -1 30 -1 -1 -1 -1 -1 -1 -1 -1 -1 -1 29 -1 -1 -1 27 -1 26 23 -1 18 -1 -1 25 -1 -1 -1 -1 -1 -1 -1 24 -1 -1 -1 -1 22 21 20 19 -1 17 16 
0 -1 2 3 4 5 -1 -1 8 -1 -1 -1 -1 -1 -1 -1 -1 -1 1 -1 -1 9 6 -1 7 10 -1 11 -1 12 -1 28 -1 -1 -1 15 -1 -1 -1 -1 -1 -1 14 -1 -1 -1 -1 30 -1 -1 -1 28 -1 -1 -1 -1 -1 -1 29 -1 -1 -1 27 -1 26 23 -1 18 -1 -1 25 -1 -1 -1 -1 -1 -1 -1 24 -1 -1 -1 -1 22 21 20 19 -1 17 16 
-1 0 2 3 4 5 -1 -1 8 -1 -1 -1 -1 -1 -1 -1 -1 -1 1 -1 -1 9 6 -1 7 10 -1 11 -1 12 -1 28 -1 -1 -1 15 -1 -1 -1 -1 -1 -1 14 -1 -1 -1 -1 30 -1 -1 -1 28 -1 -1 -1 -1 -1 -1 29 -1 -1 -1 27 -1 26 23 -1 18 -1 -1 25 -1 -1 -1 -1 -1 -1 -1 24 -1 -1 -1 -1 22 21 20 19 -1 17 16 
-1 0 2 3 4 5 -1 -1 8 -1 -1 -1 -1 -1 -1 -1 -1 -1 1 -1 -1 9 6 -1 7 10 -1 11 -1 12 -1 28 -1 -1 -1 15 -1 -1 -1 -1 -1 -1 14 -1 -1 -1 -1 30 -1 -1 -1 28 -1 -1 -1 -1 -1 -1 29 -1 -1 -1 27 26 -1 23 -1 18 -1 -1 25 -1 -1 -1 -1 -1 -1 -1 24 -1 -1 -1 -1 22 21 20 19 -1 17 16 
-1 0 2 3 4 5 -1 -1 8 -1 -1 -1 -1 -1 -1 -1 -1 -1 1 -1 -1 9 6 -1 7 10 -1 11 -1 12 -1 28 -1 -1 -1 15 -1 -1 -1 -1 -1 -1 -1 -1 -1 -1 -1 30 -1 -1 -1 14 -1 -1 -1 -1 -1 -1 29 -1 -1 -1 27 26 -1 23 -1 18 -1 -1 25 -1 -1 -1 -1 -1 -1 -1 24 -1 -1 -1 -1 22 21 20 19 -1 17 16 
-1 0 2 3 4 5 -1 -1 8 -1 -1 -1 -1 -1 -1 -1 -1 -1 1 -1 -1 9 6 -1 7 10 -1 11 -1 12 -1 28 -1 -1 -1 15 -1 -1 -1 -1 -1 -1 -1 -1 -1 -1 -1 30 -1 -1 -1 24 -1 -1 -1 -1 -1 -1 29 -1 -1 -1 27 26 -1 23 -1 18 -1 -1 25 -1 -1 -1 -1 -1 -1 -1 -1 -1 -1 -1 -1 22 21 20 19 -1 17 16 
-1 0 2 3 4 5 -1 -1 8 -1 -1 -1 -1 -1 -1 -1 -1 -1 1 -1 -1 9 6 -1 7 10 -1 -1 -1 12 -1 28 -1 -1 -1 15 11 -1 -1 -1 -1 -1 -1 -1 -1 -1 -1 30 -1 -1 -1 24 -1 -1 -1 -1 -1 -1 29 -1 -1 -1 27 26 -1 23 -1 18 -1 -1 25 -1 -1 -1 -1 -1 -1 -1 -1 -1 -1 -1 -1 22 21 20 19 -1 17 16 
-1 0 2 3 4 5 -1 -1 8 -1 -1 -1 -1 -1 -1 -1 -1 -1 1 -1 -1 9 6 -1 7 10 -1 -1 -1 12 -1 28 -1 -1 -1 15 11 -1 -1 -1 -1 -1 -1 -1 -1 -1 -1 30 -1 -1 -1 24 -1 -1 -1 -1 -1 -1 29 -1 -1 -1 27 26 -1 23 -1 18 -1 17 25 -1 -1 -1 -1 -1 -1 -1 -1 -1 -1 -1 -1 22 21 20 19 -1 -1 16 
-1 0 2 3 4 5 -1 -1 8 -1 -1 -1 -1 -1 -1 -1 10 -1 1 -1 -1 9 6 -1 7 -1 -1 -1 -1 12 -1 28 -1 -1 -1 15 11 -1 -1 -1 -1 -1 -1 -1 -1 -1 -1 30 -1 -1 -1 24 -1 -1 -1 -1 -1 -1 29 -1 -1 -1 27 26 -1 23 -1 18 -1 17 25 -1 -1 -1 -1 -1 -1 -1 -1 -1 -1 -1 -1 22 21 20 19 -1 -1 16 
-1 0 2 3 4 5 -1 -1 8 -1 -1 -1 -1 -1 -1 -1 10 -1 1 -1 -1 9 6 -1 7 -1 -1 -1 -1 12 -1 28 -1 -1 -1 15 11 -1 -1 -1 -1 -1 -1 -1 -1 -1 -1 30 -1 -1 17 24 -1 -1 -1 -1 -1 -1 29 -1 -1 -1 27 26 -1 23 -1 18 -1 -1 25 -1 -1 -1 -1 -1 -1 -1 -1 -1 -1 -1 -1 22 21 20 19 -1 -1 16 
-1 -1 2 3 4 5 -1 -1 8 -1 -1 -1 -1 -1 -1 -1 10 -1 1 -1 -1 9 6 -1 7 -1 -1 -1 -1 12 -1 28 -1 -1 -1 15 11 0 -1 -1 -1 -1 -1 -1 -1 -1 -1 30 -1 -1 17 24 -1 -1 -1 -1 -1 -1 29 -1 -1 -1 27 26 -1 23 -1 18 -1 -1 25 -1 -1 -1 -1 -1 -1 -1 -1 -1 -1 -1 -1 22 21 20 19 -1 -1 16 
-1 -1 2 3 4 5 -1 -1 8 -1 -1 -1 -1 -1 -1 -1 10 -1 1 -1 -1 9 6 -1 7 -1 -1 -1 -1 12 -1 28 -1 -1 -1 15 11 0 -1 -1 -1 -1 -1 -1 -1 -1 -1 30 -1 -1 17 24 -1 -1 -1 -1 -1 -1 29 -1 -1 -1 27 26 -1 23 -1 18 25 -1 -1 -1 -1 -1 -1 -1 -1 -1 -1 -1 -1 -1 -1 22 21 20 19 -1 -1 16 
-1 -1 2 3 4 5 -1 -1 8 -1 -1 -1 -1 -1 -1 -1 10 -1 1 -1 -1 9 6 -1 7 -1 -1 -1 -1 -1 -1 28 -1 -1 -1 15 11 0 12 -1 -1 -1 -1 -1 -1 -1 -1 30 -1 -1 17 24 -1 -1 -1 -1 -1 -1 29 -1 -1 -1 27 26 -1 23 -1 18 25 -1 -1 -1 -1 -1 -1 -1 -1 -1 -1 -1 -1 -1 -1 22 21 20 19 -1 -1 16 
-1 -1 2 3 4 5 -1 -1 8 -1 -1 -1 -1 -1 -1 -1 10 -1 1 -1 -1 9 6 -1 7 -1 -1 -1 -1 -1 -1 28 -1 -1 -1 15 11 0 30 -1 -1 -1 -1 -1 -1 -1 -1 -1 -1 -1 17 24 -1 -1 -1 -1 -1 -1 29 -1 -1 -1 27 26 -1 23 -1 18 25 -1 -1 -1 -1 -1 -1 -1 -1 -1 -1 -1 -1 -1 -1 22 21 20 19 -1 -1 16 
-1 -1 2 3 4 5 -1 -1 8 -1 -1 -1 -1 -1 -1 -1 10 -1 1 -1 -1 9 6 -1 7 -1 -1 -1 -1 -1 -1 28 -1 -1 -1 15 11 -1 0 -1 -1 -1 -1 -1 -1 -1 -1 -1 -1 -1 17 24 -1 -1 -1 -1 -1 -1 29 -1 -1 -1 27 26 -1 23 -1 18 25 -1 -1 -1 -1 -1 -1 -1 -1 -1 -1 -1 -1 -1 -1 22 21 20 19 -1 -1 16 
-1 -1 2 3 4 5 -1 -1 8 -1 -1 -1 -1 -1 -1 -1 10 -1 1 -1 -1 9 6 -1 7 -1 -1 -1 -1 -1 -1 28 -1 -1 -1 15 11 -1 0 -1 -1 -1 -1 -1 -1 -1 23 -1 -1 -1 17 24 -1 -1 -1 -1 -1 -1 29 -1 -1 -1 27 26 -1 -1 -1 18 25 -1 -1 -1 -1 -1 -1 -1 -1 -1 -1 -1 -1 -1 -1 22 21 20 19 -1 -1 16 
-1 -1 2 3 4 5 -1 -1 8 -1 -1 -1 -1 -1 -1 10 -1 -1 1 -1 -1 9 6 -1 7 -1 -1 -1 -1 -1 -1 28 -1 -1 -1 15 11 -1 0 -1 -1 -1 -1 -1 -1 -1 23 -1 -1 -1 17 24 -1 -1 -1 -1 -1 -1 29 -1 -1 -1 27 26 -1 -1 -1 18 25 -1 -1 -1 -1 -1 -1 -1 -1 -1 -1 -1 -1 -1 -1 22 21 20 19 -1 -1 16 
-1 -1 2 3 4 5 -1 -1 8 -1 -1 -1 -1 -1 -1 10 -1 -1 1 -1 -1 9 6 -1 7 -1 -1 -1 -1 -1 -1 28 -1 -1 -1 15 11 -1 0 -1 -1 -1 -1 -1 -1 -1 23 -1 -1 -1 17 -1 24 -1 -1 -1 -1 -1 29 -1 -1 -1 27 26 -1 -1 -1 18 25 -1 -1 -1 -1 -1 -1 -1 -1 -1 -1 -1 -1 -1 -1 22 21 20 19 -1 -1 16 
-1 -1 2 3 4 5 8 -1 -1 -1 -1 -1 -1 -1 -1 10 -1 -1 1 -1 -1 9 6 -1 7 -1 -1 -1 -1 -1 -1 28 -1 -1 -1 15 11 -1 0 -1 -1 -1 -1 -1 -1 -1 23 -1 -1 -1 17 -1 24 -1 -1 -1 -1 -1 29 -1 -1 -1 27 26 -1 -1 -1 18 25 -1 -1 -1 -1 -1 -1 -1 -1 -1 -1 -1 -1 -1 -1 22 21 20 19 -1 -1 16 
-1 -1 2 3 4 5 8 -1 -1 -1 -1 -1 -1 -1 -1 10 -1 -1 1 -1 -1 9 6 -1 7 -1 -1 -1 -1 -1 -1 28 -1 -1 -1 15 11 -1 0 17 -1 -1 -1 -1 -1 -1 23 -1 -1 -1 -1 -1 24 -1 -1 -1 -1 -1 29 -1 -1 -1 27 26 -1 -1 -1 18 25 -1 -1 -1 -1 -1 -1 -1 -1 -1 -1 -1 -1 -1 -1 22 21 20 19 -1 -1 16 
-1 -1 2 3 4 5 8 -1 -1 -1 -1 -1 10 -1 -1 -1 -1 -1 1 -1 -1 9 6 -1 7 -1 -1 -1 -1 -1 -1 28 -1 -1 -1 15 11 -1 0 17 -1 -1 -1 -1 -1 -1 23 -1 -1 -1 -1 -1 24 -1 -1 -1 -1 -1 29 -1 -1 -1 27 26 -1 -1 -1 18 25 -1 -1 -1 -1 -1 -1 -1 -1 -1 -1 -1 -1 -1 -1 22 21 20 19 -1 -1 16 
-1 -1 2 3 4 5 8 -1 -1 -1 -1 -1 10 -1 -1 -1 -1 -1 1 -1 -1 9 6 -1 7 -1 -1 -1 -1 -1 -1 28 -1 -1 -1 15 11 -1 0 -1 -1 -1 -1 -1 -1 -1 23 -1 -1 -1 17 -1 24 -1 -1 -1 -1 -1 29 -1 -1 -1 27 26 -1 -1 -1 18 25 -1 -1 -1 -1 -1 -1 -1 -1 -1 -1 -1 -1 -1 -1 22 21 20 19 -1 -1 16 
-1 -1 2 3 4 5 8 -1 -1 -1 -1 -1 10 -1 -1 -1 -1 -1 1 -1 -1 9 6 -1 7 -1 -1 -1 -1 -1 -1 28 -1 -1 -1 15 11 0 -1 -1 -1 -1 -1 -1 -1 -1 23 -1 -1 -1 17 -1 24 -1 -1 -1 -1 -1 29 -1 -1 -1 27 26 -1 -1 -1 18 25 -1 -1 -1 -1 -1 -1 -1 -1 -1 -1 -1 -1 -1 -1 22 21 20 19 -1 -1 16 
-1 -1 2 3 4 5 8 -1 -1 -1 -1 -1 10 -1 -1 -1 -1 -1 1 -1 -1 9 6 -1 7 -1 -1 -1 -1 -1 -1 28 -1 -1 -1 15 11 0 -1 -1 -1 -1 -1 -1 -1 -1 -1 -1 -1 -1 17 -1 24 -1 -1 -1 -1 -1 29 -1 -1 -1 27 26 -1 23 -1 18 25 -1 -1 -1 -1 -1 -1 -1 -1 -1 -1 -1 -1 -1 -1 22 21 20 19 -1 -1 16 
-1 -1 2 3 4 5 8 -1 -1 -1 -1 -1 10 -1 -1 -1 -1 -1 -1 -1 -1 9 6 -1 7 -1 -1 -1 -1 1 -1 28 -1 -1 -1 15 11 0 -1 -1 -1 -1 -1 -1 -1 -1 -1 -1 -1 -1 17 -1 24 -1 -1 -1 -1 -1 29 -1 -1 -1 27 26 -1 23 -1 18 25 -1 -1 -1 -1 -1 -1 -1 -1 -1 -1 -1 -1 -1 -1 22 21 20 19 -1 -1 16 
-1 -1 2 3 4 5 8 -1 -1 -1 -1 -1 10 -1 -1 -1 -1 -1 -1 -1 -1 9 6 -1 7 -1 -1 -1 -1 1 -1 28 -1 -1 -1 15 11 0 -1 -1 -1 -1 -1 -1 -1 -1 -1 -1 -1 -1 17 -1 24 -1 -1 -1 -1 -1 29 -1 -1 -1 27 26 -1 23 -1 18 25 -1 -1 -1 -1 -1 -1 -1 -1 -1 -1 -1 -1 -1 -1 22 21 20 19 16 -1 -1 
-1 -1 2 3 4 5 8 -1 -1 -1 -1 -1 10 -1 -1 -1 -1 -1 -1 -1 9 -1 6 -1 7 -1 -1 -1 -1 1 -1 28 -1 -1 -1 15 11 0 -1 -1 -1 -1 -1 -1 -1 -1 -1 -1 -1 -1 17 -1 24 -1 -1 -1 -1 -1 29 -1 -1 -1 27 26 -1 23 -1 18 25 -1 -1 -1 -1 -1 -1 -1 -1 -1 -1 -1 -1 -1 -1 22 21 20 19 16 -1 -1 
-1 -1 2 3 4 5 8 -1 -1 -1 -1 -1 10 -1 -1 -1 -1 -1 -1 -1 9 -1 6 -1 7 -1 -1 -1 -1 1 -1 28 -1 16 -1 15 11 0 -1 -1 -1 -1 -1 -1 -1 -1 -1 -1 -1 -1 17 -1 24 -1 -1 -1 -1 -1 29 -1 -1 -1 27 26 -1 23 -1 18 25 -1 -1 -1 -1 -1 -1 -1 -1 -1 -1 -1 -1 -1 -1 22 21 20 19 -1 -1 -1 
-1 -1 2 3 4 5 8 -1 -1 -1 -1 -1 -1 -1 -1 10 -1 -1 -1 -1 9 -1 6 -1 7 -1 -1 -1 -1 1 -1 28 -1 16 -1 15 11 0 -1 -1 -1 -1 -1 -1 -1 -1 -1 -1 -1 -1 17 -1 24 -1 -1 -1 -1 -1 29 -1 -1 -1 27 26 -1 23 -1 18 25 -1 -1 -1 -1 -1 -1 -1 -1 -1 -1 -1 -1 -1 -1 22 21 20 19 -1 -1 -1 
-1 -1 2 3 4 5 8 -1 -1 -1 -1 -1 -1 -1 -1 10 -1 -1 -1 -1 9 -1 6 -1 7 -1 -1 -1 -1 1 -1 28 16 -1 -1 15 11 0 -1 -1 -1 -1 -1 -1 -1 -1 -1 -1 -1 -1 17 -1 24 -1 -1 -1 -1 -1 29 -1 -1 -1 27 26 -1 23 -1 18 25 -1 -1 -1 -1 -1 -1 -1 -1 -1 -1 -1 -1 -1 -1 22 21 20 19 -1 -1 -1 
-1 -1 2 3 4 5 8 -1 -1 -1 -1 -1 -1 -1 -1 10 -1 -1 -1 -1 -1 -1 6 -1 7 -1 -1 -1 -1 1 -1 28 16 -1 -1 15 11 0 -1 -1 -1 -1 -1 -1 -1 -1 -1 -1 -1 -1 17 -1 24 -1 -1 -1 -1 -1 29 -1 -1 -1 27 26 -1 9 -1 18 25 -1 -1 -1 -1 -1 -1 -1 -1 -1 -1 -1 -1 -1 -1 22 21 20 19 -1 -1 -1 
-1 -1 2 3 4 5 8 -1 -1 -1 -1 -1 -1 -1 -1 10 -1 -1 -1 -1 -1 -1 6 -1 7 -1 -1 -1 -1 1 -1 28 16 -1 -1 15 11 0 -1 -1 -1 -1 -1 -1 -1 -1 -1 -1 -1 -1 17 -1 24 -1 -1 -1 -1 -1 29 -1 -1 -1 27 26 -1 25 -1 18 -1 -1 -1 -1 -1 -1 -1 -1 -1 -1 -1 -1 -1 -1 -1 22 21 20 19 -1 -1 -1 
-1 -1 2 3 4 5 8 -1 -1 -1 -1 -1 -1 -1 -1 10 -1 -1 -1 -1 -1 -1 6 -1 7 -1 -1 -1 -1 -1 -1 28 16 -1 -1 15 11 0 -1 -1 -1 -1 -1 -1 -1 -1 -1 -1 1 -1 17 -1 24 -1 -1 -1 -1 -1 29 -1 -1 -1 27 26 -1 25 -1 18 -1 -1 -1 -1 -1 -1 -1 -1 -1 -1 -1 -1 -1 -1 -1 22 21 20 19 -1 -1 -1 
-1 -1 2 3 4 5 8 -1 -1 -1 -1 -1 -1 -1 -1 10 -1 -1 -1 -1 -1 -1 6 -1 7 -1 -1 -1 -1 -1 -1 28 16 -1 -1 15 11 0 -1 -1 -1 -1 -1 -1 -1 -1 -1 -1 1 -1 17 -1 24 -1 -1 -1 25 -1 29 -1 -1 -1 27 26 -1 -1 -1 18 -1 -1 -1 -1 -1 -1 -1 -1 -1 -1 -1 -1 -1 -1 -1 22 21 20 19 -1 -1 -1 
-1 -1 2 3 4 5 8 -1 -1 -1 -1 -1 -1 -1 -1 10 -1 -1 -1 -1 -1 -1 6 -1 7 -1 -1 -1 -1 -1 -1 28 16 -1 -1 15 11 -1 0 -1 -1 -1 -1 -1 -1 -1 -1 -1 1 -1 17 -1 24 -1 -1 -1 25 -1 29 -1 -1 -1 27 26 -1 -1 -1 18 -1 -1 -1 -1 -1 -1 -1 -1 -1 -1 -1 -1 -1 -1 -1 22 21 20 19 -1 -1 -1 
-1 -1 2 3 4 5 8 -1 -1 -1 -1 -1 -1 -1 -1 10 -1 -1 -1 -1 -1 -1 6 -1 7 -1 -1 -1 -1 -1 -1 28 16 -1 -1 15 11 -1 0 -1 -1 -1 -1 -1 -1 -1 -1 -1 1 -1 17 -1 24 -1 -1 -1 -1 25 29 -1 -1 -1 27 26 -1 -1 -1 18 -1 -1 -1 -1 -1 -1 -1 -1 -1 -1 -1 -1 -1 -1 -1 22 21 20 19 -1 -1 -1 
-1 -1 2 3 4 5 8 -1 -1 -1 -1 -1 -1 -1 -1 10 -1 -1 -1 -1 -1 -1 6 -1 7 -1 -1 -1 -1 -1 -1 28 16 -1 -1 15 11 -1 0 -1 -1 -1 -1 -1 -1 -1 -1 -1 -1 -1 17 -1 24 -1 -1 1 -1 25 29 -1 -1 -1 27 26 -1 -1 -1 18 -1 -1 -1 -1 -1 -1 -1 -1 -1 -1 -1 -1 -1 -1 -1 22 21 20 19 -1 -1 -1 
-1 -1 2 3 4 5 8 -1 -1 -1 -1 -1 -1 -1 -1 10 -1 -1 -1 -1 -1 -1 6 -1 7 -1 -1 -1 -1 -1 -1 28 16 -1 -1 15 11 -1 0 -1 -1 -1 -1 -1 -1 -1 -1 -1 -1 -1 17 -1 24 -1 -1 1 -1 25 29 -1 -1 -1 27 26 -1 -1 -1 18 -1 -1 -1 -1 -1 -1 -1 -1 19 -1 -1 -1 -1 -1 -1 22 21 20 -1 -1 -1 -1 
-1 -1 2 3 4 5 8 -1 -1 -1 -1 10 -1 -1 -1 -1 -1 -1 -1 -1 -1 -1 6 -1 7 -1 -1 -1 -1 -1 -1 28 16 -1 -1 15 11 -1 0 -1 -1 -1 -1 -1 -1 -1 -1 -1 -1 -1 17 -1 24 -1 -1 1 -1 25 29 -1 -1 -1 27 26 -1 -1 -1 18 -1 -1 -1 -1 -1 -1 -1 -1 19 -1 -1 -1 -1 -1 -1 22 21 20 -1 -1 -1 -1 
-1 -1 2 3 4 5 8 -1 -1 -1 -1 10 -1 -1 -1 -1 -1 -1 -1 -1 -1 -1 6 -1 7 -1 -1 -1 -1 -1 -1 28 16 -1 -1 15 11 -1 0 -1 -1 -1 -1 -1 -1 -1 -1 -1 -1 -1 17 -1 24 -1 -1 1 -1 25 29 -1 -1 -1 27 26 -1 -1 -1 18 -1 -1 -1 -1 -1 -1 -1 -1 19 -1 -1 -1 -1 -1 -1 22 21 -1 20 -1 -1 -1 
-1 -1 2 3 4 5 8 -1 -1 -1 -1 10 -1 -1 -1 -1 -1 -1 -1 -1 -1 -1 6 -1 7 -1 -1 -1 -1 -1 -1 28 16 -1 -1 15 11 -1 0 -1 -1 -1 -1 -1 -1 -1 -1 -1 -1 -1 17 -1 24 -1 -1 1 -1 25 29 -1 -1 -1 27 26 -1 -1 -1 18 -1 -1 -1 -1 -1 -1 -1 -1 19 -1 -1 -1 -1 -1 -1 9 21 -1 20 -1 -1 -1 
-1 -1 2 3 4 5 8 -1 -1 -1 -1 10 -1 -1 16 -1 -1 -1 -1 -1 -1 -1 6 -1 7 -1 -1 -1 -1 -1 -1 28 -1 -1 -1 15 11 -1 0 -1 -1 -1 -1 -1 -1 -1 -1 -1 -1 -1 17 -1 24 -1 -1 1 -1 25 29 -1 -1 -1 27 26 -1 -1 -1 18 -1 -1 -1 -1 -1 -1 -1 -1 19 -1 -1 -1 -1 -1 -1 9 21 -1 20 -1 -1 -1 
-1 -1 2 3 4 5 8 -1 -1 -1 -1 10 -1 -1 16 -1 -1 -1 -1 -1 -1 -1 6 -1 7 -1 -1 -1 -1 -1 -1 28 -1 -1 -1 15 11 -1 -1 -1 -1 -1 0 -1 -1 -1 -1 -1 -1 -1 17 -1 24 -1 -1 1 -1 25 29 -1 -1 -1 27 26 -1 -1 -1 18 -1 -1 -1 -1 -1 -1 -1 -1 19 -1 -1 -1 -1 -1 -1 9 21 -1 20 -1 -1 -1 
-1 -1 2 3 4 5 8 -1 -1 -1 -1 10 -1 -1 16 -1 -1 -1 -1 -1 -1 -1 6 -1 7 -1 -1 -1 -1 -1 -1 28 -1 -1 -1 15 11 -1 -1 -1 -1 -1 0 -1 -1 -1 -1 -1 -1 -1 -1 -1 24 -1 -1 1 -1 25 29 -1 -1 -1 27 26 -1 -1 -1 18 -1 17 -1 -1 -1 -1 -1 -1 19 -1 -1 -1 -1 -1 -1 9 21 -1 20 -1 -1 -1 
-1 -1 2 3 4 -1 8 -1 -1 -1 -1 10 -1 5 16 -1 -1 -1 -1 -1 -1 -1 6 -1 7 -1 -1 -1 -1 -1 -1 28 -1 -1 -1 15 11 -1 -1 -1 -1 -1 0 -1 -1 -1 -1 -1 -1 -1 -1 -1 24 -1 -1 1 -1 25 29 -1 -1 -1 27 26 -1 -1 -1 18 -1 17 -1 -1 -1 -1 -1 -1 19 -1 -1 -1 -1 -1 -1 9 21 -1 20 -1 -1 -1 
-1 -1 2 3 4 -1 8 -1 -1 -1 -1 10 -1 5 16 -1 -1 -1 -1 -1 -1 -1 6 -1 7 -1 -1 -1 -1 -1 -1 28 -1 -1 -1 15 11 -1 -1 -1 -1 -1 0 -1 -1 -1 -1 -1 -1 -1 -1 -1 24 -1 -1 1 -1 25 29 -1 -1 -1 27 -1 26 -1 -1 18 -1 17 -1 -1 -1 -1 -1 -1 19 -1 -1 -1 -1 -1 -1 9 21 -1 20 -1 -1 -1 
-1 -1 2 3 4 -1 8 -1 -1 -1 -1 10 -1 5 16 -1 -1 -1 -1 -1 -1 -1 6 -1 -1 -1 -1 -1 -1 -1 -1 28 -1 -1 -1 15 11 -1 -1 -1 -1 7 0 -1 -1 -1 -1 -1 -1 -1 -1 -1 24 -1 -1 1 -1 25 29 -1 -1 -1 27 -1 26 -1 -1 18 -1 17 -1 -1 -1 -1 -1 -1 19 -1 -1 -1 -1 -1 -1 9 21 -1 20 -1 -1 -1 
-1 -1 2 3 4 -1 8 -1 -1 -1 -1 10 -1 5 16 -1 -1 -1 -1 -1 -1 -1 6 -1 -1 -1 -1 -1 -1 -1 -1 28 -1 -1 -1 15 11 -1 -1 -1 -1 7 0 -1 -1 -1 24 -1 -1 -1 -1 -1 -1 -1 -1 1 -1 25 29 -1 -1 -1 27 -1 26 -1 -1 18 -1 17 -1 -1 -1 -1 -1 -1 19 -1 -1 -1 -1 -1 -1 9 21 -1 20 -1 -1 -1 
-1 -1 2 3 4 -1 8 -1 -1 -1 -1 10 -1 5 16 -1 -1 -1 -1 -1 -1 -1 6 -1 -1 -1 -1 -1 -1 -1 -1 28 -1 -1 -1 15 11 -1 -1 -1 -1 7 0 -1 -1 -1 24 -1 -1 -1 -1 -1 -1 -1 -1 1 -1 25 29 -1 -1 -1 27 -1 26 9 -1 18 -1 17 -1 -1 -1 -1 -1 -1 19 -1 -1 -1 -1 -1 -1 -1 21 -1 20 -1 -1 -1 
-1 -1 2 3 4 -1 8 -1 -1 -1 -1 10 -1 5 -1 -1 -1 -1 -1 -1 -1 -1 6 -1 -1 -1 -1 -1 -1 -1 -1 28 16 -1 -1 15 11 -1 -1 -1 -1 7 0 -1 -1 -1 24 -1 -1 -1 -1 -1 -1 -1 -1 1 -1 25 29 -1 -1 -1 27 -1 26 9 -1 18 -1 17 -1 -1 -1 -1 -1 -1 19 -1 -1 -1 -1 -1 -1 -1 21 -1 20 -1 -1 -1 
-1 -1 2 3 4 -1 8 -1 -1 -1 -1 10 -1 5 -1 -1 -1 -1 -1 -1 -1 -1 6 -1 -1 -1 -1 -1 -1 -1 -1 28 16 -1 -1 15 11 -1 -1 -1 -1 -1 0 -1 -1 -1 24 -1 7 -1 -1 -1 -1 -1 -1 1 -1 25 29 -1 -1 -1 27 -1 26 9 -1 18 -1 17 -1 -1 -1 -1 -1 -1 19 -1 -1 -1 -1 -1 -1 -1 21 -1 20 -1 -1 -1 
-1 -1 2 3 4 -1 8 -1 -1 -1 -1 10 -1 5 -1 -1 -1 -1 -1 -1 -1 -1 6 -1 -1 -1 -1 -1 -1 -1 -1 28 16 -1 -1 15 11 -1 -1 -1 -1 -1 0 -1 -1 -1 24 -1 7 -1 -1 -1 -1 -1 -1 1 -1 25 29 -1 -1 -1 27 -1 26 9 -1 18 -1 17 -1 -1 -1 -1 -1 -1 19 -1 -1 -1 -1 -1 -1 -1 21 20 -1 -1 -1 -1 
-1 -1 2 3 4 -1 8 -1 -1 -1 -1 10 -1 5 -1 -1 -1 -1 -1 -1 -1 -1 6 -1 -1 -1 -1 -1 -1 -1 -1 28 16 -1 -1 15 11 -1 0 -1 -1 -1 -1 -1 -1 -1 24 -1 7 -1 -1 -1 -1 -1 -1 1 -1 25 29 -1 -1 -1 27 -1 26 9 -1 18 -1 17 -1 -1 -1 -1 -1 -1 19 -1 -1 -1 -1 -1 -1 -1 21 20 -1 -1 -1 -1 
-1 -1 2 3 4 -1 8 -1 -1 -1 -1 10 -1 5 -1 -1 -1 -1 -1 -1 -1 -1 6 -1 -1 -1 -1 -1 -1 -1 -1 28 16 -1 -1 15 11 -1 0 -1 -1 -1 -1 -1 -1 -1 24 -1 7 -1 -1 -1 17 -1 -1 1 -1 25 29 -1 -1 -1 27 -1 26 9 -1 18 -1 -1 -1 -1 -1 -1 -1 -1 19 -1 -1 -1 -1 -1 -1 -1 21 20 -1 -1 -1 -1 
-1 -1 2 3 4 -1 -1 -1 -1 -1 -1 10 -1 5 -1 -1 -1 -1 -1 -1 -1 -1 6 -1 -1 -1 -1 -1 -1 -1 -1 28 16 -1 -1 15 11 -1 0 -1 -1 -1 -1 -1 -1 -1 24 -1 7 -1 -1 8 17 -1 -1 1 -1 25 29 -1 -1 -1 27 -1 26 9 -1 18 -1 -1 -1 -1 -1 -1 -1 -1 19 -1 -1 -1 -1 -1 -1 -1 21 20 -1 -1 -1 -1 
-1 -1 2 3 4 -1 -1 -1 -1 -1 -1 10 -1 5 -1 -1 -1 -1 -1 -1 -1 -1 6 -1 -1 -1 -1 -1 -1 -1 -1 28 16 -1 -1 15 11 -1 0 -1 -1 -1 -1 -1 -1 -1 24 -1 7 -1 -1 8 -1 -1 -1 1 -1 25 29 -1 -1 -1 27 -1 26 9 -1 18 -1 -1 -1 17 -1 -1 -1 -1 19 -1 -1 -1 -1 -1 -1 -1 21 20 -1 -1 -1 -1 
-1 -1 2 3 4 -1 -1 -1 -1 -1 -1 10 -1 5 -1 -1 -1 -1 -1 -1 -1 -1 6 -1 -1 -1 -1 -1 -1 -1 -1 28 16 -1 -1 15 11 -1 -1 -1 -1 -1 -1 -1 -1 -1 24 -1 7 -1 -1 8 -1 -1 -1 1 -1 25 29 -1 -1 -1 27 -1 26 0 -1 18 -1 -1 -1 17 -1 -1 -1 -1 19 -1 -1 -1 -1 -1 -1 -1 21 20 -1 -1 -1 -1 
-1 -1 2 3 4 -1 -1 -1 -1 -1 -1 10 -1 5 -1 -1 -1 -1 -1 -1 -1 -1 6 -1 -1 -1 -1 -1 -1 -1 -1 28 16 -1 -1 15 11 -1 -1 -1 -1 -1 -1 -1 -1 -1 24 -1 7 -1 -1 8 -1 -1 -1 1 -1 25 29 -1 -1 -1 27 26 -1 0 -1 18 -1 -1 -1 17 -1 -1 -1 -1 19 -1 -1 -1 -1 -1 -1 -1 21 20 -1 -1 -1 -1 
-1 -1 2 3 4 -1 -1 -1 -1 -1 -1 10 -1 5 -1 -1 -1 -1 -1 -1 -1 -1 6 -1 -1 -1 -1 -1 -1 -1 -1 28 16 -1 -1 15 11 -1 -1 -1 -1 -1 -1 -1 -1 -1 24 -1 7 -1 -1 -1 -1 -1 -1 1 -1 25 29 -1 -1 -1 27 26 -1 0 -1 18 -1 8 -1 17 -1 -1 -1 -1 19 -1 -1 -1 -1 -1 -1 -1 21 20 -1 -1 -1 -1 
-1 -1 2 3 4 -1 -1 -1 -1 -1 -1 10 -1 5 -1 -1 -1 -1 -1 -1 -1 -1 6 -1 -1 -1 -1 -1 -1 -1 -1 28 16 -1 -1 15 11 -1 -1 -1 -1 -1 -1 -1 -1 -1 24 -1 7 -1 -1 -1 -1 -1 -1 1 -1 25 29 -1 -1 -1 27 26 -1 0 -1 18 -1 8 -1 -1 -1 -1 -1 -1 19 -1 -1 -1 -1 -1 -1 -1 21 20 -1 -1 17 -1 
-1 -1 2 3 4 -1 -1 -1 -1 -1 -1 10 -1 5 -1 -1 -1 -1 -1 -1 -1 -1 6 -1 -1 -1 -1 -1 -1 -1 -1 28 16 -1 -1 15 11 -1 -1 -1 -1 -1 -1 -1 -1 -1 24 -1 7 -1 -1 -1 -1 -1 -1 1 -1 25 29 -1 -1 -1 27 26 -1 0 -1 18 -1 -1 -1 -1 -1 -1 -1 -1 19 -1 8 -1 -1 -1 -1 -1 21 20 -1 -1 17 -1 
-1 -1 2 3 4 -1 -1 -1 -1 -1 -1 10 -1 5 -1 -1 -1 -1 -1 -1 -1 -1 6 -1 -1 -1 -1 -1 -1 -1 -1 28 16 -1 -1 15 11 -1 -1 -1 -1 -1 -1 -1 -1 -1 24 -1 7 -1 -1 -1 -1 -1 -1 1 -1 25 29 -1 -1 -1 27 26 -1 0 -1 18 -1 -1 -1 17 -1 -1 -1 -1 19 -1 8 -1 -1 -1 -1 -1 21 20 -1 -1 -1 -1 
-1 -1 2 3 4 -1 -1 -1 -1 -1 -1 10 -1 5 -1 -1 -1 -1 -1 -1 -1 -1 6 -1 -1 -1 -1 -1 -1 -1 -1 28 16 -1 -1 15 11 -1 -1 -1 -1 -1 -1 -1 -1 -1 24 -1 7 -1 -1 -1 -1 -1 -1 1 -1 25 29 -1 -1 -1 27 26 -1 0 -1 18 -1 -1 -1 17 -1 -1 -1 -1 19 -1 -1 -1 8 -1 -1 -1 21 20 -1 -1 -1 -1 
-1 -1 2 3 4 -1 -1 -1 -1 -1 -1 10 -1 5 -1 -1 -1 -1 -1 -1 -1 -1 6 -1 -1 -1 -1 -1 -1 -1 -1 28 16 -1 -1 15 11 -1 -1 -1 -1 -1 -1 -1 -1 -1 24 -1 7 -1 -1 -1 -1 -1 -1 1 -1 25 29 -1 17 -1 27 26 -1 0 -1 18 -1 -1 -1 -1 -1 -1 -1 -1 19 -1 -1 -1 8 -1 -1 -1 21 20 -1 -1 -1 -1 
-1 -1 2 3 4 -1 -1 -1 -1 -1 -1 10 -1 5 -1 -1 -1 -1 -1 -1 -1 -1 6 -1 -1 -1 -1 -1 -1 -1 -1 28 16 -1 -1 15 11 -1 -1 -1 -1 -1 -1 -1 -1 -1 24 -1 7 -1 -1 -1 -1 -1 -1 1 -1 25 29 -1 17 -1 27 26 -1 0 -1 18 -1 -1 -1 -1 -1 -1 -1 -1 19 -1 -1 -1 -1 -1 -1 -1 21 20 -1 -1 -1 8 
-1 -1 2 3 4 -1 -1 -1 -1 -1 -1 10 -1 5 -1 -1 -1 -1 -1 -1 -1 -1 6 -1 -1 -1 -1 -1 -1 -1 -1 28 -1 -1 -1 15 11 -1 -1 -1 -1 -1 -1 -1 -1 -1 24 -1 7 -1 -1 -1 -1 -1 -1 1 -1 25 29 -1 17 -1 27 26 -1 0 -1 18 -1 -1 -1 -1 -1 -1 -1 -1 19 -1 -1 -1 -1 -1 -1 -1 21 20 16 -1 -1 8 
-1 -1 2 3 4 -1 -1 -1 -1 -1 -1 10 -1 5 -1 -1 -1 -1 -1 -1 -1 -1 6 -1 -1 -1 -1 -1 -1 -1 -1 28 -1 -1 -1 15 11 -1 -1 -1 -1 -1 -1 -1 -1 -1 24 -1 7 -1 -1 -1 -1 -1 -1 1 -1 25 29 -1 17 -1 8 26 -1 0 -1 18 -1 -1 -1 -1 -1 -1 -1 -1 19 -1 -1 -1 -1 -1 -1 -1 21 20 16 -1 -1 -1 
-1 -1 2 3 4 -1 -1 -1 -1 -1 -1 10 -1 5 -1 -1 -1 -1 -1 -1 -1 -1 6 -1 -1 -1 -1 -1 -1 -1 -1 28 -1 -1 -1 15 11 -1 -1 -1 -1 -1 -1 -1 -1 -1 24 -1 7 -1 16 -1 -1 -1 -1 1 -1 25 29 -1 17 -1 8 26 -1 0 -1 18 -1 -1 -1 -1 -1 -1 -1 -1 19 -1 -1 -1 -1 -1 -1 -1 21 20 -1 -1 -1 -1 
-1 -1 2 3 4 -1 -1 -1 -1 -1 -1 10 -1 5 -1 -1 -1 -1 -1 -1 -1 -1 6 -1 -1 -1 -1 -1 -1 -1 -1 28 -1 -1 -1 15 11 -1 -1 -1 -1 -1 -1 -1 -1 -1 24 -1 7 -1 16 -1 -1 -1 -1 -1 -1 25 29 -1 17 -1 8 26 -1 0 -1 18 -1 -1 -1 -1 -1 -1 1 -1 19 -1 -1 -1 -1 -1 -1 -1 21 20 -1 -1 -1 -1 
-1 -1 2 3 4 -1 -1 -1 -1 -1 -1 10 -1 5 -1 -1 -1 -1 -1 -1 -1 -1 6 -1 -1 -1 -1 -1 -1 -1 -1 28 -1 -1 -1 15 11 -1 -1 -1 -1 -1 -1 -1 -1 -1 24 -1 7 -1 16 -1 -1 -1 -1 -1 -1 25 29 -1 17 -1 8 26 -1 0 -1 18 -1 -1 -1 -1 -1 -1 1 -1 19 -1 -1 -1 -1 -1 -1 -1 21 -1 20 -1 -1 -1 
-1 -1 2 3 4 -1 -1 -1 -1 -1 -1 10 -1 5 -1 -1 -1 -1 -1 -1 -1 -1 6 -1 -1 -1 -1 -1 -1 7 -1 28 -1 -1 -1 15 11 -1 -1 -1 -1 -1 -1 -1 -1 -1 24 -1 -1 -1 16 -1 -1 -1 -1 -1 -1 25 29 -1 17 -1 8 26 -1 0 -1 18 -1 -1 -1 -1 -1 -1 1 -1 19 -1 -1 -1 -1 -1 -1 -1 21 -1 20 -1 -1 -1 
