0 1 2 3 4 5 6 7 8 -1 -1 -1 -1 -1 -1 -1 -1 -1 -1 9 -1 -1 -1 -1 -1 10 -1 11 -1 12 -1 28 -1 14 -1 15 -1 -1 -1 -1 -1 -1 -1 -1 -1 -1 -1 30 -1 -1 -1 -1 -1 -1 -1 -1 -1 -1 29 -1 -1 -1 27 -1 26 -1 -1 -1 -1 -1 25 -1 -1 -1 -1 -1 -1 -1 -1 -1 -1 24 23 22 21 20 19 18 17 16 
0 1 2 3 4 5 6 7 8 -1 -1 -1 -1 -1 -1 -1 -1 -1 -1 9 -1 -1 -1 -1 -1 10 -1 11 -1 12 -1 28 -1 -1 -1 15 -1 -1 -1 -1 -1 -1 14 -1 -1 -1 -1 30 -1 -1 -1 -1 -1 -1 -1 -1 -1 -1 29 -1 -1 -1 27 -1 26 -1 -1 -1 -1 -1 25 -1 -1 -1 -1 -1 -1 -1 -1 -1 -1 24 23 22 21 20 19 18 17 16 
0 1 2 3 4 5 6 7 8 -1 -1 -1 -1 -1 -1 -1 -1 -1 -1 9 -1 -1 -1 -1 -1 10 -1 11 -1 12 -1 28 -1 -1 -1 15 -1 -1 -1 -1 -1 -1 14 -1 -1 -1 -1 30 -1 -1 -1 -1 -1 -1 -1 -1 -1 -1 29 -1 -1 -1 27 -1 26 23 -1 -1 -1 -1 25 -1 -1 -1 -1 -1 -1 -1 -1 -1 -1 24 -1 22 21 20 19 18 17 16 
0 1 2 3 4 5 6 -1 8 -1 -1 -1 -1 -1 -1 -1 -1 -1 -1 9 -1 -1 -1 -1 7 10 -1 11 -1 12 -1 28 -1 -1 -1 15 -1 -1 -1 -1 -1 -1 14 -1 -1 -1 -1 30 -1 -1 -1 -1 -1 -1 -1 -1 -1 -1 29 -1 -1 -1 27 -1 26 23 -1 -1 -1 -1 25 -1 -1 -1 -1 -1 -1 -1 -1 -1 -1 24 -1 22 21 20 19 18 17 16 
0 1 2 3 4 5 6 -1 8 -1 -1 -1 -1 -1 -1 -1 -1 -1 -1 9 -1 -1 -1 -1 7 10 -1 11 -1 12 -1 28 -1 -1 -1 15 -1 -1 -1 -1 -1 -1 14 -1 -1 -1 -1 30 -1 -1 -1 -1 -1 -1 -1 -1 -1 -1 29 -1 -1 -1 27 -1 26 23 -1 18 -1 -1 25 -1 -1 -1 -1 -1 -1 -1 -1 -1 -1 24 -1 22 21 20 19 -1 17 16 
0 1 -1 3 4 5 6 -1 8 -1 -1 -1 -1 -1 -1 -1 -1 -1 -1 9 -1 -1 2 -1 7 10 -1 11 -1 12 -1 28 -1 -1 -1 15 -1 -1 -1 -1 -1 -1 14 -1 -1 -1 -1 30 -1 -1 -1 -1 -1 -1 -1 -1 -1 -1 29 -1 -1 -1 27 -1 26 23 -1 18 -1 -1 25 -1 -1 -1 -1 -1 -1 -1 -1 -1 -1 24 -1 22 21 20 19 -1 17 16 
0 1 -1 3 4 5 6 -1 8 -1 -1 -1 -1 -1 -1 -1 -1 -1 -1 9 -1 -1 2 -1 7 10 -1 11 -1 12 -1 28 -1 -1 -1 15 -1 -1 -1 -1 -1 -1 14 -1 -1 -1 -1 30 -1 -1 -1 -1 -1 -1 -1 -1 -1 -1 29 -1 -1 -1 27 -1 26 23 -1 18 -1 -1 25 -1 -1 -1 -1 -1 -1 17 -1 -1 -1 24 -1 22 21 20 19 -1 -1 16 
0 -1 -1 3 4 5 6 -1 8 -1 -1 -1 1 -1 -1 -1 -1 -1 -1 9 -1 -1 2 -1 7 10 -1 11 -1 12 -1 28 -1 -1 -1 15 -1 -1 -1 -1 -1 -1 14 -1 -1 -1 -1 30 -1 -1 -1 -1 -1 -1 -1 -1 -1 -1 29 -1 -1 -1 27 -1 26 23 -1 18 -1 -1 25 -1 -1 -1 -1 -1 -1 17 -1 -1 -1 24 -1 22 21 20 19 -1 -1 16 
0 -1 -1 3 4 5 6 -1 8 -1 -1 -1 1 -1 -1 -1 -1 -1 -1 9 -1 -1 2 -1 7 10 -1 11 -1 12 -1 28 -1 -1 -1 15 -1 -1 -1 -1 -1 -1 14 -1 -1 -1 -1 30 -1 -1 -1 -1 -1 -1 -1 -1 -1 -1 29 -1 -1 -1 27 -1 26 23 -1 18 -1 -1 25 -1 -1 -1 -1 -1 -1 17 -1 -1 -1 24 -1 22 21 20 19 16 -1 -1 
-1 -1 0 3 4 5 6 -1 8 -1 -1 -1 1 -1 -1 -1 -1 -1 -1 9 -1 -1 2 -1 7 10 -1 11 -1 12 -1 28 -1 -1 -1 15 -1 -1 -1 -1 -1 -1 14 -1 -1 -1 -1 30 -1 -1 -1 -1 -1 -1 -1 -1 -1 -1 29 -1 -1 -1 27 -1 26 23 -1 18 -1 -1 25 -1 -1 -1 -1 -1 -1 17 -1 -1 -1 24 -1 22 21 20 19 16 -1 -1 
-1 -1 0 3 4 5 6 -1 8 -1 -1 -1 1 -1 -1 -1 -1 -1 -1 9 -1 -1 2 -1 7 10 -1 11 -1 12 -1 28 -1 -1 -1 15 -1 -1 -1 -1 -1 -1 14 -1 -1 -1 -1 30 -1 -1 -1 28 -1 -1 -1 -1 -1 -1 29 -1 -1 -1 27 -1 26 23 -1 18 -1 -1 25 -1 -1 -1 -1 -1 -1 17 -1 -1 -1 24 -1 22 21 20 19 16 -1 -1 
-1 -1 0 3 4 5 6 -1 8 -1 -1 -1 1 -1 -1 -1 -1 -1 -1 9 -1 -1 2 -1 7 10 -1 11 -1 12 -1 28 -1 -1 -1 15 -1 -1 -1 -1 -1 -1 -1 -1 -1 -1 -1 30 -1 -1 -1 14 -1 -1 -1 -1 -1 -1 29 -1 -1 -1 27 -1 26 23 -1 18 -1 -1 25 -1 -1 -1 -1 -1 -1 17 -1 -1 -1 24 -1 22 21 20 19 16 -1 -1 
-1 -1 0 3 4 5 6 -1 8 -1 -1 -1 1 -1 -1 -1 -1 -1 -1 9 -1 -1 2 -1 7 10 -1 11 -1 12 -1 28 -1 -1 -1 15 -1 -1 -1 -1 -1 -1 -1 -1 -1 -1 -1 30 -1 -1 -1 16 -1 -1 -1 -1 -1 -1 29 -1 -1 -1 27 -1 26 23 -1 18 -1 -1 25 -1 -1 -1 -1 -1 -1 17 -1 -1 -1 24 -1 22 21 20 19 -1 -1 -1 
-1 -1 0 3 4 5 6 -1 8 -1 -1 -1 1 -1 -1 -1 -1 -1 -1 9 -1 -1 2 -1 7 10 -1 11 -1 -1 -1 28 -1 -1 -1 15 -1 -1 12 -1 -1 -1 -1 -1 -1 -1 -1 30 -1 -1 -1 16 -1 -1 -1 -1 -1 -1 29 -1 -1 -1 27 -1 26 23 -1 18 -1 -1 25 -1 -1 -1 -1 -1 -1 17 -1 -1 -1 24 -1 22 21 20 19 -1 -1 -1 
-1 -1 0 3 4 5 6 -1 8 -1 -1 -1 1 -1 -1 -1 -1 -1 -1 9 -1 -1 2 -1 7 10 -1 11 -1 -1 -1 28 -1 -1 -1 15 -1 -1 30 -1 -1 -1 -1 -1 -1 -1 -1 -1 -1 -1 -1 16 -1 -1 -1 -1 -1 -1 29 -1 -1 -1 27 -1 26 23 -1 18 -1 -1 25 -1 -1 -1 -1 -1 -1 17 -1 -1 -1 24 -1 22 21 20 19 -1 -1 -1 
-1 -1 -1 3 4 5 6 -1 8 -1 -1 -1 1 -1 -1 -1 -1 -1 -1 9 -1 -1 2 -1 7 10 -1 11 -1 -1 -1 28 -1 -1 -1 15 -1 -1 0 -1 -1 -1 -1 -1 -1 -1 -1 -1 -1 -1 -1 16 -1 -1 -1 -1 -1 -1 29 -1 -1 -1 27 -1 26 23 -1 18 -1 -1 25 -1 -1 -1 -1 -1 -1 17 -1 -1 -1 24 -1 22 21 20 19 -1 -1 -1 
-1 -1 -1 3 4 5 6 -1 8 -1 -1 -1 1 -1 -1 -1 -1 -1 -1 9 -1 -1 2 -1 7 10 -1 11 -1 -1 -1 28 -1 -1 -1 15 -1 -1 0 -1 -1 -1 -1 -1 -1 -1 -1 -1 23 -1 -1 16 -1 -1 -1 -1 -1 -1 29 -1 -1 -1 27 -1 26 -1 -1 18 -1 -1 25 -1 -1 -1 -1 -1 -1 17 -1 -1 -1 24 -1 22 21 20 19 -1 -1 -1 
-1 -1 -1 3 4 5 6 -1 8 -1 -1 -1 1 -1 -1 -1 -1 -1 -1 9 -1 -1 2 -1 -1 10 -1 11 -1 -1 -1 28 -1 -1 -1 15 -1 -1 0 -1 -1 7 -1 -1 -1 -1 -1 -1 23 -1 -1 16 -1 -1 -1 -1 -1 -1 29 -1 -1 -1 27 -1 26 -1 -1 18 -1 -1 25 -1 -1 -1 -1 -1 -1 17 -1 -1 -1 24 -1 22 21 20 19 -1 -1 -1 
-1 -1 -1 3 4 5 6 -1 8 -1 -1 -1 1 -1 -1 -1 -1 -1 -1 9 -1 -1 2 -1 -1 10 -1 11 -1 -1 -1 28 -1 -1 -1 15 -1 -1 0 -1 -1 7 -1 -1 -1 -1 -1 -1 23 -1 -1 16 -1 -1 -1 -1 -1 -1 29 -1 -1 -1 27 -1 26 -1 -1 18 -1 -1 25 -1 24 -1 -1 -1 -1 17 -1 -1 -1 -1 -1 22 21 20 19 -1 -1 -1 
-1 -1 -1 3 4 5 6 -1 8 -1 -1 -1 1 -1 -1 -1 -1 -1 -1 9 -1 -1 2 10 -1 -1 -1 11 -1 -1 -1 28 -1 -1 -1 15 -1 -1 0 -1 -1 7 -1 -1 -1 -1 -1 -1 23 -1 -1 16 -1 -1 -1 -1 -1 -1 29 -1 -1 -1 27 -1 26 -1 -1 18 -1 -1 25 -1 24 -1 -1 -1 -1 17 -1 -1 -1 -1 -1 22 21 20 19 -1 -1 -1 
-1 -1 -1 3 4 5 6 -1 8 -1 -1 -1 1 -1 -1 -1 -1 -1 -1 9 -1 -1 2 10 -1 -1 -1 11 -1 -1 -1 28 -1 -1 -1 15 -1 -1 0 -1 -1 23 -1 -1 -1 -1 -1 -1 -1 -1 -1 16 -1 -1 -1 -1 -1 -1 29 -1 -1 -1 27 -1 26 -1 -1 18 -1 -1 25 -1 24 -1 -1 -1 -1 17 -1 -1 -1 -1 -1 22 21 20 19 -1 -1 -1 
-1 -1 -1 3 4 5 6 -1 8 -1 -1 -1 1 -1 -1 -1 -1 -1 -1 9 -1 -1 2 10 -1 -1 -1 11 -1 -1 -1 28 -1 -1 -1 15 -1 -1 -1 -1 -1 0 -1 -1 -1 -1 -1 -1 -1 -1 -1 16 -1 -1 -1 -1 -1 -1 29 -1 -1 -1 27 -1 26 -1 -1 18 -1 -1 25 -1 24 -1 -1 -1 -1 17 -1 -1 -1 -1 -1 22 21 20 19 -1 -1 -1 
-1 -1 -1 3 4 5 6 -1 8 -1 -1 -1 1 -1 -1 -1 -1 -1 -1 9 -1 -1 2 10 -1 -1 -1 11 -1 -1 -1 28 -1 -1 -1 15 -1 -1 -1 -1 -1 0 -1 -1 -1 -1 -1 -1 -1 -1 -1 16 -1 -1 -1 -1 -1 -1 29 -1 -1 -1 27 -1 26 -1 -1 18 -1 -1 25 -1 -1 -1 -1 24 -1 17 -1 -1 -1 -1 -1 22 21 20 19 -1 -1 -1 
-1 -1 -1 3 4 5 6 -1 -1 -1 -1 -1 1 -1 -1 -1 -1 8 -1 9 -1 -1 2 10 -1 -1 -1 11 -1 -1 -1 28 -1 -1 -1 15 -1 -1 -1 -1 -1 0 -1 -1 -1 -1 -1 -1 -1 -1 -1 16 -1 -1 -1 -1 -1 -1 29 -1 -1 -1 27 -1 26 -1 -1 18 -1 -1 25 -1 -1 -1 -1 24 -1 17 -1 -1 -1 -1 -1 22 21 20 19 -1 -1 -1 
-1 -1 -1 3 4 5 6 -1 -1 -1 -1 -1 1 -1 -1 -1 -1 8 -1 9 -1 -1 2 10 -1 -1 -1 11 -1 -1 -1 28 -1 -1 -1 15 -1 -1 -1 -1 -1 0 -1 -1 -1 -1 -1 -1 -1 -1 -1 16 -1 -1 -1 -1 -1 -1 29 -1 17 -1 27 -1 26 -1 -1 18 -1 -1 25 -1 -1 -1 -1 24 -1 -1 -1 -1 -1 -1 -1 22 21 20 19 -1 -1 -1 
-1 -1 -1 3 4 5 6 -1 -1 -1 -1 -1 1 -1 -1 -1 -1 8 -1 9 -1 -1 2 10 -1 -1 -1 11 -1 -1 -1 28 -1 -1 -1 15 -1 -1 -1 -1 -1 -1 -1 -1 -1 -1 -1 -1 -1 -1 -1 16 -1 -1 -1 -1 -1 -1 29 0 17 -1 27 -1 26 -1 -1 18 -1 -1 25 -1 -1 -1 -1 24 -1 -1 -1 -1 -1 -1 -1 22 21 20 19 -1 -1 -1 
-1 -1 -1 3 4 5 6 -1 -1 -1 -1 -1 1 -1 -1 -1 -1 8 -1 9 -1 -1 2 10 -1 -1 -1 11 -1 -1 -1 28 -1 -1 -1 15 -1 -1 -1 -1 -1 -1 -1 -1 -1 -1 -1 -1 -1 -1 -1 16 -1 -1 -1 -1 -1 -1 29 0 17 25 27 -1 26 -1 -1 18 -1 -1 -1 -1 -1 -1 -1 24 -1 -1 -1 -1 -1 -1 -1 22 21 20 19 -1 -1 -1 
-1 -1 -1 3 4 5 6 -1 -1 -1 -1 -1 1 -1 -1 -1 -1 8 -1 9 -1 -1 2 10 -1 -1 -1 11 -1 -1 -1 28 0 -1 -1 15 -1 -1 -1 -1 -1 -1 -1 -1 -1 -1 -1 -1 -1 -1 -1 16 -1 -1 -1 -1 -1 -1 29 -1 17 25 27 -1 26 -1 -1 18 -1 -1 -1 -1 -1 -1 -1 24 -1 -1 -1 -1 -1 -1 -1 22 21 20 19 -1 -1 -1 
-1 -1 -1 3 4 5 6 -1 -1 -1 -1 -1 1 -1 -1 -1 -1 8 -1 9 -1 -1 2 10 -1 -1 -1 11 -1 -1 -1 28 0 -1 -1 15 -1 -1 -1 -1 -1 -1 -1 -1 -1 -1 -1 -1 -1 -1 -1 16 -1 -1 -1 -1 -1 -1 29 -1 17 25 27 26 -1 -1 -1 18 -1 -1 -1 -1 -1 -1 -1 24 -1 -1 -1 -1 -1 -1 -1 22 21 20 19 -1 -1 -1 
-1 -1 -1 3 4 5 6 -1 -1 -1 -1 -1 1 -1 -1 -1 -1 8 -1 9 -1 -1 2 10 -1 -1 -1 11 -1 -1 -1 -1 0 -1 -1 15 -1 -1 -1 -1 13 -1 -1 -1 -1 -1 -1 -1 -1 -1 -1 16 -1 -1 -1 -1 -1 -1 29 -1 17 25 27 26 -1 -1 -1 18 -1 -1 -1 -1 -1 -1 -1 24 -1 -1 -1 -1 -1 -1 -1 22 21 20 19 -1 -1 -1 
-1 -1 -1 3 4 5 6 -1 -1 -1 -1 -1 1 -1 -1 -1 -1 8 -1 9 -1 -1 2 10 -1 -1 -1 11 -1 -1 -1 -1 0 -1 -1 15 -1 -1 -1 -1 13 -1 -1 -1 -1 -1 -1 -1 16 -1 -1 -1 -1 -1 -1 -1 -1 -1 29 -1 17 25 27 26 -1 -1 -1 18 -1 -1 -1 -1 -1 -1 -1 24 -1 -1 -1 -1 -1 -1 -1 22 21 20 19 -1 -1 -1 
-1 -1 -1 3 4 5 6 -1 -1 -1 -1 -1 1 -1 -1 -1 -1 8 -1 -1 -1 9 2 10 -1 -1 -1 11 -1 -1 -1 -1 0 -1 -1 15 -1 -1 -1 -1 13 -1 -1 -1 -1 -1 -1 -1 16 -1 -1 -1 -1 -1 -1 -1 -1 -1 29 -1 17 25 27 26 -1 -1 -1 18 -1 -1 -1 -1 -1 -1 -1 24 -1 -1 -1 -1 -1 -1 -1 22 21 20 19 -1 -1 -1 
-1 -1 -1 3 4 5 6 -1 -1 -1 -1 -1 1 -1 -1 -1 -1 8 -1 -1 -1 9 2 10 -1 -1 -1 11 -1 -1 16 -1 0 -1 -1 15 -1 -1 -1 -1 13 -1 -1 -1 -1 -1 -1 -1 -1 -1 -1 -1 -1 -1 -1 -1 -1 -1 29 -1 17 25 27 26 -1 -1 -1 18 -1 -1 -1 -1 -1 -1 -1 24 -1 -1 -1 -1 -1 -1 -1 22 21 20 19 -1 -1 -1 
-1 -1 -1 3 4 5 6 -1 -1 -1 -1 -1 1 -1 -1 -1 -1 8 -1 -1 -1 -1 2 10 -1 -1 -1 11 -1 -1 16 -1 0 -1 -1 15 -1 -1 -1 -1 13 -1 -1 -1 -1 -1 -1 -1 -1 -1 -1 -1 -1 -1 -1 -1 -1 -1 29 -1 17 25 27 26 -1 -1 -1 18 -1 -1 -1 -1 -1 -1 -1 9 -1 -1 -1 -1 -1 -1 -1 22 21 20 19 -1 -1 -1 
-1 -1 -1 3 4 5 6 -1 -1 -1 -1 -1 1 -1 -1 -1 -1 8 -1 -1 -1 -1 2 10 -1 -1 -1 11 -1 -1 -1 -1 16 -1 -1 15 -1 -1 -1 -1 13 -1 -1 -1 -1 -1 -1 -1 -1 -1 -1 -1 -1 -1 -1 -1 -1 -1 29 -1 17 25 27 26 -1 -1 -1 18 -1 -1 -1 -1 -1 -1 -1 9 -1 -1 -1 -1 -1 -1 -1 22 21 20 19 -1 -1 -1 
-1 -1 -1 3 4 5 6 -1 -1 -1 -1 -1 1 -1 -1 -1 -1 8 -1 -1 -1 -1 2 10 -1 -1 -1 11 -1 -1 -1 -1 16 -1 -1 15 -1 -1 -1 -1 13 -1 -1 -1 -1 -1 -1 -1 -1 -1 -1 -1 -1 -1 -1 -1 -1 9 29 -1 17 25 27 26 -1 -1 -1 18 -1 -1 -1 -1 -1 -1 -1 -1 -1 -1 -1 -1 -1 -1 -1 22 21 20 19 -1 -1 -1 
-1 -1 -1 3 4 5 6 -1 -1 -1 -1 -1 1 -1 -1 -1 -1 8 -1 -1 -1 -1 2 10 -1 -1 -1 11 -1 -1 -1 -1 -1 16 -1 15 -1 -1 -1 -1 13 -1 -1 -1 -1 -1 -1 -1 -1 -1 -1 -1 -1 -1 -1 -1 -1 9 29 -1 17 25 27 26 -1 -1 -1 18 -1 -1 -1 -1 -1 -1 -1 -1 -1 -1 -1 -1 -1 -1 -1 22 21 20 19 -1 -1 -1 
-1 -1 -1 3 4 5 6 -1 -1 -1 -1 -1 1 -1 -1 -1 8 -1 -1 -1 -1 -1 2 10 -1 -1 -1 11 -1 -1 -1 -1 -1 16 -1 15 -1 -1 -1 -1 13 -1 -1 -1 -1 -1 -1 -1 -1 -1 -1 -1 -1 -1 -1 -1 -1 9 29 -1 17 25 27 26 -1 -1 -1 18 -1 -1 -1 -1 -1 -1 -1 -1 -1 -1 -1 -1 -1 -1 -1 22 21 20 19 -1 -1 -1 
-1 -1 -1 3 4 5 6 -1 -1 -1 -1 -1 1 -1 -1 -1 8 -1 -1 -1 -1 -1 2 10 -1 -1 -1 11 -1 -1 -1 -1 -1 16 -1 15 -1 -1 -1 -1 13 -1 -1 -1 -1 -1 -1 -1 -1 -1 -1 -1 -1 -1 -1 -1 -1 9 29 -1 17 -1 27 26 -1 -1 -1 18 -1 -1 25 -1 -1 -1 -1 -1 -1 -1 -1 -1 -1 -1 -1 22 21 20 19 -1 -1 -1 
-1 -1 -1 3 4 5 6 -1 -1 -1 -1 -1 1 -1 -1 -1 8 -1 -1 -1 -1 -1 2 10 -1 -1 -1 11 -1 -1 -1 -1 -1 16 -1 15 -1 -1 -1 -1 13 -1 -1 -1 -1 -1 -1 -1 -1 -1 -1 -1 -1 -1 -1 -1 -1 -1 29 -1 9 -1 27 26 -1 -1 -1 18 -1 -1 25 -1 -1 -1 -1 -1 -1 -1 -1 -1 -1 -1 -1 22 21 20 19 -1 -1 -1 
-1 -1 -1 3 4 5 6 -1 -1 -1 -1 -1 1 -1 -1 -1 8 -1 -1 -1 -1 -1 2 10 -1 -1 -1 11 -1 -1 -1 -1 -1 -1 -1 15 -1 -1 -1 -1 13 -1 -1 -1 -1 -1 -1 -1 -1 -1 -1 -1 -1 -1 -1 -1 -1 -1 29 -1 16 -1 27 26 -1 -1 -1 18 -1 -1 25 -1 -1 -1 -1 -1 -1 -1 -1 -1 -1 -1 -1 22 21 20 19 -1 -1 -1 
-1 -1 -1 3 4 5 6 -1 -1 -1 -1 -1 -1 -1 -1 -1 8 -1 -1 -1 -1 -1 2 10 -1 -1 -1 11 -1 -1 -1 1 -1 -1 -1 15 -1 -1 -1 -1 13 -1 -1 -1 -1 -1 -1 -1 -1 -1 -1 -1 -1 -1 -1 -1 -1 -1 29 -1 16 -1 27 26 -1 -1 -1 18 -1 -1 25 -1 -1 -1 -1 -1 -1 -1 -1 -1 -1 -1 -1 22 21 20 19 -1 -1 -1 
-1 -1 -1 3 4 5 6 -1 -1 -1 -1 -1 -1 -1 -1 -1 8 -1 -1 -1 -1 -1 2 10 -1 -1 -1 11 -1 -1 -1 1 -1 16 -1 15 -1 -1 -1 -1 13 -1 -1 -1 -1 -1 -1 -1 -1 -1 -1 -1 -1 -1 -1 -1 -1 -1 29 -1 -1 -1 27 26 -1 -1 -1 18 -1 -1 25 -1 -1 -1 -1 -1 -1 -1 -1 -1 -1 -1 -1 22 21 20 19 -1 -1 -1 
-1 -1 -1 3 4 5 6 -1 -1 -1 -1 -1 -1 -1 -1 -1 8 -1 -1 -1 -1 -1 2 10 -1 -1 -1 11 -1 -1 -1 -1 -1 16 -1 15 -1 -1 1 -1 13 -1 -1 -1 -1 -1 -1 -1 -1 -1 -1 -1 -1 -1 -1 -1 -1 -1 29 -1 -1 -1 27 26 -1 -1 -1 18 -1 -1 25 -1 -1 -1 -1 -1 -1 -1 -1 -1 -1 -1 -1 22 21 20 19 -1 -1 -1 
-1 -1 -1 3 4 5 6 -1 -1 -1 -1 -1 -1 -1 -1 -1 8 -1 -1 -1 -1 -1 2 10 -1 -1 -1 11 -1 -1 -1 -1 -1 16 25 15 -1 -1 1 -1 13 -1 -1 -1 -1 -1 -1 -1 -1 -1 -1 -1 -1 -1 -1 -1 -1 -1 29 -1 -1 -1 27 26 -1 -1 -1 18 -1 -1 -1 -1 -1 -1 -1 -1 -1 -1 -1 -1 -1 -1 -1 22 21 20 19 -1 -1 -1 
-1 -1 -1 3 4 5 6 -1 -1 -1 -1 -1 -1 -1 -1 -1 8 -1 -1 -1 -1 -1 2 -1 -1 -1 -1 11 -1 -1 -1 -1 -1 16 25 15 -1 -1 1 -1 13 -1 -1 -1 -1 -1 -1 -1 -1 -1 -1 -1 -1 -1 -1 -1 -1 -1 29 10 -1 -1 27 26 -1 -1 -1 18 -1 -1 -1 -1 -1 -1 -1 -1 -1 -1 -1 -1 -1 -1 -1 22 21 20 19 -1 -1 -1 
-1 -1 -1 3 4 5 6 -1 -1 -1 -1 -1 -1 -1 -1 -1 8 -1 -1 -1 -1 -1 2 -1 -1 -1 -1 11 -1 -1 -1 -1 -1 16 25 15 -1 -1 1 -1 13 -1 -1 -1 -1 -1 -1 18 -1 -1 -1 -1 -1 -1 -1 -1 -1 -1 29 10 -1 -1 27 26 -1 -1 -1 -1 -1 -1 -1 -1 -1 -1 -1 -1 -1 -1 -1 -1 -1 -1 -1 22 21 20 19 -1 -1 -1 
-1 -1 -1 3 4 5 6 -1 -1 -1 -1 -1 -1 -1 -1 -1 8 -1 -1 -1 -1 -1 2 -1 -1 -1 -1 11 -1 -1 -1 -1 -1 16 25 15 -1 -1 1 -1 13 -1 -1 -1 -1 -1 -1 18 -1 -1 -1 -1 -1 -1 10 -1 -1 -1 29 -1 -1 -1 27 26 -1 -1 -1 -1 -1 -1 -1 -1 -1 -1 -1 -1 -1 -1 -1 -1 -1 -1 -1 22 21 20 19 -1 -1 -1 
-1 -1 -1 3 4 5 6 -1 -1 -1 -1 -1 -1 -1 -1 -1 8 -1 -1 -1 -1 -1 2 -1 -1 -1 -1 11 -1 -1 -1 -1 -1 16 25 15 -1 -1 1 -1 13 -1 -1 -1 -1 -1 -1 18 -1 -1 -1 -1 -1 -1 10 -1 -1 -1 29 -1 -1 -1 27 -1 -1 -1 -1 26 -1 -1 -1 -1 -1 -1 -1 -1 -1 -1 -1 -1 -1 -1 -1 22 21 20 19 -1 -1 -1 
