0 1 2 3 4 5 6 7 8 -1 -1 -1 -1 -1 -1 -1 -1 -1 -1 9 -1 -1 -1 -1 -1 10 -1 11 -1 12 -1 28 -1 14 -1 15 -1 -1 -1 -1 -1 -1 -1 -1 -1 -1 -1 30 -1 -1 -1 -1 -1 -1 -1 -1 -1 -1 29 -1 -1 -1 27 -1 26 -1 -1 -1 -1 -1 25 -1 -1 -1 -1 -1 -1 -1 -1 -1 -1 24 23 22 21 20 19 18 17 16 
0 1 2 3 4 5 6 -1 8 -1 -1 -1 -1 -1 -1 -1 -1 -1 -1 9 -1 -1 -1 -1 7 10 -1 11 -1 12 -1 28 -1 14 -1 15 -1 -1 -1 -1 -1 -1 -1 -1 -1 -1 -1 30 -1 -1 -1 -1 -1 -1 -1 -1 -1 -1 29 -1 -1 -1 27 -1 26 -1 -1 -1 -1 -1 25 -1 -1 -1 -1 -1 -1 -1 -1 -1 -1 24 23 22 21 20 19 18 17 16 
0 1 2 3 4 5 6 -1 8 -1 -1 -1 -1 -1 -1 -1 -1 -1 -1 9 -1 -1 -1 -1 7 10 -1 11 -1 12 -1 28 -1 14 -1 15 -1 -1 -1 -1 -1 -1 -1 -1 -1 -1 -1 30 -1 -1 -1 -1 -1 -1 -1 -1 -1 -1 29 -1 -1 -1 27 -1 26 23 -1 -1 -1 -1 25 -1 -1 -1 -1 -1 -1 -1 -1 -1 -1 24 -1 22 21 20 19 18 17 16 
0 1 2 3 4 5 6 -1 8 -1 -1 -1 -1 -1 -1 -1 -1 -1 -1 9 -1 -1 -1 -1 7 10 -1 11 -1 12 -1 28 -1 -1 -1 15 -1 -1 -1 -1 -1 -1 14 -1 -1 -1 -1 30 -1 -1 -1 -1 -1 -1 -1 -1 -1 -1 29 -1 -1 -1 27 -1 26 23 -1 -1 -1 -1 25 -1 -1 -1 -1 -1 -1 -1 -1 -1 -1 24 -1 22 21 20 19 18 17 16 
0 1 2 3 4 5 6 -1 8 -1 -1 -1 -1 -1 -1 -1 -1 -1 -1 9 -1 -1 -1 -1 7 10 -1 11 -1 12 -1 28 -1 -1 -1 15 -1 -1 -1 -1 -1 -1 14 -1 -1 -1 -1 30 -1 -1 -1 -1 -1 -1 -1 -1 -1 -1 29 -1 -1 -1 27 -1 26 23 -1 -1 -1 -1 25 -1 24 -1 -1 -1 -1 -1 -1 -1 -1 -1 -1 22 21 20 19 18 17 16 
0 1 2 3 4 5 -1 -1 8 -1 -1 -1 -1 -1 -1 -1 -1 -1 -1 9 -1 -1 6 -1 7 10 -1 11 -1 12 -1 28 -1 -1 -1 15 -1 -1 -1 -1 -1 -1 14 -1 -1 -1 -1 30 -1 -1 -1 -1 -1 -1 -1 -1 -1 -1 29 -1 -1 -1 27 -1 26 23 -1 -1 -1 -1 25 -1 24 -1 -1 -1 -1 -1 -1 -1 -1 -1 -1 22 21 20 19 18 17 16 
0 1 2 3 4 5 -1 -1 8 -1 -1 -1 -1 -1 -1 -1 -1 -1 -1 9 -1 -1 6 -1 7 10 -1 11 -1 12 -1 28 -1 -1 -1 15 -1 -1 -1 -1 -1 -1 14 -1 -1 -1 -1 30 -1 -1 -1 -1 -1 -1 -1 -1 -1 -1 29 -1 -1 -1 27 -1 26 23 -1 18 -1 -1 25 -1 24 -1 -1 -1 -1 -1 -1 -1 -1 -1 -1 22 21 20 19 -1 17 16 
0 -1 2 3 4 5 -1 -1 8 -1 -1 -1 -1 -1 -1 -1 -1 -1 1 9 -1 -1 6 -1 7 10 -1 11 -1 12 -1 28 -1 -1 -1 15 -1 -1 -1 -1 -1 -1 14 -1 -1 -1 -1 30 -1 -1 -1 -1 -1 -1 -1 -1 -1 -1 29 -1 -1 -1 27 -1 26 23 -1 18 -1 -1 25 -1 24 -1 -1 -1 -1 -1 -1 -1 -1 -1 -1 22 21 20 19 -1 17 16 
0 -1 2 3 4 5 -1 -1 8 -1 -1 -1 -1 -1 -1 -1 -1 -1 1 9 -1 -1 6 -1 7 10 -1 11 -1 12 -1 28 -1 -1 -1 15 -1 -1 -1 -1 -1 -1 14 -1 -1 -1 -1 30 -1 -1 -1 -1 -1 -1 -1 -1 -1 -1 29 -1 -1 -1 27 -1 26 23 -1 18 -1 -1 25 -1 -1 -1 -1 -1 -1 24 -1 -1 -1 -1 -1 22 21 20 19 -1 17 16 
-1 -1 2 3 4 5 -1 -1 8 0 -1 -1 -1 -1 -1 -1 -1 -1 1 9 -1 -1 6 -1 7 10 -1 11 -1 12 -1 28 -1 -1 -1 15 -1 -1 -1 -1 -1 -1 14 -1 -1 -1 -1 30 -1 -1 -1 -1 -1 -1 -1 -1 -1 -1 29 -1 -1 -1 27 -1 26 23 -1 18 -1 -1 25 -1 -1 -1 -1 -1 -1 24 -1 -1 -1 -1 -1 22 21 20 19 -1 17 16 
-1 -1 2 3 4 5 -1 -1 8 0 -1 -1 -1 -1 -1 -1 -1 -1 1 9 -1 -1 6 -1 7 10 -1 11 -1 12 -1 28 -1 -1 -1 15 -1 -1 -1 -1 -1 -1 14 -1 -1 -1 -1 30 -1 -1 -1 -1 -1 -1 -1 -1 -1 -1 29 -1 -1 -1 27 -1 26 23 -1 18 -1 17 25 -1 -1 -1 -1 -1 -1 24 -1 -1 -1 -1 -1 22 21 20 19 -1 -1 16 
-1 -1 2 3 4 5 -1 -1 8 -1 -1 0 -1 -1 -1 -1 -1 -1 1 9 -1 -1 6 -1 7 10 -1 11 -1 12 -1 28 -1 -1 -1 15 -1 -1 -1 -1 -1 -1 14 -1 -1 -1 -1 30 -1 -1 -1 -1 -1 -1 -1 -1 -1 -1 29 -1 -1 -1 27 -1 26 23 -1 18 -1 17 25 -1 -1 -1 -1 -1 -1 24 -1 -1 -1 -1 -1 22 21 20 19 -1 -1 16 
-1 -1 2 3 4 5 -1 -1 8 -1 -1 0 -1 -1 -1 -1 -1 -1 1 9 -1 -1 6 -1 7 10 -1 11 -1 12 -1 28 -1 -1 -1 15 -1 -1 -1 -1 -1 -1 14 -1 -1 -1 -1 30 -1 29 -1 -1 -1 -1 -1 -1 -1 -1 -1 -1 -1 -1 27 -1 26 23 -1 18 -1 17 25 -1 -1 -1 -1 -1 -1 24 -1 -1 -1 -1 -1 22 21 20 19 -1 -1 16 
-1 -1 2 3 4 5 -1 -1 8 -1 -1 -1 0 -1 -1 -1 -1 -1 1 9 -1 -1 6 -1 7 10 -1 11 -1 12 -1 28 -1 -1 -1 15 -1 -1 -1 -1 -1 -1 14 -1 -1 -1 -1 30 -1 29 -1 -1 -1 -1 -1 -1 -1 -1 -1 -1 -1 -1 27 -1 26 23 -1 18 -1 17 25 -1 -1 -1 -1 -1 -1 24 -1 -1 -1 -1 -1 22 21 20 19 -1 -1 16 
-1 -1 2 3 4 5 -1 -1 8 -1 -1 -1 0 -1 -1 -1 -1 -1 1 9 -1 -1 6 -1 7 10 -1 11 -1 12 -1 28 -1 -1 -1 15 -1 -1 -1 -1 -1 -1 14 -1 -1 -1 -1 30 -1 29 -1 -1 -1 -1 -1 -1 -1 -1 -1 -1 -1 -1 27 -1 26 23 -1 18 -1 17 25 -1 -1 -1 -1 -1 19 24 -1 -1 -1 -1 -1 22 21 20 -1 -1 -1 16 
-1 -1 2 3 4 5 -1 -1 8 -1 -1 -1 -1 -1 -1 -1 -1 -1 1 9 -1 -1 6 -1 7 10 -1 11 -1 12 -1 28 -1 -1 -1 15 -1 -1 -1 -1 -1 -1 14 -1 -1 -1 -1 30 -1 29 -1 -1 -1 -1 -1 -1 -1 0 -1 -1 -1 -1 27 -1 26 23 -1 18 -1 17 25 -1 -1 -1 -1 -1 19 24 -1 -1 -1 -1 -1 22 21 20 -1 -1 -1 16 
-1 -1 2 3 4 5 -1 -1 8 -1 -1 -1 -1 -1 -1 -1 -1 -1 1 9 -1 -1 6 -1 7 10 -1 11 -1 12 -1 28 -1 -1 -1 15 -1 -1 -1 -1 -1 -1 14 -1 -1 -1 -1 30 -1 29 -1 -1 -1 -1 -1 -1 -1 0 23 -1 -1 -1 27 -1 26 -1 -1 18 -1 17 25 -1 -1 -1 -1 -1 19 24 -1 -1 -1 -1 -1 22 21 20 -1 -1 -1 16 
-1 -1 2 3 4 5 -1 -1 8 -1 -1 -1 -1 -1 -1 -1 -1 -1 1 -1 -1 -1 6 -1 7 10 -1 11 -1 12 -1 28 -1 -1 -1 15 -1 -1 -1 -1 -1 -1 14 -1 -1 -1 -1 30 -1 29 -1 -1 -1 -1 -1 9 -1 0 23 -1 -1 -1 27 -1 26 -1 -1 18 -1 17 25 -1 -1 -1 -1 -1 19 24 -1 -1 -1 -1 -1 22 21 20 -1 -1 -1 16 
-1 -1 2 3 4 5 -1 -1 8 -1 -1 -1 -1 -1 -1 -1 -1 -1 1 -1 -1 -1 6 -1 7 10 -1 11 -1 12 -1 28 -1 -1 -1 15 -1 -1 -1 -1 -1 -1 14 -1 -1 -1 -1 30 -1 29 -1 -1 -1 -1 -1 9 -1 0 23 -1 -1 25 27 -1 26 -1 -1 18 -1 17 -1 -1 -1 -1 -1 -1 19 24 -1 -1 -1 -1 -1 22 21 20 -1 -1 -1 16 
-1 -1 2 3 4 5 -1 -1 8 -1 -1 -1 -1 -1 -1 -1 -1 -1 1 -1 -1 -1 6 -1 7 10 -1 11 -1 12 -1 28 -1 -1 -1 15 -1 -1 -1 0 -1 -1 14 -1 -1 -1 -1 30 -1 29 -1 -1 -1 -1 -1 9 -1 -1 23 -1 -1 25 27 -1 26 -1 -1 18 -1 17 -1 -1 -1 -1 -1 -1 19 24 -1 -1 -1 -1 -1 22 21 20 -1 -1 -1 16 
-1 -1 2 3 4 5 -1 -1 8 -1 -1 -1 -1 -1 -1 -1 -1 -1 1 -1 -1 -1 6 -1 7 10 -1 11 -1 12 -1 28 24 -1 -1 15 -1 -1 -1 0 -1 -1 14 -1 -1 -1 -1 30 -1 29 -1 -1 -1 -1 -1 9 -1 -1 23 -1 -1 25 27 -1 26 -1 -1 18 -1 17 -1 -1 -1 -1 -1 -1 19 -1 -1 -1 -1 -1 -1 22 21 20 -1 -1 -1 16 
-1 -1 2 3 4 -1 -1 -1 8 -1 -1 -1 -1 5 -1 -1 -1 -1 1 -1 -1 -1 6 -1 7 10 -1 11 -1 12 -1 28 24 -1 -1 15 -1 -1 -1 0 -1 -1 14 -1 -1 -1 -1 30 -1 29 -1 -1 -1 -1 -1 9 -1 -1 23 -1 -1 25 27 -1 26 -1 -1 18 -1 17 -1 -1 -1 -1 -1 -1 19 -1 -1 -1 -1 -1 -1 22 21 20 -1 -1 -1 16 
-1 -1 2 3 4 -1 -1 -1 8 -1 -1 -1 -1 5 -1 -1 -1 -1 1 -1 -1 -1 6 -1 7 10 -1 11 -1 12 -1 28 24 -1 -1 15 -1 -1 -1 0 -1 -1 14 -1 -1 -1 -1 30 -1 29 -1 -1 -1 -1 -1 9 -1 -1 23 -1 -1 25 27 -1 26 -1 -1 18 -1 17 -1 -1 -1 -1 -1 -1 19 -1 -1 -1 -1 -1 -1 22 21 20 16 -1 -1 -1 
-1 -1 2 3 4 -1 -1 10 8 -1 -1 -1 -1 5 -1 -1 -1 -1 1 -1 -1 -1 6 -1 7 -1 -1 11 -1 12 -1 28 24 -1 -1 15 -1 -1 -1 0 -1 -1 14 -1 -1 -1 -1 30 -1 29 -1 -1 -1 -1 -1 9 -1 -1 23 -1 -1 25 27 -1 26 -1 -1 18 -1 17 -1 -1 -1 -1 -1 -1 19 -1 -1 -1 -1 -1 -1 22 21 20 16 -1 -1 -1 
-1 -1 2 3 4 -1 -1 10 8 -1 -1 -1 -1 5 -1 -1 -1 -1 1 -1 -1 -1 6 -1 7 -1 -1 11 -1 12 -1 28 24 -1 -1 15 -1 -1 -1 0 -1 -1 14 -1 -1 -1 -1 30 -1 29 -1 -1 -1 27 -1 9 -1 -1 23 -1 -1 25 -1 -1 26 -1 -1 18 -1 17 -1 -1 -1 -1 -1 -1 19 -1 -1 -1 -1 -1 -1 22 21 20 16 -1 -1 -1 
-1 -1 2 3 4 10 -1 -1 8 -1 -1 -1 -1 5 -1 -1 -1 -1 1 -1 -1 -1 6 -1 7 -1 -1 11 -1 12 -1 28 24 -1 -1 15 -1 -1 -1 0 -1 -1 14 -1 -1 -1 -1 30 -1 29 -1 -1 -1 27 -1 9 -1 -1 23 -1 -1 25 -1 -1 26 -1 -1 18 -1 17 -1 -1 -1 -1 -1 -1 19 -1 -1 -1 -1 -1 -1 22 21 20 16 -1 -1 -1 
-1 -1 2 3 4 10 -1 -1 8 -1 -1 -1 -1 5 -1 -1 -1 -1 1 -1 -1 -1 6 -1 7 -1 -1 11 -1 12 -1 28 -1 -1 24 15 -1 -1 -1 0 -1 -1 14 -1 -1 -1 -1 30 -1 29 -1 -1 -1 27 -1 9 -1 -1 23 -1 -1 25 -1 -1 26 -1 -1 18 -1 17 -1 -1 -1 -1 -1 -1 19 -1 -1 -1 -1 -1 -1 22 21 20 16 -1 -1 -1 
-1 -1 2 3 4 10 -1 -1 8 -1 -1 -1 -1 5 -1 -1 -1 -1 1 -1 -1 -1 6 -1 7 -1 -1 11 -1 12 -1 28 -1 -1 24 15 -1 -1 -1 -1 -1 0 14 -1 -1 -1 -1 30 -1 29 -1 -1 -1 27 -1 9 -1 -1 23 -1 -1 25 -1 -1 26 -1 -1 18 -1 17 -1 -1 -1 -1 -1 -1 19 -1 -1 -1 -1 -1 -1 22 21 20 16 -1 -1 -1 
-1 -1 2 3 4 10 -1 -1 8 -1 -1 -1 -1 5 -1 -1 -1 -1 1 -1 -1 -1 6 -1 7 -1 -1 11 -1 12 -1 28 -1 -1 24 15 -1 -1 -1 -1 -1 0 14 -1 -1 -1 -1 30 -1 29 -1 -1 -1 27 -1 9 -1 -1 23 -1 -1 25 -1 -1 26 -1 -1 18 -1 17 -1 -1 -1 -1 -1 -1 19 -1 -1 -1 -1 -1 -1 22 21 20 -1 -1 16 -1 
-1 -1 2 3 4 10 -1 -1 8 -1 -1 -1 -1 5 -1 -1 -1 -1 1 -1 -1 -1 6 -1 7 -1 -1 11 -1 12 -1 28 -1 -1 24 15 -1 -1 -1 -1 -1 0 14 -1 -1 -1 -1 30 -1 29 -1 -1 -1 27 -1 -1 -1 -1 23 -1 9 25 -1 -1 26 -1 -1 18 -1 17 -1 -1 -1 -1 -1 -1 19 -1 -1 -1 -1 -1 -1 22 21 20 -1 -1 16 -1 
-1 -1 2 3 4 10 -1 -1 8 -1 -1 -1 -1 5 -1 -1 -1 -1 1 -1 -1 -1 6 -1 7 -1 -1 11 -1 12 -1 28 -1 -1 24 15 -1 -1 -1 -1 -1 0 14 -1 -1 -1 -1 30 -1 29 -1 -1 -1 27 -1 -1 -1 -1 23 -1 9 -1 25 -1 26 -1 -1 18 -1 17 -1 -1 -1 -1 -1 -1 19 -1 -1 -1 -1 -1 -1 22 21 20 -1 -1 16 -1 
-1 -1 2 3 4 10 8 -1 -1 -1 -1 -1 -1 5 -1 -1 -1 -1 1 -1 -1 -1 6 -1 7 -1 -1 11 -1 12 -1 28 -1 -1 24 15 -1 -1 -1 -1 -1 0 14 -1 -1 -1 -1 30 -1 29 -1 -1 -1 27 -1 -1 -1 -1 23 -1 9 -1 25 -1 26 -1 -1 18 -1 17 -1 -1 -1 -1 -1 -1 19 -1 -1 -1 -1 -1 -1 22 21 20 -1 -1 16 -1 
-1 -1 2 3 4 10 8 -1 -1 -1 -1 -1 -1 5 -1 -1 -1 -1 1 -1 -1 -1 6 -1 7 -1 -1 11 -1 12 -1 28 -1 -1 24 15 -1 -1 -1 -1 -1 0 14 -1 -1 31 -1 30 -1 29 -1 -1 -1 27 -1 -1 -1 -1 23 -1 9 -1 25 -1 26 -1 -1 18 -1 17 -1 -1 -1 -1 -1 -1 19 -1 -1 -1 -1 -1 -1 22 21 20 -1 -1 16 -1 
-1 -1 2 3 4 10 8 -1 -1 -1 -1 1 -1 5 -1 -1 -1 -1 -1 -1 -1 -1 6 -1 7 -1 -1 11 -1 12 -1 28 -1 -1 24 15 -1 -1 -1 -1 -1 0 14 -1 -1 31 -1 30 -1 29 -1 -1 -1 27 -1 -1 -1 -1 23 -1 9 -1 25 -1 26 -1 -1 18 -1 17 -1 -1 -1 -1 -1 -1 19 -1 -1 -1 -1 -1 -1 22 21 20 -1 -1 16 -1 
-1 -1 2 3 4 10 8 -1 -1 -1 -1 1 -1 5 -1 -1 -1 -1 -1 -1 -1 -1 6 -1 7 -1 -1 11 -1 12 -1 28 -1 -1 24 15 -1 -1 -1 -1 -1 0 14 -1 -1 31 -1 30 -1 29 -1 -1 -1 27 -1 -1 -1 -1 23 -1 9 -1 -1 -1 26 -1 -1 18 -1 17 -1 -1 -1 -1 -1 -1 19 -1 -1 -1 25 -1 -1 22 21 20 -1 -1 16 -1 
-1 -1 2 3 4 10 8 -1 -1 -1 -1 -1 -1 5 -1 -1 -1 -1 -1 -1 -1 -1 6 -1 7 -1 -1 11 -1 12 1 28 -1 -1 24 15 -1 -1 -1 -1 -1 0 14 -1 -1 31 -1 30 -1 29 -1 -1 -1 27 -1 -1 -1 -1 23 -1 9 -1 -1 -1 26 -1 -1 18 -1 17 -1 -1 -1 -1 -1 -1 19 -1 -1 -1 25 -1 -1 22 21 20 -1 -1 16 -1 
-1 -1 2 3 4 10 8 -1 -1 -1 -1 -1 -1 5 -1 -1 -1 -1 -1 -1 -1 -1 6 -1 7 -1 -1 11 -1 12 1 28 -1 -1 24 15 -1 -1 -1 -1 -1 0 14 -1 -1 31 -1 30 -1 29 -1 -1 16 27 -1 -1 -1 -1 23 -1 9 -1 -1 -1 26 -1 -1 18 -1 17 -1 -1 -1 -1 -1 -1 19 -1 -1 -1 25 -1 -1 22 21 20 -1 -1 -1 -1 
-1 -1 2 3 4 10 8 -1 -1 -1 -1 -1 -1 5 -1 -1 -1 -1 -1 -1 -1 -1 6 -1 7 -1 -1 11 -1 -1 1 28 -1 -1 24 15 -1 -1 12 -1 -1 0 14 -1 -1 31 -1 30 -1 29 -1 -1 16 27 -1 -1 -1 -1 23 -1 9 -1 -1 -1 26 -1 -1 18 -1 17 -1 -1 -1 -1 -1 -1 19 -1 -1 -1 25 -1 -1 22 21 20 -1 -1 -1 -1 
-1 -1 2 3 4 10 8 -1 -1 -1 -1 -1 -1 5 -1 -1 -1 -1 -1 -1 -1 -1 6 -1 7 -1 -1 11 -1 -1 1 28 -1 -1 24 15 -1 -1 12 -1 29 0 14 -1 -1 31 -1 30 -1 -1 -1 -1 16 27 -1 -1 -1 -1 23 -1 9 -1 -1 -1 26 -1 -1 18 -1 17 -1 -1 -1 -1 -1 -1 19 -1 -1 -1 25 -1 -1 22 21 20 -1 -1 -1 -1 
-1 -1 2 3 4 10 8 -1 -1 -1 -1 -1 -1 5 -1 -1 -1 -1 -1 -1 -1 -1 6 -1 7 -1 -1 11 -1 -1 1 28 -1 -1 24 15 -1 -1 12 -1 0 -1 14 -1 -1 31 -1 30 -1 -1 -1 -1 16 27 -1 -1 -1 -1 23 -1 9 -1 -1 -1 26 -1 -1 18 -1 17 -1 -1 -1 -1 -1 -1 19 -1 -1 -1 25 -1 -1 22 21 20 -1 -1 -1 -1 
-1 -1 2 3 4 10 8 -1 -1 -1 -1 -1 -1 5 -1 -1 -1 -1 -1 -1 -1 -1 6 -1 7 -1 -1 11 -1 -1 1 28 -1 -1 24 15 -1 -1 12 -1 0 -1 14 -1 -1 31 -1 30 16 -1 -1 -1 -1 27 -1 -1 -1 -1 23 -1 9 -1 -1 -1 26 -1 -1 18 -1 17 -1 -1 -1 -1 -1 -1 19 -1 -1 -1 25 -1 -1 22 21 20 -1 -1 -1 -1 
-1 -1 2 3 4 -1 8 -1 -1 -1 -1 -1 -1 5 -1 -1 -1 -1 -1 -1 -1 -1 6 -1 7 -1 -1 11 -1 -1 1 28 -1 -1 24 15 -1 -1 12 -1 0 -1 14 -1 -1 31 -1 30 16 -1 -1 -1 -1 27 -1 -1 -1 -1 23 10 9 -1 -1 -1 26 -1 -1 18 -1 17 -1 -1 -1 -1 -1 -1 19 -1 -1 -1 25 -1 -1 22 21 20 -1 -1 -1 -1 
-1 -1 2 3 4 -1 8 -1 -1 -1 -1 -1 -1 5 -1 -1 -1 -1 -1 -1 -1 -1 6 -1 7 -1 -1 11 -1 -1 1 28 -1 -1 24 15 -1 -1 30 -1 0 -1 14 -1 -1 31 -1 -1 16 -1 -1 -1 -1 27 -1 -1 -1 -1 23 10 9 -1 -1 -1 26 -1 -1 18 -1 17 -1 -1 -1 -1 -1 -1 19 -1 -1 -1 25 -1 -1 22 21 20 -1 -1 -1 -1 
-1 -1 2 3 4 -1 8 -1 -1 -1 -1 -1 -1 5 -1 -1 -1 -1 -1 -1 -1 -1 6 -1 7 -1 -1 11 -1 -1 1 28 -1 -1 24 15 -1 -1 30 -1 -1 -1 14 -1 -1 31 -1 -1 16 0 -1 -1 -1 27 -1 -1 -1 -1 23 10 9 -1 -1 -1 26 -1 -1 18 -1 17 -1 -1 -1 -1 -1 -1 19 -1 -1 -1 25 -1 -1 22 21 20 -1 -1 -1 -1 
-1 -1 2 3 4 -1 8 -1 -1 -1 -1 -1 -1 5 -1 -1 -1 -1 -1 -1 -1 -1 6 -1 7 -1 -1 11 -1 -1 16 28 -1 -1 24 15 -1 -1 30 -1 -1 -1 14 -1 -1 31 -1 -1 -1 0 -1 -1 -1 27 -1 -1 -1 -1 23 10 9 -1 -1 -1 26 -1 -1 18 -1 17 -1 -1 -1 -1 -1 -1 19 -1 -1 -1 25 -1 -1 22 21 20 -1 -1 -1 -1 
-1 -1 2 3 4 -1 8 -1 -1 -1 -1 -1 -1 5 -1 -1 -1 -1 -1 -1 -1 -1 6 -1 7 -1 -1 11 -1 -1 16 28 -1 -1 24 15 -1 -1 30 -1 -1 -1 14 -1 -1 31 -1 -1 -1 0 -1 -1 -1 27 -1 -1 -1 -1 9 10 -1 -1 -1 -1 26 -1 -1 18 -1 17 -1 -1 -1 -1 -1 -1 19 -1 -1 -1 25 -1 -1 22 21 20 -1 -1 -1 -1 
-1 -1 2 3 4 -1 8 -1 -1 -1 -1 -1 -1 5 -1 -1 -1 -1 -1 -1 -1 -1 6 -1 7 -1 -1 11 -1 -1 16 28 -1 -1 24 15 -1 -1 30 -1 -1 -1 14 -1 -1 31 -1 -1 -1 0 -1 -1 -1 27 -1 -1 -1 -1 9 10 -1 -1 -1 -1 26 -1 -1 18 -1 17 -1 -1 -1 -1 -1 -1 19 -1 25 -1 -1 -1 -1 22 21 20 -1 -1 -1 -1 
-1 -1 2 3 4 -1 -1 8 -1 -1 -1 -1 -1 5 -1 -1 -1 -1 -1 -1 -1 -1 6 -1 7 -1 -1 11 -1 -1 16 28 -1 -1 24 15 -1 -1 30 -1 -1 -1 14 -1 -1 31 -1 -1 -1 0 -1 -1 -1 27 -1 -1 -1 -1 9 10 -1 -1 -1 -1 26 -1 -1 18 -1 17 -1 -1 -1 -1 -1 -1 19 -1 25 -1 -1 -1 -1 22 21 20 -1 -1 -1 -1 
-1 -1 2 3 4 -1 -1 24 -1 -1 -1 -1 -1 5 -1 -1 -1 -1 -1 -1 -1 -1 6 -1 7 -1 -1 11 -1 -1 16 28 -1 -1 -1 15 -1 -1 30 -1 -1 -1 14 -1 -1 31 -1 -1 -1 0 -1 -1 -1 27 -1 -1 -1 -1 9 10 -1 -1 -1 -1 26 -1 -1 18 -1 17 -1 -1 -1 -1 -1 -1 19 -1 25 -1 -1 -1 -1 22 21 20 -1 -1 -1 -1 
-1 -1 2 3 4 -1 -1 7 -1 -1 -1 -1 -1 5 -1 -1 -1 -1 -1 -1 -1 -1 6 -1 -1 -1 -1 11 -1 -1 16 28 -1 -1 -1 15 -1 -1 30 -1 -1 -1 14 -1 -1 31 -1 -1 -1 0 -1 -1 -1 27 -1 -1 -1 -1 9 10 -1 -1 -1 -1 26 -1 -1 18 -1 17 -1 -1 -1 -1 -1 -1 19 -1 25 -1 -1 -1 -1 22 21 20 -1 -1 -1 -1 
-1 -1 2 3 4 -1 -1 7 -1 -1 -1 -1 -1 5 -1 -1 -1 -1 -1 -1 -1 -1 6 -1 -1 -1 -1 11 -1 -1 -1 28 -1 -1 -1 15 -1 -1 30 16 -1 -1 14 -1 -1 31 -1 -1 -1 0 -1 -1 -1 27 -1 -1 -1 -1 9 10 -1 -1 -1 -1 26 -1 -1 18 -1 17 -1 -1 -1 -1 -1 -1 19 -1 25 -1 -1 -1 -1 22 21 20 -1 -1 -1 -1 
-1 -1 2 3 4 10 -1 7 -1 -1 -1 -1 -1 5 -1 -1 -1 -1 -1 -1 -1 -1 6 -1 -1 -1 -1 11 -1 -1 -1 28 -1 -1 -1 15 -1 -1 30 16 -1 -1 14 -1 -1 31 -1 -1 -1 0 -1 -1 -1 27 -1 -1 -1 -1 9 -1 -1 -1 -1 -1 26 -1 -1 18 -1 17 -1 -1 -1 -1 -1 -1 19 -1 25 -1 -1 -1 -1 22 21 20 -1 -1 -1 -1 
-1 -1 2 3 4 10 -1 7 -1 -1 -1 -1 -1 5 -1 -1 -1 -1 -1 -1 -1 -1 6 -1 -1 -1 -1 11 -1 -1 -1 28 -1 -1 -1 15 -1 -1 30 -1 -1 -1 14 -1 -1 31 -1 -1 -1 0 -1 -1 -1 27 -1 -1 -1 16 9 -1 -1 -1 -1 -1 26 -1 -1 18 -1 17 -1 -1 -1 -1 -1 -1 19 -1 25 -1 -1 -1 -1 22 21 20 -1 -1 -1 -1 
-1 -1 2 3 4 -1 10 7 -1 -1 -1 -1 -1 5 -1 -1 -1 -1 -1 -1 -1 -1 6 -1 -1 -1 -1 11 -1 -1 -1 28 -1 -1 -1 15 -1 -1 30 -1 -1 -1 14 -1 -1 31 -1 -1 -1 0 -1 -1 -1 27 -1 -1 -1 16 9 -1 -1 -1 -1 -1 26 -1 -1 18 -1 17 -1 -1 -1 -1 -1 -1 19 -1 25 -1 -1 -1 -1 22 21 20 -1 -1 -1 -1 
-1 -1 2 3 4 -1 10 7 -1 -1 -1 -1 -1 5 -1 -1 -1 -1 -1 -1 -1 -1 6 -1 -1 -1 -1 11 -1 -1 -1 28 -1 -1 -1 15 -1 -1 30 -1 -1 -1 14 -1 -1 31 -1 -1 -1 0 -1 -1 -1 27 -1 -1 -1 16 17 -1 -1 -1 -1 -1 26 -1 -1 18 -1 -1 -1 -1 -1 -1 -1 -1 19 -1 25 -1 -1 -1 -1 22 21 20 -1 -1 -1 -1 
-1 -1 2 3 4 -1 -1 7 -1 -1 -1 -1 -1 5 -1 -1 -1 -1 -1 -1 -1 -1 6 -1 -1 -1 -1 11 -1 -1 -1 28 -1 -1 -1 15 -1 -1 30 -1 -1 -1 14 -1 -1 31 -1 -1 -1 0 -1 -1 -1 27 -1 -1 -1 16 17 -1 -1 -1 -1 -1 26 -1 -1 18 -1 -1 -1 -1 -1 -1 -1 -1 19 -1 10 -1 -1 -1 -1 22 21 20 -1 -1 -1 -1 
-1 -1 2 3 4 -1 -1 7 -1 -1 -1 -1 -1 5 -1 -1 -1 -1 -1 -1 -1 -1 6 -1 -1 -1 -1 11 -1 -1 -1 28 -1 -1 -1 15 -1 -1 -1 30 -1 -1 14 -1 -1 31 -1 -1 -1 0 -1 -1 -1 27 -1 -1 -1 16 17 -1 -1 -1 -1 -1 26 -1 -1 18 -1 -1 -1 -1 -1 -1 -1 -1 19 -1 10 -1 -1 -1 -1 22 21 20 -1 -1 -1 -1 
-1 -1 2 3 4 -1 -1 7 -1 -1 -1 -1 -1 5 -1 -1 -1 -1 -1 -1 -1 -1 6 -1 -1 -1 -1 11 -1 -1 -1 28 -1 -1 -1 15 -1 -1 -1 30 -1 -1 14 -1 -1 31 -1 -1 -1 0 -1 -1 -1 27 -1 -1 -1 16 17 -1 -1 -1 -1 -1 26 -1 -1 18 -1 -1 -1 -1 -1 -1 -1 -1 19 -1 -1 10 -1 -1 -1 22 21 20 -1 -1 -1 -1 
-1 -1 2 3 4 -1 -1 7 -1 -1 -1 -1 -1 5 -1 -1 -1 -1 -1 -1 -1 -1 6 -1 -1 -1 -1 11 -1 -1 -1 28 -1 -1 -1 15 -1 -1 -1 30 -1 -1 14 -1 -1 31 -1 -1 -1 0 -1 -1 -1 27 -1 -1 16 -1 17 -1 -1 -1 -1 -1 26 -1 -1 18 -1 -1 -1 -1 -1 -1 -1 -1 19 -1 -1 10 -1 -1 -1 22 21 20 -1 -1 -1 -1 
-1 -1 2 3 4 -1 -1 7 -1 -1 -1 -1 -1 5 -1 -1 -1 -1 -1 -1 -1 -1 6 -1 -1 -1 -1 11 -1 -1 -1 28 -1 -1 -1 15 -1 -1 -1 30 -1 -1 14 -1 -1 31 -1 -1 -1 0 -1 -1 10 27 -1 -1 16 -1 17 -1 -1 -1 -1 -1 26 -1 -1 18 -1 -1 -1 -1 -1 -1 -1 -1 19 -1 -1 -1 -1 -1 -1 22 21 20 -1 -1 -1 -1 
-1 -1 2 3 4 -1 -1 7 -1 -1 -1 -1 -1 5 -1 -1 -1 -1 -1 -1 -1 -1 6 -1 -1 -1 -1 11 -1 -1 -1 28 -1 -1 -1 15 -1 -1 -1 30 -1 -1 14 -1 -1 31 -1 18 -1 0 -1 -1 10 27 -1 -1 16 -1 17 -1 -1 -1 -1 -1 26 -1 -1 -1 -1 -1 -1 -1 -1 -1 -1 -1 19 -1 -1 -1 -1 -1 -1 22 21 20 -1 -1 -1 -1 
-1 -1 2 3 4 -1 -1 -1 -1 -1 -1 -1 -1 5 -1 -1 -1 -1 -1 -1 -1 -1 6 -1 7 -1 -1 11 -1 -1 -1 28 -1 -1 -1 15 -1 -1 -1 30 -1 -1 14 -1 -1 31 -1 18 -1 0 -1 -1 10 27 -1 -1 16 -1 17 -1 -1 -1 -1 -1 26 -1 -1 -1 -1 -1 -1 -1 -1 -1 -1 -1 19 -1 -1 -1 -1 -1 -1 22 21 20 -1 -1 -1 -1 
-1 -1 2 3 4 -1 -1 -1 -1 -1 -1 -1 -1 5 -1 -1 -1 -1 -1 -1 -1 -1 6 -1 7 -1 -1 11 -1 -1 -1 28 -1 -1 -1 15 -1 -1 -1 30 -1 -1 14 -1 -1 31 26 18 -1 0 -1 -1 10 27 -1 -1 16 -1 17 -1 -1 -1 -1 -1 -1 -1 -1 -1 -1 -1 -1 -1 -1 -1 -1 -1 19 -1 -1 -1 -1 -1 -1 22 21 20 -1 -1 -1 -1 
-1 -1 2 3 4 -1 -1 -1 -1 -1 -1 -1 -1 5 -1 -1 -1 -1 -1 -1 -1 -1 6 -1 7 -1 -1 11 -1 -1 -1 28 -1 -1 -1 15 -1 -1 -1 30 -1 -1 14 -1 -1 31 26 18 -1 -1 -1 -1 10 27 -1 -1 16 -1 0 -1 -1 -1 -1 -1 -1 -1 -1 -1 -1 -1 -1 -1 -1 -1 -1 -1 19 -1 -1 -1 -1 -1 -1 22 21 20 -1 -1 -1 -1 
-1 -1 2 3 4 -1 -1 -1 -1 -1 -1 -1 -1 5 -1 -1 -1 -1 -1 -1 -1 -1 6 -1 7 -1 -1 11 -1 -1 -1 28 -1 -1 -1 15 -1 -1 -1 30 -1 -1 14 -1 -1 31 26 18 -1 -1 -1 -1 10 27 -1 -1 -1 -1 16 -1 -1 -1 -1 -1 -1 -1 -1 -1 -1 -1 -1 -1 -1 -1 -1 -1 19 -1 -1 -1 -1 -1 -1 22 21 20 -1 -1 -1 -1 
-1 -1 2 3 4 -1 -1 -1 -1 -1 -1 -1 -1 5 -1 -1 -1 -1 -1 -1 -1 -1 6 -1 7 -1 -1 11 -1 -1 -1 28 -1 -1 -1 15 -1 -1 -1 30 -1 -1 14 -1 -1 31 10 18 -1 -1 -1 -1 -1 27 -1 -1 -1 -1 16 -1 -1 -1 -1 -1 -1 -1 -1 -1 -1 -1 -1 -1 -1 -1 -1 -1 19 -1 -1 -1 -1 -1 -1 22 21 20 -1 -1 -1 -1 
-1 -1 2 3 4 -1 -1 -1 -1 -1 -1 -1 -1 5 -1 -1 -1 -1 -1 -1 -1 -1 6 -1 7 -1 -1 11 -1 -1 -1 28 -1 -1 -1 15 -1 -1 -1 30 -1 -1 14 -1 27 31 10 18 -1 -1 -1 -1 -1 -1 -1 -1 -1 -1 16 -1 -1 -1 -1 -1 -1 -1 -1 -1 -1 -1 -1 -1 -1 -1 -1 -1 19 -1 -1 -1 -1 -1 -1 22 21 20 -1 -1 -1 -1 
-1 -1 2 3 4 -1 -1 -1 -1 -1 -1 -1 -1 5 -1 -1 -1 -1 -1 10 -1 -1 6 -1 7 -1 -1 11 -1 -1 -1 28 -1 -1 -1 15 -1 -1 -1 30 -1 -1 14 -1 27 31 -1 18 -1 -1 -1 -1 -1 -1 -1 -1 -1 -1 16 -1 -1 -1 -1 -1 -1 -1 -1 -1 -1 -1 -1 -1 -1 -1 -1 -1 19 -1 -1 -1 -1 -1 -1 22 21 20 -1 -1 -1 -1 
-1 -1 2 3 4 -1 -1 -1 -1 -1 -1 -1 -1 5 -1 -1 -1 -1 -1 10 -1 -1 6 -1 7 -1 -1 11 -1 -1 -1 28 -1 -1 -1 27 -1 -1 -1 30 -1 -1 14 -1 -1 31 -1 18 -1 -1 -1 -1 -1 -1 -1 -1 -1 -1 16 -1 -1 -1 -1 -1 -1 -1 -1 -1 -1 -1 -1 -1 -1 -1 -1 -1 19 -1 -1 -1 -1 -1 -1 22 21 20 -1 -1 -1 -1 
-1 -1 2 3 4 -1 -1 -1 -1 -1 -1 -1 -1 5 -1 -1 -1 -1 -1 10 -1 -1 6 -1 -1 -1 -1 11 -1 -1 -1 28 -1 -1 -1 7 -1 -1 -1 30 -1 -1 14 -1 -1 31 -1 18 -1 -1 -1 -1 -1 -1 -1 -1 -1 -1 16 -1 -1 -1 -1 -1 -1 -1 -1 -1 -1 -1 -1 -1 -1 -1 -1 -1 19 -1 -1 -1 -1 -1 -1 22 21 20 -1 -1 -1 -1 
-1 -1 2 3 4 -1 -1 -1 -1 -1 -1 -1 -1 5 -1 -1 -1 -1 -1 10 -1 -1 6 -1 -1 -1 -1 11 -1 -1 -1 16 -1 -1 -1 7 -1 -1 -1 30 -1 -1 14 -1 -1 31 -1 18 -1 -1 -1 -1 -1 -1 -1 -1 -1 -1 -1 -1 -1 -1 -1 -1 -1 -1 -1 -1 -1 -1 -1 -1 -1 -1 -1 -1 19 -1 -1 -1 -1 -1 -1 22 21 20 -1 -1 -1 -1 
-1 -1 2 3 4 -1 -1 -1 -1 -1 -1 -1 -1 5 -1 -1 -1 -1 -1 10 -1 -1 6 -1 -1 -1 -1 11 -1 -1 -1 16 -1 -1 -1 -1 -1 -1 -1 30 -1 -1 14 -1 -1 31 -1 18 -1 -1 -1 -1 7 -1 -1 -1 -1 -1 -1 -1 -1 -1 -1 -1 -1 -1 -1 -1 -1 -1 -1 -1 -1 -1 -1 -1 19 -1 -1 -1 -1 -1 -1 22 21 20 -1 -1 -1 -1 
-1 -1 2 3 4 -1 -1 -1 -1 -1 -1 -1 -1 5 -1 -1 -1 -1 -1 10 -1 -1 6 -1 -1 -1 -1 16 -1 -1 -1 -1 -1 -1 -1 -1 -1 -1 -1 30 -1 -1 14 -1 -1 31 -1 18 -1 -1 -1 -1 7 -1 -1 -1 -1 -1 -1 -1 -1 -1 -1 -1 -1 -1 -1 -1 -1 -1 -1 -1 -1 -1 -1 -1 19 -1 -1 -1 -1 -1 -1 22 21 20 -1 -1 -1 -1 
-1 -1 2 3 4 -1 -1 -1 -1 -1 -1 -1 -1 5 -1 -1 -1 -1 -1 10 -1 -1 6 -1 -1 -1 -1 16 -1 -1 -1 -1 -1 -1 -1 -1 -1 -1 -1 30 -1 7 14 -1 -1 31 -1 18 -1 -1 -1 -1 -1 -1 -1 -1 -1 -1 -1 -1 -1 -1 -1 -1 -1 -1 -1 -1 -1 -1 -1 -1 -1 -1 -1 -1 19 -1 -1 -1 -1 -1 -1 22 21 20 -1 -1 -1 -1 
-1 -1 2 3 4 -1 -1 -1 -1 -1 -1 -1 -1 5 -1 -1 -1 -1 -1 10 -1 -1 6 -1 -1 -1 -1 -1 16 -1 -1 -1 -1 -1 -1 -1 -1 -1 -1 30 -1 7 14 -1 -1 31 -1 18 -1 -1 -1 -1 -1 -1 -1 -1 -1 -1 -1 -1 -1 -1 -1 -1 -1 -1 -1 -1 -1 -1 -1 -1 -1 -1 -1 -1 19 -1 -1 -1 -1 -1 -1 22 21 20 -1 -1 -1 -1 
-1 -1 2 3 4 -1 -1 -1 -1 -1 -1 -1 -1 5 -1 -1 -1 -1 -1 -1 10 -1 6 -1 -1 -1 -1 -1 16 -1 -1 -1 -1 -1 -1 -1 -1 -1 -1 30 -1 7 14 -1 -1 31 -1 18 -1 -1 -1 -1 -1 -1 -1 -1 -1 -1 -1 -1 -1 -1 -1 -1 -1 -1 -1 -1 -1 -1 -1 -1 -1 -1 -1 -1 19 -1 -1 -1 -1 -1 -1 22 21 20 -1 -1 -1 -1 
-1 -1 2 3 4 -1 -1 -1 -1 -1 -1 -1 -1 5 -1 -1 -1 -1 -1 -1 10 -1 6 -1 -1 -1 -1 -1 16 -1 -1 18 -1 -1 -1 -1 -1 -1 -1 30 -1 7 14 -1 -1 31 -1 -1 -1 -1 -1 -1 -1 -1 -1 -1 -1 -1 -1 -1 -1 -1 -1 -1 -1 -1 -1 -1 -1 -1 -1 -1 -1 -1 -1 -1 19 -1 -1 -1 -1 -1 -1 22 21 20 -1 -1 -1 -1 
-1 -1 2 3 4 -1 -1 -1 -1 -1 -1 -1 -1 5 -1 -1 -1 -1 -1 -1 10 -1 6 -1 -1 -1 -1 -1 16 -1 -1 18 -1 -1 -1 -1 -1 -1 -1 30 -1 -1 14 -1 -1 31 -1 -1 -1 -1 -1 -1 -1 -1 -1 -1 -1 -1 7 -1 -1 -1 -1 -1 -1 -1 -1 -1 -1 -1 -1 -1 -1 -1 -1 -1 19 -1 -1 -1 -1 -1 -1 22 21 20 -1 -1 -1 -1 
-1 -1 2 3 4 -1 -1 -1 -1 -1 -1 -1 -1 5 -1 -1 -1 -1 -1 -1 10 -1 6 -1 -1 -1 -1 -1 16 -1 -1 18 -1 -1 -1 -1 -1 -1 -1 -1 30 -1 14 -1 -1 31 -1 -1 -1 -1 -1 -1 -1 -1 -1 -1 -1 -1 7 -1 -1 -1 -1 -1 -1 -1 -1 -1 -1 -1 -1 -1 -1 -1 -1 -1 19 -1 -1 -1 -1 -1 -1 22 21 20 -1 -1 -1 -1 
-1 -1 2 3 4 -1 -1 -1 -1 -1 -1 -1 -1 5 -1 -1 -1 -1 -1 -1 10 -1 6 -1 -1 -1 -1 -1 16 -1 -1 18 -1 -1 -1 -1 -1 -1 -1 -1 30 -1 14 -1 -1 31 -1 -1 -1 -1 -1 -1 -1 -1 -1 -1 -1 -1 -1 -1 -1 -1 -1 -1 -1 -1 -1 -1 -1 7 -1 -1 -1 -1 -1 -1 19 -1 -1 -1 -1 -1 -1 22 21 20 -1 -1 -1 -1 
-1 -1 2 3 4 -1 -1 -1 -1 -1 -1 -1 -1 5 -1 -1 -1 -1 -1 -1 10 -1 6 -1 -1 -1 -1 -1 -1 -1 -1 18 16 -1 -1 -1 -1 -1 -1 -1 30 -1 14 -1 -1 31 -1 -1 -1 -1 -1 -1 -1 -1 -1 -1 -1 -1 -1 -1 -1 -1 -1 -1 -1 -1 -1 -1 -1 7 -1 -1 -1 -1 -1 -1 19 -1 -1 -1 -1 -1 -1 22 21 20 -1 -1 -1 -1 
-1 -1 2 3 4 -1 -1 -1 -1 -1 -1 -1 -1 5 -1 -1 -1 -1 -1 -1 10 -1 6 -1 -1 -1 -1 -1 -1 -1 -1 18 16 -1 -1 -1 -1 -1 -1 -1 30 -1 14 -1 -1 31 -1 -1 -1 -1 -1 -1 -1 -1 -1 -1 -1 -1 -1 -1 -1 -1 7 -1 -1 -1 -1 -1 -1 -1 -1 -1 -1 -1 -1 -1 19 -1 -1 -1 -1 -1 -1 22 21 20 -1 -1 -1 -1 
-1 -1 2 3 4 -1 -1 -1 -1 -1 -1 -1 -1 5 -1 -1 -1 -1 -1 -1 10 -1 6 -1 -1 -1 -1 -1 -1 -1 -1 18 16 -1 -1 -1 31 -1 -1 -1 30 -1 14 -1 -1 -1 -1 -1 -1 -1 -1 -1 -1 -1 -1 -1 -1 -1 -1 -1 -1 -1 7 -1 -1 -1 -1 -1 -1 -1 -1 -1 -1 -1 -1 -1 19 -1 -1 -1 -1 -1 -1 22 21 20 -1 -1 -1 -1 
-1 -1 2 3 4 -1 -1 -1 -1 -1 -1 -1 -1 5 -1 -1 -1 -1 -1 -1 10 -1 6 -1 -1 -1 -1 -1 -1 -1 -1 18 16 -1 -1 -1 31 -1 -1 -1 30 -1 14 7 -1 -1 -1 -1 -1 -1 -1 -1 -1 -1 -1 -1 -1 -1 -1 -1 -1 -1 -1 -1 -1 -1 -1 -1 -1 -1 -1 -1 -1 -1 -1 -1 19 -1 -1 -1 -1 -1 -1 22 21 20 -1 -1 -1 -1 
-1 -1 2 3 4 -1 -1 -1 -1 -1 -1 -1 -1 5 -1 -1 -1 -1 -1 -1 10 -1 6 -1 -1 -1 -1 -1 -1 -1 -1 18 -1 -1 16 -1 31 -1 -1 -1 30 -1 14 7 -1 -1 -1 -1 -1 -1 -1 -1 -1 -1 -1 -1 -1 -1 -1 -1 -1 -1 -1 -1 -1 -1 -1 -1 -1 -1 -1 -1 -1 -1 -1 -1 19 -1 -1 -1 -1 -1 -1 22 21 20 -1 -1 -1 -1 
-1 -1 2 3 4 -1 -1 -1 -1 -1 -1 -1 -1 5 -1 -1 -1 -1 -1 -1 10 -1 6 -1 -1 -1 -1 -1 -1 -1 -1 18 -1 -1 16 -1 31 -1 -1 -1 30 -1 14 -1 -1 -1 -1 -1 -1 -1 -1 -1 -1 -1 -1 -1 -1 -1 -1 -1 7 -1 -1 -1 -1 -1 -1 -1 -1 -1 -1 -1 -1 -1 -1 -1 19 -1 -1 -1 -1 -1 -1 22 21 20 -1 -1 -1 -1 
-1 -1 2 3 4 -1 -1 16 -1 -1 -1 -1 -1 5 -1 -1 -1 -1 -1 -1 10 -1 6 -1 -1 -1 -1 -1 -1 -1 -1 18 -1 -1 -1 -1 31 -1 -1 -1 30 -1 14 -1 -1 -1 -1 -1 -1 -1 -1 -1 -1 -1 -1 -1 -1 -1 -1 -1 7 -1 -1 -1 -1 -1 -1 -1 -1 -1 -1 -1 -1 -1 -1 -1 19 -1 -1 -1 -1 -1 -1 22 21 20 -1 -1 -1 -1 
-1 -1 2 3 4 5 -1 16 -1 -1 -1 -1 -1 -1 -1 -1 -1 -1 -1 -1 10 -1 6 -1 -1 -1 -1 -1 -1 -1 -1 18 -1 -1 -1 -1 31 -1 -1 -1 30 -1 14 -1 -1 -1 -1 -1 -1 -1 -1 -1 -1 -1 -1 -1 -1 -1 -1 -1 7 -1 -1 -1 -1 -1 -1 -1 -1 -1 -1 -1 -1 -1 -1 -1 19 -1 -1 -1 -1 -1 -1 22 21 20 -1 -1 -1 -1 
-1 -1 2 3 4 5 -1 -1 -1 -1 -1 -1 -1 -1 -1 -1 -1 -1 -1 -1 10 -1 6 -1 -1 -1 -1 -1 -1 -1 -1 18 -1 -1 -1 -1 31 -1 -1 -1 30 -1 14 -1 -1 -1 -1 -1 -1 -1 -1 -1 -1 -1 -1 -1 -1 -1 -1 -1 7 16 -1 -1 -1 -1 -1 -1 -1 -1 -1 -1 -1 -1 -1 -1 19 -1 -1 -1 -1 -1 -1 22 21 20 -1 -1 -1 -1 
-1 -1 2 3 4 5 -1 -1 -1 -1 -1 -1 -1 -1 -1 -1 -1 -1 -1 -1 10 -1 6 -1 -1 -1 -1 -1 -1 -1 -1 18 -1 -1 -1 -1 31 -1 -1 -1 30 -1 14 -1 -1 -1 -1 -1 -1 7 -1 -1 -1 -1 -1 -1 -1 -1 -1 -1 -1 16 -1 -1 -1 -1 -1 -1 -1 -1 -1 -1 -1 -1 -1 -1 19 -1 -1 -1 -1 -1 -1 22 21 20 -1 -1 -1 -1 
-1 -1 2 3 4 5 -1 -1 -1 -1 -1 -1 -1 -1 -1 -1 -1 -1 -1 -1 10 -1 6 -1 -1 -1 -1 -1 -1 -1 -1 18 -1 -1 -1 -1 31 -1 -1 -1 30 -1 14 -1 -1 -1 -1 -1 -1 7 -1 -1 -1 -1 -1 -1 -1 -1 16 -1 -1 -1 -1 -1 -1 -1 -1 -1 -1 -1 -1 -1 -1 -1 -1 -1 19 -1 -1 -1 -1 -1 -1 22 21 20 -1 -1 -1 -1 
-1 -1 2 3 4 5 -1 -1 -1 -1 -1 -1 -1 -1 -1 -1 -1 -1 -1 -1 10 -1 6 -1 -1 -1 -1 -1 -1 -1 -1 18 -1 -1 -1 -1 31 -1 7 -1 30 -1 14 -1 -1 -1 -1 -1 -1 -1 -1 -1 -1 -1 -1 -1 -1 -1 16 -1 -1 -1 -1 -1 -1 -1 -1 -1 -1 -1 -1 -1 -1 -1 -1 -1 19 -1 -1 -1 -1 -1 -1 22 21 20 -1 -1 -1 -1 
-1 -1 2 3 4 5 -1 -1 -1 -1 -1 -1 -1 -1 -1 -1 -1 -1 -1 -1 10 -1 6 -1 -1 -1 -1 -1 -1 -1 -1 18 -1 -1 -1 -1 -1 31 7 -1 30 -1 14 -1 -1 -1 -1 -1 -1 -1 -1 -1 -1 -1 -1 -1 -1 -1 16 -1 -1 -1 -1 -1 -1 -1 -1 -1 -1 -1 -1 -1 -1 -1 -1 -1 19 -1 -1 -1 -1 -1 -1 22 21 20 -1 -1 -1 -1 
-1 -1 2 3 4 5 -1 -1 -1 -1 -1 10 -1 -1 -1 -1 -1 -1 -1 -1 -1 -1 6 -1 -1 -1 -1 -1 -1 -1 -1 18 -1 -1 -1 -1 -1 31 7 -1 30 -1 14 -1 -1 -1 -1 -1 -1 -1 -1 -1 -1 -1 -1 -1 -1 -1 16 -1 -1 -1 -1 -1 -1 -1 -1 -1 -1 -1 -1 -1 -1 -1 -1 -1 19 -1 -1 -1 -1 -1 -1 22 21 20 -1 -1 -1 -1 
-1 -1 2 3 4 5 -1 -1 -1 -1 -1 10 -1 -1 -1 -1 -1 -1 -1 -1 -1 -1 6 -1 -1 -1 -1 -1 -1 -1 -1 18 -1 -1 -1 -1 -1 31 7 29 -1 -1 14 -1 -1 -1 -1 -1 -1 -1 -1 -1 -1 -1 -1 -1 -1 -1 16 -1 -1 -1 -1 -1 -1 -1 -1 -1 -1 -1 -1 -1 -1 -1 -1 -1 19 -1 -1 -1 -1 -1 -1 22 21 20 -1 -1 -1 -1 
-1 -1 2 3 4 5 -1 -1 -1 -1 -1 10 -1 -1 -1 -1 -1 -1 -1 -1 -1 7 6 -1 -1 -1 -1 -1 -1 -1 -1 18 -1 -1 -1 -1 -1 31 -1 29 -1 -1 14 -1 -1 -1 -1 -1 -1 -1 -1 -1 -1 -1 -1 -1 -1 -1 16 -1 -1 -1 -1 -1 -1 -1 -1 -1 -1 -1 -1 -1 -1 -1 -1 -1 19 -1 -1 -1 -1 -1 -1 22 21 20 -1 -1 -1 -1 
-1 -1 2 3 4 5 -1 -1 -1 -1 -1 10 -1 -1 -1 -1 -1 -1 -1 -1 -1 7 6 -1 -1 -1 -1 -1 -1 -1 29 18 -1 -1 -1 -1 -1 31 -1 -1 -1 -1 14 -1 -1 -1 -1 -1 -1 -1 -1 -1 -1 -1 -1 -1 -1 -1 16 -1 -1 -1 -1 -1 -1 -1 -1 -1 -1 -1 -1 -1 -1 -1 -1 -1 19 -1 -1 -1 -1 -1 -1 22 21 20 -1 -1 -1 -1 
-1 -1 2 3 4 -1 -1 -1 -1 -1 -1 10 -1 5 -1 -1 -1 -1 -1 -1 -1 7 6 -1 -1 -1 -1 -1 -1 -1 29 18 -1 -1 -1 -1 -1 31 -1 -1 -1 -1 14 -1 -1 -1 -1 -1 -1 -1 -1 -1 -1 -1 -1 -1 -1 -1 16 -1 -1 -1 -1 -1 -1 -1 -1 -1 -1 -1 -1 -1 -1 -1 -1 -1 19 -1 -1 -1 -1 -1 -1 22 21 20 -1 -1 -1 -1 
-1 -1 2 3 4 -1 -1 -1 -1 -1 -1 10 -1 5 -1 -1 -1 -1 -1 -1 -1 7 6 -1 -1 -1 -1 -1 -1 -1 29 18 -1 -1 -1 -1 -1 31 -1 -1 -1 -1 14 -1 -1 -1 -1 -1 -1 -1 -1 -1 -1 -1 -1 -1 -1 -1 16 -1 -1 -1 -1 -1 -1 -1 -1 -1 -1 -1 -1 -1 -1 -1 -1 -1 19 -1 -1 -1 -1 -1 -1 22 21 -1 20 -1 -1 -1 
-1 -1 2 3 4 -1 -1 -1 -1 10 -1 -1 -1 5 -1 -1 -1 -1 -1 -1 -1 7 6 -1 -1 -1 -1 -1 -1 -1 29 18 -1 -1 -1 -1 -1 31 -1 -1 -1 -1 14 -1 -1 -1 -1 -1 -1 -1 -1 -1 -1 -1 -1 -1 -1 -1 16 -1 -1 -1 -1 -1 -1 -1 -1 -1 -1 -1 -1 -1 -1 -1 -1 -1 19 -1 -1 -1 -1 -1 -1 22 21 -1 20 -1 -1 -1 
-1 -1 2 3 4 -1 -1 -1 -1 10 -1 -1 -1 5 -1 -1 -1 -1 -1 -1 -1 7 6 -1 -1 -1 -1 -1 -1 -1 29 18 -1 -1 -1 -1 -1 31 -1 -1 -1 -1 14 -1 -1 -1 -1 -1 -1 -1 -1 -1 -1 -1 -1 -1 -1 -1 -1 16 -1 -1 -1 -1 -1 -1 -1 -1 -1 -1 -1 -1 -1 -1 -1 -1 19 -1 -1 -1 -1 -1 -1 22 21 -1 20 -1 -1 -1 
