0 1 2 3 4 5 6 7 8 -1 -1 -1 -1 -1 -1 -1 -1 -1 -1 9 -1 -1 -1 -1 -1 10 -1 11 -1 12 -1 28 -1 14 -1 15 -1 -1 -1 -1 -1 -1 -1 -1 -1 -1 -1 30 -1 -1 -1 -1 -1 -1 -1 -1 -1 -1 29 -1 -1 -1 27 -1 26 -1 -1 -1 -1 -1 25 -1 -1 -1 -1 -1 -1 -1 -1 -1 -1 24 23 22 21 20 19 18 17 16 
0 1 2 3 4 5 6 7 8 -1 -1 -1 -1 -1 -1 -1 -1 -1 -1 9 -1 -1 -1 -1 -1 10 -1 11 -1 12 -1 28 -1 -1 -1 15 -1 -1 -1 -1 -1 -1 14 -1 -1 -1 -1 30 -1 -1 -1 -1 -1 -1 -1 -1 -1 -1 29 -1 -1 -1 27 -1 26 -1 -1 -1 -1 -1 25 -1 -1 -1 -1 -1 -1 -1 -1 -1 -1 24 23 22 21 20 19 18 17 16 
0 1 2 3 4 5 6 7 8 -1 -1 -1 -1 -1 -1 -1 -1 -1 -1 9 -1 -1 -1 -1 -1 10 -1 11 -1 12 -1 28 -1 -1 -1 15 -1 -1 -1 -1 -1 -1 14 -1 -1 -1 -1 30 -1 -1 -1 -1 -1 -1 -1 -1 -1 -1 29 -1 -1 -1 27 -1 26 23 -1 -1 -1 -1 25 -1 -1 -1 -1 -1 -1 -1 -1 -1 -1 24 -1 22 21 20 19 18 17 16 
0 1 2 3 4 5 6 -1 8 -1 -1 -1 -1 -1 -1 -1 -1 -1 -1 9 -1 -1 -1 -1 7 10 -1 11 -1 12 -1 28 -1 -1 -1 15 -1 -1 -1 -1 -1 -1 14 -1 -1 -1 -1 30 -1 -1 -1 -1 -1 -1 -1 -1 -1 -1 29 -1 -1 -1 27 -1 26 23 -1 -1 -1 -1 25 -1 -1 -1 -1 -1 -1 -1 -1 -1 -1 24 -1 22 21 20 19 18 17 16 
0 1 2 3 4 5 6 -1 8 -1 -1 -1 -1 -1 -1 -1 -1 -1 -1 9 -1 -1 -1 -1 7 10 -1 11 -1 12 -1 28 -1 -1 -1 15 -1 -1 -1 -1 -1 -1 14 -1 -1 -1 -1 30 -1 -1 -1 -1 -1 -1 -1 -1 -1 -1 29 -1 -1 -1 27 26 -1 23 -1 -1 -1 -1 25 -1 -1 -1 -1 -1 -1 -1 -1 -1 -1 24 -1 22 21 20 19 18 17 16 
0 -1 2 3 4 5 6 -1 8 -1 -1 -1 -1 -1 -1 -1 -1 -1 -1 9 1 -1 -1 -1 7 10 -1 11 -1 12 -1 28 -1 -1 -1 15 -1 -1 -1 -1 -1 -1 14 -1 -1 -1 -1 30 -1 -1 -1 -1 -1 -1 -1 -1 -1 -1 29 -1 -1 -1 27 26 -1 23 -1 -1 -1 -1 25 -1 -1 -1 -1 -1 -1 -1 -1 -1 -1 24 -1 22 21 20 19 18 17 16 
0 -1 2 3 4 5 6 -1 8 -1 -1 -1 -1 -1 -1 -1 -1 -1 -1 9 1 -1 -1 -1 7 10 -1 11 -1 12 -1 28 -1 -1 -1 15 -1 -1 -1 -1 -1 -1 14 -1 -1 -1 -1 30 -1 -1 -1 -1 -1 -1 -1 -1 -1 -1 29 -1 -1 -1 27 26 -1 23 -1 -1 -1 -1 25 -1 -1 -1 -1 -1 -1 -1 -1 -1 -1 -1 24 22 21 20 19 18 17 16 
-1 0 2 3 4 5 6 -1 8 -1 -1 -1 -1 -1 -1 -1 -1 -1 -1 9 1 -1 -1 -1 7 10 -1 11 -1 12 -1 28 -1 -1 -1 15 -1 -1 -1 -1 -1 -1 14 -1 -1 -1 -1 30 -1 -1 -1 -1 -1 -1 -1 -1 -1 -1 29 -1 -1 -1 27 26 -1 23 -1 -1 -1 -1 25 -1 -1 -1 -1 -1 -1 -1 -1 -1 -1 -1 24 22 21 20 19 18 17 16 
-1 0 2 3 4 5 6 -1 8 -1 -1 -1 -1 -1 -1 -1 -1 -1 -1 9 1 -1 -1 -1 7 10 -1 11 -1 12 -1 28 -1 -1 -1 15 -1 -1 -1 -1 -1 -1 14 -1 -1 -1 -1 30 -1 -1 -1 -1 -1 -1 -1 -1 -1 -1 29 -1 -1 -1 27 26 -1 23 25 -1 -1 -1 -1 -1 -1 -1 -1 -1 -1 -1 -1 -1 -1 -1 24 22 21 20 19 18 17 16 
-1 0 2 3 4 5 6 -1 8 -1 -1 -1 -1 -1 -1 -1 -1 -1 -1 -1 1 -1 -1 -1 7 10 -1 11 -1 12 -1 28 -1 -1 -1 15 -1 9 -1 -1 -1 -1 14 -1 -1 -1 -1 30 -1 -1 -1 -1 -1 -1 -1 -1 -1 -1 29 -1 -1 -1 27 26 -1 23 25 -1 -1 -1 -1 -1 -1 -1 -1 -1 -1 -1 -1 -1 -1 -1 24 22 21 20 19 18 17 16 
-1 0 2 3 4 5 6 -1 8 -1 -1 -1 -1 -1 -1 -1 -1 -1 -1 -1 1 -1 -1 -1 7 10 -1 11 -1 12 -1 28 -1 -1 -1 15 -1 9 -1 -1 -1 -1 14 -1 -1 -1 -1 30 -1 -1 -1 -1 -1 -1 -1 -1 -1 -1 29 -1 -1 -1 27 26 -1 23 25 -1 -1 17 -1 -1 -1 -1 -1 -1 -1 -1 -1 -1 -1 -1 24 22 21 20 19 18 -1 16 
-1 0 2 3 4 5 6 -1 -1 -1 -1 -1 -1 -1 -1 -1 -1 8 -1 -1 1 -1 -1 -1 7 10 -1 11 -1 12 -1 28 -1 -1 -1 15 -1 9 -1 -1 -1 -1 14 -1 -1 -1 -1 30 -1 -1 -1 -1 -1 -1 -1 -1 -1 -1 29 -1 -1 -1 27 26 -1 23 25 -1 -1 17 -1 -1 -1 -1 -1 -1 -1 -1 -1 -1 -1 -1 24 22 21 20 19 18 -1 16 
-1 0 2 3 4 5 6 -1 -1 -1 -1 -1 -1 -1 -1 -1 -1 8 -1 -1 1 -1 -1 -1 7 10 -1 11 -1 12 -1 28 -1 -1 -1 15 -1 9 -1 -1 -1 -1 14 -1 -1 -1 -1 30 -1 -1 -1 -1 -1 -1 -1 -1 -1 -1 29 -1 -1 -1 27 26 -1 23 25 -1 -1 17 -1 -1 -1 -1 -1 -1 19 -1 -1 -1 -1 -1 24 22 21 20 -1 18 -1 16 
-1 0 2 3 4 5 6 -1 -1 -1 -1 -1 8 -1 -1 -1 -1 -1 -1 -1 1 -1 -1 -1 7 10 -1 11 -1 12 -1 28 -1 -1 -1 15 -1 9 -1 -1 -1 -1 14 -1 -1 -1 -1 30 -1 -1 -1 -1 -1 -1 -1 -1 -1 -1 29 -1 -1 -1 27 26 -1 23 25 -1 -1 17 -1 -1 -1 -1 -1 -1 19 -1 -1 -1 -1 -1 24 22 21 20 -1 18 -1 16 
-1 0 2 3 4 5 6 -1 -1 -1 -1 -1 8 -1 -1 -1 -1 -1 -1 -1 1 -1 -1 -1 7 10 -1 11 -1 12 -1 28 -1 -1 -1 15 -1 9 30 -1 -1 -1 14 -1 -1 -1 -1 -1 -1 -1 -1 -1 -1 -1 -1 -1 -1 -1 29 -1 -1 -1 27 26 -1 23 25 -1 -1 17 -1 -1 -1 -1 -1 -1 19 -1 -1 -1 -1 -1 24 22 21 20 -1 18 -1 16 
-1 0 2 3 4 5 6 -1 -1 -1 -1 -1 8 -1 -1 -1 -1 -1 -1 -1 1 -1 -1 -1 7 10 -1 11 -1 -1 -1 28 -1 -1 -1 15 -1 9 12 -1 -1 -1 14 -1 -1 -1 -1 -1 -1 -1 -1 -1 -1 -1 -1 -1 -1 -1 29 -1 -1 -1 27 26 -1 23 25 -1 -1 17 -1 -1 -1 -1 -1 -1 19 -1 -1 -1 -1 -1 24 22 21 20 -1 18 -1 16 
-1 0 2 3 4 5 6 -1 -1 -1 -1 -1 8 -1 -1 -1 -1 -1 -1 -1 1 -1 -1 -1 7 10 -1 11 -1 -1 -1 28 -1 -1 -1 15 -1 9 12 -1 -1 -1 14 -1 -1 -1 -1 -1 -1 -1 -1 -1 -1 -1 -1 -1 -1 -1 29 -1 -1 -1 27 26 -1 23 25 -1 -1 17 -1 -1 -1 -1 -1 -1 19 -1 -1 -1 -1 -1 24 22 21 20 -1 18 16 -1 
-1 0 2 3 4 5 6 -1 -1 -1 -1 -1 8 -1 -1 -1 -1 -1 -1 -1 1 -1 -1 -1 7 -1 10 11 -1 -1 -1 28 -1 -1 -1 15 -1 9 12 -1 -1 -1 14 -1 -1 -1 -1 -1 -1 -1 -1 -1 -1 -1 -1 -1 -1 -1 29 -1 -1 -1 27 26 -1 23 25 -1 -1 17 -1 -1 -1 -1 -1 -1 19 -1 -1 -1 -1 -1 24 22 21 20 -1 18 16 -1 
-1 0 2 3 4 5 6 -1 -1 -1 -1 -1 8 -1 -1 -1 -1 -1 -1 -1 1 -1 -1 -1 7 16 10 11 -1 -1 -1 28 -1 -1 -1 15 -1 9 12 -1 -1 -1 14 -1 -1 -1 -1 -1 -1 -1 -1 -1 -1 -1 -1 -1 -1 -1 29 -1 -1 -1 27 26 -1 23 25 -1 -1 17 -1 -1 -1 -1 -1 -1 19 -1 -1 -1 -1 -1 24 22 21 20 -1 18 -1 -1 
-1 0 2 3 4 5 6 -1 -1 -1 -1 -1 8 -1 -1 -1 -1 -1 -1 9 1 -1 -1 -1 7 16 10 11 -1 -1 -1 28 -1 -1 -1 15 -1 -1 12 -1 -1 -1 14 -1 -1 -1 -1 -1 -1 -1 -1 -1 -1 -1 -1 -1 -1 -1 29 -1 -1 -1 27 26 -1 23 25 -1 -1 17 -1 -1 -1 -1 -1 -1 19 -1 -1 -1 -1 -1 24 22 21 20 -1 18 -1 -1 
-1 0 2 3 4 5 6 -1 -1 -1 -1 -1 8 -1 -1 -1 -1 -1 -1 9 1 -1 -1 -1 7 16 10 11 -1 -1 -1 28 -1 -1 -1 15 -1 -1 12 -1 -1 -1 14 -1 -1 -1 24 -1 -1 -1 -1 -1 -1 -1 -1 -1 -1 -1 29 -1 -1 -1 27 26 -1 23 25 -1 -1 17 -1 -1 -1 -1 -1 -1 19 -1 -1 -1 -1 -1 -1 22 21 20 -1 18 -1 -1 
-1 0 2 3 4 5 6 -1 -1 -1 8 -1 -1 -1 -1 -1 -1 -1 -1 9 1 -1 -1 -1 7 16 10 11 -1 -1 -1 28 -1 -1 -1 15 -1 -1 12 -1 -1 -1 14 -1 -1 -1 24 -1 -1 -1 -1 -1 -1 -1 -1 -1 -1 -1 29 -1 -1 -1 27 26 -1 23 25 -1 -1 17 -1 -1 -1 -1 -1 -1 19 -1 -1 -1 -1 -1 -1 22 21 20 -1 18 -1 -1 
-1 0 2 3 4 5 6 -1 -1 -1 8 -1 -1 -1 -1 -1 -1 -1 -1 9 1 -1 -1 -1 7 -1 10 11 -1 -1 -1 28 -1 -1 -1 15 -1 -1 12 -1 -1 -1 14 -1 -1 -1 24 -1 -1 -1 -1 -1 16 -1 -1 -1 -1 -1 29 -1 -1 -1 27 26 -1 23 25 -1 -1 17 -1 -1 -1 -1 -1 -1 19 -1 -1 -1 -1 -1 -1 22 21 20 -1 18 -1 -1 
-1 0 -1 3 4 5 6 -1 -1 -1 8 -1 -1 -1 -1 -1 -1 -1 -1 9 1 -1 2 -1 7 -1 10 11 -1 -1 -1 28 -1 -1 -1 15 -1 -1 12 -1 -1 -1 14 -1 -1 -1 24 -1 -1 -1 -1 -1 16 -1 -1 -1 -1 -1 29 -1 -1 -1 27 26 -1 23 25 -1 -1 17 -1 -1 -1 -1 -1 -1 19 -1 -1 -1 -1 -1 -1 22 21 20 -1 18 -1 -1 
-1 0 -1 3 4 5 6 -1 -1 -1 8 -1 -1 -1 -1 -1 -1 -1 -1 9 1 -1 2 -1 7 -1 10 11 -1 -1 -1 28 -1 -1 -1 15 -1 -1 12 -1 -1 -1 14 -1 -1 -1 24 -1 -1 -1 -1 -1 16 -1 -1 -1 -1 -1 29 -1 -1 -1 27 26 -1 23 25 18 -1 17 -1 -1 -1 -1 -1 -1 19 -1 -1 -1 -1 -1 -1 22 21 20 -1 -1 -1 -1 
-1 0 -1 3 4 5 6 -1 -1 -1 8 -1 -1 -1 -1 -1 -1 -1 -1 -1 1 -1 2 -1 7 -1 10 11 -1 -1 -1 28 -1 -1 -1 15 -1 9 12 -1 -1 -1 14 -1 -1 -1 24 -1 -1 -1 -1 -1 16 -1 -1 -1 -1 -1 29 -1 -1 -1 27 26 -1 23 25 18 -1 17 -1 -1 -1 -1 -1 -1 19 -1 -1 -1 -1 -1 -1 22 21 20 -1 -1 -1 -1 
-1 0 -1 3 4 5 6 -1 -1 -1 8 -1 -1 -1 -1 -1 -1 -1 -1 -1 1 -1 2 -1 7 -1 10 11 -1 -1 -1 28 -1 -1 -1 15 -1 9 12 -1 -1 -1 14 -1 -1 -1 24 -1 -1 -1 -1 -1 16 -1 -1 -1 -1 -1 29 -1 -1 -1 27 -1 26 23 25 18 -1 17 -1 -1 -1 -1 -1 -1 19 -1 -1 -1 -1 -1 -1 22 21 20 -1 -1 -1 -1 
-1 0 -1 3 4 5 6 -1 -1 -1 8 -1 -1 -1 -1 -1 -1 -1 -1 -1 1 -1 2 -1 7 -1 10 11 -1 -1 -1 28 -1 -1 -1 15 -1 -1 12 -1 -1 -1 14 -1 -1 -1 24 -1 -1 -1 -1 -1 16 -1 -1 -1 -1 -1 29 -1 -1 -1 27 -1 9 23 25 18 -1 17 -1 -1 -1 -1 -1 -1 19 -1 -1 -1 -1 -1 -1 22 21 20 -1 -1 -1 -1 
-1 0 -1 3 4 5 6 -1 -1 -1 8 -1 -1 -1 -1 -1 -1 -1 -1 -1 1 -1 2 -1 7 -1 10 11 -1 -1 -1 28 -1 -1 -1 15 -1 -1 12 -1 -1 -1 14 -1 -1 -1 24 -1 -1 -1 -1 -1 16 -1 -1 -1 -1 -1 29 -1 -1 -1 27 -1 25 23 -1 18 -1 17 -1 -1 -1 -1 -1 -1 19 -1 -1 -1 -1 -1 -1 22 21 20 -1 -1 -1 -1 
-1 0 -1 3 4 5 6 -1 -1 -1 -1 -1 -1 -1 -1 -1 -1 -1 -1 -1 1 -1 2 -1 7 -1 10 11 -1 -1 -1 28 -1 -1 -1 15 -1 -1 12 -1 -1 -1 14 -1 -1 -1 8 -1 -1 -1 -1 -1 16 -1 -1 -1 -1 -1 29 -1 -1 -1 27 -1 25 23 -1 18 -1 17 -1 -1 -1 -1 -1 -1 19 -1 -1 -1 -1 -1 -1 22 21 20 -1 -1 -1 -1 
-1 0 -1 3 4 5 6 -1 -1 -1 -1 -1 -1 -1 -1 -1 -1 -1 -1 -1 1 -1 2 -1 7 -1 10 11 -1 -1 -1 28 -1 -1 -1 15 -1 -1 12 -1 -1 -1 14 -1 -1 -1 23 -1 -1 -1 -1 -1 16 -1 -1 -1 -1 -1 29 -1 -1 -1 27 -1 25 -1 -1 18 -1 17 -1 -1 -1 -1 -1 -1 19 -1 -1 -1 -1 -1 -1 22 21 20 -1 -1 -1 -1 
0 -1 -1 3 4 5 6 -1 -1 -1 -1 -1 -1 -1 -1 -1 -1 -1 -1 -1 1 -1 2 -1 7 -1 10 11 -1 -1 -1 28 -1 -1 -1 15 -1 -1 12 -1 -1 -1 14 -1 -1 -1 23 -1 -1 -1 -1 -1 16 -1 -1 -1 -1 -1 29 -1 -1 -1 27 -1 25 -1 -1 18 -1 17 -1 -1 -1 -1 -1 -1 19 -1 -1 -1 -1 -1 -1 22 21 20 -1 -1 -1 -1 
0 -1 -1 3 4 5 6 -1 -1 -1 -1 -1 -1 -1 -1 -1 -1 -1 -1 -1 1 -1 2 -1 7 -1 10 11 -1 -1 -1 28 -1 -1 -1 15 -1 -1 12 -1 -1 -1 14 -1 -1 -1 23 -1 -1 -1 -1 28 16 -1 -1 -1 -1 -1 29 -1 -1 -1 27 -1 25 -1 -1 18 -1 17 -1 -1 -1 -1 -1 -1 19 -1 -1 -1 -1 -1 -1 22 21 20 -1 -1 -1 -1 
0 -1 -1 3 4 5 6 -1 -1 -1 -1 -1 -1 -1 -1 -1 -1 -1 -1 -1 1 -1 2 -1 7 -1 10 11 -1 -1 -1 28 -1 -1 -1 15 -1 -1 12 -1 -1 -1 -1 -1 -1 -1 23 -1 -1 -1 -1 14 16 -1 -1 -1 -1 -1 29 -1 -1 -1 27 -1 25 -1 -1 18 -1 17 -1 -1 -1 -1 -1 -1 19 -1 -1 -1 -1 -1 -1 22 21 20 -1 -1 -1 -1 
0 -1 -1 3 4 5 6 -1 -1 -1 -1 -1 -1 -1 -1 -1 -1 -1 -1 -1 1 -1 2 -1 7 -1 10 11 -1 -1 -1 28 -1 -1 -1 15 -1 -1 12 -1 -1 -1 -1 -1 -1 -1 23 -1 -1 -1 -1 16 -1 -1 -1 -1 -1 -1 29 -1 -1 -1 27 -1 25 -1 -1 18 -1 17 -1 -1 -1 -1 -1 -1 19 -1 -1 -1 -1 -1 -1 22 21 20 -1 -1 -1 -1 
0 -1 -1 3 4 5 6 -1 -1 -1 -1 -1 -1 -1 -1 -1 -1 -1 -1 -1 1 -1 2 -1 -1 -1 10 11 -1 -1 -1 28 -1 -1 -1 15 -1 -1 12 -1 -1 7 -1 -1 -1 -1 23 -1 -1 -1 -1 16 -1 -1 -1 -1 -1 -1 29 -1 -1 -1 27 -1 25 -1 -1 18 -1 17 -1 -1 -1 -1 -1 -1 19 -1 -1 -1 -1 -1 -1 22 21 20 -1 -1 -1 -1 
0 -1 -1 3 4 5 6 -1 -1 -1 -1 -1 -1 -1 -1 -1 -1 -1 -1 -1 1 -1 2 -1 -1 -1 10 11 -1 -1 -1 28 -1 -1 -1 15 -1 -1 12 -1 -1 7 -1 -1 -1 -1 23 -1 -1 -1 16 -1 -1 -1 -1 -1 -1 -1 29 -1 -1 -1 27 -1 25 -1 -1 18 -1 17 -1 -1 -1 -1 -1 -1 19 -1 -1 -1 -1 -1 -1 22 21 20 -1 -1 -1 -1 
0 -1 -1 3 4 5 6 -1 -1 -1 -1 -1 -1 -1 -1 -1 -1 -1 -1 -1 1 -1 2 -1 -1 -1 10 11 -1 -1 -1 28 -1 -1 -1 15 -1 -1 -1 -1 -1 7 -1 -1 -1 -1 23 12 -1 -1 16 -1 -1 -1 -1 -1 -1 -1 29 -1 -1 -1 27 -1 25 -1 -1 18 -1 17 -1 -1 -1 -1 -1 -1 19 -1 -1 -1 -1 -1 -1 22 21 20 -1 -1 -1 -1 
0 -1 -1 3 4 5 6 -1 -1 -1 -1 -1 -1 -1 -1 -1 -1 -1 -1 -1 1 -1 2 -1 -1 -1 10 11 -1 -1 -1 28 -1 -1 -1 15 -1 -1 -1 -1 -1 7 -1 -1 -1 -1 23 18 -1 -1 16 -1 -1 -1 -1 -1 -1 -1 29 -1 -1 -1 27 -1 25 -1 -1 -1 -1 17 -1 -1 -1 -1 -1 -1 19 -1 -1 -1 -1 -1 -1 22 21 20 -1 -1 -1 -1 
0 -1 -1 3 4 5 6 -1 -1 -1 -1 -1 -1 -1 -1 -1 -1 -1 -1 -1 1 -1 2 -1 -1 -1 10 11 -1 -1 7 28 -1 -1 -1 15 -1 -1 -1 -1 -1 -1 -1 -1 -1 -1 23 18 -1 -1 16 -1 -1 -1 -1 -1 -1 -1 29 -1 -1 -1 27 -1 25 -1 -1 -1 -1 17 -1 -1 -1 -1 -1 -1 19 -1 -1 -1 -1 -1 -1 22 21 20 -1 -1 -1 -1 
0 -1 -1 3 4 5 6 -1 -1 -1 -1 -1 -1 -1 -1 -1 -1 -1 -1 -1 1 -1 2 -1 -1 -1 10 11 -1 -1 7 28 -1 -1 -1 15 -1 -1 -1 -1 -1 -1 -1 -1 -1 -1 23 18 -1 -1 16 -1 17 -1 -1 -1 -1 -1 29 -1 -1 -1 27 -1 25 -1 -1 -1 -1 -1 -1 -1 -1 -1 -1 -1 19 -1 -1 -1 -1 -1 -1 22 21 20 -1 -1 -1 -1 
-1 -1 -1 3 4 5 6 -1 -1 0 -1 -1 -1 -1 -1 -1 -1 -1 -1 -1 1 -1 2 -1 -1 -1 10 11 -1 -1 7 28 -1 -1 -1 15 -1 -1 -1 -1 -1 -1 -1 -1 -1 -1 23 18 -1 -1 16 -1 17 -1 -1 -1 -1 -1 29 -1 -1 -1 27 -1 25 -1 -1 -1 -1 -1 -1 -1 -1 -1 -1 -1 19 -1 -1 -1 -1 -1 -1 22 21 20 -1 -1 -1 -1 
-1 -1 -1 3 4 5 6 -1 -1 0 -1 -1 -1 -1 -1 -1 -1 -1 -1 -1 1 -1 2 -1 -1 -1 10 11 -1 23 7 28 -1 -1 -1 15 -1 -1 -1 -1 -1 -1 -1 -1 -1 -1 -1 18 -1 -1 16 -1 17 -1 -1 -1 -1 -1 29 -1 -1 -1 27 -1 25 -1 -1 -1 -1 -1 -1 -1 -1 -1 -1 -1 19 -1 -1 -1 -1 -1 -1 22 21 20 -1 -1 -1 -1 
-1 -1 -1 3 4 5 6 -1 -1 -1 0 -1 -1 -1 -1 -1 -1 -1 -1 -1 1 -1 2 -1 -1 -1 10 11 -1 23 7 28 -1 -1 -1 15 -1 -1 -1 -1 -1 -1 -1 -1 -1 -1 -1 18 -1 -1 16 -1 17 -1 -1 -1 -1 -1 29 -1 -1 -1 27 -1 25 -1 -1 -1 -1 -1 -1 -1 -1 -1 -1 -1 19 -1 -1 -1 -1 -1 -1 22 21 20 -1 -1 -1 -1 
-1 -1 -1 3 4 5 6 -1 -1 -1 0 -1 -1 -1 -1 -1 -1 -1 -1 -1 1 -1 2 -1 -1 -1 10 11 -1 23 7 28 -1 -1 -1 15 -1 -1 -1 -1 -1 -1 -1 -1 -1 -1 -1 18 -1 -1 16 -1 17 -1 -1 -1 -1 -1 29 -1 -1 -1 27 -1 -1 -1 -1 -1 -1 -1 25 -1 -1 -1 -1 -1 19 -1 -1 -1 -1 -1 -1 22 21 20 -1 -1 -1 -1 
-1 -1 -1 3 4 5 6 -1 -1 -1 -1 -1 -1 -1 -1 0 -1 -1 -1 -1 1 -1 2 -1 -1 -1 10 11 -1 23 7 28 -1 -1 -1 15 -1 -1 -1 -1 -1 -1 -1 -1 -1 -1 -1 18 -1 -1 16 -1 17 -1 -1 -1 -1 -1 29 -1 -1 -1 27 -1 -1 -1 -1 -1 -1 -1 25 -1 -1 -1 -1 -1 19 -1 -1 -1 -1 -1 -1 22 21 20 -1 -1 -1 -1 
-1 -1 -1 3 4 5 6 -1 -1 -1 -1 -1 -1 -1 -1 0 -1 -1 -1 -1 1 -1 2 -1 -1 -1 10 11 -1 23 7 28 -1 -1 -1 15 -1 -1 -1 -1 -1 -1 -1 -1 -1 -1 -1 18 16 -1 -1 -1 17 -1 -1 -1 -1 -1 29 -1 -1 -1 27 -1 -1 -1 -1 -1 -1 -1 25 -1 -1 -1 -1 -1 19 -1 -1 -1 -1 -1 -1 22 21 20 -1 -1 -1 -1 
-1 -1 -1 3 4 5 6 -1 -1 -1 -1 7 -1 -1 -1 0 -1 -1 -1 -1 1 -1 2 -1 -1 -1 10 11 -1 23 -1 28 -1 -1 -1 15 -1 -1 -1 -1 -1 -1 -1 -1 -1 -1 -1 18 16 -1 -1 -1 17 -1 -1 -1 -1 -1 29 -1 -1 -1 27 -1 -1 -1 -1 -1 -1 -1 25 -1 -1 -1 -1 -1 19 -1 -1 -1 -1 -1 -1 22 21 20 -1 -1 -1 -1 
-1 -1 -1 3 4 5 6 -1 -1 -1 -1 7 -1 -1 -1 0 -1 -1 -1 -1 1 -1 2 -1 -1 -1 10 11 -1 23 -1 28 -1 -1 -1 15 -1 -1 -1 -1 -1 17 -1 -1 -1 -1 -1 18 16 -1 -1 -1 -1 -1 -1 -1 -1 -1 29 -1 -1 -1 27 -1 -1 -1 -1 -1 -1 -1 25 -1 -1 -1 -1 -1 19 -1 -1 -1 -1 -1 -1 22 21 20 -1 -1 -1 -1 
-1 -1 -1 3 4 5 6 -1 -1 -1 -1 7 -1 -1 -1 -1 -1 -1 -1 -1 1 -1 2 -1 -1 -1 10 11 -1 23 -1 28 -1 -1 -1 15 -1 -1 -1 -1 -1 17 0 -1 -1 -1 -1 18 16 -1 -1 -1 -1 -1 -1 -1 -1 -1 29 -1 -1 -1 27 -1 -1 -1 -1 -1 -1 -1 25 -1 -1 -1 -1 -1 19 -1 -1 -1 -1 -1 -1 22 21 20 -1 -1 -1 -1 
-1 -1 -1 3 4 5 6 -1 -1 -1 -1 7 -1 -1 -1 -1 -1 -1 -1 -1 1 -1 2 -1 -1 -1 10 11 -1 23 -1 28 -1 -1 -1 15 -1 -1 -1 -1 -1 17 0 -1 -1 -1 -1 18 -1 -1 16 -1 -1 -1 -1 -1 -1 -1 29 -1 -1 -1 27 -1 -1 -1 -1 -1 -1 -1 25 -1 -1 -1 -1 -1 19 -1 -1 -1 -1 -1 -1 22 21 20 -1 -1 -1 -1 
-1 -1 -1 -1 4 5 6 -1 -1 -1 -1 7 -1 3 -1 -1 -1 -1 -1 -1 1 -1 2 -1 -1 -1 10 11 -1 23 -1 28 -1 -1 -1 15 -1 -1 -1 -1 -1 17 0 -1 -1 -1 -1 18 -1 -1 16 -1 -1 -1 -1 -1 -1 -1 29 -1 -1 -1 27 -1 -1 -1 -1 -1 -1 -1 25 -1 -1 -1 -1 -1 19 -1 -1 -1 -1 -1 -1 22 21 20 -1 -1 -1 -1 
-1 -1 -1 -1 4 5 6 -1 -1 -1 -1 7 -1 3 -1 -1 -1 -1 -1 -1 1 -1 2 -1 -1 -1 10 11 -1 23 -1 28 -1 -1 -1 15 -1 -1 -1 -1 -1 17 0 -1 -1 -1 -1 18 -1 -1 16 -1 -1 -1 -1 -1 -1 -1 29 -1 -1 -1 27 -1 -1 25 -1 -1 -1 -1 -1 -1 -1 -1 -1 -1 19 -1 -1 -1 -1 -1 -1 22 21 20 -1 -1 -1 -1 
-1 -1 -1 -1 4 5 6 -1 -1 -1 -1 7 -1 3 -1 -1 -1 -1 -1 -1 1 -1 2 10 -1 -1 -1 11 -1 23 -1 28 -1 -1 -1 15 -1 -1 -1 -1 -1 17 0 -1 -1 -1 -1 18 -1 -1 16 -1 -1 -1 -1 -1 -1 -1 29 -1 -1 -1 27 -1 -1 25 -1 -1 -1 -1 -1 -1 -1 -1 -1 -1 19 -1 -1 -1 -1 -1 -1 22 21 20 -1 -1 -1 -1 
-1 -1 -1 -1 4 5 6 -1 -1 -1 -1 7 -1 3 -1 -1 -1 -1 -1 -1 1 -1 2 10 -1 -1 -1 11 -1 23 17 28 -1 -1 -1 15 -1 -1 -1 -1 -1 -1 0 -1 -1 -1 -1 18 -1 -1 16 -1 -1 -1 -1 -1 -1 -1 29 -1 -1 -1 27 -1 -1 25 -1 -1 -1 -1 -1 -1 -1 -1 -1 -1 19 -1 -1 -1 -1 -1 -1 22 21 20 -1 -1 -1 -1 
7 -1 -1 -1 4 5 6 -1 -1 -1 -1 -1 -1 3 -1 -1 -1 -1 -1 -1 1 -1 2 10 -1 -1 -1 11 -1 23 17 28 -1 -1 -1 15 -1 -1 -1 -1 -1 -1 0 -1 -1 -1 -1 18 -1 -1 16 -1 -1 -1 -1 -1 -1 -1 29 -1 -1 -1 27 -1 -1 25 -1 -1 -1 -1 -1 -1 -1 -1 -1 -1 19 -1 -1 -1 -1 -1 -1 22 21 20 -1 -1 -1 -1 
7 -1 -1 -1 4 5 6 -1 -1 -1 -1 -1 -1 3 -1 -1 -1 -1 -1 -1 1 -1 2 10 -1 -1 -1 11 -1 23 17 28 -1 -1 -1 15 -1 -1 -1 -1 -1 -1 0 -1 -1 -1 -1 18 16 -1 -1 -1 -1 -1 -1 -1 -1 -1 29 -1 -1 -1 27 -1 -1 25 -1 -1 -1 -1 -1 -1 -1 -1 -1 -1 19 -1 -1 -1 -1 -1 -1 22 21 20 -1 -1 -1 -1 
7 -1 -1 -1 4 5 6 -1 -1 -1 -1 -1 -1 3 -1 -1 -1 -1 -1 -1 1 -1 2 10 -1 -1 -1 11 -1 23 17 28 -1 -1 -1 15 -1 0 -1 -1 -1 -1 -1 -1 -1 -1 -1 18 16 -1 -1 -1 -1 -1 -1 -1 -1 -1 29 -1 -1 -1 27 -1 -1 25 -1 -1 -1 -1 -1 -1 -1 -1 -1 -1 19 -1 -1 -1 -1 -1 -1 22 21 20 -1 -1 -1 -1 
7 -1 -1 -1 4 5 6 -1 -1 -1 -1 -1 -1 3 -1 -1 -1 -1 23 -1 1 -1 2 10 -1 -1 -1 11 -1 -1 17 28 -1 -1 -1 15 -1 0 -1 -1 -1 -1 -1 -1 -1 -1 -1 18 16 -1 -1 -1 -1 -1 -1 -1 -1 -1 29 -1 -1 -1 27 -1 -1 25 -1 -1 -1 -1 -1 -1 -1 -1 -1 -1 19 -1 -1 -1 -1 -1 -1 22 21 20 -1 -1 -1 -1 
7 -1 -1 -1 4 5 6 -1 -1 -1 0 -1 -1 3 -1 -1 -1 -1 23 -1 1 -1 2 10 -1 -1 -1 11 -1 -1 17 28 -1 -1 -1 15 -1 -1 -1 -1 -1 -1 -1 -1 -1 -1 -1 18 16 -1 -1 -1 -1 -1 -1 -1 -1 -1 29 -1 -1 -1 27 -1 -1 25 -1 -1 -1 -1 -1 -1 -1 -1 -1 -1 19 -1 -1 -1 -1 -1 -1 22 21 20 -1 -1 -1 -1 
7 -1 -1 -1 4 5 6 -1 -1 -1 0 -1 -1 3 -1 -1 -1 -1 23 -1 1 -1 2 10 -1 -1 -1 11 -1 -1 17 28 -1 -1 -1 15 -1 -1 -1 -1 -1 -1 -1 -1 -1 -1 -1 18 -1 -1 -1 -1 -1 -1 -1 -1 -1 -1 29 -1 -1 -1 27 -1 -1 25 16 -1 -1 -1 -1 -1 -1 -1 -1 -1 19 -1 -1 -1 -1 -1 -1 22 21 20 -1 -1 -1 -1 
-1 -1 -1 -1 4 5 6 -1 -1 -1 0 -1 -1 3 -1 -1 -1 -1 23 7 1 -1 2 10 -1 -1 -1 11 -1 -1 17 28 -1 -1 -1 15 -1 -1 -1 -1 -1 -1 -1 -1 -1 -1 -1 18 -1 -1 -1 -1 -1 -1 -1 -1 -1 -1 29 -1 -1 -1 27 -1 -1 25 16 -1 -1 -1 -1 -1 -1 -1 -1 -1 19 -1 -1 -1 -1 -1 -1 22 21 20 -1 -1 -1 -1 
-1 -1 -1 -1 4 5 6 -1 -1 -1 0 -1 -1 3 -1 -1 -1 -1 23 7 1 -1 2 10 -1 -1 -1 11 -1 -1 17 28 -1 -1 -1 15 -1 -1 -1 -1 -1 -1 -1 -1 -1 -1 -1 18 -1 -1 -1 -1 -1 -1 -1 -1 -1 -1 29 -1 -1 -1 27 -1 -1 -1 16 -1 -1 -1 -1 -1 -1 -1 25 -1 19 -1 -1 -1 -1 -1 -1 22 21 20 -1 -1 -1 -1 
-1 1 -1 -1 4 5 6 -1 -1 -1 0 -1 -1 3 -1 -1 -1 -1 23 7 -1 -1 2 10 -1 -1 -1 11 -1 -1 17 28 -1 -1 -1 15 -1 -1 -1 -1 -1 -1 -1 -1 -1 -1 -1 18 -1 -1 -1 -1 -1 -1 -1 -1 -1 -1 29 -1 -1 -1 27 -1 -1 -1 16 -1 -1 -1 -1 -1 -1 -1 25 -1 19 -1 -1 -1 -1 -1 -1 22 21 20 -1 -1 -1 -1 
-1 1 -1 -1 4 5 6 -1 -1 -1 0 -1 -1 3 -1 -1 -1 -1 23 7 -1 -1 2 10 -1 -1 -1 11 -1 -1 17 28 -1 -1 -1 15 -1 -1 -1 -1 -1 -1 -1 -1 -1 -1 -1 18 -1 -1 -1 -1 -1 -1 -1 -1 -1 -1 29 -1 -1 -1 27 -1 16 -1 -1 -1 -1 -1 -1 -1 -1 -1 25 -1 19 -1 -1 -1 -1 -1 -1 22 21 20 -1 -1 -1 -1 
-1 -1 -1 -1 4 5 6 -1 -1 -1 0 -1 1 3 -1 -1 -1 -1 23 7 -1 -1 2 10 -1 -1 -1 11 -1 -1 17 28 -1 -1 -1 15 -1 -1 -1 -1 -1 -1 -1 -1 -1 -1 -1 18 -1 -1 -1 -1 -1 -1 -1 -1 -1 -1 29 -1 -1 -1 27 -1 16 -1 -1 -1 -1 -1 -1 -1 -1 -1 25 -1 19 -1 -1 -1 -1 -1 -1 22 21 20 -1 -1 -1 -1 
-1 -1 -1 -1 4 5 6 -1 -1 -1 0 -1 1 3 -1 -1 -1 -1 23 7 -1 -1 2 10 -1 -1 -1 11 -1 -1 17 28 -1 -1 -1 15 -1 -1 -1 -1 -1 -1 -1 -1 -1 -1 -1 18 -1 -1 -1 -1 -1 -1 -1 -1 -1 -1 29 -1 -1 -1 27 -1 16 -1 -1 -1 -1 -1 -1 -1 -1 25 -1 -1 19 -1 -1 -1 -1 -1 -1 22 21 20 -1 -1 -1 -1 
-1 -1 -1 -1 4 5 6 -1 -1 0 -1 -1 1 3 -1 -1 -1 -1 23 7 -1 -1 2 10 -1 -1 -1 11 -1 -1 17 28 -1 -1 -1 15 -1 -1 -1 -1 -1 -1 -1 -1 -1 -1 -1 18 -1 -1 -1 -1 -1 -1 -1 -1 -1 -1 29 -1 -1 -1 27 -1 16 -1 -1 -1 -1 -1 -1 -1 -1 25 -1 -1 19 -1 -1 -1 -1 -1 -1 22 21 20 -1 -1 -1 -1 
-1 -1 -1 -1 4 5 6 -1 -1 0 -1 -1 1 3 -1 -1 -1 -1 23 17 -1 -1 2 10 -1 -1 -1 11 -1 -1 -1 28 -1 -1 -1 15 -1 -1 -1 -1 -1 -1 -1 -1 -1 -1 -1 18 -1 -1 -1 -1 -1 -1 -1 -1 -1 -1 29 -1 -1 -1 27 -1 16 -1 -1 -1 -1 -1 -1 -1 -1 25 -1 -1 19 -1 -1 -1 -1 -1 -1 22 21 20 -1 -1 -1 -1 
-1 -1 -1 -1 4 5 6 -1 -1 0 -1 -1 1 3 -1 -1 -1 -1 23 10 -1 -1 2 -1 -1 -1 -1 11 -1 -1 -1 28 -1 -1 -1 15 -1 -1 -1 -1 -1 -1 -1 -1 -1 -1 -1 18 -1 -1 -1 -1 -1 -1 -1 -1 -1 -1 29 -1 -1 -1 27 -1 16 -1 -1 -1 -1 -1 -1 -1 -1 25 -1 -1 19 -1 -1 -1 -1 -1 -1 22 21 20 -1 -1 -1 -1 
-1 -1 -1 -1 4 5 6 -1 -1 0 -1 -1 1 3 -1 -1 -1 -1 23 25 -1 -1 2 -1 -1 -1 -1 11 -1 -1 -1 28 -1 -1 -1 15 -1 -1 -1 -1 -1 -1 -1 -1 -1 -1 -1 18 -1 -1 -1 -1 -1 -1 -1 -1 -1 -1 29 -1 -1 -1 27 -1 16 -1 -1 -1 -1 -1 -1 -1 -1 -1 -1 -1 19 -1 -1 -1 -1 -1 -1 22 21 20 -1 -1 -1 -1 
-1 -1 -1 -1 4 5 6 -1 -1 -1 -1 -1 1 3 -1 -1 -1 -1 0 25 -1 -1 2 -1 -1 -1 -1 11 -1 -1 -1 28 -1 -1 -1 15 -1 -1 -1 -1 -1 -1 -1 -1 -1 -1 -1 18 -1 -1 -1 -1 -1 -1 -1 -1 -1 -1 29 -1 -1 -1 27 -1 16 -1 -1 -1 -1 -1 -1 -1 -1 -1 -1 -1 19 -1 -1 -1 -1 -1 -1 22 21 20 -1 -1 -1 -1 
-1 -1 -1 -1 4 5 6 -1 -1 -1 25 -1 1 3 -1 -1 -1 -1 0 -1 -1 -1 2 -1 -1 -1 -1 11 -1 -1 -1 28 -1 -1 -1 15 -1 -1 -1 -1 -1 -1 -1 -1 -1 -1 -1 18 -1 -1 -1 -1 -1 -1 -1 -1 -1 -1 29 -1 -1 -1 27 -1 16 -1 -1 -1 -1 -1 -1 -1 -1 -1 -1 -1 19 -1 -1 -1 -1 -1 -1 22 21 20 -1 -1 -1 -1 
-1 -1 -1 -1 4 5 6 -1 -1 -1 25 -1 1 3 -1 -1 -1 -1 -1 0 -1 -1 2 -1 -1 -1 -1 11 -1 -1 -1 28 -1 -1 -1 15 -1 -1 -1 -1 -1 -1 -1 -1 -1 -1 -1 18 -1 -1 -1 -1 -1 -1 -1 -1 -1 -1 29 -1 -1 -1 27 -1 16 -1 -1 -1 -1 -1 -1 -1 -1 -1 -1 -1 19 -1 -1 -1 -1 -1 -1 22 21 20 -1 -1 -1 -1 
-1 -1 -1 -1 4 5 6 -1 -1 -1 25 -1 1 3 -1 -1 -1 -1 -1 16 -1 -1 2 -1 -1 -1 -1 11 -1 -1 -1 28 -1 -1 -1 15 -1 -1 -1 -1 -1 -1 -1 -1 -1 -1 -1 18 -1 -1 -1 -1 -1 -1 -1 -1 -1 -1 29 -1 -1 -1 27 -1 -1 -1 -1 -1 -1 -1 -1 -1 -1 -1 -1 -1 19 -1 -1 -1 -1 -1 -1 22 21 20 -1 -1 -1 -1 
-1 -1 -1 -1 4 5 6 -1 -1 -1 25 -1 -1 3 -1 -1 -1 -1 -1 1 -1 -1 2 -1 -1 -1 -1 11 -1 -1 -1 28 -1 -1 -1 15 -1 -1 -1 -1 -1 -1 -1 -1 -1 -1 -1 18 -1 -1 -1 -1 -1 -1 -1 -1 -1 -1 29 -1 -1 -1 27 -1 -1 -1 -1 -1 -1 -1 -1 -1 -1 -1 -1 -1 19 -1 -1 -1 -1 -1 -1 22 21 20 -1 -1 -1 -1 
