0 1 2 3 4 5 6 7 8 -1 -1 -1 -1 -1 -1 -1 -1 -1 -1 9 -1 -1 -1 -1 -1 10 -1 11 -1 12 -1 28 -1 14 -1 15 -1 -1 -1 -1 -1 -1 -1 -1 -1 -1 -1 30 -1 -1 -1 -1 -1 -1 -1 -1 -1 -1 29 -1 -1 -1 27 -1 26 -1 -1 -1 -1 -1 25 -1 -1 -1 -1 -1 -1 -1 -1 -1 -1 24 23 22 21 20 19 18 17 16 
0 1 2 3 4 5 6 7 8 -1 -1 -1 -1 -1 -1 -1 -1 -1 -1 9 -1 -1 -1 -1 -1 10 -1 11 -1 12 -1 28 -1 -1 -1 15 -1 -1 -1 -1 -1 -1 14 -1 -1 -1 -1 30 -1 -1 -1 -1 -1 -1 -1 -1 -1 -1 29 -1 -1 -1 27 -1 26 -1 -1 -1 -1 -1 25 -1 -1 -1 -1 -1 -1 -1 -1 -1 -1 24 23 22 21 20 19 18 17 16 
0 1 2 3 4 5 6 7 8 -1 -1 -1 -1 -1 -1 -1 -1 -1 -1 9 -1 -1 -1 -1 -1 10 -1 11 -1 12 -1 28 -1 -1 -1 15 -1 -1 -1 -1 -1 -1 14 -1 -1 -1 -1 30 -1 -1 -1 -1 -1 -1 -1 -1 -1 -1 29 -1 -1 -1 27 -1 26 -1 -1 -1 -1 25 -1 -1 -1 -1 -1 -1 -1 -1 -1 -1 -1 24 23 22 21 20 19 18 17 16 
0 1 -1 3 4 5 6 7 8 -1 -1 -1 -1 -1 -1 -1 -1 -1 -1 9 -1 -1 2 -1 -1 10 -1 11 -1 12 -1 28 -1 -1 -1 15 -1 -1 -1 -1 -1 -1 14 -1 -1 -1 -1 30 -1 -1 -1 -1 -1 -1 -1 -1 -1 -1 29 -1 -1 -1 27 -1 26 -1 -1 -1 -1 25 -1 -1 -1 -1 -1 -1 -1 -1 -1 -1 -1 24 23 22 21 20 19 18 17 16 
0 1 -1 3 4 5 6 7 8 -1 -1 -1 -1 -1 -1 -1 -1 -1 -1 9 -1 -1 2 -1 -1 10 -1 11 -1 12 -1 28 -1 -1 -1 15 -1 -1 -1 -1 -1 -1 14 -1 -1 -1 -1 30 -1 -1 -1 -1 -1 -1 -1 -1 -1 -1 29 -1 -1 -1 27 -1 26 -1 -1 -1 -1 25 -1 17 -1 -1 -1 -1 -1 -1 -1 -1 -1 24 23 22 21 20 19 18 -1 16 
0 1 -1 3 4 5 6 7 8 -1 -1 -1 -1 -1 -1 -1 -1 -1 -1 9 -1 -1 2 -1 -1 10 -1 11 -1 12 -1 28 -1 -1 -1 -1 -1 -1 -1 -1 -1 -1 14 -1 15 -1 -1 30 -1 -1 -1 -1 -1 -1 -1 -1 -1 -1 29 -1 -1 -1 27 -1 26 -1 -1 -1 -1 25 -1 17 -1 -1 -1 -1 -1 -1 -1 -1 -1 24 23 22 21 20 19 18 -1 16 
0 1 -1 3 4 5 6 7 8 -1 -1 -1 -1 -1 -1 -1 -1 -1 -1 9 -1 -1 2 -1 -1 10 -1 11 -1 12 -1 28 -1 -1 -1 -1 -1 -1 -1 -1 -1 -1 14 -1 15 -1 -1 30 -1 -1 -1 -1 -1 -1 -1 -1 -1 -1 29 -1 -1 -1 27 -1 26 -1 -1 -1 -1 25 -1 17 -1 -1 -1 -1 -1 -1 -1 -1 -1 24 23 22 21 20 19 18 16 -1 
0 1 -1 3 4 5 6 -1 8 -1 -1 -1 -1 -1 -1 -1 -1 -1 -1 9 -1 -1 2 -1 -1 10 7 11 -1 12 -1 28 -1 -1 -1 -1 -1 -1 -1 -1 -1 -1 14 -1 15 -1 -1 30 -1 -1 -1 -1 -1 -1 -1 -1 -1 -1 29 -1 -1 -1 27 -1 26 -1 -1 -1 -1 25 -1 17 -1 -1 -1 -1 -1 -1 -1 -1 -1 24 23 22 21 20 19 18 16 -1 
0 1 -1 3 4 5 6 -1 8 -1 -1 -1 -1 -1 -1 -1 -1 -1 -1 9 -1 -1 2 -1 -1 10 7 11 -1 12 -1 28 -1 -1 -1 -1 -1 -1 -1 -1 -1 -1 14 -1 15 -1 -1 30 -1 -1 -1 -1 -1 -1 -1 -1 -1 -1 29 -1 -1 -1 27 -1 26 23 -1 -1 -1 25 -1 17 -1 -1 -1 -1 -1 -1 -1 -1 -1 24 -1 22 21 20 19 18 16 -1 
0 1 -1 3 4 5 6 8 -1 -1 -1 -1 -1 -1 -1 -1 -1 -1 -1 9 -1 -1 2 -1 -1 10 7 11 -1 12 -1 28 -1 -1 -1 -1 -1 -1 -1 -1 -1 -1 14 -1 15 -1 -1 30 -1 -1 -1 -1 -1 -1 -1 -1 -1 -1 29 -1 -1 -1 27 -1 26 23 -1 -1 -1 25 -1 17 -1 -1 -1 -1 -1 -1 -1 -1 -1 24 -1 22 21 20 19 18 16 -1 
0 1 -1 3 4 5 6 8 -1 -1 -1 -1 -1 -1 -1 -1 -1 -1 -1 9 -1 -1 2 -1 -1 10 7 11 -1 12 -1 28 -1 -1 16 -1 -1 -1 -1 -1 -1 -1 14 -1 15 -1 -1 30 -1 -1 -1 -1 -1 -1 -1 -1 -1 -1 29 -1 -1 -1 27 -1 26 23 -1 -1 -1 25 -1 17 -1 -1 -1 -1 -1 -1 -1 -1 -1 24 -1 22 21 20 19 18 -1 -1 
0 -1 -1 3 4 5 6 8 -1 -1 -1 -1 -1 -1 -1 -1 -1 -1 -1 9 1 -1 2 -1 -1 10 7 11 -1 12 -1 28 -1 -1 16 -1 -1 -1 -1 -1 -1 -1 14 -1 15 -1 -1 30 -1 -1 -1 -1 -1 -1 -1 -1 -1 -1 29 -1 -1 -1 27 -1 26 23 -1 -1 -1 25 -1 17 -1 -1 -1 -1 -1 -1 -1 -1 -1 24 -1 22 21 20 19 18 -1 -1 
0 -1 -1 3 4 5 6 8 -1 -1 -1 -1 -1 -1 -1 -1 -1 -1 -1 9 1 -1 2 -1 -1 10 7 11 -1 12 -1 28 -1 -1 16 -1 -1 -1 -1 -1 -1 -1 14 -1 15 -1 -1 30 -1 -1 -1 -1 -1 -1 -1 -1 -1 -1 29 -1 -1 -1 27 -1 26 23 -1 22 -1 25 -1 17 -1 -1 -1 -1 -1 -1 -1 -1 -1 24 -1 -1 21 20 19 18 -1 -1 
0 -1 -1 -1 4 5 6 8 -1 -1 -1 -1 -1 3 -1 -1 -1 -1 -1 9 1 -1 2 -1 -1 10 7 11 -1 12 -1 28 -1 -1 16 -1 -1 -1 -1 -1 -1 -1 14 -1 15 -1 -1 30 -1 -1 -1 -1 -1 -1 -1 -1 -1 -1 29 -1 -1 -1 27 -1 26 23 -1 22 -1 25 -1 17 -1 -1 -1 -1 -1 -1 -1 -1 -1 24 -1 -1 21 20 19 18 -1 -1 
0 -1 -1 -1 4 5 6 8 -1 -1 -1 -1 -1 3 -1 -1 -1 -1 -1 9 1 -1 2 -1 -1 10 7 11 -1 12 -1 28 -1 -1 16 -1 -1 -1 -1 -1 -1 -1 14 -1 15 -1 -1 30 -1 -1 -1 -1 -1 -1 -1 -1 -1 -1 29 -1 -1 -1 27 -1 26 23 -1 22 -1 25 -1 17 -1 -1 -1 -1 21 -1 -1 -1 -1 24 -1 -1 -1 20 19 18 -1 -1 
0 -1 -1 -1 4 5 6 8 -1 -1 -1 -1 -1 3 -1 -1 -1 -1 -1 9 1 -1 2 10 -1 -1 7 11 -1 12 -1 28 -1 -1 16 -1 -1 -1 -1 -1 -1 -1 14 -1 15 -1 -1 30 -1 -1 -1 -1 -1 -1 -1 -1 -1 -1 29 -1 -1 -1 27 -1 26 23 -1 22 -1 25 -1 17 -1 -1 -1 -1 21 -1 -1 -1 -1 24 -1 -1 -1 20 19 18 -1 -1 
0 -1 -1 -1 4 5 6 16 -1 -1 -1 -1 -1 3 -1 -1 -1 -1 -1 9 1 -1 2 10 -1 -1 7 11 -1 12 -1 28 -1 -1 -1 -1 -1 -1 -1 -1 -1 -1 14 -1 15 -1 -1 30 -1 -1 -1 -1 -1 -1 -1 -1 -1 -1 29 -1 -1 -1 27 -1 26 23 -1 22 -1 25 -1 17 -1 -1 -1 -1 21 -1 -1 -1 -1 24 -1 -1 -1 20 19 18 -1 -1 
0 -1 -1 -1 4 5 6 7 -1 -1 -1 -1 -1 3 -1 -1 -1 -1 -1 9 1 -1 2 10 -1 -1 -1 11 -1 12 -1 28 -1 -1 -1 -1 -1 -1 -1 -1 -1 -1 14 -1 15 -1 -1 30 -1 -1 -1 -1 -1 -1 -1 -1 -1 -1 29 -1 -1 -1 27 -1 26 23 -1 22 -1 25 -1 17 -1 -1 -1 -1 21 -1 -1 -1 -1 24 -1 -1 -1 20 19 18 -1 -1 
0 -1 -1 -1 4 5 6 7 -1 -1 -1 -1 -1 3 -1 -1 -1 -1 -1 9 1 -1 2 10 -1 -1 -1 11 -1 12 -1 28 -1 -1 -1 -1 -1 26 -1 -1 -1 -1 14 -1 15 -1 -1 30 -1 -1 -1 -1 -1 -1 -1 -1 -1 -1 29 -1 -1 -1 27 -1 -1 23 -1 22 -1 25 -1 17 -1 -1 -1 -1 21 -1 -1 -1 -1 24 -1 -1 -1 20 19 18 -1 -1 
-1 -1 -1 0 4 5 6 7 -1 -1 -1 -1 -1 3 -1 -1 -1 -1 -1 9 1 -1 2 10 -1 -1 -1 11 -1 12 -1 28 -1 -1 -1 -1 -1 26 -1 -1 -1 -1 14 -1 15 -1 -1 30 -1 -1 -1 -1 -1 -1 -1 -1 -1 -1 29 -1 -1 -1 27 -1 -1 23 -1 22 -1 25 -1 17 -1 -1 -1 -1 21 -1 -1 -1 -1 24 -1 -1 -1 20 19 18 -1 -1 
-1 -1 -1 0 4 5 6 7 -1 -1 -1 -1 -1 3 -1 -1 -1 -1 -1 9 1 -1 2 10 -1 -1 -1 11 -1 12 -1 28 -1 -1 -1 -1 -1 -1 -1 -1 -1 -1 14 -1 26 -1 -1 30 -1 -1 -1 -1 -1 -1 -1 -1 -1 -1 29 -1 -1 -1 27 -1 -1 23 -1 22 -1 25 -1 17 -1 -1 -1 -1 21 -1 -1 -1 -1 24 -1 -1 -1 20 19 18 -1 -1 
-1 -1 -1 0 4 5 6 7 -1 -1 -1 -1 -1 3 -1 -1 -1 -1 -1 -1 1 -1 2 10 -1 -1 -1 11 -1 12 -1 28 -1 -1 -1 -1 -1 -1 -1 -1 -1 -1 14 -1 26 -1 -1 30 -1 -1 -1 -1 -1 -1 -1 9 -1 -1 29 -1 -1 -1 27 -1 -1 23 -1 22 -1 25 -1 17 -1 -1 -1 -1 21 -1 -1 -1 -1 24 -1 -1 -1 20 19 18 -1 -1 
-1 -1 -1 0 4 5 6 7 -1 -1 -1 -1 -1 3 -1 -1 -1 -1 -1 -1 1 -1 2 10 -1 -1 -1 11 -1 12 -1 28 -1 -1 -1 -1 -1 -1 -1 -1 -1 -1 14 -1 26 -1 -1 30 -1 -1 -1 -1 -1 27 -1 9 -1 -1 29 -1 -1 -1 -1 -1 -1 23 -1 22 -1 25 -1 17 -1 -1 -1 -1 21 -1 -1 -1 -1 24 -1 -1 -1 20 19 18 -1 -1 
-1 -1 -1 0 4 5 6 7 -1 -1 -1 -1 -1 3 -1 -1 -1 -1 -1 -1 1 -1 2 10 -1 -1 -1 11 -1 12 -1 28 -1 -1 -1 -1 -1 -1 -1 -1 -1 -1 14 -1 26 -1 -1 30 -1 -1 -1 -1 -1 27 -1 -1 9 -1 29 -1 -1 -1 -1 -1 -1 23 -1 22 -1 25 -1 17 -1 -1 -1 -1 21 -1 -1 -1 -1 24 -1 -1 -1 20 19 18 -1 -1 
-1 -1 -1 0 4 5 6 7 -1 -1 -1 -1 -1 3 -1 -1 -1 -1 -1 -1 1 -1 2 10 -1 -1 -1 11 -1 12 -1 28 -1 -1 -1 -1 -1 -1 -1 -1 -1 -1 14 -1 26 -1 -1 30 -1 -1 -1 -1 -1 27 -1 -1 9 -1 29 -1 -1 -1 -1 -1 -1 23 -1 22 -1 25 -1 17 -1 -1 -1 -1 21 -1 -1 -1 -1 -1 -1 -1 24 20 19 18 -1 -1 
-1 -1 -1 -1 4 5 6 7 -1 -1 -1 -1 -1 3 -1 -1 -1 -1 -1 -1 1 -1 2 10 -1 -1 -1 11 -1 12 -1 28 -1 -1 -1 -1 -1 -1 -1 -1 -1 -1 14 -1 26 -1 -1 30 -1 -1 -1 -1 -1 27 -1 -1 9 -1 29 -1 -1 -1 -1 -1 -1 23 -1 22 -1 25 -1 17 -1 -1 -1 -1 21 -1 -1 -1 -1 -1 -1 -1 0 20 19 18 -1 -1 
-1 -1 -1 -1 4 5 6 7 -1 -1 -1 -1 -1 3 -1 -1 -1 -1 -1 -1 1 -1 2 10 -1 -1 -1 11 -1 12 -1 28 -1 -1 -1 -1 -1 -1 -1 -1 -1 -1 14 -1 26 -1 -1 30 -1 -1 -1 -1 -1 27 -1 -1 9 -1 29 -1 -1 -1 -1 -1 -1 23 -1 22 -1 25 -1 17 -1 -1 -1 -1 21 -1 -1 -1 -1 -1 -1 -1 20 -1 19 18 -1 -1 
-1 -1 -1 -1 4 5 6 7 -1 -1 -1 -1 -1 3 -1 -1 -1 -1 -1 -1 1 -1 2 -1 -1 -1 10 11 -1 12 -1 28 -1 -1 -1 -1 -1 -1 -1 -1 -1 -1 14 -1 26 -1 -1 30 -1 -1 -1 -1 -1 27 -1 -1 9 -1 29 -1 -1 -1 -1 -1 -1 23 -1 22 -1 25 -1 17 -1 -1 -1 -1 21 -1 -1 -1 -1 -1 -1 -1 20 -1 19 18 -1 -1 
-1 -1 -1 -1 4 5 6 7 -1 -1 -1 -1 -1 3 -1 -1 -1 -1 -1 -1 1 -1 2 -1 -1 -1 10 11 -1 12 -1 28 -1 -1 -1 -1 -1 -1 -1 -1 -1 -1 14 -1 26 -1 -1 30 -1 -1 -1 -1 17 27 -1 -1 9 -1 29 -1 -1 -1 -1 -1 -1 23 -1 22 -1 25 -1 -1 -1 -1 -1 -1 21 -1 -1 -1 -1 -1 -1 -1 20 -1 19 18 -1 -1 
-1 -1 -1 -1 4 5 6 -1 -1 -1 -1 -1 -1 3 -1 -1 -1 -1 -1 -1 1 -1 2 -1 7 -1 10 11 -1 12 -1 28 -1 -1 -1 -1 -1 -1 -1 -1 -1 -1 14 -1 26 -1 -1 30 -1 -1 -1 -1 17 27 -1 -1 9 -1 29 -1 -1 -1 -1 -1 -1 23 -1 22 -1 25 -1 -1 -1 -1 -1 -1 21 -1 -1 -1 -1 -1 -1 -1 20 -1 19 18 -1 -1 
-1 -1 -1 -1 4 5 6 -1 -1 -1 -1 -1 -1 3 -1 -1 -1 -1 -1 -1 1 -1 2 -1 7 -1 10 11 -1 12 -1 28 -1 -1 -1 -1 -1 -1 -1 -1 -1 -1 14 -1 26 -1 -1 30 -1 -1 -1 28 17 27 -1 -1 9 -1 29 -1 -1 -1 -1 -1 -1 23 -1 22 -1 25 -1 -1 -1 -1 -1 -1 21 -1 -1 -1 -1 -1 -1 -1 20 -1 19 18 -1 -1 
-1 -1 -1 -1 4 5 6 -1 -1 -1 -1 -1 -1 3 -1 -1 -1 -1 -1 -1 1 -1 2 -1 7 -1 10 11 -1 12 -1 28 -1 -1 -1 -1 -1 -1 -1 -1 -1 -1 -1 -1 26 -1 -1 30 -1 -1 -1 14 17 27 -1 -1 9 -1 29 -1 -1 -1 -1 -1 -1 23 -1 22 -1 25 -1 -1 -1 -1 -1 -1 21 -1 -1 -1 -1 -1 -1 -1 20 -1 19 18 -1 -1 
-1 -1 -1 -1 4 5 6 -1 -1 -1 -1 -1 -1 3 -1 -1 -1 -1 -1 -1 1 -1 2 -1 7 -1 10 11 -1 12 -1 28 -1 17 -1 -1 -1 -1 -1 -1 -1 -1 -1 -1 26 -1 -1 30 -1 -1 -1 14 -1 27 -1 -1 9 -1 29 -1 -1 -1 -1 -1 -1 23 -1 22 -1 25 -1 -1 -1 -1 -1 -1 21 -1 -1 -1 -1 -1 -1 -1 20 -1 19 18 -1 -1 
-1 -1 -1 -1 4 5 6 -1 -1 -1 -1 -1 -1 3 -1 -1 -1 -1 -1 -1 1 -1 2 -1 7 -1 -1 11 -1 12 -1 28 -1 17 -1 -1 -1 -1 -1 -1 -1 -1 -1 -1 26 -1 -1 30 -1 -1 -1 14 -1 10 -1 -1 9 -1 29 -1 -1 -1 -1 -1 -1 23 -1 22 -1 25 -1 -1 -1 -1 -1 -1 21 -1 -1 -1 -1 -1 -1 -1 20 -1 19 18 -1 -1 
-1 -1 -1 -1 4 5 6 -1 26 -1 -1 -1 -1 3 -1 -1 -1 -1 -1 -1 1 -1 2 -1 7 -1 -1 11 -1 12 -1 28 -1 17 -1 -1 -1 -1 -1 -1 -1 -1 -1 -1 -1 -1 -1 30 -1 -1 -1 14 -1 10 -1 -1 9 -1 29 -1 -1 -1 -1 -1 -1 23 -1 22 -1 25 -1 -1 -1 -1 -1 -1 21 -1 -1 -1 -1 -1 -1 -1 20 -1 19 18 -1 -1 
-1 -1 -1 -1 4 5 6 -1 26 -1 -1 -1 -1 -1 -1 -1 -1 -1 -1 -1 1 -1 2 3 7 -1 -1 11 -1 12 -1 28 -1 17 -1 -1 -1 -1 -1 -1 -1 -1 -1 -1 -1 -1 -1 30 -1 -1 -1 14 -1 10 -1 -1 9 -1 29 -1 -1 -1 -1 -1 -1 23 -1 22 -1 25 -1 -1 -1 -1 -1 -1 21 -1 -1 -1 -1 -1 -1 -1 20 -1 19 18 -1 -1 
-1 -1 -1 -1 4 5 6 -1 26 -1 -1 -1 -1 -1 -1 -1 -1 -1 -1 -1 1 -1 17 3 7 -1 -1 11 -1 12 -1 28 -1 -1 -1 -1 -1 -1 -1 -1 -1 -1 -1 -1 -1 -1 -1 30 -1 -1 -1 14 -1 10 -1 -1 9 -1 29 -1 -1 -1 -1 -1 -1 23 -1 22 -1 25 -1 -1 -1 -1 -1 -1 21 -1 -1 -1 -1 -1 -1 -1 20 -1 19 18 -1 -1 
-1 -1 -1 -1 4 5 6 -1 26 -1 -1 -1 -1 -1 -1 -1 -1 -1 -1 -1 1 -1 17 3 -1 -1 -1 11 -1 12 -1 28 -1 -1 -1 -1 -1 -1 -1 -1 -1 7 -1 -1 -1 -1 -1 30 -1 -1 -1 14 -1 10 -1 -1 9 -1 29 -1 -1 -1 -1 -1 -1 23 -1 22 -1 25 -1 -1 -1 -1 -1 -1 21 -1 -1 -1 -1 -1 -1 -1 20 -1 19 18 -1 -1 
-1 -1 -1 -1 4 5 6 -1 26 -1 -1 17 -1 -1 -1 -1 -1 -1 -1 -1 1 -1 -1 3 -1 -1 -1 11 -1 12 -1 28 -1 -1 -1 -1 -1 -1 -1 -1 -1 7 -1 -1 -1 -1 -1 30 -1 -1 -1 14 -1 10 -1 -1 9 -1 29 -1 -1 -1 -1 -1 -1 23 -1 22 -1 25 -1 -1 -1 -1 -1 -1 21 -1 -1 -1 -1 -1 -1 -1 20 -1 19 18 -1 -1 
-1 -1 -1 -1 -1 5 6 -1 26 -1 -1 17 -1 4 -1 -1 -1 -1 -1 -1 1 -1 -1 3 -1 -1 -1 11 -1 12 -1 28 -1 -1 -1 -1 -1 -1 -1 -1 -1 7 -1 -1 -1 -1 -1 30 -1 -1 -1 14 -1 10 -1 -1 9 -1 29 -1 -1 -1 -1 -1 -1 23 -1 22 -1 25 -1 -1 -1 -1 -1 -1 21 -1 -1 -1 -1 -1 -1 -1 20 -1 19 18 -1 -1 
-1 -1 -1 -1 -1 5 25 -1 26 -1 -1 17 -1 4 -1 -1 -1 -1 -1 -1 1 -1 -1 3 -1 -1 -1 11 -1 12 -1 28 -1 -1 -1 -1 -1 -1 -1 -1 -1 7 -1 -1 -1 -1 -1 30 -1 -1 -1 14 -1 10 -1 -1 9 -1 29 -1 -1 -1 -1 -1 -1 23 -1 22 -1 -1 -1 -1 -1 -1 -1 -1 21 -1 -1 -1 -1 -1 -1 -1 20 -1 19 18 -1 -1 
-1 -1 -1 -1 -1 5 25 -1 26 -1 -1 17 -1 4 -1 -1 -1 10 -1 -1 1 -1 -1 3 -1 -1 -1 11 -1 12 -1 28 -1 -1 -1 -1 -1 -1 -1 -1 -1 7 -1 -1 -1 -1 -1 30 -1 -1 -1 14 -1 -1 -1 -1 9 -1 29 -1 -1 -1 -1 -1 -1 23 -1 22 -1 -1 -1 -1 -1 -1 -1 -1 21 -1 -1 -1 -1 -1 -1 -1 20 -1 19 18 -1 -1 
-1 -1 -1 -1 -1 5 -1 -1 26 -1 -1 17 -1 4 -1 25 -1 10 -1 -1 1 -1 -1 3 -1 -1 -1 11 -1 12 -1 28 -1 -1 -1 -1 -1 -1 -1 -1 -1 7 -1 -1 -1 -1 -1 30 -1 -1 -1 14 -1 -1 -1 -1 9 -1 29 -1 -1 -1 -1 -1 -1 23 -1 22 -1 -1 -1 -1 -1 -1 -1 -1 21 -1 -1 -1 -1 -1 -1 -1 20 -1 19 18 -1 -1 
-1 -1 -1 -1 -1 5 -1 -1 26 -1 -1 17 -1 4 -1 25 -1 10 -1 -1 1 -1 -1 3 -1 -1 -1 11 -1 12 -1 28 -1 -1 -1 -1 -1 -1 -1 -1 -1 7 -1 -1 -1 -1 -1 30 -1 -1 14 -1 -1 -1 -1 -1 9 -1 29 -1 -1 -1 -1 -1 -1 23 -1 22 -1 -1 -1 -1 -1 -1 -1 -1 21 -1 -1 -1 -1 -1 -1 -1 20 -1 19 18 -1 -1 
-1 -1 -1 -1 -1 5 -1 -1 26 -1 -1 17 -1 4 -1 -1 25 10 -1 -1 1 -1 -1 3 -1 -1 -1 11 -1 12 -1 28 -1 -1 -1 -1 -1 -1 -1 -1 -1 7 -1 -1 -1 -1 -1 30 -1 -1 14 -1 -1 -1 -1 -1 9 -1 29 -1 -1 -1 -1 -1 -1 23 -1 22 -1 -1 -1 -1 -1 -1 -1 -1 21 -1 -1 -1 -1 -1 -1 -1 20 -1 19 18 -1 -1 
-1 -1 -1 -1 -1 5 -1 -1 26 -1 -1 17 -1 4 -1 -1 25 10 -1 -1 1 -1 -1 3 -1 -1 -1 11 -1 12 -1 28 -1 -1 -1 -1 -1 -1 -1 -1 -1 -1 -1 -1 -1 -1 -1 30 -1 -1 14 -1 7 -1 -1 -1 9 -1 29 -1 -1 -1 -1 -1 -1 23 -1 22 -1 -1 -1 -1 -1 -1 -1 -1 21 -1 -1 -1 -1 -1 -1 -1 20 -1 19 18 -1 -1 
-1 -1 -1 -1 -1 5 26 -1 -1 -1 -1 17 -1 4 -1 -1 25 10 -1 -1 1 -1 -1 3 -1 -1 -1 11 -1 12 -1 28 -1 -1 -1 -1 -1 -1 -1 -1 -1 -1 -1 -1 -1 -1 -1 30 -1 -1 14 -1 7 -1 -1 -1 9 -1 29 -1 -1 -1 -1 -1 -1 23 -1 22 -1 -1 -1 -1 -1 -1 -1 -1 21 -1 -1 -1 -1 -1 -1 -1 20 -1 19 18 -1 -1 
-1 -1 -1 -1 -1 5 26 -1 -1 -1 -1 17 -1 4 -1 -1 25 10 -1 -1 1 -1 -1 3 -1 -1 -1 11 -1 12 -1 28 -1 -1 -1 7 -1 -1 -1 -1 -1 -1 -1 -1 -1 -1 -1 30 -1 -1 14 -1 -1 -1 -1 -1 9 -1 29 -1 -1 -1 -1 -1 -1 23 -1 22 -1 -1 -1 -1 -1 -1 -1 -1 21 -1 -1 -1 -1 -1 -1 -1 20 -1 19 18 -1 -1 
-1 -1 -1 -1 -1 5 26 -1 -1 -1 -1 17 -1 4 -1 25 -1 10 -1 -1 1 -1 -1 3 -1 -1 -1 11 -1 12 -1 28 -1 -1 -1 7 -1 -1 -1 -1 -1 -1 -1 -1 -1 -1 -1 30 -1 -1 14 -1 -1 -1 -1 -1 9 -1 29 -1 -1 -1 -1 -1 -1 23 -1 22 -1 -1 -1 -1 -1 -1 -1 -1 21 -1 -1 -1 -1 -1 -1 -1 20 -1 19 18 -1 -1 
-1 -1 -1 -1 -1 5 26 -1 -1 -1 -1 17 -1 4 -1 25 -1 10 -1 -1 1 -1 -1 3 -1 -1 -1 11 -1 12 -1 -1 -1 -1 -1 7 -1 -1 -1 -1 13 -1 -1 -1 -1 -1 -1 30 -1 -1 14 -1 -1 -1 -1 -1 9 -1 29 -1 -1 -1 -1 -1 -1 23 -1 22 -1 -1 -1 -1 -1 -1 -1 -1 21 -1 -1 -1 -1 -1 -1 -1 20 -1 19 18 -1 -1 
-1 -1 -1 -1 -1 5 26 -1 -1 -1 -1 17 -1 4 -1 25 -1 10 -1 -1 1 -1 -1 3 -1 -1 -1 11 -1 12 -1 -1 -1 -1 -1 7 -1 -1 -1 -1 13 -1 -1 -1 -1 31 -1 30 -1 -1 14 -1 -1 -1 -1 -1 9 -1 29 -1 -1 -1 -1 -1 -1 23 -1 22 -1 -1 -1 -1 -1 -1 -1 -1 21 -1 -1 -1 -1 -1 -1 -1 20 -1 19 18 -1 -1 
-1 -1 -1 -1 -1 5 26 -1 -1 -1 -1 17 -1 4 -1 25 -1 10 -1 -1 -1 -1 -1 3 -1 -1 -1 11 -1 12 -1 1 -1 -1 -1 7 -1 -1 -1 -1 13 -1 -1 -1 -1 31 -1 30 -1 -1 14 -1 -1 -1 -1 -1 9 -1 29 -1 -1 -1 -1 -1 -1 23 -1 22 -1 -1 -1 -1 -1 -1 -1 -1 21 -1 -1 -1 -1 -1 -1 -1 20 -1 19 18 -1 -1 
-1 -1 -1 -1 -1 5 -1 26 -1 -1 -1 17 -1 4 -1 25 -1 10 -1 -1 -1 -1 -1 3 -1 -1 -1 11 -1 12 -1 1 -1 -1 -1 7 -1 -1 -1 -1 13 -1 -1 -1 -1 31 -1 30 -1 -1 14 -1 -1 -1 -1 -1 9 -1 29 -1 -1 -1 -1 -1 -1 23 -1 22 -1 -1 -1 -1 -1 -1 -1 -1 21 -1 -1 -1 -1 -1 -1 -1 20 -1 19 18 -1 -1 
-1 -1 -1 -1 -1 5 -1 26 -1 -1 -1 17 -1 4 -1 25 10 -1 -1 -1 -1 -1 -1 3 -1 -1 -1 11 -1 12 -1 1 -1 -1 -1 7 -1 -1 -1 -1 13 -1 -1 -1 -1 31 -1 30 -1 -1 14 -1 -1 -1 -1 -1 9 -1 29 -1 -1 -1 -1 -1 -1 23 -1 22 -1 -1 -1 -1 -1 -1 -1 -1 21 -1 -1 -1 -1 -1 -1 -1 20 -1 19 18 -1 -1 
-1 -1 -1 -1 -1 5 -1 -1 26 -1 -1 17 -1 4 -1 25 10 -1 -1 -1 -1 -1 -1 3 -1 -1 -1 11 -1 12 -1 1 -1 -1 -1 7 -1 -1 -1 -1 13 -1 -1 -1 -1 31 -1 30 -1 -1 14 -1 -1 -1 -1 -1 9 -1 29 -1 -1 -1 -1 -1 -1 23 -1 22 -1 -1 -1 -1 -1 -1 -1 -1 21 -1 -1 -1 -1 -1 -1 -1 20 -1 19 18 -1 -1 
-1 -1 -1 -1 -1 5 -1 -1 26 -1 -1 17 -1 4 -1 25 10 -1 -1 -1 -1 -1 -1 3 7 -1 -1 11 -1 12 -1 1 -1 -1 -1 -1 -1 -1 -1 -1 13 -1 -1 -1 -1 31 -1 30 -1 -1 14 -1 -1 -1 -1 -1 9 -1 29 -1 -1 -1 -1 -1 -1 23 -1 22 -1 -1 -1 -1 -1 -1 -1 -1 21 -1 -1 -1 -1 -1 -1 -1 20 -1 19 18 -1 -1 
-1 -1 -1 -1 -1 5 -1 -1 -1 -1 -1 17 -1 4 -1 25 10 -1 -1 -1 -1 -1 -1 3 7 -1 26 11 -1 12 -1 1 -1 -1 -1 -1 -1 -1 -1 -1 13 -1 -1 -1 -1 31 -1 30 -1 -1 14 -1 -1 -1 -1 -1 9 -1 29 -1 -1 -1 -1 -1 -1 23 -1 22 -1 -1 -1 -1 -1 -1 -1 -1 21 -1 -1 -1 -1 -1 -1 -1 20 -1 19 18 -1 -1 
-1 -1 -1 -1 -1 5 -1 -1 -1 -1 -1 17 -1 -1 4 25 10 -1 -1 -1 -1 -1 -1 3 7 -1 26 11 -1 12 -1 1 -1 -1 -1 -1 -1 -1 -1 -1 13 -1 -1 -1 -1 31 -1 30 -1 -1 14 -1 -1 -1 -1 -1 9 -1 29 -1 -1 -1 -1 -1 -1 23 -1 22 -1 -1 -1 -1 -1 -1 -1 -1 21 -1 -1 -1 -1 -1 -1 -1 20 -1 19 18 -1 -1 
-1 -1 -1 -1 -1 5 -1 -1 -1 -1 -1 17 -1 -1 4 25 10 -1 -1 -1 -1 -1 -1 3 7 26 -1 11 -1 12 -1 1 -1 -1 -1 -1 -1 -1 -1 -1 13 -1 -1 -1 -1 31 -1 30 -1 -1 14 -1 -1 -1 -1 -1 9 -1 29 -1 -1 -1 -1 -1 -1 23 -1 22 -1 -1 -1 -1 -1 -1 -1 -1 21 -1 -1 -1 -1 -1 -1 -1 20 -1 19 18 -1 -1 
-1 -1 -1 -1 -1 5 -1 -1 -1 -1 -1 17 -1 -1 4 25 10 -1 -1 -1 -1 -1 -1 -1 7 26 -1 11 -1 12 -1 3 -1 -1 -1 -1 -1 -1 -1 -1 13 -1 -1 -1 -1 31 -1 30 -1 -1 14 -1 -1 -1 -1 -1 9 -1 29 -1 -1 -1 -1 -1 -1 23 -1 22 -1 -1 -1 -1 -1 -1 -1 -1 21 -1 -1 -1 -1 -1 -1 -1 20 -1 19 18 -1 -1 
-1 -1 -1 -1 -1 5 -1 -1 -1 -1 -1 17 -1 -1 4 25 10 -1 -1 -1 -1 -1 -1 -1 7 -1 -1 11 -1 12 -1 3 -1 -1 26 -1 -1 -1 -1 -1 13 -1 -1 -1 -1 31 -1 30 -1 -1 14 -1 -1 -1 -1 -1 9 -1 29 -1 -1 -1 -1 -1 -1 23 -1 22 -1 -1 -1 -1 -1 -1 -1 -1 21 -1 -1 -1 -1 -1 -1 -1 20 -1 19 18 -1 -1 
-1 -1 -1 -1 -1 5 -1 -1 -1 -1 -1 17 -1 -1 4 25 10 -1 -1 -1 -1 -1 -1 -1 7 -1 -1 11 -1 12 -1 -1 -1 -1 26 -1 -1 -1 -1 3 13 -1 -1 -1 -1 31 -1 30 -1 -1 14 -1 -1 -1 -1 -1 9 -1 29 -1 -1 -1 -1 -1 -1 23 -1 22 -1 -1 -1 -1 -1 -1 -1 -1 21 -1 -1 -1 -1 -1 -1 -1 20 -1 19 18 -1 -1 
-1 -1 -1 -1 -1 5 -1 -1 -1 -1 -1 17 -1 -1 4 25 10 -1 -1 -1 -1 -1 -1 -1 7 -1 -1 11 -1 12 -1 -1 -1 -1 26 -1 -1 -1 -1 3 13 -1 -1 -1 -1 31 -1 30 -1 -1 14 -1 -1 -1 -1 -1 9 -1 29 -1 -1 -1 -1 -1 -1 23 -1 22 -1 -1 -1 -1 -1 -1 -1 -1 21 -1 -1 -1 -1 -1 -1 -1 -1 20 19 18 -1 -1 
-1 -1 -1 -1 -1 4 -1 -1 -1 -1 -1 17 -1 -1 -1 25 10 -1 -1 -1 -1 -1 -1 -1 7 -1 -1 11 -1 12 -1 -1 -1 -1 26 -1 -1 -1 -1 3 13 -1 -1 -1 -1 31 -1 30 -1 -1 14 -1 -1 -1 -1 -1 9 -1 29 -1 -1 -1 -1 -1 -1 23 -1 22 -1 -1 -1 -1 -1 -1 -1 -1 21 -1 -1 -1 -1 -1 -1 -1 -1 20 19 18 -1 -1 
-1 -1 -1 -1 -1 4 -1 -1 -1 -1 -1 -1 -1 -1 -1 25 10 -1 17 -1 -1 -1 -1 -1 7 -1 -1 11 -1 12 -1 -1 -1 -1 26 -1 -1 -1 -1 3 13 -1 -1 -1 -1 31 -1 30 -1 -1 14 -1 -1 -1 -1 -1 9 -1 29 -1 -1 -1 -1 -1 -1 23 -1 22 -1 -1 -1 -1 -1 -1 -1 -1 21 -1 -1 -1 -1 -1 -1 -1 -1 20 19 18 -1 -1 
-1 -1 -1 -1 -1 4 -1 -1 -1 -1 -1 -1 -1 -1 -1 25 10 -1 17 -1 -1 -1 -1 -1 7 -1 -1 11 -1 -1 -1 -1 -1 -1 26 -1 -1 -1 12 3 13 -1 -1 -1 -1 31 -1 30 -1 -1 14 -1 -1 -1 -1 -1 9 -1 29 -1 -1 -1 -1 -1 -1 23 -1 22 -1 -1 -1 -1 -1 -1 -1 -1 21 -1 -1 -1 -1 -1 -1 -1 -1 20 19 18 -1 -1 
-1 -1 -1 -1 -1 4 -1 -1 -1 -1 -1 -1 -1 -1 -1 25 10 -1 -1 -1 -1 -1 -1 -1 7 -1 -1 11 -1 17 -1 -1 -1 -1 26 -1 -1 -1 12 3 13 -1 -1 -1 -1 31 -1 30 -1 -1 14 -1 -1 -1 -1 -1 9 -1 29 -1 -1 -1 -1 -1 -1 23 -1 22 -1 -1 -1 -1 -1 -1 -1 -1 21 -1 -1 -1 -1 -1 -1 -1 -1 20 19 18 -1 -1 
-1 -1 -1 -1 -1 4 -1 -1 -1 -1 -1 -1 -1 -1 -1 25 10 -1 -1 -1 -1 -1 -1 -1 7 -1 -1 11 -1 17 -1 -1 -1 -1 26 -1 -1 -1 12 3 -1 -1 -1 -1 -1 31 -1 30 -1 13 14 -1 -1 -1 -1 -1 9 -1 29 -1 -1 -1 -1 -1 -1 23 -1 22 -1 -1 -1 -1 -1 -1 -1 -1 21 -1 -1 -1 -1 -1 -1 -1 -1 20 19 18 -1 -1 
-1 -1 -1 -1 -1 4 -1 -1 -1 -1 -1 -1 -1 -1 -1 25 10 -1 -1 -1 -1 -1 -1 -1 7 -1 -1 11 -1 17 -1 -1 -1 -1 26 -1 -1 -1 12 3 -1 -1 -1 -1 -1 31 -1 30 -1 29 14 -1 -1 -1 -1 -1 9 -1 -1 -1 -1 -1 -1 -1 -1 23 -1 22 -1 -1 -1 -1 -1 -1 -1 -1 21 -1 -1 -1 -1 -1 -1 -1 -1 20 19 18 -1 -1 
-1 -1 -1 -1 -1 4 -1 -1 -1 -1 -1 -1 -1 -1 -1 25 10 -1 -1 -1 -1 -1 -1 -1 7 -1 -1 11 -1 17 -1 -1 -1 -1 26 -1 -1 -1 12 3 -1 -1 -1 -1 -1 31 -1 30 -1 14 -1 -1 -1 -1 -1 -1 9 -1 -1 -1 -1 -1 -1 -1 -1 23 -1 22 -1 -1 -1 -1 -1 -1 -1 -1 21 -1 -1 -1 -1 -1 -1 -1 -1 20 19 18 -1 -1 
-1 -1 -1 -1 -1 4 -1 -1 -1 -1 -1 -1 -1 -1 -1 25 10 -1 -1 -1 -1 -1 -1 -1 7 -1 -1 11 -1 -1 -1 -1 -1 -1 26 -1 -1 -1 12 3 17 -1 -1 -1 -1 31 -1 30 -1 14 -1 -1 -1 -1 -1 -1 9 -1 -1 -1 -1 -1 -1 -1 -1 23 -1 22 -1 -1 -1 -1 -1 -1 -1 -1 21 -1 -1 -1 -1 -1 -1 -1 -1 20 19 18 -1 -1 
-1 -1 -1 -1 -1 4 -1 -1 -1 -1 -1 -1 -1 -1 -1 25 10 -1 -1 -1 -1 -1 -1 -1 7 -1 -1 11 -1 -1 -1 -1 -1 -1 26 -1 -1 -1 -1 3 17 -1 -1 -1 -1 31 -1 12 -1 14 -1 -1 -1 -1 -1 -1 9 -1 -1 -1 -1 -1 -1 -1 -1 23 -1 22 -1 -1 -1 -1 -1 -1 -1 -1 21 -1 -1 -1 -1 -1 -1 -1 -1 20 19 18 -1 -1 
-1 -1 -1 -1 -1 4 -1 -1 -1 -1 -1 -1 -1 -1 -1 25 10 -1 -1 -1 -1 -1 -1 -1 7 -1 -1 11 -1 -1 -1 -1 -1 -1 26 -1 -1 -1 -1 3 17 -1 -1 -1 -1 31 -1 22 -1 14 -1 -1 -1 -1 -1 -1 9 -1 -1 -1 -1 -1 -1 -1 -1 23 -1 -1 -1 -1 -1 -1 -1 -1 -1 -1 21 -1 -1 -1 -1 -1 -1 -1 -1 20 19 18 -1 -1 
-1 -1 -1 -1 -1 -1 -1 -1 -1 -1 -1 -1 -1 -1 -1 25 10 -1 -1 -1 -1 -1 -1 -1 7 -1 -1 11 -1 -1 -1 -1 -1 -1 26 -1 -1 -1 -1 3 17 -1 -1 -1 -1 31 -1 22 -1 14 -1 -1 -1 -1 -1 -1 9 -1 -1 -1 -1 -1 -1 -1 -1 23 -1 -1 -1 -1 -1 -1 -1 -1 -1 -1 21 -1 -1 -1 -1 -1 -1 -1 -1 20 19 18 -1 -1 
-1 -1 -1 -1 -1 -1 -1 -1 -1 -1 -1 -1 -1 -1 -1 25 10 -1 -1 -1 -1 -1 -1 -1 7 -1 -1 26 -1 -1 -1 -1 -1 -1 -1 -1 -1 -1 -1 3 17 -1 -1 -1 -1 31 -1 22 -1 14 -1 -1 -1 -1 -1 -1 9 -1 -1 -1 -1 -1 -1 -1 -1 23 -1 -1 -1 -1 -1 -1 -1 -1 -1 -1 21 -1 -1 -1 -1 -1 -1 -1 -1 20 19 18 -1 -1 
-1 -1 -1 -1 -1 -1 -1 -1 -1 -1 -1 -1 -1 -1 -1 25 10 -1 -1 -1 -1 -1 -1 -1 -1 -1 -1 26 -1 -1 -1 -1 -1 -1 -1 -1 -1 -1 -1 3 17 7 -1 -1 -1 31 -1 22 -1 14 -1 -1 -1 -1 -1 -1 9 -1 -1 -1 -1 -1 -1 -1 -1 23 -1 -1 -1 -1 -1 -1 -1 -1 -1 -1 21 -1 -1 -1 -1 -1 -1 -1 -1 20 19 18 -1 -1 
-1 -1 -1 -1 -1 -1 -1 -1 -1 -1 -1 -1 -1 -1 -1 25 10 -1 -1 -1 -1 -1 -1 -1 -1 -1 -1 -1 -1 -1 -1 -1 -1 -1 -1 -1 26 -1 -1 3 17 7 -1 -1 -1 31 -1 22 -1 14 -1 -1 -1 -1 -1 -1 9 -1 -1 -1 -1 -1 -1 -1 -1 23 -1 -1 -1 -1 -1 -1 -1 -1 -1 -1 21 -1 -1 -1 -1 -1 -1 -1 -1 20 19 18 -1 -1 
-1 -1 -1 -1 -1 -1 -1 -1 -1 -1 -1 -1 -1 -1 -1 25 -1 -1 -1 -1 -1 -1 -1 -1 -1 -1 -1 -1 -1 -1 -1 -1 -1 -1 -1 -1 26 -1 -1 3 17 7 -1 10 -1 31 -1 22 -1 14 -1 -1 -1 -1 -1 -1 9 -1 -1 -1 -1 -1 -1 -1 -1 23 -1 -1 -1 -1 -1 -1 -1 -1 -1 -1 21 -1 -1 -1 -1 -1 -1 -1 -1 20 19 18 -1 -1 
-1 -1 -1 -1 -1 -1 -1 -1 -1 -1 -1 -1 -1 -1 -1 25 -1 -1 -1 -1 -1 -1 -1 -1 -1 -1 -1 -1 -1 -1 -1 -1 -1 -1 -1 -1 -1 -1 -1 3 17 26 -1 10 -1 31 -1 22 -1 14 -1 -1 -1 -1 -1 -1 9 -1 -1 -1 -1 -1 -1 -1 -1 23 -1 -1 -1 -1 -1 -1 -1 -1 -1 -1 21 -1 -1 -1 -1 -1 -1 -1 -1 20 19 18 -1 -1 
-1 -1 -1 -1 -1 -1 -1 -1 -1 -1 -1 -1 -1 -1 -1 25 -1 -1 -1 -1 -1 -1 -1 -1 -1 -1 -1 -1 -1 -1 -1 -1 -1 -1 -1 -1 -1 -1 -1 3 10 26 -1 -1 -1 31 -1 22 -1 14 -1 -1 -1 -1 -1 -1 9 -1 -1 -1 -1 -1 -1 -1 -1 23 -1 -1 -1 -1 -1 -1 -1 -1 -1 -1 21 -1 -1 -1 -1 -1 -1 -1 -1 20 19 18 -1 -1 
-1 -1 -1 -1 -1 -1 -1 -1 -1 -1 -1 -1 -1 -1 -1 -1 -1 -1 -1 -1 -1 -1 -1 -1 -1 -1 -1 -1 -1 -1 -1 -1 -1 25 -1 -1 -1 -1 -1 3 10 26 -1 -1 -1 31 -1 22 -1 14 -1 -1 -1 -1 -1 -1 9 -1 -1 -1 -1 -1 -1 -1 -1 23 -1 -1 -1 -1 -1 -1 -1 -1 -1 -1 21 -1 -1 -1 -1 -1 -1 -1 -1 20 19 18 -1 -1 
-1 -1 -1 -1 -1 -1 -1 -1 -1 -1 -1 -1 -1 -1 -1 -1 -1 -1 -1 -1 -1 -1 -1 -1 -1 -1 -1 -1 -1 -1 -1 -1 -1 25 -1 -1 -1 -1 -1 3 10 26 -1 -1 -1 31 -1 22 -1 14 -1 -1 -1 -1 -1 -1 -1 9 -1 -1 -1 -1 -1 -1 -1 23 -1 -1 -1 -1 -1 -1 -1 -1 -1 -1 21 -1 -1 -1 -1 -1 -1 -1 -1 20 19 18 -1 -1 
-1 -1 -1 -1 -1 -1 -1 -1 -1 -1 -1 -1 -1 -1 -1 -1 -1 -1 -1 -1 -1 -1 -1 -1 -1 -1 -1 -1 -1 -1 -1 -1 25 -1 -1 -1 -1 -1 -1 3 10 26 -1 -1 -1 31 -1 22 -1 14 -1 -1 -1 -1 -1 -1 -1 9 -1 -1 -1 -1 -1 -1 -1 23 -1 -1 -1 -1 -1 -1 -1 -1 -1 -1 21 -1 -1 -1 -1 -1 -1 -1 -1 20 19 18 -1 -1 
-1 -1 -1 -1 4 -1 -1 -1 -1 -1 -1 -1 -1 -1 -1 -1 -1 -1 -1 -1 -1 -1 -1 -1 -1 -1 -1 -1 -1 -1 -1 -1 25 -1 -1 -1 -1 -1 -1 3 10 26 -1 -1 -1 31 -1 22 -1 14 -1 -1 -1 -1 -1 -1 -1 9 -1 -1 -1 -1 -1 -1 -1 23 -1 -1 -1 -1 -1 -1 -1 -1 -1 -1 21 -1 -1 -1 -1 -1 -1 -1 -1 20 19 18 -1 -1 
-1 -1 -1 -1 4 -1 -1 -1 -1 -1 -1 -1 -1 -1 -1 -1 -1 -1 -1 -1 -1 -1 -1 -1 -1 -1 -1 -1 -1 -1 -1 -1 25 -1 -1 -1 -1 -1 -1 3 10 26 -1 -1 -1 31 23 22 -1 14 -1 -1 -1 -1 -1 -1 -1 9 -1 -1 -1 -1 -1 -1 -1 -1 -1 -1 -1 -1 -1 -1 -1 -1 -1 -1 21 -1 -1 -1 -1 -1 -1 -1 -1 20 19 18 -1 -1 
-1 -1 -1 -1 4 -1 -1 -1 -1 -1 -1 -1 -1 -1 -1 -1 -1 -1 -1 -1 -1 -1 -1 -1 -1 -1 -1 -1 -1 -1 -1 -1 25 -1 -1 -1 -1 -1 -1 3 10 26 -1 -1 -1 31 23 22 13 -1 -1 -1 -1 -1 -1 -1 -1 9 -1 -1 -1 -1 -1 -1 -1 -1 -1 -1 -1 -1 -1 -1 -1 -1 -1 -1 21 -1 -1 -1 -1 -1 -1 -1 -1 20 19 18 -1 -1 
-1 -1 -1 -1 4 -1 -1 -1 -1 -1 -1 -1 -1 -1 -1 -1 -1 -1 -1 -1 -1 -1 -1 -1 -1 -1 -1 -1 -1 -1 -1 -1 25 -1 -1 -1 -1 -1 -1 3 10 26 -1 -1 -1 31 23 22 13 -1 -1 -1 -1 -1 -1 -1 -1 9 -1 -1 -1 -1 -1 -1 -1 -1 -1 18 -1 -1 -1 -1 -1 -1 -1 -1 21 -1 -1 -1 -1 -1 -1 -1 -1 20 19 -1 -1 -1 
-1 -1 -1 -1 4 -1 -1 -1 -1 -1 -1 -1 -1 -1 -1 -1 -1 -1 -1 -1 -1 -1 -1 -1 -1 -1 -1 -1 -1 -1 -1 -1 25 -1 -1 -1 -1 -1 -1 3 10 26 -1 -1 -1 31 23 13 -1 -1 -1 -1 -1 -1 -1 -1 -1 9 -1 -1 -1 -1 -1 -1 -1 -1 -1 18 -1 -1 -1 -1 -1 -1 -1 -1 21 -1 -1 -1 -1 -1 -1 -1 -1 20 19 -1 -1 -1 
-1 -1 -1 -1 4 -1 -1 -1 -1 -1 -1 -1 -1 -1 -1 -1 -1 -1 -1 -1 -1 -1 -1 -1 -1 -1 -1 -1 -1 23 -1 -1 25 -1 -1 -1 -1 -1 -1 3 10 26 -1 -1 -1 31 -1 13 -1 -1 -1 -1 -1 -1 -1 -1 -1 9 -1 -1 -1 -1 -1 -1 -1 -1 -1 18 -1 -1 -1 -1 -1 -1 -1 -1 21 -1 -1 -1 -1 -1 -1 -1 -1 20 19 -1 -1 -1 
-1 -1 -1 -1 4 -1 -1 -1 -1 -1 -1 -1 -1 -1 -1 -1 -1 -1 -1 -1 -1 -1 -1 -1 -1 -1 -1 -1 -1 23 -1 -1 25 -1 -1 -1 -1 -1 -1 3 -1 26 -1 -1 -1 31 -1 13 -1 10 -1 -1 -1 -1 -1 -1 -1 9 -1 -1 -1 -1 -1 -1 -1 -1 -1 18 -1 -1 -1 -1 -1 -1 -1 -1 21 -1 -1 -1 -1 -1 -1 -1 -1 20 19 -1 -1 -1 
-1 -1 -1 -1 4 -1 -1 -1 -1 -1 -1 -1 -1 -1 -1 -1 -1 -1 -1 -1 -1 -1 -1 -1 -1 -1 -1 -1 -1 23 -1 -1 25 -1 -1 -1 31 -1 -1 3 -1 26 -1 -1 -1 -1 -1 13 -1 10 -1 -1 -1 -1 -1 -1 -1 9 -1 -1 -1 -1 -1 -1 -1 -1 -1 18 -1 -1 -1 -1 -1 -1 -1 -1 21 -1 -1 -1 -1 -1 -1 -1 -1 20 19 -1 -1 -1 
-1 -1 -1 -1 4 -1 -1 -1 -1 -1 -1 -1 -1 -1 -1 -1 -1 -1 -1 -1 -1 -1 -1 -1 -1 -1 -1 -1 -1 23 -1 -1 25 -1 -1 -1 31 -1 -1 3 -1 26 -1 -1 -1 -1 -1 13 -1 10 -1 -1 -1 -1 -1 -1 9 -1 -1 -1 -1 -1 -1 -1 -1 -1 -1 18 -1 -1 -1 -1 -1 -1 -1 -1 21 -1 -1 -1 -1 -1 -1 -1 -1 20 19 -1 -1 -1 
-1 -1 -1 -1 4 -1 -1 -1 -1 -1 -1 -1 -1 -1 -1 -1 -1 -1 23 -1 -1 -1 -1 -1 -1 -1 -1 -1 -1 -1 -1 -1 25 -1 -1 -1 31 -1 -1 3 -1 26 -1 -1 -1 -1 -1 13 -1 10 -1 -1 -1 -1 -1 -1 9 -1 -1 -1 -1 -1 -1 -1 -1 -1 -1 18 -1 -1 -1 -1 -1 -1 -1 -1 21 -1 -1 -1 -1 -1 -1 -1 -1 20 19 -1 -1 -1 
-1 -1 -1 -1 4 -1 -1 -1 -1 -1 -1 -1 -1 -1 -1 -1 -1 -1 23 -1 -1 -1 -1 -1 -1 -1 -1 -1 -1 -1 -1 -1 25 -1 -1 -1 31 -1 -1 3 -1 26 -1 -1 -1 -1 -1 13 1 10 -1 -1 -1 -1 -1 -1 9 -1 -1 -1 -1 -1 -1 -1 -1 -1 -1 18 -1 -1 -1 -1 -1 -1 -1 -1 21 -1 -1 -1 -1 -1 -1 -1 -1 20 19 -1 -1 -1 
-1 -1 -1 -1 4 -1 -1 -1 -1 -1 -1 -1 -1 -1 -1 -1 -1 -1 23 -1 -1 -1 -1 -1 -1 -1 -1 -1 -1 -1 -1 -1 25 -1 -1 -1 31 -1 -1 3 26 -1 -1 -1 -1 -1 -1 13 1 10 -1 -1 -1 -1 -1 -1 9 -1 -1 -1 -1 -1 -1 -1 -1 -1 -1 18 -1 -1 -1 -1 -1 -1 -1 -1 21 -1 -1 -1 -1 -1 -1 -1 -1 20 19 -1 -1 -1 
-1 -1 -1 -1 -1 4 -1 -1 -1 -1 -1 -1 -1 -1 -1 -1 -1 -1 23 -1 -1 -1 -1 -1 -1 -1 -1 -1 -1 -1 -1 -1 25 -1 -1 -1 31 -1 -1 3 26 -1 -1 -1 -1 -1 -1 13 1 10 -1 -1 -1 -1 -1 -1 9 -1 -1 -1 -1 -1 -1 -1 -1 -1 -1 18 -1 -1 -1 -1 -1 -1 -1 -1 21 -1 -1 -1 -1 -1 -1 -1 -1 20 19 -1 -1 -1 
-1 -1 -1 -1 -1 4 -1 -1 -1 -1 -1 -1 -1 -1 -1 -1 -1 -1 23 -1 -1 -1 -1 -1 -1 -1 -1 -1 -1 -1 -1 -1 -1 -1 -1 -1 31 -1 -1 3 26 -1 -1 -1 -1 -1 -1 13 1 10 25 -1 -1 -1 -1 -1 9 -1 -1 -1 -1 -1 -1 -1 -1 -1 -1 18 -1 -1 -1 -1 -1 -1 -1 -1 21 -1 -1 -1 -1 -1 -1 -1 -1 20 19 -1 -1 -1 
-1 -1 -1 -1 -1 4 -1 -1 -1 -1 -1 -1 -1 -1 -1 -1 -1 -1 23 -1 -1 -1 -1 -1 -1 -1 -1 -1 -1 -1 -1 1 -1 -1 -1 -1 31 -1 -1 3 26 -1 -1 -1 -1 -1 -1 13 -1 10 25 -1 -1 -1 -1 -1 9 -1 -1 -1 -1 -1 -1 -1 -1 -1 -1 18 -1 -1 -1 -1 -1 -1 -1 -1 21 -1 -1 -1 -1 -1 -1 -1 -1 20 19 -1 -1 -1 
-1 -1 -1 -1 -1 4 -1 -1 -1 -1 -1 -1 -1 -1 -1 -1 -1 -1 23 -1 -1 -1 -1 -1 -1 -1 -1 -1 -1 -1 -1 1 -1 -1 -1 -1 31 -1 -1 3 26 -1 -1 -1 -1 -1 -1 25 -1 10 -1 -1 -1 -1 -1 -1 9 -1 -1 -1 -1 -1 -1 -1 -1 -1 -1 18 -1 -1 -1 -1 -1 -1 -1 -1 21 -1 -1 -1 -1 -1 -1 -1 -1 20 19 -1 -1 -1 
-1 -1 -1 -1 -1 4 -1 -1 -1 -1 -1 -1 -1 -1 -1 -1 -1 -1 23 -1 -1 -1 -1 -1 -1 -1 -1 -1 -1 -1 -1 1 -1 -1 -1 -1 31 -1 -1 3 26 -1 -1 -1 -1 -1 -1 25 -1 10 -1 -1 -1 -1 -1 -1 9 -1 -1 -1 -1 -1 -1 -1 -1 -1 -1 18 -1 -1 -1 -1 -1 -1 -1 -1 21 -1 -1 -1 -1 -1 -1 -1 -1 20 19 -1 -1 -1 
