0 1 2 3 4 5 6 7 8 -1 -1 -1 -1 -1 -1 -1 -1 -1 -1 9 -1 -1 -1 -1 -1 10 -1 11 -1 12 -1 28 -1 14 -1 15 -1 -1 -1 -1 -1 -1 -1 -1 -1 -1 -1 30 -1 -1 -1 -1 -1 -1 -1 -1 -1 -1 29 -1 -1 -1 27 -1 26 -1 -1 -1 -1 -1 25 -1 -1 -1 -1 -1 -1 -1 -1 -1 -1 24 23 22 21 20 19 18 17 16 
0 1 2 3 4 5 6 7 8 -1 -1 -1 -1 -1 -1 -1 -1 -1 -1 9 -1 -1 -1 -1 -1 10 -1 11 -1 12 -1 28 -1 -1 -1 15 -1 -1 -1 -1 -1 -1 14 -1 -1 -1 -1 30 -1 -1 -1 -1 -1 -1 -1 -1 -1 -1 29 -1 -1 -1 27 -1 26 -1 -1 -1 -1 -1 25 -1 -1 -1 -1 -1 -1 -1 -1 -1 -1 24 23 22 21 20 19 18 17 16 
0 1 2 3 4 5 6 7 8 -1 -1 -1 -1 -1 -1 -1 -1 -1 -1 9 -1 -1 -1 -1 -1 10 -1 11 -1 12 -1 28 -1 -1 -1 15 -1 -1 -1 -1 -1 -1 14 -1 -1 -1 -1 30 -1 -1 -1 -1 -1 -1 -1 -1 -1 -1 29 -1 -1 -1 27 -1 26 -1 -1 -1 -1 25 -1 -1 -1 -1 -1 -1 -1 -1 -1 -1 -1 24 23 22 21 20 19 18 17 16 
0 1 2 3 4 5 -1 7 8 -1 -1 -1 -1 -1 -1 -1 -1 -1 -1 9 -1 -1 6 -1 -1 10 -1 11 -1 12 -1 28 -1 -1 -1 15 -1 -1 -1 -1 -1 -1 14 -1 -1 -1 -1 30 -1 -1 -1 -1 -1 -1 -1 -1 -1 -1 29 -1 -1 -1 27 -1 26 -1 -1 -1 -1 25 -1 -1 -1 -1 -1 -1 -1 -1 -1 -1 -1 24 23 22 21 20 19 18 17 16 
0 1 2 3 4 5 -1 7 8 -1 -1 -1 -1 -1 -1 -1 -1 -1 -1 9 -1 -1 6 -1 -1 10 -1 11 -1 12 -1 28 -1 -1 -1 15 -1 -1 -1 -1 -1 -1 14 -1 -1 -1 -1 30 -1 -1 -1 -1 -1 -1 -1 -1 -1 -1 29 -1 -1 -1 27 -1 26 -1 -1 -1 -1 25 -1 17 -1 -1 -1 -1 -1 -1 -1 -1 -1 24 23 22 21 20 19 18 -1 16 
0 1 2 3 4 5 -1 -1 8 -1 -1 -1 -1 -1 -1 -1 -1 -1 -1 9 -1 -1 6 -1 7 10 -1 11 -1 12 -1 28 -1 -1 -1 15 -1 -1 -1 -1 -1 -1 14 -1 -1 -1 -1 30 -1 -1 -1 -1 -1 -1 -1 -1 -1 -1 29 -1 -1 -1 27 -1 26 -1 -1 -1 -1 25 -1 17 -1 -1 -1 -1 -1 -1 -1 -1 -1 24 23 22 21 20 19 18 -1 16 
0 1 2 3 4 5 -1 -1 8 -1 -1 -1 -1 -1 -1 -1 -1 -1 -1 9 -1 -1 6 -1 7 10 -1 11 -1 12 -1 28 -1 -1 -1 15 -1 -1 -1 -1 -1 -1 14 -1 -1 -1 -1 30 -1 -1 -1 -1 -1 -1 -1 -1 -1 -1 29 -1 -1 -1 27 -1 26 -1 -1 -1 -1 25 -1 17 -1 -1 -1 -1 -1 -1 -1 -1 -1 24 23 22 21 20 19 18 16 -1 
0 1 2 3 4 5 -1 8 -1 -1 -1 -1 -1 -1 -1 -1 -1 -1 -1 9 -1 -1 6 -1 7 10 -1 11 -1 12 -1 28 -1 -1 -1 15 -1 -1 -1 -1 -1 -1 14 -1 -1 -1 -1 30 -1 -1 -1 -1 -1 -1 -1 -1 -1 -1 29 -1 -1 -1 27 -1 26 -1 -1 -1 -1 25 -1 17 -1 -1 -1 -1 -1 -1 -1 -1 -1 24 23 22 21 20 19 18 16 -1 
0 1 2 3 4 5 -1 8 -1 -1 -1 -1 -1 -1 -1 -1 -1 -1 -1 9 -1 -1 6 -1 7 10 -1 11 -1 12 -1 28 -1 -1 16 15 -1 -1 -1 -1 -1 -1 14 -1 -1 -1 -1 30 -1 -1 -1 -1 -1 -1 -1 -1 -1 -1 29 -1 -1 -1 27 -1 26 -1 -1 -1 -1 25 -1 17 -1 -1 -1 -1 -1 -1 -1 -1 -1 24 23 22 21 20 19 18 -1 -1 
0 1 2 3 4 5 -1 8 -1 -1 -1 -1 -1 -1 -1 -1 -1 -1 -1 9 -1 -1 6 -1 7 -1 10 11 -1 12 -1 28 -1 -1 16 15 -1 -1 -1 -1 -1 -1 14 -1 -1 -1 -1 30 -1 -1 -1 -1 -1 -1 -1 -1 -1 -1 29 -1 -1 -1 27 -1 26 -1 -1 -1 -1 25 -1 17 -1 -1 -1 -1 -1 -1 -1 -1 -1 24 23 22 21 20 19 18 -1 -1 
0 1 2 3 4 5 -1 16 -1 -1 -1 -1 -1 -1 -1 -1 -1 -1 -1 9 -1 -1 6 -1 7 -1 10 11 -1 12 -1 28 -1 -1 -1 15 -1 -1 -1 -1 -1 -1 14 -1 -1 -1 -1 30 -1 -1 -1 -1 -1 -1 -1 -1 -1 -1 29 -1 -1 -1 27 -1 26 -1 -1 -1 -1 25 -1 17 -1 -1 -1 -1 -1 -1 -1 -1 -1 24 23 22 21 20 19 18 -1 -1 
0 1 2 3 4 5 -1 7 -1 -1 -1 -1 -1 -1 -1 -1 -1 -1 -1 9 -1 -1 6 -1 -1 -1 10 11 -1 12 -1 28 -1 -1 -1 15 -1 -1 -1 -1 -1 -1 14 -1 -1 -1 -1 30 -1 -1 -1 -1 -1 -1 -1 -1 -1 -1 29 -1 -1 -1 27 -1 26 -1 -1 -1 -1 25 -1 17 -1 -1 -1 -1 -1 -1 -1 -1 -1 24 23 22 21 20 19 18 -1 -1 
0 1 2 3 4 5 -1 7 -1 -1 -1 -1 -1 -1 -1 -1 -1 -1 -1 9 -1 -1 6 -1 -1 -1 10 11 -1 12 -1 28 -1 -1 -1 15 -1 -1 -1 -1 -1 -1 14 -1 -1 -1 -1 30 -1 -1 -1 -1 -1 -1 -1 -1 -1 -1 29 -1 -1 -1 27 -1 -1 -1 -1 26 -1 25 -1 17 -1 -1 -1 -1 -1 -1 -1 -1 -1 24 23 22 21 20 19 18 -1 -1 
-1 1 2 3 4 5 -1 7 -1 0 -1 -1 -1 -1 -1 -1 -1 -1 -1 9 -1 -1 6 -1 -1 -1 10 11 -1 12 -1 28 -1 -1 -1 15 -1 -1 -1 -1 -1 -1 14 -1 -1 -1 -1 30 -1 -1 -1 -1 -1 -1 -1 -1 -1 -1 29 -1 -1 -1 27 -1 -1 -1 -1 26 -1 25 -1 17 -1 -1 -1 -1 -1 -1 -1 -1 -1 24 23 22 21 20 19 18 -1 -1 
-1 1 2 3 4 5 -1 7 -1 0 -1 -1 -1 -1 -1 -1 -1 -1 -1 9 -1 -1 6 -1 -1 -1 10 11 -1 12 -1 26 -1 -1 -1 15 -1 -1 -1 -1 -1 -1 14 -1 -1 -1 -1 30 -1 -1 -1 -1 -1 -1 -1 -1 -1 -1 29 -1 -1 -1 27 -1 -1 -1 -1 -1 -1 25 -1 17 -1 -1 -1 -1 -1 -1 -1 -1 -1 24 23 22 21 20 19 18 -1 -1 
-1 1 2 3 4 -1 -1 7 -1 0 -1 -1 -1 5 -1 -1 -1 -1 -1 9 -1 -1 6 -1 -1 -1 10 11 -1 12 -1 26 -1 -1 -1 15 -1 -1 -1 -1 -1 -1 14 -1 -1 -1 -1 30 -1 -1 -1 -1 -1 -1 -1 -1 -1 -1 29 -1 -1 -1 27 -1 -1 -1 -1 -1 -1 25 -1 17 -1 -1 -1 -1 -1 -1 -1 -1 -1 24 23 22 21 20 19 18 -1 -1 
-1 1 2 3 4 -1 -1 7 -1 0 -1 -1 -1 5 -1 -1 -1 -1 -1 9 -1 -1 6 -1 -1 -1 10 11 -1 12 -1 26 -1 -1 -1 15 -1 -1 -1 -1 -1 -1 14 -1 -1 -1 -1 30 -1 -1 -1 -1 -1 -1 -1 -1 -1 -1 29 -1 -1 -1 27 -1 -1 -1 -1 22 -1 25 -1 17 -1 -1 -1 -1 -1 -1 -1 -1 -1 24 23 -1 21 20 19 18 -1 -1 
-1 1 2 3 4 -1 -1 7 -1 -1 -1 0 -1 5 -1 -1 -1 -1 -1 9 -1 -1 6 -1 -1 -1 10 11 -1 12 -1 26 -1 -1 -1 15 -1 -1 -1 -1 -1 -1 14 -1 -1 -1 -1 30 -1 -1 -1 -1 -1 -1 -1 -1 -1 -1 29 -1 -1 -1 27 -1 -1 -1 -1 22 -1 25 -1 17 -1 -1 -1 -1 -1 -1 -1 -1 -1 24 23 -1 21 20 19 18 -1 -1 
-1 1 2 3 4 -1 -1 7 -1 -1 -1 0 -1 5 -1 -1 -1 -1 -1 9 -1 -1 6 -1 -1 -1 10 11 -1 12 -1 26 -1 -1 -1 15 -1 -1 -1 -1 -1 -1 14 -1 -1 -1 -1 30 -1 -1 -1 -1 -1 -1 -1 -1 -1 -1 29 -1 -1 -1 27 -1 -1 -1 -1 22 -1 25 -1 17 -1 -1 -1 23 -1 -1 -1 -1 -1 24 -1 -1 21 20 19 18 -1 -1 
-1 1 2 3 4 -1 -1 7 -1 -1 -1 0 -1 5 -1 -1 -1 -1 -1 9 -1 -1 6 -1 -1 -1 10 11 -1 -1 -1 26 -1 -1 -1 15 -1 -1 12 -1 -1 -1 14 -1 -1 -1 -1 30 -1 -1 -1 -1 -1 -1 -1 -1 -1 -1 29 -1 -1 -1 27 -1 -1 -1 -1 22 -1 25 -1 17 -1 -1 -1 23 -1 -1 -1 -1 -1 24 -1 -1 21 20 19 18 -1 -1 
-1 1 2 3 4 -1 -1 7 -1 -1 -1 0 -1 5 -1 -1 -1 -1 -1 9 -1 -1 6 -1 -1 -1 10 11 -1 -1 -1 26 -1 -1 -1 15 -1 -1 12 -1 -1 -1 14 -1 -1 -1 -1 30 -1 -1 -1 -1 -1 -1 -1 -1 -1 -1 29 -1 -1 -1 27 -1 -1 -1 -1 22 -1 25 -1 17 -1 -1 -1 23 -1 -1 -1 -1 -1 -1 -1 24 21 20 19 18 -1 -1 
-1 1 2 3 4 -1 -1 7 -1 -1 -1 0 -1 5 -1 -1 -1 -1 -1 9 -1 -1 6 -1 -1 -1 10 11 -1 -1 -1 26 -1 -1 -1 15 -1 -1 -1 -1 -1 -1 14 -1 -1 -1 -1 12 -1 -1 -1 -1 -1 -1 -1 -1 -1 -1 29 -1 -1 -1 27 -1 -1 -1 -1 22 -1 25 -1 17 -1 -1 -1 23 -1 -1 -1 -1 -1 -1 -1 24 21 20 19 18 -1 -1 
-1 1 2 3 4 -1 -1 7 -1 -1 -1 0 -1 5 -1 -1 -1 -1 -1 9 -1 -1 6 -1 -1 -1 10 11 -1 -1 -1 26 -1 -1 -1 15 -1 -1 -1 -1 -1 -1 14 -1 -1 -1 -1 24 -1 -1 -1 -1 -1 -1 -1 -1 -1 -1 29 -1 -1 -1 27 -1 -1 -1 -1 22 -1 25 -1 17 -1 -1 -1 23 -1 -1 -1 -1 -1 -1 -1 -1 21 20 19 18 -1 -1 
-1 1 2 3 4 -1 -1 7 -1 -1 -1 -1 -1 5 -1 -1 -1 -1 -1 9 -1 -1 6 -1 -1 -1 10 11 -1 -1 -1 26 -1 -1 -1 15 -1 -1 -1 -1 -1 -1 14 -1 -1 -1 -1 0 -1 -1 -1 -1 -1 -1 -1 -1 -1 -1 29 -1 -1 -1 27 -1 -1 -1 -1 22 -1 25 -1 17 -1 -1 -1 23 -1 -1 -1 -1 -1 -1 -1 -1 21 20 19 18 -1 -1 
-1 1 2 3 4 -1 -1 7 -1 -1 -1 -1 -1 5 -1 -1 -1 -1 -1 9 -1 -1 6 -1 -1 -1 10 11 -1 -1 -1 26 -1 -1 -1 15 -1 -1 -1 -1 -1 -1 14 -1 -1 -1 -1 22 -1 -1 -1 -1 -1 -1 -1 -1 -1 -1 29 -1 -1 -1 27 -1 -1 -1 -1 -1 -1 25 -1 17 -1 -1 -1 23 -1 -1 -1 -1 -1 -1 -1 -1 21 20 19 18 -1 -1 
-1 -1 2 3 4 -1 -1 7 -1 -1 -1 -1 -1 5 -1 -1 -1 -1 -1 9 1 -1 6 -1 -1 -1 10 11 -1 -1 -1 26 -1 -1 -1 15 -1 -1 -1 -1 -1 -1 14 -1 -1 -1 -1 22 -1 -1 -1 -1 -1 -1 -1 -1 -1 -1 29 -1 -1 -1 27 -1 -1 -1 -1 -1 -1 25 -1 17 -1 -1 -1 23 -1 -1 -1 -1 -1 -1 -1 -1 21 20 19 18 -1 -1 
-1 -1 2 3 4 -1 -1 7 -1 -1 -1 -1 -1 5 -1 -1 -1 -1 -1 9 1 -1 6 -1 -1 -1 10 11 -1 -1 -1 -1 -1 -1 -1 15 -1 -1 -1 -1 26 -1 14 -1 -1 -1 -1 22 -1 -1 -1 -1 -1 -1 -1 -1 -1 -1 29 -1 -1 -1 27 -1 -1 -1 -1 -1 -1 25 -1 17 -1 -1 -1 23 -1 -1 -1 -1 -1 -1 -1 -1 21 20 19 18 -1 -1 
-1 -1 2 3 4 -1 -1 7 -1 -1 -1 -1 -1 5 -1 -1 -1 -1 -1 9 -1 -1 6 -1 -1 -1 10 11 -1 -1 -1 1 -1 -1 -1 15 -1 -1 -1 -1 26 -1 14 -1 -1 -1 -1 22 -1 -1 -1 -1 -1 -1 -1 -1 -1 -1 29 -1 -1 -1 27 -1 -1 -1 -1 -1 -1 25 -1 17 -1 -1 -1 23 -1 -1 -1 -1 -1 -1 -1 -1 21 20 19 18 -1 -1 
-1 -1 2 3 4 -1 -1 7 -1 -1 -1 -1 -1 5 -1 -1 -1 -1 -1 9 -1 -1 6 -1 -1 -1 10 11 -1 -1 -1 1 -1 -1 -1 15 -1 -1 -1 -1 26 -1 14 -1 -1 -1 -1 22 -1 -1 -1 -1 -1 -1 -1 -1 -1 -1 29 -1 -1 -1 27 25 -1 -1 -1 -1 -1 -1 -1 17 -1 -1 -1 23 -1 -1 -1 -1 -1 -1 -1 -1 21 20 19 18 -1 -1 
-1 -1 2 3 4 -1 -1 -1 -1 -1 -1 -1 -1 5 -1 -1 -1 -1 -1 9 -1 -1 6 -1 7 -1 10 11 -1 -1 -1 1 -1 -1 -1 15 -1 -1 -1 -1 26 -1 14 -1 -1 -1 -1 22 -1 -1 -1 -1 -1 -1 -1 -1 -1 -1 29 -1 -1 -1 27 25 -1 -1 -1 -1 -1 -1 -1 17 -1 -1 -1 23 -1 -1 -1 -1 -1 -1 -1 -1 21 20 19 18 -1 -1 
-1 -1 2 3 4 -1 -1 -1 -1 -1 -1 -1 -1 5 -1 -1 -1 -1 -1 9 -1 -1 6 -1 7 -1 10 25 -1 -1 -1 1 -1 -1 -1 15 -1 -1 -1 -1 26 -1 14 -1 -1 -1 -1 22 -1 -1 -1 -1 -1 -1 -1 -1 -1 -1 29 -1 -1 -1 27 -1 -1 -1 -1 -1 -1 -1 -1 17 -1 -1 -1 23 -1 -1 -1 -1 -1 -1 -1 -1 21 20 19 18 -1 -1 
-1 -1 2 3 4 -1 -1 -1 -1 -1 -1 -1 -1 5 -1 -1 -1 -1 -1 9 -1 -1 6 -1 7 -1 -1 25 -1 -1 -1 1 -1 -1 -1 15 -1 -1 -1 -1 26 -1 14 -1 -1 -1 -1 22 -1 -1 -1 -1 -1 -1 -1 -1 -1 -1 29 -1 -1 -1 10 -1 -1 -1 -1 -1 -1 -1 -1 17 -1 -1 -1 23 -1 -1 -1 -1 -1 -1 -1 -1 21 20 19 18 -1 -1 
-1 -1 2 3 4 -1 -1 -1 -1 -1 -1 -1 -1 5 -1 -1 -1 -1 -1 9 -1 -1 6 -1 7 -1 -1 25 -1 -1 -1 1 -1 -1 -1 15 -1 -1 -1 -1 26 -1 14 -1 -1 -1 -1 22 -1 -1 -1 -1 -1 -1 -1 -1 -1 -1 29 -1 -1 -1 10 -1 -1 -1 -1 -1 -1 -1 -1 -1 -1 -1 -1 23 -1 -1 -1 -1 -1 -1 -1 -1 21 20 19 18 17 -1 
-1 -1 2 3 4 -1 -1 -1 -1 -1 -1 -1 -1 5 -1 -1 -1 -1 -1 -1 -1 -1 6 -1 7 -1 -1 25 -1 -1 -1 1 -1 -1 -1 15 -1 -1 -1 -1 26 -1 14 -1 -1 -1 -1 22 -1 -1 -1 -1 -1 -1 -1 9 -1 -1 29 -1 -1 -1 10 -1 -1 -1 -1 -1 -1 -1 -1 -1 -1 -1 -1 23 -1 -1 -1 -1 -1 -1 -1 -1 21 20 19 18 17 -1 
-1 -1 2 3 4 -1 -1 -1 -1 -1 -1 -1 -1 5 -1 -1 -1 -1 -1 -1 -1 -1 6 -1 7 -1 -1 25 -1 -1 -1 1 -1 -1 -1 15 -1 -1 -1 -1 26 -1 14 -1 -1 -1 -1 22 -1 -1 -1 -1 -1 -1 -1 9 -1 -1 29 -1 -1 -1 10 -1 -1 -1 -1 -1 -1 -1 -1 17 -1 -1 -1 23 -1 -1 -1 -1 -1 -1 -1 -1 21 20 19 18 -1 -1 
-1 -1 2 3 4 -1 -1 -1 -1 -1 -1 -1 -1 5 -1 -1 -1 -1 -1 -1 -1 -1 6 -1 7 -1 -1 25 -1 -1 -1 1 -1 -1 -1 15 -1 -1 -1 -1 26 -1 14 -1 10 -1 -1 22 -1 -1 -1 -1 -1 -1 -1 9 -1 -1 29 -1 -1 -1 -1 -1 -1 -1 -1 -1 -1 -1 -1 17 -1 -1 -1 23 -1 -1 -1 -1 -1 -1 -1 -1 21 20 19 18 -1 -1 
-1 -1 2 3 4 -1 -1 -1 -1 -1 -1 -1 -1 5 -1 -1 -1 -1 -1 -1 -1 -1 6 -1 7 -1 -1 25 -1 -1 -1 1 -1 -1 -1 15 -1 -1 -1 -1 -1 -1 14 -1 26 -1 -1 22 -1 -1 -1 -1 -1 -1 -1 9 -1 -1 29 -1 -1 -1 -1 -1 -1 -1 -1 -1 -1 -1 -1 17 -1 -1 -1 23 -1 -1 -1 -1 -1 -1 -1 -1 21 20 19 18 -1 -1 
-1 -1 2 3 4 -1 -1 -1 -1 -1 -1 -1 -1 5 -1 -1 -1 -1 -1 -1 -1 -1 6 -1 7 -1 -1 25 -1 -1 -1 1 -1 -1 -1 -1 -1 -1 -1 -1 -1 -1 14 -1 15 -1 -1 22 -1 -1 -1 -1 -1 -1 -1 9 -1 -1 29 -1 -1 -1 -1 -1 -1 -1 -1 -1 -1 -1 -1 17 -1 -1 -1 23 -1 -1 -1 -1 -1 -1 -1 -1 21 20 19 18 -1 -1 
-1 -1 2 3 4 -1 -1 -1 -1 -1 -1 -1 -1 5 -1 -1 -1 -1 -1 -1 -1 -1 6 -1 7 -1 -1 25 -1 -1 -1 1 -1 -1 -1 -1 -1 -1 -1 -1 -1 -1 14 -1 15 -1 -1 22 -1 -1 -1 -1 -1 -1 -1 9 -1 -1 29 -1 -1 -1 -1 -1 -1 -1 -1 -1 23 -1 -1 17 -1 -1 -1 -1 -1 -1 -1 -1 -1 -1 -1 -1 21 20 19 18 -1 -1 
-1 -1 2 3 4 -1 -1 -1 -1 -1 -1 -1 -1 5 -1 -1 -1 -1 -1 -1 -1 -1 6 -1 7 -1 -1 25 -1 -1 -1 1 -1 -1 -1 -1 -1 -1 -1 -1 -1 -1 14 -1 -1 -1 -1 22 -1 -1 -1 -1 -1 15 -1 9 -1 -1 29 -1 -1 -1 -1 -1 -1 -1 -1 -1 23 -1 -1 17 -1 -1 -1 -1 -1 -1 -1 -1 -1 -1 -1 -1 21 20 19 18 -1 -1 
-1 -1 2 3 4 -1 -1 -1 -1 -1 -1 -1 -1 5 -1 -1 -1 -1 -1 -1 -1 -1 6 -1 7 -1 -1 25 -1 -1 -1 1 -1 -1 -1 -1 -1 -1 -1 -1 -1 -1 14 -1 -1 -1 -1 22 -1 29 -1 -1 -1 15 -1 9 -1 -1 -1 -1 -1 -1 -1 -1 -1 -1 -1 -1 23 -1 -1 17 -1 -1 -1 -1 -1 -1 -1 -1 -1 -1 -1 -1 21 20 19 18 -1 -1 
-1 -1 2 3 4 -1 -1 -1 -1 -1 -1 -1 -1 5 -1 -1 -1 -1 -1 -1 -1 -1 6 -1 7 -1 -1 25 -1 -1 -1 -1 -1 -1 -1 -1 -1 -1 -1 -1 -1 -1 14 -1 -1 -1 -1 22 -1 29 1 -1 -1 15 -1 9 -1 -1 -1 -1 -1 -1 -1 -1 -1 -1 -1 -1 23 -1 -1 17 -1 -1 -1 -1 -1 -1 -1 -1 -1 -1 -1 -1 21 20 19 18 -1 -1 
-1 -1 2 3 4 -1 -1 -1 -1 -1 -1 -1 -1 5 -1 -1 -1 -1 -1 -1 -1 -1 6 -1 7 -1 -1 25 -1 -1 -1 -1 -1 -1 -1 -1 -1 -1 -1 -1 -1 -1 14 -1 -1 -1 -1 22 -1 29 1 28 -1 15 -1 9 -1 -1 -1 -1 -1 -1 -1 -1 -1 -1 -1 -1 23 -1 -1 17 -1 -1 -1 -1 -1 -1 -1 -1 -1 -1 -1 -1 21 20 19 18 -1 -1 
-1 -1 2 3 4 -1 -1 -1 -1 -1 -1 -1 -1 5 -1 -1 -1 -1 -1 -1 -1 -1 6 -1 -1 -1 -1 25 -1 -1 -1 -1 -1 -1 -1 7 -1 -1 -1 -1 -1 -1 14 -1 -1 -1 -1 22 -1 29 1 28 -1 15 -1 9 -1 -1 -1 -1 -1 -1 -1 -1 -1 -1 -1 -1 23 -1 -1 17 -1 -1 -1 -1 -1 -1 -1 -1 -1 -1 -1 -1 21 20 19 18 -1 -1 
-1 -1 2 3 4 -1 -1 -1 -1 -1 -1 -1 -1 5 -1 -1 -1 -1 -1 -1 -1 -1 6 -1 -1 -1 -1 -1 -1 -1 -1 -1 -1 -1 25 7 -1 -1 -1 -1 -1 -1 14 -1 -1 -1 -1 22 -1 29 1 28 -1 15 -1 9 -1 -1 -1 -1 -1 -1 -1 -1 -1 -1 -1 -1 23 -1 -1 17 -1 -1 -1 -1 -1 -1 -1 -1 -1 -1 -1 -1 21 20 19 18 -1 -1 
-1 -1 2 3 4 -1 -1 -1 -1 -1 -1 -1 -1 5 -1 -1 -1 -1 -1 -1 -1 -1 6 -1 -1 -1 -1 -1 -1 -1 -1 -1 -1 -1 25 7 -1 -1 -1 -1 -1 -1 14 -1 -1 -1 -1 22 -1 29 1 28 -1 -1 -1 9 -1 -1 -1 -1 -1 -1 15 -1 -1 -1 -1 -1 23 -1 -1 17 -1 -1 -1 -1 -1 -1 -1 -1 -1 -1 -1 -1 21 20 19 18 -1 -1 
-1 -1 2 3 4 -1 -1 -1 -1 -1 -1 -1 -1 5 -1 -1 -1 -1 -1 -1 -1 -1 6 -1 -1 -1 -1 -1 -1 -1 -1 -1 -1 -1 25 7 -1 -1 -1 -1 -1 -1 14 -1 -1 -1 -1 22 -1 29 1 28 -1 -1 -1 9 -1 -1 -1 -1 -1 -1 15 -1 -1 -1 -1 -1 23 -1 -1 -1 -1 -1 -1 -1 -1 -1 17 -1 -1 -1 -1 -1 21 20 19 18 -1 -1 
-1 -1 2 3 4 -1 -1 -1 -1 -1 -1 -1 -1 5 -1 -1 -1 -1 -1 -1 -1 -1 6 -1 -1 -1 -1 -1 -1 -1 -1 -1 -1 -1 25 -1 -1 -1 -1 -1 -1 -1 14 -1 -1 -1 -1 22 -1 29 1 28 7 -1 -1 9 -1 -1 -1 -1 -1 -1 15 -1 -1 -1 -1 -1 23 -1 -1 -1 -1 -1 -1 -1 -1 -1 17 -1 -1 -1 -1 -1 21 20 19 18 -1 -1 
-1 -1 2 3 4 -1 -1 -1 -1 -1 -1 -1 -1 5 -1 -1 -1 -1 -1 -1 -1 -1 6 -1 -1 -1 -1 -1 -1 -1 -1 -1 -1 -1 25 -1 -1 -1 -1 -1 -1 -1 14 -1 -1 -1 -1 22 -1 29 1 28 7 -1 -1 9 -1 -1 -1 -1 -1 -1 15 -1 -1 -1 -1 -1 23 -1 -1 -1 -1 -1 -1 -1 21 -1 17 -1 -1 -1 -1 -1 -1 20 19 18 -1 -1 
-1 -1 2 3 4 -1 -1 -1 -1 -1 -1 -1 -1 5 -1 -1 -1 -1 -1 -1 -1 -1 6 -1 -1 -1 -1 -1 -1 -1 -1 -1 -1 -1 25 -1 -1 -1 -1 -1 -1 -1 14 -1 -1 -1 -1 22 -1 29 1 28 -1 -1 -1 9 -1 -1 -1 -1 -1 -1 15 -1 -1 -1 -1 -1 23 7 -1 -1 -1 -1 -1 -1 21 -1 17 -1 -1 -1 -1 -1 -1 20 19 18 -1 -1 
-1 -1 2 3 4 -1 -1 -1 -1 -1 -1 -1 -1 5 -1 -1 -1 -1 -1 -1 -1 -1 6 -1 -1 -1 -1 -1 -1 -1 -1 -1 -1 -1 25 -1 -1 -1 -1 -1 -1 -1 14 -1 -1 -1 -1 22 -1 29 1 28 -1 -1 -1 9 -1 -1 -1 -1 -1 -1 15 -1 -1 -1 -1 17 23 7 -1 -1 -1 -1 -1 -1 21 -1 -1 -1 -1 -1 -1 -1 -1 20 19 18 -1 -1 
-1 -1 2 3 4 -1 -1 -1 -1 -1 -1 -1 -1 5 -1 -1 -1 -1 -1 -1 -1 -1 6 -1 -1 -1 -1 -1 -1 -1 -1 -1 -1 -1 25 -1 -1 -1 -1 -1 -1 -1 14 -1 -1 -1 -1 22 -1 29 -1 28 -1 -1 -1 9 -1 -1 -1 -1 -1 -1 15 -1 -1 -1 -1 1 23 7 -1 -1 -1 -1 -1 -1 21 -1 -1 -1 -1 -1 -1 -1 -1 20 19 18 -1 -1 
-1 -1 2 3 4 -1 -1 -1 -1 -1 -1 -1 -1 5 -1 -1 -1 -1 -1 -1 -1 -1 6 -1 -1 -1 -1 -1 -1 -1 -1 -1 -1 -1 25 -1 -1 -1 -1 -1 -1 -1 14 -1 -1 -1 -1 -1 -1 29 -1 28 -1 -1 -1 9 -1 -1 -1 -1 -1 -1 15 -1 -1 -1 -1 22 23 7 -1 -1 -1 -1 -1 -1 21 -1 -1 -1 -1 -1 -1 -1 -1 20 19 18 -1 -1 
-1 -1 2 3 4 -1 -1 -1 -1 -1 -1 -1 -1 5 -1 -1 -1 -1 -1 -1 -1 -1 6 -1 -1 -1 -1 -1 -1 -1 -1 -1 -1 -1 25 -1 -1 -1 -1 -1 -1 -1 14 -1 -1 -1 -1 -1 -1 29 -1 28 -1 -1 -1 -1 -1 -1 -1 9 -1 -1 15 -1 -1 -1 -1 22 23 7 -1 -1 -1 -1 -1 -1 21 -1 -1 -1 -1 -1 -1 -1 -1 20 19 18 -1 -1 
-1 -1 2 3 4 -1 -1 -1 -1 -1 -1 -1 -1 5 -1 -1 -1 -1 -1 -1 -1 -1 6 -1 -1 -1 -1 -1 -1 -1 -1 -1 -1 -1 25 -1 -1 -1 -1 -1 -1 -1 28 -1 -1 -1 -1 -1 -1 29 -1 -1 -1 -1 -1 -1 -1 -1 -1 9 -1 -1 15 -1 -1 -1 -1 22 23 7 -1 -1 -1 -1 -1 -1 21 -1 -1 -1 -1 -1 -1 -1 -1 20 19 18 -1 -1 
-1 -1 2 3 4 -1 -1 -1 -1 -1 -1 -1 -1 5 -1 -1 -1 -1 -1 -1 -1 -1 -1 -1 -1 -1 -1 -1 -1 -1 -1 -1 -1 -1 25 -1 -1 -1 -1 -1 -1 -1 6 -1 -1 -1 -1 -1 -1 29 -1 -1 -1 -1 -1 -1 -1 -1 -1 9 -1 -1 15 -1 -1 -1 -1 22 23 7 -1 -1 -1 -1 -1 -1 21 -1 -1 -1 -1 -1 -1 -1 -1 20 19 18 -1 -1 
-1 -1 2 3 4 -1 -1 -1 -1 -1 -1 -1 -1 5 -1 -1 -1 -1 -1 -1 -1 -1 -1 -1 -1 -1 -1 -1 -1 -1 -1 -1 25 -1 -1 -1 -1 -1 -1 -1 -1 -1 6 -1 -1 -1 -1 -1 -1 29 -1 -1 -1 -1 -1 -1 -1 -1 -1 9 -1 -1 15 -1 -1 -1 -1 22 23 7 -1 -1 -1 -1 -1 -1 21 -1 -1 -1 -1 -1 -1 -1 -1 20 19 18 -1 -1 
-1 -1 2 3 4 -1 -1 -1 -1 -1 -1 -1 -1 5 -1 -1 -1 -1 -1 -1 -1 -1 -1 -1 -1 -1 -1 -1 -1 -1 -1 -1 25 -1 -1 -1 -1 -1 -1 -1 -1 -1 6 -1 -1 -1 -1 -1 -1 29 -1 -1 -1 -1 -1 -1 -1 -1 -1 9 -1 -1 15 -1 -1 -1 -1 22 23 -1 -1 -1 -1 -1 -1 -1 21 -1 -1 -1 7 -1 -1 -1 -1 20 19 18 -1 -1 
-1 -1 2 3 4 -1 -1 -1 -1 -1 -1 -1 -1 5 -1 -1 -1 -1 -1 -1 -1 -1 -1 -1 -1 -1 -1 -1 -1 -1 -1 -1 25 -1 -1 -1 -1 -1 -1 -1 -1 -1 6 -1 -1 -1 -1 -1 -1 29 -1 -1 -1 -1 -1 -1 -1 -1 -1 9 -1 -1 15 -1 -1 -1 -1 22 23 -1 -1 18 -1 -1 -1 -1 21 -1 -1 -1 7 -1 -1 -1 -1 20 19 -1 -1 -1 
-1 -1 2 3 4 -1 -1 -1 -1 -1 -1 -1 -1 5 -1 -1 -1 -1 -1 -1 -1 -1 -1 -1 -1 -1 -1 -1 -1 -1 -1 -1 25 -1 -1 -1 -1 -1 -1 -1 -1 -1 6 -1 -1 -1 -1 -1 -1 29 -1 -1 -1 -1 -1 -1 -1 -1 -1 9 -1 -1 15 -1 -1 -1 -1 22 23 7 -1 18 -1 -1 -1 -1 21 -1 -1 -1 -1 -1 -1 -1 -1 20 19 -1 -1 -1 
-1 -1 2 3 4 -1 -1 -1 -1 -1 -1 -1 -1 5 -1 -1 -1 -1 -1 -1 -1 -1 -1 -1 -1 -1 -1 -1 -1 -1 -1 -1 25 -1 -1 -1 -1 -1 -1 -1 -1 -1 6 -1 -1 -1 -1 -1 -1 29 -1 -1 -1 -1 -1 -1 -1 -1 -1 9 -1 -1 15 -1 -1 -1 -1 -1 23 7 -1 18 -1 -1 -1 -1 21 -1 -1 -1 -1 -1 -1 -1 -1 20 19 22 -1 -1 
-1 -1 2 3 4 -1 -1 -1 -1 -1 -1 -1 -1 5 -1 -1 -1 -1 -1 -1 -1 -1 -1 -1 -1 -1 6 -1 -1 -1 -1 -1 25 -1 -1 -1 -1 -1 -1 -1 -1 -1 -1 -1 -1 -1 -1 -1 -1 29 -1 -1 -1 -1 -1 -1 -1 -1 -1 9 -1 -1 15 -1 -1 -1 -1 -1 23 7 -1 18 -1 -1 -1 -1 21 -1 -1 -1 -1 -1 -1 -1 -1 20 19 22 -1 -1 
-1 -1 2 3 4 -1 -1 -1 -1 -1 -1 -1 -1 5 -1 -1 -1 -1 -1 -1 -1 -1 -1 -1 -1 -1 6 -1 -1 -1 -1 -1 25 -1 -1 -1 -1 -1 -1 -1 -1 -1 -1 -1 -1 31 -1 -1 -1 29 -1 -1 -1 -1 -1 -1 -1 -1 -1 9 -1 -1 15 -1 -1 -1 -1 -1 23 7 -1 18 -1 -1 -1 -1 21 -1 -1 -1 -1 -1 -1 -1 -1 20 19 22 -1 -1 
-1 -1 2 3 4 -1 -1 -1 -1 -1 -1 -1 -1 5 -1 -1 -1 -1 -1 -1 -1 -1 -1 -1 -1 -1 6 -1 -1 -1 -1 -1 25 -1 -1 -1 -1 -1 -1 -1 -1 -1 -1 -1 -1 31 -1 -1 -1 29 -1 -1 -1 -1 -1 -1 -1 -1 -1 9 -1 15 -1 -1 -1 -1 -1 -1 23 7 -1 18 -1 -1 -1 -1 21 -1 -1 -1 -1 -1 -1 -1 -1 20 19 22 -1 -1 
-1 -1 2 3 4 -1 -1 -1 -1 -1 -1 -1 -1 5 -1 -1 -1 -1 -1 -1 -1 -1 -1 -1 -1 -1 6 -1 -1 -1 -1 -1 25 -1 -1 -1 31 -1 -1 -1 -1 -1 -1 -1 -1 -1 -1 -1 -1 29 -1 -1 -1 -1 -1 -1 -1 -1 -1 9 -1 15 -1 -1 -1 -1 -1 -1 23 7 -1 18 -1 -1 -1 -1 21 -1 -1 -1 -1 -1 -1 -1 -1 20 19 22 -1 -1 
-1 -1 2 3 4 -1 -1 -1 -1 -1 -1 -1 -1 5 -1 -1 -1 -1 -1 -1 -1 -1 -1 -1 -1 -1 6 -1 -1 -1 -1 -1 25 -1 -1 -1 31 -1 -1 -1 -1 -1 -1 -1 -1 -1 -1 -1 -1 29 -1 -1 -1 -1 -1 -1 -1 -1 -1 9 15 -1 -1 -1 -1 -1 -1 -1 23 7 -1 18 -1 -1 -1 -1 21 -1 -1 -1 -1 -1 -1 -1 -1 20 19 22 -1 -1 
-1 -1 2 3 4 -1 -1 -1 -1 -1 -1 -1 -1 5 -1 -1 -1 -1 -1 -1 -1 -1 -1 -1 -1 -1 6 -1 -1 -1 -1 -1 25 -1 -1 -1 -1 31 -1 -1 -1 -1 -1 -1 -1 -1 -1 -1 -1 29 -1 -1 -1 -1 -1 -1 -1 -1 -1 9 15 -1 -1 -1 -1 -1 -1 -1 23 7 -1 18 -1 -1 -1 -1 21 -1 -1 -1 -1 -1 -1 -1 -1 20 19 22 -1 -1 
-1 -1 2 3 4 -1 -1 -1 -1 -1 -1 -1 -1 5 -1 -1 -1 -1 -1 -1 -1 -1 -1 -1 -1 -1 6 -1 -1 -1 -1 -1 25 -1 -1 -1 -1 31 -1 -1 -1 -1 -1 -1 -1 -1 -1 -1 -1 29 -1 -1 -1 -1 -1 -1 -1 -1 -1 9 15 -1 7 -1 -1 -1 -1 -1 23 -1 -1 18 -1 -1 -1 -1 21 -1 -1 -1 -1 -1 -1 -1 -1 20 19 22 -1 -1 
-1 -1 2 3 4 -1 -1 -1 -1 -1 -1 -1 -1 5 -1 -1 -1 -1 -1 -1 -1 -1 -1 -1 -1 -1 6 -1 -1 -1 -1 -1 25 -1 -1 -1 -1 -1 31 -1 -1 -1 -1 -1 -1 -1 -1 -1 -1 29 -1 -1 -1 -1 -1 -1 -1 -1 -1 9 15 -1 7 -1 -1 -1 -1 -1 23 -1 -1 18 -1 -1 -1 -1 21 -1 -1 -1 -1 -1 -1 -1 -1 20 19 22 -1 -1 
-1 -1 2 3 4 -1 -1 -1 -1 -1 -1 -1 -1 5 -1 -1 -1 -1 -1 -1 -1 -1 -1 -1 -1 -1 6 -1 -1 -1 -1 -1 25 -1 -1 -1 -1 -1 31 -1 -1 -1 -1 7 -1 -1 -1 -1 -1 29 -1 -1 -1 -1 -1 -1 -1 -1 -1 9 15 -1 -1 -1 -1 -1 -1 -1 23 -1 -1 18 -1 -1 -1 -1 21 -1 -1 -1 -1 -1 -1 -1 -1 20 19 22 -1 -1 
-1 -1 2 3 4 -1 -1 -1 -1 -1 -1 -1 -1 5 -1 -1 -1 -1 -1 -1 -1 -1 -1 -1 -1 -1 6 -1 -1 -1 -1 25 -1 -1 -1 -1 -1 -1 31 -1 -1 -1 -1 7 -1 -1 -1 -1 -1 29 -1 -1 -1 -1 -1 -1 -1 -1 -1 9 15 -1 -1 -1 -1 -1 -1 -1 23 -1 -1 18 -1 -1 -1 -1 21 -1 -1 -1 -1 -1 -1 -1 -1 20 19 22 -1 -1 
-1 -1 2 3 -1 4 -1 -1 -1 -1 -1 -1 -1 5 -1 -1 -1 -1 -1 -1 -1 -1 -1 -1 -1 -1 6 -1 -1 -1 -1 25 -1 -1 -1 -1 -1 -1 31 -1 -1 -1 -1 7 -1 -1 -1 -1 -1 29 -1 -1 -1 -1 -1 -1 -1 -1 -1 9 15 -1 -1 -1 -1 -1 -1 -1 23 -1 -1 18 -1 -1 -1 -1 21 -1 -1 -1 -1 -1 -1 -1 -1 20 19 22 -1 -1 
-1 -1 2 3 -1 4 -1 -1 -1 -1 -1 -1 -1 5 -1 -1 -1 -1 -1 -1 -1 -1 -1 -1 -1 -1 6 -1 -1 -1 -1 25 -1 -1 -1 -1 -1 -1 31 -1 -1 -1 -1 7 -1 -1 -1 -1 -1 29 -1 -1 -1 -1 -1 -1 -1 -1 -1 9 15 -1 -1 -1 -1 -1 -1 -1 23 -1 -1 18 -1 -1 -1 -1 21 -1 -1 -1 -1 -1 -1 -1 20 -1 19 22 -1 -1 
-1 -1 2 3 -1 4 6 -1 -1 -1 -1 -1 -1 5 -1 -1 -1 -1 -1 -1 -1 -1 -1 -1 -1 -1 -1 -1 -1 -1 -1 25 -1 -1 -1 -1 -1 -1 31 -1 -1 -1 -1 7 -1 -1 -1 -1 -1 29 -1 -1 -1 -1 -1 -1 -1 -1 -1 9 15 -1 -1 -1 -1 -1 -1 -1 23 -1 -1 18 -1 -1 -1 -1 21 -1 -1 -1 -1 -1 -1 -1 20 -1 19 22 -1 -1 
-1 -1 2 3 -1 4 6 -1 -1 -1 -1 -1 -1 5 -1 -1 -1 -1 -1 -1 -1 -1 -1 -1 -1 -1 -1 -1 -1 -1 -1 25 -1 -1 -1 -1 -1 -1 31 -1 -1 -1 -1 7 -1 -1 -1 -1 30 29 -1 -1 -1 -1 -1 -1 -1 -1 -1 9 15 -1 -1 -1 -1 -1 -1 -1 23 -1 -1 18 -1 -1 -1 -1 21 -1 -1 -1 -1 -1 -1 -1 20 -1 19 22 -1 -1 
-1 -1 2 3 -1 4 -1 -1 -1 -1 -1 -1 -1 5 -1 -1 -1 -1 -1 -1 -1 -1 6 -1 -1 -1 -1 -1 -1 -1 -1 25 -1 -1 -1 -1 -1 -1 31 -1 -1 -1 -1 7 -1 -1 -1 -1 30 29 -1 -1 -1 -1 -1 -1 -1 -1 -1 9 15 -1 -1 -1 -1 -1 -1 -1 23 -1 -1 18 -1 -1 -1 -1 21 -1 -1 -1 -1 -1 -1 -1 20 -1 19 22 -1 -1 
-1 -1 2 3 -1 4 -1 -1 -1 -1 -1 -1 -1 5 -1 -1 -1 -1 -1 -1 -1 -1 6 -1 -1 -1 -1 -1 -1 -1 -1 25 -1 -1 -1 -1 -1 -1 31 -1 -1 -1 -1 7 -1 -1 -1 -1 30 29 -1 -1 -1 -1 -1 -1 -1 23 -1 9 15 -1 -1 -1 -1 -1 -1 -1 -1 -1 -1 18 -1 -1 -1 -1 21 -1 -1 -1 -1 -1 -1 -1 20 -1 19 22 -1 -1 
-1 -1 2 3 -1 4 -1 -1 -1 -1 -1 -1 -1 5 9 -1 -1 -1 -1 -1 -1 -1 6 -1 -1 -1 -1 -1 -1 -1 -1 25 -1 -1 -1 -1 -1 -1 31 -1 -1 -1 -1 7 -1 -1 -1 -1 30 29 -1 -1 -1 -1 -1 -1 -1 23 -1 -1 15 -1 -1 -1 -1 -1 -1 -1 -1 -1 -1 18 -1 -1 -1 -1 21 -1 -1 -1 -1 -1 -1 -1 20 -1 19 22 -1 -1 
-1 -1 2 3 -1 4 -1 -1 -1 -1 -1 -1 -1 5 9 -1 -1 -1 -1 -1 -1 -1 6 -1 -1 -1 -1 -1 25 -1 -1 -1 -1 -1 -1 -1 -1 -1 31 -1 -1 -1 -1 7 -1 -1 -1 -1 30 29 -1 -1 -1 -1 -1 -1 -1 23 -1 -1 15 -1 -1 -1 -1 -1 -1 -1 -1 -1 -1 18 -1 -1 -1 -1 21 -1 -1 -1 -1 -1 -1 -1 20 -1 19 22 -1 -1 
-1 -1 2 3 -1 4 -1 -1 -1 -1 -1 -1 -1 5 9 -1 -1 -1 -1 -1 -1 -1 6 -1 -1 -1 -1 -1 25 -1 -1 -1 7 -1 -1 -1 -1 -1 31 -1 -1 -1 -1 -1 -1 -1 -1 -1 30 29 -1 -1 -1 -1 -1 -1 -1 23 -1 -1 15 -1 -1 -1 -1 -1 -1 -1 -1 -1 -1 18 -1 -1 -1 -1 21 -1 -1 -1 -1 -1 -1 -1 20 -1 19 22 -1 -1 
-1 -1 2 3 -1 4 -1 -1 -1 -1 -1 -1 -1 5 9 -1 -1 -1 -1 -1 -1 -1 6 -1 -1 -1 -1 -1 25 -1 -1 -1 7 -1 -1 -1 -1 -1 31 -1 29 -1 -1 -1 -1 -1 -1 -1 30 -1 -1 -1 -1 -1 -1 -1 -1 23 -1 -1 15 -1 -1 -1 -1 -1 -1 -1 -1 -1 -1 18 -1 -1 -1 -1 21 -1 -1 -1 -1 -1 -1 -1 20 -1 19 22 -1 -1 
-1 -1 2 3 -1 4 -1 -1 -1 -1 -1 -1 -1 5 9 -1 -1 -1 -1 -1 -1 -1 6 -1 -1 -1 -1 -1 25 -1 -1 -1 -1 -1 -1 -1 -1 -1 31 -1 29 -1 -1 -1 -1 -1 -1 -1 30 7 -1 -1 -1 -1 -1 -1 -1 23 -1 -1 15 -1 -1 -1 -1 -1 -1 -1 -1 -1 -1 18 -1 -1 -1 -1 21 -1 -1 -1 -1 -1 -1 -1 20 -1 19 22 -1 -1 
-1 -1 2 3 -1 4 -1 -1 -1 -1 -1 -1 -1 5 9 -1 -1 -1 -1 -1 -1 -1 6 -1 -1 -1 -1 -1 25 -1 -1 -1 -1 -1 -1 -1 -1 -1 31 -1 29 -1 -1 -1 -1 -1 -1 -1 30 7 23 -1 -1 -1 -1 -1 -1 -1 -1 -1 15 -1 -1 -1 -1 -1 -1 -1 -1 -1 -1 18 -1 -1 -1 -1 21 -1 -1 -1 -1 -1 -1 -1 20 -1 19 22 -1 -1 
-1 -1 2 3 4 -1 -1 -1 -1 -1 -1 -1 -1 5 9 -1 -1 -1 -1 -1 -1 -1 6 -1 -1 -1 -1 -1 25 -1 -1 -1 -1 -1 -1 -1 -1 -1 31 -1 29 -1 -1 -1 -1 -1 -1 -1 30 7 23 -1 -1 -1 -1 -1 -1 -1 -1 -1 15 -1 -1 -1 -1 -1 -1 -1 -1 -1 -1 18 -1 -1 -1 -1 21 -1 -1 -1 -1 -1 -1 -1 20 -1 19 22 -1 -1 
-1 -1 2 3 4 -1 -1 -1 -1 -1 -1 -1 -1 5 9 -1 -1 -1 -1 -1 -1 -1 6 -1 -1 -1 -1 -1 25 -1 -1 -1 -1 -1 -1 -1 -1 -1 31 -1 29 -1 -1 -1 -1 -1 -1 -1 30 7 23 -1 -1 -1 -1 -1 -1 -1 -1 -1 15 -1 -1 -1 -1 -1 -1 22 -1 -1 -1 18 -1 -1 -1 -1 21 -1 -1 -1 -1 -1 -1 -1 20 -1 19 -1 -1 -1 
-1 -1 2 3 4 -1 -1 -1 -1 -1 -1 -1 -1 5 9 -1 -1 -1 -1 -1 -1 -1 6 -1 -1 -1 -1 -1 25 -1 -1 -1 -1 -1 -1 -1 -1 -1 31 -1 29 14 -1 -1 -1 -1 -1 -1 30 7 23 -1 -1 -1 -1 -1 -1 -1 -1 -1 15 -1 -1 -1 -1 -1 -1 22 -1 -1 -1 18 -1 -1 -1 -1 21 -1 -1 -1 -1 -1 -1 -1 20 -1 19 -1 -1 -1 
-1 -1 2 3 4 -1 -1 -1 -1 -1 -1 -1 -1 5 9 -1 -1 -1 -1 -1 -1 -1 6 -1 -1 -1 -1 -1 25 -1 -1 -1 -1 -1 -1 -1 -1 -1 31 -1 29 14 -1 -1 -1 -1 -1 -1 30 7 23 -1 -1 -1 -1 -1 -1 -1 -1 -1 15 -1 -1 -1 -1 -1 -1 22 -1 -1 -1 -1 -1 -1 -1 -1 21 -1 -1 -1 -1 -1 -1 -1 20 -1 19 18 -1 -1 
-1 -1 2 3 4 -1 -1 -1 -1 -1 -1 -1 -1 5 9 -1 -1 -1 -1 -1 -1 -1 6 -1 -1 -1 -1 -1 25 -1 -1 -1 -1 -1 -1 -1 -1 -1 31 -1 29 14 -1 -1 -1 -1 -1 -1 30 7 23 -1 -1 -1 -1 -1 -1 -1 -1 -1 15 -1 -1 -1 -1 -1 -1 -1 -1 -1 -1 -1 -1 -1 1 -1 21 -1 -1 -1 -1 -1 -1 -1 20 -1 19 18 -1 -1 
-1 -1 2 3 4 -1 -1 -1 -1 -1 -1 -1 -1 5 9 -1 -1 -1 -1 -1 -1 -1 6 -1 -1 -1 -1 -1 25 -1 -1 -1 -1 23 -1 -1 -1 -1 31 -1 29 14 -1 -1 -1 -1 -1 -1 30 7 -1 -1 -1 -1 -1 -1 -1 -1 -1 -1 15 -1 -1 -1 -1 -1 -1 -1 -1 -1 -1 -1 -1 -1 1 -1 21 -1 -1 -1 -1 -1 -1 -1 20 -1 19 18 -1 -1 
-1 -1 2 3 4 -1 -1 -1 -1 -1 -1 -1 -1 5 -1 9 -1 -1 -1 -1 -1 -1 6 -1 -1 -1 -1 -1 25 -1 -1 -1 -1 23 -1 -1 -1 -1 31 -1 29 14 -1 -1 -1 -1 -1 -1 30 7 -1 -1 -1 -1 -1 -1 -1 -1 -1 -1 15 -1 -1 -1 -1 -1 -1 -1 -1 -1 -1 -1 -1 -1 1 -1 21 -1 -1 -1 -1 -1 -1 -1 20 -1 19 18 -1 -1 
-1 -1 2 3 4 -1 -1 -1 -1 -1 -1 -1 -1 5 -1 9 -1 -1 -1 -1 -1 -1 6 -1 -1 -1 -1 -1 25 -1 -1 -1 -1 23 -1 -1 -1 -1 31 30 29 14 -1 -1 -1 -1 -1 -1 -1 7 -1 -1 -1 -1 -1 -1 -1 -1 -1 -1 15 -1 -1 -1 -1 -1 -1 -1 -1 -1 -1 -1 -1 -1 1 -1 21 -1 -1 -1 -1 -1 -1 -1 20 -1 19 18 -1 -1 
-1 -1 2 3 4 -1 -1 -1 -1 -1 -1 -1 -1 5 -1 9 -1 -1 -1 -1 -1 -1 6 -1 -1 -1 -1 -1 25 -1 -1 -1 -1 23 -1 -1 -1 -1 31 30 29 14 -1 -1 -1 -1 -1 -1 -1 7 -1 -1 -1 -1 -1 1 -1 -1 -1 -1 15 -1 -1 -1 -1 -1 -1 -1 -1 -1 -1 -1 -1 -1 -1 -1 21 -1 -1 -1 -1 -1 -1 -1 20 -1 19 18 -1 -1 
-1 -1 2 3 4 -1 -1 -1 -1 -1 -1 -1 -1 5 -1 9 -1 -1 -1 -1 -1 -1 6 -1 -1 -1 -1 -1 25 -1 -1 -1 -1 23 -1 -1 -1 -1 31 -1 30 14 -1 -1 -1 -1 -1 -1 -1 7 -1 -1 -1 -1 -1 1 -1 -1 -1 -1 15 -1 -1 -1 -1 -1 -1 -1 -1 -1 -1 -1 -1 -1 -1 -1 21 -1 -1 -1 -1 -1 -1 -1 20 -1 19 18 -1 -1 
-1 -1 2 3 4 -1 6 -1 -1 -1 -1 -1 -1 5 -1 9 -1 -1 -1 -1 -1 -1 -1 -1 -1 -1 -1 -1 25 -1 -1 -1 -1 23 -1 -1 -1 -1 31 -1 30 14 -1 -1 -1 -1 -1 -1 -1 7 -1 -1 -1 -1 -1 1 -1 -1 -1 -1 15 -1 -1 -1 -1 -1 -1 -1 -1 -1 -1 -1 -1 -1 -1 -1 21 -1 -1 -1 -1 -1 -1 -1 20 -1 19 18 -1 -1 
-1 -1 2 3 4 -1 6 -1 -1 -1 -1 -1 -1 5 -1 9 -1 -1 -1 -1 -1 -1 -1 -1 -1 -1 -1 -1 25 -1 -1 -1 -1 23 -1 -1 -1 -1 31 -1 30 28 -1 -1 -1 -1 -1 -1 -1 7 -1 -1 -1 -1 -1 1 -1 -1 -1 -1 15 -1 -1 -1 -1 -1 -1 -1 -1 -1 -1 -1 -1 -1 -1 -1 21 -1 -1 -1 -1 -1 -1 -1 20 -1 19 18 -1 -1 
-1 -1 2 3 4 -1 6 -1 -1 -1 -1 -1 -1 5 -1 -1 -1 -1 -1 -1 -1 -1 -1 -1 9 -1 -1 -1 25 -1 -1 -1 -1 23 -1 -1 -1 -1 31 -1 30 28 -1 -1 -1 -1 -1 -1 -1 7 -1 -1 -1 -1 -1 1 -1 -1 -1 -1 15 -1 -1 -1 -1 -1 -1 -1 -1 -1 -1 -1 -1 -1 -1 -1 21 -1 -1 -1 -1 -1 -1 -1 20 -1 19 18 -1 -1 
-1 -1 2 3 4 -1 6 -1 -1 -1 -1 -1 -1 5 -1 -1 -1 -1 -1 -1 -1 -1 -1 -1 9 -1 -1 -1 -1 -1 -1 25 -1 23 -1 -1 -1 -1 31 -1 30 28 -1 -1 -1 -1 -1 -1 -1 7 -1 -1 -1 -1 -1 1 -1 -1 -1 -1 15 -1 -1 -1 -1 -1 -1 -1 -1 -1 -1 -1 -1 -1 -1 -1 21 -1 -1 -1 -1 -1 -1 -1 20 -1 19 18 -1 -1 
-1 -1 2 3 -1 4 6 -1 -1 -1 -1 -1 -1 5 -1 -1 -1 -1 -1 -1 -1 -1 -1 -1 9 -1 -1 -1 -1 -1 -1 25 -1 23 -1 -1 -1 -1 31 -1 30 28 -1 -1 -1 -1 -1 -1 -1 7 -1 -1 -1 -1 -1 1 -1 -1 -1 -1 15 -1 -1 -1 -1 -1 -1 -1 -1 -1 -1 -1 -1 -1 -1 -1 21 -1 -1 -1 -1 -1 -1 -1 20 -1 19 18 -1 -1 
-1 -1 2 3 -1 4 6 -1 -1 -1 -1 -1 -1 5 -1 -1 -1 -1 -1 -1 -1 -1 -1 -1 9 -1 -1 -1 -1 -1 -1 25 -1 23 -1 -1 -1 -1 31 -1 30 28 -1 -1 -1 -1 -1 -1 -1 7 -1 -1 -1 -1 -1 1 -1 -1 -1 -1 15 -1 -1 -1 -1 -1 -1 -1 -1 -1 -1 -1 -1 -1 -1 -1 21 -1 -1 -1 -1 -1 -1 -1 -1 20 19 18 -1 -1 
-1 -1 2 3 -1 4 6 -1 -1 -1 -1 -1 -1 5 -1 -1 -1 -1 -1 -1 -1 -1 -1 -1 9 -1 -1 -1 -1 -1 -1 25 -1 23 -1 -1 -1 -1 31 -1 30 28 -1 -1 -1 -1 -1 -1 -1 7 -1 -1 -1 -1 -1 -1 -1 -1 -1 -1 15 -1 -1 -1 -1 -1 1 -1 -1 -1 -1 -1 -1 -1 -1 -1 21 -1 -1 -1 -1 -1 -1 -1 -1 20 19 18 -1 -1 
-1 -1 2 3 -1 4 6 -1 -1 -1 -1 -1 -1 5 -1 -1 -1 -1 -1 -1 -1 -1 -1 -1 9 -1 -1 -1 -1 -1 -1 25 -1 23 -1 -1 -1 -1 31 29 -1 28 -1 -1 -1 -1 -1 -1 -1 7 -1 -1 -1 -1 -1 -1 -1 -1 -1 -1 15 -1 -1 -1 -1 -1 1 -1 -1 -1 -1 -1 -1 -1 -1 -1 21 -1 -1 -1 -1 -1 -1 -1 -1 20 19 18 -1 -1 
-1 -1 2 3 -1 4 6 -1 -1 -1 -1 -1 -1 5 -1 -1 -1 -1 -1 -1 -1 -1 -1 -1 9 -1 -1 -1 -1 -1 -1 25 -1 23 -1 -1 -1 -1 31 29 -1 28 -1 -1 -1 -1 -1 -1 -1 7 -1 -1 -1 -1 -1 -1 -1 -1 -1 1 15 -1 -1 -1 -1 -1 -1 -1 -1 -1 -1 -1 -1 -1 -1 -1 21 -1 -1 -1 -1 -1 -1 -1 -1 20 19 18 -1 -1 
-1 -1 2 3 -1 4 6 -1 -1 -1 -1 -1 -1 5 -1 -1 -1 -1 -1 -1 -1 -1 -1 -1 9 -1 -1 -1 -1 -1 -1 25 -1 23 -1 -1 -1 -1 31 -1 29 28 -1 -1 -1 -1 -1 -1 -1 7 -1 -1 -1 -1 -1 -1 -1 -1 -1 1 15 -1 -1 -1 -1 -1 -1 -1 -1 -1 -1 -1 -1 -1 -1 -1 21 -1 -1 -1 -1 -1 -1 -1 -1 20 19 18 -1 -1 
-1 -1 2 3 -1 4 6 -1 -1 -1 -1 -1 -1 5 -1 -1 -1 -1 -1 -1 -1 -1 -1 -1 9 -1 -1 -1 -1 -1 -1 25 -1 23 -1 -1 -1 -1 31 -1 29 28 -1 -1 -1 -1 -1 -1 -1 7 -1 -1 -1 -1 -1 -1 -1 -1 -1 -1 15 -1 -1 -1 -1 -1 -1 -1 -1 -1 -1 -1 -1 -1 -1 -1 21 -1 1 -1 -1 -1 -1 -1 -1 20 19 18 -1 -1 
-1 -1 2 3 -1 4 6 -1 -1 -1 -1 -1 -1 5 -1 -1 -1 -1 -1 -1 -1 -1 -1 -1 9 -1 -1 -1 -1 -1 -1 25 -1 -1 -1 -1 -1 -1 31 -1 29 28 -1 -1 -1 -1 -1 -1 -1 7 -1 -1 23 -1 -1 -1 -1 -1 -1 -1 15 -1 -1 -1 -1 -1 -1 -1 -1 -1 -1 -1 -1 -1 -1 -1 21 -1 1 -1 -1 -1 -1 -1 -1 20 19 18 -1 -1 
-1 -1 2 3 -1 4 6 -1 -1 -1 -1 -1 -1 5 -1 -1 -1 -1 -1 9 -1 -1 -1 -1 -1 -1 -1 -1 -1 -1 -1 25 -1 -1 -1 -1 -1 -1 31 -1 29 28 -1 -1 -1 -1 -1 -1 -1 7 -1 -1 23 -1 -1 -1 -1 -1 -1 -1 15 -1 -1 -1 -1 -1 -1 -1 -1 -1 -1 -1 -1 -1 -1 -1 21 -1 1 -1 -1 -1 -1 -1 -1 20 19 18 -1 -1 
-1 -1 2 3 -1 4 6 -1 -1 -1 -1 -1 -1 5 -1 -1 -1 -1 -1 9 -1 -1 -1 -1 -1 -1 -1 25 -1 -1 -1 -1 -1 -1 -1 -1 -1 -1 31 -1 29 28 -1 -1 -1 -1 -1 -1 -1 7 -1 -1 23 -1 -1 -1 -1 -1 -1 -1 15 -1 -1 -1 -1 -1 -1 -1 -1 -1 -1 -1 -1 -1 -1 -1 21 -1 1 -1 -1 -1 -1 -1 -1 20 19 18 -1 -1 
-1 -1 2 3 -1 4 6 -1 -1 -1 -1 -1 -1 5 -1 -1 -1 -1 -1 9 -1 -1 -1 -1 -1 -1 -1 25 -1 -1 -1 -1 -1 -1 -1 -1 -1 -1 31 -1 14 -1 -1 -1 -1 -1 -1 -1 -1 7 -1 -1 23 -1 -1 -1 -1 -1 -1 -1 15 -1 -1 -1 -1 -1 -1 -1 -1 -1 -1 -1 -1 -1 -1 -1 21 -1 1 -1 -1 -1 -1 -1 -1 20 19 18 -1 -1 
-1 -1 2 3 -1 4 6 -1 -1 -1 -1 -1 -1 5 -1 -1 -1 -1 -1 9 -1 -1 -1 -1 -1 -1 -1 25 -1 -1 -1 -1 -1 23 -1 -1 -1 -1 31 -1 14 -1 -1 -1 -1 -1 -1 -1 -1 7 -1 -1 -1 -1 -1 -1 -1 -1 -1 -1 15 -1 -1 -1 -1 -1 -1 -1 -1 -1 -1 -1 -1 -1 -1 -1 21 -1 1 -1 -1 -1 -1 -1 -1 20 19 18 -1 -1 
-1 -1 2 3 -1 4 6 -1 -1 -1 9 -1 -1 5 -1 -1 -1 -1 -1 -1 -1 -1 -1 -1 -1 -1 -1 25 -1 -1 -1 -1 -1 23 -1 -1 -1 -1 31 -1 14 -1 -1 -1 -1 -1 -1 -1 -1 7 -1 -1 -1 -1 -1 -1 -1 -1 -1 -1 15 -1 -1 -1 -1 -1 -1 -1 -1 -1 -1 -1 -1 -1 -1 -1 21 -1 1 -1 -1 -1 -1 -1 -1 20 19 18 -1 -1 
-1 -1 2 3 -1 4 6 -1 -1 -1 9 -1 -1 5 -1 -1 -1 -1 -1 -1 -1 -1 -1 -1 -1 -1 -1 25 -1 -1 -1 -1 -1 -1 -1 -1 -1 -1 31 -1 14 -1 -1 -1 -1 -1 -1 -1 -1 7 23 -1 -1 -1 -1 -1 -1 -1 -1 -1 15 -1 -1 -1 -1 -1 -1 -1 -1 -1 -1 -1 -1 -1 -1 -1 21 -1 1 -1 -1 -1 -1 -1 -1 20 19 18 -1 -1 
-1 -1 2 3 -1 4 6 -1 -1 -1 9 -1 -1 5 -1 -1 -1 -1 -1 -1 -1 -1 -1 -1 -1 -1 -1 25 -1 -1 -1 -1 13 -1 -1 -1 -1 -1 31 -1 14 -1 -1 -1 -1 -1 -1 -1 -1 7 23 -1 -1 -1 -1 -1 -1 -1 -1 -1 15 -1 -1 -1 -1 -1 -1 -1 -1 -1 -1 -1 -1 -1 -1 -1 21 -1 1 -1 -1 -1 -1 -1 -1 20 19 18 -1 -1 
-1 -1 2 3 -1 4 6 -1 -1 -1 9 -1 -1 5 -1 -1 -1 -1 -1 -1 -1 -1 -1 -1 -1 -1 -1 25 -1 -1 -1 -1 13 -1 -1 -1 -1 -1 31 23 14 -1 -1 -1 -1 -1 -1 -1 -1 7 -1 -1 -1 -1 -1 -1 -1 -1 -1 -1 15 -1 -1 -1 -1 -1 -1 -1 -1 -1 -1 -1 -1 -1 -1 -1 21 -1 1 -1 -1 -1 -1 -1 -1 20 19 18 -1 -1 
-1 -1 2 3 -1 4 6 -1 -1 -1 9 -1 -1 5 -1 -1 -1 -1 -1 -1 -1 -1 -1 -1 -1 -1 -1 25 -1 -1 -1 -1 13 -1 -1 -1 -1 -1 31 23 14 -1 -1 -1 -1 -1 -1 -1 -1 7 -1 -1 -1 -1 -1 -1 -1 -1 -1 -1 15 -1 -1 -1 -1 -1 -1 -1 -1 -1 -1 1 -1 -1 -1 -1 21 -1 -1 -1 -1 -1 -1 -1 -1 20 19 18 -1 -1 
-1 -1 2 3 -1 4 6 -1 -1 -1 9 -1 -1 5 -1 -1 -1 -1 -1 -1 -1 -1 -1 -1 -1 -1 -1 -1 -1 -1 -1 -1 13 -1 -1 -1 -1 -1 31 23 14 -1 -1 -1 -1 25 -1 -1 -1 7 -1 -1 -1 -1 -1 -1 -1 -1 -1 -1 15 -1 -1 -1 -1 -1 -1 -1 -1 -1 -1 1 -1 -1 -1 -1 21 -1 -1 -1 -1 -1 -1 -1 -1 20 19 18 -1 -1 
-1 -1 2 3 -1 4 6 -1 -1 -1 9 -1 -1 5 -1 -1 -1 -1 -1 -1 -1 -1 -1 -1 -1 -1 -1 -1 -1 -1 -1 -1 13 -1 -1 -1 -1 -1 31 23 14 -1 -1 -1 -1 25 -1 -1 -1 7 -1 -1 -1 -1 -1 -1 -1 -1 -1 -1 1 -1 -1 -1 -1 -1 -1 -1 -1 -1 -1 -1 -1 -1 -1 -1 21 -1 -1 -1 -1 -1 -1 -1 -1 20 19 18 -1 -1 
-1 -1 2 3 -1 4 6 -1 -1 -1 9 -1 -1 5 -1 -1 -1 -1 -1 -1 -1 -1 -1 -1 -1 -1 -1 -1 -1 -1 -1 -1 13 -1 -1 -1 -1 -1 31 23 14 -1 -1 -1 -1 -1 -1 -1 -1 7 -1 25 -1 -1 -1 -1 -1 -1 -1 -1 1 -1 -1 -1 -1 -1 -1 -1 -1 -1 -1 -1 -1 -1 -1 -1 21 -1 -1 -1 -1 -1 -1 -1 -1 20 19 18 -1 -1 
-1 -1 2 3 -1 4 -1 -1 -1 -1 9 -1 -1 5 -1 -1 -1 -1 -1 -1 -1 -1 6 -1 -1 -1 -1 -1 -1 -1 -1 -1 13 -1 -1 -1 -1 -1 31 23 14 -1 -1 -1 -1 -1 -1 -1 -1 7 -1 25 -1 -1 -1 -1 -1 -1 -1 -1 1 -1 -1 -1 -1 -1 -1 -1 -1 -1 -1 -1 -1 -1 -1 -1 21 -1 -1 -1 -1 -1 -1 -1 -1 20 19 18 -1 -1 
-1 -1 2 3 -1 4 -1 -1 -1 -1 9 -1 -1 5 -1 -1 -1 -1 -1 -1 -1 -1 6 -1 -1 -1 -1 -1 23 -1 -1 -1 13 -1 -1 -1 -1 -1 31 -1 14 -1 -1 -1 -1 -1 -1 -1 -1 7 -1 25 -1 -1 -1 -1 -1 -1 -1 -1 1 -1 -1 -1 -1 -1 -1 -1 -1 -1 -1 -1 -1 -1 -1 -1 21 -1 -1 -1 -1 -1 -1 -1 -1 20 19 18 -1 -1 
-1 -1 2 3 -1 4 -1 -1 -1 -1 -1 -1 -1 5 -1 -1 -1 -1 -1 9 -1 -1 6 -1 -1 -1 -1 -1 23 -1 -1 -1 13 -1 -1 -1 -1 -1 31 -1 14 -1 -1 -1 -1 -1 -1 -1 -1 7 -1 25 -1 -1 -1 -1 -1 -1 -1 -1 1 -1 -1 -1 -1 -1 -1 -1 -1 -1 -1 -1 -1 -1 -1 -1 21 -1 -1 -1 -1 -1 -1 -1 -1 20 19 18 -1 -1 
-1 -1 2 3 -1 4 -1 -1 -1 -1 -1 -1 -1 5 -1 -1 -1 -1 -1 9 -1 -1 6 -1 -1 -1 -1 -1 23 -1 -1 -1 13 -1 -1 -1 -1 -1 31 -1 28 -1 -1 -1 -1 -1 -1 -1 -1 7 -1 25 -1 -1 -1 -1 -1 -1 -1 -1 1 -1 -1 -1 -1 -1 -1 -1 -1 -1 -1 -1 -1 -1 -1 -1 21 -1 -1 -1 -1 -1 -1 -1 -1 20 19 18 -1 -1 
-1 -1 2 3 -1 4 -1 -1 -1 -1 -1 -1 -1 5 -1 -1 -1 -1 -1 9 -1 -1 6 -1 -1 -1 -1 -1 23 -1 -1 -1 13 -1 -1 -1 -1 -1 31 -1 28 -1 -1 -1 -1 -1 -1 -1 -1 7 -1 25 -1 -1 -1 -1 -1 -1 -1 -1 -1 -1 -1 -1 -1 -1 -1 1 -1 -1 -1 -1 -1 -1 -1 -1 21 -1 -1 -1 -1 -1 -1 -1 -1 20 19 18 -1 -1 
-1 -1 2 3 -1 4 -1 -1 -1 -1 -1 -1 -1 5 -1 -1 -1 -1 -1 9 -1 -1 6 -1 -1 -1 -1 -1 23 -1 -1 -1 13 -1 -1 -1 -1 -1 31 -1 28 -1 -1 -1 -1 -1 -1 -1 -1 7 -1 25 -1 -1 -1 -1 -1 27 -1 -1 -1 -1 -1 -1 -1 -1 -1 1 -1 -1 -1 -1 -1 -1 -1 -1 21 -1 -1 -1 -1 -1 -1 -1 -1 20 19 18 -1 -1 
-1 -1 2 3 4 -1 -1 -1 -1 -1 -1 -1 -1 5 -1 -1 -1 -1 -1 9 -1 -1 6 -1 -1 -1 -1 -1 23 -1 -1 -1 13 -1 -1 -1 -1 -1 31 -1 28 -1 -1 -1 -1 -1 -1 -1 -1 7 -1 25 -1 -1 -1 -1 -1 27 -1 -1 -1 -1 -1 -1 -1 -1 -1 1 -1 -1 -1 -1 -1 -1 -1 -1 21 -1 -1 -1 -1 -1 -1 -1 -1 20 19 18 -1 -1 
-1 -1 2 3 4 -1 -1 -1 -1 -1 -1 -1 -1 5 -1 -1 -1 -1 -1 9 -1 -1 6 -1 -1 -1 -1 -1 23 -1 -1 -1 13 -1 -1 -1 -1 -1 31 -1 28 -1 -1 -1 -1 -1 -1 -1 -1 7 25 -1 -1 -1 -1 -1 -1 27 -1 -1 -1 -1 -1 -1 -1 -1 -1 1 -1 -1 -1 -1 -1 -1 -1 -1 21 -1 -1 -1 -1 -1 -1 -1 -1 20 19 18 -1 -1 
-1 -1 2 3 4 -1 6 -1 -1 -1 -1 -1 -1 5 -1 -1 -1 -1 -1 9 -1 -1 -1 -1 -1 -1 -1 -1 23 -1 -1 -1 13 -1 -1 -1 -1 -1 31 -1 28 -1 -1 -1 -1 -1 -1 -1 -1 7 25 -1 -1 -1 -1 -1 -1 27 -1 -1 -1 -1 -1 -1 -1 -1 -1 1 -1 -1 -1 -1 -1 -1 -1 -1 21 -1 -1 -1 -1 -1 -1 -1 -1 20 19 18 -1 -1 
-1 -1 2 3 4 -1 6 -1 -1 -1 -1 -1 -1 5 -1 -1 -1 -1 -1 9 -1 -1 -1 -1 -1 -1 -1 -1 23 -1 -1 -1 13 -1 -1 -1 -1 -1 31 -1 28 -1 -1 -1 -1 -1 -1 22 -1 7 25 -1 -1 -1 -1 -1 -1 27 -1 -1 -1 -1 -1 -1 -1 -1 -1 -1 -1 -1 -1 -1 -1 -1 -1 -1 21 -1 -1 -1 -1 -1 -1 -1 -1 20 19 18 -1 -1 
-1 -1 -1 3 4 -1 6 -1 -1 -1 -1 -1 -1 5 -1 -1 -1 -1 -1 9 -1 -1 2 -1 -1 -1 -1 -1 23 -1 -1 -1 13 -1 -1 -1 -1 -1 31 -1 28 -1 -1 -1 -1 -1 -1 22 -1 7 25 -1 -1 -1 -1 -1 -1 27 -1 -1 -1 -1 -1 -1 -1 -1 -1 -1 -1 -1 -1 -1 -1 -1 -1 -1 21 -1 -1 -1 -1 -1 -1 -1 -1 20 19 18 -1 -1 
-1 -1 -1 3 4 -1 6 -1 -1 -1 -1 -1 -1 5 -1 -1 -1 -1 -1 9 -1 -1 2 -1 -1 -1 -1 -1 23 -1 -1 -1 13 -1 -1 -1 -1 -1 31 -1 28 -1 -1 -1 -1 -1 -1 22 27 7 25 -1 -1 -1 -1 -1 -1 -1 -1 -1 -1 -1 -1 -1 -1 -1 -1 -1 -1 -1 -1 -1 -1 -1 -1 -1 21 -1 -1 -1 -1 -1 -1 -1 -1 20 19 18 -1 -1 
-1 -1 -1 3 4 -1 6 -1 -1 -1 -1 -1 -1 5 -1 -1 -1 -1 -1 9 -1 -1 2 -1 -1 -1 -1 -1 23 -1 -1 -1 13 -1 -1 -1 -1 -1 31 -1 28 -1 -1 -1 -1 -1 -1 22 27 7 25 -1 -1 -1 -1 -1 1 -1 -1 -1 -1 -1 -1 -1 -1 -1 -1 -1 -1 -1 -1 -1 -1 -1 -1 -1 21 -1 -1 -1 -1 -1 -1 -1 -1 20 19 18 -1 -1 
-1 -1 -1 3 4 -1 6 -1 -1 -1 -1 -1 -1 5 -1 -1 -1 -1 -1 9 -1 -1 2 -1 -1 -1 -1 -1 23 -1 -1 -1 13 -1 -1 -1 -1 -1 31 -1 28 25 -1 -1 -1 -1 -1 22 27 7 -1 -1 -1 -1 -1 -1 1 -1 -1 -1 -1 -1 -1 -1 -1 -1 -1 -1 -1 -1 -1 -1 -1 -1 -1 -1 21 -1 -1 -1 -1 -1 -1 -1 -1 20 19 18 -1 -1 
-1 -1 2 3 4 -1 6 -1 -1 -1 -1 -1 -1 5 -1 -1 -1 -1 -1 9 -1 -1 -1 -1 -1 -1 -1 -1 23 -1 -1 -1 13 -1 -1 -1 -1 -1 31 -1 28 25 -1 -1 -1 -1 -1 22 27 7 -1 -1 -1 -1 -1 -1 1 -1 -1 -1 -1 -1 -1 -1 -1 -1 -1 -1 -1 -1 -1 -1 -1 -1 -1 -1 21 -1 -1 -1 -1 -1 -1 -1 -1 20 19 18 -1 -1 
-1 -1 2 3 4 -1 6 -1 -1 -1 -1 -1 -1 5 -1 -1 -1 -1 -1 9 -1 -1 -1 -1 -1 -1 -1 -1 23 -1 -1 -1 13 -1 -1 -1 -1 -1 31 -1 28 25 -1 -1 -1 -1 -1 22 27 7 -1 -1 -1 -1 -1 -1 1 -1 -1 -1 -1 -1 -1 -1 -1 -1 -1 18 -1 -1 -1 -1 -1 -1 -1 -1 21 -1 -1 -1 -1 -1 -1 -1 -1 20 19 -1 -1 -1 
-1 -1 2 3 4 -1 -1 -1 -1 -1 -1 -1 -1 5 -1 -1 -1 -1 -1 9 -1 -1 6 -1 -1 -1 -1 -1 23 -1 -1 -1 13 -1 -1 -1 -1 -1 31 -1 28 25 -1 -1 -1 -1 -1 22 27 7 -1 -1 -1 -1 -1 -1 1 -1 -1 -1 -1 -1 -1 -1 -1 -1 -1 18 -1 -1 -1 -1 -1 -1 -1 -1 21 -1 -1 -1 -1 -1 -1 -1 -1 20 19 -1 -1 -1 
-1 -1 2 3 4 -1 -1 -1 -1 -1 -1 -1 -1 5 -1 -1 -1 -1 -1 9 -1 -1 6 -1 -1 -1 -1 -1 23 -1 -1 -1 13 -1 -1 -1 -1 -1 31 -1 -1 28 -1 -1 -1 -1 -1 22 27 7 -1 -1 -1 -1 -1 -1 1 -1 -1 -1 -1 -1 -1 -1 -1 -1 -1 18 -1 -1 -1 -1 -1 -1 -1 -1 21 -1 -1 -1 -1 -1 -1 -1 -1 20 19 -1 -1 -1 
-1 -1 2 3 4 -1 6 -1 -1 -1 -1 -1 -1 5 -1 -1 -1 -1 -1 9 -1 -1 -1 -1 -1 -1 -1 -1 23 -1 -1 -1 13 -1 -1 -1 -1 -1 31 -1 -1 28 -1 -1 -1 -1 -1 22 27 7 -1 -1 -1 -1 -1 -1 1 -1 -1 -1 -1 -1 -1 -1 -1 -1 -1 18 -1 -1 -1 -1 -1 -1 -1 -1 21 -1 -1 -1 -1 -1 -1 -1 -1 20 19 -1 -1 -1 
-1 -1 2 3 4 -1 6 -1 -1 -1 -1 -1 -1 5 -1 -1 -1 -1 -1 9 -1 -1 -1 -1 -1 -1 -1 -1 23 -1 -1 -1 13 -1 -1 -1 -1 -1 31 -1 -1 28 -1 -1 -1 -1 -1 27 -1 7 -1 -1 -1 -1 -1 -1 1 -1 -1 -1 -1 -1 -1 -1 -1 -1 -1 18 -1 -1 -1 -1 -1 -1 -1 -1 21 -1 -1 -1 -1 -1 -1 -1 -1 20 19 -1 -1 -1 
-1 -1 2 3 4 -1 6 -1 -1 -1 -1 -1 -1 5 -1 -1 -1 -1 -1 -1 -1 9 -1 -1 -1 -1 -1 -1 23 -1 -1 -1 13 -1 -1 -1 -1 -1 31 -1 -1 28 -1 -1 -1 -1 -1 27 -1 7 -1 -1 -1 -1 -1 -1 1 -1 -1 -1 -1 -1 -1 -1 -1 -1 -1 18 -1 -1 -1 -1 -1 -1 -1 -1 21 -1 -1 -1 -1 -1 -1 -1 -1 20 19 -1 -1 -1 
-1 -1 2 3 4 -1 6 -1 -1 -1 -1 -1 -1 5 -1 -1 -1 -1 -1 -1 -1 9 -1 -1 -1 -1 -1 -1 23 -1 -1 -1 13 -1 -1 -1 -1 -1 27 -1 -1 28 -1 -1 -1 -1 -1 -1 -1 7 -1 -1 -1 -1 -1 -1 1 -1 -1 -1 -1 -1 -1 -1 -1 -1 -1 18 -1 -1 -1 -1 -1 -1 -1 -1 21 -1 -1 -1 -1 -1 -1 -1 -1 20 19 -1 -1 -1 
-1 -1 2 3 4 -1 6 -1 -1 -1 -1 -1 -1 5 -1 -1 -1 -1 -1 -1 -1 -1 -1 -1 -1 -1 -1 -1 23 -1 -1 -1 13 -1 -1 -1 -1 -1 27 -1 -1 28 -1 -1 -1 -1 -1 -1 9 7 -1 -1 -1 -1 -1 -1 1 -1 -1 -1 -1 -1 -1 -1 -1 -1 -1 18 -1 -1 -1 -1 -1 -1 -1 -1 21 -1 -1 -1 -1 -1 -1 -1 -1 20 19 -1 -1 -1 
-1 -1 2 3 4 -1 6 -1 -1 -1 -1 -1 -1 5 -1 -1 -1 -1 -1 -1 -1 -1 -1 -1 -1 -1 -1 -1 23 -1 -1 -1 13 -1 -1 -1 -1 -1 27 -1 -1 28 -1 -1 -1 -1 -1 -1 9 7 -1 -1 -1 -1 -1 -1 1 -1 -1 -1 -1 -1 -1 -1 -1 -1 21 18 -1 -1 -1 -1 -1 -1 -1 -1 -1 -1 -1 -1 -1 -1 -1 -1 -1 20 19 -1 -1 -1 
-1 -1 2 3 4 -1 -1 -1 -1 -1 -1 -1 -1 5 -1 -1 -1 -1 -1 -1 -1 -1 6 -1 -1 -1 -1 -1 23 -1 -1 -1 13 -1 -1 -1 -1 -1 27 -1 -1 28 -1 -1 -1 -1 -1 -1 9 7 -1 -1 -1 -1 -1 -1 1 -1 -1 -1 -1 -1 -1 -1 -1 -1 21 18 -1 -1 -1 -1 -1 -1 -1 -1 -1 -1 -1 -1 -1 -1 -1 -1 -1 20 19 -1 -1 -1 
-1 -1 2 3 4 -1 -1 -1 -1 -1 -1 -1 -1 5 -1 -1 -1 -1 -1 -1 -1 -1 6 -1 -1 -1 -1 -1 23 -1 -1 -1 13 -1 -1 -1 -1 -1 27 25 -1 -1 -1 -1 -1 -1 -1 -1 9 7 -1 -1 -1 -1 -1 -1 1 -1 -1 -1 -1 -1 -1 -1 -1 -1 21 18 -1 -1 -1 -1 -1 -1 -1 -1 -1 -1 -1 -1 -1 -1 -1 -1 -1 20 19 -1 -1 -1 
-1 -1 2 3 -1 4 -1 -1 -1 -1 -1 -1 -1 5 -1 -1 -1 -1 -1 -1 -1 -1 6 -1 -1 -1 -1 -1 23 -1 -1 -1 13 -1 -1 -1 -1 -1 27 25 -1 -1 -1 -1 -1 -1 -1 -1 9 7 -1 -1 -1 -1 -1 -1 1 -1 -1 -1 -1 -1 -1 -1 -1 -1 21 18 -1 -1 -1 -1 -1 -1 -1 -1 -1 -1 -1 -1 -1 -1 -1 -1 -1 20 19 -1 -1 -1 
-1 -1 2 3 -1 4 -1 -1 -1 -1 -1 -1 -1 5 -1 -1 -1 -1 -1 -1 -1 -1 6 -1 -1 -1 -1 -1 23 -1 -1 -1 13 -1 -1 -1 -1 -1 27 25 -1 -1 -1 -1 -1 -1 -1 -1 9 7 -1 -1 -1 -1 -1 -1 1 -1 -1 -1 -1 -1 -1 -1 -1 -1 21 -1 -1 -1 -1 -1 -1 -1 -1 -1 -1 -1 -1 -1 -1 -1 -1 -1 -1 20 19 18 -1 -1 
-1 -1 2 3 -1 4 -1 -1 -1 -1 -1 -1 -1 5 -1 -1 -1 -1 -1 -1 -1 -1 6 -1 -1 -1 -1 -1 23 -1 -1 13 -1 -1 -1 -1 -1 -1 27 25 -1 -1 -1 -1 -1 -1 -1 -1 9 7 -1 -1 -1 -1 -1 -1 1 -1 -1 -1 -1 -1 -1 -1 -1 -1 21 -1 -1 -1 -1 -1 -1 -1 -1 -1 -1 -1 -1 -1 -1 -1 -1 -1 -1 20 19 18 -1 -1 
-1 -1 2 3 -1 4 -1 -1 -1 -1 -1 -1 -1 5 -1 -1 -1 -1 -1 -1 -1 -1 6 -1 -1 -1 -1 -1 23 -1 -1 13 -1 -1 -1 -1 -1 -1 27 25 -1 -1 -1 -1 -1 -1 -1 -1 9 7 -1 -1 -1 -1 -1 -1 1 -1 -1 -1 -1 -1 -1 -1 -1 -1 21 -1 -1 -1 -1 -1 -1 -1 -1 -1 19 -1 -1 -1 -1 -1 -1 -1 -1 20 -1 18 -1 -1 
-1 -1 2 3 -1 4 -1 -1 -1 -1 -1 -1 -1 5 -1 -1 -1 -1 -1 -1 -1 -1 6 -1 -1 -1 -1 -1 23 -1 -1 -1 13 -1 -1 -1 -1 -1 27 25 -1 -1 -1 -1 -1 -1 -1 -1 9 7 -1 -1 -1 -1 -1 -1 1 -1 -1 -1 -1 -1 -1 -1 -1 -1 21 -1 -1 -1 -1 -1 -1 -1 -1 -1 19 -1 -1 -1 -1 -1 -1 -1 -1 20 -1 18 -1 -1 
-1 -1 2 3 -1 4 -1 -1 -1 -1 -1 -1 -1 5 -1 -1 -1 -1 -1 -1 -1 -1 6 -1 -1 -1 -1 -1 23 -1 -1 -1 13 -1 -1 -1 -1 -1 27 25 -1 -1 -1 -1 -1 -1 -1 -1 9 7 -1 -1 -1 -1 -1 -1 1 -1 -1 -1 -1 -1 -1 -1 -1 -1 21 18 -1 -1 -1 -1 -1 -1 -1 -1 19 -1 -1 -1 -1 -1 -1 -1 -1 20 -1 -1 -1 -1 
-1 -1 2 3 -1 4 -1 -1 -1 -1 -1 -1 -1 5 -1 -1 -1 -1 -1 -1 -1 -1 6 -1 -1 -1 -1 -1 23 -1 -1 -1 -1 13 -1 -1 -1 -1 27 25 -1 -1 -1 -1 -1 -1 -1 -1 9 7 -1 -1 -1 -1 -1 -1 1 -1 -1 -1 -1 -1 -1 -1 -1 -1 21 18 -1 -1 -1 -1 -1 -1 -1 -1 19 -1 -1 -1 -1 -1 -1 -1 -1 20 -1 -1 -1 -1 
-1 -1 2 3 -1 4 -1 -1 -1 -1 -1 23 -1 5 -1 -1 -1 -1 -1 -1 -1 -1 6 -1 -1 -1 -1 -1 -1 -1 -1 -1 -1 13 -1 -1 -1 -1 27 25 -1 -1 -1 -1 -1 -1 -1 -1 9 7 -1 -1 -1 -1 -1 -1 1 -1 -1 -1 -1 -1 -1 -1 -1 -1 21 18 -1 -1 -1 -1 -1 -1 -1 -1 19 -1 -1 -1 -1 -1 -1 -1 -1 20 -1 -1 -1 -1 
-1 -1 2 3 -1 -1 -1 -1 -1 -1 -1 23 -1 5 4 -1 -1 -1 -1 -1 -1 -1 6 -1 -1 -1 -1 -1 -1 -1 -1 -1 -1 13 -1 -1 -1 -1 27 25 -1 -1 -1 -1 -1 -1 -1 -1 9 7 -1 -1 -1 -1 -1 -1 1 -1 -1 -1 -1 -1 -1 -1 -1 -1 21 18 -1 -1 -1 -1 -1 -1 -1 -1 19 -1 -1 -1 -1 -1 -1 -1 -1 20 -1 -1 -1 -1 
-1 -1 2 3 -1 -1 -1 -1 -1 -1 -1 23 -1 5 4 -1 -1 -1 -1 -1 -1 -1 6 -1 -1 -1 -1 -1 -1 -1 -1 -1 -1 13 -1 -1 -1 -1 27 -1 -1 25 -1 -1 -1 -1 -1 -1 9 7 -1 -1 -1 -1 -1 -1 1 -1 -1 -1 -1 -1 -1 -1 -1 -1 21 18 -1 -1 -1 -1 -1 -1 -1 -1 19 -1 -1 -1 -1 -1 -1 -1 -1 20 -1 -1 -1 -1 
-1 -1 2 3 -1 -1 -1 -1 -1 -1 -1 23 -1 -1 4 -1 -1 -1 -1 -1 -1 -1 6 5 -1 -1 -1 -1 -1 -1 -1 -1 -1 13 -1 -1 -1 -1 27 -1 -1 25 -1 -1 -1 -1 -1 -1 9 7 -1 -1 -1 -1 -1 -1 1 -1 -1 -1 -1 -1 -1 -1 -1 -1 21 18 -1 -1 -1 -1 -1 -1 -1 -1 19 -1 -1 -1 -1 -1 -1 -1 -1 20 -1 -1 -1 -1 
-1 -1 2 3 23 -1 -1 -1 -1 -1 -1 -1 -1 -1 4 -1 -1 -1 -1 -1 -1 -1 6 5 -1 -1 -1 -1 -1 -1 -1 -1 -1 13 -1 -1 -1 -1 27 -1 -1 25 -1 -1 -1 -1 -1 -1 9 7 -1 -1 -1 -1 -1 -1 1 -1 -1 -1 -1 -1 -1 -1 -1 -1 21 18 -1 -1 -1 -1 -1 -1 -1 -1 19 -1 -1 -1 -1 -1 -1 -1 -1 20 -1 -1 -1 -1 
-1 -1 2 3 23 -1 -1 -1 -1 -1 -1 -1 -1 4 -1 -1 -1 -1 -1 -1 -1 -1 6 5 -1 -1 -1 -1 -1 -1 -1 -1 -1 13 -1 -1 -1 -1 27 -1 -1 25 -1 -1 -1 -1 -1 -1 9 7 -1 -1 -1 -1 -1 -1 1 -1 -1 -1 -1 -1 -1 -1 -1 -1 21 18 -1 -1 -1 -1 -1 -1 -1 -1 19 -1 -1 -1 -1 -1 -1 -1 -1 20 -1 -1 -1 -1 
-1 -1 2 3 23 -1 -1 -1 -1 -1 -1 -1 -1 4 -1 -1 -1 -1 -1 -1 -1 -1 6 5 -1 -1 -1 -1 -1 -1 -1 -1 -1 13 -1 -1 -1 -1 27 -1 -1 25 -1 -1 -1 -1 -1 -1 9 7 -1 -1 -1 -1 -1 -1 1 -1 -1 -1 -1 -1 -1 -1 -1 -1 21 -1 -1 -1 -1 -1 -1 -1 -1 -1 19 -1 17 -1 -1 -1 -1 -1 -1 20 -1 -1 -1 -1 
-1 -1 2 3 23 -1 -1 -1 -1 -1 -1 -1 9 4 -1 -1 -1 -1 -1 -1 -1 -1 6 5 -1 -1 -1 -1 -1 -1 -1 -1 -1 13 -1 -1 -1 -1 27 -1 -1 25 -1 -1 -1 -1 -1 -1 -1 7 -1 -1 -1 -1 -1 -1 1 -1 -1 -1 -1 -1 -1 -1 -1 -1 21 -1 -1 -1 -1 -1 -1 -1 -1 -1 19 -1 17 -1 -1 -1 -1 -1 -1 20 -1 -1 -1 -1 
-1 -1 2 3 23 -1 -1 -1 -1 -1 -1 -1 9 4 -1 -1 -1 -1 -1 -1 -1 -1 6 5 -1 -1 -1 -1 -1 -1 -1 -1 -1 13 -1 -1 -1 -1 27 -1 25 -1 -1 -1 -1 -1 -1 -1 -1 7 -1 -1 -1 -1 -1 -1 1 -1 -1 -1 -1 -1 -1 -1 -1 -1 21 -1 -1 -1 -1 -1 -1 -1 -1 -1 19 -1 17 -1 -1 -1 -1 -1 -1 20 -1 -1 -1 -1 
-1 -1 2 3 23 -1 -1 -1 -1 -1 -1 -1 9 -1 4 -1 -1 -1 -1 -1 -1 -1 6 5 -1 -1 -1 -1 -1 -1 -1 -1 -1 13 -1 -1 -1 -1 27 -1 25 -1 -1 -1 -1 -1 -1 -1 -1 7 -1 -1 -1 -1 -1 -1 1 -1 -1 -1 -1 -1 -1 -1 -1 -1 21 -1 -1 -1 -1 -1 -1 -1 -1 -1 19 -1 17 -1 -1 -1 -1 -1 -1 20 -1 -1 -1 -1 
