0 1 2 3 4 5 6 7 8 -1 -1 -1 -1 -1 -1 -1 -1 -1 -1 9 -1 -1 -1 -1 -1 10 -1 11 -1 12 -1 28 -1 14 -1 15 -1 -1 -1 -1 -1 -1 -1 -1 -1 -1 -1 30 -1 -1 -1 -1 -1 -1 -1 -1 -1 -1 29 -1 -1 -1 27 -1 26 -1 -1 -1 -1 -1 25 -1 -1 -1 -1 -1 -1 -1 -1 -1 -1 24 23 22 21 20 19 18 17 16 
0 1 2 3 4 5 6 7 8 -1 -1 -1 -1 -1 -1 -1 -1 -1 -1 9 -1 -1 -1 -1 -1 10 -1 11 -1 12 -1 28 -1 -1 -1 15 -1 -1 -1 -1 -1 -1 14 -1 -1 -1 -1 30 -1 -1 -1 -1 -1 -1 -1 -1 -1 -1 29 -1 -1 -1 27 -1 26 -1 -1 -1 -1 -1 25 -1 -1 -1 -1 -1 -1 -1 -1 -1 -1 24 23 22 21 20 19 18 17 16 
0 1 2 3 4 5 6 7 8 -1 -1 -1 -1 -1 -1 -1 -1 -1 -1 9 -1 -1 -1 -1 -1 10 -1 11 -1 12 -1 28 -1 -1 -1 15 -1 -1 -1 -1 -1 -1 14 -1 -1 -1 -1 30 -1 -1 -1 -1 -1 -1 -1 -1 -1 -1 29 -1 -1 -1 27 -1 26 -1 -1 -1 -1 25 -1 -1 -1 -1 -1 -1 -1 -1 -1 -1 -1 24 23 22 21 20 19 18 17 16 
0 1 2 3 4 5 6 7 8 -1 -1 -1 -1 -1 -1 -1 -1 -1 -1 9 -1 -1 10 -1 -1 -1 -1 11 -1 12 -1 28 -1 -1 -1 15 -1 -1 -1 -1 -1 -1 14 -1 -1 -1 -1 30 -1 -1 -1 -1 -1 -1 -1 -1 -1 -1 29 -1 -1 -1 27 -1 26 -1 -1 -1 -1 25 -1 -1 -1 -1 -1 -1 -1 -1 -1 -1 -1 24 23 22 21 20 19 18 17 16 
0 1 2 3 4 5 6 7 8 -1 -1 -1 -1 -1 -1 -1 -1 -1 -1 9 -1 -1 10 -1 -1 -1 -1 11 -1 12 -1 28 -1 -1 -1 15 -1 -1 -1 -1 -1 -1 14 -1 -1 -1 -1 30 -1 -1 -1 -1 -1 -1 -1 -1 -1 -1 29 -1 -1 -1 27 -1 26 23 -1 -1 -1 25 -1 -1 -1 -1 -1 -1 -1 -1 -1 -1 -1 24 -1 22 21 20 19 18 17 16 
0 1 2 3 4 5 6 -1 8 -1 -1 -1 -1 -1 -1 -1 -1 -1 -1 9 -1 -1 10 -1 7 -1 -1 11 -1 12 -1 28 -1 -1 -1 15 -1 -1 -1 -1 -1 -1 14 -1 -1 -1 -1 30 -1 -1 -1 -1 -1 -1 -1 -1 -1 -1 29 -1 -1 -1 27 -1 26 23 -1 -1 -1 25 -1 -1 -1 -1 -1 -1 -1 -1 -1 -1 -1 24 -1 22 21 20 19 18 17 16 
0 1 2 3 4 5 6 -1 8 -1 -1 -1 -1 -1 -1 -1 -1 -1 -1 9 -1 -1 10 -1 7 -1 -1 11 -1 12 -1 28 -1 -1 -1 15 -1 -1 -1 -1 -1 -1 14 -1 -1 -1 -1 30 -1 -1 -1 -1 -1 -1 -1 -1 -1 -1 29 -1 -1 -1 27 -1 26 23 -1 18 -1 25 -1 -1 -1 -1 -1 -1 -1 -1 -1 -1 -1 24 -1 22 21 20 19 -1 17 16 
0 -1 2 3 4 5 6 -1 8 -1 -1 -1 -1 -1 -1 -1 -1 -1 1 9 -1 -1 10 -1 7 -1 -1 11 -1 12 -1 28 -1 -1 -1 15 -1 -1 -1 -1 -1 -1 14 -1 -1 -1 -1 30 -1 -1 -1 -1 -1 -1 -1 -1 -1 -1 29 -1 -1 -1 27 -1 26 23 -1 18 -1 25 -1 -1 -1 -1 -1 -1 -1 -1 -1 -1 -1 24 -1 22 21 20 19 -1 17 16 
0 -1 2 3 4 5 6 -1 8 -1 -1 -1 -1 -1 -1 -1 -1 -1 1 9 -1 -1 10 -1 7 -1 -1 11 -1 12 -1 28 -1 -1 -1 15 -1 -1 -1 -1 -1 -1 14 -1 -1 -1 -1 30 -1 -1 -1 -1 -1 -1 -1 -1 -1 -1 29 -1 -1 -1 27 -1 26 23 -1 18 -1 25 -1 -1 24 -1 -1 -1 -1 -1 -1 -1 -1 -1 -1 22 21 20 19 -1 17 16 
0 -1 2 3 4 5 6 8 -1 -1 -1 -1 -1 -1 -1 -1 -1 -1 1 9 -1 -1 10 -1 7 -1 -1 11 -1 12 -1 28 -1 -1 -1 15 -1 -1 -1 -1 -1 -1 14 -1 -1 -1 -1 30 -1 -1 -1 -1 -1 -1 -1 -1 -1 -1 29 -1 -1 -1 27 -1 26 23 -1 18 -1 25 -1 -1 24 -1 -1 -1 -1 -1 -1 -1 -1 -1 -1 22 21 20 19 -1 17 16 
0 -1 2 3 4 5 6 8 -1 -1 -1 -1 -1 -1 -1 -1 -1 -1 1 9 -1 -1 10 -1 7 -1 -1 11 -1 12 -1 28 -1 -1 -1 15 -1 -1 -1 -1 -1 -1 14 -1 -1 -1 -1 30 -1 -1 -1 -1 -1 -1 -1 -1 -1 -1 29 -1 -1 -1 27 -1 26 23 -1 18 -1 25 -1 -1 -1 -1 -1 24 -1 -1 -1 -1 -1 -1 -1 22 21 20 19 -1 17 16 
0 -1 2 3 4 5 6 8 -1 -1 -1 -1 -1 -1 -1 -1 -1 -1 1 -1 9 -1 10 -1 7 -1 -1 11 -1 12 -1 28 -1 -1 -1 15 -1 -1 -1 -1 -1 -1 14 -1 -1 -1 -1 30 -1 -1 -1 -1 -1 -1 -1 -1 -1 -1 29 -1 -1 -1 27 -1 26 23 -1 18 -1 25 -1 -1 -1 -1 -1 24 -1 -1 -1 -1 -1 -1 -1 22 21 20 19 -1 17 16 
0 -1 2 3 4 5 6 8 -1 -1 -1 -1 -1 -1 -1 -1 -1 -1 1 -1 9 -1 10 -1 7 -1 -1 11 -1 12 -1 28 -1 -1 -1 15 -1 -1 -1 -1 -1 -1 14 -1 -1 -1 -1 30 -1 -1 -1 -1 -1 -1 -1 -1 -1 -1 29 -1 -1 -1 27 -1 26 23 -1 18 -1 25 -1 -1 -1 -1 -1 24 -1 17 -1 -1 -1 -1 -1 22 21 20 19 -1 -1 16 
-1 0 2 3 4 5 6 8 -1 -1 -1 -1 -1 -1 -1 -1 -1 -1 1 -1 9 -1 10 -1 7 -1 -1 11 -1 12 -1 28 -1 -1 -1 15 -1 -1 -1 -1 -1 -1 14 -1 -1 -1 -1 30 -1 -1 -1 -1 -1 -1 -1 -1 -1 -1 29 -1 -1 -1 27 -1 26 23 -1 18 -1 25 -1 -1 -1 -1 -1 24 -1 17 -1 -1 -1 -1 -1 22 21 20 19 -1 -1 16 
-1 0 2 3 4 5 6 8 -1 -1 -1 -1 -1 -1 -1 -1 -1 -1 1 -1 9 -1 10 -1 7 -1 -1 11 -1 12 -1 28 -1 -1 -1 15 -1 -1 -1 -1 -1 -1 14 -1 -1 -1 -1 30 -1 -1 -1 -1 -1 -1 -1 -1 -1 -1 29 -1 -1 -1 27 26 -1 23 -1 18 -1 25 -1 -1 -1 -1 -1 24 -1 17 -1 -1 -1 -1 -1 22 21 20 19 -1 -1 16 
-1 -1 2 3 4 5 6 8 -1 -1 -1 -1 -1 -1 -1 -1 -1 -1 1 -1 9 -1 10 -1 7 -1 -1 11 -1 12 -1 28 -1 -1 -1 15 -1 0 -1 -1 -1 -1 14 -1 -1 -1 -1 30 -1 -1 -1 -1 -1 -1 -1 -1 -1 -1 29 -1 -1 -1 27 26 -1 23 -1 18 -1 25 -1 -1 -1 -1 -1 24 -1 17 -1 -1 -1 -1 -1 22 21 20 19 -1 -1 16 
-1 -1 2 3 4 5 6 8 -1 -1 -1 -1 -1 -1 -1 -1 -1 -1 1 -1 9 -1 10 -1 7 -1 -1 11 -1 12 -1 28 -1 -1 -1 15 -1 0 -1 -1 -1 -1 14 -1 -1 -1 -1 30 -1 -1 -1 -1 -1 -1 -1 -1 -1 -1 29 -1 -1 -1 27 26 -1 23 -1 18 -1 25 -1 -1 -1 -1 -1 24 -1 17 -1 -1 -1 -1 -1 22 21 20 19 -1 16 -1 
-1 -1 2 3 4 5 6 -1 -1 -1 -1 -1 -1 -1 -1 -1 -1 -1 1 -1 9 -1 10 -1 7 -1 -1 11 -1 12 -1 28 -1 -1 -1 15 -1 0 -1 -1 -1 -1 14 -1 -1 -1 -1 30 -1 -1 -1 -1 -1 -1 -1 -1 -1 -1 29 -1 -1 -1 27 26 -1 23 -1 18 -1 25 -1 -1 -1 -1 -1 24 -1 17 -1 -1 -1 -1 -1 22 21 20 19 -1 8 -1 
-1 -1 2 3 4 5 6 -1 -1 -1 -1 -1 -1 -1 -1 -1 -1 -1 1 -1 9 -1 10 -1 7 -1 -1 11 -1 12 -1 28 -1 -1 -1 15 -1 0 -1 -1 -1 -1 14 -1 -1 -1 -1 30 -1 -1 -1 -1 -1 -1 -1 -1 -1 -1 29 -1 -1 -1 27 26 -1 23 -1 18 -1 25 -1 -1 -1 -1 -1 24 -1 -1 -1 -1 -1 -1 -1 22 21 20 19 -1 17 -1 
-1 -1 2 3 4 5 6 -1 -1 -1 -1 -1 -1 -1 -1 -1 -1 -1 1 -1 9 -1 10 -1 7 -1 -1 -1 -1 12 -1 28 -1 -1 -1 15 11 0 -1 -1 -1 -1 14 -1 -1 -1 -1 30 -1 -1 -1 -1 -1 -1 -1 -1 -1 -1 29 -1 -1 -1 27 26 -1 23 -1 18 -1 25 -1 -1 -1 -1 -1 24 -1 -1 -1 -1 -1 -1 -1 22 21 20 19 -1 17 -1 
-1 -1 2 3 4 5 6 -1 -1 -1 -1 -1 -1 -1 -1 -1 -1 -1 1 -1 9 -1 10 -1 7 -1 -1 -1 -1 12 -1 28 -1 -1 -1 15 11 0 -1 -1 -1 -1 14 -1 -1 -1 -1 30 -1 -1 -1 -1 -1 -1 -1 -1 -1 -1 29 -1 -1 -1 27 26 -1 23 -1 18 -1 25 -1 -1 -1 -1 -1 24 19 -1 -1 -1 -1 -1 -1 22 21 20 -1 -1 17 -1 
-1 -1 2 3 4 -1 6 -1 -1 -1 -1 -1 -1 5 -1 -1 -1 -1 1 -1 9 -1 10 -1 7 -1 -1 -1 -1 12 -1 28 -1 -1 -1 15 11 0 -1 -1 -1 -1 14 -1 -1 -1 -1 30 -1 -1 -1 -1 -1 -1 -1 -1 -1 -1 29 -1 -1 -1 27 26 -1 23 -1 18 -1 25 -1 -1 -1 -1 -1 24 19 -1 -1 -1 -1 -1 -1 22 21 20 -1 -1 17 -1 
-1 -1 2 3 4 -1 6 -1 -1 -1 -1 -1 -1 5 -1 -1 -1 -1 1 -1 9 -1 10 -1 7 -1 -1 -1 -1 12 -1 28 -1 -1 -1 15 11 0 -1 -1 -1 -1 14 -1 -1 -1 -1 30 -1 -1 -1 -1 -1 -1 -1 -1 -1 -1 29 -1 -1 -1 27 26 -1 23 -1 18 -1 25 -1 -1 -1 -1 -1 24 19 17 -1 -1 -1 -1 -1 22 21 20 -1 -1 -1 -1 
-1 -1 2 3 4 -1 6 -1 -1 -1 -1 -1 -1 5 -1 -1 -1 -1 1 -1 9 -1 10 -1 7 -1 -1 -1 -1 -1 -1 28 -1 -1 -1 15 11 0 12 -1 -1 -1 14 -1 -1 -1 -1 30 -1 -1 -1 -1 -1 -1 -1 -1 -1 -1 29 -1 -1 -1 27 26 -1 23 -1 18 -1 25 -1 -1 -1 -1 -1 24 19 17 -1 -1 -1 -1 -1 22 21 20 -1 -1 -1 -1 
-1 -1 2 3 4 -1 6 -1 -1 -1 -1 -1 -1 5 -1 -1 -1 -1 1 -1 9 -1 10 -1 7 -1 -1 -1 -1 -1 -1 28 -1 -1 -1 15 11 0 12 -1 -1 -1 14 -1 -1 -1 -1 30 24 -1 -1 -1 -1 -1 -1 -1 -1 -1 29 -1 -1 -1 27 26 -1 23 -1 18 -1 25 -1 -1 -1 -1 -1 -1 19 17 -1 -1 -1 -1 -1 22 21 20 -1 -1 -1 -1 
-1 -1 2 3 4 -1 6 -1 -1 -1 -1 -1 -1 5 -1 -1 -1 -1 1 -1 -1 -1 10 -1 7 -1 -1 -1 -1 9 -1 28 -1 -1 -1 15 11 0 12 -1 -1 -1 14 -1 -1 -1 -1 30 24 -1 -1 -1 -1 -1 -1 -1 -1 -1 29 -1 -1 -1 27 26 -1 23 -1 18 -1 25 -1 -1 -1 -1 -1 -1 19 17 -1 -1 -1 -1 -1 22 21 20 -1 -1 -1 -1 
-1 -1 2 3 4 -1 6 -1 -1 -1 -1 -1 -1 5 -1 -1 -1 -1 1 -1 -1 -1 10 -1 7 -1 -1 -1 -1 9 -1 28 -1 -1 -1 15 11 0 30 -1 -1 -1 14 -1 -1 -1 -1 -1 24 -1 -1 -1 -1 -1 -1 -1 -1 -1 29 -1 -1 -1 27 26 -1 23 -1 18 -1 25 -1 -1 -1 -1 -1 -1 19 17 -1 -1 -1 -1 -1 22 21 20 -1 -1 -1 -1 
-1 -1 2 3 4 -1 6 -1 -1 -1 -1 -1 -1 5 -1 -1 -1 -1 1 -1 -1 -1 10 -1 7 -1 -1 -1 -1 9 -1 28 -1 -1 -1 15 11 -1 0 -1 -1 -1 14 -1 -1 -1 -1 -1 24 -1 -1 -1 -1 -1 -1 -1 -1 -1 29 -1 -1 -1 27 26 -1 23 -1 18 -1 25 -1 -1 -1 -1 -1 -1 19 17 -1 -1 -1 -1 -1 22 21 20 -1 -1 -1 -1 
-1 -1 2 3 4 -1 6 -1 -1 -1 -1 -1 -1 5 -1 -1 -1 -1 1 -1 -1 -1 10 -1 7 -1 -1 -1 -1 9 -1 28 -1 -1 -1 15 11 -1 0 -1 -1 -1 14 -1 -1 -1 23 -1 24 -1 -1 -1 -1 -1 -1 -1 -1 -1 29 -1 -1 -1 27 26 -1 -1 -1 18 -1 25 -1 -1 -1 -1 -1 -1 19 17 -1 -1 -1 -1 -1 22 21 20 -1 -1 -1 -1 
-1 -1 2 3 4 -1 6 -1 -1 -1 -1 -1 -1 5 -1 -1 -1 -1 1 -1 10 -1 -1 -1 7 -1 -1 -1 -1 9 -1 28 -1 -1 -1 15 11 -1 0 -1 -1 -1 14 -1 -1 -1 23 -1 24 -1 -1 -1 -1 -1 -1 -1 -1 -1 29 -1 -1 -1 27 26 -1 -1 -1 18 -1 25 -1 -1 -1 -1 -1 -1 19 17 -1 -1 -1 -1 -1 22 21 20 -1 -1 -1 -1 
-1 -1 2 3 4 -1 6 -1 -1 -1 -1 -1 -1 5 -1 -1 -1 -1 1 -1 10 -1 -1 -1 7 -1 -1 -1 -1 9 -1 28 -1 -1 -1 15 11 -1 0 -1 -1 -1 14 -1 -1 -1 23 -1 24 -1 -1 -1 -1 -1 -1 -1 -1 -1 29 -1 -1 -1 27 26 -1 -1 -1 18 -1 25 -1 -1 -1 -1 -1 -1 -1 17 -1 -1 -1 -1 -1 22 21 20 19 -1 -1 -1 
-1 -1 2 3 4 -1 6 -1 -1 -1 -1 -1 -1 5 -1 -1 -1 -1 1 -1 10 -1 -1 -1 7 -1 -1 -1 -1 9 -1 28 -1 -1 -1 15 11 -1 -1 -1 -1 0 14 -1 -1 -1 23 -1 24 -1 -1 -1 -1 -1 -1 -1 -1 -1 29 -1 -1 -1 27 26 -1 -1 -1 18 -1 25 -1 -1 -1 -1 -1 -1 -1 17 -1 -1 -1 -1 -1 22 21 20 19 -1 -1 -1 
-1 -1 2 3 4 -1 6 -1 -1 -1 -1 -1 -1 5 -1 -1 -1 -1 1 -1 10 -1 -1 -1 7 -1 -1 -1 -1 9 -1 28 -1 -1 -1 15 11 -1 -1 -1 -1 0 14 -1 -1 -1 23 -1 24 -1 -1 -1 -1 -1 -1 -1 -1 -1 29 -1 -1 -1 27 26 -1 -1 -1 18 -1 25 17 -1 -1 -1 -1 -1 -1 -1 -1 -1 -1 -1 -1 22 21 20 19 -1 -1 -1 
-1 -1 2 3 4 -1 6 -1 -1 -1 -1 -1 -1 5 -1 -1 -1 -1 -1 -1 10 -1 -1 -1 7 -1 -1 -1 -1 9 -1 28 -1 -1 -1 15 11 1 -1 -1 -1 0 14 -1 -1 -1 23 -1 24 -1 -1 -1 -1 -1 -1 -1 -1 -1 29 -1 -1 -1 27 26 -1 -1 -1 18 -1 25 17 -1 -1 -1 -1 -1 -1 -1 -1 -1 -1 -1 -1 22 21 20 19 -1 -1 -1 
-1 -1 2 3 4 -1 6 -1 -1 -1 -1 -1 -1 5 -1 -1 -1 -1 -1 -1 10 -1 -1 -1 7 -1 -1 -1 -1 9 -1 28 -1 -1 -1 15 11 1 -1 -1 -1 0 14 -1 -1 -1 23 -1 -1 -1 -1 -1 24 -1 -1 -1 -1 -1 29 -1 -1 -1 27 26 -1 -1 -1 18 -1 25 17 -1 -1 -1 -1 -1 -1 -1 -1 -1 -1 -1 -1 22 21 20 19 -1 -1 -1 
-1 -1 2 3 4 -1 6 -1 -1 -1 -1 -1 -1 5 -1 -1 -1 -1 -1 -1 -1 -1 10 -1 7 -1 -1 -1 -1 9 -1 28 -1 -1 -1 15 11 1 -1 -1 -1 0 14 -1 -1 -1 23 -1 -1 -1 -1 -1 24 -1 -1 -1 -1 -1 29 -1 -1 -1 27 26 -1 -1 -1 18 -1 25 17 -1 -1 -1 -1 -1 -1 -1 -1 -1 -1 -1 -1 22 21 20 19 -1 -1 -1 
-1 -1 2 3 4 -1 6 -1 -1 -1 -1 -1 -1 5 -1 -1 -1 -1 -1 -1 -1 -1 10 -1 7 -1 -1 -1 -1 9 -1 28 -1 -1 -1 15 11 1 -1 -1 -1 0 14 -1 -1 -1 23 -1 -1 -1 -1 -1 24 -1 -1 -1 -1 -1 29 -1 -1 -1 27 26 -1 -1 -1 18 -1 25 17 -1 -1 -1 -1 -1 -1 -1 -1 -1 -1 -1 -1 16 21 20 19 -1 -1 -1 
-1 -1 2 3 4 -1 6 -1 -1 -1 -1 -1 -1 5 -1 -1 -1 -1 -1 -1 -1 -1 10 -1 7 -1 -1 -1 9 -1 -1 28 -1 -1 -1 15 11 1 -1 -1 -1 0 14 -1 -1 -1 23 -1 -1 -1 -1 -1 24 -1 -1 -1 -1 -1 29 -1 -1 -1 27 26 -1 -1 -1 18 -1 25 17 -1 -1 -1 -1 -1 -1 -1 -1 -1 -1 -1 -1 16 21 20 19 -1 -1 -1 
-1 -1 2 3 4 -1 6 -1 -1 -1 -1 -1 -1 5 -1 -1 -1 -1 -1 -1 -1 -1 10 -1 7 -1 -1 -1 9 -1 -1 28 -1 -1 -1 15 11 1 -1 -1 -1 0 14 -1 -1 -1 -1 -1 -1 -1 -1 -1 24 -1 -1 -1 -1 -1 29 -1 -1 -1 27 26 -1 23 -1 18 -1 25 17 -1 -1 -1 -1 -1 -1 -1 -1 -1 -1 -1 -1 16 21 20 19 -1 -1 -1 
-1 -1 2 3 4 -1 6 -1 -1 -1 -1 -1 -1 5 -1 -1 -1 -1 -1 -1 -1 -1 10 -1 7 -1 -1 -1 9 -1 -1 28 -1 -1 -1 15 11 1 -1 -1 -1 -1 14 -1 -1 -1 -1 -1 -1 -1 -1 -1 24 -1 -1 -1 -1 -1 29 -1 -1 -1 27 26 -1 23 -1 18 0 25 17 -1 -1 -1 -1 -1 -1 -1 -1 -1 -1 -1 -1 16 21 20 19 -1 -1 -1 
-1 -1 2 3 4 -1 6 -1 -1 -1 -1 -1 -1 5 -1 -1 -1 -1 -1 -1 -1 -1 10 -1 7 -1 -1 -1 9 -1 -1 28 -1 -1 -1 15 11 1 -1 -1 -1 -1 14 -1 -1 -1 -1 -1 -1 -1 -1 -1 24 -1 -1 -1 -1 -1 29 -1 -1 -1 27 26 -1 23 -1 18 0 25 17 -1 -1 -1 16 -1 -1 -1 -1 -1 -1 -1 -1 -1 21 20 19 -1 -1 -1 
-1 -1 2 3 4 -1 6 -1 -1 -1 -1 -1 -1 5 -1 -1 -1 -1 -1 -1 -1 -1 10 -1 7 -1 -1 -1 9 -1 -1 28 -1 -1 -1 15 11 1 -1 -1 -1 -1 14 -1 -1 -1 -1 -1 -1 -1 -1 -1 24 -1 -1 -1 -1 -1 29 -1 -1 -1 27 26 -1 23 -1 18 -1 0 17 -1 -1 -1 16 -1 -1 -1 -1 -1 -1 -1 -1 -1 21 20 19 -1 -1 -1 
-1 -1 2 3 4 -1 6 -1 -1 -1 -1 -1 -1 5 -1 -1 -1 -1 -1 -1 -1 -1 10 -1 7 -1 -1 -1 9 -1 -1 28 -1 -1 -1 15 11 1 -1 -1 -1 -1 14 -1 -1 -1 -1 -1 -1 -1 -1 -1 24 -1 -1 -1 -1 -1 29 -1 -1 -1 27 26 -1 23 -1 18 -1 0 17 -1 -1 16 -1 -1 -1 -1 -1 -1 -1 -1 -1 -1 21 20 19 -1 -1 -1 
-1 -1 2 3 4 -1 6 -1 -1 -1 -1 -1 -1 5 -1 -1 -1 -1 -1 -1 -1 -1 10 -1 7 -1 -1 -1 9 -1 -1 28 -1 -1 -1 15 11 1 -1 -1 -1 -1 14 -1 -1 -1 -1 -1 -1 -1 -1 -1 24 -1 -1 -1 -1 -1 29 -1 -1 -1 27 26 -1 23 -1 18 -1 -1 0 -1 -1 16 -1 -1 -1 -1 -1 -1 -1 -1 -1 -1 21 20 19 -1 -1 -1 
-1 -1 2 3 4 -1 6 -1 -1 -1 -1 -1 -1 5 -1 -1 -1 -1 -1 -1 -1 -1 10 -1 7 -1 -1 -1 9 -1 -1 28 -1 -1 -1 15 11 1 -1 -1 -1 -1 14 -1 -1 -1 -1 -1 -1 -1 -1 -1 24 -1 -1 -1 -1 -1 29 -1 -1 -1 27 26 16 23 -1 18 -1 -1 0 -1 -1 -1 -1 -1 -1 -1 -1 -1 -1 -1 -1 -1 21 20 19 -1 -1 -1 
-1 -1 2 3 4 -1 6 -1 -1 -1 -1 -1 -1 5 -1 -1 -1 -1 -1 -1 -1 10 -1 -1 7 -1 -1 -1 9 -1 -1 28 -1 -1 -1 15 11 1 -1 -1 -1 -1 14 -1 -1 -1 -1 -1 -1 -1 -1 -1 24 -1 -1 -1 -1 -1 29 -1 -1 -1 27 26 16 23 -1 18 -1 -1 0 -1 -1 -1 -1 -1 -1 -1 -1 -1 -1 -1 -1 -1 21 20 19 -1 -1 -1 
-1 -1 2 3 4 -1 6 -1 -1 -1 -1 -1 -1 5 -1 -1 -1 -1 -1 -1 -1 10 -1 -1 7 -1 -1 -1 9 -1 -1 28 -1 -1 -1 15 26 1 -1 -1 -1 -1 14 -1 -1 -1 -1 -1 -1 -1 -1 -1 24 -1 -1 -1 -1 -1 29 -1 -1 -1 27 -1 16 23 -1 18 -1 -1 0 -1 -1 -1 -1 -1 -1 -1 -1 -1 -1 -1 -1 -1 21 20 19 -1 -1 -1 
-1 -1 2 3 4 -1 6 -1 -1 -1 -1 -1 -1 5 -1 -1 -1 -1 -1 -1 -1 10 -1 -1 7 -1 -1 -1 9 -1 -1 28 -1 -1 -1 15 26 1 -1 -1 -1 -1 14 -1 -1 -1 -1 -1 -1 -1 -1 -1 24 -1 -1 -1 -1 -1 29 -1 -1 0 27 -1 16 23 -1 18 -1 -1 -1 -1 -1 -1 -1 -1 -1 -1 -1 -1 -1 -1 -1 -1 21 20 19 -1 -1 -1 
-1 -1 2 3 4 -1 6 -1 -1 -1 -1 -1 -1 5 -1 -1 -1 -1 -1 -1 -1 10 -1 -1 7 -1 -1 -1 9 -1 -1 28 -1 -1 -1 15 26 1 -1 -1 -1 -1 14 -1 -1 -1 23 -1 -1 -1 -1 -1 24 -1 -1 -1 -1 -1 29 -1 -1 0 27 -1 16 -1 -1 18 -1 -1 -1 -1 -1 -1 -1 -1 -1 -1 -1 -1 -1 -1 -1 -1 21 20 19 -1 -1 -1 
-1 -1 2 3 4 -1 6 -1 -1 -1 -1 -1 -1 5 -1 -1 -1 -1 -1 -1 -1 10 -1 -1 7 -1 -1 -1 9 -1 -1 28 -1 -1 -1 15 26 1 -1 -1 -1 -1 14 -1 -1 -1 23 -1 -1 -1 -1 -1 24 -1 -1 -1 -1 -1 29 -1 0 -1 27 -1 16 -1 -1 18 -1 -1 -1 -1 -1 -1 -1 -1 -1 -1 -1 -1 -1 -1 -1 -1 21 20 19 -1 -1 -1 
-1 -1 2 3 4 -1 6 -1 -1 -1 -1 -1 -1 5 -1 -1 -1 -1 -1 -1 -1 10 -1 -1 7 -1 -1 -1 9 -1 -1 28 -1 -1 -1 15 26 1 -1 23 -1 -1 14 -1 -1 -1 -1 -1 -1 -1 -1 -1 24 -1 -1 -1 -1 -1 29 -1 0 -1 27 -1 16 -1 -1 18 -1 -1 -1 -1 -1 -1 -1 -1 -1 -1 -1 -1 -1 -1 -1 -1 21 20 19 -1 -1 -1 
-1 -1 2 3 4 -1 6 -1 -1 -1 -1 -1 -1 5 -1 -1 -1 -1 -1 -1 -1 10 -1 -1 7 -1 -1 -1 9 -1 -1 28 -1 -1 -1 15 26 1 -1 23 -1 -1 14 -1 -1 -1 -1 -1 -1 -1 -1 -1 24 -1 -1 -1 -1 -1 29 0 -1 -1 27 -1 16 -1 -1 18 -1 -1 -1 -1 -1 -1 -1 -1 -1 -1 -1 -1 -1 -1 -1 -1 21 20 19 -1 -1 -1 
-1 -1 2 3 4 -1 6 -1 -1 -1 -1 -1 -1 5 -1 -1 -1 -1 -1 -1 -1 10 -1 -1 7 -1 -1 -1 9 -1 -1 28 -1 -1 -1 15 26 1 -1 23 -1 -1 14 -1 -1 -1 -1 -1 -1 -1 -1 -1 24 -1 -1 -1 -1 -1 29 0 -1 -1 27 -1 16 -1 -1 18 -1 -1 -1 -1 -1 -1 -1 -1 21 -1 -1 -1 -1 -1 -1 -1 -1 20 19 -1 -1 -1 
-1 -1 2 3 4 -1 6 -1 -1 -1 -1 -1 -1 5 -1 -1 -1 -1 10 -1 -1 -1 -1 -1 7 -1 -1 -1 9 -1 -1 28 -1 -1 -1 15 26 1 -1 23 -1 -1 14 -1 -1 -1 -1 -1 -1 -1 -1 -1 24 -1 -1 -1 -1 -1 29 0 -1 -1 27 -1 16 -1 -1 18 -1 -1 -1 -1 -1 -1 -1 -1 21 -1 -1 -1 -1 -1 -1 -1 -1 20 19 -1 -1 -1 
-1 -1 2 3 4 -1 6 -1 -1 -1 -1 -1 -1 5 -1 -1 -1 -1 10 -1 -1 -1 -1 -1 7 -1 -1 -1 9 -1 -1 28 -1 -1 -1 15 -1 26 -1 23 -1 -1 14 -1 -1 -1 -1 -1 -1 -1 -1 -1 24 -1 -1 -1 -1 -1 29 0 -1 -1 27 -1 16 -1 -1 18 -1 -1 -1 -1 -1 -1 -1 -1 21 -1 -1 -1 -1 -1 -1 -1 -1 20 19 -1 -1 -1 
-1 -1 2 3 4 -1 -1 -1 -1 -1 -1 -1 -1 5 -1 -1 -1 -1 10 -1 -1 -1 6 -1 7 -1 -1 -1 9 -1 -1 28 -1 -1 -1 15 -1 26 -1 23 -1 -1 14 -1 -1 -1 -1 -1 -1 -1 -1 -1 24 -1 -1 -1 -1 -1 29 0 -1 -1 27 -1 16 -1 -1 18 -1 -1 -1 -1 -1 -1 -1 -1 21 -1 -1 -1 -1 -1 -1 -1 -1 20 19 -1 -1 -1 
-1 -1 2 3 4 -1 -1 -1 -1 -1 -1 -1 -1 5 -1 -1 -1 -1 10 -1 -1 -1 6 -1 7 -1 -1 -1 9 -1 -1 28 -1 -1 -1 15 -1 26 -1 23 -1 -1 14 -1 -1 -1 -1 -1 -1 -1 -1 -1 24 -1 -1 -1 -1 -1 29 0 -1 -1 27 -1 -1 16 -1 18 -1 -1 -1 -1 -1 -1 -1 -1 21 -1 -1 -1 -1 -1 -1 -1 -1 20 19 -1 -1 -1 
-1 -1 2 3 4 -1 -1 -1 -1 -1 -1 -1 -1 5 -1 -1 -1 -1 -1 10 -1 -1 6 -1 7 -1 -1 -1 9 -1 -1 28 -1 -1 -1 15 -1 26 -1 23 -1 -1 14 -1 -1 -1 -1 -1 -1 -1 -1 -1 24 -1 -1 -1 -1 -1 29 0 -1 -1 27 -1 -1 16 -1 18 -1 -1 -1 -1 -1 -1 -1 -1 21 -1 -1 -1 -1 -1 -1 -1 -1 20 19 -1 -1 -1 
-1 -1 2 3 4 -1 -1 -1 -1 -1 -1 -1 -1 5 -1 -1 -1 -1 -1 10 -1 -1 6 -1 7 -1 -1 -1 9 -1 -1 28 -1 -1 -1 15 -1 26 -1 23 -1 -1 14 -1 -1 -1 -1 -1 -1 -1 -1 -1 24 27 -1 -1 -1 -1 29 0 -1 -1 -1 -1 -1 16 -1 18 -1 -1 -1 -1 -1 -1 -1 -1 21 -1 -1 -1 -1 -1 -1 -1 -1 20 19 -1 -1 -1 
-1 -1 2 3 4 -1 -1 -1 -1 -1 -1 -1 -1 5 -1 -1 -1 -1 -1 10 -1 -1 6 -1 7 -1 -1 -1 9 -1 -1 28 -1 -1 -1 15 -1 26 -1 23 -1 -1 -1 -1 -1 -1 -1 -1 -1 -1 -1 14 24 27 -1 -1 -1 -1 29 0 -1 -1 -1 -1 -1 16 -1 18 -1 -1 -1 -1 -1 -1 -1 -1 21 -1 -1 -1 -1 -1 -1 -1 -1 20 19 -1 -1 -1 
-1 -1 2 3 4 -1 -1 -1 -1 -1 -1 -1 -1 5 -1 -1 -1 -1 -1 10 -1 -1 6 -1 7 -1 -1 -1 9 -1 -1 28 -1 -1 -1 15 -1 26 -1 23 -1 -1 -1 -1 -1 -1 -1 -1 -1 -1 -1 14 24 27 -1 -1 16 -1 29 0 -1 -1 -1 -1 -1 -1 -1 18 -1 -1 -1 -1 -1 -1 -1 -1 21 -1 -1 -1 -1 -1 -1 -1 -1 20 19 -1 -1 -1 
-1 -1 2 3 4 -1 -1 -1 -1 -1 9 -1 -1 5 -1 -1 -1 -1 -1 10 -1 -1 6 -1 7 -1 -1 -1 -1 -1 -1 28 -1 -1 -1 15 -1 26 -1 23 -1 -1 -1 -1 -1 -1 -1 -1 -1 -1 -1 14 24 27 -1 -1 16 -1 29 0 -1 -1 -1 -1 -1 -1 -1 18 -1 -1 -1 -1 -1 -1 -1 -1 21 -1 -1 -1 -1 -1 -1 -1 -1 20 19 -1 -1 -1 
-1 -1 2 3 4 -1 -1 -1 -1 -1 9 -1 -1 5 -1 -1 -1 -1 -1 10 -1 -1 6 -1 7 -1 -1 -1 -1 -1 -1 28 -1 -1 -1 15 -1 26 -1 23 -1 -1 -1 -1 -1 -1 -1 -1 -1 -1 -1 14 24 27 -1 -1 -1 -1 29 0 -1 -1 -1 -1 -1 -1 -1 18 -1 -1 -1 -1 -1 -1 -1 -1 21 -1 -1 -1 -1 -1 -1 16 -1 20 19 -1 -1 -1 
-1 -1 2 3 4 -1 -1 -1 -1 -1 9 -1 -1 5 -1 -1 -1 -1 -1 10 -1 -1 6 -1 7 -1 -1 -1 -1 -1 -1 28 -1 -1 -1 15 -1 26 -1 23 -1 -1 -1 -1 -1 -1 -1 -1 -1 -1 -1 -1 24 27 -1 -1 -1 -1 29 0 14 -1 -1 -1 -1 -1 -1 18 -1 -1 -1 -1 -1 -1 -1 -1 21 -1 -1 -1 -1 -1 -1 16 -1 20 19 -1 -1 -1 
-1 -1 2 3 4 -1 -1 -1 -1 -1 9 -1 -1 5 -1 -1 -1 -1 -1 10 -1 -1 6 -1 7 -1 -1 -1 -1 -1 -1 28 -1 -1 -1 15 -1 26 -1 23 -1 -1 -1 -1 -1 -1 -1 -1 -1 -1 -1 -1 24 27 -1 -1 -1 -1 29 0 14 -1 -1 -1 -1 -1 -1 18 -1 -1 -1 -1 -1 -1 -1 -1 21 -1 -1 -1 -1 -1 -1 -1 -1 20 19 16 -1 -1 
-1 -1 2 3 4 -1 -1 -1 -1 -1 -1 -1 -1 5 -1 -1 -1 -1 -1 10 -1 -1 6 -1 7 -1 -1 -1 9 -1 -1 28 -1 -1 -1 15 -1 26 -1 23 -1 -1 -1 -1 -1 -1 -1 -1 -1 -1 -1 -1 24 27 -1 -1 -1 -1 29 0 14 -1 -1 -1 -1 -1 -1 18 -1 -1 -1 -1 -1 -1 -1 -1 21 -1 -1 -1 -1 -1 -1 -1 -1 20 19 16 -1 -1 
-1 -1 2 3 4 -1 -1 -1 -1 -1 -1 -1 -1 5 -1 -1 -1 -1 -1 10 -1 -1 6 -1 7 -1 -1 -1 9 -1 -1 28 -1 -1 -1 15 -1 26 -1 23 -1 -1 -1 -1 -1 -1 -1 -1 -1 -1 -1 -1 24 27 -1 -1 -1 -1 29 0 14 -1 -1 -1 -1 -1 -1 18 -1 16 -1 -1 -1 -1 -1 -1 21 -1 -1 -1 -1 -1 -1 -1 -1 20 19 -1 -1 -1 
-1 -1 2 3 4 -1 -1 -1 -1 -1 -1 -1 -1 5 -1 -1 -1 -1 -1 10 -1 -1 6 -1 7 -1 -1 -1 9 -1 -1 28 -1 -1 -1 15 -1 26 -1 23 -1 -1 -1 -1 -1 -1 -1 -1 -1 -1 -1 -1 24 27 -1 -1 -1 -1 29 0 -1 14 -1 -1 -1 -1 -1 18 -1 16 -1 -1 -1 -1 -1 -1 21 -1 -1 -1 -1 -1 -1 -1 -1 20 19 -1 -1 -1 
-1 -1 2 3 4 -1 -1 -1 -1 -1 -1 -1 -1 5 -1 -1 -1 -1 -1 10 -1 -1 6 -1 7 -1 -1 -1 9 -1 -1 28 -1 -1 -1 15 -1 26 -1 23 -1 -1 -1 -1 -1 31 -1 -1 -1 -1 -1 -1 24 27 -1 -1 -1 -1 29 0 -1 14 -1 -1 -1 -1 -1 18 -1 16 -1 -1 -1 -1 -1 -1 21 -1 -1 -1 -1 -1 -1 -1 -1 20 19 -1 -1 -1 
-1 -1 2 3 -1 4 -1 -1 -1 -1 -1 -1 -1 5 -1 -1 -1 -1 -1 10 -1 -1 6 -1 7 -1 -1 -1 9 -1 -1 28 -1 -1 -1 15 -1 26 -1 23 -1 -1 -1 -1 -1 31 -1 -1 -1 -1 -1 -1 24 27 -1 -1 -1 -1 29 0 -1 14 -1 -1 -1 -1 -1 18 -1 16 -1 -1 -1 -1 -1 -1 21 -1 -1 -1 -1 -1 -1 -1 -1 20 19 -1 -1 -1 
-1 -1 2 3 -1 4 -1 -1 -1 -1 -1 -1 -1 5 -1 -1 -1 -1 -1 10 -1 -1 6 -1 7 -1 -1 -1 9 -1 -1 28 -1 -1 -1 15 31 26 -1 23 -1 -1 -1 -1 -1 -1 -1 -1 -1 -1 -1 -1 24 27 -1 -1 -1 -1 29 0 -1 14 -1 -1 -1 -1 -1 18 -1 16 -1 -1 -1 -1 -1 -1 21 -1 -1 -1 -1 -1 -1 -1 -1 20 19 -1 -1 -1 
-1 -1 2 3 4 -1 -1 -1 -1 -1 -1 -1 -1 5 -1 -1 -1 -1 -1 10 -1 -1 6 -1 7 -1 -1 -1 9 -1 -1 28 -1 -1 -1 15 31 26 -1 23 -1 -1 -1 -1 -1 -1 -1 -1 -1 -1 -1 -1 24 27 -1 -1 -1 -1 29 0 -1 14 -1 -1 -1 -1 -1 18 -1 16 -1 -1 -1 -1 -1 -1 21 -1 -1 -1 -1 -1 -1 -1 -1 20 19 -1 -1 -1 
-1 -1 2 3 4 -1 -1 -1 -1 -1 -1 -1 -1 5 -1 -1 -1 -1 -1 10 -1 -1 6 -1 7 -1 -1 31 9 -1 -1 28 -1 -1 -1 15 -1 26 -1 23 -1 -1 -1 -1 -1 -1 -1 -1 -1 -1 -1 -1 24 27 -1 -1 -1 -1 29 0 -1 14 -1 -1 -1 -1 -1 18 -1 16 -1 -1 -1 -1 -1 -1 21 -1 -1 -1 -1 -1 -1 -1 -1 20 19 -1 -1 -1 
-1 -1 2 3 -1 4 -1 -1 -1 -1 -1 -1 -1 5 -1 -1 -1 -1 -1 10 -1 -1 6 -1 7 -1 -1 31 9 -1 -1 28 -1 -1 -1 15 -1 26 -1 23 -1 -1 -1 -1 -1 -1 -1 -1 -1 -1 -1 -1 24 27 -1 -1 -1 -1 29 0 -1 14 -1 -1 -1 -1 -1 18 -1 16 -1 -1 -1 -1 -1 -1 21 -1 -1 -1 -1 -1 -1 -1 -1 20 19 -1 -1 -1 
-1 -1 2 3 -1 4 -1 -1 -1 -1 -1 -1 -1 5 -1 -1 -1 -1 -1 10 -1 -1 6 -1 7 -1 -1 31 9 -1 -1 28 -1 -1 -1 15 26 -1 -1 23 -1 -1 -1 -1 -1 -1 -1 -1 -1 -1 -1 -1 24 27 -1 -1 -1 -1 29 0 -1 14 -1 -1 -1 -1 -1 18 -1 16 -1 -1 -1 -1 -1 -1 21 -1 -1 -1 -1 -1 -1 -1 -1 20 19 -1 -1 -1 
-1 -1 2 3 -1 4 -1 -1 -1 -1 -1 -1 -1 5 -1 -1 -1 -1 -1 10 -1 -1 6 -1 7 -1 -1 31 9 -1 -1 28 -1 -1 -1 15 26 -1 -1 23 -1 -1 -1 -1 -1 -1 -1 -1 -1 -1 -1 -1 24 27 -1 -1 -1 -1 29 -1 0 14 -1 -1 -1 -1 -1 18 -1 16 -1 -1 -1 -1 -1 -1 21 -1 -1 -1 -1 -1 -1 -1 -1 20 19 -1 -1 -1 
-1 -1 2 3 -1 4 -1 -1 -1 -1 -1 -1 -1 5 -1 -1 -1 -1 -1 10 -1 -1 6 -1 7 -1 -1 31 9 -1 -1 28 -1 -1 -1 15 26 -1 -1 23 -1 -1 -1 -1 -1 -1 -1 -1 -1 -1 -1 18 24 27 -1 -1 -1 -1 29 -1 0 14 -1 -1 -1 -1 -1 -1 -1 16 -1 -1 -1 -1 -1 -1 21 -1 -1 -1 -1 -1 -1 -1 -1 20 19 -1 -1 -1 
-1 -1 2 3 -1 4 -1 -1 -1 -1 -1 -1 -1 5 -1 -1 -1 7 -1 10 -1 -1 6 -1 -1 -1 -1 31 9 -1 -1 28 -1 -1 -1 15 26 -1 -1 23 -1 -1 -1 -1 -1 -1 -1 -1 -1 -1 -1 18 24 27 -1 -1 -1 -1 29 -1 0 14 -1 -1 -1 -1 -1 -1 -1 16 -1 -1 -1 -1 -1 -1 21 -1 -1 -1 -1 -1 -1 -1 -1 20 19 -1 -1 -1 
-1 -1 2 3 -1 4 -1 -1 -1 -1 -1 -1 -1 5 -1 -1 -1 7 -1 10 -1 -1 6 -1 -1 -1 -1 -1 31 -1 -1 28 -1 -1 -1 15 26 -1 -1 23 -1 -1 -1 -1 -1 -1 -1 -1 -1 -1 -1 18 24 27 -1 -1 -1 -1 29 -1 0 14 -1 -1 -1 -1 -1 -1 -1 16 -1 -1 -1 -1 -1 -1 21 -1 -1 -1 -1 -1 -1 -1 -1 20 19 -1 -1 -1 
-1 -1 2 3 -1 4 -1 -1 -1 -1 -1 -1 -1 5 -1 -1 -1 7 -1 10 -1 -1 6 -1 -1 -1 -1 9 -1 -1 -1 28 -1 -1 -1 15 26 -1 -1 23 -1 -1 -1 -1 -1 -1 -1 -1 -1 -1 -1 18 24 27 -1 -1 -1 -1 29 -1 0 14 -1 -1 -1 -1 -1 -1 -1 16 -1 -1 -1 -1 -1 -1 21 -1 -1 -1 -1 -1 -1 -1 -1 20 19 -1 -1 -1 
-1 -1 2 3 -1 4 -1 -1 -1 -1 -1 -1 -1 5 -1 -1 -1 7 -1 10 -1 -1 6 -1 -1 -1 -1 9 -1 -1 -1 28 -1 -1 -1 15 26 -1 -1 23 -1 -1 -1 -1 -1 -1 -1 -1 -1 -1 -1 18 24 27 -1 -1 -1 -1 29 -1 0 14 -1 -1 -1 -1 -1 22 -1 16 -1 -1 -1 -1 -1 -1 21 -1 -1 -1 -1 -1 -1 -1 -1 20 19 -1 -1 -1 
-1 -1 2 3 -1 4 -1 -1 -1 -1 -1 -1 -1 5 -1 -1 -1 7 -1 10 -1 -1 6 -1 -1 -1 -1 9 -1 -1 -1 28 -1 -1 -1 15 26 -1 -1 23 -1 -1 -1 -1 -1 -1 -1 -1 -1 -1 -1 18 24 27 -1 -1 -1 -1 29 0 -1 14 -1 -1 -1 -1 -1 22 -1 16 -1 -1 -1 -1 -1 -1 21 -1 -1 -1 -1 -1 -1 -1 -1 20 19 -1 -1 -1 
-1 -1 2 3 -1 4 -1 -1 -1 -1 -1 -1 -1 5 -1 -1 -1 7 -1 10 -1 -1 6 -1 -1 -1 -1 9 -1 -1 -1 28 -1 -1 -1 15 26 -1 -1 23 -1 -1 -1 -1 -1 -1 -1 -1 -1 -1 -1 18 24 27 -1 -1 -1 -1 29 0 -1 14 -1 -1 -1 -1 -1 16 -1 -1 -1 -1 -1 -1 -1 -1 21 -1 -1 -1 -1 -1 -1 -1 -1 20 19 -1 -1 -1 
-1 -1 2 3 -1 4 7 -1 -1 -1 -1 -1 -1 5 -1 -1 -1 -1 -1 10 -1 -1 6 -1 -1 -1 -1 9 -1 -1 -1 28 -1 -1 -1 15 26 -1 -1 23 -1 -1 -1 -1 -1 -1 -1 -1 -1 -1 -1 18 24 27 -1 -1 -1 -1 29 0 -1 14 -1 -1 -1 -1 -1 16 -1 -1 -1 -1 -1 -1 -1 -1 21 -1 -1 -1 -1 -1 -1 -1 -1 20 19 -1 -1 -1 
-1 -1 2 3 -1 4 7 -1 -1 -1 -1 -1 -1 5 -1 -1 -1 -1 -1 31 -1 -1 6 -1 -1 -1 -1 9 -1 -1 -1 28 -1 -1 -1 15 26 -1 -1 23 -1 -1 -1 -1 -1 -1 -1 -1 -1 -1 -1 18 24 27 -1 -1 -1 -1 29 0 -1 14 -1 -1 -1 -1 -1 16 -1 -1 -1 -1 -1 -1 -1 -1 21 -1 -1 -1 -1 -1 -1 -1 -1 20 19 -1 -1 -1 
-1 -1 2 3 -1 4 7 -1 -1 -1 -1 -1 -1 5 -1 -1 -1 -1 9 31 -1 -1 6 -1 -1 -1 -1 -1 -1 -1 -1 28 -1 -1 -1 15 26 -1 -1 23 -1 -1 -1 -1 -1 -1 -1 -1 -1 -1 -1 18 24 27 -1 -1 -1 -1 29 0 -1 14 -1 -1 -1 -1 -1 16 -1 -1 -1 -1 -1 -1 -1 -1 21 -1 -1 -1 -1 -1 -1 -1 -1 20 19 -1 -1 -1 
-1 -1 2 3 -1 4 7 -1 -1 -1 -1 -1 -1 5 -1 -1 -1 -1 9 -1 31 -1 6 -1 -1 -1 -1 -1 -1 -1 -1 28 -1 -1 -1 15 26 -1 -1 23 -1 -1 -1 -1 -1 -1 -1 -1 -1 -1 -1 18 24 27 -1 -1 -1 -1 29 0 -1 14 -1 -1 -1 -1 -1 16 -1 -1 -1 -1 -1 -1 -1 -1 21 -1 -1 -1 -1 -1 -1 -1 -1 20 19 -1 -1 -1 
-1 -1 2 3 -1 4 7 -1 -1 -1 -1 -1 -1 5 -1 -1 -1 -1 9 -1 31 -1 6 0 -1 -1 -1 -1 -1 -1 -1 28 -1 -1 -1 15 26 -1 -1 23 -1 -1 -1 -1 -1 -1 -1 -1 -1 -1 -1 18 24 27 -1 -1 -1 -1 29 -1 -1 14 -1 -1 -1 -1 -1 16 -1 -1 -1 -1 -1 -1 -1 -1 21 -1 -1 -1 -1 -1 -1 -1 -1 20 19 -1 -1 -1 
-1 -1 2 3 -1 4 7 -1 -1 -1 -1 -1 -1 5 -1 -1 -1 -1 9 -1 31 -1 6 0 -1 -1 -1 -1 -1 30 -1 28 -1 -1 -1 15 26 -1 -1 23 -1 -1 -1 -1 -1 -1 -1 -1 -1 -1 -1 18 24 27 -1 -1 -1 -1 29 -1 -1 14 -1 -1 -1 -1 -1 16 -1 -1 -1 -1 -1 -1 -1 -1 21 -1 -1 -1 -1 -1 -1 -1 -1 20 19 -1 -1 -1 
-1 -1 2 3 -1 4 7 -1 -1 -1 -1 -1 -1 5 -1 -1 -1 -1 -1 -1 31 -1 6 0 -1 -1 -1 9 -1 30 -1 28 -1 -1 -1 15 26 -1 -1 23 -1 -1 -1 -1 -1 -1 -1 -1 -1 -1 -1 18 24 27 -1 -1 -1 -1 29 -1 -1 14 -1 -1 -1 -1 -1 16 -1 -1 -1 -1 -1 -1 -1 -1 21 -1 -1 -1 -1 -1 -1 -1 -1 20 19 -1 -1 -1 
-1 -1 2 3 -1 4 7 -1 -1 -1 -1 -1 -1 5 -1 -1 -1 -1 -1 -1 31 -1 6 0 -1 -1 -1 9 -1 30 -1 28 -1 -1 -1 15 26 -1 -1 23 -1 -1 -1 -1 -1 -1 -1 -1 -1 -1 -1 18 24 27 -1 -1 -1 -1 29 -1 -1 14 -1 -1 -1 -1 -1 -1 -1 -1 -1 16 -1 -1 -1 -1 21 -1 -1 -1 -1 -1 -1 -1 -1 20 19 -1 -1 -1 
-1 -1 2 3 -1 4 7 -1 -1 -1 -1 -1 -1 5 -1 -1 -1 -1 -1 -1 31 -1 6 0 -1 -1 -1 9 -1 30 -1 28 -1 -1 -1 15 26 -1 -1 23 -1 -1 -1 -1 -1 -1 -1 -1 -1 -1 -1 18 24 27 -1 -1 -1 -1 29 -1 14 -1 -1 -1 -1 -1 -1 -1 -1 -1 -1 16 -1 -1 -1 -1 21 -1 -1 -1 -1 -1 -1 -1 -1 20 19 -1 -1 -1 
-1 -1 2 3 -1 4 7 -1 -1 -1 -1 -1 -1 5 -1 -1 -1 -1 -1 -1 31 -1 6 0 -1 -1 -1 9 -1 -1 30 28 -1 -1 -1 15 26 -1 -1 23 -1 -1 -1 -1 -1 -1 -1 -1 -1 -1 -1 18 24 27 -1 -1 -1 -1 29 -1 14 -1 -1 -1 -1 -1 -1 -1 -1 -1 -1 16 -1 -1 -1 -1 21 -1 -1 -1 -1 -1 -1 -1 -1 20 19 -1 -1 -1 
-1 -1 2 3 4 -1 7 -1 -1 -1 -1 -1 -1 5 -1 -1 -1 -1 -1 -1 31 -1 6 0 -1 -1 -1 9 -1 -1 30 28 -1 -1 -1 15 26 -1 -1 23 -1 -1 -1 -1 -1 -1 -1 -1 -1 -1 -1 18 24 27 -1 -1 -1 -1 29 -1 14 -1 -1 -1 -1 -1 -1 -1 -1 -1 -1 16 -1 -1 -1 -1 21 -1 -1 -1 -1 -1 -1 -1 -1 20 19 -1 -1 -1 
-1 -1 2 3 4 -1 7 -1 -1 -1 -1 -1 -1 5 -1 -1 -1 -1 -1 -1 31 -1 6 0 -1 -1 -1 9 -1 -1 30 28 -1 -1 -1 15 26 -1 -1 23 -1 -1 -1 -1 -1 -1 -1 -1 -1 -1 -1 18 24 27 -1 -1 -1 -1 29 -1 14 -1 -1 -1 -1 16 -1 -1 -1 -1 -1 -1 -1 -1 -1 -1 21 -1 -1 -1 -1 -1 -1 -1 -1 20 19 -1 -1 -1 
-1 -1 2 3 4 -1 7 -1 -1 -1 -1 -1 -1 5 -1 -1 -1 -1 -1 -1 31 -1 -1 0 -1 -1 -1 9 -1 -1 30 28 -1 -1 -1 15 26 -1 -1 23 -1 -1 6 -1 -1 -1 -1 -1 -1 -1 -1 18 24 27 -1 -1 -1 -1 29 -1 14 -1 -1 -1 -1 16 -1 -1 -1 -1 -1 -1 -1 -1 -1 -1 21 -1 -1 -1 -1 -1 -1 -1 -1 20 19 -1 -1 -1 
-1 -1 2 3 4 -1 7 -1 -1 -1 -1 -1 -1 5 -1 -1 -1 -1 -1 -1 31 -1 -1 0 -1 -1 -1 9 -1 -1 30 28 -1 -1 -1 15 -1 -1 26 23 -1 -1 6 -1 -1 -1 -1 -1 -1 -1 -1 18 24 27 -1 -1 -1 -1 29 -1 14 -1 -1 -1 -1 16 -1 -1 -1 -1 -1 -1 -1 -1 -1 -1 21 -1 -1 -1 -1 -1 -1 -1 -1 20 19 -1 -1 -1 
