0 1 2 3 4 5 6 7 8 -1 -1 -1 -1 -1 -1 -1 -1 -1 -1 9 -1 -1 -1 -1 -1 10 -1 11 -1 12 -1 28 -1 14 -1 15 -1 -1 -1 -1 -1 -1 -1 -1 -1 -1 -1 30 -1 -1 -1 -1 -1 -1 -1 -1 -1 -1 29 -1 -1 -1 27 -1 26 -1 -1 -1 -1 -1 25 -1 -1 -1 -1 -1 -1 -1 -1 -1 -1 24 23 22 21 20 19 18 17 16 
0 1 2 3 4 5 6 7 8 -1 -1 -1 -1 -1 -1 -1 -1 -1 -1 9 -1 -1 -1 -1 -1 10 -1 11 -1 12 -1 28 -1 -1 -1 15 -1 -1 -1 -1 -1 -1 14 -1 -1 -1 -1 30 -1 -1 -1 -1 -1 -1 -1 -1 -1 -1 29 -1 -1 -1 27 -1 26 -1 -1 -1 -1 -1 25 -1 -1 -1 -1 -1 -1 -1 -1 -1 -1 24 23 22 21 20 19 18 17 16 
0 1 2 3 4 5 6 7 8 -1 -1 -1 -1 -1 -1 -1 -1 -1 -1 9 -1 -1 -1 -1 -1 10 -1 11 -1 12 -1 28 -1 -1 -1 15 -1 -1 -1 -1 -1 -1 14 -1 -1 -1 -1 30 -1 -1 -1 -1 -1 -1 -1 -1 -1 -1 29 -1 -1 -1 27 -1 26 -1 -1 -1 -1 25 -1 -1 -1 -1 -1 -1 -1 -1 -1 -1 -1 24 23 22 21 20 19 18 17 16 
0 1 2 3 4 5 6 7 8 -1 -1 -1 -1 -1 -1 -1 -1 -1 -1 9 -1 -1 10 -1 -1 -1 -1 11 -1 12 -1 28 -1 -1 -1 15 -1 -1 -1 -1 -1 -1 14 -1 -1 -1 -1 30 -1 -1 -1 -1 -1 -1 -1 -1 -1 -1 29 -1 -1 -1 27 -1 26 -1 -1 -1 -1 25 -1 -1 -1 -1 -1 -1 -1 -1 -1 -1 -1 24 23 22 21 20 19 18 17 16 
0 1 2 3 4 5 6 7 8 -1 -1 -1 -1 -1 -1 -1 -1 -1 -1 9 -1 -1 10 -1 -1 -1 -1 11 -1 12 -1 28 -1 -1 -1 15 -1 -1 -1 -1 -1 -1 14 -1 -1 -1 -1 30 -1 -1 -1 28 -1 -1 -1 -1 -1 -1 29 -1 -1 -1 27 -1 26 -1 -1 -1 -1 25 -1 -1 -1 -1 -1 -1 -1 -1 -1 -1 -1 24 23 22 21 20 19 18 17 16 
0 1 2 3 4 5 6 7 8 -1 -1 -1 -1 -1 -1 -1 -1 -1 -1 9 -1 -1 -1 -1 -1 -1 -1 11 -1 12 -1 28 -1 -1 -1 15 -1 -1 -1 -1 -1 -1 14 -1 -1 -1 -1 30 -1 -1 -1 28 -1 -1 -1 -1 -1 -1 10 -1 -1 -1 27 -1 26 -1 -1 -1 -1 25 -1 -1 -1 -1 -1 -1 -1 -1 -1 -1 -1 24 23 22 21 20 19 18 17 16 
0 1 2 3 4 5 6 7 8 -1 -1 -1 -1 -1 -1 -1 -1 -1 -1 9 -1 -1 -1 -1 -1 -1 -1 11 -1 12 -1 28 -1 -1 -1 15 -1 -1 -1 -1 -1 -1 14 -1 -1 -1 -1 30 -1 -1 -1 28 -1 -1 -1 -1 -1 -1 10 -1 -1 -1 27 -1 26 23 -1 -1 -1 25 -1 -1 -1 -1 -1 -1 -1 -1 -1 -1 -1 24 -1 22 21 20 19 18 17 16 
0 1 2 3 4 5 6 7 8 -1 -1 -1 -1 -1 -1 -1 -1 -1 -1 9 -1 -1 -1 -1 -1 -1 -1 11 -1 12 -1 28 -1 -1 -1 15 -1 -1 -1 -1 10 -1 14 -1 -1 -1 -1 30 -1 -1 -1 28 -1 -1 -1 -1 -1 -1 -1 -1 -1 -1 27 -1 26 23 -1 -1 -1 25 -1 -1 -1 -1 -1 -1 -1 -1 -1 -1 -1 24 -1 22 21 20 19 18 17 16 
0 1 2 3 4 5 6 7 8 -1 -1 -1 -1 -1 -1 -1 -1 -1 -1 9 -1 -1 -1 -1 -1 -1 -1 11 -1 12 -1 28 -1 -1 -1 15 -1 -1 -1 -1 10 -1 28 -1 -1 -1 -1 30 -1 -1 -1 -1 -1 -1 -1 -1 -1 -1 -1 -1 -1 -1 27 -1 26 23 -1 -1 -1 25 -1 -1 -1 -1 -1 -1 -1 -1 -1 -1 -1 24 -1 22 21 20 19 18 17 16 
0 1 2 3 4 5 6 7 8 -1 -1 -1 -1 -1 -1 -1 -1 -1 -1 -1 -1 -1 -1 -1 -1 -1 -1 11 -1 12 -1 28 -1 -1 -1 15 -1 -1 -1 -1 10 -1 28 -1 -1 -1 -1 30 -1 -1 -1 -1 -1 -1 -1 9 -1 -1 -1 -1 -1 -1 27 -1 26 23 -1 -1 -1 25 -1 -1 -1 -1 -1 -1 -1 -1 -1 -1 -1 24 -1 22 21 20 19 18 17 16 
0 1 2 3 4 5 25 7 8 -1 -1 -1 -1 -1 -1 -1 -1 -1 -1 -1 -1 -1 -1 -1 -1 -1 -1 11 -1 12 -1 28 -1 -1 -1 15 -1 -1 -1 -1 10 -1 28 -1 -1 -1 -1 30 -1 -1 -1 -1 -1 -1 -1 9 -1 -1 -1 -1 -1 -1 27 -1 26 23 -1 -1 -1 -1 -1 -1 -1 -1 -1 -1 -1 -1 -1 -1 -1 24 -1 22 21 20 19 18 17 16 
0 1 2 3 -1 5 25 7 8 -1 -1 -1 -1 4 -1 -1 -1 -1 -1 -1 -1 -1 -1 -1 -1 -1 -1 11 -1 12 -1 28 -1 -1 -1 15 -1 -1 -1 -1 10 -1 28 -1 -1 -1 -1 30 -1 -1 -1 -1 -1 -1 -1 9 -1 -1 -1 -1 -1 -1 27 -1 26 23 -1 -1 -1 -1 -1 -1 -1 -1 -1 -1 -1 -1 -1 -1 -1 24 -1 22 21 20 19 18 17 16 
0 1 2 3 -1 5 25 7 8 -1 -1 -1 -1 4 -1 -1 -1 -1 -1 -1 -1 -1 -1 -1 -1 -1 -1 11 -1 12 -1 28 -1 -1 -1 15 -1 -1 -1 -1 10 -1 28 -1 -1 -1 -1 30 -1 -1 -1 -1 -1 -1 -1 9 -1 -1 -1 -1 -1 -1 27 -1 26 23 -1 -1 -1 -1 -1 -1 -1 -1 -1 -1 20 -1 -1 -1 -1 24 -1 22 21 -1 19 18 17 16 
0 1 2 3 -1 5 25 7 -1 -1 -1 -1 -1 4 -1 -1 -1 -1 -1 -1 -1 -1 -1 -1 -1 -1 8 11 -1 12 -1 28 -1 -1 -1 15 -1 -1 -1 -1 10 -1 28 -1 -1 -1 -1 30 -1 -1 -1 -1 -1 -1 -1 9 -1 -1 -1 -1 -1 -1 27 -1 26 23 -1 -1 -1 -1 -1 -1 -1 -1 -1 -1 20 -1 -1 -1 -1 24 -1 22 21 -1 19 18 17 16 
0 1 2 3 -1 5 25 7 -1 -1 -1 -1 -1 4 -1 -1 -1 -1 -1 -1 -1 -1 -1 -1 -1 -1 8 11 -1 12 -1 28 -1 -1 -1 15 -1 -1 -1 -1 10 -1 28 -1 -1 -1 -1 30 -1 -1 -1 -1 -1 -1 -1 9 -1 -1 -1 -1 -1 -1 27 -1 26 23 -1 -1 -1 -1 -1 16 -1 -1 -1 -1 20 -1 -1 -1 -1 24 -1 22 21 -1 19 18 17 -1 
0 1 2 3 -1 5 25 7 -1 -1 -1 -1 -1 4 -1 -1 -1 -1 -1 -1 -1 -1 -1 -1 -1 8 -1 11 -1 12 -1 28 -1 -1 -1 15 -1 -1 -1 -1 10 -1 28 -1 -1 -1 -1 30 -1 -1 -1 -1 -1 -1 -1 9 -1 -1 -1 -1 -1 -1 27 -1 26 23 -1 -1 -1 -1 -1 16 -1 -1 -1 -1 20 -1 -1 -1 -1 24 -1 22 21 -1 19 18 17 -1 
0 1 2 3 -1 5 25 7 -1 -1 -1 -1 -1 4 -1 -1 -1 -1 -1 -1 -1 -1 -1 -1 -1 8 -1 11 -1 12 -1 28 -1 -1 -1 15 -1 -1 -1 -1 10 -1 28 -1 -1 -1 -1 30 -1 -1 -1 -1 -1 -1 -1 9 -1 -1 -1 -1 -1 -1 27 -1 26 23 -1 -1 -1 16 -1 -1 -1 -1 -1 -1 20 -1 -1 -1 -1 24 -1 22 21 -1 19 18 17 -1 
0 1 2 3 -1 5 25 -1 -1 -1 -1 -1 -1 4 -1 -1 -1 -1 -1 -1 -1 -1 -1 -1 7 8 -1 11 -1 12 -1 28 -1 -1 -1 15 -1 -1 -1 -1 10 -1 28 -1 -1 -1 -1 30 -1 -1 -1 -1 -1 -1 -1 9 -1 -1 -1 -1 -1 -1 27 -1 26 23 -1 -1 -1 16 -1 -1 -1 -1 -1 -1 20 -1 -1 -1 -1 24 -1 22 21 -1 19 18 17 -1 
0 1 2 3 -1 5 25 -1 -1 -1 -1 -1 -1 4 -1 -1 -1 -1 -1 -1 -1 -1 -1 -1 7 8 -1 11 -1 12 -1 28 -1 -1 -1 15 -1 -1 -1 -1 10 -1 28 -1 -1 -1 -1 30 -1 -1 -1 -1 -1 -1 -1 9 -1 -1 -1 -1 16 -1 27 -1 26 23 -1 -1 -1 -1 -1 -1 -1 -1 -1 -1 20 -1 -1 -1 -1 24 -1 22 21 -1 19 18 17 -1 
0 1 2 3 -1 5 25 -1 -1 -1 -1 -1 -1 4 -1 -1 -1 -1 -1 -1 -1 -1 -1 -1 7 -1 -1 11 -1 12 -1 28 -1 -1 -1 15 -1 -1 -1 -1 10 -1 28 -1 -1 -1 -1 30 -1 -1 -1 -1 -1 -1 -1 9 -1 -1 -1 -1 16 -1 27 -1 26 23 -1 -1 -1 -1 -1 -1 -1 -1 -1 -1 20 -1 -1 8 -1 24 -1 22 21 -1 19 18 17 -1 
0 1 2 3 -1 5 25 -1 -1 -1 -1 -1 -1 4 -1 -1 -1 -1 -1 -1 -1 -1 -1 -1 7 -1 -1 11 -1 12 -1 28 -1 -1 -1 15 -1 -1 -1 -1 10 -1 28 -1 -1 -1 -1 30 -1 -1 -1 -1 -1 -1 -1 9 -1 -1 -1 -1 16 -1 27 -1 26 23 -1 20 -1 -1 -1 -1 -1 -1 -1 -1 -1 -1 -1 8 -1 24 -1 22 21 -1 19 18 17 -1 
0 1 2 3 -1 5 25 -1 -1 -1 -1 -1 -1 4 -1 -1 -1 -1 -1 9 -1 -1 -1 -1 7 -1 -1 11 -1 12 -1 28 -1 -1 -1 15 -1 -1 -1 -1 10 -1 28 -1 -1 -1 -1 30 -1 -1 -1 -1 -1 -1 -1 -1 -1 -1 -1 -1 16 -1 27 -1 26 23 -1 20 -1 -1 -1 -1 -1 -1 -1 -1 -1 -1 -1 8 -1 24 -1 22 21 -1 19 18 17 -1 
0 1 2 3 -1 5 25 -1 -1 -1 -1 -1 -1 4 -1 -1 -1 -1 -1 9 -1 -1 -1 -1 7 -1 -1 11 -1 12 -1 28 -1 -1 -1 15 -1 -1 -1 -1 10 -1 28 -1 -1 -1 -1 30 -1 -1 -1 -1 -1 -1 -1 -1 -1 -1 -1 -1 16 -1 27 26 -1 23 -1 20 -1 -1 -1 -1 -1 -1 -1 -1 -1 -1 -1 8 -1 24 -1 22 21 -1 19 18 17 -1 
0 1 -1 3 -1 5 25 -1 -1 -1 -1 -1 -1 4 -1 -1 -1 -1 -1 9 -1 -1 2 -1 7 -1 -1 11 -1 12 -1 28 -1 -1 -1 15 -1 -1 -1 -1 10 -1 28 -1 -1 -1 -1 30 -1 -1 -1 -1 -1 -1 -1 -1 -1 -1 -1 -1 16 -1 27 26 -1 23 -1 20 -1 -1 -1 -1 -1 -1 -1 -1 -1 -1 -1 8 -1 24 -1 22 21 -1 19 18 17 -1 
0 1 -1 3 -1 5 25 -1 -1 -1 -1 -1 -1 4 -1 -1 -1 -1 -1 9 -1 -1 2 -1 7 -1 -1 11 -1 12 -1 28 -1 -1 -1 15 -1 -1 -1 -1 10 -1 28 -1 -1 -1 -1 30 -1 -1 -1 -1 -1 -1 -1 -1 -1 -1 -1 -1 16 -1 27 26 -1 23 -1 20 -1 -1 -1 -1 -1 -1 -1 -1 -1 -1 -1 8 -1 -1 24 22 21 -1 19 18 17 -1 
0 -1 -1 3 -1 5 25 -1 -1 -1 -1 -1 1 4 -1 -1 -1 -1 -1 9 -1 -1 2 -1 7 -1 -1 11 -1 12 -1 28 -1 -1 -1 15 -1 -1 -1 -1 10 -1 28 -1 -1 -1 -1 30 -1 -1 -1 -1 -1 -1 -1 -1 -1 -1 -1 -1 16 -1 27 26 -1 23 -1 20 -1 -1 -1 -1 -1 -1 -1 -1 -1 -1 -1 8 -1 -1 24 22 21 -1 19 18 17 -1 
0 -1 -1 3 -1 5 -1 -1 25 -1 -1 -1 1 4 -1 -1 -1 -1 -1 9 -1 -1 2 -1 7 -1 -1 11 -1 12 -1 28 -1 -1 -1 15 -1 -1 -1 -1 10 -1 28 -1 -1 -1 -1 30 -1 -1 -1 -1 -1 -1 -1 -1 -1 -1 -1 -1 16 -1 27 26 -1 23 -1 20 -1 -1 -1 -1 -1 -1 -1 -1 -1 -1 -1 8 -1 -1 24 22 21 -1 19 18 17 -1 
-1 0 -1 3 -1 5 -1 -1 25 -1 -1 -1 1 4 -1 -1 -1 -1 -1 9 -1 -1 2 -1 7 -1 -1 11 -1 12 -1 28 -1 -1 -1 15 -1 -1 -1 -1 10 -1 28 -1 -1 -1 -1 30 -1 -1 -1 -1 -1 -1 -1 -1 -1 -1 -1 -1 16 -1 27 26 -1 23 -1 20 -1 -1 -1 -1 -1 -1 -1 -1 -1 -1 -1 8 -1 -1 24 22 21 -1 19 18 17 -1 
-1 0 -1 3 -1 5 -1 -1 25 -1 -1 -1 1 4 -1 -1 -1 -1 -1 9 -1 -1 2 -1 7 -1 -1 11 -1 12 -1 28 -1 -1 -1 15 -1 -1 -1 -1 10 28 -1 -1 -1 -1 -1 30 -1 -1 -1 -1 -1 -1 -1 -1 -1 -1 -1 -1 16 -1 27 26 -1 23 -1 20 -1 -1 -1 -1 -1 -1 -1 -1 -1 -1 -1 8 -1 -1 24 22 21 -1 19 18 17 -1 
-1 0 -1 3 -1 5 -1 -1 25 -1 -1 -1 1 4 -1 -1 -1 -1 -1 9 -1 -1 2 -1 7 -1 -1 11 -1 12 -1 28 -1 -1 -1 15 -1 -1 -1 -1 10 28 -1 -1 -1 -1 -1 30 -1 -1 -1 -1 -1 -1 -1 -1 -1 -1 -1 -1 16 -1 27 26 -1 23 -1 20 -1 -1 -1 -1 -1 -1 -1 -1 -1 -1 -1 -1 -1 -1 24 22 21 -1 19 18 8 -1 
-1 0 -1 3 -1 5 -1 -1 25 -1 -1 -1 1 4 -1 -1 -1 -1 -1 9 -1 -1 2 -1 7 -1 -1 11 -1 12 -1 28 -1 -1 -1 15 -1 -1 -1 -1 28 -1 -1 -1 -1 -1 -1 30 -1 -1 -1 -1 -1 -1 -1 -1 -1 -1 -1 -1 16 -1 27 26 -1 23 -1 20 -1 -1 -1 -1 -1 -1 -1 -1 -1 -1 -1 -1 -1 -1 24 22 21 -1 19 18 8 -1 
-1 0 -1 3 -1 5 -1 -1 25 -1 -1 -1 1 4 -1 -1 -1 -1 -1 9 -1 -1 2 -1 7 -1 -1 11 -1 12 -1 -1 -1 -1 -1 15 -1 -1 -1 -1 13 -1 -1 -1 -1 -1 -1 30 -1 -1 -1 -1 -1 -1 -1 -1 -1 -1 -1 -1 16 -1 27 26 -1 23 -1 20 -1 -1 -1 -1 -1 -1 -1 -1 -1 -1 -1 -1 -1 -1 24 22 21 -1 19 18 8 -1 
-1 0 -1 3 -1 5 -1 -1 25 -1 -1 -1 1 4 -1 -1 -1 -1 -1 9 -1 -1 2 -1 7 -1 -1 11 -1 12 -1 -1 -1 -1 -1 15 -1 -1 -1 -1 13 -1 -1 -1 -1 -1 -1 30 -1 -1 -1 -1 -1 -1 -1 -1 -1 -1 -1 -1 16 -1 27 26 -1 23 -1 -1 -1 -1 -1 -1 -1 -1 -1 -1 20 -1 -1 -1 -1 -1 24 22 21 -1 19 18 8 -1 
-1 0 -1 3 -1 5 -1 8 25 -1 -1 -1 1 4 -1 -1 -1 -1 -1 9 -1 -1 2 -1 7 -1 -1 11 -1 12 -1 -1 -1 -1 -1 15 -1 -1 -1 -1 13 -1 -1 -1 -1 -1 -1 30 -1 -1 -1 -1 -1 -1 -1 -1 -1 -1 -1 -1 16 -1 27 26 -1 23 -1 -1 -1 -1 -1 -1 -1 -1 -1 -1 20 -1 -1 -1 -1 -1 24 22 21 -1 19 18 -1 -1 
-1 0 -1 3 -1 5 -1 8 -1 -1 -1 -1 1 4 -1 -1 -1 -1 -1 9 -1 -1 2 -1 7 -1 25 11 -1 12 -1 -1 -1 -1 -1 15 -1 -1 -1 -1 13 -1 -1 -1 -1 -1 -1 30 -1 -1 -1 -1 -1 -1 -1 -1 -1 -1 -1 -1 16 -1 27 26 -1 23 -1 -1 -1 -1 -1 -1 -1 -1 -1 -1 20 -1 -1 -1 -1 -1 24 22 21 -1 19 18 -1 -1 
-1 0 -1 3 -1 5 -1 8 -1 -1 -1 -1 1 4 -1 -1 -1 -1 -1 9 -1 -1 2 -1 7 -1 25 11 -1 12 -1 -1 -1 -1 -1 15 -1 -1 -1 -1 -1 -1 -1 -1 -1 -1 -1 30 -1 13 -1 -1 -1 -1 -1 -1 -1 -1 -1 -1 16 -1 27 26 -1 23 -1 -1 -1 -1 -1 -1 -1 -1 -1 -1 20 -1 -1 -1 -1 -1 24 22 21 -1 19 18 -1 -1 
-1 0 -1 3 -1 5 -1 8 -1 -1 -1 -1 1 4 -1 -1 -1 -1 -1 9 -1 -1 2 -1 7 -1 25 11 -1 12 -1 -1 -1 -1 -1 15 -1 -1 -1 -1 -1 -1 -1 -1 -1 -1 -1 30 -1 13 -1 -1 -1 -1 -1 -1 -1 -1 -1 -1 16 -1 27 26 -1 23 -1 -1 -1 -1 -1 -1 -1 -1 -1 -1 -1 -1 -1 -1 -1 -1 24 22 21 20 19 18 -1 -1 
-1 0 -1 3 -1 5 -1 -1 -1 -1 -1 -1 1 4 -1 -1 -1 -1 -1 9 -1 -1 2 -1 7 8 25 11 -1 12 -1 -1 -1 -1 -1 15 -1 -1 -1 -1 -1 -1 -1 -1 -1 -1 -1 30 -1 13 -1 -1 -1 -1 -1 -1 -1 -1 -1 -1 16 -1 27 26 -1 23 -1 -1 -1 -1 -1 -1 -1 -1 -1 -1 -1 -1 -1 -1 -1 -1 24 22 21 20 19 18 -1 -1 
-1 0 -1 3 -1 5 -1 -1 -1 -1 -1 -1 1 4 -1 -1 -1 -1 -1 9 -1 -1 2 -1 25 8 -1 11 -1 12 -1 -1 -1 -1 -1 15 -1 -1 -1 -1 -1 -1 -1 -1 -1 -1 -1 30 -1 13 -1 -1 -1 -1 -1 -1 -1 -1 -1 -1 16 -1 27 26 -1 23 -1 -1 -1 -1 -1 -1 -1 -1 -1 -1 -1 -1 -1 -1 -1 -1 24 22 21 20 19 18 -1 -1 
-1 0 -1 3 -1 5 -1 -1 -1 -1 -1 -1 1 4 -1 -1 -1 -1 -1 9 -1 -1 2 -1 8 -1 -1 11 -1 12 -1 -1 -1 -1 -1 15 -1 -1 -1 -1 -1 -1 -1 -1 -1 -1 -1 30 -1 13 -1 -1 -1 -1 -1 -1 -1 -1 -1 -1 16 -1 27 26 -1 23 -1 -1 -1 -1 -1 -1 -1 -1 -1 -1 -1 -1 -1 -1 -1 -1 24 22 21 20 19 18 -1 -1 
-1 0 -1 3 -1 5 -1 -1 -1 -1 -1 -1 1 4 -1 -1 -1 -1 -1 9 -1 -1 2 -1 8 -1 -1 11 -1 12 -1 -1 -1 -1 -1 15 -1 -1 -1 -1 -1 -1 -1 -1 -1 -1 -1 30 -1 13 -1 -1 -1 -1 -1 -1 -1 16 -1 -1 -1 -1 27 26 -1 23 -1 -1 -1 -1 -1 -1 -1 -1 -1 -1 -1 -1 -1 -1 -1 -1 24 22 21 20 19 18 -1 -1 
-1 0 -1 3 -1 5 -1 -1 -1 -1 -1 -1 1 4 -1 -1 -1 -1 -1 9 -1 -1 2 -1 8 -1 -1 11 -1 -1 -1 -1 -1 -1 -1 15 -1 -1 12 -1 -1 -1 -1 -1 -1 -1 -1 30 -1 13 -1 -1 -1 -1 -1 -1 -1 16 -1 -1 -1 -1 27 26 -1 23 -1 -1 -1 -1 -1 -1 -1 -1 -1 -1 -1 -1 -1 -1 -1 -1 24 22 21 20 19 18 -1 -1 
-1 0 -1 3 -1 5 -1 -1 -1 -1 -1 -1 1 4 -1 -1 -1 -1 -1 9 -1 -1 2 -1 8 -1 -1 11 -1 -1 -1 -1 -1 -1 -1 15 -1 -1 30 -1 -1 -1 -1 -1 -1 -1 -1 -1 -1 13 -1 -1 -1 -1 -1 -1 -1 16 -1 -1 -1 -1 27 26 -1 23 -1 -1 -1 -1 -1 -1 -1 -1 -1 -1 -1 -1 -1 -1 -1 -1 24 22 21 20 19 18 -1 -1 
-1 0 -1 3 -1 5 -1 -1 -1 -1 -1 -1 1 4 -1 -1 -1 -1 -1 9 -1 -1 -1 -1 8 -1 -1 11 -1 -1 -1 -1 -1 -1 -1 15 -1 -1 2 -1 -1 -1 -1 -1 -1 -1 -1 -1 -1 13 -1 -1 -1 -1 -1 -1 -1 16 -1 -1 -1 -1 27 26 -1 23 -1 -1 -1 -1 -1 -1 -1 -1 -1 -1 -1 -1 -1 -1 -1 -1 24 22 21 20 19 18 -1 -1 
-1 0 -1 3 -1 5 -1 -1 -1 -1 -1 -1 1 4 -1 -1 -1 -1 -1 9 -1 -1 -1 -1 8 -1 -1 11 -1 -1 -1 -1 -1 -1 -1 15 -1 -1 2 -1 -1 -1 -1 -1 -1 -1 -1 -1 -1 13 -1 -1 -1 -1 -1 -1 -1 16 -1 -1 -1 -1 27 26 -1 23 -1 -1 -1 -1 -1 -1 -1 -1 -1 -1 21 -1 -1 -1 -1 -1 24 22 -1 20 19 18 -1 -1 
-1 0 -1 3 -1 5 -1 -1 -1 -1 -1 -1 1 4 -1 -1 -1 -1 -1 -1 -1 -1 -1 -1 8 -1 -1 11 -1 -1 -1 -1 -1 -1 -1 15 -1 -1 2 -1 -1 -1 -1 -1 -1 -1 -1 -1 -1 13 -1 -1 -1 -1 -1 -1 -1 16 -1 -1 -1 -1 27 26 -1 23 -1 -1 -1 -1 -1 -1 -1 9 -1 -1 21 -1 -1 -1 -1 -1 24 22 -1 20 19 18 -1 -1 
-1 0 -1 3 -1 5 -1 -1 -1 -1 -1 -1 1 4 -1 -1 -1 -1 -1 -1 -1 -1 -1 -1 8 -1 -1 11 -1 -1 -1 -1 -1 -1 -1 15 -1 -1 2 -1 -1 -1 -1 -1 -1 -1 -1 -1 -1 13 -1 -1 -1 -1 -1 -1 -1 16 -1 -1 -1 -1 27 26 -1 -1 -1 -1 -1 -1 -1 -1 -1 9 -1 -1 21 -1 -1 -1 -1 -1 24 22 23 20 19 18 -1 -1 
-1 0 -1 3 -1 5 -1 -1 -1 -1 -1 -1 1 4 -1 -1 -1 -1 -1 -1 -1 -1 -1 -1 8 -1 -1 11 -1 -1 -1 -1 -1 -1 -1 15 -1 -1 2 -1 -1 -1 -1 -1 -1 -1 -1 -1 -1 13 -1 -1 -1 -1 -1 -1 -1 16 -1 -1 -1 -1 27 26 9 -1 -1 -1 -1 -1 -1 -1 -1 -1 -1 -1 21 -1 -1 -1 -1 -1 24 22 23 20 19 18 -1 -1 
-1 0 -1 3 -1 5 -1 -1 -1 -1 -1 -1 1 4 -1 -1 -1 -1 -1 -1 -1 -1 -1 -1 8 -1 -1 11 -1 -1 -1 -1 -1 -1 -1 15 -1 -1 2 -1 -1 -1 -1 -1 -1 -1 -1 -1 -1 13 -1 -1 -1 -1 -1 -1 -1 16 -1 -1 -1 -1 27 26 9 -1 -1 22 -1 -1 -1 -1 -1 -1 -1 -1 21 -1 -1 -1 -1 -1 24 -1 23 20 19 18 -1 -1 
-1 0 -1 3 -1 5 -1 -1 -1 -1 -1 -1 -1 4 -1 -1 -1 -1 -1 -1 -1 -1 -1 -1 8 -1 -1 11 -1 -1 -1 1 -1 -1 -1 15 -1 -1 2 -1 -1 -1 -1 -1 -1 -1 -1 -1 -1 13 -1 -1 -1 -1 -1 -1 -1 16 -1 -1 -1 -1 27 26 9 -1 -1 22 -1 -1 -1 -1 -1 -1 -1 -1 21 -1 -1 -1 -1 -1 24 -1 23 20 19 18 -1 -1 
-1 0 -1 3 -1 5 -1 -1 -1 -1 -1 -1 -1 4 -1 -1 -1 -1 -1 -1 -1 -1 -1 -1 8 -1 -1 26 -1 -1 -1 1 -1 -1 -1 15 -1 -1 2 -1 -1 -1 -1 -1 -1 -1 -1 -1 -1 13 -1 -1 -1 -1 -1 -1 -1 16 -1 -1 -1 -1 27 -1 9 -1 -1 22 -1 -1 -1 -1 -1 -1 -1 -1 21 -1 -1 -1 -1 -1 24 -1 23 20 19 18 -1 -1 
-1 0 -1 3 -1 5 -1 -1 -1 -1 -1 -1 -1 4 -1 -1 -1 -1 -1 -1 -1 -1 -1 -1 8 -1 -1 26 -1 -1 -1 -1 -1 -1 -1 15 -1 -1 2 -1 -1 -1 1 -1 -1 -1 -1 -1 -1 13 -1 -1 -1 -1 -1 -1 -1 16 -1 -1 -1 -1 27 -1 9 -1 -1 22 -1 -1 -1 -1 -1 -1 -1 -1 21 -1 -1 -1 -1 -1 24 -1 23 20 19 18 -1 -1 
-1 0 -1 3 -1 5 -1 -1 -1 -1 -1 -1 -1 4 -1 -1 -1 -1 -1 -1 -1 -1 -1 -1 8 -1 -1 26 -1 -1 -1 -1 -1 -1 -1 15 -1 -1 2 -1 -1 -1 1 -1 -1 -1 -1 -1 -1 13 -1 -1 -1 -1 -1 -1 -1 16 -1 -1 -1 -1 27 -1 9 23 -1 22 -1 -1 -1 -1 -1 -1 -1 -1 21 -1 -1 -1 -1 -1 24 -1 -1 20 19 18 -1 -1 
-1 0 -1 3 -1 5 -1 -1 -1 -1 -1 -1 -1 4 -1 -1 -1 -1 -1 8 -1 -1 -1 -1 -1 -1 -1 26 -1 -1 -1 -1 -1 -1 -1 15 -1 -1 2 -1 -1 -1 1 -1 -1 -1 -1 -1 -1 13 -1 -1 -1 -1 -1 -1 -1 16 -1 -1 -1 -1 27 -1 9 23 -1 22 -1 -1 -1 -1 -1 -1 -1 -1 21 -1 -1 -1 -1 -1 24 -1 -1 20 19 18 -1 -1 
-1 0 -1 3 -1 5 -1 -1 -1 -1 -1 -1 -1 4 -1 -1 -1 -1 -1 8 -1 -1 -1 -1 -1 -1 -1 26 -1 -1 -1 -1 -1 -1 -1 15 -1 -1 2 -1 -1 -1 1 -1 -1 -1 -1 -1 -1 13 -1 -1 -1 -1 -1 -1 -1 16 -1 -1 -1 -1 27 -1 9 23 -1 22 -1 -1 -1 -1 -1 -1 -1 -1 21 -1 -1 -1 -1 -1 -1 -1 24 20 19 18 -1 -1 
-1 0 -1 3 4 5 -1 -1 -1 -1 -1 -1 -1 -1 -1 -1 -1 -1 -1 8 -1 -1 -1 -1 -1 -1 -1 26 -1 -1 -1 -1 -1 -1 -1 15 -1 -1 2 -1 -1 -1 1 -1 -1 -1 -1 -1 -1 13 -1 -1 -1 -1 -1 -1 -1 16 -1 -1 -1 -1 27 -1 9 23 -1 22 -1 -1 -1 -1 -1 -1 -1 -1 21 -1 -1 -1 -1 -1 -1 -1 24 20 19 18 -1 -1 
-1 0 -1 3 4 5 -1 -1 -1 -1 -1 -1 -1 -1 -1 -1 -1 -1 -1 8 -1 -1 -1 -1 -1 -1 -1 26 -1 -1 -1 -1 -1 -1 -1 15 -1 -1 2 -1 -1 -1 1 -1 -1 -1 -1 -1 -1 13 -1 -1 -1 -1 -1 -1 16 -1 -1 -1 -1 -1 27 -1 9 23 -1 22 -1 -1 -1 -1 -1 -1 -1 -1 21 -1 -1 -1 -1 -1 -1 -1 24 20 19 18 -1 -1 
-1 0 -1 3 4 5 -1 -1 -1 -1 -1 -1 -1 -1 -1 -1 -1 -1 -1 8 -1 -1 2 -1 -1 -1 -1 26 -1 -1 -1 -1 -1 -1 -1 15 -1 -1 -1 -1 -1 -1 1 -1 -1 -1 -1 -1 -1 13 -1 -1 -1 -1 -1 -1 16 -1 -1 -1 -1 -1 27 -1 9 23 -1 22 -1 -1 -1 -1 -1 -1 -1 -1 21 -1 -1 -1 -1 -1 -1 -1 24 20 19 18 -1 -1 
-1 0 -1 3 4 5 -1 -1 -1 -1 -1 -1 -1 -1 -1 -1 -1 -1 -1 8 -1 -1 2 -1 -1 -1 -1 26 -1 -1 -1 -1 -1 -1 -1 15 -1 -1 -1 -1 -1 -1 1 -1 -1 -1 -1 -1 -1 13 -1 -1 -1 -1 -1 -1 16 24 -1 -1 -1 -1 27 -1 9 23 -1 22 -1 -1 -1 -1 -1 -1 -1 -1 21 -1 -1 -1 -1 -1 -1 -1 -1 20 19 18 -1 -1 
-1 0 -1 3 4 5 -1 -1 -1 -1 -1 -1 -1 -1 -1 -1 -1 -1 -1 -1 -1 -1 2 -1 -1 -1 -1 26 8 -1 -1 -1 -1 -1 -1 15 -1 -1 -1 -1 -1 -1 1 -1 -1 -1 -1 -1 -1 13 -1 -1 -1 -1 -1 -1 16 24 -1 -1 -1 -1 27 -1 9 23 -1 22 -1 -1 -1 -1 -1 -1 -1 -1 21 -1 -1 -1 -1 -1 -1 -1 -1 20 19 18 -1 -1 
-1 0 -1 3 4 5 -1 -1 -1 -1 -1 -1 -1 -1 -1 -1 -1 -1 -1 -1 -1 -1 2 -1 -1 -1 -1 -1 8 -1 -1 -1 -1 -1 -1 15 26 -1 -1 -1 -1 -1 1 -1 -1 -1 -1 -1 -1 13 -1 -1 -1 -1 -1 -1 16 24 -1 -1 -1 -1 27 -1 9 23 -1 22 -1 -1 -1 -1 -1 -1 -1 -1 21 -1 -1 -1 -1 -1 -1 -1 -1 20 19 18 -1 -1 
-1 0 -1 3 4 -1 -1 -1 -1 -1 -1 -1 -1 5 -1 -1 -1 -1 -1 -1 -1 -1 2 -1 -1 -1 -1 -1 8 -1 -1 -1 -1 -1 -1 15 26 -1 -1 -1 -1 -1 1 -1 -1 -1 -1 -1 -1 13 -1 -1 -1 -1 -1 -1 16 24 -1 -1 -1 -1 27 -1 9 23 -1 22 -1 -1 -1 -1 -1 -1 -1 -1 21 -1 -1 -1 -1 -1 -1 -1 -1 20 19 18 -1 -1 
-1 0 -1 3 4 -1 -1 -1 -1 -1 -1 -1 -1 5 -1 -1 -1 -1 -1 -1 -1 -1 2 -1 -1 -1 -1 -1 8 -1 -1 -1 -1 -1 -1 15 26 -1 -1 -1 -1 -1 1 -1 -1 -1 -1 -1 -1 13 -1 22 -1 -1 -1 -1 16 24 -1 -1 -1 -1 27 -1 9 23 -1 -1 -1 -1 -1 -1 -1 -1 -1 -1 21 -1 -1 -1 -1 -1 -1 -1 -1 20 19 18 -1 -1 
-1 -1 0 3 4 -1 -1 -1 -1 -1 -1 -1 -1 5 -1 -1 -1 -1 -1 -1 -1 -1 2 -1 -1 -1 -1 -1 8 -1 -1 -1 -1 -1 -1 15 26 -1 -1 -1 -1 -1 1 -1 -1 -1 -1 -1 -1 13 -1 22 -1 -1 -1 -1 16 24 -1 -1 -1 -1 27 -1 9 23 -1 -1 -1 -1 -1 -1 -1 -1 -1 -1 21 -1 -1 -1 -1 -1 -1 -1 -1 20 19 18 -1 -1 
-1 -1 16 3 4 -1 -1 -1 -1 -1 -1 -1 -1 5 -1 -1 -1 -1 -1 -1 -1 -1 2 -1 -1 -1 -1 -1 8 -1 -1 -1 -1 -1 -1 15 26 -1 -1 -1 -1 -1 1 -1 -1 -1 -1 -1 -1 13 -1 22 -1 -1 -1 -1 -1 24 -1 -1 -1 -1 27 -1 9 23 -1 -1 -1 -1 -1 -1 -1 -1 -1 -1 21 -1 -1 -1 -1 -1 -1 -1 -1 20 19 18 -1 -1 
-1 -1 2 3 4 -1 -1 -1 -1 -1 -1 -1 -1 5 -1 -1 -1 -1 -1 -1 -1 -1 -1 -1 -1 -1 -1 -1 8 -1 -1 -1 -1 -1 -1 15 26 -1 -1 -1 -1 -1 1 -1 -1 -1 -1 -1 -1 13 -1 22 -1 -1 -1 -1 -1 24 -1 -1 -1 -1 27 -1 9 23 -1 -1 -1 -1 -1 -1 -1 -1 -1 -1 21 -1 -1 -1 -1 -1 -1 -1 -1 20 19 18 -1 -1 
-1 -1 2 3 4 -1 -1 -1 -1 -1 -1 -1 -1 5 -1 -1 -1 -1 -1 -1 -1 -1 -1 -1 -1 -1 -1 -1 8 -1 -1 -1 -1 -1 -1 15 26 -1 -1 -1 -1 -1 1 -1 -1 -1 -1 -1 -1 13 -1 22 -1 -1 -1 -1 24 -1 -1 -1 -1 -1 27 -1 9 23 -1 -1 -1 -1 -1 -1 -1 -1 -1 -1 21 -1 -1 -1 -1 -1 -1 -1 -1 20 19 18 -1 -1 
-1 -1 -1 3 4 -1 -1 -1 -1 -1 -1 -1 -1 5 -1 -1 -1 -1 2 -1 -1 -1 -1 -1 -1 -1 -1 -1 8 -1 -1 -1 -1 -1 -1 15 26 -1 -1 -1 -1 -1 1 -1 -1 -1 -1 -1 -1 13 -1 22 -1 -1 -1 -1 24 -1 -1 -1 -1 -1 27 -1 9 23 -1 -1 -1 -1 -1 -1 -1 -1 -1 -1 21 -1 -1 -1 -1 -1 -1 -1 -1 20 19 18 -1 -1 
-1 -1 -1 3 4 -1 -1 -1 -1 -1 -1 -1 -1 5 -1 -1 -1 -1 2 -1 -1 -1 -1 -1 -1 -1 -1 -1 8 -1 -1 -1 -1 -1 -1 15 26 -1 -1 -1 -1 -1 1 -1 -1 -1 -1 -1 -1 13 -1 22 -1 -1 -1 -1 24 -1 -1 -1 -1 -1 27 -1 9 23 -1 18 -1 -1 -1 -1 -1 -1 -1 -1 21 -1 -1 -1 -1 -1 -1 -1 -1 20 19 -1 -1 -1 
-1 -1 -1 3 4 -1 -1 -1 -1 -1 -1 -1 -1 5 -1 -1 -1 -1 2 -1 -1 -1 -1 1 -1 -1 -1 -1 8 -1 -1 -1 -1 -1 -1 15 26 -1 -1 -1 -1 -1 -1 -1 -1 -1 -1 -1 -1 13 -1 22 -1 -1 -1 -1 24 -1 -1 -1 -1 -1 27 -1 9 23 -1 18 -1 -1 -1 -1 -1 -1 -1 -1 21 -1 -1 -1 -1 -1 -1 -1 -1 20 19 -1 -1 -1 
-1 -1 -1 3 4 -1 -1 -1 -1 -1 -1 -1 -1 5 -1 -1 -1 -1 2 -1 -1 -1 -1 1 -1 -1 -1 -1 8 -1 -1 -1 -1 -1 -1 15 26 -1 -1 -1 -1 -1 -1 -1 -1 -1 -1 -1 -1 13 -1 22 -1 -1 -1 -1 24 -1 -1 -1 -1 -1 27 -1 9 23 -1 18 -1 -1 -1 -1 -1 -1 -1 -1 21 -1 -1 -1 -1 -1 -1 -1 -1 20 19 -1 -1 -1 
-1 -1 -1 3 4 -1 -1 -1 -1 -1 -1 -1 -1 5 -1 -1 -1 -1 2 -1 -1 -1 -1 1 -1 -1 -1 -1 -1 -1 -1 -1 -1 -1 -1 15 26 -1 -1 -1 -1 -1 -1 -1 -1 -1 -1 -1 -1 13 -1 22 -1 -1 -1 8 24 -1 -1 -1 -1 -1 27 -1 9 23 -1 18 -1 -1 -1 -1 -1 -1 -1 -1 21 -1 -1 -1 -1 -1 -1 -1 -1 20 19 -1 -1 -1 
-1 -1 -1 3 4 -1 -1 -1 -1 -1 -1 -1 -1 5 -1 -1 -1 -1 2 -1 -1 -1 -1 1 -1 -1 -1 -1 -1 -1 -1 -1 -1 -1 -1 15 26 -1 -1 -1 -1 -1 -1 -1 -1 31 -1 -1 -1 13 -1 22 -1 -1 -1 8 24 -1 -1 -1 -1 -1 27 -1 9 23 -1 18 -1 -1 -1 -1 -1 -1 -1 -1 21 -1 -1 -1 -1 -1 -1 -1 -1 20 19 -1 -1 -1 
-1 -1 -1 3 4 -1 -1 -1 -1 -1 -1 -1 -1 5 -1 -1 -1 -1 2 -1 -1 -1 -1 1 -1 -1 -1 -1 -1 -1 -1 -1 -1 -1 -1 -1 26 -1 -1 -1 -1 -1 -1 -1 15 31 -1 -1 -1 13 -1 22 -1 -1 -1 8 24 -1 -1 -1 -1 -1 27 -1 9 23 -1 18 -1 -1 -1 -1 -1 -1 -1 -1 21 -1 -1 -1 -1 -1 -1 -1 -1 20 19 -1 -1 -1 
-1 -1 -1 3 4 -1 -1 -1 -1 -1 -1 -1 -1 5 -1 -1 -1 -1 2 -1 -1 -1 -1 1 -1 -1 -1 -1 -1 -1 -1 -1 -1 -1 -1 -1 26 -1 -1 -1 -1 -1 -1 -1 15 31 -1 -1 -1 13 -1 22 -1 -1 -1 8 24 -1 -1 -1 -1 -1 27 -1 9 23 -1 18 -1 -1 -1 -1 -1 -1 -1 -1 21 -1 -1 -1 -1 -1 -1 -1 -1 20 19 -1 -1 -1 
-1 -1 -1 3 4 -1 -1 -1 -1 -1 -1 -1 -1 5 -1 -1 -1 -1 2 -1 -1 -1 -1 1 -1 -1 -1 -1 -1 -1 -1 -1 -1 -1 -1 -1 26 -1 -1 -1 -1 -1 -1 -1 15 31 -1 -1 -1 13 -1 22 -1 -1 -1 -1 8 -1 -1 -1 -1 -1 27 -1 9 23 -1 18 -1 -1 -1 -1 -1 -1 -1 -1 21 -1 -1 -1 -1 -1 -1 -1 -1 20 19 -1 -1 -1 
-1 -1 -1 3 4 -1 -1 -1 -1 -1 -1 -1 -1 5 -1 -1 -1 -1 2 -1 -1 -1 -1 1 -1 -1 -1 -1 -1 -1 -1 -1 -1 -1 -1 -1 26 -1 -1 -1 -1 -1 -1 -1 15 31 -1 -1 -1 13 -1 22 -1 -1 -1 -1 8 -1 -1 -1 -1 -1 27 -1 9 -1 -1 18 -1 -1 -1 -1 -1 -1 -1 -1 21 -1 -1 -1 -1 -1 23 -1 -1 20 19 -1 -1 -1 
-1 -1 -1 3 4 -1 -1 -1 -1 -1 -1 -1 -1 5 -1 -1 -1 -1 2 -1 -1 -1 -1 1 -1 -1 -1 -1 -1 -1 -1 -1 -1 -1 -1 -1 26 -1 -1 -1 -1 -1 -1 -1 15 31 -1 -1 -1 13 -1 22 -1 -1 -1 9 8 -1 -1 -1 -1 -1 27 -1 -1 -1 -1 18 -1 -1 -1 -1 -1 -1 -1 -1 21 -1 -1 -1 -1 -1 23 -1 -1 20 19 -1 -1 -1 
-1 -1 -1 3 4 -1 -1 -1 -1 -1 -1 -1 -1 5 -1 -1 -1 -1 2 -1 -1 -1 -1 1 -1 -1 -1 -1 -1 -1 -1 -1 -1 -1 -1 -1 26 -1 -1 -1 -1 -1 -1 -1 15 31 -1 -1 -1 13 -1 22 -1 -1 -1 9 8 -1 -1 -1 -1 -1 27 23 -1 -1 -1 18 -1 -1 -1 -1 -1 -1 -1 -1 21 -1 -1 -1 -1 -1 -1 -1 -1 20 19 -1 -1 -1 
-1 -1 -1 3 4 -1 -1 -1 -1 -1 -1 -1 -1 5 -1 -1 -1 -1 2 -1 -1 -1 -1 1 -1 -1 -1 -1 -1 -1 -1 -1 -1 -1 -1 -1 26 -1 -1 -1 -1 -1 -1 -1 15 31 -1 -1 -1 13 -1 22 -1 -1 -1 9 8 -1 -1 -1 -1 -1 27 23 -1 -1 -1 18 -1 -1 -1 -1 -1 -1 -1 -1 21 -1 -1 -1 -1 -1 -1 -1 -1 20 19 -1 -1 -1 
-1 -1 -1 3 4 -1 -1 -1 -1 -1 -1 -1 -1 5 -1 -1 -1 -1 2 -1 -1 -1 -1 1 -1 -1 -1 -1 -1 -1 -1 -1 -1 -1 -1 -1 26 -1 -1 -1 -1 -1 -1 -1 15 31 -1 -1 -1 13 -1 22 -1 -1 -1 9 8 -1 -1 -1 -1 -1 27 23 -1 -1 -1 18 -1 -1 -1 -1 -1 -1 -1 -1 21 -1 -1 -1 -1 -1 -1 -1 -1 20 19 -1 -1 -1 
-1 -1 -1 3 4 -1 -1 -1 -1 -1 -1 -1 -1 5 -1 -1 -1 -1 2 -1 -1 -1 -1 1 -1 -1 -1 -1 -1 -1 -1 -1 -1 -1 -1 -1 26 -1 -1 -1 -1 -1 -1 -1 15 31 -1 -1 -1 13 -1 22 -1 -1 -1 -1 8 -1 9 -1 -1 -1 27 23 -1 -1 -1 18 -1 -1 -1 -1 -1 -1 -1 -1 21 -1 -1 -1 -1 -1 -1 -1 -1 20 19 -1 -1 -1 
-1 -1 -1 3 4 -1 -1 -1 -1 -1 -1 -1 -1 5 -1 -1 -1 -1 2 -1 -1 -1 -1 1 -1 -1 -1 -1 -1 -1 -1 -1 -1 -1 -1 -1 26 -1 -1 -1 -1 -1 -1 -1 15 31 -1 -1 -1 13 -1 22 -1 -1 -1 -1 8 -1 9 -1 -1 -1 27 23 -1 -1 -1 18 -1 -1 -1 -1 -1 -1 -1 -1 21 -1 -1 -1 -1 -1 -1 -1 20 -1 19 -1 -1 -1 
-1 -1 -1 3 4 -1 -1 -1 -1 -1 -1 -1 -1 5 -1 -1 -1 -1 2 -1 -1 -1 -1 1 -1 -1 -1 -1 -1 -1 -1 -1 -1 -1 -1 -1 26 -1 -1 -1 -1 -1 -1 -1 15 31 -1 -1 -1 13 -1 22 -1 -1 -1 -1 8 -1 -1 -1 -1 9 27 23 -1 -1 -1 18 -1 -1 -1 -1 -1 -1 -1 -1 21 -1 -1 -1 -1 -1 -1 -1 20 -1 19 -1 -1 -1 
-1 -1 -1 3 4 -1 -1 -1 -1 -1 -1 -1 -1 5 -1 -1 -1 -1 2 -1 -1 -1 -1 1 -1 -1 -1 -1 -1 -1 -1 -1 -1 -1 -1 -1 26 -1 -1 -1 -1 -1 -1 -1 15 31 -1 -1 -1 13 -1 22 -1 -1 -1 -1 8 -1 -1 -1 -1 9 27 23 -1 -1 -1 18 21 -1 -1 -1 -1 -1 -1 -1 -1 -1 -1 -1 -1 -1 -1 -1 20 -1 19 -1 -1 -1 
-1 -1 -1 3 4 -1 -1 -1 -1 -1 -1 -1 -1 5 -1 -1 -1 -1 2 -1 -1 -1 -1 1 -1 -1 -1 -1 -1 -1 -1 -1 -1 -1 -1 -1 26 -1 -1 -1 -1 -1 -1 -1 15 31 -1 -1 -1 -1 -1 22 -1 -1 -1 -1 8 -1 13 -1 -1 9 27 23 -1 -1 -1 18 21 -1 -1 -1 -1 -1 -1 -1 -1 -1 -1 -1 -1 -1 -1 -1 20 -1 19 -1 -1 -1 
-1 -1 -1 3 4 -1 -1 -1 -1 -1 -1 -1 -1 5 -1 -1 -1 -1 2 -1 -1 -1 -1 1 -1 -1 -1 -1 -1 -1 -1 -1 -1 -1 -1 -1 26 -1 -1 -1 -1 -1 -1 -1 15 31 23 -1 -1 -1 -1 22 -1 -1 -1 -1 8 -1 13 -1 -1 9 27 -1 -1 -1 -1 18 21 -1 -1 -1 -1 -1 -1 -1 -1 -1 -1 -1 -1 -1 -1 -1 20 -1 19 -1 -1 -1 
-1 -1 -1 3 4 -1 -1 -1 -1 -1 -1 -1 -1 5 -1 -1 -1 -1 2 -1 -1 -1 -1 1 -1 -1 -1 -1 -1 -1 -1 -1 -1 -1 -1 -1 26 -1 -1 -1 -1 -1 -1 -1 15 31 23 -1 -1 -1 -1 22 -1 -1 -1 -1 8 -1 -1 13 -1 9 27 -1 -1 -1 -1 18 21 -1 -1 -1 -1 -1 -1 -1 -1 -1 -1 -1 -1 -1 -1 -1 20 -1 19 -1 -1 -1 
-1 -1 -1 3 4 -1 -1 -1 -1 -1 -1 -1 -1 5 -1 -1 -1 -1 2 -1 -1 -1 -1 1 -1 -1 -1 -1 -1 -1 -1 -1 -1 -1 -1 -1 26 -1 -1 -1 -1 -1 -1 -1 15 31 23 -1 -1 -1 -1 22 -1 -1 -1 -1 8 -1 -1 13 -1 9 27 -1 -1 -1 -1 18 21 -1 -1 -1 -1 -1 -1 -1 19 -1 -1 -1 -1 -1 -1 -1 20 -1 -1 -1 -1 -1 
-1 -1 -1 3 4 -1 -1 -1 -1 -1 -1 -1 -1 5 -1 -1 -1 -1 2 -1 -1 -1 -1 1 -1 -1 -1 -1 -1 -1 -1 -1 -1 -1 -1 -1 26 -1 -1 -1 -1 -1 -1 -1 15 31 23 -1 -1 -1 -1 22 9 -1 -1 -1 8 -1 -1 13 -1 -1 27 -1 -1 -1 -1 18 21 -1 -1 -1 -1 -1 -1 -1 19 -1 -1 -1 -1 -1 -1 -1 20 -1 -1 -1 -1 -1 
-1 -1 -1 3 4 -1 -1 -1 -1 -1 -1 -1 -1 5 -1 -1 -1 -1 2 -1 -1 -1 -1 1 -1 -1 -1 -1 -1 -1 -1 -1 -1 -1 -1 -1 26 -1 -1 23 -1 -1 -1 -1 15 31 -1 -1 -1 -1 -1 22 9 -1 -1 -1 8 -1 -1 13 -1 -1 27 -1 -1 -1 -1 18 21 -1 -1 -1 -1 -1 -1 -1 19 -1 -1 -1 -1 -1 -1 -1 20 -1 -1 -1 -1 -1 
-1 -1 -1 3 4 -1 -1 -1 -1 -1 -1 -1 -1 5 -1 -1 -1 -1 2 -1 -1 -1 -1 1 -1 -1 -1 -1 -1 -1 -1 -1 -1 -1 -1 -1 26 -1 -1 23 -1 -1 -1 -1 15 9 -1 -1 -1 -1 -1 22 -1 -1 -1 -1 8 -1 -1 13 -1 -1 27 -1 -1 -1 -1 18 21 -1 -1 -1 -1 -1 -1 -1 19 -1 -1 -1 -1 -1 -1 -1 20 -1 -1 -1 -1 -1 
-1 -1 -1 3 4 -1 -1 -1 -1 -1 -1 -1 -1 5 -1 -1 -1 -1 2 -1 -1 -1 -1 1 -1 -1 -1 -1 -1 -1 -1 -1 -1 -1 -1 -1 26 -1 -1 23 -1 -1 -1 -1 15 9 -1 -1 -1 -1 -1 22 -1 -1 -1 -1 8 -1 -1 13 -1 -1 27 -1 -1 -1 -1 18 21 -1 -1 -1 -1 -1 -1 -1 19 -1 -1 -1 -1 -1 -1 -1 20 -1 -1 -1 -1 -1 
-1 -1 -1 3 4 -1 -1 -1 -1 -1 -1 -1 -1 5 -1 -1 -1 -1 2 -1 -1 -1 -1 1 -1 -1 -1 -1 -1 -1 -1 -1 -1 -1 -1 -1 26 -1 -1 23 -1 -1 -1 -1 15 -1 -1 -1 -1 -1 -1 22 -1 -1 -1 -1 8 -1 -1 13 -1 -1 27 -1 -1 -1 -1 18 21 -1 -1 -1 -1 -1 -1 -1 19 -1 -1 -1 -1 9 -1 -1 20 -1 -1 -1 -1 -1 
-1 16 -1 3 4 -1 -1 -1 -1 -1 -1 -1 -1 5 -1 -1 -1 -1 2 -1 -1 -1 -1 1 -1 -1 -1 -1 -1 -1 -1 -1 -1 -1 -1 -1 26 -1 -1 23 -1 -1 -1 -1 15 -1 -1 -1 -1 -1 -1 22 -1 -1 -1 -1 8 -1 -1 13 -1 -1 27 -1 -1 -1 -1 18 21 -1 -1 -1 -1 -1 -1 -1 19 -1 -1 -1 -1 9 -1 -1 20 -1 -1 -1 -1 -1 
-1 16 -1 3 4 -1 -1 -1 -1 -1 -1 -1 -1 5 -1 -1 -1 -1 2 -1 -1 -1 -1 1 -1 -1 -1 -1 -1 0 -1 -1 -1 -1 -1 -1 26 -1 -1 23 -1 -1 -1 -1 15 -1 -1 -1 -1 -1 -1 22 -1 -1 -1 -1 8 -1 -1 13 -1 -1 27 -1 -1 -1 -1 18 21 -1 -1 -1 -1 -1 -1 -1 19 -1 -1 -1 -1 9 -1 -1 20 -1 -1 -1 -1 -1 
-1 16 -1 3 4 -1 -1 -1 -1 -1 -1 -1 -1 5 -1 -1 -1 -1 2 -1 -1 -1 -1 1 -1 -1 -1 -1 -1 0 -1 -1 -1 -1 -1 -1 26 -1 -1 23 -1 -1 -1 -1 15 -1 -1 -1 -1 -1 -1 22 -1 -1 -1 -1 8 -1 -1 13 -1 -1 27 -1 -1 -1 -1 18 21 -1 -1 -1 -1 -1 -1 20 19 -1 -1 -1 -1 9 -1 -1 -1 -1 -1 -1 -1 -1 
-1 16 -1 3 4 -1 -1 -1 -1 -1 -1 -1 -1 5 -1 -1 -1 -1 2 -1 -1 -1 -1 1 -1 -1 -1 -1 -1 -1 -1 -1 -1 -1 -1 -1 26 -1 -1 23 -1 -1 -1 -1 15 -1 -1 -1 -1 -1 -1 22 -1 -1 -1 -1 8 -1 -1 13 -1 -1 27 -1 -1 -1 -1 18 21 -1 -1 -1 -1 -1 -1 20 19 -1 -1 -1 -1 9 -1 -1 -1 -1 -1 -1 -1 -1 
26 16 -1 3 4 -1 -1 -1 -1 -1 -1 -1 -1 5 -1 -1 -1 -1 2 -1 -1 -1 -1 1 -1 -1 -1 -1 -1 -1 -1 -1 -1 -1 -1 -1 -1 -1 -1 23 -1 -1 -1 -1 15 -1 -1 -1 -1 -1 -1 22 -1 -1 -1 -1 8 -1 -1 13 -1 -1 27 -1 -1 -1 -1 18 21 -1 -1 -1 -1 -1 -1 20 19 -1 -1 -1 -1 9 -1 -1 -1 -1 -1 -1 -1 -1 
26 16 -1 3 4 -1 -1 -1 -1 -1 -1 -1 -1 5 -1 -1 -1 -1 2 -1 -1 -1 -1 1 -1 -1 -1 -1 -1 -1 -1 -1 -1 -1 -1 -1 -1 -1 -1 23 -1 -1 -1 -1 15 -1 -1 -1 -1 -1 -1 22 -1 -1 -1 -1 8 -1 -1 13 -1 -1 27 -1 -1 -1 -1 18 21 -1 -1 -1 -1 -1 -1 20 19 -1 -1 -1 -1 9 -1 -1 -1 -1 -1 -1 -1 -1 
-1 16 -1 3 4 -1 -1 -1 -1 -1 -1 -1 -1 5 -1 -1 -1 -1 2 -1 -1 -1 -1 1 -1 -1 -1 -1 -1 -1 -1 -1 -1 -1 -1 -1 26 -1 -1 23 -1 -1 -1 -1 15 -1 -1 -1 -1 -1 -1 22 -1 -1 -1 -1 8 -1 -1 13 -1 -1 27 -1 -1 -1 -1 18 21 -1 -1 -1 -1 -1 -1 20 19 -1 -1 -1 -1 9 -1 -1 -1 -1 -1 -1 -1 -1 
-1 16 -1 3 4 -1 -1 -1 -1 -1 -1 -1 -1 -1 -1 -1 -1 -1 2 -1 -1 5 -1 1 -1 -1 -1 -1 -1 -1 -1 -1 -1 -1 -1 -1 26 -1 -1 23 -1 -1 -1 -1 15 -1 -1 -1 -1 -1 -1 22 -1 -1 -1 -1 8 -1 -1 13 -1 -1 27 -1 -1 -1 -1 18 21 -1 -1 -1 -1 -1 -1 20 19 -1 -1 -1 -1 9 -1 -1 -1 -1 -1 -1 -1 -1 
-1 16 -1 3 4 -1 -1 -1 -1 -1 -1 -1 -1 -1 -1 -1 -1 -1 2 -1 -1 5 -1 1 -1 -1 -1 -1 -1 -1 -1 -1 23 -1 -1 -1 26 -1 -1 -1 -1 -1 -1 -1 15 -1 -1 -1 -1 -1 -1 22 -1 -1 -1 -1 8 -1 -1 13 -1 -1 27 -1 -1 -1 -1 18 21 -1 -1 -1 -1 -1 -1 20 19 -1 -1 -1 -1 9 -1 -1 -1 -1 -1 -1 -1 -1 
-1 16 -1 -1 4 -1 -1 -1 -1 -1 -1 -1 -1 3 -1 -1 -1 -1 2 -1 -1 5 -1 1 -1 -1 -1 -1 -1 -1 -1 -1 23 -1 -1 -1 26 -1 -1 -1 -1 -1 -1 -1 15 -1 -1 -1 -1 -1 -1 22 -1 -1 -1 -1 8 -1 -1 13 -1 -1 27 -1 -1 -1 -1 18 21 -1 -1 -1 -1 -1 -1 20 19 -1 -1 -1 -1 9 -1 -1 -1 -1 -1 -1 -1 -1 
-1 -1 -1 -1 4 16 -1 -1 -1 -1 -1 -1 -1 3 -1 -1 -1 -1 2 -1 -1 5 -1 1 -1 -1 -1 -1 -1 -1 -1 -1 23 -1 -1 -1 26 -1 -1 -1 -1 -1 -1 -1 15 -1 -1 -1 -1 -1 -1 22 -1 -1 -1 -1 8 -1 -1 13 -1 -1 27 -1 -1 -1 -1 18 21 -1 -1 -1 -1 -1 -1 20 19 -1 -1 -1 -1 9 -1 -1 -1 -1 -1 -1 -1 -1 
-1 -1 -1 -1 4 16 -1 -1 -1 -1 -1 -1 -1 3 -1 -1 -1 -1 2 -1 -1 5 -1 1 -1 -1 -1 -1 -1 -1 -1 -1 23 -1 -1 -1 26 -1 -1 -1 -1 -1 -1 -1 15 -1 -1 -1 -1 -1 -1 22 -1 -1 -1 -1 8 -1 -1 13 -1 -1 27 -1 -1 -1 -1 18 21 -1 -1 -1 -1 -1 -1 20 19 -1 -1 -1 -1 9 -1 -1 -1 -1 -1 -1 -1 -1 
-1 -1 -1 -1 4 16 -1 -1 -1 -1 -1 -1 -1 3 -1 -1 -1 -1 2 -1 -1 5 -1 1 -1 -1 -1 -1 -1 -1 -1 -1 -1 -1 -1 -1 26 -1 -1 -1 -1 -1 -1 -1 15 -1 -1 -1 -1 23 -1 22 -1 -1 -1 -1 8 -1 -1 13 -1 -1 27 -1 -1 -1 -1 18 21 -1 -1 -1 -1 -1 -1 20 19 -1 -1 -1 -1 9 -1 -1 -1 -1 -1 -1 -1 -1 
-1 -1 -1 -1 4 16 -1 -1 -1 -1 -1 -1 -1 3 -1 -1 -1 -1 2 -1 -1 5 -1 1 -1 -1 -1 -1 -1 -1 -1 -1 -1 -1 -1 -1 26 -1 -1 -1 -1 -1 -1 -1 15 -1 -1 -1 -1 23 -1 22 -1 -1 -1 -1 8 -1 -1 13 -1 -1 27 -1 -1 -1 -1 18 21 -1 -1 -1 -1 -1 -1 20 19 -1 -1 -1 -1 9 -1 -1 -1 -1 -1 -1 -1 -1 
-1 -1 -1 -1 4 16 -1 -1 -1 -1 -1 -1 -1 3 -1 -1 -1 -1 2 -1 -1 5 -1 1 -1 -1 -1 -1 -1 -1 -1 -1 -1 -1 -1 -1 26 -1 23 -1 -1 -1 -1 -1 15 -1 -1 -1 -1 -1 -1 22 -1 -1 -1 -1 8 -1 -1 13 -1 -1 27 -1 -1 -1 -1 18 21 -1 -1 -1 -1 -1 -1 20 19 -1 -1 -1 -1 9 -1 -1 -1 -1 -1 -1 -1 -1 
-1 -1 -1 -1 4 16 -1 -1 -1 -1 -1 -1 -1 3 -1 -1 -1 -1 2 -1 -1 5 -1 1 -1 -1 -1 -1 -1 -1 -1 -1 -1 -1 -1 -1 26 -1 23 -1 -1 -1 -1 -1 15 -1 -1 -1 -1 -1 -1 22 -1 -1 -1 -1 8 -1 -1 13 -1 -1 27 -1 -1 -1 -1 18 21 -1 -1 -1 -1 -1 -1 20 19 -1 -1 -1 -1 9 -1 -1 -1 -1 -1 -1 -1 -1 
-1 -1 -1 -1 4 16 -1 -1 -1 -1 -1 -1 -1 3 -1 -1 -1 -1 2 -1 -1 5 -1 1 -1 -1 -1 -1 -1 -1 -1 -1 -1 -1 -1 -1 26 -1 23 -1 -1 -1 -1 -1 15 -1 -1 -1 -1 -1 -1 22 -1 -1 -1 -1 8 -1 -1 13 -1 -1 27 -1 -1 -1 19 18 21 -1 -1 -1 -1 -1 -1 20 -1 -1 -1 -1 -1 9 -1 -1 -1 -1 -1 -1 -1 -1 
-1 -1 -1 -1 4 16 -1 -1 -1 -1 -1 -1 -1 3 -1 -1 -1 -1 2 -1 -1 5 -1 1 -1 -1 -1 -1 -1 -1 -1 -1 -1 -1 -1 -1 26 -1 23 -1 -1 -1 -1 -1 15 -1 -1 -1 -1 -1 -1 22 -1 -1 -1 -1 8 -1 -1 13 -1 -1 27 -1 -1 -1 19 18 21 -1 -1 -1 -1 -1 -1 20 -1 -1 -1 -1 -1 9 -1 -1 -1 -1 -1 -1 -1 -1 
-1 -1 -1 -1 4 16 -1 -1 -1 -1 -1 -1 -1 3 -1 -1 -1 -1 2 -1 -1 5 -1 1 -1 -1 -1 -1 -1 -1 -1 -1 -1 -1 -1 -1 26 -1 -1 -1 -1 -1 -1 -1 15 -1 -1 -1 -1 23 -1 22 -1 -1 -1 -1 8 -1 -1 13 -1 -1 27 -1 -1 -1 19 18 21 -1 -1 -1 -1 -1 -1 20 -1 -1 -1 -1 -1 9 -1 -1 -1 -1 -1 -1 -1 -1 
-1 -1 -1 -1 4 16 -1 -1 -1 -1 -1 -1 -1 3 -1 -1 -1 -1 2 -1 -1 5 -1 1 -1 -1 -1 -1 -1 -1 -1 -1 -1 -1 -1 -1 26 -1 -1 -1 -1 -1 -1 -1 15 9 -1 -1 -1 23 -1 22 -1 -1 -1 -1 8 -1 -1 13 -1 -1 27 -1 -1 -1 19 18 21 -1 -1 -1 -1 -1 -1 20 -1 -1 -1 -1 -1 -1 -1 -1 -1 -1 -1 -1 -1 -1 
-1 16 -1 -1 4 -1 -1 -1 -1 -1 -1 -1 -1 3 -1 -1 -1 -1 2 -1 -1 5 -1 1 -1 -1 -1 -1 -1 -1 -1 -1 -1 -1 -1 -1 26 -1 -1 -1 -1 -1 -1 -1 15 9 -1 -1 -1 23 -1 22 -1 -1 -1 -1 8 -1 -1 13 -1 -1 27 -1 -1 -1 19 18 21 -1 -1 -1 -1 -1 -1 20 -1 -1 -1 -1 -1 -1 -1 -1 -1 -1 -1 -1 -1 -1 
-1 16 -1 -1 4 -1 -1 -1 -1 -1 -1 -1 -1 3 -1 -1 -1 -1 2 -1 -1 5 -1 1 -1 -1 -1 -1 -1 -1 -1 -1 -1 -1 -1 -1 26 -1 -1 -1 -1 -1 -1 -1 15 -1 -1 -1 9 23 -1 22 -1 -1 -1 -1 8 -1 -1 13 -1 -1 27 -1 -1 -1 19 18 21 -1 -1 -1 -1 -1 -1 20 -1 -1 -1 -1 -1 -1 -1 -1 -1 -1 -1 -1 -1 -1 
-1 16 -1 -1 4 -1 -1 -1 -1 -1 -1 -1 -1 3 -1 -1 -1 -1 2 -1 -1 5 -1 1 -1 -1 -1 -1 -1 -1 -1 -1 -1 -1 -1 -1 26 -1 -1 -1 -1 -1 -1 -1 15 -1 -1 -1 9 23 -1 22 -1 -1 -1 -1 8 -1 -1 13 -1 -1 27 -1 -1 -1 19 18 21 -1 -1 -1 -1 -1 -1 -1 20 -1 -1 -1 -1 -1 -1 -1 -1 -1 -1 -1 -1 -1 
-1 16 -1 -1 4 -1 -1 -1 -1 -1 -1 -1 -1 3 -1 -1 -1 -1 2 -1 -1 5 -1 1 -1 -1 -1 -1 -1 -1 -1 -1 -1 -1 -1 -1 26 -1 -1 -1 -1 -1 -1 -1 15 -1 -1 -1 9 23 -1 22 -1 -1 -1 -1 8 -1 -1 13 -1 -1 27 -1 -1 -1 19 18 21 -1 -1 -1 -1 -1 -1 -1 20 -1 -1 -1 -1 -1 -1 -1 -1 -1 -1 -1 -1 -1 
-1 16 -1 -1 4 -1 -1 -1 -1 -1 -1 -1 -1 3 -1 -1 -1 -1 2 -1 -1 5 -1 1 -1 -1 -1 -1 -1 -1 -1 -1 -1 -1 -1 -1 26 -1 -1 -1 -1 -1 -1 -1 15 -1 -1 -1 9 -1 -1 22 -1 -1 -1 -1 8 -1 -1 13 23 -1 27 -1 -1 -1 19 18 21 -1 -1 -1 -1 -1 -1 -1 20 -1 -1 -1 -1 -1 -1 -1 -1 -1 -1 -1 -1 -1 
-1 16 -1 -1 -1 4 -1 -1 -1 -1 -1 -1 -1 3 -1 -1 -1 -1 2 -1 -1 5 -1 1 -1 -1 -1 -1 -1 -1 -1 -1 -1 -1 -1 -1 26 -1 -1 -1 -1 -1 -1 -1 15 -1 -1 -1 9 -1 -1 22 -1 -1 -1 -1 8 -1 -1 13 23 -1 27 -1 -1 -1 19 18 21 -1 -1 -1 -1 -1 -1 -1 20 -1 -1 -1 -1 -1 -1 -1 -1 -1 -1 -1 -1 -1 
-1 16 -1 -1 -1 4 -1 -1 -1 -1 -1 -1 -1 3 -1 -1 -1 -1 2 -1 -1 5 -1 1 -1 -1 -1 -1 -1 -1 -1 -1 -1 -1 -1 -1 26 -1 -1 -1 -1 -1 -1 -1 15 -1 -1 -1 9 -1 -1 22 -1 -1 -1 -1 8 -1 -1 13 23 -1 27 -1 -1 -1 19 18 21 -1 -1 -1 -1 -1 -1 -1 -1 -1 -1 -1 -1 -1 -1 -1 -1 20 -1 -1 -1 -1 
-1 16 -1 -1 -1 4 -1 -1 -1 -1 -1 -1 -1 3 -1 -1 -1 -1 2 -1 -1 5 -1 1 -1 -1 -1 -1 -1 -1 -1 -1 -1 -1 -1 -1 26 -1 -1 -1 -1 -1 -1 -1 15 -1 -1 -1 9 -1 -1 22 -1 -1 -1 -1 8 -1 -1 13 23 -1 27 -1 -1 -1 19 18 21 -1 -1 -1 -1 -1 -1 -1 -1 -1 -1 -1 -1 -1 -1 -1 -1 20 -1 -1 -1 -1 
-1 16 -1 -1 -1 4 -1 -1 -1 -1 -1 -1 -1 3 -1 -1 -1 -1 2 -1 -1 5 -1 1 -1 -1 -1 -1 -1 -1 -1 -1 -1 -1 -1 -1 -1 -1 -1 -1 -1 -1 -1 -1 15 -1 -1 -1 9 -1 -1 22 -1 -1 -1 -1 8 -1 -1 13 23 -1 27 -1 -1 -1 19 18 21 -1 -1 -1 26 -1 -1 -1 -1 -1 -1 -1 -1 -1 -1 -1 -1 20 -1 -1 -1 -1 
-1 16 -1 -1 -1 4 -1 -1 -1 -1 -1 -1 -1 3 -1 -1 -1 -1 2 -1 -1 5 -1 1 -1 -1 -1 -1 -1 -1 -1 -1 -1 -1 -1 -1 -1 -1 -1 -1 -1 -1 -1 -1 15 -1 -1 -1 -1 -1 9 22 -1 -1 -1 -1 8 -1 -1 13 23 -1 27 -1 -1 -1 19 18 21 -1 -1 -1 26 -1 -1 -1 -1 -1 -1 -1 -1 -1 -1 -1 -1 20 -1 -1 -1 -1 
-1 16 -1 -1 -1 4 -1 -1 -1 -1 -1 -1 -1 3 -1 -1 -1 -1 2 -1 -1 5 -1 1 -1 -1 -1 -1 -1 -1 -1 -1 -1 -1 -1 -1 -1 -1 -1 -1 -1 -1 -1 -1 15 -1 -1 -1 -1 -1 9 22 -1 -1 -1 -1 8 -1 -1 13 23 -1 27 -1 -1 -1 19 18 21 -1 -1 -1 -1 -1 -1 -1 -1 -1 26 -1 -1 -1 -1 -1 -1 20 -1 -1 -1 -1 
-1 16 -1 -1 -1 4 -1 -1 -1 -1 -1 -1 -1 3 -1 -1 -1 -1 2 -1 -1 5 -1 1 -1 -1 -1 -1 -1 -1 -1 -1 -1 -1 -1 -1 -1 -1 -1 -1 -1 -1 -1 -1 15 -1 -1 -1 -1 -1 9 22 -1 -1 -1 -1 8 -1 -1 13 23 -1 27 -1 -1 -1 19 18 21 -1 -1 -1 -1 -1 -1 -1 -1 -1 26 -1 -1 -1 -1 -1 -1 20 -1 -1 -1 -1 
-1 16 -1 -1 -1 4 -1 -1 -1 -1 -1 -1 -1 3 -1 -1 -1 -1 2 -1 -1 5 -1 1 -1 -1 -1 -1 -1 -1 -1 -1 -1 -1 -1 -1 -1 -1 -1 -1 -1 -1 -1 -1 15 -1 -1 -1 -1 -1 9 -1 -1 -1 -1 -1 8 -1 -1 13 23 -1 27 -1 -1 -1 19 18 21 -1 -1 22 -1 -1 -1 -1 -1 -1 26 -1 -1 -1 -1 -1 -1 20 -1 -1 -1 -1 
-1 16 -1 -1 -1 4 -1 0 -1 -1 -1 -1 -1 3 -1 -1 -1 -1 2 -1 -1 5 -1 1 -1 -1 -1 -1 -1 -1 -1 -1 -1 -1 -1 -1 -1 -1 -1 -1 -1 -1 -1 -1 15 -1 -1 -1 -1 -1 9 -1 -1 -1 -1 -1 8 -1 -1 13 23 -1 27 -1 -1 -1 19 18 21 -1 -1 22 -1 -1 -1 -1 -1 -1 26 -1 -1 -1 -1 -1 -1 20 -1 -1 -1 -1 
-1 -1 -1 -1 -1 4 -1 0 -1 -1 -1 -1 -1 3 -1 -1 -1 -1 2 -1 -1 5 -1 1 -1 -1 -1 -1 -1 -1 -1 -1 -1 -1 -1 -1 -1 -1 -1 -1 -1 -1 -1 -1 15 -1 -1 -1 -1 -1 9 -1 -1 -1 -1 -1 8 -1 -1 13 23 -1 27 -1 -1 -1 19 18 21 -1 -1 22 -1 -1 -1 -1 -1 -1 26 -1 -1 -1 -1 -1 -1 20 -1 -1 -1 -1 
-1 -1 -1 -1 -1 -1 -1 0 -1 -1 -1 -1 -1 3 4 -1 -1 -1 2 -1 -1 5 -1 1 -1 -1 -1 -1 -1 -1 -1 -1 -1 -1 -1 -1 -1 -1 -1 -1 -1 -1 -1 -1 15 -1 -1 -1 -1 -1 9 -1 -1 -1 -1 -1 8 -1 -1 13 23 -1 27 -1 -1 -1 19 18 21 -1 -1 22 -1 -1 -1 -1 -1 -1 26 -1 -1 -1 -1 -1 -1 20 -1 -1 -1 -1 
-1 -1 -1 -1 -1 -1 -1 0 -1 -1 -1 -1 -1 3 4 -1 -1 -1 2 -1 -1 5 -1 1 -1 -1 -1 -1 -1 -1 -1 -1 -1 -1 -1 -1 -1 -1 -1 -1 -1 23 -1 -1 15 -1 -1 -1 -1 -1 9 -1 -1 -1 -1 -1 8 -1 -1 13 -1 -1 27 -1 -1 -1 19 18 21 -1 -1 22 -1 -1 -1 -1 -1 -1 26 -1 -1 -1 -1 -1 -1 20 -1 -1 -1 -1 
-1 -1 -1 -1 -1 -1 0 -1 -1 -1 -1 -1 -1 3 4 -1 -1 -1 2 -1 -1 5 -1 1 -1 -1 -1 -1 -1 -1 -1 -1 -1 -1 -1 -1 -1 -1 -1 -1 -1 23 -1 -1 15 -1 -1 -1 -1 -1 9 -1 -1 -1 -1 -1 8 -1 -1 13 -1 -1 27 -1 -1 -1 19 18 21 -1 -1 22 -1 -1 -1 -1 -1 -1 26 -1 -1 -1 -1 -1 -1 20 -1 -1 -1 -1 
-1 -1 -1 -1 -1 -1 0 -1 -1 -1 -1 -1 -1 3 4 -1 -1 -1 2 -1 -1 5 -1 1 -1 -1 -1 -1 -1 -1 -1 -1 -1 -1 -1 -1 -1 -1 -1 -1 -1 -1 -1 -1 15 -1 -1 -1 23 -1 9 -1 -1 -1 -1 -1 8 -1 -1 13 -1 -1 27 -1 -1 -1 19 18 21 -1 -1 22 -1 -1 -1 -1 -1 -1 26 -1 -1 -1 -1 -1 -1 20 -1 -1 -1 -1 
-1 -1 -1 -1 -1 -1 0 -1 -1 -1 -1 -1 -1 3 4 -1 -1 -1 2 -1 -1 5 -1 1 -1 -1 -1 -1 -1 -1 -1 -1 -1 -1 -1 -1 -1 -1 -1 -1 -1 -1 -1 -1 15 -1 -1 -1 23 9 -1 -1 -1 -1 -1 -1 8 -1 -1 13 -1 -1 27 -1 -1 -1 19 18 21 -1 -1 22 -1 -1 -1 -1 -1 -1 26 -1 -1 -1 -1 -1 -1 20 -1 -1 -1 -1 
-1 -1 -1 -1 -1 -1 0 -1 -1 -1 -1 -1 -1 3 4 -1 -1 -1 2 -1 -1 5 -1 1 -1 -1 -1 -1 -1 -1 -1 -1 -1 -1 -1 -1 -1 -1 -1 -1 -1 -1 -1 -1 15 -1 -1 -1 23 9 -1 -1 -1 -1 -1 -1 8 -1 -1 13 -1 -1 27 -1 -1 -1 19 18 21 -1 -1 22 -1 -1 -1 -1 -1 -1 26 -1 -1 -1 -1 -1 -1 -1 20 -1 -1 -1 
-1 -1 -1 -1 -1 -1 -1 -1 -1 -1 -1 -1 -1 3 4 -1 -1 -1 2 -1 -1 5 -1 1 -1 -1 -1 -1 -1 -1 -1 -1 -1 -1 -1 -1 -1 -1 -1 -1 -1 -1 -1 -1 15 -1 -1 -1 23 9 -1 -1 -1 -1 -1 -1 8 -1 -1 13 -1 -1 27 -1 -1 -1 19 18 21 -1 -1 22 -1 -1 -1 -1 -1 -1 26 -1 -1 -1 -1 -1 -1 -1 20 -1 -1 -1 
-1 -1 -1 -1 -1 -1 -1 -1 -1 -1 -1 -1 -1 3 4 -1 -1 -1 2 -1 -1 5 -1 1 -1 -1 -1 -1 -1 -1 -1 -1 -1 -1 -1 -1 -1 -1 -1 -1 -1 -1 -1 -1 15 -1 -1 -1 23 9 -1 -1 -1 -1 -1 -1 8 -1 -1 13 -1 -1 27 -1 -1 -1 19 18 21 -1 -1 22 -1 -1 -1 -1 -1 -1 26 -1 -1 -1 -1 -1 -1 -1 20 -1 -1 -1 
-1 -1 -1 -1 -1 -1 -1 -1 -1 -1 -1 -1 -1 3 4 -1 -1 -1 2 -1 -1 5 -1 1 0 -1 -1 -1 -1 -1 -1 -1 -1 -1 -1 -1 -1 -1 -1 -1 -1 -1 -1 -1 15 -1 -1 -1 23 9 -1 -1 -1 -1 -1 -1 8 -1 -1 13 -1 -1 27 -1 -1 -1 19 18 21 -1 -1 22 -1 -1 -1 -1 -1 -1 26 -1 -1 -1 -1 -1 -1 -1 20 -1 -1 -1 
-1 -1 -1 -1 -1 -1 -1 -1 -1 -1 -1 -1 -1 3 4 -1 -1 -1 2 -1 -1 5 -1 1 0 -1 -1 -1 -1 -1 -1 -1 -1 -1 -1 -1 -1 -1 -1 -1 -1 -1 -1 -1 15 -1 -1 -1 23 9 -1 22 -1 -1 -1 -1 8 -1 -1 13 -1 -1 27 -1 -1 -1 19 18 21 -1 -1 -1 -1 -1 -1 -1 -1 -1 26 -1 -1 -1 -1 -1 -1 -1 20 -1 -1 -1 
-1 -1 -1 -1 -1 4 -1 -1 -1 -1 -1 -1 -1 3 -1 -1 -1 -1 2 -1 -1 5 -1 1 0 -1 -1 -1 -1 -1 -1 -1 -1 -1 -1 -1 -1 -1 -1 -1 -1 -1 -1 -1 15 -1 -1 -1 23 9 -1 22 -1 -1 -1 -1 8 -1 -1 13 -1 -1 27 -1 -1 -1 19 18 21 -1 -1 -1 -1 -1 -1 -1 -1 -1 26 -1 -1 -1 -1 -1 -1 -1 20 -1 -1 -1 
-1 -1 -1 -1 -1 4 -1 -1 -1 -1 -1 -1 -1 3 -1 -1 -1 -1 2 -1 -1 5 -1 1 0 -1 -1 -1 -1 -1 -1 -1 -1 -1 -1 -1 -1 -1 -1 -1 -1 -1 -1 -1 15 -1 -1 -1 23 9 -1 22 -1 -1 -1 -1 8 -1 -1 13 -1 -1 27 -1 -1 -1 19 18 21 -1 -1 -1 -1 -1 -1 -1 -1 -1 26 -1 -1 -1 -1 -1 -1 -1 20 -1 -1 -1 
-1 -1 -1 -1 1 4 -1 -1 -1 -1 -1 -1 -1 3 -1 -1 -1 -1 2 -1 -1 5 -1 -1 0 -1 -1 -1 -1 -1 -1 -1 -1 -1 -1 -1 -1 -1 -1 -1 -1 -1 -1 -1 15 -1 -1 -1 23 9 -1 22 -1 -1 -1 -1 8 -1 -1 13 -1 -1 27 -1 -1 -1 19 18 21 -1 -1 -1 -1 -1 -1 -1 -1 -1 26 -1 -1 -1 -1 -1 -1 -1 20 -1 -1 -1 
-1 -1 -1 -1 1 4 -1 -1 -1 -1 -1 -1 -1 3 -1 -1 -1 -1 2 -1 -1 5 -1 -1 0 -1 -1 -1 -1 -1 -1 -1 -1 -1 -1 -1 -1 -1 -1 -1 -1 -1 -1 -1 15 -1 -1 -1 23 9 -1 22 -1 -1 -1 -1 8 -1 -1 13 -1 -1 27 -1 -1 -1 19 18 21 -1 -1 -1 -1 -1 -1 -1 -1 -1 26 -1 -1 -1 -1 -1 -1 -1 20 -1 -1 -1 
-1 -1 -1 -1 -1 4 -1 -1 -1 -1 -1 1 -1 3 -1 -1 -1 -1 2 -1 -1 5 -1 -1 0 -1 -1 -1 -1 -1 -1 -1 -1 -1 -1 -1 -1 -1 -1 -1 -1 -1 -1 -1 15 -1 -1 -1 23 9 -1 22 -1 -1 -1 -1 8 -1 -1 13 -1 -1 27 -1 -1 -1 19 18 21 -1 -1 -1 -1 -1 -1 -1 -1 -1 26 -1 -1 -1 -1 -1 -1 -1 20 -1 -1 -1 
-1 -1 -1 -1 -1 4 -1 -1 -1 -1 -1 1 -1 3 -1 -1 -1 -1 2 -1 -1 5 -1 -1 0 -1 -1 -1 -1 -1 -1 -1 -1 -1 -1 -1 -1 -1 -1 -1 -1 -1 -1 -1 15 -1 -1 -1 23 9 -1 22 -1 -1 -1 -1 8 -1 -1 13 -1 -1 27 -1 -1 -1 19 18 21 -1 -1 -1 -1 -1 -1 -1 -1 -1 26 -1 -1 -1 -1 -1 -1 -1 20 -1 -1 -1 
-1 -1 -1 -1 4 -1 -1 -1 -1 -1 -1 1 -1 3 -1 -1 -1 -1 2 -1 -1 5 -1 -1 0 -1 -1 -1 -1 -1 -1 -1 -1 -1 -1 -1 -1 -1 -1 -1 -1 -1 -1 -1 15 -1 -1 -1 23 9 -1 22 -1 -1 -1 -1 8 -1 -1 13 -1 -1 27 -1 -1 -1 19 18 21 -1 -1 -1 -1 -1 -1 -1 -1 -1 26 -1 -1 -1 -1 -1 -1 -1 20 -1 -1 -1 
-1 -1 -1 -1 4 -1 -1 -1 -1 -1 -1 1 -1 3 -1 -1 -1 -1 2 -1 -1 5 -1 -1 0 -1 -1 -1 -1 -1 -1 -1 -1 -1 -1 -1 -1 -1 -1 -1 -1 -1 -1 -1 15 -1 -1 -1 23 9 -1 22 -1 -1 -1 -1 8 -1 -1 13 -1 -1 27 -1 -1 -1 19 18 -1 -1 -1 -1 -1 -1 -1 -1 21 -1 26 -1 -1 -1 -1 -1 -1 -1 20 -1 -1 -1 
-1 -1 -1 -1 4 -1 -1 -1 -1 -1 -1 1 -1 3 -1 -1 -1 -1 2 -1 -1 5 -1 -1 0 -1 -1 -1 -1 -1 -1 -1 -1 -1 -1 -1 -1 -1 -1 -1 -1 -1 -1 -1 15 -1 -1 -1 23 -1 9 22 -1 -1 -1 -1 8 -1 -1 13 -1 -1 27 -1 -1 -1 19 18 -1 -1 -1 -1 -1 -1 -1 -1 21 -1 26 -1 -1 -1 -1 -1 -1 -1 20 -1 -1 -1 
-1 -1 -1 -1 4 -1 -1 -1 -1 -1 -1 1 -1 3 -1 -1 -1 -1 2 -1 -1 5 -1 -1 0 -1 -1 -1 -1 -1 -1 -1 -1 -1 -1 -1 -1 -1 -1 -1 -1 -1 -1 -1 15 -1 -1 -1 23 -1 9 22 -1 -1 -1 -1 8 -1 -1 13 -1 -1 27 -1 -1 -1 19 18 -1 -1 -1 -1 -1 -1 -1 -1 21 -1 26 -1 -1 -1 -1 -1 -1 -1 20 -1 -1 -1 
-1 -1 -1 -1 4 -1 -1 -1 -1 -1 -1 1 -1 3 -1 -1 -1 -1 2 -1 -1 5 -1 -1 0 -1 -1 -1 -1 -1 -1 -1 -1 -1 -1 -1 -1 -1 -1 -1 -1 -1 -1 -1 15 -1 -1 -1 23 -1 -1 22 -1 -1 -1 -1 8 -1 -1 13 -1 -1 27 -1 -1 -1 19 18 -1 -1 -1 -1 -1 -1 -1 -1 21 9 26 -1 -1 -1 -1 -1 -1 -1 20 -1 -1 -1 
-1 -1 -1 -1 4 -1 -1 -1 -1 -1 -1 1 -1 3 -1 -1 -1 -1 2 -1 -1 5 -1 -1 0 -1 -1 -1 -1 -1 -1 -1 -1 -1 -1 -1 -1 -1 -1 -1 -1 -1 -1 -1 15 -1 -1 -1 23 -1 -1 22 -1 27 -1 -1 8 -1 -1 13 -1 -1 -1 -1 -1 -1 19 18 -1 -1 -1 -1 -1 -1 -1 -1 21 9 26 -1 -1 -1 -1 -1 -1 -1 20 -1 -1 -1 
-1 -1 -1 -1 4 -1 -1 -1 -1 -1 -1 -1 -1 3 -1 -1 -1 -1 2 -1 -1 5 -1 -1 0 -1 -1 -1 -1 -1 1 -1 -1 -1 -1 -1 -1 -1 -1 -1 -1 -1 -1 -1 15 -1 -1 -1 23 -1 -1 22 -1 27 -1 -1 8 -1 -1 13 -1 -1 -1 -1 -1 -1 19 18 -1 -1 -1 -1 -1 -1 -1 -1 21 9 26 -1 -1 -1 -1 -1 -1 -1 20 -1 -1 -1 
-1 -1 -1 -1 4 -1 -1 -1 -1 -1 -1 -1 -1 3 -1 -1 -1 -1 2 -1 -1 5 -1 -1 0 -1 -1 -1 -1 -1 1 -1 -1 -1 -1 -1 -1 -1 -1 -1 -1 -1 -1 -1 15 -1 -1 -1 23 -1 -1 22 -1 27 -1 -1 8 -1 -1 13 -1 -1 -1 -1 -1 -1 19 18 -1 -1 -1 -1 -1 -1 -1 -1 21 9 26 -1 -1 -1 -1 -1 -1 -1 20 -1 -1 -1 
-1 -1 -1 -1 4 -1 -1 -1 -1 -1 -1 -1 -1 3 -1 -1 -1 -1 2 -1 -1 5 -1 1 0 -1 -1 -1 -1 -1 -1 -1 -1 -1 -1 -1 -1 -1 -1 -1 -1 -1 -1 -1 15 -1 -1 -1 23 -1 -1 22 -1 27 -1 -1 8 -1 -1 13 -1 -1 -1 -1 -1 -1 19 18 -1 -1 -1 -1 -1 -1 -1 -1 21 9 26 -1 -1 -1 -1 -1 -1 -1 20 -1 -1 -1 
-1 -1 -1 -1 4 -1 -1 -1 -1 -1 -1 -1 -1 3 -1 -1 -1 -1 2 -1 -1 5 -1 1 0 -1 -1 -1 -1 -1 -1 -1 -1 -1 -1 -1 -1 -1 -1 -1 -1 -1 -1 -1 27 -1 -1 -1 23 -1 -1 22 -1 -1 -1 -1 8 -1 -1 13 -1 -1 -1 -1 -1 -1 19 18 -1 -1 -1 -1 -1 -1 -1 -1 21 9 26 -1 -1 -1 -1 -1 -1 -1 20 -1 -1 -1 
-1 -1 -1 -1 4 -1 -1 -1 -1 -1 -1 -1 -1 3 -1 -1 -1 -1 2 -1 -1 5 -1 1 -1 0 -1 -1 -1 -1 -1 -1 -1 -1 -1 -1 -1 -1 -1 -1 -1 -1 -1 -1 27 -1 -1 -1 23 -1 -1 22 -1 -1 -1 -1 8 -1 -1 13 -1 -1 -1 -1 -1 -1 19 18 -1 -1 -1 -1 -1 -1 -1 -1 21 9 26 -1 -1 -1 -1 -1 -1 -1 20 -1 -1 -1 
-1 -1 -1 -1 4 -1 -1 -1 -1 -1 -1 -1 -1 3 -1 -1 -1 -1 2 -1 -1 5 -1 1 -1 0 -1 -1 -1 -1 -1 -1 -1 -1 -1 27 -1 -1 -1 -1 -1 -1 -1 -1 -1 -1 -1 -1 23 -1 -1 22 -1 -1 -1 -1 8 -1 -1 13 -1 -1 -1 -1 -1 -1 19 18 -1 -1 -1 -1 -1 -1 -1 -1 21 9 26 -1 -1 -1 -1 -1 -1 -1 20 -1 -1 -1 
-1 -1 -1 -1 4 -1 -1 -1 -1 -1 -1 -1 -1 3 -1 -1 -1 -1 2 -1 -1 5 -1 1 -1 0 -1 -1 -1 -1 -1 -1 -1 -1 -1 27 -1 -1 -1 -1 -1 -1 -1 -1 -1 -1 -1 -1 23 -1 -1 22 -1 -1 -1 -1 8 -1 -1 13 -1 -1 -1 -1 -1 -1 19 18 -1 -1 -1 -1 -1 -1 -1 -1 21 -1 9 -1 -1 -1 -1 -1 -1 -1 20 -1 -1 -1 
-1 -1 -1 -1 4 -1 -1 -1 -1 -1 -1 -1 -1 3 -1 -1 -1 -1 2 -1 -1 5 -1 1 -1 0 -1 -1 -1 -1 -1 -1 -1 -1 -1 27 -1 -1 -1 -1 -1 -1 -1 -1 -1 -1 -1 -1 -1 -1 -1 22 -1 -1 -1 -1 8 -1 -1 23 -1 -1 -1 -1 -1 -1 19 18 -1 -1 -1 -1 -1 -1 -1 -1 21 -1 9 -1 -1 -1 -1 -1 -1 -1 20 -1 -1 -1 
-1 -1 -1 -1 4 -1 -1 -1 -1 -1 -1 -1 -1 3 -1 -1 -1 -1 2 -1 -1 5 -1 1 -1 -1 -1 -1 -1 -1 -1 -1 -1 -1 0 27 -1 -1 -1 -1 -1 -1 -1 -1 -1 -1 -1 -1 -1 -1 -1 22 -1 -1 -1 -1 8 -1 -1 23 -1 -1 -1 -1 -1 -1 19 18 -1 -1 -1 -1 -1 -1 -1 -1 21 -1 9 -1 -1 -1 -1 -1 -1 -1 20 -1 -1 -1 
-1 -1 -1 -1 4 -1 -1 -1 -1 -1 -1 -1 -1 3 -1 -1 -1 -1 2 -1 -1 5 -1 1 -1 -1 -1 -1 -1 -1 -1 -1 -1 -1 0 27 -1 -1 -1 -1 -1 -1 -1 -1 -1 -1 -1 -1 -1 -1 -1 22 -1 -1 -1 -1 8 -1 -1 23 -1 -1 -1 -1 -1 -1 19 18 -1 -1 -1 -1 -1 -1 -1 -1 21 20 9 -1 -1 -1 -1 -1 -1 -1 -1 -1 -1 -1 
-1 -1 -1 -1 4 -1 -1 -1 -1 -1 -1 -1 -1 3 -1 -1 -1 -1 2 -1 -1 5 -1 1 -1 -1 -1 -1 -1 -1 -1 -1 -1 -1 -1 27 -1 -1 -1 -1 -1 -1 -1 -1 -1 -1 -1 -1 -1 -1 -1 22 -1 -1 -1 -1 8 -1 -1 23 -1 -1 -1 -1 -1 -1 19 18 -1 -1 -1 -1 -1 -1 -1 -1 21 20 9 -1 -1 -1 -1 -1 -1 -1 -1 -1 -1 -1 
